% Calibrated with leiden_pols
% Positions are in centimeters
Data =[
 2    96.616   -18.791    59.742
 2    -0.053    -0.998    -0.015
 2     0.996    -0.054     0.067
 2    -0.068    -0.012     0.997
 3   128.561    -3.103     8.337
 3     0.463    -0.520    -0.718
 3     0.329     0.853    -0.405
 3     0.823    -0.049     0.566
 4   110.138     9.599    -3.674
 4     0.626    -0.677     0.387
 4     0.736     0.676    -0.009
 4    -0.256     0.290     0.922
 5   112.450    19.498    23.118
 5     0.447    -0.356     0.821
 5     0.096    -0.893    -0.439
 5     0.889     0.275    -0.365
 6   126.511    24.893    44.088
 6     0.462    -0.849    -0.254
 6    -0.028     0.272    -0.962
 6     0.886     0.452     0.102
 7   114.407   -20.780    -3.481
 7     0.652     0.757    -0.015
 7    -0.733     0.635     0.243
 7     0.193    -0.148     0.970
 8   115.338   -24.954    23.829
 8     0.476     0.104     0.873
 8    -0.138    -0.971     0.192
 8     0.868    -0.212    -0.448
 9   131.406   -31.496    43.476
 9     0.316     0.714    -0.625
 9    -0.020     0.663     0.748
 9     0.948    -0.224     0.223
 2    96.615   -18.740    59.742
 2    -0.054    -0.998    -0.015
 2     0.996    -0.055     0.067
 2    -0.068    -0.011     0.997
 3   128.316    -2.981     8.176
 3     0.468    -0.526    -0.710
 3     0.331     0.849    -0.411
 3     0.819    -0.042     0.572
 4   109.690     9.542    -3.758
 4     0.619    -0.678     0.396
 4     0.739     0.673    -0.004
 4    -0.264     0.296     0.918
 5   112.251    19.440    23.190
 5     0.455    -0.349     0.819
 5     0.098    -0.895    -0.436
 5     0.885     0.278    -0.373
 6   126.481    24.917    44.146
 6     0.463    -0.849    -0.255
 6    -0.027     0.274    -0.961
 6     0.885     0.452     0.104
 7   114.170   -20.834    -3.514
 7     0.656     0.754    -0.007
 7    -0.731     0.638     0.242
 7     0.187    -0.154     0.970
 8   115.285   -25.005    23.759
 8     0.479     0.103     0.872
 8    -0.138    -0.972     0.190
 8     0.867    -0.212    -0.451
 9   131.315   -31.443    43.466
 9     0.314     0.716    -0.624
 9    -0.019     0.661     0.750
 9     0.949    -0.224     0.221
 2    96.616   -18.740    59.742
 2    -0.053    -0.998    -0.015
 2     0.996    -0.054     0.067
 2    -0.068    -0.012     0.997
 3   128.312    -3.009     8.104
 3     0.470    -0.526    -0.709
 3     0.330     0.849    -0.411
 3     0.818    -0.041     0.573
 4   109.635     9.490    -3.803
 4     0.618    -0.678     0.398
 4     0.740     0.672    -0.003
 4    -0.266     0.296     0.917
 5   112.251    19.440    23.190
 5     0.455    -0.348     0.819
 5     0.098    -0.895    -0.435
 5     0.885     0.278    -0.373
 6   126.437    24.894    44.089
 6     0.463    -0.849    -0.255
 6    -0.026     0.275    -0.961
 6     0.886     0.452     0.105
 7   114.171   -20.859    -3.564
 7     0.656     0.754    -0.005
 7    -0.731     0.637     0.244
 7     0.187    -0.157     0.970
 8   115.271   -25.075    23.224
 8     0.455     0.091     0.885
 8    -0.143    -0.974     0.174
 8     0.879    -0.206    -0.431
 9   131.148   -31.518    43.481
 9     0.310     0.720    -0.620
 9    -0.020     0.657     0.753
 9     0.950    -0.221     0.218
 2    96.615   -18.740    59.742
 2    -0.054    -0.998    -0.015
 2     0.996    -0.054     0.067
 2    -0.068    -0.012     0.997
 3   128.492    -2.980     7.949
 3     0.466    -0.525    -0.712
 3     0.333     0.850    -0.409
 3     0.819    -0.046     0.571
 4   110.167     9.467    -3.985
 4     0.620    -0.678     0.394
 4     0.738     0.674    -0.003
 4    -0.264     0.292     0.919
 5   112.159    19.575    22.393
 5     0.426    -0.351     0.834
 5     0.103    -0.897    -0.430
 5     0.899     0.269    -0.346
 6   125.744    25.051    43.876
 6     0.414    -0.850    -0.325
 6    -0.027     0.346    -0.938
 6     0.910     0.397     0.120
 7   115.230   -20.844    -3.735
 7     0.655     0.755    -0.012
 7    -0.728     0.635     0.257
 7     0.202    -0.160     0.966
 8   115.282   -25.235    22.702
 8     0.395     0.095     0.913
 8    -0.161    -0.972     0.171
 8     0.904    -0.214    -0.369
 9   130.612   -31.697    43.602
 9     0.289     0.705    -0.647
 9    -0.031     0.682     0.730
 9     0.957    -0.191     0.219
 2    96.616   -18.740    59.742
 2    -0.053    -0.998    -0.015
 2     0.996    -0.054     0.067
 2    -0.068    -0.012     0.997
 3   129.670    -2.946     8.195
 3     0.432    -0.528    -0.731
 3     0.336     0.846    -0.413
 3     0.837    -0.068     0.543
 4   112.090     9.570    -4.278
 4     0.631    -0.688     0.359
 4     0.738     0.674    -0.007
 4    -0.237     0.270     0.933
 5   111.990    19.731    21.352
 5     0.344    -0.383     0.857
 5     0.101    -0.893    -0.439
 5     0.933     0.238    -0.269
 6   123.802    25.120    44.496
 6     0.294    -0.864    -0.408
 6    -0.037     0.416    -0.908
 6     0.955     0.283     0.090
 7   117.437   -20.637    -4.069
 7     0.652     0.756    -0.055
 7    -0.721     0.641     0.261
 7     0.233    -0.131     0.964
 8   115.509   -25.700    21.736
 8     0.311     0.113     0.943
 8    -0.186    -0.966     0.177
 8     0.932    -0.231    -0.280
 9   129.184   -32.100    43.883
 9     0.208     0.665    -0.718
 9    -0.051     0.740     0.671
 9     0.977    -0.103     0.188
 2    96.615   -18.740    59.742
 2    -0.054    -0.998    -0.015
 2     0.996    -0.054     0.067
 2    -0.068    -0.012     0.997
 3   131.213    -2.447     8.675
 3     0.387    -0.534    -0.752
 3     0.337     0.841    -0.423
 3     0.858    -0.090     0.505
 4   114.669     9.946    -4.474
 4     0.648    -0.700     0.299
 4     0.737     0.675    -0.020
 4    -0.188     0.234     0.954
 5   112.100    20.114    20.532
 5     0.240    -0.406     0.881
 5     0.092    -0.894    -0.438
 5     0.966     0.186    -0.178
 6   121.759    24.990    44.805
 6     0.165    -0.866    -0.472
 6    -0.045     0.472    -0.880
 6     0.985     0.166     0.039
 7   119.921   -20.303    -4.359
 7     0.647     0.755    -0.105
 7    -0.714     0.648     0.262
 7     0.266    -0.095     0.959
 8   115.583   -26.317    20.191
 8     0.192     0.198     0.961
 8    -0.198    -0.951     0.236
 8     0.961    -0.235    -0.144
 9   127.130   -32.313    43.754
 9     0.094     0.574    -0.813
 9    -0.064     0.818     0.570
 9     0.993    -0.001     0.114
 2    96.616   -18.740    59.742
 2    -0.053    -0.998    -0.015
 2     0.996    -0.054     0.067
 2    -0.068    -0.012     0.997
 3   132.553    -2.110     9.215
 3     0.352    -0.539    -0.766
 3     0.340     0.835    -0.431
 3     0.872    -0.109     0.477
 4   116.853    10.344    -4.686
 4     0.655    -0.713     0.249
 4     0.741     0.670    -0.032
 4    -0.144     0.206     0.968
 5   112.358    20.500    19.655
 5     0.158    -0.429     0.889
 5     0.087    -0.891    -0.445
 5     0.983     0.148    -0.103
 6   120.337    24.652    44.633
 6     0.044    -0.839    -0.542
 6    -0.052     0.540    -0.840
 6     0.997     0.065    -0.020
 7   122.098   -20.041    -4.667
 7     0.637     0.754    -0.155
 7    -0.707     0.653     0.270
 7     0.305    -0.063     0.950
 8   115.363   -26.870    18.930
 8     0.063     0.286     0.956
 8    -0.203    -0.934     0.293
 8     0.977    -0.213    -0.001
 9   124.114   -32.153    44.142
 9    -0.034     0.452    -0.891
 9    -0.073     0.888     0.453
 9     0.997     0.080     0.003
 2    96.616   -18.740    59.742
 2    -0.053    -0.998    -0.016
 2     0.996    -0.054     0.067
 2    -0.068    -0.012     0.997
 3   133.794    -1.812     9.686
 3     0.332    -0.531    -0.780
 3     0.339     0.838    -0.426
 3     0.880    -0.123     0.458
 4   118.886    10.764    -4.687
 4     0.665    -0.720     0.197
 4     0.740     0.671    -0.042
 4    -0.102     0.173     0.979
 5   112.551    21.124    18.746
 5     0.075    -0.460     0.884
 5     0.083    -0.881    -0.466
 5     0.993     0.109    -0.028
