% Calibrated with leiden_pols
% Positions are in centimeters
Data =[
 2    96.616   -18.791    59.742
 2    -0.053    -0.998    -0.015
 2     0.996    -0.054     0.067
 2    -0.068    -0.012     0.997
 3   128.561    -3.103     8.337
 3     0.463    -0.520    -0.718
 3     0.329     0.853    -0.405
 3     0.823    -0.049     0.566
 4   110.138     9.599    -3.674
 4     0.626    -0.677     0.387
 4     0.736     0.676    -0.009
 4    -0.256     0.290     0.922
 5   112.450    19.498    23.118
 5     0.447    -0.356     0.821
 5     0.096    -0.893    -0.439
 5     0.889     0.275    -0.365
 6   126.511    24.893    44.088
 6     0.462    -0.849    -0.254
 6    -0.028     0.272    -0.962
 6     0.886     0.452     0.102
 7   114.407   -20.780    -3.481
 7     0.652     0.757    -0.015
 7    -0.733     0.635     0.243
 7     0.193    -0.148     0.970
 8   115.338   -24.954    23.829
 8     0.476     0.104     0.873
 8    -0.138    -0.971     0.192
 8     0.868    -0.212    -0.448
 9   131.406   -31.496    43.476
 9     0.316     0.714    -0.625
 9    -0.020     0.663     0.748
 9     0.948    -0.224     0.223
 2    96.615   -18.740    59.742
 2    -0.054    -0.998    -0.015
 2     0.996    -0.055     0.067
 2    -0.068    -0.011     0.997
 3   128.316    -2.981     8.176
 3     0.468    -0.526    -0.710
 3     0.331     0.849    -0.411
 3     0.819    -0.042     0.572
 4   109.690     9.542    -3.758
 4     0.619    -0.678     0.396
 4     0.739     0.673    -0.004
 4    -0.264     0.296     0.918
 5   112.251    19.440    23.190
 5     0.455    -0.349     0.819
 5     0.098    -0.895    -0.436
 5     0.885     0.278    -0.373
 6   126.481    24.917    44.146
 6     0.463    -0.849    -0.255
 6    -0.027     0.274    -0.961
 6     0.885     0.452     0.104
 7   114.170   -20.834    -3.514
 7     0.656     0.754    -0.007
 7    -0.731     0.638     0.242
 7     0.187    -0.154     0.970
 8   115.285   -25.005    23.759
 8     0.479     0.103     0.872
 8    -0.138    -0.972     0.190
 8     0.867    -0.212    -0.451
 9   131.315   -31.443    43.466
 9     0.314     0.716    -0.624
 9    -0.019     0.661     0.750
 9     0.949    -0.224     0.221
 2    96.616   -18.740    59.742
 2    -0.053    -0.998    -0.015
 2     0.996    -0.054     0.067
 2    -0.068    -0.012     0.997
 3   128.312    -3.009     8.104
 3     0.470    -0.526    -0.709
 3     0.330     0.849    -0.411
 3     0.818    -0.041     0.573
 4   109.635     9.490    -3.803
 4     0.618    -0.678     0.398
 4     0.740     0.672    -0.003
 4    -0.266     0.296     0.917
 5   112.251    19.440    23.190
 5     0.455    -0.348     0.819
 5     0.098    -0.895    -0.435
 5     0.885     0.278    -0.373
 6   126.437    24.894    44.089
 6     0.463    -0.849    -0.255
 6    -0.026     0.275    -0.961
 6     0.886     0.452     0.105
 7   114.171   -20.859    -3.564
 7     0.656     0.754    -0.005
 7    -0.731     0.637     0.244
 7     0.187    -0.157     0.970
 8   115.271   -25.075    23.224
 8     0.455     0.091     0.885
 8    -0.143    -0.974     0.174
 8     0.879    -0.206    -0.431
 9   131.148   -31.518    43.481
 9     0.310     0.720    -0.620
 9    -0.020     0.657     0.753
 9     0.950    -0.221     0.218
 2    96.615   -18.740    59.742
 2    -0.054    -0.998    -0.015
 2     0.996    -0.054     0.067
 2    -0.068    -0.012     0.997
 3   128.492    -2.980     7.949
 3     0.466    -0.525    -0.712
 3     0.333     0.850    -0.409
 3     0.819    -0.046     0.571
 4   110.167     9.467    -3.985
 4     0.620    -0.678     0.394
 4     0.738     0.674    -0.003
 4    -0.264     0.292     0.919
 5   112.159    19.575    22.393
 5     0.426    -0.351     0.834
 5     0.103    -0.897    -0.430
 5     0.899     0.269    -0.346
 6   125.744    25.051    43.876
 6     0.414    -0.850    -0.325
 6    -0.027     0.346    -0.938
 6     0.910     0.397     0.120
 7   115.230   -20.844    -3.735
 7     0.655     0.755    -0.012
 7    -0.728     0.635     0.257
 7     0.202    -0.160     0.966
 8   115.282   -25.235    22.702
 8     0.395     0.095     0.913
 8    -0.161    -0.972     0.171
 8     0.904    -0.214    -0.369
 9   130.612   -31.697    43.602
 9     0.289     0.705    -0.647
 9    -0.031     0.682     0.730
 9     0.957    -0.191     0.219
 2    96.616   -18.740    59.742
 2    -0.053    -0.998    -0.015
 2     0.996    -0.054     0.067
 2    -0.068    -0.012     0.997
 3   129.670    -2.946     8.195
 3     0.432    -0.528    -0.731
 3     0.336     0.846    -0.413
 3     0.837    -0.068     0.543
 4   112.090     9.570    -4.278
 4     0.631    -0.688     0.359
 4     0.738     0.674    -0.007
 4    -0.237     0.270     0.933
 5   111.990    19.731    21.352
 5     0.344    -0.383     0.857
 5     0.101    -0.893    -0.439
 5     0.933     0.238    -0.269
 6   123.802    25.120    44.496
 6     0.294    -0.864    -0.408
 6    -0.037     0.416    -0.908
 6     0.955     0.283     0.090
 7   117.437   -20.637    -4.069
 7     0.652     0.756    -0.055
 7    -0.721     0.641     0.261
 7     0.233    -0.131     0.964
 8   115.509   -25.700    21.736
 8     0.311     0.113     0.943
 8    -0.186    -0.966     0.177
 8     0.932    -0.231    -0.280
 9   129.184   -32.100    43.883
 9     0.208     0.665    -0.718
 9    -0.051     0.740     0.671
 9     0.977    -0.103     0.188
 2    96.615   -18.740    59.742
 2    -0.054    -0.998    -0.015
 2     0.996    -0.054     0.067
 2    -0.068    -0.012     0.997
 3   131.213    -2.447     8.675
 3     0.387    -0.534    -0.752
 3     0.337     0.841    -0.423
 3     0.858    -0.090     0.505
 4   114.669     9.946    -4.474
 4     0.648    -0.700     0.299
 4     0.737     0.675    -0.020
 4    -0.188     0.234     0.954
 5   112.100    20.114    20.532
 5     0.240    -0.406     0.881
 5     0.092    -0.894    -0.438
 5     0.966     0.186    -0.178
 6   121.759    24.990    44.805
 6     0.165    -0.866    -0.472
 6    -0.045     0.472    -0.880
 6     0.985     0.166     0.039
 7   119.921   -20.303    -4.359
 7     0.647     0.755    -0.105
 7    -0.714     0.648     0.262
 7     0.266    -0.095     0.959
 8   115.583   -26.317    20.191
 8     0.192     0.198     0.961
 8    -0.198    -0.951     0.236
 8     0.961    -0.235    -0.144
 9   127.130   -32.313    43.754
 9     0.094     0.574    -0.813
 9    -0.064     0.818     0.570
 9     0.993    -0.001     0.114
 2    96.616   -18.740    59.742
 2    -0.053    -0.998    -0.015
 2     0.996    -0.054     0.067
 2    -0.068    -0.012     0.997
 3   132.553    -2.110     9.215
 3     0.352    -0.539    -0.766
 3     0.340     0.835    -0.431
 3     0.872    -0.109     0.477
 4   116.853    10.344    -4.686
 4     0.655    -0.713     0.249
 4     0.741     0.670    -0.032
 4    -0.144     0.206     0.968
 5   112.358    20.500    19.655
 5     0.158    -0.429     0.889
 5     0.087    -0.891    -0.445
 5     0.983     0.148    -0.103
 6   120.337    24.652    44.633
 6     0.044    -0.839    -0.542
 6    -0.052     0.540    -0.840
 6     0.997     0.065    -0.020
 7   122.098   -20.041    -4.667
 7     0.637     0.754    -0.155
 7    -0.707     0.653     0.270
 7     0.305    -0.063     0.950
 8   115.363   -26.870    18.930
 8     0.063     0.286     0.956
 8    -0.203    -0.934     0.293
 8     0.977    -0.213    -0.001
 9   124.114   -32.153    44.142
 9    -0.034     0.452    -0.891
 9    -0.073     0.888     0.453
 9     0.997     0.080     0.003
 2    96.616   -18.740    59.742
 2    -0.053    -0.998    -0.016
 2     0.996    -0.054     0.067
 2    -0.068    -0.012     0.997
 3   133.794    -1.812     9.686
 3     0.332    -0.531    -0.780
 3     0.339     0.838    -0.426
 3     0.880    -0.123     0.458
 4   118.886    10.764    -4.687
 4     0.665    -0.720     0.197
 4     0.740     0.671    -0.042
 4    -0.102     0.173     0.979
 5   112.551    21.124    18.746
 5     0.075    -0.460     0.884
 5     0.083    -0.881    -0.466
 5     0.993     0.109    -0.028
 6   120.541    24.620    45.940
 6    -0.060    -0.815    -0.577
 6    -0.051     0.579    -0.813
 6     0.997    -0.019    -0.076
 7   123.670   -19.663    -4.598
 7     0.617     0.762    -0.193
 7    -0.710     0.646     0.281
 7     0.339    -0.036     0.940
 8   114.939   -27.403    17.862
 8    -0.040     0.324     0.945
 8    -0.217    -0.926     0.308
 8     0.975    -0.193     0.107
 9   121.244   -32.688    43.977
 9    -0.124     0.385    -0.914
 9    -0.084     0.914     0.396
 9     0.989     0.125    -0.081
 2    96.616   -18.740    59.742
 2    -0.053    -0.998    -0.015
 2     0.996    -0.054     0.067
 2    -0.068    -0.012     0.997
 3   134.559    -1.797     9.905
 3     0.317    -0.520    -0.793
 3     0.336     0.844    -0.418
 3     0.887    -0.134     0.442
 4   120.377    10.938    -4.847
 4     0.673    -0.721     0.162
 4     0.735     0.676    -0.045
 4    -0.077     0.150     0.985
 5   112.627    21.477    17.931
 5     0.012    -0.480     0.877
 5     0.090    -0.873    -0.479
 5     0.996     0.085     0.033
 6   118.982    24.613    45.726
 6    -0.133    -0.789    -0.599
 6    -0.044     0.609    -0.792
 6     0.990    -0.079    -0.115
 7   124.817   -19.700    -4.845
 7     0.599     0.771    -0.216
 7    -0.714     0.637     0.290
 7     0.361    -0.019     0.932
 8   114.448   -27.654    17.282
 8    -0.115     0.329     0.937
 8    -0.224    -0.928     0.298
 8     0.968    -0.176     0.180
 9   119.190   -32.893    43.789
 9    -0.184     0.367    -0.912
 9    -0.086     0.918     0.387
 9     0.979     0.149    -0.137
 2    96.615   -18.740    59.742
 2    -0.054    -0.998    -0.016
 2     0.996    -0.055     0.067
 2    -0.068    -0.012     0.997
 3   135.319    -1.706    10.156
 3     0.301    -0.511    -0.805
 3     0.335     0.847    -0.413
 3     0.893    -0.146     0.426
 4   121.519    10.902    -4.958
 4     0.677    -0.723     0.139
 4     0.733     0.678    -0.045
 4    -0.062     0.132     0.989
 5   112.493    21.791    17.622
 5    -0.044    -0.494     0.868
 5     0.097    -0.867    -0.488
 5     0.994     0.062     0.086
 6   117.533    24.808    45.578
 6    -0.188    -0.775    -0.603
 6    -0.038     0.620    -0.784
 6     0.981    -0.125    -0.146
 7   125.511   -19.741    -4.675
 7     0.582     0.779    -0.234
 7    -0.719     0.627     0.300
 7     0.380    -0.006     0.925
 8   114.049   -27.539    17.033
 8    -0.156     0.308     0.938
 8    -0.226    -0.936     0.270
 8     0.961    -0.170     0.215
 9   117.884   -33.000    43.566
 9    -0.211     0.390    -0.896
 9    -0.085     0.906     0.415
 9     0.973     0.164    -0.158
 2    96.566   -18.791    59.742
 2    -0.053    -0.998    -0.016
 2     0.996    -0.054     0.067
 2    -0.068    -0.012     0.997
 3   135.589    -1.901    10.219
 3     0.291    -0.501    -0.815
 3     0.334     0.852    -0.404
 3     0.896    -0.155     0.415
 4   122.330    10.786    -5.033
 4     0.682    -0.722     0.117
 4     0.729     0.682    -0.041
 4    -0.050     0.113     0.992
 5   112.338    21.780    17.100
 5    -0.079    -0.499     0.863
 5     0.105    -0.865    -0.491
 5     0.991     0.052     0.120
 6   116.706    25.040    45.010
 6    -0.209    -0.791    -0.575
 6    -0.034     0.593    -0.804
 6     0.977    -0.148    -0.151
 7   125.947   -19.860    -4.645
 7     0.567     0.786    -0.245
 7    -0.722     0.618     0.310
 7     0.395     0.001     0.918
 8   113.802   -27.552    16.792
 8    -0.189     0.301     0.935
 8    -0.225    -0.940     0.257
 8     0.956    -0.162     0.245
 9   116.873   -33.184    43.560
 9    -0.234     0.396    -0.888
 9    -0.088     0.901     0.425
 9     0.968     0.177    -0.177
 2    96.616   -18.740    59.742
 2    -0.053    -0.998    -0.015
 2     0.996    -0.054     0.067
 2    -0.068    -0.012     0.997
 3   135.952    -1.997    10.389
 3     0.285    -0.494    -0.821
 3     0.335     0.854    -0.398
 3     0.898    -0.162     0.409
 4   122.979    10.641    -5.126
 4     0.684    -0.723     0.101
 4     0.728     0.684    -0.037
 4    -0.042     0.099     0.994
 5   112.258    21.818    16.775
 5    -0.108    -0.499     0.860
 5     0.111    -0.865    -0.488
 5     0.988     0.043     0.149
 6   115.940    25.119    44.786
 6    -0.239    -0.786    -0.570
 6    -0.029     0.593    -0.805
 6     0.970    -0.176    -0.164
 7   126.561   -20.078    -4.593
 7     0.554     0.792    -0.256
 7    -0.723     0.610     0.322
 7     0.411     0.006     0.911
 8   113.279   -27.710    16.420
 8    -0.236     0.294     0.926
 8    -0.231    -0.943     0.240
 8     0.944    -0.158     0.290
 9   115.168   -33.751    43.141
 9    -0.250     0.435    -0.865
 9    -0.105     0.875     0.471
 9     0.962     0.209    -0.174
 2    96.615   -18.740    59.742
 2    -0.054    -0.998    -0.016
 2     0.996    -0.055     0.067
 2    -0.068    -0.012     0.997
 3   136.184    -2.119    10.489
 3     0.279    -0.489    -0.827
 3     0.337     0.856    -0.392
 3     0.899    -0.169     0.404
 4   123.527    10.445    -5.139
 4     0.687    -0.722     0.085
 4     0.726     0.687    -0.032
 4    -0.035     0.083     0.996
 5   112.284    21.800    16.485
 5    -0.132    -0.504     0.854
 5     0.117    -0.863    -0.491
 5     0.984     0.034     0.173
 6   115.481    25.034    44.433
 6    -0.266    -0.768    -0.582
 6    -0.022     0.608    -0.793
 6     0.964    -0.198    -0.179
 7   126.813   -20.199    -4.551
 7     0.544     0.797    -0.262
 7    -0.725     0.604     0.331
 7     0.422     0.010     0.906
 8   112.720   -28.090    15.793
 8    -0.277     0.292     0.915
 8    -0.258    -0.940     0.222
 8     0.925    -0.175     0.336
 9   113.108   -35.291    42.630
 9    -0.301     0.594    -0.746
 9    -0.126     0.751     0.648
 9     0.945     0.289    -0.152
 2    96.616   -18.740    59.742
 2    -0.053    -0.998    -0.016
 2     0.996    -0.054     0.067
 2    -0.068    -0.012     0.997
 3   136.311    -2.271    10.568
 3     0.278    -0.484    -0.830
 3     0.337     0.858    -0.387
 3     0.899    -0.172     0.402
 4   123.661    10.397    -5.069
 4     0.687    -0.722     0.079
 4     0.725     0.687    -0.031
 4    -0.032     0.079     0.996
 5   112.166    21.797    16.432
 5    -0.138    -0.505     0.852
 5     0.119    -0.862    -0.492
 5     0.983     0.033     0.179
 6   115.251    25.248    44.429
 6    -0.276    -0.762    -0.586
 6    -0.019     0.614    -0.789
 6     0.961    -0.207    -0.184
 7   126.856   -20.247    -4.394
 7     0.536     0.801    -0.266
 7    -0.727     0.598     0.337
 7     0.429     0.013     0.903
 8   111.860   -28.117    15.373
 8    -0.311     0.260     0.914
 8    -0.297    -0.940     0.167
 8     0.902    -0.220     0.370
 9   110.903   -39.027    40.549
 9    -0.327     0.829    -0.454
 9    -0.154     0.427     0.891
 9     0.932     0.361    -0.013
 2    96.616   -18.740    59.742
 2    -0.053    -0.998    -0.016
 2     0.996    -0.054     0.067
 2    -0.068    -0.012     0.997
 3   136.262    -2.348    10.670
 3     0.280    -0.482    -0.831
 3     0.337     0.859    -0.385
 3     0.899    -0.172     0.402
 4   123.613    10.397    -5.072
 4     0.687    -0.722     0.078
 4     0.725     0.687    -0.031
 4    -0.031     0.078     0.996
 5   112.138    21.874    16.384
 5    -0.141    -0.507     0.851
 5     0.120    -0.861    -0.493
 5     0.983     0.033     0.182
 6   115.080    25.136    44.397
 6    -0.284    -0.750    -0.597
 6    -0.016     0.627    -0.779
 6     0.958    -0.212    -0.190
 7   126.738   -20.376    -4.422
 7     0.529     0.807    -0.263
 7    -0.731     0.591     0.342
 7     0.431     0.011     0.902
 8   111.429   -28.927    14.761
 8    -0.344     0.308     0.887
 8    -0.303    -0.931     0.206
 8     0.889    -0.198     0.413
 9   109.530   -38.263    40.661
 9    -0.424     0.478    -0.769
 9    -0.205     0.776     0.596
 9     0.882     0.410    -0.232
 2    96.615   -18.740    59.742
 2    -0.054    -0.998    -0.016
 2     0.996    -0.055     0.067
 2    -0.068    -0.012     0.997
 3   136.082    -2.404    10.698
 3     0.287    -0.480    -0.829
 3     0.334     0.861    -0.383
 3     0.898    -0.167     0.407
 4   123.437    10.295    -5.069
 4     0.687    -0.723     0.078
 4     0.726     0.687    -0.030
 4    -0.032     0.077     0.996
 5   111.904    21.869    16.340
 5    -0.142    -0.509     0.849
 5     0.125    -0.860    -0.494
 5     0.982     0.036     0.185
 6   114.756    25.297    44.394
 6    -0.296    -0.733    -0.613
 6    -0.010     0.644    -0.765
 6     0.955    -0.220    -0.197
 7   126.640   -20.497    -4.276
 7     0.521     0.811    -0.266
 7    -0.730     0.585     0.352
 7     0.441     0.011     0.897
 8   110.921   -29.004    14.625
 8    -0.375     0.323     0.869
 8    -0.296    -0.930     0.218
 8     0.878    -0.176     0.445
 9   107.874   -37.363    40.691
 9    -0.459     0.321    -0.828
 9    -0.206     0.869     0.450
 9     0.864     0.377    -0.333
 2    96.616   -18.740    59.742
 2    -0.053    -0.998    -0.016
 2     0.996    -0.054     0.067
 2    -0.068    -0.012     0.997
 3   135.998    -2.538    10.709
 3     0.294    -0.477    -0.828
 3     0.331     0.864    -0.379
 3     0.896    -0.163     0.412
 4   123.408    10.217    -5.063
 4     0.686    -0.723     0.078
 4     0.726     0.687    -0.028
 4    -0.034     0.075     0.996
 5   111.756    21.912    16.134
 5    -0.147    -0.513     0.845
 5     0.133    -0.857    -0.497
 5     0.980     0.040     0.194
 6   114.513    25.285    44.159
 6    -0.306    -0.715    -0.628
 6    -0.005     0.661    -0.750
 6     0.952    -0.227    -0.206
 7   126.546   -20.636    -4.088
 7     0.505     0.818    -0.273
 7    -0.728     0.575     0.373
 7     0.462     0.010     0.886
 8   110.069   -28.897    14.345
 8    -0.419     0.320     0.850
 8    -0.281    -0.935     0.214
 8     0.863    -0.149     0.481
 9   105.815   -36.764    40.414
 9    -0.499     0.245    -0.831
 9    -0.192     0.904     0.382
 9     0.845     0.350    -0.404
 2    96.615   -18.740    59.742
 2    -0.054    -0.998    -0.016
 2     0.996    -0.055     0.067
 2    -0.068    -0.012     0.997
 3   135.995    -2.645    10.713
 3     0.303    -0.470    -0.829
 3     0.327     0.868    -0.373
 3     0.895    -0.158     0.417
 4   123.410    10.116    -5.112
 4     0.687    -0.722     0.076
 4     0.725     0.687    -0.025
 4    -0.034     0.072     0.997
 5   111.682    21.980    15.994
 5    -0.156    -0.516     0.842
 5     0.139    -0.855    -0.499
 5     0.978     0.038     0.205
 6   114.280    25.377    44.269
 6    -0.321    -0.703    -0.635
 6    -0.003     0.671    -0.741
 6     0.947    -0.236    -0.217
 7   126.748   -20.806    -3.972
 7     0.480     0.830    -0.283
 7    -0.732     0.557     0.391
 7     0.482     0.019     0.875
 8   109.212   -28.484    13.847
 8    -0.468     0.293     0.834
 8    -0.269    -0.946     0.181
 8     0.842    -0.140     0.521
 9   103.203   -35.743    39.706
 9    -0.542     0.192    -0.818
 9    -0.175     0.926     0.333
 9     0.822     0.323    -0.469
 2    96.615   -18.740    59.742
 2    -0.054    -0.998    -0.016
 2     0.996    -0.055     0.067
 2    -0.068    -0.012     0.997
 3   135.951    -2.854    10.814
 3     0.311    -0.453    -0.835
 3     0.319     0.878    -0.358
 3     0.895    -0.155     0.417
 4   123.551     9.991    -5.067
 4     0.692    -0.719     0.064
 4     0.721     0.693    -0.021
 4    -0.030     0.060     0.997
 5   111.642    21.945    15.874
 5    -0.168    -0.524     0.835
 5     0.142    -0.851    -0.506
 5     0.975     0.033     0.217
 6   112.061    26.877    43.334
 6    -0.332    -0.694    -0.639
 6     0.000     0.677    -0.736
 6     0.943    -0.245    -0.225
 7   126.741   -20.933    -3.871
 7     0.449     0.844    -0.293
 7    -0.741     0.535     0.405
 7     0.499     0.035     0.866
 8   108.062   -28.155    12.907
 8    -0.526     0.265     0.808
 8    -0.267    -0.954     0.139
 8     0.807    -0.143     0.572
 9   100.292   -35.466    38.270
 9    -0.593     0.156    -0.790
 9    -0.166     0.936     0.310
 9     0.788     0.314    -0.530
 2    96.565   -18.740    59.793
 2    -0.054    -0.998    -0.016
 2     0.996    -0.055     0.067
 2    -0.068    -0.012     0.997
 3   135.913    -3.137    10.884
 3     0.316    -0.438    -0.842
 3     0.310     0.886    -0.344
 3     0.896    -0.153     0.415
 4   123.794     9.816    -5.025
 4     0.698    -0.714     0.052
 4     0.716     0.698    -0.017
 4    -0.025     0.049     0.998
 5   111.553    22.012    15.749
 5    -0.182    -0.526     0.831
 5     0.146    -0.850    -0.506
 5     0.972     0.029     0.231
 6   111.679    26.996    43.274
 6    -0.346    -0.688    -0.638
 6     0.002     0.680    -0.733
 6     0.938    -0.255    -0.234
 7   126.842   -20.989    -3.777
 7     0.421     0.854    -0.304
 7    -0.750     0.517     0.413
 7     0.510     0.053     0.858
 8   106.969   -28.052    11.633
 8    -0.586     0.247     0.771
 8    -0.271    -0.957     0.100
 8     0.763    -0.150     0.628
 9    97.163   -35.605    36.309
 9    -0.650     0.141    -0.747
 9    -0.165     0.932     0.320
 9     0.742     0.331    -0.583
 2    96.615   -18.740    59.742
 2    -0.054    -0.998    -0.016
 2     0.996    -0.055     0.067
 2    -0.068    -0.012     0.997
 3   135.912    -3.393    11.067
 3     0.320    -0.414    -0.852
 3     0.299     0.897    -0.324
 3     0.899    -0.151     0.411
 4   124.176     9.721    -4.995
 4     0.706    -0.707     0.036
 4     0.708     0.706    -0.016
 4    -0.015     0.036     0.999
 5   111.690    22.053    15.580
 5    -0.197    -0.534     0.822
 5     0.147    -0.845    -0.514
 5     0.969     0.020     0.245
 6   111.533    26.916    43.175
 6    -0.354    -0.686    -0.636
 6     0.000     0.680    -0.733
 6     0.935    -0.260    -0.241
 7   126.784   -21.208    -3.718
 7     0.378     0.871    -0.312
 7    -0.767     0.484     0.421
 7     0.518     0.080     0.851
 8   105.616   -27.852     9.775
 8    -0.655     0.223     0.722
 8    -0.289    -0.957     0.033
 8     0.698    -0.188     0.691
 9    93.480   -36.240    33.156
 9    -0.715     0.140    -0.685
 9    -0.177     0.912     0.370
 9     0.677     0.386    -0.627
 2    96.616   -18.740    59.742
 2    -0.053    -0.998    -0.016
 2     0.996    -0.054     0.067
 2    -0.068    -0.012     0.997
 3   135.962    -3.957    11.153
 3     0.328    -0.368    -0.870
 3     0.271     0.919    -0.287
 3     0.905    -0.142     0.401
 4   125.095     9.795    -4.706
 4     0.728    -0.686     0.003
 4     0.685     0.727    -0.033
 4     0.021     0.026     0.999
 5   111.898    22.265    15.853
 5    -0.227    -0.551     0.803
 5     0.138    -0.834    -0.533
 5     0.964    -0.010     0.265
 6   112.991    25.445    44.242
 6    -0.381    -0.677    -0.630
 6    -0.003     0.682    -0.731
 6     0.924    -0.277    -0.262
 7   126.562   -21.052    -4.017
 7     0.323     0.888    -0.328
 7    -0.800     0.441     0.406
 7     0.505     0.130     0.853
 8   104.280   -27.555     7.335
 8    -0.724     0.208     0.658
 8    -0.318    -0.947    -0.050
 8     0.612    -0.245     0.751
 9    89.556   -37.576    28.469
 9    -0.786     0.106    -0.609
 9    -0.214     0.877     0.429
 9     0.580     0.467    -0.667
 2    96.565   -18.740    59.793
 2    -0.054    -0.998    -0.016
 2     0.996    -0.055     0.067
 2    -0.068    -0.012     0.997
 3   135.885    -4.694    11.166
 3     0.327    -0.310    -0.893
 3     0.238     0.941    -0.239
 3     0.914    -0.135     0.381
 4   126.225     9.872    -4.229
 4     0.750    -0.660    -0.033
 4     0.658     0.751    -0.057
 4     0.062     0.021     0.998
 5   112.427    22.145    16.066
 5    -0.258    -0.574     0.777
 5     0.123    -0.818    -0.563
 5     0.958    -0.050     0.281
 6   112.826    24.947    44.497
 6    -0.407    -0.664    -0.627
 6    -0.015     0.691    -0.723
 6     0.913    -0.285    -0.291
 7   126.134   -20.934    -4.404
 7     0.263     0.901    -0.345
 7    -0.836     0.392     0.384
 7     0.481     0.187     0.856
 8   103.367   -27.235     4.419
 8    -0.785     0.220     0.578
 8    -0.355    -0.926    -0.130
 8     0.507    -0.308     0.805
 9    86.082   -39.024    22.605
 9    -0.861     0.002    -0.508
 9    -0.271     0.844     0.462
 9     0.430     0.535    -0.727
 2    96.615   -18.740    59.742
 2    -0.054    -0.998    -0.016
 2     0.996    -0.055     0.067
 2    -0.068    -0.012     0.997
 3   136.065    -5.247    11.274
 3     0.318    -0.251    -0.914
 3     0.211     0.958    -0.190
 3     0.924    -0.133     0.358
 4   127.315    10.074    -3.817
 4     0.764    -0.642    -0.064
 4     0.638     0.766    -0.076
 4     0.098     0.017     0.995
 5   112.752    22.128    16.358
 5    -0.287    -0.579     0.763
 5     0.113    -0.812    -0.573
 5     0.951    -0.078     0.298
 6   112.557    24.716    44.639
 6    -0.426    -0.666    -0.612
 6    -0.022     0.684    -0.729
 6     0.904    -0.297    -0.307
 7   126.153   -20.464    -4.948
 7     0.213     0.901    -0.377
 7    -0.868     0.351     0.350
 7     0.448     0.253     0.857
 8   103.077   -26.435     1.756
 8    -0.835     0.229     0.501
 8    -0.375    -0.902    -0.213
 8     0.403    -0.365     0.839
 9    83.866   -39.201    17.508
 9    -0.911    -0.079    -0.404
 9    -0.289     0.821     0.492
 9     0.293     0.565    -0.771
 2    96.565   -18.714    59.793
 2    -0.054    -0.998    -0.016
 2     0.996    -0.055     0.067
 2    -0.068    -0.012     0.997
 3   136.467    -5.668    11.322
 3     0.300    -0.199    -0.933
 3     0.178     0.972    -0.150
 3     0.937    -0.121     0.327
 4   128.636    10.407    -3.316
 4     0.776    -0.624    -0.097
 4     0.616     0.781    -0.101
 4     0.138     0.019     0.990
 5   113.427    22.110    16.818
 5    -0.315    -0.588     0.745
 5     0.090    -0.800    -0.593
 5     0.944    -0.120     0.305
 6   112.549    24.342    45.002
 6    -0.444    -0.661    -0.605
 6    -0.033     0.686    -0.726
 6     0.895    -0.302    -0.327
 7   126.361   -19.827    -5.292
 7     0.182     0.901    -0.393
 7    -0.891     0.320     0.322
 7     0.416     0.291     0.861
 8   103.169   -25.354     0.628
 8    -0.855     0.216     0.472
 8    -0.375    -0.886    -0.273
 8     0.359    -0.410     0.838
 9    83.552   -38.471    15.342
 9    -0.926    -0.082    -0.369
 9    -0.285     0.792     0.540
 9     0.248     0.605    -0.757
 2    96.615   -18.740    59.742
 2    -0.054    -0.998    -0.016
 2     0.996    -0.055     0.067
 2    -0.068    -0.012     0.997
 3   136.830    -5.659    11.251
 3     0.286    -0.178    -0.942
 3     0.160     0.978    -0.136
 3     0.945    -0.112     0.308
 4   129.441    10.779    -3.105
 4     0.781    -0.615    -0.112
 4     0.604     0.788    -0.120
 4     0.162     0.026     0.986
 5   113.795    22.155    17.187
 5    -0.327    -0.591     0.737
 5     0.069    -0.793    -0.605
 5     0.942    -0.147     0.300
 6   112.686    24.122    45.353
 6    -0.452    -0.660    -0.600
 6    -0.041     0.687    -0.725
 6     0.891    -0.303    -0.338
 7   126.730   -19.198    -5.723
 7     0.179     0.902    -0.393
 7    -0.905     0.308     0.293
 7     0.385     0.303     0.871
 8   103.673   -24.768    -0.074
 8    -0.854     0.219     0.472
 8    -0.394    -0.865    -0.309
 8     0.341    -0.450     0.825
 9    84.189   -38.780    14.035
 9    -0.924    -0.084    -0.373
 9    -0.303     0.755     0.581
 9     0.233     0.650    -0.724
 2    96.615   -18.740    59.742
 2    -0.054    -0.998    -0.016
 2     0.996    -0.055     0.067
 2    -0.068    -0.012     0.997
 3   137.090    -5.163    11.280
 3     0.270    -0.188    -0.944
 3     0.157     0.976    -0.149
 3     0.950    -0.108     0.293
 4   129.764    11.324    -2.963
 4     0.774    -0.621    -0.119
 4     0.608     0.783    -0.130
 4     0.174     0.028     0.984
 5   113.768    22.152    17.295
 5    -0.337    -0.580     0.742
 5     0.060    -0.800    -0.598
 5     0.940    -0.156     0.304
 6   112.219    23.950    45.267
 6    -0.459    -0.675    -0.578
 6    -0.053     0.670    -0.740
 6     0.887    -0.308    -0.344
 7   127.046   -18.699    -5.867
 7     0.187     0.897    -0.400
 7    -0.909     0.312     0.276
 7     0.373     0.312     0.874
 8   104.008   -24.540    -0.232
 8    -0.853     0.226     0.470
 8    -0.401    -0.861    -0.312
 8     0.334    -0.454     0.825
 9    84.573   -38.733    13.827
 9    -0.925    -0.091    -0.370
 9    -0.307     0.752     0.583
 9     0.226     0.652    -0.724
 2    96.615   -18.740    59.742
 2    -0.054    -0.998    -0.015
 2     0.996    -0.055     0.067
 2    -0.068    -0.012     0.997
 3   137.251    -4.977    11.361
 3     0.261    -0.200    -0.944
 3     0.156     0.974    -0.164
 3     0.952    -0.105     0.286
 4   129.955    11.485    -2.936
 4     0.770    -0.625    -0.125
 4     0.611     0.780    -0.135
 4     0.182     0.028     0.983
 5   113.699    22.149    17.241
 5    -0.343    -0.573     0.745
 5     0.057    -0.804    -0.592
 5     0.938    -0.160     0.308
 6   112.132    24.024    45.280
 6    -0.462    -0.677    -0.574
 6    -0.055     0.667    -0.743
 6     0.885    -0.311    -0.345
 7   127.249   -18.351    -5.970
 7     0.187     0.895    -0.404
 7    -0.912     0.311     0.268
 7     0.365     0.318     0.874
 8   104.099   -24.148    -0.780
 8    -0.860     0.227     0.458
 8    -0.401    -0.855    -0.329
 8     0.317    -0.467     0.826
 9    84.234   -38.512    12.671
 9    -0.932    -0.105    -0.348
 9    -0.305     0.747     0.590
 9     0.198     0.656    -0.728
 2    96.615   -18.740    59.742
 2    -0.054    -0.998    -0.016
 2     0.996    -0.055     0.067
 2    -0.068    -0.012     0.997
 3   137.342    -4.848    11.416
 3     0.257    -0.199    -0.946
 3     0.151     0.974    -0.164
 3     0.954    -0.101     0.281
 4   130.195    11.719    -2.880
 4     0.770    -0.624    -0.131
 4     0.609     0.780    -0.140
 4     0.189     0.028     0.981
 5   113.782    22.221    17.262
 5    -0.346    -0.571     0.744
 5     0.055    -0.804    -0.592
 5     0.936    -0.164     0.310
 6   112.075    23.970    45.237
 6    -0.465    -0.678    -0.569
 6    -0.055     0.663    -0.746
 6     0.884    -0.315    -0.346
 7   127.300   -18.160    -6.046
 7     0.180     0.893    -0.412
 7    -0.917     0.304     0.259
 7     0.357     0.331     0.873
 8   104.217   -24.034    -1.011
 8    -0.864     0.230     0.447
 8    -0.401    -0.852    -0.337
 8     0.303    -0.470     0.828
 9    84.190   -38.380    12.191
 9    -0.935    -0.117    -0.334
 9    -0.305     0.747     0.591
 9     0.180     0.654    -0.734
 2    96.616   -18.740    59.742
 2    -0.053    -0.998    -0.016
 2     0.996    -0.054     0.067
 2    -0.068    -0.012     0.997
 3   137.460    -4.845    11.447
 3     0.252    -0.197    -0.948
 3     0.147     0.975    -0.163
 3     0.956    -0.099     0.275
 4   130.358    11.723    -2.843
 4     0.770    -0.624    -0.135
 4     0.608     0.781    -0.142
 4     0.194     0.027     0.980
 5   113.772    22.195    17.221
 5    -0.351    -0.567     0.745
 5     0.054    -0.807    -0.589
 5     0.935    -0.166     0.314
 6   111.931    24.066    45.182
 6    -0.469    -0.682    -0.561
 6    -0.056     0.656    -0.752
 6     0.881    -0.321    -0.346
 7   127.444   -18.060    -6.091
 7     0.179     0.892    -0.414
 7    -0.917     0.304     0.257
 7     0.355     0.334     0.873
 8   104.342   -23.982    -1.011
 8    -0.864     0.231     0.447
 8    -0.402    -0.852    -0.336
 8     0.303    -0.470     0.829
 9    84.542   -38.477    12.266
 9    -0.933    -0.120    -0.338
 9    -0.310     0.743     0.593
 9     0.180     0.658    -0.731
 2    96.616   -18.740    59.742
 2    -0.053    -0.998    -0.016
 2     0.996    -0.054     0.067
 2    -0.068    -0.012     0.997
 3   137.500    -4.684    11.477
 3     0.246    -0.200    -0.948
 3     0.149     0.974    -0.167
 3     0.958    -0.100     0.270
 4   130.544    11.804    -2.806
 4     0.767    -0.626    -0.140
 4     0.609     0.780    -0.144
 4     0.199     0.025     0.979
 5   113.757    22.191    17.238
 5    -0.355    -0.564     0.746
 5     0.054    -0.809    -0.586
 5     0.933    -0.168     0.317
 6   111.772    24.062    45.190
 6    -0.471    -0.685    -0.556
 6    -0.056     0.652    -0.756
 6     0.880    -0.325    -0.345
 7   127.563   -17.985    -6.086
 7     0.182     0.890    -0.417
 7    -0.918     0.306     0.253
 7     0.353     0.336     0.873
 8   104.556   -23.983    -1.121
 8    -0.863     0.236     0.446
 8    -0.408    -0.847    -0.341
 8     0.297    -0.476     0.828
 9    84.574   -38.611    11.935
 9    -0.934    -0.125    -0.334
 9    -0.312     0.739     0.596
 9     0.172     0.661    -0.730
 2    96.616   -18.740    59.742
 2    -0.053    -0.998    -0.016
 2     0.996    -0.054     0.067
 2    -0.068    -0.012     0.997
 3   137.559    -4.680    11.366
 3     0.241    -0.204    -0.949
 3     0.148     0.974    -0.172
 3     0.959    -0.100     0.265
 4   130.575    11.807    -2.815
 4     0.766    -0.626    -0.142
 4     0.610     0.779    -0.146
 4     0.202     0.025     0.979
 5   113.749    22.190    17.196
 5    -0.357    -0.560     0.747
 5     0.053    -0.811    -0.583
 5     0.932    -0.169     0.319
 6   111.745    24.011    45.087
 6    -0.471    -0.688    -0.552
 6    -0.057     0.648    -0.759
 6     0.880    -0.327    -0.344
 7   127.680   -17.758    -6.154
 7     0.184     0.889    -0.419
 7    -0.918     0.308     0.249
 7     0.350     0.338     0.873
 8   104.561   -23.806    -1.069
 8    -0.865     0.230     0.446
 8    -0.404    -0.847    -0.345
 8     0.298    -0.479     0.825
 9    84.552   -38.301    12.221
 9    -0.935    -0.110    -0.337
 9    -0.305     0.737     0.603
 9     0.182     0.667    -0.722
 2    96.615   -18.740    59.742
 2    -0.054    -0.998    -0.015
 2     0.996    -0.054     0.067
 2    -0.068    -0.012     0.997
 3   137.608    -4.629    11.417
 3     0.240    -0.205    -0.949
 3     0.148     0.973    -0.173
 3     0.959    -0.100     0.264
 4   130.627    11.910    -2.818
 4     0.765    -0.628    -0.143
 4     0.610     0.778    -0.147
 4     0.203     0.025     0.979
 5   113.748    22.190    17.198
 5    -0.358    -0.560     0.747
 5     0.052    -0.811    -0.583
 5     0.932    -0.170     0.319
 6   111.746    24.011    45.138
 6    -0.471    -0.688    -0.552
 6    -0.057     0.648    -0.759
 6     0.880    -0.327    -0.345
 7   127.730   -17.807    -6.079
 7     0.187     0.889    -0.418
 7    -0.918     0.310     0.248
 7     0.350     0.337     0.874
 8   104.673   -24.279     0.103
 8    -0.849     0.234     0.474
 8    -0.418    -0.846    -0.330
 8     0.324    -0.479     0.816
 9    86.112   -39.158    14.439
 9    -0.912    -0.090    -0.399
 9    -0.335     0.725     0.602
 9     0.235     0.683    -0.691
 2    96.615   -18.740    59.742
 2    -0.054    -0.998    -0.015
 2     0.996    -0.054     0.067
 2    -0.068    -0.012     0.997
 3   137.584    -4.317    11.493
 3     0.238    -0.226    -0.945
 3     0.163     0.968    -0.190
 3     0.957    -0.109     0.267
 4   130.549    12.038    -2.921
 4     0.762    -0.633    -0.140
 4     0.615     0.774    -0.149
 4     0.203     0.027     0.979
 5   113.590    22.196    17.278
 5    -0.351    -0.556     0.753
 5     0.048    -0.814    -0.579
 5     0.935    -0.167     0.312
 6   111.909    24.130    45.120
 6    -0.455    -0.703    -0.547
 6    -0.063     0.637    -0.768
 6     0.888    -0.315    -0.334
 7   127.433   -18.016    -5.374
 7     0.287     0.890    -0.354
 7    -0.895     0.381     0.231
 7     0.340     0.250     0.906
 8   105.609   -25.625     5.492
 8    -0.746     0.185     0.639
 8    -0.468    -0.829    -0.306
 8     0.473    -0.528     0.705
 9    93.468   -42.135    23.071
 9    -0.756     0.147    -0.638
 9    -0.407     0.656     0.635
 9     0.512     0.740    -0.436
 2    96.615   -18.714    59.742
 2    -0.054    -0.998    -0.015
 2     0.996    -0.055     0.067
 2    -0.068    -0.012     0.997
 3   137.251    -3.617    11.427
 3     0.261    -0.309    -0.914
 3     0.218     0.942    -0.256
 3     0.940    -0.133     0.314
 4   128.663    12.117    -3.572
 4     0.755    -0.651    -0.071
 4     0.640     0.756    -0.134
 4     0.141     0.056     0.988
 5   113.410    22.422    17.521
 5    -0.278    -0.562     0.779
 5     0.046    -0.818    -0.574
 5     0.959    -0.124     0.253
 6   114.078    24.260    45.282
 6    -0.379    -0.721    -0.580
 6    -0.053     0.643    -0.764
 6     0.924    -0.259    -0.282
 7   125.988   -18.815    -5.070
 7     0.439     0.857    -0.268
 7    -0.828     0.502     0.249
 7     0.348     0.112     0.930
 8   109.940   -27.945    14.824
 8    -0.361     0.052     0.931
 8    -0.530    -0.833    -0.159
 8     0.767    -0.551     0.328
 9   113.320   -44.081    35.436
 9    -0.249     0.575    -0.779
 9    -0.417     0.663     0.622
 9     0.874     0.479     0.075
 2    96.615   -18.740    59.742
 2    -0.054    -0.998    -0.015
 2     0.996    -0.055     0.067
 2    -0.068    -0.012     0.997
 3   135.733    -3.544    10.784
 3     0.321    -0.398    -0.859
 3     0.276     0.907    -0.316
 3     0.906    -0.136     0.401
 4   124.591    10.947    -4.397
 4     0.751    -0.658     0.059
 4     0.660     0.745    -0.097
 4     0.019     0.112     0.993
 5   113.466    21.933    17.889
 5    -0.131    -0.560     0.818
 5     0.080    -0.828    -0.554
 5     0.988    -0.007     0.153
 6   117.735    24.546    45.456
 6    -0.239    -0.754    -0.611
 6    -0.026     0.634    -0.773
 6     0.970    -0.169    -0.171
 7   123.562   -20.107    -4.415
 7     0.550     0.804    -0.226
 7    -0.762     0.594     0.257
 7     0.341     0.030     0.939
 8   117.270   -27.805    21.888
 8     0.233    -0.064     0.970
 8    -0.415    -0.909     0.039
 8     0.880    -0.411    -0.238
 9   134.788   -37.796    39.961
 9     0.425     0.673    -0.605
 9    -0.183     0.718     0.671
 9     0.886    -0.175     0.429
 2    96.615   -18.740    59.742
 2    -0.054    -0.998    -0.015
 2     0.996    -0.055     0.067
 2    -0.068    -0.011     0.997
 3   133.675    -4.207    10.031
 3     0.372    -0.433    -0.821
 3     0.328     0.889    -0.320
 3     0.868    -0.150     0.473
 4   120.171     9.138    -5.015
 4     0.734    -0.653     0.186
 4     0.670     0.740    -0.051
 4    -0.105     0.162     0.981
 5   113.385    20.695    18.228
 5     0.038    -0.532     0.846
 5     0.111    -0.839    -0.533
 5     0.993     0.114     0.026
 6   119.525    26.072    44.482
 6    -0.073    -0.804    -0.590
 6     0.004     0.592    -0.806
 6     0.997    -0.061    -0.040
 7   120.893   -21.434    -3.749
 7     0.642     0.745    -0.180
 7    -0.702     0.666     0.252
 7     0.308    -0.036     0.951
 8   121.861   -26.769    24.892
 8     0.608     0.084     0.790
 8    -0.162    -0.960     0.228
 8     0.777    -0.267    -0.570
 9   144.202   -29.887    37.233
 9     0.756     0.427    -0.496
 9     0.117     0.657     0.744
 9     0.643    -0.621     0.447
 2    96.615   -18.714    59.742
 2    -0.054    -0.998    -0.016
 2     0.996    -0.055     0.067
 2    -0.068    -0.012     0.997
 3   131.598    -4.661     9.330
 3     0.416    -0.477    -0.774
 3     0.366     0.867    -0.338
 3     0.832    -0.143     0.535
 4   115.949     8.300    -5.028
 4     0.704    -0.650     0.286
 4     0.683     0.729    -0.027
 4    -0.192     0.215     0.958
 5   112.890    19.983    19.292
 5     0.189    -0.473     0.860
 5     0.133    -0.855    -0.500
 5     0.973     0.209    -0.099
 6   122.540    25.970    43.063
 6     0.077    -0.831    -0.551
 6     0.014     0.553    -0.833
 6     0.997     0.056     0.054
 7   118.341   -21.919    -3.321
 7     0.672     0.730    -0.126
 7    -0.683     0.676     0.276
 7     0.287    -0.100     0.953
 8   121.542   -25.282    25.681
 8     0.698     0.123     0.705
