2 	  32.61	  -8.38	  22.96
	 -0.015	  0.979	 -0.200
	 -1.000	 -0.017	 -0.009
	 -0.012	  0.199	  0.980

3 	  43.86	  -1.49	   4.55
	  0.490	  0.293	  0.820
	 -0.283	  0.944	 -0.168
	 -0.824	 -0.150	  0.546

4 	  39.85	   4.48	   0.76
	  0.655	  0.755	  0.002
	 -0.730	  0.633	  0.256
	  0.192	 -0.170	  0.966

5 	  39.94	   7.29	  12.22
	  0.375	  0.173	  0.910
	 -0.295	 -0.909	  0.295
	  0.878	 -0.380	 -0.290

6 	  43.79	  10.21	  21.66
	  0.339	  0.032	  0.940
	 -0.880	  0.365	  0.305
	 -0.334	 -0.930	  0.152

7 	  40.08	  -8.49	   1.00
	  0.771	 -0.631	 -0.089
	  0.541	  0.721	 -0.432
	  0.337	  0.285	  0.897

8 	  39.53	  -9.46	  12.66
	  0.368	 -0.111	  0.923
	  0.149	 -0.973	 -0.177
	  0.917	  0.203	 -0.342

9 	  45.28	 -11.25	  22.32
	  0.209	  0.029	  0.977
	  0.740	  0.648	 -0.178
	 -0.639	  0.761	  0.114

2 	  32.61	  -8.38	  22.96
	 -0.015	  0.979	 -0.200
	 -1.000	 -0.017	 -0.009
	 -0.012	  0.199	  0.980

3 	  43.82	  -1.48	   4.57
	  0.487	  0.294	  0.822
	 -0.286	  0.943	 -0.168
	 -0.825	 -0.153	  0.544

4 	  39.81	   4.50	   0.77
	  0.654	  0.756	  0.003
	 -0.732	  0.632	  0.255
	  0.192	 -0.169	  0.967

5 	  39.90	   7.29	  12.23
	  0.375	  0.173	  0.910
	 -0.296	 -0.909	  0.294
	  0.878	 -0.380	 -0.290

6 	  43.77	  10.23	  21.66
	  0.340	  0.032	  0.940
	 -0.879	  0.365	  0.305
	 -0.334	 -0.930	  0.152

7 	  40.06	  -8.49	   1.00
	  0.772	 -0.629	 -0.091
	  0.539	  0.724	 -0.430
	  0.336	  0.283	  0.898

8 	  39.53	  -9.46	  12.66
	  0.368	 -0.111	  0.923
	  0.150	 -0.973	 -0.177
	  0.917	  0.204	 -0.341

9 	  45.26	 -11.25	  22.34
	  0.209	  0.029	  0.977
	  0.740	  0.648	 -0.178
	 -0.639	  0.760	  0.113

2 	  32.61	  -8.40	  22.96
	 -0.015	  0.979	 -0.200
	 -1.000	 -0.017	 -0.009
	 -0.012	  0.199	  0.980

3 	  43.82	  -1.51	   4.59
	  0.482	  0.295	  0.825
	 -0.286	  0.943	 -0.170
	 -0.828	 -0.153	  0.539

4 	  39.81	   4.50	   0.77
	  0.653	  0.757	  0.003
	 -0.733	  0.631	  0.255
	  0.191	 -0.169	  0.967

5 	  39.90	   7.29	  12.23
	  0.376	  0.173	  0.910
	 -0.296	 -0.908	  0.295
	  0.878	 -0.380	 -0.291

6 	  43.79	  10.23	  21.66
	  0.340	  0.032	  0.940
	 -0.879	  0.366	  0.305
	 -0.334	 -0.930	  0.153

7 	  40.10	  -8.49	   0.98
	  0.772	 -0.628	 -0.092
	  0.539	  0.725	 -0.428
	  0.336	  0.281	  0.899

8 	  39.52	  -9.46	  12.67
	  0.367	 -0.111	  0.923
	  0.149	 -0.973	 -0.177
	  0.918	  0.202	 -0.341

9 	  45.28	 -11.23	  22.32
	  0.209	  0.030	  0.977
	  0.739	  0.649	 -0.178
	 -0.640	  0.759	  0.114

2 	  32.61	  -8.38	  22.96
	 -0.015	  0.979	 -0.200
	 -1.000	 -0.017	 -0.009
	 -0.012	  0.199	  0.980

3 	  43.80	  -1.51	   4.61
	  0.479	  0.295	  0.826
	 -0.285	  0.943	 -0.171
	 -0.830	 -0.154	  0.536

4 	  39.81	   4.48	   0.77
	  0.652	  0.758	  0.005
	 -0.734	  0.630	  0.252
	  0.187	 -0.168	  0.968

5 	  39.90	   7.28	  12.23
	  0.377	  0.173	  0.910
	 -0.297	 -0.908	  0.296
	  0.877	 -0.382	 -0.291

6 	  43.79	  10.23	  21.66
	  0.341	  0.032	  0.939
	 -0.877	  0.370	  0.306
	 -0.338	 -0.928	  0.154

7 	  40.10	  -8.49	   1.02
	  0.773	 -0.627	 -0.093
	  0.538	  0.727	 -0.426
	  0.334	  0.280	  0.900

8 	  39.52	  -9.47	  12.66
	  0.367	 -0.112	  0.923
	  0.148	 -0.973	 -0.177
	  0.918	  0.202	 -0.341

9 	  45.28	 -11.23	  22.32
	  0.209	  0.030	  0.977
	  0.738	  0.651	 -0.178
	 -0.642	  0.758	  0.114

2 	  32.61	  -8.38	  22.96
	 -0.015	  0.979	 -0.200
	 -1.000	 -0.017	 -0.009
	 -0.012	  0.200	  0.980

3 	  43.82	  -1.51	   4.59
	  0.479	  0.295	  0.827
	 -0.285	  0.943	 -0.172
	 -0.830	 -0.153	  0.536

4 	  39.67	   4.45	   0.77
	  0.647	  0.761	  0.030
	 -0.744	  0.623	  0.241
	  0.165	 -0.179	  0.970

5 	  39.87	   7.28	  12.25
	  0.377	  0.172	  0.910
	 -0.295	 -0.909	  0.294
	  0.878	 -0.379	 -0.292

6 	  43.79	  10.23	  21.64
	  0.346	  0.033	  0.937
	 -0.874	  0.374	  0.310
	 -0.340	 -0.927	  0.158

7 	  40.08	  -8.51	   1.00
	  0.775	 -0.624	 -0.099
	  0.534	  0.730	 -0.427
	  0.338	  0.278	  0.899

8 	  39.53	  -9.46	  12.66
	  0.368	 -0.112	  0.923
	  0.148	 -0.973	 -0.177
	  0.918	  0.202	 -0.342

9 	  45.30	 -11.21	  22.34
	  0.207	  0.029	  0.978
	  0.735	  0.654	 -0.176
	 -0.645	  0.755	  0.114

2 	  32.61	  -8.38	  22.96
	 -0.015	  0.979	 -0.200
	 -1.000	 -0.017	 -0.009
	 -0.012	  0.199	  0.980

3 	  43.84	  -1.51	   4.54
	  0.482	  0.297	  0.824
	 -0.289	  0.942	 -0.171
	 -0.827	 -0.156	  0.540

4 	  39.50	   4.45	   0.79
	  0.640	  0.767	  0.047
	 -0.754	  0.615	  0.229
	  0.147	 -0.182	  0.972

5 	  39.74	   7.19	  12.34
	  0.386	  0.173	  0.906
	 -0.275	 -0.916	  0.292
	  0.880	 -0.362	 -0.306

6 	  43.84	  10.25	  21.60
	  0.354	  0.037	  0.934
	 -0.868	  0.385	  0.314
	 -0.348	 -0.922	  0.169

7 	  40.08	  -8.54	   0.98
	  0.777	 -0.620	 -0.110
	  0.525	  0.735	 -0.429
	  0.347	  0.275	  0.896

8 	  39.53	  -9.47	  12.64
	  0.369	 -0.112	  0.922
	  0.147	 -0.973	 -0.177
	  0.918	  0.201	 -0.343

9 	  45.30	 -11.21	  22.34
	  0.205	  0.028	  0.978
	  0.729	  0.662	 -0.172
	 -0.653	  0.748	  0.115

2 	  32.61	  -8.38	  22.96
	 -0.015	  0.979	 -0.200
	 -1.000	 -0.017	 -0.009
	 -0.012	  0.200	  0.980

3 	  43.88	  -1.48	   4.43
	  0.492	  0.301	  0.817
	 -0.296	  0.940	 -0.169
	 -0.819	 -0.159	  0.551

4 	  39.43	   4.41	   0.77
	  0.642	  0.765	  0.048
	 -0.754	  0.617	  0.225
	  0.142	 -0.181	  0.973

5 	  39.69	   7.12	  12.25
	  0.383	  0.174	  0.907
	 -0.265	 -0.920	  0.289
	  0.884	 -0.351	 -0.307

6 	  43.88	  10.23	  21.55
	  0.357	  0.040	  0.933
	 -0.865	  0.392	  0.313
	 -0.353	 -0.919	  0.174

7 	  40.04	  -8.54	   0.98
	  0.777	 -0.619	 -0.113
	  0.523	  0.735	 -0.430
	  0.349	  0.275	  0.896

8 	  39.52	  -9.46	  12.55
	  0.352	 -0.110	  0.929
	  0.131	 -0.977	 -0.166
	  0.926	  0.180	 -0.330

9 	  45.32	 -11.23	  22.31
	  0.208	  0.026	  0.978
	  0.724	  0.668	 -0.172
	 -0.658	  0.743	  0.120

2 	  32.59	  -8.38	  22.96
	 -0.015	  0.979	 -0.200
	 -1.000	 -0.017	 -0.009
	 -0.012	  0.200	  0.980

3 	  43.88	  -1.48	   4.22
	  0.510	  0.303	  0.805
	 -0.302	  0.939	 -0.163
	 -0.806	 -0.160	  0.570

4 	  39.25	   4.36	   0.74
	  0.639	  0.767	  0.057
	 -0.759	  0.616	  0.207
	  0.124	 -0.176	  0.976

5 	  39.62	   7.05	  12.27
	  0.376	  0.185	  0.908
	 -0.235	 -0.929	  0.287
	  0.896	 -0.321	 -0.306

6 	  43.88	  10.27	  21.53
	  0.368	  0.044	  0.928
	 -0.868	  0.374	  0.326
	 -0.333	 -0.926	  0.176

7 	  39.96	  -8.56	   0.93
	  0.777	 -0.617	 -0.122
	  0.518	  0.738	 -0.432
	  0.356	  0.273	  0.893

8 	  39.53	  -9.51	  12.46
	  0.341	 -0.109	  0.933
	  0.148	 -0.975	 -0.168
	  0.928	  0.196	 -0.317

9 	  45.40	 -11.36	  22.18
	  0.208	  0.009	  0.978
	  0.683	  0.714	 -0.152
	 -0.700	  0.699	  0.143

2 	  32.61	  -8.38	  22.96
	 -0.015	  0.979	 -0.200
	 -1.000	 -0.017	 -0.009
	 -0.012	  0.200	  0.980

3 	  43.89	  -1.48	   4.10
	  0.522	  0.301	  0.797
	 -0.305	  0.940	 -0.156
	 -0.796	 -0.162	  0.583

4 	  39.15	   4.38	   0.76
	  0.639	  0.766	  0.060
	 -0.759	  0.616	  0.213
	  0.126	 -0.182	  0.975

5 	  39.62	   7.03	  12.23
	  0.384	  0.188	  0.904
	 -0.229	 -0.929	  0.290
	  0.894	 -0.319	 -0.314

6 	  43.91	  10.37	  21.41
	  0.370	  0.050	  0.927
	 -0.865	  0.382	  0.325
	 -0.338	 -0.923	  0.185

7 	  39.87	  -8.54	   0.90
	  0.777	 -0.615	 -0.132
	  0.512	  0.740	 -0.436
	  0.366	  0.272	  0.890

8 	  39.55	  -9.49	  12.41
	  0.338	 -0.108	  0.935
	  0.168	 -0.970	 -0.173
	  0.926	  0.216	 -0.309

9 	  45.63	 -11.21	  21.97
	  0.215	 -0.004	  0.977
	  0.634	  0.761	 -0.136
	 -0.743	  0.649	  0.166

2 	  32.61	  -8.38	  22.96
	 -0.015	  0.979	 -0.200
	 -1.000	 -0.017	 -0.009
	 -0.012	  0.200	  0.980

3 	  43.86	  -1.46	   3.92
	  0.542	  0.299	  0.785
	 -0.308	  0.940	 -0.146
	 -0.782	 -0.163	  0.601

4 	  38.99	   4.38	   0.74
	  0.639	  0.767	  0.050
	 -0.756	  0.615	  0.225
	  0.142	 -0.182	  0.973

5 	  39.66	   7.10	  12.15
	  0.397	  0.213	  0.893
	 -0.205	 -0.928	  0.312
	  0.895	 -0.306	 -0.325

6 	  43.88	  10.90	  21.18
	  0.375	  0.089	  0.922
	 -0.879	  0.350	  0.324
	 -0.294	 -0.932	  0.209

7 	  39.71	  -8.54	   0.84
	  0.774	 -0.615	 -0.151
	  0.506	  0.745	 -0.435
	  0.379	  0.260	  0.888

8 	  39.62	  -9.53	  12.29
	  0.347	 -0.118	  0.930
	  0.183	 -0.964	 -0.191
	  0.920	  0.236	 -0.313

9 	  45.76	 -11.36	  21.85
	  0.219	 -0.019	  0.975
	  0.632	  0.764	 -0.127
	 -0.743	  0.645	  0.179

2 	  32.61	  -8.38	  22.96
	 -0.015	  0.979	 -0.200
	 -1.000	 -0.017	 -0.009
	 -0.012	  0.200	  0.980

3 	  43.82	  -1.42	   3.83
	  0.551	  0.297	  0.779
	 -0.311	  0.940	 -0.139
	 -0.774	 -0.166	  0.611

4 	  38.88	   4.38	   0.70
	  0.637	  0.769	  0.033
	 -0.755	  0.615	  0.227
	  0.154	 -0.170	  0.973

5 	  39.57	   7.37	  11.97
	  0.397	  0.272	  0.877
	 -0.158	 -0.921	  0.357
	  0.904	 -0.280	 -0.322

6 	  43.65	  11.67	  20.81
	  0.378	  0.144	  0.914
	 -0.894	  0.314	  0.320
	 -0.241	 -0.938	  0.247

7 	  39.64	  -8.49	   0.76
	  0.770	 -0.613	 -0.175
	  0.501	  0.752	 -0.427
	  0.393	  0.241	  0.887

8 	  39.69	  -9.62	  12.11
	  0.359	 -0.155	  0.920
	  0.153	 -0.963	 -0.222
	  0.920	  0.220	 -0.323

9 	  45.81	 -12.16	  21.43
	  0.223	 -0.080	  0.971
	  0.676	  0.731	 -0.095
	 -0.703	  0.677	  0.217

2 	  32.61	  -8.38	  22.96
	 -0.015	  0.979	 -0.200
	 -1.000	 -0.017	 -0.009
	 -0.012	  0.199	  0.980

3 	  43.82	  -1.42	   3.80
	  0.554	  0.295	  0.778
	 -0.312	  0.940	 -0.134
	 -0.772	 -0.168	  0.613

4 	  38.79	   4.41	   0.65
	  0.626	  0.780	  0.001
	 -0.761	  0.610	  0.218
	  0.169	 -0.138	  0.976

5 	  39.34	   7.86	  11.79
	  0.386	  0.346	  0.854
	 -0.097	 -0.906	  0.411
	  0.917	 -0.242	 -0.317

6 	  43.29	  12.96	  20.27
	  0.380	  0.220	  0.898
	 -0.910	  0.265	  0.319
	 -0.168	 -0.939	  0.301

7 	  39.60	  -8.44	   0.69
	  0.768	 -0.610	 -0.194
	  0.497	  0.760	 -0.419
	  0.403	  0.225	  0.887

8 	  39.78	  -9.81	  11.95
	  0.369	 -0.216	  0.904
	  0.084	 -0.961	 -0.264
	  0.926	  0.173	 -0.336

9 	  45.79	 -13.04	  21.04
	  0.228	 -0.138	  0.964
	  0.723	  0.686	 -0.073
	 -0.652	  0.714	  0.255

2 	  32.61	  -8.38	  22.96
	 -0.015	  0.979	 -0.200
	 -1.000	 -0.017	 -0.009
	 -0.012	  0.199	  0.980

3 	  43.79	  -1.37	   3.76
	  0.554	  0.294	  0.778
	 -0.314	  0.940	 -0.132
	 -0.771	 -0.172	  0.613

4 	  38.71	   4.45	   0.58
	  0.612	  0.790	 -0.032
	 -0.770	  0.604	  0.204
	  0.180	 -0.101	  0.978

5 	  39.06	   8.40	  11.44
	  0.370	  0.420	  0.828
	 -0.043	 -0.883	  0.467
	  0.928	 -0.208	 -0.309

6 	  42.80	  14.20	  19.56
	  0.372	  0.292	  0.881
	 -0.920	  0.239	  0.309
	 -0.121	 -0.926	  0.358

7 	  39.55	  -8.33	   0.56
	  0.765	 -0.606	 -0.217
	  0.492	  0.768	 -0.410
	  0.416	  0.207	  0.886

8 	  39.80	 -10.20	  11.69
	  0.376	 -0.281	  0.883
	  0.031	 -0.948	 -0.315
	  0.926	  0.146	 -0.349

9 	  45.88	 -14.06	  20.39
	  0.239	 -0.202	  0.950
	  0.752	  0.656	 -0.050
	 -0.614	  0.726	  0.309

2 	  32.61	  -8.38	  22.96
	 -0.015	  0.980	 -0.200
	 -1.000	 -0.017	 -0.009
	 -0.012	  0.199	  0.980

3 	  43.75	  -1.30	   3.71
	  0.552	  0.291	  0.781
	 -0.316	  0.940	 -0.127
	 -0.772	 -0.177	  0.610

4 	  38.57	   4.45	   0.46
	  0.597	  0.800	 -0.063
	 -0.780	  0.596	  0.189
	  0.188	 -0.064	  0.980

5 	  38.92	   8.96	  11.07
	  0.363	  0.486	  0.795
	 -0.011	 -0.851	  0.525
	  0.932	 -0.199	 -0.304

6 	  42.59	  15.36	  18.76
	  0.371	  0.360	  0.855
	 -0.925	  0.227	  0.306
	 -0.084	 -0.905	  0.417

7 	  39.52	  -8.26	   0.46
	  0.762	 -0.603	 -0.236
	  0.490	  0.775	 -0.399
	  0.423	  0.188	  0.886

8 	  39.90	 -10.55	  11.41
	  0.387	 -0.338	  0.858
	 -0.010	 -0.932	 -0.362
	  0.922	  0.131	 -0.364

9 	  45.95	 -15.08	  19.79
	  0.246	 -0.264	  0.932
	  0.776	  0.630	 -0.026
	 -0.581	  0.730	  0.359

2 	  32.61	  -8.38	  22.96
	 -0.015	  0.979	 -0.200
	 -1.000	 -0.017	 -0.009
	 -0.012	  0.200	  0.980

3 	  43.72	  -1.20	   3.69
	  0.546	  0.290	  0.786
	 -0.317	  0.940	 -0.126
	 -0.775	 -0.181	  0.605

4 	  38.48	   4.48	   0.37
	  0.577	  0.810	 -0.103
	 -0.792	  0.586	  0.173
	  0.200	 -0.018	  0.979

5 	  38.87	   9.53	  10.69
	  0.362	  0.551	  0.752
	  0.028	 -0.813	  0.582
	  0.931	 -0.190	 -0.310

6 	  42.45	  16.47	  17.91
	  0.374	  0.427	  0.823
	 -0.926	  0.211	  0.311
	 -0.041	 -0.879	  0.474

7 	  39.50	  -8.17	   0.37
	  0.760	 -0.599	 -0.251
	  0.487	  0.781	 -0.390
	  0.430	  0.173	  0.886

8 	  40.13	 -10.86	  11.13
	  0.403	 -0.395	  0.825
	 -0.063	 -0.912	 -0.406
	  0.913	  0.112	 -0.392

9 	  46.07	 -15.98	  19.09
	  0.254	 -0.322	  0.912
	  0.792	  0.610	 -0.005
	 -0.554	  0.724	  0.410

2 	  32.61	  -8.38	  22.96
	 -0.015	  0.979	 -0.200
	 -1.000	 -0.017	 -0.009
	 -0.013	  0.199	  0.979

3 	  43.72	  -1.11	   3.64
	  0.541	  0.290	  0.789
	 -0.319	  0.939	 -0.127
	 -0.778	 -0.183	  0.601

4 	  38.39	   4.43	   0.19
	  0.554	  0.819	 -0.151
	 -0.804	  0.573	  0.157
	  0.215	  0.034	  0.976

5 	  38.83	  10.05	  10.05
	  0.365	  0.620	  0.695
	  0.076	 -0.764	  0.641
	  0.928	 -0.181	 -0.326

6 	  42.35	  17.84	  16.40
	  0.385	  0.516	  0.764
	 -0.922	  0.188	  0.338
	  0.031	 -0.835	  0.549

7 	  39.50	  -8.09	   0.23
	  0.755	 -0.594	 -0.275
	  0.484	  0.789	 -0.377
	  0.441	  0.152	  0.885

8 	  40.48	 -11.32	  10.74
	  0.430	 -0.466	  0.773
	 -0.133	 -0.880	 -0.456
	  0.893	  0.094	 -0.440

9 	  46.53	 -17.37	  17.77
	  0.281	 -0.406	  0.870
	  0.822	  0.569	  0.000
	 -0.495	  0.715	  0.493

2 	  32.61	  -8.38	  22.96
	 -0.015	  0.979	 -0.200
	 -1.000	 -0.017	 -0.009
	 -0.012	  0.199	  0.980

3 	  43.70	  -1.05	   3.59
	  0.535	  0.295	  0.792
	 -0.322	  0.937	 -0.132
	 -0.781	 -0.185	  0.596

4 	  38.23	   4.36	   0.02
	  0.530	  0.824	 -0.198
	 -0.817	  0.559	  0.140
	  0.226	  0.088	  0.970

5 	  38.69	  10.53	   9.42
	  0.360	  0.679	  0.639
	  0.115	 -0.712	  0.692
	  0.926	 -0.176	 -0.335

6 	  42.12	  18.84	  15.10
	  0.386	  0.586	  0.712
	 -0.920	  0.182	  0.348
	  0.074	 -0.789	  0.609

7 	  39.43	  -7.96	   0.07
	  0.745	 -0.590	 -0.312
	  0.482	  0.799	 -0.358
	  0.460	  0.116	  0.880

8 	  40.90	 -11.90	  10.14
	  0.468	 -0.538	  0.701
	 -0.217	 -0.839	 -0.499
	  0.856	  0.082	 -0.509

9 	  47.07	 -18.69	  16.07
	  0.324	 -0.486	  0.811
	  0.850	  0.526	 -0.025
	 -0.415	  0.698	  0.583

2 	  32.61	  -8.38	  22.96
	 -0.015	  0.979	 -0.200
	 -1.000	 -0.017	 -0.009
	 -0.012	  0.200	  0.980

3 	  43.65	  -1.02	   3.53
	  0.528	  0.298	  0.795
	 -0.326	  0.936	 -0.134
	 -0.784	 -0.188	  0.591

4 	  38.13	   4.20	  -0.19
	  0.508	  0.826	 -0.243
	 -0.828	  0.546	  0.127
	  0.238	  0.136	  0.961

5 	  38.60	  10.90	   8.75
	  0.356	  0.728	  0.586
	  0.147	 -0.663	  0.734
	  0.923	 -0.175	 -0.343

6 	  41.96	  19.63	  13.71
	  0.389	  0.643	  0.660
	 -0.915	  0.186	  0.357
	  0.107	 -0.743	  0.660

7 	  39.30	  -7.93	  -0.12
	  0.724	 -0.590	 -0.357
	  0.488	  0.804	 -0.338
	  0.486	  0.071	  0.871

8 	  41.40	 -12.46	   9.40
	  0.509	 -0.612	  0.606
	 -0.313	 -0.787	 -0.531
	  0.802	  0.081	 -0.592

9 	  47.72	 -19.95	  14.03
	  0.373	 -0.566	  0.735
	  0.874	  0.480	 -0.074
	 -0.312	  0.670	  0.673

2 	  32.61	  -8.38	  22.96
	 -0.015	  0.979	 -0.200
	 -1.000	 -0.017	 -0.009
	 -0.012	  0.199	  0.980

3 	  43.61	  -0.98	   3.45
	  0.524	  0.298	  0.798
	 -0.330	  0.934	 -0.133
	 -0.786	 -0.194	  0.587

4 	  38.04	   4.10	  -0.35
	  0.490	  0.826	 -0.276
	 -0.835	  0.536	  0.122
	  0.249	  0.171	  0.953

5 	  38.60	  11.16	   8.23
	  0.355	  0.765	  0.536
	  0.180	 -0.619	  0.764
	  0.917	 -0.175	 -0.358

6 	  41.85	  20.25	  12.59
	  0.390	  0.690	  0.609
	 -0.908	  0.179	  0.378
	  0.152	 -0.701	  0.697

7 	  39.16	  -7.80	  -0.30
	  0.703	 -0.585	 -0.404
	  0.493	  0.810	 -0.316
	  0.512	  0.023	  0.858

8 	  41.89	 -13.01	   8.58
	  0.542	 -0.678	  0.496
	 -0.418	 -0.730	 -0.541
	  0.728	  0.086	 -0.680

9 	  48.13	 -21.15	  11.65
	  0.420	 -0.641	  0.642
	  0.890	  0.429	 -0.155
	 -0.176	  0.636	  0.751

2 	  32.61	  -8.38	  22.96
	 -0.015	  0.979	 -0.200
	 -1.000	 -0.017	 -0.009
	 -0.012	  0.199	  0.980

3 	  43.56	  -0.95	   3.32
	  0.521	  0.298	  0.800
	 -0.338	  0.932	 -0.128
	 -0.784	 -0.204	  0.586

4 	  37.90	   3.96	  -0.53
	  0.471	  0.824	 -0.315
	 -0.841	  0.527	  0.122
	  0.266	  0.207	  0.941

5 	  38.62	  11.43	   7.65
	  0.361	  0.798	  0.482
	  0.219	 -0.576	  0.788
	  0.906	 -0.179	 -0.383

6 	  41.91	  20.72	  11.43
	  0.401	  0.729	  0.555
	 -0.895	  0.183	  0.406
	  0.194	 -0.660	  0.726

7 	  39.08	  -7.63	  -0.49
	  0.681	 -0.572	 -0.458
	  0.492	  0.820	 -0.292
	  0.542	 -0.027	  0.840

8 	  42.36	 -13.48	   7.58
	  0.558	 -0.736	  0.383
	 -0.528	 -0.672	 -0.520
	  0.640	  0.088	 -0.763

9 	  48.27	 -22.20	   9.32
	  0.450	 -0.706	  0.547
	  0.892	  0.374	 -0.252
	 -0.027	  0.601	  0.798

2 	  32.59	  -8.38	  22.96
	 -0.015	  0.979	 -0.200
	 -1.000	 -0.017	 -0.009
	 -0.013	  0.200	  0.980

3 	  43.52	  -0.90	   3.25
	  0.518	  0.299	  0.801
	 -0.350	  0.929	 -0.120
	 -0.780	 -0.219	  0.586

4 	  37.83	   3.87	  -0.70
	  0.455	  0.819	 -0.349
	 -0.843	  0.522	  0.127
	  0.286	  0.237	  0.928

5 	  38.74	  11.65	   7.12
	  0.368	  0.823	  0.432
	  0.254	 -0.536	  0.805
	  0.894	 -0.187	 -0.407

6 	  41.96	  21.23	  10.32
	  0.409	  0.765	  0.497
	 -0.877	  0.179	  0.445
	  0.252	 -0.618	  0.744

7 	  38.99	  -7.52	  -0.70
	  0.660	 -0.559	 -0.501
	  0.495	  0.826	 -0.269
	  0.564	 -0.071	  0.822

8 	  42.61	 -13.82	   6.73
	  0.560	 -0.778	  0.285
	 -0.611	 -0.620	 -0.492
	  0.560	  0.101	 -0.822

9 	  48.15	 -22.90	   7.29
	  0.464	 -0.758	  0.459
	  0.880	  0.338	 -0.333
	  0.097	  0.558	  0.824

2 	  32.59	  -8.38	  22.96
	 -0.015	  0.979	 -0.200
	 -1.000	 -0.017	 -0.009
	 -0.012	  0.199	  0.980

3 	  43.51	  -0.83	   3.11
	  0.519	  0.302	  0.800
	 -0.368	  0.923	 -0.110
	 -0.772	 -0.238	  0.590

4 	  37.72	   3.76	  -0.84
	  0.437	  0.814	 -0.382
	 -0.847	  0.515	  0.130
	  0.302	  0.267	  0.915

5 	  38.76	  11.81	   6.64
	  0.373	  0.844	  0.385
	  0.299	 -0.503	  0.811
	  0.878	 -0.187	 -0.440

6 	  41.92	  21.59	   9.23
	  0.418	  0.799	  0.432
	 -0.839	  0.157	  0.520
	  0.348	 -0.581	  0.736

7 	  38.88	  -7.44	  -0.84
	  0.641	 -0.550	 -0.536
	  0.497	  0.829	 -0.256
	  0.584	 -0.103	  0.805

8 	  42.75	 -14.10	   5.94
	  0.552	 -0.810	  0.197
	 -0.677	 -0.574	 -0.460
	  0.485	  0.120	 -0.866

9 	  47.97	 -23.33	   5.48
	  0.474	 -0.795	  0.377
	  0.854	  0.312	 -0.416
	  0.212	  0.520	  0.827

2 	  32.59	  -8.38	  22.96
	 -0.015	  0.979	 -0.200
	 -1.000	 -0.017	 -0.009
	 -0.013	  0.199	  0.980

3 	  43.45	  -0.79	   3.01
	  0.519	  0.307	  0.797
	 -0.387	  0.916	 -0.101
	 -0.762	 -0.256	  0.594

4 	  37.60	   3.64	  -0.97
	  0.421	  0.809	 -0.409
	 -0.849	  0.511	  0.137
	  0.320	  0.289	  0.902

5 	  38.81	  11.94	   6.26
	  0.376	  0.859	  0.347
	  0.341	 -0.477	  0.810
	  0.861	 -0.187	 -0.473

6 	  41.84	  21.85	   8.42
	  0.421	  0.827	  0.373
	 -0.785	  0.126	  0.607
	  0.455	 -0.548	  0.702

7 	  38.81	  -7.37	  -0.97
	  0.623	 -0.540	 -0.565
	  0.494	  0.832	 -0.250
	  0.606	 -0.123	  0.786

8 	  42.91	 -14.22	   5.31
	  0.541	 -0.832	  0.121
	 -0.738	 -0.539	 -0.406
	  0.403	  0.131	 -0.906

9 	  47.53	 -23.89	   3.81
	  0.477	 -0.827	  0.297
	  0.795	  0.263	 -0.546
	  0.373	  0.497	  0.783

2 	  32.59	  -8.40	  22.96
	 -0.015	  0.980	 -0.200
	 -1.000	 -0.017	 -0.009
	 -0.013	  0.199	  0.980

3 	  43.35	  -0.72	   2.92
	  0.518	  0.315	  0.795
	 -0.407	  0.908	 -0.095
	 -0.753	 -0.275	  0.598

4 	  37.44	   3.53	  -1.09
	  0.405	  0.805	 -0.433
	 -0.851	  0.505	  0.142
	  0.333	  0.311	  0.890

5 	  38.79	  12.02	   5.89
	  0.377	  0.874	  0.307
	  0.383	 -0.449	  0.807
	  0.843	 -0.187	 -0.505

6 	  41.71	  22.01	   7.56
	  0.419	  0.855	  0.305
	 -0.708	  0.098	  0.699
	  0.568	 -0.510	  0.646

7 	  38.74	  -7.28	  -1.02
	  0.611	 -0.529	 -0.589
	  0.486	  0.838	 -0.248
	  0.625	 -0.135	  0.769

8 	  43.05	 -14.34	   4.69
	  0.530	 -0.846	  0.053
	 -0.781	 -0.512	 -0.356
	  0.328	  0.147	 -0.933

9 	  47.21	 -24.10	   2.55
	  0.487	 -0.843	  0.228
	  0.715	  0.235	 -0.658
	  0.501	  0.484	  0.717

2 	  32.59	  -8.40	  22.96
	 -0.015	  0.980	 -0.199
	 -1.000	 -0.017	 -0.009
	 -0.012	  0.199	  0.980

3 	  43.29	  -0.67	   2.85
	  0.517	  0.324	  0.792
	 -0.426	  0.900	 -0.091
	 -0.743	 -0.290	  0.603

4 	  37.30	   3.43	  -1.21
	  0.387	  0.799	 -0.459
	 -0.853	  0.499	  0.150
	  0.349	  0.333	  0.876

5 	  38.79	  12.11	   5.50
	  0.378	  0.886	  0.268
	  0.422	 -0.423	  0.801
	  0.823	 -0.190	 -0.534

6 	  41.55	  22.25	   6.77
	  0.408	  0.879	  0.244
	 -0.629	  0.077	  0.773
	  0.661	 -0.470	  0.585

7 	  38.69	  -7.21	  -1.12
	  0.597	 -0.516	 -0.614
	  0.473	  0.845	 -0.249
	  0.647	 -0.142	  0.749

8 	  43.21	 -14.43	   4.08
	  0.522	 -0.853	 -0.015
	 -0.815	 -0.494	 -0.304
	  0.251	  0.171	 -0.953

9 	  47.00	 -24.17	   1.23
	  0.496	 -0.854	  0.155
	  0.622	  0.225	 -0.750
	  0.605	  0.469	  0.643

2 	  32.59	  -8.38	  22.96
	 -0.015	  0.980	 -0.200
	 -1.000	 -0.017	 -0.009
	 -0.012	  0.199	  0.980

3 	  43.22	  -0.63	   2.72
	  0.518	  0.335	  0.787
	 -0.443	  0.892	 -0.088
	 -0.731	 -0.303	  0.611

4 	  37.14	   3.29	  -1.32
	  0.372	  0.791	 -0.485
	 -0.855	  0.495	  0.153
	  0.362	  0.357	  0.861

5 	  38.81	  12.16	   5.12
	  0.379	  0.897	  0.226
	  0.463	 -0.395	  0.793
	  0.801	 -0.196	 -0.565

6 	  41.47	  22.24	   6.06
	  0.397	  0.899	  0.184
	 -0.525	  0.057	  0.849
	  0.753	 -0.434	  0.495

7 	  38.62	  -7.15	  -1.16
	  0.583	 -0.501	 -0.640
	  0.459	  0.853	 -0.249
	  0.670	 -0.149	  0.727

8 	  43.38	 -14.50	   3.38
	  0.512	 -0.854	 -0.092
	 -0.842	 -0.479	 -0.248
	  0.167	  0.204	 -0.964

9 	  46.83	 -24.21	  -0.09
	  0.504	 -0.861	  0.068
	  0.485	  0.217	 -0.847
	  0.714	  0.460	  0.527

2 	  32.59	  -8.38	  22.96
	 -0.015	  0.980	 -0.200
	 -1.000	 -0.017	 -0.009
	 -0.012	  0.199	  0.980

3 	  43.17	  -0.60	   2.64
	  0.520	  0.343	  0.782
	 -0.459	  0.884	 -0.082
	 -0.720	 -0.317	  0.617

4 	  37.02	   3.18	  -1.39
	  0.359	  0.784	 -0.505
	 -0.855	  0.493	  0.158
	  0.373	  0.375	  0.848

5 	  38.79	  12.20	   4.80
	  0.377	  0.905	  0.194
	  0.498	 -0.375	  0.782
	  0.781	 -0.199	 -0.592

6 	  41.27	  22.43	   5.61
	  0.377	  0.915	  0.141
	 -0.442	  0.043	  0.896
	  0.813	 -0.401	  0.421

7 	  38.53	  -7.10	  -1.25
	  0.566	 -0.484	 -0.667
	  0.445	  0.860	 -0.247
	  0.693	 -0.158	  0.703

8 	  43.59	 -14.45	   2.65
	  0.503	 -0.848	 -0.164
	 -0.860	 -0.474	 -0.188
	  0.082	  0.235	 -0.968

9 	  46.63	 -24.08	  -1.39
	  0.509	 -0.860	 -0.016
	  0.324	  0.209	 -0.923
	  0.797	  0.465	  0.385

2 	  32.61	  -8.40	  22.96
	 -0.015	  0.980	 -0.200
	 -1.000	 -0.017	 -0.009
	 -0.012	  0.199	  0.980

3 	  43.08	  -0.54	   2.58
	  0.521	  0.348	  0.779
	 -0.475	  0.877	 -0.074
	 -0.709	 -0.332	  0.623

4 	  36.86	   3.11	  -1.41
	  0.344	  0.780	 -0.523
	 -0.859	  0.486	  0.161
	  0.380	  0.393	  0.837

5 	  38.78	  12.25	   4.64
	  0.377	  0.911	  0.169
	  0.536	 -0.363	  0.762
	  0.755	 -0.197	 -0.626

6 	  41.17	  22.39	   5.31
	  0.361	  0.926	  0.107
	 -0.342	  0.025	  0.939
	  0.867	 -0.376	  0.326

7 	  38.48	  -6.96	  -1.32
	  0.554	 -0.465	 -0.690
	  0.430	  0.870	 -0.241
	  0.712	 -0.164	  0.682

8 	  43.77	 -14.33	   1.99
	  0.493	 -0.839	 -0.231
	 -0.870	 -0.477	 -0.126
	 -0.005	  0.263	 -0.965

9 	  46.46	 -23.96	  -2.69
	  0.509	 -0.854	 -0.108
	  0.107	  0.188	 -0.976
	  0.854	  0.486	  0.187

2 	  32.61	  -8.40	  22.96
	 -0.015	  0.980	 -0.200
	 -1.000	 -0.017	 -0.009
	 -0.012	  0.199	  0.980

3 	  43.01	  -0.44	   2.51
	  0.523	  0.352	  0.776
	 -0.492	  0.868	 -0.062
	 -0.695	 -0.349	  0.628

4 	  36.67	   3.06	  -1.42
	  0.327	  0.777	 -0.538
	 -0.865	  0.475	  0.160
	  0.380	  0.412	  0.828

5 	  38.78	  12.27	   4.48
	  0.377	  0.916	  0.139
	  0.590	 -0.353	  0.726
	  0.714	 -0.191	 -0.674

6 	  41.06	  22.41	   4.97
	  0.344	  0.936	  0.069
	 -0.231	  0.013	  0.973
	  0.910	 -0.351	  0.221

7 	  38.44	  -6.84	  -1.39
	  0.541	 -0.445	 -0.713
	  0.417	  0.879	 -0.231
	  0.729	 -0.173	  0.662

8 	  43.89	 -14.19	   1.35
	  0.481	 -0.828	 -0.287
	 -0.873	 -0.483	 -0.070
	 -0.081	  0.284	 -0.955

9 	  46.34	 -23.66	  -3.67
	  0.503	 -0.845	 -0.181
	 -0.072	  0.168	 -0.983
	  0.861	  0.507	  0.024

2 	  32.61	  -8.40	  22.96
	 -0.015	  0.980	 -0.200
	 -1.000	 -0.017	 -0.009
	 -0.012	  0.199	  0.980

3 	  42.93	  -0.33	   2.46
	  0.525	  0.357	  0.773
	 -0.509	  0.859	 -0.051
	 -0.682	 -0.366	  0.632

4 	  36.49	   3.06	  -1.41
	  0.307	  0.779	 -0.547
	 -0.875	  0.456	  0.159
	  0.373	  0.430	  0.822

5 	  38.67	  12.32	   4.38
	  0.370	  0.921	  0.120
	  0.622	 -0.342	  0.704
	  0.690	 -0.186	 -0.699

6 	  40.80	  22.48	   4.69
	  0.324	  0.945	  0.046
	 -0.173	  0.011	  0.985
	  0.930	 -0.328	  0.167

7 	  38.36	  -6.70	  -1.46
	  0.530	 -0.424	 -0.735
	  0.405	  0.887	 -0.219
	  0.745	 -0.182	  0.642

8 	  43.95	 -13.97	   0.72
	  0.467	 -0.816	 -0.340
	 -0.873	 -0.487	 -0.028
	 -0.143	  0.309	 -0.940

9 	  46.09	 -23.43	  -4.69
	  0.486	 -0.838	 -0.246
	 -0.202	  0.166	 -0.965
	  0.850	  0.519	 -0.088

2 	  32.59	  -8.38	  22.96
	 -0.015	  0.980	 -0.200
	 -1.000	 -0.017	 -0.009
	 -0.013	  0.199	  0.980

3 	  42.87	  -0.21	   2.39
	  0.526	  0.360	  0.770
	 -0.524	  0.850	 -0.040
	 -0.670	 -0.383	  0.636

4 	  36.33	   3.08	  -1.39
	  0.290	  0.781	 -0.553
	 -0.881	  0.443	  0.164
	  0.374	  0.440	  0.816

5 	  38.65	  12.32	   4.24
	  0.372	  0.922	  0.103
	  0.645	 -0.337	  0.686
	  0.667	 -0.189	 -0.720

6 	  40.80	  22.50	   4.48
	  0.321	  0.946	  0.029
	 -0.133	  0.014	  0.991
	  0.937	 -0.322	  0.130

7 	  38.32	  -6.57	  -1.53
	  0.521	 -0.405	 -0.752
	  0.396	  0.894	 -0.207
	  0.756	 -0.190	  0.626

8 	  43.96	 -13.85	   0.26
	  0.450	 -0.810	 -0.376
	 -0.873	 -0.488	  0.005
	 -0.188	  0.325	 -0.927

9 	  45.84	 -23.38	  -5.40
	  0.465	 -0.836	 -0.290
	 -0.301	  0.159	 -0.940
	  0.832	  0.525	 -0.178

2 	  32.59	  -8.38	  22.96
	 -0.015	  0.980	 -0.200
	 -1.000	 -0.017	 -0.010
	 -0.013	  0.199	  0.980

3 	  42.86	  -0.12	   2.34
	  0.529	  0.361	  0.768
	 -0.532	  0.846	 -0.032
	 -0.661	 -0.392	  0.639

4 	  36.28	   3.08	  -1.39
	  0.278	  0.779	 -0.561
	 -0.879	  0.442	  0.178
	  0.386	  0.443	  0.809

5 	  38.64	  12.45	   4.15
	  0.370	  0.925	  0.090
	  0.659	 -0.330	  0.676
	  0.655	 -0.191	 -0.731

6 	  40.78	  22.55	   4.29
	  0.317	  0.948	  0.015
	 -0.105	  0.019	  0.994
	  0.942	 -0.317	  0.106

7 	  38.29	  -6.49	  -1.58
	  0.509	 -0.392	 -0.767
	  0.392	  0.898	 -0.198
	  0.766	 -0.200	  0.611

8 	  43.91	 -13.82	  -0.14
	  0.422	 -0.810	 -0.408
	 -0.873	 -0.484	  0.057
	 -0.244	  0.332	 -0.911

9 	  45.42	 -23.33	  -5.94
	  0.433	 -0.838	 -0.331
	 -0.426	  0.133	 -0.895
	  0.794	  0.529	 -0.299

2 	  32.59	  -8.38	  22.96
	 -0.015	  0.979	 -0.200
	 -1.000	 -0.017	 -0.009
	 -0.012	  0.199	  0.980

3 	  42.82	  -0.11	   2.29
	  0.531	  0.362	  0.766
	 -0.537	  0.843	 -0.026
	 -0.656	 -0.397	  0.642

4 	  36.21	   3.06	  -1.41
	  0.271	  0.776	 -0.568
	 -0.877	  0.443	  0.186
	  0.396	  0.448	  0.801

5 	  38.65	  12.43	   4.01
	  0.372	  0.925	  0.077
	  0.668	 -0.325	  0.669
	  0.644	 -0.198	 -0.739

6 	  40.83	  22.52	   4.01
	  0.315	  0.949	  0.000
	 -0.078	  0.026	  0.996
	  0.946	 -0.314	  0.082

7 	  38.20	  -6.43	  -1.62
	  0.483	 -0.373	 -0.792
	  0.389	  0.902	 -0.187
	  0.784	 -0.218	  0.580

8 	  43.84	 -13.71	  -0.70
	  0.389	 -0.804	 -0.449
	 -0.865	 -0.487	  0.121
	 -0.316	  0.341	 -0.885

9 	  44.95	 -23.36	  -6.70
	  0.392	 -0.838	 -0.379
	 -0.548	  0.118	 -0.828
	  0.739	  0.533	 -0.413

2 	  32.59	  -8.38	  22.96
	 -0.015	  0.979	 -0.200
	 -1.000	 -0.017	 -0.009
	 -0.012	  0.200	  0.979

3 	  42.80	  -0.11	   2.23
	  0.536	  0.362	  0.762
	 -0.540	  0.841	 -0.020
	 -0.648	 -0.401	  0.647

4 	  36.11	   3.01	  -1.41
	  0.260	  0.770	 -0.582
	 -0.872	  0.446	  0.200
	  0.414	  0.456	  0.788

5 	  38.71	  12.45	   3.87
	  0.376	  0.924	  0.059
	  0.682	 -0.320	  0.658
	  0.627	 -0.208	 -0.751

6 	  40.85	  22.52	   3.73
	  0.311	  0.950	 -0.019
	 -0.047	  0.035	  0.998
	  0.949	 -0.310	  0.055

7 	  37.97	  -6.31	  -1.72
	  0.439	 -0.343	 -0.830
	  0.382	  0.908	 -0.173
	  0.813	 -0.241	  0.530

8 	  43.75	 -13.52	  -1.56
	  0.355	 -0.789	 -0.501
	 -0.835	 -0.508	  0.209
	 -0.420	  0.344	 -0.840

9 	  44.56	 -23.01	  -7.79
	  0.360	 -0.824	 -0.438
	 -0.678	  0.091	 -0.729
	  0.641	  0.559	 -0.526

2 	  32.59	  -8.38	  22.96
	 -0.015	  0.979	 -0.200
	 -1.000	 -0.017	 -0.009
	 -0.013	  0.199	  0.979

3 	  42.73	  -0.14	   2.11
	  0.547	  0.362	  0.754
	 -0.544	  0.839	 -0.008
	 -0.636	 -0.406	  0.656

4 	  36.02	   2.97	  -1.41
	  0.252	  0.765	 -0.593
	 -0.867	  0.451	  0.213
	  0.430	  0.460	  0.776

5 	  38.76	  12.41	   3.66
	  0.383	  0.923	  0.039
	  0.695	 -0.316	  0.646
	  0.608	 -0.221	 -0.762

6 	  40.94	  22.50	   3.41
	  0.312	  0.949	 -0.037
	 -0.025	  0.047	  0.998
	  0.949	 -0.311	  0.038

7 	  37.81	  -6.15	  -1.83
	  0.408	 -0.313	 -0.857
	  0.373	  0.914	 -0.157
	  0.833	 -0.256	  0.490

8 	  43.65	 -13.31	  -2.25
	  0.331	 -0.770	 -0.546
	 -0.812	 -0.527	  0.252
	 -0.482	  0.359	 -0.799

9 	  44.19	 -22.68	  -8.70
	  0.335	 -0.808	 -0.484
	 -0.745	  0.087	 -0.661
	  0.576	  0.582	 -0.573

2 	  32.59	  -8.38	  22.96
	 -0.015	  0.979	 -0.200
	 -1.000	 -0.017	 -0.009
	 -0.012	  0.199	  0.980

3 	  42.70	  -0.12	   2.07
	  0.551	  0.364	  0.751
	 -0.550	  0.835	 -0.002
	 -0.628	 -0.412	  0.660

4 	  35.93	   2.92	  -1.42
	  0.246	  0.762	 -0.599
	 -0.863	  0.453	  0.222
	  0.441	  0.462	  0.769

5 	  38.76	  12.43	   3.52
	  0.385	  0.922	  0.024
	  0.704	 -0.311	  0.639
	  0.597	 -0.229	 -0.769

6 	  40.96	  22.50	   3.08
	  0.308	  0.950	 -0.056
	 -0.003	  0.060	  0.998
	  0.951	 -0.307	  0.021

7 	  37.69	  -6.05	  -1.92
	  0.381	 -0.287	 -0.879
	  0.360	  0.921	 -0.145
	  0.851	 -0.261	  0.454

8 	  43.51	 -13.08	  -2.94
	  0.307	 -0.748	 -0.588
	 -0.787	 -0.547	  0.285
	 -0.535	  0.375	 -0.757

9 	  43.91	 -22.20	  -9.65
	  0.311	 -0.788	 -0.531
	 -0.807	  0.075	 -0.586
	  0.502	  0.610	 -0.613

2 	  32.61	  -8.38	  22.96
	 -0.015	  0.979	 -0.200
	 -1.000	 -0.017	 -0.009
	 -0.013	  0.199	  0.980

3 	  42.64	  -0.14	   2.02
	  0.553	  0.369	  0.747
	 -0.555	  0.832	 -0.000
	 -0.622	 -0.415	  0.664

4 	  35.93	   2.88	  -1.46
	  0.241	  0.760	 -0.604
	 -0.861	  0.454	  0.228
	  0.448	  0.465	  0.764

5 	  38.74	  12.43	   3.41
	  0.383	  0.923	  0.015
	  0.708	 -0.305	  0.637
	  0.593	 -0.233	 -0.771

6 	  40.87	  22.50	   2.83
	  0.298	  0.952	 -0.070
	  0.011	  0.069	  0.997
	  0.954	 -0.298	  0.010

7 	  37.56	  -5.96	  -2.02
	  0.351	 -0.259	 -0.900
	  0.347	  0.928	 -0.131
	  0.869	 -0.267	  0.416

8 	  43.35	 -12.87	  -3.66
	  0.276	 -0.722	 -0.634
	 -0.763	 -0.566	  0.312
	 -0.585	  0.397	 -0.707

9 	  43.44	 -21.74	 -10.74
	  0.277	 -0.767	 -0.579
	 -0.859	  0.072	 -0.507
	  0.431	  0.637	 -0.639

2 	  32.61	  -8.38	  22.96
	 -0.015	  0.979	 -0.200
	 -1.000	 -0.017	 -0.009
	 -0.013	  0.199	  0.980

3 	  42.63	  -0.12	   2.00
	  0.554	  0.373	  0.744
	 -0.560	  0.828	  0.001
	 -0.616	 -0.417	  0.668

4 	  35.91	   2.85	  -1.48
	  0.237	  0.756	 -0.610
	 -0.858	  0.457	  0.234
	  0.456	  0.468	  0.757

5 	  38.74	  12.43	   3.30
	  0.383	  0.924	  0.007
	  0.712	 -0.300	  0.635
	  0.589	 -0.238	 -0.773

6 	  40.87	  22.48	   2.62
	  0.291	  0.953	 -0.080
	  0.023	  0.077	  0.997
	  0.956	 -0.293	 -0.000

7 	  37.42	  -5.87	  -2.09
	  0.319	 -0.231	 -0.919
	  0.338	  0.933	 -0.117
	  0.885	 -0.274	  0.376

8 	  43.08	 -12.60	  -4.41
	  0.242	 -0.686	 -0.686
	 -0.743	 -0.585	  0.323
	 -0.624	  0.432	 -0.651

9 	  42.82	 -21.22	 -11.94
	  0.238	 -0.736	 -0.634
	 -0.899	  0.079	 -0.430
	  0.367	  0.672	 -0.643

2 	  32.59	  -8.38	  22.96
	 -0.015	  0.979	 -0.200
	 -1.000	 -0.017	 -0.010
	 -0.013	  0.200	  0.980

3 	  42.59	  -0.18	   1.93
	  0.561	  0.375	  0.738
	 -0.560	  0.828	  0.005
	 -0.610	 -0.416	  0.674

4 	  35.86	   2.81	  -1.49
	  0.235	  0.752	 -0.615
	 -0.852	  0.464	  0.242
	  0.467	  0.467	  0.750

5 	  38.81	  12.38	   3.20
	  0.387	  0.922	 -0.003
	  0.716	 -0.299	  0.630
	  0.580	 -0.246	 -0.777

6 	  41.01	  22.41	   2.48
	  0.291	  0.952	 -0.089
	  0.038	  0.082	  0.996
	  0.956	 -0.294	 -0.013

7 	  37.23	  -5.78	  -2.16
	  0.286	 -0.209	 -0.935
	  0.333	  0.936	 -0.108
	  0.898	 -0.281	  0.338

8 	  42.75	 -12.29	  -5.15
	  0.208	 -0.643	 -0.737
	 -0.725	 -0.607	  0.325
	 -0.657	  0.466	 -0.593

9 	  42.15	 -20.51	 -13.15
	  0.196	 -0.698	 -0.688
	 -0.932	  0.085	 -0.352
	  0.304	  0.711	 -0.634

2 	  32.59	  -8.38	  22.97
	 -0.015	  0.980	 -0.200
	 -1.000	 -0.017	 -0.009
	 -0.013	  0.199	  0.980

3 	  42.57	  -0.23	   1.88
	  0.568	  0.376	  0.731
	 -0.558	  0.829	  0.007
	 -0.604	 -0.412	  0.681

4 	  35.84	   2.78	  -1.51
	  0.237	  0.749	 -0.618
	 -0.844	  0.474	  0.251
	  0.481	  0.462	  0.745

5 	  38.92	  12.34	   3.11
	  0.393	  0.919	 -0.010
	  0.720	 -0.302	  0.625
	  0.571	 -0.254	 -0.781

6 	  41.13	  22.36	   2.36
	  0.292	  0.951	 -0.096
	  0.051	  0.084	  0.995
	  0.955	 -0.296	 -0.024

7 	  37.09	  -5.70	  -2.23
	  0.255	 -0.182	 -0.949
	  0.332	  0.939	 -0.090
	  0.908	 -0.292	  0.300

8 	  42.43	 -11.99	  -5.87
	  0.173	 -0.591	 -0.788
	 -0.718	 -0.623	  0.310
	 -0.674	  0.512	 -0.532

9 	  41.38	 -19.63	 -14.47
	  0.153	 -0.650	 -0.744
	 -0.951	  0.109	 -0.290
	  0.270	  0.752	 -0.602

2 	  32.61	  -8.38	  22.96
	 -0.015	  0.979	 -0.200
	 -1.000	 -0.017	 -0.009
	 -0.012	  0.199	  0.980

3 	  42.57	  -0.25	   1.86
	  0.570	  0.377	  0.729
	 -0.558	  0.830	  0.007
	 -0.603	 -0.411	  0.684

4 	  35.86	   2.72	  -1.56
	  0.241	  0.745	 -0.622
	 -0.835	  0.486	  0.258
	  0.495	  0.457	  0.739

5 	  39.04	  12.29	   2.87
	  0.402	  0.915	 -0.029
	  0.723	 -0.298	  0.623
	  0.561	 -0.272	 -0.782

6 	  41.36	  22.22	   1.88
	  0.299	  0.947	 -0.117
	  0.064	  0.102	  0.993
	  0.952	 -0.305	 -0.030

7 	  36.98	  -5.61	  -2.30
	  0.230	 -0.157	 -0.960
	  0.333	  0.940	 -0.074
	  0.914	 -0.303	  0.268

8 	  42.12	 -11.71	  -6.40
	  0.143	 -0.552	 -0.821
	 -0.716	 -0.630	  0.299
	 -0.683	  0.545	 -0.486

9 	  40.80	 -18.98	 -15.29
	  0.121	 -0.616	 -0.778
	 -0.958	  0.132	 -0.254
	  0.259	  0.776	 -0.575

2 	  32.61	  -8.40	  22.96
	 -0.015	  0.979	 -0.200
	 -1.000	 -0.017	 -0.009
	 -0.012	  0.199	  0.980

3 	  42.57	  -0.32	   1.79
	  0.573	  0.380	  0.726
	 -0.556	  0.831	  0.003
	 -0.603	 -0.406	  0.687

4 	  35.84	   2.67	  -1.62
	  0.241	  0.739	 -0.629
	 -0.827	  0.496	  0.266
	  0.508	  0.455	  0.731

5 	  39.08	  12.27	   2.64
	  0.406	  0.913	 -0.046
	  0.726	 -0.291	  0.623
	  0.555	 -0.286	 -0.781

6 	  41.38	  22.22	   1.55
	  0.298	  0.945	 -0.134
	  0.070	  0.118	  0.990
	  0.952	 -0.305	 -0.031

7 	  36.86	  -5.55	  -2.36
	  0.210	 -0.143	 -0.967
	  0.336	  0.939	 -0.066
	  0.918	 -0.311	  0.245

8 	  41.87	 -11.58	  -6.73
	  0.121	 -0.529	 -0.840
	 -0.715	 -0.633	  0.296
	 -0.688	  0.565	 -0.455

9 	  40.31	 -18.62	 -15.77
	  0.097	 -0.596	 -0.797
	 -0.963	  0.146	 -0.227
	  0.251	  0.790	 -0.559

2 	  32.59	  -8.38	  22.96
	 -0.015	  0.979	 -0.200
	 -1.000	 -0.017	 -0.009
	 -0.012	  0.199	  0.980

3 	  42.56	  -0.39	   1.76
	  0.573	  0.384	  0.724
	 -0.554	  0.832	 -0.003
	 -0.604	 -0.400	  0.689

4 	  35.81	   2.64	  -1.63
	  0.240	  0.737	 -0.632
	 -0.822	  0.500	  0.272
	  0.516	  0.454	  0.726

5 	  39.08	  12.25	   2.53
	  0.405	  0.912	 -0.056
	  0.728	 -0.286	  0.623
	  0.552	 -0.293	 -0.780

6 	  41.38	  22.20	   1.30
	  0.296	  0.944	 -0.146
	  0.074	  0.130	  0.989
	  0.952	 -0.304	 -0.032

7 	  36.76	  -5.54	  -2.39
	  0.194	 -0.135	 -0.971
	  0.340	  0.938	 -0.062
	  0.920	 -0.318	  0.229

8 	  41.64	 -11.51	  -6.94
	  0.102	 -0.516	 -0.851
	 -0.715	 -0.632	  0.297
	 -0.691	  0.578	 -0.433

9 	  39.88	 -18.46	 -16.03
	  0.075	 -0.587	 -0.806
	 -0.966	  0.156	 -0.204
	  0.246	  0.794	 -0.556

2 	  32.61	  -8.38	  22.96
	 -0.015	  0.979	 -0.200
	 -1.000	 -0.017	 -0.009
	 -0.012	  0.199	  0.980

3 	  42.52	  -0.40	   1.72
	  0.574	  0.386	  0.722
	 -0.553	  0.833	 -0.005
	 -0.604	 -0.396	  0.692

4 	  35.75	   2.62	  -1.65
	  0.239	  0.736	 -0.633
	 -0.818	  0.504	  0.278
	  0.524	  0.451	  0.723

5 	  39.04	  12.23	   2.46
	  0.404	  0.912	 -0.061
	  0.730	 -0.282	  0.622
	  0.550	 -0.296	 -0.781

6 	  41.36	  22.17	   1.20
	  0.295	  0.943	 -0.151
	  0.077	  0.134	  0.988
	  0.952	 -0.303	 -0.033

7 	  36.67	  -5.50	  -2.43
	  0.179	 -0.127	 -0.975
	  0.345	  0.937	 -0.059
	  0.921	 -0.326	  0.212

8 	  41.47	 -11.46	  -7.12
	  0.085	 -0.505	 -0.859
	 -0.715	 -0.631	  0.301
	 -0.694	  0.588	 -0.415

9 	  39.52	 -18.30	 -16.29
	  0.054	 -0.579	 -0.814
	 -0.969	  0.164	 -0.181
	  0.238	  0.799	 -0.552

2 	  32.61	  -8.38	  22.96
	 -0.015	  0.979	 -0.200
	 -1.000	 -0.017	 -0.009
	 -0.012	  0.199	  0.980

3 	  42.50	  -0.42	   1.69
	  0.576	  0.386	  0.720
	 -0.553	  0.833	 -0.004
	 -0.602	 -0.396	  0.693

4 	  35.75	   2.62	  -1.65
	  0.238	  0.737	 -0.632
	 -0.814	  0.506	  0.284
	  0.530	  0.447	  0.721

5 	  39.04	  12.22	   2.43
	  0.404	  0.912	 -0.064
	  0.732	 -0.281	  0.621
	  0.549	 -0.298	 -0.781

6 	  41.33	  22.15	   1.16
	  0.293	  0.943	 -0.154
	  0.078	  0.136	  0.987
	  0.953	 -0.302	 -0.034

7 	  36.60	  -5.45	  -2.46
	  0.166	 -0.119	 -0.979
	  0.347	  0.936	 -0.054
	  0.923	 -0.331	  0.197

8 	  41.31	 -11.34	  -7.31
	  0.071	 -0.491	 -0.868
	 -0.715	 -0.632	  0.298
	 -0.695	  0.599	 -0.396

9 	  39.23	 -17.98	 -16.56
	  0.040	 -0.564	 -0.825
	 -0.972	  0.170	 -0.164
	  0.232	  0.808	 -0.541

2 	  32.59	  -8.38	  22.96
	 -0.015	  0.979	 -0.200
	 -1.000	 -0.017	 -0.009
	 -0.012	  0.199	  0.980

3 	  42.50	  -0.44	   1.65
	  0.580	  0.387	  0.717
	 -0.552	  0.834	 -0.004
	 -0.599	 -0.394	  0.697

4 	  35.72	   2.58	  -1.67
	  0.236	  0.736	 -0.634
	 -0.811	  0.508	  0.289
	  0.535	  0.446	  0.718

5 	  39.01	  12.22	   2.36
	  0.402	  0.913	 -0.069
	  0.734	 -0.276	  0.621
	  0.547	 -0.301	 -0.781

6 	  41.27	  22.15	   0.97
	  0.289	  0.943	 -0.163
	  0.082	  0.146	  0.986
	  0.954	 -0.299	 -0.035

7 	  36.60	  -5.41	  -2.50
	  0.158	 -0.109	 -0.981
	  0.348	  0.936	 -0.047
	  0.924	 -0.334	  0.186

8 	  41.19	 -11.20	  -7.51
	  0.062	 -0.473	 -0.879
	 -0.715	 -0.635	  0.291
	 -0.696	  0.610	 -0.378

9 	  39.08	 -17.67	 -16.84
	  0.029	 -0.548	 -0.836
	 -0.972	  0.177	 -0.151
	  0.231	  0.817	 -0.528

2 	  32.59	  -8.38	  22.96
	 -0.015	  0.980	 -0.200
	 -1.000	 -0.017	 -0.009
	 -0.013	  0.199	  0.980

3 	  42.50	  -0.44	   1.60
	  0.582	  0.389	  0.714
	 -0.553	  0.833	 -0.003
	 -0.596	 -0.393	  0.700

4 	  35.72	   2.58	  -1.69
	  0.234	  0.736	 -0.635
	 -0.810	  0.509	  0.292
	  0.538	  0.445	  0.716

5 	  38.97	  12.23	   2.30
	  0.399	  0.914	 -0.075
	  0.734	 -0.270	  0.622
	  0.549	 -0.303	 -0.779

6 	  41.20	  22.15	   0.84
	  0.284	  0.944	 -0.169
	  0.081	  0.152	  0.985
	  0.955	 -0.294	 -0.033

7 	  36.58	  -5.40	  -2.51
	  0.154	 -0.103	 -0.983
	  0.350	  0.935	 -0.043
	  0.924	 -0.338	  0.180

8 	  41.13	 -11.11	  -7.61
	  0.057	 -0.460	 -0.886
	 -0.717	 -0.637	  0.285
	 -0.695	  0.618	 -0.366

9 	  38.88	 -17.46	 -17.05
	  0.021	 -0.536	 -0.844
	 -0.973	  0.183	 -0.140
	  0.230	  0.824	 -0.517

2 	  32.59	  -8.38	  22.97
	 -0.015	  0.979	 -0.200
	 -1.000	 -0.017	 -0.009
	 -0.012	  0.199	  0.980

3 	  42.49	  -0.44	   1.56
	  0.584	  0.392	  0.711
	 -0.554	  0.832	 -0.004
	 -0.593	 -0.391	  0.703

4 	  35.70	   2.57	  -1.69
	  0.232	  0.736	 -0.636
	 -0.808	  0.510	  0.295
	  0.541	  0.445	  0.713

5 	  38.90	  12.22	   2.21
	  0.395	  0.915	 -0.078
	  0.735	 -0.265	  0.624
	  0.550	 -0.304	 -0.777

6 	  41.15	  22.13	   0.70
	  0.278	  0.944	 -0.176
	  0.080	  0.159	  0.984
	  0.957	 -0.288	 -0.032

7 	  36.51	  -5.40	  -2.51
	  0.147	 -0.099	 -0.984
	  0.352	  0.935	 -0.042
	  0.924	 -0.341	  0.172

8 	  41.01	 -11.11	  -7.70
	  0.048	 -0.449	 -0.892
	 -0.718	 -0.636	  0.282
	 -0.694	  0.627	 -0.353

9 	  38.62	 -17.33	 -17.24
	  0.007	 -0.525	 -0.851
	 -0.973	  0.192	 -0.127
	  0.230	  0.829	 -0.509

2 	  32.61	  -8.38	  22.96
	 -0.015	  0.979	 -0.200
	 -1.000	 -0.017	 -0.009
	 -0.012	  0.199	  0.980

3 	  42.49	  -0.47	   1.51
	  0.588	  0.395	  0.706
	 -0.553	  0.833	 -0.006
	 -0.590	 -0.387	  0.708

4 	  35.67	   2.51	  -1.71
	  0.229	  0.733	 -0.641
	 -0.805	  0.512	  0.298
	  0.547	  0.447	  0.707

5 	  38.83	  12.20	   2.13
	  0.392	  0.916	 -0.085
	  0.736	 -0.257	  0.626
	  0.552	 -0.308	 -0.775

6 	  41.06	  22.15	   0.58
