% Calibrated with leiden_pols
% Positions are in centimeters
Data =[
 2    96.315   -18.864    59.904
 2    -0.226    -0.973    -0.047
 2     0.964    -0.231     0.127
 2    -0.135    -0.017     0.990
 3   137.328    -3.243     2.416
 3     0.422     0.025    -0.906
 3     0.204     0.971     0.122
 3     0.883    -0.237     0.405
 4   118.392    13.387   -10.025
 4     0.388    -0.869     0.306
 4     0.921     0.375    -0.104
 4    -0.024     0.322     0.946
 5   115.754    22.177    14.230
 5     0.024    -0.298     0.954
 5     0.202    -0.933    -0.297
 5     0.979     0.200     0.037
 6   128.060    27.280    43.743
 6     0.192    -0.519    -0.833
 6     0.002     0.849    -0.529
 6     0.981     0.099     0.164
 7   120.976   -23.491    -9.325
 7     0.491     0.852     0.179
 7    -0.855     0.432     0.285
 7     0.165    -0.293     0.941
 8   117.600   -27.463    17.115
 8     0.179     0.341     0.923
 8    -0.231    -0.897     0.376
 8     0.956    -0.281    -0.083
 9   130.172   -30.966    43.682
 9     0.222     0.683    -0.695
 9     0.113     0.690     0.714
 9     0.968    -0.238     0.076
 2    96.315   -18.813    59.853
 2    -0.226    -0.973    -0.047
 2     0.964    -0.230     0.127
 2    -0.135    -0.016     0.990
 3   137.329    -3.242     2.467
 3     0.422     0.025    -0.906
 3     0.205     0.971     0.122
 3     0.883    -0.238     0.404
 4   118.391    13.387   -10.026
 4     0.387    -0.870     0.306
 4     0.922     0.373    -0.105
 4    -0.024     0.323     0.946
 5   115.702    22.229    14.256
 5     0.023    -0.294     0.956
 5     0.202    -0.935    -0.292
 5     0.979     0.200     0.037
 6   127.784    27.057    43.841
 6     0.187    -0.490    -0.852
 6     0.005     0.867    -0.498
 6     0.982     0.089     0.164
 7   120.899   -23.390    -9.271
 7     0.492     0.852     0.179
 7    -0.855     0.434     0.285
 7     0.164    -0.294     0.942
 8   117.592   -27.464    17.126
 8     0.182     0.338     0.923
 8    -0.234    -0.897     0.374
 8     0.955    -0.284    -0.084
 9   130.147   -31.117    43.708
 9     0.221     0.684    -0.695
 9     0.113     0.689     0.715
 9     0.968    -0.237     0.075
 2    96.315   -18.864    59.904
 2    -0.226    -0.973    -0.047
 2     0.964    -0.231     0.127
 2    -0.135    -0.017     0.990
 3   137.278    -3.192     2.466
 3     0.422     0.022    -0.906
 3     0.205     0.971     0.120
 3     0.883    -0.237     0.405
 4   118.322    13.390    -9.984
 4     0.385    -0.870     0.307
 4     0.922     0.371    -0.107
 4    -0.021     0.324     0.946
 5   115.499    22.055    14.257
 5     0.020    -0.283     0.958
 5     0.200    -0.938    -0.282
 5     0.979     0.197     0.037
 6   127.469    26.888    43.891
 6     0.179    -0.476    -0.861
 6     0.007     0.876    -0.483
 6     0.984     0.080     0.160
 7   120.845   -23.392    -9.341
 7     0.492     0.851     0.182
 7    -0.855     0.433     0.283
 7     0.162    -0.295     0.942
 8   117.409   -27.522    16.987
 8     0.180     0.331     0.926
 8    -0.238    -0.899     0.367
 8     0.954    -0.287    -0.083
 9   129.930   -31.191    43.669
 9     0.217     0.683    -0.697
 9     0.112     0.691     0.713
 9     0.969    -0.233     0.074
 2    96.315   -18.864    59.904
 2    -0.226    -0.973    -0.047
 2     0.964    -0.231     0.127
 2    -0.135    -0.017     0.990
 3   137.202    -3.142     2.465
 3     0.423     0.021    -0.906
 3     0.204     0.971     0.117
 3     0.883    -0.235     0.406
 4   118.275    13.519    -9.990
 4     0.384    -0.871     0.307
 4     0.923     0.369    -0.109
 4    -0.019     0.325     0.945
 5   115.397    22.156    14.261
 5     0.018    -0.280     0.960
 5     0.200    -0.940    -0.277
 5     0.979     0.197     0.039
 6   127.322    26.966    43.946
 6     0.177    -0.473    -0.863
 6     0.009     0.878    -0.479
 6     0.984     0.076     0.160
 7   120.789   -23.319    -9.331
 7     0.491     0.851     0.184
 7    -0.856     0.434     0.281
 7     0.159    -0.296     0.942
 8   117.359   -27.475    16.963
 8     0.179     0.329     0.927
 8    -0.241    -0.899     0.366
 8     0.954    -0.289    -0.082
 9   129.770   -31.316    43.538
 9     0.212     0.673    -0.708
 9     0.107     0.704     0.701
 9     0.971    -0.225     0.077
 2    96.315   -18.813    59.904
 2    -0.226    -0.973    -0.047
 2     0.964    -0.231     0.127
 2    -0.135    -0.017     0.990
 3   137.151    -3.117     2.464
 3     0.423     0.019    -0.906
 3     0.203     0.972     0.115
 3     0.883    -0.233     0.408
 4   118.180    13.571    -9.920
 4     0.384    -0.871     0.307
 4     0.923     0.367    -0.111
 4    -0.017     0.326     0.945
 5   115.396    22.233    14.263
 5     0.017    -0.280     0.960
 5     0.202    -0.939    -0.277
 5     0.979     0.198     0.040
 6   127.372    27.122    43.949
 6     0.178    -0.469    -0.865
 6     0.012     0.880    -0.475
 6     0.984     0.074     0.162
 7   120.656   -23.272    -9.369
 7     0.491     0.851     0.187
 7    -0.857     0.433     0.278
 7     0.155    -0.297     0.942
 8   117.310   -27.485    16.999
 8     0.181     0.325     0.928
 8    -0.250    -0.898     0.363
 8     0.951    -0.297    -0.082
 9   129.984   -31.659    43.250
 9     0.217     0.654    -0.724
 9     0.097     0.724     0.683
 9     0.971    -0.218     0.093
 2    96.314   -18.813    59.904
 2    -0.227    -0.973    -0.047
 2     0.964    -0.231     0.127
 2    -0.135    -0.017     0.990
 3   137.100    -3.016     2.463
 3     0.424     0.018    -0.905
 3     0.203     0.972     0.114
 3     0.883    -0.232     0.409
 4   118.158    13.700    -9.875
 4     0.383    -0.871     0.307
 4     0.923     0.366    -0.112
 4    -0.015     0.327     0.945
 5   115.271    22.452    14.288
 5     0.020    -0.281     0.959
 5     0.209    -0.937    -0.278
 5     0.977     0.206     0.040
 6   127.410    27.432    43.872
 6     0.182    -0.469    -0.864
 6     0.019     0.880    -0.474
 6     0.983     0.069     0.169
 7   120.496   -23.098    -9.404
 7     0.492     0.849     0.191
 7    -0.858     0.435     0.275
 7     0.150    -0.299     0.942
 8   117.237   -27.493    16.981
 8     0.185     0.318     0.930
 8    -0.259    -0.897     0.359
 8     0.948    -0.307    -0.083
 9   129.982   -31.690    43.171
 9     0.219     0.652    -0.725
 9     0.093     0.726     0.681
 9     0.971    -0.217     0.098
 2    96.265   -18.813    59.904
 2    -0.226    -0.973    -0.047
 2     0.964    -0.231     0.127
 2    -0.135    -0.017     0.990
 3   137.019    -2.968     2.418
 3     0.425     0.017    -0.905
 3     0.201     0.973     0.113
 3     0.882    -0.230     0.410
 4   118.011    13.802    -9.932
 4     0.383    -0.870     0.309
 4     0.923     0.366    -0.115
 4    -0.013     0.329     0.944
 5   115.079    22.453    14.281
 5     0.016    -0.269     0.963
 5     0.215    -0.940    -0.266
 5     0.976     0.211     0.043
 6   127.234    27.667    43.799
 6     0.181    -0.474    -0.861
 6     0.024     0.878    -0.478
 6     0.983     0.065     0.170
 7   120.415   -23.000    -9.395
 7     0.492     0.849     0.193
 7    -0.858     0.435     0.273
 7     0.147    -0.300     0.942
 8   117.230   -27.495    16.890
 8     0.186     0.316     0.930
 8    -0.261    -0.897     0.357
 8     0.947    -0.309    -0.084
 9   129.982   -31.742    43.171
 9     0.220     0.652    -0.725
 9     0.092     0.726     0.681
 9     0.971    -0.217     0.099
 2    96.265   -18.813    59.904
 2    -0.226    -0.973    -0.047
 2     0.964    -0.231     0.127
 2    -0.135    -0.017     0.990
 3   136.969    -2.943     2.418
 3     0.425     0.016    -0.905
 3     0.201     0.973     0.112
 3     0.882    -0.229     0.410
 4   117.935    13.878    -9.882
 4     0.383    -0.870     0.310
 4     0.923     0.366    -0.115
 4    -0.013     0.331     0.943
 5   114.643    22.233    14.147
 5     0.003    -0.251     0.968
 5     0.216    -0.945    -0.246
 5     0.976     0.210     0.051
