% Calibrated with leiden_pols
% Positions are in centimeters
Data =[
 2    96.315   -18.864    59.904
 2    -0.226    -0.973    -0.047
 2     0.964    -0.231     0.127
 2    -0.135    -0.017     0.990
 3   137.328    -3.243     2.416
 3     0.422     0.025    -0.906
 3     0.204     0.971     0.122
 3     0.883    -0.237     0.405
 4   118.392    13.387   -10.025
 4     0.388    -0.869     0.306
 4     0.921     0.375    -0.104
 4    -0.024     0.322     0.946
 5   115.754    22.177    14.230
 5     0.024    -0.298     0.954
 5     0.202    -0.933    -0.297
 5     0.979     0.200     0.037
 6   128.060    27.280    43.743
 6     0.192    -0.519    -0.833
 6     0.002     0.849    -0.529
 6     0.981     0.099     0.164
 7   120.976   -23.491    -9.325
 7     0.491     0.852     0.179
 7    -0.855     0.432     0.285
 7     0.165    -0.293     0.941
 8   117.600   -27.463    17.115
 8     0.179     0.341     0.923
 8    -0.231    -0.897     0.376
 8     0.956    -0.281    -0.083
 9   130.172   -30.966    43.682
 9     0.222     0.683    -0.695
 9     0.113     0.690     0.714
 9     0.968    -0.238     0.076
 2    96.315   -18.813    59.853
 2    -0.226    -0.973    -0.047
 2     0.964    -0.230     0.127
 2    -0.135    -0.016     0.990
 3   137.329    -3.242     2.467
 3     0.422     0.025    -0.906
 3     0.205     0.971     0.122
 3     0.883    -0.238     0.404
 4   118.391    13.387   -10.026
 4     0.387    -0.870     0.306
 4     0.922     0.373    -0.105
 4    -0.024     0.323     0.946
 5   115.702    22.229    14.256
 5     0.023    -0.294     0.956
 5     0.202    -0.935    -0.292
 5     0.979     0.200     0.037
 6   127.784    27.057    43.841
 6     0.187    -0.490    -0.852
 6     0.005     0.867    -0.498
 6     0.982     0.089     0.164
 7   120.899   -23.390    -9.271
 7     0.492     0.852     0.179
 7    -0.855     0.434     0.285
 7     0.164    -0.294     0.942
 8   117.592   -27.464    17.126
 8     0.182     0.338     0.923
 8    -0.234    -0.897     0.374
 8     0.955    -0.284    -0.084
 9   130.147   -31.117    43.708
 9     0.221     0.684    -0.695
 9     0.113     0.689     0.715
 9     0.968    -0.237     0.075
 2    96.315   -18.864    59.904
 2    -0.226    -0.973    -0.047
 2     0.964    -0.231     0.127
 2    -0.135    -0.017     0.990
 3   137.278    -3.192     2.466
 3     0.422     0.022    -0.906
 3     0.205     0.971     0.120
 3     0.883    -0.237     0.405
 4   118.322    13.390    -9.984
 4     0.385    -0.870     0.307
 4     0.922     0.371    -0.107
 4    -0.021     0.324     0.946
 5   115.499    22.055    14.257
 5     0.020    -0.283     0.958
 5     0.200    -0.938    -0.282
 5     0.979     0.197     0.037
 6   127.469    26.888    43.891
 6     0.179    -0.476    -0.861
 6     0.007     0.876    -0.483
 6     0.984     0.080     0.160
 7   120.845   -23.392    -9.341
 7     0.492     0.851     0.182
 7    -0.855     0.433     0.283
 7     0.162    -0.295     0.942
 8   117.409   -27.522    16.987
 8     0.180     0.331     0.926
 8    -0.238    -0.899     0.367
 8     0.954    -0.287    -0.083
 9   129.930   -31.191    43.669
 9     0.217     0.683    -0.697
 9     0.112     0.691     0.713
 9     0.969    -0.233     0.074
 2    96.315   -18.864    59.904
 2    -0.226    -0.973    -0.047
 2     0.964    -0.231     0.127
 2    -0.135    -0.017     0.990
 3   137.202    -3.142     2.465
 3     0.423     0.021    -0.906
 3     0.204     0.971     0.117
 3     0.883    -0.235     0.406
 4   118.275    13.519    -9.990
 4     0.384    -0.871     0.307
 4     0.923     0.369    -0.109
 4    -0.019     0.325     0.945
 5   115.397    22.156    14.261
 5     0.018    -0.280     0.960
 5     0.200    -0.940    -0.277
 5     0.979     0.197     0.039
 6   127.322    26.966    43.946
 6     0.177    -0.473    -0.863
 6     0.009     0.878    -0.479
 6     0.984     0.076     0.160
 7   120.789   -23.319    -9.331
 7     0.491     0.851     0.184
 7    -0.856     0.434     0.281
 7     0.159    -0.296     0.942
 8   117.359   -27.475    16.963
 8     0.179     0.329     0.927
 8    -0.241    -0.899     0.366
 8     0.954    -0.289    -0.082
 9   129.770   -31.316    43.538
 9     0.212     0.673    -0.708
 9     0.107     0.704     0.701
 9     0.971    -0.225     0.077
 2    96.315   -18.813    59.904
 2    -0.226    -0.973    -0.047
 2     0.964    -0.231     0.127
 2    -0.135    -0.017     0.990
 3   137.151    -3.117     2.464
 3     0.423     0.019    -0.906
 3     0.203     0.972     0.115
 3     0.883    -0.233     0.408
 4   118.180    13.571    -9.920
 4     0.384    -0.871     0.307
 4     0.923     0.367    -0.111
 4    -0.017     0.326     0.945
 5   115.396    22.233    14.263
 5     0.017    -0.280     0.960
 5     0.202    -0.939    -0.277
 5     0.979     0.198     0.040
 6   127.372    27.122    43.949
 6     0.178    -0.469    -0.865
 6     0.012     0.880    -0.475
 6     0.984     0.074     0.162
 7   120.656   -23.272    -9.369
 7     0.491     0.851     0.187
 7    -0.857     0.433     0.278
 7     0.155    -0.297     0.942
 8   117.310   -27.485    16.999
 8     0.181     0.325     0.928
 8    -0.250    -0.898     0.363
 8     0.951    -0.297    -0.082
 9   129.984   -31.659    43.250
 9     0.217     0.654    -0.724
 9     0.097     0.724     0.683
 9     0.971    -0.218     0.093
 2    96.314   -18.813    59.904
 2    -0.227    -0.973    -0.047
 2     0.964    -0.231     0.127
 2    -0.135    -0.017     0.990
 3   137.100    -3.016     2.463
 3     0.424     0.018    -0.905
 3     0.203     0.972     0.114
 3     0.883    -0.232     0.409
 4   118.158    13.700    -9.875
 4     0.383    -0.871     0.307
 4     0.923     0.366    -0.112
 4    -0.015     0.327     0.945
 5   115.271    22.452    14.288
 5     0.020    -0.281     0.959
 5     0.209    -0.937    -0.278
 5     0.977     0.206     0.040
 6   127.410    27.432    43.872
 6     0.182    -0.469    -0.864
 6     0.019     0.880    -0.474
 6     0.983     0.069     0.169
 7   120.496   -23.098    -9.404
 7     0.492     0.849     0.191
 7    -0.858     0.435     0.275
 7     0.150    -0.299     0.942
 8   117.237   -27.493    16.981
 8     0.185     0.318     0.930
 8    -0.259    -0.897     0.359
 8     0.948    -0.307    -0.083
 9   129.982   -31.690    43.171
 9     0.219     0.652    -0.725
 9     0.093     0.726     0.681
 9     0.971    -0.217     0.098
 2    96.265   -18.813    59.904
 2    -0.226    -0.973    -0.047
 2     0.964    -0.231     0.127
 2    -0.135    -0.017     0.990
 3   137.019    -2.968     2.418
 3     0.425     0.017    -0.905
 3     0.201     0.973     0.113
 3     0.882    -0.230     0.410
 4   118.011    13.802    -9.932
 4     0.383    -0.870     0.309
 4     0.923     0.366    -0.115
 4    -0.013     0.329     0.944
 5   115.079    22.453    14.281
 5     0.016    -0.269     0.963
 5     0.215    -0.940    -0.266
 5     0.976     0.211     0.043
 6   127.234    27.667    43.799
 6     0.181    -0.474    -0.861
 6     0.024     0.878    -0.478
 6     0.983     0.065     0.170
 7   120.415   -23.000    -9.395
 7     0.492     0.849     0.193
 7    -0.858     0.435     0.273
 7     0.147    -0.300     0.942
 8   117.230   -27.495    16.890
 8     0.186     0.316     0.930
 8    -0.261    -0.897     0.357
 8     0.947    -0.309    -0.084
 9   129.982   -31.742    43.171
 9     0.220     0.652    -0.725
 9     0.092     0.726     0.681
 9     0.971    -0.217     0.099
 2    96.265   -18.813    59.904
 2    -0.226    -0.973    -0.047
 2     0.964    -0.231     0.127
 2    -0.135    -0.017     0.990
 3   136.969    -2.943     2.418
 3     0.425     0.016    -0.905
 3     0.201     0.973     0.112
 3     0.882    -0.229     0.410
 4   117.935    13.878    -9.882
 4     0.383    -0.870     0.310
 4     0.923     0.366    -0.115
 4    -0.013     0.331     0.943
 5   114.643    22.233    14.147
 5     0.003    -0.251     0.968
 5     0.216    -0.945    -0.246
 5     0.976     0.210     0.051
 6   126.334    27.810    43.839
 6     0.168    -0.489    -0.856
 6     0.028     0.870    -0.492
 6     0.985     0.058     0.160
 7   120.365   -23.000    -9.394
 7     0.491     0.849     0.194
 7    -0.858     0.435     0.272
 7     0.147    -0.300     0.942
 8   116.953   -27.495    16.784
 8     0.178     0.316     0.932
 8    -0.255    -0.900     0.354
 8     0.950    -0.301    -0.080
 9   129.807   -31.741    43.171
 9     0.219     0.653    -0.725
 9     0.093     0.725     0.681
 9     0.971    -0.217     0.098
 2    96.265   -18.864    59.904
 2    -0.226    -0.973    -0.047
 2     0.964    -0.230     0.127
 2    -0.135    -0.017     0.990
 3   136.899    -2.891     2.360
 3     0.424     0.013    -0.905
 3     0.201     0.973     0.109
 3     0.883    -0.229     0.410
 4   117.883    13.876    -9.925
 4     0.383    -0.871     0.306
 4     0.923     0.367    -0.112
 4    -0.015     0.325     0.945
 5   113.987    22.164    13.848
 5    -0.021    -0.229     0.973
 5     0.219    -0.951    -0.219
 5     0.975     0.209     0.070
 6   125.052    28.144    43.528
 6     0.150    -0.513    -0.845
 6     0.036     0.857    -0.513
 6     0.988     0.046     0.147
 7   120.489   -22.949    -9.480
 7     0.491     0.852     0.183
 7    -0.858     0.437     0.270
 7     0.149    -0.290     0.945
 8   116.649   -27.410    16.386
 8     0.140     0.321     0.937
 8    -0.257    -0.902     0.347
 8     0.956    -0.289    -0.044
 9   129.025   -31.424    43.212
 9     0.211     0.663    -0.718
 9     0.099     0.716     0.690
 9     0.972    -0.217     0.085
 2    96.264   -18.813    59.904
 2    -0.227    -0.973    -0.047
 2     0.964    -0.231     0.127
 2    -0.135    -0.017     0.990
 3   137.003    -2.775     2.525
 3     0.408     0.006    -0.913
 3     0.205     0.974     0.098
 3     0.889    -0.228     0.396
 4   118.292    13.978   -10.167
 4     0.382    -0.880     0.280
 4     0.924     0.369    -0.101
 4    -0.015     0.297     0.954
 5   113.317    22.069    13.380
 5    -0.065    -0.195     0.979
 5     0.226    -0.958    -0.175
 5     0.972     0.210     0.106
 6   123.192    28.789    43.459
 6     0.110    -0.543    -0.833
 6     0.049     0.839    -0.541
 6     0.992     0.019     0.119
 7   121.112   -22.870    -9.784
 7     0.492     0.856     0.156
 7    -0.857     0.444     0.261
 7     0.154    -0.262     0.953
 8   116.466   -27.460    15.867
 8     0.106     0.335     0.936
 8    -0.261    -0.899     0.351
 8     0.959    -0.282    -0.008
 9   127.904   -31.606    42.982
 9     0.167     0.666    -0.727
 9     0.097     0.723     0.684
 9     0.981    -0.185     0.056
 2    96.265   -18.813    59.904
 2    -0.226    -0.973    -0.047
 2     0.964    -0.231     0.127
 2    -0.135    -0.017     0.990
 3   137.190    -2.544     2.802
 3     0.380    -0.001    -0.925
 3     0.209     0.974     0.085
 3     0.901    -0.226     0.370
 4   118.877    13.982   -10.386
 4     0.376    -0.891     0.252
 4     0.926     0.366    -0.088
 4    -0.014     0.267     0.963
 5   113.070    22.116    13.070
 5    -0.104    -0.178     0.978
 5     0.228    -0.962    -0.151
 5     0.968     0.207     0.141
 6   122.244    29.092    43.169
 6     0.070    -0.540    -0.839
 6     0.055     0.842    -0.537
 6     0.996    -0.009     0.089
 7   121.946   -22.913    -9.950
 7     0.492     0.861     0.128
 7    -0.855     0.451     0.258
 7     0.164    -0.236     0.958
 8   116.763   -27.730    15.549
 8     0.077     0.343     0.936
 8    -0.260    -0.900     0.351
 8     0.962    -0.270     0.020
 9   127.057   -31.706    43.158
 9     0.107     0.657    -0.746
 9     0.093     0.740     0.665
 9     0.990    -0.141     0.018
 2    96.265   -18.813    59.853
 2    -0.226    -0.973    -0.047
 2     0.964    -0.231     0.127
 2    -0.135    -0.017     0.990
 3   137.649    -2.292     3.042
 3     0.355     0.004    -0.935
 3     0.210     0.974     0.084
 3     0.911    -0.227     0.345
 4   119.927    14.448   -10.233
 4     0.390    -0.895     0.215
 4     0.920     0.379    -0.093
 4     0.001     0.234     0.972
 5   114.384    22.998    13.168
 5    -0.105    -0.232     0.967
 5     0.223    -0.953    -0.204
 5     0.969     0.194     0.151
 6   123.742    29.445    43.489
 6     0.046    -0.470    -0.882
 6     0.057     0.882    -0.467
 6     0.997    -0.029     0.068
 7   122.213   -22.582    -9.733
 7     0.496     0.861     0.104
 7    -0.852     0.461     0.248
 7     0.165    -0.212     0.963
 8   119.984   -28.252    16.831
 8     0.157     0.383     0.910
 8    -0.293    -0.862     0.413
 8     0.943    -0.332    -0.023
 9   131.899   -33.630    42.096
 9     0.087     0.393    -0.915
 9    -0.012     0.919     0.394
 9     0.996    -0.024     0.085
 2    96.265   -18.813    59.904
 2    -0.226    -0.973    -0.047
 2     0.964    -0.231     0.127
 2    -0.135    -0.017     0.990
 3   137.618    -2.244     2.959
 3     0.352     0.056    -0.934
 3     0.190     0.973     0.130
 3     0.916    -0.223     0.332
 4   120.512    15.033    -9.950
 4     0.465    -0.853     0.237
 4     0.885     0.449    -0.123
 4    -0.002     0.267     0.963
 5   118.086    24.245    13.725
 5     0.013    -0.250     0.968
 5     0.271    -0.931    -0.244
 5     0.962     0.266     0.056
 6   130.921    32.183    42.180
 6     0.165    -0.411    -0.896
 6     0.124     0.910    -0.395
 6     0.978    -0.046     0.201
 7   120.575   -21.678    -9.968
 7     0.543     0.828     0.137
 7    -0.833     0.512     0.209
 7     0.103    -0.229     0.968
 8   125.233   -31.315    16.483
 8     0.446     0.242     0.861
 8    -0.448    -0.772     0.450
 8     0.774    -0.587    -0.237
 9   144.043   -39.971    34.533
 9     0.385     0.347    -0.855
 9    -0.181     0.937     0.299
 9     0.905     0.039     0.423
 2    96.265   -18.813    59.853
 2    -0.227    -0.973    -0.047
 2     0.964    -0.231     0.127
 2    -0.135    -0.017     0.990
 3   136.693    -2.574     1.788
 3     0.402     0.119    -0.908
 3     0.173     0.964     0.203
 3     0.899    -0.239     0.367
 4   118.996    14.554   -10.975
 4     0.551    -0.755     0.355
 4     0.827     0.550    -0.113
 4    -0.110     0.356     0.928
 5   122.749    27.009    12.503
 5     0.255    -0.323     0.911
 5     0.372    -0.837    -0.401
 5     0.892     0.442    -0.094
 6   141.562    35.057    36.766
 6     0.392    -0.260    -0.882
 6     0.186     0.961    -0.201
 6     0.901    -0.086     0.425
 7   116.937   -20.872   -10.539
 7     0.585     0.746     0.317
 7    -0.803     0.588     0.098
 7    -0.113    -0.312     0.943
 8   131.020   -34.518    10.045
 8     0.746    -0.092     0.659
 8    -0.552    -0.638     0.536
 8     0.371    -0.764    -0.527
 9   154.995   -44.931    13.719
 9     0.782     0.390    -0.486
 9    -0.318     0.920     0.227
 9     0.536    -0.024     0.844
 2    96.265   -18.813    59.904
 2    -0.226    -0.973    -0.047
 2     0.964    -0.231     0.127
 2    -0.135    -0.017     0.990
 3   135.690    -3.287     0.176
 3     0.458     0.133    -0.879
 3     0.167     0.958     0.232
 3     0.873    -0.254     0.416
 4   116.885    13.424   -11.964
 4     0.575    -0.674     0.463
 4     0.787     0.609    -0.091
 4    -0.221     0.417     0.881
 5   126.075    27.477     9.761
 5     0.487    -0.284     0.826
 5     0.424    -0.750    -0.508
 5     0.763     0.598    -0.245
 6   149.312    34.759    28.330
 6     0.615    -0.181    -0.768
 6     0.188     0.979    -0.080
 6     0.766    -0.096     0.635
 7   113.942   -20.225   -11.056
 7     0.576     0.651     0.495
 7    -0.729     0.683    -0.050
 7    -0.370    -0.332     0.867
 8   133.607   -35.955     0.041
 8     0.835    -0.434     0.336
 8    -0.538    -0.524     0.660
 8    -0.111    -0.732    -0.672
 9   156.213   -44.928   -11.253
 9     0.943     0.333    -0.003
 9    -0.332     0.940     0.075
 9     0.027    -0.070     0.997
 2    96.265   -18.813    59.853
 2    -0.226    -0.973    -0.047
 2     0.964    -0.230     0.127
 2    -0.135    -0.017     0.990
 3   135.396    -3.634    -1.154
 3     0.504     0.128    -0.854
 3     0.164     0.956     0.240
 3     0.848    -0.262     0.461
 4   114.628    11.456   -13.959
 4     0.553    -0.582     0.596
 4     0.737     0.674    -0.026
 4    -0.388     0.454     0.802
 5   127.173    26.148     6.348
 5     0.595    -0.170     0.785
 5     0.436    -0.752    -0.494
 5     0.674     0.637    -0.374
 6   152.386    33.916    21.099
 6     0.743    -0.195    -0.640
 6     0.182     0.979    -0.087
 6     0.644    -0.052     0.763
 7   111.720   -19.133   -11.197
 7     0.513     0.598     0.616
 7    -0.646     0.741    -0.182
 7    -0.565    -0.305     0.766
 8   131.916   -35.132    -9.435
 8     0.760    -0.642     0.099
 8    -0.468    -0.436     0.768
 8    -0.450    -0.631    -0.632
 9   149.117   -41.020   -31.350
 9     0.876     0.262     0.403
 9    -0.257     0.964    -0.067
 9    -0.406    -0.045     0.912
 2    96.275   -18.661    59.757
 2    -0.105    -0.994    -0.043
 2     0.985    -0.109     0.131
 2    -0.135    -0.028     0.990
 3   135.179    -4.082    -2.567
 3     0.543     0.139    -0.828
 3     0.143     0.956     0.254
 3     0.827    -0.257     0.500
 4   113.188    10.131   -14.795
 4     0.513    -0.557     0.653
 4     0.717     0.696     0.029
 4    -0.471     0.453     0.756
 5   127.142    25.201     4.472
 5     0.631    -0.121     0.766
 5     0.433    -0.765    -0.478
 5     0.643     0.633    -0.430
 6   152.807    32.599    16.661
 6     0.804    -0.216    -0.554
 6     0.180     0.976    -0.118
 6     0.567    -0.005     0.824
 7   110.003   -18.069   -11.358
 7     0.429     0.620     0.657
 7    -0.627     0.728    -0.277
 7    -0.650    -0.293     0.701
 8   128.401   -34.409   -15.181
 8     0.646    -0.763     0.017
 8    -0.421    -0.336     0.842
 8    -0.637    -0.552    -0.538
 9   140.934   -37.989   -42.266
 9     0.743     0.283     0.605
 9    -0.215     0.959    -0.186
 9    -0.633     0.008     0.774
 2    96.942   -18.406    59.828
 2     0.304    -0.952     0.007
 2     0.951     0.304     0.057
 2    -0.056    -0.011     0.998
 3   134.592    -4.405    -3.623
 3     0.581     0.157    -0.799
 3     0.116     0.955     0.273
 3     0.805    -0.252     0.536
 4   111.626     9.676   -14.784
 4     0.471    -0.540     0.697
 4     0.725     0.687     0.042
 4    -0.502     0.485     0.715
 5   126.528    24.382     3.707
 5     0.645    -0.109     0.756
 5     0.420    -0.777    -0.470
 5     0.638     0.620    -0.456
 6   152.532    32.161    15.224
 6     0.827    -0.223    -0.516
 6     0.181     0.974    -0.131
 6     0.532     0.015     0.847
 7   108.451   -17.479   -11.182
 7     0.363     0.625     0.691
 7    -0.629     0.711    -0.313
 7    -0.687    -0.321     0.652
 8   125.077   -33.987   -18.044
 8     0.549    -0.835    -0.016
 8    -0.409    -0.286     0.866
 8    -0.728    -0.470    -0.499
 9   134.402   -37.164   -47.088
 9     0.639     0.309     0.704
 9    -0.203     0.951    -0.233
 9    -0.741     0.006     0.671
 2    96.854   -18.555    59.762
 2     0.307    -0.952     0.008
 2     0.950     0.307     0.051
 2    -0.051    -0.009     0.999
 3   133.744    -4.796    -4.243
 3     0.610     0.166    -0.775
 3     0.096     0.955     0.281
 3     0.786    -0.246     0.566
 4   109.921     9.277   -14.517
 4     0.442    -0.521     0.730
 4     0.728     0.683     0.046
 4    -0.523     0.511     0.682
 5   125.291    24.052     3.393
 5     0.666    -0.111     0.737
 5     0.407    -0.775    -0.483
 5     0.625     0.622    -0.471
 6   151.804    31.262    13.191
 6     0.866    -0.203    -0.458
 6     0.167     0.979    -0.118
 6     0.471     0.025     0.881
 7   106.897   -17.586   -10.764
 7     0.314     0.611     0.727
 7    -0.641     0.701    -0.313
 7    -0.700    -0.368     0.611
 8   122.482   -34.135   -19.258
 8     0.484    -0.874    -0.043
 8    -0.420    -0.276     0.865
 8    -0.767    -0.401    -0.501
 9   129.623   -36.565   -49.429
 9     0.561     0.292     0.774
 9    -0.188     0.956    -0.225
 9    -0.806    -0.020     0.592
 2    96.886   -18.562    59.835
 2     0.309    -0.951     0.011
 2     0.949     0.309     0.058
 2    -0.059    -0.007     0.998
 3   132.853    -5.004    -4.912
 3     0.642     0.163    -0.749
 3     0.095     0.952     0.290
 3     0.761    -0.258     0.595
 4   108.231     8.353   -14.401
 4     0.411    -0.499     0.763
 4     0.720     0.691     0.063
 4    -0.559     0.524     0.643
 5   124.785    23.582     2.551
 5     0.708    -0.083     0.701
 5     0.411    -0.759    -0.505
 5     0.574     0.646    -0.504
 6   152.179    30.507     9.412
 6     0.918    -0.171    -0.357
 6     0.149     0.985    -0.086
 6     0.366     0.025     0.930
 7   105.895   -17.953   -10.580
 7     0.289     0.592     0.752
 7    -0.647     0.700    -0.302
 7    -0.705    -0.400     0.585
 8   121.035   -34.252   -20.114
 8     0.439    -0.895    -0.083
 8    -0.403    -0.279     0.871
 8    -0.803    -0.349    -0.483
 9   126.279   -36.333   -51.061
 9     0.506     0.271     0.818
 9    -0.170     0.962    -0.213
 9    -0.845    -0.031     0.533
 2    96.724   -18.639    59.811
 2     0.315    -0.949     0.026
 2     0.945     0.316     0.083
 2    -0.087    -0.001     0.996
 3   132.251    -5.610    -5.498
 3     0.666     0.158    -0.729
 3     0.101     0.949     0.298
 3     0.739    -0.273     0.616
 4   106.763     7.060   -14.528
 4     0.375    -0.475     0.796
 4     0.703     0.705     0.090
 4    -0.605     0.526     0.598
 5   124.739    22.686     0.989
 5     0.756    -0.030     0.653
 5     0.424    -0.739    -0.525
 5     0.498     0.673    -0.546
 6   152.331    29.108     4.230
 6     0.960    -0.142    -0.239
 6     0.130     0.989    -0.068
 6     0.246     0.034     0.969
 7   105.206   -18.364   -10.367
 7     0.278     0.572     0.771
 7    -0.648     0.704    -0.289
 7    -0.709    -0.419     0.567
 8   119.590   -34.275   -20.898
 8     0.403    -0.910    -0.094
 8    -0.378    -0.259     0.889
 8    -0.833    -0.323    -0.448
 9   123.695   -35.352   -52.297
 9     0.462     0.267     0.845
 9    -0.137     0.963    -0.230
 9    -0.876    -0.010     0.482
 2    96.724   -18.665    59.811
 2     0.315    -0.949     0.026
 2     0.945     0.316     0.082
 2    -0.087    -0.001     0.996
 3   131.888    -6.059    -6.023
 3     0.686     0.154    -0.711
 3     0.108     0.945     0.308
 3     0.720    -0.288     0.631
 4   105.980     5.966   -14.735
 4     0.353    -0.461     0.814
 4     0.691     0.715     0.105
 4    -0.631     0.526     0.571
 5   124.962    22.035    -0.417
 5     0.790     0.014     0.613
 5     0.432    -0.722    -0.540
 5     0.434     0.692    -0.577
 6   152.515    28.233     0.792
 6     0.978    -0.128    -0.166
 6     0.121     0.991    -0.050
 6     0.170     0.029     0.985
 7   104.773   -18.608   -10.133
 7     0.248     0.568     0.784
 7    -0.654     0.695    -0.297
 7    -0.714    -0.440     0.545
 8   118.406   -34.399   -21.459
 8     0.365    -0.926    -0.091
 8    -0.357    -0.230     0.905
 8    -0.859    -0.298    -0.415
 9   121.439   -34.568   -53.130
 9     0.420     0.278     0.864
 9    -0.106     0.960    -0.258
 9    -0.901     0.017     0.433
 2    96.724   -18.639    59.811
 2     0.315    -0.949     0.027
 2     0.945     0.316     0.082
 2    -0.087    -0.001     0.996
 3   131.697    -6.370    -6.097
 3     0.692     0.160    -0.704
 3     0.106     0.942     0.318
 3     0.714    -0.295     0.635
 4   105.685     5.495   -14.879
 4     0.356    -0.453     0.817
 4     0.680     0.725     0.105
 4    -0.640     0.519     0.567
 5   125.241    21.292    -1.094
 5     0.809     0.026     0.588
 5     0.425    -0.716    -0.554
 5     0.406     0.698    -0.590
 6   152.693    27.179    -1.317
 6     0.986    -0.114    -0.121
 6     0.109     0.993    -0.051
 6     0.125     0.037     0.991
 7   104.236   -18.697    -9.948
 7     0.225     0.573     0.788
 7    -0.661     0.684    -0.309
 7    -0.716    -0.451     0.533
 8   117.723   -34.536   -21.601
 8     0.355    -0.930    -0.092
 8    -0.357    -0.226     0.906
 8    -0.864    -0.289    -0.412
 9   120.427   -34.407   -53.326
 9     0.408     0.281     0.868
 9    -0.101     0.959    -0.264
 9    -0.907     0.020     0.420
 2    96.724   -18.665    59.785
 2     0.315    -0.949     0.027
 2     0.945     0.316     0.082
 2    -0.087    -0.001     0.996
 3   131.412    -6.836    -6.148
 3     0.698     0.175    -0.694
 3     0.097     0.937     0.334
 3     0.709    -0.301     0.637
 4   105.593     5.122   -14.922
 4     0.366    -0.435     0.823
 4     0.667     0.739     0.094
 4    -0.649     0.514     0.560
 5   125.350    21.053    -1.300
 5     0.815     0.023     0.578
 5     0.419    -0.714    -0.561
 5     0.399     0.700    -0.592
 6   152.896    26.660    -1.820
 6     0.988    -0.106    -0.109
 6     0.100     0.993    -0.052
 6     0.114     0.041     0.992
 7   103.963   -18.753    -9.981
 7     0.217     0.572     0.791
 7    -0.661     0.682    -0.312
 7    -0.718    -0.455     0.526
 8   116.994   -34.428   -22.014
 8     0.343    -0.936    -0.081
 8    -0.352    -0.208     0.913
 8    -0.871    -0.285    -0.400
 9   119.207   -33.840   -53.785
 9     0.394     0.288     0.873
 9    -0.085     0.957    -0.277
 9    -0.915     0.035     0.402
 2    96.774   -18.665    59.785
 2     0.315    -0.949     0.027
 2     0.945     0.316     0.082
 2    -0.087    -0.000     0.996
 3   131.414    -7.118    -6.249
 3     0.699     0.183    -0.692
 3     0.091     0.936     0.340
 3     0.709    -0.301     0.637
 4   105.642     5.043   -15.019
 4     0.369    -0.430     0.823
 4     0.664     0.742     0.090
 4    -0.650     0.514     0.560
 5   125.455    20.850    -1.302
 5     0.817     0.020     0.576
 5     0.415    -0.714    -0.564
 5     0.400     0.700    -0.592
 6   152.951    26.218    -2.147
 6     0.990    -0.097    -0.099
 6     0.092     0.994    -0.057
 6     0.104     0.047     0.993
 7   103.960   -18.710   -10.102
 7     0.207     0.566     0.798
 7    -0.659     0.684    -0.314
 7    -0.723    -0.461     0.515
 8   116.383   -34.370   -22.433
 8     0.321    -0.945    -0.071
 8    -0.352    -0.188     0.917
 8    -0.879    -0.269    -0.393
 9   117.143   -32.773   -54.527
 9     0.339     0.251     0.906
 9    -0.042     0.966    -0.253
 9    -0.940     0.048     0.339
 2    96.774   -18.639    59.785
 2     0.314    -0.949     0.027
 2     0.945     0.316     0.082
 2    -0.087    -0.000     0.996
 3   131.467    -7.121    -6.432
 3     0.699     0.188    -0.689
 3     0.080     0.937     0.338
 3     0.710    -0.292     0.640
 4   105.711     4.989   -15.140
 4     0.370    -0.427     0.825
 4     0.662     0.744     0.088
 4    -0.652     0.513     0.558
 5   125.658    20.686    -1.655
 5     0.823     0.021     0.567
 5     0.411    -0.711    -0.571
 5     0.391     0.703    -0.594
 6   153.249    25.685    -3.189
 6     0.994    -0.079    -0.074
 6     0.075     0.995    -0.054
 6     0.078     0.047     0.996
 7   104.137   -18.466   -10.256
 7     0.192     0.550     0.812
 7    -0.656     0.688    -0.311
 7    -0.730    -0.473     0.493
 8   115.747   -34.110   -22.958
 8     0.268    -0.960    -0.080
 8    -0.363    -0.178     0.914
 8    -0.892    -0.217    -0.396
 9   114.027   -32.274   -55.577
 9     0.259     0.243     0.935
 9    -0.019     0.969    -0.247
 9    -0.966     0.046     0.255
 2    96.775   -18.639    59.785
 2     0.315    -0.949     0.027
 2     0.945     0.316     0.083
 2    -0.087    -0.001     0.996
 3   131.996    -6.793    -6.741
 3     0.696     0.179    -0.696
 3     0.065     0.948     0.309
 3     0.715    -0.261     0.648
 4   105.951     4.874   -15.339
 4     0.365    -0.441     0.820
 4     0.670     0.736     0.097
 4    -0.646     0.514     0.564
 5   125.820    20.655    -1.795
 5     0.827     0.025     0.562
 5     0.408    -0.713    -0.570
 5     0.386     0.701    -0.600
 6   153.378    25.370    -3.461
 6     0.995    -0.071    -0.064
 6     0.068     0.996    -0.053
 6     0.067     0.048     0.996
 7   104.896   -18.416   -10.540
 7     0.180     0.521     0.834
 7    -0.652     0.698    -0.295
 7    -0.736    -0.491     0.466
 8   115.487   -34.258   -23.652
 8     0.201    -0.974    -0.104
 8    -0.360    -0.172     0.917
 8    -0.911    -0.147    -0.385
 9   109.969   -31.895   -56.310
 9     0.135     0.202     0.970
 9     0.036     0.977    -0.208
 9    -0.990     0.063     0.124
 2    96.774   -18.639    59.785
 2     0.314    -0.949     0.027
 2     0.945     0.316     0.082
 2    -0.087    -0.000     0.996
 3   132.711    -6.433    -6.910
 3     0.689     0.166    -0.706
 3     0.058     0.957     0.282
 3     0.723    -0.235     0.650
 4   106.623     4.715   -15.496
 4     0.357    -0.464     0.811
 4     0.683     0.721     0.112
 4    -0.637     0.514     0.574
 5   125.953    20.507    -1.540
 5     0.814     0.019     0.580
 5     0.412    -0.723    -0.555
 5     0.409     0.690    -0.597
 6   153.388    25.451    -3.171
 6     0.995    -0.073    -0.069
 6     0.070     0.996    -0.053
 6     0.072     0.048     0.996
 7   105.743   -18.368   -10.812
 7     0.161     0.505     0.847
 7    -0.655     0.697    -0.291
 7    -0.738    -0.508     0.443
 8   115.131   -34.742   -23.841
 8     0.143    -0.987    -0.068
 8    -0.362    -0.116     0.925
 8    -0.921    -0.108    -0.374
 9   107.085   -31.104   -56.980
 9     0.050     0.247     0.968
 9     0.079     0.965    -0.251
 9    -0.995     0.089     0.028
 2    96.772   -18.666    59.788
 2     0.315    -0.949     0.027
 2     0.945     0.316     0.083
 2    -0.088    -0.000     0.996
 3   133.335    -6.258    -6.967
 3     0.688     0.166    -0.707
 3     0.047     0.961     0.271
 3     0.724    -0.221     0.653
 4   107.215     4.755   -15.571
 4     0.352    -0.479     0.804
 4     0.693     0.711     0.120
 4    -0.630     0.515     0.582
 5   126.162    20.780    -1.229
 5     0.802     0.020     0.596
 5     0.420    -0.729    -0.541
 5     0.423     0.685    -0.593
 6   153.534    26.203    -2.326
 6     0.992    -0.093    -0.081
 6     0.088     0.994    -0.062
 6     0.086     0.054     0.995
 7   106.104   -18.064   -11.173
 7     0.152     0.514     0.844
 7    -0.660     0.689    -0.300
 7    -0.735    -0.512     0.444
 8   114.716   -34.757   -24.074
 8     0.135    -0.991     0.003
 8    -0.381    -0.049     0.923
 8    -0.915    -0.126    -0.384
 9   108.977   -32.624   -56.266
 9     0.094     0.308     0.946
 9     0.001     0.951    -0.310
 9    -0.995     0.030     0.089
 2    96.772   -18.666    59.788
 2     0.316    -0.948     0.027
 2     0.944     0.317     0.083
 2    -0.088    -0.000     0.996
 3   133.591    -6.260    -7.103
 3     0.687     0.172    -0.706
 3     0.039     0.961     0.272
 3     0.726    -0.214     0.653
 4   107.539     5.094   -15.647
 4     0.358    -0.478     0.802
 4     0.696     0.709     0.111
 4    -0.622     0.518     0.587
 5   126.437    20.885    -1.210
 5     0.801     0.024     0.597
 5     0.421    -0.732    -0.536
 5     0.424     0.681    -0.597
 6   153.611    26.409    -2.180
 6     0.992    -0.096    -0.082
 6     0.091     0.994    -0.064
 6     0.088     0.056     0.994
 7   106.082   -17.709   -11.438
 7     0.151     0.544     0.825
 7    -0.668     0.671    -0.320
 7    -0.728    -0.503     0.465
 8   114.542   -34.672   -24.014
 8     0.172    -0.982     0.082
 8    -0.388     0.009     0.921
 8    -0.905    -0.191    -0.380
 9   111.605   -33.609   -56.181
 9     0.179     0.413     0.893
 9    -0.071     0.910    -0.407
 9    -0.981     0.009     0.193
 2    96.768   -18.647    59.826
 2     0.327    -0.944     0.029
 2     0.940     0.328     0.087
 2    -0.092    -0.001     0.996
 3   133.601    -6.183    -7.110
 3     0.685     0.179    -0.706
 3     0.035     0.960     0.278
 3     0.728    -0.216     0.651
 4   107.692     5.269   -15.721
 4     0.364    -0.475     0.801
 4     0.693     0.713     0.107
 4    -0.622     0.516     0.588
 5   126.640    20.962    -1.214
 5     0.802     0.024     0.596
 5     0.419    -0.734    -0.535
 5     0.425     0.679    -0.599
 6   153.873    26.403    -2.265
 6     0.992    -0.094    -0.076
 6     0.088     0.994    -0.067
 6     0.082     0.059     0.995
 7   106.170   -17.701   -11.490
 7     0.155     0.568     0.808
 7    -0.679     0.656    -0.330
 7    -0.718    -0.498     0.487
 8   114.602   -35.124   -23.716
 8     0.186    -0.974     0.127
 8    -0.408     0.041     0.912
 8    -0.894    -0.221    -0.390
 9   112.973   -34.063   -55.721
 9     0.215     0.464     0.859
 9    -0.097     0.885    -0.454
 9    -0.972     0.014     0.235
 2    96.767   -18.648    59.804
 2     0.329    -0.944     0.030
 2     0.939     0.331     0.087
 2    -0.093    -0.001     0.996
 3   133.762    -6.254    -7.020
 3     0.681     0.180    -0.709
 3     0.038     0.959     0.281
 3     0.731    -0.219     0.646
 4   107.990     4.911   -15.933
 4     0.363    -0.485     0.796
 4     0.691     0.713     0.119
 4    -0.625     0.506     0.593
 5   126.790    20.836    -1.292
 5     0.802     0.025     0.596
 5     0.418    -0.736    -0.533
 5     0.425     0.677    -0.601
 6   154.018    26.265    -2.636
 6     0.994    -0.090    -0.063
 6     0.085     0.994    -0.071
 6     0.069     0.064     0.995
 7   106.864   -17.816   -11.693
 7     0.172     0.562     0.809
 7    -0.677     0.664    -0.317
 7    -0.716    -0.493     0.494
 8   116.237   -34.915   -23.903
 8     0.198    -0.980     0.029
 8    -0.391    -0.052     0.919
 8    -0.899    -0.193    -0.394
 9   114.400   -34.965   -55.608
 9     0.215     0.376     0.901
 9    -0.138     0.925    -0.354
 9    -0.967    -0.048     0.250
 2    96.770   -18.648    59.801
 2     0.330    -0.943     0.030
 2     0.939     0.332     0.087
 2    -0.092    -0.001     0.996
 3   134.267    -6.241    -6.883
 3     0.671     0.177    -0.720
 3     0.044     0.960     0.276
 3     0.740    -0.218     0.636
 4   108.464     4.868   -16.097
 4     0.368    -0.497     0.786
 4     0.694     0.709     0.123
 4    -0.619     0.500     0.606
 5   126.991    20.850    -1.246
 5     0.794     0.022     0.607
 5     0.423    -0.736    -0.527
 5     0.435     0.676    -0.595
 6   154.015    26.315    -2.532
 6     0.994    -0.090    -0.063
 6     0.086     0.994    -0.071
 6     0.068     0.065     0.995
 7   107.308   -17.810   -11.886
 7     0.182     0.561     0.807
 7    -0.675     0.668    -0.312
 7    -0.715    -0.489     0.500
 8   116.822   -34.673   -24.018
 8     0.205    -0.979    -0.002
 8    -0.390    -0.084     0.917
 8    -0.898    -0.188    -0.399
 9   114.115   -35.003   -55.728
 9     0.193     0.307     0.932
 9    -0.112     0.950    -0.290
 9    -0.975    -0.049     0.218
 2    96.770   -18.648    59.801
 2     0.330    -0.943     0.030
 2     0.939     0.332     0.087
 2    -0.092    -0.001     0.995
 3   134.515    -6.006    -6.787
 3     0.664     0.178    -0.726
 3     0.042     0.961     0.274
 3     0.747    -0.213     0.630
 4   108.930     5.137   -16.083
 4     0.376    -0.508     0.775
 4     0.701     0.703     0.120
 4    -0.606     0.498     0.620
 5   127.163    21.044    -1.016
 5     0.787     0.008     0.616
 5     0.419    -0.740    -0.526
 5     0.452     0.673    -0.586
 6   154.161    26.398    -2.022
 6     0.993    -0.089    -0.072
 6     0.084     0.994    -0.071
 6     0.077     0.064     0.995
 7   107.596   -17.553   -12.027
 7     0.193     0.563     0.803
 7    -0.672     0.672    -0.310
 7    -0.715    -0.480     0.508
 8   117.407   -34.083   -24.220
 8     0.219    -0.976    -0.012
 8    -0.385    -0.098     0.918
 8    -0.897    -0.196    -0.397
 9   114.741   -33.968   -56.099
 9     0.181     0.178     0.967
 9    -0.083     0.982    -0.166
 9    -0.980    -0.051     0.193
 2    96.770   -18.648    59.801
 2     0.331    -0.943     0.030
 2     0.939     0.332     0.087
 2    -0.092    -0.001     0.995
 3   134.763    -5.696    -6.642
 3     0.656     0.179    -0.733
 3     0.038     0.962     0.270
 3     0.754    -0.205     0.624
 4   109.318     5.711   -16.120
 4     0.383    -0.517     0.766
 4     0.708     0.696     0.115
 4    -0.593     0.498     0.633
 5   127.332    21.313    -0.658
 5     0.781    -0.006     0.624
 5     0.412    -0.746    -0.523
 5     0.468     0.666    -0.581
 6   154.424    26.564    -1.052
 6     0.992    -0.088    -0.089
 6     0.081     0.994    -0.074
 6     0.094     0.066     0.993
 7   107.910   -17.146   -12.170
 7     0.200     0.574     0.794
 7    -0.671     0.671    -0.316
 7    -0.714    -0.469     0.519
 8   117.769   -33.943   -23.998
 8     0.239    -0.969     0.053
 8    -0.417    -0.053     0.907
 8    -0.877    -0.239    -0.417
 9   115.352   -33.550   -56.148
 9     0.180     0.137     0.974
 9    -0.079     0.989    -0.125
 9    -0.980    -0.055     0.189
 2    96.768   -18.674    59.804
 2     0.331    -0.943     0.030
 2     0.939     0.333     0.087
 2    -0.093    -0.001     0.995
 3   134.849    -5.619    -6.554
 3     0.652     0.183    -0.736
 3     0.033     0.962     0.269
 3     0.757    -0.200     0.621
 4   109.440     5.974   -16.095
 4     0.387    -0.520     0.761
 4     0.712     0.693     0.110
 4    -0.585     0.500     0.638
 5   127.311    21.378    -0.281
 5     0.778    -0.026     0.628
 5     0.399    -0.752    -0.525
 5     0.486     0.659    -0.575
 6   154.453    26.471    -0.276
 6     0.991    -0.084    -0.102
 6     0.076     0.994    -0.080
 6     0.107     0.071     0.991
 7   107.967   -17.048   -12.262
 7     0.205     0.575     0.792
 7    -0.665     0.675    -0.318
 7    -0.718    -0.462     0.521
 8   118.631   -33.068   -24.584
 8     0.253    -0.965    -0.070
 8    -0.342    -0.157     0.927
 8    -0.905    -0.211    -0.369
 9   116.056   -33.401   -56.352
 9     0.171    -0.055     0.984
 9    -0.092     0.993     0.071
 9    -0.981    -0.103     0.165
 2    96.930   -18.709    59.816
 2     0.505    -0.863     0.023
 2     0.859     0.505     0.078
 2    -0.079    -0.020     0.996
 3   134.914    -5.438    -6.402
 3     0.646     0.182    -0.741
 3     0.028     0.964     0.262
 3     0.762    -0.190     0.619
 4   109.554     6.297   -16.040
 4     0.389    -0.530     0.753
 4     0.723     0.682     0.106
 4    -0.570     0.503     0.649
 5   127.360    21.514     0.026
 5     0.777    -0.050     0.627
 5     0.378    -0.759    -0.530
 5     0.502     0.649    -0.571
 6   154.567    26.525     0.517
 6     0.991    -0.079    -0.108
 6     0.070     0.993    -0.088
 6     0.114     0.080     0.990
 7   108.060   -16.646   -12.426
 7     0.217     0.570     0.792
 7    -0.654     0.687    -0.316
 7    -0.725    -0.450     0.522
 8   118.941   -32.435   -24.841
 8     0.259    -0.960    -0.103
 8    -0.321    -0.186     0.928
 8    -0.911    -0.207    -0.357
 9   116.265   -32.760   -56.551
 9     0.172    -0.076     0.982
 9    -0.081     0.992     0.090
 9    -0.982    -0.095     0.164
 2    97.003   -18.710    59.793
 2     0.505    -0.863     0.025
 2     0.859     0.505     0.078
 2    -0.080    -0.018     0.996
 3   134.974    -4.982    -6.398
 3     0.642     0.179    -0.745
 3     0.019     0.968     0.250
 3     0.766    -0.175     0.618
 4   109.743     6.823   -15.960
 4     0.393    -0.538     0.746
 4     0.733     0.672     0.099
 4    -0.555     0.508     0.659
 5   127.249    21.883     0.549
 5     0.773    -0.082     0.629
 5     0.358    -0.763    -0.539
 5     0.523     0.642    -0.560
 6   154.360    26.528     1.507
 6     0.990    -0.073    -0.117
 6     0.061     0.993    -0.101
 6     0.123     0.093     0.988
 7   108.246   -16.094   -12.532
 7     0.229     0.565     0.793
 7    -0.639     0.702    -0.315
 7    -0.734    -0.434     0.522
 8   119.540   -31.332   -25.298
 8     0.265    -0.955    -0.128
