% Calibrated with leiden_pols
% Positions are in centimeters
Data =[
 2    97.053   -18.710    59.793
 2     0.505    -0.863     0.025
 2     0.859     0.505     0.078
 2    -0.080    -0.018     0.996
 3   140.663    -2.893     2.831
 3     0.318     0.200    -0.927
 3     0.122     0.960     0.249
 3     0.940    -0.193     0.281
 4   122.751    11.086   -14.035
 4     0.575    -0.749     0.327
 4     0.802     0.595    -0.047
 4    -0.160     0.289     0.943
 5   127.469    24.891     9.128
 5     0.386    -0.368     0.845
 5     0.405    -0.756    -0.514
 5     0.828     0.541    -0.143
 6   152.008    17.944    23.193
 6     0.761     0.339    -0.553
 6    -0.409     0.912    -0.003
 6     0.504     0.228     0.833
 7   124.758   -18.523   -15.707
 7     0.681     0.672     0.290
 7    -0.707     0.707     0.019
 7    -0.192    -0.218     0.957
 8   137.098   -33.317     5.024
 8     0.719     0.579     0.384
 8    -0.321    -0.214     0.923
 8     0.616    -0.786     0.032
 9   154.541   -16.556    20.911
 9     0.406    -0.867    -0.290
 9     0.508     0.478    -0.717
 9     0.759     0.144     0.634
 2    97.003   -18.710    59.793
 2     0.505    -0.863     0.025
 2     0.859     0.505     0.078
 2    -0.080    -0.018     0.996
 3   140.563    -2.945     2.779
 3     0.319     0.200    -0.926
 3     0.121     0.960     0.250
 3     0.940    -0.192     0.282
 4   122.705    11.114   -13.990
 4     0.575    -0.750     0.327
 4     0.803     0.594    -0.049
 4    -0.158     0.290     0.943
 5   127.449    24.816     9.198
 5     0.387    -0.367     0.846
 5     0.403    -0.757    -0.514
 5     0.829     0.540    -0.145
 6   152.005    17.892    23.248
 6     0.761     0.339    -0.553
 6    -0.409     0.912    -0.003
 6     0.503     0.228     0.833
 7   124.732   -18.524   -15.652
 7     0.680     0.672     0.291
 7    -0.707     0.706     0.020
 7    -0.193    -0.220     0.956
 8   136.909   -33.190     5.095
 8     0.716     0.577     0.393
 8    -0.324    -0.225     0.919
 8     0.618    -0.785     0.025
 9   154.534   -16.638    20.977
 9     0.413    -0.861    -0.298
 9     0.507     0.489    -0.709
 9     0.756     0.142     0.639
 2    97.053   -18.710    59.793
 2     0.505    -0.863     0.025
 2     0.859     0.505     0.078
 2    -0.080    -0.018     0.996
 3   140.556    -2.946     2.839
 3     0.320     0.200    -0.926
 3     0.122     0.960     0.249
 3     0.939    -0.193     0.283
 4   122.632    11.089   -13.993
 4     0.574    -0.751     0.326
 4     0.803     0.593    -0.049
 4    -0.157     0.290     0.944
 5   127.311    24.721     9.304
 5     0.385    -0.363     0.848
 5     0.400    -0.763    -0.508
 5     0.832     0.535    -0.149
 6   151.871    17.993    23.256
 6     0.765     0.334    -0.550
 6    -0.405     0.914    -0.008
 6     0.500     0.228     0.835
 7   124.735   -18.472   -15.604
 7     0.679     0.672     0.292
 7    -0.708     0.706     0.021
 7    -0.192    -0.221     0.956
 8   136.711   -33.213     5.407
 8     0.707     0.573     0.415
 8    -0.333    -0.248     0.910
 8     0.624    -0.781     0.015
 9   154.556   -16.958    20.848
 9     0.428    -0.849    -0.311
 9     0.510     0.510    -0.692
 9     0.746     0.138     0.651
 2    97.053   -18.710    59.793
 2     0.505    -0.863     0.025
 2     0.859     0.505     0.078
 2    -0.080    -0.018     0.996
 3   140.547    -2.941     2.950
 3     0.316     0.204    -0.926
 3     0.123     0.959     0.254
 3     0.941    -0.194     0.278
 4   122.657    11.087   -13.849
 4     0.572    -0.759     0.312
 4     0.804     0.593    -0.033
 4    -0.160     0.270     0.949
 5   127.212    24.555     9.414
 5     0.379    -0.353     0.855
 5     0.391    -0.777    -0.493
 5     0.838     0.521    -0.157
 6   152.006    18.216    23.193
 6     0.779     0.319    -0.540
 6    -0.395     0.918    -0.026
 6     0.487     0.233     0.841
 7   124.885   -18.539   -15.563
 7     0.679     0.677     0.282
 7    -0.712     0.702     0.026
 7    -0.180    -0.219     0.959
 8   134.776   -33.255     6.655
 8     0.658     0.523     0.541
 8    -0.379    -0.391     0.839
 8     0.650    -0.757    -0.059
 9   155.057   -18.387    19.662
 9     0.565    -0.758    -0.325
 9     0.548     0.639    -0.539
 9     0.616     0.126     0.777
 2    97.053   -18.710    59.793
 2     0.505    -0.863     0.025
 2     0.859     0.505     0.078
 2    -0.080    -0.018     0.996
 3   140.514    -3.025     3.080
 3     0.306     0.223    -0.926
 3     0.140     0.951     0.275
 3     0.942    -0.214     0.260
 4   122.730    10.666   -13.740
 4     0.571    -0.762     0.304
 4     0.801     0.598    -0.007
 4    -0.177     0.247     0.953
 5   127.321    24.359     9.245
 5     0.370    -0.330     0.868
 5     0.404    -0.785    -0.470
 5     0.836     0.525    -0.157
 6   152.235    18.874    22.655
 6     0.799     0.298    -0.522
 6    -0.374     0.927    -0.042
 6     0.471     0.228     0.852
 7   125.143   -19.434   -14.852
 7     0.630     0.725     0.276
 7    -0.765     0.641     0.061
 7    -0.132    -0.250     0.959
 8   131.803   -31.624    10.413
 8     0.607     0.264     0.749
 8    -0.434    -0.679     0.591
 8     0.665    -0.685    -0.298
 9   155.146   -22.371    13.930
 9     0.819    -0.535    -0.208
 9     0.521     0.845    -0.121
 9     0.240    -0.009     0.970
 2    97.003   -18.710    59.793
 2     0.505    -0.863     0.025
 2     0.859     0.505     0.078
 2    -0.080    -0.018     0.996
 3   140.580    -3.197     3.105
 3     0.306     0.230    -0.924
 3     0.152     0.946     0.286
 3     0.940    -0.228     0.254
 4   122.684    10.368   -13.854
 4     0.567    -0.763     0.310
 4     0.799     0.600     0.017
 4    -0.199     0.238     0.950
 5   127.371    24.355     8.999
 5     0.373    -0.294     0.880
 5     0.420    -0.792    -0.443
 5     0.827     0.535    -0.172
 6   152.621    20.083    20.925
 6     0.843     0.264    -0.468
 6    -0.345     0.934    -0.095
 6     0.412     0.241     0.879
 7   125.185   -19.860   -14.651
 7     0.614     0.738     0.281
 7    -0.781     0.620     0.076
 7    -0.118    -0.266     0.957
 8   131.719   -30.714    11.838
 8     0.621     0.058     0.781
 8    -0.454    -0.787     0.418
 8     0.639    -0.615    -0.463
 9   153.768   -26.337     7.114
 9     0.891    -0.445     0.094
 9     0.424     0.887     0.179
 9    -0.163    -0.120     0.979
 2    97.003   -18.710    59.793
 2     0.505    -0.863     0.025
 2     0.859     0.505     0.078
 2    -0.080    -0.018     0.996
 3   140.567    -3.197     3.100
 3     0.308     0.228    -0.923
 3     0.159     0.944     0.286
 3     0.938    -0.236     0.255
 4   122.344    10.100   -13.858
 4     0.561    -0.763     0.320
 4     0.799     0.600     0.030
 4    -0.216     0.239     0.947
 5   127.164    24.021     8.950
 5     0.387    -0.256     0.886
 5     0.419    -0.807    -0.416
 5     0.821     0.532    -0.205
 6   152.467    20.545    18.776
 6     0.887     0.240    -0.394
 6    -0.334     0.923    -0.190
 6     0.318     0.300     0.899
 7   125.020   -20.038   -14.524
 7     0.609     0.739     0.287
 7    -0.784     0.615     0.082
 7    -0.116    -0.275     0.954
 8   132.686   -29.265    12.711
 8     0.674    -0.143     0.724
 8    -0.472    -0.838     0.274
 8     0.568    -0.527    -0.632
 9   150.217   -30.338     1.183
 9     0.793    -0.464     0.394
 9     0.283     0.854     0.435
 9    -0.539    -0.233     0.809
 2    97.003   -18.710    59.793
 2     0.505    -0.863     0.025
 2     0.859     0.505     0.078
 2    -0.080    -0.018     0.996
 3   140.420    -3.201     2.896
 3     0.315     0.223    -0.923
 3     0.164     0.944     0.284
 3     0.935    -0.241     0.261
 4   121.918    10.170   -13.786
 4     0.552    -0.765     0.331
 4     0.802     0.595     0.036
 4    -0.225     0.246     0.943
 5   126.893    23.799     9.089
 5     0.394    -0.227     0.890
 5     0.408    -0.825    -0.391
 5     0.823     0.517    -0.233
 6   152.321    21.403    17.233
 6     0.919     0.226    -0.322
 6    -0.327     0.893    -0.308
 6     0.218     0.388     0.895
 7   124.726   -20.215   -14.570
 7     0.608     0.736     0.297
 7    -0.785     0.613     0.090
 7    -0.116    -0.288     0.950
 8   133.545   -28.441    12.775
 8     0.704    -0.270     0.657
 8    -0.500    -0.846     0.188
 8     0.505    -0.461    -0.730
 9   146.732   -33.509    -2.159
 9     0.635    -0.524     0.568
 9     0.159     0.808     0.567
 9    -0.756    -0.269     0.597
 2    97.003   -18.710    59.793
 2     0.505    -0.863     0.025
 2     0.859     0.505     0.078
 2    -0.080    -0.018     0.996
 3   140.396    -3.029     2.742
 3     0.321     0.213    -0.923
 3     0.167     0.946     0.276
 3     0.932    -0.243     0.268
 4   121.357    10.445   -13.721
 4     0.535    -0.768     0.351
 4     0.812     0.583     0.038
 4    -0.234     0.264     0.935
 5   126.423    23.632     9.313
 5     0.402    -0.183     0.897
 5     0.395    -0.849    -0.350
 5     0.826     0.495    -0.270
 6   151.559    22.940    15.987
 6     0.951     0.192    -0.243
 6    -0.292     0.817    -0.498
 6     0.103     0.544     0.832
 7   124.425   -19.989   -14.435
 7     0.607     0.734     0.302
 7    -0.786     0.612     0.092
 7    -0.118    -0.293     0.949
 8   133.917   -28.117    12.906
 8     0.698    -0.402     0.592
 8    -0.561    -0.822     0.103
 8     0.445    -0.404    -0.799
 9   142.586   -36.406    -3.905
 9     0.468    -0.569     0.675
 9     0.052     0.781     0.622
 9    -0.882    -0.257     0.395
 2    97.003   -18.710    59.742
 2     0.505    -0.863     0.025
 2     0.859     0.505     0.078
 2    -0.080    -0.018     0.996
 3   140.350    -2.538     2.328
 3     0.337     0.196    -0.921
 3     0.167     0.950     0.263
 3     0.926    -0.243     0.287
 4   121.002    10.849   -13.539
 4     0.520    -0.768     0.373
 4     0.820     0.571     0.034
 4    -0.240     0.287     0.927
 5   126.230    23.609     9.689
 5     0.416    -0.136     0.899
 5     0.385    -0.870    -0.310
 5     0.824     0.475    -0.310
 6   151.435    25.050    15.085
 6     0.974     0.171    -0.151
 6    -0.228     0.714    -0.661
 6    -0.005     0.678     0.734
 7   123.643   -19.641   -14.353
 7     0.576     0.749     0.327
 7    -0.805     0.588     0.071
 7    -0.139    -0.304     0.942
 8   133.556   -28.286    12.574
 8     0.662    -0.525     0.535
 8    -0.638    -0.770     0.034
 8     0.394    -0.364    -0.844
 9   138.954   -38.976    -5.159
 9     0.349    -0.566     0.747
 9    -0.014     0.794     0.608
 9    -0.937    -0.222     0.269
 2    97.053   -18.710    59.793
 2     0.505    -0.863     0.025
 2     0.859     0.505     0.078
 2    -0.080    -0.018     0.996
 3   140.475    -2.484     1.843
 3     0.359     0.185    -0.915
 3     0.160     0.953     0.255
 3     0.919    -0.239     0.313
 4   120.492    11.227   -13.337
 4     0.505    -0.763     0.404
 4     0.827     0.561     0.025
 4    -0.246     0.322     0.914
 5   126.343    23.444     9.961
 5     0.443    -0.085     0.892
 5     0.380    -0.884    -0.273
 5     0.812     0.460    -0.359
 6   150.810    26.649    14.216
 6     0.984     0.170    -0.058
 6    -0.155     0.642    -0.751
 6    -0.091     0.747     0.658
 7   122.793   -19.329   -14.262
 7     0.538     0.762     0.360
 7    -0.825     0.563     0.043
 7    -0.170    -0.320     0.932
 8   133.225   -28.829    12.269
 8     0.624    -0.619     0.476
 8    -0.699    -0.715    -0.012
 8     0.348    -0.325    -0.879
 9   136.157   -40.795    -5.974
 9     0.253    -0.558     0.790
 9    -0.049     0.808     0.586
 9    -0.966    -0.188     0.177
 2    97.003   -18.710    59.793
 2     0.505    -0.863     0.025
 2     0.859     0.505     0.078
 2    -0.080    -0.018     0.996
 3   140.542    -2.638     1.242
 3     0.386     0.178    -0.905
 3     0.150     0.956     0.252
 3     0.910    -0.233     0.342
 4   120.098    11.499   -13.222
 4     0.491    -0.753     0.437
 4     0.832     0.554     0.019
 4    -0.257     0.354     0.899
 5   126.428    23.307    10.199
 5     0.462    -0.053     0.885
 5     0.374    -0.893    -0.249
 5     0.804     0.446    -0.393
 6   150.719    28.198    12.957
 6     0.981     0.192     0.022
 6    -0.097     0.590    -0.802
 6    -0.168     0.784     0.597
 7   122.072   -19.355   -14.191
 7     0.511     0.768     0.386
 7    -0.839     0.543     0.029
 7    -0.187    -0.339     0.922
 8   133.387   -29.023    12.061
 8     0.623    -0.661     0.418
 8    -0.720    -0.693    -0.024
 8     0.305    -0.286    -0.908
 9   134.403   -41.465    -6.467
 9     0.158    -0.629     0.761
 9    -0.047     0.765     0.642
 9    -0.986    -0.138     0.092
 2    97.003   -18.710    59.793
 2     0.505    -0.863     0.025
 2     0.859     0.505     0.078
 2    -0.080    -0.018     0.996
 3   140.493    -2.580     0.889
 3     0.405     0.172    -0.898
 3     0.147     0.957     0.249
 3     0.902    -0.233     0.362
 4   119.853    11.623   -13.094
 4     0.486    -0.745     0.456
 4     0.833     0.552     0.012
 4    -0.261     0.374     0.890
 5   126.519    22.996    10.385
 5     0.478    -0.026     0.878
 5     0.370    -0.901    -0.228
 5     0.797     0.433    -0.421
 6   150.338    28.713    12.725
 6     0.978     0.201     0.057
 6    -0.062     0.539    -0.840
 6    -0.200     0.818     0.540
 7   121.544   -19.364   -14.142
 7     0.500     0.769     0.397
 7    -0.844     0.535     0.026
 7    -0.192    -0.349     0.917
 8   133.699   -28.926    11.796
 8     0.630    -0.681     0.373
 8    -0.725    -0.688    -0.030
 8     0.277    -0.252    -0.927
 9   133.367   -41.222    -6.649
 9     0.087    -0.685     0.723
 9    -0.025     0.724     0.689
 9    -0.996    -0.078     0.046
 2    97.003   -18.685    59.793
 2     0.505    -0.863     0.025
 2     0.859     0.505     0.078
 2    -0.080    -0.018     0.996
 3   140.458    -2.619     0.471
 3     0.420     0.167    -0.892
 3     0.145     0.958     0.248
 3     0.896    -0.234     0.378
 4   119.486    11.799   -12.994
 4     0.480    -0.740     0.472
 4     0.837     0.547     0.007
 4    -0.264     0.392     0.881
 5   126.499    22.892    10.441
 5     0.483    -0.007     0.875
 5     0.370    -0.905    -0.212
 5     0.793     0.426    -0.435
 6   149.951    29.877    12.734
 6     0.975     0.202     0.090
 6    -0.019     0.485    -0.874
 6    -0.220     0.851     0.477
 7   121.251   -19.325   -14.053
 7     0.494     0.767     0.408
 7    -0.845     0.533     0.020
 7    -0.203    -0.355     0.912
 8   133.895   -28.933    11.575
 8     0.626    -0.706     0.331
 8    -0.738    -0.674    -0.042
 8     0.252    -0.218    -0.943
 9   130.659   -40.658    -8.657
 9     0.001    -0.759     0.651
 9     0.020     0.651     0.759
 9    -1.000     0.012     0.016
 2    97.003   -18.710    59.793
 2     0.505    -0.863     0.025
 2     0.859     0.505     0.078
 2    -0.080    -0.018     0.996
 3   140.423    -2.608     0.330
 3     0.433     0.161    -0.887
 3     0.140     0.960     0.243
 3     0.890    -0.230     0.392
 4   119.355    11.954   -12.878
 4     0.474    -0.736     0.484
 4     0.840     0.542     0.001
 4    -0.263     0.406     0.875
 5   126.378    22.900    10.674
 5     0.481     0.010     0.877
 5     0.369    -0.910    -0.191
 5     0.795     0.415    -0.441
 6   149.668    30.669    13.268
 6     0.973     0.201     0.108
 6     0.014     0.422    -0.906
 6    -0.228     0.884     0.408
 7   120.860   -19.018   -14.106
 7     0.483     0.764     0.426
 7    -0.846     0.533     0.003
 7    -0.225    -0.363     0.904
 8   134.203   -29.052    10.706
 8     0.607    -0.744     0.277
 8    -0.764    -0.643    -0.052
 8     0.217    -0.181    -0.959
 9   128.846   -39.294   -10.606
 9    -0.082    -0.792     0.605
 9     0.088     0.599     0.796
 9    -0.993     0.118     0.021
 2    97.003   -18.684    59.793
 2     0.504    -0.863     0.025
 2     0.859     0.505     0.078
 2    -0.080    -0.018     0.996
 3   140.386    -2.573     0.059
 3     0.448     0.153    -0.881
 3     0.132     0.963     0.234
 3     0.884    -0.221     0.411
 4   119.071    12.211   -12.711
 4     0.465    -0.733     0.496
 4     0.845     0.534    -0.004
 4    -0.262     0.421     0.868
 5   126.288    22.878    10.820
 5     0.482     0.036     0.875
 5     0.371    -0.913    -0.167
 5     0.793     0.405    -0.454
 6   149.312    31.249    13.279
 6     0.969     0.207     0.130
 6     0.040     0.389    -0.920
 6    -0.242     0.897     0.369
 7   120.655   -18.906   -14.155
 7     0.478     0.760     0.440
 7    -0.845     0.535    -0.007
 7    -0.241    -0.368     0.898
 8   134.631   -29.092    10.165
 8     0.597    -0.770     0.225
 8    -0.782    -0.621    -0.053
 8     0.181    -0.144    -0.973
 9   127.948   -38.072   -11.634
 9    -0.158    -0.793     0.588
 9     0.160     0.567     0.808
 9    -0.974     0.222     0.038
 2    97.003   -18.710    59.793
 2     0.505    -0.863     0.025
 2     0.859     0.505     0.078
 2    -0.080    -0.018     0.996
 3   140.398    -2.461    -0.255
 3     0.463     0.146    -0.874
 3     0.128     0.965     0.229
 3     0.877    -0.219     0.428
 4   118.807    12.389   -12.663
 4     0.457    -0.730     0.508
 4     0.849     0.527    -0.006
 4    -0.264     0.435     0.861
 5   126.221    22.953    11.025
 5     0.486     0.053     0.872
 5     0.372    -0.916    -0.151
 5     0.790     0.398    -0.466
 6   149.039    31.956    13.194
 6     0.965     0.213     0.153
 6     0.065     0.373    -0.926
 6    -0.255     0.903     0.345
 7   120.419   -18.862   -14.207
 7     0.476     0.755     0.449
 7    -0.844     0.537    -0.009
 7    -0.248    -0.375     0.893
 8   134.977   -28.830     9.906
 8     0.609    -0.767     0.199
 8    -0.774    -0.630    -0.062
 8     0.173    -0.117    -0.978
 9   128.355   -39.063   -12.072
 9    -0.188    -0.841     0.507
 9     0.096     0.498     0.861
 9    -0.977     0.211    -0.013
 2    97.003   -18.710    59.792
 2     0.504    -0.863     0.025
 2     0.859     0.505     0.078
 2    -0.080    -0.018     0.996
 3   140.195    -2.240    -0.328
 3     0.471     0.140    -0.871
 3     0.130     0.965     0.226
 3     0.872    -0.219     0.436
 4   118.447    12.515   -12.712
 4     0.452    -0.728     0.515
 4     0.851     0.524    -0.006
 4    -0.266     0.441     0.857
 5   126.047    23.001    10.996
 5     0.491     0.051     0.870
 5     0.367    -0.918    -0.153
 5     0.790     0.394    -0.469
 6   148.956    32.006    13.144
 6     0.964     0.216     0.155
 6     0.067     0.365    -0.928
 6    -0.257     0.905     0.338
 7   120.285   -18.834   -14.225
 7     0.498     0.744     0.445
 7    -0.836     0.548     0.021
 7    -0.228    -0.383     0.895
 8   135.544   -27.054    10.142
 8     0.685    -0.688     0.239
 8    -0.688    -0.719    -0.097
 8     0.239    -0.098    -0.966
 9   132.651   -43.834    -8.793
 9    -0.095    -0.948     0.303
 9    -0.144     0.315     0.938
 9    -0.985     0.046    -0.166
 2    97.003   -18.710    59.793
 2     0.505    -0.863     0.025
 2     0.859     0.505     0.078
 2    -0.080    -0.018     0.996
 3   140.106    -2.091    -0.385
 3     0.475     0.138    -0.869
 3     0.133     0.965     0.226
 3     0.869    -0.223     0.440
 4   118.214    12.615   -12.658
 4     0.448    -0.729     0.518
 4     0.853     0.522    -0.004
 4    -0.268     0.444     0.855
 5   125.752    23.077    11.014
 5     0.491     0.049     0.869
 5     0.363    -0.919    -0.153
 5     0.791     0.391    -0.470
 6   148.733    32.317    13.452
 6     0.965     0.211     0.156
 6     0.073     0.353    -0.932
 6    -0.252     0.911     0.325
 7   120.671   -19.079   -14.073
 7     0.515     0.744     0.425
 7    -0.834     0.549     0.048
 7    -0.197    -0.380     0.904
 8   135.993   -26.188    10.817
 8     0.720    -0.637     0.275
 8    -0.630    -0.766    -0.126
 8     0.291    -0.083    -0.953
 9   138.329   -44.406    -4.603
 9    -0.017    -0.975     0.222
 9    -0.318     0.216     0.923
 9    -0.948    -0.055    -0.314
 2    97.003   -18.710    59.793
 2     0.505    -0.863     0.025
 2     0.859     0.505     0.078
 2    -0.080    -0.018     0.996
 3   139.926    -2.017    -0.577
 3     0.483     0.128    -0.866
 3     0.146     0.963     0.224
 3     0.863    -0.235     0.447
 4   117.917    12.382   -12.739
 4     0.437    -0.732     0.522
 4     0.856     0.517     0.009
 4    -0.276     0.443     0.853
 5   125.375    23.131    10.838
 5     0.486     0.055     0.872
 5     0.371    -0.916    -0.149
 5     0.791     0.396    -0.467
 6   148.196    32.830    13.388
 6     0.963     0.207     0.169
 6     0.090     0.344    -0.935
 6    -0.252     0.916     0.312
 7   120.836   -19.418   -14.000
 7     0.517     0.747     0.417
 7    -0.837     0.544     0.064
 7    -0.179    -0.383     0.906
 8   136.454   -25.977    11.124
 8     0.736    -0.613     0.286
 8    -0.597    -0.787    -0.151
 8     0.318    -0.059    -0.946
 9   140.569   -46.446    -2.477
 9     0.062    -0.982     0.177
 9    -0.460     0.129     0.878
 9    -0.886    -0.136    -0.444
 2    97.003   -18.685    59.793
 2     0.505    -0.863     0.025
 2     0.859     0.505     0.078
 2    -0.080    -0.018     0.996
 3   139.957    -2.016    -0.500
 3     0.487     0.120    -0.865
 3     0.158     0.962     0.222
 3     0.859    -0.245     0.450
 4   117.952    12.199   -12.667
 4     0.432    -0.736     0.521
 4     0.856     0.516     0.018
 4    -0.283     0.438     0.853
 5   125.239    23.058    10.671
 5     0.480     0.068     0.874
 5     0.383    -0.913    -0.139
 5     0.789     0.402    -0.465
 6   147.859    33.319    13.427
 6     0.961     0.202     0.185
 6     0.109     0.336    -0.935
 6    -0.252     0.920     0.301
 7   121.125   -19.859   -13.824
 7     0.517     0.751     0.409
 7    -0.841     0.536     0.078
 7    -0.161    -0.385     0.909
 8   136.709   -25.871    11.436
 8     0.733    -0.607     0.306
 8    -0.580    -0.793    -0.182
 8     0.353    -0.044    -0.934
 9   141.606   -47.821    -0.304
 9     0.120    -0.978     0.169
 9    -0.546     0.077     0.834
 9    -0.829    -0.192    -0.525
 2    97.003   -18.710    59.793
 2     0.505    -0.863     0.025
 2     0.859     0.505     0.078
 2    -0.080    -0.018     0.996
 3   140.048    -2.089    -0.436
 3     0.487     0.113    -0.866
 3     0.169     0.960     0.220
 3     0.857    -0.254     0.448
 4   118.111    11.762   -12.820
 4     0.429    -0.739     0.520
 4     0.855     0.517     0.029
 4    -0.291     0.432     0.854
 5   125.228    22.909    10.504
 5     0.474     0.080     0.876
 5     0.394    -0.910    -0.130
 5     0.787     0.407    -0.463
 6   147.543    33.730    13.095
 6     0.958     0.200     0.205
 6     0.130     0.335    -0.933
 6    -0.255     0.921     0.295
 7   121.335   -20.227   -13.642
 7     0.515     0.757     0.401
 7    -0.845     0.528     0.088
 7    -0.145    -0.384     0.912
 8   136.850   -25.923    11.952
 8     0.716    -0.619     0.322
 8    -0.579    -0.785    -0.220
 8     0.389    -0.029    -0.921
 9   142.146   -49.001     1.381
 9     0.150    -0.972     0.179
 9    -0.605     0.053     0.795
 9    -0.782    -0.228    -0.580
 2    97.003   -18.710    59.793
 2     0.505    -0.863     0.025
 2     0.859     0.505     0.078
 2    -0.080    -0.018     0.996
 3   140.229    -2.191    -0.334
 3     0.490     0.108    -0.865
 3     0.177     0.959     0.220
 3     0.853    -0.262     0.451
 4   118.232    11.609   -12.915
 4     0.426    -0.742     0.518
 4     0.856     0.516     0.034
 4    -0.293     0.429     0.854
 5   125.278    22.834    10.505
 5     0.473     0.081     0.877
 5     0.396    -0.909    -0.129
 5     0.787     0.408    -0.462
 6   147.489    33.912    13.265
 6     0.957     0.197     0.212
 6     0.139     0.331    -0.933
 6    -0.254     0.923     0.289
 7   121.586   -20.554   -13.443
 7     0.500     0.772     0.391
 7    -0.856     0.510     0.087
 7    -0.133    -0.378     0.916
 8   136.608   -26.365    12.267
 8     0.686    -0.651     0.326
 8    -0.596    -0.759    -0.262
 8     0.418    -0.014    -0.908
 9   142.008   -51.005     2.592
 9     0.162    -0.965     0.206
 9    -0.658     0.049     0.751
 9    -0.735    -0.258    -0.627
 2    97.003   -18.710    59.793
 2     0.505    -0.863     0.025
 2     0.859     0.505     0.078
 2    -0.080    -0.018     0.996
 3   140.255    -2.373    -0.357
 3     0.497     0.102    -0.862
 3     0.183     0.958     0.219
 3     0.848    -0.267     0.458
 4   118.335    11.536   -12.871
 4     0.423    -0.743     0.518
 4     0.858     0.512     0.034
 4    -0.291     0.430     0.854
 5   125.361    22.611    10.593
 5     0.470     0.088     0.878
 5     0.394    -0.911    -0.120
 5     0.789     0.403    -0.463
 6   147.233    34.269    13.408
 6     0.949     0.212     0.230
 6     0.167     0.279    -0.946
 6    -0.265     0.936     0.230
 7   121.385   -20.684   -13.332
 7     0.478     0.788     0.388
 7    -0.870     0.486     0.083
 7    -0.124    -0.378     0.917
 8   136.063   -26.436    12.683
 8     0.663    -0.670     0.334
 8    -0.606    -0.742    -0.286
 8     0.439    -0.014    -0.898
 9   141.240   -51.451     4.146
 9     0.181    -0.956     0.231
 9    -0.696     0.041     0.717
 9    -0.695    -0.291    -0.658
 2    97.003   -18.710    59.793
 2     0.505    -0.863     0.025
 2     0.859     0.505     0.078
 2    -0.080    -0.018     0.996
 3   140.343    -2.505    -0.415
 3     0.503     0.103    -0.858
 3     0.182     0.958     0.222
 3     0.845    -0.269     0.463
 4   118.418    11.540   -12.833
 4     0.423    -0.742     0.519
 4     0.859     0.511     0.030
 4    -0.287     0.433     0.854
 5   125.564    22.310    10.883
 5     0.473     0.098     0.875
 5     0.389    -0.915    -0.108
 5     0.790     0.392    -0.471
 6   147.274    34.574    14.295
 6     0.940     0.247     0.234
 6     0.194     0.175    -0.965
 6    -0.280     0.953     0.117
 7   121.143   -20.689   -13.280
 7     0.464     0.795     0.391
 7    -0.877     0.473     0.079
 7    -0.122    -0.380     0.917
 8   135.723   -26.719    12.729
 8     0.650    -0.683     0.333
 8    -0.618    -0.731    -0.291
 8     0.442    -0.017    -0.897
 9   140.928   -51.788     4.819
 9     0.192    -0.950     0.246
 9    -0.714     0.037     0.699
 9    -0.674    -0.310    -0.671
 2    97.003   -18.710    59.793
 2     0.505    -0.863     0.025
 2     0.859     0.505     0.078
 2    -0.080    -0.018     0.996
 3   140.350    -2.614    -0.496
 3     0.509     0.104    -0.854
 3     0.179     0.958     0.223
 3     0.841    -0.267     0.469
 4   118.437    11.727   -12.637
 4     0.424    -0.739     0.523
 4     0.862     0.506     0.016
 4    -0.277     0.444     0.852
 5   125.691    21.907    11.312
 5     0.481     0.114     0.869
 5     0.378    -0.922    -0.088
 5     0.791     0.370    -0.487
 6   146.911    34.564    14.452
 6     0.920     0.309     0.241
 6     0.235     0.057    -0.970
 6    -0.314     0.949    -0.021
 7   120.863   -20.699   -13.310
 7     0.449     0.800     0.396
 7    -0.884     0.461     0.071
 7    -0.126    -0.382     0.915
 8   135.098   -27.007    12.862
 8     0.637    -0.695     0.334
 8    -0.632    -0.719    -0.290
 8     0.442    -0.026    -0.897
 9   140.251   -52.187     5.175
 9     0.193    -0.946     0.261
 9    -0.725     0.042     0.687
 9    -0.661    -0.323    -0.678
 2    97.003   -18.710    59.742
 2     0.505    -0.863     0.025
 2     0.859     0.505     0.078
 2    -0.080    -0.018     0.996
 3   140.316    -2.876    -0.614
 3     0.517     0.108    -0.849
 3     0.169     0.959     0.225
 3     0.839    -0.260     0.477
 4   118.554    11.913   -12.413
 4     0.428    -0.733     0.529
 4     0.863     0.505     0.001
 4    -0.268     0.456     0.848
 5   126.029    21.546    11.669
 5     0.492     0.121     0.862
 5     0.368    -0.926    -0.081
 5     0.788     0.357    -0.500
 6   147.020    35.084    14.895
 6     0.907     0.341     0.245
 6     0.270    -0.025    -0.963
 6    -0.323     0.939    -0.115
 7   120.564   -20.580   -13.301
 7     0.436     0.807     0.397
 7    -0.891     0.450     0.064
 7    -0.127    -0.382     0.915
 8   134.790   -27.040    12.880
 8     0.630    -0.702     0.331
 8    -0.641    -0.711    -0.289
 8     0.438    -0.030    -0.898
 9   139.879   -52.533     5.436
 9     0.191    -0.944     0.270
 9    -0.736     0.044     0.675
 9    -0.649    -0.328    -0.686
 2    97.053   -18.710    59.793
 2     0.505    -0.863     0.025
 2     0.859     0.505     0.078
 2    -0.080    -0.018     0.996
 3   140.382    -3.036    -0.731
 3     0.522     0.112    -0.845
 3     0.161     0.960     0.227
 3     0.837    -0.255     0.483
 4   118.613    12.042   -12.375
 4     0.432    -0.729     0.531
 4     0.862     0.506    -0.007
 4    -0.264     0.460     0.847
 5   126.152    21.448    11.666
 5     0.490     0.129     0.861
 5     0.371    -0.926    -0.073
 5     0.788     0.355    -0.502
 6   147.070    34.937    15.052
 6     0.907     0.343     0.243
 6     0.273    -0.044    -0.961
 6    -0.320     0.938    -0.134
 7   120.438   -20.487   -13.342
 7     0.421     0.816     0.396
 7    -0.898     0.437     0.056
 7    -0.128    -0.379     0.916
 8   134.453   -27.224    12.952
 8     0.612    -0.719     0.328
 8    -0.656    -0.694    -0.298
 8     0.441    -0.032    -0.897
 9   139.260   -52.982     5.795
 9     0.185    -0.941     0.284
 9    -0.750     0.051     0.659
 9    -0.635    -0.336    -0.696
 2    97.003   -18.710    59.792
 2     0.504    -0.863     0.025
 2     0.859     0.505     0.078
 2    -0.080    -0.018     0.996
 3   140.332    -3.036    -0.731
 3     0.523     0.112    -0.845
 3     0.160     0.961     0.227
 3     0.837    -0.254     0.484
 4   118.693    12.145   -12.380
 4     0.434    -0.729     0.529
 4     0.862     0.507    -0.009
 4    -0.262     0.460     0.848
 5   126.276    21.451    11.668
 5     0.486     0.135     0.863
 5     0.377    -0.923    -0.068
 5     0.788     0.359    -0.500
 6   147.075    34.990    15.098
 6     0.908     0.342     0.242
 6     0.273    -0.044    -0.961
 6    -0.318     0.938    -0.133
 7   120.528   -20.434   -13.209
 7     0.415     0.822     0.389
 7    -0.902     0.429     0.056
 7    -0.121    -0.375     0.919
 8   134.413   -27.199    13.093
 8     0.606    -0.725     0.329
 8    -0.660    -0.688    -0.302
 8     0.445    -0.034    -0.895
 9   139.097   -53.055     6.128
 9     0.185    -0.938     0.292
 9    -0.755     0.054     0.654
 9    -0.629    -0.341    -0.698
 2    97.003   -18.684    59.793
 2     0.504    -0.863     0.025
 2     0.859     0.505     0.078
 2    -0.080    -0.018     0.996
 3   140.387    -3.035    -0.686
 3     0.522     0.113    -0.845
 3     0.160     0.960     0.227
 3     0.838    -0.254     0.483
 4   118.819    12.042   -12.425
 4     0.436    -0.731     0.525
 4     0.861     0.509    -0.006
 4    -0.263     0.454     0.851
 5   126.254    21.506    11.693
 5     0.480     0.135     0.866
 5     0.382    -0.922    -0.068
 5     0.789     0.363    -0.495
 6   147.310    34.402    15.057
 6     0.920     0.315     0.231
 6     0.243     0.000    -0.970
 6    -0.306     0.949    -0.076
 7   120.710   -20.528   -13.152
 7     0.422     0.821     0.384
 7    -0.899     0.433     0.061
 7    -0.116    -0.371     0.921
 8   134.391   -27.458    13.131
 8     0.613    -0.712     0.342
 8    -0.656    -0.700    -0.283
 8     0.441    -0.051    -0.896
 9   139.402   -53.366     5.511
 9     0.198    -0.933     0.301
 9    -0.728     0.066     0.682
 9    -0.657    -0.355    -0.666
 2    97.003   -18.684    59.793
 2     0.504    -0.863     0.025
 2     0.859     0.505     0.078
 2    -0.080    -0.018     0.996
 3   140.500    -3.029    -0.625
 3     0.516     0.115    -0.849
 3     0.162     0.960     0.228
 3     0.841    -0.255     0.477
 4   119.056    12.045   -12.453
 4     0.439    -0.736     0.516
 4     0.860     0.510    -0.004
 4    -0.260     0.445     0.857
 5   126.250    21.643    11.579
 5     0.471     0.116     0.874
 5     0.373    -0.924    -0.078
 5     0.799     0.363    -0.480
 6   147.641    34.162    15.479
 6     0.934     0.280     0.221
 6     0.220     0.033    -0.975
 6    -0.281     0.959    -0.031
 7   121.059   -20.596   -13.294
 7     0.436     0.816     0.378
 7    -0.893     0.445     0.068
 7    -0.114    -0.367     0.923
 8   133.866   -27.514    13.661
 8     0.616    -0.680     0.396
 8    -0.642    -0.726    -0.248
 8     0.456    -0.102    -0.884
 9   140.476   -51.777     5.993
 9     0.276    -0.908     0.315
 9    -0.694     0.038     0.719
 9    -0.665    -0.417    -0.620
 2    97.003   -18.710    59.793
 2     0.505    -0.863     0.025
 2     0.859     0.505     0.078
 2    -0.080    -0.018     0.996
 3   140.672    -3.014    -0.400
 3     0.500     0.119    -0.858
 3     0.161     0.960     0.227
 3     0.851    -0.252     0.460
 4   119.224    12.100   -12.389
 4     0.443    -0.740     0.506
 4     0.860     0.511    -0.006
 4    -0.254     0.438     0.862
 5   125.942    21.886    11.784
 5     0.458     0.069     0.886
 5     0.349    -0.931    -0.108
 5     0.818     0.359    -0.450
 6   147.940    33.129    16.504
 6     0.961     0.201     0.186
 6     0.165     0.117    -0.979
 6    -0.219     0.972     0.079
 7   121.476   -20.507   -13.161
 7     0.446     0.819     0.359
 7    -0.889     0.451     0.074
 7    -0.102    -0.353     0.930
 8   131.819   -27.596    14.381
 8     0.614    -0.611     0.500
 8    -0.615    -0.767    -0.183
 8     0.495    -0.195    -0.846
 9   141.705   -50.300     7.203
 9     0.424    -0.835     0.350
 9    -0.628     0.007     0.778
 9    -0.652    -0.550    -0.522
 2    97.003   -18.710    59.793
 2     0.505    -0.863     0.025
 2     0.859     0.505     0.078
 2    -0.080    -0.018     0.996
 3   140.709    -2.851    -0.142
 3     0.485     0.122    -0.865
 3     0.159     0.961     0.225
 3     0.859    -0.247     0.447
 4   119.449    12.235   -12.359
 4     0.445    -0.746     0.495
 4     0.861     0.508    -0.009
 4    -0.245     0.430     0.869
 5   125.775    22.252    11.627
 5     0.442     0.012     0.897
 5     0.330    -0.932    -0.150
 5     0.834     0.362    -0.416
 6   148.646    32.075    17.825
 6     0.984     0.120     0.129
 6     0.098     0.234    -0.967
 6    -0.147     0.964     0.219
 7   122.092   -20.560   -13.064
 7     0.455     0.826     0.331
 7    -0.887     0.453     0.088
 7    -0.078    -0.334     0.939
 8   130.014   -27.826    15.258
 8     0.586    -0.545     0.600
 8    -0.598    -0.790    -0.133
 8     0.547    -0.281    -0.789
 9   142.866   -47.826     8.403
 9     0.596    -0.720     0.356
 9    -0.496     0.019     0.868
 9    -0.632    -0.694    -0.345
 2    97.003   -18.710    59.793
 2     0.505    -0.863     0.025
 2     0.859     0.505     0.078
 2    -0.080    -0.018     0.996
 3   140.787    -2.763     0.103
 3     0.475     0.121    -0.872
 3     0.162     0.961     0.222
 3     0.865    -0.247     0.437
 4   119.661    12.371   -12.255
 4     0.453    -0.754     0.474
 4     0.860     0.509    -0.013
 4    -0.233     0.414     0.880
 5   125.552    22.441    11.552
 5     0.421    -0.022     0.906
 5     0.330    -0.927    -0.176
 5     0.844     0.374    -0.384
 6   149.185    30.150    18.433
 6     0.996     0.070     0.044
 6     0.019     0.330    -0.944
 6    -0.081     0.941     0.328
 7   122.491   -20.920   -12.714
 7     0.455     0.835     0.307
 7    -0.889     0.446     0.103
 7    -0.052    -0.320     0.946
 8   127.338   -28.972    15.343
 8     0.548    -0.426     0.720
 8    -0.590    -0.807    -0.028
 8     0.592    -0.410    -0.694
 9   144.321   -44.571     9.523
 9     0.782    -0.556     0.281
 9    -0.284     0.083     0.955
 9    -0.554    -0.827    -0.093
 2    97.003   -18.710    59.793
 2     0.505    -0.863     0.025
 2     0.859     0.505     0.078
 2    -0.080    -0.018     0.996
 3   140.801    -2.706     0.264
 3     0.467     0.120    -0.876
 3     0.164     0.962     0.219
 3     0.868    -0.247     0.430
 4   120.054    12.355   -12.363
 4     0.469    -0.755     0.458
 4     0.855     0.517    -0.025
 4    -0.219     0.403     0.888
 5   125.447    22.963    11.388
 5     0.398    -0.067     0.915
 5     0.327    -0.921    -0.210
 5     0.857     0.382    -0.345
 6   150.025    28.149    19.906
 6     0.996     0.017    -0.080
 6    -0.078     0.475    -0.876
 6     0.022     0.880     0.475
 7   122.700   -20.981   -12.436
 7     0.458     0.838     0.295
 7    -0.888     0.445     0.115
 7    -0.035    -0.315     0.948
 8   125.354   -30.043    14.988
 8     0.515    -0.277     0.811
 8    -0.562    -0.824     0.075
 8     0.647    -0.494    -0.581
 9   146.459   -39.615    12.208
 9     0.921    -0.382     0.077
 9    -0.029     0.131     0.991
 9    -0.389    -0.915     0.109
 2    97.003   -18.710    59.793
 2     0.505    -0.863     0.025
 2     0.859     0.505     0.078
 2    -0.080    -0.018     0.996
 3   140.687    -2.820     0.475
 3     0.455     0.123    -0.882
 3     0.166     0.961     0.219
 3     0.875    -0.246     0.417
 4   120.326    12.490   -12.374
 4     0.490    -0.751     0.442
 4     0.848     0.529    -0.041
 4    -0.203     0.394     0.896
 5   125.456    23.228    11.254
 5     0.370    -0.120     0.921
 5     0.333    -0.909    -0.252
 5     0.867     0.400    -0.296
 6   150.163    25.063    21.988
 6     0.963     0.017    -0.268
 6    -0.201     0.708    -0.677
 6     0.178     0.706     0.685
 7   122.682   -21.244   -12.361
 7     0.464     0.838     0.285
 7    -0.885     0.446     0.129
 7    -0.019    -0.312     0.950
 8   124.384   -31.008    14.296
 8     0.506    -0.057     0.860
 8    -0.494    -0.837     0.235
 8     0.707    -0.544    -0.452
 9   147.881   -33.994    15.541
 9     0.957    -0.247    -0.153
 9     0.217     0.260     0.941
 9    -0.193    -0.933     0.302
 2    97.003   -18.710    59.793
 2     0.505    -0.863     0.025
 2     0.859     0.505     0.078
 2    -0.080    -0.018     0.996
 3   140.682    -2.814     0.680
 3     0.447     0.124    -0.886
 3     0.165     0.962     0.218
 3     0.879    -0.244     0.409
 4   120.439    12.620   -12.285
 4     0.494    -0.751     0.438
 4     0.846     0.530    -0.047
 4    -0.198     0.394     0.897
 5   125.618    23.867    11.268
 5     0.350    -0.187     0.918
 5     0.329    -0.893    -0.307
 5     0.877     0.410    -0.251
 6   150.744    22.110    23.835
 6     0.899     0.103    -0.425
 6    -0.311     0.834    -0.455
 6     0.307     0.541     0.782
 7   122.934   -21.221   -12.192
 7     0.486     0.831     0.268
 7    -0.874     0.464     0.146
 7    -0.003    -0.305     0.952
 8   124.917   -31.073    14.162
 8     0.513     0.090     0.854
 8    -0.432    -0.832     0.348
 8     0.742    -0.547    -0.388
 9   148.994   -28.886    19.269
 9     0.923    -0.174    -0.342
 9     0.383     0.384     0.840
 9    -0.015    -0.907     0.421
 2    97.003   -18.710    59.793
 2     0.505    -0.863     0.025
 2     0.859     0.505     0.078
 2    -0.080    -0.018     0.996
 3   140.692    -2.861     0.743
 3     0.443     0.124    -0.888
 3     0.164     0.962     0.216
 3     0.881    -0.242     0.406
 4   120.543    12.805   -12.085
 4     0.504    -0.748     0.432
 4     0.843     0.534    -0.059
 4    -0.187     0.394     0.900
 5   125.798    24.171    11.429
 5     0.341    -0.249     0.906
 5     0.317    -0.877    -0.360
 5     0.885     0.410    -0.220
 6   150.314    19.662    25.986
 6     0.823     0.222    -0.523
 6    -0.381     0.899    -0.218
 6     0.422     0.378     0.824
 7   123.033   -21.109   -12.209
 7     0.506     0.822     0.260
 7    -0.862     0.483     0.151
 7    -0.001    -0.301     0.953
 8   125.384   -31.049    14.019
 8     0.510     0.209     0.834
