% Calibrated with leiden_pols
% Positions are in centimeters
Data =[
 2    97.053   -18.710    59.793
 2     0.505    -0.863     0.025
 2     0.859     0.505     0.078
 2    -0.080    -0.018     0.996
 3   140.663    -2.893     2.831
 3     0.318     0.200    -0.927
 3     0.122     0.960     0.249
 3     0.940    -0.193     0.281
 4   122.751    11.086   -14.035
 4     0.575    -0.749     0.327
 4     0.802     0.595    -0.047
 4    -0.160     0.289     0.943
 5   127.469    24.891     9.128
 5     0.386    -0.368     0.845
 5     0.405    -0.756    -0.514
 5     0.828     0.541    -0.143
 6   152.008    17.944    23.193
 6     0.761     0.339    -0.553
 6    -0.409     0.912    -0.003
 6     0.504     0.228     0.833
 7   124.758   -18.523   -15.707
 7     0.681     0.672     0.290
 7    -0.707     0.707     0.019
 7    -0.192    -0.218     0.957
 8   137.098   -33.317     5.024
 8     0.719     0.579     0.384
 8    -0.321    -0.214     0.923
 8     0.616    -0.786     0.032
 9   154.541   -16.556    20.911
 9     0.406    -0.867    -0.290
 9     0.508     0.478    -0.717
 9     0.759     0.144     0.634
 2    97.003   -18.710    59.793
 2     0.505    -0.863     0.025
 2     0.859     0.505     0.078
 2    -0.080    -0.018     0.996
 3   140.563    -2.945     2.779
 3     0.319     0.200    -0.926
 3     0.121     0.960     0.250
 3     0.940    -0.192     0.282
 4   122.705    11.114   -13.990
 4     0.575    -0.750     0.327
 4     0.803     0.594    -0.049
 4    -0.158     0.290     0.943
 5   127.449    24.816     9.198
 5     0.387    -0.367     0.846
 5     0.403    -0.757    -0.514
 5     0.829     0.540    -0.145
 6   152.005    17.892    23.248
 6     0.761     0.339    -0.553
 6    -0.409     0.912    -0.003
 6     0.503     0.228     0.833
 7   124.732   -18.524   -15.652
 7     0.680     0.672     0.291
 7    -0.707     0.706     0.020
 7    -0.193    -0.220     0.956
 8   136.909   -33.190     5.095
 8     0.716     0.577     0.393
 8    -0.324    -0.225     0.919
 8     0.618    -0.785     0.025
 9   154.534   -16.638    20.977
 9     0.413    -0.861    -0.298
 9     0.507     0.489    -0.709
 9     0.756     0.142     0.639
 2    97.053   -18.710    59.793
 2     0.505    -0.863     0.025
 2     0.859     0.505     0.078
 2    -0.080    -0.018     0.996
 3   140.556    -2.946     2.839
 3     0.320     0.200    -0.926
 3     0.122     0.960     0.249
 3     0.939    -0.193     0.283
 4   122.632    11.089   -13.993
 4     0.574    -0.751     0.326
 4     0.803     0.593    -0.049
 4    -0.157     0.290     0.944
 5   127.311    24.721     9.304
 5     0.385    -0.363     0.848
 5     0.400    -0.763    -0.508
 5     0.832     0.535    -0.149
 6   151.871    17.993    23.256
 6     0.765     0.334    -0.550
 6    -0.405     0.914    -0.008
 6     0.500     0.228     0.835
 7   124.735   -18.472   -15.604
 7     0.679     0.672     0.292
 7    -0.708     0.706     0.021
 7    -0.192    -0.221     0.956
 8   136.711   -33.213     5.407
 8     0.707     0.573     0.415
 8    -0.333    -0.248     0.910
 8     0.624    -0.781     0.015
 9   154.556   -16.958    20.848
 9     0.428    -0.849    -0.311
 9     0.510     0.510    -0.692
 9     0.746     0.138     0.651
 2    97.053   -18.710    59.793
 2     0.505    -0.863     0.025
 2     0.859     0.505     0.078
 2    -0.080    -0.018     0.996
 3   140.547    -2.941     2.950
 3     0.316     0.204    -0.926
 3     0.123     0.959     0.254
 3     0.941    -0.194     0.278
 4   122.657    11.087   -13.849
 4     0.572    -0.759     0.312
 4     0.804     0.593    -0.033
 4    -0.160     0.270     0.949
 5   127.212    24.555     9.414
 5     0.379    -0.353     0.855
 5     0.391    -0.777    -0.493
 5     0.838     0.521    -0.157
 6   152.006    18.216    23.193
 6     0.779     0.319    -0.540
 6    -0.395     0.918    -0.026
 6     0.487     0.233     0.841
 7   124.885   -18.539   -15.563
 7     0.679     0.677     0.282
 7    -0.712     0.702     0.026
 7    -0.180    -0.219     0.959
 8   134.776   -33.255     6.655
 8     0.658     0.523     0.541
 8    -0.379    -0.391     0.839
 8     0.650    -0.757    -0.059
 9   155.057   -18.387    19.662
 9     0.565    -0.758    -0.325
 9     0.548     0.639    -0.539
 9     0.616     0.126     0.777
 2    97.053   -18.710    59.793
 2     0.505    -0.863     0.025
 2     0.859     0.505     0.078
 2    -0.080    -0.018     0.996
 3   140.514    -3.025     3.080
 3     0.306     0.223    -0.926
 3     0.140     0.951     0.275
 3     0.942    -0.214     0.260
 4   122.730    10.666   -13.740
 4     0.571    -0.762     0.304
 4     0.801     0.598    -0.007
 4    -0.177     0.247     0.953
 5   127.321    24.359     9.245
 5     0.370    -0.330     0.868
 5     0.404    -0.785    -0.470
 5     0.836     0.525    -0.157
 6   152.235    18.874    22.655
 6     0.799     0.298    -0.522
 6    -0.374     0.927    -0.042
 6     0.471     0.228     0.852
 7   125.143   -19.434   -14.852
 7     0.630     0.725     0.276
 7    -0.765     0.641     0.061
 7    -0.132    -0.250     0.959
 8   131.803   -31.624    10.413
 8     0.607     0.264     0.749
 8    -0.434    -0.679     0.591
 8     0.665    -0.685    -0.298
 9   155.146   -22.371    13.930
 9     0.819    -0.535    -0.208
 9     0.521     0.845    -0.121
 9     0.240    -0.009     0.970
 2    97.003   -18.710    59.793
 2     0.505    -0.863     0.025
 2     0.859     0.505     0.078
 2    -0.080    -0.018     0.996
 3   140.580    -3.197     3.105
 3     0.306     0.230    -0.924
 3     0.152     0.946     0.286
 3     0.940    -0.228     0.254
 4   122.684    10.368   -13.854
 4     0.567    -0.763     0.310
 4     0.799     0.600     0.017
 4    -0.199     0.238     0.950
 5   127.371    24.355     8.999
 5     0.373    -0.294     0.880
 5     0.420    -0.792    -0.443
 5     0.827     0.535    -0.172
 6   152.621    20.083    20.925
 6     0.843     0.264    -0.468
 6    -0.345     0.934    -0.095
 6     0.412     0.241     0.879
 7   125.185   -19.860   -14.651
 7     0.614     0.738     0.281
 7    -0.781     0.620     0.076
 7    -0.118    -0.266     0.957
 8   131.719   -30.714    11.838
 8     0.621     0.058     0.781
 8    -0.454    -0.787     0.418
 8     0.639    -0.615    -0.463
 9   153.768   -26.337     7.114
 9     0.891    -0.445     0.094
 9     0.424     0.887     0.179
 9    -0.163    -0.120     0.979
 2    97.003   -18.710    59.793
 2     0.505    -0.863     0.025
 2     0.859     0.505     0.078
 2    -0.080    -0.018     0.996
 3   140.567    -3.197     3.100
 3     0.308     0.228    -0.923
 3     0.159     0.944     0.286
 3     0.938    -0.236     0.255
 4   122.344    10.100   -13.858
 4     0.561    -0.763     0.320
 4     0.799     0.600     0.030
 4    -0.216     0.239     0.947
 5   127.164    24.021     8.950
 5     0.387    -0.256     0.886
 5     0.419    -0.807    -0.416
 5     0.821     0.532    -0.205
 6   152.467    20.545    18.776
 6     0.887     0.240    -0.394
 6    -0.334     0.923    -0.190
 6     0.318     0.300     0.899
 7   125.020   -20.038   -14.524
 7     0.609     0.739     0.287
 7    -0.784     0.615     0.082
 7    -0.116    -0.275     0.954
 8   132.686   -29.265    12.711
 8     0.674    -0.143     0.724
 8    -0.472    -0.838     0.274
 8     0.568    -0.527    -0.632
 9   150.217   -30.338     1.183
 9     0.793    -0.464     0.394
 9     0.283     0.854     0.435
 9    -0.539    -0.233     0.809
 2    97.003   -18.710    59.793
 2     0.505    -0.863     0.025
 2     0.859     0.505     0.078
 2    -0.080    -0.018     0.996
 3   140.420    -3.201     2.896
 3     0.315     0.223    -0.923
 3     0.164     0.944     0.284
 3     0.935    -0.241     0.261
 4   121.918    10.170   -13.786
 4     0.552    -0.765     0.331
 4     0.802     0.595     0.036
 4    -0.225     0.246     0.943
 5   126.893    23.799     9.089
 5     0.394    -0.227     0.890
 5     0.408    -0.825    -0.391
 5     0.823     0.517    -0.233
