% Calibrated with leiden_pols
% Positions are in centimeters
Data =[
 2    97.053   -18.710    59.792
 2     0.505    -0.863     0.026
 2     0.859     0.505     0.078
 2    -0.080    -0.017     0.996
 3   140.524    -2.741     1.387
 3     0.374     0.186    -0.909
 3     0.119     0.962     0.246
 3     0.920    -0.201     0.337
 4   121.614    11.212   -14.887
 4     0.603    -0.687     0.405
 4     0.772     0.631    -0.079
 4    -0.202     0.360     0.911
 5   130.233    24.432     8.178
 5     0.481    -0.428     0.765
 5     0.342    -0.712    -0.613
 5     0.807     0.557    -0.196
 6   155.100    18.398    23.630
 6     0.736     0.157    -0.659
 6    -0.344     0.925    -0.163
 6     0.583     0.346     0.734
 7   123.182   -18.238   -16.147
 7     0.678     0.619     0.397
 7    -0.689     0.723     0.048
 7    -0.257    -0.306     0.917
 8   137.272   -31.877     4.824
 8     0.742     0.555     0.374
 8    -0.282    -0.248     0.927
 8     0.608    -0.794    -0.028
 9   157.170   -18.586    21.542
 9     0.432    -0.609    -0.666
 9     0.418     0.789    -0.450
 9     0.799    -0.085     0.595
 2    97.053   -18.710    59.792
 2     0.505    -0.863     0.025
 2     0.859     0.505     0.078
 2    -0.080    -0.017     0.996
 3   140.392    -2.692     1.394
 3     0.375     0.185    -0.908
 3     0.120     0.962     0.245
 3     0.919    -0.201     0.339
 4   121.591    11.291   -14.945
 4     0.602    -0.688     0.406
 4     0.773     0.629    -0.081
 4    -0.200     0.362     0.910
 5   130.182    24.432     8.277
 5     0.482    -0.427     0.765
 5     0.340    -0.713    -0.613
 5     0.807     0.555    -0.199
 6   155.017    18.168    23.813
 6     0.731     0.184    -0.657
 6    -0.350     0.927    -0.130
 6     0.585     0.325     0.743
 7   123.081   -18.239   -16.143
 7     0.677     0.618     0.397
 7    -0.689     0.723     0.048
 7    -0.258    -0.307     0.916
 8   137.247   -31.775     4.926
 8     0.743     0.556     0.373
 8    -0.281    -0.248     0.927
 8     0.608    -0.793    -0.028
 9   157.148   -18.559    21.485
 9     0.432    -0.610    -0.665
 9     0.417     0.788    -0.452
 9     0.800    -0.082     0.594
 2    97.053   -18.710    59.792
 2     0.505    -0.863     0.026
 2     0.859     0.505     0.078
 2    -0.080    -0.017     0.996
 3   140.416    -2.641     1.394
 3     0.376     0.184    -0.908
 3     0.120     0.962     0.245
 3     0.919    -0.201     0.340
 4   121.546    11.343   -14.899
 4     0.602    -0.688     0.404
 4     0.773     0.628    -0.082
 4    -0.198     0.362     0.911
 5   130.178    24.430     8.280
 5     0.484    -0.426     0.764
 5     0.339    -0.714    -0.613
 5     0.806     0.556    -0.202
 6   155.020    17.986    23.625
 6     0.730     0.202    -0.653
 6    -0.356     0.928    -0.111
 6     0.583     0.313     0.749
 7   123.130   -18.163   -16.144
 7     0.678     0.618     0.397
 7    -0.688     0.724     0.048
 7    -0.258    -0.306     0.916
 8   137.248   -31.724     4.926
 8     0.743     0.555     0.373
 8    -0.280    -0.249     0.927
 8     0.608    -0.793    -0.029
 9   157.148   -18.509    21.433
 9     0.433    -0.611    -0.663
 9     0.416     0.787    -0.455
 9     0.800    -0.079     0.595
 2    97.053   -18.710    59.792
 2     0.505    -0.863     0.025
 2     0.859     0.505     0.078
 2    -0.080    -0.017     0.996
 3   140.417    -2.590     1.394
 3     0.375     0.184    -0.908
 3     0.120     0.962     0.244
 3     0.919    -0.201     0.339
 4   121.413    11.291   -14.605
 4     0.593    -0.699     0.400
 4     0.779     0.623    -0.068
 4    -0.202     0.352     0.914
 5   129.797    24.120     8.590
 5     0.479    -0.383     0.790
 5     0.329    -0.755    -0.566
 5     0.813     0.531    -0.236
 6   155.063    18.137    23.460
 6     0.733     0.206    -0.648
 6    -0.355     0.929    -0.107
 6     0.580     0.308     0.754
 7   123.310   -18.058   -16.079
 7     0.680     0.618     0.393
 7    -0.687     0.725     0.048
 7    -0.255    -0.303     0.918
 8   136.565   -31.693     5.386
 8     0.725     0.528     0.441
 8    -0.304    -0.330     0.894
 8     0.618    -0.782    -0.079
 9   157.008   -18.897    21.259
 9     0.462    -0.590    -0.662
 9     0.433     0.801    -0.412
 9     0.774    -0.096     0.625
 2    97.051   -18.711    59.795
 2     0.505    -0.863     0.025
 2     0.859     0.505     0.078
 2    -0.081    -0.018     0.996
 3   140.502    -2.516     1.498
 3     0.380     0.190    -0.905
 3     0.126     0.958     0.254
 3     0.916    -0.211     0.340
 4   121.212    11.024   -14.464
 4     0.573    -0.714     0.403
 4     0.788     0.614    -0.034
 4    -0.224     0.337     0.914
 5   129.398    24.111     8.419
 5     0.468    -0.371     0.802
 5     0.329    -0.769    -0.548
 5     0.820     0.521    -0.238
 6   154.568    18.478    23.026
 6     0.756     0.189    -0.626
 6    -0.343     0.930    -0.134
 6     0.557     0.315     0.768
 7   123.576   -18.105   -15.868
 7     0.676     0.627     0.387
 7    -0.694     0.718     0.048
 7    -0.248    -0.301     0.921
 8   135.751   -31.819     6.149
 8     0.705     0.478     0.524
 8    -0.338    -0.423     0.841
 8     0.623    -0.770    -0.137
 9   157.781   -20.544    20.264
 9     0.552    -0.472    -0.688
 9     0.467     0.858    -0.214
 9     0.691    -0.203     0.694
 2    97.051   -18.711    59.795
 2     0.505    -0.863     0.025
 2     0.859     0.505     0.078
 2    -0.081    -0.018     0.996
 3   140.695    -2.341     1.548
 3     0.389     0.194    -0.900
 3     0.139     0.954     0.266
 3     0.910    -0.229     0.344
 4   121.028    10.651   -14.286
 4     0.551    -0.728     0.408
 4     0.796     0.605     0.004
 4    -0.250     0.322     0.913
 5   128.773    24.153     8.170
 5     0.453    -0.341     0.823
 5     0.344    -0.786    -0.514
 5     0.822     0.516    -0.239
 6   153.984    20.308    21.760
 6     0.815     0.127    -0.565
 6    -0.317     0.914    -0.251
 6     0.485     0.384     0.786
 7   123.715   -18.642   -15.160
 7     0.649     0.649     0.396
 7    -0.722     0.690     0.053
 7    -0.239    -0.321     0.917
 8   133.711   -31.169     8.677
 8     0.677     0.296     0.674
 8    -0.390    -0.633     0.669
 8     0.624    -0.716    -0.313
 9   158.301   -22.797    16.822
 9     0.764    -0.342    -0.548
 9     0.500     0.850     0.167
 9     0.408    -0.401     0.820
 2    97.003   -18.710    59.793
 2     0.505    -0.863     0.025
 2     0.859     0.505     0.078
 2    -0.080    -0.018     0.996
 3   140.846    -2.215     1.430
 3     0.400     0.174    -0.900
 3     0.161     0.953     0.256
 3     0.902    -0.248     0.353
 4   120.488    10.468   -14.340
 4     0.507    -0.753     0.419
 4     0.819     0.572     0.039
 4    -0.270     0.324     0.907
 5   127.790    24.028     8.446
 5     0.464    -0.265     0.845
 5     0.351    -0.821    -0.450
 5     0.813     0.505    -0.289
 6   153.894    21.992    18.430
 6     0.904     0.101    -0.416
 6    -0.302     0.839    -0.452
 6     0.303     0.534     0.789
 7   123.482   -19.223   -14.416
 7     0.617     0.668     0.415
 7    -0.755     0.652     0.073
 7    -0.222    -0.359     0.907
 8   132.544   -29.859    11.256
 8     0.667     0.062     0.742
 8    -0.435    -0.777     0.456
 8     0.604    -0.627    -0.492
 9   157.216   -27.007    11.344
 9     0.913    -0.315    -0.259
 9     0.406     0.750     0.521
 9     0.030    -0.582     0.813
 2    97.003   -18.710    59.793
 2     0.505    -0.863     0.025
 2     0.859     0.505     0.078
 2    -0.080    -0.018     0.996
 3   140.870    -2.116     1.228
 3     0.406     0.159    -0.900
 3     0.169     0.954     0.245
 3     0.898    -0.252     0.361
 4   120.068    10.420   -14.284
 4     0.485    -0.764     0.426
 4     0.830     0.555     0.049
 4    -0.274     0.329     0.903
 5   127.204    23.854     8.724
 5     0.472    -0.228     0.852
 5     0.344    -0.842    -0.416
 5     0.812     0.489    -0.319
 6   153.028    23.668    16.692
 6     0.951     0.083    -0.298
 6    -0.260     0.733    -0.628
 6     0.166     0.675     0.719
 7   123.198   -19.136   -14.250
 7     0.601     0.673     0.431
 7    -0.765     0.640     0.067
 7    -0.231    -0.370     0.900
 8   132.448   -29.085    11.478
 8     0.684    -0.048     0.727
 8    -0.440    -0.823     0.360
 8     0.581    -0.567    -0.584
 9   155.006   -30.818     5.954
 9     0.919    -0.393     0.017
 9     0.266     0.653     0.708
 9    -0.289    -0.647     0.705
 2    97.003   -18.710    59.793
 2     0.505    -0.863     0.025
 2     0.859     0.505     0.078
 2    -0.080    -0.018     0.996
 3   140.781    -1.952     0.958
 3     0.420     0.143    -0.896
 3     0.167     0.958     0.231
 3     0.892    -0.247     0.378
 4   119.670    10.555   -14.177
 4     0.472    -0.769     0.430
 4     0.839     0.542     0.047
 4    -0.269     0.338     0.901
 5   126.867    23.325     9.166
 5     0.486    -0.198     0.851
 5     0.313    -0.870    -0.381
 5     0.816     0.451    -0.361
 6   151.963    26.258    15.808
 6     0.989     0.051    -0.139
 6    -0.145     0.519    -0.842
 6     0.029     0.853     0.521
 7   122.746   -19.208   -14.394
 7     0.585     0.676     0.448
 7    -0.773     0.633     0.053
 7    -0.247    -0.377     0.892
 8   132.713   -28.108    11.828
 8     0.707    -0.159     0.688
 8    -0.444    -0.858     0.259
 8     0.550    -0.489    -0.677
 9   151.656   -34.653     2.800
 9     0.812    -0.545     0.210
 9     0.069     0.447     0.892
 9    -0.580    -0.710     0.401
 2    97.053   -18.710    59.793
 2     0.505    -0.863     0.025
 2     0.859     0.505     0.078
 2    -0.080    -0.018     0.996
 3   140.761    -1.960     0.796
 3     0.427     0.136    -0.894
 3     0.163     0.961     0.224
 3     0.889    -0.241     0.388
 4   119.552    10.693   -14.030
 4     0.461    -0.773     0.437
 4     0.848     0.528     0.039
 4    -0.261     0.352     0.899
 5   126.543    22.796     9.844
 5     0.498    -0.146     0.854
 5     0.300    -0.896    -0.328
 5     0.813     0.419    -0.403
 6   150.689    29.565    16.177
 6     0.996     0.080     0.028
 6     0.006     0.270    -0.963
 6    -0.085     0.959     0.268
 7   122.541   -19.214   -14.432
 7     0.577     0.681     0.450
 7    -0.777     0.627     0.048
 7    -0.250    -0.378     0.892
 8   133.540   -26.948    12.311
 8     0.735    -0.261     0.625
 8    -0.461    -0.869     0.180
 8     0.496    -0.420    -0.759
 9   147.034   -37.355    -0.715
 9     0.607    -0.691     0.392
 9    -0.066     0.447     0.892
 9    -0.792    -0.568     0.226
 2    97.003   -18.710    59.793
 2     0.505    -0.863     0.025
 2     0.859     0.505     0.078
 2    -0.080    -0.018     0.996
 3   140.799    -2.017     0.578
 3     0.433     0.133    -0.892
 3     0.159     0.962     0.220
 3     0.887    -0.237     0.395
 4   119.364    10.758   -13.650
 4     0.429    -0.781     0.453
 4     0.866     0.498     0.040
 4    -0.257     0.375     0.890
 5   126.352    21.851    10.565
 5     0.526    -0.049     0.848
 5     0.297    -0.925    -0.238
 5     0.796     0.377    -0.473
 6   148.317    33.889    16.095
 6     0.952     0.206     0.225
 6     0.229     0.008    -0.973
 6    -0.203     0.978    -0.040
 7   122.053   -19.183   -14.312
 7     0.555     0.693     0.461
 7    -0.790     0.612     0.032
 7    -0.260    -0.382     0.887
 8   134.596   -27.547    11.926
 8     0.743    -0.431     0.512
 8    -0.551    -0.828     0.101
 8     0.380    -0.358    -0.853
 9   141.354   -39.680    -4.467
 9     0.334    -0.763     0.552
 9    -0.099     0.555     0.826
 9    -0.937    -0.331     0.110
 2    97.003   -18.710    59.793
 2     0.505    -0.863     0.025
 2     0.859     0.505     0.078
 2    -0.080    -0.018     0.996
 3   141.149    -2.292     0.037
 3     0.453     0.118    -0.884
 3     0.147     0.967     0.205
 3     0.879    -0.223     0.421
 4   119.267    11.085   -13.471
 4     0.395    -0.791     0.467
 4     0.885     0.463     0.036
 4    -0.245     0.399     0.884
 5   125.922    21.306    11.374
 5     0.514     0.056     0.855
 5     0.309    -0.943    -0.124
 5     0.800     0.328    -0.502
 6   145.832    37.156    17.212
 6     0.887     0.289     0.358
 6     0.407    -0.129    -0.904
 6    -0.215     0.948    -0.232
 7   121.129   -19.055   -14.265
 7     0.506     0.710     0.488
 7    -0.812     0.584    -0.008
 7    -0.291    -0.393     0.872
 8   134.618   -28.377    11.124
 8     0.707    -0.579     0.406
 8    -0.651    -0.758     0.051
 8     0.278    -0.300    -0.912
 9   136.668   -41.777    -7.345
 9     0.140    -0.756     0.640
 9    -0.089     0.634     0.768
 9    -0.986    -0.165     0.021
 2    97.003   -18.710    59.793
 2     0.505    -0.863     0.025
 2     0.859     0.505     0.078
 2    -0.080    -0.018     0.996
 3   141.203    -2.591    -0.454
 3     0.471     0.108    -0.876
 3     0.136     0.972     0.193
 3     0.871    -0.210     0.443
 4   118.983    11.283   -13.222
 4     0.373    -0.795     0.479
 4     0.899     0.437     0.025
 4    -0.230     0.421     0.877
 5   125.253    20.754    11.478
 5     0.503     0.132     0.854
 5     0.315    -0.948    -0.039
 5     0.805     0.288    -0.519
 6   143.746    38.631    18.545
 6     0.845     0.336     0.415
 6     0.502    -0.233    -0.833
 6    -0.184     0.912    -0.365
 7   120.097   -18.718   -14.033
 7     0.457     0.727     0.512
 7    -0.832     0.553    -0.044
 7    -0.315    -0.406     0.858
 8   134.039   -29.408    10.368
 8     0.670    -0.661     0.338
 8    -0.709    -0.704     0.029
 8     0.219    -0.259    -0.941
 9   133.968   -42.451    -8.226
 9     0.055    -0.748     0.662
 9    -0.064     0.659     0.749
 9    -0.996    -0.083    -0.012
 2    97.003   -18.710    59.793
 2     0.505    -0.863     0.025
 2     0.859     0.505     0.078
 2    -0.080    -0.018     0.996
 3   140.971    -2.789    -0.927
 3     0.492     0.097    -0.865
 3     0.132     0.974     0.184
 3     0.860    -0.205     0.466
 4   118.543    11.578   -13.142
 4     0.356    -0.792     0.495
 4     0.909     0.417     0.014
 4    -0.218     0.445     0.868
 5   124.724    20.433    11.853
 5     0.488     0.199     0.849
 5     0.317    -0.948     0.039
 5     0.813     0.250    -0.526
 6   142.114    39.977    20.833
 6     0.799     0.388     0.459
 6     0.587    -0.338    -0.735
 6    -0.130     0.857    -0.498
 7   119.430   -18.809   -13.876
 7     0.428     0.736     0.524
 7    -0.846     0.530    -0.054
 7    -0.318    -0.420     0.850
 8   133.868   -29.783    10.244
 8     0.644    -0.717     0.265
 8    -0.744    -0.668     0.004
 8     0.174    -0.200    -0.964
 9   129.474   -44.482    -9.600
 9    -0.058    -0.792     0.608
 9    -0.029     0.610     0.792
 9    -0.998     0.028    -0.058
 2    97.003   -18.710    59.793
 2     0.505    -0.863     0.025
 2     0.859     0.505     0.078
 2    -0.080    -0.018     0.996
 3   140.777    -2.750    -1.181
 3     0.506     0.085    -0.858
 3     0.136     0.974     0.177
 3     0.851    -0.207     0.481
 4   118.243    11.534   -13.237
 4     0.345    -0.792     0.504
 4     0.914     0.406     0.011
 4    -0.214     0.456     0.864
 5   124.557    20.037    11.900
 5     0.492     0.245     0.835
 5     0.315    -0.945     0.092
 5     0.811     0.217    -0.543
 6   140.638    40.602    22.194
 6     0.747     0.442     0.496
 6     0.659    -0.402    -0.635
 6    -0.082     0.801    -0.592
 7   119.109   -18.907   -13.724
 7     0.415     0.745     0.521
 7    -0.856     0.514    -0.053
 7    -0.307    -0.425     0.852
 8   133.793   -29.731    10.110
 8     0.638    -0.736     0.227
 8    -0.753    -0.658    -0.017
 8     0.161    -0.160    -0.974
 9   128.892   -44.579    -9.306
 9    -0.099    -0.809     0.579
 9    -0.026     0.584     0.811
 9    -0.995     0.065    -0.079
 2    97.003   -18.710    59.793
 2     0.505    -0.863     0.025
 2     0.859     0.505     0.078
 2    -0.080    -0.018     0.996
 3   140.674    -2.858    -1.325
 3     0.515     0.082    -0.853
 3     0.140     0.974     0.178
 3     0.845    -0.212     0.490
 4   118.162    11.586   -13.286
 4     0.338    -0.794     0.505
 4     0.916     0.400     0.016
 4    -0.215     0.457     0.863
 5   124.798    19.787    11.959
 5     0.496     0.283     0.820
 5     0.325    -0.937     0.127
 5     0.805     0.204    -0.558
 6   139.776    41.489    23.217
 6     0.706     0.476     0.524
 6     0.707    -0.434    -0.558
 6    -0.037     0.765    -0.643
 7   119.004   -19.079   -13.648
 7     0.412     0.751     0.516
 7    -0.861     0.506    -0.049
 7    -0.298    -0.424     0.855
 8   133.820   -29.542    10.303
 8     0.641    -0.734     0.226
 8    -0.748    -0.663    -0.030
 8     0.172    -0.150    -0.974
 9   129.048   -45.309    -9.587
 9    -0.089    -0.838     0.538
 9    -0.082     0.545     0.834
 9    -0.993     0.030    -0.117
 2    97.003   -18.710    59.793
 2     0.505    -0.863     0.025
 2     0.859     0.505     0.078
 2    -0.080    -0.018     0.996
 3   140.666    -2.884    -1.313
 3     0.519     0.081    -0.851
 3     0.144     0.973     0.180
 3     0.843    -0.216     0.493
 4   118.225    11.456   -13.322
 4     0.332    -0.798     0.503
 4     0.917     0.397     0.025
 4    -0.220     0.453     0.864
 5   124.687    19.520    11.847
 5     0.490     0.319     0.811
 5     0.337    -0.928     0.161
 5     0.804     0.194    -0.562
 6   139.095    41.542    23.904
 6     0.681     0.486     0.547
 6     0.732    -0.453    -0.508
 6     0.001     0.747    -0.665
 7   119.022   -19.150   -13.675
 7     0.408     0.758     0.509
 7    -0.866     0.498    -0.047
 7    -0.289    -0.421     0.859
 8   133.855   -29.352    10.385
 8     0.639    -0.735     0.227
 8    -0.746    -0.664    -0.048
 8     0.186    -0.139    -0.973
 9   129.238   -45.971    -9.395
 9    -0.079    -0.860     0.504
 9    -0.118     0.510     0.852
 9    -0.990     0.008    -0.142
 2    97.003   -18.710    59.793
 2     0.505    -0.863     0.025
 2     0.859     0.505     0.078
 2    -0.080    -0.018     0.996
 3   140.660    -2.883    -1.257
 3     0.519     0.076    -0.851
 3     0.148     0.973     0.177
 3     0.842    -0.218     0.494
 4   118.267    11.507   -13.387
 4     0.323    -0.805     0.497
 4     0.919     0.391     0.035
 4    -0.223     0.446     0.867
 5   124.571    19.482    11.934
 5     0.478     0.336     0.811
 5     0.346    -0.921     0.178
 5     0.807     0.196    -0.557
 6   138.819    41.684    24.099
 6     0.674     0.484     0.558
 6     0.739    -0.455    -0.497
 6     0.013     0.747    -0.665
 7   119.165   -19.246   -13.651
 7     0.405     0.764     0.502
 7    -0.870     0.490    -0.044
 7    -0.280    -0.419     0.864
 8   133.791   -29.471    10.569
 8     0.630    -0.741     0.232
 8    -0.750    -0.658    -0.065
 8     0.201    -0.133    -0.970
 9   132.659   -44.701    -6.705
 9    -0.073    -0.863     0.499
 9    -0.130     0.505     0.853
 9    -0.989    -0.003    -0.149
 2    97.003   -18.710    59.793
 2     0.505    -0.863     0.025
 2     0.859     0.505     0.078
 2    -0.080    -0.018     0.996
 3   140.706    -2.934    -1.225
 3     0.519     0.074    -0.852
 3     0.151     0.972     0.177
 3     0.841    -0.221     0.493
 4   118.341    11.455   -13.435
 4     0.323    -0.806     0.496
 4     0.919     0.391     0.036
 4    -0.224     0.444     0.867
 5   124.681    19.457    11.776
 5     0.474     0.343     0.810
 5     0.358    -0.917     0.179
 5     0.804     0.205    -0.557
 6   138.600    41.737    24.169
 6     0.673     0.481     0.561
 6     0.739    -0.454    -0.497
 6     0.016     0.749    -0.662
 7   119.232   -19.366   -13.599
 7     0.404     0.768     0.497
 7    -0.873     0.485    -0.040
 7    -0.272    -0.418     0.866
 8   133.814   -29.414    10.622
 8     0.624    -0.747     0.230
 8    -0.753    -0.653    -0.079
 8     0.209    -0.124    -0.970
 9   128.998   -46.307    -8.705
 9    -0.087    -0.870     0.485
 9    -0.131     0.493     0.860
 9    -0.988     0.012    -0.157
 2    97.003   -18.710    59.793
 2     0.505    -0.863     0.025
 2     0.859     0.505     0.078
 2    -0.080    -0.018     0.996
 3   140.732    -2.983    -1.249
 3     0.519     0.075    -0.852
 3     0.153     0.972     0.179
 3     0.841    -0.224     0.492
 4   118.338    11.351   -13.428
 4     0.325    -0.805     0.496
 4     0.918     0.393     0.037
 4    -0.226     0.443     0.868
 5   124.667    19.481    11.746
 5     0.471     0.349     0.810
 5     0.368    -0.912     0.179
 5     0.801     0.214    -0.558
 6   138.596    41.912    24.001
 6     0.672     0.479     0.564
 6     0.740    -0.450    -0.500
 6     0.014     0.754    -0.657
 7   119.289   -19.465   -13.557
 7     0.405     0.767     0.497
 7    -0.874     0.485    -0.037
 7    -0.269    -0.419     0.867
 8   134.396   -29.386    10.463
 8     0.615    -0.761     0.206
 8    -0.761    -0.641    -0.095
 8     0.204    -0.099    -0.974
 9   128.780   -46.136    -8.803
 9    -0.145    -0.880     0.452
 9    -0.098     0.467     0.878
 9    -0.985     0.083    -0.154
 2    97.003   -18.710    59.793
 2     0.505    -0.863     0.025
 2     0.859     0.505     0.078
 2    -0.080    -0.018     0.996
 3   140.728    -3.034    -1.218
 3     0.520     0.075    -0.851
 3     0.156     0.971     0.180
 3     0.840    -0.227     0.493
 4   118.333    11.299   -13.423
 4     0.324    -0.805     0.496
 4     0.918     0.394     0.039
 4    -0.228     0.443     0.867
 5   124.702    19.580    11.685
 5     0.471     0.354     0.807
 5     0.375    -0.909     0.180
 5     0.798     0.218    -0.561
 6   138.544    41.987    23.928
 6     0.671     0.479     0.565
 6     0.741    -0.448    -0.501
 6     0.013     0.755    -0.656
 7   119.297   -19.587   -13.490
 7     0.407     0.765     0.498
 7    -0.873     0.486    -0.032
 7    -0.266    -0.422     0.866
 8   134.651   -29.283    10.235
 8     0.605    -0.775     0.180
 8    -0.771    -0.627    -0.109
 8     0.197    -0.073    -0.978
 9   128.286   -45.527    -8.759
 9    -0.193    -0.873     0.449
 9    -0.061     0.467     0.882
 9    -0.979     0.142    -0.143
 2    97.003   -18.710    59.793
 2     0.505    -0.863     0.025
 2     0.859     0.505     0.078
 2    -0.080    -0.018     0.996
 3   140.716    -3.062    -1.378
 3     0.524     0.074    -0.849
 3     0.159     0.970     0.183
 3     0.837    -0.232     0.496
 4   118.249    11.272   -13.467
 4     0.321    -0.805     0.499
 4     0.918     0.393     0.043
 4    -0.231     0.444     0.865
 5   124.687    19.630    11.648
 5     0.470     0.364     0.804
 5     0.383    -0.905     0.186
 5     0.795     0.221    -0.565
 6   138.438    42.163    23.781
 6     0.669     0.481     0.567
 6     0.743    -0.444    -0.500
 6     0.011     0.756    -0.654
 7   119.195   -19.664   -13.380
 7     0.407     0.762     0.503
 7    -0.873     0.486    -0.030
 7    -0.268    -0.427     0.864
 8   135.034   -29.334     9.846
 8     0.592    -0.790     0.158
 8    -0.782    -0.611    -0.122
 8     0.193    -0.052    -0.980
 9   127.758   -45.322    -9.267
 9    -0.234    -0.852     0.469
 9    -0.034     0.489     0.871
 9    -0.971     0.188    -0.144
 2    97.003   -18.710    59.793
 2     0.505    -0.863     0.025
 2     0.859     0.505     0.078
 2    -0.080    -0.018     0.996
 3   140.614    -3.043    -1.473
 3     0.532     0.069    -0.844
 3     0.163     0.969     0.183
 3     0.831    -0.235     0.504
 4   118.064    11.297   -13.491
 4     0.313    -0.805     0.504
 4     0.921     0.387     0.046
 4    -0.233     0.450     0.862
 5   124.599    19.709    11.649
 5     0.470     0.379     0.797
 5     0.388    -0.900     0.199
 5     0.793     0.215    -0.570
 6   138.310    42.397    23.646
 6     0.662     0.487     0.570
 6     0.750    -0.442    -0.493
 6     0.012     0.753    -0.658
 7   118.710   -19.600   -13.288
 7     0.396     0.756     0.520
 7    -0.875     0.483    -0.035
 7    -0.278    -0.441     0.853
 8   135.305   -29.217     9.177
 8     0.598    -0.790     0.130
 8    -0.777    -0.612    -0.145
 8     0.194    -0.015    -0.981
 9   128.138   -46.898    -9.772
 9    -0.251    -0.883     0.396
 9    -0.130     0.436     0.890
 9    -0.959     0.172    -0.224
 2    97.003   -18.710    59.793
 2     0.505    -0.863     0.025
 2     0.859     0.505     0.078
 2    -0.080    -0.018     0.996
 3   140.355    -2.953    -1.558
 3     0.544     0.068    -0.836
 3     0.163     0.969     0.186
 3     0.823    -0.238     0.516
 4   117.778    11.398   -13.465
 4     0.308    -0.802     0.512
 4     0.922     0.385     0.047
 4    -0.235     0.458     0.857
 5   124.584    19.757    11.704
 5     0.474     0.388     0.790
 5     0.388    -0.898     0.209
 5     0.790     0.207    -0.576
 6   138.075    42.706    23.463
 6     0.653     0.498     0.570
 6     0.757    -0.440    -0.482
 6     0.011     0.747    -0.665
 7   118.455   -19.646   -13.279
 7     0.392     0.756     0.524
 7    -0.879     0.476    -0.029
 7    -0.271    -0.449     0.851
 8   133.099   -28.855     7.168
 8     0.643    -0.753     0.139
 8    -0.730    -0.658    -0.186
 8     0.232     0.018    -0.973
 9   130.132   -48.791    -8.931
 9    -0.204    -0.936     0.286
 9    -0.305     0.338     0.890
 9    -0.930     0.094    -0.355
 2    97.003   -18.685    59.793
 2     0.505    -0.863     0.025
 2     0.859     0.505     0.078
 2    -0.080    -0.018     0.996
 3   140.289    -3.063    -1.868
 3     0.551     0.072    -0.831
 3     0.158     0.969     0.188
 3     0.819    -0.235     0.522
 4   117.633    11.390   -13.395
 4     0.309    -0.795     0.522
 4     0.919     0.390     0.049
 4    -0.243     0.464     0.851
 5   124.599    19.808    11.661
 5     0.474     0.395     0.787
 5     0.392    -0.895     0.213
 5     0.788     0.207    -0.579
 6   138.004    42.862    23.555
 6     0.650     0.498     0.573
 6     0.760    -0.441    -0.478
 6     0.014     0.746    -0.665
 7   118.245   -19.802   -13.296
 7     0.405     0.755     0.516
 7    -0.879     0.476    -0.007
 7    -0.251    -0.451     0.856
 8   133.393   -28.024     7.254
 8     0.683    -0.713     0.160
 8    -0.679    -0.700    -0.221
 8     0.269     0.042    -0.962
 9   132.532   -50.531    -7.313
 9    -0.118    -0.972     0.204
 9    -0.462     0.235     0.855
 9    -0.879     0.007    -0.477
 2    97.003   -18.710    59.742
 2     0.505    -0.863     0.025
 2     0.859     0.505     0.078
 2    -0.080    -0.018     0.996
 3   140.210    -3.090    -1.990
 3     0.553     0.074    -0.830
 3     0.157     0.969     0.191
 3     0.818    -0.236     0.524
 4   117.534    11.201   -13.492
 4     0.310    -0.792     0.526
 4     0.916     0.396     0.058
 4    -0.254     0.464     0.848
 5   124.640    19.806    11.492
 5     0.475     0.398     0.785
 5     0.396    -0.893     0.213
 5     0.786     0.209    -0.582
 6   137.954    42.888    23.403
 6     0.648     0.499     0.575
 6     0.761    -0.439    -0.478
 6     0.014     0.747    -0.664
 7   118.728   -20.154   -13.300
 7     0.412     0.769     0.488
 7    -0.885     0.466     0.012
 7    -0.219    -0.437     0.872
 8   133.433   -27.743     7.936
 8     0.680    -0.708     0.189
 8    -0.662    -0.705    -0.255
 8     0.314     0.048    -0.948
 9   136.525   -50.488    -2.617
 9    -0.068    -0.976     0.207
 9    -0.543     0.210     0.813
 9    -0.837    -0.057    -0.545
 2    97.003   -18.710    59.793
 2     0.505    -0.863     0.025
 2     0.859     0.505     0.078
 2    -0.080    -0.018     0.996
 3   140.405    -3.258    -2.186
 3     0.545     0.077    -0.835
 3     0.164     0.966     0.197
 3     0.822    -0.245     0.514
 4   117.892    10.834   -13.550
 4     0.313    -0.800     0.512
 4     0.912     0.404     0.074
 4    -0.266     0.444     0.855
 5   124.729    19.986    11.286
 5     0.464     0.404     0.788
 5     0.412    -0.886     0.211
 5     0.784     0.226    -0.578
 6   137.727    43.393    23.213
 6     0.644     0.491     0.587
 6     0.765    -0.427    -0.483
 6     0.013     0.759    -0.650
 7   119.159   -20.320   -13.044
 7     0.410     0.779     0.474
 7    -0.889     0.457     0.019
 7    -0.203    -0.429     0.880
 8   133.258   -27.768     8.678
 8     0.676    -0.705     0.214
 8    -0.656    -0.708    -0.261
 8     0.335     0.036    -0.941
 9   137.196   -50.476    -1.291
 9    -0.025    -0.978     0.208
 9    -0.562     0.186     0.806
 9    -0.827    -0.097    -0.554
 2    97.003   -18.710    59.793
 2     0.505    -0.863     0.025
 2     0.859     0.505     0.078
 2    -0.080    -0.018     0.996
 3   140.792    -3.212    -1.765
 3     0.527     0.080    -0.846
 3     0.179     0.963     0.202
 3     0.830    -0.258     0.493
 4   118.240    10.652   -13.480
 4     0.316    -0.805     0.502
 4     0.909     0.408     0.081
 4    -0.270     0.431     0.861
 5   124.819    20.038    11.361
 5     0.459     0.394     0.796
 5     0.412    -0.889     0.202
 5     0.787     0.236    -0.570
 6   137.973    43.290    23.215
 6     0.651     0.472     0.594
 6     0.759    -0.424    -0.495
 6     0.018     0.773    -0.634
 7   119.973   -20.633   -12.856
 7     0.426     0.777     0.462
 7    -0.884     0.467     0.029
 7    -0.193    -0.421     0.886
 8   135.507   -27.485    11.959
 8     0.687    -0.675     0.268
 8    -0.638    -0.738    -0.221
 8     0.347    -0.019    -0.938
 9   138.470   -48.517    -1.717
 9     0.099    -0.949     0.300
 9    -0.446     0.227     0.866
 9    -0.890    -0.220    -0.400
 2    97.003   -18.710    59.793
 2     0.505    -0.863     0.025
 2     0.859     0.505     0.078
 2    -0.080    -0.018     0.996
 3   141.138    -3.039    -1.392
 3     0.507     0.074    -0.859
 3     0.187     0.963     0.193
 3     0.841    -0.258     0.474
 4   118.744    10.601   -13.470
 4     0.317    -0.811     0.491
 4     0.909     0.408     0.087
 4    -0.271     0.418     0.867
 5   124.331    20.249    11.159
 5     0.426     0.327     0.843
 5     0.378    -0.911     0.161
 5     0.821     0.250    -0.512
 6   139.457    41.542    24.308
 6     0.749     0.235     0.619
 6     0.657    -0.378    -0.652
 6     0.081     0.895    -0.438
 7   120.937   -20.800   -12.787
 7     0.430     0.796     0.426
 7    -0.885     0.464     0.025
 7    -0.178    -0.388     0.904
 8   130.555   -29.542    13.698
 8     0.648    -0.542     0.535
 8    -0.625    -0.780    -0.034
 8     0.436    -0.312    -0.844
 9   141.329   -42.569    -0.810
 9     0.520    -0.758     0.392
 9    -0.113     0.394     0.912
 9    -0.846    -0.519     0.120
 2    97.003   -18.710    59.793
 2     0.505    -0.863     0.025
 2     0.859     0.505     0.078
 2    -0.080    -0.018     0.996
 3   141.306    -3.013    -0.772
 3     0.479     0.064    -0.875
 3     0.188     0.966     0.173
 3     0.857    -0.248     0.451
 4   119.401    10.983   -13.260
 4     0.327    -0.827     0.457
 4     0.913     0.400     0.070
 4    -0.241     0.394     0.886
 5   123.644    20.778    11.309
 5     0.369     0.176     0.912
 5     0.317    -0.947     0.055
 5     0.874     0.269    -0.405
 6   143.595    36.345    26.165
 6     0.919    -0.117     0.375
 6     0.351    -0.183    -0.918
 6     0.176     0.976    -0.128
 7   121.696   -20.856   -12.724
 7     0.439     0.800     0.409
 7    -0.884     0.465     0.039
 7    -0.159    -0.379     0.911
 8   126.567   -31.529    13.042
 8     0.592    -0.247     0.767
 8    -0.570    -0.802     0.181
 8     0.570    -0.544    -0.616
 9   147.976   -33.432     6.105
 9     0.892    -0.442     0.096
 9     0.282     0.709     0.646
 9    -0.354    -0.550     0.757
 2    97.003   -18.710    59.793
 2     0.505    -0.863     0.025
 2     0.859     0.505     0.078
 2    -0.080    -0.018     0.996
 3   141.373    -2.825    -0.420
 3     0.466     0.065    -0.882
 3     0.181     0.969     0.168
 3     0.866    -0.238     0.440
 4   120.020    11.960   -12.747
 4     0.374    -0.818     0.437
 4     0.909     0.417     0.003
 4    -0.185     0.396     0.899
 5   124.439    22.210    11.834
 5     0.366    -0.026     0.930
 5     0.286    -0.948    -0.139
 5     0.885     0.317    -0.339
 6   149.413    26.302    27.380
 6     0.942    -0.225    -0.250
 6    -0.136     0.425    -0.895
 6     0.307     0.877     0.370
 7   122.459   -20.764   -12.897
 7     0.512     0.780     0.360
 7    -0.851     0.517     0.090
 7    -0.116    -0.353     0.928
 8   128.850   -31.986    12.088
 8     0.601     0.180     0.778
 8    -0.413    -0.764     0.496
 8     0.684    -0.620    -0.384
 9   153.006   -23.765    18.042
 9     0.823    -0.440    -0.359
 9     0.494     0.866     0.071
 9     0.280    -0.236     0.931
 2    97.003   -18.710    59.793
 2     0.505    -0.863     0.025
 2     0.859     0.505     0.078
 2    -0.080    -0.018     0.996
 3   141.356    -2.796     0.198
 3     0.454     0.093    -0.886
 3     0.156     0.971     0.181
 3     0.877    -0.220     0.426
 4   120.400    12.197   -12.530
 4     0.425    -0.801     0.421
 4     0.891     0.452    -0.040
 4    -0.159     0.392     0.906
 5   127.012    24.417    11.271
 5     0.394    -0.343     0.852
 5     0.269    -0.844    -0.464
 5     0.878     0.412    -0.241
 6   150.662    15.492    28.003
 6     0.717     0.405    -0.568
 6    -0.420     0.901     0.112
 6     0.557     0.157     0.815
 7   123.672   -20.594   -13.014
 7     0.600     0.744     0.292
 7    -0.796     0.592     0.127
 7    -0.079    -0.309     0.948
 8   132.669   -29.802    12.081
 8     0.601     0.481     0.638
 8    -0.222    -0.666     0.712
 8     0.767    -0.570    -0.294
 9   153.830   -19.743    28.478
 9     0.644    -0.411    -0.645
 9     0.403     0.899    -0.170
 9     0.650    -0.151     0.745
 2    97.003   -18.710    59.793
 2     0.505    -0.863     0.025
 2     0.859     0.505     0.078
 2    -0.080    -0.018     0.996
 3   141.831    -2.437     0.825
 3     0.424     0.097    -0.900
 3     0.162     0.970     0.181
 3     0.891    -0.223     0.396
 4   121.731    12.428   -12.418
 4     0.462    -0.798     0.386
 4     0.874     0.482    -0.050
 4    -0.146     0.361     0.921
 5   128.253    24.731    11.731
 5     0.379    -0.515     0.769
 5     0.233    -0.751    -0.618
 5     0.896     0.413    -0.165
 6   150.258    13.231    29.070
 6     0.647     0.549    -0.529
 6    -0.458     0.834     0.306
 6     0.610     0.044     0.791
 7   124.043   -20.326   -13.056
 7     0.595     0.757     0.268
 7    -0.799     0.593     0.098
 7    -0.085    -0.273     0.958
 8   133.116   -29.265    12.637
 8     0.591     0.597     0.542
 8    -0.165    -0.568     0.806
 8     0.789    -0.566    -0.238
 9   154.336   -19.524    28.177
 9     0.629    -0.373    -0.683
 9     0.409     0.905    -0.117
 9     0.661    -0.206     0.721
 2    97.003   -18.710    59.793
 2     0.505    -0.863     0.025
 2     0.859     0.505     0.078
 2    -0.080    -0.018     0.996
 3   141.918    -2.522     1.234
 3     0.402     0.106    -0.909
 3     0.155     0.971     0.182
 3     0.902    -0.214     0.374
 4   122.103    12.378   -12.349
 4     0.475    -0.796     0.374
 4     0.868     0.493    -0.055
 4    -0.141     0.350     0.926
 5   128.248    24.588    11.827
 5     0.374    -0.496     0.784
 5     0.240    -0.765    -0.598
 5     0.896     0.412    -0.167
 6   150.317    13.404    29.251
 6     0.655     0.511    -0.557
 6    -0.455     0.855     0.250
 6     0.604     0.089     0.792
 7   124.290   -20.330   -13.243
 7     0.588     0.768     0.253
 7    -0.804     0.588     0.085
 7    -0.083    -0.254     0.964
 8   132.871   -29.499    12.533
 8     0.587     0.590     0.554
 8    -0.177    -0.575     0.799
 8     0.790    -0.567    -0.233
 9   154.041   -19.614    28.402
 9     0.641    -0.350    -0.683
 9     0.405     0.910    -0.085
 9     0.651    -0.223     0.725
 2    97.003   -18.710    59.793
 2     0.505    -0.863     0.025
 2     0.859     0.505     0.078
 2    -0.080    -0.018     0.996
 3   142.028    -2.632     1.697
 3     0.382     0.113    -0.917
 3     0.149     0.972     0.182
 3     0.912    -0.207     0.354
 4   122.381    12.149   -12.366
 4     0.477    -0.800     0.364
 4     0.867     0.495    -0.048
 4    -0.142     0.339     0.930
 5   128.204    24.514    11.847
 5     0.371    -0.497     0.785
 5     0.240    -0.765    -0.598
 5     0.897     0.410    -0.165
 6   150.434    13.533    29.601
 6     0.656     0.498    -0.567
 6    -0.451     0.861     0.234
 6     0.604     0.102     0.790
 7   124.477   -20.479   -13.192
 7     0.565     0.792     0.229
 7    -0.822     0.563     0.082
 7    -0.064    -0.235     0.970
 8   132.291   -29.259    13.032
 8     0.577     0.573     0.581
 8    -0.174    -0.609     0.774
 8     0.797    -0.548    -0.251
 9   153.924   -19.684    28.276
 9     0.658    -0.328    -0.678
 9     0.407     0.912    -0.046
 9     0.633    -0.247     0.733
 2    97.003   -18.710    59.793
 2     0.505    -0.863     0.025
 2     0.859     0.505     0.078
 2    -0.080    -0.018     0.996
 3   142.069    -2.849     1.948
 3     0.368     0.114    -0.923
 3     0.143     0.973     0.177
 3     0.919    -0.198     0.342
 4   122.564    11.847   -12.362
 4     0.472    -0.809     0.351
 4     0.870     0.491    -0.039
 4    -0.141     0.323     0.935
 5   128.191    24.290    11.984
 5     0.367    -0.497     0.786
 5     0.236    -0.768    -0.596
 5     0.899     0.405    -0.165
 6   150.432    13.358    29.796
 6     0.659     0.486    -0.574
 6    -0.447     0.867     0.221
 6     0.605     0.110     0.788
 7   124.782   -20.420   -13.404
 7     0.572     0.793     0.207
 7    -0.818     0.570     0.078
 7    -0.056    -0.214     0.975
 8   132.568   -29.313    12.718
 8     0.574     0.580     0.578
 8    -0.180    -0.600     0.780
 8     0.799    -0.551    -0.240
 9   154.127   -20.083    28.076
 9     0.655    -0.312    -0.689
 9     0.402     0.915    -0.032
 9     0.640    -0.257     0.724
 2    97.003   -18.710    59.793
 2     0.505    -0.863     0.025
 2     0.859     0.505     0.078
 2    -0.080    -0.018     0.996
 3   142.097    -2.739     2.085
 3     0.357     0.110    -0.928
 3     0.139     0.976     0.169
 3     0.924    -0.189     0.333
 4   122.565    11.799   -12.416
 4     0.468    -0.812     0.349
 4     0.872     0.487    -0.037
 4    -0.140     0.321     0.936
 5   128.408    24.213    11.983
 5     0.365    -0.515     0.775
 5     0.235    -0.755    -0.612
 5     0.901     0.406    -0.155
 6   150.487    13.335    29.813
 6     0.657     0.485    -0.576
 6    -0.446     0.867     0.221
 6     0.607     0.111     0.787
 7   125.286   -20.235   -13.697
 7     0.595     0.781     0.186
 7    -0.801     0.594     0.068
 7    -0.058    -0.190     0.980
 8   133.319   -29.362    12.409
 8     0.568     0.607     0.555
 8    -0.175    -0.570     0.803
 8     0.804    -0.553    -0.218
 9   154.357   -19.887    28.364
 9     0.639    -0.307    -0.705
 9     0.397     0.917    -0.038
 9     0.658    -0.256     0.708
 2    97.003   -18.710    59.793
 2     0.505    -0.863     0.025
 2     0.859     0.505     0.078
 2    -0.080    -0.018     0.996
 3   142.143    -2.526     2.409
 3     0.340     0.111    -0.934
 3     0.131     0.977     0.164
 3     0.931    -0.179     0.317
 4   122.951    11.933   -12.492
 4     0.480    -0.812     0.331
 4     0.868     0.495    -0.044
 4    -0.128     0.308     0.942
 5   128.688    24.413    11.827
 5     0.360    -0.538     0.762
 5     0.240    -0.736    -0.633
 5     0.901     0.410    -0.136
 6   150.580    13.339    29.842
 6     0.651     0.488    -0.581
 6    -0.447     0.866     0.226
 6     0.613     0.112     0.781
 7   125.567   -19.958   -13.920
 7     0.602     0.778     0.177
 7    -0.796     0.603     0.056
 7    -0.063    -0.175     0.982
 8   133.649   -29.418    11.883
 8     0.571     0.621     0.537
