% Calibrated with leiden_pols
% Positions are in centimeters
Data =[
 2    97.053   -18.710    59.792
 2     0.505    -0.863     0.026
 2     0.859     0.505     0.078
 2    -0.080    -0.017     0.996
 3   140.524    -2.741     1.387
 3     0.374     0.186    -0.909
 3     0.119     0.962     0.246
 3     0.920    -0.201     0.337
 4   121.614    11.212   -14.887
 4     0.603    -0.687     0.405
 4     0.772     0.631    -0.079
 4    -0.202     0.360     0.911
 5   130.233    24.432     8.178
 5     0.481    -0.428     0.765
 5     0.342    -0.712    -0.613
 5     0.807     0.557    -0.196
 6   155.100    18.398    23.630
 6     0.736     0.157    -0.659
 6    -0.344     0.925    -0.163
 6     0.583     0.346     0.734
 7   123.182   -18.238   -16.147
 7     0.678     0.619     0.397
 7    -0.689     0.723     0.048
 7    -0.257    -0.306     0.917
 8   137.272   -31.877     4.824
 8     0.742     0.555     0.374
 8    -0.282    -0.248     0.927
 8     0.608    -0.794    -0.028
 9   157.170   -18.586    21.542
 9     0.432    -0.609    -0.666
 9     0.418     0.789    -0.450
 9     0.799    -0.085     0.595
 2    97.053   -18.710    59.792
 2     0.505    -0.863     0.025
 2     0.859     0.505     0.078
 2    -0.080    -0.017     0.996
 3   140.392    -2.692     1.394
 3     0.375     0.185    -0.908
 3     0.120     0.962     0.245
 3     0.919    -0.201     0.339
 4   121.591    11.291   -14.945
 4     0.602    -0.688     0.406
 4     0.773     0.629    -0.081
 4    -0.200     0.362     0.910
 5   130.182    24.432     8.277
 5     0.482    -0.427     0.765
 5     0.340    -0.713    -0.613
 5     0.807     0.555    -0.199
 6   155.017    18.168    23.813
 6     0.731     0.184    -0.657
 6    -0.350     0.927    -0.130
 6     0.585     0.325     0.743
 7   123.081   -18.239   -16.143
 7     0.677     0.618     0.397
 7    -0.689     0.723     0.048
 7    -0.258    -0.307     0.916
 8   137.247   -31.775     4.926
 8     0.743     0.556     0.373
 8    -0.281    -0.248     0.927
 8     0.608    -0.793    -0.028
 9   157.148   -18.559    21.485
 9     0.432    -0.610    -0.665
 9     0.417     0.788    -0.452
 9     0.800    -0.082     0.594
 2    97.053   -18.710    59.792
 2     0.505    -0.863     0.026
 2     0.859     0.505     0.078
 2    -0.080    -0.017     0.996
 3   140.416    -2.641     1.394
 3     0.376     0.184    -0.908
 3     0.120     0.962     0.245
 3     0.919    -0.201     0.340
 4   121.546    11.343   -14.899
 4     0.602    -0.688     0.404
 4     0.773     0.628    -0.082
 4    -0.198     0.362     0.911
 5   130.178    24.430     8.280
 5     0.484    -0.426     0.764
 5     0.339    -0.714    -0.613
 5     0.806     0.556    -0.202
 6   155.020    17.986    23.625
 6     0.730     0.202    -0.653
 6    -0.356     0.928    -0.111
 6     0.583     0.313     0.749
 7   123.130   -18.163   -16.144
 7     0.678     0.618     0.397
 7    -0.688     0.724     0.048
 7    -0.258    -0.306     0.916
 8   137.248   -31.724     4.926
 8     0.743     0.555     0.373
 8    -0.280    -0.249     0.927
 8     0.608    -0.793    -0.029
 9   157.148   -18.509    21.433
 9     0.433    -0.611    -0.663
 9     0.416     0.787    -0.455
 9     0.800    -0.079     0.595
 2    97.053   -18.710    59.792
 2     0.505    -0.863     0.025
 2     0.859     0.505     0.078
 2    -0.080    -0.017     0.996
 3   140.417    -2.590     1.394
 3     0.375     0.184    -0.908
 3     0.120     0.962     0.244
 3     0.919    -0.201     0.339
 4   121.413    11.291   -14.605
 4     0.593    -0.699     0.400
 4     0.779     0.623    -0.068
 4    -0.202     0.352     0.914
 5   129.797    24.120     8.590
 5     0.479    -0.383     0.790
 5     0.329    -0.755    -0.566
 5     0.813     0.531    -0.236
 6   155.063    18.137    23.460
 6     0.733     0.206    -0.648
 6    -0.355     0.929    -0.107
 6     0.580     0.308     0.754
 7   123.310   -18.058   -16.079
 7     0.680     0.618     0.393
 7    -0.687     0.725     0.048
 7    -0.255    -0.303     0.918
 8   136.565   -31.693     5.386
 8     0.725     0.528     0.441
 8    -0.304    -0.330     0.894
 8     0.618    -0.782    -0.079
 9   157.008   -18.897    21.259
 9     0.462    -0.590    -0.662
 9     0.433     0.801    -0.412
 9     0.774    -0.096     0.625
 2    97.051   -18.711    59.795
 2     0.505    -0.863     0.025
 2     0.859     0.505     0.078
 2    -0.081    -0.018     0.996
 3   140.502    -2.516     1.498
 3     0.380     0.190    -0.905
 3     0.126     0.958     0.254
 3     0.916    -0.211     0.340
 4   121.212    11.024   -14.464
 4     0.573    -0.714     0.403
 4     0.788     0.614    -0.034
 4    -0.224     0.337     0.914
 5   129.398    24.111     8.419
 5     0.468    -0.371     0.802
 5     0.329    -0.769    -0.548
 5     0.820     0.521    -0.238
 6   154.568    18.478    23.026
 6     0.756     0.189    -0.626
 6    -0.343     0.930    -0.134
 6     0.557     0.315     0.768
 7   123.576   -18.105   -15.868
 7     0.676     0.627     0.387
 7    -0.694     0.718     0.048
 7    -0.248    -0.301     0.921
 8   135.751   -31.819     6.149
 8     0.705     0.478     0.524
 8    -0.338    -0.423     0.841
 8     0.623    -0.770    -0.137
 9   157.781   -20.544    20.264
 9     0.552    -0.472    -0.688
 9     0.467     0.858    -0.214
 9     0.691    -0.203     0.694
 2    97.051   -18.711    59.795
 2     0.505    -0.863     0.025
 2     0.859     0.505     0.078
 2    -0.081    -0.018     0.996
 3   140.695    -2.341     1.548
 3     0.389     0.194    -0.900
 3     0.139     0.954     0.266
 3     0.910    -0.229     0.344
 4   121.028    10.651   -14.286
 4     0.551    -0.728     0.408
 4     0.796     0.605     0.004
 4    -0.250     0.322     0.913
 5   128.773    24.153     8.170
 5     0.453    -0.341     0.823
 5     0.344    -0.786    -0.514
 5     0.822     0.516    -0.239
 6   153.984    20.308    21.760
 6     0.815     0.127    -0.565
 6    -0.317     0.914    -0.251
 6     0.485     0.384     0.786
 7   123.715   -18.642   -15.160
 7     0.649     0.649     0.396
 7    -0.722     0.690     0.053
 7    -0.239    -0.321     0.917
 8   133.711   -31.169     8.677
 8     0.677     0.296     0.674
 8    -0.390    -0.633     0.669
 8     0.624    -0.716    -0.313
 9   158.301   -22.797    16.822
 9     0.764    -0.342    -0.548
 9     0.500     0.850     0.167
 9     0.408    -0.401     0.820
 2    97.003   -18.710    59.793
 2     0.505    -0.863     0.025
 2     0.859     0.505     0.078
 2    -0.080    -0.018     0.996
 3   140.846    -2.215     1.430
 3     0.400     0.174    -0.900
 3     0.161     0.953     0.256
 3     0.902    -0.248     0.353
 4   120.488    10.468   -14.340
 4     0.507    -0.753     0.419
 4     0.819     0.572     0.039
 4    -0.270     0.324     0.907
 5   127.790    24.028     8.446
 5     0.464    -0.265     0.845
 5     0.351    -0.821    -0.450
 5     0.813     0.505    -0.289
 6   153.894    21.992    18.430
 6     0.904     0.101    -0.416
 6    -0.302     0.839    -0.452
 6     0.303     0.534     0.789
 7   123.482   -19.223   -14.416
 7     0.617     0.668     0.415
 7    -0.755     0.652     0.073
 7    -0.222    -0.359     0.907
 8   132.544   -29.859    11.256
 8     0.667     0.062     0.742
 8    -0.435    -0.777     0.456
 8     0.604    -0.627    -0.492
 9   157.216   -27.007    11.344
 9     0.913    -0.315    -0.259
 9     0.406     0.750     0.521
 9     0.030    -0.582     0.813
 2    97.003   -18.710    59.793
 2     0.505    -0.863     0.025
 2     0.859     0.505     0.078
 2    -0.080    -0.018     0.996
 3   140.870    -2.116     1.228
 3     0.406     0.159    -0.900
 3     0.169     0.954     0.245
 3     0.898    -0.252     0.361
 4   120.068    10.420   -14.284
 4     0.485    -0.764     0.426
 4     0.830     0.555     0.049
 4    -0.274     0.329     0.903
 5   127.204    23.854     8.724
 5     0.472    -0.228     0.852
 5     0.344    -0.842    -0.416
 5     0.812     0.489    -0.319
