% Calibrated with leiden_pols
% Positions are in centimeters
Data =[
 2    97.053   -18.710    59.793
 2     0.505    -0.863     0.025
 2     0.859     0.505     0.078
 2    -0.080    -0.018     0.996
 3   136.453    -1.980     0.516
 3     0.496     0.101    -0.862
 3     0.160     0.965     0.205
 3     0.853    -0.240     0.463
 4   115.779    12.700   -12.273
 4     0.526    -0.736     0.426
 4     0.827     0.560    -0.054
 4    -0.199     0.381     0.903
 5   131.318    21.941    11.494
 5     0.671    -0.660     0.338
 5    -0.080    -0.518    -0.852
 5     0.737     0.544    -0.400
 6   143.172    -4.661    13.788
 6     0.094     0.634    -0.768
 6    -0.988    -0.033    -0.148
 6    -0.119     0.772     0.623
 7   123.151   -22.424   -11.381
 7     0.750     0.634     0.187
 7    -0.656     0.675     0.338
 7     0.088    -0.376     0.922
 8   133.677   -28.096    16.110
 8     0.604     0.752     0.264
 8     0.141    -0.427     0.893
 8     0.785    -0.502    -0.364
 9   146.261    -4.675    25.515
 9     0.221    -0.140    -0.965
 9     0.971     0.122     0.204
 9     0.089    -0.982     0.163
 2    97.053   -18.710    59.793
 2     0.505    -0.863     0.025
 2     0.859     0.505     0.078
 2    -0.080    -0.018     0.996
 3   136.553    -1.929     0.517
 3     0.496     0.102    -0.862
 3     0.160     0.965     0.207
 3     0.853    -0.241     0.463
 4   115.881    12.700   -12.272
 4     0.527    -0.736     0.425
 4     0.826     0.560    -0.053
 4    -0.199     0.379     0.903
 5   131.372    21.891    11.489
 5     0.670    -0.661     0.339
 5    -0.080    -0.518    -0.852
 5     0.738     0.543    -0.400
 6   143.172    -4.661    13.788
 6     0.093     0.634    -0.768
 6    -0.988    -0.033    -0.147
 6    -0.119     0.773     0.623
 7   123.206   -22.473   -11.335
 7     0.749     0.635     0.186
 7    -0.656     0.674     0.339
 7     0.090    -0.377     0.922
 8   133.682   -28.044    16.156
 8     0.602     0.752     0.268
 8     0.141    -0.431     0.891
 8     0.786    -0.499    -0.365
 9   146.235    -4.651    25.569
 9     0.222    -0.139    -0.965
 9     0.971     0.121     0.206
 9     0.088    -0.983     0.162
 2    97.053   -18.710    59.793
 2     0.505    -0.863     0.025
 2     0.859     0.505     0.078
 2    -0.080    -0.018     0.996
 3   136.604    -1.979     0.518
 3     0.495     0.104    -0.862
 3     0.161     0.964     0.209
 3     0.853    -0.243     0.461
 4   115.958    12.649   -12.269
 4     0.528    -0.737     0.421
 4     0.826     0.561    -0.052
 4    -0.199     0.375     0.905
 5   131.383    21.946    11.527
 5     0.667    -0.663     0.341
 5    -0.079    -0.518    -0.852
 5     0.741     0.541    -0.398
 6   143.176    -4.660    13.781
 6     0.093     0.632    -0.769
 6    -0.989    -0.032    -0.146
 6    -0.117     0.774     0.622
 7   123.242   -22.545   -11.248
 7     0.748     0.638     0.183
 7    -0.657     0.672     0.342
 7     0.095    -0.376     0.922
 8   133.563   -28.093    16.253
 8     0.600     0.752     0.273
 8     0.141    -0.435     0.889
 8     0.787    -0.495    -0.367
 9   146.235    -4.678    25.699
 9     0.226    -0.137    -0.964
 9     0.970     0.120     0.210
 9     0.087    -0.983     0.160
 2    97.003   -18.710    59.793
 2     0.505    -0.863     0.025
 2     0.859     0.505     0.078
 2    -0.080    -0.018     0.996
 3   136.610    -2.027     0.589
 3     0.494     0.106    -0.863
 3     0.162     0.964     0.212
 3     0.854    -0.245     0.459
 4   116.062    12.599   -12.271
 4     0.529    -0.738     0.419
 4     0.825     0.562    -0.051
 4    -0.198     0.373     0.906
 5   131.462    21.948    11.548
 5     0.665    -0.664     0.342
 5    -0.079    -0.518    -0.852
 5     0.742     0.539    -0.397
 6   143.180    -4.657    13.948
 6     0.094     0.628    -0.773
 6    -0.989    -0.030    -0.144
 6    -0.114     0.778     0.618
 7   123.252   -22.543   -11.132
 7     0.746     0.640     0.181
 7    -0.658     0.670     0.344
 7     0.099    -0.377     0.921
 8   133.249   -28.007    16.574
 8     0.592     0.751     0.292
 8     0.140    -0.453     0.880
 8     0.794    -0.480    -0.374
 9   146.171    -4.788    25.903
 9     0.240    -0.139    -0.961
 9     0.967     0.114     0.225
 9     0.078    -0.984     0.161
 2    97.003   -18.710    59.792
 2     0.504    -0.863     0.025
 2     0.859     0.505     0.078
 2    -0.080    -0.018     0.996
 3   136.611    -2.027     0.641
 3     0.493     0.107    -0.863
 3     0.162     0.963     0.213
 3     0.854    -0.246     0.458
 4   116.065    12.600   -12.222
 4     0.529    -0.739     0.417
 4     0.826     0.562    -0.051
 4    -0.197     0.371     0.907
 5   131.419    21.950    11.540
 5     0.663    -0.666     0.342
 5    -0.080    -0.517    -0.852
 5     0.744     0.537    -0.396
 6   143.184    -4.756    14.064
 6     0.093     0.622    -0.777
 6    -0.989    -0.029    -0.142
 6    -0.111     0.782     0.612
 7   123.362   -22.540   -11.092
 7     0.744     0.643     0.180
 7    -0.660     0.666     0.347
 7     0.103    -0.377     0.920
 8   132.792   -27.819    16.768
 8     0.583     0.744     0.324
 8     0.136    -0.483     0.865
 8     0.801    -0.460    -0.383
 9   146.211    -4.977    26.026
 9     0.264    -0.146    -0.953
 9     0.962     0.111     0.249
 9     0.070    -0.983     0.170
 2    97.003   -18.710    59.793
 2     0.505    -0.863     0.025
 2     0.859     0.505     0.078
 2    -0.080    -0.018     0.996
 3   136.636    -2.027     0.641
 3     0.493     0.108    -0.863
 3     0.163     0.963     0.214
 3     0.854    -0.246     0.457
 4   116.148    12.654   -12.208
 4     0.529    -0.740     0.416
 4     0.826     0.560    -0.055
 4    -0.193     0.372     0.908
 5   131.192    21.906    11.778
 5     0.654    -0.670     0.351
 5    -0.088    -0.529    -0.844
 5     0.751     0.521    -0.405
 6   143.335    -4.707    14.131
 6     0.107     0.618    -0.779
 6    -0.987    -0.029    -0.158
 6    -0.120     0.785     0.607
 7   123.318   -22.593   -11.069
 7     0.738     0.649     0.182
 7    -0.666     0.660     0.347
 7     0.105    -0.377     0.920
 8   131.734   -27.527    16.977
 8     0.573     0.723     0.385
 8     0.126    -0.542     0.831
 8     0.810    -0.427    -0.402
 9   146.671    -5.814    25.669
 9     0.330    -0.159    -0.930
 9     0.942     0.110     0.315
 9     0.052    -0.981     0.186
 2    97.003   -18.685    59.793
 2     0.505    -0.863     0.025
 2     0.859     0.505     0.078
 2    -0.080    -0.018     0.996
 3   136.645    -2.074     0.705
 3     0.491     0.106    -0.865
 3     0.163     0.964     0.211
 3     0.856    -0.245     0.455
 4   116.267    12.714   -12.083
 4     0.529    -0.740     0.415
 4     0.828     0.557    -0.063
 4    -0.184     0.377     0.907
 5   130.509    21.743    12.048
 5     0.654    -0.646     0.394
 5    -0.078    -0.575    -0.814
 5     0.752     0.502    -0.427
 6   144.322    -3.569    13.867
 6     0.192     0.613    -0.766
 6    -0.971     0.006    -0.239
 6    -0.142     0.790     0.597
 7   123.424   -22.545   -11.253
 7     0.729     0.660     0.180
 7    -0.675     0.653     0.342
 7     0.108    -0.372     0.922
 8   130.512   -27.063    17.148
 8     0.563     0.661     0.496
 8     0.086    -0.644     0.760
 8     0.822    -0.385    -0.419
 9   148.077    -8.053    25.908
 9     0.477    -0.106    -0.873
 9     0.878     0.099     0.467
 9     0.037    -0.989     0.141
 2    97.003   -18.710    59.793
 2     0.505    -0.863     0.025
 2     0.859     0.505     0.078
 2    -0.080    -0.018     0.996
 3   136.647    -1.971     0.748
 3     0.489     0.101    -0.866
 3     0.164     0.965     0.204
 3     0.857    -0.242     0.455
 4   116.218    12.743   -12.014
 4     0.524    -0.743     0.416
 4     0.832     0.551    -0.065
 4    -0.182     0.380     0.907
 5   130.254    21.934    12.255
 5     0.655    -0.627     0.423
 5    -0.066    -0.604    -0.794
 5     0.753     0.492    -0.437
 6   145.028    -2.538    14.180
 6     0.245     0.583    -0.774
 6    -0.958     0.021    -0.287
 6    -0.151     0.812     0.563
 7   123.508   -22.494   -11.263
 7     0.724     0.666     0.178
 7    -0.681     0.648     0.341
 7     0.112    -0.369     0.923
 8   129.864   -26.885    17.246
 8     0.557     0.621     0.551
 8     0.062    -0.693     0.718
 8     0.828    -0.367    -0.425
 9   148.946   -10.237    25.747
 9     0.569    -0.080    -0.818
 9     0.821     0.077     0.564
 9     0.018    -0.994     0.110
 2    97.003   -18.684    59.793
 2     0.504    -0.863     0.025
 2     0.859     0.505     0.078
 2    -0.080    -0.018     0.996
 3   136.619    -1.895     0.797
 3     0.488     0.094    -0.868
 3     0.164     0.966     0.197
 3     0.857    -0.238     0.456
 4   116.174    12.849   -11.925
 4     0.519    -0.746     0.416
 4     0.836     0.545    -0.066
 4    -0.178     0.382     0.907
 5   129.900    21.764    12.330
 5     0.653    -0.612     0.446
 5    -0.066    -0.633    -0.771
 5     0.754     0.474    -0.454
 6   145.535    -1.853    14.048
 6     0.294     0.581    -0.759
 6    -0.939     0.029    -0.342
 6    -0.177     0.813     0.554
 7   123.607   -22.471   -11.288
 7     0.720     0.671     0.176
 7    -0.685     0.646     0.337
 7     0.112    -0.364     0.924
 8   129.398   -26.522    17.203
 8     0.546     0.587     0.596
 8     0.048    -0.733     0.678
 8     0.836    -0.342    -0.429
 9   149.794   -12.384    26.317
 9     0.670    -0.022    -0.742
 9     0.742     0.038     0.669
 9     0.014    -0.999     0.042
 2    97.001   -18.685    59.744
 2     0.504    -0.863     0.025
 2     0.859     0.505     0.078
 2    -0.081    -0.018     0.996
 3   136.622    -1.894     0.866
 3     0.486     0.088    -0.869
 3     0.163     0.968     0.190
 3     0.858    -0.235     0.456
 4   116.187    12.961   -11.823
 4     0.512    -0.752     0.415
 4     0.842     0.535    -0.069
 4    -0.170     0.385     0.907
 5   129.221    21.531    12.578
 5     0.650    -0.575     0.496
 5    -0.058    -0.690    -0.722
 5     0.757     0.440    -0.482
 6   146.913     0.350    13.691
 6     0.411     0.571    -0.711
 6    -0.885     0.062    -0.461
 6    -0.219     0.819     0.531
 7   123.681   -22.474   -11.390
 7     0.716     0.675     0.175
 7    -0.689     0.644     0.333
 7     0.112    -0.359     0.927
 8   128.801   -26.399    17.151
 8     0.546     0.546     0.635
 8     0.027    -0.770     0.638
 8     0.837    -0.331    -0.436
 9   150.729   -15.178    26.187
 9     0.761    -0.014    -0.648
 9     0.648     0.021     0.761
 9     0.003    -1.000     0.025
 2    97.003   -18.710    59.792
 2     0.504    -0.863     0.025
 2     0.859     0.505     0.078
 2    -0.080    -0.018     0.996
 3   136.652    -1.890     0.826
 3     0.483     0.079    -0.872
 3     0.164     0.970     0.179
 3     0.860    -0.229     0.455
 4   116.172    12.969   -11.715
 4     0.503    -0.758     0.414
 4     0.848     0.524    -0.071
 4    -0.164     0.387     0.907
 5   128.652    21.555    13.069
 5     0.652    -0.521     0.550
 5    -0.039    -0.748    -0.663
 5     0.757     0.411    -0.508
 6   148.608     3.561    13.240
 6     0.545     0.537    -0.643
 6    -0.798     0.099    -0.594
 6    -0.255     0.837     0.483
 7   123.723   -22.478   -11.431
 7     0.712     0.679     0.175
 7    -0.693     0.642     0.327
 7     0.109    -0.355     0.928
 8   128.522   -26.463    16.954
 8     0.547     0.495     0.675
 8    -0.006    -0.804     0.595
 8     0.837    -0.329    -0.437
 9   151.450   -18.104    25.833
 9     0.838    -0.022    -0.545
 9     0.545     0.015     0.838
 9    -0.010    -1.000     0.025
 2    97.003   -18.684    59.793
 2     0.504    -0.863     0.025
 2     0.859     0.505     0.078
 2    -0.080    -0.018     0.996
 3   136.705    -1.888     0.845
 3     0.481     0.074    -0.874
 3     0.164     0.971     0.173
 3     0.861    -0.227     0.455
 4   116.207    13.000   -11.626
 4     0.500    -0.762     0.411
 4     0.851     0.520    -0.071
 4    -0.159     0.385     0.909
 5   128.146    21.529    13.206
 5     0.651    -0.474     0.593
 5    -0.016    -0.789    -0.614
 5     0.759     0.390    -0.521
 6   149.725     6.557    13.804
 6     0.655     0.477    -0.586
 6    -0.708     0.116    -0.697
 6    -0.265     0.871     0.414
 7   123.721   -22.435   -11.501
 7     0.702     0.690     0.176
 7    -0.704     0.635     0.318
 7     0.108    -0.348     0.931
 8   127.871   -26.241    17.244
 8     0.540     0.425     0.726
 8    -0.040    -0.849     0.527
 8     0.841    -0.314    -0.441
 9   151.476   -21.301    25.241
 9     0.900    -0.049    -0.434
 9     0.434    -0.003     0.901
 9    -0.045    -0.999     0.019
 2    97.003   -18.684    59.793
 2     0.504    -0.863     0.025
 2     0.859     0.505     0.078
 2    -0.080    -0.018     0.996
 3   136.658    -1.911     0.889
 3     0.478     0.069    -0.875
 3     0.165     0.972     0.167
 3     0.862    -0.225     0.453
 4   116.178    13.053   -11.604
 4     0.494    -0.764     0.415
 4     0.854     0.514    -0.071
 4    -0.159     0.389     0.907
 5   127.245    21.705    13.133
 5     0.638    -0.411     0.651
 5     0.035    -0.830    -0.557
 5     0.769     0.378    -0.515
 6   150.457    10.496    14.162
 6     0.762     0.424    -0.489
 6    -0.597     0.170    -0.784
 6    -0.250     0.889     0.383
 7   123.644   -22.496   -11.441
 7     0.687     0.704     0.177
 7    -0.719     0.623     0.309
 7     0.107    -0.340     0.934
 8   126.849   -26.252    17.151
 8     0.520     0.333     0.786
 8    -0.088    -0.895     0.437
 8     0.850    -0.296    -0.436
 9   150.618   -25.319    24.849
 9     0.957    -0.077    -0.279
 9     0.277    -0.033     0.960
 9    -0.083    -0.996    -0.010
 2    97.003   -18.684    59.793
 2     0.504    -0.863     0.025
 2     0.859     0.505     0.078
 2    -0.080    -0.018     0.996
 3   136.714    -1.956     0.875
 3     0.475     0.060    -0.878
 3     0.169     0.973     0.158
 3     0.864    -0.223     0.451
 4   116.162    13.053   -11.598
 4     0.484    -0.765     0.425
 4     0.859     0.506    -0.069
 4    -0.163     0.398     0.902
 5   126.522    21.765    13.463
 5     0.613    -0.338     0.714
 5     0.070    -0.877    -0.475
 5     0.787     0.341    -0.514
 6   150.665    14.524    15.750
 6     0.860     0.344    -0.377
 6    -0.458     0.194    -0.867
 6    -0.226     0.918     0.325
 7   123.676   -22.529   -11.444
 7     0.669     0.722     0.175
 7    -0.735     0.608     0.301
 7     0.110    -0.330     0.937
 8   125.990   -26.162    17.299
 8     0.498     0.241     0.832
 8    -0.130    -0.929     0.347
 8     0.857    -0.282    -0.432
 9   149.272   -29.883    24.309
 9     0.987    -0.123    -0.099
 9     0.094    -0.051     0.994
 9    -0.128    -0.991    -0.039
 2    97.003   -18.710    59.793
 2     0.505    -0.863     0.025
 2     0.859     0.505     0.078
 2    -0.080    -0.018     0.996
 3   136.670    -1.950     0.810
 3     0.469     0.047    -0.882
 3     0.174     0.974     0.144
 3     0.866    -0.221     0.449
 4   116.175    13.169   -11.580
 4     0.468    -0.774     0.426
 4     0.870     0.487    -0.072
 4    -0.153     0.404     0.902
 5   125.854    21.509    13.613
 5     0.593    -0.262     0.761
 5     0.094    -0.917    -0.388
 5     0.799     0.302    -0.519
 6   150.343    19.130    16.512
 6     0.935     0.279    -0.217
 6    -0.281     0.216    -0.935
 6    -0.214     0.936     0.280
 7   123.673   -22.635   -11.340
 7     0.646     0.744     0.169
 7    -0.754     0.587     0.295
 7     0.120    -0.318     0.940
 8   125.182   -26.004    17.285
 8     0.473     0.117     0.873
 8    -0.183    -0.956     0.227
 8     0.862    -0.267    -0.431
 9   147.197   -34.836    23.455
 9     0.979    -0.180     0.093
 9    -0.104    -0.050     0.993
 9    -0.175    -0.982    -0.068
 2    97.003   -18.684    59.793
 2     0.504    -0.863     0.025
 2     0.859     0.505     0.078
 2    -0.080    -0.018     0.996
 3   136.723    -1.997     0.727
 3     0.465     0.040    -0.884
 3     0.176     0.974     0.137
 3     0.867    -0.220     0.446
 4   116.355    13.252   -11.491
 4     0.459    -0.779     0.426
 4     0.876     0.477    -0.070
 4    -0.149     0.405     0.902
 5   125.520    21.477    14.043
 5     0.574    -0.200     0.794
 5     0.108    -0.943    -0.315
 5     0.812     0.266    -0.520
 6   150.157    24.172    18.138
 6     0.976     0.210    -0.047
 6    -0.087     0.184    -0.979
 6    -0.198     0.960     0.198
 7   123.778   -22.710   -11.321
 7     0.626     0.762     0.163
 7    -0.768     0.568     0.295
 7     0.133    -0.310     0.941
 8   124.818   -25.821    17.448
 8     0.452     0.017     0.891
 8    -0.225    -0.965     0.132
 8     0.863    -0.260    -0.433
 9   144.867   -38.735    23.092
 9     0.937    -0.239     0.254
 9    -0.275    -0.060     0.959
 9    -0.214    -0.969    -0.122
 2    97.003   -18.684    59.793
 2     0.504    -0.863     0.025
 2     0.859     0.505     0.078
 2    -0.080    -0.018     0.996
 3   136.914    -2.043     0.786
 3     0.461     0.043    -0.886
 3     0.176     0.974     0.139
 3     0.870    -0.221     0.441
 4   116.849    13.491   -11.463
 4     0.453    -0.788     0.417
 4     0.880     0.469    -0.071
 4    -0.140     0.399     0.906
 5   125.684    21.081    14.101
 5     0.569    -0.182     0.801
 5     0.096    -0.954    -0.285
 5     0.816     0.239    -0.525
 6   149.337    27.317    19.240
 6     0.980     0.180     0.083
 6     0.068     0.088    -0.994
 6    -0.187     0.979     0.074
 7   123.906   -22.709   -11.219
 7     0.609     0.777     0.160
 7    -0.780     0.549     0.299
 7     0.144    -0.308     0.940
 8   124.678   -25.565    17.515
 8     0.439    -0.073     0.895
 8    -0.264    -0.963     0.051
 8     0.859    -0.259    -0.442
 9   142.746   -42.145    22.633
 9     0.871    -0.295     0.392
 9    -0.426    -0.055     0.903
 9    -0.245    -0.954    -0.173
 2    97.003   -18.684    59.742
 2     0.504    -0.863     0.025
 2     0.859     0.505     0.078
 2    -0.080    -0.018     0.996
 3   137.203    -2.062     0.768
 3     0.454     0.044    -0.890
 3     0.177     0.974     0.139
 3     0.873    -0.221     0.435
 4   117.151    13.570   -11.464
 4     0.448    -0.792     0.414
 4     0.883     0.464    -0.067
 4    -0.139     0.395     0.908
 5   125.594    20.878    14.396
 5     0.561    -0.131     0.817
 5     0.102    -0.969    -0.225
 5     0.821     0.209    -0.531
 6   148.354    29.904    20.033
 6     0.964     0.177     0.198
 6     0.192     0.055    -0.980
 6    -0.185     0.983     0.019
 7   124.101   -22.684   -11.347
 7     0.594     0.790     0.153
 7    -0.790     0.536     0.299
 7     0.154    -0.298     0.942
 8   124.438   -25.701    17.431
 8     0.411    -0.171     0.895
 8    -0.315    -0.948    -0.037
 8     0.856    -0.267    -0.444
 9   139.979   -45.188    22.542
 9     0.789    -0.327     0.520
 9    -0.559    -0.032     0.828
 9    -0.255    -0.944    -0.208
 2    97.000   -18.685    59.744
 2     0.504    -0.863     0.026
 2     0.860     0.504     0.078
 2    -0.081    -0.017     0.996
 3   137.569    -2.026     0.895
 3     0.445     0.031    -0.895
 3     0.181     0.975     0.124
 3     0.877    -0.218     0.428
 4   117.466    13.548   -11.612
 4     0.433    -0.801     0.413
 4     0.890     0.452    -0.057
 4    -0.141     0.393     0.909
 5   125.340    20.324    14.422
 5     0.558    -0.039     0.828
 5     0.134    -0.981    -0.136
 5     0.818     0.188    -0.543
 6   146.383    32.769    20.283
 6     0.931     0.170     0.323
 6     0.317     0.060    -0.946
 6    -0.181     0.983     0.002
 7   124.321   -22.711   -11.398
 7     0.574     0.806     0.143
 7    -0.802     0.519     0.295
 7     0.164    -0.284     0.944
 8   123.992   -25.566    17.299
 8     0.374    -0.259     0.890
 8    -0.364    -0.924    -0.116
 8     0.853    -0.281    -0.440
 9   136.695   -47.692    22.564
 9     0.679    -0.369     0.635
 9    -0.688    -0.018     0.725
 9    -0.256    -0.929    -0.266
 2    97.001   -18.686    59.795
 2     0.505    -0.863     0.025
 2     0.859     0.505     0.078
 2    -0.081    -0.018     0.996
 3   137.808    -2.050     0.848
 3     0.444     0.018    -0.896
 3     0.185     0.976     0.111
 3     0.876    -0.215     0.430
 4   117.658    13.397   -11.729
 4     0.423    -0.809     0.408
 4     0.895     0.444    -0.046
 4    -0.144     0.385     0.911
 5   124.973    20.300    14.388
 5     0.537     0.059     0.841
 5     0.182    -0.982    -0.047
 5     0.824     0.178    -0.538
 6   144.640    35.771    21.115
 6     0.893     0.165     0.417
 6     0.419     0.026    -0.908
 6    -0.161     0.986    -0.046
 7   124.308   -22.599   -11.475
 7     0.556     0.818     0.145
 7    -0.816     0.504     0.283
 7     0.158    -0.276     0.948
 8   123.421   -25.704    17.071
 8     0.334    -0.360     0.871
 8    -0.431    -0.880    -0.198
 8     0.838    -0.309    -0.450
 9   133.325   -50.283    21.579
 9     0.570    -0.420     0.706
 9    -0.773     0.018     0.635
 9    -0.280    -0.907    -0.314
 2    97.001   -18.685    59.744
 2     0.504    -0.863     0.025
 2     0.859     0.505     0.078
 2    -0.081    -0.018     0.996
 3   138.152    -2.020     0.835
 3     0.441    -0.013    -0.897
 3     0.188     0.979     0.078
 3     0.877    -0.203     0.434
 4   117.759    13.280   -11.686
 4     0.400    -0.824     0.402
 4     0.905     0.423    -0.035
 4    -0.141     0.378     0.915
 5   124.549    20.403    14.349
 5     0.526     0.135     0.839
 5     0.216    -0.976     0.021
 5     0.822     0.170    -0.543
 6   142.923    37.452    21.427
 6     0.859     0.160     0.485
 6     0.487     0.028    -0.873
 6    -0.153     0.987    -0.054
 7   123.718   -22.237   -11.857
 7     0.507     0.848     0.155
 7    -0.851     0.463     0.249
 7     0.139    -0.258     0.956
 8   122.420   -25.734    16.771
 8     0.278    -0.472     0.836
 8    -0.510    -0.810    -0.288
 8     0.814    -0.346    -0.466
 9   129.943   -51.971    20.608
 9     0.478    -0.464     0.746
 9    -0.828     0.047     0.559
 9    -0.295    -0.884    -0.362
 2    97.001   -18.685    59.745
 2     0.505    -0.863     0.025
 2     0.859     0.505     0.078
 2    -0.081    -0.018     0.996
 3   138.327    -2.099     0.722
 3     0.442    -0.022    -0.896
 3     0.180     0.981     0.064
 3     0.878    -0.190     0.438
 4   117.850    13.411   -11.449
 4     0.379    -0.836     0.396
 4     0.914     0.405    -0.021
 4    -0.143     0.369     0.918
 5   124.514    20.426    14.591
 5     0.521     0.211     0.826
 5     0.243    -0.965     0.093
 5     0.818     0.152    -0.555
 6   141.731    39.357    21.523
 6     0.817     0.170     0.550
 6     0.555     0.021    -0.831
 6    -0.153     0.985    -0.077
 7   122.565   -21.765   -12.347
 7     0.435     0.881     0.182
 7    -0.893     0.398     0.207
 7     0.110    -0.253     0.961
 8   121.602   -25.792    16.306
 8     0.232    -0.565     0.792
 8    -0.568    -0.739    -0.361
 8     0.789    -0.366    -0.493
 9   127.049   -52.987    19.019
 9     0.411    -0.470     0.781
 9    -0.853     0.104     0.511
 9    -0.322    -0.876    -0.358
 2    97.000   -18.685    59.795
 2     0.504    -0.863     0.025
 2     0.859     0.505     0.078
 2    -0.081    -0.018     0.996
 3   138.555    -2.258     0.584
 3     0.446    -0.019    -0.895
 3     0.165     0.984     0.062
 3     0.879    -0.175     0.442
 4   117.960    13.461   -11.436
 4     0.369    -0.841     0.395
 4     0.917     0.398    -0.011
 4    -0.148     0.367     0.918
 5   124.507    20.317    14.793
 5     0.514     0.289     0.807
 5     0.284    -0.946     0.157
 5     0.809     0.148    -0.568
 6   139.719    41.327    21.999
 6     0.748     0.201     0.632
 6     0.645    -0.002    -0.764
 6    -0.152     0.979    -0.131
 7   121.808   -21.678   -12.626
 7     0.386     0.901     0.199
 7    -0.918     0.353     0.180
 7     0.092    -0.253     0.963
 8   120.884   -25.920    15.964
 8     0.203    -0.611     0.765
 8    -0.592    -0.699    -0.401
 8     0.780    -0.372    -0.504
 9   125.391   -53.634    18.681
 9     0.371    -0.478     0.796
 9    -0.871     0.118     0.477
 9    -0.321    -0.871    -0.372
 2    97.000   -18.685    59.795
 2     0.504    -0.863     0.025
 2     0.860     0.504     0.078
 2    -0.081    -0.018     0.996
 3   138.587    -2.652     0.303
 3     0.458    -0.009    -0.889
 3     0.155     0.985     0.069
 3     0.875    -0.170     0.453
 4   117.603    13.103   -11.463
 4     0.343    -0.849     0.401
 4     0.926     0.378     0.007
 4    -0.158     0.368     0.916
 5   124.329    20.217    14.798
 5     0.515     0.351     0.782
 5     0.323    -0.924     0.203
 5     0.794     0.148    -0.590
 6   138.600    42.534    21.783
 6     0.711     0.221     0.667
 6     0.685    -0.006    -0.728
 6    -0.157     0.975    -0.156
 7   121.438   -21.646   -12.761
 7     0.365     0.907     0.207
 7    -0.927     0.335     0.166
 7     0.081    -0.253     0.964
 8   120.498   -25.654    15.737
 8     0.179    -0.634     0.752
 8    -0.596    -0.679    -0.429
 8     0.782    -0.372    -0.500
 9   124.363   -53.850    18.938
 9     0.339    -0.495     0.800
 9    -0.892     0.101     0.441
 9    -0.299    -0.863    -0.407
 2    97.001   -18.686    59.795
 2     0.505    -0.863     0.025
 2     0.859     0.505     0.078
 2    -0.081    -0.018     0.996
 3   138.547    -2.638     0.046
 3     0.472    -0.011    -0.882
 3     0.158     0.984     0.072
 3     0.867    -0.173     0.466
 4   117.095    12.923   -11.390
 4     0.319    -0.855     0.409
 4     0.932     0.360     0.024
 4    -0.168     0.373     0.912
 5   123.883    20.318    14.656
 5     0.512     0.384     0.768
 5     0.347    -0.911     0.223
 5     0.785     0.152    -0.600
 6   137.786    43.197    21.457
 6     0.695     0.218     0.684
 6     0.700     0.005    -0.714
 6    -0.159     0.976    -0.149
 7   121.116   -21.615   -12.889
 7     0.346     0.911     0.221
 7    -0.936     0.318     0.152
 7     0.068    -0.260     0.963
 8   120.251   -25.771    15.502
 8     0.153    -0.660     0.736
 8    -0.606    -0.651    -0.457
 8     0.781    -0.375    -0.500
 9   123.611   -54.062    19.224
 9     0.314    -0.502     0.805
 9    -0.910     0.084     0.407
 9    -0.272    -0.860    -0.431
 2    97.003   -18.710    59.793
 2     0.505    -0.863     0.025
 2     0.859     0.505     0.078
 2    -0.080    -0.018     0.996
 3   138.459    -2.827    -0.313
 3     0.486    -0.014    -0.874
 3     0.162     0.984     0.074
 3     0.859    -0.178     0.480
 4   116.830    12.692   -11.478
 4     0.309    -0.859     0.409
 4     0.935     0.353     0.033
 4    -0.173     0.372     0.912
 5   123.908    20.217    14.594
 5     0.514     0.404     0.756
 5     0.357    -0.903     0.239
 5     0.780     0.147    -0.609
 6   137.076    43.667    21.410
 6     0.674     0.224     0.704
 6     0.722     0.001    -0.692
 6    -0.156     0.974    -0.161
 7   121.103   -21.622   -12.919
 7     0.341     0.913     0.224
 7    -0.938     0.314     0.145
 7     0.062    -0.260     0.963
 8   120.025   -25.740    15.461
 8     0.127    -0.669     0.732
 8    -0.609    -0.635    -0.474
 8     0.782    -0.386    -0.489
 9   122.879   -54.223    19.668
 9     0.296    -0.492     0.819
 9    -0.925     0.068     0.375
 9    -0.240    -0.868    -0.435
 2    97.003   -18.710    59.793
 2     0.505    -0.863     0.025
 2     0.859     0.505     0.078
 2    -0.080    -0.018     0.996
 3   138.587    -2.783    -0.415
 3     0.497    -0.032    -0.867
 3     0.174     0.982     0.063
 3     0.850    -0.182     0.494
 4   116.497    12.468   -11.350
 4     0.290    -0.866     0.407
 4     0.941     0.336     0.043
 4    -0.174     0.370     0.912
 5   123.610    20.323    14.550
 5     0.511     0.429     0.744
 5     0.370    -0.892     0.260
 5     0.776     0.142    -0.615
 6   136.647    43.934    21.686
 6     0.666     0.213     0.714
 6     0.731    -0.001    -0.682
 6    -0.145     0.977    -0.157
 7   121.090   -21.780   -12.896
 7     0.339     0.912     0.229
 7    -0.939     0.314     0.139
 7     0.055    -0.263     0.963
 8   119.810   -25.853    15.374
 8     0.107    -0.675     0.730
 8    -0.608    -0.625    -0.489
 8     0.786    -0.392    -0.477
 9   122.249   -54.407    20.150
 9     0.282    -0.480     0.831
 9    -0.937     0.047     0.345
 9    -0.205    -0.876    -0.436
 2    97.053   -18.710    59.793
 2     0.505    -0.863     0.025
 2     0.859     0.505     0.078
 2    -0.080    -0.018     0.996
 3   138.598    -2.842    -0.575
 3     0.507    -0.044    -0.861
 3     0.181     0.982     0.056
 3     0.842    -0.184     0.506
 4   116.468    12.342   -11.348
 4     0.284    -0.868     0.406
 4     0.943     0.330     0.046
 4    -0.175     0.370     0.912
 5   123.529    20.099    14.545
 5     0.510     0.444     0.736
 5     0.373    -0.886     0.275
 5     0.775     0.134    -0.618
 6   135.978    44.246    22.193
 6     0.645     0.215     0.733
 6     0.754    -0.025    -0.656
 6    -0.123     0.976    -0.178
 7   121.162   -21.873   -13.026
 7     0.327     0.914     0.239
 7    -0.944     0.305     0.125
 7     0.041    -0.267     0.963
 8   119.319   -25.848    15.041
 8     0.051    -0.698     0.714
 8    -0.620    -0.583    -0.525
 8     0.783    -0.416    -0.462
 9   120.626   -54.813    20.215
 9     0.250    -0.445     0.860
 9    -0.953     0.046     0.301
 9    -0.173    -0.894    -0.412
 2    97.003   -18.710    59.793
 2     0.505    -0.863     0.025
 2     0.859     0.505     0.078
 2    -0.080    -0.018     0.996
 3   138.672    -2.841    -0.549
 3     0.508    -0.049    -0.860
 3     0.183     0.981     0.052
 3     0.842    -0.185     0.507
 4   116.642    12.216   -11.291
 4     0.278    -0.873     0.400
 4     0.944     0.325     0.052
 4    -0.176     0.363     0.915
 5   123.539    20.056    14.582
 5     0.503     0.452     0.736
 5     0.377    -0.882     0.284
 5     0.778     0.135    -0.614
 6   135.778    44.388    22.461
 6     0.639     0.208     0.740
 6     0.761    -0.033    -0.648
 6    -0.110     0.977    -0.180
 7   121.275   -21.883   -13.054
 7     0.316     0.918     0.240
 7    -0.948     0.296     0.115
 7     0.035    -0.264     0.964
 8   118.988   -25.935    14.903
 8     0.011    -0.713     0.700
 8    -0.632    -0.548    -0.548
 8     0.775    -0.436    -0.457
 9   119.799   -55.002    19.877
 9     0.233    -0.424     0.875
 9    -0.958     0.056     0.282
 9    -0.169    -0.904    -0.393
 2    97.003   -18.710    59.793
 2     0.505    -0.863     0.025
 2     0.859     0.505     0.078
 2    -0.080    -0.018     0.996
 3   138.833    -2.919    -0.532
 3     0.510    -0.051    -0.859
 3     0.187     0.981     0.052
 3     0.839    -0.188     0.510
 4   116.808    12.036   -11.355
 4     0.275    -0.875     0.398
 4     0.944     0.323     0.058
 4    -0.180     0.360     0.915
 5   123.609    20.058    14.538
 5     0.499     0.457     0.736
 5     0.383    -0.878     0.285
 5     0.777     0.139    -0.614
 6   135.710    44.444    22.500
 6     0.635     0.205     0.745
 6     0.765    -0.035    -0.643
 6    -0.106     0.978    -0.179
 7   121.397   -21.941   -13.118
 7     0.303     0.921     0.242
 7    -0.952     0.284     0.111
 7     0.033    -0.264     0.964
 8   119.175   -25.885    15.025
 8     0.003    -0.725     0.688
 8    -0.629    -0.536    -0.563
 8     0.777    -0.431    -0.458
 9   119.626   -54.219    20.731
 9     0.220    -0.432     0.874
 9    -0.966     0.030     0.258
 9    -0.138    -0.901    -0.411
 2    97.003   -18.710    59.793
 2     0.505    -0.863     0.025
 2     0.859     0.505     0.078
 2    -0.080    -0.018     0.996
 3   139.008    -2.916    -0.480
 3     0.509    -0.053    -0.859
 3     0.191     0.980     0.052
 3     0.839    -0.191     0.509
 4   116.934    11.908   -11.401
 4     0.278    -0.875     0.395
 4     0.943     0.326     0.059
 4    -0.181     0.356     0.916
 5   123.663    20.060    14.485
 5     0.496     0.457     0.737
 5     0.384    -0.878     0.286
 5     0.778     0.141    -0.612
 6   135.722    44.374    22.666
 6     0.633     0.199     0.748
 6     0.767    -0.036    -0.640
 6    -0.101     0.979    -0.176
 7   121.500   -21.942   -13.118
 7     0.297     0.923     0.243
 7    -0.954     0.278     0.110
 7     0.034    -0.264     0.964
 8   118.971   -25.712    14.893
 8    -0.009    -0.725     0.688
 8    -0.621    -0.535    -0.572
 8     0.784    -0.432    -0.446
 9   119.008   -54.766    21.018
 9     0.194    -0.431     0.881
 9    -0.974     0.018     0.224
 9    -0.112    -0.902    -0.417
 2    97.003   -18.710    59.793
 2     0.505    -0.863     0.025
 2     0.859     0.505     0.078
 2    -0.080    -0.018     0.996
 3   139.112    -3.016    -0.384
 3     0.508    -0.055    -0.860
 3     0.192     0.980     0.051
 3     0.840    -0.191     0.508
 4   117.166    11.808   -11.456
 4     0.279    -0.877     0.390
 4     0.943     0.326     0.058
 4    -0.179     0.352     0.919
 5   123.643    19.894    14.455
 5     0.488     0.457     0.743
 5     0.381    -0.878     0.289
 5     0.785     0.142    -0.604
 6   135.396    44.391    23.035
 6     0.622     0.193     0.758
 6     0.778    -0.044    -0.627
 6    -0.088     0.980    -0.177
 7   121.527   -21.997   -13.114
 7     0.287     0.927     0.243
 7    -0.957     0.268     0.107
 7     0.034    -0.264     0.964
 8   118.903   -25.730    14.932
 8    -0.030    -0.737     0.675
 8    -0.626    -0.512    -0.587
 8     0.779    -0.441    -0.446
 9   118.207   -55.022    21.165
 9     0.171    -0.422     0.890
 9    -0.980     0.018     0.197
 9    -0.099    -0.906    -0.410
 2    97.003   -18.685    59.742
 2     0.505    -0.863     0.025
 2     0.859     0.505     0.078
 2    -0.080    -0.018     0.996
 3   139.216    -3.014    -0.313
 3     0.506    -0.054    -0.861
 3     0.192     0.980     0.051
 3     0.841    -0.191     0.506
 4   117.378    11.862   -11.413
 4     0.281    -0.879     0.385
 4     0.943     0.327     0.056
 4    -0.175     0.347     0.921
 5   123.656    19.896    14.596
 5     0.485     0.452     0.748
 5     0.377    -0.880     0.287
 5     0.788     0.143    -0.598
 6   135.304    44.473    23.224
 6     0.618     0.191     0.762
 6     0.781    -0.047    -0.622
 6    -0.083     0.980    -0.178
 7   121.403   -21.953   -13.079
 7     0.275     0.929     0.247
 7    -0.961     0.257     0.104
 7     0.033    -0.266     0.963
 8   118.635   -25.696    14.980
 8    -0.049    -0.751     0.658
 8    -0.633    -0.486    -0.602
 8     0.772    -0.446    -0.452
 9   117.278   -55.040    20.891
 9     0.137    -0.422     0.896
 9    -0.985     0.037     0.168
 9    -0.104    -0.906    -0.410
 2    97.001   -18.685    59.744
 2     0.504    -0.863     0.025
 2     0.859     0.505     0.078
 2    -0.081    -0.018     0.996
 3   139.243    -3.142    -0.210
 3     0.506    -0.050    -0.861
 3     0.189     0.980     0.054
 3     0.841    -0.190     0.505
 4   117.486    11.814   -11.370
 4     0.283    -0.879     0.383
 4     0.943     0.327     0.053
 4    -0.172     0.346     0.922
 5   123.807    19.870    14.545
 5     0.487     0.449     0.749
 5     0.375    -0.882     0.284
 5     0.788     0.142    -0.599
 6   135.353    44.399    23.221
 6     0.616     0.192     0.764
 6     0.783    -0.048    -0.620
 6    -0.083     0.980    -0.181
 7   121.149   -21.913   -13.082
 7     0.256     0.932     0.254
 7    -0.966     0.239     0.096
 7     0.029    -0.270     0.962
 8   118.468   -25.575    14.957
 8    -0.061    -0.762     0.644
 8    -0.632    -0.470    -0.616
 8     0.773    -0.444    -0.453
 9   116.481   -54.998    20.801
 9     0.118    -0.424     0.898
 9    -0.987     0.045     0.151
 9    -0.105    -0.905    -0.413
 2    97.003   -18.684    59.741
 2     0.504    -0.863     0.026
 2     0.859     0.504     0.078
 2    -0.080    -0.017     0.996
 3   139.395    -3.272    -0.133
 3     0.508    -0.044    -0.860
 3     0.184     0.981     0.059
 3     0.841    -0.189     0.506
 4   117.568    11.817   -11.378
 4     0.283    -0.880     0.382
 4     0.944     0.325     0.050
 4    -0.169     0.346     0.923
 5   123.837    19.820    14.592
 5     0.487     0.448     0.749
 5     0.374    -0.883     0.284
 5     0.789     0.142    -0.598
 6   135.409    44.352    23.441
 6     0.614     0.192     0.765
 6     0.785    -0.051    -0.617
 6    -0.080     0.980    -0.182
 7   121.096   -21.867   -13.048
 7     0.250     0.934     0.255
 7    -0.968     0.234     0.093
 7     0.027    -0.270     0.962
 8   118.419   -25.524    14.983
 8    -0.061    -0.764     0.642
 8    -0.631    -0.468    -0.618
 8     0.773    -0.443    -0.454
 9   116.496   -54.918    20.945
 9     0.113    -0.431     0.895
 9    -0.988     0.042     0.145
 9    -0.101    -0.901    -0.422
 2    97.000   -18.685    59.795
 2     0.504    -0.863     0.025
 2     0.860     0.504     0.078
 2    -0.081    -0.018     0.996
 3   139.394    -3.374    -0.134
 3     0.509    -0.042    -0.860
 3     0.183     0.981     0.060
 3     0.841    -0.188     0.507
 4   117.574    11.820   -11.361
 4     0.283    -0.880     0.381
 4     0.945     0.324     0.047
 4    -0.166     0.347     0.923
 5   123.816    19.821    14.663
 5     0.487     0.448     0.750
 5     0.373    -0.883     0.285
 5     0.790     0.141    -0.597
 6   135.362    44.304    23.484
 6     0.613     0.194     0.766
 6     0.786    -0.054    -0.616
 6    -0.078     0.979    -0.186
 7   121.044   -21.868   -13.044
 7     0.251     0.933     0.256
 7    -0.968     0.235     0.093
 7     0.026    -0.272     0.962
 8   118.553   -25.616    14.967
 8    -0.052    -0.762     0.645
 8    -0.630    -0.476    -0.614
 8     0.775    -0.438    -0.456
 9   116.736   -54.910    21.122
 9     0.117    -0.431     0.894
 9    -0.989     0.034     0.145
 9    -0.093    -0.901    -0.422
 2    97.002   -18.684    59.792
 2     0.504    -0.863     0.025
 2     0.860     0.504     0.078
 2    -0.080    -0.018     0.996
 3   139.345    -3.323    -0.083
 3     0.509    -0.043    -0.860
 3     0.183     0.981     0.060
 3     0.841    -0.188     0.507
 4   117.580    11.823   -11.319
 4     0.281    -0.881     0.381
 4     0.946     0.321     0.046
 4    -0.163     0.347     0.923
 5   123.720    19.722    14.706
 5     0.486     0.449     0.750
 5     0.371    -0.883     0.288
 5     0.791     0.138    -0.596
 6   135.195    44.490    23.820
 6     0.606     0.194     0.771
 6     0.792    -0.059    -0.608
 6    -0.072     0.979    -0.190
 7   121.042   -21.841   -12.992
 7     0.255     0.932     0.257
 7    -0.967     0.239     0.093
 7     0.025    -0.272     0.962
 8   118.608   -25.509    15.003
 8    -0.045    -0.758     0.650
 8    -0.628    -0.485    -0.609
 8     0.777    -0.436    -0.454
 9   116.917   -54.729    21.166
 9     0.119    -0.434     0.893
 9    -0.989     0.031     0.147
 9    -0.091    -0.901    -0.425
 2    97.003   -18.710    59.793
 2     0.505    -0.863     0.025
 2     0.859     0.505     0.078
 2    -0.080    -0.018     0.996
 3   139.395    -3.323    -0.082
 3     0.509    -0.042    -0.860
 3     0.182     0.981     0.060
 3     0.841    -0.188     0.507
 4   117.585    11.877   -11.328
 4     0.279    -0.881     0.381
 4     0.946     0.319     0.044
 4    -0.160     0.348     0.923
 5   123.679    19.724    14.695
 5     0.486     0.447     0.750
 5     0.367    -0.884     0.289
 5     0.793     0.135    -0.594
 6   135.026    44.369    23.932
 6     0.603     0.198     0.772
 6     0.794    -0.067    -0.603
 6    -0.068     0.978    -0.197
 7   121.034   -21.740   -12.982
 7     0.261     0.929     0.260
 7    -0.965     0.245     0.092
 7     0.021    -0.275     0.961
 8   118.551   -25.457    15.004
 8    -0.039    -0.750     0.660
