% Calibrated with leiden_pols
% Positions are in centimeters
Data =[
 2    97.053   -18.710    59.793
 2     0.505    -0.863     0.025
 2     0.859     0.505     0.078
 2    -0.080    -0.018     0.996
 3   136.453    -1.980     0.516
 3     0.496     0.101    -0.862
 3     0.160     0.965     0.205
 3     0.853    -0.240     0.463
 4   115.779    12.700   -12.273
 4     0.526    -0.736     0.426
 4     0.827     0.560    -0.054
 4    -0.199     0.381     0.903
 5   131.318    21.941    11.494
 5     0.671    -0.660     0.338
 5    -0.080    -0.518    -0.852
 5     0.737     0.544    -0.400
 6   143.172    -4.661    13.788
 6     0.094     0.634    -0.768
 6    -0.988    -0.033    -0.148
 6    -0.119     0.772     0.623
 7   123.151   -22.424   -11.381
 7     0.750     0.634     0.187
 7    -0.656     0.675     0.338
 7     0.088    -0.376     0.922
 8   133.677   -28.096    16.110
 8     0.604     0.752     0.264
 8     0.141    -0.427     0.893
 8     0.785    -0.502    -0.364
 9   146.261    -4.675    25.515
 9     0.221    -0.140    -0.965
 9     0.971     0.122     0.204
 9     0.089    -0.982     0.163
 2    97.053   -18.710    59.793
 2     0.505    -0.863     0.025
 2     0.859     0.505     0.078
 2    -0.080    -0.018     0.996
 3   136.553    -1.929     0.517
 3     0.496     0.102    -0.862
 3     0.160     0.965     0.207
 3     0.853    -0.241     0.463
 4   115.881    12.700   -12.272
 4     0.527    -0.736     0.425
 4     0.826     0.560    -0.053
 4    -0.199     0.379     0.903
 5   131.372    21.891    11.489
 5     0.670    -0.661     0.339
 5    -0.080    -0.518    -0.852
 5     0.738     0.543    -0.400
 6   143.172    -4.661    13.788
 6     0.093     0.634    -0.768
 6    -0.988    -0.033    -0.147
 6    -0.119     0.773     0.623
 7   123.206   -22.473   -11.335
 7     0.749     0.635     0.186
 7    -0.656     0.674     0.339
 7     0.090    -0.377     0.922
 8   133.682   -28.044    16.156
 8     0.602     0.752     0.268
 8     0.141    -0.431     0.891
 8     0.786    -0.499    -0.365
 9   146.235    -4.651    25.569
 9     0.222    -0.139    -0.965
 9     0.971     0.121     0.206
 9     0.088    -0.983     0.162
 2    97.053   -18.710    59.793
 2     0.505    -0.863     0.025
 2     0.859     0.505     0.078
 2    -0.080    -0.018     0.996
 3   136.604    -1.979     0.518
 3     0.495     0.104    -0.862
 3     0.161     0.964     0.209
 3     0.853    -0.243     0.461
 4   115.958    12.649   -12.269
 4     0.528    -0.737     0.421
 4     0.826     0.561    -0.052
 4    -0.199     0.375     0.905
 5   131.383    21.946    11.527
 5     0.667    -0.663     0.341
 5    -0.079    -0.518    -0.852
 5     0.741     0.541    -0.398
 6   143.176    -4.660    13.781
 6     0.093     0.632    -0.769
 6    -0.989    -0.032    -0.146
 6    -0.117     0.774     0.622
 7   123.242   -22.545   -11.248
 7     0.748     0.638     0.183
 7    -0.657     0.672     0.342
 7     0.095    -0.376     0.922
 8   133.563   -28.093    16.253
 8     0.600     0.752     0.273
 8     0.141    -0.435     0.889
 8     0.787    -0.495    -0.367
 9   146.235    -4.678    25.699
 9     0.226    -0.137    -0.964
 9     0.970     0.120     0.210
 9     0.087    -0.983     0.160
 2    97.003   -18.710    59.793
 2     0.505    -0.863     0.025
 2     0.859     0.505     0.078
 2    -0.080    -0.018     0.996
 3   136.610    -2.027     0.589
 3     0.494     0.106    -0.863
 3     0.162     0.964     0.212
 3     0.854    -0.245     0.459
 4   116.062    12.599   -12.271
 4     0.529    -0.738     0.419
 4     0.825     0.562    -0.051
 4    -0.198     0.373     0.906
 5   131.462    21.948    11.548
 5     0.665    -0.664     0.342
 5    -0.079    -0.518    -0.852
 5     0.742     0.539    -0.397
 6   143.180    -4.657    13.948
 6     0.094     0.628    -0.773
 6    -0.989    -0.030    -0.144
 6    -0.114     0.778     0.618
 7   123.252   -22.543   -11.132
 7     0.746     0.640     0.181
 7    -0.658     0.670     0.344
 7     0.099    -0.377     0.921
 8   133.249   -28.007    16.574
 8     0.592     0.751     0.292
 8     0.140    -0.453     0.880
 8     0.794    -0.480    -0.374
 9   146.171    -4.788    25.903
 9     0.240    -0.139    -0.961
 9     0.967     0.114     0.225
 9     0.078    -0.984     0.161
 2    97.003   -18.710    59.792
 2     0.504    -0.863     0.025
 2     0.859     0.505     0.078
 2    -0.080    -0.018     0.996
 3   136.611    -2.027     0.641
 3     0.493     0.107    -0.863
 3     0.162     0.963     0.213
 3     0.854    -0.246     0.458
 4   116.065    12.600   -12.222
 4     0.529    -0.739     0.417
 4     0.826     0.562    -0.051
 4    -0.197     0.371     0.907
 5   131.419    21.950    11.540
 5     0.663    -0.666     0.342
 5    -0.080    -0.517    -0.852
 5     0.744     0.537    -0.396
 6   143.184    -4.756    14.064
 6     0.093     0.622    -0.777
 6    -0.989    -0.029    -0.142
 6    -0.111     0.782     0.612
 7   123.362   -22.540   -11.092
 7     0.744     0.643     0.180
 7    -0.660     0.666     0.347
 7     0.103    -0.377     0.920
 8   132.792   -27.819    16.768
 8     0.583     0.744     0.324
 8     0.136    -0.483     0.865
 8     0.801    -0.460    -0.383
 9   146.211    -4.977    26.026
 9     0.264    -0.146    -0.953
 9     0.962     0.111     0.249
 9     0.070    -0.983     0.170
 2    97.003   -18.710    59.793
 2     0.505    -0.863     0.025
 2     0.859     0.505     0.078
 2    -0.080    -0.018     0.996
 3   136.636    -2.027     0.641
 3     0.493     0.108    -0.863
 3     0.163     0.963     0.214
 3     0.854    -0.246     0.457
 4   116.148    12.654   -12.208
 4     0.529    -0.740     0.416
 4     0.826     0.560    -0.055
 4    -0.193     0.372     0.908
 5   131.192    21.906    11.778
 5     0.654    -0.670     0.351
 5    -0.088    -0.529    -0.844
 5     0.751     0.521    -0.405
 6   143.335    -4.707    14.131
 6     0.107     0.618    -0.779
 6    -0.987    -0.029    -0.158
 6    -0.120     0.785     0.607
 7   123.318   -22.593   -11.069
 7     0.738     0.649     0.182
 7    -0.666     0.660     0.347
 7     0.105    -0.377     0.920
 8   131.734   -27.527    16.977
 8     0.573     0.723     0.385
 8     0.126    -0.542     0.831
 8     0.810    -0.427    -0.402
 9   146.671    -5.814    25.669
 9     0.330    -0.159    -0.930
 9     0.942     0.110     0.315
 9     0.052    -0.981     0.186
 2    97.003   -18.685    59.793
 2     0.505    -0.863     0.025
 2     0.859     0.505     0.078
 2    -0.080    -0.018     0.996
 3   136.645    -2.074     0.705
 3     0.491     0.106    -0.865
 3     0.163     0.964     0.211
 3     0.856    -0.245     0.455
 4   116.267    12.714   -12.083
 4     0.529    -0.740     0.415
 4     0.828     0.557    -0.063
 4    -0.184     0.377     0.907
 5   130.509    21.743    12.048
 5     0.654    -0.646     0.394
 5    -0.078    -0.575    -0.814
 5     0.752     0.502    -0.427
 6   144.322    -3.569    13.867
 6     0.192     0.613    -0.766
 6    -0.971     0.006    -0.239
 6    -0.142     0.790     0.597
 7   123.424   -22.545   -11.253
 7     0.729     0.660     0.180
 7    -0.675     0.653     0.342
 7     0.108    -0.372     0.922
 8   130.512   -27.063    17.148
 8     0.563     0.661     0.496
 8     0.086    -0.644     0.760
 8     0.822    -0.385    -0.419
 9   148.077    -8.053    25.908
 9     0.477    -0.106    -0.873
 9     0.878     0.099     0.467
 9     0.037    -0.989     0.141
 2    97.003   -18.710    59.793
 2     0.505    -0.863     0.025
 2     0.859     0.505     0.078
 2    -0.080    -0.018     0.996
 3   136.647    -1.971     0.748
 3     0.489     0.101    -0.866
 3     0.164     0.965     0.204
 3     0.857    -0.242     0.455
 4   116.218    12.743   -12.014
 4     0.524    -0.743     0.416
 4     0.832     0.551    -0.065
 4    -0.182     0.380     0.907
 5   130.254    21.934    12.255
 5     0.655    -0.627     0.423
 5    -0.066    -0.604    -0.794
 5     0.753     0.492    -0.437
