% Calibrated with leiden_pols
% Positions are in centimeters
Data =[
 2   139.681    -1.723     8.713
 2     0.126     0.021    -0.992
 2    -0.252     0.968    -0.011
 2     0.959     0.251     0.127
 3   136.786    -2.919     3.283
 3     0.384     0.064    -0.921
 3     0.151     0.980     0.131
 3     0.911    -0.189     0.367
 4     0.000     0.000     0.000
 4     1.000     0.000     0.000
 4     0.000     1.000     0.000
 4     0.000     0.000     1.000
 5     0.000     0.000     0.000
 5     1.000     0.000     0.000
 5     0.000     1.000     0.000
 5     0.000     0.000     1.000
 6     0.000     0.000     0.000
 6     1.000     0.000     0.000
 6     0.000     1.000     0.000
 6     0.000     0.000     1.000
 7     0.000     0.000     0.000
 7     1.000     0.000     0.000
 7     0.000     1.000     0.000
 7     0.000     0.000     1.000
 8     0.000     0.000     0.000
 8     1.000     0.000     0.000
 8     0.000     1.000     0.000
 8     0.000     0.000     1.000
 9     0.000     0.000     0.000
 9     1.000     0.000     0.000
 9     0.000     1.000     0.000
 9     0.000     0.000     1.000
 2     0.000     0.000     0.000
 2     1.000     0.000     0.000
 2     0.000     1.000     0.000
 2     0.000     0.000     1.000
 3     0.000     0.000     0.000
 3     1.000     0.000     0.000
 3     0.000     1.000     0.000
 3     0.000     0.000     1.000
 4   119.729    13.628   -10.570
 4     0.520    -0.816     0.253
 4     0.852     0.513    -0.097
 4    -0.051     0.266     0.962
 5   126.351    23.207    15.694
 5     0.468    -0.290     0.835
 5     0.266    -0.855    -0.446
 5     0.843     0.430    -0.323
 6     0.000     0.000     0.000
 6     1.000     0.000     0.000
 6     0.000     1.000     0.000
 6     0.000     0.000     1.000
 7     0.000     0.000     0.000
 7     1.000     0.000     0.000
 7     0.000     1.000     0.000
 7     0.000     0.000     1.000
 8     0.000     0.000     0.000
 8     1.000     0.000     0.000
 8     0.000     1.000     0.000
 8     0.000     0.000     1.000
 9     0.000     0.000     0.000
 9     1.000     0.000     0.000
 9     0.000     1.000     0.000
 9     0.000     0.000     1.000
 2     0.000     0.000     0.000
 2     1.000     0.000     0.000
 2     0.000     1.000     0.000
 2     0.000     0.000     1.000
 3     0.000     0.000     0.000
 3     1.000     0.000     0.000
 3     0.000     1.000     0.000
 3     0.000     0.000     1.000
 4     0.000     0.000     0.000
 4     1.000     0.000     0.000
 4     0.000     1.000     0.000
 4     0.000     0.000     1.000
 5     0.000     0.000     0.000
 5     1.000     0.000     0.000
 5     0.000     1.000     0.000
 5     0.000     0.000     1.000
 6   151.543    21.698    29.573
 6     0.865    -0.021    -0.501
 6    -0.204     0.898    -0.390
 6     0.458     0.439     0.772
 7   119.930   -21.776   -11.818
 7     0.569     0.812     0.125
 7    -0.821     0.555     0.134
 7     0.040    -0.179     0.983
 8     0.000     0.000     0.000
 8     1.000     0.000     0.000
 8     0.000     1.000     0.000
 8     0.000     0.000     1.000
 9     0.000     0.000     0.000
 9     1.000     0.000     0.000
 9     0.000     1.000     0.000
 9     0.000     0.000     1.000
 2     0.000     0.000     0.000
 2     1.000     0.000     0.000
 2     0.000     1.000     0.000
 2     0.000     0.000     1.000
 3     0.000     0.000     0.000
 3     1.000     0.000     0.000
 3     0.000     1.000     0.000
 3     0.000     0.000     1.000
 4     0.000     0.000     0.000
 4     1.000     0.000     0.000
 4     0.000     1.000     0.000
 4     0.000     0.000     1.000
 5     0.000     0.000     0.000
 5     1.000     0.000     0.000
 5     0.000     1.000     0.000
 5     0.000     0.000     1.000
 6     0.000     0.000     0.000
 6     1.000     0.000     0.000
 6     0.000     1.000     0.000
 6     0.000     0.000     1.000
 7     0.000     0.000     0.000
 7     1.000     0.000     0.000
 7     0.000     1.000     0.000
 7     0.000     0.000     1.000
 8   129.276   -29.319    14.561
 8     0.672     0.443     0.593
 8    -0.198    -0.664     0.721
 8     0.713    -0.602    -0.358
 9   153.081   -25.349    28.967
 9     0.738     0.095    -0.668
 9     0.219     0.902     0.371
 9     0.638    -0.420     0.645
 2   139.352    -2.752     8.616
 2    -0.004     0.176    -0.984
 2    -0.304     0.938     0.169
 2     0.953     0.299     0.050
 3   136.737    -2.924     3.435
 3     0.385     0.067    -0.920
 3     0.145     0.980     0.133
 3     0.911    -0.185     0.368
 4     0.000     0.000     0.000
 4     1.000     0.000     0.000
 4     0.000     1.000     0.000
 4     0.000     0.000     1.000
 5     0.000     0.000     0.000
 5     1.000     0.000     0.000
 5     0.000     1.000     0.000
 5     0.000     0.000     1.000
 6     0.000     0.000     0.000
 6     1.000     0.000     0.000
 6     0.000     1.000     0.000
 6     0.000     0.000     1.000
 7     0.000     0.000     0.000
 7     1.000     0.000     0.000
 7     0.000     1.000     0.000
 7     0.000     0.000     1.000
 8     0.000     0.000     0.000
 8     1.000     0.000     0.000
 8     0.000     1.000     0.000
 8     0.000     0.000     1.000
 9     0.000     0.000     0.000
 9     1.000     0.000     0.000
 9     0.000     1.000     0.000
 9     0.000     0.000     1.000
 2     0.000     0.000     0.000
 2     1.000     0.000     0.000
 2     0.000     1.000     0.000
 2     0.000     0.000     1.000
 3     0.000     0.000     0.000
 3     1.000     0.000     0.000
 3     0.000     1.000     0.000
 3     0.000     0.000     1.000
 4   119.638    13.785   -10.591
 4     0.523    -0.812     0.259
 4     0.851     0.514    -0.109
 4    -0.045     0.277     0.959
 5   126.306    23.158    15.736
 5     0.467    -0.287     0.836
 5     0.264    -0.858    -0.442
 5     0.844     0.427    -0.325
 6     0.000     0.000     0.000
 6     1.000     0.000     0.000
 6     0.000     1.000     0.000
 6     0.000     0.000     1.000
 7     0.000     0.000     0.000
 7     1.000     0.000     0.000
 7     0.000     1.000     0.000
 7     0.000     0.000     1.000
 8     0.000     0.000     0.000
 8     1.000     0.000     0.000
 8     0.000     1.000     0.000
 8     0.000     0.000     1.000
 9     0.000     0.000     0.000
 9     1.000     0.000     0.000
 9     0.000     1.000     0.000
 9     0.000     0.000     1.000
 2     0.000     0.000     0.000
 2     1.000     0.000     0.000
 2     0.000     1.000     0.000
 2     0.000     0.000     1.000
 3     0.000     0.000     0.000
 3     1.000     0.000     0.000
 3     0.000     1.000     0.000
 3     0.000     0.000     1.000
 4     0.000     0.000     0.000
 4     1.000     0.000     0.000
 4     0.000     1.000     0.000
 4     0.000     0.000     1.000
 5     0.000     0.000     0.000
 5     1.000     0.000     0.000
 5     0.000     1.000     0.000
 5     0.000     0.000     1.000
 6   151.465    21.647    29.524
 6     0.867    -0.024    -0.498
 6    -0.201     0.898    -0.392
 6     0.457     0.439     0.773
 7   119.987   -21.650   -12.086
 7     0.578     0.807     0.124
 7    -0.815     0.564     0.128
 7     0.034    -0.175     0.984
 8     0.000     0.000     0.000
 8     1.000     0.000     0.000
 8     0.000     1.000     0.000
 8     0.000     0.000     1.000
 9     0.000     0.000     0.000
 9     1.000     0.000     0.000
 9     0.000     1.000     0.000
 9     0.000     0.000     1.000
 2     0.000     0.000     0.000
 2     1.000     0.000     0.000
 2     0.000     1.000     0.000
 2     0.000     0.000     1.000
 3     0.000     0.000     0.000
 3     1.000     0.000     0.000
 3     0.000     1.000     0.000
 3     0.000     0.000     1.000
 4     0.000     0.000     0.000
 4     1.000     0.000     0.000
 4     0.000     1.000     0.000
 4     0.000     0.000     1.000
 5     0.000     0.000     0.000
 5     1.000     0.000     0.000
 5     0.000     1.000     0.000
 5     0.000     0.000     1.000
 6     0.000     0.000     0.000
 6     1.000     0.000     0.000
 6     0.000     1.000     0.000
 6     0.000     0.000     1.000
 7     0.000     0.000     0.000
 7     1.000     0.000     0.000
 7     0.000     1.000     0.000
 7     0.000     0.000     1.000
 8   129.480   -29.425    14.272
 8     0.677     0.451     0.581
 8    -0.197    -0.650     0.734
 8     0.709    -0.612    -0.351
 9   153.172   -24.395    28.770
 9     0.719    -0.025    -0.694
 9     0.224     0.954     0.198
 9     0.657    -0.298     0.692
 2   139.565    -2.460     8.940
 2     0.073     0.193    -0.978
 2    -0.284     0.944     0.165
 2     0.956     0.265     0.124
 3   136.742    -2.870     3.427
 3     0.383     0.062    -0.922
 3     0.146     0.981     0.127
 3     0.912    -0.184     0.366
 4     0.000     0.000     0.000
 4     1.000     0.000     0.000
 4     0.000     1.000     0.000
 4     0.000     0.000     1.000
 5     0.000     0.000     0.000
 5     1.000     0.000     0.000
 5     0.000     1.000     0.000
 5     0.000     0.000     1.000
 6     0.000     0.000     0.000
 6     1.000     0.000     0.000
 6     0.000     1.000     0.000
 6     0.000     0.000     1.000
 7     0.000     0.000     0.000
 7     1.000     0.000     0.000
 7     0.000     1.000     0.000
 7     0.000     0.000     1.000
 8     0.000     0.000     0.000
 8     1.000     0.000     0.000
 8     0.000     1.000     0.000
 8     0.000     0.000     1.000
 9     0.000     0.000     0.000
 9     1.000     0.000     0.000
 9     0.000     1.000     0.000
 9     0.000     0.000     1.000
 2     0.000     0.000     0.000
 2     1.000     0.000     0.000
 2     0.000     1.000     0.000
 2     0.000     0.000     1.000
 3     0.000     0.000     0.000
 3     1.000     0.000     0.000
 3     0.000     1.000     0.000
 3     0.000     0.000     1.000
 4   119.508    13.785   -10.515
 4     0.520    -0.812     0.266
 4     0.853     0.510    -0.110
 4    -0.046     0.284     0.958
 5   126.256    23.031    15.783
 5     0.469    -0.284     0.836
 5     0.261    -0.860    -0.439
 5     0.844     0.424    -0.329
 6     0.000     0.000     0.000
 6     1.000     0.000     0.000
 6     0.000     1.000     0.000
 6     0.000     0.000     1.000
 7     0.000     0.000     0.000
 7     1.000     0.000     0.000
 7     0.000     1.000     0.000
 7     0.000     0.000     1.000
 8     0.000     0.000     0.000
 8     1.000     0.000     0.000
 8     0.000     1.000     0.000
 8     0.000     0.000     1.000
 9     0.000     0.000     0.000
 9     1.000     0.000     0.000
 9     0.000     1.000     0.000
 9     0.000     0.000     1.000
 2     0.000     0.000     0.000
 2     1.000     0.000     0.000
 2     0.000     1.000     0.000
 2     0.000     0.000     1.000
 3     0.000     0.000     0.000
 3     1.000     0.000     0.000
 3     0.000     1.000     0.000
 3     0.000     0.000     1.000
 4     0.000     0.000     0.000
 4     1.000     0.000     0.000
 4     0.000     1.000     0.000
 4     0.000     0.000     1.000
 5     0.000     0.000     0.000
 5     1.000     0.000     0.000
 5     0.000     1.000     0.000
 5     0.000     0.000     1.000
 6   151.481    21.698    29.584
 6     0.869    -0.027    -0.494
 6    -0.196     0.898    -0.394
 6     0.454     0.439     0.775
 7   119.901   -21.554   -12.016
 7     0.578     0.806     0.128
 7    -0.815     0.565     0.125
 7     0.028    -0.177     0.984
 8     0.000     0.000     0.000
 8     1.000     0.000     0.000
 8     0.000     1.000     0.000
 8     0.000     0.000     1.000
 9     0.000     0.000     0.000
 9     1.000     0.000     0.000
 9     0.000     1.000     0.000
 9     0.000     0.000     1.000
 2     0.000     0.000     0.000
 2     1.000     0.000     0.000
 2     0.000     1.000     0.000
 2     0.000     0.000     1.000
 3     0.000     0.000     0.000
 3     1.000     0.000     0.000
 3     0.000     1.000     0.000
 3     0.000     0.000     1.000
 4     0.000     0.000     0.000
 4     1.000     0.000     0.000
 4     0.000     1.000     0.000
 4     0.000     0.000     1.000
 5     0.000     0.000     0.000
 5     1.000     0.000     0.000
 5     0.000     1.000     0.000
 5     0.000     0.000     1.000
 6     0.000     0.000     0.000
 6     1.000     0.000     0.000
 6     0.000     1.000     0.000
 6     0.000     0.000     1.000
 7     0.000     0.000     0.000
 7     1.000     0.000     0.000
 7     0.000     1.000     0.000
 7     0.000     0.000     1.000
 8   129.536   -29.245    14.314
 8     0.676     0.456     0.578
 8    -0.193    -0.648     0.737
 8     0.711    -0.610    -0.350
 9   153.073   -24.579    28.654
 9     0.725     0.009    -0.688
 9     0.222     0.943     0.246
 9     0.651    -0.332     0.682
 2   139.480    -1.137     9.171
 2     0.129    -0.143    -0.981
 2    -0.326     0.928    -0.179
 2     0.936     0.343     0.072
 3   136.927    -2.865     3.412
 3     0.378     0.060    -0.924
 3     0.147     0.981     0.124
 3     0.914    -0.183     0.362
 4     0.000     0.000     0.000
 4     1.000     0.000     0.000
 4     0.000     1.000     0.000
 4     0.000     0.000     1.000
 5     0.000     0.000     0.000
 5     1.000     0.000     0.000
 5     0.000     1.000     0.000
 5     0.000     0.000     1.000
 6     0.000     0.000     0.000
 6     1.000     0.000     0.000
 6     0.000     1.000     0.000
 6     0.000     0.000     1.000
 7     0.000     0.000     0.000
 7     1.000     0.000     0.000
 7     0.000     1.000     0.000
 7     0.000     0.000     1.000
 8     0.000     0.000     0.000
 8     1.000     0.000     0.000
 8     0.000     1.000     0.000
 8     0.000     0.000     1.000
 9     0.000     0.000     0.000
 9     1.000     0.000     0.000
 9     0.000     1.000     0.000
 9     0.000     0.000     1.000
 2     0.000     0.000     0.000
 2     1.000     0.000     0.000
 2     0.000     1.000     0.000
 2     0.000     0.000     1.000
 3     0.000     0.000     0.000
 3     1.000     0.000     0.000
 3     0.000     1.000     0.000
 3     0.000     0.000     1.000
 4   119.624    13.732   -10.509
 4     0.519    -0.811     0.272
 4     0.853     0.509    -0.111
 4    -0.049     0.289     0.956
 5   126.305    22.931    15.780
 5     0.467    -0.281     0.838
 5     0.261    -0.862    -0.434
 5     0.844     0.422    -0.330
 6     0.000     0.000     0.000
 6     1.000     0.000     0.000
 6     0.000     1.000     0.000
 6     0.000     0.000     1.000
 7     0.000     0.000     0.000
 7     1.000     0.000     0.000
 7     0.000     1.000     0.000
 7     0.000     0.000     1.000
 8     0.000     0.000     0.000
 8     1.000     0.000     0.000
 8     0.000     1.000     0.000
 8     0.000     0.000     1.000
 9     0.000     0.000     0.000
 9     1.000     0.000     0.000
 9     0.000     1.000     0.000
 9     0.000     0.000     1.000
 2     0.000     0.000     0.000
 2     1.000     0.000     0.000
 2     0.000     1.000     0.000
 2     0.000     0.000     1.000
 3     0.000     0.000     0.000
 3     1.000     0.000     0.000
 3     0.000     1.000     0.000
 3     0.000     0.000     1.000
 4     0.000     0.000     0.000
 4     1.000     0.000     0.000
 4     0.000     1.000     0.000
 4     0.000     0.000     1.000
 5     0.000     0.000     0.000
 5     1.000     0.000     0.000
 5     0.000     1.000     0.000
 5     0.000     0.000     1.000
 6   151.478    21.647    29.586
 6     0.870    -0.028    -0.492
 6    -0.194     0.898    -0.396
 6     0.453     0.440     0.775
 7   120.022   -21.607   -11.958
 7     0.576     0.807     0.131
 7    -0.817     0.563     0.124
 7     0.026    -0.178     0.983
 8     0.000     0.000     0.000
 8     1.000     0.000     0.000
 8     0.000     1.000     0.000
 8     0.000     0.000     1.000
 9     0.000     0.000     0.000
 9     1.000     0.000     0.000
 9     0.000     1.000     0.000
 9     0.000     0.000     1.000
 2     0.000     0.000     0.000
 2     1.000     0.000     0.000
 2     0.000     1.000     0.000
 2     0.000     0.000     1.000
 3     0.000     0.000     0.000
 3     1.000     0.000     0.000
 3     0.000     1.000     0.000
 3     0.000     0.000     1.000
 4     0.000     0.000     0.000
 4     1.000     0.000     0.000
 4     0.000     1.000     0.000
 4     0.000     0.000     1.000
 5     0.000     0.000     0.000
 5     1.000     0.000     0.000
 5     0.000     1.000     0.000
 5     0.000     0.000     1.000
 6     0.000     0.000     0.000
 6     1.000     0.000     0.000
 6     0.000     1.000     0.000
 6     0.000     0.000     1.000
 7     0.000     0.000     0.000
 7     1.000     0.000     0.000
 7     0.000     1.000     0.000
 7     0.000     0.000     1.000
 8   129.543   -29.244    14.305
 8     0.674     0.456     0.581
 8    -0.194    -0.649     0.735
 8     0.713    -0.608    -0.349
 9   153.046   -24.631    28.588
 9     0.727     0.016    -0.686
 9     0.222     0.940     0.257
 9     0.649    -0.340     0.680
 2   139.155    -1.952    10.191
 2    -0.161    -0.132    -0.978
 2    -0.385     0.921    -0.061
 2     0.908     0.367    -0.199
 3   136.922    -2.918     3.369
 3     0.380     0.062    -0.923
 3     0.147     0.981     0.127
 3     0.913    -0.184     0.364
 4     0.000     0.000     0.000
 4     1.000     0.000     0.000
 4     0.000     1.000     0.000
 4     0.000     0.000     1.000
 5     0.000     0.000     0.000
 5     1.000     0.000     0.000
 5     0.000     1.000     0.000
 5     0.000     0.000     1.000
 6     0.000     0.000     0.000
 6     1.000     0.000     0.000
 6     0.000     1.000     0.000
 6     0.000     0.000     1.000
 7     0.000     0.000     0.000
 7     1.000     0.000     0.000
 7     0.000     1.000     0.000
 7     0.000     0.000     1.000
 8     0.000     0.000     0.000
 8     1.000     0.000     0.000
 8     0.000     1.000     0.000
 8     0.000     0.000     1.000
 9     0.000     0.000     0.000
 9     1.000     0.000     0.000
 9     0.000     1.000     0.000
 9     0.000     0.000     1.000
 2     0.000     0.000     0.000
 2     1.000     0.000     0.000
 2     0.000     1.000     0.000
 2     0.000     0.000     1.000
 3     0.000     0.000     0.000
 3     1.000     0.000     0.000
 3     0.000     1.000     0.000
 3     0.000     0.000     1.000
 4   119.620    13.628   -10.555
 4     0.521    -0.808     0.274
 4     0.852     0.512    -0.111
 4    -0.051     0.291     0.955
 5   126.305    22.881    15.782
 5     0.466    -0.281     0.838
 5     0.263    -0.861    -0.435
 5     0.844     0.423    -0.328
 6     0.000     0.000     0.000
 6     1.000     0.000     0.000
 6     0.000     1.000     0.000
 6     0.000     0.000     1.000
 7     0.000     0.000     0.000
 7     1.000     0.000     0.000
 7     0.000     1.000     0.000
 7     0.000     0.000     1.000
 8     0.000     0.000     0.000
 8     1.000     0.000     0.000
 8     0.000     1.000     0.000
 8     0.000     0.000     1.000
 9     0.000     0.000     0.000
 9     1.000     0.000     0.000
 9     0.000     1.000     0.000
 9     0.000     0.000     1.000
 2     0.000     0.000     0.000
 2     1.000     0.000     0.000
 2     0.000     1.000     0.000
 2     0.000     0.000     1.000
 3     0.000     0.000     0.000
 3     1.000     0.000     0.000
 3     0.000     1.000     0.000
 3     0.000     0.000     1.000
 4     0.000     0.000     0.000
 4     1.000     0.000     0.000
 4     0.000     1.000     0.000
 4     0.000     0.000     1.000
 5     0.000     0.000     0.000
 5     1.000     0.000     0.000
 5     0.000     1.000     0.000
 5     0.000     0.000     1.000
 6   151.531    21.699    29.635
 6     0.870    -0.029    -0.492
 6    -0.193     0.899    -0.394
 6     0.454     0.437     0.776
 7   120.020   -21.609   -11.950
 7     0.574     0.807     0.135
 7    -0.818     0.562     0.123
 7     0.024    -0.181     0.983
 8     0.000     0.000     0.000
 8     1.000     0.000     0.000
 8     0.000     1.000     0.000
 8     0.000     0.000     1.000
 9     0.000     0.000     0.000
 9     1.000     0.000     0.000
 9     0.000     1.000     0.000
 9     0.000     0.000     1.000
 2     0.000     0.000     0.000
 2     1.000     0.000     0.000
 2     0.000     1.000     0.000
 2     0.000     0.000     1.000
 3     0.000     0.000     0.000
 3     1.000     0.000     0.000
 3     0.000     1.000     0.000
 3     0.000     0.000     1.000
 4     0.000     0.000     0.000
 4     1.000     0.000     0.000
 4     0.000     1.000     0.000
 4     0.000     0.000     1.000
 5     0.000     0.000     0.000
 5     1.000     0.000     0.000
 5     0.000     1.000     0.000
 5     0.000     0.000     1.000
 6     0.000     0.000     0.000
 6     1.000     0.000     0.000
 6     0.000     1.000     0.000
 6     0.000     0.000     1.000
 7     0.000     0.000     0.000
 7     1.000     0.000     0.000
 7     0.000     1.000     0.000
 7     0.000     0.000     1.000
 8   129.543   -29.294    14.331
 8     0.673     0.456     0.582
 8    -0.194    -0.651     0.734
 8     0.713    -0.607    -0.350
 9   153.044   -24.631    28.670
 9     0.728     0.017    -0.686
 9     0.224     0.938     0.262
 9     0.648    -0.345     0.679
 2   134.052    -3.246    -5.721
 2     0.581     0.604    -0.546
 2    -0.733     0.680    -0.027
 2     0.354     0.415     0.837
 3   137.852    -2.779     3.115
 3     0.396     0.056    -0.917
 3     0.147     0.981     0.124
 3     0.906    -0.184     0.380
 4     0.000     0.000     0.000
 4     1.000     0.000     0.000
 4     0.000     1.000     0.000
 4     0.000     0.000     1.000
 5     0.000     0.000     0.000
 5     1.000     0.000     0.000
 5     0.000     1.000     0.000
 5     0.000     0.000     1.000
 6     0.000     0.000     0.000
 6     1.000     0.000     0.000
 6     0.000     1.000     0.000
 6     0.000     0.000     1.000
 7     0.000     0.000     0.000
 7     1.000     0.000     0.000
 7     0.000     1.000     0.000
 7     0.000     0.000     1.000
 8     0.000     0.000     0.000
 8     1.000     0.000     0.000
 8     0.000     1.000     0.000
 8     0.000     0.000     1.000
 9     0.000     0.000     0.000
 9     1.000     0.000     0.000
 9     0.000     1.000     0.000
 9     0.000     0.000     1.000
 2     0.000     0.000     0.000
 2     1.000     0.000     0.000
 2     0.000     1.000     0.000
 2     0.000     0.000     1.000
 3     0.000     0.000     0.000
 3     1.000     0.000     0.000
 3     0.000     1.000     0.000
 3     0.000     0.000     1.000
 4   120.067    13.523   -10.647
 4     0.525    -0.795     0.303
 4     0.847     0.523    -0.094
 4    -0.084     0.306     0.948
 5   126.573    22.646    15.599
 5     0.454    -0.275     0.848
 5     0.258    -0.870    -0.420
 5     0.853     0.409    -0.324
 6     0.000     0.000     0.000
 6     1.000     0.000     0.000
 6     0.000     1.000     0.000
 6     0.000     0.000     1.000
 7     0.000     0.000     0.000
 7     1.000     0.000     0.000
 7     0.000     1.000     0.000
 7     0.000     0.000     1.000
 8     0.000     0.000     0.000
 8     1.000     0.000     0.000
 8     0.000     1.000     0.000
 8     0.000     0.000     1.000
 9     0.000     0.000     0.000
 9     1.000     0.000     0.000
 9     0.000     1.000     0.000
 9     0.000     0.000     1.000
 2     0.000     0.000     0.000
 2     1.000     0.000     0.000
 2     0.000     1.000     0.000
 2     0.000     0.000     1.000
 3     0.000     0.000     0.000
 3     1.000     0.000     0.000
 3     0.000     1.000     0.000
 3     0.000     0.000     1.000
 4     0.000     0.000     0.000
 4     1.000     0.000     0.000
 4     0.000     1.000     0.000
 4     0.000     0.000     1.000
 5     0.000     0.000     0.000
 5     1.000     0.000     0.000
 5     0.000     1.000     0.000
 5     0.000     0.000     1.000
 6   151.559    21.799    29.526
 6     0.875    -0.038    -0.482
 6    -0.182     0.897    -0.402
 6     0.447     0.440     0.778
 7   120.528   -21.499   -11.892
 7     0.556     0.815     0.164
 7    -0.831     0.542     0.121
 7     0.010    -0.204     0.979
 8     0.000     0.000     0.000
 8     1.000     0.000     0.000
 8     0.000     1.000     0.000
 8     0.000     0.000     1.000
 9     0.000     0.000     0.000
 9     1.000     0.000     0.000
 9     0.000     1.000     0.000
 9     0.000     0.000     1.000
 2     0.000     0.000     0.000
 2     1.000     0.000     0.000
 2     0.000     1.000     0.000
 2     0.000     0.000     1.000
 3     0.000     0.000     0.000
 3     1.000     0.000     0.000
 3     0.000     1.000     0.000
 3     0.000     0.000     1.000
 4     0.000     0.000     0.000
 4     1.000     0.000     0.000
 4     0.000     1.000     0.000
 4     0.000     0.000     1.000
 5     0.000     0.000     0.000
 5     1.000     0.000     0.000
 5     0.000     1.000     0.000
 5     0.000     0.000     1.000
 6     0.000     0.000     0.000
 6     1.000     0.000     0.000
 6     0.000     1.000     0.000
 6     0.000     0.000     1.000
 7     0.000     0.000     0.000
 7     1.000     0.000     0.000
 7     0.000     1.000     0.000
 7     0.000     0.000     1.000
 8   129.403   -29.422    14.580
 8     0.659     0.440     0.609
 8    -0.212    -0.669     0.712
 8     0.721    -0.599    -0.347
 9   152.959   -24.919    28.723
 9     0.736     0.017    -0.677
 9     0.233     0.932     0.276
 9     0.635    -0.361     0.683
 2   134.690    -3.108    -6.025
 2     0.532     0.574    -0.623
 2    -0.709     0.704     0.042
 2     0.462     0.418     0.781
 3   137.850    -2.755     2.960
 3     0.396     0.052    -0.917
 3     0.144     0.982     0.118
 3     0.906    -0.179     0.382
 4     0.000     0.000     0.000
 4     1.000     0.000     0.000
 4     0.000     1.000     0.000
 4     0.000     0.000     1.000
 5     0.000     0.000     0.000
 5     1.000     0.000     0.000
 5     0.000     1.000     0.000
 5     0.000     0.000     1.000
 6     0.000     0.000     0.000
 6     1.000     0.000     0.000
 6     0.000     1.000     0.000
 6     0.000     0.000     1.000
 7     0.000     0.000     0.000
 7     1.000     0.000     0.000
 7     0.000     1.000     0.000
 7     0.000     0.000     1.000
 8     0.000     0.000     0.000
 8     1.000     0.000     0.000
 8     0.000     1.000     0.000
 8     0.000     0.000     1.000
 9     0.000     0.000     0.000
 9     1.000     0.000     0.000
 9     0.000     1.000     0.000
 9     0.000     0.000     1.000
 2     0.000     0.000     0.000
 2     1.000     0.000     0.000
 2     0.000     1.000     0.000
 2     0.000     0.000     1.000
 3     0.000     0.000     0.000
 3     1.000     0.000     0.000
 3     0.000     1.000     0.000
 3     0.000     0.000     1.000
 4   119.990    13.599   -10.725
 4     0.523    -0.795     0.306
 4     0.848     0.521    -0.095
 4    -0.084     0.309     0.947
 5   126.573    22.720    15.547
 5     0.455    -0.279     0.846
 5     0.254    -0.870    -0.423
 5     0.853     0.407    -0.325
 6     0.000     0.000     0.000
 6     1.000     0.000     0.000
 6     0.000     1.000     0.000
 6     0.000     0.000     1.000
 7     0.000     0.000     0.000
 7     1.000     0.000     0.000
 7     0.000     1.000     0.000
 7     0.000     0.000     1.000
 8     0.000     0.000     0.000
 8     1.000     0.000     0.000
 8     0.000     1.000     0.000
 8     0.000     0.000     1.000
 9     0.000     0.000     0.000
 9     1.000     0.000     0.000
 9     0.000     1.000     0.000
 9     0.000     0.000     1.000
 2     0.000     0.000     0.000
 2     1.000     0.000     0.000
 2     0.000     1.000     0.000
 2     0.000     0.000     1.000
 3     0.000     0.000     0.000
 3     1.000     0.000     0.000
 3     0.000     1.000     0.000
 3     0.000     0.000     1.000
 4     0.000     0.000     0.000
 4     1.000     0.000     0.000
 4     0.000     1.000     0.000
 4     0.000     0.000     1.000
 5     0.000     0.000     0.000
 5     1.000     0.000     0.000
 5     0.000     1.000     0.000
 5     0.000     0.000     1.000
 6   151.562    21.876    29.523
 6     0.875    -0.039    -0.483
 6    -0.182     0.897    -0.403
 6     0.448     0.440     0.778
 7   120.616   -21.323   -12.036
 7     0.560     0.812     0.161
 7    -0.828     0.548     0.117
 7     0.006    -0.199     0.980
 8     0.000     0.000     0.000
 8     1.000     0.000     0.000
 8     0.000     1.000     0.000
 8     0.000     0.000     1.000
 9     0.000     0.000     0.000
 9     1.000     0.000     0.000
 9     0.000     1.000     0.000
 9     0.000     0.000     1.000
 2     0.000     0.000     0.000
 2     1.000     0.000     0.000
 2     0.000     1.000     0.000
 2     0.000     0.000     1.000
 3     0.000     0.000     0.000
 3     1.000     0.000     0.000
 3     0.000     1.000     0.000
 3     0.000     0.000     1.000
 4     0.000     0.000     0.000
 4     1.000     0.000     0.000
 4     0.000     1.000     0.000
 4     0.000     0.000     1.000
 5     0.000     0.000     0.000
 5     1.000     0.000     0.000
 5     0.000     1.000     0.000
 5     0.000     0.000     1.000
 6     0.000     0.000     0.000
 6     1.000     0.000     0.000
 6     0.000     1.000     0.000
 6     0.000     0.000     1.000
 7     0.000     0.000     0.000
 7     1.000     0.000     0.000
 7     0.000     1.000     0.000
 7     0.000     0.000     1.000
 8   129.476   -29.423    14.453
 8     0.659     0.442     0.609
 8    -0.214    -0.666     0.715
 8     0.721    -0.601    -0.344
 9   152.972   -24.813    28.805
 9     0.732     0.016    -0.681
 9     0.232     0.934     0.272
 9     0.640    -0.357     0.680
 2   134.248    -3.691    -5.962
 2     0.544     0.666    -0.510
 2    -0.691     0.701     0.178
 2     0.476     0.255     0.841
 3   137.931    -2.777     2.954
 3     0.395     0.053    -0.917
 3     0.147     0.982     0.120
 3     0.907    -0.182     0.380
 4     0.000     0.000     0.000
 4     1.000     0.000     0.000
 4     0.000     1.000     0.000
 4     0.000     0.000     1.000
 5     0.000     0.000     0.000
 5     1.000     0.000     0.000
 5     0.000     1.000     0.000
 5     0.000     0.000     1.000
 6     0.000     0.000     0.000
 6     1.000     0.000     0.000
 6     0.000     1.000     0.000
 6     0.000     0.000     1.000
 7     0.000     0.000     0.000
 7     1.000     0.000     0.000
 7     0.000     1.000     0.000
 7     0.000     0.000     1.000
 8     0.000     0.000     0.000
 8     1.000     0.000     0.000
 8     0.000     1.000     0.000
 8     0.000     0.000     1.000
 9     0.000     0.000     0.000
 9     1.000     0.000     0.000
 9     0.000     1.000     0.000
 9     0.000     0.000     1.000
 2     0.000     0.000     0.000
 2     1.000     0.000     0.000
 2     0.000     1.000     0.000
 2     0.000     0.000     1.000
 3     0.000     0.000     0.000
 3     1.000     0.000     0.000
 3     0.000     1.000     0.000
 3     0.000     0.000     1.000
 4   120.052    13.517   -10.886
 4     0.526    -0.793     0.308
 4     0.846     0.525    -0.091
 4    -0.090     0.309     0.947
 5   126.630    22.697    15.368
 5     0.453    -0.284     0.845
 5     0.255    -0.867    -0.427
 5     0.854     0.409    -0.321
 6     0.000     0.000     0.000
 6     1.000     0.000     0.000
 6     0.000     1.000     0.000
 6     0.000     0.000     1.000
 7     0.000     0.000     0.000
 7     1.000     0.000     0.000
 7     0.000     1.000     0.000
 7     0.000     0.000     1.000
 8     0.000     0.000     0.000
 8     1.000     0.000     0.000
 8     0.000     1.000     0.000
 8     0.000     0.000     1.000
 9     0.000     0.000     0.000
 9     1.000     0.000     0.000
 9     0.000     1.000     0.000
 9     0.000     0.000     1.000
 2     0.000     0.000     0.000
 2     1.000     0.000     0.000
 2     0.000     1.000     0.000
 2     0.000     0.000     1.000
 3     0.000     0.000     0.000
 3     1.000     0.000     0.000
 3     0.000     1.000     0.000
 3     0.000     0.000     1.000
 4     0.000     0.000     0.000
 4     1.000     0.000     0.000
 4     0.000     1.000     0.000
 4     0.000     0.000     1.000
 5     0.000     0.000     0.000
 5     1.000     0.000     0.000
 5     0.000     1.000     0.000
 5     0.000     0.000     1.000
 6   151.579    21.805    29.403
 6     0.872    -0.039    -0.488
 6    -0.182     0.899    -0.397
 6     0.454     0.435     0.777
 7   120.672   -21.449   -11.990
 7     0.559     0.813     0.162
 7    -0.829     0.547     0.119
 7     0.008    -0.201     0.979
 8     0.000     0.000     0.000
 8     1.000     0.000     0.000
 8     0.000     1.000     0.000
 8     0.000     0.000     1.000
 9     0.000     0.000     0.000
 9     1.000     0.000     0.000
 9     0.000     1.000     0.000
 9     0.000     0.000     1.000
 2     0.000     0.000     0.000
 2     1.000     0.000     0.000
 2     0.000     1.000     0.000
 2     0.000     0.000     1.000
 3     0.000     0.000     0.000
 3     1.000     0.000     0.000
 3     0.000     1.000     0.000
 3     0.000     0.000     1.000
 4     0.000     0.000     0.000
 4     1.000     0.000     0.000
 4     0.000     1.000     0.000
 4     0.000     0.000     1.000
 5     0.000     0.000     0.000
 5     1.000     0.000     0.000
 5     0.000     1.000     0.000
 5     0.000     0.000     1.000
 6     0.000     0.000     0.000
 6     1.000     0.000     0.000
 6     0.000     1.000     0.000
 6     0.000     0.000     1.000
 7     0.000     0.000     0.000
 7     1.000     0.000     0.000
 7     0.000     1.000     0.000
 7     0.000     0.000     1.000
 8   129.580   -29.523    14.449
 8     0.658     0.442     0.609
 8    -0.213    -0.667     0.714
 8     0.722    -0.599    -0.345
 9   153.047   -24.812    28.805
 9     0.732     0.015    -0.681
 9     0.234     0.933     0.272
 9     0.640    -0.359     0.680
 2   133.653    -3.188    -6.184
 2     0.621     0.637    -0.456
 2    -0.684     0.725     0.082
 2     0.383     0.260     0.886
 3   137.873    -2.534     2.859
 3     0.406     0.042    -0.913
 3     0.146     0.983     0.110
 3     0.902    -0.178     0.393
 4     0.000     0.000     0.000
 4     1.000     0.000     0.000
 4     0.000     1.000     0.000
 4     0.000     0.000     1.000
 5     0.000     0.000     0.000
 5     1.000     0.000     0.000
 5     0.000     1.000     0.000
 5     0.000     0.000     1.000
 6     0.000     0.000     0.000
 6     1.000     0.000     0.000
 6     0.000     1.000     0.000
 6     0.000     0.000     1.000
 7     0.000     0.000     0.000
 7     1.000     0.000     0.000
 7     0.000     1.000     0.000
 7     0.000     0.000     1.000
 8     0.000     0.000     0.000
 8     1.000     0.000     0.000
 8     0.000     1.000     0.000
 8     0.000     0.000     1.000
 9     0.000     0.000     0.000
 9     1.000     0.000     0.000
 9     0.000     1.000     0.000
 9     0.000     0.000     1.000
 2     0.000     0.000     0.000
 2     1.000     0.000     0.000
 2     0.000     1.000     0.000
 2     0.000     0.000     1.000
 3     0.000     0.000     0.000
 3     1.000     0.000     0.000
 3     0.000     1.000     0.000
 3     0.000     0.000     1.000
 4   119.931    13.646   -10.994
 4     0.526    -0.792     0.309
 4     0.846     0.525    -0.094
 4    -0.088     0.310     0.946
 5   126.635    22.696    15.306
 5     0.455    -0.283     0.844
 5     0.249    -0.870    -0.426
 5     0.855     0.404    -0.325
 6     0.000     0.000     0.000
 6     1.000     0.000     0.000
 6     0.000     1.000     0.000
 6     0.000     0.000     1.000
 7     0.000     0.000     0.000
 7     1.000     0.000     0.000
 7     0.000     1.000     0.000
 7     0.000     0.000     1.000
 8     0.000     0.000     0.000
 8     1.000     0.000     0.000
 8     0.000     1.000     0.000
 8     0.000     0.000     1.000
 9     0.000     0.000     0.000
 9     1.000     0.000     0.000
 9     0.000     1.000     0.000
 9     0.000     0.000     1.000
 2     0.000     0.000     0.000
 2     1.000     0.000     0.000
 2     0.000     1.000     0.000
 2     0.000     0.000     1.000
 3     0.000     0.000     0.000
 3     1.000     0.000     0.000
 3     0.000     1.000     0.000
 3     0.000     0.000     1.000
 4     0.000     0.000     0.000
 4     1.000     0.000     0.000
 4     0.000     1.000     0.000
 4     0.000     0.000     1.000
 5     0.000     0.000     0.000
 5     1.000     0.000     0.000
 5     0.000     1.000     0.000
 5     0.000     0.000     1.000
 6   151.657    21.806    29.349
 6     0.871    -0.041    -0.489
 6    -0.181     0.899    -0.398
 6     0.455     0.435     0.776
 7   120.733   -21.323   -12.208
 7     0.565     0.808     0.162
 7    -0.825     0.554     0.114
 7     0.003    -0.198     0.980
 8     0.000     0.000     0.000
 8     1.000     0.000     0.000
 8     0.000     1.000     0.000
 8     0.000     0.000     1.000
 9     0.000     0.000     0.000
 9     1.000     0.000     0.000
 9     0.000     1.000     0.000
 9     0.000     0.000     1.000
 2     0.000     0.000     0.000
 2     1.000     0.000     0.000
 2     0.000     1.000     0.000
 2     0.000     0.000     1.000
 3     0.000     0.000     0.000
 3     1.000     0.000     0.000
 3     0.000     1.000     0.000
 3     0.000     0.000     1.000
 4     0.000     0.000     0.000
 4     1.000     0.000     0.000
 4     0.000     1.000     0.000
 4     0.000     0.000     1.000
 5     0.000     0.000     0.000
 5     1.000     0.000     0.000
 5     0.000     1.000     0.000
 5     0.000     0.000     1.000
 6     0.000     0.000     0.000
 6     1.000     0.000     0.000
 6     0.000     1.000     0.000
 6     0.000     0.000     1.000
 7     0.000     0.000     0.000
 7     1.000     0.000     0.000
 7     0.000     1.000     0.000
 7     0.000     0.000     1.000
 8   129.654   -29.473    14.220
 8     0.658     0.443     0.608
 8    -0.213    -0.665     0.716
 8     0.722    -0.601    -0.344
 9   153.036   -24.910    28.606
 9     0.728     0.015    -0.685
 9     0.231     0.936     0.266
 9     0.645    -0.352     0.678
 2   134.081    -2.894    -5.852
 2     0.624     0.526    -0.578
 2    -0.720     0.675    -0.163
 2     0.304     0.518     0.799
 3   137.880    -2.607     2.852
 3     0.403     0.042    -0.914
 3     0.148     0.983     0.110
 3     0.903    -0.180     0.390
 4     0.000     0.000     0.000
 4     1.000     0.000     0.000
 4     0.000     1.000     0.000
 4     0.000     0.000     1.000
 5     0.000     0.000     0.000
 5     1.000     0.000     0.000
 5     0.000     1.000     0.000
 5     0.000     0.000     1.000
 6     0.000     0.000     0.000
 6     1.000     0.000     0.000
 6     0.000     1.000     0.000
 6     0.000     0.000     1.000
 7     0.000     0.000     0.000
 7     1.000     0.000     0.000
 7     0.000     1.000     0.000
 7     0.000     0.000     1.000
 8     0.000     0.000     0.000
 8     1.000     0.000     0.000
 8     0.000     1.000     0.000
 8     0.000     0.000     1.000
 9     0.000     0.000     0.000
 9     1.000     0.000     0.000
 9     0.000     1.000     0.000
 9     0.000     0.000     1.000
 2     0.000     0.000     0.000
 2     1.000     0.000     0.000
 2     0.000     1.000     0.000
 2     0.000     0.000     1.000
 3     0.000     0.000     0.000
 3     1.000     0.000     0.000
 3     0.000     1.000     0.000
 3     0.000     0.000     1.000
 4   120.029    13.594   -11.016
 4     0.527    -0.792     0.308
 4     0.845     0.526    -0.093
 4    -0.089     0.309     0.947
 5   126.660    22.595    15.304
 5     0.455    -0.282     0.844
 5     0.247    -0.871    -0.425
 5     0.855     0.402    -0.327
 6     0.000     0.000     0.000
 6     1.000     0.000     0.000
 6     0.000     1.000     0.000
 6     0.000     0.000     1.000
 7     0.000     0.000     0.000
 7     1.000     0.000     0.000
 7     0.000     1.000     0.000
 7     0.000     0.000     1.000
 8     0.000     0.000     0.000
 8     1.000     0.000     0.000
