% Calibrated with leiden_pols
% Positions are in centimeters
Data =[
 2    97.335   -18.794    59.800
 2     0.829    -0.555     0.062
 2     0.554     0.832     0.023
 2    -0.064     0.015     0.998
 3   122.201    -0.573     9.184
 3    -0.406     0.080    -0.910
 3     0.117    -0.983    -0.139
 3    -0.906    -0.163     0.390
 4   106.990    14.016   -11.441
 4     0.459    -0.802     0.380
 4     0.885     0.377    -0.274
 4     0.076     0.462     0.883
 5   107.709    20.866    17.642
 5     0.198     0.223     0.954
 5     0.305    -0.939     0.156
 5     0.931     0.260    -0.254
 6   119.814    30.711    44.850
 6     0.286    -0.849    -0.445
 6    -0.013     0.461    -0.887
 6     0.958     0.259     0.121
 7   114.835   -22.108   -12.331
 7     0.373     0.922     0.098
 7    -0.880     0.318     0.354
 7     0.296    -0.219     0.930
 8   115.159   -27.395    17.109
 8     0.379     0.113     0.918
 8    -0.224    -0.952     0.209
 8     0.897    -0.285    -0.336
 9   131.168   -31.551    41.160
 9     0.287     0.513    -0.809
 9     0.098     0.824     0.558
 9     0.953    -0.240     0.186
 2    97.285   -18.794    59.749
 2     0.829    -0.555     0.062
 2     0.555     0.831     0.023
 2    -0.064     0.015     0.998
 3   122.202    -0.522     9.185
 3    -0.406     0.081    -0.910
 3     0.117    -0.983    -0.140
 3    -0.906    -0.164     0.390
 4   106.992    14.018   -11.393
 4     0.458    -0.803     0.380
 4     0.885     0.376    -0.274
 4     0.077     0.462     0.884
 5   107.708    20.867    17.695
 5     0.196     0.224     0.954
 5     0.307    -0.939     0.157
 5     0.931     0.262    -0.253
 6   119.763    30.714    44.849
 6     0.285    -0.852    -0.440
 6    -0.011     0.456    -0.890
 6     0.958     0.258     0.121
 7   114.804   -22.010   -12.325
 7     0.371     0.923     0.096
 7    -0.881     0.318     0.351
 7     0.294    -0.215     0.931
 8   115.353   -27.339    17.113
 8     0.386     0.124     0.914
 8    -0.218    -0.951     0.221
 8     0.896    -0.284    -0.341
 9   131.283   -31.373    41.170
 9     0.287     0.508    -0.812
 9     0.101     0.826     0.553
 9     0.952    -0.241     0.186
 2    97.284   -18.794    59.800
 2     0.829    -0.555     0.062
 2     0.555     0.831     0.023
 2    -0.064     0.015     0.998
 3   122.201    -0.522     9.185
 3    -0.407     0.081    -0.910
 3     0.117    -0.983    -0.140
 3    -0.906    -0.164     0.390
 4   106.991    14.068   -11.393
 4     0.458    -0.803     0.380
 4     0.885     0.375    -0.273
 4     0.077     0.462     0.883
 5   107.921    20.400    17.706
 5     0.197     0.241     0.950
 5     0.292    -0.939     0.178
 5     0.936     0.242    -0.256
 6   119.729    30.259    45.086
 6     0.284    -0.866    -0.412
 6    -0.014     0.425    -0.905
 6     0.958     0.263     0.109
 7   114.748   -21.989   -12.420
 7     0.368     0.925     0.093
 7    -0.883     0.316     0.347
 7     0.292    -0.211     0.933
 8   115.476   -27.307    17.160
 8     0.389     0.132     0.911
 8    -0.210    -0.951     0.228
 8     0.896    -0.281    -0.342
 9   131.456   -31.039    41.221
 9     0.286     0.499    -0.818
 9     0.106     0.832     0.544
 9     0.952    -0.243     0.185
 2    97.335   -18.794    59.749
 2     0.829    -0.555     0.061
 2     0.555     0.831     0.023
 2    -0.064     0.015     0.998
 3   122.203    -0.421     9.210
 3    -0.406     0.080    -0.910
 3     0.118    -0.983    -0.139
 3    -0.906    -0.164     0.389
 4   106.986    14.091   -11.382
 4     0.457    -0.806     0.377
 4     0.886     0.377    -0.268
 4     0.074     0.456     0.886
 5   108.188    20.168    17.830
 5     0.209     0.214     0.954
 5     0.267    -0.951     0.155
 5     0.940     0.222    -0.257
 6   120.377    28.628    45.241
 6     0.271    -0.828    -0.491
 6    -0.048     0.498    -0.866
 6     0.961     0.258     0.094
 7   114.751   -21.938   -12.377
 7     0.366     0.926     0.088
 7    -0.883     0.316     0.348
 7     0.294    -0.205     0.933
 8   115.475   -27.306    17.236
 8     0.390     0.138     0.910
 8    -0.209    -0.950     0.233
 8     0.896    -0.281    -0.342
 9   131.463   -31.011    41.236
 9     0.284     0.496    -0.821
 9     0.106     0.834     0.541
 9     0.953    -0.241     0.184
 2    97.285   -18.794    59.800
 2     0.829    -0.555     0.062
 2     0.554     0.831     0.023
 2    -0.064     0.015     0.998
 3   122.149    -0.421     9.208
 3    -0.407     0.079    -0.910
 3     0.117    -0.983    -0.138
 3    -0.906    -0.162     0.391
 4   106.935    14.141   -11.369
 4     0.452    -0.814     0.365
 4     0.889     0.378    -0.259
 4     0.072     0.441     0.894
 5   108.469    19.797    17.932
 5     0.234     0.184     0.954
 5     0.239    -0.963     0.127
 5     0.942     0.199    -0.269
 6   120.980    27.607    45.501
 6     0.275    -0.811    -0.516
 6    -0.072     0.518    -0.852
 6     0.958     0.271     0.084
 7   114.706   -21.988   -12.331
 7     0.363     0.927     0.088
 7    -0.883     0.313     0.349
 7     0.296    -0.205     0.933
 8   115.475   -27.305    17.337
 8     0.391     0.136     0.910
 8    -0.208    -0.950     0.231
 8     0.896    -0.280    -0.343
 9   131.462   -31.011    41.287
 9     0.284     0.495    -0.821
 9     0.106     0.834     0.540
 9     0.953    -0.241     0.184
 2    97.284   -18.794    59.800
 2     0.829    -0.555     0.061
 2     0.555     0.831     0.023
 2    -0.064     0.015     0.998
 3   122.081    -0.623     9.354
 3    -0.409     0.076    -0.909
 3     0.110    -0.985    -0.133
 3    -0.906    -0.155     0.395
 4   107.480    14.090   -11.310
 4     0.473    -0.803     0.363
 4     0.878     0.392    -0.275
 4     0.078     0.448     0.890
 5   109.178    20.222    17.989
 5     0.251     0.097     0.963
 5     0.226    -0.973     0.039
 5     0.941     0.207    -0.267
 6   122.500    26.694    45.463
 6     0.263    -0.755    -0.601
 6    -0.090     0.601    -0.794
 6     0.960     0.262     0.090
 7   114.665   -22.111   -12.344
 7     0.363     0.928     0.087
 7    -0.882     0.312     0.353
 7     0.300    -0.205     0.931
 8   115.474   -27.503    17.505
 8     0.393     0.155     0.906
 8    -0.202    -0.947     0.249
 8     0.897    -0.281    -0.341
 9   131.466   -30.955    41.505
 9     0.280     0.486    -0.828
 9     0.109     0.840     0.531
 9     0.954    -0.239     0.182
 2    97.284   -18.794    59.800
 2     0.829    -0.555     0.061
 2     0.555     0.831     0.023
 2    -0.064     0.015     0.998
 3   122.082    -0.750     9.378
 3    -0.408     0.073    -0.910
 3     0.111    -0.985    -0.128
 3    -0.906    -0.153     0.394
 4   107.451    14.011   -11.357
 4     0.476    -0.800     0.365
 4     0.876     0.396    -0.276
 4     0.076     0.451     0.889
 5   109.481    20.550    18.015
 5     0.266     0.053     0.962
 5     0.225    -0.974    -0.008
 5     0.937     0.219    -0.271
 6   123.159    26.636    45.465
 6     0.254    -0.716    -0.650
 6    -0.093     0.651    -0.753
 6     0.962     0.252     0.099
 7   114.675   -22.185   -12.331
 7     0.361     0.928     0.086
 7    -0.882     0.309     0.356
 7     0.304    -0.204     0.930
 8   115.377   -27.478    17.582
 8     0.391     0.149     0.908
 8    -0.203    -0.948     0.243
 8     0.897    -0.279    -0.341
 9   131.393   -30.955    41.582
 9     0.280     0.492    -0.824
 9     0.109     0.837     0.536
 9     0.954    -0.240     0.180
 2    97.284   -18.794    59.800
 2     0.829    -0.555     0.061
 2     0.555     0.831     0.023
 2    -0.064     0.015     0.998
 3   122.083    -0.750     9.430
 3    -0.408     0.073    -0.910
 3     0.111    -0.985    -0.129
 3    -0.906    -0.154     0.393
 4   107.278    14.083   -11.368
 4     0.471    -0.797     0.379
 4     0.879     0.390    -0.273
 4     0.069     0.462     0.884
 5   109.392    20.622    18.031
 5     0.269     0.036     0.962
 5     0.218    -0.976    -0.024
 5     0.938     0.216    -0.270
 6   123.168    26.510    45.504
 6     0.253    -0.713    -0.654
 6    -0.095     0.655    -0.750
 6     0.963     0.252     0.097
 7   114.833   -22.052   -12.173
 7     0.365     0.928     0.074
 7    -0.878     0.316     0.358
 7     0.309    -0.196     0.930
 8   115.387   -27.325    17.568
 8     0.388     0.149     0.909
 8    -0.203    -0.949     0.242
 8     0.899    -0.278    -0.338
 9   131.088   -30.951    41.740
 9     0.272     0.503    -0.820
 9     0.106     0.831     0.545
 9     0.956    -0.236     0.173
 2    97.284   -18.794    59.800
 2     0.829    -0.555     0.061
 2     0.555     0.831     0.023
 2    -0.064     0.015     0.998
 3   122.012    -0.626     9.490
 3    -0.405     0.074    -0.911
 3     0.114    -0.985    -0.131
 3    -0.907    -0.157     0.390
 4   107.207    14.136   -11.348
 4     0.469    -0.798     0.379
 4     0.880     0.388    -0.273
 4     0.071     0.461     0.884
 5   109.185    20.511    18.101
 5     0.258     0.058     0.964
 5     0.218    -0.976     0.001
 5     0.941     0.210    -0.265
 6   122.742    26.554    45.566
 6     0.256    -0.727    -0.637
 6    -0.099     0.636    -0.765
 6     0.961     0.259     0.091
 7   114.830   -22.002   -12.196
 7     0.365     0.928     0.073
 7    -0.879     0.317     0.357
 7     0.308    -0.195     0.931
 8   115.361   -27.251    17.543
 8     0.387     0.149     0.909
 8    -0.204    -0.948     0.243
 8     0.899    -0.280    -0.337
 9   131.087   -30.951    41.740
 9     0.273     0.503    -0.820
 9     0.106     0.831     0.545
 9     0.956    -0.236     0.174
 2    97.285   -18.794    59.800
 2     0.829    -0.555     0.061
 2     0.554     0.831     0.023
 2    -0.064     0.015     0.998
 3   122.015    -0.480     9.583
 3    -0.400     0.074    -0.914
 3     0.118    -0.984    -0.132
 3    -0.909    -0.161     0.385
 4   107.171    14.269   -11.261
 4     0.464    -0.804     0.372
 4     0.882     0.383    -0.273
 4     0.077     0.454     0.887
 5   108.767    20.230    18.022
 5     0.244     0.105     0.964
 5     0.225    -0.973     0.049
 5     0.943     0.205    -0.262
 6   121.745    26.871    45.930
 6     0.253    -0.758    -0.601
 6    -0.094     0.599    -0.795
 6     0.963     0.257     0.080
 7   114.891   -21.827   -12.229
 7     0.371     0.925     0.076
 7    -0.878     0.323     0.353
 7     0.302    -0.198     0.932
 8   115.212   -27.159    17.216
 8     0.382     0.139     0.913
 8    -0.213    -0.949     0.234
 8     0.899    -0.284    -0.333
 9   131.081   -30.954    41.573
 9     0.276     0.506    -0.817
 9     0.106     0.829     0.549
 9     0.955    -0.238     0.175
 2    97.284   -18.794    59.800
 2     0.829    -0.555     0.061
 2     0.555     0.831     0.023
 2    -0.064     0.015     0.998
 3   122.019    -0.429     9.585
 3    -0.399     0.076    -0.914
 3     0.119    -0.984    -0.134
 3    -0.909    -0.162     0.383
 4   107.197    14.330   -11.290
 4     0.461    -0.810     0.363
 4     0.883     0.377    -0.279
 4     0.088     0.449     0.889
 5   108.441    20.273    17.978
 5     0.226     0.133     0.964
 5     0.239    -0.968     0.078
 5     0.944     0.213    -0.251
 6   121.071    27.553    45.688
 6     0.245    -0.773    -0.585
 6    -0.079     0.585    -0.807
 6     0.966     0.244     0.082
 7   114.933   -21.829   -12.317
 7     0.373     0.924     0.082
 7    -0.879     0.323     0.351
 7     0.298    -0.203     0.932
 8   115.049   -27.222    17.090
 8     0.372     0.108     0.922
 8    -0.229    -0.952     0.203
 8     0.900    -0.286    -0.329
 9   130.929   -31.639    41.092
 9     0.297     0.539    -0.788
 9     0.094     0.805     0.586
 9     0.950    -0.249     0.189
 2    97.284   -18.794    59.800
 2     0.829    -0.555     0.061
 2     0.555     0.831     0.023
 2    -0.064     0.015     0.998
 3   122.041    -0.404     9.584
 3    -0.400     0.077    -0.913
 3     0.118    -0.984    -0.135
 3    -0.909    -0.161     0.384
 4   107.344    14.389   -11.263
 4     0.461    -0.813     0.356
 4     0.882     0.376    -0.285
 4     0.097     0.446     0.890
 5   108.192    20.616    17.909
 5     0.207     0.180     0.961
 5     0.270    -0.955     0.121
 5     0.940     0.234    -0.246
 6   120.293    28.991    45.475
 6     0.240    -0.801    -0.549
 6    -0.048     0.555    -0.831
 6     0.969     0.225     0.094
 7   114.938   -21.803   -12.318
 7     0.371     0.924     0.086
 7    -0.879     0.320     0.354
 7     0.299    -0.207     0.931
 8   114.983   -27.162    17.178
 8     0.369     0.081     0.926
 8    -0.245    -0.952     0.182
 8     0.896    -0.294    -0.332
 9   130.806   -32.472    40.976
 9     0.306     0.571    -0.761
 9     0.073     0.783     0.617
 9     0.949    -0.245     0.197
 2    97.284   -18.794    59.800
 2     0.829    -0.555     0.061
 2     0.555     0.831     0.023
 2    -0.064     0.015     0.998
 3   122.014    -0.426     9.577
 3    -0.403     0.081    -0.912
 3     0.115    -0.984    -0.138
 3    -0.908    -0.161     0.387
 4   107.359    14.343   -11.330
 4     0.462    -0.813     0.353
 4     0.880     0.375    -0.289
 4     0.103     0.444     0.890
 5   108.145    21.166    17.818
 5     0.202     0.204     0.958
 5     0.301    -0.944     0.137
 5     0.932     0.261    -0.252
 6   120.227    30.319    45.122
 6     0.241    -0.814    -0.529
 6    -0.020     0.540    -0.841
 6     0.970     0.213     0.114
 7   114.949   -21.826   -12.329
 7     0.368     0.925     0.088
 7    -0.879     0.315     0.358
 7     0.303    -0.209     0.929
 8   114.779   -27.312    17.053
 8     0.357     0.037     0.933
 8    -0.271    -0.952     0.142
 8     0.894    -0.304    -0.330
 9   130.626   -33.566    40.693
 9     0.318     0.611    -0.725
 9     0.047     0.753     0.656
 9     0.947    -0.243     0.211
 2    97.335   -18.794    59.749
 2     0.829    -0.555     0.062
 2     0.555     0.831     0.023
 2    -0.064     0.015     0.998
 3   122.043    -0.423     9.572
 3    -0.405     0.083    -0.911
 3     0.115    -0.983    -0.141
 3    -0.907    -0.162     0.388
 4   107.471    14.295   -11.396
 4     0.466    -0.812     0.352
 4     0.878     0.376    -0.296
 4     0.108     0.447     0.888
 5   108.272    21.885    17.878
 5     0.199     0.226     0.953
 5     0.337    -0.929     0.150
 5     0.920     0.291    -0.261
 6   120.199    32.410    44.737
 6     0.249    -0.830    -0.499
 6     0.019     0.519    -0.854
 6     0.968     0.203     0.145
 7   114.909   -21.826   -12.288
 7     0.362     0.928     0.089
 7    -0.880     0.309     0.361
 7     0.307    -0.209     0.928
 8   114.743   -27.564    17.095
 8     0.357     0.004     0.934
 8    -0.296    -0.948     0.117
 8     0.886    -0.318    -0.337
 9   130.564   -34.760    40.484
 9     0.326     0.636    -0.700
 9     0.021     0.735     0.677
 9     0.945    -0.236     0.226
 2    97.285   -18.794    59.749
 2     0.829    -0.555     0.062
 2     0.555     0.831     0.023
 2    -0.064     0.015     0.998
 3   122.048    -0.472     9.617
 3    -0.408     0.083    -0.909
 3     0.116    -0.983    -0.141
 3    -0.906    -0.163     0.391
 4   107.725    14.404   -11.551
 4     0.472    -0.813     0.341
 4     0.873     0.379    -0.306
 4     0.119     0.442     0.889
 5   108.340    22.748    17.744
 5     0.202     0.243     0.948
 5     0.373    -0.915     0.155
 5     0.905     0.323    -0.276
 6   120.343    34.333    43.929
 6     0.262    -0.840    -0.474
 6     0.057     0.504    -0.862
 6     0.963     0.199     0.180
 7   114.857   -21.829   -12.359
 7     0.357     0.930     0.091
 7    -0.883     0.303     0.359
 7     0.306    -0.208     0.929
 8   114.730   -27.708    17.054
 8     0.360    -0.013     0.932
 8    -0.313    -0.943     0.108
 8     0.878    -0.331    -0.344
 9   130.605   -35.539    40.187
 9     0.329     0.646    -0.688
 9     0.003     0.728     0.685
 9     0.944    -0.228     0.238
 2    97.335   -18.794    59.800
 2     0.829    -0.555     0.062
 2     0.555     0.831     0.023
 2    -0.064     0.015     0.998
 3   122.056    -0.518     9.605
 3    -0.411     0.081    -0.908
 3     0.116    -0.983    -0.141
 3    -0.904    -0.164     0.394
 4   107.940    14.356   -11.608
 4     0.476    -0.816     0.327
 4     0.870     0.385    -0.306
 4     0.123     0.431     0.894
 5   108.347    23.614    17.572
 5     0.201     0.254     0.946
 5     0.407    -0.900     0.155
 5     0.891     0.354    -0.285
 6   120.387    36.276    43.370
 6     0.269    -0.852    -0.449
 6     0.093     0.487    -0.868
 6     0.958     0.191     0.210
 7   114.861   -21.829   -12.340
 7     0.354     0.931     0.089
 7    -0.883     0.301     0.360
 7     0.308    -0.206     0.929
 8   114.898   -27.808    17.007
 8     0.344    -0.050     0.938
 8    -0.338    -0.938     0.074
 8     0.876    -0.343    -0.339
 9   130.742   -36.405    39.839
 9     0.345     0.666    -0.661
 9    -0.018     0.708     0.705
 9     0.938    -0.232     0.256
 2    97.284   -18.794    59.800
 2     0.829    -0.555     0.061
 2     0.555     0.831     0.023
 2    -0.064     0.015     0.998
 3   122.059    -0.566     9.649
 3    -0.414     0.082    -0.907
 3     0.116    -0.983    -0.141
 3    -0.903    -0.164     0.397
 4   108.001    14.358   -11.663
 4     0.478    -0.818     0.318
 4     0.869     0.389    -0.306
 4     0.126     0.422     0.897
 5   108.291    24.030    17.408
 5     0.201     0.258     0.945
 5     0.427    -0.891     0.153
 5     0.882     0.372    -0.289
 6   120.307    37.299    42.830
 6     0.273    -0.856    -0.438
 6     0.115     0.481    -0.869
 6     0.955     0.186     0.230
 7   114.734   -21.831   -12.336
 7     0.352     0.931     0.089
 7    -0.884     0.300     0.358
 7     0.307    -0.205     0.929
 8   115.031   -28.104    16.926
 8     0.349    -0.071     0.934
 8    -0.358    -0.932     0.062
 8     0.866    -0.356    -0.351
 9   130.963   -37.059    39.366
 9     0.354     0.672    -0.650
 9    -0.034     0.703     0.709
 9     0.934    -0.229     0.272
 2    97.284   -18.794    59.800
 2     0.829    -0.555     0.062
 2     0.555     0.831     0.023
 2    -0.064     0.015     0.998
 3   122.067    -0.567     9.549
 3    -0.413     0.078    -0.907
 3     0.120    -0.983    -0.139
 3    -0.903    -0.167     0.397
 4   108.001    14.357   -11.689
 4     0.479    -0.818     0.318
 4     0.869     0.389    -0.306
 4     0.126     0.423     0.897
 5   108.141    24.352    17.252
 5     0.198     0.278     0.940
 5     0.443    -0.880     0.167
 5     0.874     0.384    -0.298
 6   120.049    38.114    42.508
 6     0.275    -0.863    -0.423
 6     0.131     0.469    -0.873
 6     0.952     0.185     0.242
 7   114.543   -21.762   -12.384
 7     0.351     0.931     0.098
 7    -0.887     0.297     0.353
 7     0.299    -0.211     0.930
 8   114.978   -28.155    17.070
 8     0.362    -0.077     0.929
 8    -0.361    -0.930     0.064
 8     0.859    -0.359    -0.365
 9   131.049   -37.373    39.256
 9     0.358     0.674    -0.646
 9    -0.041     0.702     0.711
 9     0.932    -0.229     0.279
 2    97.284   -18.794    59.800
 2     0.829    -0.555     0.062
 2     0.555     0.831     0.023
 2    -0.064     0.015     0.998
 3   122.046    -0.466     9.550
 3    -0.412     0.076    -0.908
 3     0.122    -0.983    -0.138
 3    -0.903    -0.168     0.396
 4   107.925    14.358   -11.741
 4     0.478    -0.818     0.322
 4     0.869     0.387    -0.307
 4     0.126     0.426     0.896
 5   107.862    24.653    17.200
 5     0.186     0.305     0.933
 5     0.463    -0.865     0.190
 5     0.866     0.397    -0.303
 6   119.429    39.314    42.148
 6     0.275    -0.878    -0.392
 6     0.157     0.443    -0.882
 6     0.948     0.180     0.260
 7   114.603   -21.707   -12.397
 7     0.353     0.930     0.098
 7    -0.885     0.298     0.357
 7     0.303    -0.213     0.928
 8   114.856   -27.749    16.998
 8     0.350    -0.103     0.931
 8    -0.363    -0.931     0.033
 8     0.863    -0.350    -0.363
 9   130.649   -37.329    39.281
 9     0.364     0.699    -0.616
 9    -0.046     0.673     0.738
 9     0.930    -0.241     0.277
 2    97.285   -18.743    59.800
 2     0.829    -0.555     0.061
 2     0.555     0.831     0.023
 2    -0.064     0.015     0.998
 3   122.009    -0.386     9.591
 3    -0.415     0.075    -0.907
 3     0.125    -0.982    -0.138
 3    -0.901    -0.171     0.398
 4   107.748    14.512   -11.695
 4     0.473    -0.819     0.325
 4     0.872     0.381    -0.307
 4     0.127     0.428     0.894
 5   107.617    25.053    17.169
 5     0.177     0.320     0.930
 5     0.481    -0.853     0.202
 5     0.859     0.411    -0.306
 6   118.801    40.494    41.745
 6     0.269    -0.889    -0.371
 6     0.182     0.425    -0.887
 6     0.946     0.171     0.276
 7   114.623   -21.598   -12.346
 7     0.354     0.930     0.098
 7    -0.882     0.297     0.365
 7     0.311    -0.216     0.925
 8   114.838   -27.718    17.142
 8     0.342    -0.130     0.930
 8    -0.384    -0.923     0.012
 8     0.858    -0.361    -0.366
 9   130.591   -37.875    39.060
 9     0.364     0.708    -0.605
 9    -0.060     0.666     0.743
 9     0.929    -0.234     0.285
 2    97.285   -18.743    59.800
 2     0.829    -0.555     0.061
 2     0.555     0.831     0.023
 2    -0.064     0.015     0.998
 3   121.966    -0.333     9.638
 3    -0.416     0.075    -0.906
 3     0.126    -0.982    -0.140
 3    -0.900    -0.173     0.399
 4   107.752    14.514   -11.701
 4     0.471    -0.820     0.326
 4     0.872     0.379    -0.308
 4     0.129     0.429     0.894
 5   107.439    25.669    17.103
 5     0.170     0.333     0.927
 5     0.507    -0.837     0.207
 5     0.845     0.435    -0.311
 6   118.453    41.714    41.271
 6     0.266    -0.895    -0.359
 6     0.207     0.417    -0.885
 6     0.941     0.161     0.296
 7   114.574   -21.572   -12.347
 7     0.355     0.929     0.098
 7    -0.881     0.298     0.366
 7     0.311    -0.217     0.925
 8   115.004   -28.155    16.912
 8     0.337    -0.163     0.927
 8    -0.417    -0.909    -0.008
 8     0.844    -0.383    -0.375
 9   130.396   -39.257    38.518
 9     0.360     0.724    -0.589
 9    -0.098     0.657     0.748
 9     0.927    -0.212     0.307
 2    97.284   -18.794    59.800
 2     0.829    -0.555     0.061
 2     0.555     0.831     0.023
 2    -0.064     0.015     0.998
 3   121.919    -0.334     9.638
 3    -0.416     0.074    -0.906
 3     0.128    -0.982    -0.140
 3    -0.900    -0.174     0.399
 4   107.752    14.514   -11.676
 4     0.471    -0.820     0.325
 4     0.872     0.379    -0.309
 4     0.129     0.429     0.894
 5   107.461    26.427    16.956
 5     0.172     0.344     0.923
 5     0.537    -0.818     0.205
 5     0.825     0.460    -0.326
 6   118.439    43.609    40.265
 6     0.271    -0.898    -0.345
 6     0.246     0.411    -0.877
 6     0.930     0.153     0.333
 7   114.568   -21.472   -12.362
 7     0.357     0.928     0.102
 7    -0.882     0.298     0.365
 7     0.308    -0.221     0.925
 8   115.031   -28.820    16.826
 8     0.338    -0.195     0.921
 8    -0.452    -0.892    -0.023
 8     0.826    -0.408    -0.390
 9   130.567   -40.865    37.658
 9     0.369     0.729    -0.576
 9    -0.130     0.654     0.745
 9     0.920    -0.200     0.337
 2    97.335   -18.743    59.800
 2     0.829    -0.555     0.061
 2     0.555     0.831     0.023
 2    -0.064     0.015     0.998
 3   121.929    -0.281     9.634
 3    -0.417     0.073    -0.906
 3     0.131    -0.981    -0.140
 3    -0.899    -0.177     0.400
 4   107.704    14.540   -11.679
 4     0.471    -0.820     0.325
 4     0.872     0.379    -0.309
 4     0.130     0.429     0.893
 5   107.543    26.916    16.792
 5     0.177     0.358     0.916
 5     0.557    -0.805     0.206
 5     0.811     0.474    -0.342
 6   118.479    44.588    39.749
 6     0.281    -0.900    -0.333
 6     0.267     0.407    -0.874
 6     0.922     0.156     0.355
 7   114.562   -21.398   -12.403
 7     0.358     0.927     0.106
 7    -0.882     0.299     0.364
 7     0.305    -0.224     0.925
 8   115.004   -29.084    16.767
 8     0.339    -0.203     0.918
 8    -0.462    -0.887    -0.026
 8     0.819    -0.415    -0.395
 9   130.547   -41.256    37.377
 9     0.374     0.730    -0.573
 9    -0.139     0.654     0.743
 9     0.917    -0.198     0.346
 2    97.335   -18.794    59.749
 2     0.829    -0.555     0.061
 2     0.555     0.831     0.023
 2    -0.064     0.015     0.998
 3   121.905    -0.281     9.635
 3    -0.417     0.073    -0.906
 3     0.131    -0.981    -0.140
 3    -0.899    -0.178     0.400
 4   107.761    14.593   -11.637
 4     0.472    -0.819     0.326
 4     0.871     0.378    -0.313
 4     0.133     0.432     0.892
 5   107.705    27.159    16.828
 5     0.180     0.366     0.913
 5     0.568    -0.797     0.207
 5     0.803     0.481    -0.352
 6   118.686    45.163    39.389
 6     0.288    -0.901    -0.326
 6     0.279     0.404    -0.871
 6     0.916     0.160     0.367
 7   114.511   -21.399   -12.398
 7     0.357     0.927     0.108
 7    -0.883     0.298     0.363
 7     0.304    -0.225     0.925
 8   114.954   -29.033    16.715
 8     0.340    -0.204     0.918
 8    -0.462    -0.886    -0.026
 8     0.819    -0.415    -0.395
 9   130.497   -41.307    37.326
 9     0.374     0.730    -0.572
 9    -0.140     0.654     0.743
 9     0.917    -0.198     0.346
 2    97.284   -18.794    59.800
 2     0.829    -0.555     0.061
 2     0.555     0.831     0.023
 2    -0.064     0.015     0.998
 3   121.932    -0.281     9.687
 3    -0.418     0.074    -0.905
 3     0.132    -0.981    -0.141
 3    -0.899    -0.179     0.400
 4   107.763    14.594   -11.589
 4     0.473    -0.819     0.326
 4     0.871     0.378    -0.314
 4     0.134     0.432     0.891
 5   107.646    27.455    16.735
 5     0.179     0.370     0.911
 5     0.578    -0.789     0.207
 5     0.796     0.489    -0.356
 6   118.607    45.743    39.118
 6     0.288    -0.902    -0.322
 6     0.290     0.402    -0.868
 6     0.912     0.157     0.377
 7   114.573   -21.393   -12.364
 7     0.359     0.927     0.107
 7    -0.881     0.299     0.367
 7     0.309    -0.226     0.924
 8   114.961   -29.006    16.704
 8     0.338    -0.203     0.919
 8    -0.461    -0.887    -0.026
 8     0.821    -0.415    -0.393
 9   130.548   -41.307    37.326
 9     0.374     0.730    -0.572
 9    -0.139     0.653     0.744
 9     0.917    -0.199     0.346
 2    97.335   -18.743    59.800
 2     0.829    -0.555     0.062
 2     0.555     0.831     0.023
 2    -0.064     0.015     0.998
 3   121.857    -0.281     9.687
 3    -0.418     0.074    -0.905
 3     0.132    -0.981    -0.142
 3    -0.899    -0.179     0.400
 4   107.788    14.594   -11.640
 4     0.473    -0.819     0.326
 4     0.871     0.378    -0.314
 4     0.134     0.432     0.892
 5   107.514    27.623    16.595
 5     0.175     0.373     0.911
 5     0.588    -0.781     0.207
 5     0.789     0.500    -0.356
 6   118.418    46.226    38.809
 6     0.285    -0.904    -0.319
 6     0.301     0.400    -0.865
 6     0.910     0.150     0.386
 7   114.630   -21.415   -12.425
 7     0.361     0.926     0.108
 7    -0.879     0.299     0.372
 7     0.312    -0.229     0.922
 8   115.072   -29.570    16.500
 8     0.331    -0.224     0.917
 8    -0.492    -0.870    -0.035
 8     0.805    -0.439    -0.398
 9   130.539   -42.764    36.445
 9     0.378     0.734    -0.565
 9    -0.172     0.655     0.736
 9     0.909    -0.181     0.374
 2    97.335   -18.794    59.749
 2     0.829    -0.555     0.062
 2     0.555     0.831     0.023
 2    -0.064     0.015     0.998
 3   121.940    -0.279     9.632
 3    -0.419     0.074    -0.905
 3     0.134    -0.980    -0.143
 3    -0.898    -0.181     0.401
 4   107.764    14.594   -11.589
 4     0.473    -0.819     0.325
 4     0.871     0.378    -0.314
 4     0.134     0.431     0.892
 5   107.297    28.069    16.415
 5     0.168     0.376     0.911
 5     0.602    -0.771     0.207
 5     0.780     0.514    -0.356
 6   117.911    47.166    38.415
 6     0.276    -0.908    -0.315
 6     0.320     0.396    -0.861
 6     0.906     0.137     0.400
 7   114.619   -21.341   -12.460
 7     0.364     0.924     0.110
 7    -0.879     0.302     0.369
 7     0.307    -0.232     0.923
 8   115.356   -30.579    16.011
 8     0.330    -0.249     0.910
 8    -0.539    -0.841    -0.034
 8     0.775    -0.480    -0.412
 9   130.917   -45.158    34.994
 9     0.382     0.740    -0.553
 9    -0.229     0.656     0.719
 9     0.895    -0.149     0.420
 2    97.335   -18.794    59.749
 2     0.829    -0.555     0.062
 2     0.555     0.831     0.023
 2    -0.064     0.015     0.998
 3   121.875    -0.227     9.679
 3    -0.420     0.073    -0.905
 3     0.137    -0.980    -0.143
 3    -0.897    -0.184     0.401
 4   107.793    14.647   -11.594
 4     0.472    -0.820     0.323
 4     0.871     0.377    -0.315
 4     0.136     0.430     0.892
 5   107.129    28.410    16.291
 5     0.164     0.371     0.913
 5     0.616    -0.762     0.199
 5     0.770     0.530    -0.354
 6   117.754    47.873    37.977
 6     0.272    -0.908    -0.318
 6     0.335     0.400    -0.853
 6     0.901     0.126     0.413
 7   114.601   -21.347   -12.512
 7     0.368     0.922     0.114
 7    -0.880     0.306     0.362
 7     0.299    -0.234     0.925
 8   115.758   -31.738    15.478
 8     0.332    -0.267     0.904
 8    -0.583    -0.812    -0.025
 8     0.741    -0.519    -0.426
 9   131.299   -47.397    33.297
 9     0.393     0.745    -0.538
 9    -0.281     0.655     0.702
 9     0.875    -0.124     0.466
 2    97.335   -18.794    59.749
 2     0.829    -0.555     0.062
 2     0.555     0.831     0.023
 2    -0.064     0.015     0.998
 3   121.933    -0.225     9.622
 3    -0.421     0.069    -0.904
 3     0.140    -0.980    -0.140
 3    -0.896    -0.185     0.403
 4   107.846    14.597   -11.647
 4     0.472    -0.821     0.321
 4     0.871     0.377    -0.315
 4     0.137     0.428     0.893
 5   107.090    28.803    16.159
 5     0.162     0.369     0.915
 5     0.627    -0.754     0.193
 5     0.761     0.543    -0.354
 6   117.628    48.581    37.505
 6     0.269    -0.908    -0.321
 6     0.349     0.402    -0.846
 6     0.897     0.116     0.425
 7   114.593   -21.298   -12.503
 7     0.370     0.922     0.114
 7    -0.880     0.309     0.359
 7     0.296    -0.234     0.926
 8   115.925   -32.500    15.219
 8     0.337    -0.282     0.898
 8    -0.611    -0.791    -0.019
 8     0.716    -0.542    -0.439
 9   131.742   -48.775    32.153
 9     0.406     0.749    -0.523
 9    -0.312     0.652     0.691
 9     0.859    -0.118     0.498
 2    97.285   -18.794    59.800
 2     0.829    -0.555     0.061
 2     0.554     0.832     0.023
 2    -0.064     0.015     0.998
 3   121.883    -0.225     9.673
 3    -0.421     0.068    -0.904
 3     0.140    -0.980    -0.139
 3    -0.896    -0.185     0.403
 4   107.849    14.598   -11.650
 4     0.472    -0.822     0.319
 4     0.871     0.377    -0.315
 4     0.138     0.427     0.893
 5   107.046    29.143    15.931
 5     0.163     0.367     0.915
 5     0.640    -0.746     0.185
 5     0.750     0.556    -0.357
 6   117.694    49.233    36.942
 6     0.271    -0.906    -0.325
 6     0.364     0.409    -0.837
 6     0.891     0.109     0.440
 7   114.639   -21.298   -12.497
 7     0.373     0.920     0.116
 7    -0.880     0.312     0.359
 7     0.294    -0.236     0.926
 8   116.094   -32.898    15.061
 8     0.339    -0.307     0.889
 8    -0.633    -0.774    -0.026
 8     0.696    -0.554    -0.457
 9   131.808   -49.738    31.369
 9     0.415     0.756    -0.505
 9    -0.334     0.643     0.689
 9     0.846    -0.118     0.519
 2    97.285   -18.794    59.800
 2     0.829    -0.555     0.061
 2     0.554     0.832     0.023
 2    -0.064     0.015     0.998
 3   121.882    -0.225     9.621
 3    -0.422     0.066    -0.904
 3     0.140    -0.980    -0.138
 3    -0.896    -0.185     0.405
 4   107.949    14.598   -11.700
 4     0.472    -0.822     0.319
 4     0.871     0.377    -0.315
 4     0.138     0.426     0.894
 5   107.057    29.780    15.650
 5     0.165     0.363     0.917
 5     0.659    -0.732     0.171
 5     0.734     0.576    -0.361
 6   117.763    50.388    36.078
 6     0.272    -0.904    -0.330
 6     0.386     0.416    -0.823
 6     0.881     0.096     0.463
 7   114.637   -21.298   -12.495
 7     0.375     0.919     0.117
 7    -0.879     0.313     0.359
 7     0.293    -0.237     0.926
 8   116.090   -33.424    14.738
 8     0.338    -0.321     0.884
 8    -0.652    -0.757    -0.026
 8     0.678    -0.568    -0.466
 9   131.649   -50.858    30.422
 9     0.417     0.763    -0.494
 9    -0.362     0.637     0.680
 9     0.834    -0.105     0.542
 2    97.285   -18.794    59.800
 2     0.829    -0.555     0.061
 2     0.554     0.831     0.022
 2    -0.064     0.015     0.998
 3   121.937    -0.223     9.615
 3    -0.423     0.064    -0.904
 3     0.141    -0.981    -0.135
 3    -0.895    -0.185     0.406
 4   107.950    14.547   -11.700
 4     0.472    -0.822     0.318
 4     0.870     0.378    -0.315
 4     0.138     0.426     0.894
 5   107.054    30.166    15.356
 5     0.168     0.360     0.917
 5     0.673    -0.722     0.160
 5     0.720     0.591    -0.364
 6   117.846    51.064    35.424
 6     0.274    -0.901    -0.336
 6     0.402     0.424    -0.811
 6     0.873     0.087     0.479
 7   114.580   -21.250   -12.485
 7     0.375     0.919     0.118
 7    -0.880     0.314     0.356
 7     0.290    -0.238     0.927
 8   115.899   -34.111    14.352
 8     0.332    -0.332     0.883
 8    -0.677    -0.736    -0.022
 8     0.657    -0.590    -0.469
 9   131.382   -52.237    29.451
 9     0.412     0.769    -0.489
 9    -0.394     0.634     0.665
 9     0.821    -0.082     0.564
 2    97.285   -18.794    59.800
 2     0.829    -0.555     0.061
 2     0.554     0.831     0.023
 2    -0.064     0.015     0.998
 3   121.890    -0.272     9.558
 3    -0.425     0.062    -0.903
 3     0.141    -0.981    -0.134
 3    -0.894    -0.185     0.407
 4   107.973    14.546   -11.721
 4     0.473    -0.822     0.317
 4     0.870     0.379    -0.314
 4     0.137     0.424     0.895
 5   107.065    30.509    15.221
 5     0.168     0.360     0.917
 5     0.684    -0.713     0.154
 5     0.710     0.601    -0.367
 6   117.914    51.615    34.879
 6     0.276    -0.900    -0.336
 6     0.415     0.427    -0.804
 6     0.867     0.083     0.491
 7   114.571   -21.227   -12.472
 7     0.376     0.919     0.120
 7    -0.881     0.314     0.353
 7     0.286    -0.238     0.928
 8   115.907   -34.533    14.140
 8     0.328    -0.346     0.879
 8    -0.693    -0.720    -0.025
 8     0.642    -0.601    -0.476
 9   131.293   -52.940    28.839
 9     0.414     0.774    -0.479
 9    -0.410     0.628     0.661
 9     0.812    -0.077     0.577
 2    97.285   -18.794    59.800
 2     0.829    -0.555     0.061
 2     0.554     0.832     0.023
 2    -0.064     0.015     0.998
 3   121.890    -0.272     9.557
 3    -0.425     0.061    -0.903
 3     0.142    -0.981    -0.133
 3    -0.894    -0.184     0.408
 4   108.024    14.520   -11.695
 4     0.474    -0.822     0.316
 4     0.869     0.381    -0.314
 4     0.137     0.423     0.895
 5   107.100    30.798    15.089
 5     0.172     0.360     0.917
 5     0.694    -0.705     0.147
 5     0.699     0.611    -0.371
 6   118.003    52.190    34.340
 6     0.279    -0.899    -0.337
 6     0.427     0.430    -0.795
 6     0.860     0.078     0.504
 7   114.567   -21.255   -12.465
 7     0.375     0.919     0.121
 7    -0.882     0.314     0.351
 7     0.284    -0.239     0.928
 8   115.887   -34.903    13.910
 8     0.326    -0.363     0.873
 8    -0.709    -0.705    -0.028
 8     0.625    -0.610    -0.487
 9   131.118   -53.876    28.066
 9     0.417     0.782    -0.463
 9    -0.432     0.619     0.656
 9     0.800    -0.074     0.595
 2    97.284   -18.794    59.800
 2     0.829    -0.555     0.061
 2     0.555     0.831     0.023
 2    -0.064     0.015     0.998
 3   121.889    -0.272     9.557
 3    -0.424     0.060    -0.903
 3     0.141    -0.981    -0.132
 3    -0.894    -0.184     0.408
 4   108.072    14.519   -11.718
 4     0.475    -0.821     0.316
 4     0.869     0.382    -0.313
 4     0.136     0.423     0.896
 5   107.221    31.184    14.794
 5     0.177     0.359     0.916
 5     0.707    -0.694     0.135
 5     0.684     0.624    -0.377
 6   118.230    52.989    33.642
 6     0.284    -0.896    -0.342
 6     0.444     0.438    -0.781
 6     0.850     0.070     0.522
 7   114.464   -21.231   -12.462
 7     0.375     0.918     0.122
 7    -0.883     0.314     0.349
 7     0.283    -0.239     0.929
 8   115.839   -35.326    13.682
 8     0.324    -0.377     0.867
 8    -0.725    -0.688    -0.028
 8     0.607    -0.620    -0.496
 9   131.011   -54.838    27.147
 9     0.420     0.788    -0.450
 9    -0.454     0.612     0.648
 9     0.786    -0.068     0.614
 2    97.284   -18.794    59.800
 2     0.829    -0.555     0.061
 2     0.555     0.831     0.023
 2    -0.064     0.015     0.998
 3   121.938    -0.323     9.556
 3    -0.424     0.059    -0.903
 3     0.141    -0.981    -0.131
 3    -0.894    -0.183     0.408
 4   108.145    14.468   -11.714
 4     0.475    -0.821     0.315
 4     0.869     0.383    -0.312
 4     0.135     0.422     0.896
 5   107.225    31.573    14.569
 5     0.179     0.355     0.917
 5     0.719    -0.684     0.124
 5     0.671     0.637    -0.378
 6   118.317    53.640    33.032
 6     0.285    -0.894    -0.347
 6     0.458     0.445    -0.770
 6     0.842     0.061     0.536
 7   114.507   -21.258   -12.504
 7     0.376     0.918     0.122
 7    -0.883     0.315     0.347
 7     0.280    -0.239     0.930
 8   115.845   -35.747    13.469
 8     0.322    -0.386     0.864
 8    -0.739    -0.673    -0.025
 8     0.591    -0.631    -0.502
 9   130.904   -55.724    26.276
 9     0.423     0.792    -0.441
 9    -0.475     0.608     0.637
 9     0.772    -0.060     0.632
 2    97.284   -18.794    59.800
 2     0.829    -0.555     0.061
 2     0.555     0.831     0.023
 2    -0.064     0.015     0.998
 3   121.940    -0.323     9.556
 3    -0.424     0.058    -0.904
 3     0.142    -0.981    -0.130
 3    -0.894    -0.183     0.408
 4   108.119    14.416   -11.762
 4     0.476    -0.821     0.315
 4     0.869     0.384    -0.311
 4     0.134     0.422     0.896
 5   107.236    31.864    14.306
 5     0.181     0.357     0.916
 5     0.729    -0.674     0.119
 5     0.660     0.646    -0.382
 6   118.331    54.036    32.392
 6     0.288    -0.893    -0.347
 6     0.469     0.447    -0.761
 6     0.834     0.057     0.547
 7   114.502   -21.310   -12.447
 7     0.377     0.918     0.121
 7    -0.883     0.317     0.345
 7     0.278    -0.238     0.931
 8   115.920   -36.009    13.277
 8     0.322    -0.390     0.863
 8    -0.747    -0.665    -0.022
 8     0.582    -0.637    -0.505
 9   130.821   -56.169    25.831
 9     0.423     0.794    -0.437
 9    -0.486     0.605     0.630
 9     0.764    -0.054     0.642
 2    97.335   -18.743    59.800
 2     0.829    -0.555     0.061
 2     0.555     0.831     0.023
 2    -0.064     0.015     0.998
 3   121.935    -0.376     9.562
 3    -0.424     0.058    -0.904
 3     0.142    -0.981    -0.129
 3    -0.895    -0.183     0.408
 4   108.189    14.414   -11.756
 4     0.476    -0.821     0.316
 4     0.869     0.385    -0.309
 4     0.132     0.421     0.897
 5   107.208    32.032    14.106
 5     0.183     0.360     0.914
 5     0.736    -0.667     0.115
 5     0.652     0.652    -0.387
 6   118.335    54.489    32.059
 6     0.289    -0.893    -0.345
 6     0.477     0.446    -0.757
 6     0.830     0.054     0.555
 7   114.548   -21.260   -12.420
 7     0.379     0.917     0.120
 7    -0.883     0.320     0.344
 7     0.277    -0.236     0.931
 8   115.907   -36.064    13.222
 8     0.321    -0.393     0.862
