% Calibrated with leiden_pols
% Positions are in centimeters
Data =[
 2    97.335   -18.794    59.800
 2     0.829    -0.555     0.061
 2     0.555     0.831     0.023
 2    -0.064     0.015     0.998
 3   124.299    -2.031    10.818
 3    -0.324     0.044    -0.945
 3     0.100    -0.992    -0.081
 3    -0.941    -0.121     0.317
 4   112.961    13.674   -11.788
 4     0.498    -0.836     0.230
 4     0.853     0.424    -0.305
 4     0.157     0.348     0.924
 5   112.590    20.021    18.576
 5     0.267     0.042     0.963
 5     0.221    -0.975    -0.018
 5     0.938     0.218    -0.270
 6   124.739    25.971    46.435
 6     0.177    -0.720    -0.671
 6    -0.077     0.670    -0.738
 6     0.981     0.183     0.063
 7   119.072   -23.425   -12.005
 7     0.336     0.941    -0.045
 7    -0.864     0.327     0.384
 7     0.376    -0.091     0.922
 8   118.383   -27.981    18.023
 8     0.344     0.219     0.913
 8    -0.174    -0.941     0.291
 8     0.922    -0.259    -0.286
 9   132.641   -30.336    43.179
 9     0.175     0.430    -0.886
 9     0.114     0.885     0.452
 9     0.978    -0.180     0.106
 2    97.335   -18.794    59.800
 2     0.829    -0.555     0.061
 2     0.555     0.831     0.023
 2    -0.064     0.015     0.998
 3   124.299    -2.031    10.869
 3    -0.324     0.044    -0.945
 3     0.100    -0.992    -0.081
 3    -0.941    -0.121     0.317
 4   112.986    13.674   -11.737
 4     0.497    -0.836     0.230
 4     0.853     0.423    -0.305
 4     0.157     0.348     0.924
 5   112.590    19.970    18.576
 5     0.267     0.042     0.963
 5     0.221    -0.975    -0.019
 5     0.938     0.218    -0.270
 6   124.739    25.921    46.434
 6     0.178    -0.719    -0.672
 6    -0.077     0.670    -0.738
 6     0.981     0.183     0.063
 7   119.072   -23.424   -12.005
 7     0.336     0.940    -0.045
 7    -0.863     0.327     0.384
 7     0.376    -0.090     0.922
 8   118.358   -27.981    18.023
 8     0.344     0.218     0.913
 8    -0.174    -0.941     0.291
 8     0.922    -0.259    -0.286
 9   132.591   -30.336    43.179
 9     0.175     0.430    -0.885
 9     0.114     0.884     0.452
 9     0.978    -0.180     0.106
 2    97.285   -18.794    59.800
 2     0.829    -0.555     0.061
 2     0.554     0.831     0.023
 2    -0.064     0.015     0.998
 3   124.299    -2.031    10.868
 3    -0.323     0.044    -0.945
 3     0.100    -0.992    -0.080
 3    -0.941    -0.120     0.316
 4   112.988    13.675   -11.740
 4     0.497    -0.837     0.230
 4     0.853     0.423    -0.305
 4     0.158     0.348     0.924
 5   112.640    19.970    18.576
 5     0.267     0.041     0.963
 5     0.221    -0.975    -0.020
 5     0.938     0.218    -0.270
 6   124.740    25.920    46.461
 6     0.177    -0.719    -0.672
 6    -0.077     0.671    -0.738
 6     0.981     0.182     0.063
 7   119.074   -23.424   -12.008
 7     0.336     0.941    -0.046
 7    -0.863     0.327     0.385
 7     0.377    -0.090     0.922
 8   118.358   -27.981    18.023
 8     0.344     0.218     0.913
 8    -0.174    -0.941     0.291
 8     0.922    -0.259    -0.286
 9   132.593   -30.336    43.231
 9     0.175     0.431    -0.885
 9     0.114     0.884     0.453
 9     0.978    -0.181     0.105
 2    97.287   -18.793    59.797
 2     0.829    -0.555     0.061
 2     0.555     0.831     0.023
 2    -0.063     0.015     0.998
 3   124.297    -2.031    10.868
 3    -0.323     0.044    -0.945
 3     0.099    -0.992    -0.080
 3    -0.941    -0.120     0.316
 4   112.964    13.625   -11.740
 4     0.497    -0.837     0.229
 4     0.853     0.423    -0.306
 4     0.158     0.348     0.924
 5   112.591    19.970    18.576
 5     0.268     0.040     0.963
 5     0.221    -0.975    -0.021
 5     0.938     0.218    -0.270
 6   124.740    25.895    46.435
 6     0.177    -0.718    -0.673
 6    -0.077     0.671    -0.737
 6     0.981     0.182     0.063
 7   119.074   -23.474   -12.008
 7     0.336     0.941    -0.046
 7    -0.863     0.327     0.385
 7     0.377    -0.090     0.922
 8   118.358   -28.031    18.023
 8     0.344     0.218     0.913
 8    -0.174    -0.941     0.291
 8     0.922    -0.259    -0.286
 9   132.593   -30.336    43.231
 9     0.175     0.431    -0.885
 9     0.114     0.884     0.453
 9     0.978    -0.181     0.105
 2    97.335   -18.794    59.749
 2     0.829    -0.555     0.061
 2     0.555     0.831     0.023
 2    -0.064     0.015     0.998
 3   124.297    -2.031    10.868
 3    -0.323     0.043    -0.945
 3     0.099    -0.992    -0.080
 3    -0.941    -0.120     0.316
 4   112.989    13.625   -11.739
 4     0.497    -0.837     0.229
 4     0.853     0.423    -0.306
 4     0.158     0.347     0.924
 5   112.591    19.970    18.576
 5     0.268     0.039     0.963
 5     0.221    -0.975    -0.021
 5     0.938     0.218    -0.270
 6   124.690    25.894    46.461
 6     0.176    -0.718    -0.673
 6    -0.077     0.672    -0.737
 6     0.981     0.182     0.063
 7   119.074   -23.475   -11.957
 7     0.335     0.941    -0.046
 7    -0.863     0.327     0.385
 7     0.377    -0.090     0.922
 8   118.358   -28.031    18.023
 8     0.344     0.218     0.913
 8    -0.174    -0.941     0.290
 8     0.922    -0.259    -0.286
 9   132.593   -30.387    43.231
 9     0.175     0.431    -0.885
 9     0.114     0.884     0.453
 9     0.978    -0.181     0.105
 2    97.284   -18.794    59.800
 2     0.829    -0.555     0.061
 2     0.555     0.831     0.023
 2    -0.064     0.015     0.998
 3   124.296    -2.031    10.893
 3    -0.323     0.043    -0.945
 3     0.099    -0.992    -0.080
 3    -0.941    -0.119     0.316
 4   112.991    13.625   -11.742
 4     0.497    -0.837     0.229
 4     0.853     0.423    -0.306
 4     0.159     0.348     0.924
 5   112.641    19.969    18.577
 5     0.268     0.038     0.963
 5     0.221    -0.975    -0.023
 5     0.938     0.219    -0.270
 6   124.690    25.892    46.461
 6     0.175    -0.718    -0.674
 6    -0.078     0.672    -0.736
 6     0.981     0.181     0.062
 7   119.077   -23.474   -11.960
 7     0.335     0.941    -0.046
 7    -0.863     0.326     0.385
 7     0.378    -0.090     0.921
 8   118.358   -28.031    18.023
 8     0.344     0.218     0.913
 8    -0.174    -0.941     0.290
 8     0.922    -0.259    -0.286
 9   132.543   -30.336    43.231
 9     0.175     0.431    -0.885
 9     0.114     0.884     0.453
 9     0.978    -0.181     0.105
 2    97.287   -18.793    59.797
 2     0.829    -0.555     0.061
 2     0.555     0.831     0.023
 2    -0.063     0.015     0.998
 3   124.246    -2.031    10.867
 3    -0.323     0.043    -0.945
 3     0.099    -0.992    -0.079
 3    -0.941    -0.119     0.316
 4   112.993    13.601   -11.720
 4     0.498    -0.836     0.230
 4     0.852     0.423    -0.307
 4     0.160     0.349     0.923
 5   112.634    19.966    18.587
 5     0.268     0.037     0.962
 5     0.221    -0.975    -0.024
 5     0.937     0.220    -0.270
 6   124.740    25.894    46.462
 6     0.176    -0.717    -0.675
 6    -0.077     0.673    -0.735
 6     0.981     0.181     0.063
 7   119.077   -23.525   -11.960
 7     0.335     0.941    -0.046
 7    -0.863     0.326     0.386
 7     0.378    -0.090     0.921
 8   118.357   -28.057    18.023
 8     0.344     0.219     0.913
 8    -0.174    -0.941     0.292
 8     0.922    -0.260    -0.286
 9   132.542   -30.386    43.281
 9     0.175     0.430    -0.885
 9     0.115     0.884     0.452
 9     0.978    -0.181     0.105
 2    97.284   -18.794    59.800
 2     0.829    -0.555     0.061
 2     0.555     0.831     0.023
 2    -0.064     0.015     0.998
 3   124.244    -2.082    10.893
 3    -0.323     0.045    -0.945
 3     0.098    -0.992    -0.081
 3    -0.941    -0.119     0.316
 4   112.885    13.557   -11.746
 4     0.497    -0.836     0.232
 4     0.851     0.418    -0.318
 4     0.168     0.355     0.919
 5   112.678    20.091    18.319
 5     0.263     0.020     0.964
 5     0.235    -0.971    -0.043
 5     0.936     0.238    -0.260
 6   125.113    25.894    46.136
 6     0.182    -0.698    -0.692
 6    -0.075     0.692    -0.718
 6     0.980     0.182     0.073
 7   118.980   -23.571   -11.910
 7     0.342     0.939    -0.040
 7    -0.860     0.330     0.389
 7     0.378    -0.099     0.920
 8   118.389   -28.138    17.488
 8     0.310     0.219     0.925
 8    -0.195    -0.938     0.287
 8     0.930    -0.270    -0.248
 9   132.630   -30.341    43.142
 9     0.178     0.425    -0.887
 9     0.114     0.886     0.448
 9     0.977    -0.182     0.109
 2    97.284   -18.794    59.800
 2     0.829    -0.555     0.061
 2     0.555     0.831     0.023
 2    -0.064     0.015     0.998
 3   124.118    -2.078    10.859
 3    -0.328     0.049    -0.943
 3     0.096    -0.992    -0.085
 3    -0.940    -0.119     0.320
 4   112.719    13.458   -11.760
 4     0.499    -0.835     0.233
 4     0.849     0.417    -0.324
 4     0.172     0.359     0.917
 5   112.803    20.218    18.259
 5     0.257     0.010     0.966
 5     0.239    -0.969    -0.053
 5     0.936     0.245    -0.252
 6   125.669    26.070    46.051
 6     0.195    -0.686    -0.701
 6    -0.075     0.702    -0.708
 6     0.978     0.190     0.085
 7   118.637   -23.566   -11.786
 7     0.350     0.936    -0.031
 7    -0.857     0.333     0.394
 7     0.379    -0.111     0.918
 8   118.389   -28.088    17.666
 8     0.311     0.218     0.925
 8    -0.197    -0.937     0.287
 8     0.930    -0.271    -0.249
 9   133.323   -30.471    42.823
 9     0.204     0.425    -0.882
 9     0.113     0.884     0.453
 9     0.972    -0.192     0.133
 2    97.284   -18.794    59.800
 2     0.829    -0.555     0.061
 2     0.555     0.831     0.023
 2    -0.064     0.015     0.998
 3   123.712    -2.065    10.641
 3    -0.340     0.043    -0.939
 3     0.098    -0.992    -0.081
 3    -0.935    -0.119     0.333
 4   112.010    13.503   -11.605
 4     0.507    -0.826     0.245
 4     0.844     0.421    -0.330
 4     0.169     0.375     0.911
 5   112.760    20.351    18.366
 5     0.278     0.012     0.960
 5     0.239    -0.969    -0.057
 5     0.930     0.245    -0.273
 6   126.310    26.013    45.771
 6     0.214    -0.663    -0.717
 6    -0.074     0.721    -0.689
 6     0.974     0.200     0.105
 7   117.568   -23.601   -11.741
 7     0.353     0.935    -0.004
 7    -0.860     0.327     0.391
 7     0.367    -0.135     0.920
 8   118.144   -28.140    17.728
 8     0.345     0.197     0.917
 8    -0.202    -0.939     0.277
 8     0.916    -0.281    -0.285
 9   133.834   -30.503    42.323
 9     0.236     0.430    -0.871
 9     0.113     0.878     0.464
 9     0.965    -0.208     0.159
 2    97.284   -18.794    59.800
 2     0.829    -0.555     0.061
 2     0.555     0.831     0.023
 2    -0.064     0.015     0.998
 3   123.354    -1.943    10.077
 3    -0.361     0.037    -0.932
 3     0.104    -0.991    -0.080
 3    -0.927    -0.126     0.354
 4   111.009    13.619   -11.562
 4     0.513    -0.817     0.264
 4     0.843     0.423    -0.333
 4     0.160     0.393     0.905
 5   112.653    20.682    18.539
 5     0.302     0.018     0.953
 5     0.241    -0.969    -0.058
 5     0.922     0.248    -0.297
 6   126.747    26.465    45.607
 6     0.231    -0.651    -0.723
 6    -0.072     0.729    -0.680
 6     0.970     0.209     0.122
 7   116.881   -23.410   -11.855
 7     0.365     0.931     0.021
 7    -0.863     0.330     0.381
 7     0.348    -0.157     0.924
 8   118.282   -28.149    17.542
 8     0.371     0.186     0.910
 8    -0.212    -0.937     0.278
 8     0.904    -0.296    -0.309
 9   134.438   -30.889    41.662
 9     0.260     0.429    -0.865
 9     0.101     0.879     0.466
 9     0.960    -0.209     0.185
 2    97.285   -18.743    59.800
 2     0.829    -0.555     0.061
 2     0.555     0.831     0.023
 2    -0.064     0.015     0.998
 3   123.203    -1.857     9.824
 3    -0.370     0.037    -0.928
 3     0.108    -0.991    -0.083
 3    -0.923    -0.131     0.362
 4   110.648    13.715   -11.402
 4     0.518    -0.811     0.272
 4     0.841     0.424    -0.336
 4     0.156     0.402     0.902
 5   113.028    20.861    18.654
 5     0.329     0.031     0.943
 5     0.249    -0.967    -0.055
 5     0.911     0.253    -0.326
 6   127.684    27.022    45.222
 6     0.260    -0.645    -0.718
 6    -0.063     0.731    -0.679
 6     0.963     0.222     0.150
 7   116.682   -23.315   -12.048
 7     0.372     0.927     0.032
 7    -0.865     0.334     0.375
 7     0.337    -0.167     0.926
 8   118.722   -28.342    17.429
 8     0.391     0.169     0.905
 8    -0.227    -0.935     0.272
 8     0.892    -0.312    -0.327
 9   135.436   -31.559    40.855
 9     0.286     0.431    -0.855
 9     0.082     0.878     0.470
 9     0.954    -0.205     0.216
 2    97.285   -18.743    59.800
 2     0.829    -0.555     0.061
 2     0.555     0.831     0.023
 2    -0.064     0.015     0.998
 3   123.160    -1.855     9.742
 3    -0.371     0.037    -0.928
 3     0.109    -0.990    -0.083
 3    -0.922    -0.132     0.363
 4   110.573    13.765   -11.402
 4     0.520    -0.809     0.273
 4     0.840     0.426    -0.337
 4     0.156     0.404     0.901
 5   113.809    21.058    18.673
 5     0.359     0.040     0.932
 5     0.262    -0.963    -0.059
 5     0.896     0.265    -0.356
 6   129.071    27.710    44.762
 6     0.280    -0.633    -0.722
 6    -0.051     0.741    -0.669
 6     0.958     0.224     0.175
 7   116.686   -23.313   -12.051
 7     0.373     0.927     0.032
 7    -0.864     0.335     0.376
 7     0.338    -0.169     0.926
 8   119.574   -28.301    17.566
 8     0.420     0.151     0.895
 8    -0.238    -0.933     0.269
 8     0.876    -0.326    -0.356
 9   136.837   -32.017    40.379
 9     0.311     0.431    -0.847
 9     0.070     0.878     0.473
 9     0.948    -0.207     0.243
 2    97.335   -18.794    59.800
 2     0.829    -0.555     0.061
 2     0.555     0.831     0.023
 2    -0.064     0.015     0.998
 3   123.252    -1.920     9.729
 3    -0.357     0.038    -0.933
 3     0.104    -0.991    -0.080
 3    -0.928    -0.126     0.350
 4   110.695    13.712   -11.497
 4     0.522    -0.809     0.271
 4     0.839     0.429    -0.335
 4     0.154     0.402     0.902
 5   114.410    21.380    18.675
 5     0.388     0.050     0.920
 5     0.277    -0.959    -0.064
 5     0.879     0.280    -0.386
 6   130.297    28.190    44.167
 6     0.306    -0.616    -0.726
 6    -0.038     0.754    -0.656
 6     0.951     0.228     0.207
 7   116.825   -23.431   -12.022
 7     0.379     0.925     0.031
 7    -0.859     0.339     0.383
 7     0.344    -0.172     0.923
 8   120.223   -28.714    17.827
 8     0.451     0.143     0.880
 8    -0.242    -0.930     0.276
 8     0.859    -0.338    -0.385
 9   138.136   -32.322    39.861
 9     0.340     0.420    -0.841
 9     0.065     0.882     0.467
 9     0.938    -0.214     0.272
 2    97.285   -18.743    59.800
 2     0.829    -0.555     0.061
 2     0.555     0.831     0.023
 2    -0.064     0.015     0.998
 3   123.237    -1.950     9.691
 3    -0.354     0.040    -0.934
 3     0.101    -0.991    -0.081
 3    -0.930    -0.124     0.346
 4   110.641    13.583   -11.541
 4     0.522    -0.809     0.270
 4     0.839     0.431    -0.332
 4     0.152     0.400     0.903
 5   114.910    21.669    18.670
 5     0.426     0.069     0.901
 5     0.292    -0.954    -0.066
 5     0.856     0.291    -0.427
 6   131.920    28.809    43.160
 6     0.343    -0.583    -0.736
 6    -0.027     0.777    -0.629
 6     0.939     0.236     0.251
 7   116.736   -23.602   -11.909
 7     0.384     0.922     0.031
 7    -0.855     0.343     0.389
 7     0.348    -0.177     0.920
 8   120.997   -28.775    18.192
 8     0.506     0.127     0.853
 8    -0.244    -0.927     0.284
 8     0.827    -0.352    -0.438
 9   139.404   -32.780    39.225
 9     0.373     0.410    -0.832
 9     0.062     0.884     0.463
 9     0.926    -0.225     0.304
 2    97.335   -18.794    59.800
 2     0.829    -0.555     0.061
 2     0.555     0.831     0.023
 2    -0.064     0.015     0.998
 3   123.179    -1.953     9.697
 3    -0.351     0.043    -0.935
 3     0.099    -0.991    -0.083
 3    -0.931    -0.122     0.344
 4   110.563    13.429   -11.611
 4     0.523    -0.808     0.269
 4     0.839     0.433    -0.330
 4     0.150     0.398     0.905
 5   115.492    22.184    18.698
 5     0.462     0.074     0.883
 5     0.307    -0.948    -0.082
 5     0.832     0.309    -0.461
 6   133.492    29.443    42.256
 6     0.385    -0.547    -0.743
 6    -0.019     0.800    -0.599
 6     0.922     0.245     0.297
 7   116.668   -23.699   -11.814
 7     0.388     0.921     0.034
 7    -0.852     0.345     0.393
 7     0.350    -0.182     0.919
 8   121.540   -28.968    18.426
 8     0.547     0.110     0.829
 8    -0.250    -0.924     0.287
 8     0.798    -0.365    -0.479
 9   140.692   -33.088    38.445
 9     0.406     0.401    -0.821
 9     0.056     0.886     0.460
 9     0.912    -0.234     0.337
 2    97.284   -18.794    59.800
 2     0.829    -0.555     0.061
 2     0.555     0.831     0.023
 2    -0.064     0.015     0.998
 3   123.154    -1.953     9.671
 3    -0.350     0.043    -0.936
 3     0.099    -0.992    -0.083
 3    -0.931    -0.121     0.343
 4   110.401    13.245   -11.594
 4     0.526    -0.806     0.271
 4     0.838     0.437    -0.326
 4     0.144     0.398     0.906
 5   116.330    22.718    18.442
 5     0.501     0.082     0.861
 5     0.324    -0.941    -0.099
 5     0.802     0.329    -0.498
 6   135.533    30.178    40.899
 6     0.432    -0.520    -0.737
 6    -0.007     0.815    -0.579
 6     0.902     0.255     0.348
 7   116.618   -23.698   -11.814
 7     0.390     0.920     0.035
 7    -0.852     0.346     0.393
 7     0.350    -0.184     0.918
 8   122.430   -29.522    18.332
 8     0.585     0.091     0.805
 8    -0.262    -0.919     0.294
 8     0.767    -0.384    -0.514
 9   142.459   -33.605    37.334
 9     0.448     0.387    -0.806
 9     0.047     0.889     0.454
 9     0.893    -0.242     0.380
 2    97.284   -18.794    59.800
 2     0.829    -0.555     0.061
 2     0.555     0.831     0.023
 2    -0.064     0.015     0.998
 3   123.146    -2.006     9.676
 3    -0.350     0.043    -0.936
 3     0.098    -0.992    -0.082
 3    -0.932    -0.120     0.343
 4   110.346    13.207   -11.558
 4     0.530    -0.801     0.278
 4     0.838     0.443    -0.319
 4     0.131     0.402     0.906
 5   117.304    23.203    18.406
 5     0.539     0.086     0.838
 5     0.335    -0.934    -0.120
 5     0.772     0.346    -0.532
 6   137.499    30.862    39.818
 6     0.474    -0.492    -0.730
 6     0.005     0.831    -0.557
 6     0.880     0.260     0.396
 7   116.563   -23.648   -11.758
 7     0.393     0.919     0.035
 7    -0.851     0.349     0.392
 7     0.348    -0.184     0.919
 8   123.582   -29.771    18.108
 8     0.629     0.069     0.774
 8    -0.269    -0.915     0.301
 8     0.729    -0.398    -0.557
 9   144.469   -33.697    35.812
 9     0.499     0.369    -0.784
 9     0.044     0.892     0.448
 9     0.865    -0.259     0.429
 2    97.287   -18.793    59.797
 2     0.829    -0.555     0.061
 2     0.555     0.831     0.023
 2    -0.063     0.015     0.998
 3   123.145    -2.006     9.676
 3    -0.348     0.044    -0.936
 3     0.097    -0.992    -0.083
 3    -0.932    -0.119     0.341
 4   110.255    13.191   -11.564
 4     0.536    -0.792     0.293
 4     0.836     0.451    -0.311
 4     0.114     0.412     0.904
 5   118.269    23.838    18.017
 5     0.580     0.096     0.809
 5     0.345    -0.928    -0.137
 5     0.738     0.359    -0.572
 6   139.287    31.534    37.951
 6     0.526    -0.466    -0.712
 6     0.012     0.841    -0.541
 6     0.850     0.275     0.448
 7   116.598   -23.574   -11.741
 7     0.399     0.916     0.035
 7    -0.850     0.356     0.387
 7     0.342    -0.185     0.921
 8   124.984   -29.745    17.868
 8     0.681     0.049     0.730
 8    -0.271    -0.910     0.314
 8     0.680    -0.412    -0.606
 9   147.015   -33.747    33.734
 9     0.564     0.345    -0.750
 9     0.045     0.894     0.445
 9     0.824    -0.285     0.489
 2    97.284   -18.794    59.800
 2     0.829    -0.555     0.061
 2     0.555     0.831     0.023
 2    -0.064     0.015     0.998
 3   123.133    -1.935     9.818
 3    -0.344     0.047    -0.938
 3     0.095    -0.992    -0.084
 3    -0.934    -0.118     0.337
 4   110.270    13.203   -11.573
 4     0.540    -0.785     0.303
 4     0.835     0.458    -0.304
 4     0.099     0.417     0.903
 5   119.166    24.025    17.825
 5     0.613     0.101     0.783
 5     0.347    -0.925    -0.152
 5     0.710     0.365    -0.602
 6   141.154    31.729    36.756
 6     0.566    -0.440    -0.697
 6     0.012     0.850    -0.527
 6     0.824     0.289     0.486
 7   116.571   -23.299   -11.863
 7     0.413     0.909     0.037
 7    -0.848     0.370     0.379
 7     0.331    -0.189     0.924
 8   126.301   -29.821    17.361
 8     0.725     0.019     0.688
 8    -0.277    -0.907     0.316
 8     0.631    -0.420    -0.653
 9   149.214   -33.664    31.800
 9     0.617     0.326    -0.716
 9     0.043     0.895     0.444
 9     0.785    -0.305     0.538
 2    97.284   -18.794    59.800
 2     0.829    -0.555     0.061
 2     0.555     0.831     0.023
 2    -0.064     0.015     0.998
 3   123.078    -1.891     9.886
 3    -0.339     0.049    -0.939
 3     0.096    -0.992    -0.086
 3    -0.936    -0.119     0.332
 4   110.275    13.295   -11.574
 4     0.546    -0.779     0.309
 4     0.833     0.464    -0.301
 4     0.090     0.421     0.902
 5   120.059    24.120    17.505
 5     0.639     0.106     0.762
 5     0.346    -0.924    -0.162
 5     0.687     0.367    -0.627
 6   142.741    31.394    35.362
 6     0.599    -0.414    -0.685
 6     0.009     0.859    -0.511
 6     0.800     0.300     0.519
 7   116.588   -23.229   -12.024
 7     0.425     0.904     0.044
 7    -0.848     0.381     0.369
 7     0.317    -0.194     0.928
 8   127.084   -30.102    16.466
 8     0.745     0.014     0.667
 8    -0.289    -0.894     0.342
 8     0.601    -0.447    -0.662
 9   150.879   -33.653    29.626
 9     0.661     0.294    -0.691
 9     0.040     0.905     0.423
 9     0.749    -0.307     0.586
 2    97.285   -18.743    59.800
 2     0.829    -0.555     0.061
 2     0.555     0.831     0.023
 2    -0.064     0.015     0.998
 3   123.132    -1.843     9.923
 3    -0.336     0.050    -0.940
 3     0.098    -0.991    -0.088
 3    -0.937    -0.122     0.328
 4   110.326    13.345   -11.573
 4     0.548    -0.778     0.307
 4     0.831     0.467    -0.301
 4     0.090     0.420     0.903
 5   120.676    24.676    17.150
 5     0.651     0.072     0.756
 5     0.347    -0.913    -0.212
 5     0.675     0.400    -0.619
 6   144.027    31.682    34.442
 6     0.619    -0.368    -0.694
 6     0.014     0.888    -0.459
 6     0.785     0.274     0.555
 7   116.654   -23.070   -12.006
 7     0.442     0.896     0.030
 7    -0.840     0.401     0.366
 7     0.316    -0.187     0.930
 8   127.553   -30.698    15.596
 8     0.731     0.074     0.678
 8    -0.294    -0.863     0.411
 8     0.615    -0.500    -0.609
 9   151.843   -33.214    28.533
 9     0.683     0.244    -0.688
 9     0.047     0.926     0.374
 9     0.729    -0.288     0.621
 2    97.285   -18.743    59.800
 2     0.829    -0.555     0.061
 2     0.555     0.831     0.023
 2    -0.064     0.015     0.998
 3   123.188    -1.827     9.978
 3    -0.351     0.032    -0.936
 3     0.112    -0.991    -0.076
 3    -0.930    -0.131     0.344
 4   110.400    13.352   -11.399
 4     0.552    -0.777     0.304
 4     0.828     0.466    -0.312
 4     0.100     0.423     0.900
 5   121.080    25.232    17.002
 5     0.665     0.048     0.745
 5     0.350    -0.902    -0.254
 5     0.660     0.429    -0.617
 6   145.097    31.565    33.481
 6     0.636    -0.327    -0.699
 6     0.014     0.910    -0.413
 6     0.772     0.253     0.583
 7   116.661   -22.936   -11.922
 7     0.450     0.892     0.021
 7    -0.833     0.412     0.368
 7     0.320    -0.184     0.929
 8   127.864   -30.708    15.546
 8     0.741     0.072     0.667
 8    -0.297    -0.857     0.422
 8     0.602    -0.511    -0.614
 9   152.391   -33.051    27.853
 9     0.697     0.227    -0.680
 9     0.047     0.932     0.360
 9     0.715    -0.283     0.639
 2    97.284   -18.794    59.800
 2     0.829    -0.555     0.061
 2     0.555     0.831     0.023
 2    -0.064     0.015     0.998
 3   123.239    -1.904    10.137
 3    -0.372     0.014    -0.928
 3     0.121    -0.990    -0.064
 3    -0.920    -0.136     0.367
 4   110.494    13.433   -11.092
 4     0.557    -0.774     0.302
 4     0.823     0.466    -0.323
 4     0.108     0.428     0.897
 5   122.013    25.843    16.690
 5     0.694     0.049     0.718
 5     0.358    -0.890    -0.285
 5     0.624     0.454    -0.635
 6   146.526    32.348    32.153
 6     0.669    -0.298    -0.681
 6     0.022     0.923    -0.383
 6     0.743     0.240     0.624
 7   116.671   -22.749   -11.771
 7     0.461     0.887     0.008
 7    -0.825     0.426     0.372
 7     0.326    -0.178     0.928
 8   128.517   -30.827    15.080
 8     0.759     0.068     0.648
 8    -0.300    -0.846     0.441
 8     0.578    -0.529    -0.621
 9   153.482   -33.057    26.278
 9     0.728     0.199    -0.656
 9     0.048     0.939     0.339
 9     0.683    -0.278     0.675
 2    97.285   -18.743    59.800
 2     0.829    -0.555     0.061
 2     0.555     0.831     0.023
 2    -0.064     0.014     0.998
 3   123.267    -1.968     9.953
 3    -0.383     0.007    -0.924
 3     0.127    -0.990    -0.060
 3    -0.915    -0.140     0.378
 4   110.593    13.482   -11.020
 4     0.564    -0.766     0.309
 4     0.819     0.469    -0.330
 4     0.108     0.439     0.892
 5   122.907    25.873    16.210
 5     0.723     0.054     0.688
 5     0.359    -0.881    -0.309
 5     0.589     0.471    -0.657
 6   148.029    31.949    30.072
 6     0.711    -0.263    -0.652
 6     0.015     0.933    -0.359
 6     0.703     0.245     0.667
 7   116.661   -22.697   -11.863
 7     0.470     0.882     0.007
 7    -0.822     0.434     0.369
 7     0.322    -0.180     0.929
 8   128.939   -30.839    14.753
 8     0.773     0.055     0.632
 8    -0.303    -0.843     0.445
 8     0.557    -0.535    -0.635
 9   154.267   -32.904    24.994
 9     0.754     0.180    -0.631
 9     0.053     0.941     0.332
 9     0.654    -0.285     0.700
 2    97.284   -18.794    59.800
 2     0.829    -0.555     0.061
 2     0.555     0.831     0.023
 2    -0.064     0.015     0.998
 3   123.307    -2.012     9.908
 3    -0.390     0.001    -0.921
 3     0.130    -0.990    -0.057
 3    -0.912    -0.142     0.385
 4   110.582    13.376   -11.013
 4     0.569    -0.759     0.317
 4     0.816     0.472    -0.334
 4     0.104     0.449     0.887
 5   123.471    26.026    16.053
 5     0.739     0.059     0.671
 5     0.361    -0.876    -0.320
 5     0.569     0.479    -0.668
 6   149.053    32.051    28.960
 6     0.735    -0.244    -0.633
 6     0.014     0.938    -0.346
 6     0.678     0.245     0.692
 7   116.630   -22.643   -11.861
 7     0.481     0.876     0.007
 7    -0.816     0.445     0.369
 7     0.320    -0.183     0.929
 8   129.312   -30.920    14.408
 8     0.783     0.027     0.621
 8    -0.308    -0.851     0.425
 8     0.541    -0.524    -0.658
 9   154.840   -32.952    23.906
 9     0.777     0.173    -0.606
 9     0.057     0.938     0.341
 9     0.627    -0.299     0.719
 2    97.285   -18.743    59.800
 2     0.829    -0.555     0.061
 2     0.555     0.831     0.023
 2    -0.064     0.015     0.998
 3   123.293    -2.008     9.845
 3    -0.392    -0.000    -0.920
 3     0.132    -0.990    -0.056
 3    -0.910    -0.143     0.388
 4   110.522    13.346   -11.004
 4     0.571    -0.755     0.323
 4     0.814     0.473    -0.336
 4     0.100     0.454     0.885
 5   123.602    25.932    15.748
 5     0.750     0.062     0.658
 5     0.360    -0.873    -0.328
 5     0.554     0.483    -0.678
 6   149.308    31.780    28.136
 6     0.749    -0.231    -0.621
 6     0.010     0.941    -0.338
 6     0.662     0.247     0.707
 7   116.479   -22.693   -11.807
 7     0.484     0.875     0.008
 7    -0.815     0.447     0.369
 7     0.319    -0.186     0.929
 8   129.370   -30.845    14.436
 8     0.789     0.022     0.613
 8    -0.304    -0.854     0.422
 8     0.533    -0.520    -0.668
 9   155.060   -32.612    23.271
 9     0.792     0.162    -0.589
 9     0.066     0.935     0.347
 9     0.607    -0.314     0.730
 2    97.284   -18.794    59.800
 2     0.829    -0.555     0.061
 2     0.555     0.831     0.023
 2    -0.064     0.015     0.998
 3   123.191    -2.058     9.845
 3    -0.393    -0.001    -0.919
 3     0.131    -0.990    -0.056
 3    -0.910    -0.143     0.389
 4   110.284    13.240   -10.941
 4     0.572    -0.751     0.329
 4     0.815     0.474    -0.335
 4     0.095     0.460     0.883
 5   123.937    26.135    15.367
 5     0.763     0.071     0.642
 5     0.366    -0.866    -0.340
 5     0.532     0.494    -0.687
 6   150.156    32.060    26.721
 6     0.772    -0.214    -0.598
 6     0.012     0.946    -0.324
 6     0.635     0.243     0.733
 7   116.460   -22.738   -11.764
 7     0.490     0.871     0.010
 7    -0.811     0.452     0.373
 7     0.321    -0.191     0.928
 8   129.681   -30.749    14.324
 8     0.802     0.008     0.596
 8    -0.300    -0.858     0.416
 8     0.515    -0.514    -0.686
 9   155.542   -32.447    22.696
 9     0.803     0.157    -0.575
 9     0.070     0.933     0.353
 9     0.591    -0.324     0.738
 2    97.285   -18.794    59.800
 2     0.829    -0.555     0.061
 2     0.554     0.831     0.023
 2    -0.064     0.015     0.998
 3   123.118    -2.104     9.778
 3    -0.399    -0.003    -0.917
 3     0.130    -0.990    -0.054
 3    -0.908    -0.141     0.395
 4   110.190    13.156   -10.972
 4     0.575    -0.745     0.339
 4     0.813     0.476    -0.333
 4     0.087     0.467     0.880
 5   124.338    26.512    14.877
 5     0.775     0.080     0.626
 5     0.377    -0.854    -0.358
 5     0.506     0.514    -0.692
 6   150.831    32.086    25.179
 6     0.794    -0.199    -0.574
 6     0.015     0.951    -0.309
 6     0.607     0.237     0.758
 7   116.358   -22.736   -11.687
 7     0.496     0.868     0.009
 7    -0.807     0.457     0.374
 7     0.320    -0.194     0.927
 8   129.910   -30.888    14.117
 8     0.813    -0.006     0.582
 8    -0.305    -0.856     0.417
 8     0.495    -0.517    -0.698
 9   155.982   -32.446    21.455
 9     0.824     0.138    -0.549
 9     0.074     0.935     0.346
 9     0.561    -0.327     0.760
 2    97.284   -18.794    59.800
 2     0.829    -0.555     0.061
 2     0.555     0.831     0.023
 2    -0.064     0.015     0.998
 3   123.136    -2.123     9.711
 3    -0.404    -0.006    -0.915
 3     0.134    -0.989    -0.053
 3    -0.905    -0.144     0.400
 4   110.121    13.098   -11.008
 4     0.579    -0.737     0.349
 4     0.811     0.479    -0.335
 4     0.080     0.477     0.875
 5   124.599    26.445    14.567
 5     0.784     0.084     0.615
 5     0.378    -0.851    -0.365
 5     0.492     0.519    -0.699
 6   151.237    32.147    24.451
 6     0.806    -0.191    -0.560
 6     0.014     0.952    -0.304
 6     0.591     0.237     0.771
 7   116.371   -22.612   -11.662
 7     0.519     0.854     0.024
 7    -0.799     0.475     0.368
 7     0.303    -0.211     0.929
 8   130.298   -30.871    13.873
 8     0.823    -0.021     0.568
 8    -0.307    -0.857     0.413
 8     0.478    -0.515    -0.712
 9   156.570   -32.472    20.142
 9     0.845     0.121    -0.521
 9     0.078     0.935     0.345
 9     0.529    -0.332     0.781
 2    97.284   -18.794    59.800
 2     0.829    -0.555     0.061
 2     0.555     0.831     0.023
 2    -0.064     0.015     0.998
 3   123.145    -2.121     9.706
 3    -0.406    -0.009    -0.914
 3     0.137    -0.989    -0.052
 3    -0.904    -0.146     0.402
 4   110.119    13.148   -10.955
 4     0.580    -0.735     0.350
 4     0.810     0.480    -0.336
 4     0.079     0.479     0.874
 5   124.733    26.437    14.460
 5     0.789     0.084     0.609
 5     0.376    -0.850    -0.369
 5     0.486     0.520    -0.702
 6   151.465    31.959    24.130
 6     0.813    -0.181    -0.554
 6     0.009     0.954    -0.298
 6     0.582     0.237     0.777
 7   116.269   -22.613   -11.710
 7     0.520     0.854     0.026
 7    -0.799     0.475     0.368
 7     0.302    -0.212     0.929
 8   130.480   -30.906    13.584
 8     0.833    -0.031     0.552
 8    -0.307    -0.856     0.415
 8     0.459    -0.516    -0.723
 9   156.886   -32.082    19.270
 9     0.856     0.102    -0.506
 9     0.086     0.938     0.335
 9     0.508    -0.331     0.795
 2    97.284   -18.794    59.800
 2     0.829    -0.555     0.061
 2     0.555     0.831     0.023
 2    -0.064     0.015     0.998
 3   123.105    -2.168     9.668
 3    -0.409    -0.012    -0.912
 3     0.139    -0.989    -0.049
 3    -0.902    -0.147     0.406
 4   110.029    13.040   -10.991
 4     0.584    -0.729     0.357
 4     0.808     0.483    -0.336
 4     0.073     0.485     0.871
 5   125.036    26.469    14.160
 5     0.798     0.090     0.595
 5     0.377    -0.846    -0.378
 5     0.469     0.526    -0.709
 6   151.986    31.940    22.937
 6     0.827    -0.167    -0.536
 6     0.006     0.957    -0.289
 6     0.561     0.236     0.793
 7   116.082   -22.613   -11.697
 7     0.529     0.848     0.029
 7    -0.795     0.483     0.367
 7     0.297    -0.217     0.930
 8   130.836   -30.916    13.297
 8     0.844    -0.044     0.534
 8    -0.307    -0.856     0.416
 8     0.439    -0.515    -0.736
 9   157.172   -32.172    18.430
 9     0.866     0.098    -0.490
 9     0.083     0.938     0.335
 9     0.493    -0.331     0.804
 2    97.285   -18.743    59.800
 2     0.829    -0.555     0.061
 2     0.555     0.831     0.023
 2    -0.064     0.014     0.998
 3   123.066    -2.215     9.606
 3    -0.411    -0.014    -0.911
 3     0.141    -0.989    -0.049
 3    -0.900    -0.149     0.409
 4   109.903    12.979   -10.988
 4     0.587    -0.722     0.366
 4     0.807     0.487    -0.334
 4     0.062     0.491     0.869
 5   125.284    26.524    13.764
 5     0.808     0.097     0.581
 5     0.380    -0.840    -0.387
 5     0.450     0.534    -0.716
 6   152.464    31.796    22.041
 6     0.840    -0.155    -0.520
 6     0.004     0.960    -0.279
 6     0.542     0.232     0.807
 7   116.006   -22.637   -11.694
 7     0.533     0.845     0.031
 7    -0.792     0.486     0.368
 7     0.296    -0.222     0.929
 8   131.093   -30.977    13.006
 8     0.854    -0.053     0.517
 8    -0.307    -0.855     0.419
 8     0.420    -0.516    -0.746
 9   157.492   -32.291    17.379
 9     0.878     0.089    -0.471
 9     0.082     0.940     0.331
 9     0.472    -0.329     0.818
 2    97.285   -18.743    59.800
 2     0.829    -0.555     0.061
 2     0.555     0.831     0.023
 2    -0.064     0.015     0.998
 3   123.017    -2.266     9.607
 3    -0.412    -0.015    -0.911
 3     0.142    -0.989    -0.049
 3    -0.900    -0.150     0.410
 4   109.754    12.893   -11.013
 4     0.590    -0.715     0.374
 4     0.805     0.491    -0.331
 4     0.052     0.497     0.866
 5   125.536    26.453    13.336
 5     0.818     0.104     0.565
 5     0.379    -0.838    -0.393
 5     0.432     0.536    -0.725
 6   152.852    31.467    20.782
 6     0.855    -0.138    -0.499
 6    -0.003     0.962    -0.272
 6     0.517     0.234     0.823
 7   115.999   -22.636   -11.687
 7     0.540     0.840     0.033
 7    -0.789     0.492     0.368
 7     0.293    -0.225     0.929
 8   131.289   -30.983    12.745
 8     0.860    -0.060     0.505
 8    -0.306    -0.854     0.420
 8     0.407    -0.516    -0.754
 9   157.834   -32.302    16.787
 9     0.884     0.085    -0.459
 9     0.081     0.940     0.331
 9     0.459    -0.330     0.824
 2    97.287   -18.742    59.798
 2     0.829    -0.556     0.061
 2     0.555     0.831     0.023
 2    -0.063     0.014     0.998
 3   123.023    -2.264     9.602
 3    -0.413    -0.016    -0.910
 3     0.143    -0.988    -0.048
 3    -0.899    -0.151     0.411
 4   109.721    12.829   -11.028
 4     0.594    -0.705     0.386
 4     0.803     0.498    -0.328
 4     0.038     0.505     0.862
 5   126.006    26.585    12.939
 5     0.827     0.114     0.549
 5     0.381    -0.834    -0.400
 5     0.412     0.540    -0.734
 6   153.329    31.399    19.735
 6     0.868    -0.126    -0.481
 6    -0.005     0.965    -0.263
 6     0.497     0.230     0.836
 7   115.945   -22.611   -11.681
 7     0.543     0.839     0.035
 7    -0.788     0.494     0.368
 7     0.291    -0.227     0.929
 8   131.367   -30.937    12.680
 8     0.865    -0.068     0.496
 8    -0.306    -0.855     0.418
 8     0.396    -0.514    -0.761
 9   157.899   -32.143    15.898
 9     0.896     0.072    -0.438
 9     0.087     0.939     0.332
 9     0.435    -0.336     0.835
 2    97.287   -18.742    59.797
 2     0.829    -0.556     0.061
 2     0.555     0.831     0.023
 2    -0.063     0.015     0.998
 3   123.000    -2.264     9.550
 3    -0.414    -0.018    -0.910
 3     0.145    -0.988    -0.046
 3    -0.899    -0.151     0.411
 4   109.641    12.765   -11.070
 4     0.599    -0.696     0.396
 4     0.800     0.504    -0.323
 4     0.025     0.510     0.859
 5   126.232    26.639    12.466
 5     0.837     0.120     0.534
 5     0.381    -0.828    -0.410
 5     0.393     0.547    -0.739
 6   153.845    31.250    18.296
 6     0.881    -0.113    -0.459
 6    -0.007     0.968    -0.252
 6     0.472     0.225     0.852
 7   115.884   -22.611   -11.717
 7     0.550     0.834     0.039
 7    -0.784     0.500     0.367
 7     0.286    -0.233     0.929
 8   131.741   -30.873    12.325
 8     0.876    -0.078     0.475
 8    -0.305    -0.854     0.421
 8     0.373    -0.514    -0.772
 9   158.308   -32.113    14.631
 9     0.908     0.058    -0.414
 9     0.088     0.941     0.326
 9     0.409    -0.333     0.849
 2    97.287   -18.742    59.823
 2     0.829    -0.555     0.060
 2     0.555     0.831     0.023
 2    -0.063     0.014     0.998
 3   123.034    -2.287     9.495
 3    -0.414    -0.020    -0.910
 3     0.147    -0.988    -0.046
 3    -0.898    -0.153     0.411
 4   109.560    12.753   -11.138
 4     0.602    -0.687     0.406
 4     0.798     0.510    -0.320
 4     0.012     0.517     0.856
 5   126.586    26.620    12.089
 5     0.846     0.126     0.518
 5     0.379    -0.826    -0.418
 5     0.375     0.550    -0.746
 6   154.280    31.184    17.414
 6     0.890    -0.102    -0.443
 6    -0.011     0.969    -0.245
 6     0.455     0.222     0.862
 7   115.809   -22.518   -11.695
 7     0.573     0.817     0.063
 7    -0.776     0.517     0.361
 7     0.262    -0.256     0.930
 8   132.050   -30.832    11.977
 8     0.884    -0.084     0.459
 8    -0.303    -0.852     0.427
 8     0.355    -0.517    -0.779
 9   158.652   -31.824    13.625
 9     0.917     0.042    -0.397
 9     0.093     0.944     0.316
 9     0.388    -0.327     0.861
 2    97.287   -18.742    59.797
 2     0.829    -0.555     0.061
 2     0.555     0.831     0.023
 2    -0.063     0.015     0.998
 3   123.018    -2.337     9.465
 3    -0.415    -0.021    -0.910
 3     0.150    -0.988    -0.045
 3    -0.897    -0.155     0.412
 4   109.548    12.697   -11.177
 4     0.605    -0.682     0.411
 4     0.796     0.513    -0.320
 4     0.007     0.521     0.853
 5   126.799    26.707    11.774
 5     0.851     0.133     0.507
 5     0.380    -0.823    -0.422
 5     0.361     0.552    -0.752
 6   154.537    31.042    16.457
 6     0.899    -0.093    -0.427
 6    -0.014     0.970    -0.240
 6     0.437     0.222     0.871
 7   115.752   -22.520   -11.711
 7     0.574     0.816     0.065
 7    -0.776     0.518     0.359
 7     0.259    -0.257     0.931
 8   132.247   -30.839    11.736
 8     0.889    -0.088     0.448
