% Calibrated with leiden_pols
% Positions are in centimeters
Data =[
 2    97.335   -18.794    59.749
 2     0.829    -0.555     0.062
 2     0.555     0.831     0.023
 2    -0.064     0.016     0.998
 3   126.357    -1.893    12.210
 3    -0.273    -0.071    -0.959
 3     0.166    -0.986     0.026
 3    -0.948    -0.153     0.281
 4   117.270    12.869   -14.623
 4     0.671    -0.620     0.406
 4     0.734     0.630    -0.251
 4    -0.101     0.467     0.878
 5   122.198    25.266    13.129
 5     0.381    -0.462     0.801
 5     0.218    -0.797    -0.563
 5     0.898     0.389    -0.203
 6   142.722     8.590    28.677
 6     0.502     0.713    -0.489
 6    -0.656     0.682     0.323
 6     0.564     0.158     0.810
 7   124.744   -21.513   -13.917
 7     0.616     0.787    -0.019
 7    -0.731     0.580     0.360
 7     0.295    -0.208     0.932
 8   133.185   -32.773    13.220
 8     0.625     0.608     0.490
 8    -0.147    -0.525     0.838
 8     0.767    -0.596    -0.239
 9   145.057   -10.794    28.136
 9     0.123    -0.851    -0.511
 9     0.760     0.412    -0.503
 9     0.638    -0.326     0.697
 2    97.335   -18.794    59.749
 2     0.829    -0.555     0.062
 2     0.555     0.831     0.023
 2    -0.064     0.015     0.998
 3   126.257    -1.846    12.271
 3    -0.269    -0.070    -0.960
 3     0.166    -0.986     0.025
 3    -0.949    -0.153     0.277
 4   117.222    12.870   -14.626
 4     0.671    -0.620     0.406
 4     0.734     0.630    -0.251
 4    -0.100     0.467     0.878
 5   122.513    25.857    12.897
 5     0.396    -0.457     0.796
 5     0.233    -0.789    -0.569
 5     0.888     0.411    -0.206
 6   142.651     8.728    28.165
 6     0.481     0.740    -0.469
 6    -0.672     0.655     0.344
 6     0.562     0.149     0.813
 7   124.716   -21.466   -13.883
 7     0.613     0.790    -0.015
 7    -0.733     0.576     0.360
 7     0.293    -0.210     0.932
 8   133.325   -32.855    13.007
 8     0.626     0.603     0.494
 8    -0.153    -0.526     0.836
 8     0.764    -0.599    -0.237
 9   144.901   -10.585    27.049
 9     0.115    -0.868    -0.483
 9     0.781     0.379    -0.496
 9     0.614    -0.320     0.721
 2    97.335   -18.743    59.749
 2     0.829    -0.556     0.062
 2     0.555     0.831     0.023
 2    -0.064     0.015     0.998
 3   126.013    -1.963    12.340
 3    -0.254    -0.069    -0.965
 3     0.168    -0.985     0.026
 3    -0.953    -0.155     0.262
 4   117.217    12.815   -14.667
 4     0.674    -0.617     0.406
 4     0.731     0.634    -0.251
 4    -0.103     0.466     0.879
 5   123.219    26.913    12.051
 5     0.419    -0.477     0.772
 5     0.260    -0.752    -0.606
 5     0.870     0.454    -0.191
 6   142.662     8.597    26.995
 6     0.449     0.774    -0.447
 6    -0.702     0.615     0.360
 6     0.553     0.152     0.819
 7   124.535   -21.403   -14.188
 7     0.613     0.790     0.003
 7    -0.739     0.572     0.355
 7     0.278    -0.220     0.935
 8   133.598   -33.168    12.437
 8     0.635     0.591     0.497
 8    -0.160    -0.529     0.833
 8     0.756    -0.609    -0.241
 9   144.874   -10.380    25.098
 9     0.103    -0.885    -0.454
 9     0.806     0.341    -0.483
 9     0.582    -0.316     0.749
 2    97.335   -18.794    59.749
 2     0.829    -0.555     0.061
 2     0.555     0.831     0.023
 2    -0.064     0.015     0.998
 3   125.971    -2.021    12.186
 3    -0.244    -0.069    -0.967
 3     0.169    -0.985     0.028
 3    -0.955    -0.156     0.252
 4   117.515    12.352   -15.346
 4     0.692    -0.592     0.413
 4     0.710     0.661    -0.242
 4    -0.131     0.461     0.878
 5   123.769    27.907    10.622
 5     0.425    -0.490     0.761
 5     0.295    -0.720    -0.628
 5     0.855     0.491    -0.162
 6   142.693     8.874    25.317
 6     0.420     0.800    -0.427
 6    -0.727     0.579     0.369
 6     0.543     0.155     0.825
 7   124.641   -21.066   -14.983
 7     0.630     0.776     0.031
 7    -0.736     0.584     0.342
 7     0.247    -0.238     0.939
 8   134.659   -33.521    10.550
 8     0.657     0.590     0.468
 8    -0.167    -0.491     0.855
 8     0.735    -0.640    -0.224
 9   144.888   -10.069    23.032
 9     0.059    -0.904    -0.423
 9     0.815     0.288    -0.502
 9     0.576    -0.316     0.754
 2    97.284   -18.794    59.800
 2     0.829    -0.555     0.062
 2     0.555     0.831     0.023
 2    -0.064     0.015     0.998
 3   125.924    -2.101    12.021
 3    -0.240    -0.067    -0.969
 3     0.169    -0.985     0.026
 3    -0.956    -0.157     0.247
 4   117.687    11.968   -15.881
 4     0.703    -0.570     0.425
 4     0.694     0.681    -0.234
 4    -0.157     0.459     0.874
 5   123.891    28.428     9.259
 5     0.425    -0.493     0.759
 5     0.325    -0.699    -0.637
 5     0.844     0.517    -0.137
 6   142.598     8.768    23.390
 6     0.406     0.819    -0.406
 6    -0.749     0.552     0.365
 6     0.523     0.155     0.838
 7   124.408   -20.564   -16.033
 7     0.653     0.754     0.070
 7    -0.731     0.603     0.320
 7     0.199    -0.260     0.945
 8   135.499   -33.551     8.714
 8     0.685     0.585     0.433
 8    -0.173    -0.446     0.878
 8     0.707    -0.677    -0.204
 9   144.960    -9.808    20.571
 9     0.021    -0.922    -0.387
 9     0.819     0.238    -0.522
 9     0.573    -0.306     0.760
 2    97.284   -18.794    59.800
 2     0.829    -0.555     0.061
 2     0.555     0.831     0.023
 2    -0.064     0.015     0.998
 3   125.862    -2.100    11.763
 3    -0.241    -0.066    -0.968
 3     0.165    -0.986     0.026
 3    -0.956    -0.154     0.248
 4   117.866    11.347   -16.674
 4     0.716    -0.538     0.444
 4     0.671     0.705    -0.228
 4    -0.191     0.461     0.866
 5   123.972    28.957     7.655
 5     0.415    -0.495     0.763
 5     0.360    -0.681    -0.638
 5     0.835     0.540    -0.105
 6   142.378     8.813    21.238
 6     0.390     0.839    -0.380
 6    -0.772     0.523     0.362
 6     0.502     0.151     0.851
 7   124.055   -19.835   -16.963
 7     0.668     0.737     0.104
 7    -0.728     0.619     0.295
 7     0.153    -0.273     0.950
 8   136.145   -33.839     6.546
 8     0.708     0.572     0.414
 8    -0.192    -0.409     0.892
 8     0.679    -0.711    -0.180
 9   144.940    -9.699    18.251
 9    -0.005    -0.938    -0.347
 9     0.820     0.195    -0.538
 9     0.572    -0.287     0.768
 2    97.285   -18.794    59.749
 2     0.829    -0.555     0.061
 2     0.555     0.831     0.023
 2    -0.064     0.015     0.998
 3   125.603    -2.018    11.090
 3    -0.253    -0.075    -0.964
 3     0.152    -0.988     0.037
 3    -0.955    -0.137     0.261
 4   117.805    10.805   -17.502
 4     0.728    -0.510     0.459
 4     0.649     0.727    -0.222
 4    -0.221     0.459     0.860
 5   124.349    29.212     6.238
 5     0.425    -0.500     0.754
 5     0.386    -0.653    -0.651
 5     0.818     0.568    -0.084
 6   142.544     8.705    18.831
 6     0.381     0.859    -0.342
 6    -0.794     0.494     0.355
 6     0.474     0.136     0.870
 7   123.619   -19.036   -17.907
 7     0.679     0.720     0.140
 7    -0.727     0.633     0.267
 7     0.103    -0.283     0.953
 8   136.388   -33.978     4.619
 8     0.731     0.548     0.407
 8    -0.216    -0.379     0.900
 8     0.647    -0.746    -0.159
 9   145.110    -9.753    15.797
 9    -0.011    -0.950    -0.313
 9     0.825     0.168    -0.540
 9     0.565    -0.264     0.781
 2    97.284   -18.794    59.800
 2     0.829    -0.555     0.061
 2     0.555     0.831     0.023
 2    -0.064     0.015     0.998
 3   125.529    -1.913    10.762
 3    -0.262    -0.083    -0.961
 3     0.148    -0.988     0.045
 3    -0.954    -0.130     0.271
 4   117.737    10.478   -17.928
 4     0.732    -0.493     0.471
 4     0.637     0.739    -0.217
 4    -0.241     0.459     0.855
 5   124.624    29.539     5.476
 5     0.447    -0.475     0.758
 5     0.407    -0.646    -0.645
 5     0.796     0.597    -0.095
