% Calibrated with leiden_pols
% Positions are in centimeters
Data =[
 2    97.335   -18.794    59.749
 2     0.829    -0.555     0.062
 2     0.555     0.831     0.023
 2    -0.064     0.016     0.998
 3   126.357    -1.893    12.210
 3    -0.273    -0.071    -0.959
 3     0.166    -0.986     0.026
 3    -0.948    -0.153     0.281
 4   117.270    12.869   -14.623
 4     0.671    -0.620     0.406
 4     0.734     0.630    -0.251
 4    -0.101     0.467     0.878
 5   122.198    25.266    13.129
 5     0.381    -0.462     0.801
 5     0.218    -0.797    -0.563
 5     0.898     0.389    -0.203
 6   142.722     8.590    28.677
 6     0.502     0.713    -0.489
 6    -0.656     0.682     0.323
 6     0.564     0.158     0.810
 7   124.744   -21.513   -13.917
 7     0.616     0.787    -0.019
 7    -0.731     0.580     0.360
 7     0.295    -0.208     0.932
 8   133.185   -32.773    13.220
 8     0.625     0.608     0.490
 8    -0.147    -0.525     0.838
 8     0.767    -0.596    -0.239
 9   145.057   -10.794    28.136
 9     0.123    -0.851    -0.511
 9     0.760     0.412    -0.503
 9     0.638    -0.326     0.697
 2    97.335   -18.794    59.749
 2     0.829    -0.555     0.062
 2     0.555     0.831     0.023
 2    -0.064     0.015     0.998
 3   126.257    -1.846    12.271
 3    -0.269    -0.070    -0.960
 3     0.166    -0.986     0.025
 3    -0.949    -0.153     0.277
 4   117.222    12.870   -14.626
 4     0.671    -0.620     0.406
 4     0.734     0.630    -0.251
 4    -0.100     0.467     0.878
 5   122.513    25.857    12.897
 5     0.396    -0.457     0.796
 5     0.233    -0.789    -0.569
 5     0.888     0.411    -0.206
 6   142.651     8.728    28.165
 6     0.481     0.740    -0.469
 6    -0.672     0.655     0.344
 6     0.562     0.149     0.813
 7   124.716   -21.466   -13.883
 7     0.613     0.790    -0.015
 7    -0.733     0.576     0.360
 7     0.293    -0.210     0.932
 8   133.325   -32.855    13.007
 8     0.626     0.603     0.494
 8    -0.153    -0.526     0.836
 8     0.764    -0.599    -0.237
 9   144.901   -10.585    27.049
 9     0.115    -0.868    -0.483
 9     0.781     0.379    -0.496
 9     0.614    -0.320     0.721
 2    97.335   -18.743    59.749
 2     0.829    -0.556     0.062
 2     0.555     0.831     0.023
 2    -0.064     0.015     0.998
 3   126.013    -1.963    12.340
 3    -0.254    -0.069    -0.965
 3     0.168    -0.985     0.026
 3    -0.953    -0.155     0.262
 4   117.217    12.815   -14.667
 4     0.674    -0.617     0.406
 4     0.731     0.634    -0.251
 4    -0.103     0.466     0.879
 5   123.219    26.913    12.051
 5     0.419    -0.477     0.772
 5     0.260    -0.752    -0.606
 5     0.870     0.454    -0.191
 6   142.662     8.597    26.995
 6     0.449     0.774    -0.447
 6    -0.702     0.615     0.360
 6     0.553     0.152     0.819
 7   124.535   -21.403   -14.188
 7     0.613     0.790     0.003
 7    -0.739     0.572     0.355
 7     0.278    -0.220     0.935
 8   133.598   -33.168    12.437
 8     0.635     0.591     0.497
 8    -0.160    -0.529     0.833
 8     0.756    -0.609    -0.241
 9   144.874   -10.380    25.098
 9     0.103    -0.885    -0.454
 9     0.806     0.341    -0.483
 9     0.582    -0.316     0.749
 2    97.335   -18.794    59.749
 2     0.829    -0.555     0.061
 2     0.555     0.831     0.023
 2    -0.064     0.015     0.998
 3   125.971    -2.021    12.186
 3    -0.244    -0.069    -0.967
 3     0.169    -0.985     0.028
 3    -0.955    -0.156     0.252
 4   117.515    12.352   -15.346
 4     0.692    -0.592     0.413
 4     0.710     0.661    -0.242
 4    -0.131     0.461     0.878
 5   123.769    27.907    10.622
 5     0.425    -0.490     0.761
 5     0.295    -0.720    -0.628
 5     0.855     0.491    -0.162
 6   142.693     8.874    25.317
 6     0.420     0.800    -0.427
 6    -0.727     0.579     0.369
 6     0.543     0.155     0.825
 7   124.641   -21.066   -14.983
 7     0.630     0.776     0.031
 7    -0.736     0.584     0.342
 7     0.247    -0.238     0.939
 8   134.659   -33.521    10.550
 8     0.657     0.590     0.468
 8    -0.167    -0.491     0.855
 8     0.735    -0.640    -0.224
 9   144.888   -10.069    23.032
 9     0.059    -0.904    -0.423
 9     0.815     0.288    -0.502
 9     0.576    -0.316     0.754
 2    97.284   -18.794    59.800
 2     0.829    -0.555     0.062
 2     0.555     0.831     0.023
 2    -0.064     0.015     0.998
 3   125.924    -2.101    12.021
 3    -0.240    -0.067    -0.969
 3     0.169    -0.985     0.026
 3    -0.956    -0.157     0.247
 4   117.687    11.968   -15.881
 4     0.703    -0.570     0.425
 4     0.694     0.681    -0.234
 4    -0.157     0.459     0.874
 5   123.891    28.428     9.259
 5     0.425    -0.493     0.759
 5     0.325    -0.699    -0.637
 5     0.844     0.517    -0.137
 6   142.598     8.768    23.390
 6     0.406     0.819    -0.406
 6    -0.749     0.552     0.365
 6     0.523     0.155     0.838
 7   124.408   -20.564   -16.033
 7     0.653     0.754     0.070
 7    -0.731     0.603     0.320
 7     0.199    -0.260     0.945
 8   135.499   -33.551     8.714
 8     0.685     0.585     0.433
 8    -0.173    -0.446     0.878
 8     0.707    -0.677    -0.204
 9   144.960    -9.808    20.571
 9     0.021    -0.922    -0.387
 9     0.819     0.238    -0.522
 9     0.573    -0.306     0.760
 2    97.284   -18.794    59.800
 2     0.829    -0.555     0.061
 2     0.555     0.831     0.023
 2    -0.064     0.015     0.998
 3   125.862    -2.100    11.763
 3    -0.241    -0.066    -0.968
 3     0.165    -0.986     0.026
 3    -0.956    -0.154     0.248
 4   117.866    11.347   -16.674
 4     0.716    -0.538     0.444
 4     0.671     0.705    -0.228
 4    -0.191     0.461     0.866
 5   123.972    28.957     7.655
 5     0.415    -0.495     0.763
 5     0.360    -0.681    -0.638
 5     0.835     0.540    -0.105
 6   142.378     8.813    21.238
 6     0.390     0.839    -0.380
 6    -0.772     0.523     0.362
 6     0.502     0.151     0.851
 7   124.055   -19.835   -16.963
 7     0.668     0.737     0.104
 7    -0.728     0.619     0.295
 7     0.153    -0.273     0.950
 8   136.145   -33.839     6.546
 8     0.708     0.572     0.414
 8    -0.192    -0.409     0.892
 8     0.679    -0.711    -0.180
 9   144.940    -9.699    18.251
 9    -0.005    -0.938    -0.347
 9     0.820     0.195    -0.538
 9     0.572    -0.287     0.768
 2    97.285   -18.794    59.749
 2     0.829    -0.555     0.061
 2     0.555     0.831     0.023
 2    -0.064     0.015     0.998
 3   125.603    -2.018    11.090
 3    -0.253    -0.075    -0.964
 3     0.152    -0.988     0.037
 3    -0.955    -0.137     0.261
 4   117.805    10.805   -17.502
 4     0.728    -0.510     0.459
 4     0.649     0.727    -0.222
 4    -0.221     0.459     0.860
 5   124.349    29.212     6.238
 5     0.425    -0.500     0.754
 5     0.386    -0.653    -0.651
 5     0.818     0.568    -0.084
 6   142.544     8.705    18.831
 6     0.381     0.859    -0.342
 6    -0.794     0.494     0.355
 6     0.474     0.136     0.870
 7   123.619   -19.036   -17.907
 7     0.679     0.720     0.140
 7    -0.727     0.633     0.267
 7     0.103    -0.283     0.953
 8   136.388   -33.978     4.619
 8     0.731     0.548     0.407
 8    -0.216    -0.379     0.900
 8     0.647    -0.746    -0.159
 9   145.110    -9.753    15.797
 9    -0.011    -0.950    -0.313
 9     0.825     0.168    -0.540
 9     0.565    -0.264     0.781
 2    97.284   -18.794    59.800
 2     0.829    -0.555     0.061
 2     0.555     0.831     0.023
 2    -0.064     0.015     0.998
 3   125.529    -1.913    10.762
 3    -0.262    -0.083    -0.961
 3     0.148    -0.988     0.045
 3    -0.954    -0.130     0.271
 4   117.737    10.478   -17.928
 4     0.732    -0.493     0.471
 4     0.637     0.739    -0.217
 4    -0.241     0.459     0.855
 5   124.624    29.539     5.476
 5     0.447    -0.475     0.758
 5     0.407    -0.646    -0.645
 5     0.796     0.597    -0.095
 6   143.119     8.986    17.386
 6     0.392     0.862    -0.322
 6    -0.806     0.490     0.331
 6     0.443     0.129     0.887
 7   123.063   -18.430   -18.408
 7     0.687     0.706     0.168
 7    -0.723     0.645     0.246
 7     0.066    -0.291     0.954
 8   136.776   -34.019     2.838
 8     0.764     0.512     0.392
 8    -0.231    -0.350     0.908
 8     0.602    -0.784    -0.149
 9   145.840    -9.608    14.301
 9    -0.011    -0.964    -0.265
 9     0.813     0.146    -0.563
 9     0.581    -0.222     0.782
 2    97.284   -18.794    59.800
 2     0.829    -0.555     0.061
 2     0.555     0.831     0.023
 2    -0.064     0.015     0.998
 3   125.542    -1.960    10.655
 3    -0.262    -0.083    -0.961
 3     0.150    -0.988     0.044
 3    -0.953    -0.133     0.271
 4   117.730    10.525   -17.820
 4     0.733    -0.487     0.474
 4     0.635     0.740    -0.221
 4    -0.244     0.463     0.852
 5   124.755    29.602     5.390
 5     0.459    -0.461     0.759
 5     0.414    -0.645    -0.642
 5     0.786     0.609    -0.105
 6   143.045     8.734    15.873
 6     0.394     0.880    -0.264
 6    -0.820     0.466     0.331
 6     0.414     0.085     0.906
 7   122.911   -18.261   -18.654
 7     0.691     0.701     0.175
 7    -0.720     0.651     0.240
 7     0.054    -0.293     0.954
 8   137.212   -34.047     1.931
 8     0.783     0.491     0.381
 8    -0.243    -0.324     0.914
 8     0.573    -0.808    -0.134
 9   146.355    -9.784    13.415
 9    -0.001    -0.979    -0.206
 9     0.793     0.124    -0.596
 9     0.609    -0.164     0.776
 2    97.335   -18.794    59.800
 2     0.829    -0.555     0.061
 2     0.555     0.831     0.023
 2    -0.064     0.015     0.998
 3   125.551    -1.910    10.531
 3    -0.262    -0.082    -0.962
 3     0.153    -0.987     0.042
 3    -0.953    -0.136     0.271
 4   117.723    10.471   -17.913
 4     0.733    -0.485     0.477
 4     0.633     0.742    -0.220
 4    -0.247     0.463     0.851
 5   125.342    30.378     4.541
 5     0.477    -0.455     0.752
 5     0.444    -0.614    -0.653
 5     0.758     0.645    -0.091
 6   143.626     9.425    14.796
 6     0.388     0.892    -0.231
 6    -0.820     0.449     0.356
 6     0.421     0.050     0.905
 7   122.916   -18.089   -18.709
 7     0.694     0.697     0.178
 7    -0.719     0.655     0.233
 7     0.046    -0.290     0.956
 8   137.909   -34.206     0.775
 8     0.801     0.474     0.365
 8    -0.255    -0.280     0.925
 8     0.541    -0.835    -0.103
 9   146.879   -10.165    12.618
 9    -0.012    -0.985    -0.171
 9     0.776     0.099    -0.623
 9     0.630    -0.140     0.764
 2    97.335   -18.794    59.800
 2     0.829    -0.555     0.061
 2     0.555     0.831     0.023
 2    -0.064     0.015     0.998
 3   125.638    -1.919    10.420
 3    -0.256    -0.087    -0.963
 3     0.144    -0.988     0.050
 3    -0.956    -0.126     0.266
 4   117.789    10.340   -17.973
 4     0.733    -0.484     0.478
 4     0.631     0.745    -0.215
 4    -0.252     0.459     0.851
 5   125.553    30.806     4.047
 5     0.494    -0.420     0.761
 5     0.473    -0.605    -0.641
 5     0.730     0.676    -0.100
 6   143.976     9.842    13.506
 6     0.401     0.894    -0.199
 6    -0.825     0.447     0.345
 6     0.397     0.025     0.917
 7   123.057   -17.988   -18.851
 7     0.699     0.692     0.180
 7    -0.714     0.660     0.233
 7     0.042    -0.292     0.955
 8   138.243   -34.174     0.205
 8     0.815     0.451     0.362
 8    -0.262    -0.271     0.926
 8     0.516    -0.850    -0.103
 9   147.243   -10.226    11.402
 9    -0.003    -0.989    -0.150
 9     0.785     0.091    -0.612
 9     0.619    -0.120     0.776
 2    97.284   -18.794    59.800
 2     0.829    -0.555     0.061
 2     0.555     0.831     0.023
 2    -0.064     0.015     0.998
 3   125.533    -1.842    10.405
 3    -0.258    -0.097    -0.961
 3     0.137    -0.989     0.063
 3    -0.956    -0.115     0.268
 4   117.840    10.291   -18.027
 4     0.732    -0.485     0.478
 4     0.633     0.744    -0.215
 4    -0.251     0.460     0.852
 5   125.606    31.501     3.861
 5     0.522    -0.343     0.781
 5     0.505    -0.613    -0.607
 5     0.687     0.711    -0.147
 6   144.982    11.677     9.536
 6     0.450     0.876    -0.174
 6    -0.851     0.479     0.214
 6     0.271     0.051     0.961
 7   123.139   -17.985   -18.856
 7     0.700     0.690     0.183
 7    -0.713     0.660     0.239
 7     0.044    -0.298     0.953
 8   137.535   -35.252    -0.076
 8     0.831     0.356     0.427
 8    -0.307    -0.347     0.886
 8     0.464    -0.868    -0.179
 9   148.434   -11.022     6.206
 9     0.080    -0.984    -0.155
 9     0.872     0.145    -0.467
 9     0.482    -0.098     0.870
 2    97.285   -18.743    59.800
 2     0.829    -0.555     0.061
 2     0.555     0.831     0.023
 2    -0.064     0.015     0.998
 3   125.394    -1.737    10.221
 3    -0.266    -0.116    -0.957
 3     0.129    -0.988     0.083
 3    -0.955    -0.101     0.278
 4   117.849    10.399   -17.910
 4     0.727    -0.497     0.473
 4     0.641     0.739    -0.208
 4    -0.247     0.454     0.856
 5   124.924    31.469     4.196
 5     0.545    -0.168     0.821
 5     0.553    -0.664    -0.503
 5     0.630     0.728    -0.269
 6   145.424    14.385     5.222
 6     0.558     0.826    -0.078
 6    -0.825     0.562     0.052
 6     0.086     0.035     0.995
 7   123.083   -18.452   -18.614
 7     0.673     0.711     0.202
 7    -0.738     0.629     0.243
 7     0.046    -0.313     0.948
 8   135.717   -36.344     1.092
 8     0.829     0.181     0.528
 8    -0.380    -0.510     0.771
 8     0.409    -0.841    -0.355
 9   149.240   -13.593     1.620
 9     0.224    -0.959    -0.175
 9     0.939     0.260    -0.223
 9     0.259    -0.114     0.959
 2    97.284   -18.794    59.800
 2     0.829    -0.555     0.061
 2     0.555     0.831     0.023
 2    -0.064     0.015     0.998
 3   125.390    -1.685    10.144
 3    -0.266    -0.114    -0.957
 3     0.127    -0.988     0.082
 3    -0.955    -0.100     0.277
 4   117.762    10.587   -17.816
 4     0.714    -0.525     0.463
 4     0.656     0.731    -0.184
 4    -0.242     0.435     0.867
 5   124.388    31.115     5.178
 5     0.550    -0.006     0.835
 5     0.580    -0.716    -0.388
 5     0.600     0.698    -0.391
 6   145.128    16.952     1.173
 6     0.613     0.788     0.052
 6    -0.780     0.615    -0.115
 6    -0.122     0.030     0.992
 7   123.447   -18.535   -18.559
 7     0.651     0.729     0.212
 7    -0.757     0.606     0.243
 7     0.049    -0.319     0.946
 8   134.449   -36.407     2.801
 8     0.811     0.046     0.583
 8    -0.426    -0.636     0.643
 8     0.401    -0.770    -0.496
 9   148.934   -16.130    -1.968
 9     0.320    -0.940    -0.116
 9     0.947     0.322     0.004
 9     0.033    -0.111     0.993
 2    97.284   -18.794    59.800
 2     0.829    -0.555     0.061
 2     0.555     0.831     0.023
 2    -0.064     0.015     0.998
 3   125.433    -1.615    10.039
 3    -0.262    -0.107    -0.959
 3     0.126    -0.989     0.076
 3    -0.957    -0.102     0.272
 4   118.024    10.856   -17.720
 4     0.713    -0.543     0.443
 4     0.663     0.728    -0.174
 4    -0.228     0.417     0.879
 5   124.571    30.273     6.262
 5     0.568     0.129     0.812
 5     0.592    -0.750    -0.295
 5     0.571     0.649    -0.503
 6   143.961    18.750    -1.607
 6     0.611     0.773     0.166
 6    -0.730     0.633    -0.259
 6    -0.306     0.037     0.951
 7   123.736   -18.757   -18.471
 7     0.635     0.744     0.207
 7    -0.769     0.587     0.251
 7     0.065    -0.319     0.945
 8   133.844   -35.471     5.285
 8     0.806    -0.087     0.586
 8    -0.448    -0.736     0.507
 8     0.387    -0.671    -0.632
 9   147.833   -18.649    -5.197
 9     0.370    -0.929    -0.006
 9     0.907     0.360     0.218
 9    -0.201    -0.086     0.976
 2    97.335   -18.794    59.800
 2     0.829    -0.555     0.061
 2     0.555     0.831     0.023
 2    -0.064     0.015     0.998
 3   125.441    -1.615     9.991
 3    -0.260    -0.103    -0.960
 3     0.127    -0.989     0.072
 3    -0.957    -0.104     0.270
 4   118.145    10.993   -17.565
 4     0.711    -0.553     0.434
 4     0.668     0.724    -0.173
 4    -0.219     0.413     0.884
 5   125.680    29.754     7.110
 5     0.603     0.282     0.746
 5     0.614    -0.761    -0.209
 5     0.509     0.584    -0.632
 6   142.853    21.063    -4.611
 6     0.578     0.743     0.336
 6    -0.665     0.668    -0.333
 6    -0.472    -0.031     0.881
 7   123.863   -18.882   -18.316
 7     0.622     0.755     0.208
 7    -0.779     0.572     0.256
 7     0.075    -0.322     0.944
 8   134.168   -34.535     6.095
 8     0.811    -0.237     0.534
 8    -0.481    -0.790     0.380
 8     0.332    -0.566    -0.755
 9   146.964   -21.188    -8.392
 9     0.383    -0.917     0.107
 9     0.838     0.394     0.377
 9    -0.388    -0.055     0.920
 2    97.284   -18.794    59.800
 2     0.829    -0.555     0.061
 2     0.555     0.831     0.023
 2    -0.064     0.015     0.998
 3   125.494    -1.518     9.877
 3    -0.256    -0.100    -0.961
 3     0.128    -0.989     0.069
 3    -0.958    -0.106     0.266
 4   118.182    11.226   -17.527
 4     0.711    -0.557     0.429
 4     0.669     0.722    -0.172
 4    -0.214     0.410     0.887
 5   126.928    29.737     7.428
 5     0.627     0.431     0.648
 5     0.647    -0.752    -0.126
 5     0.433     0.498    -0.751
 6   141.031    23.369    -8.090
 6     0.495     0.731     0.469
 6    -0.599     0.678    -0.426
 6    -0.630    -0.070     0.774
 7   123.999   -18.855   -18.325
 7     0.616     0.759     0.208
 7    -0.783     0.565     0.259
 7     0.079    -0.323     0.943
 8   134.637   -34.012     6.670
 8     0.807    -0.344     0.479
 8    -0.517    -0.805     0.292
 8     0.285    -0.483    -0.828
 9   145.552   -23.367   -10.935
 9     0.357    -0.908     0.219
 9     0.768     0.419     0.484
 9    -0.531    -0.005     0.847
 2    97.284   -18.794    59.800
 2     0.829    -0.555     0.061
 2     0.555     0.831     0.023
 2    -0.064     0.015     0.998
 3   125.386    -1.444     9.658
 3    -0.255    -0.093    -0.963
 3     0.126    -0.990     0.062
 3    -0.959    -0.106     0.264
 4   118.159    11.329   -17.402
 4     0.710    -0.559     0.428
 4     0.671     0.721    -0.172
 4    -0.213     0.409     0.887
 5   127.837    29.875     7.148
 5     0.639     0.518     0.568
 5     0.674    -0.733    -0.089
 5     0.371     0.440    -0.818
 6   139.997    24.542   -10.005
 6     0.434     0.723     0.537
 6    -0.569     0.682    -0.459
 6    -0.699    -0.106     0.707
 7   124.126   -19.028   -18.301
 7     0.606     0.767     0.207
 7    -0.790     0.552     0.267
 7     0.090    -0.326     0.941
 8   135.081   -33.069     7.789
 8     0.789    -0.460     0.407
 8    -0.561    -0.810     0.172
 8     0.251    -0.364    -0.897
 9   143.669   -26.514   -12.833
 9     0.340    -0.867     0.364
 9     0.658     0.496     0.566
 9    -0.672     0.046     0.739
 2    97.284   -18.794    59.800
 2     0.829    -0.555     0.062
 2     0.555     0.831     0.023
 2    -0.064     0.015     0.998
 3   125.384    -1.266     9.557
 3    -0.253    -0.086    -0.964
 3     0.124    -0.991     0.055
 3    -0.959    -0.105     0.261
 4   118.054    11.584   -17.273
 4     0.703    -0.567     0.428
 4     0.678     0.716    -0.165
 4    -0.214     0.406     0.888
 5   127.901    30.222     7.196
 5     0.627     0.585     0.514
 5     0.702    -0.711    -0.047
 5     0.338     0.390    -0.856
 6   138.313    26.792   -11.353
 6     0.385     0.740     0.552
 6    -0.511     0.669    -0.540
 6    -0.769    -0.074     0.635
 7   124.181   -19.102   -18.147
 7     0.590     0.779     0.208
 7    -0.801     0.533     0.273
 7     0.101    -0.328     0.939
 8   135.284   -32.737     8.259
 8     0.759    -0.553     0.344
 8    -0.610    -0.789     0.078
 8     0.229    -0.269    -0.936
 9   141.735   -29.522   -13.685
 9     0.311    -0.836     0.452
 9     0.562     0.546     0.621
 9    -0.766     0.061     0.640
 2    97.285   -18.743    59.800
 2     0.829    -0.555     0.061
 2     0.555     0.831     0.023
 2    -0.064     0.015     0.998
 3   125.330    -1.168     9.391
 3    -0.251    -0.078    -0.965
 3     0.123    -0.991     0.048
 3    -0.960    -0.106     0.258
 4   117.885    11.868   -17.045
 4     0.695    -0.583     0.421
 4     0.687     0.711    -0.149
 4    -0.212     0.393     0.895
 5   127.570    30.325     7.328
 5     0.619     0.610     0.495
 5     0.713    -0.701    -0.028
 5     0.330     0.370    -0.868
 6   137.625    27.626   -11.375
 6     0.362     0.768     0.528
 6    -0.485     0.639    -0.597
 6    -0.796    -0.040     0.604
 7   124.071   -19.258   -17.977
 7     0.574     0.791     0.211
 7    -0.812     0.517     0.272
 7     0.106    -0.328     0.939
 8   135.117   -32.794     8.475
 8     0.734    -0.606     0.304
 8    -0.644    -0.764     0.032
 8     0.213    -0.219    -0.952
 9   140.502   -31.297   -14.317
 9     0.287    -0.820     0.495
 9     0.510     0.568     0.646
 9    -0.811     0.067     0.581
 2    97.335   -18.743    59.800
 2     0.829    -0.555     0.062
 2     0.555     0.831     0.023
 2    -0.064     0.015     0.998
 3   125.312    -1.168     9.395
 3    -0.249    -0.075    -0.965
 3     0.124    -0.991     0.045
 3    -0.960    -0.108     0.256
 4   117.723    12.103   -16.832
 4     0.692    -0.590     0.415
 4     0.692     0.706    -0.149
 4    -0.206     0.390     0.897
 5   127.338    30.609     7.621
 5     0.614     0.622     0.485
 5     0.717    -0.697    -0.013
 5     0.330     0.356    -0.874
 6   136.991    28.019   -10.953
 6     0.348     0.792     0.501
 6    -0.465     0.610    -0.641
 6    -0.814    -0.010     0.581
 7   124.005   -19.287   -17.929
 7     0.562     0.798     0.214
 7    -0.820     0.504     0.272
 7     0.109    -0.328     0.938
 8   134.764   -32.720     8.745
 8     0.712    -0.641     0.285
 8    -0.669    -0.743     0.001
 8     0.211    -0.192    -0.958
 9   139.239   -32.540   -14.467
 9     0.279    -0.799     0.533
 9     0.474     0.597     0.646
 9    -0.835     0.073     0.546
 2    97.284   -18.794    59.800
 2     0.829    -0.555     0.061
 2     0.555     0.831     0.023
 2    -0.064     0.015     0.998
 3   125.228    -1.220     9.376
 3    -0.248    -0.073    -0.966
 3     0.128    -0.991     0.042
 3    -0.960    -0.113     0.255
 4   117.558    12.235   -16.668
 4     0.691    -0.593     0.413
 4     0.694     0.704    -0.152
 4    -0.201     0.391     0.898
 5   127.151    30.816     7.971
 5     0.609     0.635     0.474
 5     0.722    -0.692    -0.001
 5     0.328     0.342    -0.880
 6   136.431    28.441   -11.108
 6     0.329     0.807     0.490
 6    -0.451     0.591    -0.668
 6    -0.829    -0.001     0.559
 7   123.977   -19.463   -17.823
 7     0.549     0.808     0.212
 7    -0.828     0.490     0.275
 7     0.118    -0.327     0.938
 8   134.313   -33.095     9.139
 8     0.681    -0.682     0.264
 8    -0.698    -0.714    -0.044
 8     0.219    -0.154    -0.964
 9   138.122   -34.015   -14.268
 9     0.268    -0.780     0.566
 9     0.435     0.622     0.651
 9    -0.860     0.072     0.506
 2    97.285   -18.794    59.800
 2     0.829    -0.555     0.061
 2     0.554     0.831     0.023
 2    -0.064     0.015     0.998
 3   125.291    -1.220     9.280
 3    -0.247    -0.072    -0.966
 3     0.131    -0.990     0.040
 3    -0.960    -0.117     0.254
 4   116.979    12.649   -16.200
 4     0.674    -0.608     0.419
 4     0.711     0.687    -0.148
 4    -0.198     0.398     0.896
 5   126.454    30.974     8.648
 5     0.599     0.659     0.454
 5     0.732    -0.681     0.022
 5     0.324     0.319    -0.891
 6   135.384    29.391   -10.875
 6     0.322     0.816     0.480
 6    -0.412     0.578    -0.705
 6    -0.852     0.029     0.522
 7   123.817   -20.086   -17.581
 7     0.526     0.822     0.216
 7    -0.838     0.459     0.294
 7     0.143    -0.336     0.931
 8   134.009   -32.535    10.122
 8     0.662    -0.709     0.243
 8    -0.708    -0.698    -0.109
 8     0.247    -0.100    -0.964
 9   136.973   -35.568   -13.007
 9     0.253    -0.779     0.574
 9     0.371     0.626     0.686
 9    -0.894     0.039     0.447
 2    97.284   -18.794    59.800
 2     0.829    -0.555     0.061
 2     0.555     0.831     0.023
 2    -0.064     0.015     0.998
 3   125.378    -1.343     9.196
 3    -0.249    -0.074    -0.966
 3     0.134    -0.990     0.042
 3    -0.959    -0.119     0.256
 4   116.270    12.600   -15.828
 4     0.657    -0.631     0.413
 4     0.726     0.676    -0.122
 4    -0.202     0.380     0.902
 5   125.514    30.640     9.362
 5     0.583     0.685     0.437
 5     0.742    -0.668     0.058
 5     0.332     0.290    -0.898
 6   133.809    30.113   -10.222
 6     0.315     0.810     0.495
 6    -0.366     0.585    -0.724
 6    -0.876     0.047     0.480
 7   123.431   -20.709   -17.255
 7     0.504     0.833     0.226
 7    -0.848     0.426     0.315
 7     0.166    -0.351     0.921
 8   134.172   -32.384    10.966
 8     0.652    -0.727     0.215
 8    -0.711    -0.685    -0.158
 8     0.262    -0.050    -0.964
 9   135.986   -37.029   -12.114
 9     0.221    -0.790     0.572
 9     0.320     0.613     0.722
 9    -0.921     0.023     0.388
 2    97.284   -18.794    59.800
 2     0.829    -0.555     0.061
 2     0.555     0.831     0.023
 2    -0.064     0.015     0.998
 3   125.419    -1.491     8.951
 3    -0.254    -0.081    -0.964
 3     0.132    -0.990     0.048
 3    -0.958    -0.116     0.262
 4   115.869    12.653   -15.548
 4     0.649    -0.640     0.411
 4     0.733     0.670    -0.115
 4    -0.202     0.376     0.904
 5   125.154    30.646     9.654
 5     0.577     0.700     0.420
 5     0.746    -0.661     0.076
 5     0.331     0.270    -0.904
 6   132.942    30.624    -9.956
 6     0.292     0.833     0.469
 6    -0.343     0.549    -0.762
 6    -0.893     0.062     0.446
 7   123.339   -21.006   -17.111
 7     0.494     0.839     0.229
 7    -0.851     0.412     0.326
 7     0.179    -0.356     0.917
 8   134.025   -32.197    11.263
 8     0.652    -0.728     0.213
 8    -0.708    -0.685    -0.173
 8     0.272    -0.038    -0.962
 9   135.792   -37.272   -11.707
 9     0.214    -0.801     0.559
 9     0.308     0.598     0.739
 9    -0.927     0.014     0.375
 2    97.335   -18.794    59.800
 2     0.829    -0.555     0.061
 2     0.555     0.831     0.023
 2    -0.064     0.015     0.998
 3   125.409    -1.563     8.935
 3    -0.258    -0.082    -0.963
 3     0.129    -0.990     0.050
 3    -0.957    -0.112     0.266
 4   115.753    12.656   -15.381
 4     0.649    -0.642     0.409
 4     0.735     0.668    -0.117
 4    -0.198     0.376     0.905
 5   125.090    30.583     9.500
 5     0.586     0.692     0.420
 5     0.742    -0.667     0.064
 5     0.324     0.274    -0.905
 6   133.400    29.906    -9.907
 6     0.298     0.840     0.453
 6    -0.365     0.538    -0.760
 6    -0.882     0.061     0.467
 7   123.400   -21.050   -16.956
 7     0.499     0.838     0.218
 7    -0.846     0.418     0.330
 7     0.185    -0.350     0.918
 8   133.725   -32.327    11.365
 8     0.674    -0.693     0.255
 8    -0.684    -0.716    -0.135
 8     0.277    -0.083    -0.957
 9   136.890   -36.099   -11.470
 9     0.242    -0.818     0.521
 9     0.346     0.575     0.741
 9    -0.906     0.001     0.423
 2    97.284   -18.794    59.800
 2     0.829    -0.555     0.061
 2     0.555     0.831     0.023
 2    -0.064     0.015     0.998
 3   125.303    -1.569     9.200
 3    -0.255    -0.079    -0.964
 3     0.122    -0.991     0.049
 3    -0.959    -0.105     0.263
 4   115.675    12.743   -15.173
 4     0.652    -0.634     0.415
 4     0.735     0.663    -0.143
 4    -0.185     0.398     0.898
 5   125.260    31.455     8.977
 5     0.633     0.600     0.488
 5     0.710    -0.702    -0.057
 5     0.308     0.383    -0.871
 6   136.038    27.549    -9.479
 6     0.361     0.842     0.400
 6    -0.488     0.537    -0.688
 6    -0.794     0.053     0.605
 7   123.455   -20.866   -16.777
 7     0.524     0.827     0.203
 7    -0.832     0.448     0.327
 7     0.180    -0.341     0.923
 8   133.664   -32.988    10.609
 8     0.713    -0.632     0.303
 8    -0.653    -0.756    -0.040
 8     0.255    -0.170    -0.952
 9   138.726   -33.676   -12.000
 9     0.279    -0.834     0.476
 9     0.454     0.551     0.700
 9    -0.846     0.020     0.532
 2    97.335   -18.743    59.800
 2     0.829    -0.555     0.061
 2     0.555     0.831     0.023
 2    -0.064     0.015     0.998
 3   125.299    -1.624     9.491
 3    -0.252    -0.077    -0.964
 3     0.121    -0.991     0.047
 3    -0.960    -0.105     0.259
 4   115.739    12.699   -15.106
 4     0.657    -0.623     0.424
 4     0.732     0.660    -0.167
 4    -0.176     0.420     0.890
 5   125.274    32.298     8.313
 5     0.659     0.518     0.545
 5     0.688    -0.708    -0.160
 5     0.302     0.480    -0.823
 6   137.726    25.170    -9.392
 6     0.385     0.860     0.335
 6    -0.589     0.509    -0.628
 6    -0.710     0.044     0.703
 7   123.211   -20.772   -16.887
 7     0.542     0.816     0.201
 7    -0.824     0.470     0.316
 7     0.163    -0.337     0.927
 8   133.321   -34.366     9.512
 8     0.747    -0.561     0.356
 8    -0.622    -0.780     0.074
 8     0.236    -0.277    -0.931
 9   140.570   -30.984   -12.007
 9     0.305    -0.875     0.377
 9     0.568     0.485     0.665
 9    -0.764     0.011     0.645
 2    97.284   -18.794    59.800
 2     0.829    -0.555     0.061
 2     0.555     0.831     0.023
 2    -0.064     0.015     0.998
 3   125.243    -1.678     9.627
 3    -0.249    -0.077    -0.965
 3     0.120    -0.992     0.048
 3    -0.961    -0.104     0.256
 4   115.845    12.676   -15.167
 4     0.661    -0.618     0.425
 4     0.730     0.661    -0.174
 4    -0.173     0.425     0.888
 5   125.053    33.236     7.499
 5     0.677     0.428     0.599
 5     0.666    -0.702    -0.252
 5     0.312     0.570    -0.760
 6   139.360    23.483    -8.238
 6     0.419     0.876     0.237
 6    -0.671     0.475    -0.570
 6    -0.612     0.079     0.787
 7   123.026   -20.651   -16.749
 7     0.556     0.807     0.199
 7    -0.818     0.488     0.306
 7     0.149    -0.334     0.931
 8   132.770   -35.275     8.607
 8     0.777    -0.464     0.424
 8    -0.580    -0.790     0.199
 8     0.243    -0.401    -0.883
 9   142.157   -28.470   -11.231
 9     0.336    -0.896     0.289
 9     0.674     0.443     0.590
 9    -0.657    -0.004     0.754
 2    97.284   -18.794    59.800
 2     0.829    -0.555     0.061
 2     0.555     0.831     0.023
 2    -0.064     0.015     0.998
 3   125.192    -1.708     9.867
 3    -0.245    -0.077    -0.966
 3     0.120    -0.992     0.048
 3    -0.962    -0.104     0.252
 4   115.682    12.631   -15.066
 4     0.663    -0.614     0.428
 4     0.730     0.657    -0.189
 4    -0.166     0.438     0.883
 5   124.359    33.248     7.780
 5     0.676     0.311     0.668
 5     0.632    -0.711    -0.308
 5     0.379     0.630    -0.677
 6   140.507    21.328    -5.682
 6     0.455     0.879     0.141
 6    -0.724     0.458    -0.516
 6    -0.518     0.133     0.845
 7   122.820   -20.648   -16.626
 7     0.566     0.801     0.192
 7    -0.811     0.500     0.305
 7     0.148    -0.329     0.932
 8   131.870   -36.055     7.824
 8     0.789    -0.336     0.514
 8    -0.536    -0.785     0.311
 8     0.299    -0.521    -0.799
 9   144.127   -25.655    -8.368
 9     0.377    -0.917     0.133
 9     0.774     0.391     0.498
 9    -0.509    -0.085     0.857
 2    97.284   -18.794    59.800
 2     0.829    -0.555     0.061
 2     0.555     0.831     0.023
 2    -0.064     0.015     0.998
 3   125.179    -1.813    10.554
 3    -0.238    -0.078    -0.968
 3     0.135    -0.990     0.046
 3    -0.962    -0.120     0.246
 4   115.883    12.890   -14.881
 4     0.666    -0.625     0.408
 4     0.734     0.645    -0.210
 4    -0.132     0.439     0.888
 5   123.521    33.274     8.957
 5     0.649     0.166     0.742
 5     0.589    -0.728    -0.352
 5     0.482     0.665    -0.570
 6   141.853    19.874    -1.081
 6     0.507     0.862    -0.001
 6    -0.760     0.446    -0.472
 6    -0.406     0.240     0.881
 7   123.136   -20.408   -16.371
 7     0.573     0.803     0.161
 7    -0.803     0.512     0.303
 7     0.161    -0.303     0.939
 8   131.421   -36.377     7.884
 8     0.777    -0.165     0.607
 8    -0.488    -0.768     0.415
 8     0.398    -0.619    -0.677
 9   145.766   -22.775    -3.889
 9     0.394    -0.918    -0.040
 9     0.850     0.347     0.396
 9    -0.350    -0.190     0.917
 2    97.284   -18.794    59.800
 2     0.829    -0.555     0.061
 2     0.555     0.831     0.023
 2    -0.064     0.015     0.998
 3   125.185    -1.786    11.667
 3    -0.256    -0.078    -0.964
 3     0.161    -0.986     0.037
 3    -0.953    -0.146     0.265
 4   116.657    13.250   -14.376
 4     0.670    -0.654     0.351
 4     0.739     0.633    -0.231
 4    -0.071     0.414     0.907
 5   122.844    32.788    10.349
 5     0.598    -0.003     0.801
 5     0.535    -0.744    -0.401
 5     0.597     0.668    -0.443
 6   142.983    17.746     5.392
 6     0.547     0.810    -0.211
 6    -0.794     0.422    -0.437
 6    -0.265     0.406     0.874
 7   124.467   -20.506   -15.864
 7     0.573     0.814     0.091
 7    -0.795     0.526     0.302
 7     0.197    -0.246     0.949
 8   131.352   -36.205     8.812
 8     0.737    -0.016     0.676
 8    -0.454    -0.752     0.477
 8     0.501    -0.659    -0.562
 9   147.615   -20.223     2.175
 9     0.409    -0.882    -0.233
 9     0.890     0.331     0.312
 9    -0.198    -0.335     0.921
 2    97.335   -18.743    59.800
 2     0.829    -0.555     0.062
 2     0.555     0.831     0.023
 2    -0.064     0.015     0.998
 3   125.326    -1.756    12.546
 3    -0.277    -0.070    -0.958
 3     0.184    -0.983     0.019
 3    -0.943    -0.171     0.285
 4   117.696    13.608   -13.770
 4     0.669    -0.679     0.303
 4     0.743     0.617    -0.259
 4    -0.012     0.399     0.917
 5   122.483    30.918    12.803
 5     0.521    -0.126     0.844
 5     0.456    -0.795    -0.401
 5     0.721     0.593    -0.357
 6   144.620    15.329    13.329
 6     0.608     0.700    -0.375
 6    -0.788     0.474    -0.393
 6    -0.098     0.534     0.839
 7   126.079   -20.383   -15.044
 7     0.565     0.824     0.011
 7    -0.784     0.533     0.318
 7     0.256    -0.189     0.948
 8   131.776   -34.844    10.884
 8     0.680     0.091     0.727
 8    -0.413    -0.772     0.483
 8     0.605    -0.629    -0.488
 9   149.524   -17.874     9.306
 9     0.453    -0.801    -0.391
 9     0.890     0.380     0.252
 9    -0.053    -0.463     0.885
 2    97.284   -18.794    59.800
 2     0.829    -0.555     0.061
 2     0.555     0.831     0.023
 2    -0.064     0.015     0.998
 3   125.706    -1.751    13.021
 3    -0.278    -0.071    -0.958
 3     0.192    -0.981     0.017
 3    -0.941    -0.179     0.286
 4   118.894    13.935   -13.328
 4     0.668    -0.695     0.264
 4     0.742     0.604    -0.289
 4     0.041     0.389     0.920
 5   122.754    29.128    14.316
 5     0.466    -0.177     0.867
 5     0.401    -0.831    -0.385
 5     0.788     0.527    -0.317
 6   145.396    13.782    19.149
 6     0.635     0.609    -0.474
 6    -0.770     0.548    -0.327
 6     0.061     0.572     0.817
 7   126.922   -20.488   -14.824
 7     0.550     0.834    -0.031
 7    -0.783     0.528     0.328
 7     0.290    -0.156     0.944
 8   132.013   -34.037    12.265
 8     0.640     0.177     0.748
 8    -0.376    -0.777     0.505
 8     0.670    -0.604    -0.431
 9   150.445   -16.497    15.537
 9     0.464    -0.733    -0.497
 9     0.878     0.455     0.147
 9     0.119    -0.505     0.855
 2    97.285   -18.794    59.800
 2     0.829    -0.555     0.062
 2     0.554     0.832     0.023
 2    -0.064     0.015     0.998
 3   126.125    -2.008    13.316
 3    -0.271    -0.077    -0.960
 3     0.198    -0.980     0.023
 3    -0.942    -0.184     0.280
 4   119.598    14.005   -13.030
 4     0.669    -0.702     0.245
 4     0.740     0.601    -0.301
 4     0.063     0.382     0.922
 5   122.803    29.338    14.835
 5     0.429    -0.238     0.871
 5     0.389    -0.822    -0.416
 5     0.815     0.517    -0.260
 6   145.020    13.621    22.534
 6     0.597     0.633    -0.492
 6    -0.774     0.615    -0.148
 6     0.209     0.469     0.858
 7   127.109   -20.756   -14.445
 7     0.540     0.840    -0.047
 7    -0.783     0.523     0.336
 7     0.307    -0.145     0.941
 8   132.133   -34.845    12.199
 8     0.623     0.282     0.729
 8    -0.358    -0.726     0.586
 8     0.695    -0.627    -0.352
 9   149.589   -15.576    19.725
 9     0.387    -0.777    -0.497
 9     0.868     0.489    -0.089
 9     0.312    -0.397     0.863
 2    97.285   -18.794    59.800
 2     0.829    -0.555     0.062
 2     0.554     0.831     0.023
 2    -0.064     0.015     0.998
 3   126.200    -1.978    13.423
 3    -0.277    -0.081    -0.957
 3     0.199    -0.980     0.026
 3    -0.940    -0.183     0.288
 4   119.649    14.007   -12.931
 4     0.666    -0.704     0.245
 4     0.743     0.598    -0.300
 4     0.064     0.382     0.922
 5   122.656    29.663    14.306
 5     0.419    -0.315     0.851
 5     0.382    -0.789    -0.480
 5     0.823     0.527    -0.211
 6   143.465    12.284    24.924
 6     0.527     0.736    -0.425
 6    -0.782     0.615     0.096
 6     0.331     0.282     0.900
 7   126.891   -20.955   -14.228
 7     0.543     0.838    -0.051
 7    -0.780     0.526     0.338
 7     0.310    -0.144     0.940
 8   132.614   -35.012    11.716
 8     0.617     0.418     0.667
 8    -0.320    -0.641     0.697
 8     0.719    -0.643    -0.262
 9   147.638   -14.360    22.804
 9     0.259    -0.832    -0.491
 9     0.843     0.443    -0.304
 9     0.470    -0.335     0.816
 2    97.284   -18.794    59.800
 2     0.829    -0.555     0.061
 2     0.555     0.831     0.023
 2    -0.064     0.015     0.998
 3   125.951    -2.045    13.268
 3    -0.287    -0.083    -0.954
 3     0.199    -0.980     0.026
 3    -0.937    -0.183     0.298
 4   119.459    13.999   -12.963
 4     0.671    -0.698     0.249
 4     0.739     0.604    -0.298
 4     0.057     0.384     0.921
 5   122.508    29.449    14.399
 5     0.408    -0.369     0.835
 5     0.351    -0.780    -0.517
 5     0.842     0.504    -0.189
 6   142.934    10.864    25.633
 6     0.502     0.778    -0.376
 6    -0.771     0.600     0.214
 6     0.392     0.182     0.901
 7   125.954   -21.049   -14.395
 7     0.570     0.820    -0.042
 7    -0.763     0.548     0.342
 7     0.304    -0.163     0.938
 8   133.150   -34.448    11.799
 8     0.626     0.510     0.590
 8    -0.260    -0.577     0.774
 8     0.735    -0.638    -0.229
 9   146.469   -12.353    24.519
 9     0.193    -0.890    -0.413
 9     0.812     0.381    -0.442
 9     0.550    -0.250     0.796
 2    97.284   -18.794    59.800
 2     0.829    -0.555     0.062
 2     0.555     0.831     0.023
 2    -0.064     0.015     0.998
 3   125.957    -2.038    13.075
 3    -0.293    -0.081    -0.953
 3     0.200    -0.979     0.022
 3    -0.935    -0.185     0.303
 4   118.735    13.930   -13.097
 4     0.675    -0.685     0.275
 4     0.737     0.606    -0.300
 4     0.038     0.405     0.913
 5   122.528    27.583    15.134
 5     0.419    -0.399     0.815
 5     0.282    -0.797    -0.535
 5     0.863     0.453    -0.222
 6   142.923     9.085    27.394
 6     0.503     0.769    -0.393
 6    -0.746     0.617     0.252
 6     0.436     0.166     0.884
 7   125.495   -21.099   -14.462
 7     0.579     0.814    -0.040
 7    -0.758     0.556     0.341
 7     0.300    -0.167     0.939
 8   133.089   -33.160    12.597
 8     0.627     0.540     0.561
