% Calibrated with leiden_pols
% Positions are in centimeters
Data =[
 2    97.335   -18.794    59.749
 2     0.829    -0.555     0.062
 2     0.555     0.831     0.023
 2    -0.064     0.016     0.998
 3   122.940    -1.818     9.653
 3    -0.469    -0.092    -0.879
 3     0.187    -0.982     0.003
 3    -0.863    -0.163     0.477
 4   109.496    13.876   -11.179
 4     0.633    -0.591     0.500
 4     0.766     0.569    -0.297
 4    -0.109     0.572     0.813
 5   121.387    21.065    17.703
 5     0.613    -0.468     0.636
 5    -0.069    -0.834    -0.548
 5     0.787     0.292    -0.543
 6   136.912    -1.940    14.618
 6     0.270     0.792    -0.547
 6    -0.928     0.065    -0.366
 6    -0.255     0.606     0.753
 7   118.411   -22.719   -11.692
 7     0.557     0.830     0.011
 7    -0.753     0.500     0.428
 7     0.349    -0.247     0.904
 8   128.325   -26.536    18.419
 8     0.637     0.625     0.451
 8     0.199    -0.698     0.687
 8     0.745    -0.348    -0.570
 9   141.725    -2.451    23.843
 9     0.162    -0.036    -0.986
 9     0.986     0.029     0.161
 9     0.023    -0.999     0.040
 2    97.335   -18.794    59.800
 2     0.829    -0.555     0.062
 2     0.555     0.831     0.023
 2    -0.064     0.015     0.998
 3   122.897    -1.816     9.648
 3    -0.470    -0.092    -0.878
 3     0.189    -0.982     0.001
 3    -0.862    -0.165     0.479
 4   109.445    13.927   -11.129
 4     0.632    -0.591     0.502
 4     0.767     0.568    -0.298
 4    -0.109     0.574     0.812
 5   121.282    21.013    17.780
 5     0.614    -0.466     0.637
 5    -0.070    -0.836    -0.544
 5     0.786     0.289    -0.547
 6   136.860    -1.914    14.717
 6     0.272     0.790    -0.548
 6    -0.928     0.065    -0.367
 6    -0.255     0.609     0.751
 7   118.382   -22.568   -11.690
 7     0.557     0.830     0.009
 7    -0.754     0.501     0.424
 7     0.348    -0.243     0.905
 8   128.371   -26.512    18.424
 8     0.637     0.625     0.450
 8     0.198    -0.698     0.688
 8     0.744    -0.349    -0.569
 9   141.727    -2.450    23.841
 9     0.162    -0.035    -0.986
 9     0.986     0.030     0.161
 9     0.024    -0.999     0.039
 2    97.335   -18.794    59.800
 2     0.829    -0.555     0.062
 2     0.555     0.831     0.023
 2    -0.064     0.015     0.998
 3   122.847    -1.789     9.693
 3    -0.472    -0.092    -0.877
 3     0.188    -0.982     0.002
 3    -0.861    -0.164     0.481
 4   109.447    13.979   -11.081
 4     0.631    -0.591     0.501
 4     0.768     0.567    -0.299
 4    -0.108     0.573     0.812
 5   121.282    21.013    17.831
 5     0.614    -0.466     0.637
 5    -0.071    -0.837    -0.543
 5     0.786     0.288    -0.547
 6   136.859    -1.940    14.665
 6     0.272     0.789    -0.550
 6    -0.928     0.064    -0.367
 6    -0.255     0.610     0.750
 7   118.381   -22.569   -11.690
 7     0.557     0.830     0.007
 7    -0.754     0.502     0.423
 7     0.348    -0.241     0.906
 8   128.321   -26.512    18.424
 8     0.637     0.625     0.450
 8     0.198    -0.698     0.688
 8     0.744    -0.349    -0.569
 9   141.728    -2.450    23.943
 9     0.162    -0.033    -0.986
 9     0.986     0.030     0.161
 9     0.024    -0.999     0.037
 2    97.335   -18.794    59.749
 2     0.829    -0.555     0.062
 2     0.555     0.831     0.023
 2    -0.064     0.015     0.998
 3   122.844    -1.788     9.743
 3    -0.472    -0.092    -0.876
 3     0.186    -0.982     0.003
 3    -0.861    -0.162     0.481
 4   109.450    13.928   -11.083
 4     0.632    -0.592     0.500
 4     0.767     0.568    -0.299
 4    -0.107     0.572     0.813
 5   121.257    20.962    17.830
 5     0.613    -0.465     0.638
 5    -0.071    -0.837    -0.543
 5     0.786     0.288    -0.547
 6   136.835    -1.938    14.763
 6     0.273     0.788    -0.552
 6    -0.928     0.064    -0.367
 6    -0.254     0.612     0.749
 7   118.337   -22.618   -11.646
 7     0.557     0.831     0.007
 7    -0.754     0.501     0.425
 7     0.350    -0.242     0.905
 8   128.296   -26.460    18.525
 8     0.637     0.625     0.451
 8     0.199    -0.699     0.687
 8     0.744    -0.348    -0.570
 9   141.728    -2.450    23.892
 9     0.162    -0.032    -0.986
 9     0.986     0.029     0.161
 9     0.024    -0.999     0.037
 2    97.335   -18.794    59.749
 2     0.829    -0.555     0.062
 2     0.555     0.831     0.023
 2    -0.064     0.015     0.998
 3   122.821    -1.812     9.687
 3    -0.475    -0.092    -0.875
 3     0.186    -0.982     0.002
 3    -0.860    -0.162     0.483
 4   109.422    13.877   -11.081
 4     0.632    -0.591     0.501
 4     0.767     0.567    -0.299
 4    -0.108     0.574     0.812
 5   121.257    20.963    17.830
 5     0.614    -0.465     0.638
 5    -0.070    -0.837    -0.543
 5     0.786     0.288    -0.547
 6   136.835    -1.938    14.763
 6     0.273     0.788    -0.551
 6    -0.928     0.065    -0.367
 6    -0.254     0.612     0.749
 7   118.189   -22.667   -11.569
 7     0.559     0.829     0.010
 7    -0.751     0.501     0.429
 7     0.350    -0.248     0.903
 8   128.246   -26.511    18.525
 8     0.638     0.624     0.450
 8     0.199    -0.699     0.687
 8     0.744    -0.349    -0.571
 9   141.675    -2.451    23.895
 9     0.162    -0.034    -0.986
 9     0.986     0.029     0.161
 9     0.023    -0.999     0.038
 2    97.284   -18.794    59.800
 2     0.829    -0.555     0.061
 2     0.555     0.831     0.023
 2    -0.064     0.015     0.998
 3   122.776    -1.859     9.675
 3    -0.478    -0.092    -0.873
 3     0.186    -0.982     0.002
 3    -0.858    -0.161     0.487
 4   109.322    13.877   -11.056
 4     0.631    -0.591     0.502
 4     0.768     0.567    -0.299
 4    -0.108     0.574     0.812
 5   121.257    20.937    17.881
 5     0.614    -0.465     0.638
 5    -0.070    -0.837    -0.542
 5     0.786     0.288    -0.547
 6   136.788    -1.938    14.761
 6     0.272     0.789    -0.551
 6    -0.928     0.065    -0.366
 6    -0.253     0.611     0.750
 7   118.167   -22.716   -11.572
 7     0.559     0.829     0.010
 7    -0.751     0.501     0.430
 7     0.351    -0.249     0.902
 8   128.293   -26.512    18.555
 8     0.638     0.624     0.450
 8     0.200    -0.699     0.686
 8     0.743    -0.348    -0.571
 9   141.626    -2.476    23.895
 9     0.163    -0.034    -0.986
 9     0.986     0.029     0.162
 9     0.023    -0.999     0.038
 2    97.284   -18.794    59.800
 2     0.829    -0.555     0.061
 2     0.555     0.831     0.023
 2    -0.064     0.015     0.998
 3   122.774    -1.911     9.681
 3    -0.477    -0.093    -0.874
 3     0.186    -0.983     0.002
 3    -0.859    -0.162     0.485
 4   109.376    13.852   -11.058
 4     0.632    -0.592     0.499
 4     0.767     0.567    -0.299
 4    -0.107     0.572     0.813
 5   121.165    20.966    17.872
 5     0.611    -0.463     0.641
 5    -0.068    -0.838    -0.541
 5     0.788     0.288    -0.544
 6   136.774    -1.866    14.726
 6     0.275     0.789    -0.549
 6    -0.926     0.064    -0.372
 6    -0.259     0.611     0.748
 7   118.169   -22.716   -11.575
 7     0.558     0.829     0.011
 7    -0.751     0.500     0.431
 7     0.352    -0.249     0.902
 8   128.193   -26.512    18.555
 8     0.638     0.624     0.450
 8     0.200    -0.700     0.686
 8     0.743    -0.348    -0.572
 9   141.610    -2.637    23.857
 9     0.176    -0.054    -0.983
 9     0.984     0.027     0.174
 9     0.017    -0.998     0.058
 2    97.284   -18.794    59.800
 2     0.829    -0.555     0.061
 2     0.555     0.831     0.023
 2    -0.064     0.015     0.998
 3   122.725    -1.911     9.682
 3    -0.477    -0.092    -0.874
 3     0.187    -0.982     0.001
 3    -0.859    -0.163     0.486
 4   109.291    13.809   -10.976
 4     0.630    -0.597     0.497
 4     0.770     0.563    -0.301
 4    -0.100     0.572     0.814
 5   120.711    20.905    17.957
 5     0.605    -0.450     0.657
 5    -0.063    -0.849    -0.524
 5     0.794     0.275    -0.542
 6   136.524    -1.533    14.673
 6     0.290     0.786    -0.545
 6    -0.912     0.055    -0.406
 6    -0.289     0.615     0.733
 7   117.946   -22.799   -11.473
 7     0.545     0.838     0.010
 7    -0.761     0.489     0.427
 7     0.353    -0.240     0.904
 8   127.464   -26.358    18.887
 8     0.642     0.598     0.479
 8     0.190    -0.730     0.656
 8     0.743    -0.330    -0.583
 9   141.619    -2.914    23.361
 9     0.209    -0.104    -0.972
 9     0.978     0.022     0.208
 9     0.000    -0.994     0.107
 2    97.335   -18.794    59.800
 2     0.829    -0.555     0.061
 2     0.555     0.831     0.023
 2    -0.064     0.015     0.998
 3   122.731    -1.910     9.678
 3    -0.477    -0.092    -0.874
 3     0.188    -0.982     0.001
 3    -0.858    -0.164     0.486
 4   109.471    13.873   -11.009
 4     0.626    -0.609     0.487
 4     0.775     0.556    -0.301
 4    -0.087     0.565     0.820
 5   120.267    21.056    18.151
 5     0.593    -0.429     0.681
 5    -0.052    -0.865    -0.499
 5     0.803     0.260    -0.536
 6   136.444    -0.739    14.858
 6     0.314     0.774    -0.549
 6    -0.895     0.048    -0.444
 6    -0.317     0.631     0.708
 7   117.961   -22.853   -11.466
 7     0.528     0.849     0.003
 7    -0.769     0.477     0.426
 7     0.360    -0.228     0.905
 8   126.898   -26.094    19.285
 8     0.640     0.569     0.516
 8     0.186    -0.767     0.615
 8     0.745    -0.297    -0.596
 9   142.055    -3.398    23.127
 9     0.255    -0.124    -0.959
 9     0.966     0.006     0.256
 9    -0.026    -0.992     0.121
 2    97.284   -18.794    59.800
 2     0.829    -0.555     0.061
 2     0.555     0.831     0.023
 2    -0.064     0.015     0.998
 3   122.730    -1.910     9.677
 3    -0.477    -0.093    -0.874
 3     0.188    -0.982     0.002
 3    -0.858    -0.163     0.486
 4   109.525    13.834   -10.913
 4     0.623    -0.620     0.477
 4     0.779     0.550    -0.302
 4    -0.075     0.559     0.825
 5   119.679    20.626    18.250
 5     0.580    -0.399     0.710
 5    -0.049    -0.888    -0.458
 5     0.813     0.231    -0.534
 6   136.470    -0.140    15.073
 6     0.356     0.745    -0.564
 6    -0.868     0.040    -0.495
 6    -0.346     0.666     0.661
 7   117.859   -22.856   -11.420
 7     0.523     0.852    -0.006
 7    -0.772     0.477     0.421
 7     0.361    -0.216     0.907
 8   126.099   -25.258    19.395
 8     0.632     0.536     0.559
 8     0.200    -0.810     0.550
 8     0.748    -0.236    -0.620
 9   141.981    -3.387    22.543
 9     0.295    -0.162    -0.942
 9     0.953    -0.016     0.301
 9    -0.064    -0.987     0.150
 2    97.285   -18.794    59.800
 2     0.829    -0.555     0.061
 2     0.554     0.831     0.023
 2    -0.064     0.015     0.998
 3   122.840    -1.870     9.331
 3    -0.518    -0.104    -0.849
 3     0.170    -0.985     0.017
 3    -0.839    -0.136     0.527
 4   109.535    13.790   -10.977
 4     0.618    -0.627     0.474
 4     0.783     0.544    -0.301
 4    -0.070     0.557     0.827
 5   119.170    20.444    18.514
 5     0.571    -0.362     0.737
 5    -0.049    -0.911    -0.409
 5     0.819     0.197    -0.538
 6   136.651     0.648    15.039
 6     0.387     0.719    -0.577
 6    -0.838     0.014    -0.545
 6    -0.384     0.694     0.608
 7   117.856   -22.934   -11.417
 7     0.521     0.853    -0.007
 7    -0.773     0.476     0.419
 7     0.360    -0.213     0.908
 8   125.945   -24.586    19.745
 8     0.628     0.522     0.576
 8     0.210    -0.827     0.521
 8     0.749    -0.206    -0.630
 9   142.310    -3.649    21.719
 9     0.329    -0.233    -0.915
 9     0.940    -0.013     0.341
 9    -0.092    -0.972     0.214
 2    97.285   -18.794    59.800
 2     0.829    -0.555     0.061
 2     0.554     0.831     0.023
 2    -0.064     0.015     0.998
 3   122.788    -1.870     9.306
 3    -0.517    -0.102    -0.850
 3     0.168    -0.985     0.016
 3    -0.839    -0.135     0.526
 4   109.438    13.805   -10.910
 4     0.608    -0.643     0.466
 4     0.792     0.533    -0.298
 4    -0.057     0.550     0.833
 5   117.831    19.603    18.785
 5     0.555    -0.274     0.785
 5    -0.042    -0.952    -0.303
 5     0.831     0.135    -0.539
 6   136.516     2.116    14.897
 6     0.459     0.705    -0.541
 6    -0.780     0.028    -0.625
 6    -0.426     0.708     0.563
 7   117.805   -23.027   -11.394
 7     0.520     0.854    -0.007
 7    -0.771     0.472     0.428
 7     0.369    -0.217     0.904
 8   124.781   -24.161    19.847
 8     0.619     0.438     0.651
 8     0.177    -0.886     0.427
 8     0.765    -0.149    -0.627
 9   143.125    -5.508    21.995
 9     0.431    -0.195    -0.881
 9     0.894    -0.038     0.446
 9    -0.120    -0.980     0.158
 2    97.285   -18.794    59.800
 2     0.829    -0.555     0.061
 2     0.554     0.832     0.023
 2    -0.064     0.015     0.998
 3   122.809    -1.793     9.224
 3    -0.495    -0.091    -0.864
 3     0.170    -0.985     0.007
 3    -0.852    -0.143     0.503
 4   109.352    13.774   -10.953
 4     0.596    -0.663     0.452
 4     0.802     0.520    -0.294
 4    -0.040     0.538     0.842
 5   117.019    19.023    18.934
 5     0.546    -0.162     0.822
 5    -0.015    -0.983    -0.184
 5     0.838     0.088    -0.539
 6   136.912     3.907    15.377
 6     0.529     0.677    -0.512
 6    -0.719     0.038    -0.693
 6    -0.450     0.735     0.507
 7   117.818   -23.138   -11.289
 7     0.504     0.863    -0.009
 7    -0.769     0.453     0.450
 7     0.393    -0.220     0.893
 8   124.011   -24.046    19.845
 8     0.608     0.352     0.711
 8     0.138    -0.930     0.341
 8     0.781    -0.109    -0.614
 9   143.901    -7.436    21.521
 9     0.515    -0.219    -0.829
 9     0.841    -0.057     0.537
 9    -0.165    -0.974     0.155
 2    97.335   -18.794    59.800
 2     0.829    -0.555     0.061
 2     0.555     0.831     0.023
 2    -0.064     0.015     0.998
 3   122.871    -1.779     9.411
 3    -0.485    -0.085    -0.870
 3     0.171    -0.985     0.000
 3    -0.858    -0.148     0.492
 4   109.303    13.769   -10.884
 4     0.592    -0.677     0.437
 4     0.806     0.509    -0.302
 4    -0.018     0.531     0.847
 5   116.666    18.426    19.012
 5     0.542    -0.081     0.836
 5     0.014    -0.994    -0.105
 5     0.840     0.068    -0.539
 6   137.250     5.573    15.339
 6     0.581     0.676    -0.453
 6    -0.667     0.076    -0.741
 6    -0.467     0.733     0.495
 7   117.728   -23.181   -11.253
 7     0.496     0.868    -0.011
 7    -0.768     0.445     0.462
 7     0.406    -0.221     0.887
 8   123.616   -23.956    19.920
 8     0.593     0.305     0.745
 8     0.119    -0.948     0.293
 8     0.796    -0.085    -0.599
 9   144.200    -9.003    20.634
 9     0.576    -0.262    -0.774
 9     0.792    -0.055     0.608
 9    -0.201    -0.964     0.176
 2    97.284   -18.794    59.800
 2     0.829    -0.555     0.061
 2     0.555     0.831     0.023
 2    -0.064     0.015     0.998
 3   122.928    -1.853     9.306
 3    -0.485    -0.085    -0.870
 3     0.172    -0.985     0.001
 3    -0.857    -0.150     0.492
 4   109.331    13.780   -10.874
 4     0.594    -0.676     0.436
 4     0.804     0.502    -0.317
 4    -0.005     0.539     0.842
 5   116.775    18.034    19.055
 5     0.544    -0.038     0.838
 5     0.029    -0.997    -0.064
 5     0.838     0.059    -0.542
 6   137.458     6.309    14.981
 6     0.602     0.692    -0.398
 6    -0.634     0.112    -0.765
 6    -0.485     0.712     0.507
 7   117.607   -23.182   -11.279
 7     0.492     0.870    -0.008
 7    -0.769     0.438     0.464
 7     0.407    -0.223     0.885
 8   123.334   -23.594    19.838
 8     0.587     0.264     0.765
 8     0.105    -0.962     0.252
 8     0.802    -0.068    -0.593
 9   144.796   -10.510    20.168
 9     0.630    -0.298    -0.717
 9     0.743    -0.035     0.668
 9    -0.224    -0.954     0.199
 2    97.284   -18.794    59.800
 2     0.829    -0.555     0.061
 2     0.555     0.831     0.023
 2    -0.064     0.015     0.998
 3   123.004    -1.863     9.344
 3    -0.472    -0.078    -0.878
 3     0.188    -0.982    -0.014
 3    -0.861    -0.172     0.478
 4   109.061    13.798   -10.746
 4     0.584    -0.684     0.437
 4     0.812     0.484    -0.326
 4     0.011     0.545     0.838
 5   116.119    17.695    19.181
 5     0.538     0.057     0.841
 5     0.065    -0.997     0.026
 5     0.840     0.040    -0.541
 6   137.765     8.911    15.059
 6     0.667     0.682    -0.301
 6    -0.559     0.191    -0.806
 6    -0.492     0.706     0.509
 7   117.405   -23.053   -11.225
 7     0.481     0.876    -0.004
 7    -0.772     0.426     0.472
 7     0.415    -0.224     0.881
 8   122.734   -23.778    19.933
 8     0.584     0.200     0.786
 8     0.066    -0.978     0.199
 8     0.809    -0.065    -0.585
 9   145.026   -13.446    19.779
 9     0.701    -0.324    -0.635
 9     0.666    -0.018     0.745
 9    -0.253    -0.946     0.203
 2    97.284   -18.794    59.800
 2     0.829    -0.555     0.062
 2     0.555     0.831     0.023
 2    -0.064     0.015     0.998
 3   122.970    -1.870     9.425
 3    -0.463    -0.065    -0.884
 3     0.196    -0.980    -0.031
 3    -0.864    -0.188     0.466
 4   108.990    13.891   -10.720
 4     0.576    -0.689     0.439
 4     0.817     0.467    -0.337
 4     0.027     0.553     0.832
 5   115.959    17.565    19.226
 5     0.523     0.142     0.840
 5     0.104    -0.989     0.102
 5     0.846     0.034    -0.532
 6   138.107    11.700    15.402
 6     0.732     0.644    -0.220
 6    -0.467     0.240    -0.851
 6    -0.495     0.726     0.476
 7   117.301   -23.102   -11.294
 7     0.471     0.882     0.002
 7    -0.775     0.412     0.479
 7     0.422    -0.228     0.878
 8   122.457   -23.729    19.879
 8     0.584     0.159     0.796
 8     0.049    -0.986     0.161
 8     0.810    -0.055    -0.584
 9   145.363   -15.581    18.708
 9     0.746    -0.358    -0.561
 9     0.594    -0.021     0.804
 9    -0.300    -0.933     0.197
 2    97.284   -18.794    59.800
 2     0.829    -0.555     0.062
 2     0.555     0.831     0.023
 2    -0.064     0.015     0.998
 3   123.020    -1.819     9.374
 3    -0.464    -0.063    -0.883
 3     0.196    -0.980    -0.033
 3    -0.864    -0.189     0.468
 4   109.008    13.902   -10.703
 4     0.572    -0.690     0.443
 4     0.819     0.456    -0.347
 4     0.037     0.562     0.826
 5   115.937    17.401    19.253
 5     0.523     0.185     0.831
 5     0.125    -0.982     0.140
 5     0.843     0.030    -0.537
 6   138.356    13.738    15.455
 6     0.770     0.623    -0.136
 6    -0.400     0.305    -0.864
 6    -0.497     0.720     0.484
 7   117.331   -23.001   -11.249
 7     0.467     0.884     0.001
 7    -0.776     0.408     0.480
 7     0.424    -0.225     0.877
 8   122.347   -23.548    19.878
 8     0.584     0.131     0.801
 8     0.045    -0.990     0.130
 8     0.810    -0.040    -0.584
 9   145.249   -17.064    18.218
 9     0.774    -0.384    -0.504
 9     0.541    -0.014     0.841
 9    -0.329    -0.923     0.197
 2    97.284   -18.794    59.800
 2     0.829    -0.555     0.061
 2     0.555     0.831     0.023
 2    -0.064     0.015     0.998
 3   123.060    -1.813     9.311
 3    -0.468    -0.059    -0.882
 3     0.198    -0.979    -0.040
 3    -0.861    -0.194     0.470
 4   108.717    13.911   -10.575
 4     0.561    -0.695     0.450
 4     0.826     0.441    -0.349
 4     0.044     0.568     0.822
 5   115.738    17.013    19.295
 5     0.522     0.242     0.818
 5     0.145    -0.970     0.194
 5     0.840     0.017    -0.542
 6   138.258    16.029    15.418
 6     0.803     0.592    -0.064
 6    -0.322     0.341    -0.883
 6    -0.501     0.730     0.464
 7   117.214   -23.057   -11.299
 7     0.452     0.891     0.009
 7    -0.783     0.392     0.482
 7     0.426    -0.226     0.876
 8   121.986   -23.498    19.910
 8     0.580     0.076     0.811
 8     0.020    -0.997     0.079
 8     0.814    -0.029    -0.580
 9   145.112   -19.240    17.539
 9     0.807    -0.409    -0.425
 9     0.467     0.002     0.884
 9    -0.361    -0.912     0.193
 2    97.285   -18.743    59.800
 2     0.829    -0.555     0.061
 2     0.555     0.831     0.023
 2    -0.064     0.015     0.998
 3   123.067    -1.786     9.282
 3    -0.470    -0.057    -0.881
 3     0.200    -0.979    -0.043
 3    -0.860    -0.196     0.471
 4   108.659    14.023   -10.526
 4     0.553    -0.700     0.451
 4     0.831     0.430    -0.353
 4     0.053     0.569     0.820
 5   115.674    16.982    19.334
 5     0.517     0.294     0.804
 5     0.167    -0.956     0.241
 5     0.839     0.010    -0.543
 6   138.180    18.539    15.878
 6     0.837     0.546     0.013
 6    -0.234     0.380    -0.895
 6    -0.494     0.746     0.446
 7   117.155   -22.905   -11.260
 7     0.443     0.896     0.014
 7    -0.786     0.381     0.488
 7     0.431    -0.228     0.873
 8   121.672   -23.609    19.844
 8     0.582     0.031     0.812
 8    -0.005    -0.999     0.041
 8     0.813    -0.028    -0.581
 9   144.939   -21.864    17.199
 9     0.844    -0.420    -0.331
 9     0.380     0.035     0.924
 9    -0.377    -0.907     0.190
 2    97.284   -18.794    59.800
 2     0.829    -0.555     0.062
 2     0.555     0.831     0.023
 2    -0.064     0.015     0.998
 3   123.045    -1.784     9.279
 3    -0.471    -0.055    -0.880
 3     0.199    -0.979    -0.046
 3    -0.859    -0.198     0.472
 4   108.684    13.985   -10.510
 4     0.549    -0.706     0.448
 4     0.833     0.419    -0.360
 4     0.065     0.571     0.818
 5   115.650    16.997    19.385
 5     0.514     0.337     0.788
 5     0.188    -0.941     0.280
 5     0.836     0.004    -0.548
 6   137.867    20.344    15.891
 6     0.853     0.517     0.072
 6    -0.166     0.399    -0.902
 6    -0.495     0.757     0.427
 7   117.019   -22.905   -11.269
 7     0.435     0.900     0.023
 7    -0.788     0.369     0.492
 7     0.435    -0.233     0.870
 8   121.533   -23.753    19.883
 8     0.589    -0.005     0.808
 8    -0.032    -0.999     0.017
 8     0.807    -0.036    -0.589
 9   144.814   -24.022    16.886
 9     0.867    -0.428    -0.255
 9     0.314     0.071     0.947
 9    -0.387    -0.901     0.196
 2    97.335   -18.743    59.800
 2     0.829    -0.555     0.061
 2     0.555     0.831     0.023
 2    -0.064     0.015     0.998
 3   123.068    -1.732     9.229
 3    -0.473    -0.046    -0.880
 3     0.197    -0.979    -0.055
 3    -0.859    -0.199     0.472
 4   108.594    13.991   -10.475
 4     0.545    -0.708     0.449
 4     0.836     0.413    -0.362
 4     0.070     0.572     0.817
 5   115.409    17.069    19.451
 5     0.506     0.388     0.770
 5     0.214    -0.921     0.324
 5     0.835     0.000    -0.550
 6   137.292    22.597    15.978
 6     0.859     0.491     0.139
 6    -0.098     0.426    -0.900
 6    -0.501     0.760     0.414
 7   116.789   -22.915   -11.299
 7     0.423     0.905     0.037
 7    -0.797     0.352     0.491
 7     0.431    -0.238     0.870
 8   120.895   -24.263    19.851
 8     0.586    -0.076     0.807
 8    -0.087    -0.996    -0.030
 8     0.806    -0.053    -0.590
 9   144.018   -26.639    16.637
 9     0.887    -0.430    -0.169
 9     0.242     0.120     0.963
 9    -0.393    -0.895     0.211
 2    97.284   -18.794    59.800
 2     0.829    -0.555     0.061
 2     0.555     0.831     0.023
 2    -0.064     0.015     0.998
 3   123.042    -1.679     9.276
 3    -0.475    -0.037    -0.879
 3     0.193    -0.979    -0.063
 3    -0.858    -0.200     0.473
 4   108.533    13.999   -10.470
 4     0.539    -0.714     0.447
 4     0.839     0.406    -0.363
 4     0.077     0.571     0.817
 5   117.405    16.625    21.500
 5     0.499     0.425     0.755
 5     0.222    -0.905     0.363
 5     0.837    -0.014    -0.546
 6   136.617    24.371    16.144
 6     0.860     0.471     0.194
 6    -0.019     0.411    -0.911
 6    -0.509     0.781     0.362
 7   116.619   -22.920   -11.246
 7     0.412     0.910     0.045
 7    -0.802     0.339     0.491
 7     0.432    -0.238     0.870
 8   120.522   -24.243    19.890
 8     0.578    -0.121     0.807
 8    -0.110    -0.991    -0.069
 8     0.809    -0.049    -0.586
 9   143.263   -29.059    16.397
 9     0.898    -0.431    -0.081
 9     0.162     0.153     0.974
 9    -0.408    -0.889     0.208
 2    97.285   -18.794    59.800
 2     0.829    -0.555     0.061
 2     0.554     0.831     0.023
 2    -0.064     0.015     0.998
 3   123.044    -1.729     9.226
 3    -0.476    -0.036    -0.879
 3     0.194    -0.979    -0.065
 3    -0.858    -0.201     0.473
 4   108.443    13.955   -10.431
 4     0.529    -0.723     0.445
 4     0.844     0.398    -0.358
 4     0.082     0.565     0.821
 5   117.343    16.675    21.375
 5     0.499     0.463     0.732
 5     0.242    -0.886     0.395
 5     0.832    -0.020    -0.555
 6   136.066    25.989    16.127
 6     0.860     0.447     0.247
 6     0.032     0.436    -0.899
 6    -0.510     0.781     0.360
 7   116.672   -22.977   -11.239
 7     0.398     0.916     0.052
 7    -0.810     0.323     0.490
 7     0.432    -0.238     0.870
 8   120.160   -24.249    20.053
 8     0.565    -0.181     0.805
 8    -0.139    -0.982    -0.123
 8     0.813    -0.042    -0.581
 9   142.370   -31.093    16.348
 9     0.904    -0.427    -0.002
 9     0.086     0.179     0.980
 9    -0.418    -0.886     0.199
 2    97.284   -18.794    59.800
 2     0.829    -0.555     0.061
 2     0.555     0.831     0.023
 2    -0.064     0.015     0.998
 3   122.985    -1.627     9.226
 3    -0.478    -0.028    -0.878
 3     0.188    -0.979    -0.072
 3    -0.858    -0.200     0.474
 4   108.349    13.909   -10.388
 4     0.522    -0.729     0.443
 4     0.849     0.392    -0.356
 4     0.085     0.562     0.823
 5   117.276    16.755    21.379
 5     0.492     0.492     0.718
 5     0.258    -0.870     0.419
 5     0.831    -0.021    -0.556
 6   135.693    26.889    16.085
 6     0.857     0.435     0.276
 6     0.065     0.439    -0.896
 6    -0.511     0.786     0.348
 7   116.426   -23.037   -11.180
 7     0.381     0.922     0.064
 7    -0.818     0.303     0.489
 7     0.432    -0.239     0.870
 8   119.934   -24.161    20.108
 8     0.563    -0.228     0.794
 8    -0.166    -0.973    -0.161
 8     0.809    -0.042    -0.586
 9   141.520   -32.794    16.199
 9     0.903    -0.425     0.065
 9     0.022     0.199     0.979
 9    -0.429    -0.883     0.189
 2    97.284   -18.794    59.800
 2     0.829    -0.555     0.062
 2     0.555     0.831     0.023
 2    -0.064     0.015     0.998
 3   122.982    -1.601     9.174
 3    -0.479    -0.025    -0.878
 3     0.186    -0.980    -0.074
 3    -0.858    -0.198     0.473
 4   108.326    13.961   -10.391
 4     0.522    -0.729     0.444
 4     0.849     0.391    -0.356
 4     0.086     0.562     0.822
 5   117.210    16.911    21.440
 5     0.487     0.512     0.707
 5     0.273    -0.858     0.434
 5     0.829    -0.018    -0.558
 6   135.282    28.122    16.094
 6     0.855     0.414     0.311
 6     0.099     0.458    -0.883
 6    -0.509     0.786     0.350
 7   116.204   -23.044   -11.168
 7     0.367     0.927     0.079
 7    -0.824     0.285     0.489
 7     0.431    -0.245     0.868
 8   119.502   -24.414    20.154
 8     0.557    -0.286     0.779
 8    -0.209    -0.957    -0.202
 8     0.803    -0.050    -0.593
 9   140.330   -34.985    15.756
 9     0.895    -0.423     0.140
 9    -0.043     0.231     0.972
 9    -0.444    -0.876     0.188
 2    97.285   -18.743    59.800
 2     0.829    -0.555     0.061
 2     0.555     0.831     0.023
 2    -0.064     0.015     0.998
 3   122.924    -1.626     9.223
 3    -0.480    -0.023    -0.877
 3     0.182    -0.980    -0.074
 3    -0.858    -0.195     0.475
 4   108.329    13.910   -10.394
 4     0.523    -0.728     0.443
 4     0.848     0.391    -0.358
 4     0.087     0.563     0.822
 5   117.200    16.939    21.323
 5     0.486     0.520     0.702
 5     0.283    -0.854     0.437
 5     0.827    -0.013    -0.562
 6   135.186    28.306    16.132
 6     0.856     0.409     0.316
 6     0.106     0.460    -0.882
 6    -0.506     0.788     0.350
 7   116.037   -23.097   -11.119
 7     0.360     0.928     0.087
 7    -0.826     0.275     0.492
 7     0.433    -0.249     0.866
 8   119.619   -24.475    20.289
 8     0.556    -0.322     0.766
 8    -0.230    -0.945    -0.230
 8     0.798    -0.049    -0.600
 9   139.872   -36.172    15.615
 9     0.888    -0.421     0.184
 9    -0.081     0.251     0.964
 9    -0.452    -0.872     0.189
 2    97.284   -18.794    59.800
 2     0.829    -0.555     0.061
 2     0.555     0.831     0.023
 2    -0.064     0.015     0.998
 3   122.914    -1.779     9.124
 3    -0.480    -0.019    -0.877
 3     0.177    -0.981    -0.075
 3    -0.859    -0.192     0.474
 4   108.329    13.835   -10.445
 4     0.522    -0.729     0.442
 4     0.848     0.391    -0.356
 4     0.087     0.561     0.823
 5   114.991    17.384    19.276
 5     0.472     0.539     0.697
 5     0.303    -0.842     0.446
 5     0.828     0.000    -0.561
 6   134.900    28.923    15.946
 6     0.858     0.392     0.332
 6     0.115     0.482    -0.869
 6    -0.501     0.783     0.368
 7   116.039   -23.175   -11.091
 7     0.355     0.930     0.091
 7    -0.828     0.268     0.491
 7     0.433    -0.251     0.866
 8   119.538   -24.516    20.369
 8     0.551    -0.354     0.755
 8    -0.255    -0.933    -0.252
 8     0.794    -0.054    -0.605
 9   139.468   -36.919    15.404
 9     0.884    -0.418     0.209
 9    -0.102     0.264     0.959
 9    -0.456    -0.869     0.191
 2    97.285   -18.794    59.800
 2     0.829    -0.555     0.061
 2     0.554     0.831     0.023
 2    -0.064     0.015     0.998
 3   122.902    -1.680     9.237
 3    -0.478    -0.013    -0.878
 3     0.173    -0.981    -0.081
 3    -0.861    -0.191     0.472
 4   108.234    13.710   -10.399
 4     0.520    -0.732     0.440
 4     0.849     0.389    -0.357
 4     0.089     0.559     0.824
 5   117.010    17.128    21.275
 5     0.471     0.551     0.689
 5     0.309    -0.835     0.455
 5     0.826    -0.002    -0.564
 6   134.606    29.332    15.944
 6     0.854     0.390     0.344
 6     0.131     0.479    -0.868
 6    -0.504     0.786     0.358
 7   115.911   -23.179   -11.106
 7     0.350     0.931     0.099
 7    -0.832     0.260     0.490
 7     0.431    -0.254     0.866
 8   119.345   -24.810    20.230
 8     0.550    -0.378     0.744
 8    -0.277    -0.924    -0.264
 8     0.788    -0.061    -0.613
 9   138.979   -37.693    15.121
 9     0.879    -0.417     0.231
 9    -0.118     0.279     0.953
 9    -0.462    -0.865     0.197
 2    97.284   -18.794    59.800
 2     0.829    -0.555     0.061
 2     0.555     0.831     0.023
 2    -0.064     0.015     0.998
 3   122.904    -1.731     9.237
 3    -0.478    -0.011    -0.878
 3     0.174    -0.981    -0.082
 3    -0.861    -0.192     0.471
 4   108.189    13.737   -10.405
 4     0.520    -0.732     0.439
 4     0.849     0.388    -0.358
 4     0.091     0.559     0.823
 5   117.031    17.277    21.303
 5     0.472     0.567     0.674
 5     0.320    -0.823     0.468
 5     0.821    -0.005    -0.571
 6   134.210    30.372    15.785
 6     0.842     0.386     0.375
 6     0.160     0.485    -0.860
 6    -0.515     0.784     0.347
 7   115.801   -23.160   -11.137
 7     0.346     0.932     0.105
 7    -0.835     0.256     0.486
 7     0.426    -0.257     0.867
 8   119.062   -24.956    20.154
 8     0.540    -0.405     0.738
 8    -0.304    -0.911    -0.277
 8     0.785    -0.075    -0.615
 9   138.353   -38.410    14.861
 9     0.878    -0.407     0.253
 9    -0.132     0.303     0.944
 9    -0.460    -0.862     0.213
 2    97.284   -18.794    59.800
 2     0.829    -0.555     0.061
 2     0.555     0.831     0.023
 2    -0.064     0.015     0.998
 3   122.904    -1.684     9.253
 3    -0.474    -0.002    -0.880
 3     0.174    -0.980    -0.092
 3    -0.863    -0.197     0.465
 4   108.178    13.717   -10.345
 4     0.520    -0.734     0.437
 4     0.849     0.386    -0.361
 4     0.097     0.558     0.824
 5   116.960    17.408    21.369
 5     0.464     0.590     0.660
 5     0.338    -0.807     0.483
 5     0.818    -0.001    -0.575
 6   133.703    31.031    15.718
 6     0.833     0.385     0.396
 6     0.180     0.488    -0.854
 6    -0.522     0.783     0.337
 7   115.671   -23.166   -11.174
 7     0.341     0.933     0.113
 7    -0.839     0.248     0.483
 7     0.423    -0.260     0.868
 8   118.537   -25.332    20.038
 8     0.523    -0.431     0.735
 8    -0.333    -0.897    -0.290
 8     0.785    -0.093    -0.613
 9   137.667   -39.221    14.777
 9     0.881    -0.388     0.269
 9    -0.143     0.323     0.935
 9    -0.450    -0.863     0.230
 2    97.284   -18.794    59.800
 2     0.829    -0.555     0.061
 2     0.555     0.831     0.023
 2    -0.064     0.015     0.998
 3   122.828    -1.787     9.159
 3    -0.473     0.004    -0.881
 3     0.174    -0.980    -0.099
 3    -0.864    -0.200     0.463
 4   108.192    13.747   -10.259
 4     0.519    -0.737     0.433
 4     0.848     0.383    -0.366
 4     0.103     0.557     0.824
 5   114.867    17.750    19.454
 5     0.460     0.601     0.653
 5     0.348    -0.799     0.490
 5     0.816     0.002    -0.577
 6   133.204    31.322    15.430
 6     0.821     0.393     0.413
 6     0.192     0.492    -0.849
 6    -0.538     0.776     0.329
 7   115.559   -23.174   -11.154
 7     0.335     0.935     0.118
 7    -0.844     0.242     0.478
 7     0.418    -0.260     0.870
 8   118.230   -25.686    20.068
 8     0.504    -0.469     0.725
 8    -0.367    -0.876    -0.312
 8     0.782    -0.109    -0.614
 9   137.145   -40.114    14.757
 9     0.882    -0.369     0.294
 9    -0.160     0.352     0.922
 9    -0.444    -0.860     0.252
 2    97.284   -18.794    59.800
 2     0.829    -0.555     0.061
 2     0.555     0.831     0.023
 2    -0.064     0.015     0.998
 3   122.843    -1.790     9.223
 3    -0.470     0.017    -0.882
 3     0.169    -0.979    -0.109
 3    -0.866    -0.200     0.457
 4   108.245    13.757   -10.161
 4     0.518    -0.743     0.424
 4     0.848     0.379    -0.371
 4     0.114     0.552     0.826
 5   114.677    18.035    19.578
 5     0.447     0.617     0.647
 5     0.370    -0.787     0.494
 5     0.814     0.019    -0.580
 6   132.556    32.071    15.288
 6     0.808     0.400     0.431
 6     0.204     0.497    -0.843
 6    -0.552     0.770     0.320
 7   115.560   -23.177   -11.152
 7     0.329     0.936     0.121
 7    -0.847     0.236     0.477
 7     0.418    -0.259     0.871
 8   118.074   -25.903    20.036
 8     0.493    -0.487     0.720
 8    -0.385    -0.865    -0.322
 8     0.780    -0.119    -0.614
 9   136.854   -40.623    14.696
 9     0.881    -0.359     0.307
 9    -0.172     0.362     0.916
 9    -0.440    -0.860     0.257
 2    97.284   -18.794    59.800
 2     0.829    -0.555     0.061
 2     0.555     0.831     0.023
 2    -0.064     0.015     0.998
 3   122.840    -1.817     9.229
 3    -0.468     0.021    -0.883
 3     0.168    -0.979    -0.112
 3    -0.867    -0.201     0.455
 4   108.310    13.762   -10.075
 4     0.518    -0.745     0.420
 4     0.847     0.378    -0.374
 4     0.120     0.549     0.827
 5   114.488    18.292    19.598
 5     0.436     0.628     0.644
 5     0.387    -0.778     0.495
 5     0.812     0.033    -0.582
 6   131.953    32.589    14.860
 6     0.798     0.395     0.454
 6     0.208     0.527    -0.824
 6    -0.565     0.752     0.339
 7   115.596   -23.082   -11.133
 7     0.325     0.938     0.121
 7    -0.850     0.234     0.471
 7     0.413    -0.256     0.874
 8   117.865   -26.278    19.981
 8     0.478    -0.507     0.717
 8    -0.408    -0.852    -0.330
 8     0.778    -0.135    -0.614
 9   136.515   -41.282    14.669
 9     0.883    -0.343     0.320
 9    -0.182     0.379     0.907
 9    -0.432    -0.860     0.272
 2    97.284   -18.794    59.800
 2     0.829    -0.555     0.061
 2     0.555     0.831     0.023
 2    -0.064     0.015     0.998
 3   122.835    -1.795     9.293
 3    -0.466     0.028    -0.884
 3     0.167    -0.979    -0.119
 3    -0.869    -0.203     0.451
 4   108.326    13.769   -10.018
 4     0.515    -0.749     0.416
 4     0.847     0.373    -0.377
 4     0.127     0.547     0.827
 5   114.414    18.349    19.721
 5     0.429     0.636     0.641
 5     0.392    -0.771     0.502
 5     0.813     0.035    -0.580
 6   131.718    32.821    15.103
 6     0.796     0.396     0.457
 6     0.217     0.518    -0.827
 6    -0.565     0.758     0.327
 7   115.459   -22.989   -11.165
 7     0.320     0.939     0.123
 7    -0.855     0.231     0.465
 7     0.408    -0.254     0.877
 8   117.699   -26.471    19.913
 8     0.469    -0.524     0.711
 8    -0.427    -0.839    -0.338
 8     0.773    -0.145    -0.617
 9   136.170   -41.688    14.615
 9     0.883    -0.338     0.326
 9    -0.189     0.380     0.905
 9    -0.430    -0.861     0.271
 2    97.284   -18.794    59.800
 2     0.829    -0.555     0.061
 2     0.555     0.831     0.023
 2    -0.064     0.015     0.998
 3   122.822    -1.747     9.306
 3    -0.461     0.035    -0.886
 3     0.172    -0.977    -0.128
 3    -0.870    -0.211     0.444
 4   108.334    13.874    -9.928
 4     0.513    -0.751     0.416
 4     0.848     0.369    -0.380
 4     0.131     0.547     0.826
 5   114.314    18.307    19.989
 5     0.423     0.652     0.629
 5     0.397    -0.758     0.518
 5     0.814     0.031    -0.580
 6   131.092    33.299    15.097
 6     0.781     0.400     0.480
 6     0.240     0.518    -0.821
 6    -0.577     0.756     0.308
 7   115.437   -22.976   -11.157
 7     0.312     0.941     0.127
 7    -0.862     0.224     0.454
 7     0.399    -0.252     0.881
 8   117.467   -26.769    19.870
 8     0.451    -0.557     0.697
 8    -0.453    -0.816    -0.359
 8     0.769    -0.153    -0.621
 9   135.290   -43.025    14.204
 9     0.873    -0.325     0.364
 9    -0.222     0.400     0.889
 9    -0.434    -0.857     0.277
 2    97.284   -18.794    59.800
 2     0.829    -0.555     0.061
 2     0.555     0.831     0.023
 2    -0.064     0.015     0.998
 3   122.821    -1.748     9.314
 3    -0.460     0.039    -0.887
 3     0.172    -0.976    -0.132
 3    -0.871    -0.214     0.442
 4   108.174    13.882    -9.821
 4     0.507    -0.755     0.415
 4     0.850     0.361    -0.382
 4     0.138     0.547     0.826
 5   114.246    18.237    20.027
 5     0.419     0.657     0.626
 5     0.398    -0.753     0.524
 5     0.816     0.029    -0.578
 6   130.710    33.472    15.105
 6     0.772     0.409     0.485
 6     0.249     0.508    -0.825
 6    -0.584     0.758     0.290
 7   115.338   -22.978   -11.129
 7     0.307     0.943     0.130
 7    -0.864     0.219     0.453
 7     0.399    -0.252     0.881
 8   117.446   -26.694    20.004
 8     0.447    -0.573     0.686
 8    -0.457    -0.806    -0.375
 8     0.768    -0.146    -0.623
 9   134.652   -43.628    14.154
 9     0.859    -0.327     0.392
 9    -0.250     0.401     0.881
 9    -0.446    -0.855     0.264
 2    97.284   -18.794    59.800
 2     0.829    -0.555     0.061
 2     0.555     0.831     0.023
 2    -0.064     0.015     0.998
 3   122.837    -1.825     9.268
 3    -0.460     0.043    -0.887
 3     0.168    -0.976    -0.135
 3    -0.872    -0.212     0.441
 4   108.223    13.780    -9.817
 4     0.507    -0.757     0.413
 4     0.851     0.363    -0.380
 4     0.137     0.543     0.828
 5   114.142    18.186    19.930
 5     0.418     0.659     0.625
 5     0.400    -0.752     0.525
 5     0.815     0.030    -0.578
 6   130.518    33.518    14.939
 6     0.768     0.413     0.490
 6     0.253     0.507    -0.824
 6    -0.589     0.756     0.285
 7   115.084   -23.170   -11.058
 7     0.284     0.948     0.140
 7    -0.873     0.196     0.447
 7     0.396    -0.250     0.883
 8   117.088   -26.406    20.218
 8     0.436    -0.594     0.676
