% Calibrated with leiden_pols
% Positions are in centimeters
Data =[
 2    97.335   -18.794    59.749
 2     0.829    -0.555     0.062
 2     0.555     0.831     0.023
 2    -0.064     0.016     0.998
 3   122.940    -1.818     9.653
 3    -0.469    -0.092    -0.879
 3     0.187    -0.982     0.003
 3    -0.863    -0.163     0.477
 4   109.496    13.876   -11.179
 4     0.633    -0.591     0.500
 4     0.766     0.569    -0.297
 4    -0.109     0.572     0.813
 5   121.387    21.065    17.703
 5     0.613    -0.468     0.636
 5    -0.069    -0.834    -0.548
 5     0.787     0.292    -0.543
 6   136.912    -1.940    14.618
 6     0.270     0.792    -0.547
 6    -0.928     0.065    -0.366
 6    -0.255     0.606     0.753
 7   118.411   -22.719   -11.692
 7     0.557     0.830     0.011
 7    -0.753     0.500     0.428
 7     0.349    -0.247     0.904
 8   128.325   -26.536    18.419
 8     0.637     0.625     0.451
 8     0.199    -0.698     0.687
 8     0.745    -0.348    -0.570
 9   141.725    -2.451    23.843
 9     0.162    -0.036    -0.986
 9     0.986     0.029     0.161
 9     0.023    -0.999     0.040
 2    97.335   -18.794    59.800
 2     0.829    -0.555     0.062
 2     0.555     0.831     0.023
 2    -0.064     0.015     0.998
 3   122.897    -1.816     9.648
 3    -0.470    -0.092    -0.878
 3     0.189    -0.982     0.001
 3    -0.862    -0.165     0.479
 4   109.445    13.927   -11.129
 4     0.632    -0.591     0.502
 4     0.767     0.568    -0.298
 4    -0.109     0.574     0.812
 5   121.282    21.013    17.780
 5     0.614    -0.466     0.637
 5    -0.070    -0.836    -0.544
 5     0.786     0.289    -0.547
 6   136.860    -1.914    14.717
 6     0.272     0.790    -0.548
 6    -0.928     0.065    -0.367
 6    -0.255     0.609     0.751
 7   118.382   -22.568   -11.690
 7     0.557     0.830     0.009
 7    -0.754     0.501     0.424
 7     0.348    -0.243     0.905
 8   128.371   -26.512    18.424
 8     0.637     0.625     0.450
 8     0.198    -0.698     0.688
 8     0.744    -0.349    -0.569
 9   141.727    -2.450    23.841
 9     0.162    -0.035    -0.986
 9     0.986     0.030     0.161
 9     0.024    -0.999     0.039
 2    97.335   -18.794    59.800
 2     0.829    -0.555     0.062
 2     0.555     0.831     0.023
 2    -0.064     0.015     0.998
 3   122.847    -1.789     9.693
 3    -0.472    -0.092    -0.877
 3     0.188    -0.982     0.002
 3    -0.861    -0.164     0.481
 4   109.447    13.979   -11.081
 4     0.631    -0.591     0.501
 4     0.768     0.567    -0.299
 4    -0.108     0.573     0.812
 5   121.282    21.013    17.831
 5     0.614    -0.466     0.637
 5    -0.071    -0.837    -0.543
 5     0.786     0.288    -0.547
 6   136.859    -1.940    14.665
 6     0.272     0.789    -0.550
 6    -0.928     0.064    -0.367
 6    -0.255     0.610     0.750
 7   118.381   -22.569   -11.690
 7     0.557     0.830     0.007
 7    -0.754     0.502     0.423
 7     0.348    -0.241     0.906
 8   128.321   -26.512    18.424
 8     0.637     0.625     0.450
 8     0.198    -0.698     0.688
 8     0.744    -0.349    -0.569
 9   141.728    -2.450    23.943
 9     0.162    -0.033    -0.986
 9     0.986     0.030     0.161
 9     0.024    -0.999     0.037
 2    97.335   -18.794    59.749
 2     0.829    -0.555     0.062
 2     0.555     0.831     0.023
 2    -0.064     0.015     0.998
 3   122.844    -1.788     9.743
 3    -0.472    -0.092    -0.876
 3     0.186    -0.982     0.003
 3    -0.861    -0.162     0.481
 4   109.450    13.928   -11.083
 4     0.632    -0.592     0.500
 4     0.767     0.568    -0.299
 4    -0.107     0.572     0.813
 5   121.257    20.962    17.830
 5     0.613    -0.465     0.638
 5    -0.071    -0.837    -0.543
 5     0.786     0.288    -0.547
 6   136.835    -1.938    14.763
 6     0.273     0.788    -0.552
 6    -0.928     0.064    -0.367
 6    -0.254     0.612     0.749
 7   118.337   -22.618   -11.646
 7     0.557     0.831     0.007
 7    -0.754     0.501     0.425
 7     0.350    -0.242     0.905
 8   128.296   -26.460    18.525
 8     0.637     0.625     0.451
 8     0.199    -0.699     0.687
 8     0.744    -0.348    -0.570
 9   141.728    -2.450    23.892
 9     0.162    -0.032    -0.986
 9     0.986     0.029     0.161
 9     0.024    -0.999     0.037
 2    97.335   -18.794    59.749
 2     0.829    -0.555     0.062
 2     0.555     0.831     0.023
 2    -0.064     0.015     0.998
 3   122.821    -1.812     9.687
 3    -0.475    -0.092    -0.875
 3     0.186    -0.982     0.002
 3    -0.860    -0.162     0.483
 4   109.422    13.877   -11.081
 4     0.632    -0.591     0.501
 4     0.767     0.567    -0.299
 4    -0.108     0.574     0.812
 5   121.257    20.963    17.830
 5     0.614    -0.465     0.638
 5    -0.070    -0.837    -0.543
 5     0.786     0.288    -0.547
 6   136.835    -1.938    14.763
 6     0.273     0.788    -0.551
 6    -0.928     0.065    -0.367
 6    -0.254     0.612     0.749
 7   118.189   -22.667   -11.569
 7     0.559     0.829     0.010
 7    -0.751     0.501     0.429
 7     0.350    -0.248     0.903
 8   128.246   -26.511    18.525
 8     0.638     0.624     0.450
 8     0.199    -0.699     0.687
 8     0.744    -0.349    -0.571
 9   141.675    -2.451    23.895
 9     0.162    -0.034    -0.986
 9     0.986     0.029     0.161
 9     0.023    -0.999     0.038
 2    97.284   -18.794    59.800
 2     0.829    -0.555     0.061
 2     0.555     0.831     0.023
 2    -0.064     0.015     0.998
 3   122.776    -1.859     9.675
 3    -0.478    -0.092    -0.873
 3     0.186    -0.982     0.002
 3    -0.858    -0.161     0.487
 4   109.322    13.877   -11.056
 4     0.631    -0.591     0.502
 4     0.768     0.567    -0.299
 4    -0.108     0.574     0.812
 5   121.257    20.937    17.881
 5     0.614    -0.465     0.638
 5    -0.070    -0.837    -0.542
 5     0.786     0.288    -0.547
 6   136.788    -1.938    14.761
 6     0.272     0.789    -0.551
 6    -0.928     0.065    -0.366
 6    -0.253     0.611     0.750
 7   118.167   -22.716   -11.572
 7     0.559     0.829     0.010
 7    -0.751     0.501     0.430
 7     0.351    -0.249     0.902
 8   128.293   -26.512    18.555
 8     0.638     0.624     0.450
 8     0.200    -0.699     0.686
 8     0.743    -0.348    -0.571
 9   141.626    -2.476    23.895
 9     0.163    -0.034    -0.986
 9     0.986     0.029     0.162
 9     0.023    -0.999     0.038
 2    97.284   -18.794    59.800
 2     0.829    -0.555     0.061
 2     0.555     0.831     0.023
 2    -0.064     0.015     0.998
 3   122.774    -1.911     9.681
 3    -0.477    -0.093    -0.874
 3     0.186    -0.983     0.002
 3    -0.859    -0.162     0.485
 4   109.376    13.852   -11.058
 4     0.632    -0.592     0.499
 4     0.767     0.567    -0.299
 4    -0.107     0.572     0.813
 5   121.165    20.966    17.872
 5     0.611    -0.463     0.641
 5    -0.068    -0.838    -0.541
 5     0.788     0.288    -0.544
 6   136.774    -1.866    14.726
 6     0.275     0.789    -0.549
 6    -0.926     0.064    -0.372
 6    -0.259     0.611     0.748
 7   118.169   -22.716   -11.575
 7     0.558     0.829     0.011
 7    -0.751     0.500     0.431
 7     0.352    -0.249     0.902
 8   128.193   -26.512    18.555
 8     0.638     0.624     0.450
 8     0.200    -0.700     0.686
 8     0.743    -0.348    -0.572
 9   141.610    -2.637    23.857
 9     0.176    -0.054    -0.983
 9     0.984     0.027     0.174
 9     0.017    -0.998     0.058
 2    97.284   -18.794    59.800
 2     0.829    -0.555     0.061
 2     0.555     0.831     0.023
 2    -0.064     0.015     0.998
 3   122.725    -1.911     9.682
 3    -0.477    -0.092    -0.874
 3     0.187    -0.982     0.001
 3    -0.859    -0.163     0.486
 4   109.291    13.809   -10.976
 4     0.630    -0.597     0.497
 4     0.770     0.563    -0.301
 4    -0.100     0.572     0.814
 5   120.711    20.905    17.957
 5     0.605    -0.450     0.657
 5    -0.063    -0.849    -0.524
 5     0.794     0.275    -0.542
