% Calibrated with leiden_pols
% Positions are in centimeters
Data =[
 2    97.335   -18.794    59.800
 2     0.829    -0.555     0.062
 2     0.555     0.831     0.023
 2    -0.064     0.015     0.998
 3   122.239    -1.496     9.646
 3    -0.422     0.017    -0.906
 3     0.132    -0.988    -0.080
 3    -0.897    -0.153     0.415
 4   108.760    14.012   -11.297
 4     0.536    -0.783     0.314
 4     0.838     0.451    -0.306
 4     0.098     0.427     0.899
 5   110.603    20.372    18.224
 5     0.266     0.017     0.964
 5     0.202    -0.979    -0.038
 5     0.942     0.205    -0.264
 6   123.587    26.030    45.986
 6     0.193    -0.677    -0.710
 6    -0.097     0.706    -0.701
 6     0.976     0.204     0.070
 7   115.378   -23.336   -11.387
 7     0.332     0.942     0.048
 7    -0.859     0.281     0.428
 7     0.390    -0.184     0.902
 8   114.660   -27.551    18.766
 8     0.339     0.156     0.927
 8    -0.199    -0.952     0.233
 8     0.919    -0.264    -0.291
 9   129.109   -30.753    43.844
 9     0.214     0.526    -0.823
 9     0.126     0.821     0.557
 9     0.969    -0.223     0.109
 2    97.335   -18.794    59.749
 2     0.829    -0.555     0.062
 2     0.555     0.831     0.023
 2    -0.064     0.015     0.998
 3   122.239    -1.446     9.646
 3    -0.422     0.017    -0.906
 3     0.132    -0.988    -0.080
 3    -0.897    -0.153     0.415
 4   108.760    14.062   -11.297
 4     0.536    -0.784     0.314
 4     0.838     0.451    -0.306
 4     0.098     0.427     0.899
 5   110.603    20.373    18.224
 5     0.266     0.016     0.964
 5     0.203    -0.979    -0.039
 5     0.942     0.205    -0.264
 6   123.612    26.029    45.987
 6     0.192    -0.677    -0.710
 6    -0.097     0.707    -0.700
 6     0.976     0.204     0.070
 7   115.401   -23.337   -11.384
 7     0.333     0.941     0.048
 7    -0.859     0.282     0.428
 7     0.389    -0.184     0.902
 8   114.660   -27.602    18.715
 8     0.339     0.157     0.927
 8    -0.199    -0.952     0.234
 8     0.919    -0.264    -0.291
 9   129.110   -30.830    43.844
 9     0.214     0.526    -0.823
 9     0.125     0.821     0.557
 9     0.969    -0.222     0.109
 2    97.333   -18.795    59.752
 2     0.829    -0.555     0.062
 2     0.555     0.831     0.023
 2    -0.065     0.015     0.998
 3   122.240    -1.445     9.596
 3    -0.422     0.018    -0.906
 3     0.132    -0.988    -0.081
 3    -0.897    -0.154     0.414
 4   108.758    14.061   -11.344
 4     0.537    -0.783     0.313
 4     0.838     0.452    -0.305
 4     0.097     0.426     0.899
 5   110.704    20.370    18.150
 5     0.267     0.015     0.963
 5     0.202    -0.978    -0.041
 5     0.942     0.206    -0.264
 6   123.588    25.977    45.937
 6     0.192    -0.676    -0.712
 6    -0.098     0.708    -0.699
 6     0.976     0.204     0.070
 7   115.401   -23.336   -11.385
 7     0.334     0.941     0.047
 7    -0.859     0.283     0.427
 7     0.389    -0.184     0.902
 8   114.661   -27.601    18.690
 8     0.339     0.158     0.927
 8    -0.199    -0.951     0.235
 8     0.919    -0.264    -0.292
 9   129.109   -30.779    43.818
 9     0.213     0.524    -0.824
 9     0.125     0.822     0.555
 9     0.969    -0.222     0.109
 2    97.284   -18.794    59.800
 2     0.829    -0.555     0.062
 2     0.555     0.831     0.023
 2    -0.064     0.015     0.998
 3   122.240    -1.395     9.596
 3    -0.421     0.018    -0.907
 3     0.132    -0.988    -0.081
 3    -0.897    -0.154     0.413
 4   108.807    14.060   -11.341
 4     0.538    -0.783     0.312
 4     0.837     0.454    -0.304
 4     0.096     0.425     0.900
 5   110.704    20.396    18.099
 5     0.267     0.013     0.963
 5     0.202    -0.978    -0.043
 5     0.942     0.206    -0.264
 6   123.675    26.029    46.000
 6     0.190    -0.675    -0.713
 6    -0.098     0.709    -0.698
 6     0.977     0.202     0.069
 7   115.448   -23.337   -11.433
 7     0.335     0.941     0.048
 7    -0.859     0.284     0.426
 7     0.388    -0.184     0.903
 8   114.710   -27.652    18.689
 8     0.339     0.159     0.927
 8    -0.198    -0.951     0.236
 8     0.919    -0.264    -0.291
 9   129.107   -30.778    43.818
 9     0.212     0.522    -0.826
 9     0.126     0.823     0.553
 9     0.969    -0.222     0.109
 2    97.284   -18.794    59.800
 2     0.829    -0.555     0.062
 2     0.555     0.831     0.023
 2    -0.064     0.015     0.998
 3   122.314    -1.448     9.552
 3    -0.420     0.018    -0.907
 3     0.133    -0.988    -0.081
 3    -0.898    -0.155     0.412
 4   108.805    14.008   -11.388
 4     0.539    -0.782     0.311
 4     0.836     0.456    -0.304
 4     0.095     0.424     0.900
 5   110.754    20.396    18.099
 5     0.267     0.013     0.963
 5     0.202    -0.978    -0.043
 5     0.942     0.206    -0.264
 6   123.614    26.026    45.887
 6     0.191    -0.674    -0.714
 6    -0.098     0.710    -0.697
 6     0.976     0.203     0.070
 7   115.492   -23.339   -11.426
 7     0.335     0.941     0.047
 7    -0.859     0.285     0.425
 7     0.386    -0.183     0.904
 8   114.735   -27.651    18.689
 8     0.339     0.160     0.927
 8    -0.198    -0.951     0.237
 8     0.919    -0.263    -0.291
 9   129.207   -30.778    43.716
 9     0.213     0.520    -0.827
 9     0.126     0.824     0.551
 9     0.969    -0.222     0.110
 2    97.284   -18.794    59.800
 2     0.829    -0.555     0.061
 2     0.555     0.831     0.023
 2    -0.064     0.015     0.998
 3   122.365    -1.448     9.476
 3    -0.419     0.018    -0.908
 3     0.133    -0.988    -0.082
 3    -0.898    -0.155     0.411
 4   108.829    14.058   -11.385
 4     0.540    -0.782     0.311
 4     0.836     0.457    -0.302
 4     0.094     0.423     0.901
 5   110.779    20.447    17.998
 5     0.267     0.012     0.963
 5     0.203    -0.978    -0.044
 5     0.942     0.207    -0.264
 6   123.727    25.979    45.822
 6     0.191    -0.672    -0.715
 6    -0.098     0.712    -0.695
 6     0.977     0.203     0.070
 7   115.540   -23.390   -11.474
 7     0.336     0.941     0.047
 7    -0.860     0.285     0.424
 7     0.385    -0.183     0.904
 8   114.785   -27.675    18.638
 8     0.340     0.161     0.926
 8    -0.197    -0.951     0.237
 8     0.919    -0.263    -0.292
 9   129.232   -30.777    43.716
 9     0.212     0.518    -0.828
 9     0.127     0.826     0.549
 9     0.969    -0.222     0.109
 2    97.284   -18.794    59.800
 2     0.829    -0.555     0.062
 2     0.555     0.831     0.023
 2    -0.064     0.015     0.998
 3   122.366    -1.447     9.426
 3    -0.419     0.019    -0.908
 3     0.133    -0.988    -0.082
 3    -0.898    -0.156     0.411
 4   108.877    14.006   -11.458
 4     0.542    -0.781     0.311
 4     0.835     0.459    -0.302
 4     0.093     0.423     0.901
 5   110.830    20.497    17.975
 5     0.267     0.010     0.964
 5     0.203    -0.978    -0.046
 5     0.942     0.208    -0.263
 6   123.777    25.927    45.797
 6     0.189    -0.670    -0.717
 6    -0.098     0.714    -0.693
 6     0.977     0.202     0.069
 7   115.487   -23.391   -11.496
 7     0.336     0.940     0.048
 7    -0.860     0.285     0.423
 7     0.384    -0.184     0.905
 8   114.785   -27.676    18.587
 8     0.340     0.161     0.926
 8    -0.197    -0.951     0.237
 8     0.919    -0.264    -0.292
 9   129.281   -30.751    43.716
 9     0.212     0.517    -0.829
 9     0.127     0.827     0.548
 9     0.969    -0.221     0.109
 2    97.284   -18.794    59.800
 2     0.829    -0.555     0.062
 2     0.555     0.831     0.023
 2    -0.064     0.015     0.998
 3   122.416    -1.447     9.375
 3    -0.419     0.019    -0.908
 3     0.133    -0.988    -0.082
 3    -0.898    -0.156     0.411
 4   108.925    14.005   -11.454
 4     0.542    -0.781     0.310
 4     0.835     0.460    -0.301
 4     0.092     0.422     0.902
 5   110.710    20.403    17.919
 5     0.261     0.019     0.965
 5     0.207    -0.978    -0.037
 5     0.943     0.209    -0.259
 6   123.625    26.055    45.794
 6     0.190    -0.676    -0.712
 6    -0.098     0.709    -0.698
 6     0.977     0.202     0.068
 7   115.488   -23.389   -11.471
 7     0.338     0.940     0.049
 7    -0.859     0.286     0.424
 7     0.384    -0.186     0.904
 8   114.734   -27.864    17.836
 8     0.280     0.163     0.946
 8    -0.216    -0.949     0.228
 8     0.935    -0.268    -0.230
 9   129.282   -30.778    43.665
 9     0.213     0.517    -0.829
 9     0.126     0.826     0.548
 9     0.969    -0.222     0.110
 2    97.284   -18.794    59.800
 2     0.829    -0.555     0.062
 2     0.555     0.831     0.023
 2    -0.064     0.015     0.998
 3   122.402    -1.502     9.384
 3    -0.417     0.021    -0.909
 3     0.130    -0.988    -0.083
 3    -0.900    -0.153     0.409
 4   108.982    13.955   -11.560
 4     0.543    -0.782     0.305
 4     0.834     0.462    -0.301
 4     0.094     0.418     0.903
 5   110.421    20.243    17.730
 5     0.247     0.043     0.968
 5     0.216    -0.976    -0.012
 5     0.945     0.212    -0.250
 6   122.967    26.238    45.730
 6     0.189    -0.697    -0.692
 6    -0.095     0.688    -0.719
 6     0.977     0.201     0.063
 7   115.532   -23.411   -11.408
 7     0.350     0.935     0.058
 7    -0.856     0.294     0.425
 7     0.380    -0.199     0.903
 8   114.459   -28.072    17.567
 8     0.259     0.171     0.950
 8    -0.231    -0.944     0.233
 8     0.938    -0.281    -0.205
 9   128.704   -31.405    43.466
 9     0.198     0.518    -0.832
 9     0.112     0.831     0.544
 9     0.974    -0.201     0.107
 2    97.285   -18.794    59.800
 2     0.829    -0.555     0.062
 2     0.554     0.832     0.023
 2    -0.064     0.015     0.998
 3   122.392    -1.453     9.439
 3    -0.415     0.023    -0.909
 3     0.127    -0.988    -0.083
 3    -0.901    -0.150     0.407
 4   109.066    13.906   -11.643
 4     0.546    -0.782     0.299
 4     0.832     0.465    -0.303
 4     0.097     0.414     0.905
 5   109.930    20.717    17.526
 5     0.219     0.042     0.974
 5     0.233    -0.972    -0.010
 5     0.947     0.229    -0.224
 6   121.781    27.071    45.746
 6     0.160    -0.696    -0.700
 6    -0.082     0.697    -0.712
 6     0.984     0.171     0.054
 7   115.583   -23.412   -11.407
 7     0.349     0.935     0.059
 7    -0.857     0.293     0.424
 7     0.380    -0.199     0.903
 8   114.003   -28.918    17.059
 8     0.227     0.180     0.957
 8    -0.262    -0.935     0.238
 8     0.938    -0.305    -0.166
 9   127.886   -32.929    42.920
 9     0.169     0.507    -0.845
 9     0.076     0.848     0.524
 9     0.982    -0.153     0.105
 2    97.285   -18.794    59.800
 2     0.830    -0.555     0.061
 2     0.554     0.832     0.023
 2    -0.064     0.015     0.998
 3   122.376    -1.455     9.440
 3    -0.414     0.023    -0.910
 3     0.122    -0.989    -0.081
 3    -0.902    -0.144     0.407
 4   109.384    13.908   -11.931
 4     0.555    -0.781     0.286
 4     0.825     0.475    -0.305
 4     0.102     0.405     0.908
 5   109.244    21.258    17.125
 5     0.186     0.007     0.982
 5     0.252    -0.967    -0.041
 5     0.949     0.255    -0.182
 6   120.528    27.982    45.401
 6     0.125    -0.693    -0.710
 6    -0.064     0.708    -0.703
 6     0.990     0.133     0.044
 7   115.886   -23.411   -11.495
 7     0.345     0.937     0.051
 7    -0.856     0.292     0.425
 7     0.383    -0.190     0.904
 8   113.453   -30.025    16.375
 8     0.190     0.251     0.949
 8    -0.284    -0.911     0.298
 8     0.940    -0.327    -0.102
 9   126.139   -34.176    42.806
 9     0.104     0.453    -0.886
 9     0.050     0.887     0.459
 9     0.993    -0.093     0.069
 2    97.285   -18.794    59.800
 2     0.829    -0.555     0.061
 2     0.554     0.832     0.023
 2    -0.064     0.015     0.998
 3   122.418    -1.504     9.438
 3    -0.415     0.026    -0.910
 3     0.118    -0.990    -0.082
 3    -0.902    -0.141     0.407
 4   109.732    13.836   -12.199
 4     0.562    -0.782     0.269
 4     0.820     0.483    -0.307
 4     0.109     0.393     0.913
 5   108.435    21.757    16.616
 5     0.144    -0.016     0.989
 5     0.269    -0.961    -0.055
 5     0.952     0.274    -0.135
 6   118.497    28.736    45.252
 6     0.077    -0.693    -0.716
 6    -0.051     0.715    -0.698
 6     0.995     0.090     0.020
 7   116.114   -23.462   -11.658
 7     0.339     0.939     0.042
 7    -0.857     0.291     0.425
 7     0.386    -0.180     0.904
 8   112.654   -30.798    15.789
 8     0.145     0.317     0.937
 8    -0.292    -0.891     0.347
 8     0.945    -0.324    -0.037
 9   124.335   -34.315    42.867
 9     0.046     0.404    -0.914
 9     0.047     0.912     0.406
 9     0.998    -0.062     0.023
 2    97.285   -18.794    59.800
 2     0.829    -0.555     0.061
 2     0.554     0.832     0.023
 2    -0.064     0.015     0.998
 3   122.422    -1.631     9.492
 3    -0.414     0.031    -0.910
 3     0.118    -0.989    -0.087
 3    -0.902    -0.144     0.406
 4   110.065    13.843   -12.376
 4     0.568    -0.784     0.250
 4     0.813     0.491    -0.311
 4     0.120     0.380     0.917
 5   107.400    22.129    16.045
 5     0.094    -0.043     0.995
 5     0.281    -0.957    -0.068
 5     0.955     0.286    -0.078
 6   116.205    29.221    44.838
 6     0.025    -0.691    -0.722
 6    -0.041     0.721    -0.691
 6     0.999     0.046    -0.010
 7   116.284   -23.571   -11.783
 7     0.325     0.945     0.034
 7    -0.863     0.281     0.419
 7     0.386    -0.166     0.907
 8   111.602   -31.097    15.200
 8     0.092     0.339     0.936
 8    -0.296    -0.889     0.350
 8     0.951    -0.309     0.018
 9   121.970   -34.316    43.176
 9    -0.005     0.403    -0.915
 9     0.048     0.914     0.402
 9     0.999    -0.042    -0.024
 2    97.284   -18.794    59.800
 2     0.829    -0.555     0.061
 2     0.555     0.831     0.023
 2    -0.064     0.015     0.998
 3   122.430    -1.708     9.496
 3    -0.413     0.032    -0.910
 3     0.121    -0.988    -0.090
 3    -0.902    -0.148     0.405
 4   110.391    13.900   -12.523
 4     0.573    -0.785     0.234
 4     0.809     0.497    -0.313
 4     0.129     0.369     0.920
 5   106.287    22.474    15.672
 5     0.039    -0.055     0.998
 5     0.289    -0.955    -0.064
 5     0.956     0.291    -0.022
 6   113.425    29.225    44.742
 6    -0.028    -0.696    -0.718
 6    -0.035     0.718    -0.695
 6     0.999     0.005    -0.045
 7   116.456   -23.478   -11.906
 7     0.310     0.950     0.029
 7    -0.868     0.271     0.415
 7     0.386    -0.154     0.909
 8   110.431   -30.955    14.842
 8     0.036     0.318     0.947
 8    -0.302    -0.900     0.314
 8     0.953    -0.297     0.064
 9   119.668   -34.642    43.366
 9    -0.040     0.441    -0.897
 9     0.044     0.897     0.439
 9     0.998    -0.022    -0.056
 2    97.285   -18.794    59.800
 2     0.829    -0.555     0.061
 2     0.554     0.831     0.023
 2    -0.064     0.015     0.998
 3   122.467    -1.682     9.503
 3    -0.412     0.040    -0.910
 3     0.124    -0.987    -0.100
 3    -0.902    -0.155     0.402
 4   110.554    14.032   -12.534
 4     0.569    -0.791     0.226
 4     0.811     0.495    -0.312
 4     0.134     0.361     0.923
 5   105.168    22.332    15.264
 5    -0.006    -0.052     0.999
 5     0.293    -0.955    -0.047
 5     0.956     0.292     0.021
 6   113.357    29.331    46.021
 6    -0.061    -0.713    -0.698
 6    -0.034     0.701    -0.712
 6     0.997    -0.020    -0.067
 7   116.579   -23.433   -11.954
 7     0.299     0.954     0.026
 7    -0.873     0.262     0.412
 7     0.386    -0.146     0.911
 8   109.486   -30.816    14.265
 8    -0.013     0.280     0.960
 8    -0.319    -0.911     0.262
 8     0.947    -0.303     0.101
 9   116.039   -34.388    40.982
 9    -0.058     0.501    -0.863
 9     0.023     0.865     0.501
 9     0.998     0.009    -0.062
 2    97.284   -18.794    59.800
 2     0.829    -0.555     0.061
 2     0.555     0.831     0.023
 2    -0.064     0.015     0.998
 3   122.450    -1.682     9.507
 3    -0.413     0.046    -0.909
 3     0.127    -0.986    -0.108
 3    -0.902    -0.160     0.401
 4   110.515    14.089   -12.623
 4     0.564    -0.796     0.221
 4     0.814     0.490    -0.312
 4     0.139     0.355     0.924
 5   104.214    22.262    14.979
 5    -0.044    -0.046     0.998
 5     0.293    -0.956    -0.031
 5     0.955     0.291     0.055
 6   111.308    29.272    46.102
 6    -0.091    -0.725    -0.682
 6    -0.036     0.687    -0.726
 6     0.995    -0.042    -0.089
 7   116.737   -23.367   -12.055
 7     0.292     0.956     0.029
 7    -0.878     0.255     0.405
 7     0.379    -0.144     0.914
 8   108.873   -31.230    13.725
 8    -0.042     0.269     0.962
 8    -0.345    -0.907     0.239
 8     0.937    -0.322     0.131
 9   115.874   -38.576    42.020
 9    -0.079     0.527    -0.846
 9    -0.005     0.848     0.529
 9     0.997     0.046    -0.064
 2    97.284   -18.794    59.800
 2     0.829    -0.555     0.062
 2     0.555     0.831     0.023
 2    -0.064     0.015     0.998
 3   122.489    -1.630     9.507
 3    -0.414     0.049    -0.909
 3     0.131    -0.985    -0.113
 3    -0.901    -0.166     0.401
 4   110.575    14.171   -12.638
 4     0.559    -0.799     0.219
 4     0.816     0.485    -0.313
 4     0.144     0.354     0.924
 5   103.058    22.157    14.600
 5    -0.086    -0.040     0.995
 5     0.296    -0.955    -0.013
 5     0.951     0.294     0.094
 6   109.012    29.229    45.849
 6    -0.120    -0.742    -0.660
 6    -0.034     0.667    -0.744
 6     0.992    -0.067    -0.105
 7   116.799   -23.271   -12.216
 7     0.290     0.956     0.029
 7    -0.881     0.255     0.399
 7     0.374    -0.142     0.916
 8   108.210   -31.517    13.177
 8    -0.074     0.271     0.960
 8    -0.368    -0.902     0.226
 8     0.927    -0.336     0.166
 9   114.348   -39.622    41.384
 9    -0.109     0.540    -0.835
 9    -0.030     0.837     0.545
 9     0.993     0.084    -0.075
 2    97.285   -18.794    59.800
 2     0.829    -0.555     0.061
 2     0.554     0.832     0.023
 2    -0.064     0.015     0.998
 3   122.498    -1.630     9.459
 3    -0.413     0.052    -0.909
 3     0.134    -0.984    -0.118
 3    -0.901    -0.170     0.399
 4   110.523    14.224   -12.688
 4     0.552    -0.805     0.219
 4     0.821     0.479    -0.310
 4     0.144     0.350     0.925
 5   101.964    22.122    14.029
 5    -0.127    -0.038     0.991
 5     0.300    -0.954     0.002
 5     0.945     0.297     0.133
 6   106.657    29.320    45.513
 6    -0.159    -0.750    -0.642
 6    -0.031     0.654    -0.756
 6     0.987    -0.101    -0.127
 7   117.020   -23.199   -12.389
 7     0.284     0.958     0.028
 7    -0.883     0.249     0.397
 7     0.373    -0.138     0.917
 8   107.346   -31.459    12.677
 8    -0.118     0.263     0.957
 8    -0.372    -0.906     0.203
 8     0.921    -0.332     0.204
 9   112.389   -40.077    40.960
 9    -0.143     0.558    -0.817
 9    -0.034     0.822     0.567
 9     0.989     0.109    -0.099
 2    97.285   -18.794    59.800
 2     0.829    -0.555     0.061
 2     0.554     0.832     0.023
 2    -0.064     0.015     0.998
 3   122.498    -1.581     9.418
 3    -0.411     0.058    -0.910
 3     0.134    -0.983    -0.124
 3    -0.902    -0.173     0.396
 4   110.517    14.223   -12.784
 4     0.548    -0.807     0.219
 4     0.824     0.477    -0.305
 4     0.142     0.348     0.927
 5   101.015    22.059    13.486
 5    -0.169    -0.043     0.985
 5     0.302    -0.953     0.010
 5     0.938     0.299     0.173
 6   104.519    29.336    45.017
 6    -0.197    -0.749    -0.632
 6    -0.028     0.649    -0.760
 6     0.980    -0.132    -0.149
 7   117.167   -23.103   -12.433
 7     0.274     0.961     0.028
 7    -0.886     0.241     0.394
 7     0.372    -0.133     0.918
 8   106.435   -31.431    12.079
 8    -0.164     0.256     0.953
 8    -0.378    -0.908     0.179
 8     0.911    -0.330     0.245
 9   109.972   -40.476    40.630
 9    -0.187     0.565    -0.803
 9    -0.045     0.812     0.582
 9     0.981     0.145    -0.127
 2    97.285   -18.794    59.800
 2     0.829    -0.555     0.061
 2     0.554     0.831     0.023
 2    -0.064     0.015     0.998
 3   122.488    -1.636     9.380
 3    -0.406     0.065    -0.911
 3     0.131    -0.983    -0.128
 3    -0.904    -0.172     0.391
 4   110.557    14.118   -12.894
 4     0.547    -0.809     0.217
 4     0.826     0.478    -0.298
 4     0.137     0.342     0.929
 5   100.428    21.943    12.820
 5    -0.200    -0.049     0.978
 5     0.306    -0.952     0.015
 5     0.931     0.302     0.205
 6   103.037    29.418    44.323
 6    -0.226    -0.747    -0.625
 6    -0.024     0.646    -0.763
 6     0.974    -0.158    -0.164
 7   117.236   -23.214   -12.472
 7     0.259     0.965     0.027
 7    -0.892     0.229     0.390
 7     0.370    -0.126     0.920
 8   105.587   -31.429    11.474
 8    -0.213     0.249     0.945
 8    -0.384    -0.910     0.154
 8     0.898    -0.330     0.289
 9   107.637   -41.152    39.969
 9    -0.230     0.574    -0.786
 9    -0.057     0.798     0.600
 9     0.971     0.183    -0.151
 2    97.285   -18.794    59.800
 2     0.829    -0.555     0.061
 2     0.554     0.832     0.023
 2    -0.064     0.015     0.998
 3   122.563    -1.644     9.454
 3    -0.399     0.071    -0.914
 3     0.125    -0.983    -0.131
 3    -0.908    -0.167     0.383
 4   110.843    14.038   -13.124
 4     0.543    -0.812     0.213
 4     0.829     0.479    -0.286
 4     0.130     0.331     0.934
 5   100.020    21.854    12.097
 5    -0.229    -0.057     0.972
 5     0.307    -0.952     0.017
 5     0.924     0.302     0.235
 6   101.767    29.313    43.721
 6    -0.254    -0.741    -0.621
 6    -0.023     0.646    -0.762
 6     0.967    -0.180    -0.181
 7   117.462   -23.219   -12.547
 7     0.246     0.969     0.026
 7    -0.895     0.217     0.389
 7     0.371    -0.120     0.920
 8   104.624   -31.269    10.938
 8    -0.259     0.236     0.936
 8    -0.385    -0.914     0.124
 8     0.885    -0.329     0.328
 9   105.331   -41.405    39.403
 9    -0.273     0.585    -0.763
 9    -0.064     0.781     0.621
 9     0.960     0.219    -0.176
 2    97.284   -18.794    59.800
 2     0.829    -0.555     0.062
 2     0.555     0.831     0.023
 2    -0.064     0.015     0.998
 3   122.543    -1.780     9.426
 3    -0.392     0.074    -0.917
 3     0.122    -0.984    -0.132
 3    -0.912    -0.163     0.376
 4   110.957    13.933   -13.337
 4     0.541    -0.814     0.211
 4     0.831     0.481    -0.279
 4     0.125     0.326     0.937
 5    99.432    21.838    11.605
 5    -0.257    -0.063     0.964
 5     0.306    -0.952     0.019
 5     0.916     0.300     0.264
 6   100.474    29.109    43.221
 6    -0.282    -0.736    -0.615
 6    -0.022     0.646    -0.763
 6     0.959    -0.202    -0.199
 7   117.463   -23.303   -12.647
 7     0.229     0.973     0.026
 7    -0.899     0.201     0.388
 7     0.372    -0.113     0.921
 8   103.700   -31.099    10.336
 8    -0.301     0.220     0.928
 8    -0.383    -0.919     0.094
 8     0.873    -0.328     0.361
 9   103.098   -41.631    38.786
 9    -0.314     0.590    -0.744
 9    -0.070     0.767     0.638
 9     0.947     0.252    -0.199
 2    97.285   -18.794    59.800
 2     0.829    -0.555     0.061
 2     0.554     0.831     0.023
 2    -0.064     0.015     0.998
 3   122.570    -1.890     9.426
 3    -0.385     0.079    -0.920
 3     0.117    -0.984    -0.135
 3    -0.916    -0.160     0.369
 4   111.003    13.856   -13.431
 4     0.538    -0.816     0.209
 4     0.833     0.480    -0.274
 4     0.123     0.321     0.939
 5    98.930    21.547    11.123
 5    -0.283    -0.068     0.957
 5     0.305    -0.952     0.023
 5     0.909     0.299     0.290
 6    99.053    28.982    42.618
 6    -0.310    -0.732    -0.607
 6    -0.022     0.644    -0.765
 6     0.950    -0.224    -0.215
 7   117.413   -23.358   -12.694
 7     0.220     0.975     0.027
 7    -0.901     0.193     0.387
 7     0.372    -0.110     0.921
 8   103.017   -31.148     9.818
 8    -0.336     0.212     0.917
 8    -0.387    -0.919     0.071
 8     0.858    -0.331     0.391
 9   101.200   -41.995    38.077
 9    -0.349     0.585    -0.732
 9    -0.082     0.759     0.646
 9     0.933     0.285    -0.217
 2    97.284   -18.794    59.800
 2     0.829    -0.555     0.061
 2     0.555     0.831     0.023
 2    -0.064     0.015     0.998
 3   122.453    -2.021     9.385
 3    -0.379     0.084    -0.922
 3     0.112    -0.984    -0.136
 3    -0.918    -0.155     0.364
 4   110.992    13.727   -13.619
 4     0.534    -0.820     0.207
 4     0.837     0.478    -0.266
 4     0.118     0.315     0.941
 5    98.521    21.456    10.564
 5    -0.305    -0.071     0.949
 5     0.310    -0.950     0.029
 5     0.900     0.303     0.311
 6    97.967    29.126    41.895
 6    -0.332    -0.728    -0.600
 6    -0.015     0.640    -0.768
 6     0.943    -0.246    -0.223
 7   117.538   -23.412   -12.691
 7     0.213     0.976     0.028
 7    -0.903     0.186     0.386
 7     0.372    -0.108     0.922
 8   102.688   -31.228     9.516
 8    -0.358     0.210     0.910
 8    -0.392    -0.918     0.057
 8     0.847    -0.337     0.411
 9   100.025   -42.548    37.462
 9    -0.376     0.576    -0.726
 9    -0.095     0.755     0.648
 9     0.921     0.313    -0.230
 2    97.284   -18.794    59.800
 2     0.829    -0.555     0.061
 2     0.555     0.831     0.023
 2    -0.064     0.015     0.998
 3   122.527    -2.030     9.408
 3    -0.371     0.087    -0.924
 3     0.107    -0.985    -0.135
 3    -0.922    -0.149     0.356
 4   111.285    13.573   -13.807
 4     0.531    -0.823     0.202
 4     0.840     0.479    -0.256
 4     0.114     0.306     0.945
 5    98.188    21.660     9.827
 5    -0.330    -0.082     0.940
 5     0.324    -0.945     0.031
 5     0.886     0.315     0.339
 6    94.819    31.324    40.210
 6    -0.365    -0.714    -0.597
 6     0.002     0.640    -0.768
 6     0.931    -0.282    -0.232
 7   117.721   -23.462   -12.704
 7     0.208     0.978     0.024
 7    -0.903     0.182     0.389
 7     0.376    -0.103     0.920
 8   102.580   -31.256     9.311
 8    -0.379     0.215     0.900
 8    -0.396    -0.917     0.052
 8     0.836    -0.337     0.433
 9    98.801   -42.984    36.918
 9    -0.411     0.556    -0.723
 9    -0.108     0.757     0.644
 9     0.905     0.342    -0.251
 2    97.283   -18.795    59.803
 2     0.829    -0.555     0.062
 2     0.554     0.831     0.023
 2    -0.065     0.015     0.998
 3   122.528    -2.167     9.484
 3    -0.363     0.090    -0.927
 3     0.103    -0.985    -0.136
 3    -0.926    -0.145     0.348
 4   111.554    13.317   -13.996
 4     0.529    -0.825     0.197
 4     0.841     0.480    -0.248
 4     0.110     0.297     0.948
 5    97.818    21.760     8.999
 5    -0.360    -0.092     0.928
 5     0.340    -0.940     0.039
 5     0.869     0.330     0.369
 6    93.417    31.936    39.052
 6    -0.398    -0.703    -0.589
 6     0.019     0.635    -0.772
 6     0.917    -0.318    -0.240
 7   117.958   -23.638   -12.621
 7     0.200     0.979     0.017
 7    -0.902     0.177     0.393
 7     0.382    -0.094     0.919
 8   102.409   -31.407     9.016
 8    -0.397     0.218     0.891
 8    -0.398    -0.916     0.046
 8     0.827    -0.336     0.451
 9    97.814   -43.366    36.433
 9    -0.440     0.534    -0.722
 9    -0.119     0.762     0.636
 9     0.890     0.366    -0.272
 2    97.285   -18.794    59.749
 2     0.829    -0.555     0.061
 2     0.554     0.831     0.023
 2    -0.064     0.015     0.998
 3   122.604    -2.228     9.535
 3    -0.354     0.093    -0.931
 3     0.099    -0.986    -0.136
 3    -0.930    -0.140     0.339
 4   111.778    13.216   -14.168
 4     0.526    -0.829     0.192
 4     0.843     0.479    -0.243
 4     0.109     0.289     0.951
 5    97.243    21.783     8.258
 5    -0.392    -0.101     0.914
 5     0.350    -0.935     0.047
 5     0.850     0.339     0.402
 6    91.931    32.345    37.936
 6    -0.432    -0.689    -0.582
 6     0.028     0.635    -0.772
 6     0.901    -0.350    -0.255
 7   118.188   -23.664   -12.579
 7     0.194     0.981     0.011
 7    -0.902     0.174     0.395
 7     0.385    -0.087     0.918
 8   102.284   -31.483     8.775
 8    -0.415     0.224     0.881
 8    -0.400    -0.916     0.045
 8     0.817    -0.334     0.470
 9    96.789   -43.585    35.918
 9    -0.477     0.488    -0.730
 9    -0.127     0.784     0.607
 9     0.869     0.383    -0.312
 2    97.284   -18.794    59.800
 2     0.829    -0.555     0.062
 2     0.555     0.831     0.023
 2    -0.064     0.015     0.998
 3   122.655    -2.288     9.613
 3    -0.345     0.097    -0.934
 3     0.095    -0.986    -0.137
 3    -0.934    -0.136     0.331
 4   111.899    13.090   -14.338
 4     0.521    -0.832     0.188
 4     0.846     0.477    -0.237
 4     0.107     0.283     0.953
 5    96.750    21.883     7.480
 5    -0.422    -0.109     0.900
 5     0.362    -0.930     0.057
 5     0.831     0.349     0.432
 6    90.340    32.877    36.701
 6    -0.469    -0.668    -0.578
 6     0.042     0.637    -0.770
 6     0.882    -0.385    -0.271
 7   118.316   -23.663   -12.586
 7     0.192     0.981     0.006
 7    -0.902     0.173     0.395
 7     0.387    -0.082     0.918
 8   102.128   -31.558     8.440
 8    -0.434     0.232     0.870
 8    -0.405    -0.913     0.041
 8     0.805    -0.334     0.490
 9    95.704   -44.047    35.223
 9    -0.512     0.452    -0.730
 9    -0.144     0.793     0.592
 9     0.847     0.408    -0.341
 2    97.284   -18.794    59.800
 2     0.829    -0.555     0.062
 2     0.555     0.831     0.023
 2    -0.064     0.015     0.998
 3   122.686    -2.246     9.634
 3    -0.338     0.099    -0.936
 3     0.092    -0.986    -0.138
 3    -0.937    -0.133     0.324
 4   112.071    13.090   -14.436
 4     0.517    -0.835     0.186
 4     0.849     0.474    -0.233
 4     0.106     0.278     0.954
 5    96.425    21.988     6.805
 5    -0.445    -0.117     0.888
 5     0.371    -0.926     0.064
 5     0.815     0.358     0.456
 6    89.166    33.288    35.724
 6    -0.497    -0.652    -0.573
 6     0.051     0.637    -0.769
 6     0.866    -0.412    -0.283
 7   118.414   -23.640   -12.586
 7     0.187     0.982     0.004
 7    -0.903     0.170     0.395
 7     0.387    -0.077     0.918
 8   101.776   -31.582     8.104
 8    -0.451     0.237     0.860
 8    -0.409    -0.912     0.037
 8     0.793    -0.335     0.508
 9    94.561   -44.310    34.613
 9    -0.540     0.430    -0.724
 9    -0.149     0.797     0.584
 9     0.828     0.423    -0.367
 2    97.284   -18.794    59.800
 2     0.829    -0.555     0.061
 2     0.555     0.831     0.023
 2    -0.064     0.015     0.998
 3   122.724    -2.251     9.596
 3    -0.331     0.099    -0.938
 3     0.090    -0.987    -0.136
 3    -0.939    -0.130     0.318
 4   112.247    13.041   -14.485
 4     0.515    -0.838     0.182
 4     0.850     0.473    -0.230
 4     0.106     0.274     0.956
 5    96.140    21.972     6.295
 5    -0.466    -0.123     0.876
 5     0.373    -0.925     0.069
 5     0.802     0.359     0.477
 6    88.123    33.321    34.977
 6    -0.524    -0.634    -0.569
 6     0.054     0.642    -0.765
 6     0.850    -0.432    -0.303
 7   118.463   -23.595   -12.633
 7     0.177     0.984     0.002
 7    -0.905     0.162     0.394
 7     0.387    -0.072     0.919
 8   101.401   -31.606     7.640
 8    -0.470     0.239     0.850
 8    -0.412    -0.911     0.028
 8     0.781    -0.337     0.526
 9    93.447   -44.523    33.947
 9    -0.567     0.406    -0.717
 9    -0.153     0.803     0.576
 9     0.809     0.436    -0.394
 2    97.284   -18.794    59.800
 2     0.829    -0.555     0.062
 2     0.555     0.831     0.023
 2    -0.064     0.015     0.998
 3   122.780    -2.259     9.617
 3    -0.323     0.099    -0.941
 3     0.087    -0.987    -0.135
 3    -0.942    -0.126     0.310
 4   112.426    13.044   -14.667
 4     0.510    -0.841     0.178
 4     0.853     0.469    -0.228
 4     0.108     0.268     0.957
 5    95.836    21.950     5.655
 5    -0.493    -0.129     0.860
 5     0.376    -0.923     0.077
 5     0.784     0.362     0.504
 6    86.759    33.526    33.793
 6    -0.555    -0.617    -0.558
 6     0.058     0.640    -0.766
 6     0.829    -0.458    -0.319
 7   118.634   -23.599   -12.679
 7     0.171     0.985    -0.000
 7    -0.906     0.157     0.392
 7     0.386    -0.067     0.920
 8   101.312   -31.632     7.320
 8    -0.489     0.245     0.837
 8    -0.419    -0.908     0.022
 8     0.765    -0.340     0.547
 9    92.518   -44.858    33.097
 9    -0.598     0.370    -0.711
 9    -0.169     0.809     0.563
 9     0.784     0.456    -0.421
 2    97.284   -18.794    59.800
 2     0.829    -0.555     0.062
 2     0.555     0.831     0.023
 2    -0.064     0.015     0.998
 3   122.808    -2.195     9.699
 3    -0.314     0.103    -0.944
 3     0.085    -0.987    -0.136
 3    -0.946    -0.123     0.301
 4   112.660    13.050   -14.677
 4     0.505    -0.846     0.173
 4     0.856     0.464    -0.228
 4     0.112     0.263     0.958
 5    95.333    22.021     4.856
 5    -0.521    -0.139     0.842
 5     0.388    -0.917     0.089
 5     0.759     0.374     0.532
 6    85.270    34.085    32.426
 6    -0.587    -0.596    -0.547
 6     0.072     0.635    -0.769
 6     0.806    -0.491    -0.330
 7   118.707   -23.500   -12.628
 7     0.166     0.986    -0.005
 7    -0.907     0.155     0.391
 7     0.386    -0.060     0.920
 8   101.087   -31.777     6.929
 8    -0.503     0.252     0.827
 8    -0.426    -0.905     0.017
 8     0.752    -0.343     0.562
 9    91.878   -45.262    32.485
 9    -0.615     0.353    -0.705
 9    -0.175     0.810     0.559
 9     0.768     0.467    -0.437
 2    97.283   -18.795    59.803
 2     0.829    -0.555     0.062
 2     0.554     0.832     0.023
 2    -0.065     0.015     0.998
 3   122.850    -2.201     9.665
 3    -0.307     0.105    -0.946
 3     0.084    -0.987    -0.137
 3    -0.948    -0.122     0.294
 4   112.737    13.052   -14.754
 4     0.501    -0.849     0.170
 4     0.858     0.461    -0.226
 4     0.113     0.259     0.959
 5    95.026    22.174     4.239
 5    -0.544    -0.148     0.826
 5     0.398    -0.912     0.099
 5     0.738     0.383     0.555
 6    84.191    34.545    31.301
 6    -0.614    -0.578    -0.537
 6     0.083     0.630    -0.772
 6     0.785    -0.519    -0.339
 7   118.808   -23.476   -12.631
 7     0.163     0.986    -0.009
 7    -0.907     0.154     0.391
 7     0.387    -0.056     0.920
 8   101.068   -31.662     6.826
 8    -0.512     0.254     0.821
 8    -0.423    -0.906     0.017
 8     0.748    -0.339     0.571
 9    91.384   -45.055    32.328
 9    -0.629     0.341    -0.698
 9    -0.172     0.815     0.553
 9     0.758     0.468    -0.454
 2    97.285   -18.794    59.800
 2     0.829    -0.555     0.061
 2     0.554     0.831     0.023
 2    -0.064     0.015     0.998
 3   122.912    -2.105     9.784
 3    -0.301     0.109    -0.947
 3     0.082    -0.987    -0.140
 3    -0.950    -0.120     0.288
 4   112.922    13.006   -14.764
 4     0.498    -0.851     0.164
 4     0.859     0.459    -0.226
 4     0.117     0.254     0.960
 5    94.966    22.165     4.024
 5    -0.555    -0.149     0.818
 5     0.401    -0.910     0.106
 5     0.729     0.387     0.564
 6    83.830    34.662    30.788
 6    -0.625    -0.570    -0.533
 6     0.086     0.628    -0.773
 6     0.775    -0.529    -0.344
 7   118.932   -23.503   -12.630
 7     0.158     0.987    -0.011
 7    -0.908     0.150     0.390
 7     0.387    -0.052     0.920
 8   100.905   -31.521     6.795
 8    -0.519     0.250     0.817
 8    -0.418    -0.908     0.013
 8     0.745    -0.335     0.576
 9    91.060   -44.891    32.206
 9    -0.637     0.339    -0.692
 9    -0.169     0.814     0.555
 9     0.752     0.470    -0.462
 2    97.285   -18.794    59.800
 2     0.829    -0.555     0.062
 2     0.554     0.832     0.023
 2    -0.064     0.015     0.998
 3   122.904    -2.109     9.790
 3    -0.299     0.109    -0.948
 3     0.081    -0.987    -0.140
 3    -0.951    -0.118     0.286
 4   113.022    13.006   -14.866
 4     0.499    -0.851     0.164
 4     0.859     0.459    -0.227
 4     0.117     0.254     0.960
 5    95.033    22.162     4.035
 5    -0.557    -0.150     0.817
 5     0.401    -0.910     0.106
 5     0.727     0.386     0.567
 6    83.826    34.609    30.746
 6    -0.628    -0.564    -0.535
 6     0.088     0.632    -0.770
 6     0.773    -0.531    -0.348
 7   118.933   -23.504   -12.582
 7     0.156     0.988    -0.013
 7    -0.908     0.148     0.391
 7     0.388    -0.049     0.920
 8   100.929   -31.532     6.653
 8    -0.527     0.253     0.811
 8    -0.420    -0.907     0.010
 8     0.738    -0.336     0.585
 9    90.589   -45.093    31.850
 9    -0.656     0.316    -0.685
 9    -0.175     0.819     0.546
 9     0.734     0.478    -0.482
 2    97.285   -18.794    59.800
 2     0.829    -0.555     0.061
 2     0.554     0.831     0.023
 2    -0.064     0.015     0.998
 3   123.096    -2.251    10.085
 3    -0.283     0.112    -0.952
 3     0.076    -0.987    -0.139
 3    -0.956    -0.112     0.271
 4   113.827    12.990   -14.783
 4     0.498    -0.855     0.142
 4     0.858     0.462    -0.226
 4     0.127     0.234     0.964
 5    95.392    21.998     3.634
 5    -0.573    -0.158     0.804
 5     0.399    -0.911     0.105
 5     0.716     0.381     0.585
 6    83.552    34.337    29.993
 6    -0.656    -0.538    -0.530
 6     0.085     0.645    -0.759
 6     0.750    -0.543    -0.377
 7   119.978   -23.507   -12.392
 7     0.144     0.989    -0.042
 7    -0.909     0.149     0.389
 7     0.391    -0.019     0.920
 8   101.306   -31.666     6.212
 8    -0.551     0.263     0.792
 8    -0.421    -0.907     0.009
 8     0.720    -0.329     0.611
 9    90.258   -45.174    31.053
 9    -0.679     0.292    -0.674
 9    -0.180     0.823     0.538
 9     0.712     0.487    -0.507
 2    97.284   -18.794    59.800
 2     0.829    -0.555     0.061
 2     0.555     0.831     0.023
 2    -0.064     0.015     0.998
 3   123.518    -2.195    10.525
 3    -0.263     0.121    -0.957
 3     0.073    -0.987    -0.144
 3    -0.962    -0.108     0.250
 4   114.701    12.949   -14.848
 4     0.493    -0.862     0.120
 4     0.859     0.461    -0.222
 4     0.135     0.213     0.968
 5    95.626    21.979     3.104
 5    -0.593    -0.166     0.788
 5     0.402    -0.909     0.110
 5     0.698     0.382     0.605
 6    83.218    34.549    29.130
 6    -0.675    -0.521    -0.523
 6     0.090     0.645    -0.759
 6     0.732    -0.559    -0.388
 7   120.609   -23.554   -12.361
 7     0.142     0.988    -0.057
 7    -0.907     0.153     0.392
 7     0.396    -0.004     0.918
 8   101.689   -31.748     6.277
 8    -0.556     0.271     0.786
 8    -0.421    -0.907     0.016
 8     0.717    -0.322     0.618
 9    90.672   -45.250    31.182
 9    -0.680     0.281    -0.677
 9    -0.181     0.830     0.527
 9     0.710     0.481    -0.514
 2    97.284   -18.794    59.800
 2     0.829    -0.555     0.062
 2     0.555     0.831     0.023
 2    -0.064     0.015     0.998
 3   123.587    -2.198    10.612
 3    -0.260     0.123    -0.958
 3     0.072    -0.987    -0.146
 3    -0.963    -0.108     0.248
 4   114.568    12.896   -14.841
 4     0.492    -0.861     0.124
 4     0.860     0.460    -0.220
 4     0.132     0.215     0.968
 5    95.480    22.046     3.881
 5    -0.578    -0.161     0.800
 5     0.397    -0.912     0.103
 5     0.713     0.377     0.590
 6    84.106    34.243    30.498
 6    -0.647    -0.537    -0.541
 6     0.085     0.654    -0.751
 6     0.757    -0.532    -0.378
 7   119.686   -23.548   -12.200
 7     0.160     0.986    -0.037
 7    -0.905     0.162     0.393
 7     0.393    -0.029     0.919
 8   101.639   -31.743     7.276
 8    -0.514     0.263     0.817
