% Calibrated with leiden_pols
% Positions are in centimeters
Data =[
 2    97.335   -18.794    59.800
 2     0.829    -0.555     0.062
 2     0.555     0.831     0.023
 2    -0.064     0.015     0.998
 3   122.239    -1.496     9.646
 3    -0.422     0.017    -0.906
 3     0.132    -0.988    -0.080
 3    -0.897    -0.153     0.415
 4   108.760    14.012   -11.297
 4     0.536    -0.783     0.314
 4     0.838     0.451    -0.306
 4     0.098     0.427     0.899
 5   110.603    20.372    18.224
 5     0.266     0.017     0.964
 5     0.202    -0.979    -0.038
 5     0.942     0.205    -0.264
 6   123.587    26.030    45.986
 6     0.193    -0.677    -0.710
 6    -0.097     0.706    -0.701
 6     0.976     0.204     0.070
 7   115.378   -23.336   -11.387
 7     0.332     0.942     0.048
 7    -0.859     0.281     0.428
 7     0.390    -0.184     0.902
 8   114.660   -27.551    18.766
 8     0.339     0.156     0.927
 8    -0.199    -0.952     0.233
 8     0.919    -0.264    -0.291
 9   129.109   -30.753    43.844
 9     0.214     0.526    -0.823
 9     0.126     0.821     0.557
 9     0.969    -0.223     0.109
 2    97.335   -18.794    59.749
 2     0.829    -0.555     0.062
 2     0.555     0.831     0.023
 2    -0.064     0.015     0.998
 3   122.239    -1.446     9.646
 3    -0.422     0.017    -0.906
 3     0.132    -0.988    -0.080
 3    -0.897    -0.153     0.415
 4   108.760    14.062   -11.297
 4     0.536    -0.784     0.314
 4     0.838     0.451    -0.306
 4     0.098     0.427     0.899
 5   110.603    20.373    18.224
 5     0.266     0.016     0.964
 5     0.203    -0.979    -0.039
 5     0.942     0.205    -0.264
 6   123.612    26.029    45.987
 6     0.192    -0.677    -0.710
 6    -0.097     0.707    -0.700
 6     0.976     0.204     0.070
 7   115.401   -23.337   -11.384
 7     0.333     0.941     0.048
 7    -0.859     0.282     0.428
 7     0.389    -0.184     0.902
 8   114.660   -27.602    18.715
 8     0.339     0.157     0.927
 8    -0.199    -0.952     0.234
 8     0.919    -0.264    -0.291
 9   129.110   -30.830    43.844
 9     0.214     0.526    -0.823
 9     0.125     0.821     0.557
 9     0.969    -0.222     0.109
 2    97.333   -18.795    59.752
 2     0.829    -0.555     0.062
 2     0.555     0.831     0.023
 2    -0.065     0.015     0.998
 3   122.240    -1.445     9.596
 3    -0.422     0.018    -0.906
 3     0.132    -0.988    -0.081
 3    -0.897    -0.154     0.414
 4   108.758    14.061   -11.344
 4     0.537    -0.783     0.313
 4     0.838     0.452    -0.305
 4     0.097     0.426     0.899
 5   110.704    20.370    18.150
 5     0.267     0.015     0.963
 5     0.202    -0.978    -0.041
 5     0.942     0.206    -0.264
 6   123.588    25.977    45.937
 6     0.192    -0.676    -0.712
 6    -0.098     0.708    -0.699
 6     0.976     0.204     0.070
 7   115.401   -23.336   -11.385
 7     0.334     0.941     0.047
 7    -0.859     0.283     0.427
 7     0.389    -0.184     0.902
 8   114.661   -27.601    18.690
 8     0.339     0.158     0.927
 8    -0.199    -0.951     0.235
 8     0.919    -0.264    -0.292
 9   129.109   -30.779    43.818
 9     0.213     0.524    -0.824
 9     0.125     0.822     0.555
 9     0.969    -0.222     0.109
 2    97.284   -18.794    59.800
 2     0.829    -0.555     0.062
 2     0.555     0.831     0.023
 2    -0.064     0.015     0.998
 3   122.240    -1.395     9.596
 3    -0.421     0.018    -0.907
 3     0.132    -0.988    -0.081
 3    -0.897    -0.154     0.413
 4   108.807    14.060   -11.341
 4     0.538    -0.783     0.312
 4     0.837     0.454    -0.304
 4     0.096     0.425     0.900
 5   110.704    20.396    18.099
 5     0.267     0.013     0.963
 5     0.202    -0.978    -0.043
 5     0.942     0.206    -0.264
 6   123.675    26.029    46.000
 6     0.190    -0.675    -0.713
 6    -0.098     0.709    -0.698
 6     0.977     0.202     0.069
 7   115.448   -23.337   -11.433
 7     0.335     0.941     0.048
 7    -0.859     0.284     0.426
 7     0.388    -0.184     0.903
 8   114.710   -27.652    18.689
 8     0.339     0.159     0.927
 8    -0.198    -0.951     0.236
 8     0.919    -0.264    -0.291
 9   129.107   -30.778    43.818
 9     0.212     0.522    -0.826
 9     0.126     0.823     0.553
 9     0.969    -0.222     0.109
 2    97.284   -18.794    59.800
 2     0.829    -0.555     0.062
 2     0.555     0.831     0.023
 2    -0.064     0.015     0.998
 3   122.314    -1.448     9.552
 3    -0.420     0.018    -0.907
 3     0.133    -0.988    -0.081
 3    -0.898    -0.155     0.412
 4   108.805    14.008   -11.388
 4     0.539    -0.782     0.311
 4     0.836     0.456    -0.304
 4     0.095     0.424     0.900
 5   110.754    20.396    18.099
 5     0.267     0.013     0.963
 5     0.202    -0.978    -0.043
 5     0.942     0.206    -0.264
 6   123.614    26.026    45.887
 6     0.191    -0.674    -0.714
 6    -0.098     0.710    -0.697
 6     0.976     0.203     0.070
 7   115.492   -23.339   -11.426
 7     0.335     0.941     0.047
 7    -0.859     0.285     0.425
 7     0.386    -0.183     0.904
 8   114.735   -27.651    18.689
 8     0.339     0.160     0.927
 8    -0.198    -0.951     0.237
 8     0.919    -0.263    -0.291
 9   129.207   -30.778    43.716
 9     0.213     0.520    -0.827
 9     0.126     0.824     0.551
 9     0.969    -0.222     0.110
 2    97.284   -18.794    59.800
 2     0.829    -0.555     0.061
 2     0.555     0.831     0.023
 2    -0.064     0.015     0.998
 3   122.365    -1.448     9.476
 3    -0.419     0.018    -0.908
 3     0.133    -0.988    -0.082
 3    -0.898    -0.155     0.411
 4   108.829    14.058   -11.385
 4     0.540    -0.782     0.311
 4     0.836     0.457    -0.302
 4     0.094     0.423     0.901
 5   110.779    20.447    17.998
 5     0.267     0.012     0.963
 5     0.203    -0.978    -0.044
 5     0.942     0.207    -0.264
 6   123.727    25.979    45.822
 6     0.191    -0.672    -0.715
 6    -0.098     0.712    -0.695
 6     0.977     0.203     0.070
 7   115.540   -23.390   -11.474
 7     0.336     0.941     0.047
 7    -0.860     0.285     0.424
 7     0.385    -0.183     0.904
 8   114.785   -27.675    18.638
 8     0.340     0.161     0.926
 8    -0.197    -0.951     0.237
 8     0.919    -0.263    -0.292
 9   129.232   -30.777    43.716
 9     0.212     0.518    -0.828
 9     0.127     0.826     0.549
 9     0.969    -0.222     0.109
 2    97.284   -18.794    59.800
 2     0.829    -0.555     0.062
 2     0.555     0.831     0.023
 2    -0.064     0.015     0.998
 3   122.366    -1.447     9.426
 3    -0.419     0.019    -0.908
 3     0.133    -0.988    -0.082
 3    -0.898    -0.156     0.411
 4   108.877    14.006   -11.458
 4     0.542    -0.781     0.311
 4     0.835     0.459    -0.302
 4     0.093     0.423     0.901
 5   110.830    20.497    17.975
 5     0.267     0.010     0.964
 5     0.203    -0.978    -0.046
 5     0.942     0.208    -0.263
 6   123.777    25.927    45.797
 6     0.189    -0.670    -0.717
 6    -0.098     0.714    -0.693
 6     0.977     0.202     0.069
 7   115.487   -23.391   -11.496
 7     0.336     0.940     0.048
 7    -0.860     0.285     0.423
 7     0.384    -0.184     0.905
 8   114.785   -27.676    18.587
 8     0.340     0.161     0.926
 8    -0.197    -0.951     0.237
 8     0.919    -0.264    -0.292
 9   129.281   -30.751    43.716
 9     0.212     0.517    -0.829
 9     0.127     0.827     0.548
 9     0.969    -0.221     0.109
 2    97.284   -18.794    59.800
 2     0.829    -0.555     0.062
 2     0.555     0.831     0.023
 2    -0.064     0.015     0.998
 3   122.416    -1.447     9.375
 3    -0.419     0.019    -0.908
 3     0.133    -0.988    -0.082
 3    -0.898    -0.156     0.411
 4   108.925    14.005   -11.454
 4     0.542    -0.781     0.310
 4     0.835     0.460    -0.301
 4     0.092     0.422     0.902
 5   110.710    20.403    17.919
 5     0.261     0.019     0.965
 5     0.207    -0.978    -0.037
 5     0.943     0.209    -0.259
