2 	  33.52	  -8.09	  22.73
	  0.556	  0.830	 -0.046
	 -0.832	  0.554	 -0.032
	 -0.000	  0.056	  0.998

3 	  34.91	  -0.12	   2.41
	  0.053	 -0.000	 -0.999
	 -0.090	  0.996	 -0.005
	  0.994	  0.089	  0.053

4 	  38.36	   5.98	  -0.42
	  0.600	  0.798	 -0.053
	 -0.647	  0.523	  0.554
	  0.471	 -0.298	  0.830

5 	  45.16	  11.92	  17.07
	  0.510	  0.143	  0.848
	 -0.775	  0.507	  0.377
	 -0.380	 -0.848	  0.370

6 	  38.85	   8.75	  11.27
	 -0.544	 -0.152	 -0.825
	 -0.015	  0.985	 -0.171
	  0.839	 -0.080	 -0.538

7 	  38.39	  -6.19	  -1.58
	  0.724	 -0.619	 -0.303
	  0.607	  0.781	 -0.145
	  0.326	 -0.079	  0.942

8 	  45.91	 -11.36	  15.45
	  0.614	 -0.017	  0.789
	  0.408	  0.862	 -0.299
	 -0.677	  0.504	  0.536

9 	  38.95	 -10.99	   9.54
	 -0.514	  0.105	 -0.851
	 -0.554	  0.717	  0.423
	  0.655	  0.688	 -0.310

2 	  33.52	  -8.09	  22.73
	  0.556	  0.830	 -0.046
	 -0.832	  0.554	 -0.032
	 -0.000	  0.056	  0.998

3 	  34.91	  -0.12	   2.41
	  0.056	 -0.006	 -0.998
	 -0.094	  0.995	 -0.011
	  0.994	  0.095	  0.055

4 	  38.36	   5.94	  -0.47
	  0.589	  0.806	 -0.059
	 -0.668	  0.526	  0.525
	  0.455	 -0.270	  0.848

5 	  45.56	  12.09	  16.65
	  0.582	  0.156	  0.797
	 -0.782	  0.378	  0.495
	 -0.227	 -0.912	  0.342

6 	  39.13	   8.75	  11.23
	 -0.615	 -0.146	 -0.775
	  0.029	  0.978	 -0.207
	  0.788	 -0.149	 -0.597

7 	  38.39	  -6.19	  -1.56
	  0.724	 -0.612	 -0.317
	  0.603	  0.785	 -0.139
	  0.334	 -0.090	  0.938

8 	  47.44	 -12.02	  14.04
	  0.760	 -0.066	  0.646
	  0.523	  0.654	 -0.547
	 -0.389	  0.752	  0.531

9 	  40.04	 -11.13	   9.44
	 -0.640	  0.130	 -0.758
	 -0.492	  0.688	  0.533
	  0.592	  0.713	 -0.376

2 	  33.52	  -8.09	  22.71
	  0.556	  0.830	 -0.046
	 -0.832	  0.554	 -0.031
	  0.000	  0.056	  0.998

3 	  34.86	  -0.23	   2.41
	  0.046	 -0.018	 -0.999
	 -0.122	  0.992	 -0.023
	  0.991	  0.123	  0.044

4 	  38.23	   5.82	  -0.56
	  0.590	  0.804	 -0.072
	 -0.668	  0.535	  0.517
	  0.455	 -0.258	  0.852

5 	  49.01	  12.38	  12.85
	  0.900	  0.108	  0.421
	 -0.435	  0.199	  0.878
	  0.010	 -0.974	  0.226

6 	  41.12	   9.44	  10.35
	 -0.809	 -0.189	 -0.557
	  0.041	  0.927	 -0.373
	  0.587	 -0.324	 -0.742

7 	  38.29	  -6.06	  -1.83
	  0.732	 -0.525	 -0.435
	  0.519	  0.843	 -0.145
	  0.443	 -0.119	  0.888

8 	  51.06	 -11.60	   9.67
	  0.953	  0.039	  0.301
	  0.252	  0.452	 -0.855
	 -0.170	  0.891	  0.421

9 	  42.52	 -11.53	   7.82
	 -0.818	  0.157	 -0.554
	 -0.376	  0.583	  0.720
	  0.436	  0.797	 -0.418

2 	  33.52	  -8.09	  22.73
	  0.556	  0.830	 -0.046
	 -0.832	  0.554	 -0.032
	 -0.000	  0.056	  0.998

3 	  34.88	  -0.33	   2.41
	  0.042	 -0.018	 -0.999
	 -0.141	  0.990	 -0.024
	  0.989	  0.142	  0.039

4 	  38.14	   5.50	  -0.95
	  0.602	  0.784	 -0.149
	 -0.631	  0.581	  0.513
	  0.490	 -0.215	  0.845

5 	  51.49	  12.02	   8.51
	  0.991	  0.029	  0.126
	 -0.130	  0.227	  0.965
	 -0.001	 -0.974	  0.228

6 	  43.07	   9.76	   8.96
	 -0.895	 -0.195	 -0.402
	  0.012	  0.888	 -0.459
	  0.446	 -0.416	 -0.792

7 	  38.20	  -5.91	  -2.25
	  0.701	 -0.474	 -0.533
	  0.482	  0.865	 -0.136
	  0.527	 -0.161	  0.834

8 	  52.72	 -11.07	   6.36
	  0.990	  0.093	  0.107
	  0.062	  0.389	 -0.919
	 -0.127	  0.917	  0.378

9 	  43.89	 -11.48	   6.35
	 -0.898	  0.141	 -0.418
	 -0.279	  0.551	  0.786
	  0.341	  0.822	 -0.455

2 	  33.52	  -8.09	  22.73
	  0.556	  0.830	 -0.046
	 -0.832	  0.554	 -0.031
	  0.000	  0.056	  0.998

3 	  34.95	  -0.40	   2.39
	  0.036	 -0.015	 -0.999
	 -0.128	  0.991	 -0.019
	  0.991	  0.128	  0.034

4 	  38.18	   5.33	  -1.16
	  0.612	  0.764	 -0.204
	 -0.603	  0.617	  0.505
	  0.513	 -0.187	  0.838

5 	  52.29	  11.85	   6.42
	  1.000	  0.017	 -0.001
	 -0.003	  0.238	  0.971
	  0.016	 -0.971	  0.237

6 	  43.93	   9.74	   8.02
	 -0.920	 -0.184	 -0.346
	  0.013	  0.867	 -0.497
	  0.392	 -0.462	 -0.796

7 	  38.16	  -5.78	  -2.46
	  0.683	 -0.435	 -0.587
	  0.454	  0.882	 -0.125
	  0.572	 -0.181	  0.800

8 	  53.54	 -10.65	   4.50
	  0.995	  0.097	  0.014
	 -0.027	  0.399	 -0.917
	 -0.095	  0.912	  0.398

9 	  44.70	 -11.14	   5.43
	 -0.913	  0.149	 -0.379
	 -0.248	  0.536	  0.807
	  0.323	  0.831	 -0.453

2 	  33.52	  -8.09	  22.71
	  0.556	  0.830	 -0.046
	 -0.832	  0.554	 -0.031
	  0.000	  0.056	  0.998

3 	  34.96	  -0.47	   2.37
	  0.033	 -0.015	 -0.999
	 -0.120	  0.993	 -0.019
	  0.992	  0.120	  0.031

4 	  38.20	   5.17	  -1.35
	  0.612	  0.751	 -0.249
	 -0.583	  0.640	  0.501
	  0.536	 -0.161	  0.828

5 	  52.75	  11.71	   4.76
	  0.996	  0.010	 -0.087
	  0.081	  0.271	  0.959
	  0.032	 -0.963	  0.268

6 	  44.46	   9.79	   7.26
	 -0.927	 -0.196	 -0.320
	  0.004	  0.848	 -0.530
	  0.375	 -0.492	 -0.786

7 	  38.07	  -5.66	  -2.64
	  0.663	 -0.402	 -0.631
	  0.438	  0.892	 -0.108
	  0.607	 -0.204	  0.767

8 	  53.98	 -10.12	   2.92
	  0.991	  0.116	 -0.064
	 -0.108	  0.426	 -0.898
	 -0.078	  0.897	  0.434

9 	  45.16	 -10.85	   4.61
	 -0.928	  0.162	 -0.334
	 -0.204	  0.530	  0.823
	  0.311	  0.832	 -0.459

2 	  33.52	  -8.09	  22.73
	  0.556	  0.830	 -0.046
	 -0.832	  0.554	 -0.032
	 -0.000	  0.056	  0.998

3 	  34.98	  -0.47	   2.37
	  0.030	 -0.012	 -0.999
	 -0.110	  0.994	 -0.015
	  0.993	  0.110	  0.029

4 	  38.16	   5.10	  -1.53
	  0.606	  0.737	 -0.297
	 -0.558	  0.660	  0.502
	  0.568	 -0.139	  0.811

5 	  53.00	  11.67	   3.55
	  0.990	  0.008	 -0.136
	  0.129	  0.294	  0.947
	  0.047	 -0.956	  0.289

6 	  44.86	   9.83	   6.50
	 -0.935	 -0.203	 -0.290
	 -0.008	  0.832	 -0.555
	  0.354	 -0.516	 -0.780

7 	  37.93	  -5.47	  -2.79
	  0.638	 -0.370	 -0.675
	  0.426	  0.900	 -0.092
	  0.642	 -0.229	  0.731

8 	  54.23	  -9.74	   1.35
	  0.983	  0.124	 -0.131
	 -0.174	  0.453	 -0.874
	 -0.050	  0.883	  0.466

9 	  45.54	 -10.56	   3.76
	 -0.942	  0.177	 -0.286
	 -0.153	  0.531	  0.833
	  0.300	  0.828	 -0.473

2 	  33.52	  -8.10	  22.73
	  0.556	  0.830	 -0.046
	 -0.832	  0.554	 -0.031
	  0.000	  0.056	  0.998

3 	  34.98	  -0.49	   2.39
	  0.026	 -0.009	 -1.000
	 -0.100	  0.995	 -0.012
	  0.995	  0.100	  0.025

4 	  38.06	   4.94	  -1.76
	  0.595	  0.720	 -0.357
	 -0.529	  0.684	  0.501
	  0.606	 -0.110	  0.787

5 	  53.17	  11.58	   1.78
	  0.978	  0.008	 -0.206
	  0.193	  0.329	  0.924
	  0.074	 -0.945	  0.320

6 	  45.25	   9.88	   5.52
	 -0.944	 -0.217	 -0.247
	 -0.033	  0.810	 -0.585
	  0.327	 -0.544	 -0.772

7 	  37.88	  -5.33	  -2.88
	  0.617	 -0.330	 -0.715
	  0.403	  0.912	 -0.074
	  0.677	 -0.242	  0.695

8 	  54.40	  -9.32	  -0.33
	  0.969	  0.131	 -0.206
	 -0.244	  0.472	 -0.847
	 -0.014	  0.872	  0.488

9 	  45.91	 -10.25	   2.79
	 -0.947	  0.209	 -0.245
	 -0.106	  0.517	  0.849
	  0.305	  0.829	 -0.468

2 	  33.52	  -8.10	  22.73
	  0.556	  0.830	 -0.046
	 -0.832	  0.554	 -0.031
	  0.000	  0.056	  0.998

3 	  35.00	  -0.54	   2.39
	  0.026	 -0.008	 -1.000
	 -0.084	  0.996	 -0.011
	  0.996	  0.084	  0.025

4 	  38.00	   4.78	  -1.93
	  0.586	  0.703	 -0.401
	 -0.504	  0.704	  0.500
	  0.635	 -0.091	  0.767

5 	  53.31	  11.37	   0.33
	  0.965	 -0.003	 -0.260
	  0.244	  0.356	  0.902
	  0.089	 -0.935	  0.344

6 	  45.54	   9.81	   4.62
	 -0.951	 -0.217	 -0.221
	 -0.041	  0.794	 -0.606
	  0.307	 -0.568	 -0.764

7 	  37.81	  -5.19	  -2.99
	  0.594	 -0.290	 -0.750
	  0.385	  0.921	 -0.051
	  0.706	 -0.258	  0.659

8 	  54.54	  -8.75	  -1.72
	  0.954	  0.142	 -0.265
	 -0.300	  0.483	 -0.822
	  0.010	  0.864	  0.503

9 	  46.21	  -9.90	   2.13
	 -0.956	  0.204	 -0.211
	 -0.082	  0.505	  0.859
	  0.282	  0.838	 -0.466

2 	  33.52	  -8.10	  22.73
	  0.556	  0.830	 -0.046
	 -0.832	  0.554	 -0.031
	  0.000	  0.056	  0.998

3 	  35.00	  -0.54	   2.41
	  0.026	 -0.008	 -1.000
	 -0.057	  0.998	 -0.010
	  0.998	  0.057	  0.026

4 	  38.00	   4.64	  -2.13
	  0.584	  0.679	 -0.444
	 -0.473	  0.728	  0.495
	  0.661	 -0.080	  0.746

5 	  53.47	  11.09	  -1.05
	  0.949	 -0.008	 -0.315
	  0.295	  0.370	  0.881
	  0.109	 -0.929	  0.353

6 	  45.88	   9.67	   3.87
	 -0.958	 -0.213	 -0.193
	 -0.049	  0.785	 -0.618
	  0.283	 -0.582	 -0.762

7 	  37.71	  -5.13	  -3.02
	  0.577	 -0.267	 -0.771
	  0.378	  0.925	 -0.038
	  0.724	 -0.269	  0.635

8 	  54.54	  -8.38	  -2.92
	  0.937	  0.131	 -0.324
	 -0.346	  0.478	 -0.807
	  0.049	  0.869	  0.493

9 	  46.42	  -9.56	   1.49
	 -0.966	  0.196	 -0.169
	 -0.046	  0.512	  0.857
	  0.254	  0.836	 -0.486

2 	  33.52	  -8.09	  22.71
	  0.556	  0.830	 -0.046
	 -0.832	  0.554	 -0.031
	  0.000	  0.056	  0.998

3 	  35.00	  -0.60	   2.46
	  0.028	 -0.016	 -1.000
	 -0.035	  0.999	 -0.017
	  0.999	  0.035	  0.028

4 	  37.88	   4.46	  -2.32
	  0.575	  0.659	 -0.485
	 -0.448	  0.749	  0.488
	  0.685	 -0.064	  0.725

5 	  53.42	  10.90	  -2.25
	  0.933	 -0.008	 -0.359
	  0.334	  0.384	  0.860
	  0.131	 -0.923	  0.361

6 	  46.04	   9.47	   3.15
	 -0.964	 -0.208	 -0.168
	 -0.058	  0.776	 -0.627
	  0.261	 -0.594	 -0.760

7 	  37.62	  -5.26	  -3.02
	  0.561	 -0.259	 -0.786
	  0.365	  0.930	 -0.046
	  0.743	 -0.261	  0.616

8 	  54.37	  -8.31	  -4.03
	  0.912	  0.106	 -0.395
	 -0.400	  0.437	 -0.806
	  0.087	  0.893	  0.441

9 	  46.51	  -9.33	   0.98
	 -0.968	  0.215	 -0.132
	  0.005	  0.538	  0.843
	  0.253	  0.815	 -0.522

2 	  33.52	  -8.10	  22.73
	  0.556	  0.830	 -0.046
	 -0.832	  0.554	 -0.032
	 -0.000	  0.056	  0.998

3 	  34.93	  -0.70	   2.48
	  0.039	 -0.029	 -0.999
	 -0.023	  0.999	 -0.030
	  0.999	  0.024	  0.038

4 	  37.72	   4.29	  -2.41
	  0.565	  0.643	 -0.517
	 -0.434	  0.764	  0.478
	  0.703	 -0.046	  0.710

5 	  53.21	  10.56	  -3.74
	  0.906	 -0.017	 -0.422
	  0.393	  0.397	  0.829
	  0.154	 -0.918	  0.366

6 	  46.14	   9.26	   2.25
	 -0.969	 -0.209	 -0.133
	 -0.079	  0.771	 -0.632
	  0.234	 -0.602	 -0.764

7 	  37.48	  -5.29	  -3.02
	  0.541	 -0.252	 -0.802
	  0.365	  0.930	 -0.046
	  0.758	 -0.268	  0.595

8 	  53.96	  -8.67	  -5.43
	  0.880	  0.063	 -0.470
	 -0.453	  0.408	 -0.793
	  0.142	  0.910	  0.388

9 	  46.48	  -9.26	   0.23
	 -0.969	  0.239	 -0.067
	  0.080	  0.555	  0.828
	  0.235	  0.796	 -0.557

2 	  33.52	  -8.09	  22.73
	  0.556	  0.830	 -0.046
	 -0.832	  0.554	 -0.031
	  0.000	  0.056	  0.998

3 	  34.86	  -0.69	   2.50
	  0.047	 -0.039	 -0.998
	 -0.001	  0.999	 -0.039
	  0.999	  0.003	  0.047

4 	  37.56	   4.15	  -2.58
	  0.557	  0.621	 -0.551
	 -0.411	  0.782	  0.469
	  0.722	 -0.036	  0.690

5 	  52.93	  10.07	  -5.17
	  0.873	 -0.045	 -0.485
	  0.461	  0.400	  0.792
	  0.158	 -0.916	  0.369

6 	  46.14	   9.07	   1.55
	 -0.972	 -0.208	 -0.107
	 -0.094	  0.767	 -0.635
	  0.214	 -0.607	 -0.765

7 	  37.11	  -5.22	  -3.04
	  0.510	 -0.249	 -0.823
	  0.386	  0.921	 -0.040
	  0.769	 -0.297	  0.566

8 	  53.38	  -8.81	  -6.63
	  0.849	  0.043	 -0.526
	 -0.495	  0.411	 -0.765
	  0.184	  0.910	  0.371

9 	  46.18	  -9.32	  -0.32
	 -0.964	  0.264	 -0.027
	  0.129	  0.553	  0.823
	  0.233	  0.790	 -0.568

2 	  33.50	  -8.10	  22.73
	  0.556	  0.829	 -0.046
	 -0.831	  0.555	 -0.032
	 -0.000	  0.056	  0.998

3 	  34.77	  -0.72	   2.58
	  0.039	 -0.046	 -0.998
	  0.003	  0.999	 -0.046
	  0.999	 -0.001	  0.039

4 	  37.28	   3.97	  -2.60
	  0.535	  0.613	 -0.581
	 -0.404	  0.789	  0.463
	  0.743	 -0.014	  0.669

5 	  52.31	   9.86	  -6.57
	  0.828	 -0.061	 -0.556
	  0.530	  0.411	  0.741
	  0.183	 -0.910	  0.372

6 	  45.97	   8.96	   0.65
	 -0.973	 -0.224	 -0.055
	 -0.137	  0.755	 -0.641
	  0.185	 -0.616	 -0.766

7 	  36.90	  -5.22	  -2.88
	  0.480	 -0.241	 -0.844
	  0.394	  0.918	 -0.038
	  0.784	 -0.314	  0.535

8 	  52.79	  -8.89	  -7.80
	  0.806	  0.027	 -0.591
	 -0.547	  0.414	 -0.727
	  0.226	  0.909	  0.349

9 	  46.02	  -9.30	  -0.90
	 -0.958	  0.286	  0.031
	  0.193	  0.559	  0.806
	  0.213	  0.778	 -0.590

2 	  33.52	  -8.12	  22.73
	  0.557	  0.829	 -0.045
	 -0.831	  0.555	 -0.032
	 -0.000	  0.055	  0.998

3 	  34.73	  -0.72	   2.65
	 -0.003	 -0.047	 -0.999
	  0.007	  0.999	 -0.047
	  1.000	 -0.007	 -0.003

4 	  37.16	   3.94	  -2.58
	  0.518	  0.608	 -0.601
	 -0.396	  0.793	  0.462
	  0.758	 -0.002	  0.652

5 	  51.66	   9.77	  -7.95
	  0.775	 -0.074	 -0.628
	  0.597	  0.413	  0.687
	  0.209	 -0.907	  0.365

6 	  45.84	   9.00	  -0.04
	 -0.970	 -0.242	 -0.015
	 -0.178	  0.753	 -0.633
	  0.164	 -0.612	 -0.774

7 	  36.70	  -5.17	  -2.85
	  0.448	 -0.228	 -0.864
	  0.401	  0.915	 -0.034
	  0.799	 -0.331	  0.501

8 	  52.03	  -8.88	  -9.21
	  0.746	  0.024	 -0.666
	 -0.612	  0.420	 -0.670
	  0.265	  0.906	  0.328

9 	  45.77	  -9.25	  -1.62
	 -0.948	  0.302	  0.095
	  0.256	  0.554	  0.792
	  0.187	  0.775	 -0.604

2 	  33.52	  -8.12	  22.75
	  0.557	  0.829	 -0.045
	 -0.831	  0.555	 -0.032
	 -0.000	  0.056	  0.998

3 	  34.68	  -0.70	   2.69
	 -0.007	 -0.045	 -0.999
	  0.012	  0.999	 -0.045
	  1.000	 -0.012	 -0.006

4 	  37.05	   3.90	  -2.57
	  0.511	  0.601	 -0.615
	 -0.389	  0.798	  0.459
	  0.767	  0.004	  0.641

5 	  51.21	   9.67	  -8.77
	  0.740	 -0.086	 -0.667
	  0.637	  0.410	  0.652
	  0.218	 -0.908	  0.358

6 	  45.69	   9.00	  -0.56
	 -0.966	 -0.257	  0.003
	 -0.203	  0.755	 -0.623
	  0.157	 -0.603	 -0.782

7 	  36.53	  -5.03	  -2.85
	  0.424	 -0.208	 -0.882
	  0.409	  0.912	 -0.019
	  0.808	 -0.352	  0.471

8 	  51.43	  -8.68	 -10.20
	  0.710	  0.017	 -0.704
	 -0.639	  0.438	 -0.632
	  0.301	  0.897	  0.322

9 	  45.60	  -9.04	  -2.21
	 -0.942	  0.301	  0.148
	  0.297	  0.543	  0.785
	  0.156	  0.783	 -0.601

2 	  33.52	  -8.12	  22.75
	  0.557	  0.829	 -0.045
	 -0.831	  0.555	 -0.032
	 -0.000	  0.056	  0.998

3 	  34.66	  -0.63	   2.72
	 -0.007	 -0.041	 -0.999
	  0.023	  0.999	 -0.042
	  1.000	 -0.024	 -0.006

4 	  37.02	   3.92	  -2.58
	  0.507	  0.595	 -0.624
	 -0.382	  0.803	  0.457
	  0.773	  0.006	  0.634

5 	  50.92	   9.56	  -9.39
	  0.716	 -0.090	 -0.692
	  0.659	  0.412	  0.628
	  0.230	 -0.906	  0.354

6 	  45.69	   8.93	  -0.86
	 -0.965	 -0.261	  0.017
	 -0.214	  0.754	 -0.621
	  0.149	 -0.603	 -0.784

7 	  36.39	  -4.89	  -2.90
	  0.408	 -0.187	 -0.893
	  0.413	  0.910	 -0.002
	  0.814	 -0.368	  0.449

8 	  50.99	  -8.38	 -10.86
	  0.686	  0.016	 -0.727
	 -0.657	  0.447	 -0.607
	  0.319	  0.893	  0.318

9 	  45.39	  -8.81	  -2.64
	 -0.938	  0.295	  0.182
	  0.320	  0.531	  0.784
	  0.134	  0.794	 -0.593

2 	  33.54	  -8.10	  22.76
	  0.556	  0.830	 -0.046
	 -0.832	  0.554	 -0.032
	 -0.001	  0.056	  0.998

3 	  34.61	  -0.62	   2.71
	 -0.014	 -0.044	 -0.999
	  0.022	  0.999	 -0.044
	  1.000	 -0.022	 -0.013

4 	  36.86	   3.85	  -2.62
	  0.491	  0.590	 -0.641
	 -0.388	  0.806	  0.446
	  0.780	  0.029	  0.624

5 	  50.31	   9.54	 -10.20
	  0.687	 -0.089	 -0.721
	  0.679	  0.436	  0.590
	  0.263	 -0.895	  0.360

6 	  45.40	   8.95	  -1.44
	 -0.957	 -0.286	  0.047
	 -0.252	  0.741	 -0.622
	  0.143	 -0.608	 -0.781

7 	  36.33	  -4.82	  -2.87
	  0.403	 -0.177	 -0.898
	  0.415	  0.909	  0.007
	  0.815	 -0.376	  0.440

8 	  50.61	  -8.30	 -11.27
	  0.662	  0.024	 -0.749
	 -0.673	  0.460	 -0.579
	  0.334	  0.886	  0.321

9 	  45.30	  -8.86	  -2.85
	 -0.929	  0.305	  0.210
	  0.348	  0.524	  0.777
	  0.127	  0.795	 -0.593

2 	  33.54	  -8.10	  22.75
	  0.556	  0.830	 -0.046
	 -0.832	  0.554	 -0.032
	 -0.001	  0.056	  0.998

3 	  34.61	  -0.63	   2.76
	 -0.019	 -0.041	 -0.999
	  0.010	  0.999	 -0.041
	  1.000	 -0.011	 -0.019

4 	  36.76	   3.85	  -2.50
	  0.476	  0.595	 -0.648
	 -0.387	  0.802	  0.454
	  0.790	  0.034	  0.612

5 	  49.39	   9.69	 -11.18
	  0.629	 -0.095	 -0.771
	  0.715	  0.460	  0.526
	  0.306	 -0.882	  0.357

6 	  45.09	   9.18	  -1.97
	 -0.942	 -0.320	  0.097
	 -0.310	  0.727	 -0.612
	  0.125	 -0.607	 -0.785

7 	  36.26	  -4.80	  -2.79
	  0.382	 -0.168	 -0.909
	  0.419	  0.908	  0.008
	  0.824	 -0.384	  0.417

8 	  49.99	  -8.49	 -12.04
	  0.617	  0.011	 -0.787
	 -0.697	  0.473	 -0.539
	  0.370	  0.879	  0.299

9 	  45.05	  -8.96	  -3.32
	 -0.908	  0.326	  0.263
	  0.405	  0.519	  0.753
	  0.109	  0.790	 -0.604

2 	  33.54	  -8.12	  22.75
	  0.556	  0.830	 -0.046
	 -0.832	  0.554	 -0.032
	 -0.000	  0.056	  0.998

3 	  34.58	  -0.62	   2.81
	 -0.025	 -0.037	 -0.999
	  0.011	  0.999	 -0.037
	  0.999	 -0.012	 -0.025

4 	  36.65	   3.83	  -2.50
	  0.462	  0.593	 -0.660
	 -0.385	  0.803	  0.454
	  0.799	  0.044	  0.599

5 	  48.81	   9.67	 -11.87
	  0.598	 -0.100	 -0.795
	  0.727	  0.486	  0.484
	  0.340	 -0.867	  0.363

6 	  44.84	   9.25	  -2.39
	 -0.931	 -0.342	  0.128
	 -0.345	  0.709	 -0.615
	  0.119	 -0.617	 -0.778

7 	  36.14	  -4.78	  -2.74
	  0.358	 -0.145	 -0.922
	  0.423	  0.906	  0.021
	  0.832	 -0.398	  0.385

8 	  48.73	  -8.49	 -13.36
	  0.539	  0.006	 -0.843
	 -0.722	  0.520	 -0.456
	  0.439	  0.852	  0.283

9 	  44.63	  -9.05	  -4.15
	 -0.871	  0.338	  0.355
	  0.485	  0.487	  0.726
	  0.072	  0.805	 -0.589

2 	  33.54	  -8.12	  22.75
	  0.556	  0.830	 -0.046
	 -0.832	  0.554	 -0.032
	 -0.000	  0.056	  0.998

3 	  34.52	  -0.63	   2.83
	 -0.030	 -0.041	 -0.999
	  0.013	  0.999	 -0.041
	  0.999	 -0.015	 -0.029

4 	  36.56	   3.76	  -2.44
	  0.455	  0.588	 -0.668
	 -0.376	  0.807	  0.455
	  0.807	  0.044	  0.588

5 	  48.34	   9.32	 -12.43
	  0.558	 -0.119	 -0.821
	  0.758	  0.478	  0.444
	  0.341	 -0.870	  0.356

6 	  44.70	   9.05	  -2.72
	 -0.929	 -0.333	  0.162
	 -0.361	  0.709	 -0.605
	  0.086	 -0.621	 -0.779

7 	  35.91	  -4.75	  -2.64
	  0.326	 -0.126	 -0.937
	  0.435	  0.900	  0.030
	  0.839	 -0.417	  0.348

8 	  47.44	  -8.47	 -14.40
	  0.462	  0.018	 -0.887
	 -0.743	  0.556	 -0.374
	  0.489	  0.829	  0.269

9 	  44.07	  -9.14	  -4.76
	 -0.833	  0.347	  0.431
	  0.552	  0.456	  0.697
	  0.045	  0.819	 -0.572

2 	  33.54	  -8.12	  22.75
	  0.556	  0.830	 -0.046
	 -0.832	  0.554	 -0.032
	 -0.000	  0.056	  0.998

3 	  34.49	  -0.63	   2.90
	 -0.036	 -0.044	 -0.998
	  0.021	  0.999	 -0.045
	  0.999	 -0.022	 -0.035

4 	  36.40	   3.69	  -2.39
	  0.441	  0.583	 -0.682
	 -0.369	  0.810	  0.455
	  0.818	  0.050	  0.572

5 	  47.57	   9.11	 -13.11
	  0.513	 -0.132	 -0.848
	  0.778	  0.490	  0.393
	  0.366	 -0.861	  0.354

6 	  44.42	   8.98	  -3.20
	 -0.918	 -0.336	  0.209
	 -0.392	  0.697	 -0.600
	  0.056	 -0.633	 -0.772

7 	  35.70	  -4.71	  -2.53
	  0.297	 -0.105	 -0.949
	  0.449	  0.892	  0.042
	  0.842	 -0.439	  0.312

8 	  46.34	  -8.28	 -15.13
	  0.401	  0.029	 -0.916
	 -0.747	  0.590	 -0.307
	  0.534	  0.805	  0.256

9 	  43.59	  -9.14	  -5.24
	 -0.799	  0.349	  0.490
	  0.601	  0.432	  0.672
	  0.023	  0.831	 -0.555

2 	  33.54	  -8.09	  22.73
	  0.556	  0.830	 -0.047
	 -0.832	  0.554	 -0.032
	  0.000	  0.057	  0.998

3 	  34.42	  -0.65	   2.90
	 -0.037	 -0.052	 -0.998
	  0.023	  0.998	 -0.053
	  0.999	 -0.025	 -0.035

4 	  36.30	   3.62	  -2.41
	  0.431	  0.580	 -0.691
	 -0.363	  0.812	  0.456
	  0.826	  0.053	  0.560

5 	  46.86	   8.89	 -13.69
	  0.463	 -0.147	 -0.874
	  0.802	  0.490	  0.341
	  0.380	 -0.859	  0.343

6 	  44.17	   8.93	  -3.59
	 -0.905	 -0.346	  0.248
	 -0.425	  0.690	 -0.586
	  0.031	 -0.635	 -0.772

7 	  35.63	  -4.71	  -2.48
	  0.277	 -0.090	 -0.957
	  0.460	  0.886	  0.050
	  0.843	 -0.454	  0.287

8 	  45.54	  -8.30	 -15.61
	  0.352	  0.029	 -0.936
	 -0.751	  0.606	 -0.262
	  0.562	  0.793	  0.233

9 	  43.22	  -9.26	  -5.64
	 -0.765	  0.359	  0.534
	  0.644	  0.410	  0.645
	  0.012	  0.838	 -0.546

2 	  33.54	  -8.10	  22.75
	  0.556	  0.830	 -0.046
	 -0.832	  0.554	 -0.032
	 -0.001	  0.056	  0.998

3 	  34.38	  -0.70	   2.87
	 -0.032	 -0.061	 -0.998
	  0.018	  0.998	 -0.062
	  0.999	 -0.020	 -0.031

4 	  36.23	   3.52	  -2.41
	  0.417	  0.575	 -0.704
	 -0.359	  0.815	  0.454
	  0.835	  0.063	  0.546

5 	  45.79	   8.63	 -14.55
	  0.393	 -0.168	 -0.904
	  0.818	  0.513	  0.260
	  0.422	 -0.841	  0.338

6 	  43.80	   8.95	  -4.27
	 -0.876	 -0.362	  0.319
	 -0.483	  0.663	 -0.572
	 -0.006	 -0.655	 -0.756

7 	  35.61	  -4.75	  -2.41
	  0.265	 -0.081	 -0.961
	  0.471	  0.880	  0.056
	  0.841	 -0.468	  0.271

8 	  44.68	  -8.67	 -16.01
	  0.296	  0.016	 -0.955
	 -0.746	  0.628	 -0.219
	  0.599	  0.776	  0.196

9 	  42.86	  -9.53	  -5.92
	 -0.721	  0.387	  0.574
	  0.692	  0.386	  0.609
	  0.013	  0.837	 -0.547

2 	  33.56	  -8.10	  22.75
	  0.556	  0.830	 -0.046
	 -0.832	  0.554	 -0.032
	 -0.000	  0.056	  0.998

3 	  34.38	  -0.74	   2.87
	 -0.030	 -0.066	 -0.997
	  0.016	  0.997	 -0.066
	  0.999	 -0.018	 -0.029

4 	  36.19	   3.41	  -2.43
	  0.410	  0.566	 -0.715
	 -0.349	  0.821	  0.450
	  0.842	  0.065	  0.535

5 	  44.82	   8.40	 -15.24
	  0.330	 -0.185	 -0.926
	  0.826	  0.531	  0.187
	  0.458	 -0.826	  0.326

6 	  43.45	   8.89	  -4.82
	 -0.848	 -0.377	  0.372
	 -0.529	  0.644	 -0.553
	 -0.032	 -0.665	 -0.746

7 	  35.53	  -4.80	  -2.36
	  0.243	 -0.069	 -0.968
	  0.488	  0.871	  0.060
	  0.838	 -0.487	  0.245

8 	  43.52	  -8.79	 -16.52
	  0.223	  0.022	 -0.974
	 -0.740	  0.655	 -0.153
	  0.636	  0.754	  0.160

9 	  42.33	  -9.76	  -6.29
	 -0.668	  0.407	  0.622
	  0.744	  0.349	  0.570
	  0.014	  0.844	 -0.536

2 	  33.54	  -8.10	  22.75
	  0.556	  0.830	 -0.046
	 -0.832	  0.554	 -0.032
	 -0.000	  0.056	  0.998

3 	  34.37	  -0.77	   2.87
	 -0.031	 -0.069	 -0.997
	  0.014	  0.997	 -0.069
	  0.999	 -0.016	 -0.030

4 	  36.12	   3.32	  -2.39
	  0.401	  0.557	 -0.727
	 -0.340	  0.827	  0.448
	  0.851	  0.067	  0.521

5 	  43.77	   8.30	 -15.82
	  0.263	 -0.192	 -0.945
	  0.830	  0.544	  0.120
	  0.493	 -0.816	  0.301

6 	  43.07	   8.89	  -5.22
	 -0.818	 -0.392	  0.422
	 -0.573	  0.628	 -0.526
	 -0.060	 -0.671	 -0.739

7 	  35.47	  -4.78	  -2.27
	  0.221	 -0.063	 -0.973
	  0.495	  0.866	  0.056
	  0.840	 -0.495	  0.223

8 	  42.47	  -8.88	 -16.93
	  0.169	  0.019	 -0.985
	 -0.707	  0.699	 -0.106
	  0.688	  0.714	  0.130

9 	  41.84	  -9.88	  -6.61
	 -0.618	  0.427	  0.660
	  0.786	  0.318	  0.530
	  0.015	  0.846	 -0.532

2 	  33.54	  -8.10	  22.75
	  0.556	  0.830	 -0.046
	 -0.832	  0.554	 -0.032
	 -0.000	  0.056	  0.998

3 	  34.33	  -0.77	   2.92
	 -0.035	 -0.067	 -0.997
	  0.008	  0.998	 -0.067
	  0.999	 -0.010	 -0.035

4 	  36.02	   3.30	  -2.32
	  0.389	  0.559	 -0.732
	 -0.333	  0.826	  0.455
	  0.859	  0.066	  0.507

5 	  43.05	   8.46	 -15.98
	  0.209	 -0.179	 -0.961
	  0.841	  0.534	  0.083
	  0.500	 -0.826	  0.260

6 	  42.84	   8.95	  -5.34
	 -0.800	 -0.399	  0.447
	 -0.594	  0.638	 -0.491
	 -0.090	 -0.658	 -0.748

7 	  35.42	  -4.78	  -2.23
	  0.220	 -0.061	 -0.974
	  0.499	  0.865	  0.058
	  0.838	 -0.498	  0.221

8 	  42.61	  -8.86	 -16.73
	  0.172	  0.023	 -0.985
	 -0.721	  0.684	 -0.109
	  0.672	  0.728	  0.133

9 	  41.89	  -9.84	  -6.43
	 -0.628	  0.434	  0.646
	  0.778	  0.328	  0.536
	  0.020	  0.839	 -0.543

2 	  33.54	  -8.10	  22.73
	  0.556	  0.830	 -0.046
	 -0.832	  0.554	 -0.032
	  0.000	  0.056	  0.998

3 	  34.31	  -0.77	   2.95
	 -0.040	 -0.066	 -0.997
	 -0.002	  0.998	 -0.065
	  0.999	 -0.001	 -0.040

4 	  35.98	   3.36	  -2.30
	  0.385	  0.566	 -0.729
	 -0.341	  0.821	  0.458
	  0.858	  0.072	  0.508

5 	  43.31	   8.79	 -15.77
	  0.229	 -0.153	 -0.961
	  0.835	  0.539	  0.112
	  0.502	 -0.828	  0.249

6 	  42.89	   9.05	  -5.19
	 -0.806	 -0.412	  0.426
	 -0.588	  0.646	 -0.487
	 -0.076	 -0.642	 -0.762

7 	  35.35	  -4.62	  -2.23
	  0.218	 -0.045	 -0.975
	  0.510	  0.857	  0.074
	  0.832	 -0.514	  0.210

8 	  42.45	  -8.75	 -16.84
	  0.181	  0.004	 -0.983
	 -0.681	  0.722	 -0.121
	  0.711	  0.690	  0.131

9 	  41.70	  -9.67	  -6.57
	 -0.623	  0.446	  0.642
	  0.782	  0.316	  0.537
	  0.036	  0.837	 -0.546

2 	  33.54	  -8.09	  22.75
	  0.556	  0.830	 -0.047
	 -0.832	  0.554	 -0.032
	  0.000	  0.057	  0.998

3 	  34.31	  -0.72	   2.95
	 -0.044	 -0.064	 -0.997
	  0.002	  0.998	 -0.065
	  0.999	 -0.005	 -0.044

4 	  36.00	   3.38	  -2.34
	  0.388	  0.568	 -0.726
	 -0.344	  0.819	  0.458
	  0.855	  0.072	  0.513

5 	  43.05	   9.04	 -15.80
	  0.225	 -0.137	 -0.965
	  0.819	  0.562	  0.111
	  0.528	 -0.815	  0.236

6 	  42.68	   9.21	  -5.19
	 -0.790	 -0.437	  0.429
	 -0.610	  0.632	 -0.478
	 -0.064	 -0.639	 -0.767

7 	  35.33	  -4.55	  -2.27
	  0.216	 -0.033	 -0.976
	  0.522	  0.849	  0.086
	  0.825	 -0.528	  0.200

8 	  42.21	  -8.81	 -16.89
	  0.185	 -0.006	 -0.983
	 -0.627	  0.770	 -0.121
	  0.758	  0.637	  0.136

9 	  41.48	  -9.72	  -6.63
	 -0.608	  0.459	  0.648
	  0.793	  0.295	  0.533
	  0.053	  0.838	 -0.543

2 	  33.54	  -8.10	  22.73
	  0.556	  0.830	 -0.046
	 -0.832	  0.554	 -0.032
	 -0.000	  0.056	  0.998

3 	  34.22	  -0.70	   3.01
	 -0.052	 -0.060	 -0.997
	 -0.012	  0.998	 -0.060
	  0.998	  0.008	 -0.052

4 	  35.86	   3.38	  -2.25
	  0.376	  0.574	 -0.727
	 -0.343	  0.815	  0.467
	  0.861	  0.073	  0.503

5 	  42.64	   9.12	 -15.86
	  0.208	 -0.131	 -0.969
	  0.811	  0.577	  0.096
	  0.548	 -0.805	  0.224

6 	  42.49	   9.28	  -5.22
	 -0.778	 -0.447	  0.441
	 -0.625	  0.625	 -0.468
	 -0.068	 -0.639	 -0.766

7 	  35.17	  -4.55	  -2.18
	  0.203	 -0.034	 -0.978
	  0.525	  0.847	  0.079
	  0.826	 -0.530	  0.190

8 	  41.91	  -8.98	 -16.93
	  0.189	 -0.037	 -0.981
	 -0.553	  0.822	 -0.136
	  0.813	  0.567	  0.133

9 	  41.27	  -9.72	  -6.64
	 -0.600	  0.472	  0.646
	  0.798	  0.296	  0.525
	  0.056	  0.830	 -0.555

2 	  33.54	  -8.10	  22.73
	  0.556	  0.830	 -0.046
	 -0.832	  0.554	 -0.032
	 -0.000	  0.056	  0.998

3 	  34.21	  -0.69	   3.08
	 -0.065	 -0.059	 -0.996
	 -0.013	  0.998	 -0.058
	  0.998	  0.009	 -0.066

4 	  35.75	   3.41	  -2.20
	  0.371	  0.575	 -0.729
	 -0.335	  0.815	  0.473
	  0.866	  0.069	  0.495

5 	  42.36	   9.26	 -15.87
	  0.197	 -0.118	 -0.973
	  0.807	  0.584	  0.091
	  0.558	 -0.803	  0.209

6 	  42.29	   9.33	  -5.22
	 -0.770	 -0.455	  0.447
	 -0.634	  0.625	 -0.455
	 -0.073	 -0.633	 -0.770

7 	  35.09	  -4.54	  -2.14
	  0.190	 -0.031	 -0.981
	  0.526	  0.847	  0.075
	  0.829	 -0.530	  0.177

8 	  41.71	  -9.49	 -16.86
	  0.181	 -0.125	 -0.976
	 -0.514	  0.834	 -0.200
	  0.840	  0.536	  0.085

9 	  41.15	  -9.65	  -6.66
	 -0.594	  0.481	  0.645
	  0.804	  0.307	  0.509
	  0.046	  0.820	 -0.570

2 	  33.54	  -8.10	  22.73
	  0.556	  0.830	 -0.046
	 -0.832	  0.554	 -0.032
	  0.000	  0.056	  0.998

3 	  34.15	  -0.69	   3.15
	 -0.079	 -0.056	 -0.995
	 -0.023	  0.998	 -0.054
	  0.996	  0.019	 -0.080

4 	  35.63	   3.41	  -2.13
	  0.359	  0.580	 -0.731
	 -0.333	  0.811	  0.480
	  0.872	  0.071	  0.484

5 	  41.85	   9.46	 -15.93
	  0.166	 -0.100	 -0.981
	  0.805	  0.588	  0.075
	  0.570	 -0.802	  0.176

6 	  42.08	   9.40	  -5.27
	 -0.758	 -0.463	  0.460
	 -0.648	  0.627	 -0.433
	 -0.089	 -0.626	 -0.775

7 	  34.98	  -4.57	  -2.09
	  0.176	 -0.038	 -0.984
	  0.528	  0.847	  0.061
	  0.831	 -0.530	  0.169

8 	  41.40	 -10.25	 -16.66
	  0.138	 -0.176	 -0.975
	 -0.719	  0.660	 -0.220
	  0.683	  0.729	 -0.037

9 	  41.01	  -9.70	  -6.63
	 -0.588	  0.491	  0.642
	  0.809	  0.342	  0.478
	  0.014	  0.801	 -0.599

2 	  33.54	  -8.10	  22.73
	  0.556	  0.830	 -0.046
	 -0.832	  0.554	 -0.032
	  0.000	  0.056	  0.998

3 	  34.12	  -0.72	   3.20
	 -0.088	 -0.060	 -0.994
	 -0.028	  0.998	 -0.057
	  0.996	  0.023	 -0.089

4 	  35.54	   3.36	  -2.13
	  0.353	  0.577	 -0.737
	 -0.330	  0.813	  0.479
	  0.875	  0.074	  0.477

5 	  41.71	   9.26	 -16.03
	  0.142	 -0.120	 -0.983
	  0.835	  0.547	  0.054
	  0.532	 -0.828	  0.176

6 	  42.01	   9.33	  -5.34
	 -0.756	 -0.456	  0.469
	 -0.647	  0.631	 -0.428
	 -0.102	 -0.627	 -0.772

7 	  34.93	  -4.64	  -2.04
	  0.164	 -0.040	 -0.986
	  0.523	  0.851	  0.052
	  0.836	 -0.524	  0.161

8 	  41.36	 -10.20	 -16.79
	  0.119	 -0.139	 -0.983
	 -0.808	  0.561	 -0.176
	  0.577	  0.815	 -0.047

9 	  40.99	  -9.70	  -6.68
	 -0.587	  0.477	  0.654
	  0.810	  0.348	  0.471
	 -0.004	  0.807	 -0.591

2 	  33.54	  -8.10	  22.73
	  0.556	  0.830	 -0.047
	 -0.832	  0.554	 -0.032
	  0.000	  0.057	  0.998

3 	  34.12	  -0.74	   3.22
	 -0.089	 -0.064	 -0.994
	 -0.024	  0.998	 -0.062
	  0.995	  0.018	 -0.090

4 	  35.53	   3.27	  -2.14
	  0.353	  0.566	 -0.745
	 -0.318	  0.821	  0.474
	  0.880	  0.070	  0.469

5 	  41.48	   8.91	 -16.22
	  0.123	 -0.142	 -0.982
	  0.843	  0.537	  0.027
	  0.524	 -0.831	  0.184

6 	  41.96	   9.14	  -5.55
	 -0.755	 -0.443	  0.484
	 -0.646	  0.631	 -0.428
	 -0.118	 -0.636	 -0.763

7 	  34.86	  -4.66	  -1.97
	  0.145	 -0.037	 -0.989
	  0.529	  0.847	  0.046
	  0.836	 -0.529	  0.143

8 	  40.89	  -9.95	 -17.02
	  0.091	 -0.111	 -0.990
	 -0.806	  0.576	 -0.138
	  0.586	  0.809	 -0.039

9 	  40.73	  -9.63	  -6.89
	 -0.566	  0.458	  0.685
	  0.825	  0.329	  0.459
	 -0.016	  0.825	 -0.565

2 	  33.54	  -8.10	  22.73
	  0.556	  0.830	 -0.046
	 -0.832	  0.554	 -0.032
	  0.000	  0.056	  0.998

3 	  34.12	  -0.76	   3.25
	 -0.094	 -0.066	 -0.993
	 -0.036	  0.997	 -0.063
	  0.995	  0.029	 -0.096

4 	  35.46	   3.22	  -2.14
	  0.347	  0.561	 -0.751
	 -0.313	  0.824	  0.472
	  0.884	  0.071	  0.461

5 	  40.94	   8.67	 -16.45
	  0.091	 -0.161	 -0.983
	  0.836	  0.547	 -0.013
	  0.541	 -0.821	  0.183

6 	  41.70	   9.05	  -5.78
	 -0.738	 -0.442	  0.510
	 -0.662	  0.620	 -0.420
	 -0.132	 -0.647	 -0.750

7 	  34.80	  -4.66	  -1.95
	  0.138	 -0.036	 -0.990
	  0.534	  0.844	  0.043
	  0.834	 -0.534	  0.135

8 	  40.62	  -9.83	 -17.10
	  0.073	 -0.090	 -0.993
	 -0.798	  0.592	 -0.111
	  0.599	  0.800	 -0.030

9 	  40.62	  -9.69	  -6.93
	 -0.554	  0.463	  0.692
	  0.833	  0.320	  0.452
	 -0.013	  0.827	 -0.562

2 	  33.54	  -8.09	  22.75
	  0.556	  0.830	 -0.047
	 -0.832	  0.554	 -0.032
	  0.000	  0.057	  0.998

3 	  34.08	  -0.76	   3.27
	 -0.097	 -0.062	 -0.993
	 -0.044	  0.997	 -0.058
	  0.994	  0.038	 -0.100

4 	  35.38	   3.23	  -2.09
	  0.342	  0.567	 -0.749
	 -0.317	  0.820	  0.477
	  0.885	  0.074	  0.459

5 	  41.03	   8.63	 -16.28
	  0.096	 -0.174	 -0.980
	  0.830	  0.557	 -0.018
	  0.549	 -0.812	  0.197

6 	  41.71	   9.12	  -5.70
	 -0.739	 -0.441	  0.510
	 -0.662	  0.617	 -0.425
	 -0.129	 -0.651	 -0.748

7 	  34.82	  -4.69	  -1.92
	  0.139	 -0.040	 -0.990
	  0.534	  0.844	  0.041
	  0.834	 -0.534	  0.138

8 	  40.90	  -9.65	 -17.00
	  0.083	 -0.056	 -0.995
	 -0.791	  0.604	 -0.099
	  0.607	  0.794	  0.004

9 	  40.76	  -9.77	  -6.77
	 -0.561	  0.466	  0.683
	  0.828	  0.308	  0.468
	  0.007	  0.829	 -0.559

2 	  33.52	  -8.10	  22.75
	  0.556	  0.830	 -0.046
	 -0.832	  0.554	 -0.032
	 -0.000	  0.056	  0.998

3 	  34.12	  -0.76	   3.29
	 -0.095	 -0.059	 -0.994
	 -0.036	  0.998	 -0.056
	  0.995	  0.030	 -0.096

4 	  35.49	   3.32	  -2.02
	  0.347	  0.576	 -0.740
	 -0.328	  0.813	  0.480
	  0.879	  0.076	  0.471

5 	  41.61	   8.75	 -15.98
	  0.118	 -0.177	 -0.977
	  0.836	  0.548	  0.001
	  0.536	 -0.817	  0.211

6 	  41.99	   9.25	  -5.33
	 -0.759	 -0.438	  0.482
	 -0.643	  0.627	 -0.440
	 -0.110	 -0.644	 -0.757

7 	  35.05	  -4.82	  -1.92
	  0.166	 -0.049	 -0.985
	  0.510	  0.859	  0.043
	  0.844	 -0.509	  0.167

8 	  41.85	  -9.58	 -16.72
	  0.121	 -0.038	 -0.992
	 -0.804	  0.583	 -0.120
	  0.583	  0.811	  0.038

9 	  41.31	  -9.81	  -6.49
	 -0.601	  0.457	  0.655
	  0.799	  0.335	  0.498
	  0.008	  0.823	 -0.567

2 	  33.54	  -8.10	  22.75
	  0.556	  0.830	 -0.046
	 -0.832	  0.554	 -0.031
	  0.001	  0.055	  0.998

3 	  34.14	  -0.83	   3.29
	 -0.089	 -0.060	 -0.994
	 -0.034	  0.998	 -0.057
	  0.995	  0.028	 -0.090

4 	  35.58	   3.30	  -2.00
	  0.364	  0.581	 -0.728
	 -0.342	  0.810	  0.476
	  0.866	  0.076	  0.493

5 	  42.05	   8.72	 -15.73
	  0.136	 -0.192	 -0.972
	  0.832	  0.554	  0.007
	  0.538	 -0.810	  0.234

6 	  42.21	   9.25	  -5.12
	 -0.769	 -0.439	  0.464
	 -0.633	  0.628	 -0.453
	 -0.094	 -0.642	 -0.761

7 	  35.09	  -4.85	  -1.92
	  0.178	 -0.051	 -0.983
	  0.510	  0.859	  0.048
	  0.841	 -0.510	  0.179

8 	  42.08	  -9.63	 -16.65
	  0.133	 -0.039	 -0.990
	 -0.802	  0.583	 -0.130
	  0.583	  0.811	  0.045

9 	  41.41	  -9.84	  -6.36
	 -0.616	  0.455	  0.643
	  0.788	  0.342	  0.511
	  0.012	  0.822	 -0.570

2 	  33.54	  -8.10	  22.75
	  0.556	  0.830	 -0.046
	 -0.832	  0.554	 -0.032
	 -0.000	  0.056	  0.998

3 	  34.14	  -0.83	   3.27
	 -0.085	 -0.065	 -0.994
	 -0.037	  0.997	 -0.062
	  0.995	  0.031	 -0.087

4 	  35.60	   3.30	  -2.00
	  0.366	  0.584	 -0.724
	 -0.352	  0.807	  0.474
	  0.861	  0.081	  0.501

5 	  42.10	   8.84	 -15.68
	  0.144	 -0.184	 -0.972
	  0.824	  0.566	  0.014
	  0.549	 -0.803	  0.231

6 	  42.19	   9.30	  -5.03
	 -0.770	 -0.449	  0.453
	 -0.634	  0.627	 -0.453
	 -0.082	 -0.636	 -0.767

7 	  35.14	  -4.83	  -1.92
	  0.184	 -0.047	 -0.982
	  0.504	  0.862	  0.053
	  0.844	 -0.505	  0.182

8 	  42.28	  -9.90	 -16.59
	  0.141	 -0.072	 -0.987
	 -0.837	  0.523	 -0.157
	  0.529	  0.848	  0.012

9 	  41.55	  -9.72	  -6.35
	 -0.626	  0.454	  0.634
	  0.780	  0.373	  0.502
	 -0.009	  0.809	 -0.588

2 	  33.54	  -8.10	  22.73
	  0.556	  0.830	 -0.046
	 -0.832	  0.554	 -0.031
	  0.001	  0.056	  0.998

3 	  34.15	  -0.83	   3.22
	 -0.079	 -0.065	 -0.995
	 -0.034	  0.997	 -0.062
	  0.996	  0.029	 -0.081

4 	  35.60	   3.30	  -2.02
	  0.366	  0.586	 -0.723
	 -0.353	  0.806	  0.475
	  0.861	  0.081	  0.501

5 	  41.94	   9.12	 -15.70
	  0.142	 -0.161	 -0.977
	  0.816	  0.577	  0.022
	  0.561	 -0.800	  0.212

6 	  42.08	   9.37	  -5.03
	 -0.761	 -0.467	  0.450
	 -0.645	  0.625	 -0.440
	 -0.076	 -0.625	 -0.777

7 	  35.19	  -4.82	  -1.97
	  0.188	 -0.042	 -0.981
	  0.506	  0.860	  0.060
	  0.842	 -0.508	  0.183

8 	  42.29	 -10.02	 -16.58
	  0.148	 -0.088	 -0.985
	 -0.822	  0.543	 -0.171
	  0.551	  0.834	  0.006

9 	  41.55	  -9.76	  -6.35
	 -0.624	  0.462	  0.631
	  0.782	  0.368	  0.502
	 -0.002	  0.806	 -0.591

2 	  33.54	  -8.10	  22.75
	  0.556	  0.830	 -0.046
	 -0.832	  0.554	 -0.032
	 -0.000	  0.056	  0.998

3 	  34.15	  -0.83	   3.22
	 -0.077	 -0.067	 -0.995
	 -0.043	  0.997	 -0.064
	  0.996	  0.037	 -0.080

4 	  35.60	   3.30	  -2.02
	  0.366	  0.587	 -0.722
	 -0.354	  0.805	  0.476
	  0.861	  0.081	  0.502

5 	  41.91	   9.16	 -15.68
	  0.141	 -0.158	 -0.977
	  0.816	  0.578	  0.023
	  0.562	 -0.800	  0.208

6 	  42.06	   9.39	  -5.01
	 -0.762	 -0.469	  0.447
	 -0.643	  0.627	 -0.439
	 -0.075	 -0.622	 -0.779

7 	  35.17	  -4.83	  -1.97
	  0.194	 -0.045	 -0.980
	  0.509	  0.858	  0.061
	  0.839	 -0.511	  0.189

8 	  42.66	 -10.20	 -16.33
	  0.170	 -0.101	 -0.980
	 -0.816	  0.543	 -0.197
	  0.553	  0.833	  0.008

9 	  41.66	  -9.86	  -6.15
	 -0.638	  0.473	  0.608
	  0.771	  0.375	  0.515
	  0.015	  0.797	 -0.604

2 	  33.54	  -8.10	  22.75
	  0.556	  0.830	 -0.046
	 -0.832	  0.554	 -0.032
	 -0.000	  0.056	  0.998

3 	  34.14	  -0.83	   3.20
	 -0.074	 -0.069	 -0.995
	 -0.038	  0.997	 -0.066
	  0.996	  0.033	 -0.076

4 	  35.67	   3.34	  -2.04
	  0.375	  0.594	 -0.712
	 -0.370	  0.799	  0.473
	  0.850	  0.085	  0.519

5 	  42.43	   9.51	 -15.29
	  0.176	 -0.145	 -0.974
	  0.813	  0.579	  0.060
	  0.556	 -0.802	  0.218

6 	  42.24	   9.56	  -4.64
	 -0.775	 -0.478	  0.413
	 -0.631	  0.634	 -0.447
	 -0.049	 -0.607	 -0.793

7 	  35.28	  -4.87	  -2.02
	  0.215	 -0.053	 -0.975
	  0.498	  0.865	  0.062
	  0.840	 -0.499	  0.212

8 	  43.51	 -10.46	 -15.87
	  0.222	 -0.123	 -0.967
	 -0.803	  0.540	 -0.251
	  0.555	  0.831	  0.019

9 	  42.06	  -9.95	  -5.78
	 -0.672	  0.483	  0.561
	  0.740	  0.399	  0.541
	  0.036	  0.779	 -0.626

2 	  33.54	  -8.10	  22.75
	  0.556	  0.830	 -0.046
	 -0.832	  0.554	 -0.033
	 -0.001	  0.056	  0.998

3 	  34.17	  -0.83	   3.18
	 -0.070	 -0.070	 -0.995
	 -0.039	  0.997	 -0.067
	  0.997	  0.034	 -0.073

4 	  35.74	   3.43	  -2.02
	  0.380	  0.604	 -0.700
	 -0.390	  0.790	  0.472
	  0.839	  0.093	  0.536

5 	  43.05	   9.93	 -14.85
	  0.221	 -0.128	 -0.967
	  0.810	  0.576	  0.108
	  0.544	 -0.807	  0.229

6 	  42.45	   9.77	  -4.20
	 -0.789	 -0.494	  0.366
	 -0.615	  0.640	 -0.460
	 -0.008	 -0.588	 -0.809

7 	  35.33	  -4.90	  -2.04
	  0.229	 -0.065	 -0.971
	  0.495	  0.867	  0.059
	  0.838	 -0.494	  0.230

8 	  44.12	 -10.71	 -15.42
	  0.266	 -0.130	 -0.955
	 -0.762	  0.580	 -0.289
	  0.593	  0.803	  0.054

9 	  42.28	 -10.09	  -5.36
	 -0.692	  0.498	  0.522
	  0.718	  0.401	  0.569
	  0.074	  0.768	 -0.636

2 	  33.54	  -8.09	  22.73
	  0.556	  0.830	 -0.047
	 -0.832	  0.554	 -0.032
	  0.000	  0.057	  0.998

3 	  34.15	  -0.79	   3.22
	 -0.077	 -0.068	 -0.995
	 -0.041	  0.997	 -0.065
	  0.996	  0.035	 -0.080

4 	  35.86	   3.62	  -1.99
	  0.395	  0.624	 -0.674
	 -0.417	  0.775	  0.474
	  0.818	  0.094	  0.566

5 	  44.31	  10.58	 -13.82
	  0.313	 -0.097	 -0.945
	  0.791	  0.578	  0.201
	  0.528	 -0.809	  0.256

6 	  42.82	  10.09	  -3.27
	 -0.814	 -0.512	  0.273
	 -0.577	  0.658	 -0.484
	  0.068	 -0.552	 -0.831

7 	  35.51	  -4.99	  -2.04
	  0.265	 -0.099	 -0.959
	  0.479	  0.877	  0.042
	  0.837	 -0.470	  0.280

8 	  45.35	 -11.14	 -14.54
	  0.345	 -0.151	 -0.926
	 -0.716	  0.597	 -0.362
	  0.610	  0.786	  0.096

9 	  42.86	 -10.28	  -4.61
	 -0.737	  0.514	  0.439
	  0.665	  0.435	  0.606
	  0.120	  0.738	 -0.663

2 	  33.54	  -8.10	  22.73
	  0.556	  0.830	 -0.046
	 -0.832	  0.554	 -0.032
	  0.000	  0.056	  0.998

3 	  34.19	  -0.77	   3.23
	 -0.086	 -0.062	 -0.994
	 -0.060	  0.996	 -0.057
	  0.994	  0.055	 -0.089

4 	  36.00	   3.76	  -1.95
	  0.413	  0.642	 -0.645
	 -0.444	  0.760	  0.474
	  0.795	  0.090	  0.599

5 	  45.69	  11.07	 -12.52
	  0.413	 -0.080	 -0.907
	  0.771	  0.562	  0.300
	  0.488	 -0.822	  0.292

6 	  43.22	  10.28	  -2.18
	 -0.842	 -0.516	  0.158
	 -0.517	  0.686	 -0.512
	  0.156	 -0.513	 -0.844

7 	  35.77	  -5.22	  -2.11
	  0.318	 -0.160	 -0.935
	  0.442	  0.897	 -0.003
	  0.839	 -0.412	  0.355

8 	  47.32	 -11.29	 -13.03
	  0.461	 -0.160	 -0.873
	 -0.690	  0.556	 -0.464
	  0.563	  0.813	  0.145

9 	  43.73	 -10.25	  -3.50
	 -0.808	  0.495	  0.320
	  0.569	  0.512	  0.643
	  0.155	  0.702	 -0.695

2 	  33.54	  -8.09	  22.73
	  0.556	  0.830	 -0.047
	 -0.832	  0.554	 -0.032
	  0.000	  0.057	  0.998

3 	  34.22	  -0.81	   3.18
	 -0.090	 -0.064	 -0.994
	 -0.073	  0.995	 -0.058
	  0.993	  0.067	 -0.094

4 	  36.26	   3.87	  -1.99
	  0.447	  0.658	 -0.606
	 -0.463	  0.749	  0.473
	  0.766	  0.069	  0.639

5 	  47.43	  11.27	 -10.76
	  0.530	 -0.082	 -0.844
	  0.740	  0.532	  0.412
	  0.417	 -0.842	  0.342

6 	  43.75	  10.27	  -0.88
	 -0.864	 -0.503	  0.011
	 -0.431	  0.727	 -0.534
	  0.261	 -0.467	 -0.845

7 	  36.14	  -5.40	  -2.25
	  0.386	 -0.230	 -0.893
	  0.413	  0.909	 -0.056
	  0.825	 -0.348	  0.446

8 	  49.18	 -11.72	 -11.18
	  0.580	 -0.192	 -0.792
	 -0.636	  0.503	 -0.586
	  0.514	  0.840	  0.169

9 	  44.47	 -10.28	  -2.36
	 -0.851	  0.491	  0.184
	  0.474	  0.569	  0.671
	  0.225	  0.659	 -0.718

2 	  33.54	  -8.09	  22.73
	  0.556	  0.830	 -0.047
	 -0.832	  0.554	 -0.032
	  0.000	  0.057	  0.998

3 	  34.33	  -0.79	   3.04
	 -0.073	 -0.062	 -0.995
	 -0.063	  0.996	 -0.058
	  0.995	  0.058	 -0.077

4 	  36.69	   4.17	  -1.97
	  0.498	  0.673	 -0.547
	 -0.472	  0.738	  0.481
	  0.728	  0.018	  0.685

5 	  49.25	  11.39	  -8.49
	  0.647	 -0.083	 -0.758
	  0.694	  0.478	  0.538
	  0.319	 -0.874	  0.366

6 	  44.31	  10.16	   0.67
	 -0.874	 -0.465	 -0.143
	 -0.327	  0.778	 -0.536
	  0.360	 -0.422	 -0.832

7 	  36.60	  -5.64	  -2.32
	  0.432	 -0.301	 -0.850
	  0.391	  0.912	 -0.124
	  0.812	 -0.279	  0.511

8 	  50.94	 -12.27	  -8.77
	  0.696	 -0.231	 -0.680
	 -0.547	  0.446	 -0.708
	  0.471	  0.862	  0.185

9 	  45.12	 -10.42	  -0.93
	 -0.875	  0.482	  0.036
	  0.372	  0.624	  0.687
	  0.308	  0.615	 -0.726

2 	  33.54	  -8.10	  22.73
	  0.556	  0.830	 -0.047
	 -0.832	  0.554	 -0.032
	  0.000	  0.057	  0.998

3 	  34.42	  -0.81	   2.92
	 -0.053	 -0.061	 -0.997
	 -0.062	  0.996	 -0.058
	  0.997	  0.058	 -0.056

4 	  37.05	   4.41	  -1.92
	  0.550	  0.685	 -0.477
	 -0.480	  0.726	  0.492
	  0.684	 -0.042	  0.728

5 	  50.84	  11.34	  -5.66
	  0.761	 -0.081	 -0.643
	  0.613	  0.415	  0.672
	  0.212	 -0.906	  0.365

6 	  44.65	   9.93	   2.39
	 -0.871	 -0.406	 -0.276
	 -0.220	  0.825	 -0.520
	  0.438	 -0.392	 -0.809

7 	  37.12	  -5.94	  -2.43
	  0.515	 -0.370	 -0.773
	  0.379	  0.907	 -0.183
	  0.769	 -0.198	  0.608

8 	  52.63	 -12.34	  -5.66
	  0.816	 -0.216	 -0.537
	 -0.430	  0.398	 -0.811
	  0.390	  0.890	  0.233

9 	  45.65	 -10.37	   0.90
	 -0.881	  0.452	 -0.136
	  0.236	  0.671	  0.703
	  0.410	  0.587	 -0.698

2 	  33.52	  -8.10	  22.75
	  0.556	  0.830	 -0.046
	 -0.832	  0.554	 -0.032
	 -0.000	  0.056	  0.998

3 	  34.52	  -0.83	   2.78
	 -0.030	 -0.063	 -0.998
	 -0.057	  0.996	 -0.062
	  0.998	  0.055	 -0.033

4 	  37.42	   4.71	  -1.85
	  0.590	  0.698	 -0.405
	 -0.489	  0.707	  0.510
	  0.644	 -0.103	  0.758

5 	  51.87	  11.39	  -2.65
	  0.858	 -0.076	 -0.509
	  0.500	  0.360	  0.787
	  0.122	 -0.930	  0.346

6 	  44.72	   9.88	   3.99
