2 	  49.45	   0.28	   1.48
	  0.044	 -0.820	 -0.570
	 -0.046	 -0.571	  0.819
	 -0.998	 -0.010	 -0.062

3 	  38.53	   0.23	  -2.44
	  0.283	 -0.116	 -0.952
	  0.017	  0.993	 -0.116
	  0.959	  0.016	  0.283

4 	  42.80	   7.29	  -5.04
	  0.674	  0.677	  0.295
	 -0.716	  0.499	  0.488
	  0.183	 -0.541	  0.821

5 	  51.94	  10.95	  11.85
	  0.722	 -0.283	  0.630
	 -0.252	  0.741	  0.622
	 -0.644	 -0.609	  0.464

6 	  42.70	  11.95	   4.76
	 -0.197	 -0.297	 -0.934
	  0.450	  0.820	 -0.354
	  0.872	 -0.489	 -0.027

7 	  43.58	  -7.05	  -5.48
	  0.740	 -0.668	  0.083
	  0.608	  0.609	 -0.509
	  0.290	  0.427	  0.856

8 	  52.33	  -9.69	  10.79
	  0.726	  0.407	  0.553
	  0.065	  0.759	 -0.648
	 -0.684	  0.508	  0.522

9 	  43.38	 -12.67	   4.76
	 -0.292	  0.324	 -0.900
	 -0.672	  0.600	  0.433
	  0.682	  0.730	  0.043

2 	  49.43	   0.28	   1.55
	  0.044	 -0.824	 -0.565
	 -0.052	 -0.567	  0.822
	 -0.998	 -0.007	 -0.067

3 	  38.53	   0.23	  -2.44
	  0.284	 -0.115	 -0.952
	  0.018	  0.993	 -0.115
	  0.959	  0.015	  0.284

4 	  42.80	   7.28	  -5.03
	  0.674	  0.676	  0.297
	 -0.716	  0.498	  0.489
	  0.183	 -0.542	  0.820

5 	  51.94	  10.95	  11.87
	  0.725	 -0.283	  0.628
	 -0.252	  0.739	  0.624
	 -0.641	 -0.612	  0.464

6 	  42.66	  11.95	   4.80
	 -0.197	 -0.297	 -0.934
	  0.447	  0.821	 -0.354
	  0.873	 -0.487	 -0.028

7 	  43.56	  -7.05	  -5.47
	  0.739	 -0.668	  0.084
	  0.609	  0.609	 -0.508
	  0.288	  0.427	  0.857

8 	  52.35	  -9.67	  10.78
	  0.728	  0.407	  0.551
	  0.065	  0.758	 -0.649
	 -0.682	  0.510	  0.523

9 	  43.35	 -12.67	   4.80
	 -0.292	  0.324	 -0.900
	 -0.671	  0.602	  0.433
	  0.683	  0.729	  0.042

2 	  49.41	   0.28	   1.58
	  0.042	 -0.823	 -0.567
	 -0.046	 -0.569	  0.821
	 -0.998	 -0.008	 -0.061

3 	  38.53	   0.23	  -2.44
	  0.283	 -0.114	 -0.952
	  0.020	  0.993	 -0.113
	  0.959	  0.013	  0.283

4 	  42.77	   7.28	  -4.99
	  0.673	  0.676	  0.300
	 -0.717	  0.496	  0.490
	  0.182	 -0.545	  0.818

5 	  51.93	  10.97	  11.87
	  0.728	 -0.283	  0.625
	 -0.252	  0.737	  0.627
	 -0.638	 -0.614	  0.464

6 	  42.64	  11.94	   4.82
	 -0.198	 -0.297	 -0.934
	  0.446	  0.822	 -0.354
	  0.874	 -0.485	 -0.029

7 	  43.54	  -7.05	  -5.47
	  0.738	 -0.669	  0.084
	  0.610	  0.609	 -0.507
	  0.288	  0.426	  0.857

8 	  52.35	  -9.65	  10.78
	  0.731	  0.406	  0.548
	  0.065	  0.757	 -0.650
	 -0.680	  0.512	  0.525

9 	  43.33	 -12.66	   4.82
	 -0.292	  0.324	 -0.900
	 -0.669	  0.603	  0.434
	  0.684	  0.728	  0.042

2 	  49.43	   0.19	   1.74
	 -0.007	 -0.799	 -0.601
	  0.064	 -0.600	  0.797
	 -0.998	 -0.033	  0.055

3 	  38.53	   0.25	  -2.44
	  0.282	 -0.113	 -0.953
	  0.020	  0.993	 -0.112
	  0.959	  0.012	  0.283

4 	  42.77	   7.29	  -4.97
	  0.673	  0.676	  0.301
	 -0.717	  0.495	  0.490
	  0.182	 -0.546	  0.818

5 	  51.93	  10.97	  11.88
	  0.728	 -0.282	  0.624
	 -0.252	  0.736	  0.628
	 -0.637	 -0.615	  0.464

6 	  42.64	  11.94	   4.83
	 -0.198	 -0.297	 -0.934
	  0.446	  0.822	 -0.354
	  0.874	 -0.485	 -0.029

7 	  43.52	  -7.05	  -5.45
	  0.738	 -0.669	  0.086
	  0.611	  0.608	 -0.507
	  0.287	  0.426	  0.857

8 	  52.35	  -9.67	  10.79
	  0.732	  0.405	  0.547
	  0.065	  0.756	 -0.651
	 -0.678	  0.514	  0.525

9 	  43.31	 -12.66	   4.83
	 -0.293	  0.325	 -0.899
	 -0.668	  0.604	  0.434
	  0.685	  0.727	  0.041

2 	  49.43	   0.40	   1.48
	 -0.024	 -0.862	 -0.507
	  0.084	 -0.507	  0.858
	 -0.996	 -0.022	  0.084

3 	  38.53	   0.23	  -2.44
	  0.281	 -0.114	 -0.953
	  0.021	  0.993	 -0.112
	  0.959	  0.011	  0.282

4 	  42.79	   7.28	  -4.96
	  0.672	  0.676	  0.302
	 -0.719	  0.496	  0.487
	  0.180	 -0.545	  0.819

5 	  51.93	  10.97	  11.88
	  0.729	 -0.282	  0.623
	 -0.252	  0.736	  0.628
	 -0.636	 -0.616	  0.465

6 	  42.64	  11.94	   4.83
	 -0.197	 -0.297	 -0.934
	  0.445	  0.822	 -0.354
	  0.874	 -0.485	 -0.029

7 	  43.54	  -7.05	  -5.43
	  0.737	 -0.670	  0.088
	  0.612	  0.607	 -0.506
	  0.286	  0.427	  0.858

8 	  52.33	  -9.67	  10.79
	  0.733	  0.405	  0.546
	  0.064	  0.755	 -0.652
	 -0.677	  0.515	  0.525

9 	  43.31	 -12.66	   4.85
	 -0.292	  0.325	 -0.899
	 -0.668	  0.604	  0.434
	  0.685	  0.727	  0.042

2 	  48.02	   0.58	  -3.74
	 -0.231	 -0.463	 -0.856
	  0.183	 -0.884	  0.430
	 -0.956	 -0.057	  0.288

3 	  38.50	   0.18	  -2.43
	  0.277	 -0.119	 -0.953
	  0.022	  0.993	 -0.118
	  0.960	  0.011	  0.278

4 	  42.75	   7.22	  -5.01
	  0.677	  0.674	  0.294
	 -0.713	  0.500	  0.491
	  0.184	 -0.542	  0.820

5 	  51.94	  10.93	  11.83
	  0.726	 -0.280	  0.627
	 -0.251	  0.742	  0.621
	 -0.640	 -0.610	  0.468

6 	  42.68	  11.90	   4.78
	 -0.202	 -0.298	 -0.933
	  0.449	  0.819	 -0.357
	  0.871	 -0.490	 -0.031

7 	  43.45	  -7.14	  -5.43
	  0.737	 -0.670	  0.084
	  0.608	  0.605	 -0.513
	  0.293	  0.430	  0.854

8 	  52.33	  -9.70	  10.79
	  0.734	  0.405	  0.544
	  0.065	  0.754	 -0.654
	 -0.676	  0.518	  0.525

9 	  43.29	 -12.69	   4.89
	 -0.297	  0.319	 -0.900
	 -0.663	  0.609	  0.434
	  0.688	  0.725	  0.032

2 	  48.01	   0.58	  -3.74
	 -0.234	 -0.462	 -0.855
	  0.186	 -0.885	  0.428
	 -0.954	 -0.059	  0.292

3 	  38.50	   0.19	  -2.41
	  0.277	 -0.119	 -0.953
	  0.023	  0.993	 -0.117
	  0.960	  0.010	  0.278

4 	  42.75	   7.22	  -4.99
	  0.676	  0.674	  0.297
	 -0.714	  0.500	  0.490
	  0.182	 -0.543	  0.819

5 	  51.93	  10.93	  11.85
	  0.727	 -0.280	  0.627
	 -0.251	  0.741	  0.622
	 -0.639	 -0.611	  0.468

6 	  42.66	  11.88	   4.80
	 -0.201	 -0.298	 -0.933
	  0.449	  0.819	 -0.357
	  0.871	 -0.490	 -0.030

7 	  43.44	  -7.14	  -5.40
	  0.737	 -0.671	  0.086
	  0.610	  0.604	 -0.512
	  0.292	  0.430	  0.854

8 	  52.33	  -9.69	  10.81
	  0.736	  0.405	  0.542
	  0.065	  0.752	 -0.655
	 -0.674	  0.520	  0.525

9 	  43.28	 -12.67	   4.90
	 -0.297	  0.319	 -0.900
	 -0.663	  0.610	  0.434
	  0.689	  0.724	  0.032

2 	  47.99	   0.58	  -3.76
	 -0.237	 -0.462	 -0.855
	  0.186	 -0.885	  0.427
	 -0.954	 -0.057	  0.295

3 	  38.50	   0.19	  -2.41
	  0.278	 -0.119	 -0.953
	  0.023	  0.993	 -0.117
	  0.960	  0.010	  0.278

4 	  42.75	   7.22	  -4.99
	  0.676	  0.674	  0.298
	 -0.715	  0.499	  0.489
	  0.181	 -0.544	  0.819

5 	  51.93	  10.93	  11.85
	  0.728	 -0.279	  0.626
	 -0.251	  0.741	  0.622
	 -0.638	 -0.610	  0.469

6 	  42.66	  11.90	   4.80
	 -0.201	 -0.298	 -0.933
	  0.449	  0.819	 -0.357
	  0.871	 -0.490	 -0.030

7 	  43.45	  -7.14	  -5.40
	  0.737	 -0.670	  0.087
	  0.610	  0.604	 -0.512
	  0.290	  0.430	  0.854

8 	  52.33	  -9.70	  10.81
	  0.736	  0.405	  0.542
	  0.065	  0.752	 -0.655
	 -0.673	  0.520	  0.525

9 	  43.28	 -12.69	   4.90
	 -0.297	  0.320	 -0.900
	 -0.663	  0.610	  0.434
	  0.689	  0.724	  0.032

2 	  47.99	   0.58	  -3.76
	 -0.240	 -0.458	 -0.856
	  0.186	 -0.887	  0.423
	 -0.953	 -0.058	  0.298

3 	  38.50	   0.19	  -2.43
	  0.278	 -0.119	 -0.953
	  0.022	  0.993	 -0.118
	  0.960	  0.011	  0.279

4 	  42.75	   7.22	  -4.99
	  0.676	  0.674	  0.298
	 -0.715	  0.500	  0.489
	  0.181	 -0.544	  0.819

5 	  51.93	  10.93	  11.85
	  0.727	 -0.280	  0.627
	 -0.251	  0.742	  0.622
	 -0.640	 -0.610	  0.468

6 	  42.68	  11.90	   4.78
	 -0.200	 -0.298	 -0.933
	  0.450	  0.819	 -0.356
	  0.871	 -0.490	 -0.029

7 	  43.47	  -7.12	  -5.41
	  0.738	 -0.669	  0.087
	  0.610	  0.605	 -0.511
	  0.290	  0.430	  0.854

8 	  52.33	  -9.69	  10.79
	  0.734	  0.406	  0.543
	  0.065	  0.753	 -0.654
	 -0.676	  0.517	  0.525

9 	  43.29	 -12.69	   4.87
	 -0.296	  0.320	 -0.900
	 -0.665	  0.607	  0.434
	  0.687	  0.726	  0.034

2 	  48.02	   0.62	  -3.78
	 -0.244	 -0.455	 -0.857
	  0.193	 -0.888	  0.417
	 -0.950	 -0.063	  0.304

3 	  38.50	   0.19	  -2.43
	  0.279	 -0.119	 -0.953
	  0.021	  0.993	 -0.118
	  0.960	  0.013	  0.280

4 	  42.77	   7.22	  -5.03
	  0.677	  0.674	  0.295
	 -0.713	  0.502	  0.488
	  0.181	 -0.541	  0.821

5 	  51.94	  10.93	  11.85
	  0.723	 -0.281	  0.630
	 -0.250	  0.744	  0.619
	 -0.643	 -0.607	  0.467

6 	  42.70	  11.92	   4.75
	 -0.200	 -0.297	 -0.933
	  0.453	  0.818	 -0.356
	  0.870	 -0.493	 -0.028

7 	  43.47	  -7.12	  -5.43
	  0.738	 -0.669	  0.086
	  0.608	  0.605	 -0.513
	  0.292	  0.431	  0.854

8 	  52.35	  -9.67	  10.79
	  0.731	  0.407	  0.547
	  0.065	  0.755	 -0.652
	 -0.679	  0.514	  0.524

9 	  43.33	 -12.71	   4.82
	 -0.297	  0.320	 -0.899
	 -0.667	  0.604	  0.435
	  0.684	  0.728	  0.035

2 	  40.61	   0.11	  -8.05
	  0.538	 -0.328	 -0.776
	  0.184	  0.944	 -0.273
	  0.823	  0.004	  0.568

3 	  38.78	   0.11	  -2.51
	  0.296	 -0.130	 -0.946
	  0.030	  0.991	 -0.126
	  0.954	  0.009	  0.298

4 	  43.12	   7.08	  -5.04
	  0.672	  0.676	  0.302
	 -0.723	  0.509	  0.466
	  0.161	 -0.532	  0.831

5 	  51.98	  10.93	  11.88
	  0.721	 -0.279	  0.634
	 -0.255	  0.743	  0.618
	 -0.644	 -0.609	  0.464

6 	  42.80	  11.88	   4.69
	 -0.179	 -0.311	 -0.933
	  0.451	  0.817	 -0.358
	  0.875	 -0.484	 -0.005

7 	  43.73	  -7.22	  -5.31
	  0.731	 -0.674	  0.107
	  0.625	  0.597	 -0.503
	  0.276	  0.434	  0.857

8 	  52.35	  -9.74	  10.86
	  0.736	  0.414	  0.535
	  0.064	  0.742	 -0.667
	 -0.674	  0.527	  0.517

9 	  43.31	 -12.78	   4.99
	 -0.277	  0.322	 -0.905
	 -0.662	  0.619	  0.422
	  0.697	  0.715	  0.043

2 	  40.99	   0.19	  -8.21
	  0.792	 -0.313	 -0.524
	  0.266	  0.949	 -0.168
	  0.551	 -0.005	  0.834

3 	  38.72	   0.09	  -2.50
	  0.295	 -0.130	 -0.947
	  0.029	  0.991	 -0.127
	  0.955	  0.010	  0.296

4 	  43.07	   7.08	  -5.04
	  0.672	  0.676	  0.301
	 -0.722	  0.510	  0.467
	  0.162	 -0.532	  0.831

5 	  51.96	  10.93	  11.87
	  0.722	 -0.278	  0.633
	 -0.255	  0.744	  0.617
	 -0.643	 -0.608	  0.465

6 	  42.79	  11.88	   4.69
	 -0.182	 -0.311	 -0.933
	  0.452	  0.817	 -0.358
	  0.874	 -0.485	 -0.007

7 	  43.73	  -7.24	  -5.31
	  0.731	 -0.674	  0.106
	  0.624	  0.597	 -0.504
	  0.276	  0.434	  0.857

8 	  52.35	  -9.74	  10.86
	  0.737	  0.414	  0.533
	  0.063	  0.742	 -0.667
	 -0.673	  0.527	  0.518

9 	  43.31	 -12.78	   4.97
	 -0.278	  0.321	 -0.905
	 -0.663	  0.618	  0.422
	  0.696	  0.716	  0.042

2 	  40.45	   0.26	  -7.75
	  0.375	 -0.380	 -0.845
	  0.223	  0.922	 -0.317
	  0.900	 -0.069	  0.430

3 	  38.72	   0.11	  -2.51
	  0.295	 -0.130	 -0.947
	  0.028	  0.991	 -0.127
	  0.955	  0.011	  0.296

4 	  43.07	   7.10	  -5.08
	  0.673	  0.676	  0.299
	 -0.721	  0.510	  0.469
	  0.164	 -0.532	  0.831

5 	  51.98	  10.93	  11.87
	  0.720	 -0.279	  0.635
	 -0.254	  0.745	  0.616
	 -0.645	 -0.606	  0.465

6 	  42.80	  11.90	   4.66
	 -0.183	 -0.310	 -0.933
	  0.454	  0.815	 -0.358
	  0.872	 -0.489	 -0.007

7 	  43.72	  -7.24	  -5.34
	  0.732	 -0.673	  0.104
	  0.622	  0.598	 -0.505
	  0.278	  0.434	  0.857

8 	  52.35	  -9.72	  10.86
	  0.734	  0.415	  0.537
	  0.063	  0.744	 -0.665
	 -0.676	  0.524	  0.517

9 	  43.35	 -12.80	   4.92
	 -0.279	  0.320	 -0.905
	 -0.666	  0.615	  0.422
	  0.693	  0.719	  0.042

2 	  40.68	  -0.37	  -7.93
	  0.637	 -0.441	 -0.632
	  0.013	  0.825	 -0.564
	  0.771	  0.351	  0.531

3 	  38.71	   0.09	  -2.50
	  0.293	 -0.132	 -0.947
	  0.026	  0.991	 -0.130
	  0.956	  0.013	  0.294

4 	  43.07	   7.08	  -5.12
	  0.675	  0.676	  0.295
	 -0.718	  0.512	  0.471
	  0.167	 -0.531	  0.831

5 	  51.98	  10.93	  11.83
	  0.717	 -0.279	  0.639
	 -0.254	  0.749	  0.612
	 -0.650	 -0.601	  0.465

6 	  42.84	  11.92	   4.61
	 -0.184	 -0.310	 -0.933
	  0.456	  0.814	 -0.359
	  0.871	 -0.491	 -0.008

7 	  43.70	  -7.24	  -5.36
	  0.733	 -0.672	  0.100
	  0.619	  0.599	 -0.508
	  0.281	  0.434	  0.855

8 	  52.37	  -9.72	  10.86
	  0.731	  0.415	  0.540
	  0.064	  0.746	 -0.663
	 -0.679	  0.521	  0.517

9 	  43.37	 -12.80	   4.89
	 -0.280	  0.319	 -0.905
	 -0.667	  0.614	  0.422
	  0.692	  0.720	  0.042

2 	  40.78	   0.62	  -8.26
	  0.622	 -0.327	 -0.712
	  0.377	  0.921	 -0.094
	  0.688	 -0.209	  0.695

3 	  38.67	   0.09	  -2.50
	  0.292	 -0.131	 -0.947
	  0.024	  0.991	 -0.130
	  0.956	  0.015	  0.292

4 	  43.05	   7.08	  -5.15
	  0.676	  0.676	  0.292
	 -0.717	  0.513	  0.472
	  0.169	 -0.529	  0.831

5 	  51.98	  10.93	  11.81
	  0.716	 -0.278	  0.640
	 -0.254	  0.750	  0.610
	 -0.650	 -0.600	  0.466

6 	  42.84	  11.90	   4.59
	 -0.185	 -0.310	 -0.933
	  0.457	  0.814	 -0.359
	  0.871	 -0.492	 -0.008

7 	  43.70	  -7.26	  -5.38
	  0.734	 -0.672	  0.098
	  0.618	  0.599	 -0.509
	  0.284	  0.434	  0.855

8 	  52.35	  -9.74	  10.86
	  0.731	  0.414	  0.541
	  0.064	  0.747	 -0.662
	 -0.679	  0.521	  0.517

9 	  43.37	 -12.80	   4.89
	 -0.281	  0.319	 -0.905
	 -0.666	  0.615	  0.422
	  0.692	  0.720	  0.041

2 	  37.27	  -0.54	   4.41
	 -0.027	 -0.905	 -0.424
	 -0.250	  0.417	 -0.874
	  0.968	  0.083	 -0.237

3 	  39.23	  -0.05	  -2.65
	  0.330	 -0.091	 -0.939
	  0.004	  0.995	 -0.095
	  0.944	  0.027	  0.329

4 	  43.66	   6.91	  -5.15
	  0.658	  0.683	  0.315
	 -0.740	  0.512	  0.434
	  0.135	 -0.520	  0.843

5 	  52.00	  10.97	  11.88
	  0.709	 -0.278	  0.648
	 -0.261	  0.750	  0.607
	 -0.655	 -0.600	  0.458

6 	  43.01	  11.83	   4.46
	 -0.144	 -0.336	 -0.931
	  0.452	  0.815	 -0.362
	  0.881	 -0.472	  0.035

7 	  44.33	  -7.42	  -5.15
	  0.726	 -0.674	  0.138
	  0.643	  0.593	 -0.484
	  0.244	  0.440	  0.864

8 	  52.38	  -9.84	  11.00
	  0.735	  0.427	  0.526
	  0.059	  0.730	 -0.680
	 -0.676	  0.533	  0.509

9 	  43.44	 -12.97	   5.04
	 -0.245	  0.329	 -0.912
	 -0.665	  0.627	  0.404
	  0.707	  0.704	  0.067

2 	  37.27	  -0.47	   3.60
	  0.106	 -0.877	 -0.468
	  0.042	  0.474	 -0.879
	  0.993	  0.073	  0.087

3 	  39.25	  -0.07	  -2.65
	  0.333	 -0.087	 -0.939
	  0.003	  0.996	 -0.091
	  0.943	  0.027	  0.332

4 	  43.66	   6.91	  -5.15
	  0.658	  0.683	  0.316
	 -0.740	  0.513	  0.434
	  0.134	 -0.520	  0.843

5 	  52.00	  10.97	  11.90
	  0.709	 -0.278	  0.648
	 -0.261	  0.749	  0.608
	 -0.655	 -0.601	  0.458

6 	  43.01	  11.85	   4.48
	 -0.144	 -0.335	 -0.931
	  0.452	  0.815	 -0.362
	  0.881	 -0.472	  0.035

7 	  44.31	  -7.42	  -5.15
	  0.726	 -0.673	  0.141
	  0.644	  0.594	 -0.481
	  0.241	  0.440	  0.865

8 	  52.38	  -9.86	  10.99
	  0.735	  0.427	  0.526
	  0.059	  0.731	 -0.680
	 -0.676	  0.533	  0.510

9 	  43.44	 -12.96	   5.03
	 -0.245	  0.330	 -0.911
	 -0.666	  0.626	  0.405
	  0.705	  0.705	  0.067

2 	  37.21	  -0.49	   4.73
	 -0.027	 -0.977	 -0.211
	 -0.273	  0.210	 -0.939
	  0.962	  0.032	 -0.272

3 	  39.23	  -0.02	  -2.64
	  0.331	 -0.090	 -0.939
	  0.001	  0.995	 -0.095
	  0.943	  0.030	  0.330

4 	  43.66	   6.94	  -5.15
	  0.659	  0.682	  0.315
	 -0.740	  0.513	  0.435
	  0.135	 -0.520	  0.843

5 	  52.01	  10.97	  11.90
	  0.708	 -0.280	  0.648
	 -0.260	  0.750	  0.608
	 -0.657	 -0.599	  0.458

6 	  43.03	  11.87	   4.46
	 -0.145	 -0.333	 -0.932
	  0.453	  0.815	 -0.360
	  0.880	 -0.474	  0.034

7 	  44.31	  -7.40	  -5.19
	  0.727	 -0.672	  0.139
	  0.643	  0.595	 -0.482
	  0.242	  0.440	  0.865

8 	  52.40	  -9.84	  10.99
	  0.732	  0.427	  0.530
	  0.059	  0.733	 -0.677
	 -0.679	  0.529	  0.509

9 	  43.47	 -12.96	   4.97
	 -0.247	  0.330	 -0.911
	 -0.668	  0.624	  0.406
	  0.703	  0.708	  0.067

2 	  37.30	  -1.04	   4.06
	  0.271	 -0.938	 -0.218
	 -0.145	  0.185	 -0.972
	  0.952	  0.295	 -0.085

3 	  39.18	  -0.04	  -2.65
	  0.331	 -0.087	 -0.940
	  0.001	  0.996	 -0.092
	  0.943	  0.030	  0.330

4 	  43.63	   6.94	  -5.20
	  0.661	  0.682	  0.312
	 -0.737	  0.514	  0.438
	  0.139	 -0.520	  0.843

5 	  52.01	  10.97	  11.88
	  0.705	 -0.282	  0.650
	 -0.258	  0.752	  0.606
	 -0.660	 -0.596	  0.457

6 	  43.05	  11.88	   4.43
	 -0.147	 -0.332	 -0.932
	  0.454	  0.814	 -0.360
	  0.879	 -0.476	  0.032

7 	  44.31	  -7.38	  -5.22
	  0.728	 -0.672	  0.135
	  0.640	  0.596	 -0.484
	  0.245	  0.439	  0.864

8 	  52.42	  -9.83	  10.97
	  0.729	  0.427	  0.534
	  0.059	  0.736	 -0.674
	 -0.682	  0.526	  0.509

9 	  43.49	 -12.96	   4.94
	 -0.248	  0.330	 -0.911
	 -0.669	  0.622	  0.406
	  0.702	  0.709	  0.067

2 	  37.09	   0.11	   3.99
	 -0.121	 -0.923	 -0.364
	  0.038	  0.362	 -0.931
	  0.992	 -0.127	 -0.008

3 	  39.20	  -0.02	  -2.64
	  0.327	 -0.096	 -0.940
	  0.007	  0.995	 -0.099
	  0.945	  0.025	  0.326

4 	  43.63	   6.96	  -5.20
	  0.661	  0.682	  0.311
	 -0.737	  0.513	  0.440
	  0.141	 -0.520	  0.842

5 	  52.01	  10.95	  11.88
	  0.705	 -0.282	  0.650
	 -0.258	  0.752	  0.606
	 -0.660	 -0.596	  0.457

6 	  43.03	  11.88	   4.45
	 -0.148	 -0.331	 -0.932
	  0.453	  0.815	 -0.360
	  0.879	 -0.475	  0.031

7 	  44.30	  -7.40	  -5.22
	  0.727	 -0.674	  0.133
	  0.640	  0.595	 -0.486
	  0.249	  0.438	  0.863

8 	  52.38	  -9.83	  10.97
	  0.731	  0.427	  0.532
	  0.059	  0.735	 -0.675
	 -0.680	  0.527	  0.510

9 	  43.47	 -12.94	   4.97
	 -0.248	  0.329	 -0.911
	 -0.666	  0.625	  0.406
	  0.704	  0.707	  0.065

2 	  48.22	   0.46	  -3.22
	  0.008	 -0.421	 -0.907
	 -0.172	 -0.894	  0.414
	 -0.985	  0.153	 -0.079

3 	  38.76	   0.02	  -2.50
	  0.295	 -0.112	 -0.949
	  0.018	  0.994	 -0.111
	  0.955	  0.016	  0.295

4 	  43.10	   6.98	  -5.15
	  0.675	  0.676	  0.295
	 -0.719	  0.513	  0.469
	  0.166	 -0.529	  0.832

5 	  51.98	  10.92	  11.83
	  0.717	 -0.271	  0.642
	 -0.253	  0.757	  0.602
	 -0.650	 -0.595	  0.474

6 	  42.87	  11.83	   4.57
	 -0.181	 -0.316	 -0.931
	  0.457	  0.812	 -0.362
	  0.871	 -0.491	 -0.002

7 	  43.75	  -7.37	  -5.26
	  0.734	 -0.670	  0.110
	  0.620	  0.595	 -0.510
	  0.277	  0.443	  0.852

8 	  52.38	  -9.83	  10.90
	  0.740	  0.416	  0.527
	  0.058	  0.740	 -0.670
	 -0.670	  0.529	  0.521

9 	  43.31	 -12.83	   5.08
	 -0.278	  0.321	 -0.905
	 -0.657	  0.624	  0.423
	  0.702	  0.711	  0.038

2 	  48.29	   0.51	  -3.18
	 -0.007	 -0.365	 -0.931
	 -0.085	 -0.927	  0.365
	 -0.996	  0.082	 -0.024

3 	  38.78	   0.00	  -2.50
	  0.294	 -0.113	 -0.949
	  0.019	  0.993	 -0.112
	  0.955	  0.015	  0.294

4 	  43.14	   6.96	  -5.13
	  0.675	  0.675	  0.297
	 -0.720	  0.513	  0.467
	  0.163	 -0.529	  0.833

5 	  51.98	  10.93	  11.85
	  0.717	 -0.271	  0.641
	 -0.255	  0.755	  0.604
	 -0.648	 -0.598	  0.471

6 	  42.86	  11.81	   4.57
	 -0.180	 -0.317	 -0.931
	  0.456	  0.812	 -0.363
	  0.872	 -0.490	 -0.001

7 	  43.77	  -7.38	  -5.24
	  0.732	 -0.671	  0.114
	  0.623	  0.593	 -0.510
	  0.275	  0.444	  0.852

8 	  52.37	  -9.84	  10.90
	  0.742	  0.416	  0.525
	  0.058	  0.738	 -0.672
	 -0.667	  0.531	  0.522

9 	  43.29	 -12.85	   5.12
	 -0.276	  0.322	 -0.905
	 -0.656	  0.625	  0.422
	  0.703	  0.709	  0.039

2 	  48.25	   1.09	  -3.60
	 -0.077	 -0.243	 -0.967
	  0.143	 -0.963	  0.230
	 -0.987	 -0.121	  0.109

3 	  38.78	   0.00	  -2.51
	  0.296	 -0.113	 -0.949
	  0.020	  0.993	 -0.112
	  0.955	  0.014	  0.296

4 	  43.14	   6.96	  -5.15
	  0.674	  0.675	  0.298
	 -0.720	  0.514	  0.465
	  0.161	 -0.529	  0.833

5 	  51.98	  10.93	  11.85
	  0.718	 -0.271	  0.641
	 -0.255	  0.754	  0.605
	 -0.647	 -0.599	  0.471

6 	  42.86	  11.81	   4.59
	 -0.179	 -0.316	 -0.931
	  0.457	  0.812	 -0.362
	  0.872	 -0.489	  0.000

7 	  43.79	  -7.38	  -5.22
	  0.733	 -0.670	  0.116
	  0.624	  0.593	 -0.508
	  0.272	  0.445	  0.853

8 	  52.37	  -9.84	  10.92
	  0.743	  0.417	  0.524
	  0.058	  0.737	 -0.673
	 -0.667	  0.532	  0.521

9 	  43.29	 -12.83	   5.12
	 -0.275	  0.323	 -0.905
	 -0.656	  0.625	  0.422
	  0.704	  0.709	  0.041

2 	  48.25	   0.40	  -3.34
	 -0.220	 -0.390	 -0.894
	 -0.119	 -0.899	  0.421
	 -0.968	  0.198	  0.151

3 	  38.83	   0.00	  -2.53
	  0.298	 -0.111	 -0.948
	  0.018	  0.993	 -0.111
	  0.954	  0.016	  0.298

4 	  43.17	   6.98	  -5.13
	  0.673	  0.676	  0.299
	 -0.722	  0.514	  0.464
	  0.159	 -0.529	  0.833

5 	  51.98	  10.93	  11.85
	  0.718	 -0.271	  0.641
	 -0.254	  0.755	  0.604
	 -0.648	 -0.597	  0.473

6 	  42.89	  11.85	   4.55
	 -0.177	 -0.317	 -0.932
	  0.457	  0.812	 -0.361
	  0.872	 -0.489	  0.002

7 	  43.82	  -7.37	  -5.22
	  0.734	 -0.669	  0.117
	  0.624	  0.595	 -0.506
	  0.269	  0.444	  0.854

8 	  52.38	  -9.83	  10.92
	  0.741	  0.417	  0.526
	  0.058	  0.739	 -0.671
	 -0.670	  0.530	  0.521

9 	  43.33	 -12.85	   5.04
	 -0.273	  0.325	 -0.905
	 -0.659	  0.623	  0.422
	  0.702	  0.711	  0.045

2 	  48.29	   0.63	  -3.76
	 -0.129	 -0.310	 -0.942
	 -0.051	 -0.946	  0.319
	 -0.990	  0.089	  0.106

3 	  38.81	   0.02	  -2.53
	  0.299	 -0.113	 -0.948
	  0.017	  0.993	 -0.113
	  0.954	  0.017	  0.299

4 	  43.19	   6.98	  -5.17
	  0.675	  0.675	  0.297
	 -0.721	  0.515	  0.464
	  0.160	 -0.527	  0.834

5 	  51.98	  10.93	  11.83
	  0.714	 -0.273	  0.644
	 -0.254	  0.756	  0.603
	 -0.652	 -0.595	  0.470

6 	  42.93	  11.85	   4.52
	 -0.177	 -0.317	 -0.932
	  0.460	  0.811	 -0.361
	  0.871	 -0.491	  0.003

7 	  43.84	  -7.37	  -5.26
	  0.734	 -0.669	  0.115
	  0.623	  0.595	 -0.507
	  0.271	  0.444	  0.854

8 	  52.38	  -9.83	  10.88
	  0.739	  0.417	  0.528
	  0.058	  0.740	 -0.669
	 -0.672	  0.527	  0.521

9 	  43.37	 -12.87	   5.01
	 -0.274	  0.324	 -0.905
	 -0.661	  0.621	  0.421
	  0.700	  0.712	  0.044

2 	  46.93	   5.08	  -3.74
	 -0.181	 -0.364	 -0.914
	  0.045	 -0.931	  0.361
	 -0.983	  0.024	  0.184

3 	  38.50	  -0.25	  -2.43
	  0.278	 -0.132	 -0.951
	  0.018	  0.991	 -0.132
	  0.960	  0.019	  0.278

4 	  42.87	   6.59	  -5.22
	  0.714	  0.649	  0.263
	 -0.684	  0.565	  0.461
	  0.151	 -0.509	  0.847

5 	  51.98	  10.85	  11.74
	  0.717	 -0.254	  0.649
	 -0.251	  0.775	  0.580
	 -0.650	 -0.580	  0.491

6 	  42.84	  11.67	   4.46
	 -0.208	 -0.311	 -0.927
	  0.479	  0.795	 -0.372
	  0.854	 -0.521	 -0.015

7 	  43.47	  -7.68	  -5.17
	  0.737	 -0.668	  0.106
	  0.611	  0.589	 -0.529
	  0.291	  0.455	  0.841

8 	  52.37	  -9.86	  10.92
	  0.746	  0.423	  0.514
	  0.052	  0.731	 -0.680
	 -0.664	  0.536	  0.520

9 	  43.21	 -12.97	   5.26
	 -0.295	  0.306	 -0.905
	 -0.653	  0.627	  0.423
	  0.699	  0.715	  0.016

2 	  46.92	   5.06	  -3.69
	 -0.248	 -0.321	 -0.914
	  0.178	 -0.942	  0.283
	 -0.952	 -0.093	  0.290

3 	  38.51	  -0.26	  -2.43
	  0.280	 -0.135	 -0.950
	  0.020	  0.990	 -0.135
	  0.959	  0.019	  0.280

4 	  42.87	   6.54	  -5.22
	  0.712	  0.651	  0.264
	 -0.687	  0.565	  0.458
	  0.149	 -0.507	  0.849

5 	  51.98	  10.85	  11.74
	  0.717	 -0.252	  0.649
	 -0.252	  0.775	  0.579
	 -0.649	 -0.580	  0.492

6 	  42.82	  11.65	   4.45
	 -0.207	 -0.312	 -0.927
	  0.479	  0.794	 -0.373
	  0.854	 -0.521	 -0.014

7 	  43.47	  -7.72	  -5.13
	  0.735	 -0.669	  0.110
	  0.613	  0.586	 -0.529
	  0.290	  0.456	  0.841

8 	  52.37	  -9.90	  10.93
	  0.749	  0.423	  0.509
	  0.051	  0.727	 -0.684
	 -0.661	  0.541	  0.520

9 	  43.19	 -12.99	   5.33
	 -0.293	  0.305	 -0.906
	 -0.650	  0.631	  0.422
	  0.702	  0.712	  0.015

2 	  46.90	   5.24	  -4.25
	 -0.320	 -0.308	 -0.896
	  0.217	 -0.944	  0.248
	 -0.922	 -0.115	  0.368

3 	  38.53	  -0.28	  -2.44
	  0.282	 -0.137	 -0.949
	  0.020	  0.990	 -0.137
	  0.959	  0.019	  0.282

4 	  42.89	   6.52	  -5.24
	  0.711	  0.652	  0.261
	 -0.687	  0.564	  0.458
	  0.151	 -0.506	  0.849

5 	  51.98	  10.86	  11.74
	  0.717	 -0.252	  0.650
	 -0.253	  0.775	  0.579
	 -0.650	 -0.580	  0.491

6 	  42.82	  11.65	   4.43
	 -0.205	 -0.313	 -0.927
	  0.480	  0.794	 -0.373
	  0.853	 -0.521	 -0.011

7 	  43.47	  -7.73	  -5.10
	  0.734	 -0.669	  0.114
	  0.615	  0.585	 -0.528
	  0.287	  0.458	  0.841

8 	  52.33	  -9.88	  10.95
	  0.749	  0.425	  0.508
	  0.051	  0.726	 -0.686
	 -0.661	  0.542	  0.520

9 	  43.17	 -12.99	   5.33
	 -0.291	  0.306	 -0.906
	 -0.652	  0.630	  0.421
	  0.702	  0.712	  0.017

2 	  46.99	   5.10	  -3.88
	 -0.255	 -0.386	 -0.886
	  0.098	 -0.922	  0.373
	 -0.962	  0.008	  0.273

3 	  38.55	  -0.28	  -2.46
	  0.283	 -0.137	 -0.949
	  0.019	  0.990	 -0.137
	  0.959	  0.021	  0.282

4 	  42.89	   6.56	  -5.26
	  0.707	  0.656	  0.262
	 -0.690	  0.560	  0.459
	  0.154	 -0.506	  0.849

5 	  51.98	  10.85	  11.72
	  0.715	 -0.253	  0.651
	 -0.252	  0.776	  0.578
	 -0.651	 -0.579	  0.491

6 	  42.87	  11.67	   4.39
	 -0.204	 -0.313	 -0.927
	  0.481	  0.793	 -0.372
	  0.853	 -0.521	 -0.010

7 	  43.51	  -7.73	  -5.13
	  0.735	 -0.668	  0.113
	  0.614	  0.586	 -0.527
	  0.287	  0.457	  0.842

8 	  52.37	  -9.88	  10.93
	  0.748	  0.425	  0.510
	  0.050	  0.727	 -0.684
	 -0.663	  0.539	  0.520

9 	  43.22	 -13.01	   5.27
	 -0.291	  0.307	 -0.906
	 -0.654	  0.628	  0.422
	  0.699	  0.714	  0.019

2 	  46.97	   5.06	  -4.17
	 -0.286	 -0.344	 -0.894
	  0.241	 -0.929	  0.281
	 -0.928	 -0.135	  0.348

3 	  38.53	  -0.28	  -2.44
	  0.282	 -0.139	 -0.949
	  0.019	  0.990	 -0.139
	  0.959	  0.021	  0.282

4 	  42.87	   6.56	  -5.33
	  0.710	  0.657	  0.253
	 -0.686	  0.560	  0.465
	  0.164	 -0.504	  0.848

5 	  52.00	  10.85	  11.72
	  0.711	 -0.253	  0.656
	 -0.252	  0.779	  0.574
	 -0.656	 -0.574	  0.489

6 	  42.91	  11.67	   4.34
	 -0.205	 -0.314	 -0.927
	  0.483	  0.792	 -0.374
	  0.852	 -0.523	 -0.010

7 	  43.49	  -7.73	  -5.15
	  0.736	 -0.668	  0.110
	  0.612	  0.586	 -0.530
	  0.290	  0.458	  0.840

8 	  52.37	  -9.88	  10.92
	  0.746	  0.425	  0.512
	  0.050	  0.729	 -0.683
	 -0.665	  0.537	  0.520

9 	  43.22	 -13.03	   5.26
	 -0.292	  0.305	 -0.906
	 -0.655	  0.627	  0.421
	  0.698	  0.715	  0.017

2 	  44.88	   6.17	  -6.43
	 -0.935	 -0.317	 -0.160
	  0.325	 -0.945	 -0.023
	 -0.145	 -0.072	  0.987

3 	  38.67	  -0.16	  -2.48
	  0.287	 -0.130	 -0.949
	  0.021	  0.991	 -0.130
	  0.958	  0.017	  0.287

4 	  42.96	   6.68	  -5.20
	  0.691	  0.669	  0.273
	 -0.701	  0.526	  0.481
	  0.178	 -0.524	  0.833

5 	  51.98	  10.88	  11.81
	  0.716	 -0.262	  0.646
	 -0.252	  0.766	  0.591
	 -0.651	 -0.587	  0.482

6 	  42.87	  11.72	   4.52
	 -0.194	 -0.315	 -0.929
	  0.466	  0.804	 -0.368
	  0.864	 -0.504	 -0.008

7 	  43.63	  -7.59	  -5.15
	  0.734	 -0.669	  0.112
	  0.617	  0.591	 -0.519
	  0.282	  0.450	  0.847

8 	  52.37	  -9.88	  10.92
	  0.747	  0.421	  0.515
	  0.053	  0.732	 -0.679
	 -0.664	  0.537	  0.521

9 	  43.24	 -12.96	   5.24
	 -0.282	  0.314	 -0.906
	 -0.655	  0.628	  0.420
	  0.703	  0.711	  0.029

2 	  45.19	   6.36	  -6.73
	 -0.892	 -0.299	 -0.340
	  0.337	 -0.940	 -0.057
	 -0.303	 -0.164	  0.938

3 	  38.65	  -0.18	  -2.48
	  0.288	 -0.133	 -0.948
	  0.023	  0.991	 -0.132
	  0.957	  0.015	  0.288

4 	  42.98	   6.68	  -5.20
	  0.690	  0.668	  0.276
	 -0.702	  0.528	  0.478
	  0.174	 -0.524	  0.833

5 	  51.96	  10.86	  11.81
	  0.716	 -0.261	  0.647
	 -0.254	  0.766	  0.590
	 -0.650	 -0.588	  0.482

6 	  42.87	  11.72	   4.52
	 -0.193	 -0.317	 -0.929
	  0.467	  0.803	 -0.369
	  0.864	 -0.504	 -0.006

7 	  43.63	  -7.61	  -5.15
	  0.733	 -0.670	  0.113
	  0.619	  0.589	 -0.519
	  0.281	  0.451	  0.847

8 	  52.37	  -9.88	  10.92
	  0.748	  0.421	  0.513
	  0.053	  0.730	 -0.681
	 -0.662	  0.538	  0.521

9 	  43.22	 -12.96	   5.26
	 -0.282	  0.314	 -0.906
	 -0.654	  0.629	  0.420
	  0.703	  0.710	  0.029

2 	  45.62	   6.42	  -6.08
	 -0.796	 -0.241	 -0.555
	  0.285	 -0.958	  0.009
	 -0.535	 -0.150	  0.831

3 	  38.69	  -0.16	  -2.48
	  0.290	 -0.132	 -0.948
	  0.023	  0.991	 -0.131
	  0.957	  0.016	  0.291

4 	  42.98	   6.70	  -5.19
	  0.689	  0.669	  0.278
	 -0.704	  0.527	  0.476
	  0.172	 -0.524	  0.834

5 	  51.96	  10.88	  11.81
	  0.715	 -0.262	  0.647
	 -0.254	  0.766	  0.591
	 -0.651	 -0.588	  0.481

6 	  42.87	  11.74	   4.50
	 -0.191	 -0.317	 -0.929
	  0.467	  0.804	 -0.368
	  0.864	 -0.503	 -0.005

7 	  43.65	  -7.59	  -5.17
	  0.734	 -0.670	  0.115
	  0.620	  0.590	 -0.517
	  0.279	  0.451	  0.848

8 	  52.37	  -9.88	  10.92
	  0.747	  0.422	  0.514
	  0.052	  0.731	 -0.680
	 -0.663	  0.537	  0.521

9 	  43.24	 -12.96	   5.22
	 -0.281	  0.315	 -0.906
	 -0.655	  0.627	  0.421
	  0.702	  0.711	  0.031

2 	  45.67	   5.91	  -6.05
	 -0.792	 -0.289	 -0.538
	  0.207	 -0.956	  0.209
	 -0.575	  0.055	  0.816

3 	  38.69	  -0.16	  -2.48
	  0.292	 -0.133	 -0.947
	  0.022	  0.991	 -0.133
	  0.956	  0.018	  0.292

4 	  43.01	   6.71	  -5.22
	  0.691	  0.668	  0.276
	 -0.702	  0.529	  0.476
	  0.172	 -0.523	  0.835

5 	  52.00	  10.88	  11.81
	  0.713	 -0.264	  0.649
	 -0.252	  0.767	  0.589
	 -0.654	 -0.585	  0.480

6 	  42.91	  11.74	   4.46
	 -0.191	 -0.316	 -0.929
	  0.469	  0.803	 -0.368
	  0.863	 -0.505	 -0.004

7 	  43.65	  -7.59	  -5.19
	  0.734	 -0.669	  0.112
	  0.618	  0.591	 -0.519
	  0.281	  0.450	  0.847

8 	  52.38	  -9.86	  10.90
	  0.743	  0.422	  0.518
	  0.052	  0.734	 -0.677
	 -0.667	  0.533	  0.521

9 	  43.29	 -12.96	   5.17
	 -0.282	  0.314	 -0.906
	 -0.658	  0.624	  0.421
	  0.699	  0.714	  0.031

2 	  44.98	   6.94	  -5.99
	 -0.874	 -0.282	 -0.396
	  0.442	 -0.802	 -0.402
	 -0.207	 -0.525	  0.825

3 	  38.67	  -0.16	  -2.48
	  0.290	 -0.133	 -0.948
	  0.020	  0.991	 -0.133
	  0.957	  0.019	  0.290

4 	  42.98	   6.73	  -5.26
	  0.693	  0.667	  0.271
	 -0.699	  0.531	  0.479
	  0.176	 -0.522	  0.834

5 	  52.00	  10.86	  11.81
	  0.711	 -0.265	  0.651
	 -0.251	  0.769	  0.587
	 -0.657	 -0.582	  0.479

6 	  42.91	  11.76	   4.43
	 -0.193	 -0.315	 -0.929
	  0.470	  0.802	 -0.368
	  0.862	 -0.506	 -0.005

7 	  43.65	  -7.58	  -5.22
	  0.736	 -0.668	  0.109
	  0.615	  0.592	 -0.520
	  0.284	  0.450	  0.847

8 	  52.38	  -9.86	  10.90
	  0.741	  0.422	  0.521
	  0.053	  0.736	 -0.675
	 -0.669	  0.530	  0.520

9 	  43.31	 -12.96	   5.13
	 -0.284	  0.314	 -0.906
	 -0.659	  0.623	  0.421
	  0.698	  0.716	  0.031

2 	  43.26	   8.35	  -4.71
	  0.398	 -0.153	 -0.905
	  0.673	  0.718	  0.174
	  0.624	 -0.678	  0.387

3 	  38.88	  -0.54	  -2.51
	  0.300	 -0.172	 -0.938
	  0.042	  0.985	 -0.168
	  0.953	  0.011	  0.303

4 	  43.54	   6.19	  -5.43
	  0.714	  0.646	  0.269
	 -0.687	  0.574	  0.445
	  0.133	 -0.503	  0.854

5 	  52.12	  10.78	  11.72
	  0.688	 -0.248	  0.682
	 -0.257	  0.796	  0.548
	 -0.678	 -0.553	  0.483

6 	  43.24	  11.46	   4.03
	 -0.169	 -0.345	 -0.923
	  0.487	  0.786	 -0.381
	  0.858	 -0.513	  0.036

7 	  43.70	  -8.19	  -4.92
	  0.717	 -0.683	  0.139
	  0.637	  0.560	 -0.530
	  0.285	  0.468	  0.836

8 	  52.33	  -9.95	  11.02
	  0.754	  0.442	  0.485
	  0.036	  0.708	 -0.706
	 -0.656	  0.552	  0.515

9 	  43.14	 -13.25	   5.61
	 -0.273	  0.292	 -0.917
	 -0.644	  0.652	  0.399
	  0.715	  0.698	  0.011

2 	  43.26	   8.35	  -4.73
	  0.394	 -0.160	 -0.905
	  0.684	  0.709	  0.172
	  0.615	 -0.687	  0.387

3 	  38.88	  -0.54	  -2.51
	  0.300	 -0.170	 -0.939
	  0.042	  0.985	 -0.165
	  0.953	  0.009	  0.302

4 	  43.52	   6.21	  -5.41
	  0.713	  0.646	  0.270
	 -0.688	  0.573	  0.445
	  0.133	 -0.504	  0.853

5 	  52.10	  10.78	  11.74
	  0.690	 -0.249	  0.679
	 -0.257	  0.793	  0.551
	 -0.677	 -0.556	  0.483

6 	  43.21	  11.46	   4.06
	 -0.169	 -0.344	 -0.923
	  0.485	  0.787	 -0.381
	  0.858	 -0.511	  0.035

7 	  43.68	  -8.16	  -4.90
	  0.717	 -0.683	  0.139
	  0.637	  0.561	 -0.529
	  0.284	  0.468	  0.837

8 	  52.29	  -9.95	  11.00
	  0.755	  0.441	  0.484
	  0.036	  0.707	 -0.706
	 -0.655	  0.553	  0.515

9 	  43.12	 -13.24	   5.62
	 -0.273	  0.293	 -0.916
	 -0.644	  0.652	  0.400
	  0.716	  0.698	  0.011

2 	  43.26	   8.37	  -4.73
	  0.423	 -0.173	 -0.889
	  0.695	  0.691	  0.195
	  0.582	 -0.701	  0.412

3 	  38.88	  -0.51	  -2.51
	  0.300	 -0.169	 -0.939
	  0.041	  0.985	 -0.164
	  0.953	  0.010	  0.302

4 	  43.51	   6.22	  -5.38
	  0.712	  0.647	  0.272
	 -0.690	  0.571	  0.445
	  0.132	 -0.505	  0.853

5 	  52.08	  10.78	  11.74
	  0.692	 -0.249	  0.677
	 -0.258	  0.791	  0.555
	 -0.674	 -0.559	  0.483

6 	  43.19	  11.46	   4.10
	 -0.169	 -0.344	 -0.923
	  0.484	  0.788	 -0.380
	  0.859	 -0.510	  0.034

7 	  43.68	  -8.14	  -4.90
	  0.716	 -0.683	  0.139
	  0.638	  0.561	 -0.528
	  0.283	  0.467	  0.838

8 	  52.29	  -9.93	  11.02
	  0.756	  0.440	  0.484
	  0.037	  0.707	 -0.706
	 -0.654	  0.553	  0.516

9 	  43.12	 -13.24	   5.62
	 -0.274	  0.294	 -0.915
	 -0.642	  0.653	  0.401
	  0.717	  0.697	  0.011

2 	  43.26	   8.35	  -4.69
	  0.421	 -0.182	 -0.889
	  0.696	  0.693	  0.187
	  0.583	 -0.697	  0.417

3 	  38.88	  -0.51	  -2.53
	  0.300	 -0.169	 -0.939
	  0.042	  0.985	 -0.164
	  0.953	  0.010	  0.303

4 	  43.49	   6.22	  -5.34
	  0.711	  0.648	  0.274
	 -0.691	  0.570	  0.444
	  0.132	 -0.506	  0.852

5 	  52.08	  10.78	  11.76
	  0.693	 -0.250	  0.676
	 -0.258	  0.790	  0.556
	 -0.673	 -0.561	  0.483

6 	  43.17	  11.46	   4.11
	 -0.170	 -0.344	 -0.923
	  0.483	  0.788	 -0.381
	  0.859	 -0.510	  0.033

7 	  43.68	  -8.14	  -4.89
	  0.716	 -0.683	  0.140
	  0.638	  0.561	 -0.527
	  0.282	  0.467	  0.838

8 	  52.29	  -9.95	  11.02
	  0.757	  0.439	  0.483
	  0.037	  0.707	 -0.706
	 -0.653	  0.554	  0.516

9 	  43.10	 -13.24	   5.62
	 -0.274	  0.294	 -0.916
	 -0.642	  0.653	  0.401
	  0.717	  0.696	  0.010

2 	  43.29	   8.38	  -4.73
	  0.418	 -0.188	 -0.889
	  0.704	  0.685	  0.185
	  0.575	 -0.703	  0.418

3 	  38.88	  -0.51	  -2.51
	  0.300	 -0.168	 -0.939
	  0.041	  0.986	 -0.163
	  0.953	  0.010	  0.303

4 	  43.49	   6.22	  -5.34
	  0.710	  0.648	  0.274
	 -0.692	  0.569	  0.444
	  0.131	 -0.506	  0.852

5 	  52.08	  10.79	  11.76
	  0.694	 -0.249	  0.675
	 -0.258	  0.789	  0.557
	 -0.672	 -0.561	  0.483

6 	  43.17	  11.48	   4.11
	 -0.169	 -0.344	 -0.923
	  0.483	  0.788	 -0.380
	  0.859	 -0.510	  0.034

7 	  43.70	  -8.12	  -4.90
	  0.717	 -0.682	  0.141
	  0.638	  0.562	 -0.526
	  0.281	  0.467	  0.838

8 	  52.29	  -9.95	  11.00
	  0.756	  0.440	  0.484
	  0.036	  0.708	 -0.705
	 -0.654	  0.553	  0.516

9 	  43.12	 -13.24	   5.62
	 -0.274	  0.295	 -0.915
	 -0.643	  0.652	  0.402
	  0.716	  0.697	  0.012

2 	  40.15	   4.04	  -5.48
	  0.440	 -0.078	 -0.895
	  0.057	  0.996	 -0.060
	  0.896	 -0.024	  0.443

3 	  39.30	  -0.16	  -2.64
	  0.328	 -0.135	 -0.935
	  0.028	  0.991	 -0.133
	  0.944	  0.017	  0.329

4 	  43.91	   6.79	  -5.15
	  0.673	  0.654	  0.344
	 -0.730	  0.517	  0.447
	  0.114	 -0.552	  0.825

5 	  52.14	  10.86	  11.94
	  0.694	 -0.288	  0.660
	 -0.246	  0.766	  0.594
	 -0.677	 -0.575	  0.460

6 	  43.28	  11.83	   4.34
	 -0.129	 -0.354	 -0.926
	  0.461	  0.806	 -0.371
	  0.878	 -0.474	  0.060

7 	  44.28	  -7.61	  -5.17
	  0.721	 -0.679	  0.135
	  0.647	  0.590	 -0.483
	  0.249	  0.436	  0.865

8 	  52.40	  -9.88	  10.97
	  0.737	  0.433	  0.518
	  0.048	  0.729	 -0.682
	 -0.674	  0.530	  0.514

9 	  43.38	 -13.06	   5.13
	 -0.246	  0.322	 -0.914
	 -0.657	  0.638	  0.401
	  0.714	  0.698	  0.056

2 	  40.17	   4.18	  -5.43
	  0.444	 -0.097	 -0.891
	  0.115	  0.992	 -0.052
	  0.889	 -0.080	  0.451

3 	  39.30	  -0.14	  -2.64
	  0.328	 -0.135	 -0.935
	  0.031	  0.990	 -0.132
	  0.944	  0.014	  0.329

4 	  43.93	   6.79	  -5.12
	  0.675	  0.649	  0.349
	 -0.729	  0.517	  0.447
	  0.109	 -0.557	  0.823

5 	  52.14	  10.88	  11.95
	  0.696	 -0.288	  0.658
	 -0.247	  0.764	  0.595
	 -0.674	 -0.578	  0.460

6 	  43.24	  11.81	   4.38
	 -0.130	 -0.354	 -0.926
	  0.461	  0.806	 -0.371
	  0.878	 -0.474	  0.059

7 	  44.26	  -7.61	  -5.13
	  0.719	 -0.681	  0.137
	  0.649	  0.588	 -0.482
	  0.248	  0.436	  0.865

8 	  52.40	  -9.86	  10.95
	  0.739	  0.432	  0.516
	  0.048	  0.729	 -0.683
	 -0.672	  0.532	  0.515

9 	  43.35	 -13.04	   5.19
	 -0.247	  0.322	 -0.914
	 -0.656	  0.639	  0.401
	  0.715	  0.697	  0.054

2 	  40.10	   4.43	  -5.43
	  0.336	 -0.086	 -0.938
	  0.225	  0.974	 -0.010
	  0.915	 -0.207	  0.346

3 	  39.29	  -0.14	  -2.64
	  0.328	 -0.135	 -0.935
	  0.034	  0.990	 -0.132
	  0.944	  0.011	  0.329

4 	  43.89	   6.79	  -5.10
	  0.679	  0.646	  0.349
	 -0.726	  0.521	  0.449
	  0.108	 -0.559	  0.822

5 	  52.12	  10.86	  11.95
	  0.697	 -0.288	  0.656
	 -0.246	  0.764	  0.597
	 -0.673	 -0.578	  0.461

6 	  43.24	  11.83	   4.39
	 -0.131	 -0.354	 -0.926
	  0.460	  0.806	 -0.371
	  0.879	 -0.474	  0.058

7 	  44.23	  -7.61	  -5.12
	  0.718	 -0.682	  0.138
	  0.650	  0.587	 -0.483
	  0.248	  0.437	  0.864

8 	  52.38	  -9.88	  10.95
	  0.741	  0.431	  0.514
	  0.048	  0.728	 -0.684
	 -0.670	  0.533	  0.517

9 	  43.35	 -13.03	   5.20
	 -0.247	  0.322	 -0.914
	 -0.654	  0.640	  0.401
	  0.716	  0.696	  0.053

2 	  40.32	   4.27	  -5.48
	  0.561	 -0.090	 -0.823
	  0.199	  0.979	  0.026
	  0.804	 -0.177	  0.567

3 	  39.29	  -0.12	  -2.64
	  0.328	 -0.137	 -0.935
	  0.036	  0.990	 -0.132
	  0.944	  0.010	  0.330

4 	  43.89	   6.79	  -5.10
	  0.675	  0.650	  0.347
	 -0.729	  0.519	  0.445
	  0.109	 -0.554	  0.825

5 	  52.10	  10.88	  11.97
	  0.698	 -0.287	  0.656
	 -0.247	  0.763	  0.597
	 -0.672	 -0.579	  0.461

6 	  43.22	  11.81	   4.39
	 -0.131	 -0.354	 -0.926
	  0.460	  0.806	 -0.372
	  0.878	 -0.474	  0.058

7 	  44.23	  -7.61	  -5.10
	  0.718	 -0.682	  0.139
	  0.650	  0.586	 -0.483
	  0.247	  0.437	  0.864

8 	  52.38	  -9.88	  10.97
	  0.742	  0.431	  0.513
	  0.048	  0.727	 -0.684
	 -0.669	  0.534	  0.517

9 	  43.33	 -13.04	   5.20
	 -0.247	  0.322	 -0.914
	 -0.655	  0.640	  0.401
	  0.716	  0.696	  0.053

2 	  40.08	   4.03	  -5.43
	  0.349	 -0.121	 -0.929
	  0.081	  0.992	 -0.099
	  0.933	 -0.040	  0.356

3 	  39.29	  -0.14	  -2.64
	  0.328	 -0.135	 -0.935
	  0.029	  0.990	 -0.133
	  0.944	  0.016	  0.329

4 	  43.91	   6.79	  -5.12
	  0.675	  0.655	  0.339
	 -0.728	  0.519	  0.447
	  0.116	 -0.549	  0.828

5 	  52.12	  10.88	  11.95
	  0.698	 -0.287	  0.656
	 -0.247	  0.763	  0.597
	 -0.672	 -0.579	  0.461

6 	  43.22	  11.81	   4.38
	 -0.130	 -0.354	 -0.926
	  0.460	  0.806	 -0.371
	  0.879	 -0.474	  0.059

7 	  44.24	  -7.63	  -5.12
	  0.719	 -0.680	  0.140
	  0.650	  0.587	 -0.482
	  0.246	  0.438	  0.865

8 	  52.38	  -9.88	  10.95
	  0.740	  0.433	  0.514
	  0.047	  0.728	 -0.684
	 -0.671	  0.532	  0.516

9 	  43.37	 -13.06	   5.17
	 -0.246	  0.323	 -0.914
	 -0.656	  0.639	  0.401
	  0.714	  0.698	  0.056

2 	  39.60	   6.49	   1.11
	 -0.573	 -0.203	 -0.794
	  0.398	  0.779	 -0.484
	  0.718	 -0.593	 -0.365

3 	  39.69	  -0.53	  -2.67
	  0.348	 -0.181	 -0.920
	  0.078	  0.983	 -0.164
	  0.934	 -0.015	  0.356

4 	  44.86	   6.21	  -5.54
	  0.727	  0.602	  0.330
	 -0.682	  0.574	  0.454
	  0.083	 -0.556	  0.827

5 	  54.07	   9.58	  11.30
	  0.735	 -0.250	  0.630
	 -0.089	  0.885	  0.457
	 -0.673	 -0.394	  0.626

6 	  44.95	  10.95	   4.43
	 -0.226	 -0.282	 -0.932
	  0.519	  0.776	 -0.358
	  0.826	 -0.563	 -0.028

7 	  44.54	  -8.17	  -5.03
	  0.714	 -0.684	  0.151
	  0.651	  0.569	 -0.502
	  0.257	  0.456	  0.851

8 	  53.38	  -8.96	  10.58
	  0.735	  0.484	  0.474
	 -0.213	  0.826	 -0.521
	 -0.648	  0.285	  0.707

9 	  44.37	 -13.25	   5.66
	 -0.308	  0.276	 -0.910
	 -0.682	  0.603	  0.413
	  0.665	  0.747	  0.004

2 	  39.64	   6.35	   1.04
	 -0.485	 -0.341	 -0.805
	  0.466	  0.680	 -0.567
	  0.742	 -0.649	 -0.171

3 	  39.71	  -0.51	  -2.67
	  0.349	 -0.181	 -0.920
	  0.078	  0.983	 -0.164
	  0.934	 -0.015	  0.357

4 	  44.84	   6.19	  -5.50
	  0.729	  0.599	  0.331
	 -0.680	  0.573	  0.458
	  0.084	 -0.559	  0.824

5 	  54.05	   9.58	  11.34
	  0.736	 -0.249	  0.629
	 -0.091	  0.884	  0.458
	 -0.671	 -0.397	  0.626

6 	  44.95	  10.93	   4.45
	 -0.225	 -0.284	 -0.932
	  0.517	  0.777	 -0.359
	  0.827	 -0.561	 -0.026

7 	  44.54	  -8.17	  -5.01
	  0.712	 -0.685	  0.154
	  0.654	  0.568	 -0.499
	  0.255	  0.456	  0.853

8 	  53.37	  -9.02	  10.62
	  0.736	  0.484	  0.472
	 -0.207	  0.823	 -0.529
	 -0.648	  0.295	  0.702

9 	  44.35	 -13.27	   5.70
	 -0.306	  0.278	 -0.910
	 -0.683	  0.603	  0.413
	  0.665	  0.747	  0.006

2 	  39.43	   6.01	   0.86
	 -0.397	 -0.555	 -0.731
	  0.265	  0.694	 -0.670
	  0.879	 -0.459	 -0.129

3 	  39.73	  -0.53	  -2.69
	  0.350	 -0.182	 -0.919
	  0.078	  0.983	 -0.166
	  0.933	 -0.015	  0.358

4 	  44.88	   6.15	  -5.50
	  0.728	  0.599	  0.333
	 -0.681	  0.573	  0.456
	  0.081	 -0.559	  0.825

5 	  54.04	   9.62	  11.34
	  0.736	 -0.248	  0.630
	 -0.093	  0.884	  0.458
	 -0.671	 -0.398	  0.626

6 	  44.95	  10.92	   4.46
	 -0.223	 -0.286	 -0.932
	  0.518	  0.776	 -0.360
	  0.827	 -0.561	 -0.024

7 	  44.54	  -8.21	  -4.97
	  0.711	 -0.685	  0.157
	  0.656	  0.567	 -0.498
	  0.252	  0.458	  0.852

8 	  53.37	  -9.04	  10.62
	  0.738	  0.485	  0.468
	 -0.206	  0.820	 -0.533
	 -0.646	  0.300	  0.702

9 	  44.33	 -13.27	   5.75
	 -0.307	  0.277	 -0.910
	 -0.682	  0.603	  0.413
	  0.665	  0.747	  0.005

2 	  39.76	   6.57	   0.98
	 -0.508	 -0.324	 -0.798
	  0.496	  0.648	 -0.577
	  0.706	 -0.688	 -0.168

3 	  39.73	  -0.51	  -2.69
	  0.351	 -0.182	 -0.918
	  0.077	  0.983	 -0.165
	  0.933	 -0.013	  0.359

4 	  44.88	   6.17	  -5.48
	  0.728	  0.598	  0.335
	 -0.681	  0.573	  0.456
	  0.080	 -0.560	  0.824

5 	  54.04	   9.60	  11.36
	  0.737	 -0.248	  0.628
	 -0.093	  0.883	  0.460
	 -0.669	 -0.400	  0.626

6 	  44.93	  10.92	   4.48
