2 	  33.15	  -6.87	  22.76
	  0.571	  0.820	 -0.028
	 -0.821	  0.570	 -0.015
	  0.005	  0.032	  0.999

3 	  45.32	  -0.26	   0.81
	  0.532	  0.126	  0.837
	 -0.128	  0.989	 -0.069
	 -0.838	 -0.070	  0.542

4 	  41.08	   7.15	  -1.93
	  0.746	  0.637	  0.193
	 -0.625	  0.571	  0.531
	  0.229	 -0.518	  0.824

5 	  42.22	  10.28	   9.98
	  0.339	  0.101	  0.935
	 -0.734	 -0.594	  0.329
	  0.590	 -0.797	 -0.126

6 	  47.60	  10.35	  17.96
	  0.462	  0.029	  0.886
	 -0.483	  0.847	  0.220
	 -0.747	 -0.527	  0.405

7 	  40.34	  -6.35	  -2.64
	  0.769	 -0.597	 -0.227
	  0.420	  0.740	 -0.526
	  0.483	  0.309	  0.819

8 	  40.55	 -10.41	   8.81
	  0.245	 -0.177	  0.953
	  0.603	 -0.742	 -0.292
	  0.760	  0.645	 -0.074

9 	  46.02	 -11.41	  19.27
	  0.329	  0.117	  0.937
	  0.492	  0.826	 -0.273
	 -0.808	  0.548	  0.214

2 	  33.13	  -6.87	  22.76
	  0.571	  0.820	 -0.028
	 -0.821	  0.570	 -0.015
	  0.004	  0.032	  0.999

3 	  45.33	  -0.26	   0.81
	  0.531	  0.127	  0.837
	 -0.128	  0.989	 -0.070
	 -0.838	 -0.070	  0.541

4 	  41.10	   7.17	  -1.92
	  0.746	  0.637	  0.193
	 -0.626	  0.571	  0.531
	  0.229	 -0.518	  0.824

5 	  42.21	  10.30	   9.98
	  0.339	  0.102	  0.935
	 -0.733	 -0.594	  0.329
	  0.591	 -0.797	 -0.126

6 	  47.58	  10.35	  17.98
	  0.462	  0.029	  0.886
	 -0.486	  0.845	  0.222
	 -0.745	 -0.530	  0.404

7 	  40.34	  -6.33	  -2.62
	  0.770	 -0.597	 -0.227
	  0.419	  0.740	 -0.525
	  0.482	  0.309	  0.819

8 	  40.55	 -10.39	   8.81
	  0.244	 -0.178	  0.953
	  0.604	 -0.742	 -0.292
	  0.760	  0.646	 -0.073

9 	  46.00	 -11.41	  19.27
	  0.328	  0.118	  0.937
	  0.493	  0.826	 -0.274
	 -0.808	  0.549	  0.213

2 	  33.13	  -6.87	  22.76
	  0.571	  0.820	 -0.028
	 -0.822	  0.570	 -0.015
	  0.005	  0.032	  0.999

3 	  45.33	  -0.25	   0.84
	  0.528	  0.129	  0.839
	 -0.131	  0.989	 -0.070
	 -0.839	 -0.072	  0.539

4 	  41.10	   7.15	  -1.90
	  0.745	  0.638	  0.195
	 -0.627	  0.570	  0.530
	  0.228	 -0.518	  0.824

5 	  42.21	  10.28	  10.00
	  0.339	  0.102	  0.935
	 -0.733	 -0.595	  0.329
	  0.591	 -0.797	 -0.125

6 	  47.57	  10.37	  18.00
	  0.461	  0.029	  0.886
	 -0.489	  0.843	  0.223
	 -0.744	 -0.534	  0.403

7 	  40.39	  -6.33	  -2.62
	  0.772	 -0.595	 -0.222
	  0.422	  0.741	 -0.522
	  0.476	  0.310	  0.823

8 	  40.59	 -10.39	   8.82
	  0.239	 -0.177	  0.955
	  0.611	 -0.737	 -0.288
	  0.755	  0.651	 -0.068

9 	  46.00	 -11.41	  19.27
	  0.327	  0.120	  0.937
	  0.492	  0.825	 -0.275
	 -0.809	  0.549	  0.211

2 	  33.13	  -6.87	  22.76
	  0.571	  0.820	 -0.028
	 -0.821	  0.570	 -0.015
	  0.004	  0.032	  0.999

3 	  45.33	  -0.23	   0.90
	  0.523	  0.132	  0.841
	 -0.139	  0.988	 -0.070
	 -0.841	 -0.080	  0.535

4 	  41.12	   7.15	  -1.90
	  0.744	  0.638	  0.199
	 -0.630	  0.570	  0.527
	  0.224	 -0.518	  0.826

5 	  42.19	  10.28	  10.04
	  0.340	  0.102	  0.935
	 -0.735	 -0.592	  0.331
	  0.589	 -0.798	 -0.125

6 	  47.57	  10.37	  18.00
	  0.461	  0.029	  0.886
	 -0.488	  0.844	  0.223
	 -0.744	 -0.533	  0.403

7 	  40.31	  -6.35	  -2.58
	  0.771	 -0.597	 -0.224
	  0.422	  0.740	 -0.523
	  0.479	  0.309	  0.821

8 	  40.48	 -10.39	   8.86
	  0.245	 -0.178	  0.953
	  0.598	 -0.747	 -0.292
	  0.764	  0.640	 -0.076

9 	  45.98	 -11.43	  19.30
	  0.331	  0.120	  0.936
	  0.496	  0.822	 -0.278
	 -0.805	  0.553	  0.212

2 	  33.13	  -6.87	  22.76
	  0.571	  0.820	 -0.028
	 -0.822	  0.570	 -0.015
	  0.004	  0.032	  0.999

3 	  45.25	  -0.26	   0.90
	  0.524	  0.134	  0.841
	 -0.141	  0.987	 -0.071
	 -0.840	 -0.081	  0.536

4 	  41.03	   7.15	  -1.90
	  0.744	  0.638	  0.197
	 -0.630	  0.570	  0.527
	  0.225	 -0.517	  0.826

5 	  42.15	  10.27	  10.02
	  0.342	  0.103	  0.934
	 -0.733	 -0.593	  0.333
	  0.589	 -0.798	 -0.126

6 	  47.55	  10.37	  18.00
	  0.463	  0.031	  0.886
	 -0.488	  0.844	  0.222
	 -0.743	 -0.532	  0.405

7 	  40.29	  -6.33	  -2.57
	  0.771	 -0.597	 -0.224
	  0.421	  0.740	 -0.524
	  0.479	  0.309	  0.821

8 	  40.50	 -10.39	   8.88
	  0.245	 -0.177	  0.953
	  0.601	 -0.744	 -0.291
	  0.762	  0.643	 -0.075

9 	  45.98	 -11.44	  19.30
	  0.332	  0.120	  0.936
	  0.495	  0.823	 -0.278
	 -0.806	  0.553	  0.213

2 	  33.13	  -6.87	  22.78
	  0.571	  0.820	 -0.028
	 -0.821	  0.570	 -0.015
	  0.004	  0.032	  0.999

3 	  45.25	  -0.26	   0.90
	  0.522	  0.136	  0.842
	 -0.143	  0.987	 -0.072
	 -0.841	 -0.083	  0.535

4 	  41.03	   7.15	  -1.88
	  0.744	  0.639	  0.197
	 -0.631	  0.570	  0.526
	  0.224	 -0.516	  0.827

5 	  42.15	  10.28	  10.02
	  0.342	  0.103	  0.934
	 -0.733	 -0.593	  0.333
	  0.589	 -0.798	 -0.126

6 	  47.55	  10.37	  18.02
	  0.463	  0.031	  0.885
	 -0.488	  0.844	  0.223
	 -0.743	 -0.533	  0.405

7 	  40.31	  -6.33	  -2.57
	  0.771	 -0.597	 -0.224
	  0.422	  0.740	 -0.524
	  0.479	  0.309	  0.821

8 	  40.50	 -10.39	   8.88
	  0.245	 -0.177	  0.953
	  0.601	 -0.744	 -0.291
	  0.762	  0.643	 -0.075

9 	  45.97	 -11.43	  19.30
	  0.332	  0.121	  0.935
	  0.495	  0.822	 -0.280
	 -0.805	  0.554	  0.213

2 	  33.13	  -6.87	  22.78
	  0.571	  0.820	 -0.028
	 -0.822	  0.570	 -0.015
	  0.004	  0.032	  0.999

3 	  45.25	  -0.26	   0.91
	  0.522	  0.137	  0.841
	 -0.144	  0.987	 -0.072
	 -0.841	 -0.083	  0.535

4 	  41.03	   7.15	  -1.88
	  0.743	  0.639	  0.198
	 -0.631	  0.570	  0.526
	  0.224	 -0.516	  0.827

5 	  42.15	  10.27	  10.04
	  0.342	  0.103	  0.934
	 -0.733	 -0.593	  0.333
	  0.589	 -0.798	 -0.126

6 	  47.55	  10.37	  18.02
	  0.464	  0.032	  0.885
	 -0.489	  0.843	  0.222
	 -0.742	 -0.533	  0.406

7 	  40.31	  -6.35	  -2.57
	  0.770	 -0.597	 -0.224
	  0.422	  0.740	 -0.524
	  0.479	  0.310	  0.821

8 	  40.50	 -10.39	   8.88
	  0.245	 -0.177	  0.953
	  0.601	 -0.744	 -0.291
	  0.762	  0.643	 -0.075

9 	  45.98	 -11.43	  19.30
	  0.333	  0.121	  0.935
	  0.496	  0.822	 -0.280
	 -0.805	  0.554	  0.213

2 	  33.13	  -6.87	  22.78
	  0.571	  0.821	 -0.028
	 -0.822	  0.569	 -0.015
	  0.004	  0.032	  0.999

3 	  45.25	  -0.26	   0.91
	  0.522	  0.137	  0.842
	 -0.144	  0.987	 -0.072
	 -0.841	 -0.084	  0.534

4 	  41.03	   7.15	  -1.88
	  0.743	  0.639	  0.198
	 -0.631	  0.570	  0.525
	  0.223	 -0.516	  0.827

5 	  42.15	  10.25	  10.04
	  0.342	  0.107	  0.933
	 -0.730	 -0.596	  0.335
	  0.594	 -0.795	 -0.125

6 	  47.55	  10.37	  18.00
	  0.464	  0.032	  0.885
	 -0.490	  0.843	  0.223
	 -0.741	 -0.534	  0.406

7 	  40.31	  -6.35	  -2.57
	  0.771	 -0.596	 -0.224
	  0.421	  0.740	 -0.524
	  0.479	  0.309	  0.821

8 	  40.64	 -10.46	   8.81
	  0.250	 -0.179	  0.951
	  0.625	 -0.722	 -0.298
	  0.741	  0.668	 -0.067

9 	  46.09	 -11.36	  19.23
	  0.320	  0.115	  0.940
	  0.468	  0.844	 -0.260
	 -0.826	  0.521	  0.216

2 	  33.13	  -6.87	  22.78
	  0.571	  0.820	 -0.028
	 -0.821	  0.570	 -0.015
	  0.004	  0.032	  0.999

3 	  45.23	  -0.30	   0.91
	  0.524	  0.142	  0.840
	 -0.154	  0.985	 -0.072
	 -0.838	 -0.092	  0.538

4 	  40.89	   7.05	  -1.88
	  0.736	  0.648	  0.193
	 -0.639	  0.572	  0.514
	  0.224	 -0.503	  0.835

5 	  42.31	  10.20	   9.90
	  0.359	  0.144	  0.922
	 -0.706	 -0.605	  0.368
	  0.612	 -0.782	 -0.115

6 	  48.20	  10.56	  17.49
	  0.507	  0.060	  0.860
	 -0.458	  0.864	  0.207
	 -0.733	 -0.497	  0.464

7 	  40.29	  -6.45	  -2.57
	  0.771	 -0.590	 -0.238
	  0.413	  0.748	 -0.520
	  0.486	  0.303	  0.820

8 	  41.19	 -10.55	   8.74
	  0.277	 -0.190	  0.942
	  0.665	 -0.671	 -0.329
	  0.695	  0.716	 -0.059

9 	  47.02	 -11.32	  18.86
	  0.328	  0.094	  0.940
	  0.358	  0.908	 -0.215
	 -0.876	  0.406	  0.263

2 	  33.13	  -6.87	  22.78
	  0.571	  0.820	 -0.028
	 -0.822	  0.570	 -0.015
	  0.004	  0.032	  0.999

3 	  45.16	  -0.35	   0.88
	  0.534	  0.147	  0.833
	 -0.155	  0.985	 -0.076
	 -0.832	 -0.088	  0.548

4 	  40.75	   6.89	  -1.99
	  0.744	  0.647	  0.166
	 -0.630	  0.596	  0.499
	  0.224	 -0.476	  0.850

5 	  43.49	  10.37	   9.32
	  0.488	  0.202	  0.849
	 -0.619	 -0.607	  0.498
	  0.618	 -0.768	 -0.170

6 	  50.33	  11.57	  15.66
	  0.618	  0.153	  0.771
	 -0.459	  0.867	  0.193
	 -0.642	 -0.470	  0.605

7 	  39.97	  -6.47	  -2.60
	  0.771	 -0.570	 -0.283
	  0.381	  0.769	 -0.512
	  0.510	  0.288	  0.810

8 	  42.75	 -10.85	   8.40
	  0.502	 -0.228	  0.834
	  0.566	 -0.644	 -0.515
	  0.655	  0.730	 -0.194

9 	  50.94	 -11.74	  16.12
	  0.559	  0.062	  0.827
	  0.288	  0.920	 -0.265
	 -0.778	  0.386	  0.496

2 	  33.13	  -6.87	  22.78
	  0.571	  0.820	 -0.028
	 -0.821	  0.570	 -0.015
	  0.004	  0.032	  0.999

3 	  44.91	  -0.44	   0.74
	  0.568	  0.154	  0.808
	 -0.150	  0.985	 -0.083
	 -0.809	 -0.074	  0.583

4 	  40.50	   6.71	  -2.29
	  0.755	  0.647	  0.101
	 -0.608	  0.634	  0.478
	  0.246	 -0.423	  0.872

5 	  45.02	  10.72	   8.24
	  0.685	  0.245	  0.686
	 -0.463	 -0.582	  0.668
	  0.564	 -0.774	 -0.286

6 	  52.75	  12.29	  12.62
	  0.778	  0.180	  0.601
	 -0.409	  0.873	  0.265
	 -0.478	 -0.451	  0.753

7 	  39.74	  -6.36	  -2.87
	  0.767	 -0.514	 -0.385
	  0.314	  0.823	 -0.473
	  0.560	  0.242	  0.792

8 	  44.81	 -11.13	   6.98
	  0.717	 -0.251	  0.650
	  0.414	 -0.598	 -0.686
	  0.562	  0.760	 -0.325

9 	  54.42	 -11.30	  12.22
	  0.760	  0.079	  0.644
	  0.178	  0.928	 -0.325
	 -0.624	  0.363	  0.691

2 	  33.13	  -6.87	  22.78
	  0.571	  0.820	 -0.028
	 -0.821	  0.570	 -0.015
	  0.004	  0.032	  0.999

3 	  44.75	  -0.53	   0.58
	  0.602	  0.151	  0.784
	 -0.161	  0.985	 -0.068
	 -0.782	 -0.084	  0.617

4 	  40.39	   6.63	  -2.39
	  0.771	  0.634	  0.059
	 -0.585	  0.668	  0.460
	  0.253	 -0.389	  0.885

5 	  46.21	  10.48	   7.33
	  0.803	  0.214	  0.556
	 -0.359	 -0.573	  0.736
	  0.477	 -0.790	 -0.384

6 	  54.62	  11.71	   9.90
	  0.889	  0.139	  0.436
	 -0.314	  0.879	  0.358
	 -0.335	 -0.455	  0.825

7 	  39.41	  -6.01	  -3.16
	  0.751	 -0.442	 -0.491
	  0.249	  0.877	 -0.410
	  0.612	  0.186	  0.769

8 	  46.11	 -10.83	   5.50
	  0.839	 -0.257	  0.480
	  0.269	 -0.572	 -0.775
	  0.474	  0.778	 -0.412

9 	  56.48	 -10.67	   8.19
	  0.889	  0.100	  0.445
	  0.059	  0.941	 -0.332
	 -0.453	  0.324	  0.830

2 	  33.13	  -6.87	  22.78
	  0.571	  0.820	 -0.028
	 -0.821	  0.570	 -0.015
	  0.004	  0.032	  0.999

3 	  44.61	  -0.42	   0.51
	  0.623	  0.143	  0.768
	 -0.172	  0.984	 -0.044
	 -0.763	 -0.104	  0.638

4 	  40.25	   6.63	  -2.50
	  0.781	  0.624	  0.007
	 -0.565	  0.700	  0.437
	  0.269	 -0.345	  0.899

5 	  47.18	  10.32	   6.22
	  0.878	  0.189	  0.439
	 -0.279	 -0.544	  0.791
	  0.389	 -0.817	 -0.426

6 	  55.71	  11.13	   7.54
	  0.948	  0.092	  0.304
	 -0.210	  0.900	  0.381
	 -0.239	 -0.426	  0.872

7 	  39.09	  -5.75	  -3.39
	  0.723	 -0.397	 -0.565
	  0.220	  0.907	 -0.358
	  0.655	  0.135	  0.744

8 	  46.60	 -10.67	   4.39
	  0.890	 -0.264	  0.372
	  0.172	 -0.562	 -0.809
	  0.423	  0.783	 -0.456

9 	  57.18	 -10.32	   5.61
	  0.943	  0.110	  0.314
	 -0.001	  0.944	 -0.330
	 -0.333	  0.313	  0.889

2 	  33.13	  -6.87	  22.78
	  0.571	  0.820	 -0.028
	 -0.821	  0.570	 -0.015
	  0.004	  0.032	  0.999

3 	  44.47	  -0.44	   0.44
	  0.630	  0.129	  0.765
	 -0.166	  0.985	 -0.031
	 -0.759	 -0.107	  0.642

4 	  40.03	   6.54	  -2.62
	  0.779	  0.625	 -0.043
	 -0.556	  0.721	  0.412
	  0.290	 -0.298	  0.909

5 	  47.57	  10.28	   5.33
	  0.916	  0.186	  0.354
	 -0.214	 -0.520	  0.827
	  0.338	 -0.833	 -0.437

6 	  56.25	  10.83	   5.43
	  0.979	  0.063	  0.193
	 -0.131	  0.922	  0.363
	 -0.155	 -0.381	  0.911

7 	  38.92	  -5.50	  -3.48
	  0.703	 -0.373	 -0.605
	  0.214	  0.922	 -0.321
	  0.678	  0.096	  0.728

8 	  46.83	 -10.69	   3.59
	  0.915	 -0.290	  0.280
	  0.075	 -0.560	 -0.825
	  0.396	  0.776	 -0.491

9 	  57.52	  -9.63	   2.87
	  0.975	  0.179	  0.132
	 -0.121	  0.924	 -0.361
	 -0.188	  0.339	  0.922

2 	  33.13	  -6.87	  22.78
	  0.571	  0.820	 -0.028
	 -0.822	  0.570	 -0.015
	  0.004	  0.032	  0.999

3 	  44.44	  -0.37	   0.44
	  0.624	  0.114	  0.773
	 -0.156	  0.987	 -0.022
	 -0.766	 -0.106	  0.634

4 	  40.08	   6.61	  -2.65
	  0.784	  0.616	 -0.072
	 -0.542	  0.736	  0.405
	  0.303	 -0.278	  0.911

5 	  48.08	  10.62	   4.39
	  0.941	  0.213	  0.264
	 -0.132	 -0.487	  0.863
	  0.312	 -0.847	 -0.431

6 	  56.71	  10.97	   3.60
	  0.994	  0.052	  0.094
	 -0.080	  0.942	  0.324
	 -0.073	 -0.330	  0.941

7 	  38.81	  -5.33	  -3.59
	  0.688	 -0.344	 -0.639
	  0.196	  0.936	 -0.293
	  0.699	  0.076	  0.711

8 	  47.18	 -10.53	   2.83
	  0.937	 -0.281	  0.206
	  0.011	 -0.567	 -0.824
	  0.348	  0.774	 -0.528

9 	  57.80	  -8.30	   0.58
	  0.960	  0.278	 -0.014
	 -0.264	  0.888	 -0.377
	 -0.094	  0.367	  0.925

2 	  33.13	  -6.87	  22.78
	  0.571	  0.820	 -0.028
	 -0.822	  0.570	 -0.015
	  0.004	  0.032	  0.999

3 	  44.28	  -0.28	   0.42
	  0.616	  0.104	  0.780
	 -0.152	  0.988	 -0.012
	 -0.773	 -0.111	  0.625

4 	  39.97	   6.77	  -2.51
	  0.796	  0.596	 -0.104
	 -0.510	  0.753	  0.415
	  0.326	 -0.278	  0.903

5 	  48.45	  10.58	   3.73
	  0.961	  0.201	  0.189
	 -0.073	 -0.475	  0.876
	  0.266	 -0.856	 -0.443

6 	  56.92	  10.79	   2.07
	  0.999	  0.034	  0.014
	 -0.036	  0.954	  0.297
	 -0.004	 -0.297	  0.954

7 	  38.67	  -5.06	  -3.69
	  0.672	 -0.304	 -0.675
	  0.171	  0.951	 -0.258
	  0.720	  0.058	  0.691

8 	  47.37	 -10.30	   2.13
	  0.949	 -0.275	  0.156
	 -0.020	 -0.547	 -0.837
	  0.315	  0.791	 -0.524

9 	  57.81	  -7.77	  -0.56
	  0.949	  0.306	 -0.067
	 -0.309	  0.880	 -0.360
	 -0.053	  0.364	  0.930

2 	  33.13	  -6.87	  22.78
	  0.571	  0.820	 -0.028
	 -0.821	  0.570	 -0.015
	  0.004	  0.032	  0.999

3 	  44.16	  -0.09	   0.37
	  0.620	  0.087	  0.779
	 -0.154	  0.988	  0.011
	 -0.769	 -0.127	  0.626

4 	  39.85	   6.93	  -2.37
	  0.802	  0.580	 -0.141
	 -0.484	  0.769	  0.417
	  0.351	 -0.267	  0.897

5 	  48.81	  10.46	   2.95
	  0.979	  0.177	  0.104
	 -0.010	 -0.467	  0.884
	  0.205	 -0.866	 -0.456

6 	  57.11	  10.25	   0.25
	  0.995	 -0.009	 -0.092
	  0.035	  0.958	  0.285
	  0.086	 -0.286	  0.954

7 	  38.53	  -4.66	  -3.92
	  0.656	 -0.273	 -0.704
	  0.169	  0.961	 -0.216
	  0.736	  0.023	  0.677

8 	  47.37	 -10.16	   1.27
	  0.951	 -0.286	  0.117
	 -0.049	 -0.513	 -0.857
	  0.305	  0.810	 -0.502

9 	  57.74	  -7.42	  -1.62
	  0.941	  0.322	 -0.099
	 -0.337	  0.876	 -0.344
	 -0.025	  0.358	  0.933

2 	  33.13	  -6.87	  22.78
	  0.571	  0.820	 -0.028
	 -0.822	  0.570	 -0.016
	  0.004	  0.032	  0.999

3 	  44.10	   0.07	   0.21
	  0.634	  0.070	  0.770
	 -0.146	  0.989	  0.028
	 -0.759	 -0.130	  0.637

4 	  39.78	   7.05	  -2.36
	  0.808	  0.559	 -0.187
	 -0.449	  0.788	  0.420
	  0.383	 -0.256	  0.887

5 	  49.10	  10.35	   2.09
	  0.987	  0.156	  0.022
	  0.053	 -0.462	  0.885
	  0.148	 -0.873	 -0.465

6 	  57.11	   9.88	  -1.56
	  0.980	 -0.041	 -0.196
	  0.095	  0.957	  0.273
	  0.177	 -0.284	  0.942

7 	  38.29	  -4.34	  -4.06
	  0.630	 -0.246	 -0.736
	  0.174	  0.969	 -0.175
	  0.756	 -0.018	  0.653

8 	  47.18	 -10.28	   0.33
	  0.946	 -0.318	  0.051
	 -0.108	 -0.463	 -0.880
	  0.303	  0.827	 -0.472

9 	  57.39	  -7.19	  -3.30
	  0.927	  0.342	 -0.155
	 -0.375	  0.878	 -0.297
	  0.034	  0.334	  0.942

2 	  33.13	  -6.87	  22.78
	  0.571	  0.820	 -0.028
	 -0.821	  0.570	 -0.015
	  0.004	  0.032	  0.999

3 	  44.00	   0.16	   0.05
	  0.659	  0.052	  0.750
	 -0.131	  0.990	  0.046
	 -0.740	 -0.128	  0.660

4 	  39.57	   7.00	  -2.44
	  0.805	  0.525	 -0.275
	 -0.398	  0.822	  0.406
	  0.440	 -0.218	  0.871

5 	  49.17	  10.35	   0.07
	  0.977	  0.162	 -0.140
	  0.198	 -0.432	  0.880
	  0.082	 -0.887	 -0.454

6 	  56.41	   9.81	  -5.27
	  0.924	 -0.045	 -0.379
	  0.140	  0.964	  0.225
	  0.356	 -0.257	  0.898

7 	  38.04	  -4.04	  -4.24
	  0.608	 -0.229	 -0.760
	  0.185	  0.972	 -0.145
	  0.772	 -0.053	  0.633

8 	  46.92	 -10.32	  -0.46
	  0.935	 -0.353	  0.008
	 -0.153	 -0.426	 -0.892
	  0.318	  0.833	 -0.452

9 	  57.08	  -7.59	  -4.57
	  0.932	  0.307	 -0.192
	 -0.353	  0.891	 -0.285
	  0.083	  0.333	  0.939

2 	  33.13	  -6.87	  22.78
	  0.571	  0.820	 -0.028
	 -0.821	  0.570	 -0.015
	  0.004	  0.032	  0.999

3 	  43.98	   0.26	  -0.11
	  0.654	  0.045	  0.754
	 -0.125	  0.991	  0.049
	 -0.746	 -0.126	  0.654

4 	  39.36	   6.91	  -2.72
	  0.788	  0.496	 -0.364
	 -0.362	  0.852	  0.379
	  0.499	 -0.167	  0.850

5 	  48.92	  10.42	  -2.27
	  0.928	  0.178	 -0.325
	  0.370	 -0.388	  0.844
	  0.023	 -0.904	 -0.427

6 	  54.90	   9.47	  -9.58
	  0.801	 -0.081	 -0.593
	  0.203	  0.969	  0.138
	  0.566	 -0.226	  0.793

7 	  37.99	  -3.73	  -4.38
	  0.597	 -0.223	 -0.771
	  0.212	  0.970	 -0.117
	  0.774	 -0.093	  0.626

8 	  46.62	 -10.46	  -0.91
	  0.917	 -0.399	 -0.007
	 -0.176	 -0.390	 -0.904
	  0.358	  0.830	 -0.427

9 	  56.92	  -8.49	  -4.96
	  0.953	  0.233	 -0.189
	 -0.283	  0.910	 -0.303
	  0.101	  0.342	  0.934

2 	  33.13	  -6.87	  22.78
	  0.571	  0.820	 -0.028
	 -0.821	  0.570	 -0.015
	  0.004	  0.032	  0.999

3 	  43.98	   0.25	  -0.14
	  0.651	  0.043	  0.757
	 -0.114	  0.993	  0.041
	 -0.750	 -0.112	  0.651

4 	  39.22	   6.71	  -2.90
	  0.777	  0.466	 -0.423
	 -0.328	  0.873	  0.360
	  0.537	 -0.142	  0.831

5 	  48.43	  10.27	  -3.85
	  0.874	  0.185	 -0.449
	  0.486	 -0.358	  0.797
	 -0.015	 -0.915	 -0.404

6 	  53.16	   8.95	 -12.48
	  0.679	 -0.124	 -0.724
	  0.234	  0.971	  0.048
	  0.700	 -0.197	  0.686

7 	  37.85	  -3.73	  -4.34
	  0.587	 -0.233	 -0.775
	  0.229	  0.966	 -0.117
	  0.776	 -0.109	  0.621

8 	  46.27	 -10.78	  -0.93
	  0.901	 -0.434	 -0.005
	 -0.186	 -0.374	 -0.909
	  0.393	  0.820	 -0.417

9 	  56.62	  -9.19	  -4.90
	  0.963	  0.198	 -0.181
	 -0.246	  0.922	 -0.297
	  0.108	  0.330	  0.938

2 	  33.13	  -6.87	  22.78
	  0.571	  0.820	 -0.028
	 -0.821	  0.570	 -0.015
	  0.004	  0.032	  0.999

3 	  43.88	   0.19	  -0.14
	  0.654	  0.051	  0.754
	 -0.115	  0.993	  0.031
	 -0.747	 -0.107	  0.655

4 	  38.99	   6.49	  -3.13
	  0.765	  0.447	 -0.463
	 -0.311	  0.886	  0.342
	  0.564	 -0.119	  0.817

5 	  47.62	  10.32	  -5.47
	  0.796	  0.208	 -0.568
	  0.605	 -0.301	  0.736
	 -0.019	 -0.930	 -0.367

6 	  51.13	   8.70	 -14.80
	  0.552	 -0.158	 -0.819
	  0.222	  0.974	 -0.044
	  0.807	 -0.153	  0.570

7 	  37.71	  -3.71	  -4.38
	  0.578	 -0.242	 -0.779
	  0.243	  0.963	 -0.119
	  0.779	 -0.120	  0.615

8 	  45.95	 -10.93	  -0.98
	  0.888	 -0.459	 -0.007
	 -0.194	 -0.362	 -0.912
	  0.416	  0.812	 -0.410

9 	  56.36	  -9.67	  -4.89
	  0.970	  0.171	 -0.171
	 -0.216	  0.932	 -0.292
	  0.110	  0.319	  0.941

2 	  33.13	  -6.87	  22.78
	  0.571	  0.820	 -0.027
	 -0.821	  0.570	 -0.015
	  0.004	  0.031	  0.999

3 	  43.72	   0.18	  -0.26
	  0.650	  0.049	  0.758
	 -0.098	  0.995	  0.018
	 -0.754	 -0.086	  0.651

4 	  38.67	   6.22	  -3.39
	  0.764	  0.433	 -0.478
	 -0.297	  0.893	  0.337
	  0.574	 -0.116	  0.810

5 	  47.04	  10.21	  -6.33
	  0.755	  0.216	 -0.619
	  0.656	 -0.272	  0.704
	 -0.018	 -0.937	 -0.348

6 	  50.20	   8.46	 -15.96
	  0.495	 -0.168	 -0.852
	  0.208	  0.975	 -0.079
	  0.846	 -0.134	  0.515

7 	  37.37	  -3.53	  -4.46
	  0.566	 -0.233	 -0.791
	  0.254	  0.962	 -0.102
	  0.784	 -0.143	  0.603

8 	  45.58	 -11.00	  -1.49
	  0.878	 -0.476	 -0.042
	 -0.225	 -0.334	 -0.915
	  0.422	  0.813	 -0.401

9 	  55.92	  -9.83	  -5.66
	  0.967	  0.159	 -0.198
	 -0.210	  0.940	 -0.268
	  0.144	  0.300	  0.943

2 	  33.13	  -6.87	  22.78
	  0.571	  0.820	 -0.028
	 -0.821	  0.570	 -0.015
	  0.004	  0.032	  0.999

3 	  43.61	   0.14	  -0.33
	  0.647	  0.049	  0.761
	 -0.086	  0.996	  0.008
	 -0.758	 -0.071	  0.649

4 	  38.50	   6.19	  -3.43
	  0.762	  0.435	 -0.479
	 -0.291	  0.891	  0.347
	  0.579	 -0.126	  0.805

5 	  46.85	  10.23	  -6.49
	  0.746	  0.222	 -0.628
	  0.666	 -0.269	  0.696
	 -0.016	 -0.937	 -0.349

6 	  49.97	   8.53	 -16.07
	  0.489	 -0.166	 -0.856
	  0.203	  0.976	 -0.080
	  0.851	 -0.130	  0.507

7 	  37.28	  -3.46	  -4.45
	  0.559	 -0.231	 -0.796
	  0.256	  0.961	 -0.100
	  0.789	 -0.148	  0.596

8 	  45.47	 -10.99	  -1.55
	  0.877	 -0.477	 -0.047
	 -0.230	 -0.332	 -0.915
	  0.421	  0.814	 -0.400

9 	  55.81	  -9.84	  -5.82
	  0.965	  0.159	 -0.207
	 -0.213	  0.940	 -0.265
	  0.152	  0.299	  0.942

2 	  33.13	  -6.87	  22.78
	  0.571	  0.820	 -0.028
	 -0.822	  0.570	 -0.015
	  0.004	  0.032	  0.999

3 	  43.65	   0.19	  -0.33
	  0.632	  0.055	  0.773
	 -0.082	  0.997	 -0.005
	 -0.771	 -0.060	  0.634

4 	  38.57	   6.21	  -3.45
	  0.764	  0.441	 -0.471
	 -0.295	  0.887	  0.355
	  0.575	 -0.133	  0.807

5 	  46.79	  10.39	  -6.50
	  0.737	  0.235	 -0.633
	  0.675	 -0.265	  0.688
	 -0.007	 -0.935	 -0.355

6 	  49.80	   8.81	 -16.21
	  0.477	 -0.157	 -0.865
	  0.181	  0.980	 -0.084
	  0.863	 -0.111	  0.492

7 	  37.37	  -3.39	  -4.48
	  0.562	 -0.247	 -0.789
	  0.275	  0.956	 -0.104
	  0.780	 -0.158	  0.605

8 	  45.30	 -11.13	  -1.34
	  0.864	 -0.502	 -0.023
	 -0.215	 -0.327	 -0.920
	  0.455	  0.800	 -0.390

9 	  55.74	 -10.20	  -5.36
	  0.971	  0.142	 -0.189
	 -0.193	  0.940	 -0.280
	  0.138	  0.308	  0.941

2 	  33.13	  -6.87	  22.78
	  0.571	  0.820	 -0.028
	 -0.821	  0.570	 -0.015
	  0.004	  0.032	  0.999

3 	  43.63	   0.18	  -0.28
	  0.638	  0.056	  0.768
	 -0.093	  0.996	  0.003
	 -0.765	 -0.073	  0.640

4 	  38.50	   6.19	  -3.43
	  0.762	  0.453	 -0.462
	 -0.303	  0.880	  0.364
	  0.572	 -0.138	  0.808

5 	  46.63	  10.56	  -6.49
	  0.727	  0.254	 -0.637
	  0.686	 -0.265	  0.677
	  0.003	 -0.930	 -0.367

6 	  49.59	   9.05	 -16.28
	  0.467	 -0.149	 -0.872
	  0.174	  0.981	 -0.081
	  0.869	 -0.109	  0.481

7 	  37.42	  -3.50	  -4.43
	  0.571	 -0.242	 -0.784
	  0.260	  0.959	 -0.107
	  0.778	 -0.143	  0.611

8 	  45.42	 -11.13	  -1.28
	  0.868	 -0.496	 -0.021
	 -0.204	 -0.319	 -0.925
	  0.452	  0.807	 -0.378

9 	  55.90	 -10.07	  -5.12
	  0.971	  0.160	 -0.175
	 -0.207	  0.936	 -0.285
	  0.118	  0.313	  0.942

2 	  33.13	  -6.87	  22.78
	  0.571	  0.820	 -0.028
	 -0.822	  0.570	 -0.015
	  0.004	  0.032	  0.999

3 	  43.70	   0.23	  -0.30
	  0.635	  0.077	  0.769
	 -0.115	  0.993	 -0.005
	 -0.765	 -0.085	  0.639

4 	  38.43	   6.08	  -3.52
	  0.748	  0.472	 -0.467
	 -0.327	  0.873	  0.360
	  0.578	 -0.117	  0.807

5 	  46.30	  10.79	  -6.68
	  0.710	  0.282	 -0.645
	  0.702	 -0.224	  0.676
	  0.045	 -0.933	 -0.357

6 	  49.25	   9.33	 -16.45
	  0.469	 -0.136	 -0.873
	  0.126	  0.988	 -0.092
	  0.876	 -0.063	  0.478

7 	  37.56	  -3.55	  -4.45
	  0.576	 -0.241	 -0.781
	  0.250	  0.962	 -0.112
	  0.778	 -0.130	  0.614

8 	  45.60	 -11.11	  -1.21
	  0.872	 -0.489	 -0.018
	 -0.201	 -0.326	 -0.924
	  0.446	  0.809	 -0.382

9 	  56.02	  -9.86	  -5.03
	  0.968	  0.179	 -0.176
	 -0.227	  0.927	 -0.297
	  0.110	  0.327	  0.938

2 	  33.13	  -6.87	  22.78
	  0.571	  0.821	 -0.028
	 -0.822	  0.569	 -0.015
	  0.004	  0.032	  0.999

3 	  43.73	   0.26	  -0.28
	  0.617	  0.087	  0.782
	 -0.119	  0.993	 -0.018
	 -0.778	 -0.082	  0.622

4 	  38.41	   6.05	  -3.55
	  0.744	  0.480	 -0.464
	 -0.337	  0.869	  0.361
	  0.578	 -0.113	  0.808

5 	  46.20	  10.93	  -6.68
	  0.700	  0.293	 -0.651
	  0.712	 -0.218	  0.668
	  0.053	 -0.931	 -0.361

6 	  48.99	   9.37	 -16.49
	  0.446	 -0.163	 -0.880
	  0.130	  0.984	 -0.123
	  0.887	 -0.056	  0.457

7 	  37.55	  -3.52	  -4.41
	  0.574	 -0.251	 -0.780
	  0.265	  0.957	 -0.114
	  0.775	 -0.141	  0.616

8 	  45.39	 -11.21	  -1.07
	  0.863	 -0.504	 -0.005
	 -0.193	 -0.322	 -0.927
	  0.466	  0.801	 -0.375

9 	  55.95	 -10.07	  -4.83
	  0.970	  0.169	 -0.171
	 -0.216	  0.927	 -0.306
	  0.107	  0.333	  0.936

2 	  33.13	  -6.89	  22.78
	  0.571	  0.820	 -0.027
	 -0.821	  0.570	 -0.015
	  0.004	  0.031	  0.999

3 	  43.75	   0.26	  -0.26
	  0.621	  0.086	  0.779
	 -0.115	  0.993	 -0.019
	 -0.776	 -0.078	  0.626

4 	  38.50	   6.06	  -3.55
	  0.751	  0.475	 -0.458
	 -0.333	  0.872	  0.359
	  0.571	 -0.119	  0.812

5 	  46.34	  10.90	  -6.57
	  0.712	  0.295	 -0.637
	  0.699	 -0.211	  0.683
	  0.066	 -0.932	 -0.356

6 	  49.39	   9.33	 -16.40
	  0.469	 -0.151	 -0.870
	  0.116	  0.986	 -0.115
	  0.877	 -0.042	  0.478

7 	  37.60	  -3.59	  -4.39
	  0.578	 -0.270	 -0.770
	  0.275	  0.953	 -0.128
	  0.768	 -0.138	  0.625

8 	  45.37	 -11.27	  -0.70
	  0.861	 -0.507	  0.025
	 -0.175	 -0.341	 -0.924
	  0.477	  0.791	 -0.382

9 	  55.95	 -10.42	  -4.10
	  0.976	  0.152	 -0.157
	 -0.199	  0.919	 -0.341
	  0.092	  0.363	  0.927

2 	  33.13	  -6.87	  22.78
	  0.571	  0.820	 -0.028
	 -0.821	  0.570	 -0.015
	  0.004	  0.032	  0.999

3 	  43.84	   0.23	  -0.26
	  0.600	  0.080	  0.795
	 -0.100	  0.994	 -0.025
	 -0.793	 -0.065	  0.605

4 	  38.58	   6.05	  -3.60
	  0.754	  0.469	 -0.460
	 -0.327	  0.874	  0.358
	  0.570	 -0.120	  0.812

5 	  46.39	  10.88	  -6.66
	  0.712	  0.295	 -0.637
	  0.699	 -0.213	  0.682
	  0.065	 -0.931	 -0.358

6 	  49.45	   9.42	 -16.44
	  0.472	 -0.137	 -0.871
	  0.113	  0.988	 -0.100
	  0.876	 -0.047	  0.480

7 	  37.55	  -3.43	  -4.43
	  0.577	 -0.263	 -0.773
	  0.282	  0.952	 -0.114
	  0.766	 -0.153	  0.624

8 	  45.26	 -11.20	  -1.02
	  0.858	 -0.514	  0.003
	 -0.187	 -0.318	 -0.929
	  0.478	  0.797	 -0.369

9 	  55.85	 -10.34	  -4.54
	  0.972	  0.161	 -0.173
	 -0.208	  0.928	 -0.308
	  0.111	  0.335	  0.935

2 	  33.13	  -6.87	  22.78
	  0.571	  0.820	 -0.028
	 -0.821	  0.570	 -0.015
	  0.004	  0.032	  0.999

3 	  43.80	   0.30	  -0.25
	  0.606	  0.061	  0.793
	 -0.086	  0.996	 -0.012
	 -0.791	 -0.061	  0.609

4 	  38.62	   6.22	  -3.55
	  0.760	  0.466	 -0.452
	 -0.317	  0.873	  0.369
	  0.568	 -0.138	  0.811

5 	  46.42	  11.06	  -6.54
	  0.713	  0.304	 -0.631
	  0.697	 -0.214	  0.684
	  0.073	 -0.928	 -0.365

6 	  49.54	   9.79	 -16.28
	  0.483	 -0.122	 -0.867
	  0.104	  0.990	 -0.089
	  0.871	 -0.043	  0.489

7 	  37.48	  -3.27	  -4.45
	  0.571	 -0.261	 -0.778
	  0.295	  0.950	 -0.102
	  0.766	 -0.171	  0.620

8 	  45.11	 -11.21	  -1.20
	  0.850	 -0.527	 -0.009
	 -0.200	 -0.307	 -0.931
	  0.487	  0.793	 -0.366

9 	  55.72	 -10.37	  -4.76
	  0.971	  0.157	 -0.179
	 -0.207	  0.930	 -0.302
	  0.119	  0.330	  0.936

2 	  33.13	  -6.87	  22.78
	  0.571	  0.820	 -0.028
	 -0.822	  0.570	 -0.015
	  0.004	  0.032	  0.999

3 	  43.80	   0.28	  -0.26
	  0.612	  0.058	  0.788
	 -0.079	  0.997	 -0.013
	 -0.787	 -0.055	  0.614

4 	  38.64	   6.22	  -3.57
	  0.761	  0.466	 -0.450
	 -0.317	  0.873	  0.370
	  0.566	 -0.140	  0.812

5 	  46.44	  11.14	  -6.50
	  0.714	  0.311	 -0.627
	  0.695	 -0.212	  0.687
	  0.080	 -0.927	 -0.367

6 	  49.61	   9.90	 -16.21
	  0.487	 -0.116	 -0.865
	  0.097	  0.992	 -0.085
	  0.869	 -0.038	  0.492

7 	  37.48	  -3.23	  -4.50
	  0.570	 -0.262	 -0.779
	  0.300	  0.948	 -0.099
	  0.765	 -0.177	  0.619

8 	  45.02	 -11.32	  -1.32
	  0.843	 -0.538	 -0.012
	 -0.202	 -0.295	 -0.934
	  0.499	  0.789	 -0.357

9 	  55.62	 -10.49	  -4.89
	  0.972	  0.151	 -0.176
	 -0.199	  0.935	 -0.293
	  0.120	  0.320	  0.940

2 	  33.13	  -6.87	  22.78
	  0.571	  0.821	 -0.028
	 -0.822	  0.569	 -0.015
	  0.004	  0.032	  0.999

3 	  43.80	   0.23	  -0.26
	  0.603	  0.063	  0.795
	 -0.078	  0.997	 -0.020
	 -0.794	 -0.050	  0.606

4 	  38.67	   6.21	  -3.60
	  0.764	  0.464	 -0.448
	 -0.316	  0.874	  0.369
	  0.563	 -0.141	  0.814

5 	  46.48	  11.11	  -6.50
	  0.716	  0.310	 -0.625
	  0.693	 -0.212	  0.688
	  0.080	 -0.927	 -0.367

6 	  49.66	   9.84	 -16.21
	  0.488	 -0.118	 -0.865
	  0.097	  0.991	 -0.087
	  0.869	 -0.037	  0.493

7 	  37.49	  -3.27	  -4.52
	  0.570	 -0.270	 -0.776
	  0.309	  0.945	 -0.102
	  0.761	 -0.181	  0.622

8 	  44.98	 -11.37	  -1.27
	  0.840	 -0.543	 -0.005
	 -0.195	 -0.293	 -0.936
	  0.507	  0.787	 -0.351

9 	  55.60	 -10.60	  -4.80
	  0.974	  0.147	 -0.172
	 -0.194	  0.935	 -0.295
	  0.117	  0.320	  0.940

2 	  33.13	  -6.87	  22.76
	  0.571	  0.820	 -0.028
	 -0.822	  0.570	 -0.015
	  0.004	  0.032	  0.999

3 	  43.84	   0.18	  -0.23
	  0.594	  0.077	  0.800
	 -0.079	  0.996	 -0.038
	 -0.801	 -0.040	  0.598

4 	  38.76	   6.12	  -3.66
	  0.767	  0.461	 -0.445
	 -0.316	  0.876	  0.364
	  0.558	 -0.140	  0.817

5 	  46.60	  11.00	  -6.50
	  0.722	  0.306	 -0.621
	  0.687	 -0.211	  0.695
	  0.081	 -0.928	 -0.362

6 	  49.85	   9.70	 -16.15
	  0.496	 -0.122	 -0.860
	  0.099	  0.991	 -0.089
	  0.864	 -0.037	  0.501

7 	  37.58	  -3.34	  -4.54
	  0.575	 -0.274	 -0.771
	  0.310	  0.945	 -0.105
	  0.757	 -0.178	  0.628

8 	  45.02	 -11.44	  -1.16
	  0.839	 -0.544	  0.007
	 -0.184	 -0.294	 -0.938
	  0.512	  0.786	 -0.346

9 	  55.63	 -10.76	  -4.57
	  0.977	  0.141	 -0.159
	 -0.184	  0.935	 -0.302
	  0.106	  0.324	  0.940

2 	  33.13	  -6.87	  22.76
	  0.571	  0.820	 -0.028
	 -0.822	  0.570	 -0.015
	  0.004	  0.032	  0.999

3 	  43.86	   0.14	  -0.19
	  0.606	  0.090	  0.790
	 -0.086	  0.995	 -0.048
	 -0.790	 -0.038	  0.611

4 	  38.79	   6.12	  -3.64
	  0.772	  0.460	 -0.438
	 -0.318	  0.876	  0.362
	  0.551	 -0.142	  0.823

5 	  46.67	  10.97	  -6.42
	  0.727	  0.302	 -0.617
	  0.682	 -0.217	  0.698
	  0.076	 -0.928	 -0.364

6 	  49.99	   9.63	 -15.98
	  0.501	 -0.132	 -0.855
	  0.108	  0.989	 -0.095
	  0.860	 -0.041	  0.508

7 	  37.69	  -3.52	  -4.39
	  0.595	 -0.305	 -0.743
	  0.313	  0.940	 -0.135
	  0.740	 -0.152	  0.655

8 	  44.84	 -11.62	   0.09
	  0.833	 -0.544	  0.097
	 -0.121	 -0.350	 -0.929
	  0.539	  0.762	 -0.358

9 	  55.65	 -11.13	  -1.93
	  0.990	  0.130	 -0.042
	 -0.137	  0.935	 -0.327
	 -0.003	  0.330	  0.944

2 	  33.13	  -6.87	  22.76
	  0.571	  0.820	 -0.028
	 -0.821	  0.570	 -0.015
	  0.004	  0.032	  0.999

3 	  43.96	   0.23	   0.04
	  0.615	  0.114	  0.780
	 -0.133	  0.990	 -0.041
	 -0.778	 -0.078	  0.624

4 	  38.99	   6.21	  -3.43
	  0.791	  0.474	 -0.387
	 -0.333	  0.863	  0.379
	  0.514	 -0.172	  0.840

5 	  47.14	  11.29	  -5.36
	  0.772	  0.323	 -0.547
	  0.626	 -0.242	  0.741
	  0.107	 -0.915	 -0.389

6 	  51.38	  10.25	 -14.47
	  0.580	 -0.104	 -0.808
	  0.108	  0.993	 -0.054
	  0.809	 -0.052	  0.586

7 	  38.36	  -4.27	  -4.04
	  0.664	 -0.440	 -0.604
	  0.350	  0.897	 -0.269
	  0.660	 -0.033	  0.750

8 	  43.68	 -11.43	   4.13
	  0.759	 -0.492	  0.426
	  0.118	 -0.540	 -0.833
	  0.640	  0.682	 -0.352

9 	  54.42	 -11.21	   6.47
	  0.932	  0.140	  0.333
	  0.049	  0.863	 -0.503
	 -0.358	  0.487	  0.796

2 	  33.13	  -6.87	  22.76
	  0.571	  0.821	 -0.028
	 -0.822	  0.569	 -0.015
	  0.004	  0.032	  0.999

3 	  44.46	   0.12	   0.35
	  0.583	  0.154	  0.797
	 -0.154	  0.985	 -0.078
	 -0.798	 -0.077	  0.598

4 	  39.64	   6.17	  -3.25
	  0.823	  0.466	 -0.325
	 -0.334	  0.859	  0.388
	  0.460	 -0.211	  0.862

5 	  48.11	  11.07	  -4.13
	  0.830	  0.307	 -0.465
	  0.546	 -0.276	  0.791
	  0.114	 -0.910	 -0.397

6 	  52.98	   9.98	 -12.85
	  0.652	 -0.116	 -0.749
	  0.126	  0.991	 -0.048
	  0.749	 -0.059	  0.659

7 	  39.13	  -5.24	  -3.41
	  0.709	 -0.551	 -0.440
	  0.407	  0.829	 -0.383
	  0.576	  0.093	  0.812

8 	  41.94	 -11.41	   6.64
	  0.568	 -0.444	  0.693
	  0.319	 -0.659	 -0.681
	  0.759	  0.607	 -0.233

9 	  51.36	 -11.90	  12.78
	  0.765	  0.121	  0.633
	  0.285	  0.818	 -0.500
	 -0.578	  0.562	  0.591

2 	  33.13	  -6.87	  22.78
	  0.571	  0.820	 -0.028
	 -0.821	  0.570	 -0.015
	  0.004	  0.032	  0.999

3 	  44.84	  -0.30	   0.60
	  0.528	  0.168	  0.832
	 -0.118	  0.985	 -0.125
	 -0.841	 -0.032	  0.540

4 	  40.13	   5.84	  -3.38
	  0.846	  0.442	 -0.298
	 -0.330	  0.872	  0.361
	  0.420	 -0.207	  0.883

5 	  48.67	  10.56	  -3.97
	  0.855	  0.292	 -0.427
	  0.501	 -0.264	  0.824
	  0.128	 -0.919	 -0.373

6 	  53.86	   9.46	 -12.46
	  0.696	 -0.104	 -0.710
	  0.105	  0.993	 -0.048
	  0.712	 -0.037	  0.701

7 	  39.62	  -6.12	  -2.76
	  0.723	 -0.625	 -0.294
	  0.446	  0.747	 -0.493
	  0.528	  0.226	  0.818

8 	  39.99	 -10.90	   8.16
	  0.299	 -0.334	  0.894
	  0.445	 -0.781	 -0.438
	  0.845	  0.527	 -0.084

9 	  46.63	 -11.87	  17.95
	  0.455	  0.105	  0.884
	  0.442	  0.836	 -0.325
	 -0.775	  0.537	  0.334

2 	  33.13	  -6.87	  22.76
	  0.571	  0.820	 -0.028
	 -0.822	  0.570	 -0.015
	  0.004	  0.032	  0.999

3 	  44.82	  -0.62	   0.70
	  0.495	  0.192	  0.847
	 -0.109	  0.981	 -0.159
	 -0.862	 -0.013	  0.506

4 	  39.99	   5.31	  -3.62
	  0.840	  0.436	 -0.322
	 -0.333	  0.883	  0.329
	  0.429	 -0.170	  0.887

5 	  48.32	  10.20	  -4.66
	  0.835	  0.297	 -0.463
	  0.531	 -0.218	  0.818
	  0.142	 -0.929	 -0.340

6 	  53.21	   8.95	 -13.36
	  0.671	 -0.116	 -0.732
	  0.082	  0.993	 -0.088
	  0.739	  0.003	  0.674

7 	  39.74	  -6.68	  -2.30
	  0.732	 -0.646	 -0.219
	  0.457	  0.702	 -0.547
	  0.507	  0.300	  0.808

8 	  38.87	 -10.28	   8.74
	  0.109	 -0.227	  0.968
	  0.431	 -0.867	 -0.250
	  0.896	  0.444	  0.003

9 	  44.07	 -11.74	  19.62
	  0.291	  0.105	  0.951
	  0.503	  0.829	 -0.244
	 -0.816	  0.547	  0.188

2 	  33.13	  -6.87	  22.76
	  0.571	  0.820	 -0.028
	 -0.822	  0.570	 -0.015
	  0.004	  0.032	  0.999

3 	  44.63	  -0.77	   0.69
	  0.487	  0.202	  0.849
	 -0.120	  0.979	 -0.164
	 -0.865	 -0.022	  0.501

4 	  39.66	   5.04	  -3.67
	  0.823	  0.438	 -0.361
	 -0.333	  0.887	  0.319
	  0.460	 -0.143	  0.876

5 	  47.69	  10.12	  -5.55
	  0.790	  0.313	 -0.526
	  0.594	 -0.178	  0.784
	  0.152	 -0.933	 -0.327

6 	  52.00	   9.02	 -14.68
	  0.616	 -0.090	 -0.782
	  0.032	  0.995	 -0.093
	  0.787	  0.035	  0.615

7 	  39.80	  -6.71	  -2.39
	  0.733	 -0.646	 -0.214
	  0.458	  0.700	 -0.547
	  0.503	  0.303	  0.809

8 	  38.83	 -10.25	   8.63
	  0.105	 -0.242	  0.964
	  0.408	 -0.874	 -0.262
	  0.907	  0.421	  0.007

9 	  44.03	 -12.08	  19.44
	  0.310	  0.079	  0.947
	  0.552	  0.797	 -0.244
	 -0.776	  0.597	  0.203

2 	  33.13	  -6.87	  22.76
	  0.571	  0.820	 -0.028
	 -0.822	  0.570	 -0.015
	  0.004	  0.032	  0.999

3 	  44.60	  -0.51	   0.65
	  0.469	  0.204	  0.859
	 -0.128	  0.978	 -0.163
	 -0.874	 -0.033	  0.484

4 	  39.41	   5.10	  -3.76
	  0.797	  0.459	 -0.393
	 -0.337	  0.877	  0.343
	  0.503	 -0.141	  0.853

5 	  46.97	  10.18	  -6.66
	  0.716	  0.311	 -0.625
	  0.692	 -0.198	  0.694
	  0.092	 -0.929	 -0.357

6 	  49.90	   9.23	 -16.49
	  0.479	 -0.084	 -0.874
	  0.083	  0.995	 -0.057
	  0.875	 -0.041	  0.481

7 	  39.96	  -6.40	  -2.58
	  0.753	 -0.622	 -0.214
	  0.446	  0.721	 -0.531
	  0.485	  0.304	  0.820

8 	  39.01	 -10.21	   8.40
	  0.105	 -0.255	  0.961
	  0.449	 -0.850	 -0.273
	  0.887	  0.460	  0.026

9 	  44.21	 -11.90	  19.25
	  0.299	  0.084	  0.950
	  0.519	  0.821	 -0.234
	 -0.802	  0.562	  0.201

2 	  33.13	  -6.87	  22.76
	  0.571	  0.820	 -0.028
	 -0.821	  0.570	 -0.015
	  0.004	  0.032	  0.999

3 	  44.51	  -0.37	   0.60
	  0.461	  0.212	  0.861
	 -0.150	  0.975	 -0.161
	 -0.875	 -0.054	  0.481

4 	  39.09	   5.06	  -3.81
	  0.777	  0.481	 -0.405
	 -0.345	  0.864	  0.366
	  0.526	 -0.146	  0.837

5 	  46.49	  10.21	  -7.05
	  0.674	  0.304	 -0.673
	  0.736	 -0.205	  0.644
	  0.057	 -0.930	 -0.362

6 	  48.78	   8.68	 -17.12
	  0.397	 -0.161	 -0.904
	  0.124	  0.984	 -0.126
	  0.911	 -0.059	  0.408

7 	  39.81	  -6.36	  -2.60
	  0.752	 -0.623	 -0.216
	  0.447	  0.722	 -0.528
	  0.485	  0.301	  0.821

8 	  38.90	 -10.18	   8.40
	  0.111	 -0.259	  0.959
	  0.426	 -0.860	 -0.280
	  0.898	  0.439	  0.015

9 	  44.17	 -12.04	  19.20
	  0.306	  0.072	  0.949
	  0.531	  0.815	 -0.231
	 -0.792	  0.573	  0.211

2 	  33.13	  -6.87	  22.78
	  0.571	  0.821	 -0.028
	 -0.822	  0.569	 -0.015
	  0.004	  0.032	  0.999

3 	  44.42	  -0.46	   0.54
	  0.476	  0.224	  0.850
	 -0.156	  0.973	 -0.170
	 -0.866	 -0.052	  0.498

4 	  38.87	   4.90	  -3.85
	  0.762	  0.502	 -0.408
	 -0.379	  0.857	  0.350
	  0.527	 -0.113	  0.842

5 	  46.58	  10.21	  -6.56
	  0.712	  0.299	 -0.635
	  0.700	 -0.240	  0.672
	  0.048	 -0.924	 -0.380

6 	  49.76	   8.70	 -15.75
	  0.457	 -0.192	 -0.869
	  0.248	  0.964	 -0.089
	  0.858	 -0.171	  0.484

7 	  39.45	  -6.56	  -2.44
	  0.746	 -0.628	 -0.221
	  0.433	  0.709	 -0.556
	  0.507	  0.319	  0.801

8 	  38.81	 -10.21	   8.67
	  0.138	 -0.240	  0.961
	  0.426	 -0.862	 -0.275
	  0.895	  0.446	 -0.016

9 	  44.21	 -12.02	  19.28
	  0.320	  0.072	  0.945
	  0.532	  0.811	 -0.240
	 -0.786	  0.578	  0.220

2 	  33.13	  -6.87	  22.78
	  0.571	  0.820	 -0.028
	 -0.821	  0.570	 -0.015
	  0.004	  0.032	  0.999

3 	  44.03	  -0.56	   0.49
	  0.552	  0.217	  0.805
	 -0.166	  0.974	 -0.151
	 -0.817	 -0.050	  0.574

4 	  38.79	   5.43	  -3.45
	  0.776	  0.572	 -0.266
	 -0.483	  0.809	  0.334
	  0.407	 -0.132	  0.904

5 	  47.85	  10.30	  -0.70
	  0.945	  0.271	 -0.182
	  0.283	 -0.407	  0.868
	  0.161	 -0.872	 -0.462

6 	  55.16	   8.77	  -6.49
	  0.843	 -0.219	 -0.491
	  0.290	  0.954	  0.068
	  0.457	 -0.196	  0.867

7 	  39.27	  -6.47	  -2.53
	  0.727	 -0.642	 -0.245
	  0.431	  0.702	 -0.567
	  0.536	  0.307	  0.786

8 	  38.81	 -10.14	   8.58
	  0.151	 -0.243	  0.958
	  0.411	 -0.866	 -0.283
	  0.899	  0.436	 -0.030

9 	  44.37	 -12.01	  19.18
	  0.336	  0.070	  0.939
	  0.540	  0.803	 -0.251
	 -0.774	  0.590	  0.231

2 	  33.13	  -6.87	  22.78
	  0.571	  0.820	 -0.028
	 -0.821	  0.570	 -0.015
	  0.004	  0.032	  0.999

3 	  44.49	  -0.70	   0.60
	  0.580	  0.186	  0.793
	 -0.143	  0.981	 -0.126
	 -0.802	 -0.040	  0.596

4 	  40.25	   6.21	  -2.92
	  0.832	  0.554	 -0.009
	 -0.494	  0.748	  0.442
	  0.253	 -0.364	  0.896

5 	  47.50	  10.02	   5.33
	  0.922	  0.202	  0.330
	 -0.158	 -0.583	  0.797
	  0.353	 -0.786	 -0.506

6 	  56.09	  10.07	   5.47
	  0.987	 -0.059	  0.150
	 -0.000	  0.929	  0.369
	 -0.162	 -0.366	  0.917

7 	  39.78	  -6.70	  -2.76
	  0.725	 -0.652	 -0.221
	  0.451	  0.692	 -0.564
	  0.521	  0.309	  0.795

8 	  39.22	 -10.21	   8.46
	  0.148	 -0.223	  0.964
	  0.474	 -0.839	 -0.266
	  0.868	  0.495	 -0.018

9 	  44.44	 -11.78	  19.21
	  0.308	  0.093	  0.946
	  0.550	  0.795	 -0.254
	 -0.779	  0.597	  0.193

2 	  33.13	  -6.87	  22.78
	  0.571	  0.821	 -0.028
	 -0.822	  0.569	 -0.015
	  0.004	  0.032	  0.999

3 	  44.68	  -0.70	   0.84
	  0.544	  0.191	  0.817
	 -0.134	  0.981	 -0.141
	 -0.828	 -0.032	  0.559

4 	  41.03	   6.68	  -2.44
	  0.809	  0.571	  0.140
	 -0.553	  0.656	  0.514
	  0.202	 -0.494	  0.846

5 	  44.98	  10.30	   8.67
	  0.690	  0.224	  0.688
	 -0.411	 -0.663	  0.625
	  0.598	 -0.712	 -0.366

6 	  52.91	  11.44	  12.88
	  0.826	  0.073	  0.559
	 -0.386	  0.796	  0.466
	 -0.412	 -0.600	  0.685

7 	  40.18	  -6.66	  -2.85
	  0.745	 -0.636	 -0.204
	  0.449	  0.702	 -0.552
	  0.495	  0.320	  0.807

8 	  39.60	 -10.23	   8.44
	  0.151	 -0.217	  0.964
	  0.521	 -0.812	 -0.262
	  0.841	  0.541	 -0.009

9 	  44.79	 -11.57	  19.21
	  0.291	  0.103	  0.951
	  0.521	  0.817	 -0.245
	 -0.805	  0.565	  0.183

2 	  33.13	  -6.87	  22.78
	  0.571	  0.820	 -0.028
	 -0.822	  0.570	 -0.015
	  0.004	  0.032	  0.999

3 	  44.74	  -0.40	   0.98
	  0.517	  0.170	  0.839
	 -0.125	  0.984	 -0.123
	 -0.847	 -0.041	  0.529

4 	  41.26	   7.14	  -2.21
	  0.785	  0.589	  0.190
	 -0.590	  0.617	  0.521
	  0.190	 -0.522	  0.831

5 	  43.35	  10.69	   9.47
	  0.503	  0.219	  0.836
	 -0.542	 -0.675	  0.501
	  0.676	 -0.703	 -0.220

6 	  50.27	  11.39	  15.94
	  0.654	  0.046	  0.755
	 -0.398	  0.871	  0.289
	 -0.646	 -0.488	  0.587

7 	  40.24	  -6.43	  -2.94
	  0.750	 -0.627	 -0.208
	  0.446	  0.712	 -0.541
	  0.489	  0.313	  0.814

8 	  39.66	 -10.12	   8.31
	  0.159	 -0.225	  0.961
	  0.524	 -0.806	 -0.274
	  0.837	  0.546	 -0.009

9 	  44.88	 -11.55	  19.05
	  0.290	  0.094	  0.952
	  0.511	  0.826	 -0.235
	 -0.811	  0.553	  0.191

2 	  33.13	  -6.87	  22.78
	  0.571	  0.820	 -0.028
	 -0.821	  0.570	 -0.015
	  0.004	  0.032	  0.999

3 	  44.70	  -0.30	   0.97
	  0.514	  0.157	  0.843
	 -0.119	  0.986	 -0.112
	 -0.850	 -0.042	  0.525

4 	  41.27	   7.31	  -2.07
	  0.768	  0.601	  0.219
	 -0.612	  0.588	  0.529
	  0.190	 -0.541	  0.819

5 	  42.38	  10.44	   9.84
	  0.367	  0.170	  0.914
	 -0.626	 -0.683	  0.377
	  0.690	 -0.710	 -0.143

6 	  48.57	  10.37	  17.38
	  0.545	 -0.019	  0.838
	 -0.348	  0.904	  0.246
	 -0.765	 -0.425	  0.485

7 	  40.25	  -6.33	  -2.94
	  0.752	 -0.625	 -0.207
	  0.447	  0.715	 -0.538
	  0.485	  0.312	  0.816

8 	  39.74	 -10.11	   8.30
	  0.164	 -0.228	  0.960
	  0.518	 -0.809	 -0.279
	  0.840	  0.542	 -0.014

9 	  45.05	 -11.57	  19.02
	  0.302	  0.096	  0.948
	  0.512	  0.823	 -0.244
	 -0.807	  0.557	  0.198

2 	  33.13	  -6.87	  22.78
	  0.571	  0.820	 -0.027
	 -0.821	  0.570	 -0.015
	  0.004	  0.031	  0.999

3 	  44.88	  -0.19	   1.04
	  0.533	  0.154	  0.831
	 -0.129	  0.986	 -0.101
	 -0.836	 -0.053	  0.545

4 	  41.27	   7.35	  -1.95
	  0.751	  0.619	  0.230
	 -0.631	  0.569	  0.526
	  0.195	 -0.541	  0.818

5 	  41.96	  10.37	   9.98
	  0.311	  0.150	  0.938
	 -0.642	 -0.696	  0.323
	  0.702	 -0.701	 -0.118

6 	  47.88	  10.21	  17.79
