2 	  32.62	  -6.80	  22.99
	  0.002	  0.999	 -0.047
	 -1.000	  0.001	 -0.014
	 -0.014	  0.047	  0.999

3 	  44.88	  -0.18	   1.97
	  0.263	  0.189	  0.946
	  0.110	  0.968	 -0.224
	 -0.958	  0.163	  0.234

4 	  38.71	   4.75	  -6.56
	  0.639	  0.735	 -0.227
	 -0.672	  0.677	  0.299
	  0.374	 -0.038	  0.927

5 	  42.91	  11.99	   2.06
	  0.848	  0.382	  0.367
	 -0.024	 -0.665	  0.746
	  0.529	 -0.641	 -0.555

6 	  46.86	   3.81	  -2.14
	 -0.076	 -0.982	 -0.172
	  0.997	 -0.075	 -0.013
	  0.000	 -0.172	  0.985

7 	  39.04	  -6.12	  -6.59
	  0.779	 -0.432	 -0.454
	  0.381	  0.901	 -0.204
	  0.497	 -0.014	  0.867

8 	  43.58	 -13.34	   1.20
	  0.830	 -0.455	  0.323
	 -0.040	 -0.625	 -0.780
	  0.557	  0.634	 -0.537

9 	  49.38	  -4.57	  -1.05
	  0.014	  0.999	 -0.045
	 -0.954	  0.000	 -0.300
	 -0.300	  0.047	  0.953

2 	  32.62	  -6.80	  23.01
	  0.002	  0.999	 -0.047
	 -1.000	  0.001	 -0.014
	 -0.014	  0.047	  0.999

3 	  44.88	  -0.19	   1.97
	  0.263	  0.189	  0.946
	  0.111	  0.968	 -0.224
	 -0.958	  0.164	  0.234

4 	  38.71	   4.75	  -6.56
	  0.639	  0.734	 -0.227
	 -0.672	  0.677	  0.298
	  0.373	 -0.039	  0.927

5 	  42.93	  11.97	   2.09
	  0.848	  0.381	  0.368
	 -0.025	 -0.666	  0.745
	  0.529	 -0.641	 -0.556

6 	  46.86	   3.81	  -2.14
	 -0.077	 -0.982	 -0.172
	  0.997	 -0.075	 -0.014
	  0.000	 -0.173	  0.985

7 	  39.04	  -6.12	  -6.59
	  0.779	 -0.432	 -0.453
	  0.381	  0.901	 -0.204
	  0.497	 -0.014	  0.868

8 	  43.58	 -13.34	   1.18
	  0.829	 -0.456	  0.323
	 -0.040	 -0.625	 -0.780
	  0.557	  0.634	 -0.537

9 	  49.38	  -4.59	  -1.07
	  0.015	  0.999	 -0.045
	 -0.954	  0.001	 -0.300
	 -0.299	  0.047	  0.953

2 	  32.62	  -6.79	  23.01
	  0.001	  0.999	 -0.047
	 -1.000	  0.001	 -0.014
	 -0.014	  0.047	  0.999

3 	  44.89	  -0.19	   1.97
	  0.264	  0.189	  0.946
	  0.111	  0.968	 -0.225
	 -0.958	  0.164	  0.234

4 	  38.71	   4.73	  -6.56
	  0.639	  0.735	 -0.227
	 -0.673	  0.677	  0.298
	  0.372	 -0.038	  0.927

5 	  42.91	  11.95	   2.09
	  0.848	  0.381	  0.368
	 -0.025	 -0.666	  0.745
	  0.529	 -0.641	 -0.556

6 	  46.86	   3.81	  -2.14
	 -0.076	 -0.982	 -0.172
	  0.997	 -0.075	 -0.013
	  0.000	 -0.173	  0.985

7 	  39.04	  -6.12	  -6.59
	  0.779	 -0.433	 -0.453
	  0.382	  0.901	 -0.204
	  0.496	 -0.014	  0.868

8 	  43.58	 -13.36	   1.20
	  0.829	 -0.456	  0.323
	 -0.040	 -0.625	 -0.780
	  0.557	  0.633	 -0.536

9 	  49.36	  -4.57	  -1.05
	  0.015	  0.999	 -0.045
	 -0.954	  0.001	 -0.301
	 -0.300	  0.047	  0.952

2 	  32.62	  -6.79	  23.01
	  0.001	  0.999	 -0.048
	 -1.000	  0.000	 -0.014
	 -0.014	  0.047	  0.999

3 	  44.89	  -0.19	   1.97
	  0.263	  0.190	  0.946
	  0.111	  0.968	 -0.225
	 -0.958	  0.164	  0.233

4 	  38.71	   4.73	  -6.56
	  0.638	  0.735	 -0.227
	 -0.674	  0.677	  0.297
	  0.372	 -0.037	  0.927

5 	  42.91	  11.95	   2.07
	  0.848	  0.381	  0.367
	 -0.023	 -0.667	  0.745
	  0.529	 -0.641	 -0.557

6 	  46.88	   3.81	  -2.16
	 -0.076	 -0.982	 -0.172
	  0.997	 -0.075	 -0.015
	  0.001	 -0.173	  0.985

7 	  39.04	  -6.13	  -6.59
	  0.780	 -0.432	 -0.453
	  0.381	  0.901	 -0.204
	  0.496	 -0.014	  0.868

8 	  43.58	 -13.36	   1.20
	  0.829	 -0.456	  0.323
	 -0.040	 -0.625	 -0.779
	  0.557	  0.633	 -0.537

9 	  49.38	  -4.55	  -1.05
	  0.014	  0.999	 -0.046
	 -0.954	 -0.000	 -0.300
	 -0.300	  0.048	  0.953

2 	  32.62	  -6.80	  23.01
	  0.002	  0.999	 -0.047
	 -1.000	  0.001	 -0.014
	 -0.014	  0.047	  0.999

3 	  44.89	  -0.18	   1.97
	  0.262	  0.190	  0.946
	  0.111	  0.968	 -0.225
	 -0.958	  0.164	  0.233

4 	  38.71	   4.73	  -6.56
	  0.638	  0.736	 -0.227
	 -0.674	  0.676	  0.297
	  0.372	 -0.037	  0.927

5 	  42.91	  11.97	   2.09
	  0.848	  0.381	  0.368
	 -0.023	 -0.667	  0.744
	  0.529	 -0.640	 -0.557

6 	  46.88	   3.81	  -2.18
	 -0.076	 -0.982	 -0.173
	  0.997	 -0.074	 -0.016
	  0.003	 -0.174	  0.984

7 	  39.06	  -6.12	  -6.57
	  0.780	 -0.432	 -0.453
	  0.381	  0.902	 -0.204
	  0.496	 -0.014	  0.868

8 	  43.59	 -13.34	   1.20
	  0.829	 -0.456	  0.322
	 -0.041	 -0.625	 -0.779
	  0.557	  0.633	 -0.537

9 	  49.39	  -4.55	  -1.09
	  0.014	  0.999	 -0.046
	 -0.954	 -0.000	 -0.299
	 -0.299	  0.048	  0.953

2 	  32.62	  -6.79	  23.01
	  0.001	  0.999	 -0.048
	 -1.000	  0.000	 -0.014
	 -0.014	  0.047	  0.999

3 	  44.88	  -0.19	   1.97
	  0.262	  0.189	  0.946
	  0.111	  0.968	 -0.225
	 -0.958	  0.164	  0.233

4 	  38.72	   4.75	  -6.56
	  0.637	  0.736	 -0.227
	 -0.675	  0.675	  0.297
	  0.372	 -0.037	  0.927

5 	  42.93	  11.95	   2.11
	  0.849	  0.380	  0.367
	 -0.022	 -0.669	  0.743
	  0.528	 -0.639	 -0.560

6 	  46.86	   3.83	  -2.18
	 -0.076	 -0.982	 -0.174
	  0.997	 -0.074	 -0.016
	  0.003	 -0.175	  0.984

7 	  39.02	  -6.10	  -6.59
	  0.780	 -0.431	 -0.454
	  0.380	  0.902	 -0.204
	  0.497	 -0.014	  0.867

8 	  43.58	 -13.34	   1.18
	  0.830	 -0.456	  0.321
	 -0.042	 -0.625	 -0.780
	  0.556	  0.634	 -0.537

9 	  49.39	  -4.55	  -1.09
	  0.014	  0.999	 -0.046
	 -0.954	 -0.000	 -0.299
	 -0.298	  0.048	  0.953

2 	  32.62	  -6.79	  23.01
	  0.001	  0.999	 -0.048
	 -1.000	  0.000	 -0.014
	 -0.014	  0.047	  0.999

3 	  44.88	  -0.19	   1.97
	  0.263	  0.189	  0.946
	  0.111	  0.968	 -0.225
	 -0.958	  0.164	  0.233

4 	  38.67	   4.75	  -6.56
	  0.635	  0.737	 -0.229
	 -0.675	  0.674	  0.298
	  0.375	 -0.035	  0.926

5 	  42.98	  11.90	   2.00
	  0.860	  0.376	  0.345
	  0.004	 -0.681	  0.732
	  0.510	 -0.628	 -0.587

6 	  46.95	   3.87	  -2.51
	 -0.074	 -0.978	 -0.193
	  0.997	 -0.077	  0.008
	 -0.023	 -0.192	  0.981

7 	  39.01	  -6.08	  -6.61
	  0.778	 -0.430	 -0.458
	  0.378	  0.903	 -0.204
	  0.501	 -0.015	  0.865

8 	  43.61	 -13.31	   1.12
	  0.834	 -0.460	  0.303
	 -0.062	 -0.626	 -0.778
	  0.547	  0.630	 -0.551

9 	  49.38	  -4.55	  -1.27
	  0.016	  0.998	 -0.049
	 -0.956	  0.001	 -0.292
	 -0.292	  0.051	  0.955

2 	  32.62	  -6.79	  23.01
	  0.001	  0.999	 -0.048
	 -1.000	  0.000	 -0.014
	 -0.014	  0.047	  0.999

3 	  44.88	  -0.18	   1.93
	  0.265	  0.190	  0.945
	  0.109	  0.968	 -0.226
	 -0.958	  0.163	  0.235

4 	  38.58	   4.69	  -6.61
	  0.630	  0.736	 -0.248
	 -0.671	  0.677	  0.304
	  0.391	 -0.026	  0.920

5 	  43.21	  11.79	   1.86
	  0.875	  0.378	  0.302
	  0.057	 -0.701	  0.711
	  0.480	 -0.605	 -0.635

6 	  47.21	   3.92	  -3.06
	 -0.060	 -0.973	 -0.221
	  0.998	 -0.060	 -0.004
	 -0.010	 -0.221	  0.975

7 	  38.85	  -6.06	  -6.61
	  0.770	 -0.427	 -0.474
	  0.374	  0.904	 -0.207
	  0.517	 -0.018	  0.856

8 	  43.73	 -13.29	   0.95
	  0.843	 -0.474	  0.255
	 -0.128	 -0.637	 -0.760
	  0.522	  0.608	 -0.598

9 	  49.69	  -4.76	  -2.23
	  0.053	  0.995	 -0.082
	 -0.967	  0.030	 -0.254
	 -0.250	  0.092	  0.964

2 	  32.62	  -6.80	  23.01
	  0.002	  0.999	 -0.048
	 -1.000	  0.001	 -0.014
	 -0.014	  0.047	  0.999

3 	  44.88	  -0.18	   1.88
	  0.273	  0.192	  0.943
	  0.104	  0.968	 -0.228
	 -0.956	  0.161	  0.244

4 	  38.51	   4.68	  -6.64
	  0.624	  0.737	 -0.260
	 -0.667	  0.676	  0.314
	  0.407	 -0.023	  0.913

5 	  43.35	  11.58	   1.90
	  0.883	  0.386	  0.266
	  0.119	 -0.734	  0.669
	  0.453	 -0.559	 -0.694

6 	  47.36	   4.08	  -3.62
	 -0.038	 -0.963	 -0.266
	  0.998	 -0.024	 -0.054
	  0.046	 -0.268	  0.962

7 	  38.78	  -6.06	  -6.64
	  0.759	 -0.431	 -0.487
	  0.376	  0.902	 -0.212
	  0.531	 -0.022	  0.847

8 	  43.68	 -13.29	   0.90
	  0.840	 -0.496	  0.219
	 -0.194	 -0.652	 -0.733
	  0.506	  0.573	 -0.644

9 	  49.85	  -5.17	  -2.88
	  0.097	  0.987	 -0.123
	 -0.972	  0.068	 -0.225
	 -0.214	  0.141	  0.966

2 	  32.62	  -6.80	  23.01
	  0.002	  0.999	 -0.047
	 -1.000	  0.001	 -0.014
	 -0.014	  0.047	  0.999

3 	  44.86	  -0.21	   1.76
	  0.281	  0.192	  0.940
	  0.096	  0.969	 -0.227
	 -0.955	  0.154	  0.254

4 	  38.43	   4.68	  -6.66
	  0.614	  0.742	 -0.269
	 -0.666	  0.670	  0.327
	  0.422	 -0.022	  0.906

5 	  43.44	  11.44	   1.97
	  0.885	  0.399	  0.239
	  0.172	 -0.759	  0.627
	  0.432	 -0.514	 -0.741

6 	  47.36	   4.32	  -4.15
	 -0.019	 -0.949	 -0.315
	  0.994	  0.015	 -0.105
	  0.104	 -0.315	  0.943

7 	  38.71	  -6.06	  -6.66
	  0.750	 -0.438	 -0.495
	  0.381	  0.898	 -0.218
	  0.541	 -0.025	  0.841

8 	  43.65	 -13.27	   0.98
	  0.831	 -0.519	  0.199
	 -0.251	 -0.670	 -0.699
	  0.496	  0.531	 -0.687

9 	  49.94	  -5.55	  -3.52
	  0.135	  0.975	 -0.173
	 -0.979	  0.105	 -0.175
	 -0.152	  0.192	  0.969

2 	  32.62	  -6.79	  22.99
	  0.001	  0.999	 -0.048
	 -1.000	  0.001	 -0.014
	 -0.013	  0.047	  0.999

3 	  44.86	  -0.18	   1.71
	  0.285	  0.194	  0.938
	  0.089	  0.969	 -0.228
	 -0.954	  0.149	  0.259

4 	  38.36	   4.71	  -6.66
	  0.603	  0.749	 -0.274
	 -0.669	  0.662	  0.339
	  0.435	 -0.021	  0.900

5 	  43.44	  11.29	   2.04
	  0.883	  0.416	  0.215
	  0.228	 -0.783	  0.578
	  0.409	 -0.462	 -0.787

6 	  47.29	   4.75	  -4.69
	  0.007	 -0.928	 -0.371
	  0.984	  0.073	 -0.163
	  0.178	 -0.364	  0.914

7 	  38.65	  -6.05	  -6.68
	  0.742	 -0.447	 -0.500
	  0.386	  0.894	 -0.226
	  0.548	 -0.025	  0.836

8 	  43.65	 -13.10	   1.21
	  0.823	 -0.539	  0.179
	 -0.319	 -0.700	 -0.639
	  0.470	  0.469	 -0.748

9 	  49.99	  -6.08	  -4.27
	  0.174	  0.950	 -0.258
	 -0.981	  0.145	 -0.127
	 -0.083	  0.275	  0.958

2 	  32.62	  -6.79	  23.01
	  0.001	  0.999	 -0.048
	 -1.000	  0.001	 -0.014
	 -0.014	  0.047	  0.999

3 	  44.86	  -0.14	   1.63
	  0.290	  0.198	  0.936
	  0.078	  0.970	 -0.229
	 -0.954	  0.139	  0.266

4 	  38.25	   4.71	  -6.68
	  0.585	  0.760	 -0.282
	 -0.672	  0.649	  0.355
	  0.453	 -0.019	  0.891

5 	  43.37	  11.21	   2.09
	  0.873	  0.451	  0.185
	  0.302	 -0.798	  0.521
	  0.383	 -0.399	 -0.833

6 	  47.23	   5.41	  -5.26
	  0.048	 -0.900	 -0.433
	  0.963	  0.156	 -0.219
	  0.265	 -0.406	  0.874

7 	  38.60	  -6.05	  -6.66
	  0.733	 -0.453	 -0.507
	  0.387	  0.891	 -0.236
	  0.558	 -0.023	  0.829

8 	  43.80	 -13.01	   1.25
	  0.815	 -0.562	  0.140
	 -0.399	 -0.719	 -0.568
	  0.420	  0.407	 -0.811

9 	  49.96	  -6.77	  -5.34
	  0.190	  0.917	 -0.349
	 -0.982	  0.177	 -0.068
	 -0.001	  0.356	  0.934

2 	  32.62	  -6.79	  23.01
	  0.001	  0.999	 -0.048
	 -1.000	  0.000	 -0.014
	 -0.014	  0.047	  0.999

3 	  44.86	  -0.04	   1.55
	  0.294	  0.204	  0.934
	  0.057	  0.971	 -0.231
	 -0.954	  0.121	  0.274

4 	  38.16	   4.69	  -6.70
	  0.566	  0.771	 -0.290
	 -0.677	  0.636	  0.370
	  0.470	 -0.013	  0.882

5 	  43.37	  11.16	   2.11
	  0.856	  0.494	  0.150
	  0.382	 -0.802	  0.459
	  0.347	 -0.336	 -0.875

6 	  47.11	   6.12	  -6.01
	  0.086	 -0.866	 -0.493
	  0.934	  0.242	 -0.262
	  0.345	 -0.438	  0.830

7 	  38.57	  -6.05	  -6.68
	  0.724	 -0.458	 -0.516
	  0.389	  0.888	 -0.244
	  0.570	 -0.024	  0.821

8 	  43.88	 -12.96	   1.23
	  0.802	 -0.588	  0.106
	 -0.470	 -0.730	 -0.495
	  0.369	  0.347	 -0.862

9 	  49.66	  -7.42	  -6.47
	  0.188	  0.877	 -0.443
	 -0.978	  0.209	 -0.000
	  0.092	  0.433	  0.897

2 	  32.62	  -6.79	  23.01
	  0.001	  0.999	 -0.048
	 -1.000	  0.000	 -0.014
	 -0.014	  0.047	  0.999

3 	  44.86	  -0.02	   1.51
	  0.293	  0.209	  0.932
	  0.042	  0.972	 -0.232
	 -0.955	  0.107	  0.276

4 	  38.07	   4.69	  -6.71
	  0.554	  0.779	 -0.295
	 -0.680	  0.627	  0.379
	  0.480	 -0.010	  0.877

5 	  43.31	  11.29	   1.97
	  0.837	  0.534	  0.119
	  0.447	 -0.794	  0.412
	  0.314	 -0.292	 -0.903

6 	  47.00	   6.79	  -6.57
	  0.111	 -0.833	 -0.542
	  0.909	  0.305	 -0.283
	  0.401	 -0.461	  0.791

7 	  38.50	  -6.03	  -6.70
	  0.712	 -0.467	 -0.524
	  0.394	  0.884	 -0.252
	  0.580	 -0.027	  0.814

8 	  43.89	 -12.83	   1.34
	  0.783	 -0.616	  0.088
	 -0.533	 -0.737	 -0.416
	  0.321	  0.279	 -0.905

9 	  49.22	  -8.30	  -7.29
	  0.193	  0.827	 -0.527
	 -0.965	  0.258	  0.051
	  0.179	  0.498	  0.848

2 	  32.62	  -6.79	  23.01
	  0.001	  0.999	 -0.048
	 -1.000	  0.001	 -0.014
	 -0.014	  0.047	  0.999

3 	  44.86	   0.00	   1.44
	  0.296	  0.213	  0.931
	  0.029	  0.972	 -0.232
	 -0.955	  0.096	  0.281

4 	  37.99	   4.73	  -6.71
	  0.539	  0.788	 -0.297
	 -0.682	  0.615	  0.396
	  0.494	 -0.012	  0.869

5 	  43.22	  11.36	   1.95
	  0.816	  0.569	  0.097
	  0.500	 -0.782	  0.371
	  0.287	 -0.254	 -0.923

6 	  46.74	   7.44	  -6.94
	  0.132	 -0.801	 -0.584
	  0.876	  0.370	 -0.309
	  0.463	 -0.471	  0.751

7 	  38.41	  -6.05	  -6.68
	  0.699	 -0.482	 -0.528
	  0.403	  0.876	 -0.264
	  0.589	 -0.028	  0.807

8 	  43.86	 -12.74	   1.39
	  0.762	 -0.642	  0.075
	 -0.588	 -0.737	 -0.335
	  0.270	  0.211	 -0.939

9 	  48.81	  -9.14	  -7.93
	  0.181	  0.769	 -0.613
	 -0.950	  0.298	  0.094
	  0.255	  0.564	  0.785

2 	  32.62	  -6.80	  23.01
	  0.002	  0.999	 -0.048
	 -1.000	  0.001	 -0.014
	 -0.014	  0.047	  0.999

3 	  44.79	   0.02	   1.34
	  0.303	  0.216	  0.928
	  0.012	  0.973	 -0.231
	 -0.953	  0.081	  0.292

4 	  37.86	   4.73	  -6.70
	  0.524	  0.797	 -0.299
	 -0.685	  0.604	  0.407
	  0.505	 -0.009	  0.862

5 	  43.07	  11.46	   1.86
	  0.795	  0.601	  0.079
	  0.546	 -0.767	  0.336
	  0.263	 -0.224	 -0.938

6 	  46.42	   7.98	  -7.31
	  0.148	 -0.771	 -0.619
	  0.850	  0.419	 -0.319
	  0.506	 -0.479	  0.717

7 	  38.32	  -6.05	  -6.73
	  0.684	 -0.495	 -0.535
	  0.412	  0.868	 -0.275
	  0.601	 -0.033	  0.799

8 	  43.82	 -12.71	   1.41
	  0.742	 -0.668	  0.061
	 -0.631	 -0.726	 -0.272
	  0.226	  0.163	 -0.960

9 	  48.22	  -9.83	  -8.49
	  0.160	  0.723	 -0.672
	 -0.931	  0.336	  0.140
	  0.328	  0.603	  0.727

2 	  32.62	  -6.79	  23.01
	  0.001	  0.999	 -0.048
	 -1.000	  0.001	 -0.014
	 -0.014	  0.047	  0.999

3 	  44.79	   0.07	   1.27
	  0.306	  0.219	  0.926
	  0.001	  0.973	 -0.231
	 -0.952	  0.072	  0.297

4 	  37.78	   4.76	  -6.70
	  0.511	  0.805	 -0.300
	 -0.689	  0.593	  0.417
	  0.513	 -0.007	  0.858

5 	  42.94	  11.51	   1.88
	  0.772	  0.632	  0.067
	  0.588	 -0.750	  0.302
	  0.241	 -0.194	 -0.951

6 	  46.21	   8.49	  -7.65
	  0.160	 -0.740	 -0.653
	  0.831	  0.458	 -0.316
	  0.533	 -0.492	  0.688

7 	  38.16	  -6.05	  -6.71
	  0.668	 -0.509	 -0.544
	  0.426	  0.860	 -0.280
	  0.610	 -0.045	  0.791

8 	  43.77	 -12.71	   1.35
	  0.718	 -0.695	  0.044
	 -0.674	 -0.710	 -0.204
	  0.173	  0.116	 -0.978

9 	  47.62	 -10.56	  -8.98
	  0.141	  0.669	 -0.729
	 -0.908	  0.380	  0.173
	  0.394	  0.638	  0.661

2 	  32.62	  -6.80	  22.99
	  0.002	  0.999	 -0.048
	 -1.000	  0.001	 -0.014
	 -0.014	  0.047	  0.999

3 	  44.75	   0.09	   1.20
	  0.310	  0.220	  0.925
	 -0.010	  0.973	 -0.229
	 -0.951	  0.061	  0.304

4 	  37.67	   4.78	  -6.66
	  0.495	  0.815	 -0.300
	 -0.693	  0.579	  0.429
	  0.524	 -0.004	  0.852

5 	  42.71	  11.62	   1.86
	  0.745	  0.664	  0.055
	  0.629	 -0.729	  0.272
	  0.221	 -0.168	 -0.961

6 	  45.90	   9.11	  -7.93
	  0.173	 -0.704	 -0.689
	  0.818	  0.492	 -0.297
	  0.548	 -0.512	  0.661

7 	  38.07	  -5.99	  -6.73
	  0.653	 -0.519	 -0.552
	  0.440	  0.853	 -0.281
	  0.616	 -0.059	  0.785

8 	  43.66	 -12.66	   1.41
	  0.690	 -0.722	  0.039
	 -0.712	 -0.688	 -0.139
	  0.127	  0.068	 -0.990

9 	  46.97	 -11.39	  -9.44
	  0.118	  0.614	 -0.780
	 -0.879	  0.430	  0.205
	  0.461	  0.662	  0.591

2 	  32.62	  -6.79	  23.01
	  0.001	  0.999	 -0.048
	 -1.000	  0.000	 -0.014
	 -0.014	  0.047	  0.999

3 	  44.74	   0.19	   1.11
	  0.315	  0.222	  0.922
	 -0.027	  0.974	 -0.225
	 -0.949	  0.046	  0.312

4 	  37.55	   4.78	  -6.64
	  0.475	  0.826	 -0.301
	 -0.701	  0.563	  0.438
	  0.532	  0.003	  0.847

5 	  42.45	  11.79	   1.92
	  0.714	  0.698	  0.050
	  0.667	 -0.701	  0.254
	  0.212	 -0.148	 -0.966

6 	  45.58	   9.74	  -8.09
	  0.198	 -0.671	 -0.715
	  0.798	  0.534	 -0.280
	  0.569	 -0.515	  0.641

7 	  37.97	  -5.99	  -6.71
	  0.636	 -0.531	 -0.560
	  0.455	  0.844	 -0.284
	  0.623	 -0.074	  0.778

8 	  43.56	 -12.76	   1.34
	  0.668	 -0.744	  0.030
	 -0.738	 -0.667	 -0.104
	  0.097	  0.047	 -0.994

9 	  46.60	 -11.97	  -9.65
	  0.115	  0.571	 -0.813
	 -0.867	  0.457	  0.198
	  0.484	  0.682	  0.547

2 	  32.62	  -6.79	  23.01
	  0.001	  0.999	 -0.048
	 -1.000	  0.001	 -0.014
	 -0.014	  0.047	  0.999

3 	  44.70	   0.25	   1.05
	  0.319	  0.222	  0.921
	 -0.041	  0.974	 -0.221
	 -0.947	  0.032	  0.319

4 	  37.42	   4.82	  -6.63
	  0.457	  0.837	 -0.301
	 -0.706	  0.547	  0.449
	  0.541	  0.006	  0.841

5 	  42.22	  11.88	   1.90
	  0.689	  0.723	  0.045
	  0.696	 -0.678	  0.235
	  0.200	 -0.131	 -0.971

6 	  45.30	  10.30	  -8.35
	  0.213	 -0.631	 -0.746
	  0.788	  0.562	 -0.251
	  0.577	 -0.534	  0.617

7 	  37.83	  -5.94	  -6.73
	  0.615	 -0.541	 -0.573
	  0.466	  0.836	 -0.289
	  0.636	 -0.090	  0.766

8 	  43.40	 -12.80	   1.30
	  0.644	 -0.764	  0.025
	 -0.762	 -0.644	 -0.070
	  0.070	  0.026	 -0.997

9 	  46.14	 -12.45	  -9.88
	  0.104	  0.533	 -0.839
	 -0.851	  0.484	  0.202
	  0.514	  0.693	  0.504

2 	  32.62	  -6.79	  23.01
	  0.001	  0.999	 -0.048
	 -1.000	  0.001	 -0.014
	 -0.014	  0.047	  0.999

3 	  44.72	   0.30	   0.79
	  0.350	  0.210	  0.912
	 -0.072	  0.977	 -0.198
	 -0.934	  0.004	  0.357

4 	  37.14	   4.87	  -6.54
	  0.427	  0.855	 -0.295
	 -0.707	  0.518	  0.481
	  0.564	  0.003	  0.825

5 	  41.98	  11.95	   1.97
	  0.667	  0.743	  0.042
	  0.721	 -0.660	  0.211
	  0.185	 -0.110	 -0.976

6 	  45.09	  11.04	  -8.42
	  0.234	 -0.577	 -0.782
	  0.781	  0.591	 -0.202
	  0.579	 -0.563	  0.589

7 	  37.67	  -5.91	  -6.82
	  0.590	 -0.543	 -0.597
	  0.466	  0.833	 -0.298
	  0.659	 -0.103	  0.745

8 	  43.29	 -12.81	   1.18
	  0.630	 -0.776	  0.020
	 -0.775	 -0.630	 -0.045
	  0.047	  0.012	 -0.999

9 	  45.81	 -12.83	 -10.00
	  0.083	  0.497	 -0.864
	 -0.851	  0.487	  0.199
	  0.519	  0.718	  0.463

2 	  32.62	  -6.79	  23.01
	  0.001	  0.999	 -0.048
	 -1.000	  0.000	 -0.014
	 -0.014	  0.047	  0.999

3 	  44.68	   0.35	   0.67
	  0.364	  0.207	  0.908
	 -0.087	  0.978	 -0.189
	 -0.927	 -0.010	  0.373

4 	  36.98	   4.89	  -6.54
	  0.404	  0.867	 -0.292
	 -0.713	  0.498	  0.494
	  0.573	  0.008	  0.819

5 	  41.54	  12.02	   2.07
	  0.643	  0.763	  0.054
	  0.740	 -0.639	  0.212
	  0.196	 -0.096	 -0.976

6 	  44.88	  11.60	  -8.38
	  0.267	 -0.535	 -0.802
	  0.770	  0.619	 -0.157
	  0.580	 -0.575	  0.577

7 	  37.56	  -5.91	  -6.87
	  0.579	 -0.547	 -0.604
	  0.469	  0.830	 -0.302
	  0.667	 -0.109	  0.737

8 	  43.12	 -12.83	   1.18
	  0.615	 -0.788	  0.023
	 -0.787	 -0.616	 -0.024
	  0.033	 -0.004	 -0.999

9 	  45.53	 -13.20	 -10.16
	  0.080	  0.466	 -0.881
	 -0.848	  0.496	  0.185
	  0.524	  0.732	  0.435

2 	  32.62	  -6.79	  23.01
	  0.001	  0.999	 -0.048
	 -1.000	  0.000	 -0.014
	 -0.014	  0.047	  0.999

3 	  44.67	   0.40	   0.56
	  0.372	  0.207	  0.905
	 -0.095	  0.978	 -0.185
	 -0.923	 -0.017	  0.383

4 	  36.90	   4.94	  -6.52
	  0.393	  0.873	 -0.290
	 -0.717	  0.488	  0.498
	  0.577	  0.012	  0.817

5 	  41.26	  12.16	   2.14
	  0.623	  0.779	  0.063
	  0.754	 -0.620	  0.216
	  0.207	 -0.087	 -0.974

6 	  44.72	  12.13	  -8.31
	  0.288	 -0.501	 -0.816
	  0.757	  0.641	 -0.126
	  0.586	 -0.582	  0.564

7 	  37.46	  -5.82	  -6.86
	  0.570	 -0.554	 -0.607
	  0.477	  0.824	 -0.305
	  0.669	 -0.116	  0.734

8 	  42.93	 -12.78	   1.27
	  0.599	 -0.800	  0.035
	 -0.800	 -0.599	 -0.013
	  0.032	 -0.021	 -0.999

9 	  45.42	 -13.69	 -10.07
	  0.107	  0.413	 -0.904
	 -0.845	  0.517	  0.136
	  0.524	  0.749	  0.405

2 	  32.62	  -6.79	  23.01
	  0.001	  0.999	 -0.048
	 -1.000	  0.000	 -0.014
	 -0.014	  0.048	  0.999

3 	  44.63	   0.46	   0.54
	  0.374	  0.207	  0.904
	 -0.097	  0.978	 -0.184
	 -0.922	 -0.019	  0.385

4 	  36.81	   4.99	  -6.52
	  0.383	  0.877	 -0.288
	 -0.719	  0.479	  0.503
	  0.579	  0.014	  0.815

5 	  41.13	  12.25	   2.16
	  0.611	  0.789	  0.065
	  0.763	 -0.609	  0.214
	  0.209	 -0.082	 -0.974

6 	  44.70	  12.78	  -8.31
	  0.304	 -0.454	 -0.837
	  0.757	  0.649	 -0.077
	  0.578	 -0.610	  0.542

7 	  37.35	  -5.73	  -6.87
	  0.557	 -0.562	 -0.611
	  0.489	  0.817	 -0.306
	  0.671	 -0.129	  0.730

8 	  42.73	 -12.67	   1.37
	  0.586	 -0.808	  0.052
	 -0.809	 -0.587	  0.000
	  0.030	 -0.043	 -0.999

9 	  45.26	 -14.20	  -9.98
	  0.124	  0.354	 -0.927
	 -0.837	  0.539	  0.093
	  0.533	  0.764	  0.363

2 	  32.62	  -6.79	  23.01
	  0.001	  0.999	 -0.048
	 -1.000	  0.000	 -0.014
	 -0.014	  0.047	  0.999

3 	  44.61	   0.51	   0.51
	  0.378	  0.206	  0.902
	 -0.098	  0.978	 -0.182
	 -0.921	 -0.020	  0.390

4 	  36.79	   5.03	  -6.50
	  0.381	  0.879	 -0.288
	 -0.719	  0.477	  0.506
	  0.582	  0.014	  0.813

5 	  41.06	  12.30	   2.16
	  0.606	  0.792	  0.065
	  0.766	 -0.604	  0.217
	  0.211	 -0.081	 -0.974

6 	  44.70	  13.18	  -8.44
	  0.312	 -0.422	 -0.851
	  0.760	  0.648	 -0.043
	  0.569	 -0.634	  0.523

7 	  37.28	  -5.71	  -6.86
	  0.543	 -0.575	 -0.612
	  0.506	  0.806	 -0.308
	  0.670	 -0.143	  0.729

8 	  42.59	 -12.69	   1.44
	  0.570	 -0.819	  0.062
	 -0.821	 -0.571	  0.016
	  0.021	 -0.060	 -0.998

9 	  45.05	 -14.62	  -9.91
	  0.134	  0.316	 -0.939
	 -0.825	  0.560	  0.071
	  0.549	  0.765	  0.336

2 	  32.62	  -6.79	  23.01
	  0.001	  0.999	 -0.048
	 -1.000	  0.001	 -0.014
	 -0.014	  0.047	  0.999

3 	  44.58	   0.54	   0.46
	  0.383	  0.206	  0.900
	 -0.099	  0.978	 -0.182
	 -0.918	 -0.019	  0.395

4 	  36.76	   5.04	  -6.50
	  0.378	  0.880	 -0.289
	 -0.718	  0.475	  0.508
	  0.584	  0.015	  0.811

5 	  41.03	  12.34	   2.14
	  0.602	  0.796	  0.066
	  0.769	 -0.600	  0.220
	  0.215	 -0.082	 -0.973

6 	  44.72	  13.48	  -8.53
	  0.320	 -0.390	 -0.864
	  0.761	  0.649	 -0.011
	  0.564	 -0.653	  0.504

7 	  37.14	  -5.71	  -6.84
	  0.528	 -0.585	 -0.615
	  0.519	  0.796	 -0.311
	  0.672	 -0.155	  0.724

8 	  42.49	 -12.71	   1.46
	  0.564	 -0.823	  0.068
	 -0.826	 -0.563	  0.028
	  0.015	 -0.072	 -0.997

9 	  44.82	 -14.96	  -9.88
	  0.133	  0.284	 -0.949
	 -0.821	  0.568	  0.055
	  0.555	  0.772	  0.309

2 	  32.62	  -6.79	  23.01
	  0.002	  0.999	 -0.048
	 -1.000	  0.001	 -0.014
	 -0.014	  0.047	  0.999

3 	  44.54	   0.51	   0.40
	  0.391	  0.206	  0.897
	 -0.095	  0.978	 -0.184
	 -0.916	 -0.013	  0.401

4 	  36.76	   5.04	  -6.52
	  0.376	  0.879	 -0.291
	 -0.717	  0.475	  0.510
	  0.587	  0.017	  0.809

5 	  40.92	  12.43	   2.09
	  0.588	  0.805	  0.069
	  0.776	 -0.587	  0.231
	  0.226	 -0.082	 -0.970

6 	  44.72	  13.75	  -8.53
	  0.334	 -0.371	 -0.867
	  0.752	  0.658	  0.008
	  0.567	 -0.655	  0.499

7 	  37.11	  -5.71	  -6.84
	  0.520	 -0.591	 -0.616
	  0.528	  0.790	 -0.311
	  0.670	 -0.164	  0.723

8 	  42.42	 -12.69	   1.51
	  0.558	 -0.826	  0.075
	 -0.829	 -0.558	  0.032
	  0.016	 -0.080	 -0.997

9 	  44.75	 -15.19	  -9.79
	  0.144	  0.260	 -0.955
	 -0.818	  0.575	  0.034
	  0.557	  0.776	  0.295

2 	  32.62	  -6.79	  23.01
	  0.001	  0.999	 -0.048
	 -1.000	  0.001	 -0.014
	 -0.014	  0.047	  0.999

3 	  44.56	   0.51	   0.39
	  0.394	  0.208	  0.895
	 -0.092	  0.978	 -0.188
	 -0.915	 -0.009	  0.404

4 	  36.72	   4.99	  -6.59
	  0.368	  0.882	 -0.296
	 -0.720	  0.471	  0.509
	  0.588	  0.025	  0.808

5 	  40.71	  12.45	   2.07
	  0.575	  0.814	  0.075
	  0.782	 -0.575	  0.239
	  0.238	 -0.079	 -0.968

6 	  44.63	  14.13	  -8.44
	  0.354	 -0.340	 -0.871
	  0.743	  0.668	  0.041
	  0.568	 -0.662	  0.489

7 	  37.05	  -5.75	  -6.84
	  0.514	 -0.597	 -0.616
	  0.535	  0.785	 -0.313
	  0.670	 -0.168	  0.723

8 	  42.19	 -12.76	   1.56
	  0.543	 -0.835	  0.086
	 -0.840	 -0.542	  0.034
	  0.018	 -0.091	 -0.996

9 	  44.67	 -15.66	  -9.65
	  0.165	  0.226	 -0.960
	 -0.812	  0.584	 -0.002
	  0.560	  0.780	  0.280

2 	  32.62	  -6.79	  23.01
	  0.001	  0.999	 -0.048
	 -1.000	  0.001	 -0.014
	 -0.014	  0.047	  0.999

3 	  44.53	   0.49	   0.37
	  0.395	  0.209	  0.894
	 -0.090	  0.978	 -0.189
	 -0.914	 -0.006	  0.405

4 	  36.65	   4.97	  -6.59
	  0.363	  0.883	 -0.296
	 -0.722	  0.468	  0.509
	  0.588	  0.029	  0.808

5 	  40.62	  12.50	   2.07
	  0.569	  0.818	  0.077
	  0.785	 -0.569	  0.243
	  0.243	 -0.078	 -0.967

6 	  44.61	  14.45	  -8.51
	  0.360	 -0.312	 -0.879
	  0.745	  0.663	  0.071
	  0.561	 -0.681	  0.471

7 	  36.98	  -5.73	  -6.84
	  0.507	 -0.600	 -0.619
	  0.541	  0.780	 -0.313
	  0.671	 -0.176	  0.720

8 	  42.12	 -12.80	   1.56
	  0.538	 -0.838	  0.090
	 -0.843	 -0.537	  0.035
	  0.019	 -0.095	 -0.995

9 	  44.63	 -16.12	  -9.72
	  0.175	  0.189	 -0.966
	 -0.814	  0.579	 -0.034
	  0.553	  0.792	  0.256

2 	  32.62	  -6.79	  23.01
	  0.001	  0.999	 -0.048
	 -1.000	  0.001	 -0.014
	 -0.014	  0.048	  0.999

3 	  44.51	   0.49	   0.35
	  0.398	  0.209	  0.893
	 -0.087	  0.978	 -0.191
	 -0.913	 -0.002	  0.407

4 	  36.65	   4.97	  -6.59
	  0.363	  0.883	 -0.296
	 -0.722	  0.467	  0.510
	  0.589	  0.029	  0.807

5 	  40.59	  12.52	   2.06
	  0.568	  0.819	  0.078
	  0.786	 -0.568	  0.245
	  0.245	 -0.078	 -0.966

6 	  44.65	  14.82	  -8.44
	  0.372	 -0.271	 -0.888
	  0.756	  0.643	  0.120
	  0.538	 -0.716	  0.444

7 	  36.95	  -5.71	  -6.86
	  0.502	 -0.603	 -0.620
	  0.545	  0.777	 -0.315
	  0.672	 -0.180	  0.719

8 	  42.03	 -12.83	   1.58
	  0.532	 -0.841	  0.095
	 -0.846	 -0.531	  0.038
	  0.018	 -0.101	 -0.995

9 	  44.65	 -16.42	  -9.60
	  0.191	  0.152	 -0.970
	 -0.814	  0.576	 -0.069
	  0.548	  0.803	  0.234

2 	  32.62	  -6.79	  23.01
	  0.001	  0.999	 -0.048
	 -1.000	  0.000	 -0.014
	 -0.014	  0.048	  0.999

3 	  44.49	   0.49	   0.33
	  0.401	  0.209	  0.891
	 -0.085	  0.978	 -0.192
	 -0.912	  0.001	  0.410

4 	  36.65	   4.96	  -6.61
	  0.360	  0.884	 -0.296
	 -0.723	  0.465	  0.511
	  0.590	  0.030	  0.807

5 	  40.38	  12.53	   2.11
	  0.552	  0.828	  0.094
	  0.792	 -0.556	  0.250
	  0.260	 -0.064	 -0.964

6 	  44.68	  15.33	  -8.26
	  0.391	 -0.226	 -0.892
	  0.752	  0.637	  0.169
	  0.530	 -0.737	  0.419

7 	  36.95	  -5.73	  -6.84
	  0.496	 -0.610	 -0.618
	  0.553	  0.771	 -0.316
	  0.669	 -0.185	  0.719

8 	  42.01	 -12.85	   1.62
	  0.527	 -0.843	  0.104
	 -0.849	 -0.526	  0.043
	  0.018	 -0.111	 -0.994

9 	  44.77	 -16.77	  -9.40
	  0.206	  0.113	 -0.972
	 -0.814	  0.570	 -0.107
	  0.542	  0.814	  0.210

2 	  32.62	  -6.79	  23.01
	  0.001	  0.999	 -0.048
	 -1.000	  0.001	 -0.014
	 -0.014	  0.048	  0.999

3 	  44.49	   0.47	   0.35
	  0.400	  0.210	  0.892
	 -0.082	  0.977	 -0.194
	 -0.913	  0.005	  0.408

4 	  36.65	   4.96	  -6.61
	  0.349	  0.891	 -0.291
	 -0.731	  0.453	  0.510
	  0.586	  0.034	  0.809

5 	  40.22	  12.50	   2.23
	  0.536	  0.836	  0.114
	  0.797	 -0.546	  0.257
	  0.277	 -0.047	 -0.960

6 	  44.70	  15.75	  -7.95
	  0.421	 -0.180	 -0.889
	  0.732	  0.646	  0.216
	  0.535	 -0.742	  0.404

7 	  36.97	  -5.73	  -6.84
	  0.496	 -0.611	 -0.616
	  0.555	  0.769	 -0.316
	  0.667	 -0.186	  0.721

8 	  41.94	 -12.81	   1.72
	  0.523	 -0.843	  0.121
	 -0.852	 -0.522	  0.045
	  0.025	 -0.127	 -0.992

9 	  44.93	 -17.00	  -9.18
	  0.229	  0.086	 -0.969
	 -0.811	  0.567	 -0.141
	  0.538	  0.819	  0.200

2 	  32.62	  -6.79	  22.99
	  0.001	  0.999	 -0.048
	 -1.000	  0.000	 -0.014
	 -0.014	  0.047	  0.999

3 	  44.47	   0.47	   0.33
	  0.398	  0.211	  0.892
	 -0.077	  0.977	 -0.197
	 -0.914	  0.010	  0.405

4 	  36.67	   4.96	  -6.57
	  0.344	  0.894	 -0.285
	 -0.737	  0.445	  0.508
	  0.581	  0.035	  0.813

5 	  40.08	  12.53	   2.34
	  0.528	  0.840	  0.127
	  0.798	 -0.542	  0.265
	  0.291	 -0.039	 -0.956

6 	  44.72	  16.08	  -7.72
	  0.438	 -0.154	 -0.886
	  0.721	  0.649	  0.244
	  0.537	 -0.745	  0.395

7 	  36.98	  -5.73	  -6.82
	  0.497	 -0.615	 -0.612
	  0.559	  0.766	 -0.316
	  0.663	 -0.185	  0.725

8 	  41.91	 -12.78	   1.81
	  0.520	 -0.844	  0.134
	 -0.854	 -0.519	  0.041
	  0.035	 -0.135	 -0.990

9 	  45.00	 -17.09	  -9.04
	  0.241	  0.073	 -0.968
	 -0.809	  0.566	 -0.159
	  0.536	  0.821	  0.196

2 	  32.62	  -6.79	  23.01
	  0.001	  0.999	 -0.048
	 -1.000	  0.000	 -0.014
	 -0.014	  0.048	  0.999

3 	  44.49	   0.51	   0.37
	  0.395	  0.209	  0.894
	 -0.072	  0.978	 -0.198
	 -0.916	  0.014	  0.401

4 	  36.67	   5.01	  -6.56
	  0.343	  0.896	 -0.281
	 -0.739	  0.442	  0.507
	  0.579	  0.033	  0.814

5 	  40.06	  12.53	   2.43
	  0.528	  0.839	  0.133
	  0.795	 -0.543	  0.269
	  0.298	 -0.036	 -0.954

6 	  44.81	  16.10	  -7.56
	  0.447	 -0.150	 -0.882
	  0.719	  0.646	  0.255
	  0.531	 -0.748	  0.397

7 	  37.00	  -5.73	  -6.82
	  0.498	 -0.617	 -0.610
	  0.560	  0.765	 -0.317
	  0.662	 -0.184	  0.727

8 	  41.89	 -12.78	   1.85
	  0.518	 -0.844	  0.135
	 -0.854	 -0.519	  0.037
	  0.039	 -0.135	 -0.990

9 	  45.00	 -17.07	  -9.00
	  0.244	  0.076	 -0.967
	 -0.808	  0.567	 -0.159
	  0.536	  0.820	  0.200

2 	  32.62	  -6.79	  23.01
	  0.001	  0.999	 -0.048
	 -1.000	  0.000	 -0.014
	 -0.014	  0.047	  0.999

3 	  44.47	   0.49	   0.40
	  0.393	  0.206	  0.896
	 -0.068	  0.978	 -0.196
	 -0.917	  0.016	  0.398

4 	  36.70	   4.99	  -6.56
	  0.349	  0.894	 -0.281
	 -0.738	  0.447	  0.505
	  0.578	  0.031	  0.815

5 	  40.18	  12.55	   2.37
	  0.552	  0.824	  0.122
	  0.777	 -0.562	  0.283
	  0.302	 -0.062	 -0.951

6 	  45.25	  15.50	  -7.63
	  0.458	 -0.202	 -0.865
	  0.728	  0.643	  0.236
	  0.509	 -0.739	  0.442

7 	  37.02	  -5.78	  -6.82
	  0.509	 -0.612	 -0.605
	  0.549	  0.772	 -0.318
	  0.662	 -0.170	  0.730

8 	  41.96	 -12.90	   1.72
	  0.537	 -0.836	  0.105
	 -0.841	 -0.541	 -0.002
	  0.058	 -0.088	 -0.994

9 	  45.33	 -16.24	  -9.35
	  0.255	  0.171	 -0.952
	 -0.818	  0.562	 -0.119
	  0.515	  0.809	  0.284

2 	  32.62	  -6.79	  23.01
	  0.001	  0.999	 -0.048
	 -1.000	  0.000	 -0.014
	 -0.014	  0.048	  0.999

3 	  44.47	   0.44	   0.39
	  0.390	  0.204	  0.898
	 -0.062	  0.979	 -0.196
	 -0.919	  0.021	  0.395

4 	  36.70	   4.90	  -6.61
	  0.372	  0.881	 -0.293
	 -0.725	  0.472	  0.500
	  0.579	  0.026	  0.815

5 	  40.45	  12.48	   2.18
	  0.592	  0.799	  0.105
	  0.745	 -0.592	  0.306
	  0.307	 -0.103	 -0.946

6 	  45.70	  14.48	  -7.80
	  0.460	 -0.293	 -0.838
	  0.747	  0.637	  0.188
	  0.479	 -0.713	  0.512

7 	  37.00	  -5.82	  -6.82
	  0.522	 -0.601	 -0.605
	  0.535	  0.784	 -0.316
	  0.664	 -0.158	  0.731

8 	  42.03	 -13.06	   1.44
	  0.572	 -0.817	  0.071
	 -0.816	 -0.576	 -0.054
	  0.085	 -0.028	 -0.996

9 	  45.90	 -15.06	  -9.56
	  0.277	  0.297	 -0.914
	 -0.829	  0.555	 -0.071
	  0.486	  0.777	  0.400

2 	  32.62	  -6.79	  23.01
	  0.001	  0.999	 -0.048
	 -1.000	  0.001	 -0.014
	 -0.014	  0.047	  0.999

3 	  44.46	   0.39	   0.44
	  0.384	  0.201	  0.901
	 -0.052	  0.979	 -0.196
	 -0.922	  0.029	  0.386

4 	  36.70	   4.85	  -6.66
	  0.389	  0.870	 -0.302
	 -0.720	  0.492	  0.490
	  0.575	  0.027	  0.818

5 	  40.68	  12.52	   1.99
	  0.637	  0.765	  0.090
	  0.701	 -0.625	  0.343
	  0.319	 -0.156	 -0.935

6 	  46.32	  13.27	  -7.82
	  0.458	 -0.397	 -0.795
	  0.784	  0.602	  0.152
	  0.418	 -0.693	  0.587

7 	  37.04	  -5.80	  -6.82
	  0.538	 -0.585	 -0.608
	  0.521	  0.797	 -0.305
	  0.662	 -0.152	  0.733

8 	  42.15	 -13.01	   1.35
	  0.617	 -0.783	  0.073
	 -0.775	 -0.621	 -0.119
	  0.139	  0.017	 -0.990

9 	  46.83	 -13.83	  -9.39
	  0.313	  0.397	 -0.863
	 -0.841	  0.537	 -0.058
	  0.440	  0.744	  0.502

2 	  32.62	  -6.79	  23.01
	  0.001	  0.999	 -0.048
	 -1.000	  0.000	 -0.014
	 -0.014	  0.047	  0.999

3 	  44.44	   0.39	   0.54
	  0.379	  0.193	  0.905
	 -0.036	  0.980	 -0.195
	 -0.925	  0.041	  0.378

4 	  36.69	   4.85	  -6.64
	  0.409	  0.859	 -0.307
	 -0.716	  0.511	  0.475
	  0.565	  0.025	  0.825

5 	  41.04	  12.39	   1.93
	  0.699	  0.709	  0.092
	  0.635	 -0.675	  0.376
	  0.328	 -0.204	 -0.922

6 	  46.93	  11.97	  -7.59
	  0.435	 -0.495	 -0.752
	  0.841	  0.521	  0.143
	  0.321	 -0.695	  0.643

7 	  37.14	  -5.80	  -6.82
	  0.564	 -0.565	 -0.602
	  0.500	  0.814	 -0.296
	  0.657	 -0.135	  0.742

8 	  42.57	 -12.80	   1.35
	  0.662	 -0.744	  0.091
	 -0.729	 -0.667	 -0.152
	  0.173	  0.034	 -0.984

9 	  47.76	 -13.01	  -9.19
	  0.334	  0.446	 -0.830
	 -0.869	  0.486	 -0.088
	  0.365	  0.751	  0.551

2 	  32.62	  -6.79	  23.01
	  0.001	  0.999	 -0.048
	 -1.000	  0.000	 -0.014
	 -0.014	  0.047	  0.999

3 	  44.46	   0.33	   0.58
	  0.374	  0.189	  0.908
	 -0.026	  0.981	 -0.193
	 -0.927	  0.049	  0.371

4 	  36.74	   4.85	  -6.66
	  0.421	  0.853	 -0.309
	 -0.715	  0.522	  0.465
	  0.558	  0.025	  0.829

5 	  41.31	  12.23	   1.90
	  0.749	  0.652	  0.116
	  0.557	 -0.715	  0.422
	  0.359	 -0.252	 -0.899

6 	  47.43	  10.53	  -6.86
	  0.419	 -0.599	 -0.682
	  0.880	  0.453	  0.143
	  0.224	 -0.660	  0.717

7 	  37.28	  -5.80	  -6.84
	  0.587	 -0.544	 -0.599
	  0.483	  0.829	 -0.281
	  0.649	 -0.124	  0.750

8 	  42.77	 -12.81	   1.20
	  0.714	 -0.692	  0.104
	 -0.654	 -0.713	 -0.251
	  0.248	  0.111	 -0.962

9 	  49.01	 -11.41	  -8.44
	  0.376	  0.563	 -0.736
	 -0.891	  0.436	 -0.122
	  0.252	  0.702	  0.666

2 	  32.62	  -6.79	  23.01
	  0.001	  0.999	 -0.048
	 -1.000	  0.001	 -0.014
	 -0.014	  0.047	  0.999

3 	  44.47	   0.30	   0.70
	  0.366	  0.184	  0.912
	 -0.010	  0.981	 -0.195
	 -0.930	  0.062	  0.361

4 	  36.84	   4.89	  -6.66
	  0.445	  0.842	 -0.303
	 -0.712	  0.538	  0.451
	  0.543	  0.015	  0.839

5 	  41.55	  11.85	   2.25
	  0.782	  0.604	  0.151
	  0.500	 -0.754	  0.427
	  0.372	 -0.259	 -0.892

6 	  47.69	   9.12	  -6.24
	  0.383	 -0.668	 -0.638
	  0.896	  0.437	  0.080
	  0.225	 -0.602	  0.766

7 	  37.37	  -5.85	  -6.84
	  0.617	 -0.523	 -0.587
	  0.462	  0.845	 -0.267
	  0.636	 -0.107	  0.764

8 	  42.98	 -12.73	   1.21
	  0.766	 -0.629	  0.132
	 -0.555	 -0.750	 -0.359
	  0.325	  0.202	 -0.924

9 	  49.85	  -9.70	  -7.40
	  0.386	  0.680	 -0.623
	 -0.915	  0.368	 -0.166
	  0.116	  0.634	  0.765

2 	  32.62	  -6.79	  23.01
	  0.001	  0.999	 -0.048
	 -1.000	  0.001	 -0.014
	 -0.014	  0.047	  0.999

3 	  44.51	   0.23	   0.76
	  0.362	  0.184	  0.913
	 -0.000	  0.980	 -0.198
	 -0.932	  0.072	  0.355

4 	  36.97	   4.83	  -6.68
	  0.463	  0.832	 -0.305
	 -0.708	  0.554	  0.438
	  0.533	  0.013	  0.845

5 	  41.82	  11.67	   2.20
	  0.813	  0.554	  0.178
	  0.427	 -0.776	  0.463
	  0.395	 -0.300	 -0.868

6 	  47.90	   8.28	  -5.87
	  0.358	 -0.726	 -0.588
	  0.912	  0.405	  0.056
	  0.197	 -0.557	  0.807

7 	  37.51	  -5.85	  -6.80
	  0.641	 -0.503	 -0.579
	  0.443	  0.859	 -0.256
	  0.626	 -0.092	  0.774

8 	  43.14	 -12.74	   1.14
	  0.798	 -0.581	  0.155
	 -0.464	 -0.759	 -0.457
	  0.383	  0.293	 -0.876

9 	  50.47	  -8.37	  -6.29
	  0.380	  0.779	 -0.499
	 -0.925	  0.315	 -0.212
	 -0.008	  0.542	  0.840

2 	  32.62	  -6.80	  23.01
	  0.002	  0.999	 -0.048
	 -1.000	  0.001	 -0.014
	 -0.014	  0.047	  0.999

3 	  44.54	   0.19	   0.83
	  0.357	  0.187	  0.915
	  0.009	  0.979	 -0.204
	 -0.934	  0.081	  0.348

4 	  37.04	   4.83	  -6.71
	  0.475	  0.826	 -0.305
	 -0.706	  0.564	  0.429
	  0.526	  0.011	  0.850

5 	  41.91	  11.65	   2.23
	  0.823	  0.535	  0.190
	  0.396	 -0.782	  0.482
	  0.406	 -0.321	 -0.855

6 	  47.97	   7.54	  -5.47
	  0.336	 -0.776	 -0.534
	  0.920	  0.391	  0.012
	  0.199	 -0.495	  0.845

7 	  37.67	  -5.87	  -6.79
	  0.667	 -0.482	 -0.568
	  0.422	  0.873	 -0.245
	  0.614	 -0.076	  0.785

8 	  43.28	 -12.76	   1.07
	  0.828	 -0.528	  0.188
	 -0.356	 -0.754	 -0.552
	  0.433	  0.390	 -0.812

9 	  50.84	  -6.94	  -4.85
	  0.346	  0.864	 -0.365
	 -0.925	  0.251	 -0.284
	 -0.154	  0.436	  0.887

2 	  32.62	  -6.79	  23.01
	  0.002	  0.999	 -0.048
	 -1.000	  0.001	 -0.014
	 -0.014	  0.047	  0.999

3 	  44.56	   0.14	   0.90
	  0.354	  0.189	  0.916
	  0.012	  0.978	 -0.207
	 -0.935	  0.084	  0.344

4 	  37.12	   4.82	  -6.75
	  0.493	  0.816	 -0.301
	 -0.701	  0.577	  0.417
	  0.515	  0.005	  0.857

5 	  41.99	  11.53	   2.29
	  0.839	  0.495	  0.224
	  0.328	 -0.790	  0.518
	  0.433	 -0.362	 -0.825

6 	  47.97	   6.63	  -4.94
	  0.300	 -0.827	 -0.475
	  0.936	  0.350	 -0.018
	  0.181	 -0.439	  0.880

7 	  37.78	  -5.91	  -6.77
	  0.690	 -0.465	 -0.555
	  0.401	  0.884	 -0.240
	  0.602	 -0.057	  0.796

8 	  43.45	 -12.66	   1.14
	  0.847	 -0.484	  0.219
	 -0.267	 -0.745	 -0.612
	  0.459	  0.460	 -0.760

9 	  51.03	  -5.85	  -3.78
	  0.302	  0.914	 -0.271
	 -0.923	  0.209	 -0.322
	 -0.238	  0.347	  0.907

2 	  32.62	  -6.79	  23.01
	  0.001	  0.999	 -0.048
	 -1.000	  0.000	 -0.014
	 -0.014	  0.048	  0.999

3 	  44.54	   0.14	   0.98
	  0.348	  0.190	  0.918
	  0.018	  0.978	 -0.209
	 -0.937	  0.089	  0.337

4 	  37.28	   4.85	  -6.73
	  0.514	  0.805	 -0.296
	 -0.696	  0.593	  0.405
	  0.502	 -0.003	  0.865

5 	  42.17	  11.51	   2.27
	  0.855	  0.449	  0.257
	  0.245	 -0.789	  0.563
	  0.456	 -0.419	 -0.785

6 	  47.99	   5.77	  -4.15
	  0.249	 -0.882	 -0.401
	  0.960	  0.280	 -0.019
	  0.128	 -0.380	  0.916

7 	  37.86	  -5.87	  -6.79
	  0.703	 -0.451	 -0.549
	  0.388	  0.891	 -0.235
	  0.595	 -0.048	  0.802

8 	  43.65	 -12.60	   1.04
	  0.861	 -0.449	  0.237
	 -0.198	 -0.726	 -0.659
	  0.468	  0.521	 -0.714

9 	  50.98	  -5.04	  -3.01
	  0.254	  0.952	 -0.173
	 -0.927	  0.188	 -0.324
	 -0.276	  0.242	  0.930

2 	  32.62	  -6.79	  23.01
	  0.001	  0.999	 -0.048
	 -1.000	  0.001	 -0.014
	 -0.014	  0.047	  0.999

3 	  44.56	   0.09	   1.02
	  0.346	  0.188	  0.919
	  0.024	  0.977	 -0.210
	 -0.938	  0.094	  0.334

4 	  37.39	   4.90	  -6.70
	  0.537	  0.793	 -0.286
	 -0.688	  0.609	  0.396
	  0.488	 -0.016	  0.872

5 	  42.26	  11.48	   2.32
	  0.863	  0.409	  0.297
	  0.167	 -0.785	  0.596
	  0.477	 -0.465	 -0.746

6 	  47.81	   4.96	  -3.52
	  0.196	 -0.919	 -0.343
	  0.975	  0.220	 -0.033
	  0.106	 -0.328	  0.939

7 	  37.95	  -5.87	  -6.80
	  0.721	 -0.435	 -0.540
	  0.372	  0.900	 -0.228
	  0.584	 -0.037	  0.810

8 	  43.82	 -12.48	   1.04
	  0.872	 -0.418	  0.254
	 -0.141	 -0.712	 -0.688
	  0.468	  0.565	 -0.680

9 	  50.98	  -4.31	  -2.30
	  0.207	  0.972	 -0.106
	 -0.920	  0.157	 -0.358
	 -0.332	  0.171	  0.927

2 	  32.62	  -6.79	  23.01
	  0.001	  0.999	 -0.048
	 -1.000	  0.001	 -0.014
	 -0.014	  0.047	  0.999

3 	  44.58	   0.07	   1.07
	  0.343	  0.187	  0.920
	  0.028	  0.977	 -0.210
	 -0.939	  0.097	  0.330

4 	  37.53	   4.96	  -6.64
	  0.562	  0.781	 -0.272
	 -0.679	  0.623	  0.388
	  0.472	 -0.034	  0.881

5 	  42.42	  11.36	   2.50
	  0.868	  0.367	  0.333
	  0.095	 -0.783	  0.614
	  0.487	 -0.501	 -0.715

6 	  47.78	   4.32	  -2.85
	  0.145	 -0.941	 -0.304
	  0.988	  0.155	 -0.008
	  0.055	 -0.299	  0.952

7 	  38.06	  -5.84	  -6.80
	  0.736	 -0.422	 -0.529
	  0.359	  0.906	 -0.223
	  0.573	 -0.026	  0.819

8 	  44.00	 -12.30	   1.12
	  0.880	 -0.381	  0.284
	 -0.070	 -0.696	 -0.715
	  0.470	  0.609	 -0.639

9 	  50.80	  -3.57	  -1.51
	  0.149	  0.987	 -0.053
	 -0.922	  0.119	 -0.368
	 -0.357	  0.104	  0.928

2 	  32.62	  -6.79	  23.01
	  0.001	  0.999	 -0.048
	 -1.000	  0.000	 -0.014
	 -0.014	  0.047	  0.999

3 	  44.58	   0.05	   1.16
	  0.340	  0.185	  0.922
	  0.034	  0.977	 -0.210
	 -0.940	  0.103	  0.326

4 	  37.65	   4.96	  -6.64
	  0.582	  0.769	 -0.265
	 -0.670	  0.638	  0.380
	  0.461	 -0.044	  0.886

5 	  42.54	  11.36	   2.48
	  0.868	  0.334	  0.368
	  0.022	 -0.765	  0.643
	  0.496	 -0.550	 -0.671

6 	  47.64	   3.71	  -2.25
	  0.089	 -0.964	 -0.252
	  0.996	  0.086	  0.023
	 -0.001	 -0.253	  0.967

7 	  38.21	  -5.91	  -6.77
	  0.754	 -0.414	 -0.510
	  0.348	  0.910	 -0.224
	  0.557	 -0.008	  0.830

8 	  44.14	 -12.09	   1.37
	  0.882	 -0.343	  0.324
	 -0.000	 -0.687	 -0.727
	  0.472	  0.640	 -0.606

9 	  50.62	  -2.99	  -0.69
	  0.099	  0.995	 -0.022
	 -0.920	  0.083	 -0.384
	 -0.380	  0.059	  0.923

2 	  32.62	  -6.79	  23.01
	  0.001	  0.999	 -0.048
	 -1.000	  0.000	 -0.014
	 -0.014	  0.048	  0.999

3 	  44.61	   0.05	   1.23
	  0.336	  0.186	  0.923
	  0.040	  0.976	 -0.211
	 -0.941	  0.108	  0.320

4 	  37.81	   4.99	  -6.64
	  0.603	  0.759	 -0.247
	 -0.665	  0.649	  0.369
	  0.440	 -0.059	  0.896

5 	  42.56	  11.32	   2.67
	  0.856	  0.305	  0.417
	 -0.057	 -0.746	  0.663
	  0.513	 -0.592	 -0.622

6 	  47.51	   3.16	  -1.42
	  0.049	 -0.977	 -0.209
	  0.997	  0.036	  0.068
	 -0.059	 -0.212	  0.975

7 	  38.32	  -5.96	  -6.70
	  0.769	 -0.406	 -0.493
	  0.336	  0.914	 -0.227
	  0.543	  0.008	  0.840

8 	  44.23	 -11.94	   1.62
	  0.880	 -0.310	  0.359
	  0.057	 -0.681	 -0.730
	  0.471	  0.664	 -0.581

9 	  50.43	  -2.53	   0.04
	  0.057	  0.998	 -0.001
	 -0.914	  0.051	 -0.401
	 -0.400	  0.023	  0.916

2 	  32.62	  -6.79	  23.01
	  0.001	  0.999	 -0.048
	 -1.000	  0.000	 -0.014
	 -0.014	  0.048	  0.999

3 	  44.63	   0.00	   1.30
	  0.333	  0.184	  0.925
	  0.045	  0.976	 -0.211
	 -0.942	  0.112	  0.316

4 	  37.90	   5.01	  -6.59
	  0.619	  0.749	 -0.236
	 -0.659	  0.658	  0.363
	  0.427	 -0.069	  0.901

5 	  42.59	  11.25	   2.74
	  0.849	  0.278	  0.449
	 -0.121	 -0.725	  0.678
	  0.514	 -0.630	 -0.582

6 	  47.23	   2.74	  -0.76
