2 	  33.40	  -6.84	  22.75
	  0.630	  0.776	 -0.026
	 -0.777	  0.629	 -0.017
	  0.004	  0.031	  0.999

3 	  37.85	   0.02	  -2.07
	  0.235	 -0.142	 -0.961
	  0.033	  0.990	 -0.139
	  0.971	  0.000	  0.237

4 	  42.12	   6.87	  -5.29
	  0.679	  0.683	  0.268
	 -0.694	  0.477	  0.539
	  0.241	 -0.552	  0.798

5 	  49.32	  11.79	  14.54
	  0.383	 -0.074	  0.921
	 -0.198	  0.966	  0.162
	 -0.902	 -0.246	  0.354

6 	  42.43	  11.57	   4.29
	 -0.104	 -0.330	 -0.938
	  0.579	  0.747	 -0.326
	  0.809	 -0.577	  0.114

7 	  42.40	  -7.35	  -5.41
	  0.707	 -0.707	  0.028
	  0.611	  0.590	 -0.527
	  0.358	  0.390	  0.848

8 	  48.29	 -12.39	  14.31
	  0.476	  0.165	  0.863
	  0.386	  0.843	 -0.374
	 -0.791	  0.510	  0.338

9 	  41.38	 -11.78	   5.31
	 -0.055	  0.320	 -0.946
	 -0.407	  0.858	  0.312
	  0.912	  0.401	  0.084

2 	  33.38	  -6.82	  22.75
	  0.630	  0.776	 -0.026
	 -0.777	  0.628	 -0.017
	  0.004	  0.031	  0.999

3 	  37.86	   0.02	  -2.09
	  0.237	 -0.142	 -0.961
	  0.036	  0.990	 -0.137
	  0.971	 -0.002	  0.240

4 	  42.12	   6.89	  -5.33
	  0.681	  0.684	  0.263
	 -0.691	  0.478	  0.541
	  0.245	 -0.550	  0.798

5 	  49.43	  11.83	  14.45
	  0.388	 -0.073	  0.919
	 -0.197	  0.967	  0.161
	 -0.901	 -0.245	  0.359

6 	  42.50	  11.58	   4.25
	 -0.109	 -0.331	 -0.937
	  0.579	  0.746	 -0.329
	  0.809	 -0.578	  0.112

7 	  42.40	  -7.31	  -5.45
	  0.708	 -0.706	  0.022
	  0.608	  0.592	 -0.529
	  0.362	  0.388	  0.847

8 	  48.34	 -12.39	  14.27
	  0.478	  0.164	  0.862
	  0.384	  0.844	 -0.374
	 -0.791	  0.509	  0.339

9 	  41.41	 -11.78	   5.29
	 -0.058	  0.320	 -0.945
	 -0.406	  0.858	  0.314
	  0.913	  0.400	  0.081

2 	  33.38	  -6.82	  22.75
	  0.630	  0.776	 -0.026
	 -0.777	  0.628	 -0.017
	  0.004	  0.031	  0.999

3 	  37.85	   0.02	  -2.09
	  0.237	 -0.142	 -0.961
	  0.036	  0.990	 -0.137
	  0.971	 -0.002	  0.240

4 	  42.12	   6.87	  -5.33
	  0.681	  0.683	  0.261
	 -0.690	  0.479	  0.542
	  0.245	 -0.550	  0.798

5 	  49.43	  11.83	  14.47
	  0.387	 -0.072	  0.919
	 -0.197	  0.967	  0.161
	 -0.901	 -0.245	  0.358

6 	  42.49	  11.58	   4.24
	 -0.108	 -0.332	 -0.937
	  0.578	  0.746	 -0.329
	  0.809	 -0.577	  0.113

7 	  42.40	  -7.33	  -5.47
	  0.707	 -0.707	  0.022
	  0.608	  0.591	 -0.530
	  0.363	  0.388	  0.847

8 	  48.36	 -12.39	  14.27
	  0.479	  0.164	  0.862
	  0.384	  0.844	 -0.373
	 -0.791	  0.509	  0.340

9 	  41.43	 -11.78	   5.29
	 -0.056	  0.320	 -0.945
	 -0.406	  0.858	  0.314
	  0.913	  0.400	  0.082

2 	  33.38	  -6.82	  22.75
	  0.630	  0.776	 -0.026
	 -0.777	  0.629	 -0.017
	  0.004	  0.031	  0.999

3 	  37.86	   0.02	  -2.09
	  0.239	 -0.141	 -0.961
	  0.038	  0.990	 -0.135
	  0.970	 -0.005	  0.242

4 	  42.15	   6.91	  -5.34
	  0.680	  0.684	  0.262
	 -0.692	  0.478	  0.541
	  0.246	 -0.550	  0.798

5 	  49.43	  11.85	  14.45
	  0.384	 -0.069	  0.921
	 -0.199	  0.967	  0.157
	 -0.902	 -0.245	  0.355

6 	  42.50	  11.58	   4.24
	 -0.103	 -0.333	 -0.937
	  0.579	  0.747	 -0.327
	  0.809	 -0.576	  0.117

7 	  42.42	  -7.31	  -5.47
	  0.707	 -0.707	  0.022
	  0.609	  0.591	 -0.529
	  0.362	  0.387	  0.848

8 	  48.36	 -12.39	  14.27
	  0.477	  0.163	  0.863
	  0.385	  0.844	 -0.372
	 -0.791	  0.509	  0.339

9 	  41.43	 -11.76	   5.29
	 -0.053	  0.321	 -0.945
	 -0.406	  0.858	  0.313
	  0.913	  0.400	  0.085

2 	  33.40	  -6.82	  22.75
	  0.630	  0.776	 -0.026
	 -0.777	  0.628	 -0.017
	  0.004	  0.031	  0.999

3 	  37.88	   0.04	  -2.09
	  0.240	 -0.141	 -0.960
	  0.038	  0.990	 -0.135
	  0.970	 -0.005	  0.243

4 	  42.17	   6.91	  -5.34
	  0.679	  0.684	  0.264
	 -0.693	  0.477	  0.540
	  0.244	 -0.550	  0.798

5 	  49.41	  11.85	  14.48
	  0.382	 -0.069	  0.921
	 -0.200	  0.967	  0.157
	 -0.903	 -0.246	  0.354

6 	  42.49	  11.58	   4.25
	 -0.101	 -0.332	 -0.938
	  0.580	  0.747	 -0.325
	  0.809	 -0.576	  0.118

7 	  42.45	  -7.31	  -5.47
	  0.707	 -0.707	  0.022
	  0.609	  0.592	 -0.527
	  0.361	  0.386	  0.849

8 	  48.36	 -12.39	  14.27
	  0.477	  0.163	  0.863
	  0.384	  0.845	 -0.372
	 -0.791	  0.509	  0.339

9 	  41.43	 -11.76	   5.29
	 -0.053	  0.321	 -0.945
	 -0.406	  0.858	  0.313
	  0.912	  0.400	  0.086

2 	  33.40	  -6.82	  22.75
	  0.630	  0.776	 -0.026
	 -0.777	  0.628	 -0.017
	  0.004	  0.031	  0.999

3 	  37.88	   0.04	  -2.09
	  0.241	 -0.140	 -0.960
	  0.038	  0.990	 -0.135
	  0.970	 -0.005	  0.244

4 	  42.17	   6.91	  -5.33
	  0.679	  0.684	  0.265
	 -0.693	  0.477	  0.540
	  0.244	 -0.550	  0.798

5 	  49.41	  11.85	  14.50
	  0.381	 -0.069	  0.922
	 -0.201	  0.967	  0.156
	 -0.902	 -0.247	  0.355

6 	  42.50	  11.58	   4.27
	 -0.100	 -0.331	 -0.938
	  0.580	  0.747	 -0.325
	  0.809	 -0.575	  0.118

7 	  42.43	  -7.31	  -5.45
	  0.706	 -0.707	  0.023
	  0.610	  0.591	 -0.527
	  0.360	  0.386	  0.849

8 	  48.36	 -12.39	  14.29
	  0.476	  0.163	  0.864
	  0.386	  0.844	 -0.372
	 -0.791	  0.510	  0.338

9 	  41.43	 -11.74	   5.29
	 -0.052	  0.320	 -0.946
	 -0.406	  0.859	  0.312
	  0.913	  0.399	  0.086

2 	  33.40	  -6.82	  22.75
	  0.630	  0.776	 -0.026
	 -0.777	  0.628	 -0.017
	  0.004	  0.031	  0.999

3 	  37.90	   0.04	  -2.09
	  0.240	 -0.140	 -0.960
	  0.039	  0.990	 -0.135
	  0.970	 -0.005	  0.244

4 	  42.17	   6.91	  -5.34
	  0.678	  0.685	  0.266
	 -0.694	  0.477	  0.539
	  0.243	 -0.551	  0.798

5 	  49.34	  11.87	  14.52
	  0.376	 -0.065	  0.924
	 -0.208	  0.966	  0.153
	 -0.903	 -0.251	  0.349

6 	  42.45	  11.57	   4.25
	 -0.092	 -0.333	 -0.938
	  0.577	  0.750	 -0.322
	  0.812	 -0.571	  0.124

7 	  42.45	  -7.31	  -5.47
	  0.706	 -0.708	  0.023
	  0.610	  0.591	 -0.527
	  0.360	  0.386	  0.849

8 	  48.30	 -12.43	  14.31
	  0.472	  0.161	  0.866
	  0.388	  0.845	 -0.368
	 -0.792	  0.509	  0.337

9 	  41.40	 -11.76	   5.22
	 -0.037	  0.329	 -0.944
	 -0.407	  0.857	  0.314
	  0.913	  0.394	  0.102

2 	  33.38	  -6.82	  22.75
	  0.630	  0.776	 -0.026
	 -0.777	  0.629	 -0.017
	  0.004	  0.031	  0.999

3 	  37.95	   0.07	  -2.13
	  0.244	 -0.139	 -0.960
	  0.060	  0.990	 -0.128
	  0.968	 -0.027	  0.250

4 	  42.31	   6.89	  -5.43
	  0.677	  0.687	  0.263
	 -0.697	  0.484	  0.528
	  0.236	 -0.541	  0.807

5 	  48.57	  12.22	  14.73
	  0.315	 -0.033	  0.948
	 -0.248	  0.962	  0.116
	 -0.916	 -0.273	  0.294

6 	  42.15	  11.58	   3.99
	 -0.028	 -0.358	 -0.933
	  0.573	  0.759	 -0.307
	  0.819	 -0.543	  0.184

7 	  42.57	  -7.31	  -5.45
	  0.705	 -0.708	  0.034
	  0.616	  0.587	 -0.524
	  0.352	  0.391	  0.850

8 	  47.48	 -12.78	  14.57
	  0.394	  0.132	  0.909
	  0.397	  0.868	 -0.297
	 -0.829	  0.478	  0.289

9 	  41.20	 -11.90	   4.92
	  0.025	  0.356	 -0.934
	 -0.443	  0.842	  0.308
	  0.896	  0.405	  0.179

2 	  33.38	  -6.82	  22.75
	  0.630	  0.776	 -0.026
	 -0.777	  0.628	 -0.017
	  0.004	  0.031	  0.999

3 	  38.11	   0.04	  -2.20
	  0.256	 -0.145	 -0.956
	  0.066	  0.989	 -0.132
	  0.964	 -0.029	  0.263

4 	  42.47	   6.86	  -5.61
	  0.667	  0.698	  0.259
	 -0.709	  0.487	  0.510
	  0.230	 -0.524	  0.820

5 	  46.93	  12.81	  14.89
	  0.207	  0.005	  0.978
	 -0.307	  0.950	  0.060
	 -0.929	 -0.313	  0.197

6 	  41.48	  11.62	   3.45
	  0.067	 -0.387	 -0.920
	  0.548	  0.785	 -0.289
	  0.834	 -0.484	  0.265

7 	  42.73	  -7.31	  -5.47
	  0.703	 -0.709	  0.049
	  0.625	  0.583	 -0.518
	  0.340	  0.395	  0.854

8 	  45.70	 -13.24	  14.84
	  0.222	  0.096	  0.970
	  0.326	  0.930	 -0.167
	 -0.919	  0.353	  0.175

9 	  40.66	 -12.22	   4.24
	  0.122	  0.396	 -0.910
	 -0.505	  0.814	  0.286
	  0.855	  0.423	  0.299

2 	  33.38	  -6.82	  22.76
	  0.630	  0.776	 -0.026
	 -0.777	  0.628	 -0.018
	  0.003	  0.031	  0.999

3 	  38.25	   0.11	  -2.27
	  0.270	 -0.158	 -0.950
	  0.075	  0.987	 -0.143
	  0.960	 -0.032	  0.279

4 	  42.70	   6.79	  -5.87
	  0.654	  0.709	  0.263
	 -0.727	  0.491	  0.481
	  0.212	 -0.505	  0.836

5 	  45.37	  13.24	  14.62
	  0.098	  0.035	  0.994
	 -0.332	  0.943	 -0.001
	 -0.938	 -0.330	  0.103

6 	  40.87	  11.58	   2.78
	  0.165	 -0.418	 -0.893
	  0.521	  0.806	 -0.281
	  0.837	 -0.418	  0.351

7 	  42.94	  -7.28	  -5.57
	  0.689	 -0.722	  0.066
	  0.649	  0.573	 -0.500
	  0.324	  0.387	  0.863

8 	  43.75	 -13.83	  14.62
	  0.032	  0.053	  0.998
	  0.194	  0.979	 -0.060
	 -0.980	  0.196	  0.020

9 	  40.17	 -12.64	   3.32
	  0.216	  0.444	 -0.869
	 -0.558	  0.786	  0.263
	  0.801	  0.428	  0.418

2 	  33.40	  -6.82	  22.76
	  0.630	  0.776	 -0.026
	 -0.777	  0.628	 -0.018
	  0.003	  0.032	  0.999

3 	  38.53	   0.09	  -2.37
	  0.283	 -0.181	 -0.942
	  0.081	  0.983	 -0.165
	  0.956	 -0.030	  0.292

4 	  43.01	   6.63	  -6.15
	  0.634	  0.723	  0.273
	 -0.749	  0.486	  0.451
	  0.193	 -0.491	  0.849

5 	  43.89	  13.64	  14.19
	  0.002	  0.066	  0.998
	 -0.334	  0.940	 -0.062
	 -0.943	 -0.333	  0.024

6 	  40.36	  11.53	   2.09
	  0.257	 -0.438	 -0.861
	  0.497	  0.824	 -0.271
	  0.829	 -0.358	  0.429

7 	  43.21	  -7.21	  -5.62
	  0.668	 -0.737	  0.096
	  0.681	  0.555	 -0.478
	  0.300	  0.385	  0.873

8 	  42.49	 -14.43	  14.19
	 -0.063	  0.010	  0.998
	  0.168	  0.985	 -0.000
	 -0.984	  0.168	 -0.064

9 	  39.85	 -12.71	   2.72
	  0.286	  0.473	 -0.833
	 -0.555	  0.791	  0.259
	  0.781	  0.388	  0.489

2 	  33.38	  -6.82	  22.75
	  0.630	  0.776	 -0.026
	 -0.777	  0.628	 -0.017
	  0.004	  0.031	  0.999

3 	  38.79	  -0.02	  -2.48
	  0.291	 -0.202	 -0.935
	  0.064	  0.979	 -0.192
	  0.954	 -0.005	  0.298

4 	  43.19	   6.50	  -6.36
	  0.600	  0.748	  0.282
	 -0.778	  0.465	  0.422
	  0.184	 -0.473	  0.861

5 	  42.79	  13.92	  13.75
	 -0.065	  0.098	  0.993
	 -0.311	  0.943	 -0.114
	 -0.948	 -0.316	 -0.031

6 	  39.94	  11.37	   1.51
	  0.322	 -0.451	 -0.833
	  0.472	  0.838	 -0.272
	  0.821	 -0.306	  0.482

7 	  43.51	  -7.17	  -5.71
	  0.660	 -0.742	  0.120
	  0.699	  0.547	 -0.460
	  0.276	  0.388	  0.879

8 	  41.75	 -15.05	  13.66
	 -0.134	 -0.042	  0.990
	  0.122	  0.991	  0.057
	 -0.983	  0.129	 -0.128

9 	  39.69	 -12.80	   2.11
	  0.331	  0.505	 -0.797
	 -0.559	  0.785	  0.266
	  0.760	  0.357	  0.543

2 	  33.40	  -6.82	  22.75
	  0.629	  0.777	 -0.026
	 -0.778	  0.628	 -0.018
	  0.003	  0.032	  0.999

3 	  38.99	  -0.11	  -2.60
	  0.298	 -0.223	 -0.928
	  0.045	  0.974	 -0.220
	  0.953	  0.024	  0.300

4 	  43.37	   6.33	  -6.57
	  0.574	  0.769	  0.280
	 -0.799	  0.450	  0.399
	  0.181	 -0.453	  0.873

5 	  42.08	  14.34	  13.10
	 -0.123	  0.151	  0.981
	 -0.264	  0.948	 -0.179
	 -0.957	 -0.281	 -0.076

6 	  39.85	  11.30	   0.91
	  0.362	 -0.473	 -0.803
	  0.464	  0.839	 -0.285
	  0.809	 -0.269	  0.523

7 	  43.70	  -7.14	  -5.82
	  0.633	 -0.760	  0.146
	  0.729	  0.522	 -0.441
	  0.259	  0.386	  0.885

8 	  40.82	 -15.64	  13.03
	 -0.198	 -0.082	  0.976
	  0.115	  0.988	  0.105
	 -0.973	  0.133	 -0.187

9 	  39.43	 -12.87	   1.44
	  0.387	  0.532	 -0.753
	 -0.552	  0.787	  0.274
	  0.739	  0.309	  0.598

2 	  33.38	  -6.82	  22.75
	  0.630	  0.776	 -0.026
	 -0.777	  0.628	 -0.018
	  0.003	  0.031	  0.999

3 	  39.32	  -0.12	  -2.71
	  0.311	 -0.242	 -0.919
	  0.037	  0.969	 -0.243
	  0.949	  0.042	  0.310

4 	  43.77	   6.13	  -6.75
	  0.561	  0.778	  0.281
	 -0.811	  0.450	  0.373
	  0.163	 -0.438	  0.884

5 	  41.82	  14.57	  12.69
	 -0.160	  0.176	  0.971
	 -0.257	  0.942	 -0.213
	 -0.953	 -0.284	 -0.105

6 	  39.99	  11.21	   0.60
	  0.394	 -0.483	 -0.782
	  0.467	  0.837	 -0.283
	  0.792	 -0.255	  0.555

7 	  44.02	  -7.10	  -5.91
	  0.615	 -0.773	  0.158
	  0.751	  0.513	 -0.415
	  0.239	  0.374	  0.896

8 	  40.32	 -15.93	  12.59
	 -0.236	 -0.081	  0.968
	  0.070	  0.992	  0.099
	 -0.969	  0.091	 -0.229

9 	  39.46	 -12.94	   1.05
	  0.418	  0.545	 -0.727
	 -0.562	  0.783	  0.265
	  0.714	  0.298	  0.633

2 	  33.38	  -6.82	  22.75
	  0.630	  0.776	 -0.026
	 -0.777	  0.629	 -0.018
	  0.003	  0.031	  0.999

3 	  39.57	  -0.25	  -2.78
	  0.321	 -0.248	 -0.914
	  0.026	  0.967	 -0.253
	  0.946	  0.057	  0.317

4 	  44.00	   6.01	  -6.82
	  0.546	  0.788	  0.283
	 -0.822	  0.440	  0.360
	  0.158	 -0.430	  0.889

5 	  41.55	  14.84	  12.30
	 -0.172	  0.204	  0.964
	 -0.269	  0.931	 -0.245
	 -0.948	 -0.301	 -0.105

6 	  39.96	  11.13	   0.25
	  0.417	 -0.498	 -0.760
	  0.461	  0.836	 -0.296
	  0.784	 -0.227	  0.577

7 	  44.26	  -7.03	  -5.98
	  0.610	 -0.776	  0.162
	  0.759	  0.514	 -0.398
	  0.226	  0.366	  0.903

8 	  39.94	 -15.82	  12.22
	 -0.292	 -0.074	  0.953
	 -0.048	  0.997	  0.062
	 -0.955	 -0.027	 -0.295

9 	  39.62	 -13.01	   0.56
	  0.446	  0.556	 -0.701
	 -0.594	  0.770	  0.234
	  0.671	  0.312	  0.672

2 	  33.38	  -6.82	  22.75
	  0.630	  0.776	 -0.026
	 -0.777	  0.628	 -0.017
	  0.004	  0.031	  0.999

3 	  39.71	  -0.35	  -2.87
	  0.327	 -0.252	 -0.911
	 -0.014	  0.962	 -0.272
	  0.945	  0.101	  0.311

4 	  44.02	   5.89	  -7.00
	  0.516	  0.810	  0.277
	 -0.841	  0.417	  0.344
	  0.163	 -0.411	  0.897

5 	  40.89	  15.19	  11.64
	 -0.207	  0.245	  0.947
	 -0.204	  0.936	 -0.287
	 -0.957	 -0.253	 -0.144

6 	  39.73	  10.99	  -0.23
	  0.448	 -0.512	 -0.733
	  0.446	  0.838	 -0.314
	  0.776	 -0.186	  0.603

7 	  44.44	  -6.93	  -6.17
	  0.592	 -0.789	  0.165
	  0.778	  0.506	 -0.373
	  0.211	  0.349	  0.913

8 	  38.72	 -15.50	  11.74
	 -0.403	 -0.072	  0.912
	 -0.130	  0.991	  0.021
	 -0.906	 -0.109	 -0.409

9 	  39.39	 -12.87	  -0.02
	  0.506	  0.544	 -0.670
	 -0.598	  0.780	  0.183
	  0.623	  0.308	  0.719

2 	  33.38	  -6.82	  22.75
	  0.630	  0.776	 -0.026
	 -0.777	  0.628	 -0.017
	  0.004	  0.031	  0.999

3 	  39.80	  -0.42	  -2.94
	  0.325	 -0.246	 -0.913
	 -0.043	  0.961	 -0.274
	  0.944	  0.128	  0.302

4 	  44.09	   5.73	  -7.12
	  0.500	  0.822	  0.274
	 -0.850	  0.405	  0.335
	  0.164	 -0.401	  0.901

5 	  40.54	  15.57	  11.18
	 -0.258	  0.290	  0.921
	 -0.168	  0.925	 -0.339
	 -0.951	 -0.243	 -0.190

6 	  39.73	  10.95	  -0.51
	  0.460	 -0.523	 -0.717
	  0.450	  0.833	 -0.320
	  0.766	 -0.176	  0.618

7 	  44.47	  -6.84	  -6.35
	  0.565	 -0.807	  0.168
	  0.800	  0.488	 -0.349
	  0.200	  0.331	  0.922

8 	  37.74	 -15.73	  11.07
	 -0.471	 -0.091	  0.877
	 -0.117	  0.992	  0.041
	 -0.874	 -0.083	 -0.478

9 	  39.16	 -12.78	  -0.49
	  0.548	  0.548	 -0.632
	 -0.595	  0.786	  0.167
	  0.589	  0.284	  0.756

2 	  33.38	  -6.82	  22.75
	  0.630	  0.776	 -0.026
	 -0.777	  0.628	 -0.017
	  0.004	  0.031	  0.999

3 	  39.83	  -0.39	  -2.99
	  0.320	 -0.242	 -0.916
	 -0.051	  0.961	 -0.271
	  0.946	  0.133	  0.295

4 	  44.14	   5.66	  -7.22
	  0.497	  0.825	  0.267
	 -0.852	  0.406	  0.330
	  0.164	 -0.392	  0.905

5 	  40.29	  15.75	  10.83
	 -0.290	  0.311	  0.905
	 -0.139	  0.922	 -0.361
	 -0.947	 -0.230	 -0.224

6 	  39.73	  10.86	  -0.79
	  0.472	 -0.533	 -0.702
	  0.453	  0.829	 -0.327
	  0.757	 -0.163	  0.632

7 	  44.46	  -6.87	  -6.35
	  0.548	 -0.818	  0.174
	  0.814	  0.474	 -0.334
	  0.190	  0.325	  0.926

8 	  37.02	 -16.07	  10.67
	 -0.519	 -0.107	  0.848
	 -0.123	  0.991	  0.051
	 -0.846	 -0.077	 -0.527

9 	  39.04	 -12.88	  -0.69
	  0.572	  0.551	 -0.607
	 -0.599	  0.786	  0.151
	  0.561	  0.277	  0.779

2 	  33.38	  -6.82	  22.75
	  0.630	  0.776	 -0.026
	 -0.777	  0.629	 -0.017
	  0.004	  0.031	  0.999

3 	  39.81	  -0.54	  -3.01
	  0.310	 -0.256	 -0.916
	 -0.060	  0.956	 -0.287
	  0.949	  0.144	  0.281

4 	  44.12	   5.34	  -7.42
	  0.491	  0.835	  0.247
	 -0.854	  0.406	  0.324
	  0.170	 -0.370	  0.913

5 	  39.96	  15.96	  10.30
	 -0.316	  0.341	  0.885
	 -0.115	  0.912	 -0.393
	 -0.941	 -0.227	 -0.249

6 	  39.62	  10.71	  -1.16
	  0.480	 -0.548	 -0.684
	  0.449	  0.823	 -0.346
	  0.754	 -0.141	  0.641

7 	  44.37	  -7.03	  -6.31
	  0.536	 -0.823	  0.186
	  0.823	  0.460	 -0.332
	  0.188	  0.331	  0.924

8 	  36.63	 -16.33	  10.49
	 -0.545	 -0.117	  0.830
	 -0.128	  0.990	  0.055
	 -0.828	 -0.076	 -0.555

9 	  38.88	 -13.04	  -0.77
	  0.583	  0.555	 -0.593
	 -0.604	  0.784	  0.141
	  0.544	  0.276	  0.792

2 	  33.38	  -6.82	  22.75
	  0.630	  0.776	 -0.026
	 -0.777	  0.628	 -0.017
	  0.004	  0.031	  0.999

3 	  39.74	  -0.63	  -3.02
	  0.304	 -0.263	 -0.916
	 -0.059	  0.954	 -0.293
	  0.951	  0.142	  0.275

4 	  44.03	   5.20	  -7.49
	  0.489	  0.839	  0.237
	 -0.854	  0.405	  0.326
	  0.177	 -0.362	  0.915

5 	  39.83	  16.14	  10.05
	 -0.325	  0.360	  0.874
	 -0.101	  0.906	 -0.411
	 -0.940	 -0.222	 -0.258

6 	  39.55	  10.65	  -1.27
	  0.482	 -0.558	 -0.676
	  0.452	  0.818	 -0.355
	  0.751	 -0.135	  0.646

7 	  44.28	  -7.08	  -6.31
	  0.531	 -0.826	  0.186
	  0.826	  0.457	 -0.329
	  0.187	  0.329	  0.926

8 	  36.54	 -16.73	  10.21
	 -0.554	 -0.143	  0.820
	 -0.139	  0.987	  0.078
	 -0.821	 -0.071	 -0.566

9 	  38.88	 -13.18	  -0.95
	  0.580	  0.573	 -0.578
	 -0.618	  0.772	  0.146
	  0.531	  0.273	  0.802

2 	  33.38	  -6.82	  22.75
	  0.630	  0.776	 -0.026
	 -0.777	  0.629	 -0.017
	  0.004	  0.032	  0.999

3 	  39.73	  -0.65	  -3.02
	  0.301	 -0.265	 -0.916
	 -0.059	  0.953	 -0.295
	  0.952	  0.143	  0.272

4 	  44.05	   5.17	  -7.52
	  0.485	  0.843	  0.232
	 -0.856	  0.403	  0.323
	  0.179	 -0.356	  0.917

5 	  39.76	  16.35	   9.83
	 -0.335	  0.379	  0.862
	 -0.081	  0.900	 -0.427
	 -0.938	 -0.214	 -0.271

6 	  39.59	  10.67	  -1.41
	  0.486	 -0.568	 -0.664
	  0.456	  0.813	 -0.363
	  0.747	 -0.126	  0.653

7 	  44.33	  -7.07	  -6.29
	  0.526	 -0.829	  0.187
	  0.832	  0.457	 -0.316
	  0.176	  0.322	  0.930

8 	  36.39	 -16.96	   9.91
	 -0.569	 -0.158	  0.807
	 -0.141	  0.985	  0.094
	 -0.810	 -0.059	 -0.583

9 	  38.90	 -13.22	  -1.12
	  0.589	  0.583	 -0.560
	 -0.623	  0.768	  0.146
	  0.517	  0.262	  0.815

2 	  33.38	  -6.82	  22.75
	  0.630	  0.776	 -0.026
	 -0.777	  0.628	 -0.017
	  0.004	  0.031	  0.999

3 	  39.80	  -0.67	  -3.04
	  0.307	 -0.265	 -0.914
	 -0.063	  0.953	 -0.297
	  0.949	  0.149	  0.276

4 	  44.12	   5.13	  -7.52
	  0.481	  0.845	  0.231
	 -0.859	  0.402	  0.318
	  0.176	 -0.351	  0.919

5 	  39.74	  16.42	   9.76
	 -0.340	  0.384	  0.858
	 -0.077	  0.898	 -0.432
	 -0.937	 -0.213	 -0.276

6 	  39.62	  10.67	  -1.44
	  0.488	 -0.572	 -0.659
	  0.457	  0.810	 -0.366
	  0.744	 -0.122	  0.656

7 	  44.37	  -7.05	  -6.31
	  0.521	 -0.833	  0.186
	  0.836	  0.455	 -0.306
	  0.170	  0.315	  0.933

8 	  36.25	 -17.17	   9.67
	 -0.580	 -0.171	  0.796
	 -0.136	  0.984	  0.113
	 -0.803	 -0.043	 -0.594

9 	  38.90	 -13.22	  -1.27
	  0.596	  0.590	 -0.545
	 -0.623	  0.767	  0.151
	  0.509	  0.249	  0.824

2 	  33.38	  -6.82	  22.75
	  0.630	  0.776	 -0.026
	 -0.777	  0.628	 -0.017
	  0.004	  0.031	  0.999

3 	  39.80	  -0.67	  -3.06
	  0.309	 -0.264	 -0.914
	 -0.065	  0.953	 -0.297
	  0.949	  0.151	  0.277

4 	  44.14	   5.12	  -7.56
	  0.478	  0.848	  0.228
	 -0.861	  0.401	  0.313
	  0.174	 -0.347	  0.922

5 	  39.66	  16.65	   9.51
	 -0.352	  0.397	  0.847
	 -0.067	  0.892	 -0.446
	 -0.934	 -0.214	 -0.288

6 	  39.60	  10.69	  -1.58
	  0.492	 -0.579	 -0.650
	  0.457	  0.807	 -0.375
	  0.742	 -0.112	  0.661

7 	  44.37	  -7.01	  -6.33
	  0.518	 -0.836	  0.184
	  0.839	  0.454	 -0.300
	  0.167	  0.309	  0.936

8 	  36.14	 -17.30	   9.51
	 -0.587	 -0.179	  0.789
	 -0.134	  0.983	  0.124
	 -0.799	 -0.032	 -0.601

9 	  38.87	 -13.24	  -1.37
	  0.599	  0.595	 -0.537
	 -0.624	  0.766	  0.153
	  0.503	  0.243	  0.829

2 	  33.38	  -6.82	  22.75
	  0.630	  0.776	 -0.026
	 -0.777	  0.628	 -0.017
	  0.004	  0.031	  0.999

3 	  39.80	  -0.67	  -3.06
	  0.310	 -0.264	 -0.913
	 -0.065	  0.953	 -0.297
	  0.948	  0.151	  0.278

4 	  44.16	   5.08	  -7.59
	  0.476	  0.850	  0.223
	 -0.862	  0.401	  0.310
	  0.174	 -0.340	  0.924

5 	  39.59	  16.70	   9.42
	 -0.361	  0.402	  0.841
	 -0.052	  0.892	 -0.449
	 -0.931	 -0.206	 -0.301

6 	  39.60	  10.69	  -1.63
	  0.494	 -0.583	 -0.645
	  0.459	  0.804	 -0.376
	  0.739	 -0.110	  0.664

7 	  44.38	  -7.05	  -6.33
	  0.516	 -0.836	  0.185
	  0.840	  0.454	 -0.296
	  0.163	  0.308	  0.937

8 	  36.05	 -17.31	   9.49
	 -0.592	 -0.177	  0.786
	 -0.128	  0.984	  0.126
	 -0.796	 -0.025	 -0.605

9 	  38.85	 -13.24	  -1.39
	  0.601	  0.594	 -0.535
	 -0.623	  0.767	  0.151
	  0.501	  0.242	  0.831

2 	  33.38	  -6.82	  22.75
	  0.630	  0.776	 -0.026
	 -0.777	  0.629	 -0.018
	  0.003	  0.031	  0.999

3 	  39.80	  -0.69	  -3.08
	  0.311	 -0.266	 -0.913
	 -0.060	  0.953	 -0.298
	  0.948	  0.147	  0.280

4 	  44.16	   5.06	  -7.59
	  0.476	  0.851	  0.221
	 -0.862	  0.401	  0.308
	  0.173	 -0.338	  0.925

5 	  39.74	  16.66	   9.51
	 -0.352	  0.402	  0.845
	 -0.042	  0.895	 -0.444
	 -0.935	 -0.192	 -0.299

6 	  39.67	  10.74	  -1.56
	  0.488	 -0.583	 -0.649
	  0.464	  0.803	 -0.374
	  0.740	 -0.120	  0.661

7 	  44.35	  -7.08	  -6.29
	  0.517	 -0.835	  0.188
	  0.840	  0.454	 -0.297
	  0.162	  0.311	  0.936

8 	  36.42	 -17.37	   9.86
	 -0.562	 -0.174	  0.808
	 -0.095	  0.984	  0.146
	 -0.822	  0.005	 -0.570

9 	  38.87	 -13.27	  -1.00
	  0.582	  0.591	 -0.559
	 -0.620	  0.766	  0.166
	  0.527	  0.250	  0.812

2 	  33.38	  -6.84	  22.75
	  0.630	  0.776	 -0.025
	 -0.777	  0.629	 -0.017
	  0.004	  0.031	  0.999

3 	  39.73	  -0.60	  -3.02
	  0.312	 -0.267	 -0.911
	 -0.028	  0.957	 -0.290
	  0.949	  0.115	  0.291

4 	  44.09	   5.24	  -7.42
	  0.493	  0.839	  0.230
	 -0.853	  0.413	  0.318
	  0.172	 -0.354	  0.919

5 	  41.01	  16.45	  10.46
	 -0.260	  0.383	  0.886
	 -0.073	  0.907	 -0.414
	 -0.963	 -0.173	 -0.208

6 	  39.99	  11.00	  -0.65
	  0.417	 -0.573	 -0.705
	  0.486	  0.796	 -0.360
	  0.769	 -0.193	  0.610

7 	  44.09	  -7.28	  -5.92
	  0.554	 -0.808	  0.200
	  0.810	  0.469	 -0.351
	  0.190	  0.357	  0.914

8 	  38.87	 -16.56	  12.13
	 -0.389	 -0.122	  0.913
	 -0.065	  0.992	  0.104
	 -0.919	 -0.019	 -0.394

9 	  39.25	 -13.25	   1.02
	  0.446	  0.560	 -0.698
	 -0.616	  0.758	  0.215
	  0.650	  0.333	  0.683

2 	  33.38	  -6.82	  22.75
	  0.630	  0.776	 -0.026
	 -0.777	  0.629	 -0.017
	  0.004	  0.032	  0.999

3 	  39.34	  -0.46	  -2.81
	  0.299	 -0.260	 -0.918
	  0.021	  0.964	 -0.266
	  0.954	  0.060	  0.294

4 	  43.70	   5.62	  -6.93
	  0.548	  0.796	  0.256
	 -0.818	  0.447	  0.361
	  0.173	 -0.408	  0.896

5 	  44.00	  15.77	  12.13
	 -0.049	  0.312	  0.949
	 -0.114	  0.942	 -0.315
	 -0.992	 -0.124	 -0.011

6 	  40.82	  11.41	   0.98
	  0.246	 -0.547	 -0.800
	  0.522	  0.770	 -0.366
	  0.816	 -0.328	  0.475

7 	  43.45	  -7.49	  -5.71
	  0.595	 -0.787	  0.161
	  0.766	  0.495	 -0.410
	  0.243	  0.367	  0.897

8 	  43.10	 -15.03	  14.24
	 -0.056	 -0.021	  0.998
	  0.025	  0.999	  0.021
	 -0.998	  0.026	 -0.056

9 	  40.11	 -12.97	   3.45
	  0.209	  0.487	 -0.848
	 -0.547	  0.777	  0.312
	  0.811	  0.398	  0.428

2 	  33.38	  -6.82	  22.75
	  0.630	  0.776	 -0.026
	 -0.777	  0.629	 -0.018
	  0.003	  0.032	  0.999

3 	  38.69	  -0.35	  -2.46
	  0.273	 -0.211	 -0.939
	  0.040	  0.977	 -0.208
	  0.961	  0.019	  0.275

4 	  43.00	   6.01	  -6.22
	  0.593	  0.753	  0.283
	 -0.782	  0.455	  0.426
	  0.191	 -0.474	  0.859

5 	  47.99	  14.62	  13.11
	  0.260	  0.193	  0.946
	 -0.245	  0.961	 -0.129
	 -0.934	 -0.198	  0.296

6 	  41.98	  11.44	   2.85
	 -0.009	 -0.469	 -0.883
	  0.528	  0.748	 -0.401
	  0.850	 -0.468	  0.242

7 	  42.66	  -7.61	  -5.33
	  0.629	 -0.765	  0.139
	  0.730	  0.518	 -0.446
	  0.270	  0.382	  0.884

8 	  48.22	 -13.62	  14.27
	  0.404	  0.097	  0.909
	  0.241	  0.947	 -0.210
	 -0.883	  0.305	  0.358

9 	  41.55	 -12.39	   5.45
	 -0.088	  0.412	 -0.907
	 -0.400	  0.820	  0.410
	  0.913	  0.397	  0.093

2 	  33.38	  -6.82	  22.75
	  0.630	  0.776	 -0.025
	 -0.777	  0.629	 -0.018
	  0.003	  0.031	  0.999

3 	  38.13	  -0.28	  -2.21
	  0.227	 -0.160	 -0.960
	  0.029	  0.987	 -0.158
	  0.973	  0.007	  0.229

4 	  42.17	   6.24	  -5.62
	  0.627	  0.736	  0.255
	 -0.745	  0.469	  0.475
	  0.230	 -0.488	  0.842

5 	  51.31	  12.85	  12.57
	  0.517	  0.062	  0.853
	 -0.223	  0.972	  0.065
	 -0.826	 -0.225	  0.517

6 	  43.19	  11.32	   3.81
	 -0.244	 -0.373	 -0.895
	  0.576	  0.687	 -0.442
	  0.781	 -0.623	  0.048

7 	  42.28	  -7.56	  -5.26
	  0.676	 -0.730	  0.101
	  0.677	  0.560	 -0.477
	  0.292	  0.391	  0.873

8 	  51.52	 -11.85	  12.73
	  0.619	  0.213	  0.756
	  0.108	  0.929	 -0.353
	 -0.778	  0.302	  0.550

9 	  43.00	 -12.09	   5.85
	 -0.283	  0.354	 -0.891
	 -0.404	  0.799	  0.444
	  0.871	  0.484	 -0.083

2 	  33.38	  -6.82	  22.75
	  0.630	  0.776	 -0.026
	 -0.777	  0.628	 -0.018
	  0.003	  0.031	  0.999

3 	  37.99	  -0.21	  -2.14
	  0.217	 -0.153	 -0.964
	  0.024	  0.988	 -0.152
	  0.976	  0.010	  0.218

4 	  42.03	   6.42	  -5.48
	  0.646	  0.720	  0.251
	 -0.728	  0.481	  0.489
	  0.232	 -0.499	  0.835

5 	  51.73	  12.20	  12.53
	  0.562	 -0.000	  0.827
	 -0.189	  0.973	  0.129
	 -0.805	 -0.230	  0.547

6 	  43.14	  11.34	   4.13
	 -0.276	 -0.307	 -0.911
	  0.596	  0.689	 -0.411
	  0.755	 -0.655	 -0.006

7 	  42.33	  -7.54	  -5.26
	  0.689	 -0.720	  0.087
	  0.663	  0.575	 -0.479
	  0.295	  0.387	  0.873

8 	  51.03	 -11.87	  13.41
	  0.590	  0.198	  0.782
	  0.212	  0.897	 -0.388
	 -0.779	  0.396	  0.486

9 	  42.63	 -11.85	   5.94
	 -0.229	  0.333	 -0.915
	 -0.408	  0.821	  0.400
	  0.885	  0.464	 -0.051

2 	  33.40	  -6.82	  22.76
	  0.630	  0.776	 -0.025
	 -0.777	  0.628	 -0.018
	  0.003	  0.031	  0.999

3 	  37.95	  -0.19	  -2.13
	  0.217	 -0.149	 -0.964
	  0.012	  0.988	 -0.150
	  0.976	  0.020	  0.217

4 	  42.01	   6.49	  -5.41
	  0.645	  0.719	  0.259
	 -0.729	  0.476	  0.491
	  0.230	 -0.506	  0.831

5 	  50.78	  12.09	  13.18
	  0.503	 -0.021	  0.864
	 -0.183	  0.974	  0.131
	 -0.845	 -0.226	  0.485

6 	  42.73	  11.44	   4.20
	 -0.231	 -0.300	 -0.925
	  0.595	  0.709	 -0.377
	  0.770	 -0.637	  0.016

7 	  42.29	  -7.54	  -5.24
	  0.681	 -0.727	  0.079
	  0.667	  0.572	 -0.477
	  0.303	  0.377	  0.875

8 	  49.85	 -11.65	  14.17
	  0.547	  0.208	  0.810
	  0.312	  0.847	 -0.429
	 -0.777	  0.488	  0.398

9 	  42.17	 -11.62	   5.98
	 -0.179	  0.298	 -0.937
	 -0.422	  0.838	  0.346
	  0.889	  0.456	 -0.024

