% Calibrated with leiden_pols
% Positions are in centimeters
Data =[
 2    98.745   -22.345    59.168
 2     0.570    -0.822    -0.000
 2     0.820     0.569     0.054
 2    -0.044    -0.031     0.998
 3   112.716    -0.607    -1.879
 3     0.359     0.108     0.927
 3    -0.123     0.990    -0.068
 3    -0.925    -0.090     0.368
 4   128.001    18.342   -13.223
 4     0.683    -0.727     0.073
 4     0.630     0.535    -0.562
 4     0.368     0.430     0.824
 5   145.278    28.463    37.201
 5     0.312    -0.269    -0.911
 5    -0.151     0.933    -0.328
 5     0.938     0.240     0.250
 6   125.688    27.391    19.107
 6    -0.120     0.708     0.697
 6    -0.223     0.664    -0.713
 6    -0.967    -0.240     0.080
 7   128.662   -18.748   -12.457
 7     0.707     0.669     0.229
 7    -0.690     0.585     0.425
 7     0.150    -0.458     0.875
 8   144.823   -29.616    36.456
 8     0.427     0.596    -0.686
 8     0.161     0.693     0.699
 8     0.889    -0.405     0.200
 9   122.563   -30.744    16.105
 9    -0.175    -0.685     0.708
 9     0.187     0.682     0.706
 9    -0.966     0.255     0.010
 2    98.745   -22.345    59.193
 2     0.570    -0.822    -0.000
 2     0.820     0.568     0.054
 2    -0.044    -0.031     0.998
 3   112.713    -0.610    -1.844
 3     0.358     0.106     0.928
 3    -0.123     0.990    -0.066
 3    -0.926    -0.091     0.367
 4   127.956    18.394   -13.179
 4     0.683    -0.727     0.073
 4     0.630     0.535    -0.563
 4     0.370     0.430     0.823
 5   145.193    28.511    37.232
 5     0.313    -0.276    -0.908
 5    -0.152     0.930    -0.335
 5     0.937     0.244     0.249
 6   125.609    27.443    19.154
 6    -0.119     0.708     0.697
 6    -0.224     0.664    -0.713
 6    -0.967    -0.240     0.081
 7   128.664   -18.722   -12.409
 7     0.707     0.670     0.227
 7    -0.691     0.585     0.424
 7     0.151    -0.457     0.876
 8   144.824   -29.617    36.457
 8     0.429     0.596    -0.685
 8     0.160     0.692     0.700
 8     0.889    -0.406     0.201
 9   122.516   -30.745    16.159
 9    -0.175    -0.684     0.709
 9     0.188     0.683     0.705
 9    -0.966     0.256     0.011
 2    98.745   -22.345    59.168
 2     0.570    -0.822    -0.000
 2     0.820     0.568     0.054
 2    -0.044    -0.031     0.998
 3   112.714    -0.610    -1.870
 3     0.357     0.107     0.928
 3    -0.123     0.990    -0.066
 3    -0.926    -0.091     0.367
 4   128.011    18.396   -13.109
 4     0.682    -0.728     0.071
 4     0.629     0.534    -0.564
 4     0.372     0.430     0.822
 5   145.143    28.408    37.282
 5     0.312    -0.279    -0.908
 5    -0.154     0.928    -0.339
 5     0.937     0.245     0.247
 6   125.634    27.393    19.202
 6    -0.118     0.709     0.696
 6    -0.224     0.663    -0.713
 6    -0.967    -0.239     0.081
 7   128.665   -18.722   -12.412
 7     0.706     0.671     0.226
 7    -0.691     0.585     0.424
 7     0.152    -0.455     0.877
 8   144.770   -29.619    36.464
 8     0.430     0.598    -0.683
 8     0.159     0.690     0.702
 8     0.888    -0.407     0.201
 9   122.493   -30.696    16.210
 9    -0.174    -0.683     0.709
 9     0.189     0.683     0.704
 9    -0.966     0.256     0.011
 2    98.745   -22.345    59.193
 2     0.570    -0.822    -0.000
 2     0.820     0.568     0.054
 2    -0.044    -0.031     0.998
 3   112.714    -0.610    -1.869
 3     0.357     0.106     0.928
 3    -0.123     0.990    -0.066
 3    -0.926    -0.091     0.366
 4   127.966    18.448   -13.064
 4     0.681    -0.729     0.069
 4     0.629     0.533    -0.566
 4     0.374     0.429     0.821
 5   145.039    28.459    37.379
 5     0.313    -0.287    -0.905
 5    -0.155     0.925    -0.347
 5     0.937     0.249     0.245
 6   125.548    27.389    19.210
 6    -0.117     0.708     0.697
 6    -0.224     0.664    -0.713
 6    -0.968    -0.238     0.082
 7   128.664   -18.722   -12.413
 7     0.707     0.671     0.224
 7    -0.691     0.586     0.423
 7     0.152    -0.454     0.878
 8   144.770   -29.619    36.515
 8     0.432     0.598    -0.682
 8     0.159     0.690     0.703
 8     0.888    -0.408     0.202
 9   122.444   -30.696    16.212
 9    -0.175    -0.682     0.710
 9     0.190     0.684     0.703
 9    -0.966     0.257     0.012
 2    98.745   -22.345    59.193
 2     0.570    -0.822     0.000
 2     0.820     0.568     0.054
 2    -0.044    -0.031     0.998
 3   112.713    -0.559    -1.870
 3     0.358     0.106     0.928
 3    -0.123     0.990    -0.065
 3    -0.926    -0.091     0.367
 4   128.021    18.450   -13.071
 4     0.681    -0.729     0.069
 4     0.628     0.532    -0.567
 4     0.376     0.430     0.820
 5   144.981    28.456    37.387
 5     0.314    -0.289    -0.904
 5    -0.156     0.924    -0.349
 5     0.936     0.250     0.245
 6   125.497    27.441    19.259
 6    -0.116     0.708     0.697
 6    -0.224     0.664    -0.712
 6    -0.968    -0.238     0.082
 7   128.616   -18.670   -12.365
 7     0.707     0.672     0.223
 7    -0.691     0.586     0.423
 7     0.153    -0.453     0.878
 8   144.765   -29.570    36.521
 8     0.432     0.599    -0.681
 8     0.159     0.689     0.703
 8     0.887    -0.408     0.202
 9   122.394   -30.671    16.263
 9    -0.175    -0.683     0.710
 9     0.190     0.683     0.704
 9    -0.966     0.258     0.012
 2    98.720   -22.345    59.168
 2     0.570    -0.822    -0.000
 2     0.820     0.568     0.054
 2    -0.044    -0.031     0.998
 3   112.688    -0.559    -1.844
 3     0.358     0.106     0.928
 3    -0.123     0.990    -0.065
 3    -0.926    -0.091     0.367
 4   128.024    18.451   -13.022
 4     0.681    -0.729     0.068
 4     0.628     0.532    -0.568
 4     0.377     0.429     0.820
 5   144.980    28.456    37.386
 5     0.314    -0.291    -0.904
 5    -0.157     0.923    -0.352
 5     0.936     0.252     0.244
 6   125.444    27.439    19.285
 6    -0.116     0.708     0.697
 6    -0.223     0.665    -0.712
 6    -0.968    -0.237     0.083
 7   128.616   -18.619   -12.366
 7     0.707     0.672     0.222
 7    -0.690     0.587     0.422
 7     0.153    -0.452     0.878
 8   144.770   -29.620    36.515
 8     0.432     0.599    -0.681
 8     0.158     0.689     0.704
 8     0.888    -0.408     0.202
 9   122.396   -30.672    16.212
 9    -0.175    -0.684     0.709
 9     0.191     0.682     0.705
 9    -0.966     0.258     0.012
 2    98.745   -22.345    59.193
 2     0.570    -0.822    -0.000
 2     0.820     0.568     0.054
 2    -0.044    -0.031     0.998
 3   112.686    -0.533    -1.872
 3     0.357     0.104     0.928
 3    -0.121     0.990    -0.064
 3    -0.926    -0.090     0.366
 4   128.026    18.528   -13.026
 4     0.680    -0.730     0.068
 4     0.628     0.531    -0.568
 4     0.378     0.429     0.820
 5   144.954    28.455    37.385
 5     0.314    -0.291    -0.904
 5    -0.158     0.922    -0.353
 5     0.936     0.253     0.243
 6   125.446    27.465    19.285
 6    -0.116     0.708     0.697
 6    -0.223     0.665    -0.712
 6    -0.968    -0.236     0.082
 7   128.665   -18.569   -12.366
 7     0.708     0.671     0.222
 7    -0.690     0.588     0.422
 7     0.153    -0.451     0.879
 8   144.764   -29.571    36.521
 8     0.432     0.598    -0.682
 8     0.158     0.690     0.703
 8     0.887    -0.407     0.203
 9   122.497   -30.672    16.164
 9    -0.175    -0.685     0.708
 9     0.191     0.681     0.706
 9    -0.966     0.258     0.013
 2    98.745   -22.345    59.193
 2     0.570    -0.822     0.000
 2     0.820     0.568     0.054
 2    -0.044    -0.031     0.998
 3   112.684    -0.532    -1.849
 3     0.357     0.105     0.928
 3    -0.120     0.990    -0.065
 3    -0.926    -0.089     0.366
 4   127.973    18.501   -13.023
 4     0.681    -0.729     0.069
 4     0.628     0.532    -0.568
 4     0.377     0.430     0.820
 5   144.979    28.456    37.334
 5     0.315    -0.290    -0.904
 5    -0.158     0.922    -0.352
 5     0.936     0.254     0.244
