% Calibrated with leiden_pols
% Positions are in centimeters
Data =[
 2    98.745   -22.345    59.168
 2     0.570    -0.822    -0.000
 2     0.820     0.569     0.054
 2    -0.044    -0.031     0.998
 3   112.716    -0.607    -1.879
 3     0.359     0.108     0.927
 3    -0.123     0.990    -0.068
 3    -0.925    -0.090     0.368
 4   128.001    18.342   -13.223
 4     0.683    -0.727     0.073
 4     0.630     0.535    -0.562
 4     0.368     0.430     0.824
 5   145.278    28.463    37.201
 5     0.312    -0.269    -0.911
 5    -0.151     0.933    -0.328
 5     0.938     0.240     0.250
 6   125.688    27.391    19.107
 6    -0.120     0.708     0.697
 6    -0.223     0.664    -0.713
 6    -0.967    -0.240     0.080
 7   128.662   -18.748   -12.457
 7     0.707     0.669     0.229
 7    -0.690     0.585     0.425
 7     0.150    -0.458     0.875
 8   144.823   -29.616    36.456
 8     0.427     0.596    -0.686
 8     0.161     0.693     0.699
 8     0.889    -0.405     0.200
 9   122.563   -30.744    16.105
 9    -0.175    -0.685     0.708
 9     0.187     0.682     0.706
 9    -0.966     0.255     0.010
 2    98.745   -22.345    59.193
 2     0.570    -0.822    -0.000
 2     0.820     0.568     0.054
 2    -0.044    -0.031     0.998
 3   112.713    -0.610    -1.844
 3     0.358     0.106     0.928
 3    -0.123     0.990    -0.066
 3    -0.926    -0.091     0.367
 4   127.956    18.394   -13.179
 4     0.683    -0.727     0.073
 4     0.630     0.535    -0.563
 4     0.370     0.430     0.823
 5   145.193    28.511    37.232
 5     0.313    -0.276    -0.908
 5    -0.152     0.930    -0.335
 5     0.937     0.244     0.249
 6   125.609    27.443    19.154
 6    -0.119     0.708     0.697
 6    -0.224     0.664    -0.713
 6    -0.967    -0.240     0.081
 7   128.664   -18.722   -12.409
 7     0.707     0.670     0.227
 7    -0.691     0.585     0.424
 7     0.151    -0.457     0.876
 8   144.824   -29.617    36.457
 8     0.429     0.596    -0.685
 8     0.160     0.692     0.700
 8     0.889    -0.406     0.201
 9   122.516   -30.745    16.159
 9    -0.175    -0.684     0.709
 9     0.188     0.683     0.705
 9    -0.966     0.256     0.011
 2    98.745   -22.345    59.168
 2     0.570    -0.822    -0.000
 2     0.820     0.568     0.054
 2    -0.044    -0.031     0.998
 3   112.714    -0.610    -1.870
 3     0.357     0.107     0.928
 3    -0.123     0.990    -0.066
 3    -0.926    -0.091     0.367
 4   128.011    18.396   -13.109
 4     0.682    -0.728     0.071
 4     0.629     0.534    -0.564
 4     0.372     0.430     0.822
 5   145.143    28.408    37.282
 5     0.312    -0.279    -0.908
 5    -0.154     0.928    -0.339
 5     0.937     0.245     0.247
 6   125.634    27.393    19.202
 6    -0.118     0.709     0.696
 6    -0.224     0.663    -0.713
 6    -0.967    -0.239     0.081
 7   128.665   -18.722   -12.412
 7     0.706     0.671     0.226
 7    -0.691     0.585     0.424
 7     0.152    -0.455     0.877
 8   144.770   -29.619    36.464
 8     0.430     0.598    -0.683
 8     0.159     0.690     0.702
 8     0.888    -0.407     0.201
 9   122.493   -30.696    16.210
 9    -0.174    -0.683     0.709
 9     0.189     0.683     0.704
 9    -0.966     0.256     0.011
 2    98.745   -22.345    59.193
 2     0.570    -0.822    -0.000
 2     0.820     0.568     0.054
 2    -0.044    -0.031     0.998
 3   112.714    -0.610    -1.869
 3     0.357     0.106     0.928
 3    -0.123     0.990    -0.066
 3    -0.926    -0.091     0.366
 4   127.966    18.448   -13.064
 4     0.681    -0.729     0.069
 4     0.629     0.533    -0.566
 4     0.374     0.429     0.821
 5   145.039    28.459    37.379
 5     0.313    -0.287    -0.905
 5    -0.155     0.925    -0.347
 5     0.937     0.249     0.245
 6   125.548    27.389    19.210
 6    -0.117     0.708     0.697
 6    -0.224     0.664    -0.713
 6    -0.968    -0.238     0.082
 7   128.664   -18.722   -12.413
 7     0.707     0.671     0.224
 7    -0.691     0.586     0.423
 7     0.152    -0.454     0.878
 8   144.770   -29.619    36.515
 8     0.432     0.598    -0.682
 8     0.159     0.690     0.703
 8     0.888    -0.408     0.202
 9   122.444   -30.696    16.212
 9    -0.175    -0.682     0.710
 9     0.190     0.684     0.703
 9    -0.966     0.257     0.012
 2    98.745   -22.345    59.193
 2     0.570    -0.822     0.000
 2     0.820     0.568     0.054
 2    -0.044    -0.031     0.998
 3   112.713    -0.559    -1.870
 3     0.358     0.106     0.928
 3    -0.123     0.990    -0.065
 3    -0.926    -0.091     0.367
 4   128.021    18.450   -13.071
 4     0.681    -0.729     0.069
 4     0.628     0.532    -0.567
 4     0.376     0.430     0.820
 5   144.981    28.456    37.387
 5     0.314    -0.289    -0.904
 5    -0.156     0.924    -0.349
 5     0.936     0.250     0.245
 6   125.497    27.441    19.259
 6    -0.116     0.708     0.697
 6    -0.224     0.664    -0.712
 6    -0.968    -0.238     0.082
 7   128.616   -18.670   -12.365
 7     0.707     0.672     0.223
 7    -0.691     0.586     0.423
 7     0.153    -0.453     0.878
 8   144.765   -29.570    36.521
 8     0.432     0.599    -0.681
 8     0.159     0.689     0.703
 8     0.887    -0.408     0.202
 9   122.394   -30.671    16.263
 9    -0.175    -0.683     0.710
 9     0.190     0.683     0.704
 9    -0.966     0.258     0.012
 2    98.720   -22.345    59.168
 2     0.570    -0.822    -0.000
 2     0.820     0.568     0.054
 2    -0.044    -0.031     0.998
 3   112.688    -0.559    -1.844
 3     0.358     0.106     0.928
 3    -0.123     0.990    -0.065
 3    -0.926    -0.091     0.367
 4   128.024    18.451   -13.022
 4     0.681    -0.729     0.068
 4     0.628     0.532    -0.568
 4     0.377     0.429     0.820
 5   144.980    28.456    37.386
 5     0.314    -0.291    -0.904
 5    -0.157     0.923    -0.352
 5     0.936     0.252     0.244
 6   125.444    27.439    19.285
 6    -0.116     0.708     0.697
 6    -0.223     0.665    -0.712
 6    -0.968    -0.237     0.083
 7   128.616   -18.619   -12.366
 7     0.707     0.672     0.222
 7    -0.690     0.587     0.422
 7     0.153    -0.452     0.878
 8   144.770   -29.620    36.515
 8     0.432     0.599    -0.681
 8     0.158     0.689     0.704
 8     0.888    -0.408     0.202
 9   122.396   -30.672    16.212
 9    -0.175    -0.684     0.709
 9     0.191     0.682     0.705
 9    -0.966     0.258     0.012
 2    98.745   -22.345    59.193
 2     0.570    -0.822    -0.000
 2     0.820     0.568     0.054
 2    -0.044    -0.031     0.998
 3   112.686    -0.533    -1.872
 3     0.357     0.104     0.928
 3    -0.121     0.990    -0.064
 3    -0.926    -0.090     0.366
 4   128.026    18.528   -13.026
 4     0.680    -0.730     0.068
 4     0.628     0.531    -0.568
 4     0.378     0.429     0.820
 5   144.954    28.455    37.385
 5     0.314    -0.291    -0.904
 5    -0.158     0.922    -0.353
 5     0.936     0.253     0.243
 6   125.446    27.465    19.285
 6    -0.116     0.708     0.697
 6    -0.223     0.665    -0.712
 6    -0.968    -0.236     0.082
 7   128.665   -18.569   -12.366
 7     0.708     0.671     0.222
 7    -0.690     0.588     0.422
 7     0.153    -0.451     0.879
 8   144.764   -29.571    36.521
 8     0.432     0.598    -0.682
 8     0.158     0.690     0.703
 8     0.887    -0.407     0.203
 9   122.497   -30.672    16.164
 9    -0.175    -0.685     0.708
 9     0.191     0.681     0.706
 9    -0.966     0.258     0.013
 2    98.745   -22.345    59.193
 2     0.570    -0.822     0.000
 2     0.820     0.568     0.054
 2    -0.044    -0.031     0.998
 3   112.684    -0.532    -1.849
 3     0.357     0.105     0.928
 3    -0.120     0.990    -0.065
 3    -0.926    -0.089     0.366
 4   127.973    18.501   -13.023
 4     0.681    -0.729     0.069
 4     0.628     0.532    -0.568
 4     0.377     0.430     0.820
 5   144.979    28.456    37.334
 5     0.315    -0.290    -0.904
 5    -0.158     0.922    -0.352
 5     0.936     0.254     0.244
 6   125.586    27.697    18.482
 6    -0.077     0.695     0.715
 6    -0.264     0.677    -0.686
 6    -0.961    -0.240     0.133
 7   128.663   -18.569   -12.415
 7     0.708     0.671     0.222
 7    -0.689     0.588     0.422
 7     0.152    -0.451     0.879
 8   144.766   -29.653    36.275
 8     0.438     0.610    -0.667
 8     0.150     0.677     0.716
 8     0.886    -0.411     0.205
 9   122.316   -30.493    15.976
 9    -0.175    -0.676     0.716
 9     0.190     0.690     0.698
 9    -0.966     0.257     0.009
 2    98.745   -22.345    59.193
 2     0.570    -0.822    -0.000
 2     0.820     0.568     0.054
 2    -0.044    -0.031     0.998
 3   112.525    -0.565    -1.758
 3     0.349     0.092     0.932
 3    -0.127     0.990    -0.050
 3    -0.928    -0.102     0.358
 4   127.382    18.351   -13.363
 4     0.667    -0.740     0.078
 4     0.645     0.522    -0.558
 4     0.372     0.422     0.826
 5   148.579    30.383    34.668
 5     0.480    -0.380    -0.792
 5    -0.112     0.868    -0.484
 5     0.870     0.320     0.373
 6   126.563    27.632    18.222
 6    -0.177     0.633     0.755
 6    -0.297     0.696    -0.653
 6    -0.938    -0.338     0.067
 7   127.590   -18.577   -12.415
 7     0.698     0.681     0.221
 7    -0.699     0.582     0.414
 7     0.153    -0.444     0.883
 8   148.683   -32.819    32.346
 8     0.619     0.575    -0.539
 8     0.080     0.633     0.767
 8     0.781    -0.518     0.347
 9   123.114   -30.958    15.328
 9    -0.320    -0.554     0.770
 9     0.273     0.723     0.633
 9    -0.907     0.411    -0.079
 2    98.720   -22.345    59.193
 2     0.570    -0.822    -0.000
 2     0.820     0.569     0.054
 2    -0.044    -0.031     0.998
 3   111.797    -0.926    -1.396
 3     0.321     0.054     0.945
 3    -0.140     0.990    -0.009
 3    -0.937    -0.129     0.325
 4   125.938    17.667   -13.560
 4     0.656    -0.747     0.109
 4     0.676     0.516    -0.526
 4     0.336     0.418     0.843
 5   153.529    31.788    28.456
 5     0.719    -0.366    -0.591
 5    -0.077     0.803    -0.589
 5     0.690     0.469     0.550
 6   128.576    27.762    16.721
 6    -0.349     0.547     0.763
 6    -0.332     0.688    -0.643
 6    -0.876    -0.476    -0.057
 7   126.217   -18.708   -12.524
 7     0.703     0.662     0.261
 7    -0.702     0.586     0.404
 7     0.115    -0.467     0.876
 8   153.589   -34.753    26.027
 8     0.801     0.420    -0.429
 8     0.059     0.655     0.752
 8     0.596    -0.628     0.500
 9   125.127   -31.882    13.498
 9    -0.463    -0.443     0.770
 9     0.362     0.697     0.617
 9    -0.809     0.564    -0.162
 2    98.745   -22.345    59.168
 2     0.570    -0.822    -0.000
 2     0.820     0.568     0.054
 2    -0.044    -0.031     0.998
 3   111.311    -1.310    -1.388
 3     0.310     0.013     0.951
 3    -0.148     0.988     0.035
 3    -0.939    -0.151     0.308
 4   124.744    16.915   -13.930
 4     0.663    -0.734     0.147
 4     0.690     0.524    -0.498
 4     0.288     0.431     0.854
 5   156.474    32.797    22.542
 5     0.848    -0.296    -0.441
 5    -0.039     0.792    -0.608
 5     0.529     0.533     0.660
 6   130.103    27.990    14.600
 6    -0.467     0.462     0.756
 6    -0.373     0.671    -0.639
 6    -0.801    -0.579    -0.141
 7   125.542   -18.728   -12.650
 7     0.705     0.650     0.283
 7    -0.703     0.591     0.395
 7     0.090    -0.478     0.873
 8   156.457   -35.370    19.802
 8     0.903     0.241    -0.356
 8     0.092     0.699     0.709
 8     0.420    -0.673     0.608
 9   126.449   -32.649    11.513
 9    -0.535    -0.352     0.770
 9     0.429     0.671     0.602
 9    -0.728     0.652    -0.208
 2    98.745   -22.345    59.193
 2     0.570    -0.822    -0.000
 2     0.820     0.569     0.054
 2    -0.044    -0.031     0.998
 3   111.230    -1.460    -1.372
 3     0.309    -0.005     0.951
 3    -0.152     0.987     0.054
 3    -0.939    -0.161     0.304
 4   123.883    16.295   -14.386
 4     0.664    -0.725     0.182
 4     0.707     0.530    -0.468
 4     0.243     0.439     0.865
 5   158.272    34.567    15.121
 5     0.945    -0.208    -0.252
 5     0.010     0.788    -0.616
 5     0.326     0.579     0.746
 6   131.427    28.727    11.792
 6    -0.563     0.331     0.760
 6    -0.437     0.660    -0.609
 6    -0.701    -0.674    -0.228
 7   124.817   -18.584   -12.759
 7     0.702     0.638     0.318
 7    -0.710     0.593     0.378
 7     0.052    -0.491     0.869
 8   157.917   -36.196    12.253
 8     0.973     0.046    -0.228
 8     0.123     0.726     0.678
 8     0.197    -0.686     0.698
 9   127.330   -33.614     9.149
 9    -0.583    -0.215     0.785
 9     0.522     0.641     0.561
 9    -0.622     0.737    -0.262
 2    98.745   -22.345    59.168
 2     0.570    -0.822    -0.000
 2     0.820     0.569     0.054
 2    -0.044    -0.031     0.998
 3   111.067    -1.514    -1.221
 3     0.304    -0.014     0.953
 3    -0.155     0.986     0.063
 3    -0.940    -0.167     0.297
 4   122.908    15.627   -14.805
 4     0.663    -0.718     0.214
 4     0.721     0.535    -0.441
 4     0.202     0.446     0.872
 5   158.528    35.787     8.624
 5     0.985    -0.131    -0.112
 5     0.042     0.809    -0.586
 5     0.167     0.572     0.802
 6   131.660    29.232     8.991
 6    -0.607     0.211     0.767
 6    -0.508     0.640    -0.575
 6    -0.611    -0.739    -0.282
 7   123.849   -18.503   -12.784
 7     0.691     0.625     0.364
 7    -0.723     0.594     0.351
 7     0.004    -0.505     0.862
 8   157.701   -37.420     5.821
 8     0.991    -0.080    -0.109
 8     0.130     0.755     0.645
 8     0.030    -0.651     0.757
 9   127.315   -34.594     6.772
 9    -0.601    -0.107     0.793
 9     0.596     0.601     0.531
 9    -0.532     0.792    -0.299
 2    98.745   -22.345    59.193
 2     0.570    -0.822    -0.000
 2     0.820     0.569     0.054
 2    -0.044    -0.031     0.998
 3   110.717    -1.701    -1.081
 3     0.295    -0.026     0.955
 3    -0.155     0.985     0.075
 3    -0.943    -0.170     0.286
 4   121.837    15.273   -15.002
 4     0.647    -0.727     0.232
 4     0.736     0.516    -0.437
 4     0.197     0.453     0.869
 5   156.890    37.998     5.707
 5     0.987    -0.153    -0.046
 5     0.104     0.833    -0.543
 5     0.121     0.531     0.838
 6   129.898    29.918     7.607
 6    -0.575     0.151     0.805
 6    -0.574     0.627    -0.525
 6    -0.583    -0.764    -0.274
 7   123.085   -18.127   -12.859
 7     0.670     0.634     0.390
 7    -0.742     0.583     0.329
 7    -0.018    -0.508     0.860
 8   153.855   -41.223     5.375
 8     0.998     0.014    -0.052
 8     0.022     0.771     0.637
 8     0.049    -0.636     0.769
 9   123.134   -34.799     6.428
 9    -0.468    -0.033     0.884
 9     0.698     0.599     0.391
 9    -0.542     0.799    -0.258
 2    98.745   -22.345    59.193
 2     0.570    -0.822    -0.000
 2     0.820     0.569     0.054
 2    -0.044    -0.031     0.998
 3   110.643    -1.625    -1.294
 3     0.308    -0.073     0.948
 3    -0.152     0.980     0.125
 3    -0.939    -0.182     0.291
 4   120.861    15.123   -15.267
 4     0.592    -0.764     0.257
 4     0.779     0.460    -0.425
 4     0.206     0.451     0.868
 5   151.156    46.650     3.841
 5     0.907    -0.417     0.064
 5     0.397     0.795    -0.459
 5     0.140     0.441     0.886
 6   126.917    31.387     5.467
 6    -0.476    -0.009     0.880
 6    -0.702     0.607    -0.372
 6    -0.530    -0.794    -0.296
 7   121.768   -17.150   -12.976
 7     0.582     0.687     0.437
 7    -0.810     0.534     0.240
 7    -0.068    -0.493     0.866
 8   143.798   -50.457     3.196
 8     0.947     0.276     0.164
 8    -0.319     0.735     0.598
 8     0.045    -0.619     0.784
 9   117.365   -34.486     4.118
 9    -0.210     0.135     0.968
 9     0.849     0.516     0.111
 9    -0.484     0.845    -0.223
 2    98.720   -22.345    59.193
 2     0.570    -0.822    -0.001
 2     0.820     0.568     0.054
 2    -0.044    -0.032     0.998
 3   110.155    -1.255    -1.240
 3     0.314    -0.120     0.942
 3    -0.155     0.972     0.175
 3    -0.937    -0.201     0.287
 4   119.632    15.173   -15.342
 4     0.558    -0.776     0.295
 4     0.807     0.425    -0.409
 4     0.192     0.466     0.863
 5   146.740    51.643     0.034
 5     0.817    -0.546     0.187
 5     0.572     0.726    -0.382
 5     0.072     0.418     0.905
 6   125.514    32.378     3.338
 6    -0.451    -0.125     0.884
 6    -0.768     0.559    -0.312
 6    -0.455    -0.820    -0.348
 7   119.517   -16.001   -13.363
 7     0.514     0.703     0.494
 7    -0.842     0.523     0.129
 7    -0.167    -0.481     0.859
 8   137.839   -55.776    -3.721
 8     0.829     0.412     0.377
 8    -0.554     0.695     0.458
 8    -0.073    -0.589     0.804
 9   116.114   -34.560     0.548
 9    -0.145     0.282     0.948
 9     0.911     0.412     0.016
 9    -0.386     0.866    -0.317
 2    98.720   -22.345    59.168
 2     0.570    -0.822     0.000
 2     0.820     0.568     0.054
 2    -0.044    -0.031     0.998
 3   109.403    -1.104    -0.945
 3     0.290    -0.130     0.948
 3    -0.158     0.971     0.181
 3    -0.944    -0.202     0.261
 4   118.548    14.971   -15.494
 4     0.552    -0.765     0.333
 4     0.818     0.419    -0.393
 4     0.161     0.488     0.857
 5   145.263    52.581    -3.703
 5     0.787    -0.559     0.262
 5     0.616     0.716    -0.327
 5    -0.006     0.417     0.908
 6   125.357    32.711     1.290
 6    -0.474    -0.202     0.857
 6    -0.797     0.511    -0.320
 6    -0.374    -0.835    -0.403
 7   118.241   -15.535   -13.437
 7     0.485     0.680     0.552
 7    -0.842     0.531     0.084
 7    -0.236    -0.505     0.829
 8   134.552   -58.310   -10.170
 8     0.708     0.469     0.531
 8    -0.677     0.664     0.317
 8    -0.204    -0.582     0.786
 9   116.682   -34.893    -2.659
 9    -0.174     0.402     0.899
 9     0.945     0.324     0.036
 9    -0.277     0.856    -0.436
 2    98.745   -22.395    59.193
 2     0.570    -0.822    -0.000
 2     0.820     0.569     0.054
 2    -0.044    -0.031     0.998
 3   109.245    -0.969    -0.835
 3     0.275    -0.125     0.953
 3    -0.167     0.970     0.175
 3    -0.947    -0.207     0.246
 4   118.086    14.637   -15.600
 4     0.551    -0.754     0.359
 4     0.825     0.427    -0.369
 4     0.125     0.499     0.857
 5   144.607    52.424    -9.544
 5     0.773    -0.517     0.370
 5     0.620     0.738    -0.267
 5    -0.135     0.434     0.890
 6   126.124    32.972    -1.312
 6    -0.502    -0.270     0.822
 6    -0.819     0.452    -0.352
 6    -0.276    -0.850    -0.448
 7   117.707   -15.189   -13.455
 7     0.468     0.654     0.596
 7    -0.840     0.537     0.069
 7    -0.274    -0.533     0.799
 8   133.535   -57.860   -16.289
 8     0.667     0.434     0.608
 8    -0.662     0.718     0.214
 8    -0.343    -0.544     0.764
 9   117.504   -35.011    -5.201
 9    -0.182     0.462     0.869
 9     0.965     0.250     0.068
 9    -0.187     0.851    -0.491
 2    98.745   -22.345    59.168
 2     0.570    -0.822     0.000
 2     0.820     0.568     0.054
 2    -0.044    -0.031     0.998
 3   109.292    -0.856    -0.704
 3     0.264    -0.109     0.958
 3    -0.169     0.973     0.156
 3    -0.949    -0.203     0.239
 4   117.948    14.485   -15.705
 4     0.558    -0.740     0.376
 4     0.824     0.440    -0.356
 4     0.098     0.508     0.855
 5   144.792    51.254   -14.249
 5     0.774    -0.452     0.444
 5     0.583     0.780    -0.225
 5    -0.245     0.431     0.867
 6   127.156    33.004    -3.567
 6    -0.542    -0.317     0.779
 6    -0.818     0.411    -0.402
 6    -0.193    -0.854    -0.481
 7   117.462   -14.994   -13.493
 7     0.456     0.622     0.638
 7    -0.832     0.550     0.058
 7    -0.315    -0.556     0.768
 8   133.922   -55.777   -21.585
 8     0.668     0.375     0.643
 8    -0.584     0.799     0.143
 8    -0.461    -0.470     0.752
 9   118.268   -34.925    -7.579
 9    -0.190     0.494     0.849
 9     0.975     0.193     0.105
 9    -0.113     0.847    -0.518
 2    98.745   -22.345    59.168
 2     0.570    -0.822     0.000
 2     0.820     0.568     0.054
 2    -0.044    -0.031     0.998
 3   109.307    -0.824    -0.547
 3     0.256    -0.083     0.963
 3    -0.165     0.978     0.128
 3    -0.953    -0.192     0.237
 4   117.759    14.259   -15.817
 4     0.561    -0.726     0.399
 4     0.824     0.447    -0.345
 4     0.072     0.522     0.849
 5   144.772    49.868   -18.133
 5     0.771    -0.393     0.502
 5     0.541     0.818    -0.193
 5    -0.336     0.418     0.843
 6   127.872    32.999    -5.188
 6    -0.567    -0.355     0.744
 6    -0.814     0.379    -0.440
 6    -0.127    -0.854    -0.503
 7   117.209   -14.671   -13.723
 7     0.452     0.579     0.680
 7    -0.816     0.574     0.052
 7    -0.360    -0.579     0.731
 8   134.197   -53.002   -26.839
 8     0.668     0.310     0.677
 8    -0.480     0.874     0.074
 8    -0.569    -0.374     0.732
 9   119.184   -34.721   -10.191
 9    -0.209     0.524     0.826
 9     0.977     0.133     0.161
 9    -0.026     0.841    -0.540
 2    98.745   -22.345    59.168
 2     0.570    -0.822    -0.000
 2     0.820     0.568     0.054
 2    -0.044    -0.031     0.998
 3   109.282    -0.664    -0.393
 3     0.244    -0.058     0.968
 3    -0.161     0.982     0.098
 3    -0.956    -0.180     0.230
 4   117.516    14.207   -15.848
 4     0.569    -0.705     0.424
 4     0.821     0.459    -0.337
 4     0.044     0.539     0.840
 5   144.777    48.439   -21.316
 5     0.764    -0.331     0.555
 5     0.496     0.849    -0.179
 5    -0.413     0.411     0.812
 6   128.464    32.906    -6.693
 6    -0.590    -0.384     0.711
 6    -0.804     0.359    -0.474
 6    -0.073    -0.851    -0.520
 7   116.762   -14.368   -13.819
 7     0.453     0.533     0.716
 7    -0.796     0.601     0.057
 7    -0.400    -0.596     0.695
 8   134.069   -50.187   -31.203
 8     0.652     0.244     0.718
 8    -0.383     0.923     0.032
 8    -0.654    -0.296     0.695
 9   119.914   -34.268   -12.668
 9    -0.231     0.557     0.799
 9     0.971     0.082     0.222
 9     0.057     0.826    -0.559
 2    98.745   -22.395    59.168
 2     0.570    -0.822     0.000
 2     0.820     0.569     0.054
 2    -0.044    -0.031     0.998
 3   109.122    -0.615    -0.112
 3     0.229    -0.029     0.973
 3    -0.157     0.985     0.066
 3    -0.961    -0.168     0.221
 4   117.033    14.122   -15.810
 4     0.579    -0.679     0.453
 4     0.815     0.475    -0.330
 4     0.009     0.559     0.828
 5   144.702    46.282   -24.766
 5     0.755    -0.251     0.606
 5     0.430     0.887    -0.169
 5    -0.496     0.387     0.777
 6   129.076    32.665    -8.355
 6    -0.614    -0.419     0.670
 6    -0.789     0.334    -0.515
 6    -0.009    -0.844    -0.535
 7   116.156   -14.199   -13.943
 7     0.448     0.481     0.755
 7    -0.776     0.627     0.060
 7    -0.445    -0.612     0.653
 8   133.691   -46.492   -35.605
 8     0.617     0.168     0.769
 8    -0.264     0.965    -0.003
 8    -0.741    -0.202     0.639
 9   120.711   -33.817   -14.909
 9    -0.254     0.595     0.764
 9     0.957     0.041     0.284
 9     0.136     0.803    -0.579
 2    98.745   -22.345    59.168
 2     0.570    -0.822     0.000
 2     0.820     0.569     0.054
 2    -0.044    -0.031     0.998
 3   108.940    -0.591     0.234
 3     0.208    -0.006     0.978
 3    -0.156     0.987     0.039
 3    -0.965    -0.161     0.205
 4   116.592    13.981   -15.735
 4     0.593    -0.646     0.482
 4     0.805     0.497    -0.324
 4    -0.030     0.579     0.814
 5   144.641    43.641   -27.943
 5     0.748    -0.158     0.644
 5     0.343     0.924    -0.169
 5    -0.568     0.348     0.745
 6   129.543    32.210    -9.887
 6    -0.641    -0.441     0.630
 6    -0.766     0.316    -0.559
 6     0.047    -0.840    -0.539
 7   115.727   -14.171   -13.900
 7     0.443     0.433     0.786
 7    -0.759     0.646     0.071
 7    -0.478    -0.628     0.614
 8   133.104   -42.025   -39.191
 8     0.581     0.076     0.810
 8    -0.103     0.995    -0.026
 8    -0.807    -0.068     0.585
 9   121.368   -33.407   -16.937
 9    -0.289     0.631     0.721
 9     0.932     0.011     0.361
 9     0.220     0.775    -0.591
 2    98.745   -22.345    59.168
 2     0.570    -0.822     0.000
 2     0.820     0.568     0.054
 2    -0.044    -0.031     0.998
 3   108.867    -0.716     0.520
 3     0.189     0.003     0.982
 3    -0.163     0.986     0.028
 3    -0.968    -0.165     0.187
 4   116.126    13.747   -15.637
 4     0.606    -0.618     0.504
 4     0.793     0.514    -0.324
 4    -0.059     0.595     0.800
 5   144.133    41.132   -30.705
 5     0.727    -0.071     0.683
 5     0.267     0.946    -0.182
 5    -0.632     0.316     0.707
 6   129.838    31.782   -11.266
 6    -0.662    -0.469     0.587
 6    -0.743     0.302    -0.597
 6     0.102    -0.830    -0.547
 7   115.349   -14.232   -13.941
 7     0.443     0.402     0.802
 7    -0.747     0.658     0.082
 7    -0.495    -0.636     0.591
 8   132.904   -37.421   -41.768
 8     0.538    -0.028     0.843
 8     0.059     0.998    -0.012
 8    -0.840     0.057     0.537
 9   122.284   -33.001   -18.579
 9    -0.344     0.656     0.674
 9     0.891    -0.001     0.453
 9     0.297     0.755    -0.583
 2    98.745   -22.345    59.168
 2     0.570    -0.822    -0.000
 2     0.820     0.569     0.054
 2    -0.044    -0.031     0.998
 3   108.649    -0.762     0.764
 3     0.173     0.013     0.985
 3    -0.163     0.986     0.016
 3    -0.971    -0.163     0.173
 4   115.596    13.675   -15.610
 4     0.608    -0.597     0.526
 4     0.789     0.521    -0.323
 4    -0.081     0.610     0.787
 5   143.731    38.914   -32.181
 5     0.717     0.013     0.697
 5     0.176     0.965    -0.193
 5    -0.674     0.262     0.690
 6   129.762    31.560   -11.740
 6    -0.673    -0.474     0.568
 6    -0.728     0.294    -0.619
 6     0.126    -0.830    -0.542
 7   114.926   -14.260   -13.808
 7     0.454     0.378     0.808
 7    -0.733     0.672     0.098
 7    -0.506    -0.637     0.580
 8   132.827   -33.432   -43.277
 8     0.498    -0.096     0.864
 8     0.196     0.980    -0.011
 8    -0.845     0.176     0.503
 9   123.156   -32.337   -19.607
 9    -0.394     0.677     0.624
 9     0.848     0.005     0.529
 9     0.354     0.736    -0.575
 2    98.745   -22.345    59.168
 2     0.570    -0.822     0.000
 2     0.820     0.568     0.054
 2    -0.044    -0.031     0.998
 3   108.528    -0.697     0.959
 3     0.164     0.017     0.986
 3    -0.162     0.987     0.010
 3    -0.973    -0.162     0.164
 4   115.415    13.737   -15.552
 4     0.613    -0.582     0.536
 4     0.785     0.528    -0.324
 4    -0.094     0.618     0.779
 5   143.537    37.748   -33.190
 5     0.704     0.069     0.708
 5     0.130     0.967    -0.216
 5    -0.698     0.245     0.672
 6   129.903    31.495   -12.153
 6    -0.678    -0.485     0.554
 6    -0.720     0.289    -0.630
 6     0.145    -0.825    -0.544
 7   114.716   -14.148   -13.905
 7     0.451     0.363     0.816
 7    -0.724     0.682     0.096
 7    -0.522    -0.634     0.570
 8   132.058   -30.740   -44.779
 8     0.450    -0.133     0.885
 8     0.268     0.962     0.002
 8    -0.852     0.239     0.464
 9   123.741   -31.789   -20.819
 9    -0.421     0.698     0.581
 9     0.813     0.006     0.581
 9     0.402     0.716    -0.569
 2    98.747   -22.394    59.190
 2     0.570    -0.822    -0.000
 2     0.820     0.569     0.054
 2    -0.043    -0.031     0.998
 3   108.467    -0.711     1.017
 3     0.156     0.020     0.987
 3    -0.159     0.987     0.005
 3    -0.975    -0.157     0.158
 4   115.218    13.778   -15.379
 4     0.617    -0.570     0.545
 4     0.781     0.531    -0.328
 4    -0.103     0.626     0.771
 5   143.027    36.584   -34.026
 5     0.690     0.118     0.716
 5     0.087     0.967    -0.236
 5    -0.719     0.226     0.657
 6   129.792    31.456   -12.519
 6    -0.677    -0.495     0.546
 6    -0.717     0.279    -0.638
 6     0.164    -0.823    -0.543
 7   114.555   -14.098   -13.920
 7     0.456     0.354     0.817
 7    -0.718     0.688     0.102
 7    -0.526    -0.633     0.567
 8   132.136   -29.723   -44.795
 8     0.438    -0.152     0.888
 8     0.301     0.952     0.008
 8    -0.847     0.267     0.458
 9   123.895   -31.681   -20.878
 9    -0.430     0.698     0.575
 9     0.807     0.011     0.589
 9     0.405     0.716    -0.568
 2    98.745   -22.395    59.193
 2     0.570    -0.822     0.000
 2     0.820     0.569     0.054
 2    -0.044    -0.031     0.998
 3   108.356    -0.717     1.152
 3     0.149     0.019     0.988
 3    -0.159     0.987     0.005
 3    -0.976    -0.158     0.150
 4   114.944    13.720   -15.408
 4     0.612    -0.566     0.554
 4     0.783     0.531    -0.322
 4    -0.112     0.630     0.767
 5   142.580    35.427   -34.698
 5     0.680     0.163     0.718
 5     0.036     0.968    -0.245
 5    -0.732     0.193     0.651
 6   129.509    31.412   -12.876
 6    -0.669    -0.497     0.555
 6    -0.722     0.254    -0.644
 6     0.178    -0.830    -0.527
 7   114.387   -14.275   -13.890
 7     0.453     0.349     0.821
 7    -0.720     0.685     0.107
 7    -0.526    -0.640     0.561
 8   131.762   -28.742   -44.817
 8     0.418    -0.187     0.891
 8     0.350     0.934     0.026
 8    -0.838     0.303     0.452
 9   123.808   -31.800   -20.921
 9    -0.434     0.700     0.569
 9     0.801     0.012     0.597
 9     0.411     0.714    -0.566
 2    98.745   -22.395    59.168
 2     0.570    -0.822     0.000
 2     0.820     0.569     0.054
 2    -0.044    -0.031     0.998
 3   108.199    -0.806     1.245
 3     0.140     0.025     0.990
 3    -0.162     0.987    -0.002
 3    -0.977    -0.160     0.143
 4   114.636    13.526   -15.367
 4     0.617    -0.554     0.561
 4     0.777     0.542    -0.319
 4    -0.127     0.632     0.763
 5   142.477    33.689   -35.473
 5     0.670     0.206     0.717
 5    -0.021     0.966    -0.251
 5    -0.742     0.155     0.650
 6   129.604    31.111   -13.401
 6    -0.681    -0.498     0.539
 6    -0.704     0.242    -0.667
 6     0.202    -0.833    -0.514
 7   114.172   -14.332   -13.815
 7     0.452     0.341     0.825
 7    -0.715     0.690     0.107
 7    -0.533    -0.638     0.555
 8   131.326   -27.337   -45.393
 8     0.397    -0.197     0.899
 8     0.391     0.917     0.024
 8    -0.831     0.345     0.436
 9   123.915   -31.540   -21.499
 9    -0.446     0.708     0.550
 9     0.782     0.009     0.622
 9     0.435     0.706    -0.557
 2    98.745   -22.345    59.168
 2     0.570    -0.822     0.000
 2     0.820     0.568     0.054
 2    -0.044    -0.031     0.998
 3   108.140    -0.810     1.390
 3     0.135     0.035     0.990
 3    -0.164     0.986    -0.013
 3    -0.977    -0.161     0.139
 4   114.561    13.512   -15.385
 4     0.623    -0.542     0.567
 4     0.770     0.550    -0.320
 4    -0.139     0.635     0.759
 5   142.492    32.598   -35.976
 5     0.661     0.240     0.715
 5    -0.058     0.962    -0.261
 5    -0.748     0.132     0.648
 6   129.754    30.934   -13.715
 6    -0.690    -0.498     0.526
 6    -0.691     0.237    -0.683
 6     0.215    -0.834    -0.506
 7   114.008   -14.338   -13.845
 7     0.451     0.336     0.827
 7    -0.711     0.694     0.106
 7    -0.539    -0.636     0.552
 8   131.326   -26.509   -45.773
 8     0.394    -0.191     0.902
 8     0.406     0.911     0.011
 8    -0.825     0.364     0.431
 9   124.228   -31.265   -21.975
 9    -0.457     0.711     0.536
 9     0.766     0.009     0.641
 9     0.451     0.703    -0.549
 2    98.745   -22.345    59.168
 2     0.570    -0.822     0.000
 2     0.820     0.568     0.054
 2    -0.044    -0.031     0.998
 3   108.093    -0.791     1.466
 3     0.131     0.038     0.990
 3    -0.164     0.986    -0.016
 3    -0.978    -0.161     0.135
 4   114.353    13.473   -15.400
 4     0.625    -0.529     0.576
 4     0.766     0.558    -0.318
 4    -0.153     0.639     0.753
 5   142.209    31.038   -36.978
 5     0.643     0.282     0.717
 5    -0.110     0.955    -0.270
 5    -0.758     0.095     0.642
 6   129.915    30.713   -14.346
 6    -0.701    -0.503     0.507
 6    -0.669     0.217    -0.711
 6     0.248    -0.836    -0.487
 7   113.923   -14.389   -13.835
 7     0.456     0.328     0.828
 7    -0.705     0.699     0.112
 7    -0.543    -0.635     0.549
 8   131.449   -25.704   -45.992
 8     0.385    -0.204     0.903
 8     0.423     0.903     0.019
 8    -0.820     0.378     0.429
 9   124.418   -31.074   -22.223
 9    -0.470     0.711     0.525
 9     0.754     0.014     0.656
 9     0.459     0.703    -0.542
 2    98.747   -22.344    59.165
 2     0.570    -0.822     0.000
 2     0.820     0.569     0.054
 2    -0.043    -0.031     0.998
 3   108.060    -0.872     1.560
 3     0.125     0.040     0.991
 3    -0.165     0.986    -0.019
 3    -0.978    -0.161     0.130
 4   114.256    13.360   -15.398
 4     0.627    -0.521     0.581
 4     0.761     0.564    -0.317
 4    -0.163     0.640     0.750
 5   141.907    29.485   -37.440
 5     0.627     0.322     0.714
 5    -0.167     0.945    -0.272
 5    -0.761     0.052     0.644
 6   129.841    30.640   -14.748
 6    -0.704    -0.506     0.500
 6    -0.660     0.204    -0.723
 6     0.263    -0.838    -0.477
 7   113.816   -14.466   -13.851
 7     0.458     0.322     0.829
 7    -0.702     0.702     0.115
 7    -0.546    -0.635     0.547
 8   131.447   -25.181   -46.050
 8     0.377    -0.215     0.903
 8     0.438     0.896     0.026
 8    -0.816     0.389     0.427
 9   124.498   -30.967   -22.331
 9    -0.477     0.711     0.519
 9     0.748     0.017     0.663
 9     0.462     0.703    -0.539
 2    98.745   -22.345    59.193
 2     0.570    -0.822    -0.000
 2     0.820     0.568     0.054
 2    -0.044    -0.031     0.998
 3   107.966    -0.930     1.589
 3     0.121     0.040     0.992
 3    -0.166     0.986    -0.020
 3    -0.979    -0.162     0.126
 4   114.142    13.354   -15.383
 4     0.628    -0.516     0.585
 4     0.760     0.567    -0.316
 4    -0.169     0.642     0.747
 5   141.766    28.816   -37.623
 5     0.621     0.340     0.711
 5    -0.195     0.940    -0.273
 5    -0.759     0.031     0.647
 6   129.780    30.589   -14.847
 6    -0.708    -0.505     0.496
 6    -0.653     0.198    -0.731
 6     0.271    -0.840    -0.469
 7   113.689   -14.467   -13.822
 7     0.458     0.320     0.830
 7    -0.701     0.703     0.115
 7    -0.547    -0.635     0.545
 8   131.423   -25.051   -46.108
 8     0.377    -0.216     0.903
 8     0.441     0.894     0.025
 8    -0.815     0.392     0.427
 9   124.379   -30.966   -22.362
 9    -0.476     0.711     0.521
 9     0.747     0.015     0.663
 9     0.464     0.703    -0.537
 2    98.745   -22.395    59.168
 2     0.570    -0.822     0.000
 2     0.820     0.569     0.054
 2    -0.044    -0.031     0.998
 3   107.904    -0.882     1.654
 3     0.116     0.042     0.992
 3    -0.165     0.986    -0.023
 3    -0.979    -0.161     0.121
 4   113.954    13.349   -15.370
 4     0.627    -0.512     0.588
 4     0.759     0.569    -0.315
 4    -0.174     0.643     0.745
 5   141.667    28.634   -37.716
 5     0.618     0.345     0.712
 5    -0.200     0.938    -0.275
 5    -0.760     0.029     0.646
 6   129.730    30.588   -14.897
 6    -0.708    -0.505     0.495
 6    -0.652     0.199    -0.731
 6     0.271    -0.840    -0.469
 7   113.557   -14.471   -13.811
 7     0.457     0.318     0.831
 7    -0.699     0.705     0.115
 7    -0.550    -0.633     0.544
 8   131.377   -24.949   -46.213
 8     0.378    -0.216     0.903
 8     0.441     0.894     0.026
 8    -0.814     0.392     0.428
 9   124.327   -30.891   -22.409
 9    -0.475     0.710     0.522
 9     0.748     0.014     0.662
 9     0.463     0.704    -0.537
 2    98.745   -22.345    59.168
 2     0.570    -0.822    -0.000
 2     0.820     0.569     0.054
 2    -0.044    -0.031     0.998
 3   107.802    -0.888     1.776
 3     0.114     0.042     0.992
 3    -0.165     0.986    -0.023
 3    -0.980    -0.161     0.119
 4   113.820    13.346   -15.282
 4     0.625    -0.512     0.591
 4     0.760     0.570    -0.310
 4    -0.178     0.642     0.744
 5   141.592    28.684   -37.715
 5     0.618     0.346     0.711
 5    -0.201     0.938    -0.276
 5    -0.760     0.028     0.646
 6   129.557    30.589   -14.902
 6    -0.707    -0.506     0.495
 6    -0.653     0.197    -0.731
 6     0.272    -0.839    -0.469
 7   113.501   -14.447   -13.755
 7     0.458     0.317     0.831
 7    -0.697     0.707     0.115
 7    -0.552    -0.632     0.544
 8   131.374   -24.951   -46.284
 8     0.378    -0.217     0.903
 8     0.440     0.895     0.026
 8    -0.815     0.391     0.428
 9   124.267   -30.846   -22.450
 9    -0.473     0.709     0.525
 9     0.752     0.014     0.658
 9     0.459     0.705    -0.540
 2    98.745   -22.345    59.193
 2     0.570    -0.822    -0.000
 2     0.820     0.568     0.054
 2    -0.044    -0.031     0.998
 3   107.731    -0.888     1.806
 3     0.112     0.042     0.993
 3    -0.164     0.986    -0.023
 3    -0.980    -0.160     0.117
 4   113.686    13.446   -15.274
 4     0.619    -0.516     0.594
 4     0.764     0.568    -0.304
 4    -0.181     0.641     0.745
 5   141.441    28.812   -37.614
 5     0.619     0.344     0.711
 5    -0.199     0.938    -0.275
 5    -0.760     0.029     0.646
 6   129.111    30.812   -14.531
 6    -0.698    -0.501     0.514
 6    -0.672     0.208    -0.711
 6     0.249    -0.840    -0.480
 7   113.400   -14.473   -13.806
 7     0.458     0.318     0.831
 7    -0.696     0.708     0.113
 7    -0.552    -0.631     0.545
 8   131.520   -26.799   -45.509
 8     0.404    -0.195     0.896
 8     0.392     0.917     0.019
 8    -0.827     0.347     0.442
 9   123.526   -31.372   -21.075
 9    -0.451     0.699     0.558
 9     0.797     0.033     0.602
 9     0.402     0.714    -0.571
 2    98.745   -22.345    59.168
 2     0.570    -0.822    -0.000
 2     0.820     0.569     0.054
 2    -0.044    -0.031     0.998
 3   107.541    -0.810     1.836
 3     0.107     0.025     0.994
 3    -0.167     0.986    -0.007
 3    -0.980    -0.166     0.109
 4   113.713    13.789   -15.183
 4     0.603    -0.559     0.572
 4     0.784     0.545    -0.295
 4    -0.147     0.625     0.766
 5   143.269    34.324   -32.856
 5     0.714     0.219     0.669
 5    -0.039     0.962    -0.265
 5    -0.699     0.165     0.694
 6   128.229    31.701   -10.875
 6    -0.677    -0.435     0.595
 6    -0.730     0.292    -0.618
 6     0.094    -0.852    -0.514
 7   113.454   -14.786   -13.504
 7     0.453     0.352     0.820
 7    -0.737     0.664     0.122
 7    -0.502    -0.659     0.559
 8   132.835   -35.959   -40.482
 8     0.518    -0.109     0.850
 8     0.148     0.988     0.029
 8    -0.842     0.112     0.525
 9   121.471   -33.237   -15.869
 9    -0.360     0.643     0.678
 9     0.914     0.098     0.391
 9     0.184     0.760    -0.622
 2    98.745   -22.395    59.193
 2     0.570    -0.822    -0.000
 2     0.820     0.569     0.054
 2    -0.044    -0.031     0.998
 3   107.530    -0.997     1.818
 3     0.107    -0.015     0.994
 3    -0.179     0.983     0.033
 3    -0.978    -0.181     0.102
 4   114.196    14.337   -15.002
 4     0.566    -0.634     0.528
 4     0.822     0.482    -0.302
 4    -0.063     0.604     0.793
 5   145.647    44.011   -19.713
 5     0.842    -0.045     0.537
 5     0.270     0.898    -0.345
 5    -0.466     0.437     0.769
 6   126.207    32.328    -3.158
 6    -0.594    -0.282     0.754
 6    -0.776     0.449    -0.443
 6    -0.213    -0.848    -0.485
 7   114.121   -15.743   -13.247
 7     0.461     0.429     0.777
 7    -0.791     0.594     0.141
 7    -0.402    -0.680     0.613
 8   135.559   -47.523   -28.428
 8     0.661    -0.011     0.751
