% Calibrated with leiden_pols
% Positions are in centimeters
Data =[
 2    98.722   -22.344    59.164
 2     0.570    -0.822     0.000
 2     0.821     0.568     0.052
 2    -0.043    -0.030     0.998
 3   112.207    -0.247    -1.468
 3     0.300     0.100     0.948
 3    -0.117     0.991    -0.068
 3    -0.947    -0.091     0.309
 4   127.088    18.744   -13.407
 4     0.659    -0.743     0.114
 4     0.665     0.505    -0.550
 4     0.350     0.438     0.827
 5   144.365    30.748    36.090
 5     0.438    -0.596    -0.678
 5    -0.149     0.693    -0.703
 5     0.886     0.405     0.215
 6   124.164    27.969    18.169
 6    -0.083     0.583     0.809
 6    -0.268     0.768    -0.581
 6    -0.960    -0.264     0.094
 7   126.873   -17.833   -13.249
 7     0.671     0.683     0.291
 7    -0.739     0.581     0.339
 7     0.063    -0.442     0.894
 8   143.277   -31.631    33.911
 8     0.488     0.696    -0.534
 8     0.112     0.551     0.824
 8     0.865    -0.460     0.190
 9   119.948   -30.191    15.069
 9    -0.174    -0.531     0.830
 9     0.254     0.789     0.558
 9    -0.951     0.307    -0.002
 2    98.722   -22.394    59.190
 2     0.570    -0.822     0.000
 2     0.820     0.568     0.053
 2    -0.043    -0.031     0.998
 3   112.208    -0.197    -1.467
 3     0.300     0.102     0.948
 3    -0.118     0.990    -0.070
 3    -0.947    -0.091     0.309
 4   127.036    18.743   -13.429
 4     0.660    -0.742     0.115
 4     0.665     0.506    -0.549
 4     0.349     0.439     0.828
 5   144.372    30.751    36.035
 5     0.438    -0.594    -0.680
 5    -0.146     0.697    -0.700
 5     0.887     0.402     0.218
 6   124.118    27.973    18.155
 6    -0.082     0.582     0.810
 6    -0.269     0.769    -0.579
 6    -0.959    -0.264     0.095
 7   126.848   -17.833   -13.299
 7     0.670     0.682     0.292
 7    -0.739     0.581     0.340
 7     0.063    -0.443     0.894
 8   143.277   -31.631    33.860
 8     0.489     0.696    -0.533
 8     0.112     0.551     0.824
 8     0.865    -0.460     0.191
 9   119.921   -30.191    15.067
 9    -0.175    -0.530     0.830
 9     0.254     0.790     0.557
 9    -0.951     0.308    -0.003
 2    98.747   -22.343    59.165
 2     0.569    -0.822     0.000
 2     0.821     0.568     0.053
 2    -0.043    -0.031     0.998
 3   112.157    -0.246    -1.417
 3     0.299     0.099     0.949
 3    -0.116     0.991    -0.067
 3    -0.947    -0.091     0.308
 4   127.038    18.744   -13.407
 4     0.659    -0.743     0.115
 4     0.665     0.505    -0.550
 4     0.350     0.439     0.827
 5   144.366    30.724    36.092
 5     0.438    -0.594    -0.679
 5    -0.146     0.696    -0.701
 5     0.886     0.403     0.218
 6   124.064    27.920    18.243
 6    -0.082     0.581     0.810
 6    -0.269     0.770    -0.578
 6    -0.960    -0.264     0.094
 7   126.848   -17.833   -13.299
 7     0.670     0.683     0.291
 7    -0.739     0.580     0.341
 7     0.063    -0.443     0.894
 8   143.273   -31.632    33.917
 8     0.490     0.697    -0.531
 8     0.112     0.549     0.825
 8     0.864    -0.462     0.190
 9   119.744   -30.140    15.167
 9    -0.176    -0.527     0.832
 9     0.255     0.792     0.554
 9    -0.951     0.308    -0.004
 2    98.721   -22.394    59.164
 2     0.570    -0.822     0.001
 2     0.821     0.568     0.052
 2    -0.043    -0.029     0.998
 3   112.157    -0.245    -1.418
 3     0.299     0.096     0.949
 3    -0.115     0.991    -0.064
 3    -0.947    -0.091     0.307
 4   127.018    18.745   -13.363
 4     0.659    -0.743     0.115
 4     0.664     0.503    -0.552
 4     0.352     0.440     0.826
 5   144.315    30.724    36.090
 5     0.440    -0.595    -0.677
 5    -0.147     0.694    -0.703
 5     0.886     0.405     0.217
 6   123.995    27.919    18.377
 6    -0.084     0.580     0.810
 6    -0.268     0.770    -0.578
 6    -0.960    -0.265     0.092
 7   126.805   -17.831   -13.155
 7     0.670     0.684     0.289
 7    -0.740     0.580     0.341
 7     0.066    -0.442     0.894
 8   143.216   -31.533    33.930
 8     0.494     0.697    -0.527
 8     0.112     0.544     0.828
 8     0.862    -0.466     0.190
 9   119.692   -30.114    15.241
 9    -0.177    -0.525     0.833
 9     0.255     0.793     0.553
 9    -0.951     0.309    -0.005
 2    98.747   -22.343    59.165
 2     0.569    -0.822     0.000
 2     0.821     0.568     0.053
 2    -0.043    -0.031     0.998
 3   112.152    -0.248    -1.358
 3     0.298     0.094     0.950
 3    -0.115     0.991    -0.062
 3    -0.948    -0.091     0.306
 4   127.023    18.747   -13.319
 4     0.659    -0.744     0.114
 4     0.663     0.503    -0.554
 4     0.354     0.441     0.824
 5   144.259    30.672    36.147
 5     0.441    -0.597    -0.675
 5    -0.147     0.692    -0.705
 5     0.885     0.406     0.217
 6   123.893    27.924    18.357
 6    -0.081     0.578     0.812
 6    -0.270     0.771    -0.575
 6    -0.959    -0.265     0.095
 7   126.706   -17.830   -13.159
 7     0.670     0.685     0.288
 7    -0.739     0.580     0.341
 7     0.067    -0.441     0.895
 8   143.212   -31.535    33.937
 8     0.496     0.698    -0.525
 8     0.112     0.542     0.830
 8     0.861    -0.468     0.190
 9   119.679   -30.148    15.079
 9    -0.167    -0.520     0.839
 9     0.264     0.795     0.545
 9    -0.950     0.311     0.005
 2    98.721   -22.344    59.164
 2     0.570    -0.822     0.001
 2     0.821     0.568     0.052
 2    -0.043    -0.029     0.998
 3   112.152    -0.248    -1.358
 3     0.298     0.093     0.950
 3    -0.115     0.991    -0.061
 3    -0.948    -0.091     0.306
 4   127.027    18.749   -13.324
 4     0.657    -0.745     0.113
 4     0.664     0.502    -0.554
 4     0.356     0.439     0.824
 5   143.858    31.128    35.978
 5     0.423    -0.588    -0.695
 5    -0.129     0.717    -0.682
 5     0.897     0.375     0.226
 6   123.686    27.987    17.342
 6    -0.026     0.584     0.811
 6    -0.324     0.763    -0.559
 6    -0.946    -0.276     0.171
 7   126.943   -17.696   -13.175
 7     0.675     0.680     0.286
 7    -0.734     0.582     0.350
 7     0.072    -0.446     0.892
 8   141.840   -32.952    33.559
 8     0.434     0.701    -0.573
 8     0.078     0.599     0.794
 8     0.897    -0.387     0.203
 9   119.765   -30.665    13.637
 9    -0.057    -0.534     0.844
 9     0.356     0.778     0.516
 9    -0.932     0.329     0.147
 2    98.747   -22.343    59.164
 2     0.569    -0.822     0.000
 2     0.821     0.568     0.053
 2    -0.043    -0.030     0.998
 3   112.841    -0.125    -1.712
 3     0.315     0.095     0.944
 3    -0.130     0.990    -0.057
 3    -0.940    -0.105     0.324
 4   127.808    18.703   -13.676
 4     0.651    -0.753     0.101
 4     0.670     0.506    -0.543
 4     0.357     0.422     0.833
 5   140.825    34.574    35.473
 5     0.284    -0.599    -0.752
 5    -0.019     0.778    -0.625
 5     0.958     0.188     0.208
 6   122.807    28.788    14.974
 6     0.069     0.595     0.801
 6    -0.399     0.752    -0.523
 6    -0.914    -0.282     0.290
 7   127.902   -17.556   -13.205
 7     0.670     0.692     0.267
 7    -0.736     0.577     0.352
 7     0.090    -0.433     0.897
 8   136.931   -35.469    33.103
 8     0.225     0.688    -0.694
 8     0.016     0.706     0.705
 8     0.974    -0.167     0.146
 9   119.211   -31.743    11.490
 9     0.081    -0.601     0.795
 9     0.420     0.744     0.519
 9    -0.903     0.292     0.313
 2    98.747   -22.343    59.165
 2     0.569    -0.822     0.000
 2     0.821     0.568     0.053
 2    -0.043    -0.031     0.998
 3   113.883    -0.081    -2.153
 3     0.351     0.109     0.930
 3    -0.160     0.985    -0.055
 3    -0.922    -0.130     0.364
 4   129.154    18.284   -14.563
 4     0.633    -0.770     0.072
 4     0.683     0.513    -0.519
 4     0.362     0.378     0.851
 5   136.172    37.035    34.301
 5     0.129    -0.630    -0.768
 5     0.052     0.776    -0.627
 5     0.990     0.037     0.131
