% Calibrated with leiden_pols
% Positions are in centimeters
Data =[
 2    98.722   -22.344    59.164
 2     0.570    -0.822     0.000
 2     0.821     0.568     0.052
 2    -0.043    -0.030     0.998
 3   112.207    -0.247    -1.468
 3     0.300     0.100     0.948
 3    -0.117     0.991    -0.068
 3    -0.947    -0.091     0.309
 4   127.088    18.744   -13.407
 4     0.659    -0.743     0.114
 4     0.665     0.505    -0.550
 4     0.350     0.438     0.827
 5   144.365    30.748    36.090
 5     0.438    -0.596    -0.678
 5    -0.149     0.693    -0.703
 5     0.886     0.405     0.215
 6   124.164    27.969    18.169
 6    -0.083     0.583     0.809
 6    -0.268     0.768    -0.581
 6    -0.960    -0.264     0.094
 7   126.873   -17.833   -13.249
 7     0.671     0.683     0.291
 7    -0.739     0.581     0.339
 7     0.063    -0.442     0.894
 8   143.277   -31.631    33.911
 8     0.488     0.696    -0.534
 8     0.112     0.551     0.824
 8     0.865    -0.460     0.190
 9   119.948   -30.191    15.069
 9    -0.174    -0.531     0.830
 9     0.254     0.789     0.558
 9    -0.951     0.307    -0.002
 2    98.722   -22.394    59.190
 2     0.570    -0.822     0.000
 2     0.820     0.568     0.053
 2    -0.043    -0.031     0.998
 3   112.208    -0.197    -1.467
 3     0.300     0.102     0.948
 3    -0.118     0.990    -0.070
 3    -0.947    -0.091     0.309
 4   127.036    18.743   -13.429
 4     0.660    -0.742     0.115
 4     0.665     0.506    -0.549
 4     0.349     0.439     0.828
 5   144.372    30.751    36.035
 5     0.438    -0.594    -0.680
 5    -0.146     0.697    -0.700
 5     0.887     0.402     0.218
 6   124.118    27.973    18.155
 6    -0.082     0.582     0.810
 6    -0.269     0.769    -0.579
 6    -0.959    -0.264     0.095
 7   126.848   -17.833   -13.299
 7     0.670     0.682     0.292
 7    -0.739     0.581     0.340
 7     0.063    -0.443     0.894
 8   143.277   -31.631    33.860
 8     0.489     0.696    -0.533
 8     0.112     0.551     0.824
 8     0.865    -0.460     0.191
 9   119.921   -30.191    15.067
 9    -0.175    -0.530     0.830
 9     0.254     0.790     0.557
 9    -0.951     0.308    -0.003
 2    98.747   -22.343    59.165
 2     0.569    -0.822     0.000
 2     0.821     0.568     0.053
 2    -0.043    -0.031     0.998
 3   112.157    -0.246    -1.417
 3     0.299     0.099     0.949
 3    -0.116     0.991    -0.067
 3    -0.947    -0.091     0.308
 4   127.038    18.744   -13.407
 4     0.659    -0.743     0.115
 4     0.665     0.505    -0.550
 4     0.350     0.439     0.827
 5   144.366    30.724    36.092
 5     0.438    -0.594    -0.679
 5    -0.146     0.696    -0.701
 5     0.886     0.403     0.218
 6   124.064    27.920    18.243
 6    -0.082     0.581     0.810
 6    -0.269     0.770    -0.578
 6    -0.960    -0.264     0.094
 7   126.848   -17.833   -13.299
 7     0.670     0.683     0.291
 7    -0.739     0.580     0.341
 7     0.063    -0.443     0.894
 8   143.273   -31.632    33.917
 8     0.490     0.697    -0.531
 8     0.112     0.549     0.825
 8     0.864    -0.462     0.190
 9   119.744   -30.140    15.167
 9    -0.176    -0.527     0.832
 9     0.255     0.792     0.554
 9    -0.951     0.308    -0.004
 2    98.721   -22.394    59.164
 2     0.570    -0.822     0.001
 2     0.821     0.568     0.052
 2    -0.043    -0.029     0.998
 3   112.157    -0.245    -1.418
 3     0.299     0.096     0.949
 3    -0.115     0.991    -0.064
 3    -0.947    -0.091     0.307
 4   127.018    18.745   -13.363
 4     0.659    -0.743     0.115
 4     0.664     0.503    -0.552
 4     0.352     0.440     0.826
 5   144.315    30.724    36.090
 5     0.440    -0.595    -0.677
 5    -0.147     0.694    -0.703
 5     0.886     0.405     0.217
 6   123.995    27.919    18.377
 6    -0.084     0.580     0.810
 6    -0.268     0.770    -0.578
 6    -0.960    -0.265     0.092
 7   126.805   -17.831   -13.155
 7     0.670     0.684     0.289
 7    -0.740     0.580     0.341
 7     0.066    -0.442     0.894
 8   143.216   -31.533    33.930
 8     0.494     0.697    -0.527
 8     0.112     0.544     0.828
 8     0.862    -0.466     0.190
 9   119.692   -30.114    15.241
 9    -0.177    -0.525     0.833
 9     0.255     0.793     0.553
 9    -0.951     0.309    -0.005
 2    98.747   -22.343    59.165
 2     0.569    -0.822     0.000
 2     0.821     0.568     0.053
 2    -0.043    -0.031     0.998
 3   112.152    -0.248    -1.358
 3     0.298     0.094     0.950
 3    -0.115     0.991    -0.062
 3    -0.948    -0.091     0.306
 4   127.023    18.747   -13.319
 4     0.659    -0.744     0.114
 4     0.663     0.503    -0.554
 4     0.354     0.441     0.824
 5   144.259    30.672    36.147
 5     0.441    -0.597    -0.675
 5    -0.147     0.692    -0.705
 5     0.885     0.406     0.217
 6   123.893    27.924    18.357
 6    -0.081     0.578     0.812
 6    -0.270     0.771    -0.575
 6    -0.959    -0.265     0.095
 7   126.706   -17.830   -13.159
 7     0.670     0.685     0.288
 7    -0.739     0.580     0.341
 7     0.067    -0.441     0.895
 8   143.212   -31.535    33.937
 8     0.496     0.698    -0.525
 8     0.112     0.542     0.830
 8     0.861    -0.468     0.190
 9   119.679   -30.148    15.079
 9    -0.167    -0.520     0.839
 9     0.264     0.795     0.545
 9    -0.950     0.311     0.005
 2    98.721   -22.344    59.164
 2     0.570    -0.822     0.001
 2     0.821     0.568     0.052
 2    -0.043    -0.029     0.998
 3   112.152    -0.248    -1.358
 3     0.298     0.093     0.950
 3    -0.115     0.991    -0.061
 3    -0.948    -0.091     0.306
 4   127.027    18.749   -13.324
 4     0.657    -0.745     0.113
 4     0.664     0.502    -0.554
 4     0.356     0.439     0.824
 5   143.858    31.128    35.978
 5     0.423    -0.588    -0.695
 5    -0.129     0.717    -0.682
 5     0.897     0.375     0.226
 6   123.686    27.987    17.342
 6    -0.026     0.584     0.811
 6    -0.324     0.763    -0.559
 6    -0.946    -0.276     0.171
 7   126.943   -17.696   -13.175
 7     0.675     0.680     0.286
 7    -0.734     0.582     0.350
 7     0.072    -0.446     0.892
 8   141.840   -32.952    33.559
 8     0.434     0.701    -0.573
 8     0.078     0.599     0.794
 8     0.897    -0.387     0.203
 9   119.765   -30.665    13.637
 9    -0.057    -0.534     0.844
 9     0.356     0.778     0.516
 9    -0.932     0.329     0.147
 2    98.747   -22.343    59.164
 2     0.569    -0.822     0.000
 2     0.821     0.568     0.053
 2    -0.043    -0.030     0.998
 3   112.841    -0.125    -1.712
 3     0.315     0.095     0.944
 3    -0.130     0.990    -0.057
 3    -0.940    -0.105     0.324
 4   127.808    18.703   -13.676
 4     0.651    -0.753     0.101
 4     0.670     0.506    -0.543
 4     0.357     0.422     0.833
 5   140.825    34.574    35.473
 5     0.284    -0.599    -0.752
 5    -0.019     0.778    -0.625
 5     0.958     0.188     0.208
 6   122.807    28.788    14.974
 6     0.069     0.595     0.801
 6    -0.399     0.752    -0.523
 6    -0.914    -0.282     0.290
 7   127.902   -17.556   -13.205
 7     0.670     0.692     0.267
 7    -0.736     0.577     0.352
 7     0.090    -0.433     0.897
 8   136.931   -35.469    33.103
 8     0.225     0.688    -0.694
 8     0.016     0.706     0.705
 8     0.974    -0.167     0.146
 9   119.211   -31.743    11.490
 9     0.081    -0.601     0.795
 9     0.420     0.744     0.519
 9    -0.903     0.292     0.313
 2    98.747   -22.343    59.165
 2     0.569    -0.822     0.000
 2     0.821     0.568     0.053
 2    -0.043    -0.031     0.998
 3   113.883    -0.081    -2.153
 3     0.351     0.109     0.930
 3    -0.160     0.985    -0.055
 3    -0.922    -0.130     0.364
 4   129.154    18.284   -14.563
 4     0.633    -0.770     0.072
 4     0.683     0.513    -0.519
 4     0.362     0.378     0.851
 5   136.172    37.035    34.301
 5     0.129    -0.630    -0.768
 5     0.052     0.776    -0.627
 5     0.990     0.037     0.131
 6   121.351    28.989    12.104
 6     0.197     0.601     0.774
 6    -0.445     0.758    -0.476
 6    -0.874    -0.251     0.417
 7   129.288   -17.533   -13.303
 7     0.662     0.712     0.236
 7    -0.740     0.569     0.359
 7     0.122    -0.412     0.903
 8   132.244   -35.473    32.585
 8     0.037     0.651    -0.759
 8     0.021     0.758     0.651
 8     0.999    -0.038     0.013
 9   118.629   -32.082     9.610
 9     0.204    -0.639     0.741
 9     0.445     0.735     0.511
 9    -0.871     0.226     0.435
 2    98.747   -22.344    59.164
 2     0.570    -0.822     0.000
 2     0.821     0.568     0.052
 2    -0.043    -0.030     0.998
 3   115.035    -0.266    -2.665
 3     0.385     0.115     0.916
 3    -0.186     0.981    -0.045
 3    -0.904    -0.154     0.399
 4   130.548    18.039   -15.154
 4     0.599    -0.800     0.030
 4     0.700     0.504    -0.504
 4     0.387     0.324     0.863
 5   130.937    37.731    33.676
 5    -0.031    -0.609    -0.793
 5     0.070     0.790    -0.609
 5     0.997    -0.077     0.017
 6   120.069    28.727     9.833
 6     0.324     0.588     0.741
 6    -0.451     0.785    -0.425
 6    -0.832    -0.197     0.519
 7   130.913   -17.642   -13.581
 7     0.648     0.738     0.190
 7    -0.746     0.565     0.352
 7     0.153    -0.370     0.916
 8   125.800   -35.184    30.650
 8    -0.116     0.645    -0.755
 8     0.015     0.761     0.648
 8     0.993     0.065    -0.099
 9   118.306   -32.217     7.682
 9     0.320    -0.641     0.699
 9     0.461     0.748     0.475
 9    -0.828     0.170     0.534
 2    98.722   -22.344    59.190
 2     0.570    -0.822     0.000
 2     0.820     0.568     0.053
 2    -0.043    -0.031     0.998
 3   115.889    -0.659    -3.104
 3     0.411     0.102     0.906
 3    -0.202     0.979    -0.019
 3    -0.889    -0.175     0.423
 4   131.332    17.629   -15.762
 4     0.568    -0.824     0.003
 4     0.720     0.493    -0.488
 4     0.399     0.280     0.873
 5   127.755    37.524    32.854
 5    -0.106    -0.622    -0.776
 5     0.060     0.774    -0.630
 5     0.992    -0.115    -0.046
 6   119.318    28.346     8.142
 6     0.396     0.559     0.729
 6    -0.448     0.810    -0.379
 6    -0.802    -0.177     0.570
 7   131.830   -17.706   -13.732
 7     0.632     0.759     0.157
 7    -0.754     0.556     0.349
 7     0.177    -0.339     0.923
 8   122.189   -35.151    29.763
 8    -0.217     0.643    -0.734
 8     0.029     0.755     0.654
 8     0.975     0.121    -0.183
 9   118.078   -31.881     6.126
 9     0.399    -0.631     0.667
 9     0.457     0.766     0.451
 9    -0.795     0.125     0.593
 2    98.721   -22.343    59.164
 2     0.569    -0.822     0.001
 2     0.821     0.568     0.052
 2    -0.043    -0.029     0.998
 3   116.572    -0.736    -3.455
 3     0.426     0.087     0.901
 3    -0.214     0.977     0.006
 3    -0.879    -0.196     0.434
 4   132.092    17.461   -16.218
 4     0.550    -0.835    -0.015
 4     0.731     0.489    -0.475
 4     0.402     0.251     0.880
 5   126.067    37.830    31.908
 5    -0.169    -0.603    -0.780
 5     0.069     0.782    -0.619
 5     0.983    -0.160    -0.091
 6   119.446    28.172     6.815
 6     0.441     0.549     0.710
 6    -0.450     0.819    -0.354
 6    -0.776    -0.164     0.608
 7   132.704   -17.700   -14.008
 7     0.619     0.773     0.134
 7    -0.761     0.550     0.344
 7     0.192    -0.315     0.929
 8   120.078   -35.085    28.785
 8    -0.283     0.633    -0.720
 8     0.033     0.757     0.652
 8     0.958     0.161    -0.235
 9   118.167   -31.673     4.851
 9     0.453    -0.622     0.640
 9     0.454     0.777     0.433
 9    -0.767     0.095     0.634
 2    98.747   -22.344    59.164
 2     0.570    -0.822     0.000
 2     0.821     0.568     0.052
 2    -0.043    -0.030     0.998
 3   117.393    -1.123    -3.734
 3     0.436     0.060     0.898
 3    -0.211     0.977     0.037
 3    -0.875    -0.206     0.438
 4   132.570    17.142   -16.625
 4     0.528    -0.850    -0.022
 4     0.747     0.474    -0.466
 4     0.404     0.230     0.885
 5   124.340    37.693    30.843
 5    -0.239    -0.534    -0.811
 5     0.092     0.818    -0.567
 5     0.967    -0.210    -0.146
 6   119.070    27.632     5.739
 6     0.477     0.527     0.705
 6    -0.448     0.834    -0.321
 6    -0.756    -0.164     0.632
 7   133.608   -17.690   -14.500
 7     0.610     0.785     0.105
 7    -0.764     0.547     0.341
 7     0.210    -0.288     0.934
 8   117.174   -34.742    27.575
 8    -0.371     0.574    -0.730
 8     0.038     0.794     0.605
 8     0.928     0.197    -0.317
 9   117.762   -31.353     3.381
 9     0.519    -0.601     0.610
 9     0.449     0.797     0.403
 9    -0.727     0.065     0.682
 2    98.747   -22.343    59.165
 2     0.569    -0.823     0.000
 2     0.821     0.568     0.053
 2    -0.043    -0.031     0.998
 3   117.517    -1.298    -3.932
 3     0.435     0.044     0.899
 3    -0.207     0.977     0.052
 3    -0.876    -0.209     0.434
 4   132.599    16.940   -16.981
 4     0.510    -0.860    -0.022
 4     0.762     0.463    -0.453
 4     0.397     0.215     0.891
 5   122.558    38.411    29.672
 5    -0.298    -0.486    -0.822
 5     0.137     0.830    -0.540
 5     0.945    -0.274    -0.181
 6   118.668    27.496     4.452
 6     0.506     0.517     0.693
 6    -0.460     0.839    -0.290
 6    -0.730    -0.172     0.660
 7   133.835   -17.678   -14.499
 7     0.592     0.802     0.082
 7    -0.771     0.533     0.348
 7     0.235    -0.270     0.934
 8   114.343   -35.302    26.356
 8    -0.443     0.553    -0.706
 8     0.020     0.793     0.608
 8     0.896     0.255    -0.363
 9   117.428   -31.310     2.322
 9     0.567    -0.597     0.571
 9     0.451     0.802     0.390
 9    -0.689     0.036     0.722
 2    98.747   -22.343    59.165
 2     0.569    -0.823     0.000
 2     0.821     0.568     0.053
 2    -0.043    -0.031     0.998
 3   117.694    -1.526    -3.999
 3     0.434     0.036     0.900
 3    -0.207     0.976     0.061
 3    -0.877    -0.213     0.431
 4   132.824    16.429   -17.351
 4     0.497    -0.868    -0.025
 4     0.776     0.456    -0.435
 4     0.387     0.198     0.900
 5   121.226    39.186    28.374
 5    -0.344    -0.433    -0.833
 5     0.178     0.841    -0.511
 5     0.922    -0.324    -0.212
 6   118.646    27.104     3.227
 6     0.528     0.512     0.680
 6    -0.475     0.839    -0.264
 6    -0.704    -0.185     0.684
 7   134.100   -18.125   -14.425
 7     0.580     0.811     0.069
 7    -0.774     0.523     0.357
 7     0.253    -0.261     0.931
 8   113.160   -36.105    25.789
 8    -0.482     0.531    -0.697
 8     0.002     0.796     0.605
 8     0.876     0.290    -0.384
 9   117.496   -31.564     1.954
 9     0.586    -0.600     0.546
 9     0.456     0.799     0.389
 9    -0.669     0.021     0.742
 2    98.747   -22.343    59.165
 2     0.569    -0.822     0.000
 2     0.821     0.568     0.053
 2    -0.043    -0.031     0.998
 3   117.940    -2.009    -4.158
 3     0.429     0.028     0.902
 3    -0.216     0.974     0.072
 3    -0.877    -0.226     0.424
 4   132.845    15.944   -17.645
 4     0.483    -0.875    -0.023
 4     0.790     0.446    -0.421
 4     0.376     0.186     0.907
 5   120.595    39.423    27.572
 5    -0.365    -0.397    -0.842
 5     0.194     0.852    -0.486
 5     0.910    -0.341    -0.234
 6   118.471    26.846     2.640
 6     0.538     0.506     0.676
 6    -0.486     0.839    -0.241
 6    -0.689    -0.200     0.696
 7   134.327   -18.342   -14.285
 7     0.578     0.814     0.061
 7    -0.771     0.520     0.366
 7     0.265    -0.259     0.928
 8   113.721   -39.117    27.075
 8    -0.506     0.510    -0.696
 8    -0.006     0.804     0.594
 8     0.862     0.304    -0.404
 9   117.566   -31.801     1.815
 9     0.598    -0.606     0.526
 9     0.459     0.795     0.394
 9    -0.656     0.006     0.753
 2    98.722   -22.344    59.165
 2     0.570    -0.822    -0.000
 2     0.820     0.568     0.053
 2    -0.043    -0.031     0.998
 3   117.948    -2.185    -4.152
 3     0.429     0.022     0.903
 3    -0.218     0.973     0.080
 3    -0.877    -0.231     0.421
 4   132.846    15.817   -17.543
 4     0.482    -0.876    -0.021
 4     0.791     0.444    -0.420
 4     0.376     0.186     0.907
 5   122.145    39.569    28.265
 5    -0.321    -0.429    -0.844
 5     0.191     0.844    -0.502
 5     0.927    -0.322    -0.189
 6   119.054    27.087     3.675
 6     0.505     0.532     0.682
 6    -0.493     0.824    -0.277
 6    -0.708    -0.197     0.677
 7   134.346   -18.512   -14.127
 7     0.579     0.812     0.061
 7    -0.768     0.519     0.375
 7     0.272    -0.265     0.925
 8   115.982   -39.291    28.541
 8    -0.435     0.556    -0.708
 8    -0.009     0.784     0.620
 8     0.900     0.276    -0.336
 9   117.730   -32.040     3.692
 9     0.549    -0.613     0.570
 9     0.446     0.790     0.420
 9    -0.707     0.024     0.706
 2    98.747   -22.343    59.165
 2     0.569    -0.822     0.000
 2     0.821     0.568     0.053
 2    -0.043    -0.031     0.998
 3   117.764    -2.008    -3.871
 3     0.432     0.044     0.901
 3    -0.216     0.974     0.056
 3    -0.875    -0.219     0.430
 4   132.691    15.993   -16.987
 4     0.505    -0.864    -0.016
 4     0.773     0.459    -0.437
 4     0.383     0.209     0.899
 5   126.590    39.030    30.061
 5    -0.186    -0.535    -0.824
 5     0.146     0.814    -0.562
 5     0.972    -0.226    -0.074
 6   119.960    27.453     5.994
 6     0.412     0.578     0.704
 6    -0.489     0.792    -0.364
 6    -0.769    -0.195     0.609
 7   133.984   -18.750   -13.589
 7     0.606     0.790     0.087
 7    -0.748     0.529     0.402
 7     0.271    -0.309     0.911
 8   122.776   -39.054    31.022
 8    -0.254     0.614    -0.747
 8    -0.007     0.771     0.636
 8     0.967     0.167    -0.191
 9   118.766   -32.470     6.923
 9     0.417    -0.636     0.651
 9     0.440     0.766     0.466
 9    -0.795     0.092     0.599
 2    98.747   -22.343    59.165
 2     0.569    -0.823     0.000
 2     0.821     0.568     0.053
 2    -0.043    -0.031     0.998
 3   117.248    -2.104    -3.427
 3     0.421     0.066     0.905
 3    -0.222     0.974     0.032
 3    -0.880    -0.214     0.425
 4   132.129    16.164   -16.403
 4     0.533    -0.846    -0.002
 4     0.752     0.473    -0.459
 4     0.388     0.244     0.888
 5   133.057    38.037    31.858
 5    -0.013    -0.580    -0.815
 5     0.106     0.809    -0.577
 5     0.994    -0.096     0.049
 6   121.778    27.700     9.273
 6     0.278     0.621     0.733
 6    -0.463     0.755    -0.464
 6    -0.842    -0.210     0.497
 7   133.065   -18.862   -13.480
 7     0.642     0.756     0.130
 7    -0.730     0.550     0.406
 7     0.235    -0.355     0.904
 8   132.669   -36.387    32.528
 8     0.014     0.665    -0.747
 8     0.023     0.746     0.664
 8     0.999    -0.025    -0.006
 9   119.821   -32.471    10.325
 9     0.232    -0.611     0.756
 9     0.416     0.765     0.491
 9    -0.879     0.201     0.432
 2    98.722   -22.343    59.165
 2     0.569    -0.822     0.000
 2     0.821     0.568     0.053
 2    -0.043    -0.031     0.998
 3   116.546    -1.873    -3.114
 3     0.408     0.091     0.909
 3    -0.212     0.977    -0.003
 3    -0.888    -0.192     0.417
 4   131.714    16.640   -15.639
 4     0.572    -0.820     0.003
 4     0.715     0.497    -0.491
 4     0.400     0.284     0.871
 5   140.236    35.767    33.794
 5     0.200    -0.585    -0.788
 5     0.048     0.808    -0.585
 5     0.978     0.076     0.188
 6   124.415    27.581    13.034
 6     0.125     0.637     0.760
 6    -0.407     0.732    -0.547
 6    -0.905    -0.241     0.351
 7   132.003   -18.779   -13.232
 7     0.659     0.735     0.159
 7    -0.724     0.562     0.400
 7     0.204    -0.379     0.902
 8   139.851   -34.870    34.162
 8     0.302     0.704    -0.648
 8     0.058     0.661     0.745
 8     0.951    -0.260     0.156
 9   120.959   -31.647    13.773
 9     0.035    -0.568     0.822
 9     0.337     0.781     0.525
 9    -0.941     0.258     0.219
 2    98.746   -22.394    59.164
 2     0.570    -0.822     0.001
 2     0.821     0.568     0.052
 2    -0.043    -0.029     0.998
 3   115.699    -1.321    -2.628
 3     0.391     0.099     0.915
 3    -0.186     0.982    -0.027
 3    -0.902    -0.159     0.402
 4   131.166    17.285   -14.844
 4     0.612    -0.791     0.019
 4     0.681     0.514    -0.522
 4     0.401     0.333     0.853
 5   146.310    33.944    34.685
 5     0.383    -0.556    -0.740
 5     0.004     0.801    -0.597
 5     0.923     0.223     0.309
 6   127.196    27.210    16.045
 6    -0.030     0.654     0.756
 6    -0.347     0.703    -0.620
 6    -0.937    -0.280     0.207
 7   130.738   -18.570   -13.097
 7     0.660     0.731     0.173
 7    -0.728     0.565     0.387
 7     0.185    -0.382     0.905
 8   145.124   -33.074    33.999
 8     0.505     0.675    -0.548
 8     0.090     0.582     0.804
 8     0.858    -0.453     0.232
 9   122.079   -30.940    15.869
 9    -0.146    -0.562     0.815
 9     0.258     0.773     0.579
 9    -0.955     0.294     0.033
 2    98.722   -22.394    59.190
 2     0.570    -0.822     0.000
 2     0.820     0.568     0.053
 2    -0.043    -0.031     0.998
 3   114.536    -1.227    -2.270
 3     0.364     0.084     0.928
 3    -0.151     0.988    -0.031
 3    -0.919    -0.129     0.372
 4   129.785    17.654   -13.703
 4     0.631    -0.775     0.032
 4     0.665     0.518    -0.538
 4     0.399     0.361     0.842
 5   150.173    31.718    34.399
 5     0.508    -0.494    -0.708
 5    -0.040     0.806    -0.588
 5     0.860     0.325     0.390
 6   128.579    26.840    17.816
 6    -0.151     0.666     0.731
 6    -0.302     0.673    -0.675
 6    -0.941    -0.321     0.101
 7   129.351   -18.983   -12.665
 7     0.662     0.726     0.184
 7    -0.728     0.565     0.387
 7     0.177    -0.391     0.903
 8   148.573   -31.675    33.751
 8     0.609     0.637    -0.479
 8     0.110     0.525     0.841
 8     0.785    -0.564     0.251
 9   123.354   -30.391    16.960
 9    -0.276    -0.562     0.781
 9     0.188     0.764     0.616
 9    -0.942     0.316    -0.104
 2    98.722   -22.394    59.164
 2     0.570    -0.822     0.000
 2     0.821     0.568     0.052
 2    -0.043    -0.030     0.998
 3   113.634    -1.242    -2.011
 3     0.350     0.069     0.934
 3    -0.125     0.992    -0.026
 3    -0.928    -0.108     0.356
 4   128.759    17.651   -13.314
 4     0.656    -0.753     0.049
 4     0.653     0.533    -0.538
 4     0.378     0.385     0.841
 5   151.306    31.191    33.882
 5     0.556    -0.478    -0.683
 5    -0.054     0.797    -0.599
 5     0.829     0.368     0.418
 6   128.954    26.827    18.259
 6    -0.195     0.676     0.712
 6    -0.285     0.655    -0.699
 6    -0.938    -0.338     0.066
 7   128.762   -19.087   -12.539
 7     0.670     0.716     0.196
 7    -0.723     0.569     0.391
 7     0.169    -0.403     0.899
 8   148.214   -30.611    34.282
 8     0.617     0.651    -0.450
 8     0.120     0.481     0.865
 8     0.777    -0.587     0.220
 9   122.613   -29.899    17.291
 9    -0.279    -0.561     0.781
 9     0.154     0.775     0.611
 9    -0.948     0.290    -0.128
 2    98.746   -22.394    59.164
 2     0.570    -0.822     0.001
 2     0.821     0.568     0.052
 2    -0.043    -0.029     0.998
 3   112.958    -0.984    -1.882
 3     0.334     0.066     0.940
 3    -0.115     0.993    -0.029
 3    -0.936    -0.099     0.339
 4   128.016    17.961   -13.068
 4     0.671    -0.739     0.067
 4     0.647     0.538    -0.540
 4     0.362     0.406     0.839
 5   150.323    30.364    34.618
 5     0.555    -0.515    -0.657
 5    -0.086     0.747    -0.657
 5     0.827     0.420     0.370
 6   128.155    26.756    19.673
 6    -0.228     0.677     0.701
 6    -0.196     0.672    -0.713
 6    -0.954    -0.298    -0.018
 7   127.963   -18.877   -12.648
 7     0.676     0.706     0.212
 7    -0.722     0.577     0.380
 7     0.146    -0.410     0.900
 8   147.821   -30.321    34.090
 8     0.602     0.645    -0.477
 8     0.121     0.512     0.848
 8     0.789    -0.567     0.231
 9   122.509   -29.800    17.047
 9    -0.278    -0.572     0.773
 9     0.158     0.765     0.623
 9    -0.947     0.294    -0.121
 2    98.721   -22.394    59.164
 2     0.570    -0.822     0.001
 2     0.821     0.568     0.052
 2    -0.043    -0.029     0.998
 3   112.254    -0.769    -1.676
 3     0.321     0.057     0.945
 3    -0.100     0.995    -0.026
 3    -0.942    -0.086     0.325
 4   127.207    18.302   -12.836
 4     0.681    -0.728     0.085
 4     0.643     0.537    -0.545
 4     0.350     0.426     0.834
 5   150.027    30.359    34.761
 5     0.561    -0.521    -0.647
 5    -0.087     0.738    -0.667
 5     0.823     0.429     0.369
 6   127.898    26.926    19.959
 6    -0.236     0.673     0.703
 6    -0.176     0.681    -0.710
 6    -0.956    -0.290    -0.040
 7   127.834   -18.591   -12.730
 7     0.692     0.684     0.230
 7    -0.708     0.582     0.400
 7     0.140    -0.439     0.887
 8   147.841   -30.415    33.980
 8     0.589     0.631    -0.512
 8     0.120     0.553     0.822
 8     0.799    -0.544     0.250
 9   122.681   -29.990    16.780
 9    -0.274    -0.589     0.761
 9     0.171     0.748     0.640
 9    -0.946     0.304    -0.103
 2    98.722   -22.344    59.165
 2     0.570    -0.822     0.000
 2     0.820     0.568     0.053
 2    -0.043    -0.031     0.998
 3   111.961    -0.694    -1.680
 3     0.319     0.055     0.946
 3    -0.094     0.995    -0.026
 3    -0.943    -0.080     0.323
 4   126.911    18.495   -12.814
 4     0.688    -0.719     0.092
 4     0.639     0.542    -0.546
 4     0.342     0.434     0.833
 5   149.838    30.457    34.868
 5     0.564    -0.526    -0.640
 5    -0.090     0.729    -0.676
 5     0.821     0.438     0.364
 6   127.823    27.049    19.975
 6    -0.234     0.672     0.704
 6    -0.172     0.682    -0.709
 6    -0.957    -0.286    -0.042
 7   127.778   -18.464   -12.790
 7     0.698     0.674     0.240
 7    -0.702     0.583     0.408
 7     0.135    -0.453     0.881
 8   147.820   -30.278    33.981
 8     0.576     0.630    -0.527
 8     0.121     0.568     0.812
 8     0.808    -0.530     0.252
 9   122.921   -29.995    16.621
 9    -0.272    -0.601     0.753
 9     0.174     0.738     0.651
 9    -0.946     0.308    -0.095
];