% Calibrated with leiden_pols
% Positions are in centimeters
Data =[
 2    98.911   -18.800    59.123
 2     0.630    -0.777     0.004
 2     0.776     0.629     0.031
 2    -0.026    -0.017     0.999
 3   108.348    -2.930     0.101
 3     0.235     0.033     0.971
 3    -0.142     0.990     0.000
 3    -0.961    -0.139     0.237
 4   121.339    16.257   -13.289
 4     0.679    -0.694     0.241
 4     0.683     0.477    -0.552
 4     0.268     0.539     0.798
 5   141.699    29.108    34.795
 5     0.383    -0.198    -0.902
 5    -0.074     0.966    -0.246
 5     0.921     0.162     0.354
 6   120.500    26.121    16.985
 6    -0.104     0.579     0.809
 6    -0.330     0.747    -0.577
 6    -0.938    -0.326     0.114
 7   122.409   -20.477   -12.095
 7     0.707     0.611     0.358
 7    -0.707     0.590     0.390
 7     0.028    -0.527     0.848
 8   139.205   -32.110    34.829
 8     0.476     0.386    -0.791
 8     0.165     0.843     0.510
 8     0.863    -0.374     0.338
 9   115.655   -32.238    17.183
 9    -0.055    -0.407     0.912
 9     0.320     0.858     0.401
 9    -0.946     0.312     0.084
 2    98.861   -18.749    59.123
 2     0.630    -0.777     0.004
 2     0.776     0.628     0.031
 2    -0.026    -0.017     0.999
 3   108.366    -2.931     0.044
 3     0.237     0.036     0.971
 3    -0.142     0.990    -0.002
 3    -0.961    -0.137     0.240
 4   121.326    16.304   -13.377
 4     0.681    -0.691     0.245
 4     0.684     0.478    -0.550
 4     0.263     0.541     0.798
 5   141.963    29.208    34.584
 5     0.388    -0.197    -0.901
 5    -0.073     0.967    -0.245
 5     0.919     0.161     0.359
 6   120.687    26.147    16.884
 6    -0.109     0.579     0.809
 6    -0.331     0.746    -0.578
 6    -0.937    -0.329     0.112
 7   122.397   -20.380   -12.179
 7     0.708     0.608     0.362
 7    -0.706     0.592     0.388
 7     0.022    -0.529     0.847
 8   139.326   -32.112    34.734
 8     0.478     0.384    -0.791
 8     0.164     0.844     0.509
 8     0.862    -0.374     0.339
 9   115.728   -32.231    17.117
 9    -0.058    -0.406     0.913
 9     0.320     0.858     0.400
 9    -0.945     0.314     0.081
 2    98.861   -18.749    59.123
 2     0.630    -0.777     0.004
 2     0.776     0.628     0.031
 2    -0.026    -0.017     0.999
 3   108.341    -2.931     0.044
 3     0.237     0.036     0.971
 3    -0.142     0.990    -0.002
 3    -0.961    -0.137     0.240
 4   121.322    16.251   -13.371
 4     0.681    -0.690     0.245
 4     0.683     0.479    -0.550
 4     0.261     0.542     0.798
 5   141.962    29.208    34.634
 5     0.387    -0.197    -0.901
 5    -0.072     0.967    -0.245
 5     0.919     0.161     0.358
 6   120.660    26.148    16.856
 6    -0.108     0.578     0.809
 6    -0.332     0.746    -0.577
 6    -0.937    -0.329     0.113
 7   122.397   -20.431   -12.229
 7     0.707     0.608     0.363
 7    -0.707     0.591     0.388
 7     0.022    -0.530     0.847
 8   139.375   -32.112    34.734
 8     0.479     0.384    -0.791
 8     0.164     0.844     0.509
 8     0.862    -0.373     0.340
 9   115.782   -32.233    17.119
 9    -0.056    -0.406     0.913
 9     0.320     0.858     0.400
 9    -0.945     0.314     0.082
 2    98.861   -18.749    59.123
 2     0.630    -0.777     0.004
 2     0.776     0.629     0.031
 2    -0.026    -0.017     0.999
 3   108.359    -2.930     0.038
 3     0.239     0.038     0.970
 3    -0.141     0.990    -0.005
 3    -0.961    -0.135     0.242
 4   121.398    16.354   -13.399
 4     0.680    -0.692     0.246
 4     0.684     0.478    -0.550
 4     0.262     0.541     0.798
 5   141.975    29.265    34.568
 5     0.384    -0.199    -0.902
 5    -0.069     0.967    -0.245
 5     0.921     0.157     0.355
 6   120.675    26.150    16.844
 6    -0.103     0.579     0.809
 6    -0.333     0.747    -0.576
 6    -0.937    -0.327     0.117
 7   122.447   -20.380   -12.229
 7     0.707     0.609     0.362
 7    -0.707     0.591     0.387
 7     0.022    -0.529     0.848
 8   139.380   -32.111    34.728
 8     0.477     0.385    -0.791
 8     0.163     0.844     0.509
 8     0.863    -0.372     0.339
 9   115.790   -32.185    17.127
 9    -0.053    -0.406     0.913
 9     0.321     0.858     0.400
 9    -0.945     0.313     0.085
 2    98.911   -18.749    59.123
 2     0.630    -0.777     0.004
 2     0.776     0.628     0.031
 2    -0.026    -0.017     0.999
 3   108.414    -2.876     0.026
 3     0.240     0.038     0.970
 3    -0.141     0.990    -0.005
 3    -0.960    -0.135     0.243
 4   121.453    16.356   -13.405
 4     0.679    -0.693     0.244
 4     0.684     0.477    -0.550
 4     0.264     0.540     0.798
 5   141.924    29.264    34.644
 5     0.382    -0.200    -0.903
 5    -0.069     0.967    -0.246
 5     0.921     0.157     0.354
 6   120.642    26.147    16.874
 6    -0.101     0.580     0.809
 6    -0.332     0.747    -0.576
 6    -0.938    -0.325     0.118
 7   122.521   -20.380   -12.230
 7     0.707     0.609     0.361
 7    -0.707     0.592     0.386
 7     0.022    -0.527     0.849
 8   139.380   -32.111    34.728
 8     0.477     0.384    -0.791
 8     0.163     0.845     0.509
 8     0.863    -0.372     0.339
 9   115.791   -32.185    17.128
 9    -0.053    -0.406     0.912
 9     0.321     0.858     0.400
 9    -0.945     0.313     0.086
 2    98.911   -18.749    59.123
 2     0.630    -0.777     0.004
 2     0.776     0.628     0.031
 2    -0.026    -0.017     0.999
 3   108.412    -2.874     0.024
 3     0.241     0.038     0.970
 3    -0.140     0.990    -0.005
 3    -0.960    -0.135     0.244
 4   121.456    16.357   -13.382
 4     0.679    -0.693     0.244
 4     0.684     0.477    -0.550
 4     0.265     0.540     0.798
 5   141.932    29.266    34.688
 5     0.381    -0.201    -0.902
 5    -0.069     0.967    -0.247
 5     0.922     0.156     0.355
 6   120.666    26.148    16.924
 6    -0.100     0.580     0.809
 6    -0.331     0.747    -0.575
 6    -0.938    -0.325     0.118
 7   122.473   -20.380   -12.182
 7     0.706     0.610     0.360
 7    -0.707     0.591     0.386
 7     0.023    -0.527     0.849
 8   139.385   -32.109    34.773
 8     0.476     0.386    -0.791
 8     0.163     0.844     0.510
 8     0.864    -0.372     0.338
 9   115.787   -32.138    17.137
 9    -0.052    -0.406     0.913
 9     0.320     0.859     0.399
 9    -0.946     0.312     0.086
 2    98.911   -18.749    59.123
 2     0.630    -0.777     0.004
 2     0.776     0.628     0.031
 2    -0.026    -0.017     0.999
 3   108.463    -2.875     0.024
 3     0.240     0.039     0.970
 3    -0.140     0.990    -0.005
 3    -0.960    -0.135     0.244
 4   121.458    16.358   -13.411
 4     0.678    -0.694     0.243
 4     0.685     0.477    -0.551
 4     0.266     0.539     0.798
 5   141.768    29.323    34.721
 5     0.376    -0.208    -0.903
 5    -0.065     0.966    -0.251
 5     0.924     0.153     0.349
 6   120.526    26.127    16.854
 6    -0.092     0.577     0.812
 6    -0.333     0.750    -0.571
 6    -0.938    -0.322     0.124
 7   122.523   -20.380   -12.232
 7     0.706     0.610     0.360
 7    -0.708     0.591     0.386
 7     0.023    -0.527     0.849
 8   139.243   -32.209    34.810
 8     0.472     0.388    -0.792
 8     0.161     0.845     0.509
 8     0.866    -0.368     0.337
 9   115.762   -32.197    16.978
 9    -0.037    -0.407     0.913
 9     0.329     0.857     0.394
 9    -0.944     0.314     0.102
 2    98.861   -18.749    59.123
 2     0.630    -0.777     0.004
 2     0.776     0.629     0.031
 2    -0.026    -0.017     0.999
 3   108.568    -2.801    -0.094
 3     0.244     0.060     0.968
 3    -0.139     0.990    -0.027
 3    -0.960    -0.128     0.250
 4   121.804    16.305   -13.625
 4     0.677    -0.697     0.236
 4     0.687     0.484    -0.541
 4     0.263     0.528     0.807
 5   140.005    30.276    35.040
 5     0.315    -0.248    -0.916
 5    -0.033     0.962    -0.273
 5     0.948     0.116     0.294
