% Calibrated with leiden_pols
% Positions are in centimeters
Data =[
 2    98.911   -18.800    59.123
 2     0.630    -0.777     0.004
 2     0.776     0.629     0.031
 2    -0.026    -0.017     0.999
 3   108.348    -2.930     0.101
 3     0.235     0.033     0.971
 3    -0.142     0.990     0.000
 3    -0.961    -0.139     0.237
 4   121.339    16.257   -13.289
 4     0.679    -0.694     0.241
 4     0.683     0.477    -0.552
 4     0.268     0.539     0.798
 5   141.699    29.108    34.795
 5     0.383    -0.198    -0.902
 5    -0.074     0.966    -0.246
 5     0.921     0.162     0.354
 6   120.500    26.121    16.985
 6    -0.104     0.579     0.809
 6    -0.330     0.747    -0.577
 6    -0.938    -0.326     0.114
 7   122.409   -20.477   -12.095
 7     0.707     0.611     0.358
 7    -0.707     0.590     0.390
 7     0.028    -0.527     0.848
 8   139.205   -32.110    34.829
 8     0.476     0.386    -0.791
 8     0.165     0.843     0.510
 8     0.863    -0.374     0.338
 9   115.655   -32.238    17.183
 9    -0.055    -0.407     0.912
 9     0.320     0.858     0.401
 9    -0.946     0.312     0.084
 2    98.861   -18.749    59.123
 2     0.630    -0.777     0.004
 2     0.776     0.628     0.031
 2    -0.026    -0.017     0.999
 3   108.366    -2.931     0.044
 3     0.237     0.036     0.971
 3    -0.142     0.990    -0.002
 3    -0.961    -0.137     0.240
 4   121.326    16.304   -13.377
 4     0.681    -0.691     0.245
 4     0.684     0.478    -0.550
 4     0.263     0.541     0.798
 5   141.963    29.208    34.584
 5     0.388    -0.197    -0.901
 5    -0.073     0.967    -0.245
 5     0.919     0.161     0.359
 6   120.687    26.147    16.884
 6    -0.109     0.579     0.809
 6    -0.331     0.746    -0.578
 6    -0.937    -0.329     0.112
 7   122.397   -20.380   -12.179
 7     0.708     0.608     0.362
 7    -0.706     0.592     0.388
 7     0.022    -0.529     0.847
 8   139.326   -32.112    34.734
 8     0.478     0.384    -0.791
 8     0.164     0.844     0.509
 8     0.862    -0.374     0.339
 9   115.728   -32.231    17.117
 9    -0.058    -0.406     0.913
 9     0.320     0.858     0.400
 9    -0.945     0.314     0.081
 2    98.861   -18.749    59.123
 2     0.630    -0.777     0.004
 2     0.776     0.628     0.031
 2    -0.026    -0.017     0.999
 3   108.341    -2.931     0.044
 3     0.237     0.036     0.971
 3    -0.142     0.990    -0.002
 3    -0.961    -0.137     0.240
 4   121.322    16.251   -13.371
 4     0.681    -0.690     0.245
 4     0.683     0.479    -0.550
 4     0.261     0.542     0.798
 5   141.962    29.208    34.634
 5     0.387    -0.197    -0.901
 5    -0.072     0.967    -0.245
 5     0.919     0.161     0.358
 6   120.660    26.148    16.856
 6    -0.108     0.578     0.809
 6    -0.332     0.746    -0.577
 6    -0.937    -0.329     0.113
 7   122.397   -20.431   -12.229
 7     0.707     0.608     0.363
 7    -0.707     0.591     0.388
 7     0.022    -0.530     0.847
 8   139.375   -32.112    34.734
 8     0.479     0.384    -0.791
 8     0.164     0.844     0.509
 8     0.862    -0.373     0.340
 9   115.782   -32.233    17.119
 9    -0.056    -0.406     0.913
 9     0.320     0.858     0.400
 9    -0.945     0.314     0.082
 2    98.861   -18.749    59.123
 2     0.630    -0.777     0.004
 2     0.776     0.629     0.031
 2    -0.026    -0.017     0.999
 3   108.359    -2.930     0.038
 3     0.239     0.038     0.970
 3    -0.141     0.990    -0.005
 3    -0.961    -0.135     0.242
 4   121.398    16.354   -13.399
 4     0.680    -0.692     0.246
 4     0.684     0.478    -0.550
 4     0.262     0.541     0.798
 5   141.975    29.265    34.568
 5     0.384    -0.199    -0.902
 5    -0.069     0.967    -0.245
 5     0.921     0.157     0.355
 6   120.675    26.150    16.844
 6    -0.103     0.579     0.809
 6    -0.333     0.747    -0.576
 6    -0.937    -0.327     0.117
 7   122.447   -20.380   -12.229
 7     0.707     0.609     0.362
 7    -0.707     0.591     0.387
 7     0.022    -0.529     0.848
 8   139.380   -32.111    34.728
 8     0.477     0.385    -0.791
 8     0.163     0.844     0.509
 8     0.863    -0.372     0.339
 9   115.790   -32.185    17.127
 9    -0.053    -0.406     0.913
 9     0.321     0.858     0.400
 9    -0.945     0.313     0.085
 2    98.911   -18.749    59.123
 2     0.630    -0.777     0.004
 2     0.776     0.628     0.031
 2    -0.026    -0.017     0.999
 3   108.414    -2.876     0.026
 3     0.240     0.038     0.970
 3    -0.141     0.990    -0.005
 3    -0.960    -0.135     0.243
 4   121.453    16.356   -13.405
 4     0.679    -0.693     0.244
 4     0.684     0.477    -0.550
 4     0.264     0.540     0.798
 5   141.924    29.264    34.644
 5     0.382    -0.200    -0.903
 5    -0.069     0.967    -0.246
 5     0.921     0.157     0.354
 6   120.642    26.147    16.874
 6    -0.101     0.580     0.809
 6    -0.332     0.747    -0.576
 6    -0.938    -0.325     0.118
 7   122.521   -20.380   -12.230
 7     0.707     0.609     0.361
 7    -0.707     0.592     0.386
 7     0.022    -0.527     0.849
 8   139.380   -32.111    34.728
 8     0.477     0.384    -0.791
 8     0.163     0.845     0.509
 8     0.863    -0.372     0.339
 9   115.791   -32.185    17.128
 9    -0.053    -0.406     0.912
 9     0.321     0.858     0.400
 9    -0.945     0.313     0.086
 2    98.911   -18.749    59.123
 2     0.630    -0.777     0.004
 2     0.776     0.628     0.031
 2    -0.026    -0.017     0.999
 3   108.412    -2.874     0.024
 3     0.241     0.038     0.970
 3    -0.140     0.990    -0.005
 3    -0.960    -0.135     0.244
 4   121.456    16.357   -13.382
 4     0.679    -0.693     0.244
 4     0.684     0.477    -0.550
 4     0.265     0.540     0.798
 5   141.932    29.266    34.688
 5     0.381    -0.201    -0.902
 5    -0.069     0.967    -0.247
 5     0.922     0.156     0.355
 6   120.666    26.148    16.924
 6    -0.100     0.580     0.809
 6    -0.331     0.747    -0.575
 6    -0.938    -0.325     0.118
 7   122.473   -20.380   -12.182
 7     0.706     0.610     0.360
 7    -0.707     0.591     0.386
 7     0.023    -0.527     0.849
 8   139.385   -32.109    34.773
 8     0.476     0.386    -0.791
 8     0.163     0.844     0.510
 8     0.864    -0.372     0.338
 9   115.787   -32.138    17.137
 9    -0.052    -0.406     0.913
 9     0.320     0.859     0.399
 9    -0.946     0.312     0.086
 2    98.911   -18.749    59.123
 2     0.630    -0.777     0.004
 2     0.776     0.628     0.031
 2    -0.026    -0.017     0.999
 3   108.463    -2.875     0.024
 3     0.240     0.039     0.970
 3    -0.140     0.990    -0.005
 3    -0.960    -0.135     0.244
 4   121.458    16.358   -13.411
 4     0.678    -0.694     0.243
 4     0.685     0.477    -0.551
 4     0.266     0.539     0.798
 5   141.768    29.323    34.721
 5     0.376    -0.208    -0.903
 5    -0.065     0.966    -0.251
 5     0.924     0.153     0.349
 6   120.526    26.127    16.854
 6    -0.092     0.577     0.812
 6    -0.333     0.750    -0.571
 6    -0.938    -0.322     0.124
 7   122.523   -20.380   -12.232
 7     0.706     0.610     0.360
 7    -0.708     0.591     0.386
 7     0.023    -0.527     0.849
 8   139.243   -32.209    34.810
 8     0.472     0.388    -0.792
 8     0.161     0.845     0.509
 8     0.866    -0.368     0.337
 9   115.762   -32.197    16.978
 9    -0.037    -0.407     0.913
 9     0.329     0.857     0.394
 9    -0.944     0.314     0.102
 2    98.861   -18.749    59.123
 2     0.630    -0.777     0.004
 2     0.776     0.629     0.031
 2    -0.026    -0.017     0.999
 3   108.568    -2.801    -0.094
 3     0.244     0.060     0.968
 3    -0.139     0.990    -0.027
 3    -0.960    -0.128     0.250
 4   121.804    16.305   -13.625
 4     0.677    -0.697     0.236
 4     0.687     0.484    -0.541
 4     0.263     0.528     0.807
 5   140.005    30.276    35.040
 5     0.315    -0.248    -0.916
 5    -0.033     0.962    -0.273
 5     0.948     0.116     0.294
 6   119.670    26.191    15.995
 6    -0.028     0.573     0.819
 6    -0.358     0.759    -0.543
 6    -0.933    -0.307     0.184
 7   122.845   -20.371   -12.215
 7     0.705     0.616     0.352
 7    -0.708     0.587     0.391
 7     0.034    -0.524     0.850
 8   137.404   -33.041    35.172
 8     0.394     0.397    -0.829
 8     0.132     0.868     0.478
 8     0.909    -0.297     0.289
 9   115.477   -32.572    16.295
 9     0.025    -0.443     0.896
 9     0.356     0.842     0.405
 9    -0.934     0.308     0.179
 2    98.861   -18.749    59.123
 2     0.630    -0.777     0.004
 2     0.776     0.628     0.031
 2    -0.026    -0.017     0.999
 3   108.989    -2.863    -0.315
 3     0.256     0.066     0.964
 3    -0.145     0.989    -0.029
 3    -0.956    -0.132     0.263
 4   122.197    16.230   -14.063
 4     0.667    -0.709     0.230
 4     0.698     0.487    -0.524
 4     0.259     0.510     0.820
 5   136.179    31.882    35.087
 5     0.207    -0.307    -0.929
 5     0.005     0.950    -0.313
 5     0.978     0.060     0.197
 6   117.897    26.366    14.327
 6     0.067     0.548     0.834
 6    -0.387     0.785    -0.484
 6    -0.920    -0.289     0.265
 7   123.275   -20.360   -12.312
 7     0.703     0.625     0.340
 7    -0.709     0.583     0.395
 7     0.049    -0.518     0.854
 8   133.361   -34.076    35.258
 8     0.222     0.326    -0.919
 8     0.096     0.930     0.353
 8     0.970    -0.167     0.175
 9   114.453   -33.377    14.602
 9     0.122    -0.505     0.855
 9     0.396     0.814     0.423
 9    -0.910     0.286     0.299
 2    98.861   -18.749    59.149
 2     0.630    -0.777     0.003
 2     0.776     0.628     0.031
 2    -0.026    -0.018     0.999
 3   109.383    -2.668    -0.539
 3     0.270     0.075     0.960
 3    -0.158     0.987    -0.032
 3    -0.950    -0.143     0.279
 4   122.786    16.062   -14.724
 4     0.654    -0.727     0.212
 4     0.709     0.491    -0.505
 4     0.263     0.481     0.836
 5   132.546    33.114    34.126
 5     0.098    -0.332    -0.938
 5     0.035     0.943    -0.330
 5     0.994    -0.001     0.103
 6   116.366    26.365    12.287
 6     0.165     0.521     0.837
 6    -0.418     0.806    -0.418
 6    -0.893    -0.281     0.351
 7   123.830   -20.278   -12.615
 7     0.689     0.649     0.324
 7    -0.722     0.573     0.387
 7     0.066    -0.500     0.863
 8   128.900   -35.326    34.188
 8     0.032     0.194    -0.980
 8     0.053     0.979     0.196
 8     0.998    -0.060     0.020
 9   113.548   -34.384    12.162
 9     0.216    -0.558     0.801
 9     0.444     0.786     0.428
 9    -0.869     0.263     0.418
 2    98.911   -18.749    59.149
 2     0.630    -0.777     0.003
 2     0.776     0.628     0.032
 2    -0.026    -0.018     0.999
 3   110.160    -2.698    -0.831
 3     0.283     0.081     0.956
 3    -0.181     0.983    -0.030
 3    -0.942    -0.165     0.292
 4   123.587    15.673   -15.455
 4     0.634    -0.749     0.193
 4     0.723     0.486    -0.491
 4     0.273     0.451     0.849
 5   128.936    34.378    33.152
 5     0.002    -0.334    -0.943
 5     0.066     0.940    -0.333
 5     0.998    -0.062     0.024
 6   115.124    26.334    10.230
 6     0.257     0.497     0.829
 6    -0.438     0.824    -0.358
 6    -0.861    -0.271     0.429
 7   124.564   -20.088   -12.829
 7     0.668     0.681     0.300
 7    -0.737     0.555     0.385
 7     0.096    -0.478     0.873
 8   125.493   -36.605    33.625
 8    -0.063     0.168    -0.984
 8     0.010     0.985     0.168
 8     0.998    -0.000    -0.064
 9   112.951   -34.514    10.511
 9     0.286    -0.555     0.781
 9     0.473     0.791     0.388
 9    -0.833     0.259     0.489
 2    98.861   -18.749    59.123
 2     0.630    -0.777     0.004
 2     0.776     0.628     0.031
 2    -0.026    -0.017     0.999
 3   110.888    -2.957    -1.131
 3     0.291     0.064     0.954
 3    -0.202     0.979    -0.005
 3    -0.935    -0.192     0.298
 4   124.055    15.364   -16.008
 4     0.600    -0.778     0.184
 4     0.748     0.465    -0.473
 4     0.282     0.422     0.861
 5   125.989    35.132    32.385
 5    -0.065    -0.311    -0.948
 5     0.098     0.943    -0.316
 5     0.993    -0.114    -0.031
 6   114.130    26.000     8.547
 6     0.322     0.472     0.821
 6    -0.451     0.838    -0.306
 6    -0.833    -0.272     0.482
 7   125.359   -19.971   -13.132
 7     0.660     0.699     0.276
 7    -0.742     0.547     0.388
 7     0.120    -0.460     0.879
 8   123.023   -39.829    31.781
 8    -0.134     0.122    -0.983
 8    -0.042     0.991     0.129
 8     0.990     0.057    -0.128
 9   112.702   -34.688     8.817
 9     0.331    -0.559     0.760
 9     0.505     0.785     0.357
 9    -0.797     0.266     0.543
 2    98.911   -18.749    59.123
 2     0.629    -0.778     0.003
 2     0.777     0.628     0.032
 2    -0.026    -0.018     0.999
 3   111.465    -3.165    -1.455
 3     0.298     0.045     0.953
 3    -0.223     0.974     0.024
 3    -0.928    -0.220     0.300
 4   124.498    14.941   -16.529
 4     0.574    -0.799     0.181
 4     0.769     0.450    -0.453
 4     0.280     0.399     0.873
 5   124.024    36.166    31.000
 5    -0.123    -0.264    -0.957
 5     0.151     0.948    -0.281
 5     0.981    -0.179    -0.076
 6   113.990    25.881     6.851
 6     0.362     0.464     0.809
 6    -0.473     0.839    -0.269
 6    -0.803    -0.285     0.523
 7   125.887   -19.888   -13.484
 7     0.633     0.729     0.259
 7    -0.760     0.522     0.386
 7     0.146    -0.441     0.885
 8   120.528   -41.352    30.413
 8    -0.198     0.115    -0.973
 8    -0.082     0.988     0.133
 8     0.976     0.105    -0.187
 9   112.221   -34.808     6.949
 9     0.387    -0.552     0.739
 9     0.532     0.787     0.309
 9    -0.753     0.274     0.598
 2    98.861   -18.749    59.123
 2     0.630    -0.777     0.003
 2     0.776     0.628     0.031
 2    -0.026    -0.018     0.999
 3   112.355    -3.165    -1.782
 3     0.311     0.037     0.949
 3    -0.242     0.969     0.042
 3    -0.919    -0.243     0.310
 4   125.505    14.441   -16.979
 4     0.561    -0.811     0.163
 4     0.778     0.450    -0.438
 4     0.281     0.373     0.884
 5   123.255    36.731    30.115
 5    -0.160    -0.257    -0.953
 5     0.176     0.942    -0.284
 5     0.971    -0.213    -0.105
 6   114.386    25.693     5.941
 6     0.394     0.467     0.792
 6    -0.483     0.837    -0.255
 6    -0.782    -0.283     0.555
 7   126.704   -19.787   -13.748
 7     0.615     0.751     0.239
 7    -0.773     0.513     0.374
 7     0.158    -0.415     0.896
 8   119.157   -42.145    29.382
 8    -0.236     0.070    -0.969
 8    -0.081     0.992     0.091
 8     0.968     0.099    -0.229
 9   112.398   -34.952     5.874
 9     0.418    -0.562     0.714
 9     0.545     0.783     0.298
 9    -0.727     0.265     0.633
 2    98.861   -18.749    59.123
 2     0.630    -0.777     0.003
 2     0.776     0.629     0.031
 2    -0.026    -0.018     0.999
 3   113.008    -3.478    -1.995
 3     0.321     0.026     0.946
 3    -0.248     0.967     0.057
 3    -0.914    -0.253     0.317
 4   126.084    14.144   -17.159
 4     0.546    -0.822     0.158
 4     0.788     0.440    -0.430
 4     0.283     0.360     0.889
 5   122.511    37.396    29.192
 5    -0.172    -0.269    -0.948
 5     0.204     0.931    -0.301
 5     0.964    -0.245    -0.105
 6   114.377    25.528     4.946
 6     0.417     0.461     0.784
 6    -0.498     0.836    -0.227
 6    -0.760    -0.296     0.577
 7   127.306   -19.609   -13.941
 7     0.610     0.759     0.226
 7    -0.776     0.514     0.366
 7     0.162    -0.398     0.903
 8   118.010   -41.942    28.555
 8    -0.292    -0.048    -0.955
 8    -0.074     0.997    -0.027
 8     0.953     0.062    -0.295
 9   112.906   -35.094     4.560
 9     0.446    -0.594     0.671
 9     0.556     0.770     0.312
 9    -0.701     0.234     0.672
 2    98.861   -18.749    59.123
 2     0.630    -0.777     0.004
 2     0.776     0.628     0.031
 2    -0.026    -0.017     0.999
 3   113.395    -3.713    -2.231
 3     0.327    -0.014     0.945
 3    -0.252     0.962     0.101
 3    -0.911    -0.272     0.311
 4   126.113    13.845   -17.596
 4     0.516    -0.841     0.163
 4     0.810     0.417    -0.411
 4     0.277     0.344     0.897
 5   120.742    38.253    27.692
 5    -0.207    -0.204    -0.957
 5     0.245     0.936    -0.253
 5     0.947    -0.287    -0.144
 6   113.880    25.219     3.602
 6     0.448     0.446     0.776
 6    -0.512     0.838    -0.186
 6    -0.733    -0.314     0.603
 7   127.753   -19.364   -14.432
 7     0.592     0.778     0.211
 7    -0.789     0.506     0.349
 7     0.165    -0.373     0.913
 8   114.620   -41.269    27.651
 8    -0.403    -0.130    -0.906
 8    -0.072     0.991    -0.109
 8     0.912     0.021    -0.409
 9   112.480   -34.715     3.024
 9     0.506    -0.598     0.623
 9     0.544     0.780     0.308
 9    -0.670     0.183     0.719
 2    98.861   -18.749    59.123
 2     0.630    -0.777     0.004
 2     0.776     0.628     0.031
 2    -0.026    -0.017     0.999
 3   113.618    -3.887    -2.394
 3     0.325    -0.043     0.944
 3    -0.246     0.961     0.128
 3    -0.913    -0.274     0.302
 4   126.277    13.443   -17.891
 4     0.500    -0.850     0.164
 4     0.822     0.405    -0.401
 4     0.274     0.335     0.901
 5   119.692    39.181    26.752
 5    -0.258    -0.168    -0.951
 5     0.290     0.925    -0.243
 5     0.921    -0.339    -0.190
 6   113.923    25.139     2.821
 6     0.460     0.450     0.766
 6    -0.523     0.833    -0.176
 6    -0.717    -0.320     0.618
 7   127.828   -19.148   -14.894
 7     0.565     0.800     0.200
 7    -0.807     0.488     0.331
 7     0.168    -0.349     0.922
 8   111.980   -41.927    26.199
 8    -0.471    -0.117    -0.874
 8    -0.091     0.992    -0.083
 8     0.877     0.041    -0.478
 9   112.034   -34.447     1.714
 9     0.548    -0.595     0.589
 9     0.548     0.786     0.284
 9    -0.632     0.167     0.756
 2    98.861   -18.749    59.123
 2     0.630    -0.777     0.004
 2     0.776     0.628     0.031
 2    -0.026    -0.017     0.999
 3   113.682    -3.816    -2.499
 3     0.320    -0.051     0.946
 3    -0.242     0.961     0.133
 3    -0.916    -0.271     0.295
 4   126.386    13.261   -18.123
 4     0.497    -0.852     0.164
 4     0.825     0.406    -0.392
 4     0.267     0.330     0.905
 5   118.978    39.620    25.990
 5    -0.290    -0.139    -0.947
 5     0.311     0.922    -0.230
 5     0.905    -0.361    -0.224
 6   113.964    24.932     2.045
 6     0.472     0.453     0.757
 6    -0.533     0.829    -0.163
 6    -0.702    -0.327     0.632
 7   127.813   -19.229   -14.909
 7     0.548     0.814     0.190
 7    -0.818     0.474     0.325
 7     0.174    -0.334     0.926
 8   110.036   -42.840    25.355
 8    -0.519    -0.123    -0.846
 8    -0.107     0.991    -0.077
 8     0.848     0.051    -0.527
 9   111.815   -34.674     1.133
 9     0.572    -0.599     0.561
 9     0.551     0.786     0.277
 9    -0.607     0.151     0.779
 2    98.861   -18.749    59.123
 2     0.630    -0.777     0.004
 2     0.776     0.629     0.031
 2    -0.026    -0.017     0.999
 3   113.672    -4.200    -2.514
 3     0.310    -0.060     0.949
 3    -0.256     0.956     0.144
 3    -0.916    -0.287     0.281
 4   126.289    12.435   -18.571
 4     0.491    -0.854     0.170
 4     0.835     0.406    -0.370
 4     0.247     0.324     0.913
 5   118.051    40.128    24.776
 5    -0.316    -0.115    -0.941
 5     0.341     0.912    -0.227
 5     0.885    -0.393    -0.249
 6   113.749    24.575     1.040
 6     0.480     0.449     0.754
 6    -0.548     0.823    -0.141
 6    -0.684    -0.346     0.641
 7   127.617   -19.631   -14.840
 7     0.536     0.823     0.188
 7    -0.823     0.460     0.331
 7     0.186    -0.332     0.924
 8   108.976   -43.528    24.993
 8    -0.545    -0.128    -0.828
 8    -0.117     0.990    -0.076
 8     0.830     0.055    -0.555
 9   111.458   -35.065     0.890
 9     0.583    -0.604     0.544
 9     0.555     0.784     0.276
 9    -0.593     0.141     0.792
 2    98.861   -18.749    59.123
 2     0.630    -0.777     0.004
 2     0.776     0.628     0.031
 2    -0.026    -0.017     0.999
 3   113.514    -4.432    -2.523
 3     0.304    -0.059     0.951
 3    -0.263     0.954     0.142
 3    -0.916    -0.293     0.275
 4   126.039    12.073   -18.722
 4     0.489    -0.854     0.177
 4     0.839     0.405    -0.362
 4     0.237     0.326     0.915
 5   117.675    40.570    24.205
 5    -0.325    -0.101    -0.940
 5     0.360     0.906    -0.222
 5     0.874    -0.411    -0.258
 6   113.601    24.432     0.734
 6     0.482     0.452     0.751
 6    -0.558     0.818    -0.135
 6    -0.676    -0.355     0.646
 7   127.391   -19.761   -14.839
 7     0.531     0.826     0.187
 7    -0.826     0.457     0.329
 7     0.186    -0.329     0.926
 8   108.718   -44.536    24.329
 8    -0.554    -0.139    -0.821
 8    -0.143     0.987    -0.071
 8     0.820     0.078    -0.566
 9   111.487   -35.397     0.375
 9     0.580    -0.618     0.531
 9     0.573     0.772     0.273
 9    -0.578     0.146     0.802
 2    98.861   -18.749    59.123
 2     0.630    -0.777     0.004
 2     0.776     0.629     0.032
 2    -0.026    -0.017     0.999
 3   113.496    -4.484    -2.516
 3     0.301    -0.059     0.952
 3    -0.265     0.953     0.143
 3    -0.916    -0.295     0.272
 4   126.077    11.994   -18.783
 4     0.485    -0.856     0.179
 4     0.843     0.403    -0.356
 4     0.232     0.323     0.917
 5   117.447    41.089    23.717
 5    -0.335    -0.081    -0.938
 5     0.379     0.900    -0.214
 5     0.862    -0.427    -0.271
 6   113.735    24.496     0.335
 6     0.486     0.456     0.747
 6    -0.568     0.813    -0.126
 6    -0.664    -0.363     0.653
 7   127.514   -19.738   -14.792
 7     0.526     0.832     0.176
 7    -0.829     0.457     0.322
 7     0.187    -0.316     0.930
 8   108.294   -45.132    23.635
 8    -0.569    -0.141    -0.810
 8    -0.158     0.985    -0.059
 8     0.807     0.094    -0.583
 9   111.582   -35.476    -0.117
 9     0.589    -0.623     0.517
 9     0.583     0.768     0.262
 9    -0.560     0.146     0.815
 2    98.861   -18.749    59.123
 2     0.630    -0.777     0.004
 2     0.776     0.628     0.031
 2    -0.026    -0.017     0.999
 3   113.676    -4.527    -2.587
 3     0.307    -0.063     0.949
 3    -0.265     0.953     0.149
 3    -0.914    -0.297     0.276
 4   126.250    11.893   -18.778
 4     0.481    -0.859     0.176
 4     0.845     0.402    -0.351
 4     0.231     0.318     0.919
 5   117.379    41.262    23.563
 5    -0.340    -0.077    -0.937
 5     0.384     0.898    -0.213
 5     0.858    -0.432    -0.276
 6   113.824    24.502     0.241
 6     0.488     0.457     0.744
 6    -0.572     0.810    -0.122
 6    -0.659    -0.366     0.656
 7   127.608   -19.692   -14.840
 7     0.521     0.836     0.170
 7    -0.833     0.455     0.315
 7     0.186    -0.306     0.933
 8   107.906   -45.676    23.086
 8    -0.580    -0.136    -0.803
 8    -0.171     0.984    -0.043
 8     0.796     0.113    -0.594
 9   111.618   -35.459    -0.549
 9     0.596    -0.623     0.509
 9     0.590     0.767     0.249
 9    -0.545     0.151     0.824
 2    98.861   -18.749    59.123
 2     0.630    -0.777     0.004
 2     0.776     0.628     0.031
 2    -0.026    -0.017     0.999
 3   113.674    -4.525    -2.640
 3     0.309    -0.065     0.949
 3    -0.264     0.953     0.151
 3    -0.914    -0.297     0.277
 4   126.293    11.866   -18.869
 4     0.478    -0.861     0.174
 4     0.848     0.401    -0.347
 4     0.228     0.313     0.922
 5   117.128    41.834    22.990
 5    -0.352    -0.067    -0.934
 5     0.397     0.892    -0.214
 5     0.847    -0.446    -0.288
 6   113.801    24.564    -0.147
 6     0.492     0.457     0.742
 6    -0.579     0.807    -0.112
 6    -0.650    -0.375     0.661
 7   127.601   -19.594   -14.885
 7     0.518     0.839     0.167
 7    -0.836     0.454     0.309
 7     0.184    -0.300     0.936
 8   107.606   -46.013    22.716
 8    -0.587    -0.134    -0.799
 8    -0.179     0.983    -0.032
 8     0.789     0.124    -0.601
 9   111.561   -35.501    -0.831
 9     0.599    -0.624     0.503
 9     0.595     0.766     0.243
 9    -0.537     0.153     0.829
 2    98.861   -18.749    59.123
 2     0.630    -0.777     0.004
 2     0.776     0.628     0.031
 2    -0.026    -0.017     0.999
 3   113.677    -4.523    -2.649
 3     0.310    -0.065     0.948
 3    -0.264     0.953     0.151
 3    -0.913    -0.297     0.278
 4   126.332    11.761   -18.930
 4     0.476    -0.862     0.174
 4     0.850     0.401    -0.340
 4     0.223     0.310     0.924
 5   116.930    41.956    22.798
 5    -0.361    -0.052    -0.931
 5     0.402     0.892    -0.206
 5     0.841    -0.449    -0.301
 6   113.814    24.570    -0.292
 6     0.494     0.459     0.739
 6    -0.583     0.804    -0.110
 6    -0.645    -0.376     0.664
 7   127.627   -19.696   -14.889
 7     0.516     0.840     0.163
 7    -0.836     0.454     0.308
 7     0.185    -0.296     0.937
 8   107.369   -46.047    22.685
 8    -0.592    -0.128    -0.796
 8    -0.177     0.984    -0.025
 8     0.786     0.126    -0.605
 9   111.518   -35.499    -0.887
 9     0.601    -0.623     0.501
 9     0.594     0.767     0.242
 9    -0.535     0.151     0.831
 2    98.861   -18.749    59.123
 2     0.630    -0.777     0.003
 2     0.776     0.629     0.031
 2    -0.026    -0.018     0.999
 3   113.676    -4.575    -2.699
 3     0.311    -0.060     0.948
 3    -0.266     0.953     0.147
 3    -0.913    -0.298     0.280
 4   126.328    11.709   -18.923
 4     0.476    -0.862     0.173
 4     0.851     0.401    -0.338
 4     0.221     0.308     0.925
 5   117.330    41.858    23.003
 5    -0.352    -0.042    -0.935
 5     0.402     0.895    -0.192
 5     0.845    -0.444    -0.299
 6   113.979    24.690    -0.097
 6     0.488     0.464     0.740
 6    -0.583     0.803    -0.120
 6    -0.649    -0.374     0.661
 7   127.559   -19.769   -14.797
 7     0.517     0.840     0.162
 7    -0.835     0.454     0.311
 7     0.188    -0.297     0.936
 8   108.397   -46.161    23.534
 8    -0.562    -0.095    -0.822
 8    -0.174     0.984     0.005
 8     0.808     0.146    -0.570
 9   111.495   -35.600     0.172
 9     0.582    -0.620     0.527
 9     0.591     0.766     0.250
 9    -0.559     0.166     0.812
 2    98.863   -18.799    59.120
 2     0.630    -0.777     0.004
 2     0.776     0.629     0.031
 2    -0.025    -0.017     0.999
 3   113.493    -4.350    -2.570
 3     0.312    -0.028     0.949
 3    -0.267     0.957     0.115
 3    -0.911    -0.290     0.291
 4   126.177    12.167   -18.519
 4     0.493    -0.853     0.172
 4     0.839     0.413    -0.354
 4     0.230     0.318     0.919
 5   120.710    41.357    25.140
 5    -0.260    -0.073    -0.963
 5     0.383     0.907    -0.173
 5     0.886    -0.414    -0.208
 6   114.653    25.258     2.474
 6     0.417     0.486     0.769
 6    -0.573     0.796    -0.193
 6    -0.705    -0.360     0.610
 7   126.956   -20.243   -13.894
 7     0.554     0.810     0.190
 7    -0.808     0.469     0.357
 7     0.200    -0.351     0.914
 8   115.055   -43.897    28.666
 8    -0.389    -0.065    -0.919
 8    -0.122     0.992    -0.019
 8     0.913     0.104    -0.394
 9   111.999   -35.699     5.733
 9     0.446    -0.616     0.650
 9     0.560     0.758     0.333
 9    -0.698     0.215     0.683
 2    98.861   -18.749    59.123
 2     0.630    -0.777     0.004
 2     0.776     0.629     0.032
 2    -0.026    -0.017     0.999
 3   112.462    -4.028    -1.997
 3     0.299     0.021     0.954
 3    -0.260     0.964     0.060
 3    -0.918    -0.266     0.294
 4   125.272    13.132   -17.361
 4     0.548    -0.818     0.173
 4     0.796     0.447    -0.408
 4     0.256     0.361     0.896
 5   128.619    39.665    28.789
 5    -0.049    -0.114    -0.992
 5     0.312     0.942    -0.124
 5     0.949    -0.315    -0.011
 6   116.553    26.114     7.173
 6     0.246     0.522     0.816
 6    -0.547     0.770    -0.328
 6    -0.800    -0.366     0.475
 7   125.290   -20.786   -13.242
 7     0.595     0.766     0.243
 7    -0.787     0.495     0.367
 7     0.161    -0.410     0.897
 8   126.591   -39.660    32.946
 8    -0.056     0.025    -0.998
 8    -0.021     0.999     0.026
 8     0.998     0.021    -0.056
 9   113.432   -35.168    12.342
 9     0.209    -0.547     0.811
 9     0.487     0.777     0.398
 9    -0.848     0.312     0.428
 2    98.861   -18.749    59.123
 2     0.630    -0.777     0.003
 2     0.776     0.629     0.032
 2    -0.026    -0.018     0.999
 3   110.672    -3.808    -1.000
 3     0.273     0.040     0.961
 3    -0.211     0.977     0.019
 3    -0.939    -0.208     0.275
 4   123.584    14.124   -15.659
 4     0.593    -0.782     0.191
 4     0.753     0.455    -0.474
 4     0.283     0.426     0.859
 5   138.576    36.546    31.066
 5     0.260    -0.245    -0.934
 5     0.193     0.961    -0.198
 5     0.946    -0.129     0.296
 6   119.452    25.970    12.713
 6    -0.009     0.528     0.850
 6    -0.469     0.748    -0.468
 6    -0.883    -0.401     0.242
 7   123.279   -21.092   -12.214
 7     0.629     0.730     0.270
 7    -0.765     0.518     0.382
 7     0.139    -0.446     0.884
 8   139.182   -35.196    34.360
 8     0.404     0.241    -0.883
 8     0.097     0.947     0.305
 8     0.909    -0.210     0.358
 9   116.257   -33.655    17.249
 9    -0.088    -0.400     0.913
 9     0.412     0.820     0.397
 9    -0.907     0.410     0.093
 2    98.864   -18.749    59.121
 2     0.630    -0.777     0.003
 2     0.776     0.629     0.031
 2    -0.025    -0.018     0.999
 3   109.113    -3.694    -0.210
 3     0.227     0.029     0.973
 3    -0.160     0.987     0.007
 3    -0.960    -0.158     0.229
 4   121.439    14.669   -14.068
 4     0.627    -0.745     0.230
 4     0.736     0.469    -0.488
 4     0.255     0.475     0.842
 5   146.335    31.791    30.287
 5     0.517    -0.223    -0.826
 5     0.062     0.972    -0.225
 5     0.853     0.065     0.517
 6   122.772    25.549    15.666
 6    -0.244     0.576     0.781
 6    -0.373     0.687    -0.623
 6    -0.895    -0.442     0.048
 7   122.250   -20.972   -11.934
 7     0.676     0.677     0.292
 7    -0.730     0.560     0.391
 7     0.101    -0.477     0.873
 8   146.762   -30.860    31.325
 8     0.619     0.108    -0.778
 8     0.213     0.929     0.302
 8     0.756    -0.353     0.550
 9   119.618   -32.699    17.874
 9    -0.283    -0.404     0.871
 9     0.354     0.799     0.484
 9    -0.891     0.444    -0.083
 2    98.861   -18.749    59.123
 2     0.630    -0.777     0.003
 2     0.776     0.628     0.031
 2    -0.026    -0.018     0.999
 3   108.739    -3.531     0.011
 3     0.217     0.024     0.976
 3    -0.153     0.988     0.010
 3    -0.964    -0.152     0.218
 4   121.082    15.114   -13.703
 4     0.646    -0.728     0.232
 4     0.720     0.481    -0.499
 4     0.251     0.489     0.835
 5   147.271    30.076    30.320
 5     0.562    -0.189    -0.805
 5    -0.000     0.973    -0.230
 5     0.827     0.129     0.547
 6   122.675    25.543    16.713
 6    -0.276     0.596     0.755
 6    -0.307     0.689    -0.655
 6    -0.911    -0.411    -0.006
 7   122.342   -20.926   -11.897
 7     0.689     0.663     0.295
 7    -0.720     0.575     0.387
 7     0.087    -0.479     0.873
 8   145.667   -30.884    32.956
 8     0.590     0.212    -0.779
 8     0.198     0.897     0.396
 8     0.782    -0.388     0.486
 9   118.628   -32.179    18.283
 9    -0.229    -0.408     0.885
 9     0.333     0.821     0.464
 9    -0.915     0.400    -0.051
 2    98.914   -18.748    59.146
 2     0.630    -0.777     0.003
 2     0.776     0.628     0.031
 2    -0.025    -0.018     0.999
 3   108.634    -3.477     0.030
 3     0.217     0.012     0.976
 3    -0.149     0.988     0.020
 3    -0.964    -0.150     0.217
 4   121.049    15.298   -13.550
 4     0.645    -0.729     0.230
 4     0.719     0.476    -0.506
 4     0.259     0.491     0.831
 5   145.061    29.829    31.756
 5     0.503    -0.183    -0.845
 5    -0.021     0.974    -0.226
 5     0.864     0.131     0.485
 6   121.541    25.775    16.936
 6    -0.231     0.595     0.770
 6    -0.300     0.709    -0.637
 6    -0.925    -0.377     0.016
 7   122.226   -20.937   -11.819
 7     0.681     0.667     0.303
 7    -0.727     0.572     0.377
 7     0.079    -0.477     0.875
 8   142.865   -30.284    34.773
 8     0.547     0.312    -0.777
 8     0.208     0.847     0.488
 8     0.810    -0.429     0.398
 9   117.404   -31.685    18.571
 9    -0.179    -0.422     0.889
 9     0.298     0.838     0.456
 9    -0.937     0.346    -0.024
];