2 	  33.54	  -8.09	  22.75
	  0.548	  0.835	 -0.047
	 -0.837	  0.547	 -0.032
	 -0.000	  0.057	  0.998

3 	  35.17	  -0.26	   2.21
	  0.105	 -0.028	 -0.994
	 -0.046	  0.998	 -0.033
	  0.993	  0.049	  0.104

4 	  39.06	   6.03	  -0.28
	  0.655	  0.755	 -0.026
	 -0.656	  0.585	  0.477
	  0.377	 -0.296	  0.878

5 	  45.02	  10.74	  17.84
	  0.403	 -0.008	  0.915
	 -0.421	  0.886	  0.192
	 -0.813	 -0.462	  0.354

6 	  38.41	   9.23	  10.62
	 -0.359	 -0.342	 -0.869
	  0.120	  0.906	 -0.405
	  0.926	 -0.249	 -0.284

7 	  39.20	  -6.49	  -1.27
	  0.765	 -0.610	 -0.206
	  0.591	  0.792	 -0.152
	  0.256	 -0.005	  0.966

8 	  45.49	 -11.39	  16.28
	  0.582	  0.083	  0.809
	  0.352	  0.871	 -0.343
	 -0.733	  0.484	  0.477

9 	  39.18	 -11.76	   9.65
	 -0.271	  0.112	 -0.956
	 -0.750	  0.599	  0.282
	  0.605	  0.792	 -0.078

2 	  33.54	  -8.09	  22.75
	  0.548	  0.835	 -0.047
	 -0.837	  0.547	 -0.031
	  0.000	  0.056	  0.998

3 	  35.17	  -0.26	   2.21
	  0.102	 -0.028	 -0.994
	 -0.048	  0.998	 -0.033
	  0.993	  0.051	  0.101

4 	  39.08	   6.03	  -0.28
	  0.656	  0.755	 -0.026
	 -0.656	  0.585	  0.477
	  0.376	 -0.296	  0.878

5 	  44.98	  10.74	  17.82
	  0.403	 -0.007	  0.915
	 -0.424	  0.885	  0.192
	 -0.812	 -0.464	  0.353

6 	  38.39	   9.23	  10.60
	 -0.359	 -0.342	 -0.868
	  0.118	  0.907	 -0.405
	  0.926	 -0.247	 -0.285

7 	  39.20	  -6.49	  -1.27
	  0.765	 -0.611	 -0.205
	  0.591	  0.792	 -0.154
	  0.257	 -0.003	  0.966

8 	  45.53	 -11.34	  16.26
	  0.574	  0.083	  0.814
	  0.341	  0.880	 -0.330
	 -0.744	  0.467	  0.477

9 	  39.16	 -11.74	   9.65
	 -0.256	  0.121	 -0.959
	 -0.749	  0.603	  0.275
	  0.613	  0.788	 -0.062

2 	  33.54	  -8.09	  22.75
	  0.548	  0.835	 -0.047
	 -0.837	  0.547	 -0.032
	 -0.000	  0.057	  0.998

3 	  35.17	  -0.26	   2.21
	  0.102	 -0.028	 -0.994
	 -0.048	  0.998	 -0.033
	  0.993	  0.051	  0.101

4 	  39.08	   6.03	  -0.28
	  0.656	  0.754	 -0.025
	 -0.655	  0.585	  0.478
	  0.376	 -0.297	  0.877

5 	  44.96	  10.74	  17.84
	  0.401	 -0.006	  0.916
	 -0.430	  0.882	  0.193
	 -0.810	 -0.470	  0.351

6 	  38.37	   9.21	  10.60
	 -0.359	 -0.342	 -0.869
	  0.115	  0.907	 -0.404
	  0.927	 -0.244	 -0.286

7 	  39.20	  -6.49	  -1.27
	  0.766	 -0.610	 -0.204
	  0.590	  0.792	 -0.155
	  0.256	 -0.002	  0.966

8 	  45.53	 -11.34	  16.28
	  0.568	  0.080	  0.819
	  0.341	  0.883	 -0.323
	 -0.749	  0.463	  0.474

9 	  39.16	 -11.74	   9.67
	 -0.255	  0.122	 -0.959
	 -0.749	  0.602	  0.275
	  0.612	  0.788	 -0.062

2 	  33.54	  -8.09	  22.73
	  0.548	  0.835	 -0.047
	 -0.837	  0.547	 -0.031
	  0.000	  0.056	  0.998

3 	  35.17	  -0.26	   2.21
	  0.102	 -0.028	 -0.994
	 -0.048	  0.998	 -0.033
	  0.993	  0.051	  0.101

4 	  39.08	   6.03	  -0.28
	  0.656	  0.754	 -0.025
	 -0.655	  0.585	  0.478
	  0.376	 -0.298	  0.877

5 	  44.96	  10.76	  17.84
	  0.401	 -0.005	  0.916
	 -0.430	  0.882	  0.192
	 -0.810	 -0.470	  0.351

6 	  38.39	   9.21	  10.60
	 -0.358	 -0.343	 -0.868
	  0.114	  0.907	 -0.405
	  0.927	 -0.244	 -0.286

7 	  39.18	  -6.50	  -1.27
	  0.766	 -0.610	 -0.203
	  0.590	  0.792	 -0.155
	  0.256	 -0.000	  0.967

8 	  45.51	 -11.34	  16.31
	  0.570	  0.079	  0.817
	  0.345	  0.880	 -0.326
	 -0.745	  0.468	  0.474

9 	  39.16	 -11.72	   9.67
	 -0.250	  0.128	 -0.960
	 -0.748	  0.604	  0.275
	  0.616	  0.786	 -0.054

2 	  33.54	  -8.09	  22.75
	  0.548	  0.835	 -0.047
	 -0.837	  0.547	 -0.031
	  0.000	  0.056	  0.998

3 	  35.17	  -0.26	   2.23
	  0.101	 -0.029	 -0.995
	 -0.048	  0.998	 -0.034
	  0.994	  0.051	  0.099

4 	  39.08	   6.01	  -0.28
	  0.657	  0.754	 -0.025
	 -0.655	  0.585	  0.478
	  0.376	 -0.298	  0.877

5 	  44.96	  10.76	  17.84
	  0.401	 -0.004	  0.916
	 -0.431	  0.881	  0.191
	 -0.809	 -0.471	  0.352

6 	  38.37	   9.21	  10.58
	 -0.359	 -0.344	 -0.868
	  0.114	  0.907	 -0.405
	  0.927	 -0.244	 -0.286

7 	  39.18	  -6.50	  -1.27
	  0.766	 -0.610	 -0.201
	  0.590	  0.792	 -0.156
	  0.255	  0.001	  0.967

8 	  45.49	 -11.37	  16.31
	  0.572	  0.075	  0.817
	  0.353	  0.876	 -0.328
	 -0.741	  0.475	  0.474

9 	  39.15	 -11.72	   9.69
	 -0.250	  0.128	 -0.960
	 -0.747	  0.605	  0.275
	  0.617	  0.785	 -0.054

2 	  33.54	  -8.09	  22.75
	  0.548	  0.835	 -0.047
	 -0.837	  0.547	 -0.031
	  0.000	  0.056	  0.998

3 	  35.14	  -0.28	   2.23
	  0.100	 -0.029	 -0.995
	 -0.050	  0.998	 -0.034
	  0.994	  0.052	  0.098

4 	  39.08	   6.01	  -0.28
	  0.657	  0.753	 -0.026
	 -0.654	  0.585	  0.479
	  0.377	 -0.298	  0.877

5 	  44.95	  10.76	  17.84
	  0.401	 -0.004	  0.916
	 -0.432	  0.881	  0.191
	 -0.809	 -0.471	  0.351

6 	  38.36	   9.21	  10.58
	 -0.359	 -0.343	 -0.868
	  0.115	  0.907	 -0.405
	  0.926	 -0.245	 -0.286

7 	  39.18	  -6.50	  -1.27
	  0.766	 -0.611	 -0.202
	  0.590	  0.792	 -0.157
	  0.256	  0.001	  0.966

8 	  45.49	 -11.36	  16.31
	  0.571	  0.075	  0.817
	  0.352	  0.877	 -0.327
	 -0.741	  0.475	  0.474

9 	  39.16	 -11.74	   9.76
	 -0.292	  0.069	 -0.954
	 -0.744	  0.610	  0.271
	  0.602	  0.788	 -0.126

2 	  33.54	  -8.07	  22.75
	  0.548	  0.835	 -0.047
	 -0.837	  0.547	 -0.031
	  0.000	  0.056	  0.998

3 	  35.14	  -0.26	   2.23
	  0.100	 -0.029	 -0.995
	 -0.050	  0.998	 -0.035
	  0.994	  0.053	  0.098

4 	  39.08	   6.03	  -0.28
	  0.657	  0.753	 -0.025
	 -0.654	  0.585	  0.480
	  0.377	 -0.300	  0.876

5 	  44.96	  10.76	  17.82
	  0.401	 -0.004	  0.916
	 -0.431	  0.882	  0.190
	 -0.810	 -0.470	  0.351

6 	  38.37	   9.21	  10.56
	 -0.359	 -0.346	 -0.867
	  0.114	  0.906	 -0.408
	  0.927	 -0.245	 -0.285

7 	  39.18	  -6.50	  -1.25
	  0.766	 -0.611	 -0.201
	  0.590	  0.791	 -0.158
	  0.256	  0.003	  0.966

8 	  45.51	 -11.36	  16.29
	  0.568	  0.073	  0.819
	  0.356	  0.876	 -0.325
	 -0.742	  0.476	  0.472

9 	  39.13	 -11.71	   9.77
	 -0.297	  0.057	 -0.953
	 -0.742	  0.615	  0.267
	  0.602	  0.786	 -0.140

2 	  33.54	  -8.09	  22.75
	  0.548	  0.835	 -0.047
	 -0.837	  0.547	 -0.031
	  0.000	  0.056	  0.998

3 	  35.14	  -0.28	   2.23
	  0.099	 -0.031	 -0.995
	 -0.051	  0.998	 -0.036
	  0.994	  0.054	  0.098

4 	  39.08	   6.01	  -0.28
	  0.659	  0.752	 -0.023
	 -0.652	  0.584	  0.482
	  0.377	 -0.303	  0.875

5 	  44.96	  10.78	  17.77
	  0.401	 -0.001	  0.916
	 -0.426	  0.885	  0.186
	 -0.812	 -0.464	  0.355

6 	  38.37	   9.21	  10.53
	 -0.363	 -0.355	 -0.862
	  0.113	  0.901	 -0.418
	  0.925	 -0.248	 -0.287

7 	  39.18	  -6.52	  -1.23
	  0.766	 -0.611	 -0.200
	  0.590	  0.791	 -0.159
	  0.256	  0.003	  0.966

8 	  45.51	 -11.37	  16.31
	  0.569	  0.070	  0.819
	  0.357	  0.876	 -0.323
	 -0.741	  0.476	  0.473

9 	  39.11	 -11.69	   9.81
	 -0.300	  0.050	 -0.953
	 -0.739	  0.619	  0.264
	  0.604	  0.783	 -0.148

2 	  33.54	  -8.09	  22.75
	  0.548	  0.835	 -0.047
	 -0.837	  0.547	 -0.031
	  0.000	  0.056	  0.998

3 	  35.14	  -0.28	   2.23
	  0.099	 -0.032	 -0.995
	 -0.053	  0.998	 -0.038
	  0.994	  0.056	  0.097

4 	  39.08	   5.99	  -0.28
	  0.660	  0.751	 -0.022
	 -0.651	  0.585	  0.483
	  0.377	 -0.305	  0.874

5 	  44.98	  10.79	  17.77
	  0.403	  0.000	  0.915
	 -0.425	  0.886	  0.185
	 -0.812	 -0.463	  0.356

6 	  38.36	   9.21	  10.55
	 -0.367	 -0.355	 -0.860
	  0.113	  0.901	 -0.419
	  0.923	 -0.250	 -0.290

7 	  39.18	  -6.52	  -1.23
	  0.766	 -0.611	 -0.201
	  0.589	  0.791	 -0.161
	  0.257	  0.005	  0.966

8 	  45.53	 -11.34	  16.31
	  0.566	  0.069	  0.821
	  0.353	  0.880	 -0.317
	 -0.745	  0.469	  0.474

9 	  39.11	 -11.69	   9.83
	 -0.302	  0.048	 -0.952
	 -0.740	  0.618	  0.265
	  0.602	  0.784	 -0.151

2 	  33.54	  -8.09	  22.75
	  0.548	  0.835	 -0.047
	 -0.837	  0.547	 -0.031
	  0.000	  0.056	  0.998

3 	  35.14	  -0.28	   2.23
	  0.099	 -0.032	 -0.995
	 -0.053	  0.998	 -0.038
	  0.994	  0.056	  0.097

4 	  39.08	   6.01	  -0.26
	  0.660	  0.751	 -0.022
	 -0.651	  0.584	  0.484
	  0.378	 -0.306	  0.874

5 	  44.96	  10.79	  17.77
	  0.403	 -0.000	  0.915
	 -0.425	  0.886	  0.185
	 -0.812	 -0.463	  0.356

6 	  38.37	   9.21	  10.53
	 -0.370	 -0.354	 -0.859
	  0.114	  0.900	 -0.420
	  0.922	 -0.252	 -0.292

7 	  39.18	  -6.54	  -1.23
	  0.766	 -0.611	 -0.199
	  0.589	  0.792	 -0.161
	  0.257	  0.006	  0.966

8 	  45.54	 -11.34	  16.29
	  0.564	  0.068	  0.822
	  0.351	  0.882	 -0.315
	 -0.748	  0.466	  0.473

9 	  39.16	 -11.67	   9.84
	 -0.305	  0.041	 -0.952
	 -0.742	  0.617	  0.263
	  0.598	  0.785	 -0.157

2 	  33.54	  -8.09	  22.75
	  0.548	  0.835	 -0.047
	 -0.837	  0.547	 -0.031
	  0.000	  0.056	  0.998

3 	  35.14	  -0.28	   2.23
	  0.099	 -0.032	 -0.995
	 -0.053	  0.998	 -0.038
	  0.993	  0.056	  0.098

4 	  39.06	   5.99	  -0.25
	  0.662	  0.749	 -0.013
	 -0.653	  0.583	  0.483
	  0.371	 -0.312	  0.875

5 	  45.12	  10.93	  17.58
	  0.414	  0.014	  0.910
	 -0.439	  0.879	  0.184
	 -0.799	 -0.475	  0.369

6 	  38.44	   9.25	  10.55
	 -0.392	 -0.369	 -0.843
	  0.105	  0.893	 -0.438
	  0.914	 -0.259	 -0.311

7 	  39.16	  -6.54	  -1.21
	  0.766	 -0.611	 -0.201
	  0.589	  0.791	 -0.165
	  0.260	  0.008	  0.965

8 	  45.76	 -11.51	  16.07
	  0.586	  0.046	  0.809
	  0.350	  0.886	 -0.304
	 -0.732	  0.461	  0.502

9 	  39.32	 -11.69	   9.83
	 -0.336	  0.055	 -0.940
	 -0.732	  0.613	  0.296
	  0.594	  0.787	 -0.165

2 	  33.52	  -8.09	  22.75
	  0.548	  0.835	 -0.046
	 -0.837	  0.546	 -0.032
	 -0.001	  0.057	  0.998

3 	  35.12	  -0.32	   2.25
	  0.101	 -0.037	 -0.994
	 -0.061	  0.997	 -0.043
	  0.993	  0.065	  0.099

4 	  39.01	   5.96	  -0.19
	  0.659	  0.752	 -0.003
	 -0.657	  0.577	  0.484
	  0.367	 -0.317	  0.874

5 	  46.28	  11.55	  16.51
	  0.491	  0.057	  0.869
	 -0.452	  0.870	  0.196
	 -0.746	 -0.488	  0.453

6 	  39.06	   9.54	  10.44
	 -0.482	 -0.402	 -0.778
	  0.115	  0.852	 -0.510
	  0.869	 -0.334	 -0.365

7 	  39.11	  -6.56	  -1.16
	  0.768	 -0.602	 -0.217
	  0.577	  0.798	 -0.173
	  0.278	  0.008	  0.960

8 	  47.16	 -12.04	  15.12
	  0.672	 -0.012	  0.740
	  0.373	  0.869	 -0.324
	 -0.641	  0.493	  0.588

9 	  40.32	 -11.87	   9.70
	 -0.445	  0.073	 -0.892
	 -0.704	  0.588	  0.398
	  0.554	  0.805	 -0.210

2 	  33.52	  -8.09	  22.75
	  0.548	  0.835	 -0.046
	 -0.837	  0.546	 -0.032
	 -0.000	  0.056	  0.998

3 	  35.12	  -0.33	   2.29
	  0.098	 -0.039	 -0.994
	 -0.060	  0.997	 -0.045
	  0.993	  0.063	  0.095

4 	  39.01	   5.91	  -0.18
	  0.663	  0.749	  0.004
	 -0.655	  0.576	  0.489
	  0.365	 -0.327	  0.871

5 	  47.72	  12.25	  15.35
	  0.644	  0.096	  0.758
	 -0.556	  0.741	  0.376
	 -0.528	 -0.663	  0.531

6 	  39.83	   9.60	  10.49
	 -0.567	 -0.401	 -0.720
	  0.056	  0.853	 -0.518
	  0.822	 -0.334	 -0.461

7 	  39.11	  -6.56	  -1.16
	  0.778	 -0.582	 -0.235
	  0.555	  0.812	 -0.177
	  0.295	  0.008	  0.955

8 	  48.71	 -12.13	  13.90
	  0.765	 -0.022	  0.643
	  0.350	  0.853	 -0.387
	 -0.541	  0.521	  0.660

9 	  41.27	 -11.90	   9.54
	 -0.554	  0.058	 -0.830
	 -0.667	  0.565	  0.484
	  0.498	  0.822	 -0.275

2 	  33.54	  -8.09	  22.73
	  0.548	  0.835	 -0.047
	 -0.837	  0.547	 -0.031
	  0.000	  0.056	  0.998

3 	  35.12	  -0.37	   2.29
	  0.087	 -0.041	 -0.995
	 -0.062	  0.997	 -0.046
	  0.994	  0.065	  0.084

4 	  39.01	   5.87	  -0.19
	  0.664	  0.748	  0.004
	 -0.653	  0.576	  0.490
	  0.365	 -0.328	  0.871

5 	  48.30	  12.13	  14.94
	  0.757	  0.057	  0.651
	 -0.637	  0.290	  0.714
	 -0.150	 -0.955	  0.257

6 	  40.18	   9.51	  10.62
	 -0.637	 -0.333	 -0.695
	  0.077	  0.870	 -0.487
	  0.767	 -0.363	 -0.529

7 	  39.08	  -6.56	  -1.18
	  0.784	 -0.555	 -0.276
	  0.526	  0.832	 -0.179
	  0.330	 -0.004	  0.944

8 	  50.31	 -12.22	  12.20
	  0.856	 -0.025	  0.516
	  0.308	  0.827	 -0.471
	 -0.416	  0.562	  0.715

9 	  42.47	 -11.99	   8.93
	 -0.656	  0.068	 -0.752
	 -0.618	  0.524	  0.586
	  0.434	  0.848	 -0.302

2 	  33.54	  -8.09	  22.73
	  0.548	  0.835	 -0.047
	 -0.837	  0.547	 -0.031
	  0.000	  0.056	  0.998

3 	  35.12	  -0.42	   2.29
	  0.075	 -0.047	 -0.996
	 -0.075	  0.996	 -0.052
	  0.994	  0.078	  0.071

4 	  38.92	   5.77	  -0.28
	  0.659	  0.752	 -0.010
	 -0.652	  0.577	  0.492
	  0.377	 -0.317	  0.870

5 	  49.83	  12.16	  12.74
	  0.807	  0.080	  0.584
	 -0.445	  0.734	  0.513
	 -0.389	 -0.674	  0.628

6 	  41.19	   9.90	   9.93
	 -0.711	 -0.390	 -0.585
	  0.036	  0.811	 -0.583
	  0.703	 -0.435	 -0.563

7 	  39.02	  -6.45	  -1.35
	  0.781	 -0.525	 -0.339
	  0.496	  0.850	 -0.175
	  0.380	 -0.031	  0.924

8 	  51.56	 -11.81	  10.46
	  0.914	  0.011	  0.405
	  0.203	  0.851	 -0.483
	 -0.351	  0.525	  0.776

9 	  43.35	 -11.99	   8.21
	 -0.727	  0.082	 -0.682
	 -0.570	  0.480	  0.666
	  0.382	  0.873	 -0.302

2 	  33.52	  -8.09	  22.75
	  0.548	  0.835	 -0.047
	 -0.837	  0.546	 -0.032
	  0.000	  0.057	  0.998

3 	  35.14	  -0.46	   2.30
	  0.065	 -0.053	 -0.996
	 -0.083	  0.995	 -0.058
	  0.994	  0.086	  0.061

4 	  38.83	   5.62	  -0.49
	  0.650	  0.758	 -0.057
	 -0.648	  0.590	  0.481
	  0.399	 -0.276	  0.874

5 	  51.12	  12.80	  10.51
	  0.885	  0.137	  0.444
	 -0.377	  0.772	  0.512
	 -0.274	 -0.621	  0.735

6 	  42.31	  10.23	   9.11
	 -0.784	 -0.417	 -0.459
	 -0.047	  0.777	 -0.627
	  0.619	 -0.470	 -0.629

7 	  38.95	  -6.43	  -1.46
	  0.772	 -0.499	 -0.394
	  0.471	  0.865	 -0.174
	  0.428	 -0.051	  0.902

8 	  52.61	 -11.46	   8.86
	  0.951	  0.034	  0.305
	  0.129	  0.855	 -0.502
	 -0.278	  0.518	  0.808

9 	  44.24	 -11.88	   7.51
	 -0.780	  0.051	 -0.624
	 -0.539	  0.452	  0.711
	  0.318	  0.891	 -0.325

2 	  33.54	  -8.09	  22.75
	  0.548	  0.835	 -0.046
	 -0.837	  0.546	 -0.032
	 -0.000	  0.056	  0.998

3 	  35.16	  -0.51	   2.32
	  0.056	 -0.053	 -0.997
	 -0.070	  0.996	 -0.057
	  0.996	  0.072	  0.052

4 	  38.87	   5.52	  -0.62
	  0.662	  0.744	 -0.088
	 -0.627	  0.613	  0.481
	  0.413	 -0.264	  0.871

5 	  52.12	  12.46	   8.98
	  0.945	  0.121	  0.305
	 -0.298	  0.709	  0.639
	 -0.139	 -0.695	  0.706

6 	  43.28	  10.00	   8.58
	 -0.844	 -0.361	 -0.396
	 -0.036	  0.776	 -0.630
	  0.535	 -0.517	 -0.668

7 	  38.83	  -6.36	  -1.62
	  0.753	 -0.475	 -0.456
	  0.453	  0.876	 -0.165
	  0.478	 -0.082	  0.874

8 	  53.33	 -11.13	   7.38
	  0.975	  0.035	  0.218
	  0.089	  0.840	 -0.534
	 -0.203	  0.541	  0.816

9 	  45.02	 -11.69	   6.61
	 -0.820	  0.045	 -0.570
	 -0.504	  0.415	  0.757
	  0.270	  0.909	 -0.318

2 	  33.54	  -8.09	  22.75
	  0.548	  0.835	 -0.047
	 -0.837	  0.547	 -0.031
	  0.000	  0.056	  0.998

3 	  35.17	  -0.53	   2.36
	  0.046	 -0.053	 -0.998
	 -0.067	  0.996	 -0.056
	  0.997	  0.069	  0.042

4 	  38.78	   5.41	  -0.76
	  0.662	  0.737	 -0.135
	 -0.604	  0.631	  0.486
	  0.445	 -0.241	  0.862

5 	  52.73	  11.97	   7.66
	  0.973	  0.083	  0.213
	 -0.214	  0.657	  0.722
	 -0.081	 -0.749	  0.657

6 	  43.84	   9.93	   8.00
	 -0.876	 -0.335	 -0.346
	 -0.044	  0.770	 -0.636
	  0.480	 -0.542	 -0.689

7 	  38.72	  -6.21	  -1.95
	  0.730	 -0.434	 -0.528
	  0.420	  0.894	 -0.155
	  0.539	 -0.108	  0.835

8 	  54.14	 -10.67	   5.19
	  0.993	  0.051	  0.105
	  0.017	  0.829	 -0.558
	 -0.116	  0.556	  0.823

9 	  45.72	 -11.41	   5.47
	 -0.863	  0.048	 -0.503
	 -0.447	  0.391	  0.805
	  0.235	  0.919	 -0.315

2 	  33.54	  -8.09	  22.73
	  0.548	  0.835	 -0.047
	 -0.837	  0.547	 -0.031
	  0.000	  0.056	  0.998

3 	  35.14	  -0.58	   2.39
	  0.038	 -0.048	 -0.998
	 -0.066	  0.996	 -0.051
	  0.997	  0.068	  0.035

4 	  38.60	   5.26	  -1.07
	  0.656	  0.724	 -0.215
	 -0.572	  0.661	  0.486
	  0.495	 -0.196	  0.847

5 	  53.33	  11.55	   5.17
	  0.998	  0.030	  0.057
	 -0.063	  0.654	  0.754
	 -0.015	 -0.756	  0.654

6 	  44.44	  10.00	   6.94
	 -0.906	 -0.328	 -0.268
	 -0.073	  0.744	 -0.664
	  0.417	 -0.582	 -0.698

7 	  38.64	  -6.06	  -2.29
	  0.707	 -0.398	 -0.584
	  0.390	  0.909	 -0.147
	  0.590	 -0.123	  0.798

8 	  54.69	 -10.07	   3.13
	  0.996	  0.091	  0.006
	 -0.074	  0.842	 -0.534
	 -0.054	  0.531	  0.845

9 	  46.27	 -11.16	   4.32
	 -0.894	  0.056	 -0.445
	 -0.391	  0.388	  0.834
	  0.219	  0.920	 -0.325

2 	  33.54	  -8.09	  22.75
	  0.548	  0.835	 -0.047
	 -0.837	  0.547	 -0.031
	  0.000	  0.056	  0.998

3 	  35.12	  -0.65	   2.39
	  0.033	 -0.042	 -0.999
	 -0.062	  0.997	 -0.044
	  0.997	  0.063	  0.031

4 	  38.58	   5.08	  -1.32
	  0.652	  0.707	 -0.272
	 -0.545	  0.686	  0.481
	  0.528	 -0.166	  0.832

5 	  53.67	  11.14	   3.55
	  0.999	 -0.008	 -0.027
	  0.025	  0.667	  0.744
	  0.012	 -0.745	  0.667

6 	  44.82	   9.90	   6.17
	 -0.918	 -0.318	 -0.235
	 -0.076	  0.725	 -0.684
	  0.388	 -0.610	 -0.690

7 	  38.58	  -5.87	  -2.50
	  0.690	 -0.376	 -0.619
	  0.376	  0.916	 -0.138
	  0.619	 -0.138	  0.773

8 	  55.04	  -9.46	   1.37
	  0.988	  0.132	 -0.077
	 -0.153	  0.850	 -0.504
	 -0.001	  0.509	  0.860

9 	  46.71	 -10.79	   3.30
	 -0.923	  0.042	 -0.382
	 -0.334	  0.403	  0.852
	  0.189	  0.914	 -0.358

2 	  33.54	  -8.09	  22.75
	  0.548	  0.835	 -0.046
	 -0.837	  0.546	 -0.032
	 -0.001	  0.057	  0.998

3 	  35.14	  -0.63	   2.39
	  0.034	 -0.026	 -0.999
	 -0.063	  0.997	 -0.028
	  0.997	  0.064	  0.033

4 	  38.50	   5.04	  -1.51
	  0.641	  0.695	 -0.326
	 -0.518	  0.704	  0.486
	  0.568	 -0.143	  0.811

5 	  53.81	  10.92	   1.86
	  0.991	 -0.049	 -0.120
	  0.121	  0.675	  0.728
	  0.045	 -0.737	  0.675

6 	  45.14	  10.00	   5.41
	 -0.927	 -0.319	 -0.195
	 -0.094	  0.704	 -0.703
	  0.362	 -0.634	 -0.683

7 	  38.41	  -5.68	  -2.58
	  0.667	 -0.342	 -0.662
	  0.365	  0.924	 -0.110
	  0.650	 -0.168	  0.741

8 	  55.16	  -8.77	  -0.25
	  0.973	  0.162	 -0.162
	 -0.221	  0.851	 -0.475
	  0.061	  0.498	  0.865

9 	  46.97	 -10.37	   2.57
	 -0.934	  0.077	 -0.349
	 -0.295	  0.385	  0.874
	  0.201	  0.920	 -0.337

2 	  33.54	  -8.09	  22.75
	  0.548	  0.835	 -0.047
	 -0.837	  0.547	 -0.031
	  0.000	  0.056	  0.998

3 	  35.12	  -0.60	   2.43
	  0.035	 -0.016	 -0.999
	 -0.062	  0.998	 -0.018
	  0.997	  0.062	  0.034

4 	  38.39	   4.92	  -1.69
	  0.625	  0.683	 -0.376
	 -0.495	  0.719	  0.486
	  0.604	 -0.118	  0.788

5 	  53.77	  10.79	   0.25
	  0.976	 -0.071	 -0.203
	  0.195	  0.687	  0.700
	  0.090	 -0.723	  0.685

6 	  45.40	  10.04	   4.57
	 -0.934	 -0.333	 -0.128
	 -0.148	  0.686	 -0.713
	  0.325	 -0.647	 -0.690

7 	  38.23	  -5.54	  -2.53
	  0.645	 -0.314	 -0.696
	  0.367	  0.927	 -0.078
	  0.670	 -0.205	  0.713

8 	  55.12	  -8.16	  -1.58
	  0.952	  0.190	 -0.238
	 -0.282	  0.846	 -0.451
	  0.116	  0.496	  0.860

9 	  47.06	 -10.05	   1.88
	 -0.947	  0.116	 -0.301
	 -0.238	  0.378	  0.894
	  0.217	  0.918	 -0.330

2 	  33.52	  -8.09	  22.75
	  0.548	  0.835	 -0.046
	 -0.837	  0.546	 -0.032
	 -0.000	  0.056	  0.998

3 	  35.12	  -0.60	   2.43
	  0.034	 -0.010	 -0.999
	 -0.055	  0.998	 -0.012
	  0.998	  0.055	  0.034

4 	  38.30	   4.80	  -1.79
	  0.613	  0.670	 -0.418
	 -0.474	  0.735	  0.485
	  0.633	 -0.099	  0.767

5 	  53.72	  10.58	  -1.32
	  0.954	 -0.089	 -0.287
	  0.267	  0.686	  0.676
	  0.137	 -0.722	  0.678

6 	  45.60	   9.97	   3.88
	 -0.941	 -0.330	 -0.080
	 -0.176	  0.675	 -0.716
	  0.290	 -0.660	 -0.693

7 	  38.11	  -5.48	  -2.57
	  0.629	 -0.296	 -0.719
	  0.368	  0.927	 -0.060
	  0.685	 -0.227	  0.692

8 	  54.90	  -7.72	  -3.23
	  0.919	  0.207	 -0.334
	 -0.345	  0.833	 -0.432
	  0.191	  0.511	  0.838

9 	  47.13	  -9.79	   1.11
	 -0.962	  0.141	 -0.234
	 -0.162	  0.394	  0.905
	  0.220	  0.908	 -0.356

2 	  33.52	  -8.09	  22.75
	  0.548	  0.835	 -0.046
	 -0.837	  0.546	 -0.032
	 -0.001	  0.057	  0.998

3 	  35.10	  -0.63	   2.48
	  0.029	 -0.016	 -0.999
	 -0.046	  0.999	 -0.018
	  0.998	  0.046	  0.029

4 	  38.13	   4.62	  -1.93
	  0.598	  0.657	 -0.459
	 -0.456	  0.749	  0.481
	  0.660	 -0.079	  0.746

5 	  53.44	  10.39	  -2.78
	  0.926	 -0.101	 -0.364
	  0.333	  0.669	  0.664
	  0.177	 -0.736	  0.654

6 	  45.69	   9.88	   3.20
	 -0.943	 -0.330	 -0.044
	 -0.202	  0.672	 -0.712
	  0.265	 -0.663	 -0.701

7 	  37.95	  -5.47	  -2.58
	  0.610	 -0.277	 -0.742
	  0.363	  0.930	 -0.048
	  0.704	 -0.240	  0.668

8 	  54.51	  -7.49	  -4.87
	  0.879	  0.212	 -0.428
	 -0.401	  0.815	 -0.418
	  0.262	  0.537	  0.802

9 	  47.09	  -9.60	   0.28
	 -0.970	  0.164	 -0.178
	 -0.097	  0.409	  0.907
	  0.221	  0.897	 -0.381

2 	  33.54	  -8.09	  22.75
	  0.548	  0.835	 -0.047
	 -0.837	  0.547	 -0.031
	  0.000	  0.056	  0.998

3 	  35.05	  -0.69	   2.51
	  0.028	 -0.031	 -0.999
	 -0.032	  0.999	 -0.032
	  0.999	  0.032	  0.027

4 	  37.90	   4.38	  -2.09
	  0.582	  0.639	 -0.503
	 -0.439	  0.766	  0.469
	  0.686	 -0.053	  0.726

5 	  53.02	   9.97	  -4.64
	  0.884	 -0.126	 -0.449
	  0.416	  0.651	  0.635
	  0.213	 -0.748	  0.628

6 	  45.70	   9.69	   2.11
	 -0.941	 -0.337	  0.017
	 -0.249	  0.657	 -0.711
	  0.228	 -0.674	 -0.703

7 	  37.69	  -5.38	  -2.64
	  0.588	 -0.259	 -0.766
	  0.378	  0.925	 -0.023
	  0.715	 -0.276	  0.642

8 	  53.86	  -7.37	  -6.56
	  0.834	  0.207	 -0.511
	 -0.438	  0.813	 -0.382
	  0.339	  0.540	  0.770

9 	  46.85	  -9.51	  -0.65
	 -0.977	  0.186	 -0.107
	 -0.022	  0.406	  0.913
	  0.214	  0.894	 -0.393

2 	  33.54	  -8.09	  22.75
	  0.548	  0.835	 -0.047
	 -0.837	  0.547	 -0.031
	  0.000	  0.056	  0.998

3 	  35.00	  -0.74	   2.53
	  0.031	 -0.039	 -0.999
	 -0.013	  0.999	 -0.040
	  0.999	  0.014	  0.031

4 	  37.72	   4.15	  -2.20
	  0.566	  0.619	 -0.544
	 -0.420	  0.784	  0.456
	  0.709	 -0.030	  0.704

5 	  52.21	   9.46	  -6.94
	  0.811	 -0.157	 -0.564
	  0.522	  0.632	  0.573
	  0.269	 -0.758	  0.594

6 	  45.69	   9.49	   0.84
	 -0.936	 -0.331	  0.122
	 -0.317	  0.635	 -0.704
	  0.156	 -0.697	 -0.700

7 	  37.39	  -5.26	  -2.67
	  0.567	 -0.229	 -0.791
	  0.390	  0.920	  0.012
	  0.725	 -0.315	  0.612

8 	  52.91	  -7.14	  -8.49
	  0.774	  0.208	 -0.599
	 -0.476	  0.817	 -0.325
	  0.427	  0.532	  0.730

9 	  46.49	  -9.32	  -1.71
	 -0.979	  0.202	 -0.025
	  0.058	  0.392	  0.918
	  0.195	  0.897	 -0.396

2 	  33.54	  -8.09	  22.75
	  0.548	  0.835	 -0.047
	 -0.837	  0.547	 -0.031
	  0.000	  0.056	  0.998

3 	  34.93	  -0.70	   2.60
	  0.032	 -0.032	 -0.999
	 -0.004	  0.999	 -0.032
	  0.999	  0.005	  0.032

4 	  37.48	   4.08	  -2.20
	  0.553	  0.607	 -0.570
	 -0.405	  0.793	  0.454
	  0.728	 -0.021	  0.685

5 	  51.31	   9.23	  -8.65
	  0.741	 -0.173	 -0.649
	  0.593	  0.622	  0.511
	  0.318	 -0.763	  0.563

6 	  45.53	   9.42	  -0.11
	 -0.922	 -0.329	  0.206
	 -0.376	  0.625	 -0.684
	  0.095	 -0.708	 -0.699

7 	  37.12	  -5.03	  -2.71
	  0.546	 -0.194	 -0.815
	  0.394	  0.918	  0.045
	  0.739	 -0.346	  0.578

8 	  51.84	  -6.77	 -10.11
	  0.708	  0.220	 -0.672
	 -0.508	  0.821	 -0.259
	  0.500	  0.520	  0.692

9 	  46.12	  -9.12	  -2.72
	 -0.973	  0.221	  0.067
	  0.147	  0.366	  0.918
	  0.179	  0.903	 -0.389

2 	  33.52	  -8.09	  22.75
	  0.548	  0.835	 -0.046
	 -0.837	  0.546	 -0.032
	 -0.000	  0.056	  0.998

3 	  34.86	  -0.69	   2.65
	  0.026	 -0.021	 -0.999
	 -0.002	  1.000	 -0.021
	  0.999	  0.003	  0.026

4 	  37.28	   4.10	  -2.16
	  0.534	  0.607	 -0.588
	 -0.399	  0.794	  0.459
	  0.746	 -0.011	  0.666

5 	  50.47	   9.42	  -9.70
	  0.695	 -0.160	 -0.701
	  0.620	  0.627	  0.471
	  0.367	 -0.760	  0.535

6 	  45.21	   9.53	  -0.72
	 -0.903	 -0.347	  0.252
	 -0.423	  0.618	 -0.662
	  0.073	 -0.705	 -0.706

7 	  36.86	  -4.85	  -2.69
	  0.526	 -0.156	 -0.836
	  0.400	  0.913	  0.080
	  0.751	 -0.377	  0.542

8 	  50.45	  -6.36	 -12.01
	  0.614	  0.241	 -0.752
	 -0.537	  0.827	 -0.167
	  0.586	  0.503	  0.634

9 	  45.58	  -8.98	  -3.76
	 -0.957	  0.234	  0.174
	  0.248	  0.340	  0.907
	  0.153	  0.911	 -0.383

2 	  33.54	  -8.09	  22.75
	  0.548	  0.835	 -0.046
	 -0.837	  0.546	 -0.032
	 -0.000	  0.056	  0.998

3 	  34.77	  -0.67	   2.76
	  0.016	 -0.011	 -1.000
	 -0.008	  1.000	 -0.011
	  1.000	  0.008	  0.016

4 	  36.98	   4.17	  -2.06
	  0.508	  0.620	 -0.598
	 -0.398	  0.784	  0.476
	  0.765	 -0.005	  0.644

5 	  49.54	   9.63	 -10.44
	  0.641	 -0.170	 -0.749
	  0.661	  0.619	  0.424
	  0.394	 -0.766	  0.508

6 	  44.84	   9.72	  -1.00
	 -0.884	 -0.370	  0.285
	 -0.463	  0.610	 -0.643
	  0.063	 -0.700	 -0.711

7 	  36.53	  -4.68	  -2.62
	  0.494	 -0.132	 -0.859
	  0.421	  0.901	  0.102
	  0.761	 -0.412	  0.500

8 	  49.22	  -6.22	 -13.04
	  0.544	  0.258	 -0.798
	 -0.539	  0.837	 -0.092
	  0.649	  0.478	  0.591

9 	  44.98	  -9.02	  -4.43
	 -0.933	  0.262	  0.248
	  0.326	  0.314	  0.891
	  0.155	  0.912	 -0.378

2 	  33.54	  -8.09	  22.75
	  0.548	  0.835	 -0.047
	 -0.837	  0.547	 -0.031
	  0.000	  0.056	  0.998

3 	  34.63	  -0.62	   2.85
	  0.005	 -0.003	 -1.000
	 -0.017	  1.000	 -0.003
	  1.000	  0.017	  0.005

4 	  36.69	   4.13	  -2.04
	  0.487	  0.620	 -0.615
	 -0.389	  0.784	  0.483
	  0.782	  0.003	  0.622

5 	  48.67	   9.44	 -11.29
	  0.595	 -0.189	 -0.781
	  0.691	  0.618	  0.375
	  0.415	 -0.762	  0.496

6 	  44.44	   9.79	  -1.53
	 -0.865	 -0.386	  0.321
	 -0.499	  0.595	 -0.630
	  0.052	 -0.704	 -0.708

7 	  36.30	  -4.62	  -2.55
	  0.470	 -0.115	 -0.875
	  0.435	  0.893	  0.115
	  0.768	 -0.435	  0.470

8 	  48.13	  -6.06	 -13.92
	  0.483	  0.271	 -0.833
	 -0.533	  0.845	 -0.030
	  0.700	  0.456	  0.549

9 	  44.46	  -9.04	  -5.01
	 -0.909	  0.272	  0.315
	  0.390	  0.291	  0.873
	  0.146	  0.917	 -0.371

2 	  33.54	  -8.09	  22.75
	  0.548	  0.835	 -0.047
	 -0.837	  0.547	 -0.031
	  0.000	  0.056	  0.998

3 	  34.56	  -0.65	   2.90
	 -0.012	 -0.016	 -1.000
	 -0.014	  1.000	 -0.016
	  1.000	  0.013	 -0.012

4 	  36.47	   3.97	  -2.07
	  0.467	  0.612	 -0.638
	 -0.387	  0.790	  0.476
	  0.795	  0.023	  0.606

5 	  47.78	   9.11	 -12.25
	  0.546	 -0.214	 -0.810
	  0.712	  0.629	  0.312
	  0.446	 -0.746	  0.494

6 	  44.02	   9.70	  -2.25
	 -0.843	 -0.396	  0.364
	 -0.536	  0.570	 -0.622
	  0.038	 -0.719	 -0.693

7 	  36.12	  -4.66	  -2.48
	  0.454	 -0.108	 -0.884
	  0.448	  0.885	  0.121
	  0.770	 -0.452	  0.450

8 	  47.07	  -6.28	 -14.62
	  0.427	  0.266	 -0.865
	 -0.513	  0.858	  0.016
	  0.749	  0.434	  0.499

9 	  43.93	  -9.19	  -5.45
	 -0.880	  0.288	  0.377
	  0.453	  0.272	  0.848
	  0.142	  0.918	 -0.371

2 	  33.54	  -8.09	  22.75
	  0.548	  0.835	 -0.047
	 -0.837	  0.547	 -0.031
	  0.000	  0.056	  0.998

3 	  34.54	  -0.69	   2.92
	 -0.020	 -0.032	 -0.999
	 -0.002	  0.999	 -0.032
	  1.000	  0.001	 -0.020

4 	  36.37	   3.83	  -2.09
	  0.454	  0.606	 -0.653
	 -0.377	  0.794	  0.476
	  0.807	  0.030	  0.589

5 	  46.74	   8.74	 -13.18
	  0.475	 -0.245	 -0.845
	  0.744	  0.625	  0.235
	  0.473	 -0.741	  0.477

6 	  43.72	   9.65	  -2.85
	 -0.813	 -0.405	  0.418
	 -0.581	  0.548	 -0.601
	  0.013	 -0.731	 -0.682

7 	  35.98	  -4.69	  -2.41
	  0.440	 -0.108	 -0.891
	  0.466	  0.876	  0.124
	  0.767	 -0.470	  0.436

8 	  45.88	  -6.49	 -15.36
	  0.359	  0.262	 -0.896
	 -0.484	  0.872	  0.065
	  0.801	  0.408	  0.437

9 	  43.29	  -9.44	  -5.96
	 -0.837	  0.320	  0.444
	  0.525	  0.239	  0.816
	  0.155	  0.917	 -0.368

2 	  33.54	  -8.09	  22.75
	  0.548	  0.835	 -0.047
	 -0.837	  0.547	 -0.031
	  0.000	  0.056	  0.998

3 	  34.45	  -0.74	   2.92
	 -0.029	 -0.042	 -0.999
	  0.004	  0.999	 -0.042
	  0.999	 -0.005	 -0.029

4 	  36.21	   3.71	  -2.11
	  0.441	  0.602	 -0.666
	 -0.370	  0.797	  0.477
	  0.818	  0.035	  0.574

5 	  45.98	   8.38	 -13.75
	  0.421	 -0.275	 -0.864
	  0.770	  0.612	  0.179
	  0.482	 -0.740	  0.468

6 	  43.44	   9.58	  -3.23
	 -0.796	 -0.404	  0.450
	 -0.605	  0.538	 -0.587
	 -0.006	 -0.740	 -0.673

7 	  35.86	  -4.71	  -2.36
	  0.429	 -0.113	 -0.896
	  0.477	  0.871	  0.118
	  0.767	 -0.478	  0.427

8 	  44.93	  -6.54	 -15.82
	  0.303	  0.263	 -0.916
	 -0.488	  0.868	  0.092
	  0.821	  0.417	  0.389

9 	  42.89	  -9.51	  -6.22
	 -0.808	  0.337	  0.482
	  0.566	  0.221	  0.794
	  0.160	  0.915	 -0.370

2 	  33.54	  -8.09	  22.75
	  0.548	  0.835	 -0.047
	 -0.837	  0.547	 -0.031
	  0.000	  0.056	  0.998

3 	  34.38	  -0.76	   2.97
	 -0.041	 -0.044	 -0.998
	  0.004	  0.999	 -0.044
	  0.999	 -0.006	 -0.041

4 	  36.12	   3.69	  -2.07
	  0.435	  0.599	 -0.672
	 -0.365	  0.799	  0.478
	  0.823	  0.037	  0.566

5 	  45.72	   8.30	 -13.87
	  0.399	 -0.281	 -0.873
	  0.785	  0.596	  0.166
	  0.476	 -0.751	  0.456

6 	  43.35	   9.53	  -3.29
	 -0.793	 -0.402	  0.458
	 -0.609	  0.544	 -0.577
	 -0.018	 -0.736	 -0.676

7 	  35.77	  -4.75	  -2.32
	  0.423	 -0.116	 -0.898
	  0.479	  0.870	  0.113
	  0.769	 -0.478	  0.424

8 	  44.74	  -6.52	 -15.86
	  0.291	  0.268	 -0.919
	 -0.490	  0.866	  0.101
	  0.824	  0.419	  0.380

9 	  42.80	  -9.54	  -6.26
	 -0.804	  0.343	  0.486
	  0.573	  0.223	  0.789
	  0.162	  0.912	 -0.376

2 	  33.54	  -8.09	  22.75
	  0.548	  0.835	 -0.047
	 -0.837	  0.547	 -0.031
	  0.000	  0.056	  0.998

3 	  34.38	  -0.76	   2.97
	 -0.041	 -0.050	 -0.998
	  0.006	  0.999	 -0.051
	  0.999	 -0.008	 -0.040

4 	  36.11	   3.64	  -2.09
	  0.432	  0.598	 -0.675
	 -0.364	  0.800	  0.476
	  0.825	  0.040	  0.563

5 	  45.40	   8.21	 -14.15
	  0.374	 -0.283	 -0.883
	  0.797	  0.586	  0.149
	  0.477	 -0.759	  0.442

6 	  43.24	   9.46	  -3.50
	 -0.783	 -0.406	  0.472
	 -0.622	  0.542	 -0.565
	 -0.027	 -0.736	 -0.676

7 	  35.74	  -4.75	  -2.30
	  0.417	 -0.116	 -0.902
	  0.487	  0.866	  0.113
	  0.768	 -0.486	  0.417

8 	  44.09	  -6.49	 -16.14
	  0.253	  0.275	 -0.928
	 -0.470	  0.872	  0.133
	  0.847	  0.401	  0.347

9 	  42.43	  -9.60	  -6.52
	 -0.773	  0.356	  0.525
	  0.612	  0.202	  0.764
	  0.166	  0.912	 -0.375

2 	  33.52	  -8.09	  22.75
	  0.548	  0.835	 -0.046
	 -0.837	  0.547	 -0.032
	 -0.000	  0.056	  0.998

3 	  34.38	  -0.77	   2.97
	 -0.041	 -0.051	 -0.998
	  0.008	  0.998	 -0.051
	  0.999	 -0.010	 -0.040

4 	  36.00	   3.57	  -2.07
	  0.424	  0.591	 -0.686
	 -0.350	  0.805	  0.478
	  0.835	  0.037	  0.548

5 	  44.38	   8.05	 -14.82
	  0.308	 -0.294	 -0.905
	  0.813	  0.575	  0.089
	  0.496	 -0.763	  0.414

6 	  42.84	   9.44	  -4.04
	 -0.746	 -0.412	  0.523
	 -0.664	  0.525	 -0.532
	 -0.056	 -0.744	 -0.666

7 	  35.56	  -4.68	  -2.23
	  0.394	 -0.111	 -0.912
	  0.501	  0.858	  0.111
	  0.771	 -0.501	  0.393

8 	  42.87	  -6.54	 -16.65
	  0.186	  0.276	 -0.943
	 -0.446	  0.879	  0.171
	  0.876	  0.387	  0.284

9 	  41.82	  -9.63	  -6.93
	 -0.724	  0.381	  0.576
	  0.667	  0.173	  0.724
	  0.176	  0.908	 -0.380

2 	  33.54	  -8.09	  22.75
	  0.548	  0.835	 -0.047
	 -0.837	  0.547	 -0.031
	  0.000	  0.056	  0.998

3 	  34.33	  -0.76	   3.04
	 -0.052	 -0.043	 -0.998
	 -0.008	  0.999	 -0.042
	  0.998	  0.005	 -0.052

4 	  35.84	   3.57	  -1.99
	  0.402	  0.591	 -0.699
	 -0.338	  0.805	  0.487
	  0.851	  0.040	  0.523

5 	  42.84	   7.84	 -15.56
	  0.218	 -0.310	 -0.925
	  0.811	  0.585	 -0.007
	  0.545	 -0.749	  0.377

6 	  42.24	   9.44	  -4.61
	 -0.691	 -0.416	  0.591
	 -0.717	  0.504	 -0.482
	 -0.099	 -0.756	 -0.647

7 	  35.47	  -4.59	  -2.18
	  0.372	 -0.102	 -0.922
	  0.508	  0.854	  0.110
	  0.776	 -0.510	  0.370

8 	  41.50	  -6.29	 -17.10
	  0.098	  0.290	 -0.952
	 -0.432	  0.873	  0.223
	  0.897	  0.389	  0.209

9 	  41.15	  -9.53	  -7.37
	 -0.658	  0.423	  0.623
	  0.729	  0.147	  0.669
	  0.192	  0.894	 -0.405

2 	  33.54	  -8.09	  22.75
	  0.548	  0.835	 -0.046
	 -0.837	  0.546	 -0.032
	 -0.000	  0.056	  0.998

3 	  34.28	  -0.76	   3.11
	 -0.060	 -0.036	 -0.998
	 -0.029	  0.999	 -0.035
	  0.998	  0.027	 -0.061

4 	  35.63	   3.60	  -1.88
	  0.378	  0.599	 -0.705
	 -0.331	  0.799	  0.502
	  0.865	  0.043	  0.500

5 	  41.80	   7.77	 -15.75
	  0.165	 -0.332	 -0.929
	  0.782	  0.617	 -0.083
	  0.601	 -0.713	  0.360

6 	  41.82	   9.63	  -4.87
	 -0.652	 -0.420	  0.631
	 -0.751	  0.482	 -0.452
	 -0.117	 -0.768	 -0.630

7 	  35.38	  -4.54	  -2.07
	  0.359	 -0.107	 -0.927
	  0.506	  0.857	  0.097
	  0.784	 -0.504	  0.361

8 	  40.61	  -6.21	 -17.16
	  0.019	  0.313	 -0.950
	 -0.466	  0.842	  0.270
	  0.885	  0.437	  0.161

9 	  40.87	  -9.53	  -7.45
	 -0.629	  0.439	  0.641
	  0.755	  0.149	  0.638
	  0.184	  0.886	 -0.426

2 	  33.54	  -8.09	  22.75
	  0.548	  0.835	 -0.046
	 -0.837	  0.547	 -0.032
	 -0.000	  0.056	  0.998

3 	  34.22	  -0.72	   3.18
	 -0.068	 -0.026	 -0.997
	 -0.052	  0.998	 -0.022
	  0.996	  0.051	 -0.069

4 	  35.61	   3.69	  -1.81
	  0.374	  0.609	 -0.699
	 -0.335	  0.791	  0.511
	  0.865	  0.042	  0.500

5 	  41.80	   7.86	 -15.66
	  0.164	 -0.336	 -0.927
	  0.802	  0.592	 -0.074
	  0.575	 -0.732	  0.365

6 	  41.80	   9.70	  -4.73
	 -0.653	 -0.425	  0.626
	 -0.749	  0.486	 -0.449
	 -0.115	 -0.763	 -0.636

7 	  35.37	  -4.48	  -2.06
	  0.357	 -0.105	 -0.928
	  0.507	  0.856	  0.098
	  0.785	 -0.505	  0.359

8 	  40.31	  -6.10	 -17.26
	  0.000	  0.301	 -0.954
	 -0.461	  0.846	  0.268
	  0.887	  0.439	  0.138

9 	  40.69	  -9.37	  -7.56
	 -0.614	  0.449	  0.649
	  0.768	  0.148	  0.623
	  0.184	  0.881	 -0.436

2 	  33.52	  -8.09	  22.75
	  0.548	  0.835	 -0.046
	 -0.837	  0.547	 -0.032
	 -0.000	  0.056	  0.998

3 	  34.22	  -0.70	   3.18
	 -0.067	 -0.023	 -0.997
	 -0.054	  0.998	 -0.019
	  0.996	  0.052	 -0.068

4 	  35.56	   3.67	  -1.79
	  0.375	  0.609	 -0.699
	 -0.338	  0.792	  0.509
	  0.863	  0.045	  0.502

5 	  41.57	   7.54	 -15.82
	  0.137	 -0.363	 -0.922
	  0.849	  0.521	 -0.080
	  0.510	 -0.772	  0.379

6 	  41.71	   9.58	  -4.87
	 -0.651	 -0.412	  0.637
	 -0.748	  0.491	 -0.446
	 -0.131	 -0.767	 -0.629

7 	  35.28	  -4.46	  -2.02
	  0.357	 -0.104	 -0.928
	  0.510	  0.854	  0.100
	  0.782	 -0.510	  0.358

8 	  39.94	  -5.98	 -17.31
	 -0.015	  0.305	 -0.952
	 -0.452	  0.847	  0.280
	  0.892	  0.434	  0.124

9 	  40.52	  -9.30	  -7.63
	 -0.601	  0.443	  0.665
	  0.779	  0.141	  0.610
	  0.177	  0.885	 -0.430

2 	  33.54	  -8.09	  22.75
	  0.548	  0.835	 -0.047
	 -0.837	  0.547	 -0.031
	  0.000	  0.056	  0.998

3 	  34.21	  -0.74	   3.22
	 -0.074	 -0.031	 -0.997
	 -0.060	  0.998	 -0.026
	  0.995	  0.058	 -0.076

4 	  35.49	   3.59	  -1.78
	  0.369	  0.605	 -0.706
	 -0.335	  0.794	  0.506
	  0.867	  0.049	  0.495

5 	  41.12	   7.42	 -15.93
	  0.100	 -0.376	 -0.921
	  0.867	  0.487	 -0.105
	  0.489	 -0.788	  0.373

6 	  41.55	   9.47	  -4.97
	 -0.639	 -0.408	  0.652
	 -0.756	  0.495	 -0.429
	 -0.149	 -0.767	 -0.625

7 	  35.17	  -4.45	  -1.95
	  0.344	 -0.110	 -0.932
	  0.518	  0.850	  0.090
	  0.783	 -0.514	  0.349

8 	  39.34	  -5.98	 -17.40
	 -0.042	  0.304	 -0.952
	 -0.436	  0.851	  0.292
	  0.899	  0.426	  0.095

9 	  40.11	  -9.32	  -7.77
	 -0.574	  0.451	  0.683
	  0.800	  0.126	  0.587
	  0.179	  0.883	 -0.433

2 	  33.54	  -8.09	  22.75
	  0.548	  0.835	 -0.047
	 -0.837	  0.547	 -0.031
	  0.000	  0.056	  0.998

3 	  34.17	  -0.74	   3.23
	 -0.086	 -0.031	 -0.996
	 -0.073	  0.997	 -0.025
	  0.993	  0.071	 -0.088

4 	  35.37	   3.53	  -1.74
	  0.361	  0.602	 -0.712
	 -0.328	  0.796	  0.508
	  0.873	  0.049	  0.485

5 	  40.50	   7.24	 -16.07
	  0.044	 -0.392	 -0.919
	  0.872	  0.463	 -0.156
	  0.487	 -0.795	  0.362

6 	  41.34	   9.40	  -5.17
	 -0.620	 -0.400	  0.676
	 -0.766	  0.498	 -0.406
	 -0.176	 -0.769	 -0.614

7 	  35.07	  -4.46	  -1.92
	  0.332	 -0.115	 -0.936
	  0.521	  0.850	  0.080
	  0.786	 -0.514	  0.342

8 	  38.71	  -5.89	 -17.46
	 -0.081	  0.310	 -0.947
	 -0.454	  0.834	  0.313
	  0.887	  0.455	  0.072

9 	  39.85	  -9.26	  -7.89
	 -0.549	  0.448	  0.706
	  0.820	  0.125	  0.558
	  0.161	  0.885	 -0.436

2 	  33.54	  -8.09	  22.75
	  0.548	  0.835	 -0.047
	 -0.837	  0.547	 -0.031
	  0.000	  0.056	  0.998

3 	  34.12	  -0.76	   3.27
	 -0.098	 -0.035	 -0.995
	 -0.088	  0.996	 -0.026
	  0.991	  0.084	 -0.100

4 	  35.30	   3.50	  -1.76
	  0.352	  0.599	 -0.719
	 -0.321	  0.799	  0.508
	  0.879	  0.052	  0.473

5 	  40.03	   7.21	 -16.22
	  0.020	 -0.385	 -0.923
	  0.863	  0.472	 -0.179
	  0.505	 -0.793	  0.340

6 	  41.12	   9.33	  -5.31
	 -0.601	 -0.404	  0.689
	 -0.778	  0.494	 -0.388
	 -0.186	 -0.769	 -0.611

7 	  34.88	  -4.45	  -1.85
	  0.317	 -0.125	 -0.940
	  0.536	  0.841	  0.069
	  0.782	 -0.526	  0.334

8 	  37.99	  -5.78	 -17.46
	 -0.118	  0.324	 -0.939
	 -0.449	  0.825	  0.342
	  0.885	  0.462	  0.048

9 	  39.41	  -9.26	  -7.95
	 -0.516	  0.462	  0.721
	  0.839	  0.104	  0.533
	  0.171	  0.881	 -0.442

2 	  33.54	  -8.09	  22.75
	  0.548	  0.835	 -0.047
	 -0.837	  0.547	 -0.031
	  0.000	  0.056	  0.998

3 	  34.08	  -0.74	   3.29
	 -0.104	 -0.034	 -0.994
	 -0.095	  0.995	 -0.024
	  0.990	  0.091	 -0.106

4 	  35.23	   3.48	  -1.72
	  0.350	  0.600	 -0.719
	 -0.321	  0.798	  0.510
	  0.880	  0.052	  0.471

5 	  39.94	   7.31	 -16.21
	  0.022	 -0.379	 -0.925
	  0.857	  0.484	 -0.178
	  0.515	 -0.789	  0.334

6 	  41.01	   9.42	  -5.29
	 -0.594	 -0.416	  0.688
	 -0.786	  0.486	 -0.383
	 -0.177	 -0.768	 -0.615

7 	  34.84	  -4.43	  -1.85
	  0.314	 -0.129	 -0.941
	  0.541	  0.838	  0.065
	  0.780	 -0.529	  0.333

8 	  37.86	  -5.91	 -17.44
	 -0.124	  0.315	 -0.941
	 -0.448	  0.827	  0.338
	  0.885	  0.463	  0.037

9 	  39.36	  -9.30	  -7.91
	 -0.509	  0.475	  0.717
	  0.843	  0.106	  0.527
	  0.174	  0.873	 -0.455

2 	  33.54	  -8.09	  22.75
	  0.548	  0.835	 -0.047
	 -0.837	  0.547	 -0.031
	  0.000	  0.056	  0.998

3 	  34.10	  -0.74	   3.29
	 -0.104	 -0.033	 -0.994
	 -0.096	  0.995	 -0.023
	  0.990	  0.093	 -0.107

4 	  35.28	   3.48	  -1.76
	  0.358	  0.602	 -0.714
	 -0.328	  0.796	  0.508
	  0.874	  0.052	  0.482

5 	  40.29	   7.49	 -16.05
	  0.045	 -0.373	 -0.927
	  0.858	  0.489	 -0.156
	  0.511	 -0.788	  0.341

6 	  41.17	   9.49	  -5.12
	 -0.606	 -0.423	  0.674
	 -0.780	  0.486	 -0.395
	 -0.162	 -0.764	 -0.624

7 	  34.89	  -4.46	  -1.88
	  0.325	 -0.138	 -0.935
	  0.544	  0.836	  0.065
	  0.773	 -0.530	  0.347

8 	  38.43	  -6.17	 -17.33
	 -0.095	  0.303	 -0.948
	 -0.461	  0.831	  0.312
	  0.882	  0.466	  0.060

9 	  39.64	  -9.47	  -7.72
	 -0.531	  0.491	  0.690
	  0.826	  0.120	  0.550
	  0.188	  0.862	 -0.470

2 	  33.54	  -8.09	  22.75
	  0.548	  0.835	 -0.047
	 -0.837	  0.547	 -0.031
	  0.000	  0.056	  0.998

3 	  34.10	  -0.74	   3.22
	 -0.095	 -0.041	 -0.995
	 -0.079	  0.996	 -0.033
	  0.992	  0.075	 -0.098

4 	  35.44	   3.46	  -1.81
	  0.375	  0.599	 -0.707
	 -0.342	  0.798	  0.495
	  0.861	  0.056	  0.505

5 	  40.90	   7.38	 -15.80
	  0.066	 -0.391	 -0.918
	  0.863	  0.483	 -0.144
	  0.500	 -0.783	  0.369

6 	  41.50	   9.53	  -4.87
	 -0.630	 -0.422	  0.652
	 -0.764	  0.488	 -0.421
	 -0.143	 -0.763	 -0.630

7 	  35.05	  -4.55	  -1.93
	  0.347	 -0.145	 -0.927
	  0.539	  0.839	  0.070
	  0.768	 -0.524	  0.369

8 	  39.50	  -6.49	 -17.12
	 -0.034	  0.289	 -0.957
	 -0.480	  0.834	  0.271
	  0.877	  0.467	  0.109

9 	  40.20	  -9.63	  -7.38
	 -0.577	  0.499	  0.647
	  0.791	  0.139	  0.596
	  0.207	  0.855	 -0.475

2 	  33.54	  -8.09	  22.75
	  0.548	  0.835	 -0.047
	 -0.837	  0.547	 -0.031
	  0.000	  0.056	  0.998

3 	  34.10	  -0.74	   3.16
	 -0.088	 -0.047	 -0.995
	 -0.069	  0.997	 -0.041
	  0.994	  0.064	 -0.091

4 	  35.58	   3.50	  -1.90
	  0.398	  0.598	 -0.695
	 -0.367	  0.798	  0.478
	  0.841	  0.064	  0.537

5 	  42.49	   7.63	 -15.21
	  0.165	 -0.376	 -0.912
	  0.865	  0.500	 -0.050
	  0.474	 -0.780	  0.407

6 	  42.10	   9.56	  -4.31
	 -0.693	 -0.431	  0.578
	 -0.717	  0.501	 -0.484
	 -0.083	 -0.750	 -0.656

7 	  35.23	  -4.62	  -2.00
	  0.370	 -0.139	 -0.918
	  0.526	  0.846	  0.084
	  0.765	 -0.515	  0.386

8 	  41.31	  -6.68	 -16.75
	  0.072	  0.273	 -0.959
	 -0.509	  0.837	  0.202
	  0.858	  0.473	  0.198

9 	  41.10	  -9.65	  -6.89
	 -0.656	  0.493	  0.572
	  0.720	  0.180	  0.670
	  0.228	  0.851	 -0.473

2 	  33.54	  -8.09	  22.75
	  0.548	  0.835	 -0.047
	 -0.837	  0.547	 -0.031
	  0.000	  0.056	  0.998

3 	  34.17	  -0.72	   3.09
	 -0.076	 -0.046	 -0.996
	 -0.050	  0.998	 -0.042
	  0.996	  0.046	 -0.078

4 	  35.89	   3.71	  -1.99
	  0.435	  0.600	 -0.671
	 -0.394	  0.797	  0.458
	  0.810	  0.065	  0.582

5 	  44.88	   8.21	 -14.08
	  0.314	 -0.321	 -0.894
	  0.850	  0.514	  0.114
	  0.424	 -0.795	  0.433

6 	  43.07	   9.63	  -3.22
	 -0.781	 -0.429	  0.453
	 -0.624	  0.552	 -0.553
	 -0.013	 -0.714	 -0.700

7 	  35.53	  -4.62	  -2.18
	  0.405	 -0.129	 -0.905
	  0.502	  0.859	  0.102
	  0.764	 -0.496	  0.412

8 	  43.51	  -6.80	 -16.03
	  0.195	  0.260	 -0.946
	 -0.552	  0.826	  0.115
	  0.812	  0.498	  0.302

9 	  42.22	  -9.65	  -6.19
	 -0.740	  0.482	  0.470
	  0.626	  0.235	  0.743
	  0.248	  0.844	 -0.476

2 	  33.52	  -8.09	  22.75
	  0.548	  0.835	 -0.047
	 -0.837	  0.547	 -0.031
	  0.000	  0.056	  0.998

3 	  34.26	  -0.67	   3.02
	 -0.055	 -0.044	 -0.997
	 -0.034	  0.998	 -0.042
	  0.998	  0.031	 -0.057

4 	  36.26	   3.94	  -1.95
	  0.472	  0.620	 -0.627
	 -0.428	  0.782	  0.452
	  0.771	  0.055	  0.634

5 	  47.09	   9.05	 -12.09
	  0.455	 -0.266	 -0.850
	  0.815	  0.509	  0.276
	  0.361	 -0.818	  0.448

6 	  43.79	   9.76	  -1.62
