2 	  33.54	  -8.09	  22.75
	  0.556	  0.830	 -0.047
	 -0.832	  0.554	 -0.032
	  0.000	  0.057	  0.998

3 	  38.99	  -0.39	  -0.93
	  0.412	 -0.085	 -0.907
	 -0.239	  0.951	 -0.197
	  0.879	  0.298	  0.372

4 	  42.66	   4.50	  -3.67
	  0.530	  0.844	 -0.073
	 -0.804	  0.527	  0.275
	  0.273	 -0.087	  0.958

5 	  49.76	  11.95	   7.49
	  0.801	 -0.196	  0.566
	 -0.010	  0.939	  0.343
	 -0.601	 -0.283	  0.748

6 	  40.69	  11.71	   4.24
	 -0.436	 -0.717	 -0.544
	  0.071	  0.576	 -0.815
	  0.897	 -0.393	 -0.201

7 	  42.36	  -5.34	  -4.04
	  0.709	 -0.639	 -0.298
	  0.673	  0.739	  0.017
	  0.210	 -0.213	  0.954

8 	  50.13	 -11.39	   5.66
	  0.940	  0.312	  0.134
	 -0.243	  0.891	 -0.383
	 -0.241	  0.329	  0.913

9 	  40.85	 -12.27	   4.97
	 -0.454	  0.640	 -0.620
	 -0.202	  0.605	  0.770
	  0.869	  0.473	 -0.146

2 	  33.54	  -8.09	  22.76
	  0.556	  0.830	 -0.047
	 -0.832	  0.554	 -0.034
	 -0.001	  0.057	  0.998

3 	  38.95	  -0.39	  -0.91
	  0.412	 -0.086	 -0.907
	 -0.240	  0.950	 -0.198
	  0.879	  0.299	  0.371

4 	  42.66	   4.50	  -3.66
	  0.531	  0.844	 -0.073
	 -0.803	  0.528	  0.277
	  0.274	 -0.088	  0.957

5 	  49.80	  11.97	   7.45
	  0.814	 -0.190	  0.548
	 -0.021	  0.933	  0.359
	 -0.581	 -0.307	  0.754

6 	  40.73	  11.62	   4.36
	 -0.440	 -0.715	 -0.543
	  0.053	  0.584	 -0.810
	  0.896	 -0.384	 -0.220

7 	  42.33	  -5.34	  -4.01
	  0.708	 -0.643	 -0.294
	  0.675	  0.738	  0.011
	  0.211	 -0.206	  0.955

8 	  50.13	 -11.41	   5.62
	  0.948	  0.298	  0.111
	 -0.236	  0.890	 -0.390
	 -0.217	  0.345	  0.913

9 	  40.80	 -12.16	   5.15
	 -0.459	  0.635	 -0.621
	 -0.182	  0.617	  0.765
	  0.870	  0.463	 -0.168

2 	  33.54	  -8.09	  22.75
	  0.556	  0.830	 -0.047
	 -0.832	  0.554	 -0.032
	  0.000	  0.057	  0.998

3 	  38.88	  -0.39	  -0.88
	  0.409	 -0.087	 -0.908
	 -0.244	  0.949	 -0.200
	  0.879	  0.303	  0.367

4 	  42.61	   4.52	  -3.62
	  0.534	  0.843	 -0.070
	 -0.799	  0.528	  0.286
	  0.279	 -0.097	  0.955

5 	  49.94	  11.95	   7.28
	  0.842	 -0.186	  0.506
	 -0.029	  0.920	  0.389
	 -0.540	 -0.345	  0.768

6 	  40.73	  11.50	   4.64
	 -0.453	 -0.711	 -0.538
	  0.014	  0.598	 -0.802
	  0.892	 -0.370	 -0.261

7 	  42.22	  -5.36	  -3.90
	  0.702	 -0.652	 -0.286
	  0.682	  0.731	  0.001
	  0.210	 -0.196	  0.958

8 	  50.08	 -11.60	   5.38
	  0.965	  0.258	  0.035
	 -0.222	  0.885	 -0.409
	 -0.137	  0.388	  0.911

9 	  40.78	 -12.01	   5.52
	 -0.474	  0.631	 -0.614
	 -0.127	  0.641	  0.756
	  0.872	  0.435	 -0.224

2 	  33.54	  -8.09	  22.76
	  0.555	  0.830	 -0.047
	 -0.832	  0.553	 -0.033
	 -0.000	  0.057	  0.998

3 	  38.85	  -0.39	  -0.84
	  0.407	 -0.088	 -0.909
	 -0.250	  0.947	 -0.203
	  0.879	  0.309	  0.363

4 	  42.52	   4.54	  -3.57
	  0.530	  0.845	 -0.064
	 -0.800	  0.523	  0.293
	  0.282	 -0.104	  0.953

5 	  50.13	  12.18	   6.77
	  0.913	 -0.153	  0.378
	 -0.065	  0.860	  0.506
	 -0.403	 -0.490	  0.773

6 	  40.87	  11.20	   5.22
	 -0.479	 -0.711	 -0.515
	 -0.084	  0.621	 -0.779
	  0.874	 -0.330	 -0.357

7 	  42.13	  -5.45	  -3.76
	  0.692	 -0.669	 -0.271
	  0.692	  0.721	 -0.015
	  0.206	 -0.178	  0.962

8 	  50.03	 -11.85	   4.71
	  0.973	  0.201	 -0.113
	 -0.231	  0.873	 -0.430
	  0.013	  0.443	  0.896

9 	  40.90	 -11.76	   6.05
	 -0.506	  0.623	 -0.596
	 -0.041	  0.673	  0.738
	  0.862	  0.397	 -0.315

2 	  33.54	  -8.09	  22.76
	  0.555	  0.830	 -0.047
	 -0.832	  0.553	 -0.033
	 -0.000	  0.057	  0.998

3 	  38.79	  -0.42	  -0.79
	  0.399	 -0.085	 -0.913
	 -0.260	  0.944	 -0.201
	  0.879	  0.317	  0.355

4 	  42.45	   4.57	  -3.43
	  0.526	  0.848	 -0.056
	 -0.801	  0.516	  0.302
	  0.286	 -0.114	  0.951

5 	  50.31	  12.50	   5.89
	  0.971	 -0.107	  0.212
	 -0.045	  0.793	  0.607
	 -0.234	 -0.601	  0.764

6 	  41.01	  11.04	   5.59
	 -0.505	 -0.720	 -0.475
	 -0.183	  0.627	 -0.757
	  0.844	 -0.295	 -0.448

7 	  42.12	  -5.50	  -3.71
	  0.685	 -0.677	 -0.269
	  0.698	  0.715	 -0.021
	  0.208	 -0.173	  0.963

8 	  49.94	 -12.15	   3.85
	  0.957	  0.153	 -0.246
	 -0.249	  0.873	 -0.419
	  0.152	  0.461	  0.874

9 	  41.03	 -11.62	   6.28
	 -0.531	  0.627	 -0.570
	  0.022	  0.682	  0.730
	  0.847	  0.374	 -0.376

2 	  33.54	  -8.09	  22.76
	  0.555	  0.830	 -0.047
	 -0.832	  0.553	 -0.033
	 -0.000	  0.057	  0.998

3 	  38.78	  -0.44	  -0.76
	  0.394	 -0.085	 -0.915
	 -0.267	  0.942	 -0.202
	  0.880	  0.323	  0.348

4 	  42.38	   4.55	  -3.39
	  0.519	  0.853	 -0.055
	 -0.804	  0.508	  0.307
	  0.291	 -0.115	  0.949

5 	  50.24	  12.90	   5.15
	  0.994	 -0.060	  0.093
	 -0.019	  0.736	  0.676
	 -0.110	 -0.675	  0.730

6 	  41.12	  11.00	   5.75
	 -0.520	 -0.732	 -0.440
	 -0.246	  0.620	 -0.745
	  0.819	 -0.279	 -0.501

7 	  42.03	  -5.54	  -3.69
	  0.681	 -0.682	 -0.269
	  0.702	  0.712	 -0.030
	  0.213	 -0.168	  0.962

8 	  49.71	 -12.41	   2.95
	  0.916	  0.104	 -0.387
	 -0.273	  0.870	 -0.409
	  0.297	  0.478	  0.826

9 	  41.29	 -11.51	   6.49
	 -0.564	  0.629	 -0.535
	  0.091	  0.691	  0.717
	  0.821	  0.355	 -0.446

2 	  33.54	  -8.09	  22.76
	  0.556	  0.830	 -0.046
	 -0.832	  0.554	 -0.033
	 -0.000	  0.057	  0.998

3 	  38.76	  -0.46	  -0.74
	  0.388	 -0.085	 -0.917
	 -0.276	  0.939	 -0.204
	  0.879	  0.332	  0.341

4 	  42.35	   4.54	  -3.38
	  0.517	  0.854	 -0.053
	 -0.805	  0.505	  0.312
	  0.294	 -0.118	  0.948

5 	  50.27	  12.92	   4.43
	  0.998	 -0.055	 -0.007
	  0.043	  0.708	  0.705
	 -0.034	 -0.705	  0.708

6 	  41.26	  10.99	   5.80
	 -0.538	 -0.737	 -0.410
	 -0.282	  0.614	 -0.737
	  0.795	 -0.281	 -0.537

7 	  42.03	  -5.55	  -3.69
	  0.677	 -0.684	 -0.271
	  0.704	  0.709	 -0.036
	  0.218	 -0.167	  0.961

8 	  49.54	 -12.74	   2.37
	  0.881	  0.046	 -0.471
	 -0.270	  0.869	 -0.414
	  0.392	  0.489	  0.779

9 	  41.45	 -11.41	   6.57
	 -0.576	  0.637	 -0.512
	  0.137	  0.692	  0.708
	  0.806	  0.337	 -0.486

2 	  33.54	  -8.09	  22.75
	  0.556	  0.830	 -0.047
	 -0.832	  0.554	 -0.032
	  0.000	  0.057	  0.998

3 	  38.78	  -0.47	  -0.74
	  0.385	 -0.088	 -0.919
	 -0.279	  0.938	 -0.206
	  0.880	  0.336	  0.337

4 	  42.35	   4.54	  -3.38
	  0.516	  0.855	 -0.052
	 -0.804	  0.503	  0.316
	  0.297	 -0.120	  0.947

5 	  50.29	  13.11	   3.99
	  0.996	 -0.039	 -0.073
	  0.080	  0.681	  0.728
	  0.021	 -0.732	  0.681

6 	  41.45	  11.00	   5.84
	 -0.546	 -0.743	 -0.386
	 -0.314	  0.608	 -0.729
	  0.777	 -0.277	 -0.564

7 	  41.98	  -5.57	  -3.69
	  0.670	 -0.690	 -0.274
	  0.709	  0.703	 -0.039
	  0.221	 -0.168	  0.960

8 	  49.31	 -13.01	   2.13
	  0.859	  0.000	 -0.511
	 -0.264	  0.859	 -0.438
	  0.442	  0.508	  0.739

9 	  41.50	 -11.34	   6.63
	 -0.581	  0.641	 -0.502
	  0.160	  0.694	  0.701
	  0.799	  0.326	 -0.505

2 	  33.54	  -8.09	  22.75
	  0.556	  0.830	 -0.047
	 -0.832	  0.554	 -0.033
	 -0.000	  0.057	  0.998

3 	  38.78	  -0.47	  -0.74
	  0.383	 -0.089	 -0.919
	 -0.280	  0.937	 -0.207
	  0.880	  0.336	  0.334

4 	  42.36	   4.54	  -3.36
	  0.518	  0.854	 -0.052
	 -0.802	  0.504	  0.322
	  0.302	 -0.125	  0.945

5 	  50.31	  13.22	   3.59
	  0.991	 -0.026	 -0.131
	  0.116	  0.652	  0.749
	  0.066	 -0.758	  0.649

6 	  41.62	  11.02	   5.89
	 -0.556	 -0.745	 -0.368
	 -0.339	  0.607	 -0.719
	  0.760	 -0.276	 -0.588

7 	  41.98	  -5.59	  -3.71
	  0.666	 -0.693	 -0.276
	  0.712	  0.700	 -0.042
	  0.224	 -0.169	  0.960

8 	  49.29	 -13.10	   1.86
	  0.829	 -0.020	 -0.558
	 -0.298	  0.831	 -0.469
	  0.476	  0.552	  0.684

9 	  41.68	 -11.29	   6.68
	 -0.598	  0.635	 -0.488
	  0.177	  0.698	  0.693
	  0.782	  0.328	 -0.530

2 	  33.54	  -8.09	  22.76
	  0.556	  0.830	 -0.047
	 -0.832	  0.554	 -0.033
	 -0.001	  0.057	  0.998

3 	  38.74	  -0.47	  -0.72
	  0.376	 -0.089	 -0.922
	 -0.284	  0.936	 -0.206
	  0.882	  0.339	  0.327

4 	  42.31	   4.54	  -3.34
	  0.513	  0.856	 -0.053
	 -0.801	  0.500	  0.330
	  0.311	 -0.127	  0.942

5 	  50.20	  13.52	   3.30
	  0.984	  0.016	 -0.176
	  0.132	  0.600	  0.789
	  0.118	 -0.800	  0.588

6 	  41.66	  10.97	   5.98
	 -0.557	 -0.751	 -0.354
	 -0.365	  0.603	 -0.710
	  0.748	 -0.266	 -0.608

7 	  41.92	  -5.57	  -3.73
	  0.662	 -0.693	 -0.283
	  0.712	  0.700	 -0.047
	  0.232	 -0.171	  0.958

8 	  49.13	 -13.39	   1.58
	  0.797	 -0.073	 -0.599
	 -0.334	  0.776	 -0.535
	  0.507	  0.623	  0.595

9 	  41.80	 -11.25	   6.68
	 -0.607	  0.641	 -0.470
	  0.201	  0.696	  0.689
	  0.770	  0.323	 -0.550

2 	  33.54	  -8.09	  22.75
	  0.556	  0.830	 -0.047
	 -0.832	  0.554	 -0.033
	 -0.000	  0.057	  0.998

3 	  38.74	  -0.46	  -0.72
	  0.373	 -0.086	 -0.924
	 -0.287	  0.936	 -0.203
	  0.883	  0.340	  0.324

4 	  42.28	   4.54	  -3.32
	  0.509	  0.859	 -0.051
	 -0.801	  0.494	  0.338
	  0.317	 -0.131	  0.939

5 	  50.12	  13.68	   3.18
	  0.978	  0.037	 -0.205
	  0.149	  0.567	  0.810
	  0.146	 -0.823	  0.549

6 	  41.70	  10.95	   6.03
	 -0.559	 -0.755	 -0.343
	 -0.382	  0.599	 -0.703
	  0.738	 -0.263	 -0.622

7 	  41.89	  -5.54	  -3.73
	  0.661	 -0.693	 -0.287
	  0.713	  0.699	 -0.048
	  0.235	 -0.173	  0.956

8 	  49.13	 -13.45	   1.37
	  0.773	 -0.085	 -0.629
	 -0.376	  0.740	 -0.558
	  0.516	  0.664	  0.540

9 	  41.94	 -11.25	   6.66
	 -0.618	  0.641	 -0.454
	  0.216	  0.693	  0.687
	  0.756	  0.327	 -0.567

2 	  33.54	  -8.09	  22.76
	  0.556	  0.830	 -0.047
	 -0.832	  0.554	 -0.033
	 -0.001	  0.057	  0.998

3 	  38.72	  -0.49	  -0.70
	  0.366	 -0.085	 -0.927
	 -0.292	  0.935	 -0.201
	  0.884	  0.343	  0.318

4 	  42.21	   4.52	  -3.32
	  0.501	  0.863	 -0.057
	 -0.803	  0.488	  0.343
	  0.325	 -0.126	  0.937

5 	  50.03	  13.57	   2.62
	  0.962	  0.017	 -0.272
	  0.212	  0.581	  0.785
	  0.171	 -0.813	  0.556

6 	  41.75	  10.99	   5.99
	 -0.568	 -0.757	 -0.321
	 -0.401	  0.594	 -0.697
	  0.720	 -0.268	 -0.640

7 	  41.85	  -5.57	  -3.71
	  0.659	 -0.692	 -0.293
	  0.712	  0.700	 -0.053
	  0.243	 -0.174	  0.954

8 	  49.08	 -13.52	   0.98
	  0.729	 -0.086	 -0.679
	 -0.435	  0.710	 -0.553
	  0.534	  0.695	  0.480

9 	  42.19	 -11.23	   6.70
	 -0.642	  0.637	 -0.426
	  0.238	  0.693	  0.680
	  0.729	  0.335	 -0.597

2 	  33.54	  -8.09	  22.76
	  0.556	  0.830	 -0.047
	 -0.832	  0.554	 -0.033
	 -0.000	  0.057	  0.998

3 	  38.69	  -0.53	  -0.67
	  0.358	 -0.084	 -0.930
	 -0.295	  0.935	 -0.197
	  0.886	  0.345	  0.310

4 	  42.15	   4.52	  -3.25
	  0.498	  0.866	 -0.054
	 -0.801	  0.481	  0.356
	  0.335	 -0.134	  0.932

5 	  49.96	  13.39	   2.18
	  0.941	 -0.009	 -0.339
	  0.281	  0.584	  0.761
	  0.192	 -0.811	  0.553

6 	  41.84	  10.97	   6.13
	 -0.582	 -0.754	 -0.305
	 -0.417	  0.598	 -0.684
	  0.700	 -0.271	 -0.661

7 	  41.80	  -5.59	  -3.69
	  0.656	 -0.695	 -0.295
	  0.715	  0.697	 -0.056
	  0.246	 -0.174	  0.953

8 	  48.97	 -13.38	   0.74
	  0.689	 -0.083	 -0.720
	 -0.491	  0.680	 -0.545
	  0.538	  0.726	  0.427

9 	  42.33	 -11.18	   6.77
	 -0.659	  0.630	 -0.411
	  0.250	  0.698	  0.671
	  0.710	  0.339	 -0.616

2 	  33.54	  -8.09	  22.76
	  0.556	  0.830	 -0.047
	 -0.832	  0.554	 -0.033
	 -0.000	  0.057	  0.998

3 	  38.65	  -0.53	  -0.63
	  0.352	 -0.080	 -0.932
	 -0.301	  0.934	 -0.193
	  0.886	  0.348	  0.304

4 	  42.06	   4.59	  -3.22
	  0.490	  0.870	 -0.049
	 -0.803	  0.473	  0.363
	  0.340	 -0.138	  0.930

5 	  49.83	  13.31	   1.95
	  0.924	 -0.026	 -0.381
	  0.324	  0.583	  0.745
	  0.203	 -0.812	  0.547

6 	  41.84	  11.00	   6.21
	 -0.586	 -0.753	 -0.300
	 -0.427	  0.600	 -0.676
	  0.691	 -0.268	 -0.671

7 	  41.77	  -5.57	  -3.69
	  0.654	 -0.695	 -0.297
	  0.716	  0.696	 -0.054
	  0.246	 -0.177	  0.953

8 	  48.90	 -13.31	   0.51
	  0.666	 -0.069	 -0.743
	 -0.516	  0.679	 -0.522
	  0.544	  0.728	  0.416

9 	  42.42	 -11.18	   6.75
	 -0.665	  0.631	 -0.399
	  0.256	  0.695	  0.672
	  0.702	  0.344	 -0.624

2 	  33.54	  -8.09	  22.75
	  0.556	  0.830	 -0.047
	 -0.832	  0.554	 -0.033
	 -0.000	  0.057	  0.998

3 	  38.64	  -0.49	  -0.58
	  0.345	 -0.072	 -0.936
	 -0.306	  0.934	 -0.184
	  0.887	  0.349	  0.301

4 	  41.98	   4.68	  -3.13
	  0.482	  0.875	 -0.043
	 -0.805	  0.461	  0.372
	  0.347	 -0.144	  0.927

5 	  49.64	  13.27	   1.78
	  0.907	 -0.032	 -0.419
	  0.357	  0.585	  0.728
	  0.223	 -0.810	  0.543

6 	  41.78	  10.99	   6.42
	 -0.589	 -0.752	 -0.295
	 -0.443	  0.604	 -0.662
	  0.678	 -0.259	 -0.688

7 	  41.70	  -5.54	  -3.66
	  0.652	 -0.694	 -0.303
	  0.717	  0.695	 -0.052
	  0.248	 -0.184	  0.951

8 	  48.76	 -13.13	   0.26
	  0.632	 -0.054	 -0.773
	 -0.558	  0.663	 -0.499
	  0.543	  0.744	  0.387

9 	  42.47	 -11.13	   6.77
	 -0.679	  0.627	 -0.382
	  0.266	  0.694	  0.668
	  0.685	  0.352	 -0.638

2 	  33.54	  -8.09	  22.75
	  0.555	  0.830	 -0.047
	 -0.832	  0.553	 -0.033
	 -0.000	  0.057	  0.998

3 	  38.55	  -0.44	  -0.53
	  0.339	 -0.065	 -0.939
	 -0.309	  0.935	 -0.176
	  0.889	  0.349	  0.297

4 	  41.87	   4.75	  -3.04
	  0.478	  0.878	 -0.035
	 -0.806	  0.453	  0.381
	  0.352	 -0.153	  0.923

5 	  49.48	  13.20	   1.76
	  0.896	 -0.041	 -0.442
	  0.380	  0.583	  0.717
	  0.229	 -0.810	  0.539

6 	  41.71	  10.97	   6.52
	 -0.591	 -0.751	 -0.296
	 -0.448	  0.609	 -0.655
	  0.673	 -0.255	 -0.694

7 	  41.62	  -5.50	  -3.64
	  0.650	 -0.695	 -0.306
	  0.718	  0.694	 -0.051
	  0.249	 -0.187	  0.950

8 	  48.67	 -13.03	   0.14
	  0.607	 -0.047	 -0.793
	 -0.580	  0.657	 -0.481
	  0.547	  0.750	  0.370

9 	  42.52	 -11.06	   6.82
	 -0.688	  0.621	 -0.375
	  0.271	  0.698	  0.662
	  0.673	  0.354	 -0.649

2 	  33.54	  -8.09	  22.76
	  0.556	  0.830	 -0.046
	 -0.832	  0.554	 -0.033
	 -0.001	  0.056	  0.998

3 	  38.51	  -0.46	  -0.49
	  0.334	 -0.063	 -0.940
	 -0.312	  0.934	 -0.173
	  0.890	  0.350	  0.292

4 	  41.80	   4.76	  -2.99
	  0.471	  0.881	 -0.035
	 -0.808	  0.447	  0.383
	  0.355	 -0.152	  0.922

5 	  49.36	  13.24	   1.71
	  0.891	 -0.039	 -0.452
	  0.388	  0.584	  0.713
	  0.238	 -0.810	  0.536

6 	  41.66	  10.95	   6.56
	 -0.589	 -0.754	 -0.292
	 -0.457	  0.607	 -0.650
	  0.669	 -0.249	 -0.700

7 	  41.57	  -5.52	  -3.60
	  0.650	 -0.696	 -0.304
	  0.718	  0.693	 -0.055
	  0.250	 -0.183	  0.951

8 	  48.64	 -12.99	   0.23
	  0.594	 -0.053	 -0.803
	 -0.596	  0.643	 -0.480
	  0.545	  0.762	  0.349

9 	  42.57	 -11.02	   6.91
	 -0.694	  0.615	 -0.374
	  0.276	  0.707	  0.651
	  0.665	  0.349	 -0.660

2 	  33.54	  -8.10	  22.76
	  0.556	  0.830	 -0.047
	 -0.832	  0.554	 -0.033
	 -0.001	  0.057	  0.998

3 	  38.48	  -0.46	  -0.46
	  0.329	 -0.063	 -0.942
	 -0.313	  0.934	 -0.172
	  0.891	  0.351	  0.287

4 	  41.73	   4.76	  -2.97
	  0.470	  0.882	 -0.036
	 -0.807	  0.445	  0.387
	  0.359	 -0.152	  0.921

5 	  49.27	  13.22	   1.65
	  0.884	 -0.038	 -0.465
	  0.399	  0.582	  0.708
	  0.245	 -0.811	  0.530

6 	  41.64	  10.92	   6.63
	 -0.591	 -0.753	 -0.290
	 -0.464	  0.609	 -0.644
	  0.663	 -0.246	 -0.707

7 	  41.48	  -5.57	  -3.55
	  0.645	 -0.701	 -0.304
	  0.722	  0.689	 -0.062
	  0.254	 -0.180	  0.950

8 	  48.50	 -13.03	   0.23
	  0.578	 -0.062	 -0.814
	 -0.607	  0.635	 -0.477
	  0.549	  0.768	  0.328

9 	  42.54	 -10.97	   6.98
	 -0.698	  0.613	 -0.370
	  0.286	  0.712	  0.641
	  0.657	  0.342	 -0.672

2 	  33.54	  -8.09	  22.76
	  0.556	  0.830	 -0.047
	 -0.832	  0.554	 -0.033
	 -0.000	  0.057	  0.998

3 	  38.36	  -0.46	  -0.39
	  0.321	 -0.061	 -0.945
	 -0.316	  0.934	 -0.167
	  0.893	  0.351	  0.280

4 	  41.59	   4.78	  -2.92
	  0.467	  0.883	 -0.036
	 -0.805	  0.441	  0.396
	  0.367	 -0.156	  0.917

5 	  49.15	  13.24	   1.65
	  0.878	 -0.034	 -0.477
	  0.407	  0.578	  0.706
	  0.253	 -0.814	  0.522

6 	  41.57	  10.90	   6.71
	 -0.591	 -0.753	 -0.291
	 -0.470	  0.613	 -0.635
	  0.658	 -0.239	 -0.714

7 	  41.36	  -5.55	  -3.50
	  0.642	 -0.702	 -0.308
	  0.722	  0.688	 -0.067
	  0.260	 -0.180	  0.949

8 	  48.43	 -13.01	   0.21
	  0.573	 -0.062	 -0.817
	 -0.612	  0.631	 -0.476
	  0.549	  0.771	  0.322

9 	  42.54	 -10.95	   7.03
	 -0.701	  0.609	 -0.370
	  0.285	  0.715	  0.638
	  0.654	  0.342	 -0.674

2 	  33.54	  -8.09	  22.76
	  0.556	  0.830	 -0.047
	 -0.832	  0.554	 -0.033
	 -0.000	  0.057	  0.998

3 	  38.30	  -0.42	  -0.37
	  0.318	 -0.058	 -0.946
	 -0.316	  0.934	 -0.164
	  0.894	  0.351	  0.279

4 	  41.52	   4.83	  -2.88
	  0.466	  0.884	 -0.033
	 -0.805	  0.439	  0.399
	  0.369	 -0.159	  0.915

5 	  49.06	  13.29	   1.76
	  0.880	 -0.029	 -0.474
	  0.403	  0.575	  0.711
	  0.253	 -0.817	  0.518

6 	  41.47	  10.88	   6.79
	 -0.588	 -0.752	 -0.298
	 -0.469	  0.615	 -0.633
	  0.662	 -0.233	 -0.713

7 	  41.36	  -5.55	  -3.50
	  0.644	 -0.700	 -0.308
	  0.720	  0.690	 -0.067
	  0.261	 -0.179	  0.948

8 	  48.46	 -12.90	   0.26
	  0.577	 -0.058	 -0.815
	 -0.616	  0.625	 -0.478
	  0.540	  0.776	  0.324

9 	  42.52	 -10.90	   7.05
	 -0.705	  0.602	 -0.374
	  0.275	  0.718	  0.639
	  0.655	  0.348	 -0.671

2 	  33.54	  -8.09	  22.75
	  0.556	  0.830	 -0.047
	 -0.832	  0.554	 -0.033
	 -0.000	  0.057	  0.998

3 	  38.30	  -0.42	  -0.37
	  0.318	 -0.057	 -0.946
	 -0.317	  0.934	 -0.163
	  0.894	  0.351	  0.279

4 	  41.50	   4.83	  -2.88
	  0.466	  0.884	 -0.033
	 -0.805	  0.439	  0.398
	  0.368	 -0.159	  0.916

5 	  49.04	  13.27	   1.79
	  0.881	 -0.030	 -0.471
	  0.402	  0.575	  0.712
	  0.251	 -0.817	  0.519

6 	  41.43	  10.86	   6.79
	 -0.588	 -0.752	 -0.300
	 -0.467	  0.616	 -0.634
	  0.663	 -0.233	 -0.711

7 	  41.34	  -5.54	  -3.50
	  0.645	 -0.699	 -0.310
	  0.718	  0.692	 -0.068
	  0.263	 -0.179	  0.948

8 	  48.46	 -12.90	   0.23
	  0.577	 -0.054	 -0.815
	 -0.619	  0.625	 -0.476
	  0.539	  0.777	  0.325

9 	  42.50	 -10.90	   7.03
	 -0.705	  0.603	 -0.373
	  0.275	  0.717	  0.640
	  0.654	  0.349	 -0.671

2 	  33.54	  -8.10	  22.75
	  0.556	  0.830	 -0.046
	 -0.832	  0.554	 -0.033
	 -0.001	  0.057	  0.998

3 	  38.29	  -0.42	  -0.37
	  0.319	 -0.059	 -0.946
	 -0.316	  0.934	 -0.165
	  0.894	  0.351	  0.279

4 	  41.50	   4.80	  -2.90
	  0.464	  0.885	 -0.036
	 -0.807	  0.438	  0.395
	  0.367	 -0.154	  0.917

5 	  48.99	  13.29	   1.74
	  0.881	 -0.028	 -0.472
	  0.400	  0.576	  0.713
	  0.253	 -0.817	  0.518

6 	  41.36	  10.90	   6.71
	 -0.582	 -0.757	 -0.296
	 -0.472	  0.610	 -0.637
	  0.665	 -0.231	 -0.710

7 	  41.33	  -5.55	  -3.50
	  0.645	 -0.699	 -0.309
	  0.719	  0.692	 -0.068
	  0.262	 -0.178	  0.948

8 	  48.39	 -12.94	   0.23
	  0.572	 -0.060	 -0.818
	 -0.623	  0.619	 -0.479
	  0.538	  0.781	  0.315

9 	  42.49	 -10.92	   7.05
	 -0.703	  0.606	 -0.371
	  0.282	  0.717	  0.638
	  0.654	  0.343	 -0.674

2 	  33.54	  -8.09	  22.75
	  0.556	  0.830	 -0.046
	 -0.832	  0.554	 -0.033
	 -0.001	  0.056	  0.998

3 	  38.27	  -0.44	  -0.37
	  0.320	 -0.062	 -0.945
	 -0.317	  0.933	 -0.168
	  0.893	  0.352	  0.279

4 	  41.48	   4.78	  -2.92
	  0.463	  0.885	 -0.037
	 -0.808	  0.438	  0.394
	  0.366	 -0.152	  0.918

5 	  48.94	  13.32	   1.69
	  0.877	 -0.022	 -0.479
	  0.406	  0.567	  0.716
	  0.257	 -0.822	  0.507

6 	  41.40	  10.90	   6.71
	 -0.583	 -0.758	 -0.291
	 -0.477	  0.609	 -0.634
	  0.660	 -0.231	 -0.715

7 	  41.31	  -5.57	  -3.50
	  0.644	 -0.701	 -0.306
	  0.720	  0.691	 -0.069
	  0.261	 -0.176	  0.949

8 	  48.29	 -13.04	   0.19
	  0.553	 -0.074	 -0.830
	 -0.640	  0.602	 -0.478
	  0.537	  0.793	  0.284

9 	  42.50	 -10.90	   7.08
	 -0.706	  0.606	 -0.365
	  0.292	  0.719	  0.630
	  0.646	  0.338	 -0.684

2 	  33.54	  -8.10	  22.75
	  0.556	  0.830	 -0.046
	 -0.832	  0.554	 -0.033
	 -0.001	  0.057	  0.998

3 	  38.25	  -0.46	  -0.35
	  0.319	 -0.064	 -0.945
	 -0.317	  0.933	 -0.169
	  0.893	  0.353	  0.278

4 	  41.45	   4.75	  -2.90
	  0.466	  0.884	 -0.040
	 -0.805	  0.441	  0.397
	  0.370	 -0.153	  0.916

5 	  48.96	  13.27	   1.55
	  0.868	 -0.027	 -0.495
	  0.421	  0.567	  0.708
	  0.263	 -0.823	  0.504

6 	  41.48	  10.88	   6.68
	 -0.591	 -0.755	 -0.284
	 -0.481	  0.611	 -0.629
	  0.650	 -0.235	 -0.723

7 	  41.24	  -5.61	  -3.46
	  0.640	 -0.705	 -0.307
	  0.723	  0.687	 -0.072
	  0.262	 -0.176	  0.949

8 	  48.23	 -13.08	   0.16
	  0.542	 -0.080	 -0.836
	 -0.650	  0.593	 -0.476
	  0.537	  0.800	  0.268

9 	  42.52	 -10.92	   7.08
	 -0.708	  0.608	 -0.359
	  0.302	  0.720	  0.625
	  0.640	  0.334	 -0.692

2 	  33.52	  -8.09	  22.76
	  0.555	  0.830	 -0.047
	 -0.832	  0.553	 -0.033
	 -0.000	  0.057	  0.998

3 	  38.21	  -0.46	  -0.32
	  0.314	 -0.066	 -0.947
	 -0.316	  0.933	 -0.169
	  0.895	  0.352	  0.272

4 	  41.40	   4.76	  -2.88
	  0.465	  0.884	 -0.042
	 -0.802	  0.440	  0.403
	  0.376	 -0.153	  0.913

5 	  48.90	  13.29	   1.41
	  0.861	 -0.028	 -0.507
	  0.431	  0.570	  0.700
	  0.271	 -0.821	  0.503

6 	  41.50	  10.92	   6.68
	 -0.593	 -0.756	 -0.278
	 -0.486	  0.609	 -0.627
	  0.645	 -0.237	 -0.727

7 	  41.15	  -5.61	  -3.46
	  0.637	 -0.706	 -0.311
	  0.723	  0.686	 -0.078
	  0.270	 -0.175	  0.947

8 	  48.16	 -13.06	   0.04
	  0.524	 -0.080	 -0.848
	 -0.668	  0.579	 -0.467
	  0.531	  0.810	  0.248

9 	  42.59	 -10.90	   7.07
	 -0.715	  0.607	 -0.345
	  0.312	  0.719	  0.620
	  0.626	  0.337	 -0.703

2 	  33.54	  -8.09	  22.76
	  0.556	  0.830	 -0.047
	 -0.832	  0.554	 -0.033
	 -0.000	  0.057	  0.998

3 	  38.09	  -0.46	  -0.26
	  0.304	 -0.063	 -0.951
	 -0.321	  0.932	 -0.165
	  0.897	  0.355	  0.263

4 	  41.27	   4.78	  -2.87
	  0.464	  0.885	 -0.046
	 -0.798	  0.438	  0.413
	  0.387	 -0.155	  0.909

5 	  48.74	  13.36	   1.07
	  0.842	 -0.027	 -0.538
	  0.453	  0.577	  0.679
	  0.293	 -0.816	  0.499

6 	  41.52	  10.99	   6.68
	 -0.595	 -0.760	 -0.261
	 -0.502	  0.604	 -0.619
	  0.630	 -0.238	 -0.739

7 	  41.06	  -5.59	  -3.45
	  0.634	 -0.704	 -0.319
	  0.722	  0.687	 -0.083
	  0.278	 -0.178	  0.944

8 	  48.13	 -13.03	  -0.07
	  0.512	 -0.077	 -0.855
	 -0.676	  0.580	 -0.455
	  0.534	  0.809	  0.243

9 	  42.61	 -10.86	   7.05
	 -0.721	  0.605	 -0.337
	  0.316	  0.719	  0.619
	  0.617	  0.341	 -0.709

2 	  33.54	  -8.09	  22.75
	  0.556	  0.830	 -0.047
	 -0.832	  0.554	 -0.033
	 -0.000	  0.057	  0.998

3 	  38.07	  -0.46	  -0.25
	  0.301	 -0.062	 -0.951
	 -0.323	  0.932	 -0.163
	  0.897	  0.356	  0.261

4 	  41.24	   4.80	  -2.85
	  0.463	  0.885	 -0.044
	 -0.798	  0.436	  0.416
	  0.389	 -0.157	  0.907

5 	  48.73	  13.38	   1.12
	  0.841	 -0.024	 -0.541
	  0.454	  0.576	  0.679
	  0.297	 -0.816	  0.496

6 	  41.50	  10.95	   6.71
	 -0.595	 -0.759	 -0.263
	 -0.503	  0.606	 -0.616
	  0.629	 -0.235	 -0.741

7 	  41.04	  -5.57	  -3.45
	  0.634	 -0.704	 -0.321
	  0.722	  0.687	 -0.082
	  0.279	 -0.180	  0.943

8 	  48.11	 -13.03	  -0.12
	  0.509	 -0.076	 -0.857
	 -0.677	  0.580	 -0.452
	  0.534	  0.809	  0.243

9 	  42.64	 -10.88	   7.01
	 -0.722	  0.606	 -0.334
	  0.318	  0.718	  0.619
	  0.616	  0.342	 -0.710

2 	  33.54	  -8.09	  22.75
	  0.555	  0.830	 -0.047
	 -0.832	  0.553	 -0.033
	 -0.000	  0.057	  0.998

3 	  38.04	  -0.46	  -0.26
	  0.300	 -0.062	 -0.952
	 -0.326	  0.931	 -0.163
	  0.897	  0.359	  0.259

4 	  41.17	   4.80	  -2.87
	  0.457	  0.888	 -0.043
	 -0.800	  0.431	  0.417
	  0.390	 -0.156	  0.907

5 	  48.64	  13.34	   1.11
	  0.839	 -0.024	 -0.544
	  0.456	  0.579	  0.676
	  0.300	 -0.814	  0.497

6 	  41.43	  10.92	   6.71
	 -0.594	 -0.759	 -0.266
	 -0.503	  0.607	 -0.615
	  0.630	 -0.231	 -0.741

7 	  41.03	  -5.55	  -3.45
	  0.634	 -0.703	 -0.322
	  0.721	  0.688	 -0.082
	  0.280	 -0.180	  0.943

8 	  48.09	 -12.99	  -0.11
	  0.510	 -0.074	 -0.857
	 -0.678	  0.580	 -0.452
	  0.533	  0.810	  0.244

9 	  42.61	 -10.86	   7.03
	 -0.721	  0.606	 -0.335
	  0.317	  0.718	  0.619
	  0.617	  0.341	 -0.709

2 	  33.54	  -8.09	  22.75
	  0.556	  0.830	 -0.047
	 -0.832	  0.554	 -0.033
	 -0.000	  0.057	  0.998

3 	  38.00	  -0.47	  -0.25
	  0.300	 -0.067	 -0.952
	 -0.327	  0.930	 -0.168
	  0.896	  0.361	  0.257

4 	  41.12	   4.78	  -2.88
	  0.458	  0.887	 -0.049
	 -0.798	  0.435	  0.416
	  0.392	 -0.151	  0.907

5 	  48.60	  13.34	   1.05
	  0.838	 -0.028	 -0.544
	  0.456	  0.583	  0.672
	  0.300	 -0.811	  0.502

6 	  41.41	  10.93	   6.66
	 -0.597	 -0.758	 -0.264
	 -0.501	  0.608	 -0.616
	  0.629	 -0.235	 -0.741

7 	  40.97	  -5.61	  -3.38
	  0.635	 -0.705	 -0.315
	  0.720	  0.688	 -0.090
	  0.281	 -0.170	  0.944

8 	  48.08	 -12.97	   0.18
	  0.528	 -0.079	 -0.845
	 -0.673	  0.570	 -0.471
	  0.521	  0.816	  0.247

9 	  42.42	 -10.81	   7.22
	 -0.717	  0.599	 -0.357
	  0.302	  0.728	  0.616
	  0.630	  0.333	 -0.701

2 	  33.54	  -8.09	  22.75
	  0.556	  0.830	 -0.047
	 -0.832	  0.554	 -0.033
	 -0.000	  0.057	  0.998

3 	  37.97	  -0.49	  -0.23
	  0.298	 -0.069	 -0.952
	 -0.322	  0.932	 -0.168
	  0.899	  0.356	  0.256

4 	  41.17	   4.73	  -2.85
	  0.468	  0.882	 -0.047
	 -0.795	  0.443	  0.415
	  0.388	 -0.156	  0.908

5 	  48.76	  13.10	   1.44
	  0.862	 -0.036	 -0.506
	  0.428	  0.589	  0.685
	  0.274	 -0.807	  0.523

6 	  41.36	  10.78	   6.79
	 -0.597	 -0.749	 -0.289
	 -0.481	  0.620	 -0.619
	  0.644	 -0.230	 -0.729

7 	  40.99	  -5.66	  -3.36
	  0.635	 -0.708	 -0.309
	  0.721	  0.686	 -0.091
	  0.278	 -0.165	  0.946

8 	  48.16	 -12.96	   0.51
	  0.569	 -0.071	 -0.819
	 -0.643	  0.584	 -0.495
	  0.516	  0.807	  0.285

9 	  42.19	 -10.88	   7.24
	 -0.704	  0.598	 -0.382
	  0.282	  0.729	  0.624
	  0.652	  0.332	 -0.681

2 	  33.54	  -8.09	  22.75
	  0.556	  0.830	 -0.047
	 -0.832	  0.554	 -0.033
	 -0.000	  0.057	  0.998

3 	  38.04	  -0.49	  -0.28
	  0.305	 -0.071	 -0.950
	 -0.308	  0.936	 -0.169
	  0.901	  0.344	  0.264

4 	  41.29	   4.73	  -2.87
	  0.472	  0.881	 -0.037
	 -0.800	  0.444	  0.404
	  0.373	 -0.161	  0.913

5 	  48.80	  13.10	   1.88
	  0.889	 -0.025	 -0.457
	  0.381	  0.595	  0.708
	  0.255	 -0.803	  0.539

6 	  41.24	  10.63	   6.87
	 -0.580	 -0.748	 -0.322
	 -0.467	  0.628	 -0.622
	  0.670	 -0.211	 -0.712

7 	  41.08	  -5.68	  -3.41
	  0.638	 -0.709	 -0.300
	  0.724	  0.685	 -0.081
	  0.265	 -0.166	  0.950

8 	  48.45	 -12.85	   0.93
	  0.641	 -0.070	 -0.764
	 -0.586	  0.599	 -0.545
	  0.499	  0.795	  0.342

9 	  41.98	 -10.81	   7.21
	 -0.688	  0.587	 -0.426
	  0.240	  0.739	  0.630
	  0.685	  0.331	 -0.649

2 	  33.54	  -8.09	  22.75
	  0.556	  0.830	 -0.047
	 -0.832	  0.554	 -0.033
	 -0.001	  0.057	  0.998

3 	  38.07	  -0.51	  -0.37
	  0.319	 -0.070	 -0.945
	 -0.301	  0.938	 -0.170
	  0.899	  0.338	  0.278

4 	  41.31	   4.68	  -2.92
	  0.467	  0.883	 -0.034
	 -0.806	  0.440	  0.395
	  0.365	 -0.157	  0.917

5 	  48.80	  12.97	   2.64
	  0.926	 -0.009	 -0.378
	  0.310	  0.589	  0.746
	  0.217	 -0.807	  0.548

6 	  40.90	  10.37	   6.96
	 -0.559	 -0.735	 -0.384
	 -0.433	  0.653	 -0.621
	  0.708	 -0.182	 -0.682

7 	  41.15	  -5.64	  -3.53
	  0.644	 -0.706	 -0.295
	  0.721	  0.688	 -0.077
	  0.258	 -0.163	  0.952

8 	  49.17	 -12.38	   2.23
	  0.787	 -0.049	 -0.615
	 -0.469	  0.602	 -0.646
	  0.406	  0.795	  0.451

9 	  41.61	 -10.65	   7.28
	 -0.669	  0.522	 -0.529
	  0.111	  0.774	  0.623
	  0.735	  0.358	 -0.576

2 	  33.54	  -8.09	  22.76
	  0.556	  0.830	 -0.046
	 -0.832	  0.554	 -0.033
	 -0.000	  0.057	  0.998

3 	  38.04	  -0.51	  -0.37
	  0.326	 -0.061	 -0.943
	 -0.295	  0.941	 -0.163
	  0.898	  0.331	  0.289

4 	  41.33	   4.69	  -2.92
	  0.471	  0.881	 -0.023
	 -0.805	  0.440	  0.399
	  0.363	 -0.169	  0.916

5 	  48.97	  12.60	   3.87
	  0.965	 -0.014	 -0.261
	  0.214	  0.618	  0.756
	  0.151	 -0.786	  0.599

6 	  40.69	  10.04	   7.24
	 -0.545	 -0.701	 -0.460
	 -0.377	  0.694	 -0.613
	  0.750	 -0.161	 -0.641

7 	  41.17	  -5.62	  -3.60
	  0.649	 -0.703	 -0.290
	  0.716	  0.693	 -0.080
	  0.258	 -0.156	  0.953

8 	  49.89	 -11.57	   4.04
	  0.916	  0.029	 -0.400
	 -0.332	  0.617	 -0.714
	  0.228	  0.785	  0.576

9 	  41.31	 -10.58	   7.22
	 -0.637	  0.458	 -0.620
	 -0.028	  0.790	  0.612
	  0.771	  0.406	 -0.491

2 	  33.54	  -8.10	  22.75
	  0.556	  0.830	 -0.046
	 -0.832	  0.554	 -0.033
	 -0.000	  0.057	  0.998

3 	  38.04	  -0.49	  -0.32
	  0.325	 -0.050	 -0.944
	 -0.299	  0.942	 -0.153
	  0.897	  0.332	  0.291

4 	  41.34	   4.80	  -2.87
	  0.479	  0.877	 -0.014
	 -0.800	  0.442	  0.406
	  0.364	 -0.183	  0.913

5 	  49.32	  12.20	   5.10
	  0.993	 -0.039	 -0.110
	  0.107	  0.686	  0.719
	  0.047	 -0.726	  0.685

6 	  40.64	   9.91	   7.44
	 -0.533	 -0.661	 -0.529
	 -0.309	  0.733	 -0.606
	  0.789	 -0.160	 -0.593

7 	  41.20	  -5.54	  -3.66
	  0.651	 -0.695	 -0.304
	  0.710	  0.700	 -0.081
	  0.270	 -0.163	  0.949

8 	  50.36	 -10.85	   5.91
	  0.979	  0.124	 -0.162
	 -0.203	  0.704	 -0.680
	  0.030	  0.699	  0.714

9 	  41.31	 -10.65	   7.19
	 -0.604	  0.406	 -0.686
	 -0.147	  0.789	  0.595
	  0.785	  0.458	 -0.417

2 	  33.54	  -8.09	  22.76
	  0.556	  0.830	 -0.047
	 -0.832	  0.554	 -0.033
	 -0.000	  0.057	  0.998

3 	  38.09	  -0.47	  -0.21
	  0.319	 -0.040	 -0.947
	 -0.325	  0.934	 -0.149
	  0.890	  0.355	  0.284

4 	  41.47	   5.01	  -2.78
	  0.502	  0.865	  0.000
	 -0.787	  0.455	  0.416
	  0.361	 -0.209	  0.908

5 	  49.76	  11.83	   7.08
	  0.992	 -0.050	  0.112
	 -0.037	  0.747	  0.664
	 -0.117	 -0.664	  0.738

6 	  40.71	   9.70	   7.70
	 -0.518	 -0.594	 -0.615
	 -0.204	  0.784	 -0.586
	  0.831	 -0.179	 -0.527

7 	  41.55	  -5.71	  -3.52
	  0.661	 -0.689	 -0.297
	  0.693	  0.712	 -0.113
	  0.290	 -0.131	  0.948

8 	  50.64	 -10.51	   7.56
	  0.987	  0.162	  0.006
	 -0.113	  0.707	 -0.698
	 -0.118	  0.689	  0.715

9 	  41.50	 -10.67	   7.49
	 -0.573	  0.352	 -0.740
	 -0.229	  0.799	  0.555
	  0.789	  0.486	 -0.377

2 	  33.54	  -8.09	  22.75
	  0.556	  0.830	 -0.047
	 -0.832	  0.554	 -0.033
	 -0.000	  0.057	  0.998

3 	  38.34	  -0.47	  -0.05
	  0.326	 -0.027	 -0.945
	 -0.339	  0.930	 -0.143
	  0.883	  0.366	  0.294

4 	  41.89	   5.36	  -2.46
	  0.548	  0.835	  0.037
	 -0.761	  0.479	  0.438
	  0.350	 -0.268	  0.897

5 	  50.19	  11.02	   8.93
	  0.968	 -0.098	  0.231
	 -0.097	  0.703	  0.704
	 -0.232	 -0.705	  0.670

6 	  41.01	   9.40	   8.42
	 -0.525	 -0.498	 -0.690
	 -0.115	  0.845	 -0.522
	  0.843	 -0.195	 -0.501

7 	  42.06	  -6.10	  -3.22
	  0.691	 -0.682	 -0.239
	  0.672	  0.728	 -0.133
	  0.266	 -0.069	  0.961

8 	  50.64	  -9.88	   8.86
	  0.968	  0.238	  0.077
	 -0.110	  0.677	 -0.727
	 -0.227	  0.697	  0.680

9 	  41.54	 -10.72	   7.98
	 -0.528	  0.284	 -0.800
	 -0.312	  0.812	  0.492
	  0.792	  0.507	 -0.340

2 	  33.54	  -8.09	  22.75
	  0.556	  0.830	 -0.047
	 -0.832	  0.554	 -0.033
	 -0.000	  0.057	  0.998

3 	  38.53	  -0.39	   0.09
	  0.338	  0.007	 -0.941
	 -0.221	  0.973	 -0.072
	  0.915	  0.232	  0.330

4 	  42.26	   5.59	  -2.13
	  0.585	  0.808	  0.068
	 -0.740	  0.495	  0.456
	  0.336	 -0.317	  0.886

5 	  50.27	   9.53	  10.02
	  0.942	 -0.232	  0.241
	 -0.035	  0.647	  0.761
	 -0.334	 -0.728	  0.599

6 	  40.96	   9.11	   9.02
	 -0.523	 -0.392	 -0.756
	 -0.015	  0.892	 -0.452
	  0.853	 -0.224	 -0.472

7 	  42.70	  -6.50	  -2.87
	  0.738	 -0.655	 -0.160
	  0.643	  0.755	 -0.127
	  0.205	 -0.009	  0.979

8 	  50.50	  -9.02	   9.62
	  0.930	  0.357	  0.088
	 -0.182	  0.651	 -0.737
	 -0.323	  0.671	  0.667

9 	  41.54	 -10.88	   8.33
	 -0.469	  0.215	 -0.857
	 -0.405	  0.810	  0.423
	  0.787	  0.543	 -0.292

2 	  33.54	  -8.09	  22.75
	  0.556	  0.830	 -0.047
	 -0.832	  0.554	 -0.033
	 -0.000	  0.057	  0.998

3 	  38.67	  -0.53	   0.02
	  0.347	  0.024	 -0.938
	 -0.114	  0.993	 -0.016
	  0.931	  0.112	  0.348

4 	  42.70	   5.77	  -1.79
	  0.621	  0.779	  0.084
	 -0.716	  0.521	  0.464
	  0.319	 -0.348	  0.881

5 	  50.22	   8.51	  10.56
	  0.914	 -0.330	  0.233
	  0.043	  0.652	  0.757
	 -0.404	 -0.684	  0.607

6 	  40.90	   8.98	   9.32
	 -0.479	 -0.320	 -0.817
	  0.066	  0.916	 -0.396
	  0.876	 -0.243	 -0.417

7 	  43.21	  -6.79	  -2.60
	  0.780	 -0.620	 -0.083
	  0.610	  0.783	 -0.122
	  0.141	  0.045	  0.989

8 	  50.22	  -8.63	  10.39
	  0.899	  0.413	  0.145
	 -0.168	  0.626	 -0.761
	 -0.408	  0.662	  0.629

9 	  41.45	 -11.04	   8.47
	 -0.414	  0.184	 -0.891
	 -0.455	  0.807	  0.377
	  0.790	  0.560	 -0.249

2 	  33.54	  -8.09	  22.76
	  0.556	  0.830	 -0.047
	 -0.832	  0.554	 -0.033
	 -0.000	  0.057	  0.998

3 	  38.62	  -0.60	  -0.04
	  0.335	  0.005	 -0.942
	 -0.054	  0.998	 -0.014
	  0.940	  0.055	  0.335

4 	  42.93	   5.80	  -1.86
	  0.641	  0.766	  0.047
	 -0.698	  0.555	  0.452
	  0.322	 -0.322	  0.890

5 	  50.17	   8.33	  10.88
	  0.916	 -0.319	  0.242
	  0.032	  0.658	  0.752
	 -0.401	 -0.683	  0.611

6 	  40.94	   8.79	   9.54
	 -0.473	 -0.269	 -0.839
	  0.082	  0.935	 -0.344
	  0.878	 -0.230	 -0.420

7 	  43.08	  -6.91	  -2.58
	  0.793	 -0.604	 -0.073
	  0.592	  0.793	 -0.142
	  0.144	  0.070	  0.987

8 	  50.27	  -8.61	  10.58
	  0.894	  0.419	  0.158
	 -0.160	  0.625	 -0.764
	 -0.422	  0.659	  0.622

9 	  41.54	 -11.13	   8.68
	 -0.432	  0.153	 -0.888
	 -0.492	  0.786	  0.374
	  0.757	  0.597	 -0.264

2 	  33.54	  -8.09	  22.76
	  0.556	  0.830	 -0.046
	 -0.832	  0.554	 -0.033
	 -0.001	  0.057	  0.998

3 	  37.86	  -0.70	   0.26
	  0.310	 -0.013	 -0.950
	 -0.031	  0.999	 -0.024
	  0.950	  0.037	  0.310

4 	  42.17	   5.84	  -1.79
	  0.655	  0.755	  0.012
	 -0.673	  0.574	  0.465
	  0.346	 -0.313	  0.884

5 	  50.12	   8.21	  10.88
	  0.918	 -0.321	  0.232
	  0.048	  0.670	  0.740
	 -0.394	 -0.671	  0.628

6 	  40.80	   8.81	   9.91
	 -0.529	 -0.225	 -0.818
	  0.113	  0.937	 -0.329
	  0.842	 -0.266	 -0.470

7 	  42.08	  -6.94	  -2.44
	  0.802	 -0.587	 -0.105
	  0.566	  0.805	 -0.177
	  0.189	  0.082	  0.978

8 	  50.17	  -8.53	  10.67
	  0.901	  0.406	  0.153
	 -0.164	  0.641	 -0.750
	 -0.406	  0.652	  0.640

9 	  41.29	 -11.07	   8.93
	 -0.497	  0.124	 -0.859
	 -0.501	  0.768	  0.398
	  0.711	  0.627	 -0.318

2 	  33.54	  -8.10	  22.76
	  0.556	  0.830	 -0.047
	 -0.832	  0.554	 -0.033
	 -0.000	  0.057	  0.998

3 	  36.79	  -0.70	   0.83
	  0.242	 -0.010	 -0.970
	 -0.030	  0.999	 -0.017
	  0.969	  0.033	  0.242

4 	  41.10	   5.85	  -1.71
	  0.660	  0.750	 -0.041
	 -0.643	  0.590	  0.488
	  0.392	 -0.296	  0.871

5 	  49.96	   8.10	  10.86
	  0.920	 -0.330	  0.211
	  0.078	  0.679	  0.730
	 -0.386	 -0.658	  0.647

6 	  40.69	   8.84	  10.02
	 -0.587	 -0.188	 -0.788
	  0.148	  0.932	 -0.330
	  0.797	 -0.309	 -0.518

7 	  41.20	  -6.86	  -2.64
	  0.802	 -0.570	 -0.179
	  0.538	  0.819	 -0.199
	  0.261	  0.063	  0.963

8 	  50.01	  -8.44	  10.60
	  0.899	  0.401	  0.173
	 -0.161	  0.669	 -0.725
	 -0.410	  0.626	  0.663

9 	  41.22	 -11.11	   8.82
	 -0.527	  0.100	 -0.844
	 -0.529	  0.739	  0.417
	  0.667	  0.665	 -0.337

2 	  33.54	  -8.10	  22.76
	  0.556	  0.830	 -0.047
	 -0.832	  0.554	 -0.033
	 -0.000	  0.057	  0.998

3 	  36.49	  -0.65	   0.98
	  0.208	 -0.013	 -0.978
	 -0.015	  1.000	 -0.016
	  0.978	  0.018	  0.208

4 	  40.94	   5.92	  -1.67
	  0.659	  0.750	 -0.048
	 -0.639	  0.591	  0.493
	  0.399	 -0.295	  0.868

5 	  49.94	   8.03	  10.86
	  0.919	 -0.341	  0.199
	  0.095	  0.679	  0.727
	 -0.385	 -0.651	  0.654

6 	  40.62	   8.91	  10.20
	 -0.590	 -0.184	 -0.786
	  0.141	  0.936	 -0.323
	  0.796	 -0.300	 -0.525

7 	  41.38	  -6.80	  -2.50
	  0.802	 -0.574	 -0.165
	  0.546	  0.816	 -0.187
	  0.242	  0.061	  0.968

8 	  49.99	  -8.53	  10.71
	  0.901	  0.399	  0.166
	 -0.150	  0.647	 -0.748
	 -0.409	  0.651	  0.639

9 	  41.24	 -11.13	   8.95
	 -0.513	  0.110	 -0.851
	 -0.520	  0.750	  0.409
	  0.685	  0.651	 -0.326

