2 	  46.20	  -1.27	   1.78
	 -0.407	 -0.816	 -0.411
	  0.369	 -0.557	  0.744
	 -0.836	  0.151	  0.526

3 	  35.53	  -0.62	   2.04
	  0.135	 -0.015	 -0.991
	  0.054	  0.998	 -0.008
	  0.989	 -0.053	  0.136

4 	  40.20	   5.87	  -0.47
	  0.735	  0.676	 -0.048
	 -0.548	  0.634	  0.545
	  0.400	 -0.375	  0.836

5 	  52.29	   4.69	  10.71
	  0.719	 -0.638	  0.273
	  0.477	  0.740	  0.474
	 -0.510	 -0.212	  0.834

6 	  43.61	   9.35	  10.11
	 -0.705	  0.071	 -0.705
	  0.394	  0.866	 -0.307
	  0.590	 -0.493	 -0.639

7 	  40.17	  -6.82	  -1.23
	  0.836	 -0.499	 -0.226
	  0.449	  0.860	 -0.240
	  0.315	  0.099	  0.944

8 	  51.75	  -5.98	  10.65
	  0.781	  0.600	  0.167
	 -0.382	  0.670	 -0.636
	 -0.500	  0.434	  0.749

9 	  44.14	 -11.27	   9.46
	 -0.616	 -0.171	 -0.769
	 -0.770	  0.340	  0.540
	  0.168	  0.925	 -0.341

2 	  46.23	  -1.23	   1.76
	 -0.395	 -0.818	 -0.419
	  0.374	 -0.558	  0.741
	 -0.840	  0.136	  0.525

3 	  35.49	  -0.62	   2.04
	  0.135	 -0.015	 -0.991
	  0.054	  0.998	 -0.008
	  0.989	 -0.053	  0.135

4 	  40.20	   5.87	  -0.49
	  0.736	  0.675	 -0.051
	 -0.547	  0.635	  0.545
	  0.402	 -0.374	  0.836

5 	  52.29	   4.69	  10.71
	  0.720	 -0.637	  0.275
	  0.478	  0.740	  0.472
	 -0.510	 -0.209	  0.834

6 	  43.61	   9.35	  10.09
	 -0.706	  0.069	 -0.705
	  0.395	  0.865	 -0.309
	  0.590	 -0.495	 -0.638

7 	  40.13	  -6.82	  -1.25
	  0.836	 -0.500	 -0.228
	  0.449	  0.860	 -0.240
	  0.316	  0.099	  0.943

8 	  51.75	  -5.98	  10.63
	  0.780	  0.601	  0.168
	 -0.384	  0.671	 -0.634
	 -0.500	  0.432	  0.751

9 	  44.14	 -11.27	   9.44
	 -0.616	 -0.169	 -0.769
	 -0.770	  0.339	  0.541
	  0.168	  0.925	 -0.340

2 	  46.18	  -1.25	   1.78
	 -0.402	 -0.823	 -0.401
	  0.383	 -0.548	  0.744
	 -0.833	  0.145	  0.534

3 	  35.53	  -0.62	   2.04
	  0.135	 -0.015	 -0.991
	  0.054	  0.998	 -0.008
	  0.989	 -0.053	  0.136

4 	  40.18	   5.87	  -0.49
	  0.736	  0.675	 -0.051
	 -0.547	  0.635	  0.545
	  0.401	 -0.374	  0.836

5 	  52.28	   4.68	  10.71
	  0.719	 -0.637	  0.276
	  0.479	  0.740	  0.471
	 -0.510	 -0.208	  0.834

6 	  43.61	   9.35	  10.09
	 -0.705	  0.070	 -0.705
	  0.396	  0.864	 -0.310
	  0.589	 -0.497	 -0.637

7 	  40.15	  -6.82	  -1.25
	  0.836	 -0.500	 -0.227
	  0.449	  0.860	 -0.240
	  0.316	  0.099	  0.943

8 	  51.75	  -5.98	  10.65
	  0.780	  0.601	  0.169
	 -0.383	  0.672	 -0.634
	 -0.501	  0.431	  0.750

9 	  44.14	 -11.27	   9.44
	 -0.616	 -0.171	 -0.769
	 -0.770	  0.339	  0.540
	  0.167	  0.925	 -0.341

2 	  46.16	  -1.27	   1.79
	 -0.402	 -0.830	 -0.386
	  0.391	 -0.535	  0.749
	 -0.829	  0.150	  0.539

3 	  35.53	  -0.62	   2.04
	  0.135	 -0.016	 -0.991
	  0.053	  0.998	 -0.009
	  0.989	 -0.052	  0.136

4 	  40.18	   5.87	  -0.49
	  0.735	  0.676	 -0.050
	 -0.548	  0.635	  0.544
	  0.401	 -0.374	  0.836

5 	  52.29	   4.68	  10.71
	  0.719	 -0.637	  0.277
	  0.479	  0.740	  0.471
	 -0.511	 -0.208	  0.834

6 	  43.61	   9.35	  10.09
	 -0.706	  0.071	 -0.705
	  0.397	  0.863	 -0.310
	  0.588	 -0.498	 -0.637

7 	  40.15	  -6.82	  -1.23
	  0.836	 -0.500	 -0.225
	  0.450	  0.860	 -0.241
	  0.315	  0.100	  0.944

8 	  51.73	  -5.96	  10.67
	  0.781	  0.602	  0.167
	 -0.384	  0.670	 -0.635
	 -0.500	  0.433	  0.750

9 	  44.14	 -11.27	   9.47
	 -0.616	 -0.172	 -0.769
	 -0.770	  0.341	  0.539
	  0.168	  0.924	 -0.343

2 	  46.18	  -1.21	   1.79
	 -0.399	 -0.824	 -0.403
	  0.397	 -0.550	  0.734
	 -0.827	  0.133	  0.546

3 	  35.53	  -0.62	   2.02
	  0.136	 -0.016	 -0.990
	  0.052	  0.998	 -0.009
	  0.989	 -0.051	  0.137

4 	  40.20	   5.87	  -0.49
	  0.735	  0.676	 -0.048
	 -0.549	  0.634	  0.544
	  0.399	 -0.374	  0.837

5 	  52.28	   4.68	  10.71
	  0.720	 -0.636	  0.277
	  0.478	  0.741	  0.471
	 -0.511	 -0.208	  0.834

6 	  43.61	   9.35	  10.11
	 -0.705	  0.072	 -0.705
	  0.398	  0.863	 -0.310
	  0.588	 -0.498	 -0.637

7 	  40.17	  -6.84	  -1.23
	  0.837	 -0.500	 -0.223
	  0.450	  0.860	 -0.241
	  0.313	  0.101	  0.944

8 	  51.73	  -5.98	  10.67
	  0.781	  0.601	  0.166
	 -0.383	  0.670	 -0.636
	 -0.500	  0.434	  0.750

9 	  44.12	 -11.25	   9.49
	 -0.615	 -0.174	 -0.769
	 -0.770	  0.342	  0.538
	  0.168	  0.923	 -0.345

2 	  44.03	  -1.07	  -0.97
	 -0.376	 -0.862	 -0.340
	  0.509	 -0.498	  0.702
	 -0.775	  0.091	  0.625

3 	  35.49	  -0.69	   2.07
	  0.123	 -0.019	 -0.992
	  0.046	  0.999	 -0.014
	  0.991	 -0.044	  0.124

4 	  40.15	   5.78	  -0.44
	  0.736	  0.675	 -0.047
	 -0.552	  0.638	  0.536
	  0.393	 -0.369	  0.842

5 	  52.29	   4.66	  10.69
	  0.721	 -0.637	  0.273
	  0.480	  0.742	  0.468
	 -0.506	 -0.207	  0.838

6 	  43.58	   9.32	  10.11
	 -0.709	  0.070	 -0.701
	  0.394	  0.865	 -0.311
	  0.586	 -0.496	 -0.641

7 	  40.13	  -6.89	  -1.11
	  0.838	 -0.500	 -0.216
	  0.449	  0.858	 -0.247
	  0.309	  0.110	  0.944

8 	  51.73	  -5.96	  10.69
	  0.783	  0.601	  0.156
	 -0.387	  0.665	 -0.639
	 -0.494	  0.441	  0.750

9 	  44.10	 -11.29	   9.62
	 -0.618	 -0.185	 -0.764
	 -0.768	  0.352	  0.535
	  0.168	  0.917	 -0.360

2 	  44.02	  -1.07	  -0.93
	 -0.391	 -0.866	 -0.310
	  0.505	 -0.483	  0.715
	 -0.770	  0.122	  0.626

3 	  35.49	  -0.69	   2.07
	  0.123	 -0.019	 -0.992
	  0.046	  0.999	 -0.013
	  0.991	 -0.044	  0.124

4 	  40.15	   5.78	  -0.44
	  0.736	  0.675	 -0.046
	 -0.553	  0.638	  0.536
	  0.393	 -0.369	  0.842

5 	  52.29	   4.64	  10.69
	  0.721	 -0.636	  0.273
	  0.480	  0.742	  0.467
	 -0.505	 -0.207	  0.838

6 	  43.58	   9.32	  10.11
	 -0.709	  0.070	 -0.701
	  0.394	  0.865	 -0.311
	  0.586	 -0.496	 -0.641

7 	  40.13	  -6.89	  -1.11
	  0.839	 -0.500	 -0.214
	  0.449	  0.858	 -0.247
	  0.308	  0.111	  0.945

8 	  51.73	  -5.96	  10.71
	  0.783	  0.601	  0.156
	 -0.387	  0.665	 -0.639
	 -0.494	  0.441	  0.750

9 	  44.09	 -11.27	   9.63
	 -0.618	 -0.186	 -0.764
	 -0.768	  0.352	  0.535
	  0.168	  0.917	 -0.361

2 	  43.89	  -1.27	  -0.84
	 -0.500	 -0.840	 -0.209
	  0.468	 -0.464	  0.752
	 -0.729	  0.278	  0.625

3 	  35.49	  -0.69	   2.07
	  0.122	 -0.019	 -0.992
	  0.046	  0.999	 -0.014
	  0.991	 -0.044	  0.123

4 	  40.15	   5.77	  -0.44
	  0.736	  0.675	 -0.047
	 -0.553	  0.638	  0.536
	  0.393	 -0.369	  0.842

5 	  52.29	   4.64	  10.71
	  0.721	 -0.637	  0.273
	  0.480	  0.742	  0.467
	 -0.506	 -0.207	  0.838

6 	  43.58	   9.32	  10.12
	 -0.709	  0.070	 -0.701
	  0.395	  0.864	 -0.312
	  0.585	 -0.497	 -0.640

7 	  40.13	  -6.91	  -1.09
	  0.839	 -0.500	 -0.214
	  0.449	  0.858	 -0.248
	  0.308	  0.112	  0.945

8 	  51.73	  -5.96	  10.69
	  0.783	  0.601	  0.156
	 -0.387	  0.665	 -0.639
	 -0.494	  0.441	  0.750

9 	  44.09	 -11.29	   9.63
	 -0.618	 -0.186	 -0.764
	 -0.768	  0.352	  0.535
	  0.168	  0.917	 -0.361

2 	  43.77	  -1.65	  -0.74
	 -0.655	 -0.752	 -0.076
	  0.358	 -0.395	  0.846
	 -0.667	  0.527	  0.527

3 	  35.49	  -0.69	   2.07
	  0.122	 -0.019	 -0.992
	  0.046	  0.999	 -0.013
	  0.991	 -0.045	  0.123

4 	  40.15	   5.78	  -0.44
	  0.736	  0.676	 -0.046
	 -0.553	  0.638	  0.536
	  0.393	 -0.369	  0.842

5 	  52.29	   4.64	  10.71
	  0.720	 -0.637	  0.273
	  0.480	  0.742	  0.468
	 -0.506	 -0.207	  0.837

6 	  43.58	   9.33	  10.11
	 -0.709	  0.070	 -0.701
	  0.395	  0.864	 -0.312
	  0.585	 -0.497	 -0.640

7 	  40.13	  -6.91	  -1.09
	  0.839	 -0.500	 -0.214
	  0.449	  0.858	 -0.248
	  0.308	  0.112	  0.945

8 	  51.71	  -5.94	  10.69
	  0.783	  0.601	  0.156
	 -0.387	  0.665	 -0.639
	 -0.494	  0.441	  0.750

9 	  44.09	 -11.29	   9.65
	 -0.618	 -0.187	 -0.764
	 -0.768	  0.352	  0.534
	  0.168	  0.917	 -0.362

2 	  43.96	  -0.93	  -0.97
	 -0.462	 -0.773	 -0.434
	  0.495	 -0.630	  0.597
	 -0.736	  0.061	  0.674

3 	  35.49	  -0.69	   2.07
	  0.122	 -0.018	 -0.992
	  0.045	  0.999	 -0.013
	  0.991	 -0.044	  0.123

4 	  40.15	   5.78	  -0.44
	  0.735	  0.676	 -0.045
	 -0.554	  0.637	  0.536
	  0.392	 -0.369	  0.842

5 	  52.29	   4.66	  10.69
	  0.720	 -0.637	  0.274
	  0.479	  0.741	  0.469
	 -0.507	 -0.208	  0.837

6 	  43.58	   9.33	  10.11
	 -0.709	  0.070	 -0.701
	  0.395	  0.864	 -0.312
	  0.585	 -0.497	 -0.641

7 	  40.13	  -6.91	  -1.09
	  0.839	 -0.500	 -0.213
	  0.449	  0.858	 -0.248
	  0.307	  0.112	  0.945

8 	  51.73	  -5.94	  10.71
	  0.783	  0.602	  0.155
	 -0.388	  0.665	 -0.638
	 -0.494	  0.440	  0.750

9 	  44.09	 -11.27	   9.63
	 -0.618	 -0.187	 -0.764
	 -0.768	  0.352	  0.535
	  0.167	  0.917	 -0.361

2 	  39.66	  -0.62	  -4.83
	  0.625	 -0.602	 -0.497
	  0.412	  0.794	 -0.446
	  0.664	  0.075	  0.743

3 	  37.56	  -0.39	   0.67
	  0.333	 -0.015	 -0.943
	  0.071	  0.997	  0.009
	  0.940	 -0.070	  0.334

4 	  42.54	   5.96	  -1.00
	  0.741	  0.671	  0.008
	 -0.589	  0.642	  0.490
	  0.325	 -0.369	  0.871

5 	  52.54	   4.61	  10.72
	  0.683	 -0.667	  0.297
	  0.487	  0.717	  0.498
	 -0.550	 -0.197	  0.811

6 	  44.19	   9.58	   9.95
	 -0.604	  0.031	 -0.796
	  0.404	  0.873	 -0.271
	  0.689	 -0.484	 -0.539

7 	  42.31	  -6.77	  -1.63
	  0.825	 -0.559	 -0.083
	  0.537	  0.820	 -0.196
	  0.178	  0.117	  0.977

8 	  51.61	  -5.87	  10.49
	  0.745	  0.656	  0.116
	 -0.476	  0.644	 -0.599
	 -0.473	  0.392	  0.789

9 	  44.17	 -11.46	   9.69
	 -0.519	 -0.135	 -0.844
	 -0.798	  0.429	  0.422
	  0.305	  0.893	 -0.331

2 	  39.85	  -1.25	  -4.61
	  0.798	 -0.543	 -0.260
	  0.199	  0.645	 -0.737
	  0.569	  0.537	  0.622

3 	  37.55	  -0.39	   0.69
	  0.330	 -0.012	 -0.944
	  0.071	  0.997	  0.012
	  0.941	 -0.071	  0.330

4 	  42.54	   5.96	  -1.00
	  0.741	  0.671	  0.008
	 -0.588	  0.641	  0.492
	  0.327	 -0.370	  0.869

5 	  52.54	   4.62	  10.72
	  0.683	 -0.668	  0.295
	  0.487	  0.716	  0.498
	 -0.550	 -0.198	  0.812

6 	  44.19	   9.58	   9.95
	 -0.605	  0.031	 -0.796
	  0.402	  0.875	 -0.269
	  0.690	 -0.480	 -0.542

7 	  42.31	  -6.77	  -1.63
	  0.825	 -0.559	 -0.084
	  0.537	  0.820	 -0.196
	  0.179	  0.117	  0.977

8 	  51.59	  -5.85	  10.49
	  0.745	  0.656	  0.117
	 -0.477	  0.645	 -0.597
	 -0.473	  0.390	  0.790

9 	  44.16	 -11.46	   9.67
	 -0.520	 -0.134	 -0.844
	 -0.798	  0.427	  0.424
	  0.304	  0.894	 -0.329

2 	  39.94	   0.56	  -4.66
	  0.575	 -0.384	 -0.722
	  0.679	  0.717	  0.158
	  0.458	 -0.582	  0.672

3 	  37.51	  -0.39	   0.69
	  0.329	 -0.013	 -0.944
	  0.071	  0.997	  0.011
	  0.941	 -0.071	  0.329

4 	  42.50	   5.96	  -0.98
	  0.741	  0.672	  0.008
	 -0.588	  0.641	  0.493
	  0.328	 -0.370	  0.869

5 	  52.52	   4.62	  10.72
	  0.684	 -0.667	  0.294
	  0.488	  0.716	  0.498
	 -0.548	 -0.199	  0.812

6 	  44.17	   9.58	   9.95
	 -0.605	  0.031	 -0.795
	  0.401	  0.876	 -0.269
	  0.690	 -0.480	 -0.542

7 	  42.29	  -6.77	  -1.63
	  0.825	 -0.559	 -0.085
	  0.536	  0.820	 -0.198
	  0.181	  0.118	  0.976

8 	  51.59	  -5.85	  10.51
	  0.745	  0.657	  0.115
	 -0.479	  0.644	 -0.596
	 -0.472	  0.390	  0.791

9 	  44.16	 -11.46	   9.67
	 -0.521	 -0.135	 -0.843
	 -0.798	  0.428	  0.425
	  0.303	  0.894	 -0.331

2 	  40.50	  -0.26	  -5.04
	  0.812	 -0.552	 -0.190
	  0.565	  0.825	  0.019
	  0.146	 -0.123	  0.981

3 	  37.51	  -0.40	   0.69
	  0.328	 -0.015	 -0.944
	  0.072	  0.997	  0.009
	  0.942	 -0.072	  0.328

4 	  42.50	   5.96	  -0.98
	  0.741	  0.672	  0.008
	 -0.589	  0.641	  0.492
	  0.327	 -0.370	  0.870

5 	  52.52	   4.62	  10.71
	  0.684	 -0.667	  0.294
	  0.488	  0.717	  0.498
	 -0.548	 -0.199	  0.813

6 	  44.17	   9.58	   9.95
	 -0.606	  0.031	 -0.795
	  0.400	  0.876	 -0.269
	  0.690	 -0.479	 -0.543

7 	  42.29	  -6.79	  -1.62
	  0.825	 -0.559	 -0.085
	  0.536	  0.820	 -0.198
	  0.181	  0.118	  0.976

8 	  51.57	  -5.85	  10.49
	  0.745	  0.656	  0.115
	 -0.478	  0.644	 -0.596
	 -0.471	  0.390	  0.791

9 	  44.16	 -11.46	   9.69
	 -0.521	 -0.135	 -0.842
	 -0.798	  0.428	  0.425
	  0.303	  0.893	 -0.331

2 	  39.57	  -0.39	  -4.25
	  0.643	 -0.499	 -0.581
	  0.447	  0.859	 -0.247
	  0.624	 -0.100	  0.775

3 	  37.53	  -0.40	   0.69
	  0.328	 -0.016	 -0.944
	  0.073	  0.997	  0.009
	  0.942	 -0.072	  0.328

4 	  42.49	   5.94	  -0.98
	  0.741	  0.672	  0.008
	 -0.589	  0.641	  0.491
	  0.327	 -0.369	  0.870

5 	  52.52	   4.61	  10.72
	  0.684	 -0.667	  0.294
	  0.488	  0.717	  0.498
	 -0.548	 -0.199	  0.813

6 	  44.17	   9.58	   9.95
	 -0.606	  0.031	 -0.795
	  0.399	  0.876	 -0.269
	  0.690	 -0.479	 -0.543

7 	  42.29	  -6.79	  -1.62
	  0.825	 -0.559	 -0.086
	  0.536	  0.820	 -0.199
	  0.182	  0.118	  0.976

8 	  51.57	  -5.87	  10.49
	  0.746	  0.656	  0.113
	 -0.479	  0.644	 -0.596
	 -0.470	  0.391	  0.792

9 	  44.14	 -11.46	   9.70
	 -0.522	 -0.136	 -0.842
	 -0.798	  0.428	  0.424
	  0.302	  0.893	 -0.332

2 	  39.04	  -0.46	  -4.15
	  0.172	 -0.434	 -0.884
	  0.094	  0.901	 -0.424
	  0.980	 -0.010	  0.196

3 	  37.49	  -0.42	   0.69
	  0.328	 -0.017	 -0.944
	  0.074	  0.997	  0.008
	  0.941	 -0.073	  0.329

4 	  42.49	   5.94	  -0.97
	  0.741	  0.671	  0.008
	 -0.588	  0.642	  0.491
	  0.326	 -0.370	  0.870

5 	  52.52	   4.62	  10.71
	  0.684	 -0.667	  0.293
	  0.488	  0.717	  0.497
	 -0.547	 -0.198	  0.813

6 	  44.16	   9.56	   9.95
	 -0.607	  0.030	 -0.794
	  0.399	  0.876	 -0.270
	  0.690	 -0.479	 -0.543

7 	  42.26	  -6.79	  -1.62
	  0.824	 -0.559	 -0.087
	  0.536	  0.820	 -0.201
	  0.184	  0.119	  0.975

8 	  51.57	  -5.87	  10.49
	  0.746	  0.656	  0.113
	 -0.480	  0.644	 -0.595
	 -0.469	  0.390	  0.792

9 	  44.16	 -11.48	   9.69
	 -0.522	 -0.135	 -0.842
	 -0.797	  0.428	  0.425
	  0.302	  0.893	 -0.332

2 	  37.30	  -0.91	   5.03
	  0.594	 -0.278	 -0.754
	  0.194	  0.960	 -0.201
	  0.780	 -0.026	  0.625

3 	  38.16	  -0.53	   0.30
	  0.493	  0.117	 -0.862
	 -0.068	  0.993	  0.096
	  0.867	  0.011	  0.498

4 	  43.29	   5.89	  -1.20
	  0.755	  0.656	 -0.000
	 -0.578	  0.663	  0.475
	  0.314	 -0.359	  0.879

5 	  52.63	   4.57	  10.69
	  0.680	 -0.661	  0.316
	  0.486	  0.729	  0.481
	 -0.554	 -0.174	  0.814

6 	  44.40	   9.60	   9.79
	 -0.565	 -0.001	 -0.825
	  0.400	  0.874	 -0.274
	  0.724	 -0.483	 -0.493

7 	  43.01	  -6.86	  -1.79
	  0.825	 -0.560	 -0.068
	  0.542	  0.820	 -0.183
	  0.160	  0.114	  0.980

8 	  51.66	  -5.94	  10.51
	  0.738	  0.665	  0.113
	 -0.465	  0.619	 -0.633
	 -0.498	  0.415	  0.762

9 	  44.33	 -11.60	   9.58
	 -0.482	 -0.121	 -0.868
	 -0.812	  0.433	  0.391
	  0.328	  0.893	 -0.307

2 	  37.32	  -0.90	   5.04
	  0.602	 -0.273	 -0.750
	  0.202	  0.961	 -0.188
	  0.772	 -0.038	  0.634

3 	  38.20	  -0.53	   0.28
	  0.491	  0.113	 -0.864
	 -0.064	  0.993	  0.094
	  0.868	  0.009	  0.495

4 	  43.31	   5.91	  -1.21
	  0.754	  0.657	  0.002
	 -0.581	  0.662	  0.473
	  0.312	 -0.358	  0.880

5 	  52.63	   4.57	  10.69
	  0.680	 -0.660	  0.317
	  0.486	  0.729	  0.481
	 -0.554	 -0.174	  0.814

6 	  44.42	   9.62	   9.79
	 -0.564	 -0.002	 -0.826
	  0.400	  0.875	 -0.274
	  0.725	 -0.483	 -0.491

7 	  43.03	  -6.87	  -1.78
	  0.826	 -0.560	 -0.065
	  0.542	  0.820	 -0.182
	  0.156	  0.115	  0.981

8 	  51.66	  -5.96	  10.51
	  0.738	  0.665	  0.113
	 -0.464	  0.618	 -0.635
	 -0.498	  0.416	  0.761

9 	  44.33	 -11.60	   9.58
	 -0.482	 -0.122	 -0.868
	 -0.812	  0.433	  0.390
	  0.329	  0.893	 -0.308

2 	  37.30	  -0.91	   5.04
	  0.604	 -0.273	 -0.749
	  0.207	  0.961	 -0.183
	  0.770	 -0.044	  0.636

3 	  38.18	  -0.53	   0.28
	  0.493	  0.109	 -0.863
	 -0.059	  0.994	  0.092
	  0.868	  0.005	  0.496

4 	  43.31	   5.91	  -1.21
	  0.754	  0.657	  0.003
	 -0.581	  0.662	  0.472
	  0.311	 -0.358	  0.880

5 	  52.63	   4.57	  10.69
	  0.680	 -0.660	  0.318
	  0.486	  0.730	  0.479
	 -0.554	 -0.172	  0.814

6 	  44.40	   9.60	   9.77
	 -0.564	 -0.003	 -0.826
	  0.400	  0.874	 -0.275
	  0.724	 -0.484	 -0.491

7 	  43.03	  -6.86	  -1.78
	  0.826	 -0.559	 -0.066
	  0.541	  0.821	 -0.183
	  0.157	  0.115	  0.981

8 	  51.66	  -5.94	  10.51
	  0.737	  0.666	  0.113
	 -0.465	  0.618	 -0.634
	 -0.499	  0.415	  0.761

9 	  44.33	 -11.60	   9.58
	 -0.482	 -0.123	 -0.868
	 -0.813	  0.433	  0.390
	  0.328	  0.893	 -0.308

2 	  37.30	  -0.91	   5.04
	  0.605	 -0.273	 -0.748
	  0.208	  0.961	 -0.183
	  0.768	 -0.045	  0.638

3 	  38.18	  -0.53	   0.28
	  0.492	  0.109	 -0.864
	 -0.058	  0.994	  0.092
	  0.868	  0.004	  0.495

4 	  43.31	   5.89	  -1.20
	  0.754	  0.656	  0.003
	 -0.581	  0.663	  0.472
	  0.310	 -0.358	  0.880

5 	  52.63	   4.57	  10.69
	  0.681	 -0.660	  0.317
	  0.486	  0.730	  0.479
	 -0.554	 -0.173	  0.815

6 	  44.40	   9.60	   9.76
	 -0.564	 -0.004	 -0.825
	  0.400	  0.874	 -0.275
	  0.724	 -0.483	 -0.491

7 	  43.03	  -6.86	  -1.79
	  0.827	 -0.559	 -0.066
	  0.541	  0.821	 -0.183
	  0.157	  0.115	  0.980

8 	  51.66	  -5.94	  10.51
	  0.737	  0.666	  0.113
	 -0.466	  0.618	 -0.634
	 -0.498	  0.415	  0.762

9 	  44.33	 -11.60	   9.58
	 -0.482	 -0.122	 -0.867
	 -0.813	  0.433	  0.390
	  0.328	  0.893	 -0.308

2 	  37.30	  -0.91	   5.04
	  0.608	 -0.276	 -0.745
	  0.213	  0.960	 -0.182
	  0.765	 -0.049	  0.642

3 	  38.16	  -0.53	   0.28
	  0.492	  0.108	 -0.864
	 -0.057	  0.994	  0.093
	  0.869	  0.003	  0.495

4 	  43.29	   5.89	  -1.20
	  0.754	  0.657	  0.004
	 -0.582	  0.662	  0.471
	  0.309	 -0.358	  0.881

5 	  52.63	   4.57	  10.67
	  0.681	 -0.660	  0.316
	  0.486	  0.730	  0.479
	 -0.553	 -0.173	  0.815

6 	  44.40	   9.60	   9.77
	 -0.565	 -0.003	 -0.825
	  0.399	  0.875	 -0.275
	  0.725	 -0.483	 -0.492

7 	  43.01	  -6.86	  -1.78
	  0.826	 -0.560	 -0.066
	  0.542	  0.820	 -0.183
	  0.157	  0.115	  0.981

8 	  51.66	  -5.92	  10.51
	  0.737	  0.666	  0.112
	 -0.467	  0.618	 -0.632
	 -0.496	  0.414	  0.763

9 	  44.31	 -11.60	   9.60
	 -0.483	 -0.123	 -0.867
	 -0.812	  0.433	  0.391
	  0.327	  0.893	 -0.309

2 	  43.88	   0.05	  -1.32
	 -0.506	 -0.299	 -0.809
	 -0.205	 -0.870	  0.448
	 -0.838	  0.393	  0.379

3 	  35.54	  -0.21	   2.13
	  0.104	  0.036	 -0.994
	  0.033	  0.998	  0.040
	  0.994	 -0.038	  0.102

4 	  40.04	   6.42	  -0.23
	  0.728	  0.684	 -0.045
	 -0.544	  0.614	  0.572
	  0.420	 -0.392	  0.818

5 	  52.24	   4.71	  10.74
	  0.715	 -0.648	  0.263
	  0.506	  0.737	  0.447
	 -0.489	 -0.187	  0.852

6 	  43.61	   9.58	  10.37
	 -0.715	  0.049	 -0.698
	  0.393	  0.853	 -0.342
	  0.580	 -0.517	 -0.629

7 	  40.17	  -6.26	  -1.51
	  0.837	 -0.492	 -0.238
	  0.443	  0.866	 -0.231
	  0.320	  0.088	  0.943

8 	  51.40	  -5.94	  10.48
	  0.780	  0.597	  0.184
	 -0.411	  0.709	 -0.573
	 -0.479	  0.372	  0.796

9 	  43.73	 -11.18	   9.14
	 -0.606	 -0.121	 -0.786
	 -0.770	  0.340	  0.540
	  0.201	  0.933	 -0.299

2 	  43.73	   0.95	  -1.65
	 -0.619	  0.005	 -0.786
	  0.135	 -0.984	 -0.112
	 -0.774	 -0.175	  0.608

3 	  35.54	  -0.21	   2.13
	  0.104	  0.036	 -0.994
	  0.033	  0.998	  0.040
	  0.994	 -0.037	  0.102

4 	  40.04	   6.42	  -0.21
	  0.728	  0.684	 -0.044
	 -0.545	  0.614	  0.571
	  0.419	 -0.392	  0.819

5 	  52.22	   4.71	  10.74
	  0.714	 -0.648	  0.263
	  0.507	  0.737	  0.446
	 -0.487	 -0.186	  0.853

6 	  43.61	   9.60	  10.37
	 -0.714	  0.049	 -0.698
	  0.394	  0.853	 -0.342
	  0.580	 -0.518	 -0.629

7 	  40.17	  -6.24	  -1.51
	  0.838	 -0.492	 -0.237
	  0.443	  0.866	 -0.231
	  0.319	  0.089	  0.943

8 	  51.40	  -5.94	  10.49
	  0.780	  0.597	  0.183
	 -0.411	  0.708	 -0.574
	 -0.478	  0.374	  0.795

9 	  43.73	 -11.18	   9.16
	 -0.606	 -0.123	 -0.786
	 -0.770	  0.341	  0.539
	  0.201	  0.932	 -0.302

2 	  43.12	   0.35	  -2.02
	 -0.817	 -0.097	 -0.569
	  0.110	 -0.994	  0.012
	 -0.567	 -0.052	  0.822

3 	  35.54	  -0.21	   2.13
	  0.104	  0.035	 -0.994
	  0.032	  0.999	  0.038
	  0.994	 -0.036	  0.103

4 	  40.04	   6.40	  -0.23
	  0.728	  0.684	 -0.043
	 -0.545	  0.615	  0.570
	  0.418	 -0.391	  0.820

5 	  52.22	   4.69	  10.72
	  0.714	 -0.649	  0.263
	  0.510	  0.738	  0.442
	 -0.485	 -0.182	  0.855

6 	  43.61	   9.60	  10.37
	 -0.715	  0.050	 -0.697
	  0.396	  0.851	 -0.344
	  0.577	 -0.521	 -0.629

7 	  40.17	  -6.28	  -1.48
	  0.838	 -0.493	 -0.235
	  0.444	  0.865	 -0.232
	  0.318	  0.090	  0.943

8 	  51.40	  -5.94	  10.49
	  0.780	  0.597	  0.182
	 -0.412	  0.708	 -0.574
	 -0.478	  0.374	  0.795

9 	  43.73	 -11.20	   9.18
	 -0.605	 -0.124	 -0.786
	 -0.770	  0.343	  0.538
	  0.202	  0.931	 -0.303

2 	  43.65	  -0.09	  -1.67
	 -0.538	 -0.198	 -0.819
	 -0.158	 -0.932	  0.327
	 -0.829	  0.305	  0.470

3 	  35.54	  -0.21	   2.13
	  0.105	  0.036	 -0.994
	  0.032	  0.999	  0.040
	  0.994	 -0.036	  0.104

4 	  40.04	   6.40	  -0.21
	  0.728	  0.684	 -0.042
	 -0.546	  0.614	  0.570
	  0.417	 -0.392	  0.820

5 	  52.21	   4.69	  10.72
	  0.713	 -0.649	  0.262
	  0.510	  0.737	  0.443
	 -0.486	 -0.183	  0.855

6 	  43.61	   9.58	  10.39
	 -0.715	  0.052	 -0.697
	  0.396	  0.852	 -0.342
	  0.577	 -0.519	 -0.630

7 	  40.18	  -6.26	  -1.49
	  0.837	 -0.493	 -0.234
	  0.444	  0.865	 -0.233
	  0.318	  0.091	  0.943

8 	  51.40	  -5.92	  10.49
	  0.781	  0.597	  0.182
	 -0.412	  0.708	 -0.573
	 -0.476	  0.374	  0.796

9 	  43.73	 -11.18	   9.18
	 -0.605	 -0.125	 -0.786
	 -0.770	  0.342	  0.538
	  0.201	  0.931	 -0.304

2 	  43.07	  -0.05	  -1.99
	 -0.794	 -0.148	 -0.590
	 -0.087	 -0.933	  0.349
	 -0.603	  0.328	  0.727

3 	  35.54	  -0.21	   2.13
	  0.105	  0.037	 -0.994
	  0.032	  0.998	  0.040
	  0.994	 -0.036	  0.104

4 	  40.04	   6.40	  -0.21
	  0.728	  0.684	 -0.042
	 -0.545	  0.614	  0.570
	  0.417	 -0.393	  0.819

5 	  52.22	   4.68	  10.71
	  0.714	 -0.649	  0.261
	  0.511	  0.737	  0.442
	 -0.485	 -0.183	  0.855

6 	  43.61	   9.60	  10.41
	 -0.715	  0.053	 -0.697
	  0.397	  0.852	 -0.340
	  0.577	 -0.519	 -0.630

7 	  40.17	  -6.28	  -1.48
	  0.838	 -0.494	 -0.234
	  0.445	  0.865	 -0.233
	  0.318	  0.091	  0.944

8 	  51.40	  -5.92	  10.49
	  0.781	  0.597	  0.182
	 -0.413	  0.709	 -0.572
	 -0.476	  0.373	  0.797

9 	  43.72	 -11.18	   9.18
	 -0.605	 -0.125	 -0.786
	 -0.770	  0.342	  0.538
	  0.200	  0.931	 -0.304

2 	  42.94	   4.24	  -0.53
	 -0.192	 -0.765	 -0.615
	  0.621	 -0.579	  0.528
	 -0.760	 -0.281	  0.585

3 	  35.37	  -0.32	   2.21
	  0.079	  0.010	 -0.997
	 -0.002	  1.000	  0.010
	  0.997	  0.001	  0.079

4 	  39.69	   6.03	  -0.16
	  0.748	  0.660	 -0.060
	 -0.540	  0.659	  0.523
	  0.386	 -0.359	  0.850

5 	  52.19	   4.69	  10.63
	  0.714	 -0.646	  0.267
	  0.510	  0.741	  0.436
	 -0.485	 -0.176	  0.857

6 	  43.54	   9.60	  10.30
	 -0.745	  0.022	 -0.667
	  0.383	  0.833	 -0.400
	  0.548	 -0.552	 -0.629

7 	  39.97	  -6.49	  -1.32
	  0.829	 -0.506	 -0.237
	  0.446	  0.854	 -0.267
	  0.338	  0.116	  0.934

8 	  51.36	  -6.01	  10.53
	  0.791	  0.590	  0.162
	 -0.405	  0.699	 -0.589
	 -0.466	  0.401	  0.789

9 	  43.59	 -11.18	   9.39
	 -0.616	 -0.137	 -0.776
	 -0.759	  0.371	  0.535
	  0.213	  0.918	 -0.333

2 	  42.89	   4.10	  -0.47
	 -0.241	 -0.836	 -0.493
	  0.614	 -0.523	  0.590
	 -0.752	 -0.161	  0.639

3 	  35.37	  -0.32	   2.21
	  0.080	  0.011	 -0.997
	 -0.002	  1.000	  0.010
	  0.996	  0.001	  0.080

4 	  39.67	   6.03	  -0.14
	  0.744	  0.666	 -0.058
	 -0.544	  0.653	  0.527
	  0.390	 -0.361	  0.847

5 	  52.19	   4.68	  10.63
	  0.714	 -0.646	  0.267
	  0.511	  0.741	  0.435
	 -0.484	 -0.175	  0.858

6 	  43.54	   9.60	  10.30
	 -0.745	  0.023	 -0.667
	  0.383	  0.833	 -0.399
	  0.548	 -0.552	 -0.629

7 	  39.97	  -6.49	  -1.32
	  0.829	 -0.506	 -0.236
	  0.446	  0.854	 -0.266
	  0.337	  0.116	  0.934

8 	  51.36	  -6.03	  10.51
	  0.790	  0.590	  0.161
	 -0.406	  0.698	 -0.589
	 -0.466	  0.402	  0.789

9 	  43.61	 -11.18	   9.42
	 -0.615	 -0.138	 -0.776
	 -0.759	  0.371	  0.534
	  0.213	  0.918	 -0.333

2 	  42.79	   4.43	  -0.49
	 -0.181	 -0.717	 -0.673
	  0.722	 -0.561	  0.404
	 -0.668	 -0.414	  0.619

3 	  35.37	  -0.32	   2.21
	  0.080	  0.011	 -0.997
	 -0.004	  1.000	  0.010
	  0.997	  0.003	  0.080

4 	  39.66	   6.03	  -0.14
	  0.744	  0.666	 -0.058
	 -0.543	  0.652	  0.528
	  0.391	 -0.362	  0.846

5 	  52.17	   4.69	  10.65
	  0.714	 -0.647	  0.267
	  0.511	  0.741	  0.435
	 -0.484	 -0.175	  0.858

6 	  43.54	   9.60	  10.32
	 -0.745	  0.023	 -0.667
	  0.382	  0.834	 -0.397
	  0.548	 -0.550	 -0.630

7 	  39.97	  -6.47	  -1.32
	  0.830	 -0.506	 -0.236
	  0.446	  0.855	 -0.266
	  0.337	  0.116	  0.934

8 	  51.36	  -6.01	  10.53
	  0.791	  0.590	  0.161
	 -0.406	  0.699	 -0.588
	 -0.465	  0.401	  0.790

9 	  43.59	 -11.16	   9.42
	 -0.615	 -0.139	 -0.776
	 -0.759	  0.370	  0.534
	  0.213	  0.918	 -0.333

2 	  43.10	   4.15	  -0.30
	 -0.102	 -0.834	 -0.542
	  0.515	 -0.510	  0.688
	 -0.851	 -0.209	  0.481

3 	  35.35	  -0.32	   2.21
	  0.080	  0.011	 -0.997
	 -0.005	  1.000	  0.011
	  0.996	  0.004	  0.080

4 	  39.66	   6.05	  -0.12
	  0.743	  0.667	 -0.054
	 -0.550	  0.653	  0.520
	  0.383	 -0.357	  0.852

5 	  52.17	   4.69	  10.63
	  0.715	 -0.647	  0.264
	  0.512	  0.740	  0.435
	 -0.482	 -0.176	  0.859

6 	  43.54	   9.58	  10.32
	 -0.745	  0.025	 -0.666
	  0.381	  0.836	 -0.395
	  0.548	 -0.547	 -0.633

7 	  39.96	  -6.45	  -1.32
	  0.830	 -0.505	 -0.237
	  0.445	  0.855	 -0.265
	  0.336	  0.115	  0.934

8 	  51.35	  -5.99	  10.53
	  0.790	  0.591	  0.162
	 -0.405	  0.701	 -0.587
	 -0.466	  0.399	  0.790

9 	  43.59	 -11.16	   9.40
	 -0.615	 -0.138	 -0.777
	 -0.760	  0.369	  0.535
	  0.212	  0.919	 -0.332

2 	  42.57	   4.46	  -0.65
	 -0.232	 -0.718	 -0.657
	  0.770	 -0.547	  0.328
	 -0.596	 -0.430	  0.678

3 	  35.35	  -0.33	   2.23
	  0.078	  0.010	 -0.997
	 -0.007	  1.000	  0.010
	  0.997	  0.006	  0.078

4 	  39.62	   6.01	  -0.14
	  0.744	  0.666	 -0.059
	 -0.541	  0.649	  0.534
	  0.395	 -0.366	  0.842

5 	  52.17	   4.69	  10.63
	  0.714	 -0.648	  0.264
	  0.514	  0.740	  0.434
	 -0.481	 -0.175	  0.859

6 	  43.54	   9.60	  10.32
	 -0.746	  0.025	 -0.666
	  0.382	  0.835	 -0.396
	  0.547	 -0.549	 -0.632

7 	  39.97	  -6.47	  -1.32
	  0.830	 -0.505	 -0.236
	  0.445	  0.855	 -0.266
	  0.336	  0.116	  0.934

8 	  51.36	  -5.99	  10.53
	  0.790	  0.591	  0.161
	 -0.406	  0.700	 -0.587
	 -0.465	  0.399	  0.790

9 	  43.59	 -11.16	   9.42
	 -0.615	 -0.139	 -0.776
	 -0.759	  0.370	  0.535
	  0.211	  0.918	 -0.334

2 	  40.17	   5.26	  -1.51
	 -0.313	 -0.949	  0.032
	  0.940	 -0.314	 -0.129
	  0.133	 -0.010	  0.991

3 	  35.44	  -0.12	   2.14
	  0.112	  0.036	 -0.993
	  0.035	  0.998	  0.041
	  0.993	 -0.039	  0.111

4 	  39.94	   6.35	   0.11
	  0.710	  0.704	 -0.012
	 -0.631	  0.642	  0.436
	  0.315	 -0.303	  0.899

5 	  52.19	   4.78	  10.67
	  0.719	 -0.657	  0.225
	  0.516	  0.721	  0.463
	 -0.471	 -0.217	  0.855

6 	  43.49	   9.56	  10.58
	 -0.726	  0.062	 -0.685
	  0.352	  0.889	 -0.292
	  0.592	 -0.452	 -0.667

7 	  40.01	  -6.24	  -1.41
	  0.829	 -0.512	 -0.222
	  0.463	  0.853	 -0.240
	  0.313	  0.096	  0.945

8 	  51.35	  -6.01	  10.51
	  0.791	  0.585	  0.176
	 -0.399	  0.711	 -0.579
	 -0.470	  0.389	  0.793

9 	  43.59	 -11.16	   9.25
	 -0.613	 -0.116	 -0.782
	 -0.761	  0.354	  0.543
	  0.213	  0.928	 -0.305

2 	  40.76	   5.12	  -1.42
	 -0.396	 -0.915	 -0.077
	  0.873	 -0.401	  0.278
	 -0.286	  0.042	  0.957

3 	  35.44	  -0.12	   2.14
	  0.112	  0.036	 -0.993
	  0.034	  0.998	  0.040
	  0.993	 -0.039	  0.111

4 	  39.87	   6.31	   0.09
	  0.715	  0.699	 -0.012
	 -0.621	  0.641	  0.451
	  0.324	 -0.315	  0.892

5 	  52.19	   4.78	  10.65
	  0.720	 -0.657	  0.224
	  0.516	  0.720	  0.463
	 -0.470	 -0.218	  0.855

6 	  43.49	   9.54	  10.58
	 -0.726	  0.062	 -0.685
	  0.352	  0.889	 -0.292
	  0.592	 -0.451	 -0.667

7 	  40.01	  -6.24	  -1.41
	  0.829	 -0.513	 -0.222
	  0.463	  0.853	 -0.240
	  0.313	  0.096	  0.945

8 	  51.33	  -6.01	  10.51
	  0.791	  0.585	  0.176
	 -0.400	  0.712	 -0.577
	 -0.469	  0.387	  0.794

9 	  43.59	 -11.16	   9.25
	 -0.613	 -0.116	 -0.782
	 -0.761	  0.354	  0.543
	  0.213	  0.928	 -0.306

2 	  39.80	   5.40	  -1.46
	 -0.276	 -0.961	  0.011
	  0.900	 -0.262	 -0.347
	  0.337	 -0.085	  0.938

3 	  35.44	  -0.12	   2.14
	  0.111	  0.036	 -0.993
	  0.035	  0.998	  0.040
	  0.993	 -0.039	  0.109

4 	  39.88	   6.36	   0.14
	  0.709	  0.704	 -0.014
	 -0.625	  0.637	  0.450
	  0.327	 -0.311	  0.892

5 	  52.19	   4.78	  10.67
	  0.719	 -0.657	  0.224
	  0.516	  0.720	  0.462
	 -0.470	 -0.217	  0.855

6 	  43.49	   9.54	  10.58
	 -0.726	  0.062	 -0.685
	  0.352	  0.889	 -0.292
	  0.592	 -0.452	 -0.667

7 	  40.03	  -6.24	  -1.41
	  0.829	 -0.512	 -0.223
	  0.463	  0.853	 -0.240
	  0.314	  0.097	  0.944

8 	  51.33	  -5.99	  10.51
	  0.790	  0.586	  0.178
	 -0.400	  0.712	 -0.577
	 -0.470	  0.386	  0.794

9 	  43.59	 -11.16	   9.23
	 -0.612	 -0.114	 -0.782
	 -0.761	  0.353	  0.544
	  0.213	  0.928	 -0.303

2 	  40.55	   5.92	  -1.53
	 -0.315	 -0.843	 -0.436
	  0.939	 -0.343	 -0.014
	 -0.139	 -0.414	  0.899

3 	  35.40	  -0.11	   2.14
	  0.109	  0.039	 -0.993
	  0.037	  0.998	  0.043
	  0.993	 -0.042	  0.108

4 	  39.88	   6.33	   0.02
	  0.714	  0.700	 -0.013
	 -0.615	  0.635	  0.467
	  0.336	 -0.326	  0.884

5 	  52.19	   4.78	  10.65
	  0.719	 -0.658	  0.224
	  0.517	  0.720	  0.462
	 -0.470	 -0.217	  0.856

6 	  43.49	   9.56	  10.56
	 -0.725	  0.061	 -0.686
	  0.350	  0.890	 -0.291
	  0.594	 -0.450	 -0.667

7 	  40.01	  -6.22	  -1.42
	  0.829	 -0.511	 -0.227
	  0.462	  0.854	 -0.239
	  0.316	  0.094	  0.944

8 	  51.36	  -6.03	  10.48
	  0.789	  0.586	  0.181
	 -0.399	  0.714	 -0.575
	 -0.472	  0.383	  0.794

9 	  43.61	 -11.16	   9.16
	 -0.613	 -0.108	 -0.783
	 -0.761	  0.349	  0.547
	  0.214	  0.931	 -0.297

2 	  39.97	   4.94	  -1.44
	 -0.325	 -0.915	  0.240
	  0.921	 -0.364	 -0.141
	  0.217	  0.176	  0.960

3 	  35.42	  -0.11	   2.14
	  0.105	  0.040	 -0.994
	  0.039	  0.998	  0.044
	  0.993	 -0.043	  0.104

4 	  39.87	   6.38	   0.09
	  0.716	  0.698	 -0.023
	 -0.612	  0.642	  0.462
	  0.338	 -0.317	  0.886

5 	  52.21	   4.78	  10.63
	  0.717	 -0.660	  0.224
	  0.519	  0.719	  0.462
	 -0.471	 -0.215	  0.856

6 	  43.51	   9.56	  10.55
	 -0.725	  0.060	 -0.686
	  0.351	  0.889	 -0.292
	  0.594	 -0.451	 -0.666

7 	  39.99	  -6.21	  -1.46
	  0.828	 -0.510	 -0.233
	  0.460	  0.855	 -0.238
	  0.321	  0.091	  0.943

8 	  51.36	  -6.03	  10.46
	  0.788	  0.586	  0.185
	 -0.400	  0.716	 -0.573
	 -0.474	  0.378	  0.795

9 	  43.63	 -11.16	   9.11
	 -0.613	 -0.104	 -0.783
	 -0.761	  0.346	  0.549
	  0.213	  0.932	 -0.291

2 	  39.13	   7.59	   1.04
	 -0.271	 -0.031	 -0.962
	  0.736	  0.638	 -0.228
	  0.621	 -0.769	 -0.149

3 	  35.53	  -0.18	   2.04
	  0.119	  0.007	 -0.993
	  0.066	  0.998	  0.015
	  0.990	 -0.067	  0.119

4 	  40.11	   6.22	  -0.26
	  0.727	  0.686	 -0.027
	 -0.582	  0.635	  0.508
	  0.367	 -0.354	  0.860

5 	  52.21	   4.76	  10.65
	  0.718	 -0.657	  0.229
	  0.512	  0.720	  0.468
	 -0.477	 -0.219	  0.851

6 	  43.52	   9.53	  10.48
	 -0.712	  0.053	 -0.700
	  0.365	  0.880	 -0.303
	  0.602	 -0.469	 -0.646

7 	  40.08	  -6.42	  -1.35
	  0.825	 -0.523	 -0.216
	  0.472	  0.846	 -0.246
	  0.312	  0.101	  0.944

8 	  51.35	  -6.08	  10.53
	  0.792	  0.587	  0.165
	 -0.398	  0.698	 -0.595
	 -0.471	  0.407	  0.783

9 	  43.58	 -11.23	   9.33
	 -0.612	 -0.122	 -0.782
	 -0.758	  0.372	  0.535
	  0.225	  0.920	 -0.321

2 	  39.78	   7.86	   0.86
	  0.055	 -0.027	 -0.998
	  0.968	  0.247	  0.047
	  0.245	 -0.969	  0.039

3 	  35.51	  -0.16	   2.04
	  0.116	  0.012	 -0.993
	  0.065	  0.998	  0.020
	  0.991	 -0.067	  0.115

4 	  40.10	   6.29	  -0.21
	  0.720	  0.693	 -0.016
	 -0.578	  0.611	  0.542
	  0.386	 -0.381	  0.840

5 	  52.21	   4.76	  10.65
	  0.717	 -0.658	  0.229
	  0.513	  0.720	  0.468
	 -0.478	 -0.219	  0.851

6 	  43.54	   9.54	  10.46
	 -0.712	  0.052	 -0.700
	  0.363	  0.881	 -0.303
	  0.603	 -0.468	 -0.646

7 	  40.06	  -6.38	  -1.41
	  0.825	 -0.520	 -0.222
	  0.470	  0.848	 -0.244
	  0.315	  0.097	  0.944

8 	  51.35	  -6.06	  10.51
	  0.790	  0.588	  0.170
	 -0.398	  0.700	 -0.592
	 -0.473	  0.401	  0.784

9 	  43.61	 -11.21	   9.28
	 -0.612	 -0.116	 -0.782
	 -0.758	  0.366	  0.539
	  0.223	  0.923	 -0.313

2 	  39.08	   7.51	   0.70
	 -0.096	 -0.169	 -0.981
	  0.689	  0.699	 -0.188
	  0.718	 -0.694	  0.050

3 	  35.53	  -0.16	   2.02
	  0.117	  0.009	 -0.993
	  0.069	  0.997	  0.017
	  0.990	 -0.071	  0.117

4 	  40.13	   6.24	  -0.30
	  0.731	  0.682	 -0.026
	 -0.561	  0.622	  0.546
	  0.389	 -0.385	  0.837

5 	  52.21	   4.78	  10.65
	  0.716	 -0.658	  0.230
	  0.513	  0.719	  0.468
	 -0.479	 -0.218	  0.851

6 	  43.54	   9.54	  10.46
	 -0.711	  0.052	 -0.701
	  0.364	  0.881	 -0.303
	  0.603	 -0.469	 -0.645

7 	  40.06	  -6.38	  -1.41
	  0.824	 -0.521	 -0.222
	  0.471	  0.848	 -0.245
	  0.316	  0.097	  0.943

8 	  51.36	  -6.06	  10.51
	  0.790	  0.589	  0.170
	 -0.398	  0.700	 -0.593
	 -0.474	  0.401	  0.784

9 	  43.61	 -11.21	   9.28
	 -0.612	 -0.117	 -0.782
	 -0.759	  0.367	  0.538
	  0.224	  0.923	 -0.313

2 	  39.41	   7.42	   0.28
	  0.137	 -0.380	 -0.915
	  0.819	  0.563	 -0.111
	  0.557	 -0.734	  0.388

3 	  35.53	  -0.14	   2.02
	  0.121	  0.010	 -0.993
	  0.069	  0.997	  0.019
	  0.990	 -0.071	  0.120

4 	  40.17	   6.19	  -0.23
	  0.736	  0.677	 -0.001
	 -0.544	  0.591	  0.594
	  0.404	 -0.438	  0.803

5 	  52.21	   4.78	  10.65
	  0.717	 -0.658	  0.230
	  0.512	  0.719	  0.469
	 -0.479	 -0.219	  0.850

6 	  43.52	   9.54	  10.46
	 -0.710	  0.054	 -0.702
	  0.364	  0.882	 -0.300
	  0.604	 -0.467	 -0.646

7 	  40.08	  -6.38	  -1.41
	  0.825	 -0.521	 -0.219
	  0.471	  0.847	 -0.245
	  0.313	  0.099	  0.944

8 	  51.35	  -6.06	  10.49
	  0.790	  0.589	  0.168
	 -0.398	  0.699	 -0.593
	 -0.473	  0.403	  0.784

9 	  43.59	 -11.21	   9.30
	 -0.612	 -0.119	 -0.782
	 -0.759	  0.369	  0.537
	  0.223	  0.922	 -0.316

2 	  39.45	   7.73	   1.28
	 -0.145	  0.162	 -0.976
	  0.830	  0.557	 -0.030
	  0.539	 -0.815	 -0.214

3 	  35.54	  -0.14	   2.02
	  0.122	  0.010	 -0.992
	  0.069	  0.997	  0.019
	  0.990	 -0.072	  0.121

4 	  40.18	   6.29	  -0.23
	  0.734	  0.679	 -0.023
	 -0.563	  0.624	  0.541
	  0.383	 -0.385	  0.840

5 	  52.21	   4.78	  10.67
	  0.717	 -0.657	  0.229
	  0.511	  0.719	  0.470
	 -0.479	 -0.221	  0.850

6 	  43.52	   9.53	  10.49
	 -0.710	  0.055	 -0.702
	  0.364	  0.882	 -0.298
	  0.604	 -0.466	 -0.647

7 	  40.10	  -6.40	  -1.39
	  0.825	 -0.523	 -0.214
	  0.473	  0.846	 -0.246
	  0.310	  0.102	  0.945

8 	  51.35	  -6.06	  10.51
	  0.791	  0.588	  0.165
	 -0.398	  0.698	 -0.595
	 -0.471	  0.406	  0.783

9 	  43.58	 -11.21	   9.37
	 -0.611	 -0.123	 -0.782
	 -0.759	  0.372	  0.534
	  0.224	  0.920	 -0.321

2 	  36.76	   4.11	  -0.18
	  0.329	  0.170	 -0.929
	  0.117	  0.969	  0.219
	  0.937	 -0.181	  0.299

3 	  35.68	  -0.02	   1.85
	  0.166	 -0.002	 -0.986
	  0.095	  0.995	  0.014
	  0.981	 -0.097	  0.166

4 	  40.45	   6.36	  -0.19
	  0.752	  0.659	 -0.034
	 -0.526	  0.628	  0.573
	  0.400	 -0.413	  0.818

5 	  52.21	   4.83	  10.67
	  0.720	 -0.662	  0.206
	  0.512	  0.706	  0.488
	 -0.474	 -0.246	  0.846

6 	  43.52	   9.54	  10.58
	 -0.692	  0.074	 -0.718
	  0.358	  0.899	 -0.250
	  0.629	 -0.429	 -0.648

7 	  40.20	  -6.36	  -1.37
	  0.823	 -0.534	 -0.191
	  0.490	  0.839	 -0.237
	  0.287	  0.101	  0.952

8 	  51.36	  -6.10	  10.55
	  0.791	  0.590	  0.159
	 -0.396	  0.689	 -0.607
	 -0.473	  0.418	  0.776

9 	  43.59	 -11.25	   9.42
	 -0.607	 -0.126	 -0.784
	 -0.761	  0.375	  0.529
	  0.227	  0.918	 -0.324

2 	  37.09	   4.11	  -0.47
	  0.684	  0.126	 -0.718
	  0.060	  0.972	  0.228
	  0.727	 -0.198	  0.657

3 	  35.65	  -0.02	   1.86
	  0.165	  0.000	 -0.986
	  0.095	  0.995	  0.016
	  0.981	 -0.097	  0.164

4 	  40.43	   6.36	  -0.19
	  0.749	  0.662	 -0.037
	 -0.527	  0.627	  0.574
	  0.404	 -0.410	  0.817

5 	  52.21	   4.83	  10.67
	  0.719	 -0.663	  0.206
	  0.514	  0.706	  0.487
	 -0.473	 -0.245	  0.846

6 	  43.52	   9.54	  10.56
	 -0.692	  0.073	 -0.718
	  0.357	  0.899	 -0.251
	  0.629	 -0.429	 -0.648

7 	  40.20	  -6.36	  -1.37
	  0.823	 -0.534	 -0.193
	  0.490	  0.839	 -0.236
	  0.289	  0.099	  0.952

8 	  51.36	  -6.10	  10.55
	  0.791	  0.590	  0.161
	 -0.396	  0.690	 -0.605
	 -0.474	  0.416	  0.776

9 	  43.61	 -11.25	   9.39
	 -0.608	 -0.123	 -0.785
	 -0.761	  0.374	  0.530
	  0.227	  0.919	 -0.321

2 	  36.70	   4.39	   0.40
	  0.124	  0.236	 -0.964
	  0.350	  0.898	  0.265
	  0.928	 -0.370	  0.028

3 	  35.67	  -0.02	   1.86
	  0.163	  0.001	 -0.986
	  0.099	  0.995	  0.017
	  0.981	 -0.100	  0.162

4 	  40.41	   6.38	  -0.19
	  0.746	  0.664	 -0.037
	 -0.529	  0.625	  0.574
	  0.406	 -0.409	  0.817

5 	  52.21	   4.83	  10.65
	  0.719	 -0.663	  0.206
	  0.515	  0.706	  0.486
	 -0.473	 -0.244	  0.847

6 	  43.52	   9.54	  10.55
	 -0.692	  0.072	 -0.719
	  0.356	  0.900	 -0.251
	  0.630	 -0.428	 -0.648

7 	  40.18	  -6.36	  -1.41
	  0.823	 -0.533	 -0.199
	  0.488	  0.840	 -0.235
	  0.293	  0.096	  0.951

8 	  51.36	  -6.08	  10.51
	  0.789	  0.591	  0.166
	 -0.395	  0.692	 -0.605
	 -0.478	  0.413	  0.776

9 	  43.63	 -11.27	   9.33
	 -0.608	 -0.119	 -0.785
	 -0.761	  0.370	  0.533
	  0.226	  0.921	 -0.316

2 	  37.27	   4.96	   0.04
	  0.628	  0.225	 -0.745
	  0.479	  0.643	  0.597
	  0.615	 -0.731	  0.296

3 	  35.67	  -0.02	   1.86
	  0.163	  0.000	 -0.986
	  0.099	  0.995	  0.016
	  0.981	 -0.100	  0.162

4 	  40.39	   6.38	  -0.21
	  0.745	  0.666	 -0.038
	 -0.530	  0.624	  0.574
	  0.407	 -0.408	  0.817

5 	  52.21	   4.82	  10.65
	  0.718	 -0.664	  0.208
	  0.515	  0.706	  0.485
	 -0.474	 -0.242	  0.847

6 	  43.54	   9.54	  10.55
	 -0.691	  0.071	 -0.719
	  0.356	  0.899	 -0.253
	  0.630	 -0.430	 -0.647

7 	  40.18	  -6.36	  -1.44
	  0.821	 -0.532	 -0.204
	  0.487	  0.841	 -0.235
	  0.297	  0.093	  0.950

8 	  51.38	  -6.08	  10.49
	  0.788	  0.591	  0.168
	 -0.395	  0.692	 -0.604
	 -0.480	  0.411	  0.776

9 	  43.63	 -11.27	   9.30
	 -0.609	 -0.116	 -0.785
	 -0.760	  0.368	  0.535
	  0.226	  0.922	 -0.313

2 	  36.67	   3.85	  -0.18
	  0.358	  0.192	 -0.914
	 -0.033	  0.980	  0.193
	  0.933	 -0.039	  0.357

3 	  35.63	  -0.02	   1.85
	  0.160	 -0.001	 -0.987
	  0.086	  0.996	  0.013
	  0.983	 -0.088	  0.160

4 	  40.39	   6.40	  -0.23
	  0.743	  0.668	 -0.040
	 -0.530	  0.623	  0.574
	  0.410	 -0.406	  0.817

5 	  52.21	   4.82	  10.65
	  0.717	 -0.664	  0.209
	  0.516	  0.707	  0.483
	 -0.473	 -0.239	  0.848

6 	  43.54	   9.54	  10.53
	 -0.692	  0.070	 -0.719
	  0.357	  0.898	 -0.255
	  0.629	 -0.431	 -0.646

7 	  40.18	  -6.35	  -1.44
	  0.822	 -0.532	 -0.206
	  0.487	  0.841	 -0.234
	  0.298	  0.093	  0.950

8 	  51.38	  -6.08	  10.49
	  0.788	  0.592	  0.170
	 -0.395	  0.693	 -0.603
	 -0.480	  0.409	  0.776

9 	  43.63	 -11.25	   9.26
	 -0.609	 -0.115	 -0.785
	 -0.760	  0.367	  0.536
	  0.226	  0.923	 -0.311

2 	  35.81	   3.32	   4.80
	  0.029	  0.323	 -0.946
	  0.148	  0.934	  0.324
	  0.988	 -0.150	 -0.021

3 	  35.81	  -0.07	   1.67
	  0.196	 -0.032	 -0.980
	  0.118	  0.993	 -0.009
	  0.973	 -0.114	  0.199

4 	  40.85	   6.26	  -0.65
	  0.750	  0.660	 -0.041
	 -0.537	  0.642	  0.547
	  0.388	 -0.389	  0.835

5 	  52.24	   4.75	  10.65
	  0.714	 -0.660	  0.232
	  0.510	  0.716	  0.476
	 -0.485	 -0.222	  0.846

6 	  43.65	   9.56	  10.35
	 -0.682	  0.058	 -0.729
	  0.401	  0.863	 -0.305
	  0.613	 -0.499	 -0.612

7 	  40.38	  -6.52	  -1.41
	  0.820	 -0.538	 -0.196
	  0.493	  0.837	 -0.235
	  0.291	  0.096	  0.952

8 	  51.38	  -6.17	  10.60
	  0.791	  0.592	  0.153
	 -0.384	  0.672	 -0.633
	 -0.483	  0.443	  0.755

9 	  43.63	 -11.32	   9.49
	 -0.599	 -0.128	 -0.790
	 -0.763	  0.392	  0.514
	  0.243	  0.911	 -0.332

2 	  35.96	   3.41	   4.36
	  0.378	  0.192	 -0.905
	  0.157	  0.951	  0.267
	  0.912	 -0.244	  0.329

3 	  35.82	  -0.09	   1.67
	  0.196	 -0.031	 -0.980
	  0.116	  0.993	 -0.009
	  0.974	 -0.112	  0.198

4 	  40.83	   6.26	  -0.63
	  0.750	  0.660	 -0.035
	 -0.539	  0.639	  0.548
	  0.385	 -0.393	  0.835

5 	  52.24	   4.76	  10.65
	  0.715	 -0.660	  0.231
	  0.509	  0.716	  0.477
	 -0.485	 -0.224	  0.845

6 	  43.61	   9.56	  10.37
	 -0.682	  0.058	 -0.729
	  0.401	  0.864	 -0.304
	  0.614	 -0.498	 -0.612

7 	  40.38	  -6.52	  -1.37
	  0.821	 -0.537	 -0.194
	  0.494	  0.837	 -0.234
	  0.289	  0.097	  0.952

8 	  51.38	  -6.19	  10.60
	  0.792	  0.591	  0.151
	 -0.384	  0.672	 -0.633
	 -0.481	  0.444	  0.756

9 	  43.59	 -11.30	   9.51
	 -0.599	 -0.130	 -0.790
	 -0.763	  0.392	  0.513
	  0.243	  0.910	 -0.334

2 	  35.77	   3.34	   4.82
	  0.002	  0.186	 -0.983
	  0.218	  0.958	  0.182
	  0.976	 -0.215	 -0.039

3 	  35.81	  -0.09	   1.69
	  0.195	 -0.033	 -0.980
	  0.116	  0.993	 -0.010
	  0.974	 -0.112	  0.197

4 	  40.83	   6.24	  -0.63
	  0.750	  0.661	 -0.033
	 -0.540	  0.640	  0.546
	  0.384	 -0.392	  0.836

5 	  52.22	   4.76	  10.65
	  0.716	 -0.660	  0.229
	  0.510	  0.716	  0.477
	 -0.483	 -0.225	  0.846

6 	  43.61	   9.56	  10.37
