2 	  33.61	  -8.10	  22.76
	  0.848	  0.529	 -0.024
	 -0.531	  0.846	 -0.047
	 -0.004	  0.052	  0.998

3 	  35.84	  -1.78	   1.81
	  0.200	 -0.048	 -0.979
	 -0.025	  0.998	 -0.054
	  0.979	  0.035	  0.198

4 	  40.48	   4.75	  -0.84
	  0.712	  0.698	 -0.078
	 -0.587	  0.652	  0.479
	  0.387	 -0.296	  0.873

5 	  52.33	   4.92	  10.63
	  0.740	 -0.593	  0.316
	  0.409	  0.768	  0.492
	 -0.541	 -0.237	  0.808

6 	  43.38	   9.07	   9.58
	 -0.684	 -0.026	 -0.729
	  0.298	  0.902	 -0.311
	  0.667	 -0.428	 -0.610

7 	  40.54	  -7.89	  -0.79
	  0.810	 -0.537	 -0.237
	  0.452	  0.827	 -0.333
	  0.376	  0.163	  0.912

8 	  29.95	  -4.92	  34.42
	 -0.340	 -0.125	  0.932
	  0.207	 -0.977	 -0.052
	  0.917	  0.174	  0.358

9 	  31.08	  -4.34	  34.56
	 -0.020	  0.291	  0.956
	 -0.568	 -0.791	  0.226
	  0.823	 -0.537	  0.182

2 	  33.63	  -8.03	  22.75
	  0.846	  0.532	 -0.026
	 -0.534	  0.844	 -0.048
	 -0.003	  0.054	  0.998

3 	  36.16	  -2.02	   1.39
	  0.292	 -0.125	 -0.948
	 -0.031	  0.990	 -0.139
	  0.956	  0.070	  0.286

4 	  41.17	   4.25	  -1.39
	  0.761	  0.639	 -0.106
	 -0.570	  0.737	  0.363
	  0.312	 -0.216	  0.925

5 	  52.49	   4.89	  10.48
	  0.720	 -0.596	  0.354
	  0.368	  0.758	  0.537
	 -0.595	 -0.259	  0.761

6 	  43.73	   9.23	   9.02
	 -0.670	 -0.074	 -0.738
	  0.406	  0.797	 -0.447
	  0.623	 -0.598	 -0.504

7 	  41.17	  -8.17	  -0.58
	  0.815	 -0.526	 -0.243
	  0.417	  0.823	 -0.384
	  0.402	  0.212	  0.891

8 	  29.95	  -4.94	  34.44
	 -0.340	 -0.127	  0.932
	  0.208	 -0.977	 -0.054
	  0.917	  0.174	  0.359

9 	  31.08	  -4.34	  34.58
	 -0.019	  0.293	  0.956
	 -0.574	 -0.786	  0.227
	  0.819	 -0.543	  0.183

2 	  33.61	  -8.09	  22.75
	  0.848	  0.530	 -0.025
	 -0.532	  0.845	 -0.047
	 -0.003	  0.052	  0.998

3 	  36.21	  -1.85	   1.39
	  0.276	 -0.102	 -0.956
	  0.025	  0.995	 -0.098
	  0.961	  0.003	  0.277

4 	  41.33	   4.27	  -1.41
	  0.769	  0.625	 -0.132
	 -0.550	  0.751	  0.364
	  0.328	 -0.208	  0.921

5 	  52.65	   4.57	  10.44
	  0.717	 -0.595	  0.363
	  0.368	  0.763	  0.531
	 -0.599	 -0.249	  0.761

6 	  43.93	   8.96	   8.96
	 -0.639	 -0.046	 -0.768
	  0.464	  0.774	 -0.431
	  0.616	 -0.630	 -0.473

7 	  40.87	  -8.19	  -1.07
	  0.795	 -0.546	 -0.265
	  0.416	  0.807	 -0.418
	  0.443	  0.222	  0.869

8 	  29.88	  -4.97	  34.56
	 -0.354	 -0.080	  0.932
	  0.209	 -0.978	  0.000
	  0.911	  0.193	  0.364

9 	  31.04	  -4.38	  34.59
	 -0.065	  0.270	  0.961
	 -0.536	 -0.822	  0.192
	  0.843	 -0.500	  0.198

2 	  33.63	  -8.03	  22.76
	  0.847	  0.531	 -0.025
	 -0.533	  0.844	 -0.049
	 -0.003	  0.054	  0.998

3 	  36.09	  -1.79	   1.39
	  0.257	 -0.093	 -0.962
	  0.018	  0.996	 -0.091
	  0.966	  0.006	  0.258

4 	  41.19	   4.38	  -1.55
	  0.755	  0.638	 -0.148
	 -0.557	  0.743	  0.370
	  0.347	 -0.198	  0.917

5 	  52.59	   4.73	  10.46
	  0.721	 -0.582	  0.376
	  0.356	  0.774	  0.523
	 -0.602	 -0.245	  0.760

6 	  43.82	   9.11	   8.88
	 -0.654	 -0.077	 -0.752
	  0.438	  0.773	 -0.459
	  0.618	 -0.628	 -0.472

7 	  40.82	  -8.12	  -1.28
	  0.778	 -0.551	 -0.303
	  0.418	  0.813	 -0.406
	  0.470	  0.189	  0.862

8 	  29.85	  -4.99	  34.63
	 -0.357	 -0.076	  0.931
	  0.202	 -0.979	  0.001
	  0.911	  0.187	  0.366

9 	  31.04	  -4.38	  34.59
	 -0.061	  0.268	  0.961
	 -0.535	 -0.822	  0.193
	  0.843	 -0.501	  0.194

2 	  33.64	  -8.02	  22.75
	  0.845	  0.533	 -0.026
	 -0.535	  0.843	 -0.049
	 -0.003	  0.055	  0.998

3 	  36.28	  -1.67	   1.18
	  0.293	 -0.098	 -0.951
	  0.011	  0.995	 -0.099
	  0.956	  0.018	  0.292

4 	  41.57	   4.39	  -1.51
	  0.789	  0.608	 -0.092
	 -0.529	  0.746	  0.403
	  0.316	 -0.270	  0.910

5 	  52.59	   4.75	  10.51
	  0.714	 -0.589	  0.379
	  0.362	  0.771	  0.523
	 -0.606	 -0.239	  0.759

6 	  43.89	   9.02	   8.74
	 -0.625	 -0.128	 -0.770
	  0.390	  0.804	 -0.448
	  0.678	 -0.579	 -0.453

7 	  41.01	  -7.93	  -1.25
	  0.841	 -0.492	 -0.227
	  0.392	  0.841	 -0.372
	  0.374	  0.224	  0.900

8 	  29.81	  -4.99	  34.72
	 -0.362	 -0.070	  0.929
	  0.190	 -0.982	  0.003
	  0.912	  0.176	  0.370

9 	  31.01	  -4.39	  34.65
	 -0.060	  0.264	  0.963
	 -0.534	 -0.824	  0.189
	  0.844	 -0.501	  0.191

2 	  33.73	  -7.80	  22.75
	  0.841	  0.540	 -0.031
	 -0.542	  0.838	 -0.054
	 -0.002	  0.061	  0.998

3 	  36.19	  -1.69	   1.39
	  0.253	 -0.097	 -0.963
	 -0.020	  0.994	 -0.106
	  0.967	  0.046	  0.250

4 	  41.13	   4.43	  -1.56
	  0.760	  0.634	 -0.145
	 -0.531	  0.732	  0.426
	  0.378	 -0.247	  0.892

5 	  52.58	   4.78	  10.48
	  0.684	 -0.580	  0.442
	  0.402	  0.803	  0.440
	 -0.616	 -0.126	  0.778

6 	  44.14	   9.37	   8.28
	 -0.659	 -0.167	 -0.733
	  0.461	  0.682	 -0.568
	  0.596	 -0.711	 -0.373

7 	  40.83	  -7.79	  -0.93
	  0.851	 -0.486	 -0.199
	  0.417	  0.855	 -0.308
	  0.321	  0.179	  0.930

8 	  29.36	  -5.08	  36.02
	 -0.370	 -0.036	  0.928
	  0.184	 -0.982	  0.041
	  0.910	  0.184	  0.371

9 	  30.96	  -4.46	  34.80
	 -0.050	  0.251	  0.966
	 -0.539	 -0.822	  0.183
	  0.842	 -0.510	  0.177

