% Calibrated with leiden_pols
% Positions are in centimeters
Data =[
 2    96.607   -18.523    59.777
 2    -0.021    -1.000    -0.012
 2     0.999    -0.021     0.044
 2    -0.044    -0.011     0.999
 3   132.421    -0.832     5.753
 3     0.128     0.113    -0.985
 3     0.083     0.988     0.124
 3     0.988    -0.098     0.117
 4   117.762    15.693   -10.900
 4     0.480    -0.877    -0.005
 4     0.815     0.448    -0.366
 4     0.323     0.172     0.930
 5   114.440    20.892    17.406
 5     0.221    -0.078     0.972
 5     0.148    -0.983    -0.113
 5     0.964     0.169    -0.206
 6   130.007    25.807    45.419
 6     0.442    -0.701    -0.560
 6    -0.136     0.564    -0.814
 6     0.887     0.436     0.154
 7   118.643   -20.992    -9.741
 7     0.781     0.620     0.067
 7    -0.622     0.763     0.175
 7     0.057    -0.178     0.982
 8   116.577   -26.091    18.160
 8     0.188     0.046     0.981
 8    -0.232    -0.969     0.090
 8     0.954    -0.244    -0.171
 9   132.554   -30.534    46.197
 9     0.447     0.623    -0.642
 9     0.251     0.601     0.759
 9     0.858    -0.501     0.112
 2    96.633   -18.523    59.777
 2    -0.021    -1.000    -0.012
 2     0.999    -0.021     0.044
 2    -0.044    -0.012     0.999
 3   132.371    -0.833     5.804
 3     0.128     0.112    -0.985
 3     0.083     0.989     0.123
 3     0.988    -0.098     0.117
 4   117.715    15.745   -10.852
 4     0.479    -0.878    -0.005
 4     0.816     0.447    -0.367
 4     0.324     0.171     0.930
 5   114.340    20.891    17.454
 5     0.222    -0.077     0.972
 5     0.147    -0.983    -0.112
 5     0.964     0.168    -0.207
 6   129.981    25.807    45.469
 6     0.442    -0.702    -0.559
 6    -0.136     0.563    -0.815
 6     0.887     0.436     0.153
 7   118.645   -21.042    -9.744
 7     0.781     0.621     0.066
 7    -0.622     0.763     0.175
 7     0.058    -0.178     0.982
 8   116.577   -26.118    18.161
 8     0.187     0.046     0.981
 8    -0.232    -0.969     0.090
 8     0.954    -0.244    -0.171
 9   132.505   -30.585    46.146
 9     0.447     0.623    -0.641
 9     0.250     0.600     0.759
 9     0.858    -0.501     0.112
 2    96.607   -18.523    59.777
 2    -0.021    -1.000    -0.012
 2     0.999    -0.021     0.044
 2    -0.044    -0.012     0.999
 3   132.372    -0.781     5.804
 3     0.127     0.112    -0.985
 3     0.083     0.989     0.123
 3     0.988    -0.098     0.116
 4   117.717    15.746   -10.855
 4     0.478    -0.878    -0.006
 4     0.816     0.446    -0.367
 4     0.325     0.171     0.930
 5   114.390    20.893    17.404
 5     0.221    -0.077     0.972
 5     0.148    -0.983    -0.112
 5     0.964     0.168    -0.206
 6   129.976    25.805    45.475
 6     0.442    -0.703    -0.557
 6    -0.136     0.561    -0.816
 6     0.886     0.436     0.153
 7   118.599   -21.040    -9.725
 7     0.781     0.620     0.065
 7    -0.621     0.764     0.177
 7     0.060    -0.179     0.982
 8   116.575   -26.121    18.086
 8     0.186     0.047     0.981
 8    -0.234    -0.968     0.091
 8     0.954    -0.246    -0.169
 9   132.505   -30.534    46.146
 9     0.447     0.623    -0.641
 9     0.252     0.600     0.759
 9     0.858    -0.501     0.111
 2    96.605   -18.524    59.780
 2    -0.021    -1.000    -0.012
 2     0.999    -0.021     0.044
 2    -0.045    -0.011     0.999
 3   132.422    -0.831     5.805
 3     0.126     0.112    -0.986
 3     0.083     0.989     0.123
 3     0.988    -0.098     0.115
 4   117.800    15.647   -10.840
 4     0.480    -0.877    -0.005
 4     0.813     0.447    -0.372
 4     0.328     0.174     0.928
 5   114.144    20.990    16.693
 5     0.193    -0.090     0.977
 5     0.165    -0.979    -0.123
 5     0.967     0.185    -0.174
 6   129.643    26.043    44.914
 6     0.423    -0.688    -0.589
 6    -0.134     0.596    -0.792
 6     0.896     0.414     0.160
 7   119.107   -21.009    -9.787
 7     0.794     0.604     0.065
 7    -0.602     0.768     0.219
 7     0.082    -0.213     0.974
 8   116.302   -26.990    17.423
 8     0.143     0.070     0.987
 8    -0.279    -0.954     0.108
 8     0.949    -0.291    -0.117
 9   132.467   -31.065    45.294
 9     0.411     0.547    -0.729
 9     0.271     0.690     0.671
 9     0.870    -0.474     0.135
 2    96.607   -18.523    59.777
 2    -0.021    -1.000    -0.012
 2     0.999    -0.021     0.044
 2    -0.044    -0.011     0.999
 3   132.438    -0.817     5.790
 3     0.120     0.109    -0.987
 3     0.086     0.989     0.120
 3     0.989    -0.100     0.109
 4   117.939    15.392   -11.140
 4     0.479    -0.878     0.005
 4     0.815     0.443    -0.373
 4     0.325     0.182     0.928
 5   113.543    21.291    16.407
 5     0.167    -0.064     0.984
 5     0.198    -0.975    -0.098
 5     0.966     0.211    -0.151
 6   128.839    27.087    44.328
 6     0.412    -0.701    -0.582
 6    -0.107     0.597    -0.795
 6     0.904     0.390     0.171
 7   119.193   -21.005    -9.870
 7     0.795     0.602     0.068
 7    -0.600     0.767     0.228
 7     0.085    -0.223     0.971
 8   115.575   -27.691    16.988
 8     0.118     0.062     0.991
 8    -0.314    -0.944     0.097
 8     0.942    -0.323    -0.092
 9   131.892   -31.797    44.955
 9     0.406     0.554    -0.727
 9     0.261     0.691     0.673
 9     0.875    -0.464     0.136
 2    96.605   -18.524    59.780
 2    -0.021    -1.000    -0.012
 2     0.999    -0.021     0.044
 2    -0.045    -0.012     0.999
 3   132.504    -0.853     5.724
 3     0.113     0.103    -0.988
 3     0.089     0.989     0.113
 3     0.990    -0.101     0.102
 4   117.827    15.293   -11.264
 4     0.467    -0.884     0.015
 4     0.823     0.428    -0.372
 4     0.323     0.186     0.928
 5   112.894    21.750    15.865
 5     0.145    -0.021     0.989
 5     0.246    -0.967    -0.056
 5     0.958     0.252    -0.135
 6   127.467    29.609    43.800
 6     0.393    -0.734    -0.554
 6    -0.049     0.585    -0.809
 6     0.918     0.345     0.194
 7   119.257   -21.029   -10.003
 7     0.790     0.608     0.072
 7    -0.606     0.759     0.237
 7     0.089    -0.232     0.969
 8   114.847   -28.013    16.565
 8     0.088     0.005     0.996
 8    -0.354    -0.935     0.036
 8     0.931    -0.355    -0.080
 9   130.693   -34.327    44.235
 9     0.417     0.608    -0.675
 9     0.196     0.665     0.720
 9     0.887    -0.433     0.158
 2    96.607   -18.523    59.777
 2    -0.021    -1.000    -0.012
 2     0.999    -0.021     0.044
 2    -0.044    -0.011     0.999
 3   132.505    -0.874     5.677
 3     0.111     0.100    -0.989
 3     0.091     0.990     0.111
 3     0.990    -0.103     0.100
 4   117.738    15.053   -11.578
 4     0.465    -0.885     0.027
 4     0.829     0.425    -0.362
 4     0.308     0.191     0.932
 5   112.562    22.735    15.197
 5     0.135     0.015     0.990
 5     0.315    -0.949    -0.029
 5     0.939     0.316    -0.133
 6   127.383    33.311    41.796
 6     0.399    -0.743    -0.538
 6     0.033     0.598    -0.801
 6     0.916     0.302     0.263
 7   119.177   -20.959   -10.190
 7     0.785     0.614     0.082
 7    -0.613     0.752     0.240
 7     0.085    -0.239     0.967
 8   114.435   -28.885    16.001
 8     0.073    -0.048     0.996
 8    -0.413    -0.911    -0.013
 8     0.907    -0.411    -0.087
 9   130.350   -37.787    42.424
 9     0.422     0.626    -0.655
 9     0.110     0.682     0.723
 9     0.900    -0.377     0.219
 2    96.630   -18.473    59.780
 2    -0.021    -1.000    -0.012
 2     0.999    -0.021     0.044
 2    -0.045    -0.011     0.999
 3   132.510    -0.926     5.572
 3     0.112     0.096    -0.989
 3     0.094     0.990     0.107
 3     0.989    -0.106     0.102
 4   117.594    14.599   -12.080
 4     0.468    -0.883     0.042
 4     0.838     0.428    -0.338
 4     0.280     0.194     0.940
 5   112.378    24.027    14.437
 5     0.135     0.054     0.989
 5     0.395    -0.919    -0.004
 5     0.908     0.391    -0.146
 6   127.396    36.810    39.746
 6     0.409    -0.749    -0.521
 6     0.108     0.607    -0.787
 6     0.906     0.265     0.329
 7   118.927   -20.922   -10.452
 7     0.780     0.617     0.097
 7    -0.621     0.748     0.235
 7     0.072    -0.244     0.967
 8   114.121   -29.928    15.231
 8     0.060    -0.093     0.994
 8    -0.473    -0.879    -0.053
 8     0.879    -0.467    -0.097
 9   129.694   -41.050    40.500
 9     0.419     0.633    -0.651
 9     0.036     0.704     0.709
 9     0.907    -0.321     0.273
 2    96.605   -18.473    59.780
 2    -0.021    -1.000    -0.012
 2     0.999    -0.021     0.044
 2    -0.045    -0.011     0.999
 3   132.539    -0.848     5.364
 3     0.116     0.084    -0.990
 3     0.102     0.990     0.096
 3     0.988    -0.112     0.106
 4   117.426    14.171   -12.634
 4     0.467    -0.883     0.055
 4     0.848     0.428    -0.313
 4     0.252     0.193     0.948
 5   112.004    24.942    13.205
 5     0.132     0.086     0.987
 5     0.464    -0.886     0.015
 5     0.876     0.456    -0.157
 6   127.292    39.736    37.284
 6     0.416    -0.750    -0.514
 6     0.176     0.621    -0.764
 6     0.892     0.227     0.390
 7   118.815   -20.879   -10.681
 7     0.777     0.620     0.107
 7    -0.626     0.744     0.234
 7     0.065    -0.250     0.966
 8   113.744   -31.047    14.447
 8     0.048    -0.120     0.991
 8    -0.533    -0.843    -0.076
 8     0.845    -0.524    -0.105
 9   129.312   -44.714    37.845
 9     0.420     0.638    -0.646
 9    -0.045     0.725     0.687
 9     0.906    -0.260     0.333
 2    96.605   -18.473    59.780
 2    -0.021    -1.000    -0.012
 2     0.999    -0.021     0.044
 2    -0.045    -0.011     0.999
 3   132.621    -0.840     5.265
 3     0.115     0.074    -0.991
 3     0.112     0.990     0.087
 3     0.987    -0.121     0.105
 4   117.281    13.668   -13.159
 4     0.460    -0.885     0.066
 4     0.859     0.425    -0.284
 4     0.223     0.188     0.956
 5   111.626    26.008    12.178
 5     0.122     0.116     0.986
 5     0.530    -0.847     0.034
 5     0.839     0.519    -0.165
 6   126.757    42.710    35.100
 6     0.413    -0.755    -0.509
 6     0.245     0.630    -0.737
 6     0.877     0.179     0.445
 7   118.847   -20.810   -10.886
 7     0.777     0.619     0.114
 7    -0.627     0.744     0.230
 7     0.057    -0.250     0.966
 8   113.445   -32.345    13.299
 8     0.040    -0.129     0.991
 8    -0.594    -0.800    -0.080
 8     0.803    -0.585    -0.109
 9   129.097   -47.639    35.598
 9     0.409     0.632    -0.658
 9    -0.117     0.751     0.649
 9     0.905    -0.189     0.381
 2    96.607   -18.523    59.777
 2    -0.021    -1.000    -0.012
 2     0.999    -0.021     0.044
 2    -0.044    -0.011     0.999
 3   132.601    -0.680     5.291
 3     0.111     0.062    -0.992
 3     0.120     0.990     0.075
 3     0.986    -0.127     0.102
 4   117.116    13.320   -13.536
 4     0.450    -0.890     0.075
 4     0.871     0.419    -0.256
 4     0.196     0.180     0.964
 5   111.334    26.829    11.156
 5     0.114     0.143     0.983
 5     0.582    -0.812     0.051
 5     0.805     0.566    -0.176
 6   126.468    44.881    32.584
 6     0.417    -0.763    -0.494
 6     0.306     0.630    -0.714
 6     0.855     0.147     0.496
 7   118.884   -20.545   -11.247
 7     0.777     0.617     0.123
 7    -0.628     0.747     0.215
 7     0.041    -0.245     0.969
 8   113.175   -33.328    12.033
 8     0.035    -0.134     0.990
 8    -0.644    -0.761    -0.080
 8     0.764    -0.635    -0.113
 9   128.654   -50.056    33.280
 9     0.405     0.635    -0.658
 9    -0.177     0.760     0.624
 9     0.897    -0.137     0.420
 2    96.630   -18.473    59.780
 2    -0.021    -1.000    -0.012
 2     0.999    -0.021     0.044
 2    -0.045    -0.011     0.999
 3   132.625    -0.597     5.195
 3     0.110     0.059    -0.992
 3     0.127     0.989     0.073
 3     0.986    -0.134     0.101
 4   117.108    12.947   -13.950
 4     0.443    -0.893     0.083
 4     0.880     0.415    -0.232
 4     0.172     0.175     0.969
 5   111.066    27.331    10.188
 5     0.104     0.158     0.982
 5     0.618    -0.784     0.061
 5     0.779     0.600    -0.180
 6   125.924    46.754    30.878
 6     0.410    -0.767    -0.493
 6     0.351     0.632    -0.690
 6     0.841     0.109     0.529
 7   118.812   -20.259   -11.648
 7     0.776     0.616     0.132
 7    -0.630     0.751     0.196
 7     0.021    -0.236     0.971
 8   112.919   -34.488    10.650
 8     0.035    -0.131     0.990
 8    -0.694    -0.716    -0.070
 8     0.719    -0.685    -0.116
 9   128.584   -52.976    29.982
 9     0.413     0.630    -0.657
 9    -0.250     0.772     0.583
 9     0.875    -0.077     0.477
 2    96.605   -18.473    59.780
 2    -0.021    -1.000    -0.012
 2     0.999    -0.021     0.044
 2    -0.045    -0.011     0.999
 3   132.586    -0.490     5.094
 3     0.108     0.061    -0.992
 3     0.136     0.988     0.075
 3     0.985    -0.143     0.098
 4   116.949    12.574   -14.386
 4     0.436    -0.895     0.090
 4     0.888     0.411    -0.206
 4     0.147     0.169     0.974
 5   110.777    27.782     9.191
 5     0.097     0.171     0.980
 5     0.651    -0.756     0.067
 5     0.752     0.632    -0.185
 6   125.798    47.909    29.024
 6     0.412    -0.768    -0.490
 6     0.388     0.634    -0.668
 6     0.824     0.085     0.560
 7   118.725   -19.808   -12.209
 7     0.778     0.610     0.150
 7    -0.628     0.760     0.164
 7    -0.015    -0.222     0.975
 8   112.891   -35.471     8.958
 8     0.045    -0.150     0.988
 8    -0.750    -0.657    -0.066
 8     0.659    -0.738    -0.142
 9   128.693   -55.983    26.065
 9     0.428     0.632    -0.646
 9    -0.334     0.775     0.537
 9     0.840    -0.014     0.542
 2    96.605   -18.473    59.780
 2    -0.021    -1.000    -0.012
 2     0.999    -0.022     0.044
 2    -0.045    -0.011     0.999
 3   132.571    -0.359     4.889
 3     0.107     0.057    -0.993
 3     0.145     0.987     0.072
 3     0.984    -0.152     0.097
 4   116.736    12.242   -14.890
 4     0.425    -0.899     0.102
 4     0.898     0.406    -0.169
 4     0.110     0.163     0.980
 5   110.606    28.215     8.313
 5     0.094     0.196     0.976
 5     0.678    -0.730     0.081
 5     0.729     0.654    -0.202
 6   125.357    49.494    27.297
 6     0.412    -0.781    -0.470
 6     0.427     0.621    -0.657
 6     0.805     0.069     0.589
 7   118.549   -19.327   -12.604
 7     0.781     0.601     0.167
 7    -0.622     0.771     0.135
 7    -0.047    -0.210     0.976
 8   112.943   -36.268     7.568
 8     0.053    -0.183     0.981
 8    -0.797    -0.600    -0.069
 8     0.602    -0.779    -0.178
 9   128.864   -58.060    22.560
 9     0.447     0.637    -0.628
 9    -0.399     0.770     0.498
 9     0.801     0.027     0.598
 2    96.608   -18.521    59.768
 2    -0.022    -1.000    -0.004
 2     0.999    -0.022     0.042
 2    -0.042    -0.003     0.999
 3   132.539    -0.077     4.624
 3     0.105     0.047    -0.993
 3     0.156     0.986     0.063
 3     0.982    -0.161     0.096
 4   116.441    11.916   -15.268
 4     0.418    -0.901     0.116
 4     0.905     0.401    -0.142
 4     0.081     0.164     0.983
 5   110.544    28.591     7.525
 5     0.099     0.225     0.969
 5     0.707    -0.701     0.090
 5     0.700     0.677    -0.229
 6   125.322    50.534    25.367
 6     0.424    -0.786    -0.450
 6     0.461     0.614    -0.640
 6     0.779     0.064     0.623
 7   118.398   -18.999   -12.871
 7     0.783     0.594     0.185
 7    -0.617     0.779     0.109
 7    -0.079    -0.199     0.977
 8   113.049   -36.779     6.281
 8     0.062    -0.208     0.976
 8    -0.830    -0.554    -0.065
 8     0.554    -0.806    -0.207
 9   129.110   -59.537    19.507
 9     0.466     0.635    -0.616
 9    -0.445     0.770     0.456
 9     0.764     0.061     0.641
 2    96.610   -18.519    59.760
 2    -0.023    -1.000     0.001
 2     0.999    -0.023     0.040
 2    -0.040     0.002     0.999
 3   132.473     0.126     4.413
 3     0.105     0.037    -0.994
 3     0.161     0.985     0.054
 3     0.981    -0.167     0.098
 4   116.214    11.746   -15.513
 4     0.414    -0.901     0.127
 4     0.908     0.400    -0.122
 4     0.059     0.166     0.984
 5   110.457    29.099     6.970
 5     0.102     0.243     0.964
 5     0.728    -0.679     0.094
 5     0.677     0.693    -0.247
 6   125.323    51.730    23.775
 6     0.433    -0.793    -0.428
 6     0.491     0.606    -0.625
 6     0.755     0.060     0.652
 7   118.224   -18.619   -13.243
 7     0.784     0.586     0.202
 7    -0.610     0.788     0.083
 7    -0.110    -0.188     0.976
 8   113.234   -37.337     4.949
 8     0.079    -0.219     0.972
 8    -0.858    -0.512    -0.045
 8     0.508    -0.831    -0.228
 9   129.889   -60.572    16.278
 9     0.487     0.617    -0.618
 9    -0.483     0.780     0.398
 9     0.728     0.104     0.677
 2    96.608   -18.470    59.763
 2    -0.023    -1.000     0.001
 2     0.999    -0.023     0.040
 2    -0.041     0.002     0.999
 3   132.457     0.356     4.305
 3     0.103     0.029    -0.994
 3     0.167     0.985     0.046
 3     0.980    -0.171     0.096
 4   116.027    11.421   -15.798
 4     0.409    -0.902     0.141
 4     0.912     0.398    -0.099
 4     0.033     0.169     0.985
 5   110.510    29.281     6.276
 5     0.105     0.257     0.961
 5     0.746    -0.659     0.095
 5     0.657     0.707    -0.261
 6   125.292    52.473    22.166
 6     0.440    -0.798    -0.412
 6     0.517     0.600    -0.610
 6     0.734     0.055     0.677
 7   118.081   -18.220   -13.568
 7     0.785     0.577     0.223
 7    -0.601     0.798     0.050
 7    -0.149    -0.173     0.974
 8   113.534   -37.904     3.277
 8     0.101    -0.223     0.969
 8    -0.888    -0.459    -0.013
 8     0.448    -0.860    -0.244
 9   130.587   -61.773    12.473
 9     0.506     0.604    -0.616
 9    -0.529     0.781     0.331
 9     0.681     0.159     0.714
 2    96.610   -18.519    59.760
 2    -0.023    -1.000     0.001
 2     0.999    -0.022     0.040
 2    -0.040     0.002     0.999
 3   132.456     0.407     4.024
 3     0.105     0.026    -0.994
 3     0.170     0.984     0.044
 3     0.980    -0.174     0.099
 4   115.930    11.356   -15.975
 4     0.404    -0.902     0.152
 4     0.914     0.396    -0.083
 4     0.014     0.172     0.985
 5   110.498    29.816     5.692
 5     0.106     0.279     0.954
 5     0.766    -0.635     0.100
 5     0.633     0.720    -0.281
 6   125.155    53.647    20.787
 6     0.443    -0.806    -0.393
 6     0.545     0.589    -0.596
 6     0.712     0.049     0.700
 7   117.982   -17.620   -13.919
 7     0.786     0.568     0.241
 7    -0.588     0.809     0.012
 7    -0.189    -0.151     0.970
 8   113.901   -38.400     1.584
 8     0.119    -0.249     0.961
 8    -0.918    -0.396     0.011
 8     0.378    -0.884    -0.275
 9   131.249   -63.117     8.221
 9     0.527     0.609    -0.592
 9    -0.584     0.766     0.268
 9     0.617     0.205     0.760
 2    96.611   -18.520    59.760
 2    -0.022    -1.000     0.001
 2     0.999    -0.022     0.040
 2    -0.040     0.002     0.999
 3   132.455     0.584     3.846
 3     0.105     0.022    -0.994
 3     0.169     0.984     0.040
 3     0.980    -0.173     0.099
 4   115.882    11.450   -16.003
 4     0.402    -0.902     0.159
 4     0.915     0.395    -0.075
 4     0.005     0.176     0.984
 5   110.549    30.182     5.406
 5     0.109     0.289     0.951
 5     0.777    -0.621     0.100
 5     0.619     0.728    -0.293
 6   125.170    54.267    19.913
 6     0.446    -0.809    -0.382
 6     0.562     0.586    -0.584
 6     0.696     0.046     0.716
 7   117.766   -17.119   -14.179
 7     0.785     0.564     0.256
 7    -0.578     0.816    -0.027
 7    -0.225    -0.126     0.966
 8   114.386   -38.739     0.067
 8     0.136    -0.271     0.953
 8    -0.940    -0.340     0.037
 8     0.314    -0.900    -0.301
 9   131.774   -63.972     4.107
 9     0.548     0.615    -0.567
 9    -0.629     0.750     0.206
 9     0.552     0.244     0.797
 2    96.611   -18.520    59.760
 2    -0.022    -1.000     0.001
 2     0.999    -0.022     0.040
 2    -0.040     0.002     0.999
 3   132.503     0.709     3.716
 3     0.105     0.020    -0.994
 3     0.166     0.985     0.037
 3     0.980    -0.169     0.100
 4   115.866    11.573   -16.064
 4     0.399    -0.902     0.164
 4     0.917     0.393    -0.071
 4    -0.001     0.179     0.984
 5   110.583    30.407     5.289
 5     0.111     0.297     0.948
 5     0.781    -0.616     0.101
 5     0.615     0.729    -0.301
 6   125.151    54.618    19.578
 6     0.447    -0.811    -0.378
 6     0.568     0.584    -0.581
 6     0.691     0.045     0.721
 7   117.697   -16.837   -14.392
 7     0.785     0.559     0.266
 7    -0.566     0.822    -0.057
 7    -0.251    -0.106     0.962
 8   114.850   -39.118    -1.037
 8     0.158    -0.295     0.942
 8    -0.952    -0.298     0.066
 8     0.261    -0.908    -0.328
 9   132.490   -64.430     0.867
 9     0.568     0.621    -0.540
 9    -0.656     0.738     0.158
 9     0.496     0.264     0.827
 2    96.611   -18.520    59.760
 2    -0.022    -1.000     0.001
 2     0.999    -0.022     0.040
 2    -0.040     0.002     0.999
 3   132.516     0.888     3.648
 3     0.104     0.018    -0.994
 3     0.163     0.986     0.035
 3     0.981    -0.166     0.099
 4   115.805    11.620   -16.055
 4     0.398    -0.902     0.170
 4     0.917     0.392    -0.069
 4    -0.005     0.183     0.983
 5   110.532    30.408     5.385
 5     0.113     0.304     0.946
 5     0.780    -0.617     0.105
 5     0.615     0.726    -0.307
 6   125.146    54.745    19.556
 6     0.446    -0.812    -0.376
 6     0.570     0.582    -0.580
 6     0.690     0.045     0.722
 7   117.554   -16.555   -14.523
 7     0.785     0.551     0.281
 7    -0.553     0.829    -0.082
 7    -0.278    -0.091     0.956
 8   115.428   -39.178    -1.891
 8     0.184    -0.319     0.929
 8    -0.957    -0.274     0.095
 8     0.224    -0.907    -0.356
 9   133.194   -64.342    -1.496
 9     0.588     0.627    -0.511
 9    -0.672     0.730     0.123
 9     0.450     0.271     0.850
 2    96.611   -18.520    59.760
 2    -0.022    -1.000     0.001
 2     0.999    -0.022     0.040
 2    -0.040     0.002     0.999
 3   132.514     0.937     3.518
 3     0.105     0.018    -0.994
 3     0.161     0.986     0.035
 3     0.981    -0.164     0.101
 4   115.557    11.744   -16.090
 4     0.389    -0.904     0.180
 4     0.921     0.384    -0.064
 4    -0.012     0.190     0.981
 5   110.469    30.534     5.285
 5     0.115     0.318     0.941
 5     0.782    -0.612     0.112
 5     0.612     0.723    -0.320
 6   124.888    55.243    19.151
 6     0.444    -0.825    -0.351
 6     0.588     0.563    -0.580
 6     0.676     0.051     0.735
 7   117.518   -16.336   -14.589
 7     0.788     0.543     0.290
 7    -0.542     0.835    -0.091
 7    -0.292    -0.086     0.953
 8   115.883   -39.277    -2.038
 8     0.198    -0.330     0.923
 8    -0.957    -0.269     0.109
 8     0.213    -0.905    -0.370
 9   133.874   -64.193    -2.446
 9     0.595     0.649    -0.474
 9    -0.686     0.717     0.121
 9     0.418     0.253     0.872
 2    96.610   -18.469    59.760
 2    -0.023    -1.000     0.001
 2     0.999    -0.023     0.040
 2    -0.040     0.002     0.999
 3   132.514     1.063     3.467
 3     0.106     0.016    -0.994
 3     0.161     0.986     0.033
 3     0.981    -0.164     0.102
 4   115.354    11.788   -16.192
 4     0.380    -0.906     0.187
 4     0.924     0.377    -0.054
 4    -0.022     0.194     0.981
 5   110.249    30.677     5.239
 5     0.115     0.340     0.933
 5     0.791    -0.599     0.121
 5     0.600     0.724    -0.338
 6   124.357    55.786    18.406
 6     0.443    -0.841    -0.311
 6     0.611     0.537    -0.582
 6     0.656     0.067     0.751
 7   117.459   -16.186   -14.578
 7     0.790     0.537     0.295
 7    -0.537     0.839    -0.090
 7    -0.296    -0.088     0.951
 8   116.258   -39.261    -1.624
 8     0.209    -0.354     0.911
 8    -0.953    -0.281     0.110
 8     0.218    -0.892    -0.396
 9   134.058   -64.058    -2.306
 9     0.624     0.696    -0.355
 9    -0.683     0.707     0.185
 9     0.380     0.126     0.916
 2    96.610   -18.469    59.760
 2    -0.023    -1.000     0.001
 2     0.999    -0.023     0.040
 2    -0.040     0.002     0.999
 3   132.501     1.212     3.355
 3     0.108     0.018    -0.994
 3     0.164     0.986     0.035
 3     0.980    -0.167     0.104
 4   115.204    11.730   -16.268
 4     0.375    -0.906     0.194
 4     0.926     0.374    -0.045
 4    -0.032     0.197     0.980
 5   110.256    30.695     5.087
 5     0.117     0.366     0.923
 5     0.800    -0.586     0.131
 5     0.588     0.723    -0.361
 6   123.427    56.743    17.717
 6     0.460    -0.873    -0.161
 6     0.639     0.452    -0.623
 6     0.616     0.183     0.766
 7   117.481   -16.330   -14.492
 7     0.791     0.534     0.297
 7    -0.538     0.839    -0.074
 7    -0.289    -0.102     0.952
 8   116.837   -38.996    -0.342
 8     0.221    -0.403     0.888
 8    -0.945    -0.312     0.094
 8     0.239    -0.860    -0.450
 9   133.527   -64.721    -1.312
 9     0.657     0.743    -0.125
 9    -0.684     0.658     0.315
 9     0.316    -0.121     0.941
 2    96.611   -18.469    59.760
 2    -0.022    -1.000     0.001
 2     0.999    -0.022     0.040
 2    -0.040     0.002     0.999
 3   132.491     1.342     3.328
 3     0.107     0.024    -0.994
 3     0.174     0.984     0.042
 3     0.979    -0.178     0.101
 4   115.085    11.546   -16.297
 4     0.374    -0.906     0.198
 4     0.927     0.374    -0.039
 4    -0.040     0.198     0.979
 5   110.445    30.315     5.267
 5     0.120     0.410     0.904
 5     0.806    -0.572     0.152
 5     0.579     0.710    -0.400
 6   122.667    56.968    16.980
 6     0.495    -0.864     0.094
 6     0.676     0.314    -0.667
 6     0.546     0.393     0.739
 7   117.417   -16.624   -14.494
 7     0.791     0.535     0.297
 7    -0.546     0.836    -0.053
 7    -0.277    -0.120     0.953
 8   117.409   -38.722     1.261
 8     0.229    -0.495     0.838
 8    -0.939    -0.339     0.056
 8     0.256    -0.800    -0.543
 9   132.216   -65.294    -0.281
 9     0.664     0.743     0.079
 9    -0.703     0.586     0.402
 9     0.252    -0.324     0.912
 2    96.610   -18.469    59.760
 2    -0.023    -1.000     0.001
 2     0.999    -0.022     0.040
 2    -0.040     0.002     0.999
 3   132.418     1.389     3.233
 3     0.110     0.027    -0.993
 3     0.183     0.982     0.047
 3     0.977    -0.187     0.103
 4   114.877    11.179   -16.439
 4     0.373    -0.904     0.209
 4     0.926     0.375    -0.028
 4    -0.054     0.204     0.977
 5   110.627    30.132     5.128
 5     0.127     0.450     0.884
 5     0.814    -0.557     0.167
 5     0.567     0.698    -0.437
 6   121.663    57.586    16.362
 6     0.498    -0.815     0.295
 6     0.722     0.202    -0.662
 6     0.480     0.543     0.689
 7   117.320   -16.922   -14.360
 7     0.788     0.540     0.296
 7    -0.555     0.831    -0.040
 7    -0.268    -0.133     0.954
 8   117.883   -38.562     2.347
 8     0.230    -0.564     0.793
 8    -0.936    -0.353     0.021
 8     0.268    -0.747    -0.608
 9   131.457   -65.912     0.563
 9     0.667     0.703     0.247
 9    -0.720     0.522     0.458
 9     0.193    -0.483     0.854
 2    96.611   -18.469    59.760
 2    -0.022    -1.000     0.001
 2     0.999    -0.022     0.040
 2    -0.040     0.002     0.999
 3   132.512     1.226     2.993
 3     0.119     0.031    -0.992
 3     0.191     0.980     0.053
 3     0.974    -0.196     0.111
 4   114.608    10.860   -16.602
 4     0.371    -0.900     0.230
 4     0.926     0.377    -0.018
 4    -0.071     0.219     0.973
 5   110.922    30.021     5.207
 5     0.136     0.515     0.846
 5     0.827    -0.530     0.189
 5     0.545     0.674    -0.498
 6   121.107    57.890    15.011
 6     0.498    -0.718     0.487
 6     0.770     0.106    -0.629
 6     0.399     0.688     0.605
 7   116.973   -17.209   -14.311
 7     0.778     0.546     0.309
 7    -0.566     0.824    -0.032
 7    -0.272    -0.150     0.950
 8   118.465   -38.299     3.254
 8     0.237    -0.655     0.718
 8    -0.935    -0.355    -0.015
 8     0.264    -0.667    -0.696
 9   130.598   -66.236     0.747
 9     0.661     0.636     0.398
 9    -0.740     0.465     0.485
 9     0.123    -0.615     0.778
 2    96.610   -18.469    59.760
 2    -0.022    -1.000     0.002
 2     0.999    -0.022     0.040
 2    -0.040     0.003     0.999
 3   132.542     1.216     2.761
 3     0.128     0.030    -0.991
 3     0.194     0.979     0.055
 3     0.972    -0.200     0.119
 4   114.283    10.750   -16.685
 4     0.372    -0.895     0.245
 4     0.925     0.380    -0.015
 4    -0.080     0.233     0.969
 5   111.210    30.062     4.928
 5     0.148     0.557     0.817
 5     0.837    -0.510     0.197
 5     0.527     0.654    -0.542
 6   120.523    58.500    14.338
 6     0.485    -0.650     0.584
 6     0.799     0.059    -0.598
 6     0.354     0.757     0.548
 7   116.684   -17.348   -14.399
 7     0.770     0.548     0.325
 7    -0.572     0.820    -0.028
 7    -0.282    -0.164     0.945
 8   119.571   -37.955     3.993
 8     0.250    -0.743     0.621
 8    -0.934    -0.354    -0.049
 8     0.256    -0.568    -0.782
 9   130.056   -66.467     0.499
 9     0.638     0.545     0.543
 9    -0.768     0.410     0.492
 9     0.045    -0.731     0.680
 2    96.611   -18.520    59.760
 2    -0.022    -1.000     0.001
 2     0.999    -0.022     0.040
 2    -0.040     0.002     0.999
 3   132.582     1.208     2.540
 3     0.136     0.027    -0.990
 3     0.196     0.979     0.053
 3     0.971    -0.202     0.127
 4   114.009    10.745   -16.750
 4     0.367    -0.892     0.264
 4     0.926     0.377    -0.014
 4    -0.087     0.250     0.964
 5   111.380    30.108     5.067
 5     0.155     0.605     0.781
 5     0.844    -0.491     0.213
 5     0.512     0.627    -0.587
 6   120.121    58.780    13.886
 6     0.478    -0.592     0.649
 6     0.820     0.035    -0.572
 6     0.315     0.805     0.502
 7   116.485   -17.184   -14.423
 7     0.765     0.543     0.346
 7    -0.572     0.820    -0.024
 7    -0.297    -0.180     0.938
 8   120.532   -37.394     4.303
 8     0.258    -0.800     0.542
 8    -0.934    -0.350    -0.072
 8     0.247    -0.487    -0.837
 9   129.529   -66.581     0.466
 9     0.610     0.469     0.638
 9    -0.792     0.369     0.486
 9    -0.007    -0.802     0.598
 2    96.611   -18.520    59.760
 2    -0.022    -1.000     0.002
 2     0.999    -0.022     0.040
 2    -0.040     0.002     0.999
 3   132.593     1.353     2.088
 3     0.143     0.020    -0.989
 3     0.196     0.979     0.048
 3     0.970    -0.201     0.136
 4   113.764    10.792   -16.840
 4     0.360    -0.891     0.275
 4     0.928     0.371    -0.011
 4    -0.093     0.259     0.961
 5   111.406    30.401     5.030
 5     0.153     0.643     0.750
 5     0.857    -0.464     0.223
 5     0.491     0.609    -0.623
 6   119.408    59.566    12.739
 6     0.459    -0.543     0.703
 6     0.846     0.024    -0.533
 6     0.272     0.839     0.470
 7   116.376   -17.025   -14.539
 7     0.756     0.542     0.366
 7    -0.574     0.818    -0.028
 7    -0.315    -0.189     0.930
 8   121.325   -36.912     4.765
 8     0.253    -0.854     0.455
 8    -0.937    -0.333    -0.103
 8     0.239    -0.400    -0.885
 9   128.686   -66.620     0.710
 9     0.571     0.387     0.723
 9    -0.818     0.330     0.470
 9    -0.057    -0.861     0.506
 2    96.611   -18.520    59.760
 2    -0.022    -1.000     0.002
 2     0.999    -0.022     0.040
 2    -0.040     0.002     0.999
 3   132.686     1.708     1.907
 3     0.142     0.004    -0.990
 3     0.195     0.980     0.032
 3     0.970    -0.198     0.139
 4   113.519    10.918   -16.780
 4     0.347    -0.894     0.284
 4     0.932     0.360    -0.006
 4    -0.098     0.267     0.958
 5   111.194    30.745     4.967
 5     0.149     0.669     0.728
 5     0.868    -0.442     0.227
 5     0.473     0.598    -0.647
 6   118.608    60.206    12.098
 6     0.442    -0.508     0.739
 6     0.864     0.019    -0.503
 6     0.241     0.861     0.447
 7   116.044   -16.871   -14.521
 7     0.740     0.549     0.387
 7    -0.583     0.811    -0.036
 7    -0.334    -0.199     0.921
 8   121.833   -36.660     4.849
 8     0.254    -0.894     0.369
 8    -0.940    -0.319    -0.125
 8     0.229    -0.315    -0.921
 9   128.010   -66.751     0.667
 9     0.533     0.304     0.789
 9    -0.840     0.297     0.453
 9    -0.097    -0.905     0.414
 2    96.611   -18.520    59.760
 2    -0.022    -1.000     0.002
 2     0.999    -0.022     0.040
 2    -0.040     0.002     0.999
 3   132.635     1.782     1.726
 3     0.145    -0.002    -0.989
 3     0.194     0.980     0.027
 3     0.970    -0.196     0.142
 4   113.275    10.964   -16.820
 4     0.343    -0.891     0.297
 4     0.933     0.358    -0.003
 4    -0.104     0.278     0.955
 5   111.199    30.967     4.733
 5     0.151     0.693     0.704
 5     0.875    -0.426     0.231
 5     0.460     0.582    -0.671
 6   118.240    60.474    11.682
 6     0.431    -0.476     0.766
 6     0.875     0.013    -0.485
 6     0.220     0.879     0.422
 7   115.644   -16.723   -14.587
 7     0.724     0.554     0.410
 7    -0.588     0.807    -0.052
 7    -0.359    -0.204     0.911
 8   122.345   -36.518     4.818
 8     0.255    -0.919     0.300
 8    -0.943    -0.306    -0.135
 8     0.215    -0.248    -0.944
 9   127.198   -66.955     0.417
 9     0.489     0.231     0.841
 9    -0.863     0.269     0.428
 9    -0.128    -0.935     0.331
 2    96.611   -18.469    59.760
 2    -0.022    -1.000     0.001
 2     0.999    -0.022     0.040
 2    -0.040     0.002     0.999
 3   132.633     1.829     1.594
 3     0.149    -0.007    -0.989
 3     0.192     0.981     0.022
 3     0.970    -0.193     0.147
 4   113.132    11.036   -16.806
 4     0.338    -0.890     0.305
 4     0.934     0.355     0.002
 4    -0.110     0.284     0.952
 5   111.274    31.132     4.615
 5     0.154     0.709     0.687
 5     0.882    -0.412     0.227
 5     0.444     0.572    -0.690
 6   117.990    60.838    10.899
 6     0.423    -0.446     0.788
 6     0.884     0.016    -0.466
 6     0.195     0.895     0.401
 7   115.253   -16.582   -14.662
 7     0.705     0.561     0.432
 7    -0.592     0.802    -0.076
 7    -0.390    -0.202     0.898
 8   122.493   -36.774     4.060
 8     0.245    -0.942     0.228
 8    -0.952    -0.279    -0.126
 8     0.183    -0.187    -0.965
 9   126.055   -67.575    -1.020
 9     0.443     0.178     0.878
 9    -0.881     0.267     0.391
 9    -0.164    -0.947     0.276
 2    96.610   -18.469    59.760
 2    -0.023    -1.000     0.001
 2     0.999    -0.023     0.040
 2    -0.040     0.002     0.999
 3   132.622     1.770     1.321
 3     0.155    -0.011    -0.988
 3     0.189     0.982     0.018
 3     0.969    -0.190     0.154
 4   112.873    10.820   -16.897
 4     0.337    -0.887     0.315
 4     0.933     0.359     0.012
 4    -0.124     0.289     0.949
 5   111.396    31.454     4.043
 5     0.164     0.729     0.664
 5     0.897    -0.390     0.206
 5     0.409     0.562    -0.718
 6   118.001    61.216     9.513
 6     0.421    -0.424     0.801
 6     0.892     0.036    -0.450
 6     0.161     0.905     0.393
 7   114.850   -16.511   -14.836
 7     0.689     0.569     0.447
 7    -0.594     0.798    -0.100
 7    -0.414    -0.197     0.889
 8   122.337   -37.170     3.158
 8     0.239    -0.952     0.194
 8    -0.960    -0.262    -0.102
 8     0.148    -0.161    -0.976
 9   124.989   -67.992    -2.949
 9     0.415     0.147     0.897
 9    -0.887     0.285     0.364
 9    -0.202    -0.947     0.249
 2    96.611   -18.520    59.760
 2    -0.022    -1.000     0.001
 2     0.999    -0.022     0.040
 2    -0.040     0.002     0.999
 3   132.620     1.764     1.060
 3     0.162    -0.014    -0.987
 3     0.188     0.982     0.017
 3     0.969    -0.188     0.162
 4   112.407    10.439   -17.131
 4     0.339    -0.879     0.336
 4     0.928     0.370     0.031
 4    -0.152     0.302     0.941
 5   111.642    31.849     3.320
 5     0.183     0.747     0.639
 5     0.910    -0.375     0.177
 5     0.372     0.549    -0.749
 6   118.346    61.707     7.301
 6     0.426    -0.382     0.820
 6     0.898     0.068    -0.435
 6     0.110     0.922     0.372
 7   114.383   -16.688   -15.041
 7     0.675     0.570     0.467
 7    -0.596     0.796    -0.110
 7    -0.435    -0.204     0.877
 8   122.053   -37.721     2.521
 8     0.243    -0.949     0.200
 8    -0.962    -0.262    -0.075
 8     0.124    -0.175    -0.977
 9   124.791   -68.185    -4.222
 9     0.419     0.148     0.895
 9    -0.881     0.305     0.362
 9    -0.220    -0.941     0.259
 2    96.611   -18.520    59.760
 2    -0.022    -1.000     0.001
 2     0.999    -0.022     0.040
 2    -0.040     0.002     0.999
 3   132.449     1.617     0.529
 3     0.180    -0.014    -0.983
 3     0.193     0.981     0.021
 3     0.964    -0.194     0.179
 4   111.952    10.138   -17.402
 4     0.342    -0.870     0.354
 4     0.923     0.381     0.046
 4    -0.175     0.311     0.934
 5   111.877    32.092     2.439
 5     0.205     0.758     0.618
 5     0.918    -0.368     0.146
 5     0.338     0.538    -0.772
 6   118.943    61.768     5.177
 6     0.441    -0.349     0.827
 6     0.895     0.103    -0.434
 6     0.066     0.931     0.358
 7   113.910   -16.775   -15.024
 7     0.671     0.563     0.482
 7    -0.592     0.798    -0.109
 7    -0.447    -0.212     0.869
 8   122.277   -37.902     1.877
 8     0.261    -0.951     0.164
 8    -0.961    -0.273    -0.050
 8     0.092    -0.144    -0.985
 9   125.012   -68.382    -5.692
 9     0.415     0.103     0.904
 9    -0.874     0.322     0.365
 9    -0.253    -0.941     0.224
 2    96.611   -18.520    59.760
 2    -0.022    -1.000     0.001
 2     0.999    -0.022     0.040
 2    -0.040     0.002     0.999
 3   132.353     1.550    -0.057
 3     0.197    -0.019    -0.980
 3     0.201     0.979     0.022
 3     0.959    -0.202     0.197
 4   111.355     9.653   -17.630
 4     0.340    -0.862     0.375
 4     0.917     0.391     0.067
 4    -0.205     0.322     0.924
 5   111.980    32.231     1.615
 5     0.225     0.771     0.596
 5     0.926    -0.359     0.113
 5     0.301     0.526    -0.795
 6   119.120    61.908     3.222
 6     0.449    -0.321     0.834
 6     0.893     0.134    -0.429
 6     0.025     0.937     0.346
 7   113.455   -16.977   -15.166
 7     0.662     0.549     0.509
 7    -0.581     0.806    -0.115
 7    -0.473    -0.220     0.853
 8   122.568   -38.291     0.936
 8     0.267    -0.957     0.111
 8    -0.962    -0.271    -0.022
 8     0.051    -0.101    -0.994
 9   124.722   -68.692    -7.486
 9     0.393     0.058     0.917
 9    -0.871     0.342     0.352
 9    -0.293    -0.938     0.185
 2    96.610   -18.519    59.760
 2    -0.023    -1.000     0.001
 2     0.999    -0.022     0.040
 2    -0.040     0.002     0.999
 3   132.161     1.594    -0.242
 3     0.205    -0.025    -0.978
 3     0.205     0.978     0.018
 3     0.957    -0.205     0.205
 4   111.144     9.436   -17.820
 4     0.340    -0.858     0.385
 4     0.914     0.397     0.078
 4    -0.220     0.326     0.919
 5   111.936    32.475     0.790
 5     0.233     0.781     0.579
 5     0.935    -0.343     0.086
 5     0.266     0.522    -0.810
 6   119.094    62.176     1.146
 6     0.450    -0.300     0.841
 6     0.893     0.169    -0.417
 6    -0.017     0.939     0.343
 7   113.170   -16.875   -15.192
 7     0.655     0.544     0.524
 7    -0.569     0.812    -0.132
 7    -0.497    -0.212     0.841
 8   122.484   -38.774    -0.215
 8     0.261    -0.961     0.086
