% Calibrated with leiden_pols
% Positions are in centimeters
Data =[
 2    96.637   -18.556    59.736
 2     0.002    -1.000    -0.014
 2     0.999     0.001     0.047
 2    -0.047    -0.014     0.999
 3   131.124    -0.979     2.770
 3     0.263     0.110    -0.958
 3     0.189     0.968     0.163
 3     0.946    -0.224     0.234
 4   111.774    10.443   -15.013
 4     0.639    -0.672     0.374
 4     0.735     0.677    -0.038
 4    -0.227     0.299     0.927
 5   123.150    29.372     4.373
 5     0.848    -0.024     0.529
 5     0.382    -0.665    -0.641
 5     0.367     0.746    -0.555
 6   133.002     7.238    -2.927
 6    -0.076     0.997     0.000
 6    -0.982    -0.075    -0.172
 6    -0.172    -0.013     0.985
 7   112.745   -17.744   -13.843
 7     0.779     0.381     0.497
 7    -0.432     0.901    -0.014
 7    -0.454    -0.204     0.867
 8   126.700   -35.055     4.005
 8     0.830    -0.040     0.557
 8    -0.455    -0.625     0.634
 8     0.323    -0.780    -0.537
 9   138.885   -12.794    -1.319
 9     0.014    -0.954    -0.300
 9     0.999     0.000     0.047
 9    -0.045    -0.300     0.953
 2    96.636   -18.556    59.787
 2     0.002    -1.000    -0.014
 2     0.999     0.001     0.047
 2    -0.047    -0.014     0.999
 3   131.124    -1.004     2.770
 3     0.263     0.111    -0.958
 3     0.189     0.968     0.164
 3     0.946    -0.224     0.234
 4   111.775    10.443   -15.012
 4     0.639    -0.672     0.373
 4     0.734     0.677    -0.039
 4    -0.227     0.298     0.927
 5   123.203    29.322     4.446
 5     0.848    -0.025     0.529
 5     0.381    -0.666    -0.641
 5     0.368     0.745    -0.556
 6   133.003     7.238    -2.926
 6    -0.077     0.997     0.000
 6    -0.982    -0.075    -0.173
 6    -0.172    -0.014     0.985
 7   112.747   -17.743   -13.846
 7     0.779     0.381     0.497
 7    -0.432     0.901    -0.014
 7    -0.453    -0.204     0.868
 8   126.701   -35.055     3.954
 8     0.829    -0.040     0.557
 8    -0.456    -0.625     0.634
 8     0.323    -0.780    -0.537
 9   138.886   -12.845    -1.370
 9     0.015    -0.954    -0.299
 9     0.999     0.001     0.047
 9    -0.045    -0.300     0.953
 2    96.636   -18.531    59.787
 2     0.001    -1.000    -0.014
 2     0.999     0.001     0.047
 2    -0.047    -0.014     0.999
 3   131.150    -1.005     2.770
 3     0.264     0.111    -0.958
 3     0.189     0.968     0.164
 3     0.946    -0.225     0.234
 4   111.775    10.392   -15.012
 4     0.639    -0.673     0.372
 4     0.735     0.677    -0.038
 4    -0.227     0.298     0.927
 5   123.153    29.271     4.446
 5     0.848    -0.025     0.529
 5     0.381    -0.666    -0.641
 5     0.368     0.745    -0.556
 6   133.002     7.238    -2.927
 6    -0.076     0.997     0.000
 6    -0.982    -0.075    -0.173
 6    -0.172    -0.013     0.985
 7   112.748   -17.744   -13.846
 7     0.779     0.382     0.496
 7    -0.433     0.901    -0.014
 7    -0.453    -0.204     0.868
 8   126.700   -35.106     4.005
 8     0.829    -0.040     0.557
 8    -0.456    -0.625     0.633
 8     0.323    -0.780    -0.536
 9   138.836   -12.795    -1.318
 9     0.015    -0.954    -0.300
 9     0.999     0.001     0.047
 9    -0.045    -0.301     0.952
 2    96.634   -18.532    59.790
 2     0.001    -1.000    -0.014
 2     0.999     0.000     0.047
 2    -0.048    -0.014     0.999
 3   131.149    -1.004     2.770
 3     0.263     0.111    -0.958
 3     0.190     0.968     0.164
 3     0.946    -0.225     0.233
 4   111.775    10.393   -15.012
 4     0.638    -0.674     0.372
 4     0.735     0.677    -0.037
 4    -0.227     0.297     0.927
 5   123.151    29.270     4.397
 5     0.848    -0.023     0.529
 5     0.381    -0.667    -0.641
 5     0.367     0.745    -0.557
 6   133.053     7.239    -2.977
 6    -0.076     0.997     0.001
 6    -0.982    -0.075    -0.173
 6    -0.172    -0.015     0.985
 7   112.747   -17.769   -13.846
 7     0.780     0.381     0.496
 7    -0.432     0.901    -0.014
 7    -0.453    -0.204     0.868
 8   126.701   -35.106     4.005
 8     0.829    -0.040     0.557
 8    -0.456    -0.625     0.633
 8     0.323    -0.779    -0.537
 9   138.883   -12.744    -1.316
 9     0.014    -0.954    -0.300
 9     0.999    -0.000     0.048
 9    -0.046    -0.300     0.953
 2    96.636   -18.556    59.787
 2     0.002    -1.000    -0.014
 2     0.999     0.001     0.047
 2    -0.047    -0.014     0.999
 3   131.149    -0.978     2.770
 3     0.262     0.111    -0.958
 3     0.190     0.968     0.164
 3     0.946    -0.225     0.233
 4   111.774    10.393   -15.012
 4     0.638    -0.674     0.372
 4     0.736     0.676    -0.037
 4    -0.227     0.297     0.927
 5   123.153    29.322     4.445
 5     0.848    -0.023     0.529
 5     0.381    -0.667    -0.640
 5     0.368     0.744    -0.557
 6   133.052     7.238    -3.025
 6    -0.076     0.997     0.003
 6    -0.982    -0.074    -0.174
 6    -0.173    -0.016     0.984
 7   112.797   -17.743   -13.795
 7     0.780     0.381     0.496
 7    -0.432     0.902    -0.014
 7    -0.453    -0.204     0.868
 8   126.724   -35.055     4.009
 8     0.829    -0.041     0.557
 8    -0.456    -0.625     0.633
 8     0.322    -0.779    -0.537
 9   138.908   -12.744    -1.418
 9     0.014    -0.954    -0.299
 9     0.999    -0.000     0.048
 9    -0.046    -0.299     0.953
 2    96.634   -18.532    59.790
 2     0.001    -1.000    -0.014
 2     0.999     0.000     0.047
 2    -0.048    -0.014     0.999
 3   131.125    -1.004     2.770
 3     0.262     0.111    -0.958
 3     0.189     0.968     0.164
 3     0.946    -0.225     0.233
 4   111.799    10.444   -15.012
 4     0.637    -0.675     0.372
 4     0.736     0.675    -0.037
 4    -0.227     0.297     0.927
 5   123.200    29.270     4.497
 5     0.849    -0.022     0.528
 5     0.380    -0.669    -0.639
 5     0.367     0.743    -0.560
 6   132.999     7.288    -3.022
 6    -0.076     0.997     0.003
 6    -0.982    -0.074    -0.175
 6    -0.174    -0.016     0.984
 7   112.695   -17.693   -13.843
 7     0.780     0.380     0.497
 7    -0.431     0.902    -0.014
 7    -0.454    -0.204     0.867
 8   126.696   -35.056     3.961
 8     0.830    -0.042     0.556
 8    -0.456    -0.625     0.634
 8     0.321    -0.780    -0.537
 9   138.908   -12.744    -1.418
 9     0.014    -0.954    -0.298
 9     0.999    -0.000     0.048
 9    -0.046    -0.299     0.953
 2    96.634   -18.532    59.790
 2     0.001    -1.000    -0.014
 2     0.999     0.000     0.047
 2    -0.048    -0.014     0.999
 3   131.125    -1.004     2.770
 3     0.263     0.111    -0.958
 3     0.189     0.968     0.164
 3     0.946    -0.225     0.233
 4   111.668    10.442   -15.007
 4     0.635    -0.675     0.375
 4     0.737     0.674    -0.035
 4    -0.229     0.298     0.926
 5   123.263    29.123     4.267
 5     0.860     0.004     0.510
 5     0.376    -0.681    -0.628
 5     0.345     0.732    -0.587
 6   133.171     7.370    -3.813
 6    -0.074     0.997    -0.023
 6    -0.978    -0.077    -0.192
 6    -0.193     0.008     0.981
 7   112.661   -17.647   -13.881
 7     0.778     0.378     0.501
 7    -0.430     0.903    -0.015
 7    -0.458    -0.204     0.865
 8   126.739   -34.990     3.868
 8     0.834    -0.062     0.547
 8    -0.460    -0.626     0.630
 8     0.303    -0.778    -0.551
 9   138.874   -12.747    -1.871
 9     0.016    -0.956    -0.292
 9     0.998     0.001     0.051
 9    -0.049    -0.292     0.955
 2    96.634   -18.532    59.790
 2     0.001    -1.000    -0.014
 2     0.999     0.000     0.047
 2    -0.048    -0.014     0.999
 3   131.117    -0.981     2.678
 3     0.265     0.109    -0.958
 3     0.190     0.968     0.163
 3     0.945    -0.226     0.235
 4   111.396    10.273   -15.084
 4     0.630    -0.671     0.391
 4     0.736     0.677    -0.026
 4    -0.248     0.304     0.920
 5   123.717    28.809     4.007
 5     0.875     0.057     0.480
 5     0.378    -0.701    -0.605
 5     0.302     0.711    -0.635
