% Calibrated with leiden_pols
% Positions are in centimeters
Data =[
 2    96.637   -18.556    59.736
 2     0.002    -1.000    -0.014
 2     0.999     0.001     0.047
 2    -0.047    -0.014     0.999
 3   131.124    -0.979     2.770
 3     0.263     0.110    -0.958
 3     0.189     0.968     0.163
 3     0.946    -0.224     0.234
 4   111.774    10.443   -15.013
 4     0.639    -0.672     0.374
 4     0.735     0.677    -0.038
 4    -0.227     0.299     0.927
 5   123.150    29.372     4.373
 5     0.848    -0.024     0.529
 5     0.382    -0.665    -0.641
 5     0.367     0.746    -0.555
 6   133.002     7.238    -2.927
 6    -0.076     0.997     0.000
 6    -0.982    -0.075    -0.172
 6    -0.172    -0.013     0.985
 7   112.745   -17.744   -13.843
 7     0.779     0.381     0.497
 7    -0.432     0.901    -0.014
 7    -0.454    -0.204     0.867
 8   126.700   -35.055     4.005
 8     0.830    -0.040     0.557
 8    -0.455    -0.625     0.634
 8     0.323    -0.780    -0.537
 9   138.885   -12.794    -1.319
 9     0.014    -0.954    -0.300
 9     0.999     0.000     0.047
 9    -0.045    -0.300     0.953
 2    96.636   -18.556    59.787
 2     0.002    -1.000    -0.014
 2     0.999     0.001     0.047
 2    -0.047    -0.014     0.999
 3   131.124    -1.004     2.770
 3     0.263     0.111    -0.958
 3     0.189     0.968     0.164
 3     0.946    -0.224     0.234
 4   111.775    10.443   -15.012
 4     0.639    -0.672     0.373
 4     0.734     0.677    -0.039
 4    -0.227     0.298     0.927
 5   123.203    29.322     4.446
 5     0.848    -0.025     0.529
 5     0.381    -0.666    -0.641
 5     0.368     0.745    -0.556
 6   133.003     7.238    -2.926
 6    -0.077     0.997     0.000
 6    -0.982    -0.075    -0.173
 6    -0.172    -0.014     0.985
 7   112.747   -17.743   -13.846
 7     0.779     0.381     0.497
 7    -0.432     0.901    -0.014
 7    -0.453    -0.204     0.868
 8   126.701   -35.055     3.954
 8     0.829    -0.040     0.557
 8    -0.456    -0.625     0.634
 8     0.323    -0.780    -0.537
 9   138.886   -12.845    -1.370
 9     0.015    -0.954    -0.299
 9     0.999     0.001     0.047
 9    -0.045    -0.300     0.953
 2    96.636   -18.531    59.787
 2     0.001    -1.000    -0.014
 2     0.999     0.001     0.047
 2    -0.047    -0.014     0.999
 3   131.150    -1.005     2.770
 3     0.264     0.111    -0.958
 3     0.189     0.968     0.164
 3     0.946    -0.225     0.234
 4   111.775    10.392   -15.012
 4     0.639    -0.673     0.372
 4     0.735     0.677    -0.038
 4    -0.227     0.298     0.927
 5   123.153    29.271     4.446
 5     0.848    -0.025     0.529
 5     0.381    -0.666    -0.641
 5     0.368     0.745    -0.556
 6   133.002     7.238    -2.927
 6    -0.076     0.997     0.000
 6    -0.982    -0.075    -0.173
 6    -0.172    -0.013     0.985
 7   112.748   -17.744   -13.846
 7     0.779     0.382     0.496
 7    -0.433     0.901    -0.014
 7    -0.453    -0.204     0.868
 8   126.700   -35.106     4.005
 8     0.829    -0.040     0.557
 8    -0.456    -0.625     0.633
 8     0.323    -0.780    -0.536
 9   138.836   -12.795    -1.318
 9     0.015    -0.954    -0.300
 9     0.999     0.001     0.047
 9    -0.045    -0.301     0.952
 2    96.634   -18.532    59.790
 2     0.001    -1.000    -0.014
 2     0.999     0.000     0.047
 2    -0.048    -0.014     0.999
 3   131.149    -1.004     2.770
 3     0.263     0.111    -0.958
 3     0.190     0.968     0.164
 3     0.946    -0.225     0.233
 4   111.775    10.393   -15.012
 4     0.638    -0.674     0.372
 4     0.735     0.677    -0.037
 4    -0.227     0.297     0.927
 5   123.151    29.270     4.397
 5     0.848    -0.023     0.529
 5     0.381    -0.667    -0.641
 5     0.367     0.745    -0.557
 6   133.053     7.239    -2.977
 6    -0.076     0.997     0.001
 6    -0.982    -0.075    -0.173
 6    -0.172    -0.015     0.985
 7   112.747   -17.769   -13.846
 7     0.780     0.381     0.496
 7    -0.432     0.901    -0.014
 7    -0.453    -0.204     0.868
 8   126.701   -35.106     4.005
 8     0.829    -0.040     0.557
 8    -0.456    -0.625     0.633
 8     0.323    -0.779    -0.537
 9   138.883   -12.744    -1.316
 9     0.014    -0.954    -0.300
 9     0.999    -0.000     0.048
 9    -0.046    -0.300     0.953
 2    96.636   -18.556    59.787
 2     0.002    -1.000    -0.014
 2     0.999     0.001     0.047
 2    -0.047    -0.014     0.999
 3   131.149    -0.978     2.770
 3     0.262     0.111    -0.958
 3     0.190     0.968     0.164
 3     0.946    -0.225     0.233
 4   111.774    10.393   -15.012
 4     0.638    -0.674     0.372
 4     0.736     0.676    -0.037
 4    -0.227     0.297     0.927
 5   123.153    29.322     4.445
 5     0.848    -0.023     0.529
 5     0.381    -0.667    -0.640
 5     0.368     0.744    -0.557
 6   133.052     7.238    -3.025
 6    -0.076     0.997     0.003
 6    -0.982    -0.074    -0.174
 6    -0.173    -0.016     0.984
 7   112.797   -17.743   -13.795
 7     0.780     0.381     0.496
 7    -0.432     0.902    -0.014
 7    -0.453    -0.204     0.868
 8   126.724   -35.055     4.009
 8     0.829    -0.041     0.557
 8    -0.456    -0.625     0.633
 8     0.322    -0.779    -0.537
 9   138.908   -12.744    -1.418
 9     0.014    -0.954    -0.299
 9     0.999    -0.000     0.048
 9    -0.046    -0.299     0.953
 2    96.634   -18.532    59.790
 2     0.001    -1.000    -0.014
 2     0.999     0.000     0.047
 2    -0.048    -0.014     0.999
 3   131.125    -1.004     2.770
 3     0.262     0.111    -0.958
 3     0.189     0.968     0.164
 3     0.946    -0.225     0.233
 4   111.799    10.444   -15.012
 4     0.637    -0.675     0.372
 4     0.736     0.675    -0.037
 4    -0.227     0.297     0.927
 5   123.200    29.270     4.497
 5     0.849    -0.022     0.528
 5     0.380    -0.669    -0.639
 5     0.367     0.743    -0.560
 6   132.999     7.288    -3.022
 6    -0.076     0.997     0.003
 6    -0.982    -0.074    -0.175
 6    -0.174    -0.016     0.984
 7   112.695   -17.693   -13.843
 7     0.780     0.380     0.497
 7    -0.431     0.902    -0.014
 7    -0.454    -0.204     0.867
 8   126.696   -35.056     3.961
 8     0.830    -0.042     0.556
 8    -0.456    -0.625     0.634
 8     0.321    -0.780    -0.537
 9   138.908   -12.744    -1.418
 9     0.014    -0.954    -0.298
 9     0.999    -0.000     0.048
 9    -0.046    -0.299     0.953
 2    96.634   -18.532    59.790
 2     0.001    -1.000    -0.014
 2     0.999     0.000     0.047
 2    -0.048    -0.014     0.999
 3   131.125    -1.004     2.770
 3     0.263     0.111    -0.958
 3     0.189     0.968     0.164
 3     0.946    -0.225     0.233
 4   111.668    10.442   -15.007
 4     0.635    -0.675     0.375
 4     0.737     0.674    -0.035
 4    -0.229     0.298     0.926
 5   123.263    29.123     4.267
 5     0.860     0.004     0.510
 5     0.376    -0.681    -0.628
 5     0.345     0.732    -0.587
 6   133.171     7.370    -3.813
 6    -0.074     0.997    -0.023
 6    -0.978    -0.077    -0.192
 6    -0.193     0.008     0.981
 7   112.661   -17.647   -13.881
 7     0.778     0.378     0.501
 7    -0.430     0.903    -0.015
 7    -0.458    -0.204     0.865
 8   126.739   -34.990     3.868
 8     0.834    -0.062     0.547
 8    -0.460    -0.626     0.630
 8     0.303    -0.778    -0.551
 9   138.874   -12.747    -1.871
 9     0.016    -0.956    -0.292
 9     0.998     0.001     0.051
 9    -0.049    -0.292     0.955
 2    96.634   -18.532    59.790
 2     0.001    -1.000    -0.014
 2     0.999     0.000     0.047
 2    -0.048    -0.014     0.999
 3   131.117    -0.981     2.678
 3     0.265     0.109    -0.958
 3     0.190     0.968     0.163
 3     0.945    -0.226     0.235
 4   111.396    10.273   -15.084
 4     0.630    -0.671     0.391
 4     0.736     0.677    -0.026
 4    -0.248     0.304     0.920
 5   123.717    28.809     4.007
 5     0.875     0.057     0.480
 5     0.378    -0.701    -0.605
 5     0.302     0.711    -0.635
 6   133.762     7.482    -5.132
 6    -0.060     0.998    -0.010
 6    -0.973    -0.060    -0.221
 6    -0.221    -0.004     0.975
 7   112.226   -17.613   -13.826
 7     0.770     0.374     0.517
 7    -0.427     0.904    -0.018
 7    -0.474    -0.207     0.856
 8   126.961   -34.962     3.597
 8     0.843    -0.128     0.522
 8    -0.474    -0.637     0.608
 8     0.255    -0.760    -0.598
 9   139.575   -13.313    -4.237
 9     0.053    -0.967    -0.250
 9     0.995     0.030     0.092
 9    -0.082    -0.254     0.964
 2    96.634   -18.557    59.790
 2     0.002    -1.000    -0.014
 2     0.999     0.001     0.047
 2    -0.048    -0.014     0.999
 3   131.100    -0.987     2.567
 3     0.273     0.104    -0.956
 3     0.192     0.968     0.161
 3     0.943    -0.228     0.244
 4   111.188    10.237   -15.133
 4     0.624    -0.667     0.407
 4     0.737     0.676    -0.023
 4    -0.260     0.314     0.913
 5   123.959    28.255     4.167
 5     0.883     0.119     0.453
 5     0.386    -0.734    -0.559
 5     0.266     0.669    -0.694
 6   134.057     7.865    -6.415
 6    -0.038     0.998     0.046
 6    -0.963    -0.024    -0.268
 6    -0.266    -0.054     0.962
 7   112.027   -17.630   -13.854
 7     0.759     0.376     0.531
 7    -0.431     0.902    -0.022
 7    -0.487    -0.212     0.847
 8   126.793   -34.979     3.594
 8     0.840    -0.194     0.506
 8    -0.496    -0.652     0.573
 8     0.219    -0.733    -0.644
 9   139.890   -14.395    -5.788
 9     0.097    -0.972    -0.214
 9     0.987     0.068     0.141
 9    -0.123    -0.225     0.966
 2    96.636   -18.556    59.787
 2     0.002    -1.000    -0.014
 2     0.999     0.001     0.047
 2    -0.047    -0.014     0.999
 3   131.025    -1.072     2.285
 3     0.281     0.096    -0.955
 3     0.192     0.969     0.154
 3     0.940    -0.227     0.254
 4   110.957    10.232   -15.166
 4     0.614    -0.666     0.422
 4     0.742     0.670    -0.022
 4    -0.269     0.327     0.906
 5   124.100    27.889     4.379
 5     0.885     0.172     0.432
 5     0.399    -0.759    -0.514
 5     0.239     0.627    -0.741
 6   133.969     8.445    -7.605
 6    -0.019     0.994     0.104
 6    -0.949     0.015    -0.315
 6    -0.315    -0.105     0.943
 7   111.839   -17.642   -13.871
 7     0.750     0.381     0.541
 7    -0.438     0.898    -0.025
 7    -0.495    -0.218     0.841
 8   126.712   -34.935     3.871
 8     0.831    -0.251     0.496
 8    -0.519    -0.670     0.531
 8     0.199    -0.699    -0.687
 9   140.001   -15.410    -7.297
 9     0.135    -0.979    -0.152
 9     0.975     0.105     0.192
 9    -0.173    -0.175     0.969
 2    96.634   -18.532    59.739
 2     0.001    -1.000    -0.013
 2     0.999     0.001     0.047
 2    -0.048    -0.014     0.999
 3   131.009    -1.000     2.174
 3     0.285     0.089    -0.954
 3     0.194     0.969     0.149
 3     0.938    -0.228     0.259
 4   110.761    10.307   -15.160
 4     0.603    -0.669     0.435
 4     0.749     0.662    -0.021
 4    -0.274     0.339     0.900
 5   124.021    27.503     4.577
 5     0.883     0.228     0.409
 5     0.416    -0.783    -0.462
 5     0.215     0.578    -0.787
 6   133.693     9.504    -8.798
 6     0.007     0.984     0.178
 6    -0.928     0.073    -0.364
 6    -0.371    -0.163     0.914
 7   111.685   -17.626   -13.896
 7     0.742     0.386     0.548
 7    -0.447     0.894    -0.025
 7    -0.500    -0.226     0.836
 8   126.723   -34.501     4.531
 8     0.823    -0.319     0.470
 8    -0.539    -0.700     0.469
 8     0.179    -0.639    -0.748
 9   139.935   -16.838    -8.986
 9     0.174    -0.981    -0.083
 9     0.950     0.145     0.275
 9    -0.258    -0.127     0.958
 2    96.634   -18.532    59.790
 2     0.001    -1.000    -0.014
 2     0.999     0.001     0.047
 2    -0.048    -0.014     0.999
 3   130.991    -0.902     1.985
 3     0.290     0.078    -0.954
 3     0.198     0.970     0.139
 3     0.936    -0.229     0.266
 4   110.453    10.305   -15.200
 4     0.585    -0.672     0.453
 4     0.760     0.649    -0.019
 4    -0.282     0.355     0.891
 5   123.746    27.298     4.731
 5     0.873     0.302     0.383
 5     0.451    -0.798    -0.399
 5     0.185     0.521    -0.833
 6   133.422    11.148   -10.052
 6     0.048     0.963     0.265
 6    -0.900     0.156    -0.406
 6    -0.433    -0.219     0.874
 7   111.553   -17.636   -13.813
 7     0.733     0.387     0.558
 7    -0.453     0.891    -0.023
 7    -0.507    -0.236     0.829
 8   127.075   -34.279     4.767
 8     0.815    -0.399     0.420
 8    -0.562    -0.719     0.407
 8     0.140    -0.568    -0.811
 9   139.636   -18.676   -11.475
 9     0.190    -0.982    -0.001
 9     0.917     0.177     0.356
 9    -0.349    -0.068     0.934
 2    96.634   -18.532    59.790
 2     0.001    -1.000    -0.014
 2     0.999     0.000     0.047
 2    -0.048    -0.014     0.999
 3   130.971    -0.650     1.797
 3     0.294     0.057    -0.954
 3     0.204     0.971     0.121
 3     0.934    -0.231     0.274
 4   110.195    10.253   -15.239
 4     0.566    -0.677     0.470
 4     0.771     0.636    -0.013
 4    -0.290     0.370     0.882
 5   123.632    27.169     4.818
 5     0.856     0.382     0.347
 5     0.494    -0.802    -0.336
 5     0.150     0.459    -0.875
 6   132.997    12.917   -11.768
 6     0.086     0.934     0.345
 6    -0.866     0.242    -0.438
 6    -0.493    -0.262     0.830
 7   111.464   -17.648   -13.826
 7     0.724     0.389     0.570
 7    -0.458     0.888    -0.024
 7    -0.516    -0.244     0.821
 8   127.262   -34.157     4.835
 8     0.802    -0.470     0.369
 8    -0.588    -0.730     0.347
 8     0.106    -0.495    -0.862
 9   138.636   -20.419   -14.107
 9     0.188    -0.978     0.092
 9     0.877     0.209     0.433
 9    -0.443    -0.000     0.897
 2    96.634   -18.532    59.790
 2     0.001    -1.000    -0.014
 2     0.999     0.000     0.047
 2    -0.048    -0.014     0.999
 3   130.952    -0.599     1.711
 3     0.293     0.042    -0.955
 3     0.209     0.972     0.107
 3     0.932    -0.232     0.276
 4   109.949    10.252   -15.257
 4     0.554    -0.680     0.480
 4     0.779     0.627    -0.010
 4    -0.295     0.379     0.877
 5   123.381    27.495     4.500
 5     0.837     0.447     0.314
 5     0.534    -0.794    -0.292
 5     0.119     0.412    -0.903
 6   132.610    14.585   -13.032
 6     0.111     0.909     0.401
 6    -0.833     0.305    -0.461
 6    -0.542    -0.283     0.791
 7   111.279   -17.610   -13.839
 7     0.712     0.394     0.580
 7    -0.467     0.884    -0.027
 7    -0.524    -0.252     0.814
 8   127.311   -33.823     5.184
 8     0.783    -0.533     0.321
 8    -0.616    -0.737     0.279
 8     0.088    -0.416    -0.905
 9   137.311   -22.745   -15.964
 9     0.193    -0.965     0.179
 9     0.827     0.258     0.498
 9    -0.527     0.051     0.848
 2    96.634   -18.532    59.790
 2     0.001    -1.000    -0.014
 2     0.999     0.001     0.047
 2    -0.048    -0.014     0.999
 3   130.941    -0.549     1.539
 3     0.296     0.029    -0.955
 3     0.213     0.972     0.096
 3     0.931    -0.232     0.281
 4   109.730    10.356   -15.263
 4     0.539    -0.682     0.494
 4     0.788     0.615    -0.012
 4    -0.297     0.396     0.869
 5   123.080    27.676     4.468
 5     0.816     0.500     0.287
 5     0.569    -0.782    -0.254
 5     0.097     0.371    -0.923
 6   131.868    16.207   -13.827
 6     0.132     0.876     0.463
 6    -0.801     0.370    -0.471
 6    -0.584    -0.309     0.751
 7   111.057   -17.672   -13.760
 7     0.699     0.403     0.589
 7    -0.482     0.876    -0.028
 7    -0.528    -0.264     0.807
 8   127.268   -33.586     5.363
 8     0.762    -0.588     0.270
 8    -0.642    -0.737     0.211
 8     0.075    -0.335    -0.939
 9   136.038   -24.976   -17.343
 9     0.181    -0.950     0.255
 9     0.769     0.298     0.564
 9    -0.613     0.094     0.785
 2    96.634   -18.557    59.790
 2     0.002    -1.000    -0.014
 2     0.999     0.001     0.047
 2    -0.048    -0.014     0.999
 3   130.741    -0.505     1.305
 3     0.303     0.012    -0.953
 3     0.216     0.973     0.081
 3     0.928    -0.231     0.292
 4   109.389    10.359   -15.241
 4     0.524    -0.685     0.505
 4     0.797     0.604    -0.009
 4    -0.299     0.407     0.862
 5   122.642    27.933     4.253
 5     0.795     0.546     0.263
 5     0.601    -0.767    -0.224
 5     0.079     0.336    -0.938
 6   130.982    17.551   -14.646
 6     0.148     0.850     0.506
 6    -0.771     0.419    -0.479
 6    -0.619    -0.319     0.717
 7   110.828   -17.687   -13.849
 7     0.684     0.412     0.601
 7    -0.495     0.868    -0.033
 7    -0.535    -0.275     0.799
 8   127.187   -33.507     5.469
 8     0.742    -0.631     0.226
 8    -0.668    -0.726     0.163
 8     0.061    -0.272    -0.960
 9   134.363   -26.801   -18.601
 9     0.160    -0.931     0.328
 9     0.723     0.336     0.603
 9    -0.672     0.140     0.727
 2    96.634   -18.532    59.790
 2     0.001    -1.000    -0.014
 2     0.999     0.001     0.047
 2    -0.048    -0.014     0.999
 3   130.724    -0.381     1.141
 3     0.306     0.001    -0.952
 3     0.219     0.973     0.072
 3     0.926    -0.231     0.297
 4   109.177    10.438   -15.246
 4     0.511    -0.689     0.513
 4     0.805     0.593    -0.007
 4    -0.300     0.417     0.858
 5   122.269    28.070     4.302
 5     0.772     0.588     0.241
 5     0.632    -0.750    -0.194
 5     0.067     0.302    -0.951
 6   130.364    18.815   -15.393
 6     0.160     0.831     0.533
 6    -0.740     0.458    -0.492
 6    -0.653    -0.316     0.688
 7   110.416   -17.705   -13.755
 7     0.668     0.426     0.610
 7    -0.509     0.860    -0.045
 7    -0.544    -0.280     0.791
 8   127.077   -33.506     5.380
 8     0.718    -0.674     0.173
 8    -0.695    -0.710     0.116
 8     0.044    -0.204    -0.978
 9   132.660   -28.731   -19.672
 9     0.141    -0.908     0.394
 9     0.669     0.380     0.638
 9    -0.729     0.173     0.661
 2    96.635   -18.557    59.739
 2     0.002    -1.000    -0.014
 2     0.999     0.001     0.047
 2    -0.048    -0.014     0.999
 3   130.614    -0.333     0.967
 3     0.310    -0.010    -0.951
 3     0.220     0.973     0.061
 3     0.925    -0.229     0.304
 4   108.889    10.494   -15.153
 4     0.495    -0.693     0.524
 4     0.815     0.579    -0.004
 4    -0.300     0.429     0.852
 5   121.645    28.359     4.252
 5     0.745     0.629     0.221
 5     0.664    -0.729    -0.168
 5     0.055     0.272    -0.961
 6   129.475    20.350   -15.982
 6     0.173     0.818     0.548
 6    -0.704     0.492    -0.512
 6    -0.689    -0.297     0.661
 7   110.178   -17.570   -13.768
 7     0.653     0.440     0.616
 7    -0.519     0.853    -0.059
 7    -0.552    -0.281     0.785
 8   126.841   -33.372     5.561
 8     0.690    -0.712     0.127
 8    -0.722    -0.688     0.068
 8     0.039    -0.139    -0.990
 9   130.828   -30.913   -20.682
 9     0.118    -0.879     0.461
 9     0.614     0.430     0.662
 9    -0.780     0.205     0.591
 2    96.634   -18.532    59.790
 2     0.001    -1.000    -0.014
 2     0.999     0.000     0.047
 2    -0.048    -0.014     0.999
 3   130.563    -0.085     0.758
 3     0.315    -0.027    -0.949
 3     0.222     0.974     0.046
 3     0.922    -0.225     0.312
 4   108.575    10.499   -15.108
 4     0.475    -0.701     0.532
 4     0.826     0.563     0.003
 4    -0.301     0.438     0.847
 5   120.964    28.806     4.395
 5     0.714     0.667     0.212
 5     0.698    -0.701    -0.148
 5     0.050     0.254    -0.966
 6   128.581    21.929   -16.311
 6     0.198     0.798     0.569
 6    -0.671     0.534    -0.515
 6    -0.715    -0.280     0.641
 7   109.917   -17.587   -13.678
 7     0.636     0.455     0.623
 7    -0.531     0.844    -0.074
 7    -0.560    -0.284     0.778
 8   126.602   -33.628     5.420
 8     0.668    -0.738     0.097
 8    -0.744    -0.667     0.047
 8     0.030    -0.104    -0.994
 9   129.785   -32.443   -21.082
 9     0.115    -0.867     0.484
 9     0.571     0.457     0.682
 9    -0.813     0.198     0.547
 2    96.634   -18.532    59.790
 2     0.001    -1.000    -0.014
 2     0.999     0.001     0.047
 2    -0.048    -0.014     0.999
 3   130.452     0.064     0.609
 3     0.319    -0.041    -0.947
 3     0.222     0.974     0.032
 3     0.921    -0.221     0.319
 4   108.237    10.607   -15.091
 4     0.457    -0.706     0.541
 4     0.837     0.547     0.006
 4    -0.301     0.449     0.841
 5   120.361    29.046     4.336
 5     0.689     0.696     0.200
 5     0.723    -0.678    -0.131
 5     0.045     0.235    -0.971
 6   127.764    23.316   -16.870
 6     0.213     0.788     0.577
 6    -0.631     0.562    -0.534
 6    -0.746    -0.251     0.617
 7   109.546   -17.484   -13.669
 7     0.615     0.466     0.636
 7    -0.541     0.836    -0.090
 7    -0.573    -0.289     0.766
 8   126.220   -33.731     5.343
 8     0.644    -0.762     0.070
 8    -0.764    -0.644     0.026
 8     0.025    -0.070    -0.997
 9   128.519   -33.708   -21.566
 9     0.104    -0.851     0.514
 9     0.533     0.484     0.693
 9    -0.839     0.202     0.504
 2    96.634   -18.532    59.790
 2     0.001    -1.000    -0.014
 2     0.999     0.001     0.047
 2    -0.048    -0.014     0.999
 3   130.434     0.160    -0.003
 3     0.350    -0.072    -0.934
 3     0.210     0.977     0.004
 3     0.912    -0.198     0.357
 4   107.524    10.749   -14.902
 4     0.427    -0.707     0.564
 4     0.855     0.518     0.003
 4    -0.295     0.481     0.825
 5   119.739    29.236     4.498
 5     0.667     0.721     0.185
 5     0.743    -0.660    -0.110
 5     0.042     0.211    -0.976
 6   127.081    25.153   -16.938
 6     0.234     0.781     0.579
 6    -0.577     0.591    -0.563
 6    -0.782    -0.202     0.589
 7   109.100   -17.441   -13.796
 7     0.590     0.466     0.659
 7    -0.543     0.833    -0.103
 7    -0.597    -0.298     0.745
 8   125.954   -33.756     5.059
 8     0.630    -0.775     0.047
 8    -0.776    -0.630     0.012
 8     0.020    -0.045    -0.999
 9   127.573   -34.716   -21.766
 9     0.083    -0.851     0.519
 9     0.497     0.487     0.718
 9    -0.864     0.199     0.463
 2    96.634   -18.532    59.790
 2     0.001    -1.000    -0.014
 2     0.999     0.000     0.047
 2    -0.048    -0.014     0.999
 3   130.305     0.274    -0.286
 3     0.364    -0.087    -0.927
 3     0.207     0.978    -0.010
 3     0.908    -0.189     0.373
 4   107.115    10.809   -14.921
 4     0.404    -0.713     0.573
 4     0.867     0.498     0.008
 4    -0.292     0.494     0.819
 5   118.658    29.436     4.714
 5     0.643     0.740     0.196
 5     0.763    -0.639    -0.096
 5     0.054     0.212    -0.976
 6   126.438    26.560   -16.804
 6     0.267     0.770     0.580
 6    -0.535     0.619    -0.575
 6    -0.802    -0.157     0.577
 7   108.813   -17.454   -13.890
 7     0.579     0.469     0.667
 7    -0.547     0.830    -0.109
 7    -0.604    -0.302     0.737
 8   125.552   -33.804     5.056
 8     0.615    -0.787     0.033
 8    -0.788    -0.616    -0.004
 8     0.023    -0.024    -0.999
 9   126.802   -35.692   -22.082
 9     0.080    -0.848     0.524
 9     0.466     0.496     0.732
 9    -0.881     0.185     0.435
 2    96.634   -18.532    59.790
 2     0.001    -1.000    -0.014
 2     0.999     0.000     0.047
 2    -0.048    -0.014     0.999
 3   130.258     0.394    -0.548
 3     0.372    -0.095    -0.923
 3     0.207     0.978    -0.017
 3     0.905    -0.185     0.383
 4   106.913    10.941   -14.880
 4     0.393    -0.717     0.577
 4     0.873     0.488     0.012
 4    -0.290     0.498     0.817
 5   117.972    29.808     4.865
 5     0.623     0.754     0.207
 5     0.779    -0.620    -0.087
 5     0.063     0.216    -0.974
 6   125.951    27.896   -16.604
 6     0.288     0.757     0.586
 6    -0.501     0.641    -0.582
 6    -0.816    -0.126     0.564
 7   108.562   -17.234   -13.846
 7     0.570     0.477     0.669
 7    -0.554     0.824    -0.116
 7    -0.607    -0.305     0.734
 8   125.113   -33.673     5.254
 8     0.599    -0.800     0.032
 8    -0.800    -0.599    -0.021
 8     0.035    -0.013    -0.999
 9   126.490   -37.006   -21.672
 9     0.107    -0.845     0.524
 9     0.413     0.517     0.749
 9    -0.904     0.136     0.405
 2    96.634   -18.532    59.790
 2     0.001    -1.000    -0.014
 2     0.999     0.000     0.048
 2    -0.048    -0.014     0.999
 3   130.152     0.544    -0.593
 3     0.374    -0.097    -0.922
 3     0.207     0.978    -0.019
 3     0.904    -0.184     0.385
 4   106.686    11.073   -14.889
 4     0.383    -0.719     0.579
 4     0.877     0.479     0.014
 4    -0.288     0.503     0.815
 5   117.645    30.044     4.906
 5     0.611     0.763     0.209
 5     0.789    -0.609    -0.082
 5     0.065     0.214    -0.974
 6   125.767    29.522   -16.561
 6     0.304     0.757     0.578
 6    -0.454     0.649    -0.610
 6    -0.837    -0.077     0.542
 7   108.282   -17.018   -13.847
 7     0.557     0.489     0.671
 7    -0.562     0.817    -0.129
 7    -0.611    -0.306     0.730
 8   122.002   -33.959     3.339
 8     0.586    -0.809     0.030
 8    -0.808    -0.587    -0.043
 8     0.052     0.000    -0.999
 9   126.039   -38.377   -21.247
 9     0.124    -0.837     0.533
 9     0.354     0.539     0.764
 9    -0.927     0.093     0.363
 2    96.634   -18.532    59.790
 2     0.001    -1.000    -0.014
 2     0.999     0.000     0.047
 2    -0.048    -0.014     0.999
 3   130.089     0.666    -0.657
 3     0.378    -0.098    -0.921
 3     0.206     0.978    -0.020
 3     0.902    -0.182     0.390
 4   106.633    11.175   -14.841
 4     0.381    -0.719     0.582
 4     0.879     0.477     0.014
 4    -0.288     0.506     0.813
 5   117.469    30.173     4.907
 5     0.606     0.766     0.211
 5     0.792    -0.604    -0.081
 5     0.065     0.217    -0.974
 6   125.671    30.520   -16.864
 6     0.312     0.760     0.569
 6    -0.422     0.648    -0.634
 6    -0.851    -0.043     0.523
 7   108.111   -16.978   -13.807
 7     0.543     0.506     0.670
 7    -0.575     0.806    -0.143
 7    -0.612    -0.308     0.729
 8   121.681   -34.012     3.509
 8     0.570    -0.821     0.021
 8    -0.819    -0.571    -0.060
 8     0.062     0.016    -0.998
 9   125.490   -39.491   -20.952
 9     0.134    -0.825     0.549
 9     0.316     0.560     0.765
 9    -0.939     0.071     0.336
 2    96.634   -18.532    59.790
 2     0.001    -1.000    -0.014
 2     0.999     0.001     0.047
 2    -0.048    -0.014     0.999
 3   130.003     0.737    -0.771
 3     0.383    -0.099    -0.918
 3     0.206     0.978    -0.019
 3     0.900    -0.182     0.395
 4   106.553    11.200   -14.839
 4     0.378    -0.718     0.584
 4     0.880     0.475     0.015
 4    -0.289     0.508     0.811
 5   117.395    30.276     4.855
 5     0.602     0.769     0.215
 5     0.796    -0.600    -0.082
 5     0.066     0.220    -0.973
 6   125.628    31.266   -17.070
 6     0.320     0.761     0.564
 6    -0.390     0.649    -0.653
 6    -0.864    -0.011     0.504
 7   107.761   -16.990   -13.733
 7     0.528     0.519     0.672
 7    -0.585     0.796    -0.155
 7    -0.615    -0.311     0.724
 8   121.449   -34.063     3.555
 8     0.564    -0.826     0.015
 8    -0.823    -0.563    -0.072
 8     0.068     0.028    -0.997
 9   124.882   -40.394   -20.775
 9     0.133    -0.821     0.555
 9     0.284     0.568     0.772
 9    -0.949     0.055     0.309
 2    96.634   -18.532    59.790
 2     0.002    -1.000    -0.014
 2     0.999     0.001     0.047
 2    -0.048    -0.014     0.999
 3   129.888     0.654    -0.903
 3     0.391    -0.095    -0.916
 3     0.206     0.978    -0.013
 3     0.897    -0.184     0.401
 4   106.547    11.199   -14.886
 4     0.376    -0.717     0.587
 4     0.879     0.475     0.017
 4    -0.291     0.510     0.809
 5   117.123    30.511     4.724
 5     0.588     0.776     0.226
 5     0.805    -0.587    -0.082
 5     0.069     0.231    -0.970
 6   125.584    31.958   -17.090
 6     0.334     0.752     0.567
 6    -0.371     0.658    -0.655
 6    -0.867     0.008     0.499
 7   107.687   -16.996   -13.723
 7     0.520     0.528     0.670
 7    -0.591     0.790    -0.164
 7    -0.616    -0.311     0.723
 8   121.293   -34.009     3.668
 8     0.558    -0.829     0.016
 8    -0.826    -0.558    -0.080
 8     0.075     0.032    -0.997
 9   124.723   -41.011   -20.453
 9     0.144    -0.818     0.557
 9     0.260     0.575     0.776
 9    -0.955     0.034     0.295
 2    96.634   -18.532    59.790
 2     0.001    -1.000    -0.014
 2     0.999     0.001     0.047
 2    -0.048    -0.014     0.999
 3   129.929     0.651    -0.913
 3     0.394    -0.092    -0.915
 3     0.208     0.978    -0.009
 3     0.895    -0.188     0.404
 4   106.432    11.070   -15.051
 4     0.368    -0.720     0.588
 4     0.882     0.471     0.025
 4    -0.296     0.509     0.808
 5   116.610    30.572     4.659
 5     0.575     0.782     0.238
 5     0.814    -0.575    -0.079
 5     0.075     0.239    -0.968
 6   125.290    32.931   -16.899
 6     0.354     0.743     0.568
 6    -0.340     0.668    -0.662
 6    -0.871     0.041     0.489
 7   107.540   -17.101   -13.718
 7     0.514     0.535     0.670
 7    -0.597     0.785    -0.168
 7    -0.616    -0.313     0.723
 8   120.745   -34.186     3.773
 8     0.543    -0.840     0.018
 8    -0.835    -0.542    -0.091
 8     0.086     0.034    -0.996
 9   124.591   -42.243   -19.970
 9     0.165    -0.812     0.560
 9     0.226     0.584     0.780
 9    -0.960    -0.002     0.280
 2    96.634   -18.532    59.790
 2     0.001    -1.000    -0.014
 2     0.999     0.001     0.047
 2    -0.048    -0.014     0.999
 3   129.848     0.599    -0.957
 3     0.395    -0.090    -0.914
 3     0.209     0.978    -0.006
 3     0.894    -0.189     0.405
 4   106.255    11.020   -15.052
 4     0.363    -0.722     0.588
 4     0.883     0.468     0.029
 4    -0.296     0.509     0.808
 5   116.388    30.702     4.655
 5     0.569     0.785     0.243
 5     0.818    -0.569    -0.078
 5     0.077     0.243    -0.967
 6   125.159    33.737   -17.083
 6     0.360     0.745     0.561
 6    -0.312     0.663    -0.681
 6    -0.879     0.071     0.471
 7   107.360   -17.058   -13.702
 7     0.507     0.541     0.671
 7    -0.600     0.780    -0.176
 7    -0.619    -0.313     0.720
 8   120.580   -34.286     3.765
 8     0.538    -0.843     0.019
 8    -0.838    -0.537    -0.095
 8     0.090     0.035    -0.995
 9   124.547   -43.449   -20.009
 9     0.175    -0.814     0.553
 9     0.189     0.579     0.792
 9    -0.966    -0.034     0.256
 2    96.634   -18.532    59.790
 2     0.001    -1.000    -0.014
 2     0.999     0.001     0.048
 2    -0.048    -0.014     0.999
 3   129.795     0.597    -1.000
 3     0.398    -0.087    -0.913
 3     0.209     0.978    -0.002
 3     0.893    -0.191     0.407
 4   106.255    11.020   -15.053
 4     0.363    -0.722     0.589
 4     0.883     0.467     0.029
 4    -0.296     0.510     0.807
 5   116.315    30.754     4.628
 5     0.568     0.786     0.245
 5     0.819    -0.568    -0.078
 5     0.078     0.245    -0.966
 6   125.144    34.674   -16.939
 6     0.372     0.756     0.538
 6    -0.271     0.643    -0.716
 6    -0.888     0.120     0.444
 7   107.285   -17.011   -13.745
 7     0.502     0.545     0.672
 7    -0.603     0.777    -0.180
 7    -0.620    -0.315     0.719
 8   120.368   -34.362     3.807
 8     0.532    -0.846     0.018
 8    -0.841    -0.531    -0.101
 8     0.095     0.038    -0.995
 9   124.696   -44.248   -19.558
 9     0.191    -0.814     0.548
 9     0.152     0.576     0.803
 9    -0.970    -0.069     0.234
 2    96.634   -18.532    59.790
 2     0.001    -1.000    -0.014
 2     0.999     0.000     0.048
 2    -0.048    -0.014     0.999
 3   129.735     0.593    -1.037
 3     0.401    -0.085    -0.912
 3     0.209     0.978     0.001
 3     0.891    -0.192     0.410
 4   106.253    10.996   -15.104
 4     0.360    -0.723     0.590
 4     0.884     0.465     0.030
 4    -0.296     0.511     0.807
 5   115.824    30.801     4.712
 5     0.552     0.792     0.260
 5     0.828    -0.556    -0.064
 5     0.094     0.250    -0.964
 6   125.116    35.986   -16.555
 6     0.391     0.752     0.530
 6    -0.226     0.637    -0.737
 6    -0.892     0.169     0.419
 7   107.294   -17.064   -13.696
 7     0.496     0.553     0.669
 7    -0.610     0.771    -0.185
 7    -0.618    -0.316     0.719
 8   120.342   -34.406     3.889
 8     0.527    -0.849     0.018
 8    -0.843    -0.526    -0.111
 8     0.104     0.043    -0.994
 9   125.133   -45.163   -18.907
 9     0.206    -0.814     0.542
 9     0.113     0.570     0.814
 9    -0.972    -0.107     0.210
 2    96.634   -18.532    59.790
 2     0.001    -1.000    -0.014
 2     0.999     0.001     0.048
 2    -0.048    -0.014     0.999
 3   129.741     0.545    -0.992
 3     0.400    -0.082    -0.913
 3     0.210     0.977     0.005
 3     0.892    -0.194     0.408
 4   106.260    11.004   -15.119
 4     0.349    -0.731     0.586
 4     0.891     0.453     0.034
 4    -0.291     0.510     0.809
 5   115.470    30.750     4.966
 5     0.536     0.797     0.277
 5     0.836    -0.546    -0.047
 5     0.114     0.257    -0.960
 6   125.097    37.093   -15.884
 6     0.421     0.732     0.535
 6    -0.180     0.646    -0.742
 6    -0.889     0.216     0.404
 7   107.348   -17.062   -13.703
 7     0.496     0.555     0.667
 7    -0.611     0.769    -0.186
 7    -0.616    -0.316     0.721
 8   120.209   -34.289     4.098
 8     0.523    -0.852     0.025
 8    -0.843    -0.522    -0.127
 8     0.121     0.045    -0.992
 9   125.680   -45.749   -18.284
 9     0.229    -0.811     0.538
 9     0.086     0.567     0.819
 9    -0.969    -0.141     0.200
 2    96.634   -18.532    59.739
 2     0.001    -1.000    -0.014
 2     0.999     0.000     0.047
 2    -0.048    -0.014     0.999
 3   129.693     0.545    -1.041
 3     0.398    -0.077    -0.914
 3     0.211     0.977     0.010
 3     0.892    -0.197     0.405
 4   106.324    11.012   -15.034
 4     0.344    -0.737     0.581
 4     0.894     0.445     0.035
 4    -0.285     0.508     0.813
 5   115.151    30.840     5.215
 5     0.528     0.798     0.291
 5     0.840    -0.542    -0.039
 5     0.127     0.265    -0.956
 6   125.112    37.956   -15.372
 6     0.438     0.721     0.537
 6    -0.154     0.649    -0.745
 6    -0.886     0.244     0.395
 7   107.383   -17.058   -13.667
 7     0.497     0.559     0.663
 7    -0.615     0.766    -0.185
 7    -0.612    -0.316     0.725
 8   120.165   -34.200     4.289
 8     0.520    -0.854     0.035
 8    -0.844    -0.519    -0.135
 8     0.134     0.041    -0.990
 9   125.920   -45.979   -17.894
 9     0.241    -0.809     0.536
 9     0.073     0.566     0.821
 9    -0.968    -0.159     0.196
 2    96.634   -18.532    59.790
 2     0.001    -1.000    -0.014
 2     0.999     0.000     0.048
 2    -0.048    -0.014     0.999
 3   129.756     0.650    -0.951
 3     0.395    -0.072    -0.916
 3     0.209     0.978     0.014
 3     0.894    -0.198     0.401
 4   106.333    11.143   -15.019
 4     0.343    -0.739     0.579
 4     0.896     0.442     0.033
 4    -0.281     0.507     0.814
 5   115.117    30.845     5.431
 5     0.528     0.795     0.298
 5     0.839    -0.543    -0.036
 5     0.133     0.269    -0.954
 6   125.344    38.020   -15.002
 6     0.447     0.719     0.531
 6    -0.150     0.646    -0.748
 6    -0.882     0.255     0.397
 7   107.438   -17.056   -13.674
 7     0.498     0.560     0.662
 7    -0.617     0.765    -0.184
 7    -0.610    -0.317     0.727
 8   120.116   -34.200     4.386
 8     0.518    -0.854     0.039
 8    -0.844    -0.519    -0.135
 8     0.135     0.037    -0.990
 9   125.920   -45.924   -17.809
 9     0.244    -0.808     0.536
 9     0.076     0.567     0.820
 9    -0.967    -0.159     0.200
 2    96.634   -18.532    59.790
 2     0.001    -1.000    -0.014
 2     0.999     0.000     0.047
 2    -0.048    -0.014     0.999
 3   129.718     0.601    -0.889
 3     0.393    -0.068    -0.917
 3     0.206     0.978     0.016
 3     0.896    -0.196     0.398
 4   106.411    11.090   -15.017
 4     0.349    -0.738     0.578
 4     0.894     0.447     0.031
 4    -0.281     0.505     0.815
 5   115.401    30.870     5.323
 5     0.552     0.777     0.302
 5     0.824    -0.562    -0.062
 5     0.122     0.283    -0.951
 6   126.582    36.509   -15.201
 6     0.458     0.728     0.509
 6    -0.202     0.643    -0.739
 6    -0.865     0.236     0.442
 7   107.498   -17.171   -13.699
 7     0.509     0.549     0.662
 7    -0.612     0.772    -0.170
 7    -0.605    -0.318     0.730
 8   122.853   -33.954     6.202
 8     0.537    -0.841     0.058
 8    -0.836    -0.541    -0.088
 8     0.105    -0.002    -0.994
 9   126.610   -43.728   -19.028
 9     0.255    -0.818     0.515
 9     0.171     0.562     0.809
 9    -0.952    -0.119     0.284
 2    96.634   -18.532    59.790
 2     0.001    -1.000    -0.014
 2     0.999     0.000     0.048
 2    -0.048    -0.014     0.999
 3   129.730     0.477    -0.927
 3     0.390    -0.062    -0.919
 3     0.204     0.979     0.021
 3     0.898    -0.196     0.395
 4   106.395    10.843   -15.105
 4     0.372    -0.725     0.579
 4     0.881     0.472     0.026
 4    -0.293     0.500     0.815
 5   116.054    30.653     4.911
 5     0.592     0.745     0.307
 5     0.799    -0.592    -0.103
 5     0.105     0.306    -0.946
 6   127.923    33.933   -15.648
 6     0.460     0.747     0.479
 6    -0.293     0.637    -0.713
 6    -0.838     0.188     0.512
 7   107.442   -17.265   -13.709
 7     0.522     0.535     0.664
 7    -0.601     0.784    -0.158
 7    -0.605    -0.316     0.731
 8   122.919   -34.387     5.584
 8     0.572    -0.816     0.085
 8    -0.817    -0.576    -0.028
 8     0.071    -0.054    -0.996
 9   128.057   -40.592   -19.990
 9     0.277    -0.829     0.486
 9     0.297     0.555     0.777
 9    -0.914    -0.071     0.400
 2    96.634   -18.532    59.790
 2     0.001    -1.000    -0.014
 2     0.999     0.001     0.047
 2    -0.048    -0.014     0.999
 3   129.725     0.354    -0.819
 3     0.384    -0.052    -0.922
 3     0.201     0.979     0.029
 3     0.901    -0.196     0.386
 4   106.386    10.701   -15.199
 4     0.389    -0.720     0.575
 4     0.870     0.492     0.027
 4    -0.302     0.490     0.818
 5   116.616    30.710     4.507
 5     0.637     0.701     0.319
 5     0.765    -0.625    -0.156
 5     0.090     0.343    -0.935
 6   129.718    30.895   -15.799
 6     0.458     0.784     0.418
 6    -0.397     0.602    -0.693
 6    -0.795     0.152     0.587
 7   107.522   -17.209   -13.715
 7     0.538     0.521     0.662
 7    -0.585     0.797    -0.152
 7    -0.608    -0.305     0.733
 8   123.170   -34.265     5.331
 8     0.617    -0.775     0.139
 8    -0.783    -0.621     0.017
 8     0.073    -0.119    -0.990
 9   130.553   -37.341   -19.893
 9     0.313    -0.841     0.440
 9     0.397     0.537     0.744
 9    -0.863    -0.058     0.502
 2    96.634   -18.532    59.790
 2     0.001    -1.000    -0.014
 2     0.999     0.000     0.047
 2    -0.048    -0.014     0.999
 3   129.704     0.357    -0.590
 3     0.379    -0.036    -0.925
 3     0.193     0.980     0.041
 3     0.905    -0.195     0.378
 4   106.365    10.689   -15.122
 4     0.409    -0.716     0.565
 4     0.859     0.511     0.025
 4    -0.307     0.475     0.825
 5   117.555    30.344     4.390
 5     0.699     0.635     0.328
 5     0.709    -0.675    -0.204
 5     0.092     0.376    -0.922
 6   131.443    27.618   -15.327
 6     0.435     0.841     0.321
 6    -0.495     0.521    -0.695
 6    -0.752     0.143     0.643
 7   107.771   -17.188   -13.760
 7     0.564     0.500     0.657
 7    -0.565     0.814    -0.135
 7    -0.602    -0.296     0.742
 8   124.222   -33.714     5.256
 8     0.662    -0.729     0.173
