2 	  33.05	  -6.89	  22.78
	  0.141	  0.989	 -0.033
	 -0.990	  0.142	  0.002
	  0.007	  0.032	  0.999

3 	  45.54	  -0.40	   1.30
	  0.505	  0.152	  0.849
	 -0.093	  0.988	 -0.122
	 -0.858	 -0.017	  0.513

4 	  41.70	   7.14	  -1.78
	  0.740	  0.621	  0.259
	 -0.654	  0.572	  0.494
	  0.159	 -0.535	  0.829

5 	  40.92	  10.35	  10.28
	  0.244	  0.106	  0.964
	 -0.715	 -0.652	  0.252
	  0.657	 -0.750	 -0.081

6 	  45.65	  10.32	  19.27
	  0.351	 -0.059	  0.934
	 -0.583	  0.768	  0.264
	 -0.736	 -0.635	  0.234

7 	  40.55	  -6.43	  -2.34
	  0.782	 -0.587	 -0.210
	  0.406	  0.735	 -0.543
	  0.474	  0.340	  0.812

8 	  39.73	 -10.30	   9.26
	  0.217	 -0.163	  0.962
	  0.575	 -0.776	 -0.260
	  0.790	  0.608	 -0.073

9 	  44.72	 -11.48	  20.04
	  0.244	  0.113	  0.963
	  0.543	  0.808	 -0.229
	 -0.806	  0.576	  0.135

2 	  33.05	  -6.89	  22.78
	  0.141	  0.989	 -0.033
	 -0.990	  0.142	  0.002
	  0.007	  0.032	  0.999

3 	  45.60	  -0.40	   1.28
	  0.508	  0.152	  0.847
	 -0.092	  0.988	 -0.123
	 -0.856	 -0.016	  0.516

4 	  41.71	   7.10	  -1.81
	  0.741	  0.620	  0.257
	 -0.653	  0.575	  0.493
	  0.158	 -0.534	  0.831

5 	  40.94	  10.34	  10.27
	  0.243	  0.107	  0.964
	 -0.716	 -0.651	  0.252
	  0.656	 -0.750	 -0.080

6 	  45.67	  10.32	  19.25
	  0.350	 -0.058	  0.935
	 -0.583	  0.769	  0.262
	 -0.737	 -0.634	  0.234

7 	  40.55	  -6.45	  -2.34
	  0.782	 -0.586	 -0.210
	  0.406	  0.735	 -0.543
	  0.474	  0.340	  0.812

8 	  39.74	 -10.32	   9.26
	  0.216	 -0.163	  0.963
	  0.577	 -0.774	 -0.259
	  0.789	  0.610	 -0.072

9 	  44.72	 -11.48	  20.04
	  0.242	  0.113	  0.963
	  0.543	  0.808	 -0.228
	 -0.806	  0.576	  0.133

2 	  33.05	  -6.89	  22.76
	  0.141	  0.989	 -0.033
	 -0.990	  0.142	  0.002
	  0.007	  0.032	  0.999

3 	  45.62	  -0.40	   1.27
	  0.510	  0.152	  0.846
	 -0.092	  0.988	 -0.123
	 -0.855	 -0.015	  0.517

4 	  41.73	   7.10	  -1.81
	  0.742	  0.619	  0.257
	 -0.652	  0.575	  0.493
	  0.158	 -0.534	  0.831

5 	  40.96	  10.35	  10.27
	  0.242	  0.107	  0.964
	 -0.717	 -0.650	  0.251
	  0.656	 -0.751	 -0.079

6 	  45.67	  10.32	  19.25
	  0.350	 -0.058	  0.934
	 -0.581	  0.770	  0.262
	 -0.738	 -0.633	  0.235

7 	  40.57	  -6.45	  -2.36
	  0.783	 -0.585	 -0.211
	  0.404	  0.735	 -0.544
	  0.474	  0.341	  0.812

8 	  39.74	 -10.32	   9.25
	  0.216	 -0.163	  0.963
	  0.578	 -0.773	 -0.259
	  0.788	  0.611	 -0.072

9 	  44.72	 -11.48	  20.04
	  0.241	  0.114	  0.964
	  0.543	  0.808	 -0.228
	 -0.807	  0.576	  0.132

2 	  33.05	  -6.89	  22.76
	  0.141	  0.989	 -0.033
	 -0.990	  0.142	  0.001
	  0.006	  0.032	  0.999

3 	  45.62	  -0.40	   1.23
	  0.512	  0.151	  0.845
	 -0.091	  0.988	 -0.122
	 -0.854	 -0.014	  0.519

4 	  41.73	   7.14	  -1.83
	  0.742	  0.619	  0.257
	 -0.652	  0.575	  0.494
	  0.158	 -0.534	  0.830

5 	  40.94	  10.35	  10.27
	  0.242	  0.106	  0.964
	 -0.717	 -0.650	  0.251
	  0.655	 -0.751	 -0.080

6 	  45.69	  10.30	  19.25
	  0.349	 -0.058	  0.935
	 -0.581	  0.771	  0.261
	 -0.738	 -0.632	  0.234

7 	  40.57	  -6.45	  -2.36
	  0.783	 -0.585	 -0.211
	  0.404	  0.735	 -0.544
	  0.474	  0.341	  0.811

8 	  39.74	 -10.32	   9.25
	  0.216	 -0.163	  0.963
	  0.579	 -0.773	 -0.259
	  0.787	  0.612	 -0.071

9 	  44.72	 -11.48	  20.04
	  0.240	  0.113	  0.964
	  0.542	  0.809	 -0.227
	 -0.807	  0.575	  0.132

2 	  33.05	  -6.89	  22.76
	  0.141	  0.989	 -0.033
	 -0.990	  0.142	  0.002
	  0.007	  0.032	  0.999

3 	  45.63	  -0.40	   1.23
	  0.512	  0.151	  0.845
	 -0.090	  0.988	 -0.123
	 -0.854	 -0.013	  0.520

4 	  41.73	   7.14	  -1.81
	  0.741	  0.620	  0.255
	 -0.653	  0.576	  0.491
	  0.158	 -0.531	  0.832

5 	  40.68	   9.95	  10.28
	  0.226	  0.110	  0.968
	 -0.663	 -0.711	  0.233
	  0.715	 -0.693	 -0.085

6 	  45.25	  10.88	  19.25
	  0.383	 -0.001	  0.923
	 -0.816	  0.472	  0.334
	 -0.442	 -0.879	  0.178

7 	  40.57	  -6.43	  -2.36
	  0.783	 -0.585	 -0.210
	  0.404	  0.735	 -0.544
	  0.474	  0.341	  0.812

8 	  39.52	 -10.05	   9.21
	  0.173	 -0.192	  0.966
	  0.504	 -0.826	 -0.253
	  0.847	  0.530	 -0.045

9 	  44.44	 -12.11	  20.00
	  0.341	  0.068	  0.937
	  0.807	  0.491	 -0.326
	 -0.488	  0.866	  0.110

2 	  33.05	  -6.89	  22.76
	  0.141	  0.989	 -0.033
	 -0.990	  0.142	  0.002
	  0.007	  0.032	  0.999

3 	  45.63	  -0.39	   1.23
	  0.512	  0.151	  0.846
	 -0.089	  0.988	 -0.123
	 -0.854	 -0.012	  0.519

4 	  41.66	   7.17	  -1.88
	  0.725	  0.650	  0.227
	 -0.670	  0.587	  0.454
	  0.162	 -0.482	  0.861

5 	  40.61	   9.79	  10.23
	  0.250	  0.131	  0.959
	 -0.595	 -0.761	  0.257
	  0.765	 -0.634	 -0.111

6 	  45.05	  11.58	  19.11
	  0.400	  0.088	  0.912
	 -0.909	  0.169	  0.380
	 -0.125	 -0.981	  0.146

7 	  40.59	  -6.47	  -2.34
	  0.783	 -0.586	 -0.209
	  0.405	  0.734	 -0.544
	  0.473	  0.342	  0.812

8 	  39.45	 -10.04	   9.23
	  0.193	 -0.190	  0.963
	  0.472	 -0.842	 -0.259
	  0.861	  0.503	 -0.072

9 	  44.12	 -12.64	  19.90
	  0.432	 -0.012	  0.902
	  0.901	  0.050	 -0.430
	 -0.043	  0.999	  0.031

2 	  33.05	  -6.89	  22.76
	  0.141	  0.989	 -0.033
	 -0.990	  0.142	  0.002
	  0.007	  0.032	  0.999

3 	  45.62	  -0.40	   1.23
	  0.514	  0.151	  0.844
	 -0.088	  0.988	 -0.124
	 -0.853	 -0.011	  0.521

4 	  41.66	   7.14	  -1.90
	  0.726	  0.650	  0.222
	 -0.668	  0.592	  0.450
	  0.162	 -0.475	  0.865

5 	  40.68	   9.67	  10.23
	  0.266	  0.120	  0.956
	 -0.596	 -0.760	  0.260
	  0.759	 -0.637	 -0.129

6 	  45.05	  11.88	  19.04
	  0.441	  0.134	  0.887
	 -0.891	 -0.055	  0.450
	  0.107	 -0.990	  0.094

7 	  40.45	  -6.45	  -2.39
	  0.769	 -0.595	 -0.235
	  0.414	  0.742	 -0.526
	  0.488	  0.308	  0.816

8 	  39.41	  -9.88	   9.14
	  0.207	 -0.229	  0.951
	  0.410	 -0.863	 -0.295
	  0.889	  0.450	 -0.084

9 	  43.80	 -13.52	  19.23
	  0.494	 -0.185	  0.849
	  0.761	 -0.379	 -0.525
	  0.421	  0.905	 -0.047

2 	  33.05	  -6.89	  22.78
	  0.141	  0.989	 -0.033
	 -0.990	  0.142	  0.002
	  0.007	  0.032	  0.999

3 	  45.53	  -0.49	   1.16
	  0.536	  0.144	  0.831
	 -0.083	  0.989	 -0.119
	 -0.840	 -0.005	  0.542

4 	  41.47	   6.89	  -2.16
	  0.712	  0.672	  0.201
	 -0.678	  0.584	  0.446
	  0.183	 -0.454	  0.872

5 	  40.50	   9.30	  10.07
	  0.317	  0.258	  0.912
	 -0.272	 -0.898	  0.346
	  0.909	 -0.356	 -0.214

6 	  44.53	  14.12	  17.96
	  0.463	  0.390	  0.796
	 -0.665	 -0.443	  0.601
	  0.590	 -0.805	  0.054

7 	  40.04	  -6.22	  -2.60
	  0.733	 -0.614	 -0.291
	  0.445	  0.757	 -0.479
	  0.515	  0.222	  0.828

8 	  39.46	 -10.12	   8.79
	  0.253	 -0.389	  0.885
	  0.109	 -0.899	 -0.425
	  0.961	  0.203	 -0.185

9 	  43.61	 -15.91	  17.70
	  0.508	 -0.459	  0.729
	  0.360	 -0.657	 -0.662
	  0.785	  0.596	 -0.169

2 	  33.05	  -6.89	  22.76
	  0.141	  0.989	 -0.033
	 -0.990	  0.142	  0.002
	  0.007	  0.032	  0.999

3 	  45.33	  -0.53	   1.11
	  0.549	  0.160	  0.820
	 -0.081	  0.987	 -0.139
	 -0.832	  0.009	  0.554

4 	  40.92	   6.64	  -2.44
	  0.671	  0.727	  0.146
	 -0.711	  0.574	  0.406
	  0.212	 -0.376	  0.902

5 	  40.50	   9.79	   9.60
	  0.352	  0.444	  0.824
	  0.026	 -0.885	  0.465
	  0.936	 -0.141	 -0.323

6 	  44.02	  16.22	  16.47
	  0.432	  0.560	  0.707
	 -0.495	 -0.510	  0.703
	  0.757	 -0.651	  0.056

7 	  39.96	  -6.22	  -2.50
	  0.735	 -0.609	 -0.299
	  0.438	  0.762	 -0.476
	  0.518	  0.219	  0.826

8 	  39.46	 -11.57	   8.14
	  0.241	 -0.583	  0.775
	 -0.046	 -0.805	 -0.591
	  0.969	  0.106	 -0.221

9 	  43.49	 -19.04	  15.54
	  0.504	 -0.630	  0.591
	  0.214	 -0.573	 -0.791
	  0.838	  0.523	 -0.155

2 	  33.05	  -6.89	  22.76
	  0.141	  0.989	 -0.033
	 -0.990	  0.142	  0.002
	  0.007	  0.032	  0.999

3 	  45.30	  -0.54	   1.11
	  0.536	  0.160	  0.829
	 -0.080	  0.987	 -0.140
	 -0.841	  0.009	  0.541

4 	  40.76	   6.50	  -2.57
	  0.649	  0.749	  0.131
	 -0.730	  0.563	  0.387
	  0.217	 -0.347	  0.912

5 	  40.34	  10.49	   9.12
	  0.315	  0.606	  0.730
	  0.242	 -0.795	  0.556
	  0.918	  0.001	 -0.396

6 	  43.14	  18.23	  14.94
	  0.370	  0.694	  0.617
	 -0.368	 -0.503	  0.782
	  0.854	 -0.515	  0.068

7 	  39.85	  -6.06	  -2.55
	  0.713	 -0.607	 -0.349
	  0.446	  0.777	 -0.443
	  0.541	  0.160	  0.825

8 	  39.29	 -12.32	   7.33
	  0.206	 -0.688	  0.696
	 -0.133	 -0.725	 -0.676
	  0.969	  0.047	 -0.240

9 	  42.70	 -20.94	  13.69
	  0.445	 -0.735	  0.511
	  0.172	 -0.492	 -0.853
	  0.879	  0.466	 -0.094

2 	  33.05	  -6.89	  22.76
	  0.141	  0.989	 -0.033
	 -0.990	  0.142	  0.001
	  0.006	  0.032	  0.999

3 	  45.21	  -0.54	   1.02
	  0.530	  0.150	  0.834
	 -0.071	  0.988	 -0.133
	 -0.845	  0.011	  0.534

4 	  40.52	   6.31	  -2.94
	  0.631	  0.770	  0.094
	 -0.743	  0.563	  0.362
	  0.227	 -0.298	  0.927

5 	  40.31	  11.72	   7.86
	  0.281	  0.764	  0.581
	  0.391	 -0.643	  0.659
	  0.877	  0.041	 -0.478

6 	  42.52	  20.65	  11.88
	  0.323	  0.826	  0.462
	 -0.265	 -0.392	  0.881
	  0.909	 -0.406	  0.091

7 	  39.66	  -5.75	  -2.94
	  0.682	 -0.598	 -0.421
	  0.468	  0.799	 -0.378
	  0.563	  0.062	  0.824

8 	  38.97	 -12.97	   6.03
	  0.169	 -0.775	  0.608
	 -0.169	 -0.631	 -0.757
	  0.971	  0.025	 -0.237

9 	  41.78	 -22.59	  11.16
	  0.385	 -0.822	  0.419
	  0.168	 -0.386	 -0.907
	  0.907	  0.419	 -0.012

2 	  33.05	  -6.89	  22.76
	  0.141	  0.989	 -0.033
	 -0.990	  0.142	  0.002
	  0.007	  0.032	  0.999

3 	  45.11	  -0.56	   0.86
	  0.524	  0.139	  0.840
	 -0.059	  0.990	 -0.128
	 -0.849	  0.018	  0.527

4 	  40.32	   6.03	  -3.30
	  0.618	  0.785	  0.042
	 -0.748	  0.570	  0.339
	  0.243	 -0.241	  0.939

5 	  40.36	  13.03	   6.21
	  0.258	  0.878	  0.403
	  0.489	 -0.476	  0.731
	  0.834	  0.008	 -0.551

6 	  42.15	  22.55	   8.42
	  0.285	  0.912	  0.293
	 -0.189	 -0.248	  0.950
	  0.940	 -0.326	  0.101

7 	  39.48	  -5.41	  -3.25
	  0.655	 -0.581	 -0.483
	  0.493	  0.812	 -0.310
	  0.574	 -0.035	  0.818

8 	  38.79	 -13.38	   4.97
	  0.150	 -0.835	  0.530
	 -0.208	 -0.550	 -0.809
	  0.967	  0.012	 -0.255

9 	  41.19	 -23.54	   9.12
	  0.341	 -0.876	  0.339
	  0.159	 -0.303	 -0.940
	  0.927	  0.374	  0.035

2 	  33.05	  -6.89	  22.76
	  0.141	  0.989	 -0.033
	 -0.990	  0.142	  0.002
	  0.007	  0.032	  0.999

3 	  45.07	  -0.58	   0.70
	  0.506	  0.135	  0.851
	 -0.049	  0.990	 -0.128
	 -0.861	  0.023	  0.508

4 	  40.25	   5.92	  -3.50
	  0.630	  0.777	  0.005
	 -0.731	  0.589	  0.344
	  0.265	 -0.220	  0.938

5 	  40.97	  13.94	   4.76
	  0.294	  0.921	  0.254
	  0.528	 -0.376	  0.761
	  0.799	 -0.089	 -0.595

6 	  43.03	  23.55	   5.38
	  0.318	  0.937	  0.144
	 -0.138	 -0.106	  0.985
	  0.938	 -0.333	  0.094

7 	  39.32	  -5.10	  -3.57
	  0.633	 -0.559	 -0.535
	  0.500	  0.823	 -0.270
	  0.592	 -0.096	  0.800

8 	  39.02	 -13.43	   4.20
	  0.169	 -0.858	  0.484
	 -0.245	 -0.512	 -0.823
	  0.954	  0.021	 -0.297

9 	  41.26	 -23.85	   7.66
	  0.321	 -0.903	  0.284
	  0.142	 -0.251	 -0.957
	  0.936	  0.347	  0.047

2 	  33.05	  -6.89	  22.76
	  0.141	  0.989	 -0.033
	 -0.990	  0.142	  0.001
	  0.006	  0.032	  0.999

3 	  45.02	  -0.53	   0.60
	  0.506	  0.135	  0.851
	 -0.048	  0.990	 -0.129
	 -0.861	  0.024	  0.508

4 	  40.17	   5.91	  -3.60
	  0.642	  0.766	 -0.029
	 -0.712	  0.609	  0.348
	  0.285	 -0.203	  0.936

5 	  41.55	  14.62	   3.29
	  0.322	  0.940	  0.115
	  0.572	 -0.288	  0.767
	  0.755	 -0.181	 -0.630

6 	  43.54	  24.17	   2.62
	  0.327	  0.945	  0.019
	 -0.098	  0.013	  0.995
	  0.940	 -0.327	  0.096

7 	  39.27	  -4.78	  -3.83
	  0.614	 -0.527	 -0.587
	  0.512	  0.832	 -0.214
	  0.602	 -0.169	  0.780

8 	  39.13	 -13.68	   3.09
	  0.174	 -0.897	  0.406
	 -0.264	 -0.439	 -0.859
	  0.949	  0.042	 -0.312

9 	  41.24	 -24.40	   5.54
	  0.306	 -0.932	  0.197
	  0.140	 -0.162	 -0.977
	  0.942	  0.325	  0.080

2 	  33.05	  -6.89	  22.76
	  0.141	  0.989	 -0.033
	 -0.990	  0.142	  0.002
	  0.007	  0.032	  0.999

3 	  45.00	  -0.46	   0.47
	  0.473	  0.130	  0.871
	 -0.038	  0.991	 -0.128
	 -0.880	  0.027	  0.474

4 	  40.15	   5.85	  -3.76
	  0.653	  0.753	 -0.077
	 -0.694	  0.635	  0.338
	  0.304	 -0.168	  0.938

5 	  41.96	  15.06	   1.93
	  0.335	  0.942	  0.003
	  0.607	 -0.217	  0.764
	  0.722	 -0.254	 -0.644

6 	  43.88	  24.47	   0.14
	  0.328	  0.939	 -0.097
	 -0.047	  0.119	  0.992
	  0.943	 -0.321	  0.084

7 	  39.23	  -4.50	  -4.06
	  0.602	 -0.498	 -0.625
	  0.520	  0.837	 -0.168
	  0.607	 -0.224	  0.762

8 	  39.29	 -13.80	   2.23
	  0.189	 -0.918	  0.347
	 -0.260	 -0.387	 -0.885
	  0.947	  0.077	 -0.311

9 	  41.52	 -24.59	   4.08
	  0.314	 -0.940	  0.136
	  0.143	 -0.096	 -0.985
	  0.938	  0.329	  0.104

2 	  33.05	  -6.89	  22.76
	  0.141	  0.989	 -0.033
	 -0.990	  0.142	  0.001
	  0.006	  0.032	  0.999

3 	  44.98	  -0.33	   0.40
	  0.445	  0.137	  0.885
	 -0.042	  0.990	 -0.133
	 -0.894	  0.022	  0.447

4 	  40.11	   5.87	  -3.92
	  0.666	  0.732	 -0.143
	 -0.667	  0.669	  0.329
	  0.338	 -0.124	  0.933

5 	  42.54	  15.36	   0.40
	  0.367	  0.922	 -0.118
	  0.649	 -0.162	  0.743
	  0.668	 -0.348	 -0.657

6 	  44.77	  24.28	  -3.04
	  0.365	  0.893	 -0.261
	  0.053	  0.261	  0.964
	  0.930	 -0.365	  0.049

7 	  39.20	  -4.27	  -4.24
	  0.596	 -0.472	 -0.650
	  0.516	  0.844	 -0.141
	  0.616	 -0.251	  0.746

8 	  39.52	 -13.80	   1.49
	  0.208	 -0.932	  0.295
	 -0.264	 -0.344	 -0.901
	  0.942	  0.109	 -0.317

9 	  41.82	 -24.68	   2.55
	  0.319	 -0.945	  0.073
	  0.141	 -0.029	 -0.989
	  0.937	  0.325	  0.124

2 	  33.05	  -6.89	  22.76
	  0.141	  0.989	 -0.033
	 -0.990	  0.142	  0.001
	  0.006	  0.032	  0.999

3 	  44.95	  -0.25	   0.33
	  0.414	  0.133	  0.900
	 -0.041	  0.991	 -0.128
	 -0.909	  0.016	  0.415

4 	  40.06	   5.85	  -3.99
	  0.680	  0.707	 -0.194
	 -0.639	  0.700	  0.318
	  0.362	 -0.093	  0.927

5 	  43.15	  15.40	  -1.04
	  0.410	  0.881	 -0.236
	  0.686	 -0.126	  0.716
	  0.603	 -0.455	 -0.655

6 	  45.63	  23.61	  -5.77
	  0.397	  0.823	 -0.407
	  0.152	  0.381	  0.912
	  0.906	 -0.422	  0.028

7 	  39.11	  -4.03	  -4.41
	  0.582	 -0.446	 -0.680
	  0.521	  0.846	 -0.109
	  0.625	 -0.290	  0.724

8 	  39.50	 -13.87	   0.72
	  0.209	 -0.948	  0.240
	 -0.263	 -0.291	 -0.920
	  0.942	  0.129	 -0.310

9 	  41.78	 -24.77	   1.12
	  0.309	 -0.951	  0.006
	  0.147	  0.041	 -0.988
	  0.939	  0.306	  0.152

2 	  33.05	  -6.89	  22.76
	  0.141	  0.989	 -0.033
	 -0.990	  0.142	  0.002
	  0.007	  0.032	  0.999

3 	  44.84	  -0.16	   0.28
	  0.414	  0.118	  0.902
	 -0.047	  0.993	 -0.108
	 -0.909	  0.002	  0.416

4 	  39.87	   5.89	  -3.94
	  0.699	  0.676	 -0.232
	 -0.592	  0.729	  0.343
	  0.403	 -0.103	  0.909

5 	  43.68	  15.28	  -2.34
	  0.456	  0.820	 -0.344
	  0.724	 -0.116	  0.680
	  0.520	 -0.558	 -0.646

6 	  46.32	  22.54	  -8.65
	  0.424	  0.706	 -0.566
	  0.277	  0.498	  0.822
	  0.864	 -0.502	  0.017

7 	  38.97	  -3.74	  -4.52
	  0.571	 -0.415	 -0.708
	  0.511	  0.855	 -0.090
	  0.644	 -0.310	  0.699

8 	  39.66	 -13.85	  -0.05
	  0.229	 -0.957	  0.177
	 -0.280	 -0.239	 -0.930
	  0.932	  0.163	 -0.323

9 	  42.10	 -24.71	  -0.40
	  0.319	 -0.946	 -0.063
	  0.128	  0.108	 -0.986
	  0.939	  0.305	  0.156

2 	  33.05	  -6.89	  22.76
	  0.141	  0.989	 -0.033
	 -0.990	  0.142	  0.002
	  0.007	  0.032	  0.999

3 	  44.75	  -0.09	   0.21
	  0.409	  0.112	  0.905
	 -0.046	  0.993	 -0.102
	 -0.911	 -0.000	  0.411

4 	  39.76	   5.80	  -4.08
	  0.714	  0.642	 -0.279
	 -0.547	  0.760	  0.351
	  0.439	 -0.099	  0.893

5 	  44.02	  14.98	  -3.45
	  0.475	  0.772	 -0.421
	  0.752	 -0.107	  0.650
	  0.459	 -0.625	 -0.631

6 	  46.63	  21.50	 -10.60
	  0.423	  0.623	 -0.658
	  0.356	  0.557	  0.750
	  0.837	 -0.547	  0.016

7 	  38.92	  -3.66	  -4.62
	  0.562	 -0.396	 -0.726
	  0.503	  0.860	 -0.081
	  0.657	 -0.320	  0.682

8 	  39.81	 -13.87	  -0.44
	  0.251	 -0.957	  0.147
	 -0.289	 -0.219	 -0.932
	  0.924	  0.191	 -0.331

9 	  42.47	 -24.64	  -1.12
	  0.337	 -0.937	 -0.094
	  0.120	  0.141	 -0.983
	  0.934	  0.320	  0.160

2 	  33.05	  -6.89	  22.76
	  0.141	  0.989	 -0.033
	 -0.990	  0.142	  0.002
	  0.007	  0.032	  0.999

3 	  44.67	  -0.11	   0.16
	  0.412	  0.113	  0.904
	 -0.046	  0.993	 -0.104
	 -0.910	  0.001	  0.415

4 	  39.66	   5.73	  -4.13
	  0.734	  0.599	 -0.321
	 -0.489	  0.792	  0.364
	  0.474	 -0.111	  0.874

5 	  44.51	  14.41	  -4.69
	  0.495	  0.700	 -0.514
	  0.790	 -0.118	  0.601
	  0.362	 -0.703	 -0.611

6 	  46.99	  19.83	 -12.87
	  0.411	  0.513	 -0.754
	  0.449	  0.610	  0.653
	  0.799	 -0.600	  0.020

7 	  38.83	  -3.46	  -4.78
	  0.558	 -0.365	 -0.746
	  0.489	  0.870	 -0.061
	  0.672	 -0.330	  0.663

8 	  40.03	 -13.73	  -1.02
	  0.273	 -0.956	  0.105
	 -0.286	 -0.185	 -0.940
	  0.919	  0.226	 -0.323

9 	  42.87	 -24.36	  -2.27
	  0.355	 -0.925	 -0.136
	  0.124	  0.190	 -0.974
	  0.927	  0.328	  0.182

2 	  33.05	  -6.89	  22.76
	  0.141	  0.989	 -0.033
	 -0.990	  0.142	  0.001
	  0.006	  0.032	  0.999

3 	  44.54	   0.09	   0.11
	  0.432	  0.099	  0.896
	 -0.055	  0.995	 -0.084
	 -0.900	 -0.013	  0.435

4 	  39.52	   5.87	  -4.06
	  0.753	  0.563	 -0.339
	 -0.439	  0.814	  0.379
	  0.491	 -0.137	  0.860

5 	  45.18	  13.61	  -5.91
	  0.546	  0.574	 -0.610
	  0.810	 -0.177	  0.559
	  0.214	 -0.799	 -0.561

6 	  47.50	  17.28	 -15.15
	  0.392	  0.316	 -0.864
	  0.592	  0.635	  0.496
	  0.712	 -0.700	  0.060

7 	  38.74	  -3.13	  -4.87
	  0.551	 -0.335	 -0.764
	  0.483	  0.875	 -0.037
	  0.682	 -0.348	  0.643

8 	  40.04	 -13.55	  -1.55
	  0.283	 -0.957	  0.065
	 -0.290	 -0.149	 -0.946
	  0.915	  0.248	 -0.319

9 	  43.01	 -24.15	  -3.23
	  0.364	 -0.915	 -0.176
	  0.121	  0.233	 -0.965
	  0.924	  0.329	  0.195

2 	  33.05	  -6.89	  22.76
	  0.141	  0.989	 -0.033
	 -0.990	  0.142	  0.002
	  0.007	  0.032	  0.999

3 	  44.51	   0.18	   0.07
	  0.435	  0.082	  0.896
	 -0.051	  0.996	 -0.067
	 -0.899	 -0.016	  0.438

4 	  39.48	   5.94	  -3.96
	  0.777	  0.528	 -0.343
	 -0.395	  0.832	  0.391
	  0.492	 -0.169	  0.854

5 	  45.95	  12.69	  -6.38
	  0.596	  0.468	 -0.652
	  0.799	 -0.274	  0.534
	  0.071	 -0.840	 -0.537

6 	  48.09	  15.28	 -16.19
	  0.371	  0.187	 -0.910
	  0.711	  0.575	  0.404
	  0.604	 -0.793	  0.076

7 	  38.65	  -3.02	  -4.92
	  0.549	 -0.322	 -0.772
	  0.478	  0.878	 -0.028
	  0.687	 -0.353	  0.635

8 	  40.17	 -13.50	  -1.81
	  0.302	 -0.952	  0.049
	 -0.291	 -0.139	 -0.947
	  0.908	  0.271	 -0.318

9 	  43.51	 -23.91	  -3.69
	  0.397	 -0.898	 -0.192
	  0.123	  0.258	 -0.958
	  0.910	  0.356	  0.212

2 	  33.05	  -6.89	  22.76
	  0.141	  0.989	 -0.033
	 -0.990	  0.142	  0.002
	  0.007	  0.032	  0.999

3 	  44.47	   0.14	   0.07
	  0.442	  0.079	  0.893
	 -0.049	  0.996	 -0.064
	 -0.896	 -0.016	  0.444

4 	  39.48	   5.87	  -3.99
	  0.786	  0.510	 -0.349
	 -0.374	  0.841	  0.390
	  0.494	 -0.177	  0.851

5 	  46.12	  12.20	  -6.80
	  0.608	  0.420	 -0.674
	  0.793	 -0.282	  0.540
	  0.036	 -0.863	 -0.505

6 	  48.18	  14.03	 -16.80
	  0.354	  0.107	 -0.929
	  0.742	  0.574	  0.345
	  0.576	 -0.808	  0.120

7 	  38.69	  -3.04	  -4.94
	  0.555	 -0.316	 -0.770
	  0.470	  0.882	 -0.024
	  0.688	 -0.348	  0.637

8 	  40.18	 -13.46	  -1.79
	  0.297	 -0.953	  0.055
	 -0.278	 -0.141	 -0.950
	  0.914	  0.266	 -0.306

9 	  43.24	 -24.01	  -3.52
	  0.376	 -0.909	 -0.180
	  0.158	  0.253	 -0.954
	  0.913	  0.330	  0.237

2 	  33.05	  -6.89	  22.76
	  0.141	  0.989	 -0.033
	 -0.990	  0.142	  0.002
	  0.007	  0.032	  0.999

3 	  44.46	   0.12	   0.11
	  0.439	  0.085	  0.894
	 -0.052	  0.996	 -0.069
	 -0.897	 -0.017	  0.441

4 	  39.50	   5.80	  -4.03
	  0.788	  0.506	 -0.351
	 -0.370	  0.844	  0.388
	  0.493	 -0.177	  0.852

5 	  46.14	  12.02	  -6.96
	  0.608	  0.405	 -0.683
	  0.793	 -0.275	  0.543
	  0.031	 -0.872	 -0.489

6 	  48.08	  13.66	 -17.03
	  0.343	  0.078	 -0.936
	  0.744	  0.586	  0.319
	  0.580	 -0.802	  0.139

7 	  38.67	  -3.08	  -4.92
	  0.552	 -0.328	 -0.767
	  0.481	  0.876	 -0.029
	  0.682	 -0.352	  0.641

8 	  39.97	 -13.52	  -1.62
	  0.281	 -0.957	  0.068
	 -0.280	 -0.149	 -0.948
	  0.918	  0.247	 -0.309

9 	  43.00	 -24.13	  -3.25
	  0.374	 -0.912	 -0.168
	  0.172	  0.245	 -0.954
	  0.912	  0.327	  0.248

2 	  33.05	  -6.89	  22.76
	  0.141	  0.989	 -0.033
	 -0.990	  0.142	  0.002
	  0.007	  0.032	  0.999

3 	  44.44	   0.02	   0.11
	  0.448	  0.089	  0.889
	 -0.054	  0.996	 -0.073
	 -0.892	 -0.015	  0.451

4 	  39.50	   5.68	  -4.10
	  0.786	  0.506	 -0.355
	 -0.373	  0.845	  0.382
	  0.494	 -0.169	  0.853

5 	  46.07	  12.02	  -7.00
	  0.604	  0.415	 -0.681
	  0.796	 -0.265	  0.544
	  0.045	 -0.871	 -0.490

6 	  48.02	  13.73	 -17.03
	  0.345	  0.084	 -0.935
	  0.737	  0.594	  0.323
	  0.587	 -0.797	  0.138

7 	  38.69	  -3.15	  -4.92
	  0.553	 -0.331	 -0.765
	  0.483	  0.875	 -0.031
	  0.680	 -0.352	  0.643

8 	  39.97	 -13.57	  -1.58
	  0.279	 -0.957	  0.074
	 -0.268	 -0.151	 -0.952
	  0.922	  0.246	 -0.298

9 	  43.03	 -24.15	  -3.13
	  0.376	 -0.912	 -0.161
	  0.190	  0.245	 -0.951
	  0.907	  0.327	  0.264

2 	  33.05	  -6.89	  22.76
	  0.141	  0.989	 -0.033
	 -0.990	  0.142	  0.002
	  0.007	  0.032	  0.999

3 	  44.47	   0.04	   0.12
	  0.439	  0.092	  0.893
	 -0.052	  0.995	 -0.078
	 -0.897	 -0.012	  0.442

4 	  39.55	   5.70	  -4.10
	  0.788	  0.504	 -0.353
	 -0.372	  0.846	  0.381
	  0.491	 -0.170	  0.854

5 	  46.14	  12.02	  -6.94
	  0.609	  0.413	 -0.677
	  0.792	 -0.265	  0.550
	  0.047	 -0.871	 -0.489

6 	  48.13	  13.64	 -17.02
	  0.344	  0.068	 -0.937
	  0.746	  0.586	  0.314
	  0.576	 -0.803	  0.147

7 	  38.76	  -3.04	  -4.97
	  0.559	 -0.324	 -0.764
	  0.490	  0.871	 -0.012
	  0.670	 -0.367	  0.645

8 	  39.88	 -13.54	  -2.04
	  0.271	 -0.961	  0.052
	 -0.216	 -0.113	 -0.970
	  0.938	  0.251	 -0.238

9 	  43.07	 -24.06	  -3.80
	  0.387	 -0.905	 -0.178
	  0.261	  0.291	 -0.920
	  0.885	  0.310	  0.347

2 	  33.05	  -6.89	  22.76
	  0.141	  0.989	 -0.033
	 -0.990	  0.142	  0.002
	  0.007	  0.032	  0.999

3 	  44.53	   0.05	   0.14
	  0.426	  0.087	  0.900
	 -0.044	  0.996	 -0.076
	 -0.903	 -0.007	  0.428

4 	  39.60	   5.78	  -4.04
	  0.787	  0.514	 -0.341
	 -0.385	  0.841	  0.380
	  0.483	 -0.169	  0.859

5 	  46.14	  12.23	  -6.73
	  0.616	  0.424	 -0.664
	  0.784	 -0.245	  0.570
	  0.078	 -0.872	 -0.484

6 	  48.27	  13.80	 -16.84
	  0.358	  0.062	 -0.932
	  0.732	  0.603	  0.317
	  0.586	 -0.792	  0.167

7 	  38.78	  -2.97	  -4.96
	  0.558	 -0.320	 -0.765
	  0.495	  0.869	 -0.003
	  0.667	 -0.377	  0.643

8 	  39.80	 -13.45	  -1.97
	  0.264	 -0.963	  0.057
	 -0.215	 -0.116	 -0.970
	  0.940	  0.243	 -0.237

9 	  42.91	 -24.03	  -3.66
	  0.376	 -0.910	 -0.173
	  0.259	  0.281	 -0.924
	  0.890	  0.303	  0.340

2 	  33.05	  -6.89	  22.76
	  0.141	  0.989	 -0.033
	 -0.990	  0.142	  0.002
	  0.007	  0.032	  0.999

3 	  44.53	   0.09	   0.16
	  0.423	  0.087	  0.901
	 -0.045	  0.996	 -0.076
	 -0.905	 -0.008	  0.425

4 	  39.60	   5.80	  -4.04
	  0.786	  0.517	 -0.338
	 -0.390	  0.839	  0.380
	  0.481	 -0.168	  0.860

5 	  46.11	  12.30	  -6.68
	  0.614	  0.433	 -0.660
	  0.785	 -0.245	  0.569
	  0.085	 -0.868	 -0.490

6 	  48.29	  13.99	 -16.73
	  0.364	  0.074	 -0.929
	  0.725	  0.605	  0.328
	  0.591	 -0.790	  0.162

7 	  38.81	  -3.01	  -4.96
	  0.561	 -0.323	 -0.762
	  0.494	  0.870	 -0.006
	  0.666	 -0.372	  0.646

8 	  39.87	 -13.46	  -1.88
	  0.267	 -0.962	  0.065
	 -0.213	 -0.124	 -0.969
	  0.940	  0.244	 -0.237

9 	  42.98	 -24.05	  -3.52
	  0.377	 -0.911	 -0.168
	  0.259	  0.276	 -0.925
	  0.890	  0.305	  0.339

2 	  33.05	  -6.89	  22.76
	  0.141	  0.989	 -0.033
	 -0.990	  0.142	  0.002
	  0.007	  0.032	  0.999

3 	  44.58	   0.05	   0.18
	  0.411	  0.092	  0.907
	 -0.041	  0.996	 -0.083
	 -0.911	 -0.003	  0.413

4 	  39.71	   5.77	  -4.04
	  0.790	  0.512	 -0.337
	 -0.387	  0.842	  0.375
	  0.477	 -0.167	  0.863

5 	  46.27	  12.20	  -6.63
	  0.623	  0.428	 -0.654
	  0.777	 -0.247	  0.579
	  0.086	 -0.869	 -0.487

6 	  48.50	  13.80	 -16.70
	  0.370	  0.062	 -0.927
	  0.726	  0.604	  0.328
	  0.587	 -0.791	  0.174

7 	  38.88	  -3.08	  -4.96
	  0.566	 -0.329	 -0.756
	  0.495	  0.869	 -0.008
	  0.660	 -0.369	  0.653

8 	  39.87	 -13.54	  -1.79
	  0.261	 -0.962	  0.077
	 -0.200	 -0.132	 -0.971
	  0.944	  0.237	 -0.227

9 	  42.96	 -24.12	  -3.34
	  0.377	 -0.912	 -0.160
	  0.269	  0.271	 -0.924
	  0.887	  0.305	  0.346

2 	  33.05	  -6.89	  22.76
	  0.141	  0.989	 -0.033
	 -0.990	  0.142	  0.002
	  0.007	  0.032	  0.999

3 	  44.68	  -0.02	   0.18
	  0.420	  0.090	  0.903
	 -0.025	  0.996	 -0.088
	 -0.907	  0.014	  0.421

4 	  39.85	   5.77	  -4.01
	  0.798	  0.505	 -0.327
	 -0.382	  0.845	  0.375
	  0.467	 -0.175	  0.867

5 	  46.48	  12.30	  -6.40
	  0.634	  0.434	 -0.640
	  0.768	 -0.257	  0.586
	  0.090	 -0.863	 -0.496

6 	  48.88	  13.94	 -16.40
	  0.383	  0.069	 -0.921
	  0.725	  0.597	  0.343
	  0.579	 -0.796	  0.175

7 	  38.87	  -3.04	  -4.92
	  0.558	 -0.344	 -0.755
	  0.512	  0.859	 -0.014
	  0.654	 -0.378	  0.655

8 	  39.52	 -13.45	  -1.62
	  0.234	 -0.968	  0.094
	 -0.189	 -0.140	 -0.972
	  0.954	  0.209	 -0.215

9 	  42.31	 -24.22	  -2.90
	  0.346	 -0.928	 -0.140
	  0.296	  0.248	 -0.922
	  0.891	  0.278	  0.359

2 	  33.05	  -6.89	  22.76
	  0.141	  0.989	 -0.033
	 -0.990	  0.142	  0.002
	  0.007	  0.032	  0.999

3 	  44.68	  -0.02	   0.21
	  0.437	  0.092	  0.894
	 -0.037	  0.996	 -0.085
	 -0.899	  0.004	  0.439

4 	  39.81	   5.75	  -4.04
	  0.795	  0.510	 -0.329
	 -0.384	  0.842	  0.379
	  0.471	 -0.176	  0.864

5 	  45.97	  12.74	  -6.12
	  0.601	  0.499	 -0.623
	  0.783	 -0.213	  0.585
	  0.160	 -0.840	 -0.519

6 	  48.23	  15.13	 -15.96
	  0.385	  0.126	 -0.914
	  0.645	  0.673	  0.361
	  0.667	 -0.724	  0.173

7 	  38.99	  -3.53	  -4.66
	  0.577	 -0.384	 -0.721
	  0.504	  0.862	 -0.057
	  0.644	 -0.330	  0.690

8 	  39.46	 -13.75	  -0.33
	  0.225	 -0.952	  0.206
	 -0.101	 -0.234	 -0.967
	  0.969	  0.196	 -0.149

9 	  42.75	 -24.33	   0.47
	  0.385	 -0.922	  0.050
	  0.580	  0.197	 -0.791
	  0.721	  0.332	  0.607

2 	  33.05	  -6.89	  22.78
	  0.141	  0.989	 -0.033
	 -0.990	  0.142	  0.002
	  0.007	  0.032	  0.999

3 	  44.84	  -0.11	   0.33
	  0.481	  0.140	  0.865
	 -0.105	  0.989	 -0.102
	 -0.870	 -0.042	  0.490

4 	  39.73	   5.64	  -3.94
	  0.740	  0.627	 -0.243
	 -0.523	  0.762	  0.381
	  0.425	 -0.155	  0.891

5 	  44.72	  14.41	  -3.04
	  0.578	  0.705	 -0.410
	  0.699	 -0.169	  0.694
	  0.422	 -0.688	 -0.590

6 	  48.38	  19.12	 -11.23
	  0.522	  0.356	 -0.775
	  0.406	  0.699	  0.588
	  0.756	 -0.616	  0.220

7 	  39.39	  -4.66	  -4.03
	  0.641	 -0.511	 -0.573
	  0.489	  0.847	 -0.209
	  0.593	 -0.146	  0.792

8 	  38.97	 -13.20	   3.39
	  0.176	 -0.825	  0.537
	  0.104	 -0.528	 -0.843
	  0.979	  0.204	 -0.007

9 	  42.43	 -22.59	   9.00
	  0.407	 -0.762	  0.503
	  0.800	  0.031	 -0.599
	  0.443	  0.645	  0.621

2 	  33.05	  -6.89	  22.76
	  0.141	  0.989	 -0.033
	 -0.990	  0.142	  0.001
	  0.006	  0.032	  0.999

3 	  45.07	  -0.18	   0.65
	  0.502	  0.169	  0.848
	 -0.122	  0.984	 -0.125
	 -0.856	 -0.041	  0.515

4 	  39.97	   5.99	  -3.30
	  0.686	  0.726	 -0.046
	 -0.652	  0.640	  0.407
	  0.326	 -0.249	  0.912

5 	  43.38	  14.92	   2.07
	  0.548	  0.832	 -0.078
	  0.573	 -0.305	  0.760
	  0.611	 -0.462	 -0.643

6 	  48.04	  22.45	  -2.14
	  0.641	  0.645	 -0.415
	  0.069	  0.493	  0.867
	  0.766	 -0.582	  0.273

7 	  39.85	  -5.68	  -3.30
	  0.694	 -0.586	 -0.418
	  0.468	  0.808	 -0.357
	  0.548	  0.052	  0.835

8 	  38.65	 -12.18	   6.01
	  0.119	 -0.635	  0.763
	  0.253	 -0.724	 -0.641
	  0.960	  0.269	  0.075

9 	  42.17	 -19.39	  14.64
	  0.379	 -0.488	  0.786
	  0.900	 -0.001	 -0.435
	  0.213	  0.873	  0.439

2 	  33.05	  -6.89	  22.76
	  0.141	  0.989	 -0.033
	 -0.990	  0.142	  0.002
	  0.007	  0.032	  0.999

3 	  45.26	  -0.35	   0.83
	  0.513	  0.181	  0.839
	 -0.146	  0.981	 -0.123
	 -0.846	 -0.059	  0.530

4 	  40.27	   6.29	  -2.71
	  0.649	  0.754	  0.099
	 -0.713	  0.557	  0.426
	  0.267	 -0.347	  0.899

5 	  41.70	  12.94	   7.12
	  0.474	  0.805	  0.355
	  0.424	 -0.562	  0.710
	  0.772	 -0.187	 -0.607

6 	  45.93	  21.36	   9.33
	  0.581	  0.784	  0.218
	 -0.247	 -0.087	  0.965
	  0.776	 -0.614	  0.142

7 	  40.18	  -6.28	  -2.81
	  0.740	 -0.591	 -0.321
	  0.416	  0.776	 -0.474
	  0.530	  0.217	  0.819

8 	  38.72	 -11.14	   7.54
	  0.106	 -0.448	  0.887
	  0.376	 -0.809	 -0.452
	  0.921	  0.381	  0.083

9 	  42.54	 -16.19	  17.74
	  0.364	 -0.222	  0.904
	  0.931	  0.123	 -0.344
	 -0.038	  0.967	  0.250

2 	  33.05	  -6.89	  22.76
	  0.141	  0.989	 -0.033
	 -0.990	  0.142	  0.002
	  0.007	  0.032	  0.999

3 	  45.26	  -0.39	   0.90
	  0.526	  0.181	  0.831
	 -0.146	  0.982	 -0.122
	 -0.838	 -0.056	  0.542

4 	  40.55	   6.68	  -2.14
	  0.676	  0.714	  0.178
	 -0.696	  0.540	  0.473
	  0.242	 -0.444	  0.862

5 	  40.13	  10.42	   9.63
	  0.382	  0.543	  0.747
	  0.108	 -0.830	  0.548
	  0.918	 -0.129	 -0.375

6 	  43.80	  16.51	  16.61
	  0.447	  0.526	  0.723
	 -0.664	 -0.349	  0.661
	  0.603	 -0.774	  0.192

7 	  40.13	  -6.45	  -2.53
	  0.753	 -0.593	 -0.287
	  0.390	  0.752	 -0.531
	  0.531	  0.288	  0.796

8 	  38.99	 -10.63	   8.31
	  0.152	 -0.332	  0.931
	  0.451	 -0.815	 -0.363
	  0.880	  0.474	  0.026

9 	  43.70	 -13.90	  18.95
	  0.366	 -0.026	  0.930
	  0.871	  0.361	 -0.331
	 -0.332	  0.931	  0.153

2 	  33.05	  -6.89	  22.76
	  0.141	  0.989	 -0.033
	 -0.990	  0.142	  0.002
	  0.007	  0.032	  0.999

3 	  45.26	  -0.40	   0.93
	  0.538	  0.169	  0.826
	 -0.127	  0.984	 -0.120
	 -0.833	 -0.040	  0.551

4 	  40.97	   6.94	  -1.86
	  0.692	  0.690	  0.211
	 -0.683	  0.531	  0.501
	  0.234	 -0.492	  0.838

5 	  39.59	   9.32	  10.18
	  0.248	  0.167	  0.954
	 -0.367	 -0.896	  0.250
	  0.897	 -0.411	 -0.160

6 	  43.98	  11.57	  19.25
	  0.382	  0.107	  0.918
	 -0.924	  0.054	  0.378
	 -0.011	 -0.993	  0.118

7 	  40.20	  -6.42	  -2.46
	  0.753	 -0.595	 -0.280
	  0.383	  0.742	 -0.550
	  0.536	  0.307	  0.786

8 	  39.36	 -10.39	   8.63
	  0.180	 -0.245	  0.952
	  0.542	 -0.784	 -0.303
	  0.822	  0.570	 -0.007

9 	  44.37	 -12.20	  19.48
	  0.361	  0.113	  0.925
	  0.811	  0.454	 -0.369
	 -0.467	  0.882	  0.071

2 	  33.05	  -6.89	  22.76
	  0.141	  0.989	 -0.033
	 -0.990	  0.142	  0.002
	  0.007	  0.032	  0.999

3 	  45.37	  -0.35	   1.02
	  0.532	  0.161	  0.831
	 -0.120	  0.986	 -0.116
	 -0.838	 -0.038	  0.544

4 	  41.38	   7.08	  -1.79
	  0.722	  0.652	  0.230
	 -0.662	  0.553	  0.505
	  0.203	 -0.517	  0.831

5 	  40.48	  10.14	  10.32
	  0.254	  0.105	  0.961
	 -0.663	 -0.705	  0.251
	  0.705	 -0.700	 -0.108

6 	  45.25	  10.71	  19.25
	  0.413	 -0.039	  0.910
	 -0.853	  0.339	  0.398
	 -0.330	 -0.938	  0.106

7 	  40.34	  -6.40	  -2.46
	  0.758	 -0.593	 -0.273
	  0.385	  0.743	 -0.548
	  0.528	  0.310	  0.790

8 	  39.41	 -10.39	   8.81
	  0.186	 -0.200	  0.962
	  0.572	 -0.774	 -0.270
	  0.799	  0.600	 -0.029

9 	  44.28	 -11.88	  19.72
	  0.339	  0.138	  0.930
	  0.809	  0.463	 -0.360
	 -0.486	  0.873	  0.044

2 	  33.05	  -6.89	  22.76
	  0.141	  0.989	 -0.033
	 -0.990	  0.142	  0.002
	  0.007	  0.032	  0.999

3 	  45.49	  -0.39	   1.07
	  0.522	  0.154	  0.839
	 -0.108	  0.987	 -0.115
	 -0.846	 -0.031	  0.532

4 	  41.54	   7.07	  -1.76
	  0.730	  0.642	  0.236
	 -0.657	  0.561	  0.503
	  0.191	 -0.522	  0.831

5 	  40.50	  10.12	  10.34
	  0.258	  0.112	  0.960
	 -0.650	 -0.716	  0.256
	  0.717	 -0.688	 -0.110

6 	  44.89	  11.04	  19.37
	  0.382	  0.001	  0.924
	 -0.887	  0.287	  0.363
	 -0.271	 -0.957	  0.109

7 	  40.43	  -6.45	  -2.43
	  0.762	 -0.592	 -0.264
	  0.389	  0.743	 -0.544
	  0.518	  0.312	  0.796

8 	  39.46	 -10.37	   8.89
	  0.188	 -0.175	  0.966
	  0.587	 -0.769	 -0.252
	  0.788	  0.613	 -0.041

9 	  44.10	 -11.78	  19.93
	  0.327	  0.141	  0.934
	  0.832	  0.428	 -0.353
	 -0.455	  0.890	  0.020

2 	  33.05	  -6.89	  22.76
	  0.141	  0.989	 -0.033
	 -0.990	  0.142	  0.002
	  0.007	  0.032	  0.999

3 	  45.51	  -0.40	   1.09
	  0.520	  0.155	  0.840
	 -0.106	  0.987	 -0.117
	 -0.848	 -0.028	  0.529

4 	  41.55	   7.05	  -1.78
	  0.730	  0.640	  0.239
	 -0.658	  0.562	  0.500
	  0.186	 -0.523	  0.832

5 	  40.43	  10.11	  10.32
	  0.247	  0.107	  0.963
	 -0.653	 -0.716	  0.245
	  0.718	 -0.688	 -0.105

6 	  44.96	  10.79	  19.37
	  0.377	 -0.015	  0.926
	 -0.872	  0.335	  0.357
	 -0.321	 -0.941	  0.111

7 	  40.41	  -6.45	  -2.46
	  0.761	 -0.591	 -0.267
	  0.392	  0.746	 -0.539
	  0.518	  0.306	  0.798

8 	  39.41	 -10.32	   8.89
	  0.194	 -0.172	  0.966
	  0.576	 -0.777	 -0.253
	  0.795	  0.604	 -0.051

9 	  44.09	 -11.78	  19.93
	  0.327	  0.141	  0.934
	  0.831	  0.430	 -0.352
	 -0.457	  0.889	  0.022

