2 	  32.61	  -8.40	  22.96
	 -0.015	  0.980	 -0.199
	 -1.000	 -0.017	 -0.009
	 -0.012	  0.199	  0.980

3 	  43.45	  -0.97	   4.32
	  0.529	  0.280	  0.801
	 -0.339	  0.935	 -0.104
	 -0.778	 -0.216	  0.589

4 	  38.50	   4.82	   1.05
	  0.563	  0.825	  0.043
	 -0.791	  0.523	  0.318
	  0.240	 -0.213	  0.947

5 	  39.52	   7.49	  12.60
	  0.468	  0.164	  0.868
	 -0.264	 -0.912	  0.314
	  0.843	 -0.376	 -0.384

6 	  44.54	  10.20	  21.34
	  0.403	  0.008	  0.915
	 -0.794	  0.500	  0.345
	 -0.455	 -0.866	  0.208

7 	  39.83	  -8.16	   0.72
	  0.789	 -0.614	 -0.018
	  0.556	  0.727	 -0.403
	  0.260	  0.308	  0.915

8 	  39.50	  -9.46	  12.30
	  0.447	 -0.087	  0.890
	  0.218	 -0.955	 -0.203
	  0.867	  0.285	 -0.408

9 	  45.84	 -11.23	  21.55
	  0.234	 -0.010	  0.972
	  0.626	  0.767	 -0.143
	 -0.744	  0.642	  0.185

2 	  32.61	  -8.40	  22.96
	 -0.015	  0.980	 -0.199
	 -1.000	 -0.017	 -0.009
	 -0.012	  0.199	  0.980

3 	  43.45	  -0.98	   4.31
	  0.529	  0.280	  0.801
	 -0.339	  0.935	 -0.104
	 -0.778	 -0.216	  0.589

4 	  38.50	   4.82	   1.07
	  0.562	  0.825	  0.043
	 -0.791	  0.523	  0.317
	  0.239	 -0.213	  0.947

5 	  39.53	   7.49	  12.59
	  0.469	  0.164	  0.868
	 -0.264	 -0.911	  0.315
	  0.843	 -0.377	 -0.384

6 	  44.54	  10.20	  21.34
	  0.402	  0.007	  0.916
	 -0.793	  0.503	  0.344
	 -0.458	 -0.864	  0.208

7 	  39.81	  -8.16	   0.72
	  0.790	 -0.613	 -0.018
	  0.555	  0.727	 -0.403
	  0.260	  0.308	  0.915

8 	  39.52	  -9.46	  12.29
	  0.448	 -0.087	  0.889
	  0.218	 -0.954	 -0.204
	  0.866	  0.286	 -0.409

9 	  45.84	 -11.21	  21.53
	  0.234	 -0.010	  0.972
	  0.624	  0.768	 -0.143
	 -0.745	  0.640	  0.186

2 	  32.61	  -8.38	  22.96
	 -0.015	  0.979	 -0.200
	 -1.000	 -0.017	 -0.009
	 -0.012	  0.199	  0.980

3 	  43.44	  -0.97	   4.31
	  0.528	  0.281	  0.801
	 -0.339	  0.935	 -0.104
	 -0.778	 -0.217	  0.589

4 	  38.50	   4.82	   1.07
	  0.562	  0.825	  0.043
	 -0.791	  0.522	  0.317
	  0.239	 -0.213	  0.947

5 	  39.52	   7.49	  12.60
	  0.469	  0.164	  0.867
	 -0.264	 -0.911	  0.316
	  0.842	 -0.378	 -0.385

6 	  44.54	  10.18	  21.34
	  0.402	  0.006	  0.916
	 -0.792	  0.505	  0.343
	 -0.461	 -0.863	  0.208

7 	  39.81	  -8.16	   0.72
	  0.789	 -0.613	 -0.018
	  0.555	  0.727	 -0.403
	  0.260	  0.308	  0.915

8 	  39.50	  -9.46	  12.29
	  0.448	 -0.088	  0.889
	  0.218	 -0.954	 -0.204
	  0.866	  0.286	 -0.409

9 	  45.83	 -11.23	  21.53
	  0.234	 -0.010	  0.972
	  0.624	  0.768	 -0.142
	 -0.746	  0.640	  0.186

2 	  32.61	  -8.38	  22.96
	 -0.015	  0.980	 -0.200
	 -1.000	 -0.017	 -0.009
	 -0.012	  0.199	  0.980

3 	  43.44	  -0.97	   4.31
	  0.528	  0.281	  0.801
	 -0.340	  0.935	 -0.104
	 -0.778	 -0.217	  0.589

4 	  38.50	   4.82	   1.07
	  0.562	  0.826	  0.043
	 -0.792	  0.522	  0.317
	  0.239	 -0.213	  0.947

5 	  39.53	   7.51	  12.62
	  0.469	  0.165	  0.867
	 -0.264	 -0.911	  0.316
	  0.842	 -0.378	 -0.384

6 	  44.54	  10.18	  21.34
	  0.401	  0.006	  0.916
	 -0.791	  0.508	  0.342
	 -0.463	 -0.862	  0.208

7 	  39.81	  -8.16	   0.72
	  0.789	 -0.613	 -0.018
	  0.555	  0.727	 -0.404
	  0.260	  0.309	  0.915

8 	  39.50	  -9.46	  12.29
	  0.449	 -0.088	  0.889
	  0.218	 -0.954	 -0.204
	  0.866	  0.286	 -0.409

9 	  45.83	 -11.21	  21.55
	  0.234	 -0.010	  0.972
	  0.623	  0.769	 -0.142
	 -0.746	  0.639	  0.186

2 	  32.61	  -8.40	  22.96
	 -0.015	  0.980	 -0.199
	 -1.000	 -0.017	 -0.009
	 -0.012	  0.199	  0.980

3 	  43.44	  -0.97	   4.31
	  0.528	  0.281	  0.801
	 -0.341	  0.934	 -0.104
	 -0.778	 -0.218	  0.589

4 	  38.50	   4.82	   1.07
	  0.562	  0.825	  0.044
	 -0.792	  0.522	  0.316
	  0.238	 -0.213	  0.947

5 	  39.53	   7.51	  12.60
	  0.470	  0.164	  0.867
	 -0.265	 -0.911	  0.316
	  0.842	 -0.378	 -0.385

6 	  44.58	  10.20	  21.32
	  0.401	  0.005	  0.916
	 -0.786	  0.515	  0.341
	 -0.471	 -0.857	  0.210

7 	  39.81	  -8.14	   0.72
	  0.790	 -0.613	 -0.018
	  0.555	  0.727	 -0.403
	  0.260	  0.308	  0.915

8 	  39.50	  -9.46	  12.27
	  0.446	 -0.088	  0.890
	  0.219	 -0.954	 -0.204
	  0.867	  0.286	 -0.407

9 	  45.83	 -11.21	  21.57
	  0.233	 -0.010	  0.972
	  0.623	  0.769	 -0.142
	 -0.747	  0.639	  0.185

2 	  32.61	  -8.40	  22.96
	 -0.015	  0.980	 -0.200
	 -1.000	 -0.017	 -0.009
	 -0.012	  0.199	  0.980

3 	  43.44	  -0.97	   4.32
	  0.528	  0.281	  0.801
	 -0.340	  0.934	 -0.103
	 -0.778	 -0.219	  0.589

4 	  38.51	   4.82	   1.11
	  0.564	  0.824	  0.055
	 -0.793	  0.522	  0.313
	  0.229	 -0.221	  0.948

5 	  39.59	   7.52	  12.59
	  0.465	  0.172	  0.868
	 -0.267	 -0.908	  0.323
	  0.844	 -0.382	 -0.376

6 	  44.89	  10.16	  21.32
	  0.385	 -0.013	  0.922
	 -0.733	  0.603	  0.314
	 -0.561	 -0.797	  0.223

7 	  39.81	  -8.14	   0.74
	  0.790	 -0.613	 -0.016
	  0.555	  0.727	 -0.404
	  0.259	  0.310	  0.915

8 	  39.64	  -9.58	  12.13
	  0.416	 -0.100	  0.904
	  0.253	 -0.942	 -0.220
	  0.873	  0.320	 -0.367

9 	  46.21	 -11.14	  21.38
	  0.238	 -0.023	  0.971
	  0.541	  0.833	 -0.114
	 -0.806	  0.552	  0.210

2 	  32.59	  -8.40	  22.96
	 -0.015	  0.980	 -0.199
	 -1.000	 -0.017	 -0.009
	 -0.012	  0.199	  0.980

3 	  43.44	  -0.97	   4.32
	  0.528	  0.280	  0.802
	 -0.342	  0.934	 -0.101
	 -0.777	 -0.221	  0.589

4 	  38.51	   4.85	   1.14
	  0.570	  0.819	  0.060
	 -0.788	  0.525	  0.321
	  0.231	 -0.231	  0.945

5 	  40.17	   7.68	  12.46
	  0.481	  0.184	  0.856
	 -0.282	 -0.893	  0.351
	  0.829	 -0.411	 -0.378

6 	  45.81	  10.35	  20.95
	  0.367	  0.000	  0.930
	 -0.634	  0.731	  0.250
	 -0.680	 -0.682	  0.269

7 	  39.81	  -8.12	   0.77
	  0.791	 -0.612	 -0.012
	  0.552	  0.722	 -0.416
	  0.263	  0.322	  0.909

8 	  40.36	  -9.69	  12.02
	  0.441	 -0.120	  0.889
	  0.295	 -0.917	 -0.270
	  0.848	  0.381	 -0.369

9 	  47.25	 -11.46	  20.92
	  0.264	 -0.071	  0.962
	  0.487	  0.871	 -0.070
	 -0.833	  0.486	  0.265

2 	  32.59	  -8.40	  22.96
	 -0.014	  0.980	 -0.199
	 -1.000	 -0.016	 -0.009
	 -0.012	  0.199	  0.980

3 	  43.42	  -0.95	   4.31
	  0.530	  0.280	  0.800
	 -0.348	  0.932	 -0.096
	 -0.773	 -0.228	  0.592

4 	  38.53	   4.85	   1.16
	  0.579	  0.814	  0.043
	 -0.778	  0.536	  0.327
	  0.243	 -0.223	  0.944

5 	  41.10	   8.05	  12.16
	  0.553	  0.207	  0.807
	 -0.285	 -0.863	  0.416
	  0.783	 -0.460	 -0.419

6 	  47.25	  10.71	  20.07
	  0.409	  0.040	  0.911
	 -0.528	  0.825	  0.200
	 -0.744	 -0.563	  0.359

7 	  39.81	  -8.05	   0.76
	  0.797	 -0.604	 -0.027
	  0.538	  0.730	 -0.421
	  0.273	  0.321	  0.907

8 	  41.33	  -9.93	  11.72
	  0.519	 -0.141	  0.843
	  0.311	 -0.887	 -0.340
	  0.796	  0.439	 -0.417

9 	  48.78	 -11.69	  19.95
	  0.338	 -0.112	  0.934
	  0.448	  0.892	 -0.055
	 -0.828	  0.437	  0.352

2 	  32.59	  -8.40	  22.96
	 -0.015	  0.980	 -0.199
	 -1.000	 -0.017	 -0.010
	 -0.013	  0.199	  0.980

3 	  43.40	  -0.95	   4.27
	  0.531	  0.279	  0.800
	 -0.352	  0.931	 -0.091
	 -0.771	 -0.233	  0.593

4 	  38.53	   4.85	   1.09
	  0.583	  0.812	 -0.004
	 -0.766	  0.551	  0.331
	  0.271	 -0.190	  0.943

5 	  42.03	   8.44	  11.69
	  0.635	  0.227	  0.738
	 -0.262	 -0.836	  0.482
	  0.726	 -0.500	 -0.472

6 	  48.94	  11.27	  18.69
	  0.482	  0.070	  0.873
	 -0.445	  0.878	  0.175
	 -0.755	 -0.473	  0.455

7 	  39.81	  -8.00	   0.67
	  0.802	 -0.595	 -0.057
	  0.521	  0.744	 -0.418
	  0.291	  0.305	  0.906

8 	  42.43	 -10.02	  11.30
	  0.613	 -0.136	  0.778
	  0.324	 -0.855	 -0.405
	  0.720	  0.500	 -0.480

9 	  50.68	 -11.53	  18.63
	  0.431	 -0.132	  0.892
	  0.370	  0.928	 -0.042
	 -0.823	  0.348	  0.449

2 	  32.61	  -8.38	  22.96
	 -0.015	  0.980	 -0.200
	 -1.000	 -0.017	 -0.009
	 -0.012	  0.199	  0.980

3 	  43.40	  -0.93	   4.25
	  0.530	  0.280	  0.800
	 -0.357	  0.930	 -0.090
	 -0.769	 -0.238	  0.593

4 	  38.48	   4.87	   1.00
	  0.586	  0.807	 -0.066
	 -0.746	  0.569	  0.345
	  0.316	 -0.153	  0.936

5 	  43.10	   8.60	  10.99
	  0.729	  0.233	  0.644
	 -0.214	 -0.816	  0.537
	  0.650	 -0.529	 -0.545

6 	  50.73	  11.46	  16.93
	  0.583	  0.079	  0.808
	 -0.380	  0.906	  0.185
	 -0.718	 -0.415	  0.558

7 	  39.74	  -7.96	   0.54
	  0.802	 -0.588	 -0.104
	  0.503	  0.760	 -0.412
	  0.320	  0.278	  0.905

8 	  43.59	 -10.00	  10.69
	  0.714	 -0.122	  0.690
	  0.312	 -0.827	 -0.469
	  0.627	  0.549	 -0.552

9 	  52.66	 -11.27	  16.66
	  0.552	 -0.135	  0.823
	  0.307	  0.950	 -0.050
	 -0.775	  0.281	  0.566

2 	  32.59	  -8.38	  22.96
	 -0.015	  0.980	 -0.200
	 -1.000	 -0.017	 -0.009
	 -0.012	  0.199	  0.980

3 	  43.37	  -0.93	   4.18
	  0.533	  0.282	  0.798
	 -0.360	  0.929	 -0.088
	 -0.766	 -0.240	  0.596

4 	  38.41	   4.83	   0.83
	  0.586	  0.798	 -0.138
	 -0.719	  0.591	  0.365
	  0.373	 -0.115	  0.921

5 	  44.12	   8.60	  10.04
	  0.813	  0.225	  0.536
	 -0.158	 -0.802	  0.575
	  0.560	 -0.553	 -0.617

6 	  52.44	  11.20	  14.75
	  0.690	  0.070	  0.720
	 -0.318	  0.923	  0.215
	 -0.650	 -0.378	  0.659

7 	  39.66	  -7.93	   0.37
	  0.800	 -0.580	 -0.152
	  0.486	  0.776	 -0.402
	  0.350	  0.247	  0.903

8 	  44.61	  -9.97	   9.88
	  0.801	 -0.099	  0.590
	  0.287	 -0.801	 -0.525
	  0.525	  0.590	 -0.613

9 	  54.23	 -10.81	  14.77
	  0.654	 -0.124	  0.746
	  0.255	  0.965	 -0.063
	 -0.713	  0.231	  0.662

2 	  32.61	  -8.40	  22.96
	 -0.015	  0.979	 -0.200
	 -1.000	 -0.017	 -0.009
	 -0.012	  0.199	  0.980

3 	  43.33	  -0.95	   4.08
	  0.539	  0.283	  0.793
	 -0.362	  0.928	 -0.086
	 -0.760	 -0.241	  0.603

4 	  38.36	   4.82	   0.65
	  0.582	  0.786	 -0.210
	 -0.695	  0.614	  0.373
	  0.423	 -0.071	  0.903

5 	  44.89	   8.53	   9.23
	  0.873	  0.209	  0.441
	 -0.111	 -0.795	  0.596
	  0.475	 -0.569	 -0.671

6 	  53.56	  10.99	  12.87
	  0.768	  0.053	  0.637
	 -0.265	  0.933	  0.241
	 -0.582	 -0.355	  0.731

7 	  39.57	  -7.86	   0.23
	  0.799	 -0.571	 -0.189
	  0.474	  0.791	 -0.386
	  0.369	  0.219	  0.903

8 	  45.40	  -9.74	   9.18
	  0.862	 -0.073	  0.501
	  0.258	 -0.788	 -0.559
	  0.435	  0.611	 -0.661

9 	  55.42	 -10.20	  12.99
	  0.731	 -0.104	  0.674
	  0.209	  0.974	 -0.078
	 -0.649	  0.198	  0.734

2 	  32.59	  -8.38	  22.96
	 -0.015	  0.980	 -0.200
	 -1.000	 -0.017	 -0.009
	 -0.012	  0.199	  0.980

3 	  43.29	  -0.95	   3.97
	  0.545	  0.286	  0.788
	 -0.364	  0.927	 -0.086
	 -0.755	 -0.240	  0.609

4 	  38.32	   4.76	   0.47
	  0.577	  0.771	 -0.269
	 -0.675	  0.635	  0.374
	  0.459	 -0.035	  0.887

5 	  45.47	   8.37	   8.44
	  0.915	  0.191	  0.356
	 -0.069	 -0.794	  0.603
	  0.398	 -0.577	 -0.714

6 	  54.42	  10.53	  11.13
	  0.828	  0.030	  0.560
	 -0.213	  0.941	  0.264
	 -0.519	 -0.338	  0.785

7 	  39.50	  -7.80	   0.11
	  0.795	 -0.565	 -0.220
	  0.469	  0.803	 -0.367
	  0.384	  0.189	  0.904

8 	  46.02	  -9.56	   8.38
	  0.909	 -0.052	  0.412
	  0.220	 -0.781	 -0.584
	  0.353	  0.622	 -0.699

9 	  56.25	  -9.81	  11.09
	  0.797	 -0.091	  0.596
	  0.178	  0.980	 -0.088
	 -0.577	  0.176	  0.798

2 	  32.59	  -8.38	  22.96
	 -0.015	  0.980	 -0.200
	 -1.000	 -0.017	 -0.009
	 -0.013	  0.199	  0.980

3 	  43.28	  -0.98	   3.90
	  0.549	  0.288	  0.785
	 -0.365	  0.927	 -0.085
	 -0.752	 -0.240	  0.614

4 	  38.29	   4.73	   0.32
	  0.575	  0.753	 -0.318
	 -0.654	  0.657	  0.374
	  0.490	 -0.007	  0.871

5 	  46.07	   8.23	   7.63
	  0.948	  0.172	  0.267
	 -0.026	 -0.796	  0.605
	  0.317	 -0.581	 -0.750

6 	  55.28	  10.21	   9.18
	  0.885	  0.006	  0.464
	 -0.159	  0.944	  0.289
	 -0.436	 -0.330	  0.837

7 	  39.43	  -7.75	  -0.02
	  0.791	 -0.558	 -0.252
	  0.465	  0.815	 -0.345
	  0.397	  0.156	  0.904

8 	  46.53	  -9.40	   7.59
	  0.945	 -0.033	  0.324
	  0.180	 -0.776	 -0.604
	  0.271	  0.630	 -0.728

9 	  56.99	  -9.32	   9.28
	  0.854	 -0.072	  0.514
	  0.147	  0.983	 -0.109
	 -0.498	  0.168	  0.851

2 	  32.59	  -8.38	  22.96
	 -0.015	  0.980	 -0.200
	 -1.000	 -0.017	 -0.009
	 -0.013	  0.199	  0.980

3 	  43.26	  -1.02	   3.78
	  0.553	  0.292	  0.780
	 -0.367	  0.926	 -0.087
	 -0.748	 -0.239	  0.619

4 	  38.23	   4.64	   0.14
	  0.575	  0.734	 -0.361
	 -0.634	  0.679	  0.370
	  0.517	  0.016	  0.856

5 	  46.46	   8.03	   6.70
	  0.972	  0.158	  0.175
	  0.020	 -0.795	  0.606
	  0.235	 -0.585	 -0.776

6 	  55.86	   9.70	   6.96
	  0.934	 -0.022	  0.357
	 -0.098	  0.944	  0.313
	 -0.344	 -0.328	  0.880

7 	  39.34	  -7.72	  -0.11
	  0.787	 -0.551	 -0.277
	  0.463	  0.824	 -0.324
	  0.407	  0.127	  0.904

8 	  46.93	  -9.30	   6.91
	  0.971	 -0.019	  0.239
	  0.136	 -0.778	 -0.613
	  0.198	  0.628	 -0.753

9 	  57.46	  -9.05	   7.35
	  0.903	 -0.059	  0.425
	  0.122	  0.984	 -0.125
	 -0.411	  0.164	  0.897

2 	  32.59	  -8.38	  22.96
	 -0.015	  0.980	 -0.200
	 -1.000	 -0.017	 -0.009
	 -0.013	  0.199	  0.980

3 	  43.22	  -1.05	   3.64
	  0.558	  0.300	  0.773
	 -0.371	  0.924	 -0.092
	 -0.742	 -0.236	  0.627

4 	  38.13	   4.52	  -0.05
	  0.574	  0.718	 -0.393
	 -0.620	  0.695	  0.364
	  0.535	  0.034	  0.844

5 	  46.78	   7.88	   5.78
	  0.984	  0.147	  0.095
	  0.060	 -0.796	  0.603
	  0.164	 -0.588	 -0.792

6 	  56.20	   9.46	   5.31
	  0.961	 -0.038	  0.275
	 -0.055	  0.945	  0.322
	 -0.272	 -0.325	  0.906

7 	  39.22	  -7.68	  -0.19
	  0.779	 -0.547	 -0.305
	  0.464	  0.831	 -0.304
	  0.420	  0.095	  0.902

8 	  47.23	  -9.19	   6.05
	  0.989	 -0.008	  0.150
	  0.088	 -0.780	 -0.620
	  0.121	  0.626	 -0.770

9 	  57.83	  -8.84	   5.31
	  0.943	 -0.045	  0.329
	  0.098	  0.984	 -0.146
	 -0.317	  0.170	  0.933

2 	  32.59	  -8.38	  22.96
	 -0.015	  0.979	 -0.200
	 -1.000	 -0.017	 -0.010
	 -0.013	  0.199	  0.980

3 	  43.19	  -1.09	   3.53
	  0.564	  0.306	  0.767
	 -0.373	  0.923	 -0.094
	 -0.736	 -0.233	  0.635

4 	  38.06	   4.41	  -0.23
	  0.576	  0.703	 -0.417
	 -0.609	  0.709	  0.355
	  0.545	  0.049	  0.837

5 	  47.02	   7.70	   4.90
	  0.990	  0.135	  0.018
	  0.098	 -0.796	  0.597
	  0.095	 -0.590	 -0.802

6 	  56.30	   9.05	   3.38
	  0.983	 -0.059	  0.174
	 -0.003	  0.943	  0.333
	 -0.184	 -0.328	  0.927

7 	  39.09	  -7.65	  -0.28
	  0.770	 -0.542	 -0.334
	  0.466	  0.838	 -0.284
	  0.434	  0.063	  0.899

8 	  47.48	  -9.07	   5.22
	  0.998	  0.004	  0.066
	  0.045	 -0.779	 -0.625
	  0.049	  0.627	 -0.778

9 	  57.87	  -8.54	   3.45
	  0.970	 -0.030	  0.238
	  0.070	  0.984	 -0.164
	 -0.230	  0.176	  0.957

2 	  32.59	  -8.38	  22.96
	 -0.015	  0.980	 -0.200
	 -1.000	 -0.017	 -0.010
	 -0.013	  0.199	  0.980

3 	  43.19	  -1.16	   3.43
	  0.572	  0.307	  0.760
	 -0.373	  0.923	 -0.093
	 -0.731	 -0.230	  0.642

4 	  37.97	   4.29	  -0.44
	  0.578	  0.686	 -0.441
	 -0.601	  0.724	  0.338
	  0.552	  0.069	  0.831

5 	  47.21	   7.52	   4.10
	  0.991	  0.121	 -0.054
	  0.129	 -0.796	  0.591
	  0.028	 -0.592	 -0.805

6 	  56.51	   8.61	   1.69
	  0.992	 -0.088	  0.083
	  0.054	  0.938	  0.341
	 -0.108	 -0.334	  0.936

7 	  38.99	  -7.61	  -0.39
	  0.762	 -0.535	 -0.364
	  0.465	  0.844	 -0.267
	  0.450	  0.035	  0.892

8 	  47.67	  -8.93	   4.43
	  1.000	  0.016	 -0.013
	  0.005	 -0.781	 -0.625
	 -0.020	  0.624	 -0.781

9 	  57.92	  -8.37	   1.72
	  0.988	 -0.020	  0.153
	  0.048	  0.982	 -0.180
	 -0.147	  0.185	  0.971

2 	  32.59	  -8.38	  22.96
	 -0.015	  0.980	 -0.200
	 -1.000	 -0.017	 -0.009
	 -0.013	  0.199	  0.980

3 	  43.15	  -1.21	   3.30
	  0.580	  0.311	  0.753
	 -0.374	  0.922	 -0.093
	 -0.723	 -0.228	  0.651

4 	  37.88	   4.13	  -0.58
	  0.581	  0.667	 -0.466
	 -0.594	  0.739	  0.317
	  0.556	  0.092	  0.826

5 	  47.27	   7.29	   3.43
	  0.988	  0.108	 -0.107
	  0.151	 -0.794	  0.588
	 -0.022	 -0.598	 -0.801

6 	  56.39	   8.17	   0.28
	  0.994	 -0.107	  0.013
	  0.096	  0.935	  0.341
	 -0.049	 -0.338	  0.940

7 	  38.87	  -7.61	  -0.42
	  0.751	 -0.531	 -0.391
	  0.467	  0.847	 -0.254
	  0.466	  0.008	  0.885

8 	  47.72	  -8.89	   3.80
	  0.996	  0.023	 -0.078
	 -0.030	 -0.785	 -0.619
	 -0.076	  0.619	 -0.781

9 	  57.69	  -8.23	   0.18
	  0.997	 -0.013	  0.073
	  0.027	  0.981	 -0.191
	 -0.070	  0.192	  0.979

2 	  32.59	  -8.38	  22.96
	 -0.015	  0.980	 -0.200
	 -1.000	 -0.017	 -0.009
	 -0.013	  0.199	  0.980

3 	  43.12	  -1.28	   3.22
	  0.588	  0.312	  0.745
	 -0.374	  0.923	 -0.092
	 -0.717	 -0.225	  0.660

4 	  37.81	   3.97	  -0.74
	  0.583	  0.649	 -0.489
	 -0.590	  0.752	  0.295
	  0.559	  0.117	  0.821

5 	  47.30	   7.10	   2.81
	  0.983	  0.099	 -0.154
	  0.171	 -0.790	  0.588
	 -0.063	 -0.605	 -0.794

6 	  56.34	   7.84	  -0.90
	  0.991	 -0.122	 -0.045
	  0.130	  0.935	  0.329
	  0.001	 -0.332	  0.943

7 	  38.76	  -7.58	  -0.44
	  0.742	 -0.527	 -0.413
	  0.468	  0.849	 -0.243
	  0.479	 -0.013	  0.878

8 	  47.78	  -8.86	   3.20
	  0.990	  0.029	 -0.140
	 -0.063	 -0.786	 -0.615
	 -0.128	  0.617	 -0.776

9 	  57.53	  -8.23	  -1.21
	  1.000	 -0.010	  0.003
	  0.010	  0.981	 -0.192
	 -0.001	  0.192	  0.981

2 	  32.59	  -8.38	  22.96
	 -0.015	  0.980	 -0.200
	 -1.000	 -0.017	 -0.010
	 -0.013	  0.199	  0.980

3 	  43.08	  -1.35	   3.11
	  0.597	  0.316	  0.737
	 -0.373	  0.923	 -0.094
	 -0.710	 -0.219	  0.668

4 	  37.72	   3.81	  -0.88
	  0.579	  0.634	 -0.513
	 -0.589	  0.760	  0.274
	  0.564	  0.143	  0.813

5 	  47.29	   6.96	   2.25
	  0.976	  0.093	 -0.196
	  0.193	 -0.785	  0.589
	 -0.099	 -0.612	 -0.784

6 	  56.09	   7.65	  -2.02
	  0.986	 -0.130	 -0.101
	  0.156	  0.935	  0.319
	  0.052	 -0.331	  0.942

7 	  38.69	  -7.58	  -0.49
	  0.734	 -0.521	 -0.436
	  0.465	  0.853	 -0.236
	  0.495	 -0.030	  0.868

8 	  47.79	  -8.84	   2.58
	  0.980	  0.034	 -0.193
	 -0.094	 -0.782	 -0.616
	 -0.172	  0.622	 -0.764

9 	  57.20	  -7.98	  -2.57
	  0.998	 -0.001	 -0.067
	 -0.011	  0.983	 -0.184
	  0.066	  0.184	  0.980

2 	  32.59	  -8.38	  22.96
	 -0.015	  0.979	 -0.200
	 -1.000	 -0.017	 -0.010
	 -0.013	  0.199	  0.980

3 	  43.07	  -1.39	   2.97
	  0.605	  0.321	  0.729
	 -0.375	  0.922	 -0.095
	 -0.703	 -0.216	  0.677

4 	  37.60	   3.66	  -1.02
	  0.573	  0.619	 -0.538
	 -0.590	  0.766	  0.253
	  0.569	  0.172	  0.804

5 	  47.23	   6.84	   1.53
	  0.964	  0.088	 -0.249
	  0.223	 -0.779	  0.586
	 -0.143	 -0.620	 -0.771

6 	  55.81	   7.38	  -3.46
	  0.974	 -0.144	 -0.172
	  0.192	  0.932	  0.307
	  0.116	 -0.332	  0.936

7 	  38.60	  -7.52	  -0.56
	  0.723	 -0.510	 -0.465
	  0.460	  0.859	 -0.227
	  0.515	 -0.050	  0.856

8 	  47.79	  -8.79	   1.90
	  0.966	  0.038	 -0.254
	 -0.131	 -0.777	 -0.615
	 -0.221	  0.628	 -0.746

9 	  56.90	  -7.89	  -4.01
	  0.990	 -0.000	 -0.139
	 -0.024	  0.984	 -0.175
	  0.137	  0.176	  0.974

2 	  32.59	  -8.38	  22.96
	 -0.015	  0.980	 -0.200
	 -1.000	 -0.017	 -0.009
	 -0.013	  0.199	  0.980

3 	  43.03	  -1.44	   2.87
	  0.612	  0.325	  0.720
	 -0.379	  0.921	 -0.093
	 -0.694	 -0.216	  0.687

4 	  37.49	   3.50	  -1.16
	  0.564	  0.602	 -0.565
	 -0.589	  0.773	  0.236
	  0.579	  0.200	  0.790

5 	  47.20	   6.68	   0.77
	  0.950	  0.080	 -0.301
	  0.250	 -0.772	  0.584
	 -0.185	 -0.630	 -0.754

6 	  55.53	   7.12	  -4.71
	  0.959	 -0.157	 -0.234
	  0.224	  0.930	  0.292
	  0.171	 -0.333	  0.927

7 	  38.46	  -7.47	  -0.65
	  0.710	 -0.500	 -0.495
	  0.454	  0.863	 -0.220
	  0.537	 -0.069	  0.840

8 	  47.72	  -8.75	   1.18
	  0.946	  0.043	 -0.320
	 -0.171	 -0.773	 -0.611
	 -0.274	  0.633	 -0.724

9 	  56.41	  -7.88	  -5.62
	  0.975	 -0.001	 -0.220
	 -0.037	  0.985	 -0.169
	  0.216	  0.172	  0.961

2 	  32.61	  -8.38	  22.96
	 -0.015	  0.980	 -0.200
	 -1.000	 -0.017	 -0.009
	 -0.013	  0.199	  0.980

3 	  42.96	  -1.49	   2.76
	  0.620	  0.328	  0.712
	 -0.382	  0.919	 -0.091
	 -0.685	 -0.216	  0.696

4 	  37.30	   3.32	  -1.28
	  0.550	  0.590	 -0.591
	 -0.591	  0.775	  0.224
	  0.590	  0.226	  0.775

5 	  47.02	   6.59	   0.18
	  0.935	  0.079	 -0.345
	  0.280	 -0.762	  0.584
	 -0.217	 -0.643	 -0.734

6 	  55.07	   6.89	  -5.78
	  0.943	 -0.165	 -0.288
	  0.247	  0.929	  0.276
	  0.221	 -0.332	  0.917

7 	  38.36	  -7.45	  -0.70
	  0.699	 -0.488	 -0.522
	  0.443	  0.869	 -0.219
	  0.560	 -0.079	  0.824

8 	  47.65	  -8.77	   0.51
	  0.924	  0.049	 -0.378
	 -0.208	 -0.767	 -0.607
	 -0.319	  0.640	 -0.699

9 	  55.93	  -7.79	  -6.80
	  0.960	  0.001	 -0.281
	 -0.049	  0.985	 -0.161
	  0.276	  0.168	  0.946

2 	  32.61	  -8.38	  22.96
	 -0.015	  0.979	 -0.200
	 -1.000	 -0.017	 -0.009
	 -0.012	  0.199	  0.980

3 	  42.93	  -1.49	   2.62
	  0.630	  0.335	  0.700
	 -0.389	  0.917	 -0.090
	 -0.672	 -0.216	  0.708

4 	  37.20	   3.23	  -1.39
	  0.536	  0.582	 -0.611
	 -0.592	  0.775	  0.219
	  0.601	  0.244	  0.760

5 	  46.90	   6.50	  -0.32
	  0.923	  0.077	 -0.377
	  0.301	 -0.754	  0.584
	 -0.240	 -0.653	 -0.719

6 	  54.81	   6.79	  -6.59
	  0.930	 -0.168	 -0.325
	  0.259	  0.930	  0.260
	  0.259	 -0.326	  0.909

7 	  38.27	  -7.42	  -0.77
	  0.687	 -0.479	 -0.547
	  0.434	  0.874	 -0.219
	  0.582	 -0.088	  0.808

8 	  47.57	  -8.79	  -0.07
	  0.905	  0.048	 -0.423
	 -0.240	 -0.764	 -0.599
	 -0.352	  0.643	 -0.680

9 	  55.42	  -7.72	  -7.98
	  0.939	  0.002	 -0.342
	 -0.058	  0.987	 -0.152
	  0.337	  0.162	  0.927

2 	  32.59	  -8.38	  22.97
	 -0.015	  0.979	 -0.200
	 -1.000	 -0.017	 -0.009
	 -0.013	  0.200	  0.980

3 	  42.89	  -1.51	   2.53
	  0.638	  0.338	  0.691
	 -0.391	  0.916	 -0.087
	 -0.663	 -0.215	  0.717

4 	  37.09	   3.09	  -1.49
	  0.526	  0.572	 -0.630
	 -0.592	  0.777	  0.212
	  0.611	  0.261	  0.747

5 	  46.78	   6.40	  -0.81
	  0.910	  0.073	 -0.408
	  0.321	 -0.745	  0.584
	 -0.261	 -0.663	 -0.701

6 	  54.47	   6.57	  -7.40
	  0.916	 -0.174	 -0.361
	  0.272	  0.932	  0.240
	  0.294	 -0.318	  0.901

7 	  38.16	  -7.35	  -0.86
	  0.669	 -0.470	 -0.575
	  0.428	  0.877	 -0.219
	  0.606	 -0.100	  0.789

8 	  47.39	  -8.79	  -0.72
	  0.881	  0.047	 -0.470
	 -0.276	 -0.756	 -0.593
	 -0.384	  0.652	 -0.653

9 	  54.83	  -7.73	  -9.14
	  0.915	  0.002	 -0.403
	 -0.066	  0.987	 -0.145
	  0.398	  0.159	  0.903

2 	  32.61	  -8.38	  22.96
	 -0.015	  0.979	 -0.200
	 -1.000	 -0.017	 -0.009
	 -0.012	  0.199	  0.980

3 	  42.89	  -1.55	   2.44
	  0.647	  0.340	  0.682
	 -0.392	  0.916	 -0.085
	 -0.654	 -0.213	  0.726

4 	  36.98	   2.95	  -1.60
	  0.514	  0.561	 -0.648
	 -0.592	  0.779	  0.205
	  0.620	  0.278	  0.733

5 	  46.65	   6.29	  -1.32
	  0.895	  0.069	 -0.441
	  0.344	 -0.734	  0.585
	 -0.284	 -0.675	 -0.681

6 	  54.12	   6.38	  -8.23
	  0.900	 -0.179	 -0.398
	  0.282	  0.934	  0.217
	  0.332	 -0.308	  0.891

7 	  38.02	  -7.35	  -0.91
	  0.651	 -0.467	 -0.598
	  0.425	  0.877	 -0.223
	  0.629	 -0.109	  0.770

8 	  47.16	  -8.89	  -1.32
	  0.855	  0.042	 -0.516
	 -0.315	 -0.749	 -0.583
	 -0.411	  0.661	 -0.627

9 	  54.21	  -7.70	 -10.20
	  0.889	  0.001	 -0.458
	 -0.073	  0.987	 -0.138
	  0.452	  0.156	  0.878

2 	  32.59	  -8.38	  22.96
	 -0.015	  0.980	 -0.200
	 -1.000	 -0.017	 -0.010
	 -0.013	  0.199	  0.980

3 	  42.86	  -1.60	   2.34
	  0.655	  0.341	  0.674
	 -0.393	  0.916	 -0.083
	 -0.646	 -0.210	  0.734

4 	  36.88	   2.83	  -1.69
	  0.504	  0.551	 -0.665
	 -0.591	  0.781	  0.200
	  0.630	  0.292	  0.720

5 	  46.49	   6.19	  -1.78
	  0.880	  0.067	 -0.469
	  0.365	 -0.727	  0.581
	 -0.302	 -0.683	 -0.665

6 	  53.74	   6.22	  -8.93
	  0.884	 -0.182	 -0.431
	  0.290	  0.935	  0.202
	  0.366	 -0.304	  0.879

7 	  37.90	  -7.35	  -0.95
	  0.633	 -0.464	 -0.619
	  0.420	  0.878	 -0.229
	  0.650	 -0.115	  0.751

8 	  46.95	  -8.95	  -1.85
	  0.828	  0.041	 -0.558
	 -0.349	 -0.741	 -0.573
	 -0.438	  0.670	 -0.600

9 	  53.49	  -7.88	 -11.21
	  0.860	 -0.003	 -0.511
	 -0.078	  0.987	 -0.138
	  0.504	  0.159	  0.849

2 	  32.59	  -8.38	  22.96
	 -0.015	  0.980	 -0.200
	 -1.000	 -0.017	 -0.010
	 -0.013	  0.199	  0.980

3 	  42.82	  -1.67	   2.23
	  0.664	  0.340	  0.666
	 -0.391	  0.917	 -0.079
	 -0.637	 -0.208	  0.742

4 	  36.83	   2.74	  -1.74
	  0.497	  0.543	 -0.676
	 -0.589	  0.784	  0.198
	  0.637	  0.300	  0.709

5 	  46.39	   6.12	  -2.06
	  0.870	  0.064	 -0.488
	  0.377	 -0.722	  0.579
	 -0.315	 -0.689	 -0.653

6 	  53.54	   6.08	  -9.42
	  0.873	 -0.183	 -0.452
	  0.295	  0.936	  0.190
	  0.388	 -0.299	  0.872

7 	  37.83	  -7.33	  -0.98
	  0.620	 -0.464	 -0.633
	  0.417	  0.878	 -0.234
	  0.664	 -0.119	  0.738

8 	  46.78	  -9.00	  -2.18
	  0.808	  0.038	 -0.587
	 -0.372	 -0.741	 -0.560
	 -0.456	  0.671	 -0.585

9 	  53.03	  -7.89	 -11.78
	  0.839	 -0.005	 -0.543
	 -0.088	  0.985	 -0.145
	  0.536	  0.169	  0.827

2 	  32.59	  -8.38	  22.96
	 -0.015	  0.980	 -0.200
	 -1.000	 -0.017	 -0.009
	 -0.012	  0.199	  0.980

3 	  42.79	  -1.71	   2.18
	  0.669	  0.340	  0.660
	 -0.391	  0.917	 -0.076
	 -0.632	 -0.207	  0.747

4 	  36.76	   2.64	  -1.79
	  0.490	  0.533	 -0.689
	 -0.588	  0.786	  0.190
	  0.643	  0.312	  0.699

5 	  46.30	   5.96	  -2.32
	  0.862	  0.059	 -0.504
	  0.388	 -0.716	  0.580
	 -0.327	 -0.695	 -0.640

6 	  53.31	   5.92	  -9.81
	  0.864	 -0.184	 -0.469
	  0.298	  0.937	  0.181
	  0.406	 -0.297	  0.864

7 	  37.74	  -7.37	  -0.98
	  0.611	 -0.465	 -0.640
	  0.416	  0.877	 -0.240
	  0.673	 -0.120	  0.729

8 	  46.63	  -9.02	  -2.43
	  0.793	  0.036	 -0.608
	 -0.388	 -0.740	 -0.550
	 -0.470	  0.671	 -0.573

9 	  52.70	  -7.93	 -12.16
	  0.825	 -0.007	 -0.565
	 -0.090	  0.985	 -0.143
	  0.557	  0.169	  0.813

2 	  32.59	  -8.40	  22.96
	 -0.014	  0.979	 -0.200
	 -1.000	 -0.016	 -0.010
	 -0.013	  0.199	  0.980

3 	  42.77	  -1.76	   2.13
	  0.674	  0.340	  0.655
	 -0.391	  0.917	 -0.073
	 -0.626	 -0.207	  0.752

4 	  36.72	   2.55	  -1.83
	  0.488	  0.525	 -0.697
	 -0.587	  0.788	  0.183
	  0.646	  0.320	  0.693

5 	  46.23	   5.91	  -2.57
	  0.853	  0.056	 -0.519
	  0.399	 -0.711	  0.579
	 -0.337	 -0.701	 -0.629

6 	  53.12	   5.73	 -10.21
	  0.853	 -0.186	 -0.487
	  0.303	  0.937	  0.174
	  0.423	 -0.297	  0.856

7 	  37.69	  -7.38	  -1.00
	  0.602	 -0.466	 -0.648
	  0.414	  0.876	 -0.245
	  0.682	 -0.121	  0.721

8 	  46.55	  -9.07	  -2.60
	  0.783	  0.033	 -0.620
	 -0.399	 -0.738	 -0.544
	 -0.476	  0.674	 -0.565

9 	  52.45	  -8.03	 -12.50
	  0.814	 -0.013	 -0.581
	 -0.087	  0.986	 -0.143
	  0.574	  0.167	  0.801

2 	  32.59	  -8.40	  22.96
	 -0.014	  0.980	 -0.200
	 -1.000	 -0.017	 -0.010
	 -0.013	  0.199	  0.980

3 	  42.71	  -1.79	   2.11
	  0.678	  0.338	  0.652
	 -0.390	  0.918	 -0.071
	 -0.623	 -0.207	  0.754

4 	  36.65	   2.48	  -1.86
	  0.483	  0.517	 -0.707
	 -0.586	  0.791	  0.179
	  0.651	  0.327	  0.685

5 	  46.14	   5.82	  -2.76
	  0.845	  0.052	 -0.531
	  0.407	 -0.707	  0.578
	 -0.346	 -0.705	 -0.619

6 	  52.91	   5.70	 -10.49
	  0.847	 -0.184	 -0.499
	  0.304	  0.937	  0.170
	  0.437	 -0.296	  0.849

7 	  37.58	  -7.35	  -1.04
	  0.592	 -0.463	 -0.660
	  0.408	  0.878	 -0.250
	  0.695	 -0.121	  0.709

8 	  46.39	  -9.11	  -2.85
	  0.769	  0.031	 -0.639
	 -0.415	 -0.736	 -0.536
	 -0.487	  0.676	 -0.553

9 	  52.03	  -8.02	 -12.90
	  0.798	 -0.016	 -0.602
	 -0.087	  0.986	 -0.141
	  0.596	  0.165	  0.786

2 	  32.59	  -8.38	  22.96
	 -0.015	  0.979	 -0.200
	 -1.000	 -0.017	 -0.009
	 -0.013	  0.199	  0.980

3 	  42.66	  -1.81	   2.00
	  0.686	  0.337	  0.645
	 -0.391	  0.918	 -0.064
	 -0.614	 -0.209	  0.761

4 	  36.54	   2.41	  -1.92
	  0.474	  0.510	 -0.717
	 -0.585	  0.792	  0.177
	  0.658	  0.335	  0.674

5 	  45.98	   5.75	  -3.01
	  0.834	  0.049	 -0.549
	  0.419	 -0.704	  0.574
	 -0.358	 -0.709	 -0.608

6 	  52.61	   5.64	 -10.95
	  0.834	 -0.180	 -0.521
	  0.306	  0.937	  0.166
	  0.458	 -0.298	  0.837

7 	  37.49	  -7.37	  -1.09
	  0.583	 -0.458	 -0.671
	  0.399	  0.881	 -0.255
	  0.708	 -0.119	  0.696

8 	  46.25	  -9.05	  -3.15
	  0.752	  0.036	 -0.658
	 -0.427	 -0.734	 -0.528
	 -0.502	  0.678	 -0.536

9 	  51.63	  -7.98	 -13.39
	  0.780	 -0.013	 -0.625
	 -0.093	  0.986	 -0.137
	  0.618	  0.165	  0.768

2 	  32.59	  -8.38	  22.96
	 -0.015	  0.980	 -0.200
	 -1.000	 -0.017	 -0.009
	 -0.013	  0.199	  0.980

3 	  42.59	  -1.83	   1.95
	  0.693	  0.337	  0.637
	 -0.394	  0.917	 -0.057
	 -0.604	 -0.212	  0.768

4 	  36.37	   2.41	  -1.88
	  0.462	  0.510	 -0.725
	 -0.590	  0.787	  0.178
	  0.662	  0.345	  0.665

5 	  45.79	   5.77	  -3.18
	  0.824	  0.052	 -0.564
	  0.432	 -0.701	  0.567
	 -0.366	 -0.711	 -0.601

6 	  52.22	   5.73	 -11.30
	  0.823	 -0.175	 -0.540
	  0.307	  0.937	  0.164
	  0.477	 -0.301	  0.825

7 	  37.41	  -7.31	  -1.09
	  0.576	 -0.453	 -0.680
	  0.391	  0.884	 -0.257
	  0.717	 -0.118	  0.687

8 	  46.05	  -9.00	  -3.34
	  0.738	  0.039	 -0.673
	 -0.438	 -0.731	 -0.523
	 -0.513	  0.681	 -0.523

9 	  51.28	  -7.82	 -13.75
	  0.765	 -0.010	 -0.643
	 -0.097	  0.986	 -0.131
	  0.636	  0.163	  0.754

2 	  32.59	  -8.38	  22.96
	 -0.015	  0.979	 -0.200
	 -1.000	 -0.017	 -0.009
	 -0.013	  0.200	  0.980

3 	  42.50	  -1.81	   1.86
	  0.699	  0.336	  0.630
	 -0.397	  0.916	 -0.049
	 -0.594	 -0.216	  0.774

4 	  36.28	   2.41	  -1.88
	  0.456	  0.510	 -0.729
	 -0.591	  0.786	  0.180
	  0.665	  0.349	  0.660

5 	  45.67	   5.75	  -3.34
	  0.816	  0.052	 -0.576
	  0.440	 -0.701	  0.561
	 -0.375	 -0.711	 -0.595

6 	  52.05	   5.66	 -11.53
	  0.814	 -0.177	 -0.552
	  0.313	  0.936	  0.162
	  0.488	 -0.305	  0.818

7 	  37.32	  -7.24	  -1.09
	  0.566	 -0.448	 -0.692
	  0.384	  0.886	 -0.259
	  0.729	 -0.120	  0.674

8 	  45.90	  -8.95	  -3.62
	  0.720	  0.042	 -0.693
	 -0.452	 -0.729	 -0.514
	 -0.526	  0.683	 -0.506

9 	  50.82	  -7.82	 -14.15
	  0.747	 -0.013	 -0.665
	 -0.099	  0.986	 -0.129
	  0.657	  0.162	  0.736

2 	  32.61	  -8.38	  22.96
	 -0.015	  0.979	 -0.200
	 -1.000	 -0.017	 -0.009
	 -0.013	  0.200	  0.980

3 	  42.47	  -1.79	   1.81
	  0.703	  0.335	  0.627
	 -0.399	  0.916	 -0.042
	 -0.589	 -0.221	  0.778

4 	  36.23	   2.39	  -1.88
	  0.451	  0.508	 -0.734
	 -0.591	  0.786	  0.181
	  0.669	  0.352	  0.655

5 	  45.56	   5.73	  -3.48
	  0.808	  0.049	 -0.586
	  0.447	 -0.700	  0.557
	 -0.383	 -0.712	 -0.588

6 	  51.82	   5.62	 -11.72
	  0.806	 -0.180	 -0.564
	  0.319	  0.934	  0.158
	  0.498	 -0.308	  0.811

7 	  37.21	  -7.22	  -1.12
	  0.555	 -0.444	 -0.703
	  0.379	  0.887	 -0.261
	  0.740	 -0.122	  0.661

8 	  45.69	  -8.91	  -3.85
	  0.701	  0.040	 -0.712
	 -0.467	 -0.728	 -0.502
	 -0.538	  0.684	 -0.492

9 	  50.31	  -7.80	 -14.50
	  0.727	 -0.016	 -0.687
	 -0.102	  0.986	 -0.131
	  0.679	  0.165	  0.715

2 	  32.59	  -8.38	  22.96
	 -0.015	  0.979	 -0.200
	 -1.000	 -0.017	 -0.009
	 -0.012	  0.200	  0.979

3 	  42.43	  -1.81	   1.78
	  0.705	  0.334	  0.625
	 -0.400	  0.916	 -0.038
	 -0.585	 -0.223	  0.780

4 	  36.16	   2.36	  -1.90
	  0.447	  0.505	 -0.738
	 -0.591	  0.786	  0.180
	  0.671	  0.355	  0.650

5 	  45.46	   5.70	  -3.66
	  0.800	  0.047	 -0.599
	  0.455	 -0.697	  0.553
	 -0.392	 -0.715	 -0.579

6 	  51.61	   5.45	 -12.02
	  0.794	 -0.187	 -0.578
	  0.329	  0.932	  0.151
	  0.510	 -0.311	  0.802

7 	  37.12	  -7.22	  -1.14
	  0.545	 -0.444	 -0.711
	  0.378	  0.887	 -0.264
	  0.748	 -0.125	  0.652

8 	  45.53	  -8.98	  -4.08
	  0.686	  0.036	 -0.727
	 -0.483	 -0.724	 -0.492
	 -0.544	  0.689	 -0.479

9 	  50.04	  -7.89	 -14.80
	  0.713	 -0.021	 -0.701
	 -0.100	  0.986	 -0.131
	  0.694	  0.163	  0.701

2 	  32.61	  -8.38	  22.96
	 -0.015	  0.979	 -0.200
	 -1.000	 -0.017	 -0.009
	 -0.013	  0.200	  0.980

3 	  42.43	  -1.81	   1.78
	  0.706	  0.334	  0.624
	 -0.401	  0.915	 -0.036
	 -0.584	 -0.224	  0.780

4 	  36.12	   2.30	  -1.92
	  0.444	  0.501	 -0.743
	 -0.590	  0.787	  0.178
	  0.674	  0.359	  0.645

5 	  45.40	   5.62	  -3.76
	  0.793	  0.044	 -0.607
	  0.461	 -0.695	  0.551
	 -0.398	 -0.717	 -0.572

6 	  51.50	   5.43	 -12.23
	  0.787	 -0.187	 -0.587
	  0.332	  0.932	  0.148
	  0.519	 -0.311	  0.796

7 	  37.11	  -7.21	  -1.16
	  0.538	 -0.444	 -0.716
	  0.376	  0.887	 -0.266
	  0.754	 -0.127	  0.645

8 	  45.44	  -9.02	  -4.22
	  0.676	  0.033	 -0.736
	 -0.494	 -0.720	 -0.487
	 -0.546	  0.693	 -0.471

9 	  49.78	  -7.96	 -15.08
	  0.700	 -0.025	 -0.713
	 -0.097	  0.987	 -0.130
	  0.707	  0.160	  0.688

2 	  32.59	  -8.38	  22.96
	 -0.015	  0.979	 -0.200
	 -1.000	 -0.017	 -0.009
	 -0.012	  0.199	  0.980

3 	  42.42	  -1.81	   1.76
	  0.707	  0.334	  0.623
	 -0.402	  0.915	 -0.035
	 -0.582	 -0.225	  0.781

4 	  36.05	   2.25	  -1.93
	  0.438	  0.500	 -0.747
	 -0.595	  0.784	  0.177
	  0.674	  0.367	  0.641

5 	  45.28	   5.62	  -3.90
	  0.786	  0.047	 -0.616
	  0.471	 -0.691	  0.548
	 -0.400	 -0.721	 -0.566

6 	  51.28	   5.34	 -12.52
	  0.776	 -0.187	 -0.601
	  0.338	  0.929	  0.147
	  0.531	 -0.318	  0.785

7 	  37.07	  -7.19	  -1.20
	  0.531	 -0.440	 -0.724
	  0.371	  0.889	 -0.267
	  0.761	 -0.127	  0.635

8 	  45.32	  -9.05	  -4.34
	  0.666	  0.031	 -0.746
	 -0.506	 -0.715	 -0.482
	 -0.548	  0.698	 -0.460

9 	  49.50	  -8.03	 -15.35
	  0.687	 -0.029	 -0.726
	 -0.093	  0.987	 -0.127
	  0.721	  0.154	  0.676

2 	  32.59	  -8.38	  22.96
	 -0.015	  0.979	 -0.200
	 -1.000	 -0.017	 -0.010
	 -0.013	  0.200	  0.980

3 	  42.40	  -1.81	   1.72
	  0.708	  0.335	  0.621
	 -0.404	  0.914	 -0.032
	 -0.579	 -0.229	  0.783

4 	  36.02	   2.23	  -1.93
	  0.432	  0.500	 -0.750
	 -0.598	  0.781	  0.177
	  0.675	  0.372	  0.637

5 	  45.23	   5.59	  -3.96
	  0.782	  0.047	 -0.621
	  0.475	 -0.690	  0.546
	 -0.403	 -0.722	 -0.562

6 	  51.15	   5.40	 -12.67
	  0.770	 -0.186	 -0.610
	  0.342	  0.928	  0.149
	  0.538	 -0.323	  0.778

7 	  36.95	  -7.10	  -1.23
	  0.515	 -0.424	 -0.745
	  0.357	  0.896	 -0.263
	  0.779	 -0.130	  0.613

8 	  45.05	  -9.05	  -4.75
	  0.637	  0.027	 -0.770
	 -0.533	 -0.706	 -0.466
	 -0.557	  0.708	 -0.435

9 	  48.74	  -8.03	 -16.01
	  0.653	 -0.036	 -0.756
	 -0.086	  0.989	 -0.121
	  0.752	  0.144	  0.643

2 	  32.59	  -8.38	  22.96
	 -0.015	  0.979	 -0.200
	 -1.000	 -0.017	 -0.009
	 -0.013	  0.200	  0.980

3 	  42.38	  -1.81	   1.71
	  0.710	  0.337	  0.619
	 -0.407	  0.912	 -0.030
	 -0.575	 -0.231	  0.785

4 	  36.02	   2.23	  -1.95
	  0.432	  0.500	 -0.750
	 -0.598	  0.781	  0.177
	  0.675	  0.372	  0.637

5 	  45.23	   5.59	  -3.99
	  0.781	  0.046	 -0.623
	  0.476	 -0.689	  0.546
	 -0.404	 -0.723	 -0.560

6 	  51.13	   5.36	 -12.67
	  0.770	 -0.187	 -0.610
	  0.343	  0.927	  0.149
	  0.537	 -0.324	  0.778

7 	  36.83	  -6.91	  -1.49
	  0.479	 -0.394	 -0.784
	  0.351	  0.905	 -0.239
	  0.804	 -0.161	  0.573

8 	  44.51	  -9.18	  -5.66
	  0.583	  0.018	 -0.812
	 -0.600	 -0.665	 -0.445
	 -0.548	  0.746	 -0.377

9 	  47.51	  -8.19	 -17.16
	  0.592	 -0.058	 -0.804
	 -0.043	  0.994	 -0.103
	  0.805	  0.095	  0.586

2 	  32.59	  -8.38	  22.96
	 -0.015	  0.979	 -0.200
	 -1.000	 -0.017	 -0.010
	 -0.013	  0.200	  0.980

3 	  42.38	  -1.81	   1.69
	  0.710	  0.335	  0.619
	 -0.407	  0.913	 -0.028
	 -0.575	 -0.232	  0.785

4 	  36.07	   2.21	  -1.97
	  0.436	  0.500	 -0.748
	 -0.599	  0.782	  0.174
	  0.672	  0.371	  0.641

5 	  45.25	   5.55	  -3.99
	  0.784	  0.044	 -0.619
	  0.474	 -0.686	  0.552
	 -0.400	 -0.726	 -0.559

6 	  51.29	   5.29	 -12.53
	  0.777	 -0.188	 -0.600
	  0.338	  0.930	  0.146
	  0.530	 -0.317	  0.786

7 	  36.67	  -6.63	  -1.71
	  0.409	 -0.326	 -0.852
	  0.348	  0.919	 -0.185
	  0.843	 -0.220	  0.490

8 	  43.68	  -9.19	  -6.70
	  0.495	  0.012	 -0.869
	 -0.680	 -0.616	 -0.397
	 -0.540	  0.787	 -0.297

9 	  45.28	  -8.12	 -18.62
	  0.479	 -0.070	 -0.875
	 -0.023	  0.995	 -0.092
	  0.877	  0.064	  0.476

2 	  32.59	  -8.38	  22.96
	 -0.015	  0.979	 -0.200
	 -1.000	 -0.017	 -0.009
	 -0.012	  0.200	  0.979

3 	  42.43	  -1.88	   1.69
	  0.705	  0.308	  0.638
	 -0.388	  0.921	 -0.016
	 -0.593	 -0.237	  0.769

4 	  36.21	   2.16	  -1.99
	  0.446	  0.504	 -0.740
	 -0.600	  0.782	  0.170
	  0.664	  0.367	  0.651

5 	  45.40	   5.54	  -3.88
	  0.793	  0.045	 -0.608
	  0.469	 -0.681	  0.562
	 -0.389	 -0.730	 -0.561

6 	  51.52	   5.34	 -12.29
	  0.790	 -0.183	 -0.585
	  0.325	  0.934	  0.146
	  0.520	 -0.306	  0.797

7 	  36.46	  -6.33	  -1.83
	  0.334	 -0.261	 -0.906
	  0.328	  0.933	 -0.148
	  0.883	 -0.248	  0.397

8 	  42.63	  -8.91	  -7.68
	  0.371	  0.021	 -0.928
	 -0.733	 -0.607	 -0.307
	 -0.570	  0.794	 -0.209

9 	  42.54	  -7.82	 -19.88
	  0.336	 -0.057	 -0.940
	 -0.096	  0.991	 -0.094
	  0.937	  0.121	  0.327

2 	  32.59	  -8.38	  22.96
	 -0.015	  0.979	 -0.200
	 -1.000	 -0.017	 -0.010
	 -0.013	  0.200	  0.980

3 	  42.45	  -1.79	   1.63
	  0.694	  0.275	  0.666
	 -0.354	  0.935	 -0.017
	 -0.627	 -0.224	  0.746

4 	  36.26	   2.29	  -1.95
	  0.453	  0.517	 -0.726
	 -0.603	  0.778	  0.177
	  0.656	  0.358	  0.664

5 	  45.51	   5.68	  -3.67
	  0.803	  0.051	 -0.594
	  0.462	 -0.683	  0.565
	 -0.377	 -0.728	 -0.572

6 	  51.77	   5.52	 -11.94
	  0.802	 -0.178	 -0.570
	  0.315	  0.937	  0.151
	  0.507	 -0.301	  0.807

7 	  36.11	  -5.94	  -1.88
	  0.257	 -0.213	 -0.943
	  0.323	  0.938	 -0.124
	  0.911	 -0.273	  0.310

8 	  41.48	  -8.67	  -8.30
	  0.255	  0.012	 -0.967
	 -0.769	 -0.604	 -0.211
	 -0.586	  0.797	 -0.145

9 	  40.03	  -7.77	 -20.48
	  0.209	 -0.047	 -0.977
	 -0.177	  0.980	 -0.084
	  0.962	  0.190	  0.197

2 	  32.59	  -8.38	  22.96
	 -0.015	  0.979	 -0.200
	 -1.000	 -0.017	 -0.009
	 -0.012	  0.199	  0.980

3 	  42.26	  -1.65	   1.60
	  0.685	  0.252	  0.683
	 -0.311	  0.950	 -0.039
	 -0.659	 -0.186	  0.729

4 	  36.21	   2.50	  -1.90
	  0.455	  0.530	 -0.715
	 -0.601	  0.776	  0.193
	  0.657	  0.341	  0.672

5 	  45.51	   5.82	  -3.52
	  0.809	  0.056	 -0.585
	  0.456	 -0.688	  0.564
	 -0.372	 -0.723	 -0.582

6 	  51.80	   5.68	 -11.76
	  0.807	 -0.173	 -0.564
	  0.309	  0.938	  0.153
	  0.502	 -0.298	  0.812

7 	  35.70	  -5.66	  -1.90
	  0.188	 -0.187	 -0.964
	  0.336	  0.935	 -0.116
	  0.922	 -0.302	  0.239

8 	  40.48	  -8.65	  -8.68
	  0.164	 -0.006	 -0.986
	 -0.794	 -0.594	 -0.129
	 -0.585	  0.804	 -0.103

9 	  38.00	  -8.00	 -20.69
	  0.111	 -0.057	 -0.992
	 -0.195	  0.978	 -0.078
	  0.974	  0.201	  0.097

2 	  32.59	  -8.38	  22.96
	 -0.015	  0.979	 -0.200
	 -1.000	 -0.017	 -0.009
	 -0.012	  0.199	  0.980

3 	  42.13	  -1.65	   1.55
	  0.686	  0.237	  0.688
	 -0.282	  0.958	 -0.050
	 -0.672	 -0.160	  0.724

4 	  36.11	   2.62	  -1.85
	  0.456	  0.533	 -0.712
	 -0.593	  0.779	  0.203
	  0.663	  0.330	  0.672

5 	  45.46	   5.91	  -3.41
	  0.811	  0.055	 -0.583
	  0.451	 -0.693	  0.562
	 -0.373	 -0.719	 -0.587

6 	  51.80	   5.73	 -11.76
	  0.808	 -0.173	 -0.563
	  0.307	  0.939	  0.153
	  0.502	 -0.297	  0.812

7 	  35.44	  -5.57	  -1.90
	  0.152	 -0.179	 -0.972
	  0.352	  0.928	 -0.116
	  0.923	 -0.325	  0.204

8 	  39.94	  -8.77	  -8.84
	  0.126	 -0.017	 -0.992
	 -0.809	 -0.580	 -0.093
	 -0.574	  0.814	 -0.087

9 	  37.21	  -8.17	 -20.71
	  0.078	 -0.067	 -0.995
	 -0.177	  0.981	 -0.080
	  0.981	  0.182	  0.064

2 	  32.59	  -8.38	  22.96
	 -0.015	  0.980	 -0.200
	 -1.000	 -0.017	 -0.010
	 -0.013	  0.199	  0.980

3 	  42.05	  -1.72	   1.55
	  0.686	  0.226	  0.691
	 -0.264	  0.963	 -0.053
	 -0.678	 -0.146	  0.721

4 	  36.07	   2.62	  -1.81
	  0.460	  0.528	 -0.714
	 -0.581	  0.787	  0.208
	  0.671	  0.319	  0.669

5 	  45.40	   5.85	  -3.43
	  0.809	  0.046	 -0.586
	  0.445	 -0.698	  0.561
	 -0.383	 -0.714	 -0.585

6 	  51.77	   5.61	 -11.65
	  0.808	 -0.182	 -0.561
	  0.313	  0.938	  0.147
	  0.499	 -0.294	  0.815

7 	  35.35	  -5.55	  -1.92
	  0.139	 -0.177	 -0.974
	  0.360	  0.925	 -0.116
	  0.922	 -0.335	  0.192

8 	  39.69	  -8.84	  -8.82
	  0.112	 -0.028	 -0.993
	 -0.817	 -0.572	 -0.076
	 -0.566	  0.819	 -0.087

9 	  36.83	  -8.33	 -20.67
	  0.059	 -0.080	 -0.995
	 -0.153	  0.984	 -0.088
	  0.986	  0.157	  0.046

2 	  32.61	  -8.40	  22.96
	 -0.015	  0.980	 -0.200
	 -1.000	 -0.017	 -0.009
	 -0.012	  0.199	  0.980

3 	  42.03	  -1.78	   1.55
	  0.687	  0.223	  0.692
	 -0.256	  0.965	 -0.056
	 -0.680	 -0.139	  0.719

4 	  36.05	   2.62	  -1.81
	  0.464	  0.525	 -0.714
	 -0.575	  0.791	  0.208
	  0.674	  0.313	  0.669

5 	  45.44	   5.73	  -3.43
	  0.809	  0.035	 -0.587
	  0.438	 -0.702	  0.562
	 -0.392	 -0.712	 -0.583

6 	  51.80	   5.41	 -11.65
	  0.806	 -0.194	 -0.558
	  0.321	  0.937	  0.138
	  0.496	 -0.291	  0.818

7 	  35.26	  -5.50	  -1.93
	  0.127	 -0.175	 -0.976
	  0.372	  0.921	 -0.116
	  0.919	 -0.349	  0.182

8 	  39.46	  -8.95	  -8.86
	  0.094	 -0.040	 -0.995
	 -0.824	 -0.563	 -0.055
	 -0.558	  0.825	 -0.086

9 	  36.44	  -8.54	 -20.65
	  0.041	 -0.092	 -0.995
	 -0.148	  0.984	 -0.097
	  0.988	  0.151	  0.027

2 	  32.59	  -8.38	  22.96
	 -0.015	  0.979	 -0.200
	 -1.000	 -0.017	 -0.009
	 -0.012	  0.199	  0.980

3 	  41.99	  -1.81	   1.55
	  0.687	  0.214	  0.694
	 -0.245	  0.968	 -0.057
	 -0.684	 -0.130	  0.717

4 	  36.05	   2.65	  -1.79
	  0.471	  0.523	 -0.710
	 -0.566	  0.797	  0.212
	  0.677	  0.302	  0.672

5 	  45.46	   5.70	  -3.38
	  0.812	  0.027	 -0.582
	  0.429	 -0.704	  0.565
	 -0.395	 -0.709	 -0.584

6 	  51.84	   5.34	 -11.53
