% Calibrated with leiden_pols
% Positions are in centimeters
Data =[
 2    97.515   -19.273    59.064
 2     0.595    -0.804     0.005
 2     0.803     0.594     0.030
 2    -0.026    -0.014     0.999
 3   121.535    -8.218     7.234
 3    -0.550    -0.004    -0.835
 3    -0.171    -0.978     0.117
 3    -0.818     0.207     0.537
 4   112.110    13.336     2.051
 4     0.753     0.493     0.437
 4    -0.172     0.787    -0.591
 4    -0.635     0.370     0.677
 5   112.382    16.727    36.823
 5    -0.190    -0.020     0.981
 5    -0.052     0.998     0.011
 5    -0.980    -0.048    -0.191
 6   130.079    24.830    47.352
 6     0.427    -0.676    -0.605
 6     0.063     0.686    -0.722
 6     0.902     0.268     0.334
 7   108.805   -23.218     0.759
 7    -0.302    -0.858     0.416
 7     0.833    -0.026     0.551
 7    -0.463     0.512     0.723
 8   115.621   -27.993    25.505
 8     0.301     0.340     0.891
 8    -0.200    -0.891     0.406
 8     0.932    -0.300    -0.199
 9   127.718   -32.347    48.247
 9     0.527     0.847     0.068
 9    -0.037    -0.060     0.998
 9     0.849    -0.528    -0.001
 2    97.513   -19.274    59.067
 2     0.595    -0.804     0.006
 2     0.803     0.594     0.030
 2    -0.027    -0.014     0.999
 3   121.536    -8.220     7.187
 3    -0.551    -0.005    -0.835
 3    -0.169    -0.979     0.118
 3    -0.818     0.206     0.538
 4   112.205    13.401     2.167
 4     0.746     0.510     0.428
 4    -0.173     0.769    -0.614
 4    -0.642     0.385     0.662
 5   112.358    17.193    36.767
 5    -0.148     0.024     0.989
 5    -0.054     0.998    -0.032
 5    -0.988    -0.057    -0.146
 6   130.536    24.923    47.035
 6     0.426    -0.609    -0.673
 6     0.061     0.758    -0.646
 6     0.902     0.233     0.359
 7   108.817   -23.187     0.718
 7    -0.303    -0.857     0.417
 7     0.835    -0.029     0.548
 7    -0.458     0.514     0.725
 8   115.659   -28.045    25.523
 8     0.306     0.336     0.891
 8    -0.203    -0.891     0.404
 8     0.930    -0.304    -0.203
 9   127.830   -32.375    48.181
 9     0.530     0.845     0.061
 9    -0.037    -0.052     0.998
 9     0.847    -0.531     0.004
 2    97.490   -19.273    59.064
 2     0.595    -0.804     0.005
 2     0.803     0.594     0.030
 2    -0.026    -0.014     0.999
 3   121.397    -8.213     7.113
 3    -0.555    -0.007    -0.832
 3    -0.171    -0.978     0.122
 3    -0.814     0.210     0.541
 4   111.967    13.315     2.040
 4     0.741     0.514     0.433
 4    -0.175     0.769    -0.614
 4    -0.648     0.379     0.660
 5   112.724    17.789    36.428
 5    -0.175     0.053     0.983
 5    -0.090     0.994    -0.069
 5    -0.980    -0.100    -0.169
 6   131.608    25.311    46.515
 6     0.445    -0.556    -0.705
 6     0.065     0.802    -0.590
 6     0.893     0.216     0.393
 7   108.873   -23.032     0.561
 7    -0.304    -0.858     0.416
 7     0.836    -0.031     0.546
 7    -0.456     0.513     0.727
 8   115.781   -28.051    25.449
 8     0.302     0.341     0.891
 8    -0.206    -0.889     0.409
 8     0.930    -0.306    -0.198
 9   127.878   -32.377    48.079
 9     0.529     0.846     0.056
 9    -0.039    -0.045     0.998
 9     0.847    -0.531     0.009
 2    97.515   -19.273    59.064
 2     0.595    -0.804     0.005
 2     0.803     0.594     0.030
 2    -0.026    -0.014     0.999
 3   121.558    -8.148     7.188
 3    -0.551    -0.016    -0.835
 3    -0.166    -0.978     0.128
 3    -0.818     0.209     0.536
 4   112.305    13.381     2.061
 4     0.735     0.526     0.429
 4    -0.182     0.761    -0.621
 4    -0.653     0.379     0.656
 5   113.541    18.498    36.241
 5    -0.198     0.050     0.979
 5    -0.110     0.991    -0.072
 5    -0.974    -0.121    -0.190
 6   132.896    26.203    45.706
 6     0.476    -0.536    -0.701
 6     0.082     0.817    -0.568
 6     0.875     0.212     0.432
 7   108.877   -23.006     0.558
 7    -0.302    -0.858     0.416
 7     0.837    -0.031     0.545
 7    -0.455     0.513     0.728
 8   115.749   -28.054    25.459
 8     0.304     0.338     0.891
 8    -0.209    -0.889     0.407
 8     0.929    -0.309    -0.199
 9   127.945   -32.481    48.059
 9     0.531     0.845     0.050
 9    -0.040    -0.036     0.999
 9     0.846    -0.533     0.014
 2    97.513   -19.274    59.067
 2     0.595    -0.804     0.006
 2     0.803     0.594     0.030
 2    -0.027    -0.014     0.999
 3   121.555    -8.224     7.184
 3    -0.550    -0.018    -0.835
 3    -0.167    -0.977     0.131
 3    -0.818     0.212     0.535
 4   112.271    13.322     2.084
 4     0.729     0.531     0.432
 4    -0.186     0.761    -0.621
 4    -0.658     0.373     0.653
 5   113.525    18.743    35.885
 5    -0.184     0.046     0.982
 5    -0.119     0.990    -0.068
 5    -0.976    -0.128    -0.176
 6   132.956    26.434    45.439
 6     0.475    -0.516    -0.715
 6     0.089     0.834    -0.541
 6     0.875     0.193     0.442
 7   108.826   -23.082     0.557
 7    -0.302    -0.857     0.418
 7     0.838    -0.029     0.544
 7    -0.455     0.514     0.727
 8   115.775   -28.054    25.408
 8     0.305     0.335     0.892
 8    -0.210    -0.889     0.405
 8     0.929    -0.310    -0.200
 9   128.038   -32.560    48.064
 9     0.532     0.845     0.046
 9    -0.041    -0.031     0.999
 9     0.845    -0.533     0.018
 2    97.515   -19.273    59.064
 2     0.595    -0.804     0.005
 2     0.803     0.594     0.030
 2    -0.026    -0.014     0.999
 3   121.554    -8.274     7.182
 3    -0.550    -0.018    -0.835
 3    -0.168    -0.977     0.132
 3    -0.818     0.213     0.534
 4   112.269    13.295     2.063
 4     0.729     0.531     0.434
 4    -0.186     0.761    -0.620
 4    -0.659     0.372     0.653
 5   112.849    18.912    35.588
 5    -0.157     0.025     0.987
 5    -0.129     0.991    -0.045
 5    -0.979    -0.133    -0.152
 6   132.022    27.168    45.447
 6     0.455    -0.527    -0.721
 6     0.111     0.834    -0.537
 6     0.883     0.164     0.438
 7   108.827   -23.081     0.554
 7    -0.304    -0.856     0.418
 7     0.837    -0.031     0.545
 7    -0.454     0.515     0.727
 8   115.861   -28.187    25.377
 8     0.307     0.334     0.892
 8    -0.215    -0.889     0.405
 8     0.927    -0.314    -0.200
 9   128.221   -32.666    47.896
 9     0.535     0.844     0.027
 9    -0.042    -0.009     0.999
 9     0.843    -0.536     0.030
 2    97.513   -19.273    59.067
 2     0.594    -0.805     0.006
 2     0.803     0.594     0.030
 2    -0.027    -0.014     0.999
 3   121.553    -8.223     7.180
 3    -0.550    -0.018    -0.835
 3    -0.169    -0.977     0.133
 3    -0.818     0.214     0.534
 4   112.130    13.271     1.908
 4     0.713     0.538     0.451
 4    -0.188     0.765    -0.615
 4    -0.676     0.354     0.646
 5   112.796    19.913    34.653
 5    -0.145     0.022     0.989
 5    -0.177     0.983    -0.047
 5    -0.974    -0.181    -0.138
 6   132.365    29.144    44.129
 6     0.470    -0.510    -0.723
 6     0.151     0.851    -0.500
 6     0.870     0.125     0.476
 7   108.791   -23.064     0.429
 7    -0.305    -0.852     0.426
 7     0.846    -0.037     0.531
 7    -0.438     0.522     0.732
 8   116.350   -28.698    25.271
 8     0.328     0.318     0.890
 8    -0.243    -0.882     0.403
 8     0.913    -0.348    -0.212
 9   129.398   -33.682    47.161
 9     0.555     0.831     0.009
 9    -0.060     0.026     0.998
 9     0.829    -0.555     0.064
 2    97.513   -19.223    59.067
 2     0.595    -0.804     0.006
 2     0.803     0.594     0.030
 2    -0.027    -0.014     0.999
 3   121.421    -8.274     7.172
 3    -0.549    -0.026    -0.836
 3    -0.171    -0.975     0.142
 3    -0.818     0.221     0.531
 4   112.143    13.183     1.778
 4     0.688     0.558     0.464
 4    -0.204     0.762    -0.614
 4    -0.696     0.328     0.638
 5   114.343    21.349    33.715
 5    -0.187     0.009     0.982
 5    -0.224     0.973    -0.051
 5    -0.956    -0.229    -0.180
 6   134.259    31.201    42.500
 6     0.504    -0.491    -0.713
 6     0.199     0.866    -0.454
 6     0.840     0.087     0.533
 7   108.765   -23.003     0.297
 7    -0.307    -0.850     0.429
 7     0.850    -0.042     0.524
 7    -0.428     0.525     0.735
 8   116.684   -28.993    25.239
 8     0.347     0.306     0.887
 8    -0.260    -0.878     0.402
 8     0.901    -0.369    -0.224
 9   129.992   -34.082    46.699
 9     0.573     0.819     0.009
 9    -0.070     0.035     0.997
 9     0.816    -0.572     0.078
 2    97.513   -19.274    59.067
 2     0.595    -0.804     0.006
 2     0.803     0.594     0.030
 2    -0.027    -0.014     0.999
 3   121.249    -8.397     7.015
 3    -0.554    -0.038    -0.832
 3    -0.174    -0.972     0.160
 3    -0.814     0.233     0.531
 4   112.133    12.982     1.553
 4     0.672     0.580     0.461
 4    -0.224     0.752    -0.619
 4    -0.705     0.313     0.635
 5   113.962    21.244    33.362
 5    -0.177     0.048     0.983
 5    -0.217     0.972    -0.085
 5    -0.960    -0.227    -0.161
 6   134.030    30.259    42.321
 6     0.502    -0.453    -0.739
 6     0.178     0.888    -0.421
 6     0.846     0.079     0.526
 7   108.362   -23.184     0.533
 7    -0.303    -0.851     0.430
 7     0.850    -0.038     0.524
 7    -0.430     0.523     0.735
 8   116.281   -28.843    25.424
 8     0.341     0.320     0.884
 8    -0.238    -0.881     0.409
 8     0.909    -0.349    -0.224
 9   129.402   -33.480    47.188
 9     0.563     0.826     0.002
 9    -0.053     0.031     0.998
 9     0.824    -0.562     0.061
 2    97.490   -19.273    59.115
 2     0.595    -0.804     0.005
 2     0.803     0.594     0.030
 2    -0.026    -0.014     0.999
 3   121.107    -8.291     6.789
 3    -0.564    -0.016    -0.826
 3    -0.191    -0.970     0.149
 3    -0.803     0.242     0.543
 4   111.611    12.685     1.239
 4     0.693     0.542     0.477
 4    -0.212     0.784    -0.583
 4    -0.689     0.302     0.658
 5   112.897    20.999    33.304
 5    -0.180     0.001     0.984
 5    -0.239     0.970    -0.044
 5    -0.954    -0.242    -0.175
 6   133.522    30.621    41.504
 6     0.550    -0.489    -0.680
 6     0.185     0.862    -0.468
 6     0.814     0.131     0.564
 7   108.774   -23.323     0.408
 7    -0.319    -0.849     0.422
 7     0.848    -0.058     0.525
 7    -0.422     0.525     0.739
 8   116.361   -28.734    25.427
 8     0.331     0.332     0.884
 8    -0.230    -0.880     0.416
 8     0.915    -0.340    -0.215
 9   129.240   -33.213    47.384
 9     0.549     0.836    -0.009
 9    -0.045     0.037     0.998
 9     0.834    -0.547     0.058
 2    97.490   -19.273    59.115
 2     0.595    -0.804     0.005
 2     0.803     0.594     0.030
 2    -0.026    -0.014     0.999
 3   121.162    -8.165     6.715
 3    -0.567    -0.019    -0.824
 3    -0.188    -0.970     0.151
 3    -0.802     0.240     0.546
 4   111.608    12.686     1.236
 4     0.694     0.541     0.477
 4    -0.210     0.783    -0.584
 4    -0.689     0.305     0.657
 5   113.195    20.736    33.641
 5    -0.188     0.007     0.982
 5    -0.225     0.973    -0.049
 5    -0.956    -0.230    -0.180
 6   133.646    30.041    41.875
 6     0.545    -0.489    -0.683
 6     0.172     0.861    -0.476
 6     0.820     0.142     0.553
 7   108.746   -23.165     0.265
 7    -0.316    -0.852     0.419
 7     0.853    -0.062     0.517
 7    -0.415     0.520     0.746
 8   116.351   -28.737    25.316
 8     0.334     0.329     0.884
 8    -0.233    -0.880     0.414
 8     0.913    -0.343    -0.218
 9   129.354   -33.293    47.223
 9     0.554     0.832    -0.008
 9    -0.047     0.037     0.998
 9     0.831    -0.553     0.059
 2    97.515   -19.273    59.064
 2     0.595    -0.804     0.005
 2     0.803     0.594     0.029
 2    -0.026    -0.014     0.999
 3   121.112    -8.116     6.666
 3    -0.568    -0.018    -0.824
 3    -0.187    -0.971     0.151
 3    -0.802     0.240     0.547
 4   111.537    12.667     1.220
 4     0.698     0.537     0.475
 4    -0.206     0.784    -0.584
 4    -0.686     0.310     0.657
 5   112.781    20.435    33.577
 5    -0.169     0.018     0.985
 5    -0.216     0.975    -0.054
 5    -0.962    -0.221    -0.160
 6   132.997    29.711    42.332
 6     0.518    -0.482    -0.708
 6     0.177     0.869    -0.460
 6     0.836     0.113     0.535
 7   108.760   -23.135     0.253
 7    -0.317    -0.853     0.415
 7     0.855    -0.067     0.513
 7    -0.410     0.517     0.751
 8   116.303   -28.791    25.309
 8     0.330     0.331     0.885
 8    -0.234    -0.879     0.415
 8     0.914    -0.343    -0.212
 9   129.253   -33.345    47.223
 9     0.553     0.833    -0.009
 9    -0.048     0.038     0.998
 9     0.831    -0.551     0.061
 2    97.515   -19.273    59.115
 2     0.595    -0.804     0.005
 2     0.803     0.594     0.030
 2    -0.026    -0.014     0.999
 3   121.068    -8.057     6.546
 3    -0.568    -0.011    -0.824
 3    -0.193    -0.970     0.145
 3    -0.800     0.241     0.548
 4   111.314    12.517     1.048
 4     0.699     0.525     0.487
 4    -0.200     0.796    -0.571
 4    -0.687     0.301     0.661
 5   112.355    20.921    33.274
 5    -0.173    -0.010     0.985
 5    -0.240     0.970    -0.032
 5    -0.955    -0.242    -0.170
 6   132.931    30.805    41.511
 6     0.546    -0.510    -0.667
 6     0.203     0.850    -0.483
 6     0.812     0.128     0.568
 7   108.859   -23.208     0.199
 7    -0.324    -0.852     0.411
 7     0.853    -0.075     0.516
 7    -0.409     0.517     0.751
 8   116.389   -28.785    25.292
 8     0.329     0.337     0.883
 8    -0.230    -0.878     0.419
 8     0.916    -0.339    -0.211
 9   129.310   -33.213    47.262
 9     0.552     0.834    -0.014
 9    -0.043     0.042     0.998
 9     0.833    -0.550     0.059
 2    97.490   -19.222    59.115
 2     0.595    -0.804     0.005
 2     0.803     0.594     0.030
 2    -0.026    -0.015     0.999
 3   121.067    -7.953     6.523
 3    -0.566    -0.002    -0.824
 3    -0.196    -0.971     0.137
 3    -0.801     0.239     0.549
 4   111.258    12.515     1.176
 4     0.698     0.528     0.486
 4    -0.199     0.793    -0.575
 4    -0.688     0.304     0.658
 5   112.760    20.673    33.581
 5    -0.174     0.001     0.985
 5    -0.215     0.976    -0.039
 5    -0.961    -0.218    -0.169
 6   133.458    30.174    41.745
 6     0.568    -0.532    -0.630
 6     0.170     0.823    -0.540
 6     0.805     0.200     0.558
 7   108.862   -23.133     0.126
 7    -0.321    -0.855     0.408
 7     0.854    -0.075     0.513
 7    -0.409     0.513     0.755
 8   116.361   -28.789    25.115
 8     0.328     0.341     0.882
 8    -0.232    -0.876     0.423
 8     0.916    -0.342    -0.208
 9   129.308   -33.162    47.185
 9     0.551     0.835    -0.020
 9    -0.042     0.047     0.998
 9     0.833    -0.548     0.061
 2    97.516   -19.222    59.064
 2     0.595    -0.805     0.005
 2     0.803     0.594     0.030
 2    -0.026    -0.015     0.999
 3   121.121    -7.932     6.483
 3    -0.568    -0.004    -0.824
 3    -0.190    -0.972     0.136
 3    -0.801     0.234     0.550
 4   111.362    12.697     1.263
 4     0.701     0.530     0.479
 4    -0.199     0.788    -0.581
 4    -0.685     0.311     0.658
 5   112.908    20.358    33.857
 5    -0.170     0.048     0.984
 5    -0.191     0.978    -0.080
 5    -0.967    -0.201    -0.157
 6   133.200    28.944    42.815
 6     0.519    -0.479    -0.711
 6     0.143     0.866    -0.477
 6     0.843     0.145     0.516
 7   108.930   -22.971     0.001
 7    -0.325    -0.853     0.408
 7     0.856    -0.083     0.509
 7    -0.401     0.515     0.758
 8   117.043   -29.408    24.833
 8     0.344     0.333     0.879
 8    -0.264    -0.864     0.429
 8     0.901    -0.378    -0.209
 9   130.448   -34.717    46.127
 9     0.564     0.826    -0.026
 9    -0.075     0.080     0.994
 9     0.822    -0.558     0.107
 2    97.513   -19.223    59.067
 2     0.595    -0.804     0.006
 2     0.803     0.594     0.030
 2    -0.027    -0.014     0.999
 3   121.019    -7.898     6.785
 3    -0.567    -0.015    -0.823
 3    -0.174    -0.975     0.138
 3    -0.805     0.221     0.550
 4   111.271    13.092     1.764
 4     0.662     0.572     0.486
 4    -0.214     0.764    -0.608
 4    -0.719     0.298     0.627
 5   116.431    21.275    33.723
 5    -0.255     0.088     0.963
 5    -0.205     0.968    -0.142
 5    -0.945    -0.233    -0.229
 6   138.041    29.025    40.830
 6     0.595    -0.397    -0.701
 6     0.139     0.907    -0.394
 6     0.791     0.137     0.595
 7   108.688   -22.713    -0.470
 7    -0.321    -0.851     0.417
 7     0.872    -0.094     0.480
 7    -0.369     0.517     0.772
 8   118.294   -30.849    24.205
 8     0.434     0.266     0.861
 8    -0.338    -0.838     0.427
 8     0.835    -0.476    -0.274
 9   133.552   -37.448    42.951
 9     0.646     0.764    -0.013
 9    -0.132     0.125     0.983
 9     0.752    -0.633     0.181
 2    97.490   -19.273    59.115
 2     0.595    -0.804     0.005
 2     0.803     0.594     0.030
 2    -0.026    -0.015     0.999
 3   120.935    -8.142     6.789
 3    -0.567    -0.034    -0.823
 3    -0.162    -0.975     0.152
 3    -0.808     0.220     0.547
 4   111.335    13.090     1.784
 4     0.627     0.612     0.484
 4    -0.234     0.738    -0.632
 4    -0.744     0.283     0.605
 5   119.980    21.933    32.783
 5    -0.414     0.113     0.903
 5    -0.252     0.939    -0.232
 5    -0.875    -0.323    -0.360
 6   142.403    28.477    37.746
 6     0.685    -0.328    -0.651
 6     0.119     0.931    -0.343
 6     0.718     0.158     0.677
 7   108.677   -22.436    -1.002
 7    -0.328    -0.848     0.417
 7     0.898    -0.142     0.415
 7    -0.293     0.510     0.808
 8   119.759   -32.143    23.146
 8     0.489     0.243     0.839
 8    -0.384    -0.803     0.454
 8     0.783    -0.544    -0.300
 9   136.075   -39.778    39.982
 9     0.696     0.718     0.002
 9    -0.182     0.171     0.968
 9     0.694    -0.675     0.250
 2    97.491   -19.273    59.064
 2     0.595    -0.804     0.005
 2     0.803     0.594     0.030
 2    -0.026    -0.015     0.999
 3   121.082    -8.234     6.823
 3    -0.557    -0.050    -0.829
 3    -0.157    -0.974     0.164
 3    -0.815     0.221     0.534
 4   111.436    12.998     1.712
 4     0.595     0.638     0.490
 4    -0.256     0.727    -0.636
 4    -0.761     0.253     0.596
 5   123.243    22.945    31.042
 5    -0.547     0.087     0.833
 5    -0.276     0.920    -0.277
 5    -0.790    -0.381    -0.479
 6   146.230    29.201    33.827
 6     0.768    -0.288    -0.572
 6     0.127     0.943    -0.305
 6     0.627     0.162     0.761
 7   108.778   -22.043    -1.431
 7    -0.339    -0.840     0.423
 7     0.912    -0.185     0.364
 7    -0.228     0.509     0.829
 8   121.446   -33.487    21.730
 8     0.560     0.181     0.808
 8    -0.447    -0.756     0.478
 8     0.697    -0.629    -0.343
 9   139.409   -42.061    35.368
 9     0.774     0.633     0.031
 9    -0.232     0.234     0.944
 9     0.589    -0.738     0.328
 2    97.513   -19.274    59.067
 2     0.595    -0.804     0.006
 2     0.803     0.594     0.030
 2    -0.027    -0.014     0.999
 3   121.063    -8.221     6.850
 3    -0.552    -0.059    -0.832
 3    -0.153    -0.974     0.170
 3    -0.820     0.221     0.527
 4   111.176    12.890     1.614
 4     0.552     0.664     0.505
 4    -0.281     0.718    -0.637
 4    -0.785     0.209     0.582
 5   126.172    23.631    28.955
 5    -0.649     0.057     0.759
 5    -0.293     0.902    -0.317
 5    -0.702    -0.428    -0.568
 6   149.469    29.535    29.032
 6     0.844    -0.250    -0.475
 6     0.128     0.953    -0.273
 6     0.520     0.169     0.837
 7   108.718   -21.686    -1.857
 7    -0.357    -0.828     0.434
 7     0.918    -0.223     0.328
 7    -0.175     0.515     0.839
 8   123.204   -34.493    20.157
 8     0.639     0.098     0.763
 8    -0.491    -0.712     0.501
 8     0.592    -0.695    -0.408
 9   142.716   -43.383    30.140
 9     0.851     0.520     0.070
 9    -0.256     0.294     0.920
 9     0.457    -0.802     0.384
 2    97.515   -19.273    59.064
 2     0.595    -0.804     0.006
 2     0.803     0.594     0.029
 2    -0.026    -0.014     0.999
 3   121.096    -8.229     6.817
 3    -0.547    -0.064    -0.835
 3    -0.152    -0.973     0.174
 3    -0.824     0.222     0.521
 4   111.033    12.674     1.491
 4     0.521     0.681     0.517
 4    -0.297     0.711    -0.637
 4    -0.800     0.178     0.572
 5   128.693    23.976    26.605
 5    -0.725     0.017     0.688
 5    -0.306     0.888    -0.344
 5    -0.616    -0.460    -0.639
 6   151.774    29.438    24.217
 6     0.904    -0.208    -0.373
 6     0.122     0.963    -0.240
 6     0.409     0.171     0.896
 7   108.680   -21.530    -2.063
 7    -0.368    -0.820     0.440
 7     0.918    -0.246     0.309
 7    -0.146     0.517     0.843
 8   124.438   -34.890    19.094
 8     0.691     0.042     0.722
 8    -0.506    -0.686     0.523
 8     0.516    -0.727    -0.453
 9   144.646   -43.497    26.701
 9     0.896     0.435     0.090
 9    -0.253     0.331     0.909
 9     0.365    -0.838     0.407
 2    97.490   -19.273    59.115
 2     0.595    -0.804     0.005
 2     0.803     0.594     0.030
 2    -0.026    -0.015     0.999
 3   121.137    -8.232     6.773
 3    -0.543    -0.068    -0.837
 3    -0.152    -0.972     0.177
 3    -0.826     0.223     0.517
 4   110.929    12.416     1.295
 4     0.496     0.693     0.524
 4    -0.313     0.705    -0.636
 4    -0.810     0.151     0.566
 5   130.136    24.439    24.702
 5    -0.772    -0.008     0.635
 5    -0.318     0.871    -0.375
 5    -0.550    -0.492    -0.675
 6   153.084    29.340    20.344
 6     0.939    -0.173    -0.297
 6     0.114     0.972    -0.207
 6     0.324     0.160     0.932
 7   108.657   -21.465    -2.205
 7    -0.377    -0.813     0.445
 7     0.917    -0.259     0.303
 7    -0.132     0.521     0.843
 8   125.049   -35.433    18.110
 8     0.731    -0.019     0.682
 8    -0.532    -0.643     0.551
 8     0.428    -0.766    -0.480
 9   145.889   -43.812    23.432
 9     0.928     0.356     0.105
 9    -0.246     0.377     0.893
 9     0.278    -0.855     0.438
 2    97.490   -19.273    59.115
 2     0.595    -0.804     0.005
 2     0.803     0.594     0.030
 2    -0.026    -0.015     0.999
 3   121.154    -8.263     6.785
 3    -0.541    -0.072    -0.839
 3    -0.150    -0.972     0.181
 3    -0.828     0.223     0.514
 4   110.591    12.181     1.091
 4     0.466     0.698     0.544
 4    -0.333     0.707    -0.623
 4    -0.820     0.109     0.561
 5   131.051    24.815    22.974
 5    -0.804    -0.034     0.593
 5    -0.328     0.858    -0.395
 5    -0.495    -0.513    -0.701
 6   153.596    29.492    17.310
 6     0.958    -0.156    -0.239
 6     0.114     0.977    -0.180
 6     0.261     0.145     0.954
 7   108.527   -21.254    -2.482
 7    -0.385    -0.799     0.463
 7     0.918    -0.277     0.283
 7    -0.098     0.533     0.839
 8   125.589   -35.772    16.810
 8     0.765    -0.074     0.640
 8    -0.548    -0.596     0.586
 8     0.338    -0.799    -0.497
 9   147.017   -43.820    19.186
 9     0.960     0.245     0.134
 9    -0.231     0.424     0.875
 9     0.157    -0.872     0.464
 2    97.515   -19.273    59.115
 2     0.595    -0.804     0.005
 2     0.803     0.594     0.030
 2    -0.026    -0.015     0.999
 3   121.030    -8.234     6.696
 3    -0.541    -0.071    -0.838
 3    -0.154    -0.971     0.181
 3    -0.827     0.226     0.514
 4   110.205    11.998     1.009
 4     0.438     0.703     0.561
 4    -0.340     0.706    -0.620
 4    -0.832     0.080     0.547
 5   131.540    25.106    21.607
 5    -0.825    -0.060     0.562
 5    -0.336     0.851    -0.402
 5    -0.454    -0.521    -0.723
 6   153.795    29.545    14.762
 6     0.973    -0.139    -0.185
 6     0.109     0.980    -0.164
 6     0.203     0.139     0.969
 7   108.329   -21.012    -2.523
 7    -0.391    -0.791     0.472
 7     0.917    -0.288     0.277
 7    -0.084     0.540     0.837
 8   125.769   -35.738    16.276
 8     0.781    -0.093     0.617
 8    -0.544    -0.586     0.600
 8     0.306    -0.805    -0.509
 9   147.546   -43.160    17.701
 9     0.971     0.198     0.131
 9    -0.209     0.443     0.872
 9     0.115    -0.874     0.472
 2    97.515   -19.323    59.115
 2     0.595    -0.804     0.005
 2     0.803     0.594     0.029
 2    -0.026    -0.014     0.999
 3   120.984    -8.178     6.579
 3    -0.543    -0.068    -0.837
 3    -0.157    -0.971     0.181
 3    -0.825     0.230     0.517
 4   109.974    11.893     0.867
 4     0.412     0.708     0.574
 4    -0.348     0.704    -0.619
 4    -0.842     0.055     0.536
 5   131.900    25.232    20.538
 5    -0.838    -0.077     0.540
 5    -0.342     0.846    -0.409
 5    -0.425    -0.528    -0.735
 6   153.929    29.572    13.248
 6     0.978    -0.135    -0.156
 6     0.110     0.981    -0.157
 6     0.173     0.136     0.975
 7   108.194   -20.917    -2.704
 7    -0.396    -0.784     0.479
 7     0.916    -0.300     0.266
 7    -0.065     0.543     0.836
 8   126.770   -36.059    14.701
 8     0.809    -0.087     0.581
 8    -0.522    -0.560     0.643
 8     0.270    -0.824    -0.498
 9   148.608   -42.869    13.594
 9     0.983     0.117     0.143
 9    -0.183     0.504     0.844
 9     0.026    -0.856     0.517
 2    97.490   -19.273    59.115
 2     0.595    -0.804     0.005
 2     0.803     0.594     0.030
 2    -0.026    -0.015     0.999
 3   121.061    -8.132     6.464
 3    -0.534    -0.069    -0.843
 3    -0.161    -0.970     0.181
 3    -0.830     0.232     0.506
 4   110.312    11.903     0.399
 4     0.415     0.719     0.557
 4    -0.365     0.692    -0.622
 4    -0.833     0.054     0.550
 5   132.784    25.389    18.819
 5    -0.857    -0.094     0.506
 5    -0.344     0.836    -0.427
 5    -0.383    -0.541    -0.749
 6   154.446    29.049     9.636
 6     0.991    -0.106    -0.083
 6     0.095     0.987    -0.132
 6     0.096     0.122     0.988
 7   108.423   -20.316    -3.480
 7    -0.417    -0.763     0.495
 7     0.908    -0.354     0.221
 7     0.006     0.542     0.840
 8   127.754   -36.786    11.178
 8     0.836    -0.113     0.536
 8    -0.525    -0.446     0.725
 8     0.157    -0.888    -0.432
 9   149.393   -42.543     6.973
 9     0.981     0.012     0.191
 9    -0.161     0.593     0.789
 9    -0.104    -0.805     0.584
 2    97.490   -19.273    59.064
 2     0.595    -0.804     0.006
 2     0.803     0.594     0.029
 2    -0.026    -0.014     0.999
 3   121.101    -8.017     6.496
 3    -0.530    -0.074    -0.845
 3    -0.154    -0.971     0.181
 3    -0.834     0.226     0.502
 4   110.134    11.881     0.310
 4     0.396     0.725     0.565
 4    -0.372     0.688    -0.623
 4    -0.840     0.036     0.541
 5   133.369    25.841    17.021
 5    -0.875    -0.131     0.467
 5    -0.358     0.824    -0.439
 5    -0.327    -0.551    -0.767
 6   154.111    29.012     5.856
 6     0.997    -0.077     0.012
 6     0.077     0.991    -0.111
 6    -0.004     0.112     0.994
 7   108.399   -19.809    -3.980
 7    -0.435    -0.735     0.521
 7     0.898    -0.390     0.199
 7     0.056     0.555     0.829
 8   128.440   -36.572     8.640
 8     0.859    -0.129     0.495
 8    -0.506    -0.355     0.786
 8     0.075    -0.926    -0.370
 9   149.932   -41.143     2.087
 9     0.973    -0.080     0.218
 9    -0.117     0.644     0.756
 9    -0.200    -0.761     0.617
 2    97.515   -19.273    59.064
 2     0.595    -0.804     0.005
 2     0.803     0.594     0.029
 2    -0.026    -0.014     0.999
 3   121.011    -7.685     6.398
 3    -0.531    -0.066    -0.845
 3    -0.152    -0.974     0.171
 3    -0.833     0.219     0.506
 4   109.619    11.759     0.259
 4     0.373     0.719     0.586
 4    -0.378     0.694    -0.612
 4    -0.847     0.006     0.530
 5   133.369    26.358    15.501
 5    -0.881    -0.164     0.443
 5    -0.376     0.812    -0.447
 5    -0.286    -0.561    -0.777
 6   153.456    29.175     2.840
 6     0.995    -0.059     0.084
 6     0.067     0.993    -0.091
 6    -0.078     0.097     0.992
 7   108.497   -19.554    -4.230
 7    -0.451    -0.717     0.532
 7     0.889    -0.415     0.194
 7     0.081     0.560     0.824
 8   128.830   -36.359     7.194
 8     0.871    -0.151     0.468
 8    -0.491    -0.305     0.816
 8     0.020    -0.940    -0.339
 9   150.183   -39.788    -0.885
 9     0.964    -0.135     0.229
 9    -0.077     0.683     0.726
 9    -0.254    -0.718     0.648
 2    97.515   -19.273    59.064
 2     0.595    -0.804     0.006
 2     0.803     0.594     0.029
 2    -0.026    -0.014     0.999
 3   120.956    -7.558     6.330
 3    -0.528    -0.058    -0.847
 3    -0.154    -0.975     0.162
 3    -0.835     0.216     0.506
 4   109.307    11.493     0.083
 4     0.353     0.717     0.601
 4    -0.395     0.696    -0.599
 4    -0.848    -0.027     0.528
 5   133.424    26.605    13.835
 5    -0.878    -0.189     0.440
 5    -0.400     0.794    -0.456
 5    -0.264    -0.577    -0.773
 6   153.058    29.083     0.437
 6     0.990    -0.053     0.130
 6     0.063     0.995    -0.072
 6    -0.126     0.080     0.989
 7   108.381   -19.297    -4.543
 7    -0.459    -0.699     0.549
 7     0.881    -0.434     0.183
 7     0.110     0.567     0.815
 8   129.054   -36.126     5.586
 8     0.880    -0.178     0.440
 8    -0.472    -0.248     0.846
 8    -0.041    -0.952    -0.302
 9   150.266   -38.408    -3.548
 9     0.951    -0.189     0.246
 9    -0.042     0.707     0.705
 9    -0.307    -0.681     0.665
 2    97.515   -19.273    59.064
 2     0.595    -0.804     0.006
 2     0.803     0.594     0.029
 2    -0.026    -0.014     0.999
 3   120.836    -7.431     6.209
 3    -0.529    -0.050    -0.847
 3    -0.153    -0.976     0.153
 3    -0.835     0.211     0.508
 4   108.874    11.368     0.035
 4     0.326     0.718     0.616
 4    -0.406     0.694    -0.594
 4    -0.854    -0.056     0.517
 5   133.459    26.884    12.368
 5    -0.881    -0.213     0.422
 5    -0.413     0.781    -0.469
 5    -0.230    -0.587    -0.776
 6   152.456    28.795    -2.326
 6     0.981    -0.034     0.191
 6     0.045     0.997    -0.054
 6    -0.189     0.063     0.980
 7   108.399   -19.080    -4.778
 7    -0.472    -0.687     0.553
 7     0.873    -0.450     0.185
 7     0.121     0.570     0.812
 8   129.456   -35.569     4.715
 8     0.888    -0.205     0.411
 8    -0.451    -0.225     0.863
 8    -0.084    -0.953    -0.292
 9   150.485   -36.902    -5.194
 9     0.943    -0.228     0.245
 9    -0.005     0.722     0.691
 9    -0.333    -0.653     0.680
 2    97.515   -19.323    59.064
 2     0.595    -0.804     0.006
 2     0.803     0.594     0.029
 2    -0.026    -0.014     0.999
 3   120.792    -7.249     6.152
 3    -0.529    -0.043    -0.847
 3    -0.155    -0.977     0.147
 3    -0.834     0.209     0.510
 4   108.609    11.280    -0.144
 4     0.305     0.714     0.630
 4    -0.419     0.694    -0.585
 4    -0.855    -0.085     0.510
 5   132.710    26.839    10.807
 5    -0.793    -0.223     0.567
 5    -0.516     0.741    -0.430
 5    -0.324    -0.633    -0.702
 6   151.471    28.425    -5.022
 6     0.966    -0.013     0.257
 6     0.024     0.999    -0.036
 6    -0.256     0.042     0.965
 7   108.315   -19.018    -4.909
 7    -0.483    -0.677     0.557
 7     0.865    -0.464     0.187
 7     0.131     0.571     0.809
 8   129.487   -35.472     3.884
 8     0.890    -0.227     0.395
 8    -0.438    -0.192     0.878
 8    -0.123    -0.955    -0.270
 9   150.304   -35.863    -7.044
 9     0.929    -0.266     0.256
 9     0.027     0.740     0.670
 9    -0.368    -0.617     0.696
 2    97.490   -19.323    59.064
 2     0.595    -0.804     0.006
 2     0.803     0.594     0.029
 2    -0.026    -0.014     0.999
 3   120.672    -7.291     6.031
 3    -0.531    -0.036    -0.847
 3    -0.161    -0.977     0.142
 3    -0.832     0.212     0.513
 4   108.176    10.923    -0.196
 4     0.299     0.703     0.645
 4    -0.422     0.703    -0.572
 4    -0.856    -0.102     0.507
 5   131.857    27.292    10.843
 5    -0.749    -0.301     0.591
 5    -0.584     0.719    -0.375
 5    -0.312    -0.626    -0.714
 6   150.064    28.160    -6.396
 6     0.940     0.014     0.341
 6     0.001     0.999    -0.039
 6    -0.341     0.039     0.939
 7   108.270   -19.000    -5.032
 7    -0.493    -0.662     0.566
 7     0.858    -0.479     0.186
 7     0.147     0.576     0.803
 8   129.537   -35.369     3.124
 8     0.892    -0.241     0.382
 8    -0.425    -0.163     0.890
 8    -0.152    -0.957    -0.247
 9   150.136   -35.220    -8.370
 9     0.919    -0.291     0.265
 9     0.050     0.753     0.655
 9    -0.389    -0.590     0.707
 2    97.515   -19.273    59.064
 2     0.595    -0.804     0.006
 2     0.803     0.594     0.029
 2    -0.026    -0.014     0.999
 3   120.583    -7.283     5.936
 3    -0.534    -0.028    -0.846
 3    -0.165    -0.977     0.136
 3    -0.829     0.212     0.516
 4   108.012    10.868    -0.225
 4     0.291     0.699     0.653
 4    -0.425     0.706    -0.567
 4    -0.857    -0.113     0.502
 5   132.535    27.399     9.546
 5    -0.846    -0.302     0.440
 5    -0.494     0.754    -0.433
 5    -0.201    -0.583    -0.786
 6   149.799    28.523    -7.249
 6     0.942    -0.001     0.336
 6     0.011     1.000    -0.023
 6    -0.336     0.027     0.941
 7   108.239   -18.816    -5.105
 7    -0.493    -0.660     0.568
 7     0.856    -0.483     0.181
 7     0.155     0.575     0.802
 8   129.450   -35.239     2.382
 8     0.890    -0.255     0.379
 8    -0.421    -0.136     0.897
 8    -0.177    -0.958    -0.227
 9   149.949   -34.705    -9.542
 9     0.910    -0.309     0.277
 9     0.063     0.763     0.642
 9    -0.409    -0.568     0.715
 2    97.515   -19.323    59.064
 2     0.595    -0.804     0.006
 2     0.803     0.594     0.029
 2    -0.026    -0.014     0.999
 3   120.623    -7.241     5.856
 3    -0.531    -0.034    -0.847
 3    -0.160    -0.977     0.140
 3    -0.832     0.210     0.513
 4   108.070    10.810    -0.306
 4     0.282     0.703     0.653
 4    -0.430     0.701    -0.569
 4    -0.858    -0.120     0.499
 5   133.310    27.484     8.760
 5    -0.900    -0.290     0.326
 5    -0.423     0.761    -0.491
 5    -0.106    -0.580    -0.808
 6   149.705    27.999    -8.241
 6     0.937     0.011     0.350
 6    -0.005     1.000    -0.013
 6    -0.350     0.012     0.936
 7   108.250   -18.760    -5.221
 7    -0.493    -0.657     0.571
 7     0.855    -0.487     0.178
 7     0.160     0.575     0.801
 8   129.411   -35.084     1.846
 8     0.887    -0.271     0.374
 8    -0.414    -0.111     0.903
 8    -0.203    -0.956    -0.210
 9   149.588   -34.266   -10.692
 9     0.900    -0.325     0.291
 9     0.076     0.774     0.627
 9    -0.428    -0.543     0.722
 2    97.515   -19.323    59.115
 2     0.595    -0.805     0.005
 2     0.803     0.594     0.029
 2    -0.026    -0.014     0.999
 3   120.621    -7.244     5.864
 3    -0.530    -0.037    -0.847
 3    -0.158    -0.977     0.142
 3    -0.833     0.209     0.512
 4   108.086    10.731    -0.321
 4     0.274     0.706     0.653
 4    -0.436     0.696    -0.570
 4    -0.857    -0.129     0.498
 5   133.377    27.530     8.050
 5    -0.903    -0.306     0.301
 5    -0.423     0.745    -0.515
 5    -0.067    -0.592    -0.803
 6   149.556    27.368    -9.470
 6     0.929     0.023     0.369
 6    -0.024     1.000     0.004
 6    -0.368    -0.011     0.929
 7   108.174   -18.621    -5.332
 7    -0.499    -0.649     0.576
 7     0.849    -0.497     0.175
 7     0.172     0.576     0.799
 8   129.396   -34.928     1.203
 8     0.885    -0.285     0.367
 8    -0.404    -0.084     0.910
 8    -0.228    -0.955    -0.189
 9   149.288   -33.523   -12.117
 9     0.888    -0.347     0.304
 9     0.098     0.786     0.609
 9    -0.450    -0.512     0.732
 2    97.490   -19.273    59.064
 2     0.595    -0.804     0.005
 2     0.803     0.594     0.029
 2    -0.026    -0.014     0.999
 3   120.570    -7.245     5.863
 3    -0.530    -0.038    -0.847
 3    -0.158    -0.977     0.142
 3    -0.833     0.209     0.511
 4   107.851    10.669    -0.386
 4     0.265     0.703     0.660
 4    -0.431     0.698    -0.571
 4    -0.862    -0.133     0.488
 5   133.282    27.593     7.128
 5    -0.893    -0.327     0.311
 5    -0.446     0.735    -0.510
 5    -0.062    -0.594    -0.802
 6   149.164    27.168   -10.520
 6     0.921     0.027     0.390
 6    -0.032     0.999     0.013
 6    -0.389    -0.022     0.921
 7   108.161   -18.564    -5.400
 7    -0.502    -0.644     0.578
 7     0.846    -0.503     0.174
 7     0.178     0.576     0.797
 8   129.381   -34.772     0.695
 8     0.883    -0.303     0.358
 8    -0.393    -0.064     0.917
 8    -0.255    -0.951    -0.175
 9   149.099   -32.597   -13.121
 9     0.875    -0.373     0.311
 9     0.124     0.790     0.598
 9    -0.468    -0.486     0.738
 2    97.490   -19.273    59.064
 2     0.595    -0.804     0.005
 2     0.803     0.594     0.029
 2    -0.026    -0.014     0.999
 3   120.505    -7.138     5.830
 3    -0.533    -0.031    -0.846
 3    -0.159    -0.978     0.136
 3    -0.831     0.207     0.516
 4   107.694    10.491    -0.452
 4     0.253     0.703     0.665
 4    -0.447     0.694    -0.564
 4    -0.858    -0.154     0.489
 5   133.031    27.379     6.095
 5    -0.875    -0.353     0.332
 5    -0.480     0.714    -0.510
 5    -0.057    -0.605    -0.794
 6   148.457    27.215   -12.022
 6     0.906     0.013     0.424
 6    -0.022     1.000     0.020
 6    -0.423    -0.026     0.905
 7   108.071   -18.480    -5.467
 7    -0.510    -0.637     0.579
 7     0.840    -0.512     0.176
 7     0.184     0.576     0.796
 8   129.307   -34.493    -0.025
 8     0.879    -0.328     0.347
 8    -0.381    -0.045     0.923
 8    -0.287    -0.944    -0.164
 9   148.708   -32.085   -14.390
 9     0.862    -0.387     0.329
 9     0.134     0.798     0.586
 9    -0.489    -0.462     0.740
 2    97.490   -19.273    59.064
 2     0.595    -0.804     0.005
 2     0.803     0.594     0.029
 2    -0.026    -0.014     0.999
 3   120.506    -7.113     5.780
 3    -0.533    -0.031    -0.846
 3    -0.159    -0.978     0.135
 3    -0.831     0.206     0.516
 4   107.637    10.258    -0.608
 4     0.234     0.708     0.666
 4    -0.463     0.683    -0.564
 4    -0.855    -0.177     0.488
 5   133.236    27.372     4.488
 5    -0.884    -0.362     0.295
 5    -0.467     0.702    -0.538
 5    -0.013    -0.613    -0.790
 6   148.154    26.588   -14.035
 6     0.896     0.006     0.443
 6    -0.030     0.998     0.052
 6    -0.442    -0.059     0.895
 7   108.046   -18.242    -5.549
 7    -0.511    -0.632     0.583
 7     0.837    -0.519     0.170
 7     0.195     0.575     0.794
 8   129.122   -34.389    -0.802
 8     0.873    -0.340     0.349
 8    -0.376    -0.015     0.926
 8    -0.309    -0.940    -0.141
 9   148.244   -31.622   -15.568
 9     0.850    -0.397     0.350
 9     0.145     0.809     0.567
 9    -0.507    -0.432     0.745
 2    97.490   -19.273    59.064
 2     0.595    -0.804     0.005
 2     0.803     0.594     0.029
 2    -0.026    -0.014     0.999
 3   120.449    -7.116     5.790
 3    -0.531    -0.030    -0.847
 3    -0.159    -0.978     0.133
 3    -0.833     0.205     0.514
 4   107.467    10.039    -0.808
 4     0.226     0.708     0.668
 4    -0.483     0.677    -0.555
 4    -0.846    -0.197     0.495
 5   133.281    27.394     2.950
 5    -0.891    -0.376     0.255
 5    -0.452     0.682    -0.574
 5     0.041    -0.627    -0.778
 6   147.565    25.851   -15.980
 6     0.884     0.005     0.468
 6    -0.044     0.996     0.078
 6    -0.466    -0.088     0.880
 7   108.043   -18.183    -5.524
 7    -0.510    -0.629     0.588
 7     0.835    -0.524     0.164
 7     0.204     0.575     0.792
 8   129.033   -34.403    -1.217
 8     0.870    -0.349     0.348
