2 	  32.73	  -7.12	  22.71
	 -0.256	  0.966	 -0.033
	 -0.967	 -0.255	  0.011
	  0.003	  0.033	  0.999

3 	  45.83	  -2.02	   2.06
	  0.353	  0.218	  0.909
	 -0.020	  0.974	 -0.226
	 -0.935	  0.061	  0.348

4 	  43.07	   5.01	  -1.53
	  0.664	  0.683	  0.305
	 -0.746	  0.573	  0.339
	  0.057	 -0.453	  0.890

5 	  41.75	   6.86	   9.28
	  0.207	  0.143	  0.968
	 -0.549	 -0.802	  0.234
	  0.811	 -0.578	 -0.086

6 	  43.88	   9.60	  17.88
	  0.183	  0.155	  0.970
	 -0.981	  0.095	  0.170
	 -0.067	 -0.984	  0.167

7 	  41.15	  -8.09	  -1.85
	  0.131	 -0.964	  0.230
	  0.927	  0.036	 -0.373
	  0.352	  0.262	  0.899

8 	  41.06	  -9.69	   9.46
	  0.414	 -0.024	  0.910
	  0.433	 -0.874	 -0.219
	  0.802	  0.483	 -0.350

9 	  44.26	 -11.62	  17.86
	  0.278	 -0.075	  0.957
	  0.960	  0.002	 -0.278
	  0.017	  0.997	  0.072

2 	  32.71	  -7.12	  22.73
	 -0.256	  0.966	 -0.033
	 -0.967	 -0.255	  0.010
	  0.002	  0.033	  0.999

3 	  45.86	  -2.02	   2.00
	  0.354	  0.217	  0.909
	 -0.022	  0.974	 -0.225
	 -0.935	  0.060	  0.350

4 	  43.10	   4.99	  -1.56
	  0.664	  0.684	  0.302
	 -0.746	  0.573	  0.340
	  0.059	 -0.451	  0.890

5 	  41.75	   6.86	   9.25
	  0.207	  0.142	  0.968
	 -0.549	 -0.803	  0.233
	  0.812	 -0.578	 -0.087

6 	  43.88	   9.60	  17.84
	  0.182	  0.154	  0.971
	 -0.981	  0.098	  0.167
	 -0.071	 -0.983	  0.167

7 	  41.19	  -8.07	  -1.86
	  0.133	 -0.964	  0.229
	  0.927	  0.039	 -0.372
	  0.350	  0.261	  0.899

8 	  41.10	  -9.69	   9.44
	  0.411	 -0.024	  0.911
	  0.437	 -0.873	 -0.218
	  0.802	  0.486	 -0.348

9 	  44.28	 -11.62	  17.86
	  0.276	 -0.074	  0.958
	  0.961	  0.004	 -0.276
	  0.015	  0.997	  0.071

2 	  32.71	  -7.12	  22.73
	 -0.256	  0.966	 -0.033
	 -0.967	 -0.255	  0.010
	  0.003	  0.033	  0.999

3 	  45.88	  -2.02	   2.00
	  0.353	  0.217	  0.910
	 -0.021	  0.974	 -0.225
	 -0.935	  0.061	  0.348

4 	  43.10	   5.01	  -1.58
	  0.663	  0.684	  0.302
	 -0.746	  0.572	  0.341
	  0.060	 -0.452	  0.890

5 	  41.75	   6.86	   9.25
	  0.204	  0.143	  0.968
	 -0.549	 -0.803	  0.232
	  0.812	 -0.578	 -0.084

6 	  43.88	   9.60	  17.84
	  0.182	  0.154	  0.971
	 -0.981	  0.099	  0.167
	 -0.072	 -0.983	  0.167

7 	  41.19	  -8.09	  -1.86
	  0.133	 -0.965	  0.228
	  0.928	  0.040	 -0.371
	  0.349	  0.260	  0.900

8 	  41.10	  -9.69	   9.44
	  0.411	 -0.024	  0.911
	  0.436	 -0.873	 -0.218
	  0.802	  0.486	 -0.347

9 	  44.26	 -11.62	  17.86
	  0.275	 -0.075	  0.958
	  0.961	  0.004	 -0.276
	  0.015	  0.997	  0.072

2 	  32.71	  -7.12	  22.73
	 -0.256	  0.966	 -0.033
	 -0.967	 -0.255	  0.010
	  0.003	  0.033	  0.999

3 	  45.88	  -2.00	   2.02
	  0.351	  0.217	  0.911
	 -0.020	  0.974	 -0.225
	 -0.936	  0.061	  0.346

4 	  43.10	   5.01	  -1.58
	  0.661	  0.685	  0.304
	 -0.748	  0.570	  0.340
	  0.060	 -0.453	  0.889

5 	  41.77	   6.87	   9.25
	  0.203	  0.143	  0.969
	 -0.550	 -0.802	  0.231
	  0.812	 -0.578	 -0.083

6 	  43.88	   9.60	  17.86
	  0.182	  0.153	  0.971
	 -0.981	  0.100	  0.167
	 -0.074	 -0.983	  0.167

7 	  41.20	  -8.07	  -1.86
	  0.133	 -0.964	  0.228
	  0.928	  0.040	 -0.370
	  0.348	  0.260	  0.900

8 	  41.10	  -9.69	   9.44
	  0.410	 -0.024	  0.912
	  0.438	 -0.872	 -0.218
	  0.802	  0.487	 -0.346

9 	  44.26	 -11.62	  17.86
	  0.276	 -0.075	  0.958
	  0.961	  0.004	 -0.276
	  0.015	  0.997	  0.072

2 	  32.71	  -7.12	  22.73
	 -0.256	  0.966	 -0.033
	 -0.967	 -0.255	  0.010
	  0.002	  0.033	  0.999

3 	  45.90	  -2.00	   2.04
	  0.349	  0.218	  0.911
	 -0.021	  0.974	 -0.225
	 -0.937	  0.060	  0.345

4 	  43.10	   5.03	  -1.56
	  0.660	  0.686	  0.305
	 -0.749	  0.569	  0.339
	  0.059	 -0.453	  0.889

5 	  41.77	   6.87	   9.25
	  0.203	  0.143	  0.969
	 -0.551	 -0.802	  0.231
	  0.811	 -0.579	 -0.083

6 	  43.88	   9.60	  17.88
	  0.182	  0.152	  0.971
	 -0.980	  0.105	  0.166
	 -0.079	 -0.983	  0.167

7 	  41.20	  -8.07	  -1.86
	  0.133	 -0.964	  0.229
	  0.928	  0.040	 -0.369
	  0.347	  0.261	  0.900

8 	  41.08	  -9.69	   9.44
	  0.408	 -0.026	  0.912
	  0.436	 -0.873	 -0.218
	  0.804	  0.485	 -0.344

9 	  44.26	 -11.62	  17.86
	  0.277	 -0.075	  0.958
	  0.961	  0.003	 -0.277
	  0.016	  0.997	  0.071

2 	  32.71	  -7.12	  22.73
	 -0.256	  0.966	 -0.033
	 -0.967	 -0.255	  0.010
	  0.003	  0.033	  0.999

3 	  45.88	  -2.00	   2.06
	  0.349	  0.218	  0.911
	 -0.021	  0.974	 -0.225
	 -0.937	  0.059	  0.344

4 	  43.08	   5.04	  -1.48
	  0.661	  0.677	  0.322
	 -0.748	  0.556	  0.363
	  0.067	 -0.481	  0.874

5 	  41.70	   6.94	   9.19
	  0.201	  0.162	  0.966
	 -0.548	 -0.799	  0.246
	  0.813	 -0.577	 -0.070

6 	  43.77	   9.95	  17.72
	  0.169	  0.170	  0.970
	 -0.981	  0.126	  0.148
	 -0.099	 -0.977	  0.186

7 	  41.19	  -8.05	  -1.79
	  0.144	 -0.957	  0.252
	  0.923	  0.037	 -0.383
	  0.357	  0.287	  0.888

8 	  41.08	  -9.93	   9.19
	  0.316	 -0.092	  0.944
	  0.363	 -0.908	 -0.208
	  0.878	  0.406	 -0.252

9 	  43.91	 -12.87	  17.58
	  0.219	 -0.163	  0.962
	  0.974	 -0.019	 -0.225
	  0.053	  0.987	  0.153

2 	  32.71	  -7.12	  22.73
	 -0.256	  0.966	 -0.033
	 -0.967	 -0.255	  0.010
	  0.003	  0.033	  0.999

3 	  45.88	  -1.97	   2.07
	  0.343	  0.223	  0.912
	 -0.024	  0.973	 -0.229
	 -0.939	  0.056	  0.339

4 	  42.94	   4.97	  -1.49
	  0.645	  0.698	  0.311
	 -0.760	  0.539	  0.362
	  0.086	 -0.470	  0.878

5 	  41.31	   8.12	   8.53
	  0.189	  0.359	  0.914
	 -0.433	 -0.806	  0.403
	  0.882	 -0.470	  0.004

6 	  43.31	  12.78	  16.31
	  0.161	  0.347	  0.924
	 -0.986	  0.090	  0.138
	 -0.037	 -0.934	  0.355

7 	  41.26	  -8.07	  -1.76
	  0.145	 -0.957	  0.250
	  0.923	  0.040	 -0.381
	  0.355	  0.285	  0.890

8 	  40.99	 -11.20	   8.75
	  0.323	 -0.300	  0.898
	  0.221	 -0.899	 -0.378
	  0.921	  0.319	 -0.223

9 	  43.68	 -15.68	  16.33
	  0.228	 -0.341	  0.912
	  0.961	 -0.073	 -0.267
	  0.158	  0.937	  0.311

2 	  32.71	  -7.12	  22.73
	 -0.256	  0.966	 -0.033
	 -0.967	 -0.255	  0.011
	  0.003	  0.033	  0.999

3 	  45.88	  -1.95	   2.11
	  0.337	  0.224	  0.914
	 -0.020	  0.972	 -0.232
	 -0.941	  0.060	  0.332

4 	  42.91	   4.94	  -1.51
	  0.644	  0.704	  0.297
	 -0.759	  0.538	  0.366
	  0.099	 -0.462	  0.881

5 	  41.19	   9.16	   7.79
	  0.190	  0.517	  0.835
	 -0.349	 -0.760	  0.547
	  0.918	 -0.395	  0.036

6 	  43.24	  15.10	  14.64
	  0.166	  0.488	  0.857
	 -0.986	  0.095	  0.136
	 -0.016	 -0.868	  0.496

7 	  41.22	  -8.03	  -1.72
	  0.148	 -0.957	  0.251
	  0.919	  0.039	 -0.392
	  0.366	  0.288	  0.885

8 	  40.89	 -12.06	   8.35
	  0.335	 -0.444	  0.830
	  0.098	 -0.861	 -0.499
	  0.937	  0.248	 -0.246

9 	  43.61	 -17.56	  15.08
	  0.240	 -0.463	  0.853
	  0.950	 -0.067	 -0.303
	  0.198	  0.884	  0.424

2 	  32.71	  -7.12	  22.73
	 -0.256	  0.966	 -0.033
	 -0.967	 -0.255	  0.011
	  0.003	  0.033	  0.999

3 	  45.88	  -1.97	   2.13
	  0.336	  0.226	  0.914
	 -0.016	  0.972	 -0.235
	 -0.942	  0.065	  0.330

4 	  42.87	   4.83	  -1.65
	  0.657	  0.709	  0.256
	 -0.743	  0.552	  0.378
	  0.127	 -0.439	  0.890

5 	  41.13	   9.95	   6.91
	  0.195	  0.631	  0.751
	 -0.301	 -0.691	  0.657
	  0.934	 -0.353	  0.055

6 	  43.28	  16.73	  12.85
	  0.177	  0.591	  0.787
	 -0.984	  0.122	  0.129
	 -0.021	 -0.798	  0.602

7 	  41.15	  -8.00	  -1.69
	  0.155	 -0.960	  0.234
	  0.908	  0.044	 -0.416
	  0.389	  0.276	  0.878

8 	  40.90	 -12.99	   7.65
	  0.339	 -0.573	  0.746
	  0.019	 -0.789	 -0.614
	  0.941	  0.222	 -0.256

9 	  43.54	 -19.58	  13.20
	  0.243	 -0.591	  0.769
	  0.947	 -0.027	 -0.320
	  0.210	  0.805	  0.554

2 	  32.71	  -7.12	  22.73
	 -0.256	  0.966	 -0.033
	 -0.967	 -0.255	  0.010
	  0.003	  0.033	  0.999

3 	  45.90	  -1.99	   2.11
	  0.335	  0.224	  0.915
	 -0.012	  0.972	 -0.234
	 -0.942	  0.067	  0.328

4 	  42.84	   4.73	  -1.83
	  0.668	  0.713	  0.211
	 -0.728	  0.568	  0.383
	  0.154	 -0.410	  0.899

5 	  41.12	  10.71	   5.89
	  0.195	  0.736	  0.648
	 -0.250	 -0.602	  0.758
	  0.949	 -0.308	  0.067

6 	  43.31	  18.30	  10.72
	  0.185	  0.694	  0.695
	 -0.983	  0.141	  0.120
	 -0.015	 -0.707	  0.707

7 	  41.12	  -7.88	  -1.76
	  0.176	 -0.964	  0.201
	  0.892	  0.069	 -0.447
	  0.417	  0.256	  0.872

8 	  40.96	 -13.96	   6.64
	  0.342	 -0.687	  0.641
	 -0.015	 -0.687	 -0.727
	  0.939	  0.239	 -0.246

9 	  43.75	 -21.41	  10.76
	  0.254	 -0.711	  0.656
	  0.949	  0.052	 -0.311
	  0.187	  0.701	  0.688

2 	  32.71	  -7.12	  22.73
	 -0.256	  0.966	 -0.033
	 -0.967	 -0.255	  0.011
	  0.003	  0.033	  0.999

3 	  45.90	  -1.99	   2.07
	  0.335	  0.222	  0.916
	 -0.011	  0.973	 -0.232
	 -0.942	  0.068	  0.328

4 	  42.75	   4.64	  -2.06
	  0.681	  0.717	  0.145
	 -0.708	  0.594	  0.383
	  0.190	 -0.364	  0.912

5 	  41.15	  11.36	   4.68
	  0.203	  0.824	  0.528
	 -0.202	 -0.494	  0.846
	  0.958	 -0.278	  0.065

6 	  43.49	  19.58	   8.19
	  0.206	  0.784	  0.585
	 -0.979	  0.160	  0.129
	  0.007	 -0.600	  0.800

7 	  41.03	  -7.77	  -1.90
	  0.204	 -0.969	  0.137
	  0.863	  0.112	 -0.492
	  0.462	  0.218	  0.859

8 	  41.13	 -14.87	   5.19
	  0.364	 -0.795	  0.485
	 -0.079	 -0.546	 -0.834
	  0.928	  0.265	 -0.261

9 	  43.98	 -22.94	   7.70
	  0.275	 -0.819	  0.503
	  0.935	  0.105	 -0.339
	  0.226	  0.563	  0.794

2 	  32.71	  -7.12	  22.73
	 -0.256	  0.966	 -0.033
	 -0.967	 -0.255	  0.011
	  0.003	  0.033	  0.999

3 	  45.91	  -1.95	   1.97
	  0.343	  0.214	  0.914
	 -0.015	  0.975	 -0.223
	 -0.939	  0.062	  0.337

4 	  42.64	   4.43	  -2.39
	  0.698	  0.714	  0.058
	 -0.678	  0.629	  0.379
	  0.236	 -0.304	  0.923

5 	  41.38	  11.87	   3.38
	  0.233	  0.893	  0.385
	 -0.110	 -0.370	  0.922
	  0.966	 -0.256	  0.012

6 	  43.86	  20.55	   5.50
	  0.245	  0.859	  0.448
	 -0.967	  0.182	  0.180
	  0.073	 -0.478	  0.875

7 	  40.99	  -7.59	  -2.06
	  0.238	 -0.968	  0.077
	  0.830	  0.161	 -0.534
	  0.505	  0.189	  0.842

8 	  41.34	 -15.45	   3.76
	  0.378	 -0.859	  0.345
	 -0.124	 -0.416	 -0.901
	  0.917	  0.297	 -0.264

9 	  44.24	 -23.80	   4.62
	  0.290	 -0.890	  0.352
	  0.927	  0.169	 -0.335
	  0.240	  0.423	  0.873

2 	  32.71	  -7.12	  22.73
	 -0.256	  0.966	 -0.033
	 -0.967	 -0.255	  0.010
	  0.003	  0.033	  0.999

3 	  45.95	  -1.92	   1.88
	  0.348	  0.214	  0.912
	 -0.020	  0.975	 -0.222
	 -0.937	  0.059	  0.344

4 	  42.54	   4.24	  -2.67
	  0.684	  0.729	 -0.006
	 -0.679	  0.639	  0.362
	  0.269	 -0.244	  0.932

5 	  41.40	  12.11	   2.16
	  0.228	  0.937	  0.266
	 -0.040	 -0.265	  0.963
	  0.973	 -0.230	 -0.023

6 	  43.73	  21.04	   3.04
	  0.247	  0.912	  0.328
	 -0.962	  0.187	  0.201
	  0.123	 -0.365	  0.923

7 	  41.01	  -7.42	  -2.25
	  0.255	 -0.967	 -0.001
	  0.798	  0.210	 -0.565
	  0.547	  0.142	  0.825

8 	  41.34	 -15.79	   2.36
	  0.364	 -0.906	  0.217
	 -0.160	 -0.290	 -0.943
	  0.917	  0.309	 -0.250

9 	  43.95	 -24.28	   2.04
	  0.268	 -0.937	  0.224
	  0.922	  0.180	 -0.341
	  0.281	  0.296	  0.912

2 	  32.71	  -7.12	  22.73
	 -0.256	  0.966	 -0.033
	 -0.967	 -0.255	  0.010
	  0.003	  0.033	  0.999

3 	  46.07	  -1.83	   1.69
	  0.363	  0.215	  0.906
	 -0.033	  0.975	 -0.219
	 -0.931	  0.050	  0.361

4 	  42.35	   4.03	  -2.99
	  0.670	  0.735	 -0.103
	 -0.667	  0.656	  0.354
	  0.330	 -0.169	  0.929

5 	  41.36	  12.23	   1.07
	  0.216	  0.966	  0.143
	  0.077	 -0.163	  0.983
	  0.973	 -0.201	 -0.110

6 	  43.37	  21.27	   0.58
	  0.243	  0.952	  0.185
	 -0.931	  0.175	  0.321
	  0.275	 -0.249	  0.928

7 	  40.99	  -7.22	  -2.46
	  0.273	 -0.958	 -0.084
	  0.754	  0.266	 -0.601
	  0.600	  0.099	  0.794

8 	  41.50	 -15.87	   1.11
	  0.368	 -0.924	  0.102
	 -0.212	 -0.189	 -0.959
	  0.905	  0.331	 -0.265

9 	  44.03	 -24.31	  -0.44
	  0.271	 -0.958	  0.096
	  0.898	  0.215	 -0.382
	  0.348	  0.188	  0.918

2 	  32.71	  -7.14	  22.73
	 -0.256	  0.966	 -0.032
	 -0.967	 -0.255	  0.011
	  0.003	  0.032	  0.999

3 	  46.05	  -1.81	   1.55
	  0.384	  0.223	  0.896
	 -0.036	  0.973	 -0.228
	 -0.923	  0.055	  0.381

4 	  42.26	   3.81	  -3.25
	  0.650	  0.744	 -0.154
	 -0.669	  0.656	  0.349
	  0.363	 -0.125	  0.923

5 	  41.41	  12.23	   0.18
	  0.214	  0.974	  0.068
	  0.118	 -0.094	  0.989
	  0.970	 -0.203	 -0.135

6 	  43.29	  21.20	  -1.00
	  0.244	  0.964	  0.105
	 -0.919	  0.194	  0.344
	  0.313	 -0.179	  0.932

7 	  41.01	  -7.03	  -2.71
	  0.276	 -0.949	 -0.152
	  0.726	  0.308	 -0.615
	  0.631	  0.058	  0.773

8 	  41.59	 -15.84	   0.18
	  0.366	 -0.930	  0.038
	 -0.220	 -0.126	 -0.967
	  0.904	  0.346	 -0.250

9 	  44.02	 -24.15	  -1.86
	  0.263	 -0.964	  0.027
	  0.893	  0.231	 -0.385
	  0.367	  0.124	  0.922

2 	  32.71	  -7.12	  22.73
	 -0.256	  0.966	 -0.032
	 -0.967	 -0.255	  0.011
	  0.003	  0.032	  0.999

3 	  46.11	  -1.69	   1.44
	  0.409	  0.237	  0.881
	 -0.047	  0.969	 -0.240
	 -0.911	  0.057	  0.407

4 	  42.13	   3.60	  -3.53
	  0.616	  0.756	 -0.221
	 -0.672	  0.649	  0.355
	  0.414	 -0.070	  0.907

5 	  41.43	  12.15	  -0.30
	  0.194	  0.981	 -0.022
	  0.259	 -0.029	  0.965
	  0.946	 -0.192	 -0.259

6 	  42.42	  21.04	  -2.11
	  0.194	  0.979	 -0.055
	 -0.665	  0.170	  0.727
	  0.723	 -0.103	  0.682

7 	  40.92	  -6.87	  -2.71
	  0.273	 -0.942	 -0.194
	  0.689	  0.331	 -0.645
	  0.672	  0.041	  0.739

8 	  42.03	 -15.64	   0.25
	  0.376	 -0.925	 -0.044
	 -0.420	 -0.126	 -0.899
	  0.827	  0.356	 -0.435

9 	  43.33	 -24.10	  -1.97
	  0.233	 -0.971	 -0.049
	  0.418	  0.142	 -0.897
	  0.879	  0.188	  0.437

2 	  32.71	  -7.12	  22.73
	 -0.256	  0.966	 -0.032
	 -0.967	 -0.255	  0.011
	  0.003	  0.033	  0.999

3 	  46.14	  -1.65	   1.34
	  0.433	  0.256	  0.864
	 -0.066	  0.965	 -0.253
	 -0.899	  0.052	  0.434

4 	  41.94	   3.52	  -3.53
	  0.603	  0.751	 -0.268
	 -0.649	  0.657	  0.383
	  0.466	 -0.057	  0.882

5 	  41.82	  12.02	  -0.28
	  0.211	  0.975	 -0.072
	  0.443	 -0.028	  0.896
	  0.872	 -0.220	 -0.437

6 	  42.38	  20.92	  -2.11
	  0.168	  0.979	 -0.118
	 -0.362	  0.170	  0.917
	  0.918	 -0.111	  0.381

7 	  40.90	  -6.87	  -2.62
	  0.270	 -0.944	 -0.191
	  0.682	  0.325	 -0.655
	  0.681	  0.045	  0.730

8 	  42.35	 -15.61	   0.77
	  0.378	 -0.924	 -0.062
	 -0.529	 -0.159	 -0.834
	  0.761	  0.347	 -0.547

9 	  43.15	 -24.24	  -1.04
	  0.196	 -0.979	 -0.051
	 -0.020	  0.048	 -0.999
	  0.980	  0.197	 -0.009

2 	  32.71	  -7.12	  22.73
	 -0.256	  0.966	 -0.032
	 -0.967	 -0.255	  0.011
	  0.003	  0.033	  0.999

3 	  46.14	  -1.69	   1.28
	  0.455	  0.264	  0.850
	 -0.081	  0.963	 -0.257
	 -0.887	  0.048	  0.460

4 	  41.68	   3.38	  -3.55
	  0.603	  0.733	 -0.313
	 -0.603	  0.675	  0.424
	  0.525	 -0.068	  0.848

5 	  42.21	  11.92	   0.00
	  0.230	  0.969	 -0.088
	  0.594	 -0.067	  0.801
	  0.771	 -0.236	 -0.591

6 	  42.64	  20.81	  -1.42
	  0.159	  0.979	 -0.127
	 -0.065	  0.138	  0.988
	  0.985	 -0.149	  0.085

7 	  40.61	  -6.84	  -2.46
	  0.227	 -0.954	 -0.198
	  0.647	  0.298	 -0.702
	  0.729	  0.030	  0.683

8 	  42.79	 -15.50	   1.25
	  0.375	 -0.922	 -0.101
	 -0.717	 -0.217	 -0.663
	  0.590	  0.320	 -0.741

9 	  43.37	 -24.19	  -0.14
	  0.175	 -0.984	 -0.040
	 -0.446	 -0.040	 -0.894
	  0.879	  0.172	 -0.443

2 	  32.71	  -7.12	  22.73
	 -0.256	  0.966	 -0.033
	 -0.967	 -0.255	  0.010
	  0.003	  0.033	  0.999

3 	  46.07	  -1.69	   1.11
	  0.491	  0.260	  0.831
	 -0.104	  0.965	 -0.242
	 -0.865	  0.033	  0.500

4 	  41.48	   3.41	  -3.50
	  0.606	  0.726	 -0.325
	 -0.571	  0.679	  0.460
	  0.557	 -0.094	  0.825

5 	  42.40	  11.85	   0.32
	  0.245	  0.966	 -0.076
	  0.653	 -0.105	  0.750
	  0.718	 -0.232	 -0.656

6 	  42.80	  20.83	  -0.84
	  0.158	  0.980	 -0.116
	  0.054	  0.109	  0.992
	  0.986	 -0.163	 -0.035

7 	  40.34	  -6.79	  -2.32
	  0.183	 -0.961	 -0.209
	  0.614	  0.276	 -0.739
	  0.768	  0.007	  0.640

8 	  43.00	 -15.33	   1.53
	  0.370	 -0.922	 -0.117
	 -0.806	 -0.256	 -0.533
	  0.463	  0.291	 -0.837

9 	  43.47	 -24.12	   0.56
	  0.161	 -0.987	 -0.017
	 -0.620	 -0.085	 -0.780
	  0.770	  0.134	 -0.623

2 	  32.71	  -7.12	  22.73
	 -0.256	  0.966	 -0.033
	 -0.967	 -0.255	  0.010
	  0.003	  0.033	  0.999

3 	  46.02	  -1.71	   1.02
	  0.516	  0.255	  0.817
	 -0.112	  0.966	 -0.233
	 -0.849	  0.029	  0.527

4 	  41.36	   3.41	  -3.50
	  0.601	  0.725	 -0.337
	 -0.555	  0.680	  0.478
	  0.578	 -0.100	  0.810

5 	  42.36	  11.83	   0.35
	  0.240	  0.968	 -0.078
	  0.678	 -0.108	  0.726
	  0.695	 -0.226	 -0.682

6 	  42.64	  20.85	  -0.81
	  0.138	  0.983	 -0.124
	  0.107	  0.110	  0.988
	  0.985	 -0.149	 -0.089

7 	  40.18	  -6.68	  -2.32
	  0.154	 -0.962	 -0.225
	  0.596	  0.271	 -0.756
	  0.788	 -0.018	  0.615

8 	  42.77	 -15.28	   1.53
	  0.342	 -0.932	 -0.123
	 -0.836	 -0.242	 -0.492
	  0.430	  0.270	 -0.861

9 	  42.98	 -24.12	   0.69
	  0.114	 -0.993	 -0.009
	 -0.686	 -0.069	 -0.724
	  0.720	  0.086	 -0.688

2 	  32.71	  -7.12	  22.73
	 -0.256	  0.966	 -0.033
	 -0.967	 -0.255	  0.011
	  0.003	  0.033	  0.999

3 	  46.04	  -1.69	   0.98
	  0.530	  0.246	  0.811
	 -0.109	  0.969	 -0.223
	 -0.841	  0.030	  0.539

4 	  41.38	   3.48	  -3.50
	  0.598	  0.728	 -0.335
	 -0.553	  0.676	  0.487
	  0.583	 -0.106	  0.805

5 	  42.40	  11.88	   0.51
	  0.232	  0.970	 -0.065
	  0.684	 -0.114	  0.720
	  0.692	 -0.211	 -0.690

6 	  42.56	  20.94	  -0.33
	  0.119	  0.988	 -0.100
	  0.121	  0.086	  0.989
	  0.985	 -0.130	 -0.109

7 	  40.13	  -6.59	  -2.32
	  0.135	 -0.964	 -0.230
	  0.590	  0.264	 -0.763
	  0.796	 -0.033	  0.604

8 	  42.50	 -15.21	   1.55
	  0.313	 -0.943	 -0.112
	 -0.845	 -0.223	 -0.485
	  0.434	  0.246	 -0.867

9 	  42.52	 -24.08	   0.95
	  0.084	 -0.996	  0.016
	 -0.690	 -0.066	 -0.721
	  0.721	  0.047	 -0.691

2 	  32.71	  -7.12	  22.73
	 -0.256	  0.966	 -0.033
	 -0.967	 -0.255	  0.010
	  0.003	  0.033	  0.999

3 	  46.02	  -1.65	   0.97
	  0.536	  0.242	  0.809
	 -0.108	  0.969	 -0.220
	 -0.838	  0.031	  0.545

4 	  41.29	   3.53	  -3.43
	  0.591	  0.730	 -0.344
	 -0.541	  0.673	  0.504
	  0.601	 -0.113	  0.791

5 	  42.38	  11.97	   0.14
	  0.238	  0.966	 -0.103
	  0.681	 -0.090	  0.726
	  0.693	 -0.242	 -0.679

6 	  42.66	  20.94	  -1.48
	  0.130	  0.980	 -0.152
	  0.106	  0.139	  0.984
	  0.986	 -0.144	 -0.086

7 	  40.10	  -6.63	  -2.29
	  0.154	 -0.956	 -0.250
	  0.564	  0.292	 -0.773
	  0.812	 -0.022	  0.583

8 	  42.54	 -15.40	   0.63
	  0.324	 -0.926	 -0.193
	 -0.827	 -0.178	 -0.534
	  0.461	  0.332	 -0.823

9 	  42.70	 -24.15	  -1.34
	  0.098	 -0.990	 -0.100
	 -0.644	  0.016	 -0.765
	  0.760	  0.137	 -0.635

2 	  32.71	  -7.12	  22.73
	 -0.256	  0.966	 -0.033
	 -0.967	 -0.255	  0.010
	  0.003	  0.033	  0.999

3 	  45.93	  -1.62	   0.91
	  0.538	  0.266	  0.800
	 -0.120	  0.963	 -0.241
	 -0.834	  0.034	  0.550

4 	  41.10	   3.38	  -3.52
	  0.600	  0.695	 -0.397
	 -0.490	  0.709	  0.506
	  0.635	 -0.110	  0.765

5 	  42.84	  11.99	  -1.32
	  0.294	  0.926	 -0.235
	  0.692	 -0.035	  0.720
	  0.660	 -0.373	 -0.651

6 	  43.77	  20.48	  -4.48
	  0.212	  0.925	 -0.314
	  0.116	  0.296	  0.948
	  0.970	 -0.237	 -0.044

7 	  39.99	  -6.54	  -2.34
	  0.189	 -0.928	 -0.321
	  0.516	  0.371	 -0.772
	  0.836	 -0.020	  0.548

8 	  42.93	 -15.24	  -1.34
	  0.379	 -0.855	 -0.353
	 -0.813	 -0.125	 -0.569
	  0.444	  0.501	 -0.743

9 	  43.52	 -23.36	  -5.15
	  0.155	 -0.942	 -0.298
	 -0.635	  0.139	 -0.760
	  0.759	  0.303	 -0.575

2 	  32.71	  -7.12	  22.75
	 -0.256	  0.966	 -0.032
	 -0.967	 -0.255	  0.011
	  0.003	  0.033	  0.999

3 	  45.86	  -1.56	   0.88
	  0.536	  0.273	  0.798
	 -0.126	  0.961	 -0.246
	 -0.835	  0.032	  0.549

4 	  41.01	   3.36	  -3.55
	  0.629	  0.646	 -0.432
	 -0.425	  0.750	  0.507
	  0.653	 -0.136	  0.745

5 	  43.58	  11.85	  -2.71
	  0.372	  0.858	 -0.354
	  0.704	 -0.011	  0.710
	  0.607	 -0.512	 -0.608

6 	  45.14	  19.63	  -7.19
	  0.298	  0.839	 -0.455
	  0.157	  0.429	  0.889
	  0.942	 -0.335	 -0.003

7 	  39.92	  -6.22	  -2.53
	  0.212	 -0.887	 -0.409
	  0.460	  0.459	 -0.760
	  0.862	 -0.028	  0.506

8 	  43.24	 -14.70	  -2.95
	  0.405	 -0.784	 -0.470
	 -0.822	 -0.087	 -0.562
	  0.401	  0.614	 -0.680

9 	  44.02	 -22.25	  -7.91
	  0.182	 -0.883	 -0.433
	 -0.657	  0.222	 -0.721
	  0.735	  0.411	 -0.539

2 	  32.71	  -7.12	  22.73
	 -0.257	  0.966	 -0.031
	 -0.967	 -0.256	  0.012
	  0.004	  0.032	  0.999

3 	  45.86	  -1.46	   0.81
	  0.536	  0.281	  0.796
	 -0.138	  0.959	 -0.247
	 -0.833	  0.023	  0.552

4 	  40.89	   3.38	  -3.60
	  0.641	  0.611	 -0.465
	 -0.380	  0.777	  0.500
	  0.668	 -0.145	  0.729

5 	  44.00	  11.46	  -3.92
	  0.413	  0.790	 -0.453
	  0.734	  0.007	  0.679
	  0.542	 -0.611	 -0.576

6 	  45.83	  18.46	  -9.51
	  0.340	  0.748	 -0.570
	  0.220	  0.529	  0.819
	  0.915	 -0.402	  0.017

7 	  39.81	  -6.10	  -2.65
	  0.225	 -0.858	 -0.462
	  0.422	  0.513	 -0.747
	  0.878	 -0.027	  0.477

8 	  43.49	 -14.12	  -4.22
	  0.439	 -0.704	 -0.558
	 -0.817	 -0.053	 -0.575
	  0.376	  0.707	 -0.598

9 	  44.58	 -20.87	 -10.27
	  0.218	 -0.806	 -0.550
	 -0.660	  0.296	 -0.690
	  0.722	  0.510	 -0.467

2 	  32.71	  -7.12	  22.73
	 -0.257	  0.966	 -0.031
	 -0.967	 -0.256	  0.013
	  0.005	  0.031	  0.999

3 	  45.77	  -1.35	   0.69
	  0.537	  0.302	  0.788
	 -0.160	  0.953	 -0.258
	 -0.829	  0.013	  0.559

4 	  40.78	   3.20	  -3.83
	  0.651	  0.562	 -0.511
	 -0.330	  0.814	  0.478
	  0.685	 -0.143	  0.714

5 	  44.26	  10.99	  -5.15
	  0.440	  0.716	 -0.542
	  0.750	  0.040	  0.659
	  0.496	 -0.695	 -0.520

6 	  46.27	  17.16	 -11.65
	  0.366	  0.653	 -0.663
	  0.256	  0.617	  0.744
	  0.896	 -0.440	  0.060

7 	  39.80	  -5.96	  -2.83
	  0.246	 -0.821	 -0.515
	  0.384	  0.570	 -0.726
	  0.890	 -0.019	  0.455

8 	  43.80	 -13.43	  -5.33
	  0.478	 -0.614	 -0.628
	 -0.808	 -0.026	 -0.589
	  0.346	  0.788	 -0.509

9 	  45.26	 -19.30	 -12.22
	  0.258	 -0.720	 -0.645
	 -0.659	  0.359	 -0.661
	  0.711	  0.591	 -0.381

2 	  32.71	  -7.12	  22.73
	 -0.257	  0.966	 -0.030
	 -0.967	 -0.256	  0.014
	  0.007	  0.031	  0.999

3 	  45.81	  -1.28	   0.56
	  0.546	  0.317	  0.775
	 -0.182	  0.948	 -0.261
	 -0.818	  0.002	  0.575

4 	  40.68	   3.18	  -3.90
	  0.655	  0.536	 -0.532
	 -0.309	  0.832	  0.461
	  0.691	 -0.139	  0.709

5 	  44.56	  10.35	  -6.26
	  0.480	  0.618	 -0.622
	  0.761	  0.060	  0.646
	  0.439	 -0.782	 -0.441

6 	  46.86	  15.38	 -13.59
	  0.412	  0.518	 -0.750
	  0.294	  0.706	  0.644
	  0.865	 -0.482	  0.139

7 	  39.76	  -5.77	  -2.97
	  0.268	 -0.782	 -0.562
	  0.350	  0.622	 -0.700
	  0.898	 -0.010	  0.440

8 	  44.23	 -12.50	  -6.35
	  0.518	 -0.505	 -0.690
	 -0.803	 -0.009	 -0.595
	  0.295	  0.863	 -0.410

9 	  45.95	 -17.28	 -14.06
	  0.303	 -0.608	 -0.734
	 -0.668	  0.417	 -0.616
	  0.684	  0.673	 -0.281

2 	  32.71	  -7.12	  22.73
	 -0.256	  0.966	 -0.029
	 -0.967	 -0.255	  0.014
	  0.007	  0.031	  0.999

3 	  45.76	  -1.16	   0.47
	  0.552	  0.321	  0.769
	 -0.203	  0.946	 -0.251
	 -0.810	 -0.016	  0.587

4 	  40.52	   3.23	  -3.94
	  0.672	  0.502	 -0.544
	 -0.285	  0.853	  0.437
	  0.684	 -0.140	  0.715

5 	  45.00	   9.58	  -7.08
	  0.532	  0.490	 -0.690
	  0.782	  0.027	  0.622
	  0.326	 -0.870	 -0.369

6 	  47.53	  13.17	 -15.19
	  0.447	  0.348	 -0.824
	  0.408	  0.743	  0.529
	  0.801	 -0.568	  0.190

7 	  39.71	  -5.64	  -3.06
	  0.284	 -0.759	 -0.586
	  0.330	  0.650	 -0.684
	  0.900	  0.002	  0.435

8 	  44.51	 -11.90	  -6.84
	  0.552	 -0.429	 -0.714
	 -0.797	 -0.020	 -0.604
	  0.246	  0.902	 -0.353

9 	  46.56	 -15.77	 -15.05
	  0.339	 -0.504	 -0.794
	 -0.681	  0.453	 -0.575
	  0.654	  0.732	 -0.189

2 	  32.70	  -7.12	  22.73
	 -0.257	  0.966	 -0.029
	 -0.967	 -0.256	  0.015
	  0.008	  0.031	  0.999

3 	  45.63	  -1.14	   0.39
	  0.560	  0.324	  0.762
	 -0.218	  0.945	 -0.244
	 -0.800	 -0.029	  0.599

4 	  40.24	   3.09	  -3.99
	  0.686	  0.458	 -0.565
	 -0.253	  0.877	  0.407
	  0.683	 -0.137	  0.717

5 	  45.21	   8.49	  -7.91
	  0.557	  0.348	 -0.753
	  0.812	 -0.038	  0.583
	  0.175	 -0.936	 -0.304

6 	  47.65	  10.71	 -16.63
	  0.439	  0.180	 -0.880
	  0.545	  0.728	  0.416
	  0.721	 -0.657	  0.219

7 	  39.41	  -5.66	  -3.09
	  0.292	 -0.736	 -0.611
	  0.298	  0.676	 -0.673
	  0.908	  0.015	  0.417

8 	  44.47	 -11.34	  -7.29
	  0.572	 -0.353	 -0.740
	 -0.798	 -0.032	 -0.602
	  0.189	  0.935	 -0.300

9 	  46.58	 -14.17	 -16.12
	  0.354	 -0.381	 -0.854
	 -0.709	  0.488	 -0.509
	  0.615	  0.782	 -0.099

2 	  32.70	  -7.12	  22.73
	 -0.256	  0.966	 -0.029
	 -0.967	 -0.255	  0.015
	  0.008	  0.031	  0.999

3 	  45.35	  -1.16	   0.23
	  0.573	  0.329	  0.750
	 -0.235	  0.943	 -0.236
	 -0.786	 -0.041	  0.617

4 	  39.78	   2.99	  -4.01
	  0.686	  0.430	 -0.587
	 -0.230	  0.892	  0.388
	  0.691	 -0.132	  0.711

5 	  45.09	   7.75	  -8.38
	  0.566	  0.253	 -0.784
	  0.821	 -0.090	  0.563
	  0.072	 -0.963	 -0.259

6 	  47.41	   8.89	 -17.44
	  0.424	  0.044	 -0.905
	  0.642	  0.692	  0.329
	  0.646	 -0.716	  0.262

7 	  39.09	  -5.68	  -3.16
	  0.296	 -0.716	 -0.632
	  0.266	  0.697	 -0.666
	  0.917	  0.030	  0.396

8 	  44.35	 -11.00	  -7.65
	  0.583	 -0.301	 -0.754
	 -0.797	 -0.032	 -0.603
	  0.157	  0.953	 -0.259

9 	  46.60	 -13.08	 -16.72
	  0.361	 -0.290	 -0.886
	 -0.736	  0.498	 -0.459
	  0.578	  0.815	 -0.035

2 	  32.70	  -7.12	  22.73
	 -0.256	  0.966	 -0.029
	 -0.967	 -0.255	  0.015
	  0.008	  0.030	  0.999

3 	  45.04	  -1.18	   0.11
	  0.583	  0.327	  0.743
	 -0.249	  0.943	 -0.222
	 -0.774	 -0.055	  0.631

4 	  39.38	   2.94	  -4.04
	  0.684	  0.417	 -0.598
	 -0.216	  0.899	  0.381
	  0.697	 -0.133	  0.704

5 	  44.95	   7.26	  -8.54
	  0.581	  0.190	 -0.792
	  0.814	 -0.134	  0.564
	  0.000	 -0.973	 -0.233

6 	  47.34	   7.73	 -17.72
	  0.418	 -0.040	 -0.908
	  0.702	  0.649	  0.292
	  0.583	 -0.756	  0.296

7 	  38.92	  -5.78	  -3.29
	  0.330	 -0.690	 -0.645
	  0.227	  0.720	 -0.655
	  0.916	  0.070	  0.394

8 	  44.68	 -10.34	  -7.95
	  0.622	 -0.199	 -0.757
	 -0.780	 -0.067	 -0.623
	  0.073	  0.978	 -0.196

9 	  47.16	 -11.13	 -17.38
	  0.385	 -0.144	 -0.912
	 -0.776	  0.485	 -0.403
	  0.504	  0.860	  0.074

2 	  32.70	  -7.12	  22.73
	 -0.256	  0.966	 -0.029
	 -0.967	 -0.255	  0.015
	  0.008	  0.030	  0.999

3 	  44.84	  -1.16	  -0.04
	  0.587	  0.331	  0.738
	 -0.269	  0.940	 -0.209
	 -0.764	 -0.075	  0.640

4 	  39.06	   2.87	  -4.06
	  0.686	  0.402	 -0.606
	 -0.202	  0.905	  0.373
	  0.699	 -0.134	  0.702

5 	  44.95	   6.70	  -8.77
	  0.590	  0.119	 -0.798
	  0.804	 -0.173	  0.568
	 -0.072	 -0.978	 -0.198

6 	  47.25	   6.31	 -18.02
	  0.401	 -0.144	 -0.905
	  0.762	  0.601	  0.239
	  0.514	 -0.784	  0.347

7 	  38.74	  -5.78	  -3.32
	  0.344	 -0.675	 -0.652
	  0.218	  0.733	 -0.644
	  0.913	  0.079	  0.399

8 	  44.70	  -9.86	  -8.19
	  0.635	 -0.132	 -0.761
	 -0.771	 -0.059	 -0.634
	  0.037	  0.989	 -0.140

9 	  47.25	  -9.69	 -17.68
	  0.389	 -0.034	 -0.921
	 -0.796	  0.493	 -0.352
	  0.469	  0.868	  0.163

2 	  32.71	  -7.12	  22.75
	 -0.256	  0.966	 -0.029
	 -0.967	 -0.255	  0.015
	  0.008	  0.030	  0.999

3 	  44.68	  -1.18	  -0.12
	  0.588	  0.331	  0.737
	 -0.284	  0.938	 -0.197
	 -0.758	 -0.092	  0.645

4 	  38.90	   2.83	  -4.08
	  0.689	  0.395	 -0.608
	 -0.195	  0.908	  0.370
	  0.698	 -0.137	  0.702

5 	  44.93	   6.35	  -8.79
	  0.605	  0.074	 -0.793
	  0.788	 -0.199	  0.582
	 -0.116	 -0.977	 -0.179

6 	  47.29	   5.34	 -18.05
	  0.393	 -0.221	 -0.893
	  0.800	  0.561	  0.213
	  0.458	 -0.797	  0.394

7 	  38.57	  -5.78	  -3.39
	  0.356	 -0.660	 -0.662
	  0.213	  0.746	 -0.630
	  0.910	  0.083	  0.406

8 	  44.72	  -9.37	  -8.42
	  0.646	 -0.067	 -0.760
	 -0.763	 -0.052	 -0.644
	  0.002	  0.996	 -0.085

9 	  47.29	  -8.21	 -17.91
	  0.383	  0.080	 -0.920
	 -0.823	  0.483	 -0.298
	  0.424	  0.870	  0.250

2 	  32.71	  -7.14	  22.73
	 -0.256	  0.966	 -0.028
	 -0.967	 -0.255	  0.015
	  0.008	  0.029	  0.999

3 	  44.46	  -1.09	  -0.21
	  0.598	  0.326	  0.732
	 -0.297	  0.938	 -0.178
	 -0.745	 -0.110	  0.657

4 	  38.57	   2.83	  -4.04
	  0.685	  0.398	 -0.610
	 -0.193	  0.906	  0.375
	  0.703	 -0.140	  0.697

5 	  44.74	   6.24	  -8.81
	  0.608	  0.048	 -0.792
	  0.782	 -0.208	  0.587
	 -0.138	 -0.977	 -0.164

6 	  46.92	   4.54	 -18.07
	  0.370	 -0.304	 -0.878
	  0.831	  0.531	  0.165
	  0.419	 -0.790	  0.446

7 	  38.36	  -5.75	  -3.38
	  0.359	 -0.650	 -0.670
	  0.203	  0.755	 -0.624
	  0.911	  0.088	  0.402

8 	  44.58	  -9.05	  -8.54
	  0.644	 -0.026	 -0.765
	 -0.765	 -0.047	 -0.642
	 -0.021	  0.998	 -0.051

9 	  46.93	  -7.17	 -18.12
	  0.354	  0.170	 -0.919
	 -0.850	  0.469	 -0.239
	  0.393	  0.865	  0.310

2 	  32.71	  -7.14	  22.75
	 -0.256	  0.966	 -0.028
	 -0.967	 -0.255	  0.014
	  0.008	  0.029	  0.999

3 	  44.33	  -1.09	  -0.26
	  0.601	  0.325	  0.729
	 -0.301	  0.938	 -0.172
	 -0.741	 -0.115	  0.661

4 	  38.43	   2.83	  -4.03
	  0.682	  0.396	 -0.615
	 -0.189	  0.907	  0.376
	  0.707	 -0.141	  0.693

5 	  44.63	   6.12	  -8.86
	  0.607	  0.027	 -0.794
	  0.782	 -0.201	  0.590
	 -0.145	 -0.979	 -0.143

6 	  46.74	   3.71	 -18.11
	  0.341	 -0.385	 -0.857
	  0.862	  0.491	  0.121
	  0.377	 -0.781	  0.498

7 	  38.23	  -5.73	  -3.39
	  0.359	 -0.642	 -0.677
	  0.198	  0.761	 -0.618
	  0.912	  0.088	  0.400

8 	  44.54	  -8.86	  -8.65
	  0.644	 -0.001	 -0.765
	 -0.764	 -0.032	 -0.644
	 -0.026	  0.999	 -0.022

9 	  46.92	  -6.50	 -18.16
	  0.345	  0.226	 -0.911
	 -0.861	  0.461	 -0.212
	  0.374	  0.857	  0.352

2 	  32.70	  -7.12	  22.73
	 -0.256	  0.966	 -0.029
	 -0.967	 -0.255	  0.015
	  0.008	  0.030	  0.999

3 	  44.26	  -1.05	  -0.30
	  0.606	  0.325	  0.726
	 -0.304	  0.937	 -0.169
	 -0.736	 -0.117	  0.666

4 	  38.30	   2.87	  -3.97
	  0.683	  0.395	 -0.613
	 -0.185	  0.906	  0.379
	  0.706	 -0.146	  0.693

5 	  44.58	   6.05	  -8.82
	  0.612	  0.012	 -0.791
	  0.776	 -0.200	  0.597
	 -0.153	 -0.980	 -0.131

6 	  46.71	   3.38	 -18.05
	  0.333	 -0.420	 -0.844
	  0.874	  0.472	  0.109
	  0.354	 -0.775	  0.523

7 	  38.16	  -5.71	  -3.43
	  0.360	 -0.637	 -0.682
	  0.194	  0.766	 -0.613
	  0.913	  0.089	  0.399

8 	  44.51	  -8.63	  -8.74
	  0.642	  0.024	 -0.766
	 -0.766	 -0.033	 -0.642
	 -0.042	  0.999	 -0.003

9 	  46.81	  -6.10	 -18.19
	  0.339	  0.249	 -0.907
	 -0.870	  0.452	 -0.200
	  0.362	  0.856	  0.368

2 	  32.70	  -7.12	  22.73
	 -0.256	  0.966	 -0.029
	 -0.967	 -0.255	  0.015
	  0.008	  0.030	  0.999

3 	  44.19	  -1.02	  -0.33
	  0.613	  0.321	  0.721
	 -0.304	  0.939	 -0.162
	 -0.730	 -0.119	  0.673

4 	  38.23	   2.88	  -3.97
	  0.682	  0.394	 -0.616
	 -0.181	  0.906	  0.381
	  0.708	 -0.150	  0.689

5 	  44.54	   5.96	  -8.86
	  0.612	 -0.001	 -0.790
	  0.774	 -0.203	  0.599
	 -0.163	 -0.979	 -0.123

6 	  46.62	   3.08	 -18.04
	  0.323	 -0.444	 -0.836
	  0.885	  0.454	  0.100
	  0.337	 -0.772	  0.539

7 	  38.07	  -5.71	  -3.43
	  0.359	 -0.635	 -0.684
	  0.192	  0.767	 -0.612
	  0.913	  0.088	  0.397

8 	  44.42	  -8.51	  -8.81
	  0.637	  0.038	 -0.769
	 -0.769	 -0.033	 -0.639
	 -0.052	  0.998	  0.008

9 	  46.60	  -5.78	 -18.23
	  0.328	  0.270	 -0.905
	 -0.878	  0.440	 -0.186
	  0.350	  0.856	  0.380

2 	  32.70	  -7.12	  22.73
	 -0.256	  0.966	 -0.029
	 -0.967	 -0.255	  0.015
	  0.008	  0.030	  0.999

3 	  44.10	  -1.04	  -0.35
	  0.617	  0.322	  0.718
	 -0.304	  0.939	 -0.161
	 -0.727	 -0.118	  0.676

4 	  38.11	   2.87	  -3.97
	  0.681	  0.393	 -0.618
	 -0.180	  0.907	  0.379
	  0.710	 -0.147	  0.688

5 	  44.46	   5.87	  -8.86
	  0.613	 -0.012	 -0.790
	  0.772	 -0.200	  0.603
	 -0.167	 -0.979	 -0.113

6 	  46.53	   2.69	 -17.98
	  0.313	 -0.475	 -0.823
	  0.895	  0.438	  0.087
	  0.320	 -0.763	  0.561

7 	  37.99	  -5.73	  -3.41
	  0.360	 -0.634	 -0.684
	  0.187	  0.767	 -0.613
	  0.914	  0.093	  0.395

8 	  44.33	  -8.47	  -8.82
	  0.634	  0.048	 -0.772
	 -0.771	 -0.032	 -0.635
	 -0.057	  0.998	  0.017

9 	  46.44	  -5.50	 -18.25
	  0.312	  0.301	 -0.901
	 -0.889	  0.427	 -0.165
	  0.337	  0.852	  0.400

2 	  32.70	  -7.12	  22.73
	 -0.256	  0.966	 -0.029
	 -0.967	 -0.255	  0.015
	  0.008	  0.030	  0.999

3 	  44.05	  -1.05	  -0.37
	  0.617	  0.323	  0.717
	 -0.305	  0.938	 -0.163
	 -0.726	 -0.117	  0.677

4 	  38.06	   2.85	  -3.96
	  0.679	  0.392	 -0.620
	 -0.182	  0.908	  0.377
	  0.711	 -0.144	  0.688

5 	  44.37	   5.87	  -8.88
	  0.613	 -0.009	 -0.789
	  0.776	 -0.177	  0.605
	 -0.146	 -0.984	 -0.101

6 	  46.53	   2.94	 -17.98
	  0.329	 -0.461	 -0.824
	  0.878	  0.470	  0.086
	  0.349	 -0.753	  0.558

7 	  37.97	  -5.73	  -3.39
	  0.359	 -0.635	 -0.684
	  0.188	  0.767	 -0.613
	  0.914	  0.091	  0.395

8 	  44.31	  -8.72	  -8.70
	  0.642	  0.016	 -0.766
	 -0.766	 -0.026	 -0.642
	 -0.032	  0.999	 -0.004

9 	  46.69	  -6.43	 -18.12
	  0.344	  0.240	 -0.908
	 -0.863	  0.463	 -0.204
	  0.373	  0.853	  0.365

2 	  32.70	  -7.12	  22.73
	 -0.255	  0.966	 -0.032
	 -0.967	 -0.254	  0.011
	  0.004	  0.032	  0.999

3 	  44.10	  -1.09	  -0.26
	  0.613	  0.324	  0.720
	 -0.286	  0.941	 -0.182
	 -0.737	 -0.093	  0.669

4 	  38.13	   2.92	  -3.88
	  0.662	  0.431	 -0.613
	 -0.208	  0.891	  0.402
	  0.720	 -0.140	  0.679

5 	  43.96	   7.08	  -8.58
	  0.593	  0.140	 -0.793
	  0.805	 -0.109	  0.583
	 -0.005	 -0.984	 -0.177

6 	  46.44	   5.96	 -17.89
	  0.401	 -0.259	 -0.879
	  0.764	  0.625	  0.161
	  0.510	 -0.735	  0.446

7 	  37.99	  -5.73	  -3.23
	  0.318	 -0.688	 -0.652
	  0.228	  0.723	 -0.652
	  0.920	  0.059	  0.387

8 	  43.96	  -9.97	  -8.14
	  0.627	 -0.142	 -0.766
	 -0.776	 -0.029	 -0.630
	  0.067	  0.989	 -0.128

9 	  46.42	  -9.54	 -17.75
	  0.380	  0.022	 -0.925
	 -0.778	  0.549	 -0.306
	  0.504	  0.834	  0.224

2 	  32.70	  -7.12	  22.73
	 -0.255	  0.966	 -0.032
	 -0.967	 -0.254	  0.011
	  0.004	  0.033	  0.999

3 	  44.23	  -1.12	  -0.18
	  0.610	  0.324	  0.722
	 -0.264	  0.943	 -0.202
	 -0.748	 -0.066	  0.660

4 	  38.27	   2.97	  -3.80
	  0.636	  0.473	 -0.610
	 -0.232	  0.870	  0.435
	  0.737	 -0.136	  0.662

5 	  43.22	   8.19	  -8.31
	  0.531	  0.288	 -0.797
	  0.836	 -0.023	  0.548
	  0.140	 -0.957	 -0.253

6 	  45.53	   8.60	 -17.75
	  0.405	 -0.078	 -0.911
	  0.632	  0.744	  0.214
	  0.665	 -0.660	  0.348

7 	  37.92	  -5.68	  -3.15
	  0.278	 -0.719	 -0.637
	  0.242	  0.694	 -0.678
	  0.929	  0.035	  0.367

8 	  43.22	 -10.83	  -7.88
	  0.577	 -0.268	 -0.771
	 -0.800	  0.005	 -0.600
	  0.165	  0.963	 -0.212

9 	  45.40	 -11.76	 -17.47
	  0.357	 -0.126	 -0.926
	 -0.707	  0.612	 -0.354
	  0.615	  0.778	  0.127

2 	  32.71	  -7.12	  22.73
	 -0.255	  0.966	 -0.033
	 -0.967	 -0.254	  0.011
	  0.003	  0.033	  0.999

3 	  44.21	  -1.12	  -0.16
	  0.615	  0.325	  0.718
	 -0.249	  0.944	 -0.216
	 -0.749	 -0.045	  0.661

4 	  38.20	   3.09	  -3.73
	  0.607	  0.508	 -0.611
	 -0.246	  0.850	  0.465
	  0.756	 -0.132	  0.641

5 	  42.56	   9.07	  -7.89
	  0.480	  0.409	 -0.776
	  0.841	  0.037	  0.540
	  0.250	 -0.911	 -0.327

6 	  44.81	  10.90	 -17.00
	  0.412	  0.080	 -0.908
	  0.507	  0.808	  0.298
	  0.761	 -0.580	  0.291

7 	  37.79	  -5.68	  -3.04
	  0.252	 -0.747	 -0.616
	  0.252	  0.664	 -0.703
	  0.934	  0.022	  0.355

8 	  42.68	 -11.74	  -7.19
	  0.541	 -0.389	 -0.745
	 -0.809	  0.001	 -0.588
	  0.229	  0.921	 -0.314

9 	  44.63	 -14.06	 -16.54
	  0.336	 -0.270	 -0.903
	 -0.656	  0.622	 -0.427
	  0.681	  0.732	  0.031

2 	  32.71	  -7.14	  22.75
	 -0.255	  0.966	 -0.033
	 -0.967	 -0.254	  0.010
	  0.003	  0.033	  0.999

3 	  44.24	  -1.16	  -0.11
	  0.615	  0.315	  0.723
	 -0.221	  0.948	 -0.228
	 -0.758	 -0.019	  0.652

4 	  38.30	   3.16	  -3.67
	  0.586	  0.548	 -0.596
	 -0.271	  0.825	  0.494
	  0.763	 -0.129	  0.632

5 	  42.03	  10.11	  -6.93
	  0.438	  0.564	 -0.700
	  0.811	  0.089	  0.578
	  0.390	 -0.820	 -0.418

6 	  44.31	  13.71	 -15.49
	  0.423	  0.288	 -0.859
	  0.348	  0.825	  0.444
	  0.839	 -0.483	  0.248

7 	  37.78	  -5.73	  -2.88
	  0.219	 -0.793	 -0.568
	  0.288	  0.608	 -0.740
	  0.932	 -0.002	  0.361

8 	  41.92	 -12.88	  -6.06
	  0.474	 -0.548	 -0.689
	 -0.822	  0.006	 -0.569
	  0.317	  0.836	 -0.448

9 	  43.26	 -17.19	 -14.71
	  0.276	 -0.483	 -0.831
	 -0.595	  0.595	 -0.540
	  0.758	  0.640	 -0.124

2 	  32.71	  -7.12	  22.73
	 -0.255	  0.966	 -0.033
	 -0.967	 -0.254	  0.010
	  0.003	  0.033	  0.999

3 	  44.28	  -1.23	  -0.11
	  0.625	  0.307	  0.717
	 -0.201	  0.951	 -0.234
	 -0.755	  0.003	  0.656

4 	  38.44	   3.27	  -3.66
	  0.566	  0.587	 -0.579
	 -0.285	  0.798	  0.531
	  0.774	 -0.136	  0.618

5 	  41.54	  10.99	  -5.77
	  0.374	  0.696	 -0.613
	  0.804	  0.088	  0.588
	  0.466	 -0.711	 -0.527

6 	  43.26	  16.38	 -13.48
	  0.359	  0.496	 -0.791
	  0.284	  0.751	  0.596
	  0.890	 -0.436	  0.129

7 	  37.76	  -5.73	  -2.74
	  0.189	 -0.828	 -0.527
	  0.309	  0.559	 -0.769
	  0.932	 -0.017	  0.362

8 	  41.26	 -13.66	  -4.99
	  0.399	 -0.667	 -0.629
	 -0.847	 -0.006	 -0.531
	  0.352	  0.744	 -0.567

9 	  41.96	 -19.69	 -12.38
	  0.199	 -0.672	 -0.713
	 -0.636	  0.466	 -0.614
	  0.747	  0.573	 -0.335

2 	  32.71	  -7.12	  22.73
	 -0.255	  0.966	 -0.033
	 -0.967	 -0.254	  0.010
	  0.003	  0.033	  0.999

3 	  44.35	  -1.27	  -0.09
	  0.629	  0.304	  0.715
	 -0.188	  0.952	 -0.241
	 -0.755	  0.018	  0.656

4 	  38.65	   3.30	  -3.62
	  0.546	  0.619	 -0.564
	 -0.302	  0.772	  0.558
	  0.782	 -0.135	  0.609

5 	  41.03	  11.55	  -4.73
	  0.288	  0.799	 -0.528
	  0.815	  0.086	  0.573
	  0.505	 -0.593	 -0.626

6 	  42.03	  18.26	 -11.41
	  0.273	  0.660	 -0.700
	  0.237	  0.661	  0.712
	  0.933	 -0.359	  0.024

7 	  37.93	  -5.80	  -2.64
	  0.167	 -0.858	 -0.485
	  0.335	  0.511	 -0.791
	  0.927	 -0.031	  0.373

8 	  40.97	 -14.29	  -3.73
	  0.338	 -0.767	 -0.546
	 -0.867	 -0.026	 -0.498
	  0.369	  0.640	 -0.673

9 	  41.15	 -21.59	  -9.76
	  0.140	 -0.814	 -0.564
	 -0.652	  0.355	 -0.670
	  0.747	  0.458	 -0.480

2 	  32.71	  -7.12	  22.73
	 -0.255	  0.966	 -0.033
	 -0.967	 -0.254	  0.010
	  0.003	  0.033	  0.999

3 	  44.51	  -1.30	  -0.07
	  0.630	  0.299	  0.717
	 -0.173	  0.953	 -0.248
	 -0.758	  0.033	  0.651

4 	  38.90	   3.34	  -3.69
	  0.535	  0.648	 -0.541
	 -0.336	  0.750	  0.569
	  0.776	 -0.123	  0.619

5 	  40.90	  11.83	  -3.60
	  0.248	  0.868	 -0.430
	  0.812	  0.057	  0.581
	  0.530	 -0.492	 -0.690

6 	  41.61	  19.55	  -9.04
	  0.224	  0.777	 -0.588
	  0.251	  0.538	  0.804
	  0.942	 -0.326	 -0.074

7 	  38.04	  -5.92	  -2.53
	  0.145	 -0.887	 -0.438
	  0.362	  0.459	 -0.811
	  0.921	 -0.041	  0.388

8 	  40.61	 -14.77	  -2.46
	  0.289	 -0.845	 -0.450
	 -0.873	 -0.038	 -0.486
	  0.395	  0.532	 -0.749

9 	  40.34	 -22.90	  -6.94
	  0.085	 -0.904	 -0.418
	 -0.667	  0.262	 -0.697
	  0.741	  0.336	 -0.581

2 	  32.71	  -7.12	  22.73
	 -0.255	  0.966	 -0.033
	 -0.967	 -0.254	  0.010
	  0.003	  0.033	  0.999

3 	  44.67	  -1.42	  -0.04
	  0.630	  0.286	  0.721
	 -0.152	  0.957	 -0.248
	 -0.761	  0.047	  0.646

4 	  39.13	   3.34	  -3.69
	  0.535	  0.672	 -0.513
	 -0.377	  0.731	  0.568
	  0.757	 -0.111	  0.644

5 	  40.75	  12.01	  -2.34
	  0.198	  0.926	 -0.320
	  0.818	  0.025	  0.574
	  0.541	 -0.374	 -0.753

6 	  40.94	  20.55	  -6.26
	  0.159	  0.879	 -0.448
	  0.286	  0.395	  0.873
	  0.945	 -0.266	 -0.188

7 	  38.16	  -6.06	  -2.32
	  0.129	 -0.918	 -0.375
	  0.394	  0.394	 -0.830
	  0.910	 -0.041	  0.412

8 	  40.48	 -15.12	  -0.56
	  0.262	 -0.911	 -0.318
	 -0.881	 -0.091	 -0.464
	  0.396	  0.401	 -0.826

9 	  40.10	 -23.89	  -3.16
	  0.063	 -0.972	 -0.226
	 -0.696	  0.122	 -0.708
	  0.717	  0.200	 -0.667

2 	  32.71	  -7.12	  22.73
	 -0.255	  0.966	 -0.033
	 -0.967	 -0.254	  0.010
	  0.003	  0.033	  0.999

3 	  44.72	  -1.48	   0.04
	  0.633	  0.275	  0.723
	 -0.148	  0.960	 -0.237
	 -0.760	  0.043	  0.648

4 	  39.32	   3.50	  -3.62
	  0.520	  0.719	 -0.461
	 -0.448	  0.688	  0.571
	  0.729	 -0.091	  0.679

5 	  40.57	  12.08	  -0.76
	  0.171	  0.971	 -0.169
	  0.777	 -0.026	  0.628
	  0.607	 -0.237	 -0.758

6 	  40.71	  21.16	  -2.92
	  0.135	  0.956	 -0.261
	  0.219	  0.230	  0.948
	  0.967	 -0.184	 -0.178

7 	  38.27	  -6.24	  -2.13
	  0.120	 -0.948	 -0.295
	  0.439	  0.316	 -0.841
	  0.890	 -0.029	  0.454

8 	  40.55	 -15.10	   1.35
	  0.266	 -0.948	 -0.177
	 -0.878	 -0.161	 -0.451
	  0.400	  0.274	 -0.874

9 	  40.18	 -24.08	   0.51
	  0.064	 -0.997	 -0.038
	 -0.703	 -0.016	 -0.711
	  0.709	  0.070	 -0.701

2 	  32.71	  -7.12	  22.73
	 -0.255	  0.966	 -0.033
	 -0.967	 -0.254	  0.010
	  0.003	  0.033	  0.999

3 	  44.88	  -1.48	   0.25
	  0.622	  0.245	  0.743
	 -0.114	  0.968	 -0.225
	 -0.775	  0.055	  0.629

4 	  39.69	   3.87	  -3.22
	  0.535	  0.754	 -0.380
	 -0.499	  0.644	  0.580
	  0.683	 -0.121	  0.720

5 	  40.52	  12.13	   0.90
	  0.159	  0.987	 -0.036
	  0.726	 -0.090	  0.682
	  0.671	 -0.132	 -0.730

6 	  40.50	  21.41	   0.11
