2  1262.21  -6.25  227.26  
   0.26  0.08  -0.96  
   -0.20  -0.97  -0.14  
   -0.94  0.23  -0.24  

3  1211.76  -2.68  42.86  
   -0.35  0.04  -0.94  
   0.02  -1.00  -0.05  
   -0.94  -0.04  0.35  

2  1262.21  -1.79  226.37  
   0.24  0.24  -0.94  
   -0.07  -0.96  -0.26  
   -0.97  0.12  -0.21  

3  1212.21  -1.79  43.31  
   -0.35  0.04  -0.94  
   0.02  -1.00  -0.06  
   -0.94  -0.04  0.35  

2  1264.44  -4.02  224.58  
   0.06  0.13  -0.99  
   -0.12  -0.98  -0.14  
   -0.99  0.12  -0.04  

3  1212.65  -0.89  43.31  
   -0.35  0.05  -0.94  
   0.02  -1.00  -0.06  
   -0.94  -0.04  0.35  

2  1268.02  -1.79  230.39  
   0.24  0.11  -0.97  
   -0.14  -0.98  -0.14  
   -0.96  0.17  -0.22  

3  1213.54  0.89  43.76  
   -0.35  0.05  -0.94  
   0.02  -1.00  -0.06  
   -0.94  -0.04  0.35  

2  1267.57  0.00  231.73  
   0.26  0.18  -0.95  
   -0.08  -0.98  -0.21  
   -0.96  0.13  -0.24  

3  1213.99  2.23  44.20  
   -0.35  0.05  -0.94  
   0.02  -1.00  -0.06  
   -0.94  -0.04  0.34  

2  1204.61  0.45  -21.88  
   -0.62  0.00  -0.79  
   -0.11  -0.99  0.08  
   -0.78  0.13  0.61  

3  1213.99  4.02  42.42  
   -0.39  0.05  -0.92  
   0.01  -1.00  -0.06  
   -0.92  -0.03  0.39  

2  1206.85  16.52  -17.86  
   -0.55  0.21  -0.81  
   0.11  -0.94  -0.32  
   -0.83  -0.26  0.50  

3  1214.44  3.57  41.97  
   -0.39  0.05  -0.92  
   0.01  -1.00  -0.06  
   -0.92  -0.03  0.39  

2  1198.81  12.95  -25.00  
   -0.74  0.21  -0.64  
   -0.06  -0.97  -0.24  
   -0.67  -0.14  0.73  

3  1214.88  3.57  41.97  
   -0.39  0.05  -0.92  
   0.01  -1.00  -0.06  
   -0.92  -0.03  0.39  

2  1200.15  3.57  -25.00  
   -0.73  0.08  -0.68  
   -0.13  -0.99  0.02  
   -0.67  0.10  0.73  

3  1214.88  3.57  42.86  
   -0.39  0.05  -0.92  
   0.01  -1.00  -0.06  
   -0.92  -0.03  0.38  

2  1206.85  5.36  -19.65  
   -0.57  0.06  -0.82  
   -0.12  -0.99  0.02  
   -0.81  0.11  0.58  

3  1215.33  6.25  42.86  
   -0.39  0.06  -0.92  
   0.01  -1.00  -0.07  
   -0.92  -0.04  0.39  

2  1190.33  -21.88  -129.93  
   -0.36  0.81  0.47  
   -0.90  -0.44  0.05  
   0.25  -0.40  0.88  

3  1321.15  -9.82  37.06  
   -0.15  0.06  -0.99  
   -0.02  -1.00  -0.06  
   -0.99  0.01  0.15  

2  1181.84  -12.50  -124.12  
   -0.53  0.47  0.70  
   -0.79  -0.58  -0.21  
   0.31  -0.67  0.68  

3  1322.04  -10.27  37.06  
   -0.15  0.06  -0.99  
   -0.02  -1.00  -0.06  
   -0.99  0.01  0.15  

2  1180.95  -32.59  -121.44  
   -0.19  0.63  0.75  
   -0.85  -0.49  0.20  
   0.49  -0.60  0.63  

3  1321.59  -11.16  38.40  
   -0.17  0.06  -0.98  
   -0.02  -1.00  -0.06  
   -0.99  0.01  0.17  

2  1193.01  -30.81  -127.25  
   -0.25  0.85  0.46  
   -0.88  -0.40  0.25  
   0.40  -0.34  0.85  

3  1321.59  -9.82  38.84  
   -0.16  0.06  -0.99  
   -0.02  -1.00  -0.05  
   -0.99  0.01  0.16  

2  1189.88  -15.18  -127.25  
   -0.49  0.69  0.53  
   -0.86  -0.49  -0.16  
   0.15  -0.53  0.83  

3  1322.04  -10.72  39.29  
   -0.15  0.06  -0.99  
   -0.02  -1.00  -0.05  
   -0.99  0.01  0.15  

2  1115.76  -18.31  84.83  
   -0.10  0.21  0.97  
   -0.77  -0.64  0.05  
   0.63  -0.74  0.23  

3  1323.83  -11.61  45.09  
   -0.14  0.05  -0.99  
   -0.03  -1.00  -0.05  
   -0.99  0.02  0.14  

2  1117.10  -5.36  81.71  
   -0.29  0.14  0.95  
   -0.86  -0.47  -0.20  
   0.42  -0.87  0.26  

3  1324.27  -12.06  46.43  
   -0.14  0.05  -0.99  
   -0.03  -1.00  -0.05  
   -0.99  0.02  0.14  

2  1117.55  -21.43  82.60  
   -0.09  0.29  0.95  
   -0.82  -0.57  0.09  
   0.57  -0.77  0.29  

3  1322.04  -12.50  47.33  
   -0.15  0.05  -0.99  
   -0.04  -1.00  -0.04  
   -0.99  0.03  0.16  

2  1115.76  -10.27  89.30  
   -0.15  0.07  0.99  
   -0.89  -0.44  -0.11  
   0.43  -0.90  0.13  

3  1320.70  -13.39  48.22  
   -0.16  0.05  -0.99  
   -0.03  -1.00  -0.04  
   -0.99  0.03  0.16  

2  1115.76  -3.57  91.98  
   -0.27  -0.04  0.96  
   -0.93  -0.24  -0.27  
   0.24  -0.97  0.03  

3  1319.81  -12.06  48.67  
   -0.15  0.05  -0.99  
   -0.03  -1.00  -0.04  
   -0.99  0.02  0.15  

2  1230.51  8.93  -8.93  
   -0.24  0.20  -0.95  
   -0.65  -0.76  -0.00  
   -0.72  0.61  0.32  

3  1224.71  -2.23  46.88  
   -0.36  0.06  -0.93  
   -0.02  -1.00  -0.06  
   -0.93  0.00  0.36  

2  1232.74  21.88  -4.02  
   0.02  0.36  -0.93  
   -0.43  -0.84  -0.33  
   -0.90  0.41  0.14  

3  1226.05  -1.79  46.88  
   -0.35  0.07  -0.93  
   -0.02  -1.00  -0.06  
   -0.94  0.00  0.35  

2  1227.39  21.88  -11.16  
   -0.18  0.52  -0.83  
   -0.52  -0.77  -0.37  
   -0.83  0.37  0.41  

3  1226.05  -1.79  46.88  
   -0.35  0.07  -0.93  
   -0.02  -1.00  -0.06  
   -0.94  0.00  0.35  

2  1228.28  11.61  -14.29  
   -0.28  0.41  -0.87  
   -0.66  -0.74  -0.13  
   -0.70  0.54  0.48  

3  1226.05  -2.68  47.33  
   -0.35  0.06  -0.94  
   -0.02  -1.00  -0.06  
   -0.94  0.00  0.35  

2  1231.85  8.04  -8.04  
   -0.18  0.19  -0.96  
   -0.65  -0.76  -0.03  
   -0.74  0.62  0.26  

3  1226.05  -3.13  47.33  
   -0.35  0.06  -0.94  
   -0.03  -1.00  -0.06  
   -0.94  0.00  0.35  

2  1207.74  122.34  22.77  
   -0.01  0.02  -1.00  
   -0.67  -0.74  -0.01  
   -0.74  0.67  0.02  

4  1125.14  175.02  9.82  
   0.62  -0.61  0.49  
   0.78  0.45  -0.44  
   0.05  0.65  0.76  

2  1207.29  132.16  20.98  
   -0.00  0.30  -0.95  
   -0.46  -0.85  -0.26  
   -0.89  0.44  0.14  

4  1124.25  175.47  10.72  
   0.62  -0.62  0.48  
   0.78  0.45  -0.43  
   0.05  0.64  0.76  

2  1203.72  123.68  8.93  
   -0.30  0.30  -0.91  
   -0.58  -0.81  -0.08  
   -0.76  0.50  0.41  

4  1124.69  175.02  10.27  
   0.62  -0.61  0.49  
   0.78  0.45  -0.44  
   0.05  0.65  0.76  

2  1206.40  113.85  18.75  
   -0.24  -0.05  -0.97  
   -0.58  -0.80  0.18  
   -0.78  0.60  0.16  

4  1126.03  175.47  8.93  
   0.62  -0.62  0.48  
   0.78  0.46  -0.43  
   0.04  0.64  0.77  

2  1206.40  116.09  22.77  
   -0.09  -0.09  -0.99  
   -0.53  -0.84  0.12  
   -0.85  0.53  0.03  

4  1125.59  176.36  9.82  
   0.62  -0.62  0.48  
   0.78  0.45  -0.43  
   0.05  0.64  0.77  

2  1161.75  173.24  -28.57  
   -0.74  0.58  -0.35  
   -0.43  -0.80  -0.42  
   -0.52  -0.16  0.84  

4  1129.16  174.13  12.06  
   0.57  -0.64  0.52  
   0.81  0.35  -0.46  
   0.12  0.68  0.72  

2  1147.02  183.95  -29.91  
   -0.80  0.60  -0.01  
   -0.45  -0.60  -0.66  
   -0.40  -0.52  0.75  

4  1128.71  174.58  9.38  
   0.57  -0.63  0.53  
   0.81  0.35  -0.47  
   0.11  0.70  0.71  

2  1141.66  173.24  -35.27  
   -0.76  0.63  0.19  
   -0.63  -0.62  -0.46  
   -0.17  -0.47  0.87  

4  1130.94  173.24  8.93  
   0.58  -0.62  0.53  
   0.81  0.36  -0.47  
   0.10  0.70  0.71  

2  1151.04  165.20  -37.95  
   -0.77  0.63  -0.00  
   -0.62  -0.76  -0.22  
   -0.14  -0.17  0.98  

4  1132.73  175.02  10.72  
   0.58  -0.62  0.53  
   0.81  0.36  -0.47  
   0.10  0.70  0.71  

2  1163.09  167.43  -37.06  
   -0.76  0.60  -0.25  
   -0.55  -0.80  -0.26  
   -0.35  -0.06  0.93  

4  1134.96  175.47  10.27  
   0.59  -0.62  0.52  
   0.80  0.37  -0.46  
   0.09  0.69  0.72  

2  1112.64  191.10  48.67  
   -0.54  0.66  0.52  
   0.21  0.71  -0.68  
   -0.82  -0.26  -0.52  

4  1145.23  167.88  2.68  
   0.63  -0.60  0.50  
   0.77  0.41  -0.48  
   0.08  0.69  0.72  

2  1119.78  197.79  37.95  
   -0.31  0.87  0.38  
   0.24  0.46  -0.86  
   -0.92  -0.18  -0.35  

4  1144.79  167.88  3.13  
   0.62  -0.61  0.49  
   0.78  0.41  -0.48  
   0.09  0.68  0.73  

2  1115.76  192.88  31.25  
   -0.18  0.90  0.40  
   0.15  0.43  -0.89  
   -0.97  -0.10  -0.21  

4  1140.77  167.43  3.13  
   0.61  -0.60  0.52  
   0.78  0.38  -0.49  
   0.09  0.70  0.70  

2  1104.16  185.29  33.93  
   -0.39  0.59  0.70  
   -0.05  0.75  -0.66  
   -0.92  -0.29  -0.27  

4  1141.66  166.54  1.34  
   0.61  -0.59  0.53  
   0.79  0.37  -0.49  
   0.09  0.72  0.69  

2  1111.30  191.10  39.29  
   -0.40  0.74  0.54  
   0.14  0.63  -0.76  
   -0.90  -0.23  -0.36  

4  1142.55  166.99  1.79  
   0.61  -0.59  0.53  
   0.78  0.38  -0.49  
   0.09  0.71  0.69  

2  1062.19  58.49  -9.82  
   -0.16  0.27  0.95  
   -0.90  -0.44  -0.03  
   0.41  -0.86  0.31  

4  1147.91  171.00  5.80  
   0.61  -0.62  0.49  
   0.79  0.41  -0.46  
   0.08  0.67  0.74  

2  1063.08  71.44  -15.18  
   -0.47  0.35  0.81  
   -0.86  -0.38  -0.33  
   0.19  -0.86  0.48  

4  1147.46  170.11  5.36  
   0.61  -0.62  0.49  
   0.78  0.42  -0.46  
   0.08  0.67  0.74  

2  1064.42  59.83  -21.43  
   -0.38  0.48  0.79  
   -0.86  -0.50  -0.12  
   0.34  -0.72  0.60  

4  1147.46  169.66  5.36  
   0.61  -0.62  0.49  
   0.79  0.42  -0.46  
   0.08  0.66  0.74  

2  1060.85  60.72  -5.36  
   -0.23  0.25  0.94  
   -0.91  -0.39  -0.12  
   0.34  -0.89  0.31  

4  1147.46  170.11  4.91  
   0.61  -0.62  0.49  
   0.79  0.42  -0.46  
   0.08  0.67  0.74  

2  1062.63  71.88  0.45  
   -0.38  0.03  0.92  
   -0.89  -0.27  -0.36  
   0.23  -0.96  0.13  

4  1147.46  170.11  4.46  
   0.61  -0.61  0.50  
   0.79  0.41  -0.46  
   0.07  0.68  0.73  

2  1065.31  84.83  126.80  
   -0.23  -0.30  0.92  
   -0.72  -0.58  -0.37  
   0.65  -0.76  -0.08  

4  1186.76  169.66  -1.34  
   0.62  -0.65  0.44  
   0.78  0.45  -0.44  
   0.09  0.61  0.78  

2  1065.76  83.94  116.53  
   -0.41  -0.27  0.87  
   -0.63  -0.60  -0.49  
   0.66  -0.75  0.08  

4  1186.76  169.22  -1.34  
   0.62  -0.65  0.44  
   0.78  0.45  -0.44  
   0.09  0.61  0.78  

2  1064.87  76.80  117.43  
   -0.28  -0.11  0.95  
   -0.58  -0.77  -0.26  
   0.76  -0.63  0.15  

4  1186.76  169.66  -1.34  
   0.62  -0.65  0.44  
   0.78  0.45  -0.44  
   0.09  0.62  0.78  

2  1066.65  82.15  127.25  
   -0.23  -0.39  0.89  
   -0.60  -0.66  -0.44  
   0.76  -0.64  -0.08  

4  1187.20  168.77  -2.23  
   0.62  -0.65  0.44  
   0.78  0.45  -0.44  
   0.09  0.62  0.78  

2  1068.88  83.94  129.03  
   -0.22  -0.51  0.83  
   -0.51  -0.67  -0.54  
   0.83  -0.54  -0.11  

4  1187.20  168.32  -1.79  
   0.62  -0.65  0.44  
   0.78  0.45  -0.44  
   0.09  0.62  0.78  

2  1268.02  356.29  177.25  
   0.06  0.33  -0.94  
   0.54  -0.80  -0.25  
   -0.84  -0.49  -0.23  

5  1213.99  324.15  108.50  
   0.15  0.98  -0.12  
   -0.67  0.01  -0.74  
   -0.72  0.20  0.66  

2  1259.98  369.69  176.36  
   -0.33  0.50  -0.80  
   0.64  -0.50  -0.58  
   -0.69  -0.70  -0.16  

5  1212.21  323.25  108.50  
   0.16  0.98  -0.11  
   -0.68  0.03  -0.74  
   -0.72  0.19  0.67  

2  1256.41  369.69  165.65  
   -0.54  0.36  -0.76  
   0.52  -0.56  -0.64  
   -0.66  -0.74  0.12  

5  1211.76  322.81  108.05  
   0.16  0.98  -0.11  
   -0.68  0.03  -0.74  
   -0.72  0.19  0.67  

2  1262.21  361.65  162.07  
   -0.35  0.25  -0.90  
   0.44  -0.81  -0.39  
   -0.83  -0.53  0.17  

5  1212.65  323.25  108.94  
   0.16  0.98  -0.11  
   -0.68  0.03  -0.74  
   -0.72  0.19  0.67  

2  1265.34  360.31  175.47  
   -0.05  0.28  -0.96  
   0.55  -0.79  -0.27  
   -0.83  -0.54  -0.12  

5  1213.10  322.81  109.39  
   0.16  0.98  -0.11  
   -0.68  0.03  -0.74  
   -0.72  0.20  0.67  

2  1151.04  304.50  151.36  
   -0.48  0.25  0.84  
   0.48  -0.72  0.49  
   0.73  0.64  0.23  

5  1217.12  324.59  110.73  
   0.17  0.98  -0.11  
   -0.68  0.03  -0.73  
   -0.72  0.20  0.67  

2  1145.68  324.59  142.88  
   -0.39  -0.17  0.90  
   0.62  -0.77  0.12  
   0.68  0.61  0.41  

5  1215.78  324.15  110.28  
   0.16  0.98  -0.11  
   -0.68  0.03  -0.73  
   -0.71  0.19  0.67  

2  1147.02  336.20  146.00  
   -0.28  -0.35  0.89  
   0.64  -0.76  -0.10  
   0.71  0.55  0.44  

5  1216.22  324.59  111.62  
   0.16  0.98  -0.12  
   -0.68  0.03  -0.73  
   -0.71  0.20  0.67  

2  1147.46  333.08  157.16  
   -0.13  -0.23  0.97  
   0.62  -0.78  -0.10  
   0.78  0.58  0.24  

5  1217.12  325.04  111.62  
   0.17  0.98  -0.13  
   -0.68  0.02  -0.73  
   -0.71  0.21  0.67  

2  1148.36  314.32  164.31  
   -0.23  0.16  0.96  
   0.62  -0.73  0.27  
   0.75  0.66  0.07  

5  1219.80  325.04  112.51  
   0.18  0.97  -0.14  
   -0.68  0.02  -0.73  
   -0.71  0.22  0.67  

2  1465.36  80.37  389.33  
   -0.79  0.21  -0.57  
   -0.60  -0.40  0.69  
   -0.08  0.89  0.44  

6  1434.11  158.50  383.98  
   0.90  -0.09  -0.42  
   -0.30  0.58  -0.76  
   0.31  0.81  0.49  

2  1470.72  89.74  386.21  
   -0.67  0.20  -0.71  
   -0.65  -0.61  0.44  
   -0.35  0.76  0.54  

6  1433.66  158.50  384.87  
   0.90  -0.09  -0.42  
   -0.30  0.57  -0.76  
   0.31  0.82  0.49  

2  1466.25  87.96  373.71  
   -0.74  0.30  -0.60  
   -0.59  -0.73  0.36  
   -0.33  0.62  0.72  

6  1433.21  157.16  384.87  
   0.91  -0.08  -0.42  
   -0.31  0.57  -0.77  
   0.29  0.82  0.49  

2  1455.09  82.15  379.07  
   -0.89  0.31  -0.35  
   -0.46  -0.62  0.64  
   -0.02  0.73  0.69  

6  1433.21  157.61  384.42  
   0.91  -0.07  -0.41  
   -0.30  0.56  -0.77  
   0.29  0.82  0.49  

2  1448.40  75.01  385.32  
   -0.95  0.26  -0.16  
   -0.27  -0.46  0.85  
   0.15  0.85  0.50  

6  1432.77  158.06  384.87  
   0.91  -0.07  -0.41  
   -0.30  0.56  -0.77  
   0.29  0.83  0.48  

2  1465.81  171.00  440.23  
   0.85  0.31  -0.43  
   -0.19  -0.57  -0.80  
   -0.50  0.76  -0.42  

6  1431.43  155.82  383.98  
   0.92  -0.07  -0.40  
   -0.29  0.57  -0.77  
   0.28  0.82  0.50  

2  1458.22  174.58  439.79  
   0.82  0.53  -0.22  
   0.07  -0.47  -0.88  
   -0.57  0.71  -0.42  

6  1430.09  155.38  384.42  
   0.92  -0.07  -0.39  
   -0.29  0.57  -0.77  
   0.28  0.82  0.50  

2  1466.25  171.90  436.22  
   0.67  0.56  -0.50  
   -0.18  -0.53  -0.83  
   -0.72  0.64  -0.25  

6  1429.64  155.38  384.42  
   0.92  -0.07  -0.39  
   -0.28  0.57  -0.77  
   0.28  0.82  0.51  

2  1471.17  167.43  431.30  
   0.48  0.55  -0.68  
   -0.28  -0.64  -0.71  
   -0.83  0.53  -0.15  

6  1429.20  156.27  384.87  
   0.92  -0.07  -0.38  
   -0.27  0.57  -0.77  
   0.28  0.82  0.51  

2  1468.49  168.77  435.77  
   0.55  0.56  -0.61  
   -0.11  -0.68  -0.72  
   -0.83  0.46  -0.32  

6  1429.20  155.38  385.76  
   0.92  -0.08  -0.38  
   -0.27  0.57  -0.78  
   0.28  0.82  0.50  

2  1280.07  -8.93  9.82  
   0.12  -0.26  -0.96  
   0.64  0.75  -0.13  
   0.76  -0.60  0.26  

3  1264.44  -2.23  59.38  
   -0.24  0.03  -0.97  
   0.02  -1.00  -0.03  
   -0.97  -0.02  0.24  

2  1276.50  -16.07  11.16  
   0.16  0.03  -0.99  
   0.65  0.75  0.13  
   0.74  -0.66  0.10  

3  1261.32  -1.34  56.70  
   -0.24  0.02  -0.97  
   0.02  -1.00  -0.03  
   -0.97  -0.03  0.24  

2  1273.82  -16.07  4.46  
   0.37  -0.10  -0.92  
   0.67  0.72  0.19  
   0.65  -0.69  0.33  

3  1261.32  0.00  56.70  
   -0.24  0.02  -0.97  
   0.03  -1.00  -0.03  
   -0.97  -0.04  0.24  

2  1275.16  -5.80  4.91  
   0.12  -0.28  -0.95  
   0.64  0.75  -0.14  
   0.76  -0.59  0.28  

3  1261.32  0.00  57.60  
   -0.25  0.02  -0.97  
   0.03  -1.00  -0.03  
   -0.97  -0.04  0.24  

2  1275.61  -5.36  10.27  
   -0.02  -0.15  -0.99  
   0.57  0.81  -0.14  
   0.82  -0.57  0.07  

3  1261.32  0.00  57.60  
   -0.25  0.03  -0.97  
   0.03  -1.00  -0.03  
   -0.97  -0.04  0.24  

2  1239.89  -126.36  2.23  
   0.47  -0.46  -0.75  
   0.77  0.63  0.10  
   0.43  -0.63  0.65  

7  1169.79  -179.49  -12.50  
   0.55  0.78  0.31  
   -0.81  0.40  0.43  
   0.21  -0.49  0.85  

2  1242.12  -129.93  6.70  
   0.49  -0.30  -0.82  
   0.75  0.63  0.22  
   0.45  -0.72  0.53  

7  1169.34  -178.15  -12.95  
   0.54  0.78  0.31  
   -0.81  0.40  0.43  
   0.21  -0.48  0.85  

2  1245.69  -120.55  15.63  
   0.22  -0.32  -0.92  
   0.72  0.69  -0.07  
   0.66  -0.65  0.38  

7  1169.79  -179.04  -12.50  
   0.54  0.79  0.30  
   -0.81  0.40  0.43  
   0.22  -0.48  0.85  

2  1238.99  -111.62  6.70  
   0.28  -0.59  -0.76  
   0.73  0.64  -0.23  
   0.62  -0.49  0.61  

7  1170.68  -178.59  -12.95  
   0.54  0.79  0.29  
   -0.81  0.40  0.42  
   0.21  -0.47  0.86  

2  1237.65  -117.87  0.89  
   0.46  -0.55  -0.70  
   0.72  0.69  -0.07  
   0.52  -0.47  0.71  

7  1170.24  -177.70  -13.39  
   0.54  0.79  0.30  
   -0.81  0.40  0.42  
   0.21  -0.47  0.86  

2  1222.03  -168.32  -40.63  
   0.50  -0.75  -0.43  
   0.85  0.34  0.39  
   -0.15  -0.56  0.81  

7  1177.38  -177.25  -13.39  
   0.55  0.77  0.32  
   -0.81  0.40  0.44  
   0.21  -0.50  0.84  

2  1225.60  -179.49  -33.93  
   0.61  -0.62  -0.49  
   0.74  0.23  0.64  
   -0.28  -0.75  0.60  

7  1177.83  -176.81  -15.63  
   0.56  0.77  0.32  
   -0.81  0.40  0.43  
   0.20  -0.50  0.84  

2  1231.85  -162.07  -34.83  
   0.29  -0.71  -0.64  
   0.96  0.18  0.24  
   -0.06  -0.68  0.73  

7  1178.72  -177.25  -13.39  
   0.55  0.77  0.32  
   -0.81  0.40  0.44  
   0.21  -0.50  0.84  

2  1219.35  -148.68  -43.31  
   0.10  -0.93  -0.35  
   0.99  0.13  -0.04  
   0.08  -0.35  0.93  

7  1178.27  -177.70  -12.95  
   0.55  0.77  0.32  
   -0.81  0.39  0.44  
   0.21  -0.50  0.84  

2  1220.24  -159.84  -47.77  
   0.29  -0.89  -0.34  
   0.94  0.22  0.24  
   -0.14  -0.39  0.91  

7  1178.27  -176.81  -13.39  
   0.55  0.77  0.31  
   -0.80  0.40  0.44  
   0.21  -0.50  0.84  

2  1150.14  -200.03  16.52  
   -0.15  -0.38  0.91  
   -0.41  0.86  0.29  
   -0.90  -0.33  -0.28  

7  1197.47  -181.72  -18.75  
   0.57  0.77  0.30  
   -0.80  0.43  0.41  
   0.19  -0.48  0.86  

2  1160.41  -216.99  21.43  
   0.20  -0.69  0.69  
   -0.66  0.43  0.62  
   -0.73  -0.58  -0.37  

7  1197.02  -181.72  -18.31  
   0.57  0.77  0.30  
   -0.80  0.43  0.41  
   0.19  -0.47  0.86  

2  1163.98  -221.01  3.13  
   0.53  -0.61  0.58  
   -0.38  0.44  0.81  
   -0.75  -0.66  0.00  

7  1197.02  -181.27  -18.31  
   0.57  0.77  0.30  
   -0.80  0.43  0.42  
   0.19  -0.47  0.86  

2  1158.63  -208.06  -9.82  
   0.52  -0.48  0.71  
   -0.20  0.73  0.65  
   -0.83  -0.48  0.29  

7  1195.69  -179.49  -17.86  
   0.56  0.77  0.31  
   -0.80  0.42  0.43  
   0.20  -0.49  0.85  

2  1151.48  -201.81  -4.91  
   0.33  -0.34  0.88  
   -0.31  0.84  0.44  
   -0.89  -0.42  0.18  

7  1195.24  -179.93  -17.86  
   0.56  0.77  0.31  
   -0.80  0.42  0.43  
   0.20  -0.49  0.85  

2  1108.62  -73.22  -20.09  
   0.39  0.10  0.92  
   0.53  0.79  -0.31  
   -0.75  0.60  0.26  

7  1199.70  -187.08  -13.84  
   0.57  0.76  0.32  
   -0.80  0.41  0.44  
   0.20  -0.51  0.84  

2  1104.16  -95.10  -16.07  
   0.06  -0.14  0.99  
   0.28  0.95  0.12  
   -0.96  0.27  0.09  

7  1199.70  -186.63  -14.29  
   0.57  0.76  0.32  
   -0.80  0.41  0.44  
   0.20  -0.50  0.84  

2  1108.62  -95.99  -31.70  
   0.28  -0.29  0.92  
   0.30  0.93  0.20  
   -0.91  0.22  0.34  

7  1199.70  -185.74  -14.73  
   0.57  0.76  0.32  
   -0.80  0.41  0.44  
   0.20  -0.51  0.84  

2  1110.85  -86.62  -39.74  
   0.47  -0.31  0.83  
   0.41  0.91  0.11  
   -0.78  0.29  0.55  

7  1196.58  -183.51  -14.73  
   0.56  0.76  0.33  
   -0.80  0.41  0.43  
   0.20  -0.50  0.84  

2  1107.28  -80.37  -31.25  
   0.49  -0.13  0.86  
   0.41  0.91  -0.09  
   -0.77  0.40  0.49  

7  1194.35  -184.84  -12.95  
   0.56  0.76  0.33  
   -0.80  0.40  0.44  
   0.20  -0.51  0.83  

2  1088.08  -122.78  135.73  
   -0.48  0.13  0.87  
   0.70  0.65  0.29  
   -0.53  0.75  -0.40  

7  1218.90  -186.18  -16.52  
   0.62  0.74  0.27  
   -0.76  0.47  0.45  
   0.21  -0.48  0.85  

2  1092.55  -133.50  133.95  
   -0.60  -0.18  0.78  
   0.46  0.72  0.52  
   -0.66  0.67  -0.34  

7  1219.35  -186.18  -16.07  
   0.62  0.74  0.27  
   -0.76  0.47  0.45  
   0.21  -0.48  0.85  

2  1088.53  -130.37  120.55  
   -0.40  -0.30  0.87  
   0.51  0.71  0.48  
   -0.76  0.63  -0.13  

7  1218.90  -186.18  -16.07  
   0.62  0.74  0.26  
   -0.76  0.47  0.45  
   0.21  -0.48  0.85  

2  1086.74  -117.87  123.23  
   -0.27  -0.13  0.95  
   0.61  0.74  0.28  
   -0.74  0.66  -0.12  

7  1218.46  -186.18  -16.07  
   0.62  0.74  0.26  
   -0.76  0.47  0.45  
   0.21  -0.48  0.85  

2  1086.30  -109.39  131.27  
   -0.30  0.04  0.95  
   0.63  0.76  0.17  
   -0.72  0.65  -0.25  

7  1218.46  -186.18  -16.07  
   0.62  0.74  0.27  
   -0.76  0.47  0.45  
   0.21  -0.48  0.85  

2  1252.39  -366.12  167.88  
   0.17  -0.11  -0.98  
   0.37  0.93  -0.04  
   0.91  -0.36  0.20  

8  1199.26  -359.87  107.16  
   0.19  -0.95  -0.26  
   0.63  -0.09  0.77  
   -0.75  -0.31  0.58  

2  1251.94  -380.85  164.75  
   0.35  0.24  -0.91  
   0.26  0.90  0.34  
   0.90  -0.35  0.25  

8  1199.26  -361.21  106.71  
   0.19  -0.95  -0.25  
   0.63  -0.08  0.78  
   -0.76  -0.30  0.58  

2  1255.51  -368.80  175.91  
   0.06  0.06  -1.00  
   0.33  0.94  0.08  
   0.94  -0.34  0.04  

8  1201.94  -360.76  107.16  
   0.19  -0.94  -0.27  
   0.63  -0.09  0.77  
   -0.76  -0.31  0.57  

2  1254.62  -360.31  172.34  
   0.07  -0.16  -0.98  
   0.34  0.93  -0.13  
   0.94  -0.33  0.12  

8  1202.83  -360.76  107.60  
   0.18  -0.94  -0.27  
   0.63  -0.10  0.77  
   -0.76  -0.31  0.57  

2  1258.19  -369.24  169.66  
   0.17  0.02  -0.99  
   0.30  0.95  0.07  
   0.94  -0.31  0.15  

8  1204.17  -361.21  107.16  
   0.18  -0.95  -0.27  
   0.63  -0.10  0.77  
   -0.76  -0.31  0.57  

2  1127.82  -349.15  161.63  
   0.09  0.27  0.96  
   0.59  0.76  -0.27  
   -0.81  0.59  -0.09  

8  1201.94  -356.29  102.24  
   0.16  -0.96  -0.23  
   0.66  -0.07  0.75  
   -0.74  -0.27  0.62  

2  1130.50  -379.51  160.29  
   -0.12  -0.16  0.98  
   0.25  0.95  0.18  
   -0.96  0.27  -0.07  

8  1205.95  -359.42  103.58  
   0.15  -0.96  -0.24  
   0.64  -0.09  0.76  
   -0.75  -0.27  0.60  

2  1133.18  -385.32  144.21  
   0.21  -0.34  0.92  
   0.25  0.92  0.28  
   -0.94  0.17  0.28  

8  1205.95  -360.31  104.48  
   0.15  -0.96  -0.24  
   0.64  -0.09  0.76  
   -0.75  -0.27  0.60  

2  1135.86  -376.83  136.62  
   0.33  -0.30  0.90  
   0.36  0.92  0.17  
   -0.87  0.27  0.41  

8  1205.95  -360.31  104.03  
   0.15  -0.96  -0.24  
   0.64  -0.09  0.76  
   -0.75  -0.27  0.60  

2  1136.75  -365.67  147.34  
   0.29  -0.05  0.95  
   0.43  0.90  -0.09  
   -0.85  0.43  0.28  

8  1208.19  -360.76  104.48  
   0.14  -0.96  -0.25  
   0.64  -0.10  0.76  
   -0.75  -0.27  0.60  

2  1453.31  -54.47  375.94  
   0.51  -0.85  0.13  
   0.60  0.24  -0.76  
   0.62  0.47  0.63  

9  1453.31  -143.32  379.51  
   0.88  0.09  -0.47  
   0.32  0.62  0.72  
   0.35  -0.78  0.51  

2  1462.24  -59.83  367.01  
   0.62  -0.77  -0.16  
   0.56  0.58  -0.60  
   0.55  0.28  0.78  

9  1452.86  -144.21  378.62  
   0.88  0.09  -0.47  
   0.32  0.61  0.72  
   0.35  -0.78  0.51  

2  1467.59  -64.74  368.35  
   0.59  -0.75  -0.30  
   0.48  0.62  -0.62  
   0.65  0.22  0.72  

9  1454.20  -144.21  379.07  
   0.88  0.09  -0.47  
   0.32  0.62  0.72  
   0.35  -0.78  0.51  

2  1457.77  -54.92  382.19  
   0.50  -0.86  -0.05  
   0.43  0.31  -0.85  
   0.75  0.40  0.53  

9  1454.65  -144.66  378.62  
   0.88  0.09  -0.47  
   0.32  0.62  0.72  
   0.35  -0.78  0.51  

2  1451.52  -55.81  375.05  
   0.49  -0.86  0.14  
   0.60  0.21  -0.78  
   0.64  0.46  0.61  

9  1452.86  -145.55  377.73  
   0.88  0.08  -0.47  
   0.33  0.61  0.72  
   0.34  -0.79  0.51  

2  1452.86  -178.15  433.98  
   -0.26  -0.96  -0.07  
   -0.43  0.05  0.90  
   -0.87  0.26  -0.43  

9  1451.97  -152.25  381.30  
   0.91  0.09  -0.41  
   0.28  0.58  0.76  
   0.31  -0.81  0.50  

2  1455.54  -175.91  429.07  
   -0.10  -0.97  -0.20  
   -0.37  -0.15  0.92  
   -0.92  0.17  -0.35  

9  1450.63  -153.59  380.85  
   0.91  0.10  -0.41  
   0.28  0.58  0.76  
   0.31  -0.81  0.50  

2  1449.29  -178.59  427.73  
   -0.23  -0.97  0.03  
   -0.32  0.10  0.94  
   -0.92  0.21  -0.33  

9  1450.18  -152.70  379.96  
   0.91  0.09  -0.41  
   0.28  0.60  0.75  
   0.31  -0.80  0.52  

2  1452.86  -178.15  433.98  
   -0.25  -0.97  -0.07  
   -0.43  0.05  0.90  
   -0.87  0.25  -0.43  

9  1451.07  -152.25  379.96  
   0.91  0.09  -0.41  
   0.28  0.60  0.75  
   0.31  -0.80  0.52  

2  1457.33  -176.81  430.41  
   -0.21  -0.95  -0.22  
   -0.39  -0.12  0.91  
   -0.90  0.28  -0.35  

9  1450.63  -151.80  381.30  
   0.90  0.09  -0.42  
   0.28  0.60  0.74  
   0.32  -0.79  0.52  

