2 	  32.91	  -6.70	  23.03
	  0.999	 -0.036	  0.011
	  0.036	  0.999	 -0.031
	 -0.011	  0.031	  0.999

3 	  43.79	  -1.88	   2.02
	  0.624	  0.228	  0.747
	 -0.102	  0.972	 -0.211
	 -0.775	  0.055	  0.630

4 	  36.37	   3.57	  -2.06
	  0.495	  0.834	 -0.242
	 -0.731	  0.551	  0.403
	  0.470	 -0.023	  0.882

5 	  37.83	   7.54	  10.05
	  0.387	  0.236	  0.891
	 -0.328	 -0.869	  0.372
	  0.862	 -0.436	 -0.259

6 	  43.89	   9.90	  19.35
	  0.344	  0.038	  0.938
	 -0.414	  0.903	  0.115
	 -0.843	 -0.428	  0.326

7 	  36.98	  -8.44	  -1.74
	  0.392	 -0.916	  0.079
	  0.895	  0.361	 -0.262
	  0.211	  0.173	  0.962

8 	  37.83	 -11.07	  10.95
	  0.452	 -0.148	  0.879
	  0.209	 -0.941	 -0.266
	  0.867	  0.304	 -0.395

9 	  45.30	 -10.67	  19.20
	  0.514	  0.161	  0.843
	  0.121	  0.958	 -0.257
	 -0.849	  0.234	  0.473

2 	  32.89	  -6.70	  23.03
	  0.999	 -0.036	  0.011
	  0.036	  0.999	 -0.031
	 -0.010	  0.031	  0.999

3 	  43.79	  -1.90	   2.02
	  0.623	  0.228	  0.748
	 -0.102	  0.972	 -0.212
	 -0.775	  0.055	  0.629

4 	  36.39	   3.55	  -2.06
	  0.496	  0.834	 -0.242
	 -0.731	  0.551	  0.402
	  0.469	 -0.023	  0.883

5 	  37.81	   7.54	  10.07
	  0.385	  0.237	  0.892
	 -0.328	 -0.869	  0.372
	  0.862	 -0.436	 -0.257

6 	  43.89	   9.88	  19.35
	  0.345	  0.037	  0.938
	 -0.414	  0.902	  0.116
	 -0.842	 -0.429	  0.326

7 	  37.00	  -8.46	  -1.72
	  0.392	 -0.916	  0.080
	  0.895	  0.360	 -0.261
	  0.210	  0.174	  0.962

8 	  37.83	 -11.06	  10.97
	  0.452	 -0.148	  0.880
	  0.209	 -0.941	 -0.266
	  0.867	  0.304	 -0.394

9 	  45.30	 -10.65	  19.23
	  0.513	  0.163	  0.843
	  0.124	  0.957	 -0.261
	 -0.849	  0.238	  0.471

2 	  32.89	  -6.70	  23.03
	  0.999	 -0.036	  0.012
	  0.036	  0.999	 -0.031
	 -0.011	  0.032	  0.999

3 	  43.79	  -1.90	   2.04
	  0.623	  0.228	  0.748
	 -0.102	  0.972	 -0.212
	 -0.776	  0.056	  0.629

4 	  36.39	   3.55	  -2.07
	  0.496	  0.834	 -0.241
	 -0.731	  0.551	  0.402
	  0.468	 -0.023	  0.883

5 	  37.85	   7.54	  10.07
	  0.384	  0.237	  0.892
	 -0.327	 -0.869	  0.371
	  0.863	 -0.435	 -0.257

6 	  43.88	   9.88	  19.35
	  0.345	  0.036	  0.938
	 -0.415	  0.902	  0.117
	 -0.842	 -0.430	  0.326

7 	  37.00	  -8.46	  -1.76
	  0.393	 -0.916	  0.080
	  0.895	  0.361	 -0.261
	  0.210	  0.175	  0.962

8 	  37.79	 -11.07	  10.81
	  0.401	 -0.163	  0.901
	  0.222	 -0.937	 -0.269
	  0.888	  0.308	 -0.340

9 	  45.26	 -10.63	  19.23
	  0.518	  0.163	  0.840
	  0.135	  0.954	 -0.269
	 -0.845	  0.252	  0.472

2 	  32.89	  -6.70	  23.04
	  0.999	 -0.036	  0.012
	  0.037	  0.999	 -0.031
	 -0.011	  0.031	  0.999

3 	  43.80	  -1.90	   2.04
	  0.622	  0.228	  0.749
	 -0.101	  0.972	 -0.212
	 -0.776	  0.056	  0.628

4 	  36.42	   3.57	  -2.06
	  0.498	  0.833	 -0.238
	 -0.732	  0.552	  0.401
	  0.465	 -0.026	  0.885

5 	  37.85	   7.52	  10.05
	  0.382	  0.243	  0.891
	 -0.316	 -0.872	  0.373
	  0.868	 -0.424	 -0.257

6 	  43.89	   9.90	  19.35
	  0.343	  0.038	  0.938
	 -0.409	  0.905	  0.112
	 -0.845	 -0.423	  0.326

7 	  37.07	  -8.47	  -1.72
	  0.403	 -0.911	  0.086
	  0.892	  0.370	 -0.259
	  0.204	  0.182	  0.962

8 	  37.92	 -11.20	  10.79
	  0.390	 -0.167	  0.905
	  0.252	 -0.926	 -0.280
	  0.885	  0.338	 -0.319

9 	  45.40	 -10.67	  19.16
	  0.526	  0.143	  0.838
	  0.121	  0.963	 -0.240
	 -0.841	  0.228	  0.490

2 	  32.89	  -6.70	  23.03
	  0.999	 -0.036	  0.012
	  0.036	  0.999	 -0.031
	 -0.011	  0.032	  0.999

3 	  43.80	  -1.88	   2.06
	  0.618	  0.229	  0.751
	 -0.101	  0.971	 -0.214
	 -0.779	  0.056	  0.624

4 	  36.42	   3.57	  -2.06
	  0.500	  0.833	 -0.236
	 -0.733	  0.552	  0.397
	  0.461	 -0.026	  0.887

5 	  37.90	   7.51	   9.98
	  0.380	  0.260	  0.887
	 -0.292	 -0.877	  0.382
	  0.877	 -0.404	 -0.258

6 	  44.05	   9.91	  19.28
	  0.339	  0.047	  0.939
	 -0.381	  0.920	  0.092
	 -0.860	 -0.390	  0.330

7 	  37.09	  -8.46	  -1.71
	  0.408	 -0.908	  0.088
	  0.890	  0.375	 -0.259
	  0.202	  0.184	  0.962

8 	  38.27	 -11.25	  10.76
	  0.409	 -0.174	  0.896
	  0.266	 -0.916	 -0.299
	  0.873	  0.361	 -0.329

9 	  45.90	 -10.69	  18.95
	  0.549	  0.126	  0.826
	  0.096	  0.972	 -0.213
	 -0.830	  0.196	  0.521

2 	  32.89	  -6.70	  23.03
	  0.999	 -0.036	  0.012
	  0.036	  0.999	 -0.031
	 -0.011	  0.032	  0.999

3 	  43.82	  -1.86	   2.09
	  0.613	  0.232	  0.755
	 -0.103	  0.971	 -0.215
	 -0.783	  0.054	  0.620

4 	  36.42	   3.59	  -2.07
	  0.498	  0.833	 -0.241
	 -0.740	  0.553	  0.383
	  0.452	 -0.013	  0.892

5 	  38.23	   7.65	   9.91
	  0.410	  0.299	  0.861
	 -0.221	 -0.884	  0.412
	  0.885	 -0.359	 -0.297

6 	  44.74	  10.39	  18.81
	  0.381	  0.071	  0.921
	 -0.391	  0.916	  0.091
	 -0.838	 -0.395	  0.377

7 	  37.09	  -8.44	  -1.69
	  0.411	 -0.908	  0.083
	  0.888	  0.379	 -0.259
	  0.203	  0.180	  0.962

8 	  38.71	 -11.51	  10.58
	  0.453	 -0.208	  0.867
	  0.237	 -0.910	 -0.341
	  0.859	  0.360	 -0.363

9 	  46.78	 -11.27	  18.35
	  0.596	  0.092	  0.798
	  0.105	  0.976	 -0.191
	 -0.796	  0.197	  0.572

2 	  32.89	  -6.70	  23.04
	  0.999	 -0.036	  0.012
	  0.036	  0.999	 -0.031
	 -0.011	  0.031	  0.999

3 	  43.82	  -1.88	   2.07
	  0.613	  0.233	  0.755
	 -0.103	  0.971	 -0.216
	 -0.784	  0.054	  0.619

4 	  36.40	   3.59	  -2.06
	  0.499	  0.831	 -0.245
	 -0.739	  0.556	  0.380
	  0.452	 -0.009	  0.892

5 	  38.67	   7.82	   9.79
	  0.452	  0.333	  0.828
	 -0.163	 -0.881	  0.443
	  0.877	 -0.335	 -0.344

6 	  45.56	  10.81	  18.18
	  0.436	  0.089	  0.895
	 -0.405	  0.908	  0.106
	 -0.804	 -0.409	  0.432

7 	  37.05	  -8.38	  -1.72
	  0.411	 -0.909	  0.070
	  0.887	  0.381	 -0.259
	  0.208	  0.168	  0.963

8 	  39.18	 -11.76	  10.39
	  0.502	 -0.238	  0.831
	  0.200	 -0.903	 -0.379
	  0.841	  0.357	 -0.406

9 	  47.67	 -11.81	  17.60
	  0.646	  0.061	  0.761
	  0.118	  0.976	 -0.179
	 -0.754	  0.206	  0.624

2 	  32.89	  -6.70	  23.03
	  0.999	 -0.036	  0.012
	  0.036	  0.999	 -0.031
	 -0.011	  0.032	  0.999

3 	  43.80	  -1.86	   2.07
	  0.610	  0.233	  0.757
	 -0.102	  0.970	 -0.217
	 -0.786	  0.055	  0.616

4 	  36.42	   3.57	  -2.13
	  0.506	  0.823	 -0.258
	 -0.734	  0.568	  0.373
	  0.453	 -0.000	  0.891

5 	  39.15	   7.96	   9.60
	  0.495	  0.355	  0.793
	 -0.128	 -0.873	  0.471
	  0.859	 -0.334	 -0.387

6 	  46.44	  11.06	  17.51
	  0.484	  0.099	  0.870
	 -0.391	  0.913	  0.114
	 -0.783	 -0.396	  0.480

7 	  37.00	  -8.33	  -1.76
	  0.408	 -0.911	  0.051
	  0.887	  0.383	 -0.258
	  0.215	  0.151	  0.965

8 	  39.87	 -12.08	  10.07
	  0.565	 -0.270	  0.779
	  0.154	 -0.894	 -0.421
	  0.810	  0.358	 -0.464

9 	  48.76	 -12.39	  16.49
	  0.708	  0.035	  0.704
	  0.120	  0.978	 -0.169
	 -0.695	  0.204	  0.689

2 	  32.89	  -6.70	  23.03
	  0.999	 -0.036	  0.012
	  0.036	  0.999	 -0.031
	 -0.011	  0.032	  0.999

3 	  43.80	  -1.88	   2.06
	  0.609	  0.235	  0.757
	 -0.102	  0.970	 -0.220
	 -0.787	  0.057	  0.615

4 	  36.42	   3.53	  -2.20
	  0.510	  0.816	 -0.272
	 -0.727	  0.578	  0.370
	  0.459	  0.009	  0.888

5 	  39.60	   8.21	   9.32
	  0.541	  0.386	  0.747
	 -0.089	 -0.857	  0.507
	  0.836	 -0.340	 -0.429

6 	  47.41	  11.30	  16.51
	  0.549	  0.104	  0.829
	 -0.373	  0.918	  0.132
	 -0.748	 -0.382	  0.543

7 	  36.97	  -8.28	  -1.85
	  0.406	 -0.914	  0.026
	  0.885	  0.386	 -0.259
	  0.226	  0.128	  0.965

8 	  40.57	 -12.30	   9.63
	  0.629	 -0.296	  0.719
	  0.105	 -0.884	 -0.456
	  0.770	  0.362	 -0.525

9 	  49.90	 -12.69	  15.26
	  0.767	  0.016	  0.641
	  0.114	  0.980	 -0.161
	 -0.631	  0.197	  0.750

2 	  32.89	  -6.70	  23.03
	  0.999	 -0.036	  0.012
	  0.036	  0.999	 -0.031
	 -0.011	  0.031	  0.999

3 	  43.80	  -1.86	   2.04
	  0.607	  0.238	  0.758
	 -0.103	  0.969	 -0.222
	 -0.788	  0.056	  0.613

4 	  36.40	   3.46	  -2.25
	  0.510	  0.809	 -0.290
	 -0.721	  0.586	  0.369
	  0.468	  0.021	  0.883

5 	  40.01	   8.40	   9.04
	  0.588	  0.411	  0.696
	 -0.049	 -0.841	  0.538
	  0.807	 -0.351	 -0.474

6 	  48.27	  11.55	  15.68
	  0.601	  0.102	  0.792
	 -0.348	  0.926	  0.144
	 -0.719	 -0.363	  0.593

7 	  36.93	  -8.21	  -1.93
	  0.404	 -0.915	  0.000
	  0.884	  0.391	 -0.257
	  0.235	  0.104	  0.966

8 	  41.17	 -12.41	   9.19
	  0.681	 -0.310	  0.664
	  0.068	 -0.875	 -0.479
	  0.729	  0.371	 -0.575

9 	  50.77	 -12.96	  14.08
	  0.813	  0.001	  0.582
	  0.110	  0.981	 -0.157
	 -0.572	  0.191	  0.797

2 	  32.89	  -6.70	  23.03
	  0.999	 -0.036	  0.012
	  0.036	  0.999	 -0.031
	 -0.011	  0.031	  0.999

3 	  43.79	  -1.88	   2.00
	  0.605	  0.243	  0.758
	 -0.105	  0.968	 -0.227
	 -0.789	  0.057	  0.612

4 	  36.35	   3.38	  -2.37
	  0.505	  0.802	 -0.319
	 -0.715	  0.596	  0.366
	  0.484	  0.043	  0.874

5 	  40.32	   8.74	   8.67
	  0.630	  0.438	  0.641
	 -0.012	 -0.820	  0.573
	  0.776	 -0.369	 -0.511

6 	  49.01	  11.79	  14.57
	  0.660	  0.096	  0.745
	 -0.311	  0.938	  0.154
	 -0.684	 -0.333	  0.649

7 	  36.88	  -8.12	  -2.02
	  0.398	 -0.917	 -0.029
	  0.884	  0.392	 -0.253
	  0.244	  0.075	  0.967

8 	  41.78	 -12.50	   8.72
	  0.733	 -0.321	  0.599
	  0.024	 -0.869	 -0.495
	  0.680	  0.377	 -0.629

9 	  51.77	 -13.10	  12.80
	  0.858	 -0.005	  0.514
	  0.101	  0.982	 -0.160
	 -0.504	  0.189	  0.843

2 	  32.89	  -6.70	  23.03
	  0.999	 -0.036	  0.012
	  0.036	  0.999	 -0.031
	 -0.011	  0.032	  0.999

3 	  43.79	  -1.85	   1.99
	  0.604	  0.251	  0.756
	 -0.110	  0.966	 -0.232
	 -0.789	  0.057	  0.611

4 	  36.30	   3.29	  -2.50
	  0.495	  0.793	 -0.354
	 -0.708	  0.604	  0.365
	  0.504	  0.070	  0.861

5 	  40.80	   8.96	   8.12
	  0.673	  0.466	  0.573
	  0.038	 -0.797	  0.603
	  0.738	 -0.384	 -0.554

6 	  49.80	  12.29	  13.25
	  0.715	  0.112	  0.689
	 -0.294	  0.944	  0.151
	 -0.634	 -0.311	  0.708

7 	  36.81	  -8.02	  -2.11
	  0.395	 -0.917	 -0.058
	  0.883	  0.396	 -0.251
	  0.253	  0.047	  0.966

8 	  42.36	 -12.59	   8.14
	  0.781	 -0.333	  0.528
	 -0.019	 -0.859	 -0.512
	  0.624	  0.390	 -0.677

9 	  52.52	 -13.20	  11.29
	  0.898	 -0.012	  0.438
	  0.089	  0.983	 -0.156
	 -0.430	  0.179	  0.885

2 	  32.89	  -6.70	  23.03
	  0.999	 -0.036	  0.011
	  0.036	  0.999	 -0.032
	 -0.011	  0.032	  0.999

3 	  43.79	  -1.81	   1.97
	  0.604	  0.258	  0.754
	 -0.115	  0.964	 -0.238
	 -0.789	  0.056	  0.612

4 	  36.21	   3.15	  -2.58
	  0.485	  0.783	 -0.389
	 -0.701	  0.615	  0.363
	  0.523	  0.096	  0.847

5 	  41.13	   9.28	   7.58
	  0.708	  0.495	  0.503
	  0.089	 -0.770	  0.632
	  0.701	 -0.403	 -0.589

6 	  50.52	  12.57	  11.87
	  0.769	  0.119	  0.627
	 -0.271	  0.951	  0.151
	 -0.579	 -0.286	  0.763

7 	  36.74	  -7.93	  -2.18
	  0.390	 -0.917	 -0.087
	  0.882	  0.399	 -0.248
	  0.262	  0.020	  0.964

8 	  42.87	 -12.73	   7.52
	  0.820	 -0.346	  0.456
	 -0.064	 -0.847	 -0.527
	  0.568	  0.403	 -0.717

9 	  53.14	 -13.50	   9.76
	  0.931	 -0.025	  0.364
	  0.083	  0.986	 -0.146
	 -0.355	  0.166	  0.920

2 	  32.89	  -6.70	  23.03
	  0.999	 -0.036	  0.012
	  0.036	  0.999	 -0.031
	 -0.011	  0.032	  0.999

3 	  43.77	  -1.79	   1.90
	  0.605	  0.265	  0.750
	 -0.121	  0.962	 -0.243
	 -0.787	  0.056	  0.614

4 	  36.16	   3.04	  -2.71
	  0.476	  0.772	 -0.421
	 -0.693	  0.624	  0.361
	  0.541	  0.119	  0.832

5 	  41.48	   9.53	   7.07
	  0.736	  0.515	  0.440
	  0.130	 -0.745	  0.654
	  0.664	 -0.425	 -0.615

6 	  51.19	  12.81	  10.35
	  0.822	  0.119	  0.557
	 -0.240	  0.959	  0.150
	 -0.517	 -0.257	  0.816

7 	  36.65	  -7.86	  -2.25
	  0.382	 -0.917	 -0.115
	  0.883	  0.399	 -0.245
	  0.270	 -0.008	  0.963

8 	  43.26	 -12.94	   6.84
	  0.849	 -0.365	  0.381
	 -0.115	 -0.833	 -0.541
	  0.515	  0.416	 -0.749

9 	  53.61	 -13.69	   8.26
	  0.956	 -0.036	  0.290
	  0.079	  0.987	 -0.138
	 -0.282	  0.154	  0.947

2 	  32.89	  -6.70	  23.03
	  0.999	 -0.036	  0.012
	  0.036	  0.999	 -0.031
	 -0.011	  0.032	  0.999

3 	  43.75	  -1.81	   1.88
	  0.605	  0.269	  0.749
	 -0.123	  0.961	 -0.247
	 -0.786	  0.057	  0.615

4 	  36.11	   2.92	  -2.79
	  0.472	  0.759	 -0.448
	 -0.685	  0.636	  0.356
	  0.555	  0.139	  0.820

5 	  41.84	   9.65	   6.49
	  0.763	  0.522	  0.381
	  0.161	 -0.724	  0.670
	  0.626	 -0.450	 -0.636

6 	  51.73	  12.78	   9.16
	  0.858	  0.110	  0.501
	 -0.209	  0.967	  0.146
	 -0.468	 -0.231	  0.853

7 	  36.56	  -7.79	  -2.32
	  0.371	 -0.918	 -0.141
	  0.886	  0.396	 -0.241
	  0.277	 -0.036	  0.960

8 	  43.61	 -13.13	   6.17
	  0.870	 -0.382	  0.311
	 -0.163	 -0.819	 -0.550
	  0.465	  0.427	 -0.775

9 	  53.98	 -14.06	   6.79
	  0.974	 -0.053	  0.219
	  0.082	  0.988	 -0.127
	 -0.211	  0.142	  0.967

2 	  32.89	  -6.70	  23.03
	  0.999	 -0.036	  0.012
	  0.036	  0.999	 -0.031
	 -0.011	  0.032	  0.999

3 	  43.73	  -1.85	   1.83
	  0.607	  0.273	  0.746
	 -0.123	  0.960	 -0.252
	 -0.785	  0.061	  0.616

4 	  36.05	   2.83	  -2.87
	  0.470	  0.745	 -0.473
	 -0.674	  0.649	  0.353
	  0.570	  0.153	  0.807

5 	  42.13	   9.74	   6.05
	  0.782	  0.526	  0.333
	  0.187	 -0.709	  0.679
	  0.594	 -0.469	 -0.654

6 	  52.21	  12.71	   8.05
	  0.886	  0.100	  0.453
	 -0.181	  0.974	  0.136
	 -0.427	 -0.203	  0.881

7 	  36.46	  -7.72	  -2.36
	  0.362	 -0.918	 -0.164
	  0.888	  0.393	 -0.238
	  0.283	 -0.060	  0.957

8 	  43.86	 -13.27	   5.54
	  0.886	 -0.396	  0.242
	 -0.211	 -0.808	 -0.550
	  0.413	  0.436	 -0.799

9 	  54.23	 -14.29	   5.22
	  0.988	 -0.064	  0.141
	  0.082	  0.989	 -0.120
	 -0.132	  0.130	  0.983

2 	  32.89	  -6.70	  23.03
	  0.999	 -0.036	  0.012
	  0.036	  0.999	 -0.031
	 -0.011	  0.032	  0.999

3 	  43.70	  -1.88	   1.78
	  0.611	  0.277	  0.741
	 -0.123	  0.958	 -0.257
	 -0.782	  0.065	  0.620

4 	  36.00	   2.69	  -2.97
	  0.466	  0.729	 -0.501
	 -0.663	  0.663	  0.348
	  0.586	  0.169	  0.792

5 	  42.31	   9.84	   5.55
	  0.798	  0.534	  0.277
	  0.222	 -0.690	  0.689
	  0.559	 -0.488	 -0.670

6 	  52.54	  12.64	   6.59
	  0.924	  0.078	  0.375
	 -0.136	  0.982	  0.130
	 -0.358	 -0.171	  0.918

7 	  36.39	  -7.66	  -2.39
	  0.355	 -0.916	 -0.183
	  0.889	  0.392	 -0.235
	  0.287	 -0.079	  0.954

8 	  44.14	 -13.34	   4.87
	  0.900	 -0.400	  0.173
	 -0.249	 -0.797	 -0.550
	  0.357	  0.452	 -0.817

9 	  54.44	 -14.40	   3.85
	  0.995	 -0.067	  0.073
	  0.075	  0.990	 -0.117
	 -0.065	  0.122	  0.990

2 	  32.89	  -6.70	  23.01
	  0.999	 -0.036	  0.011
	  0.036	  0.999	 -0.031
	 -0.010	  0.031	  0.999

3 	  43.68	  -1.90	   1.71
	  0.614	  0.287	  0.735
	 -0.130	  0.955	 -0.265
	 -0.779	  0.067	  0.624

4 	  35.91	   2.50	  -3.06
	  0.457	  0.714	 -0.531
	 -0.657	  0.673	  0.340
	  0.600	  0.193	  0.776

5 	  42.52	   9.86	   4.94
	  0.813	  0.541	  0.216
	  0.262	 -0.671	  0.693
	  0.520	 -0.507	 -0.687

6 	  52.95	  12.36	   5.24
	  0.950	  0.054	  0.306
	 -0.095	  0.988	  0.119
	 -0.296	 -0.143	  0.944

7 	  36.33	  -7.66	  -2.41
	  0.352	 -0.915	 -0.199
	  0.889	  0.393	 -0.234
	  0.292	 -0.094	  0.952

8 	  44.42	 -13.39	   4.32
	  0.910	 -0.399	  0.114
	 -0.277	 -0.789	 -0.548
	  0.309	  0.467	 -0.828

9 	  54.63	 -14.29	   2.41
	  0.998	 -0.059	  0.002
	  0.058	  0.992	 -0.108
	  0.004	  0.108	  0.994

2 	  32.89	  -6.70	  23.03
	  0.999	 -0.036	  0.012
	  0.036	  0.999	 -0.031
	 -0.011	  0.032	  0.999

3 	  43.65	  -1.97	   1.63
	  0.615	  0.295	  0.731
	 -0.136	  0.953	 -0.271
	 -0.777	  0.067	  0.626

4 	  35.81	   2.27	  -3.20
	  0.447	  0.695	 -0.563
	 -0.648	  0.686	  0.332
	  0.616	  0.216	  0.757

5 	  42.68	   9.93	   4.29
	  0.819	  0.552	  0.158
	  0.301	 -0.647	  0.701
	  0.489	 -0.526	 -0.696

6 	  53.12	  12.15	   3.74
	  0.972	  0.034	  0.233
	 -0.059	  0.993	  0.102
	 -0.228	 -0.113	  0.967

7 	  36.28	  -7.65	  -2.46
	  0.349	 -0.912	 -0.213
	  0.888	  0.394	 -0.235
	  0.298	 -0.108	  0.948

8 	  44.61	 -13.43	   3.66
	  0.917	 -0.395	  0.055
	 -0.303	 -0.780	 -0.547
	  0.259	  0.485	 -0.835

9 	  54.74	 -14.26	   1.14
	  0.997	 -0.051	 -0.059
	  0.045	  0.994	 -0.100
	  0.063	  0.097	  0.993

2 	  32.89	  -6.70	  23.03
	  0.999	 -0.036	  0.011
	  0.036	  0.999	 -0.031
	 -0.010	  0.031	  0.999

3 	  43.63	  -2.06	   1.53
	  0.617	  0.301	  0.727
	 -0.141	  0.951	 -0.274
	 -0.774	  0.066	  0.629

4 	  35.70	   2.09	  -3.27
	  0.438	  0.684	 -0.583
	 -0.644	  0.691	  0.327
	  0.627	  0.232	  0.743

5 	  42.73	  10.02	   3.78
	  0.820	  0.562	  0.109
	  0.336	 -0.628	  0.701
	  0.463	 -0.539	 -0.704

6 	  53.16	  11.87	   2.13
	  0.990	 -0.002	  0.141
	 -0.014	  0.994	  0.109
	 -0.141	 -0.111	  0.984

7 	  36.23	  -7.68	  -2.50
	  0.347	 -0.910	 -0.226
	  0.886	  0.397	 -0.238
	  0.306	 -0.118	  0.944

8 	  44.77	 -13.48	   3.09
	  0.919	 -0.394	  0.002
	 -0.329	 -0.770	 -0.547
	  0.217	  0.502	 -0.837

9 	  54.77	 -14.15	  -0.09
	  0.992	 -0.041	 -0.116
	  0.030	  0.995	 -0.093
	  0.119	  0.089	  0.989

2 	  32.89	  -6.70	  23.03
	  0.999	 -0.036	  0.012
	  0.036	  0.999	 -0.031
	 -0.011	  0.032	  0.999

3 	  43.59	  -2.09	   1.41
	  0.620	  0.306	  0.722
	 -0.152	  0.950	 -0.272
	 -0.770	  0.058	  0.635

4 	  35.58	   1.93	  -3.38
	  0.425	  0.672	 -0.606
	 -0.639	  0.697	  0.325
	  0.641	  0.248	  0.726

5 	  42.71	  10.05	   3.30
	  0.819	  0.569	  0.065
	  0.369	 -0.611	  0.700
	  0.438	 -0.550	 -0.711

6 	  53.14	  11.48	   0.70
	  0.997	 -0.050	  0.049
	  0.044	  0.992	  0.120
	 -0.055	 -0.118	  0.991

7 	  36.16	  -7.68	  -2.51
	  0.347	 -0.907	 -0.238
	  0.882	  0.402	 -0.245
	  0.318	 -0.125	  0.940

8 	  44.88	 -13.52	   2.50
	  0.916	 -0.398	 -0.051
	 -0.359	 -0.758	 -0.545
	  0.178	  0.517	 -0.837

9 	  54.70	 -14.20	  -1.30
	  0.984	 -0.040	 -0.171
	  0.026	  0.996	 -0.082
	  0.173	  0.076	  0.982

2 	  32.89	  -6.70	  23.03
	  0.999	 -0.036	  0.012
	  0.036	  0.999	 -0.031
	 -0.011	  0.032	  0.999

3 	  43.58	  -2.11	   1.27
	  0.623	  0.313	  0.717
	 -0.163	  0.948	 -0.273
	 -0.765	  0.053	  0.641

4 	  35.47	   1.83	  -3.43
	  0.413	  0.662	 -0.626
	 -0.636	  0.701	  0.322
	  0.652	  0.264	  0.710

5 	  42.75	  10.18	   2.65
	  0.815	  0.578	  0.009
	  0.408	 -0.586	  0.700
	  0.410	 -0.568	 -0.714

6 	  52.93	  11.16	  -0.81
	  0.995	 -0.089	 -0.041
	  0.093	  0.989	  0.116
	  0.030	 -0.119	  0.992

7 	  36.12	  -7.68	  -2.55
	  0.349	 -0.903	 -0.248
	  0.877	  0.408	 -0.252
	  0.329	 -0.129	  0.935

8 	  44.98	 -13.57	   1.85
	  0.909	 -0.402	 -0.107
	 -0.393	 -0.745	 -0.539
	  0.137	  0.531	 -0.836

9 	  54.58	 -14.15	  -2.67
	  0.971	 -0.036	 -0.233
	  0.018	  0.997	 -0.076
	  0.235	  0.069	  0.969

2 	  32.89	  -6.70	  23.03
	  0.999	 -0.036	  0.012
	  0.036	  0.999	 -0.031
	 -0.011	  0.031	  0.999

3 	  43.52	  -2.07	   1.20
	  0.623	  0.320	  0.713
	 -0.173	  0.946	 -0.273
	 -0.763	  0.047	  0.645

4 	  35.37	   1.67	  -3.48
	  0.403	  0.650	 -0.643
	 -0.632	  0.707	  0.318
	  0.662	  0.278	  0.696

5 	  42.71	  10.25	   2.07
	  0.806	  0.591	 -0.035
	  0.441	 -0.560	  0.701
	  0.394	 -0.581	 -0.712

6 	  52.75	  11.00	  -2.04
	  0.988	 -0.112	 -0.109
	  0.123	  0.988	  0.096
	  0.097	 -0.109	  0.989

7 	  36.07	  -7.70	  -2.58
	  0.353	 -0.899	 -0.260
	  0.870	  0.418	 -0.261
	  0.343	 -0.134	  0.930

8 	  45.00	 -13.62	   1.16
	  0.900	 -0.406	 -0.159
	 -0.425	 -0.730	 -0.535
	  0.101	  0.549	 -0.830

9 	  54.35	 -14.17	  -3.92
	  0.957	 -0.035	 -0.288
	  0.019	  0.998	 -0.059
	  0.290	  0.051	  0.956

2 	  32.89	  -6.68	  23.03
	  0.999	 -0.036	  0.011
	  0.036	  0.999	 -0.031
	 -0.010	  0.031	  0.999

3 	  43.49	  -2.09	   1.09
	  0.627	  0.328	  0.707
	 -0.183	  0.944	 -0.275
	 -0.757	  0.043	  0.651

4 	  35.23	   1.51	  -3.57
	  0.388	  0.633	 -0.669
	 -0.624	  0.715	  0.315
	  0.678	  0.295	  0.673

5 	  42.63	  10.25	   1.51
	  0.800	  0.595	 -0.074
	  0.465	 -0.538	  0.703
	  0.378	 -0.597	 -0.708

6 	  52.58	  10.93	  -2.92
	  0.982	 -0.118	 -0.146
	  0.130	  0.989	  0.074
	  0.135	 -0.092	  0.986

7 	  35.98	  -7.70	  -2.62
	  0.359	 -0.891	 -0.278
	  0.860	  0.432	 -0.272
	  0.362	 -0.141	  0.921

8 	  45.04	 -13.69	   0.30
	  0.883	 -0.410	 -0.229
	 -0.466	 -0.706	 -0.534
	  0.057	  0.578	 -0.814

9 	  54.02	 -14.12	  -5.70
	  0.931	 -0.032	 -0.364
	  0.024	  0.999	 -0.025
	  0.364	  0.014	  0.931

2 	  32.89	  -6.70	  23.03
	  0.999	 -0.036	  0.011
	  0.036	  0.999	 -0.031
	 -0.010	  0.031	  0.999

3 	  43.45	  -2.11	   0.98
	  0.631	  0.336	  0.699
	 -0.195	  0.941	 -0.276
	 -0.751	  0.037	  0.659

4 	  35.12	   1.37	  -3.64
	  0.381	  0.617	 -0.688
	 -0.615	  0.725	  0.310
	  0.691	  0.304	  0.656

5 	  42.57	  10.28	   0.91
	  0.789	  0.604	 -0.110
	  0.488	 -0.509	  0.709
	  0.372	 -0.613	 -0.697

6 	  52.31	  10.86	  -3.99
	  0.975	 -0.118	 -0.187
	  0.128	  0.991	  0.039
	  0.180	 -0.062	  0.981

7 	  35.93	  -7.68	  -2.65
	  0.362	 -0.881	 -0.303
	  0.851	  0.445	 -0.278
	  0.380	 -0.157	  0.911

8 	  44.95	 -13.76	  -0.84
	  0.853	 -0.415	 -0.316
	 -0.522	 -0.673	 -0.524
	  0.004	  0.612	 -0.791

9 	  53.35	 -13.99	  -7.80
	  0.891	 -0.023	 -0.453
	  0.030	  0.999	  0.007
	  0.452	 -0.020	  0.891

2 	  32.89	  -6.70	  23.03
	  0.999	 -0.036	  0.011
	  0.036	  0.999	 -0.031
	 -0.011	  0.031	  0.999

3 	  43.42	  -2.14	   0.88
	  0.635	  0.338	  0.694
	 -0.202	  0.940	 -0.273
	 -0.745	  0.033	  0.666

4 	  35.02	   1.25	  -3.69
	  0.378	  0.602	 -0.703
	 -0.603	  0.736	  0.307
	  0.703	  0.307	  0.641

5 	  42.56	  10.28	   0.39
	  0.777	  0.612	 -0.143
	  0.513	 -0.486	  0.707
	  0.363	 -0.623	 -0.693

6 	  52.12	  10.83	  -4.78
	  0.969	 -0.117	 -0.218
	  0.124	  0.992	  0.018
	  0.214	 -0.045	  0.976

7 	  35.82	  -7.59	  -2.72
	  0.361	 -0.871	 -0.333
	  0.843	  0.458	 -0.282
	  0.398	 -0.179	  0.900

8 	  44.74	 -13.73	  -1.97
	  0.816	 -0.419	 -0.398
	 -0.576	 -0.641	 -0.507
	 -0.043	  0.643	 -0.765

9 	  52.61	 -13.76	  -9.83
	  0.844	 -0.014	 -0.535
	  0.041	  0.998	  0.039
	  0.533	 -0.055	  0.844

2 	  32.89	  -6.70	  23.03
	  0.999	 -0.036	  0.011
	  0.036	  0.999	 -0.031
	 -0.010	  0.031	  0.999

3 	  43.40	  -2.11	   0.76
	  0.640	  0.342	  0.688
	 -0.213	  0.939	 -0.269
	 -0.738	  0.026	  0.674

4 	  34.95	   1.14	  -3.76
	  0.370	  0.587	 -0.720
	 -0.592	  0.746	  0.304
	  0.716	  0.314	  0.624

5 	  42.40	  10.35	  -0.19
	  0.759	  0.625	 -0.180
	  0.543	 -0.457	  0.704
	  0.358	 -0.633	 -0.687

6 	  51.75	  10.83	  -6.01
	  0.956	 -0.116	 -0.268
	  0.114	  0.993	 -0.024
	  0.269	 -0.008	  0.963

7 	  35.75	  -7.51	  -2.78
	  0.364	 -0.858	 -0.363
	  0.833	  0.474	 -0.286
	  0.417	 -0.198	  0.887

8 	  44.53	 -13.61	  -2.99
	  0.776	 -0.414	 -0.476
	 -0.622	 -0.627	 -0.470
	 -0.104	  0.660	 -0.744

9 	  51.68	 -13.46	 -11.79
	  0.784	 -0.000	 -0.620
	  0.036	  0.998	  0.046
	  0.619	 -0.059	  0.783

2 	  32.89	  -6.70	  23.03
	  0.999	 -0.036	  0.011
	  0.036	  0.999	 -0.031
	 -0.010	  0.031	  0.999

3 	  43.38	  -2.09	   0.70
	  0.643	  0.344	  0.684
	 -0.216	  0.938	 -0.270
	 -0.735	  0.026	  0.677

4 	  34.91	   1.12	  -3.78
	  0.367	  0.583	 -0.724
	 -0.594	  0.746	  0.300
	  0.716	  0.320	  0.621

5 	  42.26	  10.48	  -0.63
	  0.739	  0.639	 -0.215
	  0.574	 -0.430	  0.696
	  0.353	 -0.638	 -0.685

6 	  51.38	  10.90	  -6.89
	  0.942	 -0.121	 -0.312
	  0.114	  0.992	 -0.040
	  0.315	  0.002	  0.949

7 	  35.70	  -7.40	  -2.85
	  0.369	 -0.846	 -0.384
	  0.824	  0.489	 -0.285
	  0.428	 -0.212	  0.878

8 	  44.44	 -13.38	  -3.71
	  0.745	 -0.404	 -0.531
	 -0.650	 -0.619	 -0.441
	 -0.151	  0.673	 -0.724

9 	  50.99	 -13.10	 -13.13
	  0.737	  0.016	 -0.675
	  0.027	  0.998	  0.054
	  0.675	 -0.058	  0.736

2 	  32.89	  -6.70	  23.03
	  0.999	 -0.036	  0.012
	  0.036	  0.999	 -0.031
	 -0.011	  0.031	  0.999

3 	  43.38	  -2.07	   0.67
	  0.645	  0.344	  0.682
	 -0.219	  0.938	 -0.267
	 -0.733	  0.023	  0.680

4 	  34.89	   1.12	  -3.80
	  0.363	  0.583	 -0.727
	 -0.595	  0.745	  0.300
	  0.717	  0.323	  0.617

5 	  42.12	  10.63	  -0.98
	  0.720	  0.650	 -0.240
	  0.596	 -0.404	  0.694
	  0.354	 -0.643	 -0.679

6 	  51.03	  10.97	  -7.61
	  0.928	 -0.130	 -0.348
	  0.116	  0.991	 -0.059
	  0.353	  0.014	  0.936

7 	  35.72	  -7.29	  -2.90
	  0.378	 -0.834	 -0.401
	  0.814	  0.506	 -0.283
	  0.439	 -0.220	  0.871

8 	  44.28	 -13.27	  -4.45
	  0.708	 -0.402	 -0.580
	 -0.682	 -0.604	 -0.414
	 -0.184	  0.688	 -0.701

9 	  50.36	 -12.76	 -14.17
	  0.696	  0.026	 -0.717
	  0.028	  0.997	  0.063
	  0.717	 -0.064	  0.694

2 	  32.89	  -6.68	  23.03
	  0.999	 -0.036	  0.011
	  0.036	  0.999	 -0.031
	 -0.010	  0.031	  0.999

3 	  43.40	  -2.00	   0.62
	  0.644	  0.347	  0.681
	 -0.228	  0.938	 -0.263
	 -0.730	  0.014	  0.683

4 	  34.89	   1.14	  -3.80
	  0.357	  0.582	 -0.730
	 -0.598	  0.743	  0.300
	  0.717	  0.330	  0.614

5 	  41.94	  10.81	  -1.53
	  0.691	  0.664	 -0.285
	  0.634	 -0.370	  0.679
	  0.345	 -0.650	 -0.677

6 	  50.59	  11.14	  -8.58
	  0.911	 -0.127	 -0.392
	  0.102	  0.991	 -0.082
	  0.398	  0.034	  0.916

7 	  35.70	  -7.24	  -2.97
	  0.379	 -0.828	 -0.413
	  0.809	  0.513	 -0.285
	  0.448	 -0.226	  0.865

8 	  44.00	 -13.29	  -4.96
	  0.673	 -0.407	 -0.618
	 -0.713	 -0.578	 -0.396
	 -0.197	  0.707	 -0.679

9 	  49.62	 -12.64	 -15.01
	  0.661	  0.029	 -0.749
	  0.050	  0.995	  0.082
	  0.748	 -0.092	  0.657

2 	  32.89	  -6.68	  23.03
	  0.999	 -0.036	  0.012
	  0.036	  0.999	 -0.031
	 -0.011	  0.031	  0.999

3 	  43.38	  -1.97	   0.62
	  0.644	  0.348	  0.681
	 -0.230	  0.937	 -0.261
	 -0.730	  0.012	  0.683

4 	  34.86	   1.14	  -3.80
	  0.356	  0.580	 -0.732
	 -0.598	  0.744	  0.299
	  0.718	  0.331	  0.612

5 	  41.78	  10.97	  -2.07
	  0.660	  0.672	 -0.336
	  0.673	 -0.332	  0.660
	  0.332	 -0.662	 -0.672

6 	  50.10	  11.34	  -9.56
	  0.893	 -0.111	 -0.435
	  0.077	  0.992	 -0.095
	  0.442	  0.051	  0.895

7 	  35.63	  -7.17	  -2.97
	  0.375	 -0.824	 -0.425
	  0.807	  0.516	 -0.288
	  0.456	 -0.235	  0.858

8 	  43.61	 -13.39	  -5.48
	  0.632	 -0.416	 -0.654
	 -0.749	 -0.544	 -0.378
	 -0.199	  0.729	 -0.655

9 	  48.80	 -12.76	 -15.86
	  0.625	  0.022	 -0.780
	  0.090	  0.991	  0.101
	  0.775	 -0.134	  0.617

2 	  32.89	  -6.68	  23.03
	  0.999	 -0.036	  0.011
	  0.036	  0.999	 -0.031
	 -0.011	  0.031	  0.999

3 	  43.38	  -1.99	   0.60
	  0.644	  0.346	  0.682
	 -0.229	  0.938	 -0.260
	 -0.730	  0.011	  0.683

4 	  34.86	   1.14	  -3.80
	  0.358	  0.578	 -0.733
	 -0.596	  0.746	  0.297
	  0.718	  0.330	  0.612

5 	  41.66	  11.02	  -2.60
	  0.634	  0.672	 -0.383
	  0.705	 -0.299	  0.642
	  0.317	 -0.678	 -0.664

6 	  49.66	  11.41	 -10.56
	  0.873	 -0.102	 -0.477
	  0.052	  0.991	 -0.118
	  0.485	  0.078	  0.871

7 	  35.56	  -7.12	  -3.01
	  0.369	 -0.820	 -0.437
	  0.804	  0.517	 -0.292
	  0.465	 -0.244	  0.850

8 	  43.19	 -13.48	  -6.01
	  0.585	 -0.423	 -0.692
	 -0.786	 -0.506	 -0.355
	 -0.199	  0.752	 -0.629

9 	  47.92	 -12.83	 -16.70
	  0.585	  0.018	 -0.811
	  0.132	  0.984	  0.117
	  0.800	 -0.176	  0.573

2 	  32.89	  -6.68	  23.01
	  0.999	 -0.036	  0.011
	  0.036	  0.999	 -0.031
	 -0.010	  0.031	  0.999

3 	  43.37	  -2.02	   0.60
	  0.646	  0.342	  0.683
	 -0.228	  0.939	 -0.255
	 -0.729	  0.009	  0.684

4 	  34.91	   1.16	  -3.78
	  0.365	  0.573	 -0.734
	 -0.590	  0.752	  0.294
	  0.720	  0.325	  0.613

5 	  41.61	  11.04	  -3.11
	  0.608	  0.666	 -0.432
	  0.737	 -0.273	  0.618
	  0.294	 -0.694	 -0.657

6 	  49.18	  11.53	 -11.55
	  0.852	 -0.085	 -0.516
	  0.014	  0.990	 -0.141
	  0.523	  0.113	  0.845

7 	  35.54	  -7.05	  -3.04
	  0.363	 -0.815	 -0.451
	  0.799	  0.521	 -0.298
	  0.478	 -0.252	  0.841

8 	  42.70	 -13.50	  -6.66
	  0.528	 -0.423	 -0.737
	 -0.823	 -0.468	 -0.321
	 -0.209	  0.776	 -0.595

9 	  46.79	 -12.60	 -17.75
	  0.528	  0.027	 -0.849
	  0.168	  0.976	  0.135
	  0.832	 -0.214	  0.511

2 	  32.89	  -6.70	  23.03
	  0.999	 -0.036	  0.012
	  0.036	  0.999	 -0.031
	 -0.011	  0.031	  0.999

3 	  43.35	  -2.06	   0.60
	  0.648	  0.333	  0.684
	 -0.224	  0.943	 -0.247
	 -0.728	  0.006	  0.686

4 	  34.91	   1.16	  -3.76
	  0.367	  0.571	 -0.734
	 -0.588	  0.754	  0.293
	  0.721	  0.323	  0.613

5 	  41.48	  11.00	  -3.66
	  0.580	  0.659	 -0.479
	  0.767	 -0.245	  0.592
	  0.273	 -0.711	 -0.648

6 	  48.73	  11.53	 -12.45
	  0.830	 -0.075	 -0.553
	 -0.018	  0.987	 -0.160
	  0.558	  0.142	  0.818

7 	  35.46	  -7.00	  -3.06
	  0.360	 -0.811	 -0.462
	  0.793	  0.526	 -0.306
	  0.490	 -0.256	  0.833

8 	  42.24	 -13.46	  -7.21
	  0.475	 -0.417	 -0.774
	 -0.852	 -0.438	 -0.287
	 -0.219	  0.796	 -0.564

9 	  45.77	 -12.59	 -18.53
	  0.476	  0.027	 -0.879
	  0.201	  0.969	  0.139
	  0.856	 -0.243	  0.456

2 	  32.89	  -6.68	  23.03
	  0.999	 -0.036	  0.011
	  0.036	  0.999	 -0.031
	 -0.010	  0.031	  0.999

3 	  43.31	  -2.07	   0.60
	  0.652	  0.324	  0.685
	 -0.223	  0.946	 -0.236
	 -0.725	  0.001	  0.689

4 	  34.89	   1.16	  -3.73
	  0.368	  0.571	 -0.734
	 -0.586	  0.755	  0.294
	  0.722	  0.321	  0.613

5 	  41.31	  11.04	  -4.08
	  0.553	  0.653	 -0.517
	  0.792	 -0.222	  0.568
	  0.257	 -0.724	 -0.640

6 	  48.16	  11.60	 -13.20
	  0.806	 -0.063	 -0.588
	 -0.051	  0.983	 -0.174
	  0.589	  0.170	  0.790

7 	  35.42	  -6.91	  -3.08
	  0.360	 -0.806	 -0.469
	  0.786	  0.533	 -0.313
	  0.502	 -0.256	  0.826

8 	  41.77	 -13.36	  -7.68
	  0.427	 -0.412	 -0.805
	 -0.876	 -0.411	 -0.254
	 -0.226	  0.813	 -0.536

9 	  44.82	 -12.30	 -19.11
	  0.430	  0.034	 -0.902
	  0.225	  0.963	  0.144
	  0.874	 -0.265	  0.407

2 	  32.87	  -6.68	  23.01
	  0.999	 -0.036	  0.012
	  0.036	  0.999	 -0.031
	 -0.011	  0.031	  0.999

3 	  43.31	  -2.06	   0.56
	  0.658	  0.316	  0.683
	 -0.221	  0.949	 -0.226
	 -0.719	 -0.002	  0.695

4 	  34.88	   1.21	  -3.67
	  0.366	  0.572	 -0.734
	 -0.583	  0.756	  0.298
	  0.725	  0.318	  0.610

5 	  41.20	  11.02	  -4.46
	  0.526	  0.645	 -0.554
	  0.819	 -0.207	  0.535
	  0.230	 -0.735	 -0.637

6 	  47.64	  11.57	 -14.06
	  0.774	 -0.065	 -0.630
	 -0.068	  0.980	 -0.185
	  0.629	  0.186	  0.754

7 	  35.33	  -6.82	  -3.06
	  0.357	 -0.805	 -0.473
	  0.780	  0.536	 -0.323
	  0.514	 -0.253	  0.819

8 	  41.40	 -13.38	  -7.93
	  0.384	 -0.415	 -0.825
	 -0.894	 -0.389	 -0.220
	 -0.230	  0.822	 -0.520

9 	  43.89	 -12.34	 -19.63
	  0.385	  0.032	 -0.922
	  0.245	  0.960	  0.135
	  0.890	 -0.279	  0.362

2 	  32.89	  -6.70	  23.03
	  0.999	 -0.036	  0.011
	  0.036	  0.999	 -0.031
	 -0.010	  0.031	  0.999

3 	  43.28	  -2.02	   0.53
	  0.668	  0.309	  0.677
	 -0.219	  0.951	 -0.218
	 -0.711	 -0.003	  0.703

4 	  34.82	   1.23	  -3.66
	  0.363	  0.572	 -0.736
	 -0.580	  0.756	  0.302
	  0.729	  0.317	  0.606

5 	  40.99	  11.00	  -4.76
	  0.503	  0.640	 -0.580
	  0.836	 -0.193	  0.513
	  0.217	 -0.744	 -0.632

6 	  47.11	  11.50	 -14.59
	  0.750	 -0.066	 -0.658
	 -0.083	  0.977	 -0.193
	  0.656	  0.200	  0.728

7 	  35.23	  -6.77	  -3.02
	  0.350	 -0.809	 -0.473
	  0.774	  0.534	 -0.340
	  0.528	 -0.247	  0.812

8 	  40.96	 -13.38	  -8.12
	  0.346	 -0.418	 -0.840
	 -0.908	 -0.374	 -0.189
	 -0.235	  0.828	 -0.508

9 	  43.08	 -12.39	 -19.92
	  0.349	  0.027	 -0.936
	  0.262	  0.956	  0.125
	  0.899	 -0.290	  0.327

2 	  32.89	  -6.70	  23.03
	  0.999	 -0.036	  0.012
	  0.036	  0.999	 -0.031
	 -0.011	  0.031	  0.999

3 	  43.22	  -2.04	   0.53
	  0.676	  0.303	  0.672
	 -0.213	  0.953	 -0.216
	 -0.706	  0.002	  0.708

4 	  34.80	   1.20	  -3.66
	  0.363	  0.565	 -0.741
	 -0.571	  0.763	  0.302
	  0.736	  0.313	  0.600

5 	  40.87	  10.93	  -5.04
	  0.482	  0.635	 -0.603
	  0.852	 -0.180	  0.491
	  0.203	 -0.751	 -0.628

6 	  46.71	  11.46	 -15.10
	  0.729	 -0.062	 -0.682
	 -0.101	  0.975	 -0.196
	  0.677	  0.212	  0.705

7 	  35.10	  -6.75	  -2.97
	  0.334	 -0.815	 -0.472
	  0.773	  0.524	 -0.356
	  0.538	 -0.246	  0.806

8 	  40.52	 -13.45	  -8.37
	  0.304	 -0.417	 -0.856
	 -0.922	 -0.357	 -0.153
	 -0.242	  0.836	 -0.493

9 	  42.10	 -12.53	 -20.29
	  0.304	  0.024	 -0.952
	  0.283	  0.952	  0.114
	  0.909	 -0.304	  0.283

2 	  32.89	  -6.70	  23.03
	  0.999	 -0.036	  0.012
	  0.036	  0.999	 -0.031
	 -0.011	  0.031	  0.999

3 	  43.19	  -2.13	   0.49
	  0.684	  0.294	  0.668
	 -0.203	  0.955	 -0.214
	 -0.701	  0.011	  0.713

4 	  34.79	   1.18	  -3.66
	  0.366	  0.559	 -0.744
	 -0.564	  0.769	  0.301
	  0.740	  0.309	  0.597

5 	  40.76	  10.86	  -5.36
	  0.460	  0.628	 -0.628
	  0.868	 -0.173	  0.464
	  0.183	 -0.759	 -0.625

6 	  46.25	  11.25	 -15.73
	  0.698	 -0.069	 -0.712
	 -0.108	  0.974	 -0.200
	  0.707	  0.216	  0.673

7 	  34.98	  -6.73	  -2.92
	  0.321	 -0.822	 -0.470
	  0.773	  0.515	 -0.371
	  0.546	 -0.245	  0.801

8 	  40.11	 -13.41	  -8.54
	  0.269	 -0.412	 -0.870
	 -0.928	 -0.352	 -0.120
	 -0.257	  0.840	 -0.478

9 	  41.29	 -12.39	 -20.51
	  0.266	  0.030	 -0.963
	  0.281	  0.953	  0.107
	  0.922	 -0.300	  0.245

2 	  32.89	  -6.68	  23.01
	  0.999	 -0.036	  0.011
	  0.036	  0.999	 -0.031
	 -0.010	  0.031	  0.999

3 	  43.14	  -2.14	   0.49
	  0.691	  0.286	  0.664
	 -0.196	  0.958	 -0.210
	 -0.696	  0.014	  0.718

4 	  34.72	   1.18	  -3.62
	  0.370	  0.552	 -0.747
	 -0.551	  0.778	  0.302
	  0.748	  0.300	  0.592

5 	  40.66	  10.76	  -5.66
	  0.440	  0.615	 -0.654
	  0.884	 -0.169	  0.436
	  0.157	 -0.770	 -0.618

6 	  45.67	  10.90	 -16.33
	  0.663	 -0.086	 -0.743
	 -0.108	  0.972	 -0.209
	  0.740	  0.218	  0.636

7 	  34.86	  -6.70	  -2.88
	  0.311	 -0.827	 -0.468
	  0.773	  0.506	 -0.382
	  0.553	 -0.243	  0.797

8 	  39.78	 -13.32	  -8.70
	  0.240	 -0.404	 -0.882
	 -0.933	 -0.348	 -0.095
	 -0.269	  0.846	 -0.461

9 	  40.62	 -12.13	 -20.74
	  0.233	  0.042	 -0.972
	  0.278	  0.954	  0.108
	  0.932	 -0.296	  0.210

2 	  32.89	  -6.68	  23.03
	  0.999	 -0.036	  0.011
	  0.036	  0.999	 -0.031
	 -0.011	  0.031	  0.999

3 	  43.07	  -2.16	   0.51
	  0.697	  0.281	  0.660
	 -0.194	  0.959	 -0.205
	 -0.691	  0.015	  0.723

4 	  34.66	   1.16	  -3.60
	  0.371	  0.547	 -0.750
	 -0.542	  0.784	  0.304
	  0.754	  0.293	  0.587

5 	  40.50	  10.65	  -6.03
	  0.411	  0.603	 -0.683
	  0.902	 -0.163	  0.399
	  0.129	 -0.781	 -0.612

6 	  44.96	  10.65	 -16.96
	  0.622	 -0.098	 -0.777
	 -0.114	  0.970	 -0.214
	  0.774	  0.222	  0.592

7 	  34.75	  -6.68	  -2.81
	  0.307	 -0.831	 -0.463
	  0.768	  0.504	 -0.396
	  0.562	 -0.234	  0.793

8 	  39.53	 -13.25	  -8.84
	  0.215	 -0.396	 -0.893
	 -0.935	 -0.348	 -0.071
	 -0.283	  0.849	 -0.445

9 	  40.01	 -11.97	 -20.90
	  0.203	  0.051	 -0.978
	  0.267	  0.958	  0.105
	  0.942	 -0.283	  0.181

2 	  32.89	  -6.70	  23.03
	  0.999	 -0.036	  0.011
	  0.036	  0.999	 -0.031
	 -0.011	  0.031	  0.999

3 	  43.01	  -2.14	   0.47
	  0.702	  0.279	  0.654
	 -0.195	  0.960	 -0.201
	 -0.684	  0.013	  0.729

4 	  34.59	   1.16	  -3.60
	  0.364	  0.547	 -0.754
	 -0.536	  0.785	  0.311
	  0.762	  0.291	  0.579

5 	  40.22	  10.58	  -6.35
	  0.378	  0.594	 -0.709
	  0.920	 -0.156	  0.360
	  0.103	 -0.789	 -0.606

6 	  44.12	  10.48	 -17.60
	  0.573	 -0.107	 -0.812
	 -0.122	  0.969	 -0.214
	  0.810	  0.222	  0.542

7 	  34.70	  -6.64	  -2.74
	  0.300	 -0.837	 -0.458
	  0.763	  0.499	 -0.411
	  0.573	 -0.226	  0.788

8 	  39.22	 -13.18	  -8.96
	  0.183	 -0.391	 -0.902
	 -0.934	 -0.356	 -0.035
	 -0.307	  0.849	 -0.431

9 	  39.25	 -11.92	 -21.06
	  0.162	  0.054	 -0.985
	  0.249	  0.964	  0.094
	  0.954	 -0.261	  0.143

2 	  32.89	  -6.70	  23.03
	  0.999	 -0.036	  0.011
	  0.036	  0.999	 -0.031
	 -0.011	  0.031	  0.999

3 	  42.98	  -2.11	   0.44
	  0.708	  0.278	  0.649
	 -0.197	  0.960	 -0.197
	 -0.678	  0.011	  0.734

4 	  34.52	   1.16	  -3.59
	  0.353	  0.550	 -0.757
	 -0.536	  0.782	  0.319
	  0.767	  0.293	  0.570

5 	  39.90	  10.55	  -6.68
	  0.339	  0.590	 -0.732
	  0.937	 -0.148	  0.316
	  0.078	 -0.793	 -0.604

6 	  43.29	  10.44	 -18.12
	  0.525	 -0.111	 -0.844
	 -0.123	  0.971	 -0.205
	  0.842	  0.211	  0.496

7 	  34.65	  -6.63	  -2.69
	  0.297	 -0.840	 -0.454
	  0.757	  0.497	 -0.424
	  0.581	 -0.218	  0.784

8 	  39.09	 -13.17	  -9.04
	  0.162	 -0.392	 -0.906
	 -0.932	 -0.363	 -0.010
	 -0.325	  0.845	 -0.424

9 	  38.87	 -11.92	 -21.09
	  0.137	  0.052	 -0.989
	  0.232	  0.969	  0.083
	  0.963	 -0.241	  0.120

2 	  32.89	  -6.70	  23.03
	  0.999	 -0.036	  0.011
	  0.036	  0.999	 -0.031
	 -0.011	  0.031	  0.999

3 	  42.98	  -2.02	   0.39
	  0.710	  0.282	  0.645
	 -0.203	  0.959	 -0.197
	 -0.674	  0.008	  0.738

4 	  34.44	   1.14	  -3.59
	  0.337	  0.553	 -0.762
	 -0.541	  0.776	  0.324
	  0.771	  0.302	  0.560

5 	  39.57	  10.51	  -6.98
	  0.302	  0.583	 -0.754
	  0.951	 -0.136	  0.275
	  0.058	 -0.801	 -0.596

6 	  42.45	  10.39	 -18.56
	  0.483	 -0.110	 -0.869
	 -0.136	  0.970	 -0.199
	  0.865	  0.215	  0.454

7 	  34.65	  -6.59	  -2.69
	  0.296	 -0.840	 -0.454
	  0.750	  0.499	 -0.434
	  0.591	 -0.213	  0.778

8 	  39.06	 -13.08	  -9.04
	  0.151	 -0.394	 -0.906
	 -0.927	 -0.376	  0.009
	 -0.344	  0.839	 -0.422

9 	  38.57	 -11.99	 -21.09
	  0.114	  0.047	 -0.992
	  0.214	  0.974	  0.070
	  0.970	 -0.221	  0.101

2 	  32.89	  -6.70	  23.03
	  0.999	 -0.036	  0.011
	  0.036	  0.999	 -0.031
	 -0.011	  0.031	  0.999

3 	  42.98	  -1.92	   0.32
	  0.711	  0.290	  0.640
	 -0.211	  0.957	 -0.200
	 -0.670	  0.007	  0.742

4 	  34.37	   1.14	  -3.59
	  0.327	  0.553	 -0.766
	 -0.542	  0.774	  0.328
	  0.774	  0.308	  0.552

5 	  39.39	  10.53	  -7.17
	  0.278	  0.581	 -0.765
	  0.959	 -0.134	  0.247
	  0.041	 -0.802	 -0.595

6 	  41.85	  10.27	 -18.93
	  0.442	 -0.122	 -0.888
	 -0.122	  0.973	 -0.195
	  0.888	  0.194	  0.415

7 	  34.63	  -6.56	  -2.67
	  0.295	 -0.839	 -0.456
	  0.744	  0.501	 -0.442
	  0.600	 -0.209	  0.772

8 	  38.94	 -13.04	  -9.14
	  0.132	 -0.393	 -0.910
	 -0.921	 -0.389	  0.034
	 -0.367	  0.833	 -0.413

9 	  38.06	 -11.95	 -21.22
	  0.081	  0.047	 -0.995
	  0.192	  0.979	  0.062
	  0.978	 -0.196	  0.071

2 	  32.89	  -6.70	  23.03
	  0.999	 -0.036	  0.011
	  0.036	  0.999	 -0.031
	 -0.011	  0.031	  0.999

3 	  42.96	  -1.88	   0.26
	  0.714	  0.291	  0.636
	 -0.213	  0.956	 -0.199
	 -0.667	  0.007	  0.745

4 	  34.35	   1.16	  -3.59
	  0.322	  0.554	 -0.768
	 -0.539	  0.774	  0.332
	  0.778	  0.306	  0.547

5 	  39.36	  10.46	  -7.28
	  0.268	  0.575	 -0.773
	  0.963	 -0.147	  0.224
	  0.015	 -0.804	 -0.594

6 	  41.54	  10.02	 -19.14
	  0.405	 -0.143	 -0.903
	 -0.094	  0.976	 -0.197
	  0.909	  0.165	  0.382

7 	  34.56	  -6.54	  -2.65
	  0.283	 -0.842	 -0.459
	  0.741	  0.496	 -0.453
	  0.609	 -0.212	  0.764

8 	  38.69	 -12.99	  -9.21
	  0.111	 -0.392	 -0.913
	 -0.919	 -0.390	  0.055
	 -0.378	  0.833	 -0.403

9 	  37.51	 -11.99	 -21.32
	  0.055	  0.047	 -0.997
	  0.194	  0.979	  0.057
	  0.979	 -0.197	  0.044

2 	  32.89	  -6.70	  23.03
	  0.999	 -0.036	  0.012
	  0.036	  0.999	 -0.031
	 -0.011	  0.031	  0.999

3 	  42.94	  -1.88	   0.19
	  0.720	  0.287	  0.631
	 -0.210	  0.958	 -0.196
	 -0.661	  0.008	  0.750

4 	  34.33	   1.16	  -3.57
	  0.319	  0.553	 -0.769
	 -0.533	  0.776	  0.336
	  0.783	  0.302	  0.543

5 	  39.39	  10.42	  -7.35
	  0.258	  0.572	 -0.778
	  0.966	 -0.166	  0.198
	 -0.015	 -0.803	 -0.596

6 	  41.15	   9.81	 -19.34
	  0.363	 -0.165	 -0.917
	 -0.063	  0.978	 -0.200
	  0.929	  0.130	  0.345

7 	  34.52	  -6.52	  -2.65
	  0.276	 -0.845	 -0.458
	  0.741	  0.490	 -0.458
	  0.612	 -0.214	  0.762

8 	  38.55	 -13.06	  -9.25
	  0.098	 -0.394	 -0.914
	 -0.920	 -0.386	  0.068
	 -0.380	  0.834	 -0.400

9 	  37.32	 -12.04	 -21.29
	  0.043	  0.045	 -0.998
	  0.186	  0.981	  0.052
	  0.981	 -0.188	  0.034

2 	  32.89	  -6.70	  23.03
	  0.999	 -0.036	  0.011
	  0.036	  0.999	 -0.031
	 -0.010	  0.031	  0.999

3 	  42.93	  -1.90	   0.16
	  0.723	  0.285	  0.629
	 -0.208	  0.958	 -0.196
	 -0.659	  0.010	  0.752

4 	  34.29	   1.18	  -3.59
	  0.318	  0.554	 -0.770
	 -0.532	  0.776	  0.338
	  0.785	  0.302	  0.541

5 	  39.36	  10.41	  -7.40
	  0.252	  0.572	 -0.781
	  0.967	 -0.172	  0.186
	 -0.027	 -0.802	 -0.596

6 	  41.08	   9.83	 -19.34
	  0.357	 -0.167	 -0.919
	 -0.061	  0.977	 -0.201
	  0.932	  0.128	  0.339

7 	  34.47	  -6.50	  -2.65
	  0.272	 -0.846	 -0.458
	  0.743	  0.487	 -0.459
	  0.611	 -0.215	  0.761

8 	  38.55	 -13.08	  -9.23
	  0.098	 -0.396	 -0.913
	 -0.920	 -0.385	  0.068
	 -0.379	  0.833	 -0.402

9 	  37.44	 -12.16	 -21.23
	  0.051	  0.038	 -0.998
	  0.186	  0.981	  0.047
	  0.981	 -0.188	  0.043

2 	  32.89	  -6.70	  23.03
	  0.999	 -0.036	  0.012
	  0.036	  0.999	 -0.031
	 -0.011	  0.031	  0.999

3 	  42.93	  -1.92	   0.14
	  0.724	  0.284	  0.628
	 -0.206	  0.958	 -0.197
	 -0.658	  0.013	  0.753

4 	  34.31	   1.18	  -3.59
	  0.318	  0.555	 -0.769
	 -0.533	  0.775	  0.339
	  0.784	  0.301	  0.542

5 	  39.43	  10.41	  -7.33
	  0.260	  0.575	 -0.775
	  0.965	 -0.178	  0.192
	 -0.027	 -0.798	 -0.602

6 	  41.47	  10.07	 -19.12
