% Calibrated with leiden_pols
% Positions are in centimeters
Data =[
 2    97.471   -19.308    59.105
 2     0.550    -0.836     0.005
 2     0.835     0.549     0.028
 2    -0.025    -0.012     0.999
 3   120.824    -6.516     7.087
 3    -0.576     0.017    -0.817
 3    -0.138    -0.988     0.076
 3    -0.806     0.157     0.571
 4   108.672    13.650     2.189
 4     0.671     0.459     0.583
 4    -0.131     0.846    -0.516
 4    -0.730     0.270     0.627
 5   109.479    18.284    35.254
 5    -0.150    -0.093     0.984
 5    -0.092     0.992     0.079
 5    -0.984    -0.078    -0.157
 6   127.352    27.608    45.894
 6     0.437    -0.702    -0.566
 6     0.130     0.668    -0.730
 6     0.890     0.245     0.383
 7   107.204   -21.162    -0.007
 7    -0.262    -0.843     0.470
 7     0.854     0.024     0.519
 7    -0.449     0.537     0.714
 8   114.649   -27.945    24.260
 8     0.323     0.287     0.902
 8    -0.270    -0.886     0.377
 8     0.907    -0.365    -0.209
 9   126.449   -35.247    46.111
 9     0.526     0.827     0.197
 9    -0.181    -0.118     0.976
 9     0.831    -0.550     0.087
 2    97.471   -19.308    59.105
 2     0.550    -0.836     0.005
 2     0.835     0.549     0.028
 2    -0.025    -0.012     0.999
 3   120.884    -6.522     7.231
 3    -0.570     0.017    -0.821
 3    -0.138    -0.988     0.076
 3    -0.810     0.157     0.565
 4   108.805    13.656     2.200
 4     0.674     0.459     0.580
 4    -0.130     0.845    -0.517
 4    -0.727     0.272     0.629
 5   109.468    18.228    35.218
 5    -0.147    -0.092     0.985
 5    -0.091     0.993     0.079
 5    -0.985    -0.077    -0.154
 6   127.333    27.610    45.965
 6     0.434    -0.703    -0.568
 6     0.130     0.669    -0.729
 6     0.891     0.242     0.381
 7   107.227   -21.138    -0.003
 7    -0.261    -0.844     0.468
 7     0.854     0.024     0.519
 7    -0.450     0.535     0.715
 8   114.648   -27.894    24.260
 8     0.323     0.287     0.902
 8    -0.270    -0.886     0.377
 8     0.907    -0.365    -0.208
 9   126.402   -35.246    46.156
 9     0.524     0.828     0.197
 9    -0.180    -0.118     0.976
 9     0.832    -0.547     0.087
 2    97.471   -19.308    59.105
 2     0.550    -0.836     0.005
 2     0.835     0.549     0.028
 2    -0.025    -0.012     0.999
 3   120.880    -6.574     7.284
 3    -0.568     0.017    -0.823
 3    -0.139    -0.987     0.076
 3    -0.811     0.158     0.562
 4   108.809    13.605     2.172
 4     0.675     0.460     0.578
 4    -0.132     0.845    -0.517
 4    -0.726     0.272     0.630
 5   109.454    18.223    35.211
 5    -0.146    -0.087     0.985
 5    -0.092     0.993     0.074
 5    -0.985    -0.080    -0.153
 6   127.284    27.610    45.940
 6     0.434    -0.702    -0.569
 6     0.130     0.670    -0.729
 6     0.891     0.241     0.381
 7   107.225   -21.165    -0.000
 7    -0.261    -0.844     0.468
 7     0.854     0.025     0.519
 7    -0.451     0.535     0.714
 8   114.655   -27.893    24.303
 8     0.321     0.287     0.903
 8    -0.269    -0.886     0.377
 8     0.908    -0.363    -0.208
 9   126.402   -35.221    46.182
 9     0.524     0.829     0.197
 9    -0.180    -0.119     0.976
 9     0.832    -0.547     0.087
 2    97.471   -19.308    59.105
 2     0.550    -0.836     0.004
 2     0.835     0.549     0.027
 2    -0.025    -0.012     0.999
 3   120.876    -6.626     7.238
 3    -0.568     0.016    -0.823
 3    -0.139    -0.987     0.077
 3    -0.812     0.158     0.562
 4   108.809    13.605     2.172
 4     0.675     0.460     0.578
 4    -0.132     0.845    -0.517
 4    -0.726     0.272     0.630
 5   109.446    18.273    35.254
 5    -0.146    -0.086     0.985
 5    -0.094     0.993     0.073
 5    -0.985    -0.082    -0.153
 6   127.334    27.559    45.940
 6     0.434    -0.701    -0.570
 6     0.129     0.671    -0.728
 6     0.891     0.241     0.381
 7   107.147   -21.164    -0.003
 7    -0.262    -0.842     0.472
 7     0.853     0.026     0.520
 7    -0.451     0.539     0.712
 8   114.650   -27.944    24.311
 8     0.323     0.286     0.902
 8    -0.270    -0.886     0.376
 8     0.907    -0.364    -0.209
 9   126.403   -35.220    46.156
 9     0.525     0.828     0.197
 9    -0.180    -0.119     0.976
 9     0.832    -0.548     0.086
 2    97.471   -19.308    59.105
 2     0.550    -0.836     0.004
 2     0.835     0.549     0.027
 2    -0.025    -0.012     0.999
 3   120.859    -6.623     7.128
 3    -0.570     0.018    -0.822
 3    -0.139    -0.987     0.076
 3    -0.810     0.158     0.565
 4   108.701    13.702     2.135
 4     0.671     0.460     0.582
 4    -0.132     0.846    -0.516
 4    -0.729     0.269     0.628
 5   109.444    18.222    35.253
 5    -0.147    -0.082     0.986
 5    -0.095     0.993     0.069
 5    -0.985    -0.083    -0.154
 6   127.359    27.559    45.889
 6     0.435    -0.701    -0.570
 6     0.129     0.671    -0.728
 6     0.891     0.242     0.381
 7   107.102   -21.135    -0.014
 7    -0.264    -0.839     0.476
 7     0.854     0.026     0.519
 7    -0.448     0.543     0.710
 8   114.690   -27.998    24.276
 8     0.326     0.282     0.902
 8    -0.273    -0.886     0.375
 8     0.905    -0.367    -0.212
 9   126.445   -35.248    46.066
 9     0.527     0.826     0.198
 9    -0.181    -0.119     0.976
 9     0.830    -0.550     0.087
 2    97.471   -19.308    59.105
 2     0.550    -0.836     0.004
 2     0.835     0.549     0.027
 2    -0.025    -0.012     0.999
 3   120.865    -6.620     7.093
 3    -0.572     0.017    -0.820
 3    -0.139    -0.987     0.077
 3    -0.808     0.158     0.567
 4   108.698    13.701     2.139
 4     0.670     0.461     0.583
 4    -0.132     0.846    -0.516
 4    -0.730     0.269     0.627
 5   109.450    18.225    35.183
 5    -0.148    -0.082     0.986
 5    -0.096     0.993     0.068
 5    -0.984    -0.084    -0.154
 6   127.359    27.559    45.889
 6     0.435    -0.701    -0.570
 6     0.129     0.671    -0.728
 6     0.891     0.242     0.381
 7   107.102   -21.161    -0.015
 7    -0.263    -0.839     0.478
 7     0.854     0.027     0.518
 7    -0.448     0.544     0.709
 8   114.636   -28.001    24.285
 8     0.325     0.275     0.905
 8    -0.276    -0.888     0.368
 8     0.904    -0.369    -0.213
 9   126.446   -35.350    46.016
 9     0.527     0.826     0.200
 9    -0.183    -0.120     0.976
 9     0.830    -0.551     0.087
 2    97.472   -19.308    59.105
 2     0.550    -0.836     0.004
 2     0.835     0.549     0.028
 2    -0.025    -0.013     0.999
 3   120.865    -6.620     7.042
 3    -0.573     0.016    -0.820
 3    -0.139    -0.987     0.078
 3    -0.808     0.159     0.567
 4   108.725    13.565     2.164
 4     0.663     0.463     0.589
 4    -0.128     0.845    -0.519
 4    -0.737     0.268     0.619
 5   109.275    18.277    34.864
 5    -0.135    -0.091     0.986
 5    -0.135     0.988     0.073
 5    -0.982    -0.123    -0.146
 6   127.142    28.860    45.398
 6     0.436    -0.720    -0.545
 6     0.160     0.654    -0.737
 6     0.885     0.234     0.399
 7   107.009   -21.074    -0.054
 7    -0.255    -0.832     0.493
 7     0.863     0.034     0.503
 7    -0.436     0.553     0.709
 8   114.697   -28.413    24.145
 8     0.337     0.173     0.926
 8    -0.341    -0.894     0.290
 8     0.877    -0.413    -0.242
 9   126.718   -37.904    44.670
 9     0.550     0.788     0.276
 9    -0.254    -0.156     0.954
 9     0.795    -0.595     0.115
 2    97.471   -19.308    59.105
 2     0.550    -0.836     0.005
 2     0.835     0.549     0.028
 2    -0.025    -0.012     0.999
 3   120.888    -6.624     7.051
 3    -0.572     0.012    -0.821
 3    -0.136    -0.987     0.080
 3    -0.809     0.157     0.565
 4   108.299    13.406     2.099
 4     0.656     0.445     0.611
 4    -0.115     0.858    -0.500
 4    -0.746     0.257     0.613
 5   109.253    19.714    33.796
 5    -0.150    -0.191     0.970
 5    -0.247     0.957     0.150
 5    -0.957    -0.218    -0.190
 6   126.727    33.546    43.275
 6     0.453    -0.767    -0.459
 6     0.274     0.605    -0.745
 6     0.848     0.212     0.484
 7   106.740   -20.746    -0.208
 7    -0.251    -0.819     0.516
 7     0.876     0.034     0.480
 7    -0.412     0.572     0.709
 8   115.100   -29.566    23.878
 8     0.360     0.027     0.932
 8    -0.448    -0.872     0.198
 8     0.818    -0.489    -0.302
 9   127.642   -41.946    41.836
 9     0.592     0.711     0.381
 9    -0.366    -0.183     0.912
 9     0.718    -0.679     0.152
 2    97.472   -19.308    59.105
 2     0.550    -0.836     0.004
 2     0.834     0.549     0.028
 2    -0.025    -0.013     0.999
 3   120.813    -6.494     6.997
 3    -0.571     0.017    -0.821
 3    -0.139    -0.987     0.076
 3    -0.809     0.157     0.566
 4   107.770    13.121     1.936
 4     0.633     0.444     0.635
 4    -0.112     0.864    -0.491
 4    -0.766     0.239     0.596
 5   109.951    21.771    32.406
 5    -0.179    -0.274     0.945
 5    -0.357     0.913     0.197
 5    -0.917    -0.302    -0.261
 6   127.135    38.036    40.261
 6     0.488    -0.788    -0.380
 6     0.381     0.580    -0.718
 6     0.785     0.206     0.583
 7   106.605   -20.547    -0.455
 7    -0.255    -0.806     0.535
 7     0.884     0.030     0.466
 7    -0.392     0.592     0.704
 8   115.623   -30.691    23.353
 8     0.392    -0.070     0.917
 8    -0.524    -0.836     0.160
 8     0.756    -0.544    -0.365
 9   128.671   -44.794    39.179
 9     0.627     0.640     0.446
 9    -0.442    -0.178     0.878
 9     0.641    -0.748     0.170
 2    97.471   -19.359    59.105
 2     0.550    -0.836     0.005
 2     0.835     0.549     0.028
 2    -0.025    -0.012     0.999
 3   120.757    -6.341     6.893
 3    -0.570     0.022    -0.822
 3    -0.143    -0.987     0.072
 3    -0.810     0.159     0.565
 4   107.260    12.802     1.763
 4     0.605     0.457     0.653
 4    -0.117     0.861    -0.494
 4    -0.788     0.222     0.573
 5   110.605    23.788    30.780
 5    -0.193    -0.306     0.932
 5    -0.446     0.874     0.194
 5    -0.874    -0.378    -0.305
 6   127.996    41.443    36.654
 6     0.530    -0.780    -0.338
 6     0.457     0.595    -0.660
 6     0.714     0.196     0.671
 7   106.474   -20.199    -0.669
 7    -0.250    -0.794     0.555
 7     0.893     0.032     0.447
 7    -0.373     0.607     0.701
 8   116.089   -32.191    22.568
 8     0.421    -0.156     0.893
 8    -0.611    -0.777     0.152
 8     0.670    -0.610    -0.422
 9   129.947   -48.211    34.970
 9     0.682     0.528     0.508
 9    -0.527    -0.126     0.840
 9     0.507    -0.840     0.191
 2    97.472   -19.308    59.105
 2     0.550    -0.836     0.005
 2     0.835     0.549     0.028
 2    -0.025    -0.013     0.999
 3   120.704    -6.261     6.858
 3    -0.567     0.027    -0.823
 3    -0.148    -0.986     0.070
 3    -0.810     0.162     0.563
 4   106.673    12.428     1.657
 4     0.554     0.472     0.686
 4    -0.140     0.865    -0.481
 4    -0.820     0.170     0.545
 5   111.832    26.226    28.486
 5    -0.235    -0.369     0.900
 5    -0.553     0.811     0.188
 5    -0.800    -0.453    -0.394
 6   129.157    45.368    31.453
 6     0.588    -0.770    -0.250
 6     0.547     0.604    -0.579
 6     0.595     0.205     0.776
 7   106.281   -19.763    -1.017
 7    -0.255    -0.774     0.581
 7     0.903     0.024     0.427
 7    -0.345     0.633     0.693
 8   116.915   -33.307    21.431
 8     0.459    -0.246     0.854
 8    -0.686    -0.708     0.165
 8     0.564    -0.662    -0.493
 9   131.572   -50.806    29.621
 9     0.734     0.363     0.574
 9    -0.595    -0.062     0.801
 9     0.326    -0.930     0.169
 2    97.472   -19.309    59.105
 2     0.551    -0.835     0.004
 2     0.834     0.550     0.028
 2    -0.025    -0.013     0.999
 3   120.523    -5.949     6.662
 3    -0.564     0.037    -0.825
 3    -0.159    -0.985     0.064
 3    -0.810     0.167     0.562
 4   105.981    12.065     1.528
 4     0.511     0.474     0.718
 4    -0.159     0.872    -0.463
 4    -0.845     0.122     0.520
 5   112.729    27.789    26.607
 5    -0.270    -0.425     0.865
 5    -0.616     0.765     0.184
 5    -0.740    -0.484    -0.468
 6   129.541    47.830    27.461
 6     0.616    -0.770    -0.170
 6     0.603     0.598    -0.526
 6     0.506     0.222     0.833
 7   106.034   -19.381    -1.281
 7    -0.258    -0.755     0.603
 7     0.912     0.016     0.410
 7    -0.319     0.655     0.684
 8   117.378   -33.918    20.616
 8     0.480    -0.310     0.821
 8    -0.731    -0.657     0.180
 8     0.484    -0.688    -0.541
 9   132.181   -52.452    25.838
 9     0.745     0.209     0.634
 9    -0.641    -0.039     0.766
 9     0.185    -0.977     0.105
 2    97.472   -19.308    59.105
 2     0.550    -0.836     0.004
 2     0.835     0.549     0.028
 2    -0.025    -0.013     0.999
 3   120.401    -5.840     6.540
 3    -0.565     0.043    -0.824
 3    -0.165    -0.984     0.062
 3    -0.808     0.171     0.563
 4   105.622    11.747     1.471
 4     0.480     0.476     0.738
 4    -0.176     0.875    -0.449
 4    -0.859     0.085     0.503
 5   113.381    28.608    25.427
 5    -0.293    -0.465     0.836
 5    -0.651     0.736     0.181
 5    -0.701    -0.491    -0.517
 6   129.809    49.021    24.662
 6     0.633    -0.767    -0.107
 6     0.635     0.592    -0.495
 6     0.442     0.247     0.862
 7   105.748   -19.110    -1.442
 7    -0.253    -0.740     0.623
 7     0.919     0.016     0.392
 7    -0.301     0.672     0.676
 8   117.402   -34.655    19.732
 8     0.482    -0.347     0.805
 8    -0.769    -0.607     0.199
 8     0.420    -0.715    -0.558
 9   131.690   -54.064    22.433
 9     0.728     0.060     0.683
 9    -0.683    -0.021     0.730
 9     0.059    -0.998     0.027
 2    97.421   -19.359    59.105
 2     0.550    -0.836     0.004
 2     0.835     0.549     0.028
 2    -0.025    -0.013     0.999
 3   120.228    -5.785     6.396
 3    -0.567     0.044    -0.823
 3    -0.169    -0.984     0.064
 3    -0.806     0.176     0.564
 4   105.344    11.432     1.356
 4     0.452     0.478     0.754
 4    -0.194     0.877    -0.439
 4    -0.871     0.051     0.488
 5   114.080    29.195    24.180
 5    -0.317    -0.502     0.806
 5    -0.679     0.712     0.176
 5    -0.662    -0.491    -0.565
 6   130.084    50.129    21.724
 6     0.652    -0.758    -0.030
 6     0.662     0.587    -0.465
 6     0.369     0.283     0.885
 7   105.552   -18.908    -1.650
 7    -0.249    -0.722     0.646
 7     0.928     0.013     0.371
 7    -0.276     0.692     0.667
 8   117.482   -35.691    18.748
 8     0.483    -0.419     0.770
 8    -0.804    -0.559     0.201
 8     0.346    -0.716    -0.606
 9   131.205   -55.631    18.796
 9     0.702    -0.091     0.706
 9    -0.708     0.020     0.706
 9    -0.077    -0.996    -0.049
 2    97.472   -19.308    59.105
 2     0.550    -0.835     0.004
 2     0.834     0.550     0.028
 2    -0.025    -0.013     0.999
 3   120.150    -5.834     6.263
 3    -0.566     0.044    -0.823
 3    -0.172    -0.983     0.066
 3    -0.806     0.179     0.563
 4   105.182    11.274     1.300
 4     0.427     0.482     0.766
 4    -0.214     0.876    -0.432
 4    -0.879     0.020     0.476
 5   114.971    29.791    23.089
 5    -0.341    -0.561     0.756
 5    -0.705     0.682     0.188
 5    -0.622    -0.469    -0.627
 6   130.038    51.170    18.384
 6     0.668    -0.736     0.111
 6     0.692     0.559    -0.456
 6     0.274     0.380     0.883
 7   105.317   -18.659    -1.843
 7    -0.251    -0.706     0.663
 7     0.933     0.005     0.358
 7    -0.256     0.708     0.657
 8   117.347   -36.349    17.650
 8     0.481    -0.438     0.760
 8    -0.828    -0.510     0.230
 8     0.287    -0.740    -0.607
 9   130.481   -56.604    15.214
 9     0.667    -0.227     0.711
 9    -0.718     0.058     0.693
 9    -0.197    -0.972    -0.122
 2    97.472   -19.308    59.105
 2     0.550    -0.836     0.004
 2     0.835     0.549     0.027
 2    -0.025    -0.013     0.999
 3   120.051    -5.763     6.174
 3    -0.567     0.043    -0.823
 3    -0.168    -0.984     0.064
 3    -0.807     0.175     0.564
 4   105.052    11.349     1.355
 4     0.404     0.486     0.775
 4    -0.223     0.874    -0.432
 4    -0.887     0.001     0.461
 5   116.121    30.213    22.399
 5    -0.370    -0.624     0.690
 5    -0.722     0.658     0.208
 5    -0.584    -0.421    -0.693
 6   129.899    52.154    15.566
 6     0.679    -0.670     0.302
 6     0.714     0.509    -0.480
 6     0.168     0.540     0.824
 7   105.292   -18.366    -2.062
 7    -0.256    -0.697     0.670
 7     0.935    -0.004     0.352
 7    -0.243     0.717     0.653
 8   117.805   -36.366    17.009
 8     0.488    -0.469     0.737
 8    -0.836    -0.492     0.240
 8     0.250    -0.733    -0.631
 9   130.586   -56.686    13.618
 9     0.649    -0.291     0.705
 9    -0.720     0.066     0.690
 9    -0.245    -0.954    -0.164
 2    97.472   -19.308    59.105
 2     0.550    -0.836     0.004
 2     0.835     0.549     0.027
 2    -0.025    -0.013     0.999
 3   119.977    -5.712     6.126
 3    -0.567     0.045    -0.823
 3    -0.167    -0.984     0.062
 3    -0.807     0.173     0.565
 4   104.925    11.283     1.405
 4     0.391     0.485     0.782
 4    -0.227     0.874    -0.428
 4    -0.892    -0.011     0.452
 5   116.893    30.548    21.699
 5    -0.391    -0.673     0.630
 5    -0.738     0.636     0.223
 5    -0.551    -0.377    -0.743
 6   129.412    52.794    13.045
 6     0.678    -0.593     0.438
 6     0.731     0.481    -0.484
 6     0.076     0.646     0.758
 7   105.237   -18.226    -2.198
 7    -0.263    -0.690     0.675
 7     0.936    -0.014     0.349
 7    -0.232     0.724     0.649
 8   117.841   -36.429    16.660
 8     0.491    -0.476     0.731
 8    -0.840    -0.480     0.251
 8     0.232    -0.737    -0.634
 9   130.430   -56.788    12.490
 9     0.635    -0.333     0.700
 9    -0.720     0.075     0.688
 9    -0.281    -0.940    -0.189
 2    97.471   -19.257    59.130
 2     0.549    -0.836     0.004
 2     0.835     0.548     0.027
 2    -0.025    -0.013     0.999
 3   119.926    -5.660     6.097
 3    -0.566     0.046    -0.823
 3    -0.169    -0.984     0.061
 3    -0.807     0.174     0.564
 4   104.790    11.139     1.313
 4     0.375     0.484     0.791
 4    -0.238     0.874    -0.422
 4    -0.896    -0.031     0.442
 5   117.759    30.779    20.901
 5    -0.408    -0.715     0.570
 5    -0.751     0.616     0.236
 5    -0.519    -0.331    -0.787
 6   128.724    53.313    10.828
 6     0.667    -0.442     0.602
 6     0.745     0.410    -0.525
 6    -0.015     0.797     0.602
 7   105.038   -17.985    -2.242
 7    -0.262    -0.676     0.689
 7     0.940    -0.017     0.341
 7    -0.219     0.736     0.639
 8   117.692   -36.711    16.063
 8     0.487    -0.490     0.724
 8    -0.851    -0.451     0.266
 8     0.197    -0.745    -0.635
 9   129.720   -57.236    10.836
 9     0.605    -0.388     0.698
 9    -0.724     0.098     0.682
 9    -0.333    -0.916    -0.218
 2    97.471   -19.308    59.105
 2     0.550    -0.836     0.005
 2     0.835     0.549     0.028
 2    -0.025    -0.012     0.999
 3   119.825    -5.610     5.944
 3    -0.566     0.046    -0.823
 3    -0.169    -0.984     0.062
 3    -0.807     0.175     0.564
 4   104.671    11.067     1.377
 4     0.356     0.490     0.796
 4    -0.247     0.870    -0.425
 4    -0.901    -0.046     0.430
 5   118.757    30.828    20.187
 5    -0.439    -0.743     0.507
 5    -0.755     0.609     0.239
 5    -0.486    -0.277    -0.828
 6   128.335    53.735     9.005
 6     0.652    -0.273     0.707
 6     0.751     0.356    -0.556
 6    -0.100     0.894     0.437
 7   104.725   -17.790    -2.427
 7    -0.262    -0.661     0.703
 7     0.944    -0.024     0.329
 7    -0.201     0.750     0.630
 8   117.661   -36.968    15.346
 8     0.486    -0.503     0.716
 8    -0.859    -0.423     0.286
 8     0.159    -0.754    -0.636
 9   129.411   -57.442     9.247
 9     0.587    -0.422     0.694
 9    -0.721     0.117     0.681
 9    -0.367    -0.899    -0.233
 2    97.471   -19.308    59.105
 2     0.550    -0.836     0.005
 2     0.835     0.549     0.028
 2    -0.025    -0.012     0.999
 3   119.658    -5.609     5.812
 3    -0.570     0.042    -0.821
 3    -0.167    -0.984     0.065
 3    -0.805     0.174     0.567
 4   104.498    11.049     1.411
 4     0.340     0.489     0.803
 4    -0.252     0.870    -0.423
 4    -0.906    -0.059     0.419
 5   119.338    31.121    19.570
 5    -0.449    -0.769     0.459
 5    -0.765     0.593     0.249
 5    -0.462    -0.238    -0.853
 6   127.613    54.303     7.946
 6     0.627    -0.192     0.755
 6     0.767     0.317    -0.556
 6    -0.133     0.928     0.346
 7   104.640   -17.566    -2.616
 7    -0.268    -0.648     0.714
 7     0.946    -0.038     0.321
 7    -0.181     0.761     0.623
 8   117.758   -37.120    14.420
 8     0.488    -0.516     0.706
 8    -0.864    -0.397     0.307
 8     0.122    -0.759    -0.638
 9   129.418   -57.562     7.980
 9     0.577    -0.443     0.689
 9    -0.718     0.129     0.683
 9    -0.391    -0.887    -0.241
 2    97.472   -19.308    59.105
 2     0.550    -0.836     0.005
 2     0.835     0.549     0.028
 2    -0.025    -0.013     0.999
 3   119.538    -5.532     5.760
 3    -0.571     0.043    -0.820
 3    -0.166    -0.984     0.064
 3    -0.804     0.172     0.569
 4   104.283    11.076     1.493
 4     0.318     0.488     0.813
 4    -0.260     0.869    -0.420
 4    -0.912    -0.079     0.403
 5   120.040    31.317    18.708
 5    -0.467    -0.790     0.400
 5    -0.771     0.583     0.253
 5    -0.432    -0.189    -0.881
 6   127.201    54.731     6.470
 6     0.605    -0.113     0.789
 6     0.776     0.303    -0.552
 6    -0.177     0.946     0.271
 7   104.411   -17.187    -2.840
 7    -0.273    -0.631     0.726
 7     0.949    -0.053     0.310
 7    -0.158     0.774     0.613
 8   117.756   -37.197    13.615
 8     0.492    -0.524     0.697
 8    -0.866    -0.372     0.331
 8     0.086    -0.766    -0.636
 9   129.239   -57.367     5.971
 9     0.564    -0.472     0.681
 9    -0.705     0.154     0.691
 9    -0.430    -0.868    -0.243
 2    97.471   -19.308    59.105
 2     0.550    -0.836     0.005
 2     0.835     0.549     0.028
 2    -0.025    -0.012     0.999
 3   119.376    -5.304     5.585
 3    -0.576     0.047    -0.816
 3    -0.161    -0.985     0.057
 3    -0.802     0.165     0.574
 4   104.093    11.134     1.630
 4     0.300     0.488     0.820
 4    -0.265     0.868    -0.420
 4    -0.916    -0.092     0.389
 5   120.662    31.435    17.926
 5    -0.484    -0.806     0.342
 5    -0.777     0.574     0.257
 5    -0.403    -0.141    -0.904
 6   126.727    55.009     5.243
 6     0.581    -0.042     0.812
 6     0.784     0.297    -0.545
 6    -0.217     0.954     0.207
 7   104.154   -16.938    -3.085
 7    -0.275    -0.614     0.740
 7     0.952    -0.063     0.300
 7    -0.137     0.787     0.601
 8   117.608   -37.386    12.582
 8     0.490    -0.530     0.694
 8    -0.871    -0.335     0.359
 8     0.042    -0.779    -0.624
 9   128.906   -57.300     4.032
 9     0.552    -0.492     0.676
 9    -0.691     0.185     0.698
 9    -0.467    -0.851    -0.236
 2    97.472   -19.359    59.054
 2     0.551    -0.835     0.005
 2     0.834     0.550     0.028
 2    -0.025    -0.012     0.999
 3   119.170    -5.197     5.448
 3    -0.582     0.052    -0.812
 3    -0.159    -0.986     0.051
 3    -0.798     0.159     0.581
 4   103.792    10.940     1.616
 4     0.282     0.484     0.828
 4    -0.274     0.868    -0.414
 4    -0.919    -0.110     0.377
 5   120.714    31.739    17.298
 5    -0.485    -0.818     0.310
 5    -0.786     0.562     0.256
 5    -0.384    -0.119    -0.915
 6   126.178    55.247     4.170
 6     0.564    -0.011     0.826
 6     0.790     0.299    -0.534
 6    -0.241     0.954     0.178
 7   104.066   -16.738    -3.225
 7    -0.283    -0.595     0.752
 7     0.952    -0.078     0.296
 7    -0.117     0.799     0.588
 8   117.536   -37.633    11.399
 8     0.490    -0.536     0.689
 8    -0.872    -0.289     0.395
 8    -0.012    -0.794    -0.607
 9   128.751   -57.138     1.679
 9     0.542    -0.510     0.671
 9    -0.668     0.222     0.708
 9    -0.510    -0.830    -0.219
 2    97.472   -19.359    59.105
 2     0.551    -0.835     0.005
 2     0.834     0.550     0.028
 2    -0.025    -0.013     0.999
 3   119.062    -5.165     5.306
 3    -0.587     0.058    -0.808
 3    -0.159    -0.986     0.045
 3    -0.794     0.156     0.588
 4   103.522    10.800     1.520
 4     0.267     0.477     0.837
 4    -0.284     0.869    -0.405
 4    -0.921    -0.130     0.367
 5   120.764    31.836    16.362
 5    -0.490    -0.823     0.288
 5    -0.793     0.557     0.247
 5    -0.363    -0.107    -0.925
 6   125.778    55.274     2.809
 6     0.553     0.019     0.833
 6     0.788     0.311    -0.530
 6    -0.269     0.950     0.158
 7   103.881   -16.561    -3.449
 7    -0.293    -0.573     0.765
 7     0.951    -0.095     0.293
 7    -0.095     0.814     0.573
 8   117.679   -37.857    10.165
 8     0.489    -0.552     0.677
 8    -0.869    -0.240     0.431
 8    -0.074    -0.799    -0.595
 9   128.761   -56.825    -0.921
 9     0.533    -0.533     0.661
 9    -0.638     0.258     0.723
 9    -0.555    -0.806    -0.201
 2    97.472   -19.359    59.105
 2     0.550    -0.835     0.004
 2     0.834     0.550     0.028
 2    -0.025    -0.013     0.999
 3   118.970    -5.162     5.148
 3    -0.590     0.058    -0.805
 3    -0.158    -0.986     0.045
 3    -0.792     0.154     0.591
 4   103.425    10.617     1.474
 4     0.256     0.474     0.842
 4    -0.292     0.868    -0.400
 4    -0.921    -0.144     0.361
 5   121.152    31.962    15.494
 5    -0.499    -0.828     0.259
 5    -0.797     0.554     0.237
 5    -0.339    -0.087    -0.936
 6   125.532    55.255     1.565
 6     0.541     0.052     0.840
 6     0.788     0.318    -0.526
 6    -0.294     0.946     0.133
 7   103.861   -16.415    -3.530
 7    -0.301    -0.554     0.776
 7     0.950    -0.108     0.291
 7    -0.078     0.825     0.559
 8   117.704   -37.994     9.051
 8     0.490    -0.554     0.675
 8    -0.864    -0.203     0.460
 8    -0.118    -0.807    -0.577
 9   128.608   -56.458    -2.982
 9     0.524    -0.549     0.655
 9    -0.611     0.292     0.734
 9    -0.593    -0.783    -0.181
 2    97.472   -19.359    59.105
 2     0.551    -0.835     0.004
 2     0.834     0.550     0.027
 2    -0.025    -0.013     0.999
 3   118.977    -5.161     5.008
 3    -0.594     0.051    -0.803
 3    -0.156    -0.986     0.053
 3    -0.789     0.157     0.593
 4   103.366    10.434     1.328
 4     0.244     0.472     0.847
 4    -0.305     0.866    -0.395
 4    -0.920    -0.162     0.355
 5   121.742    32.272    14.160
 5    -0.521    -0.838     0.161
 5    -0.831     0.541     0.130
 5    -0.197    -0.066    -0.978
 6   125.269    55.237     0.263
 6     0.530     0.080     0.844
 6     0.787     0.325    -0.524
 6    -0.316     0.942     0.111
 7   103.821   -16.300    -3.741
 7    -0.308    -0.538     0.785
 7     0.950    -0.140     0.276
 7    -0.039     0.831     0.554
 8   117.658   -38.267     7.572
 8     0.491    -0.552     0.676
 8    -0.855    -0.154     0.494
 8    -0.168    -0.820    -0.547
 9   128.453   -56.051    -5.626
 9     0.511    -0.566     0.650
 9    -0.576     0.335     0.744
 9    -0.638    -0.753    -0.154
 2    97.471   -19.359    59.130
 2     0.550    -0.835     0.004
 2     0.834     0.549     0.027
 2    -0.025    -0.013     0.999
 3   118.901    -5.186     4.930
 3    -0.594     0.050    -0.803
 3    -0.157    -0.986     0.055
 3    -0.789     0.159     0.593
 4   103.187    10.031     1.110
 4     0.238     0.467     0.851
 4    -0.320     0.865    -0.385
 4    -0.917    -0.181     0.355
 5   121.845    32.663    12.992
 5    -0.532    -0.841     0.097
 5    -0.839     0.539     0.069
 5    -0.111    -0.045    -0.993
 6   124.807    55.073    -1.596
 6     0.523     0.101     0.847
 6     0.776     0.354    -0.520
 6    -0.352     0.929     0.108
 7   104.234   -16.096    -4.091
 7    -0.300    -0.541     0.786
 7     0.951    -0.237     0.199
 7     0.078     0.807     0.585
 8   117.600   -38.663     6.182
 8     0.491    -0.533     0.691
 8    -0.846    -0.103     0.521
 8    -0.206    -0.840    -0.501
 9   128.106   -55.743    -8.088
 9     0.497    -0.574     0.653
 9    -0.544     0.379     0.747
 9    -0.676    -0.725    -0.122
 2    97.472   -19.359    59.105
 2     0.551    -0.835     0.004
 2     0.834     0.550     0.028
 2    -0.025    -0.013     0.999
 3   118.901    -5.284     4.867
 3    -0.594     0.050    -0.803
 3    -0.161    -0.985     0.057
 3    -0.788     0.163     0.593
 4   103.178     9.856     1.037
 4     0.237     0.464     0.854
 4    -0.325     0.866    -0.380
 4    -0.916    -0.188     0.355
 5   121.793    32.828    12.519
 5    -0.524    -0.849     0.064
 5    -0.849     0.526     0.031
 5    -0.061    -0.038    -0.997
 6   124.486    55.114    -2.203
 6     0.520     0.100     0.849
 6     0.774     0.366    -0.516
 6    -0.361     0.925     0.115
 7   104.567   -15.580    -4.544
 7    -0.235    -0.565     0.791
 7     0.946    -0.319     0.053
 7     0.222     0.761     0.609
 8   117.262   -38.824     5.051
 8     0.492    -0.517     0.703
 8    -0.838    -0.061     0.541
 8    -0.237    -0.854    -0.462
 9   127.690   -55.245    -9.808
 9     0.490    -0.574     0.660
 9    -0.519     0.416     0.745
 9    -0.701    -0.706    -0.094
 2    97.472   -19.359    59.105
 2     0.551    -0.835     0.004
 2     0.834     0.550     0.028
 2    -0.025    -0.013     0.999
 3   118.857    -5.059     4.829
 3    -0.595     0.052    -0.802
 3    -0.155    -0.986     0.051
 3    -0.788     0.155     0.595
 4   103.076     9.982     1.061
 4     0.236     0.462     0.855
 4    -0.323     0.867    -0.379
 4    -0.916    -0.187     0.354
 5   121.650    33.127    12.534
 5    -0.521    -0.850     0.074
 5    -0.851     0.524     0.032
 5    -0.066    -0.046    -0.997
 6   124.249    55.310    -2.414
 6     0.520     0.097     0.849
 6     0.771     0.374    -0.514
 6    -0.366     0.922     0.121
 7   104.715   -15.319    -4.776
 7    -0.254    -0.561     0.788
 7     0.941    -0.332     0.067
 7     0.224     0.758     0.612
 8   117.459   -38.564     4.273
 8     0.493    -0.515     0.703
 8    -0.831    -0.037     0.554
 8    -0.258    -0.857    -0.445
 9   127.923   -54.725   -10.979
 9     0.492    -0.572     0.660
 9    -0.504     0.429     0.747
 9    -0.710    -0.699    -0.076
 2    97.472   -19.359    59.054
 2     0.550    -0.836     0.004
 2     0.834     0.549     0.028
 2    -0.025    -0.013     0.999
 3   118.857    -4.934     4.762
 3    -0.595     0.055    -0.802
 3    -0.153    -0.987     0.047
 3    -0.789     0.151     0.596
 4   102.954     9.986     1.035
 4     0.239     0.453     0.859
 4    -0.323     0.871    -0.370
 4    -0.916    -0.190     0.354
 5   121.453    33.239    12.021
 5    -0.516    -0.854     0.067
 5    -0.855     0.518     0.018
 5    -0.050    -0.049    -0.998
 6   123.833    55.347    -3.213
 6     0.512     0.106     0.852
 6     0.769     0.385    -0.509
 6    -0.381     0.916     0.118
 7   104.833   -15.385    -4.838
 7    -0.282    -0.547     0.788
 7     0.932    -0.350     0.090
 7     0.227     0.760     0.608
 8   117.936   -38.569     3.158
 8     0.499    -0.530     0.687
 8    -0.812    -0.009     0.582
 8    -0.302    -0.848    -0.434
 9   128.282   -53.916   -12.892
 9     0.485    -0.593     0.646
 9    -0.470     0.445     0.760
 9    -0.737    -0.671    -0.062
 2    97.472   -19.308    59.054
 2     0.550    -0.836     0.005
 2     0.835     0.549     0.028
 2    -0.025    -0.013     0.999
 3   118.945    -4.983     4.782
 3    -0.590     0.057    -0.805
 3    -0.160    -0.986     0.048
 3    -0.791     0.157     0.591
 4   102.959     9.588     0.743
 4     0.235     0.452     0.860
 4    -0.342     0.867    -0.362
 4    -0.910    -0.209     0.358
 5   121.639    33.310    10.750
 5    -0.516    -0.855     0.049
 5    -0.856     0.516    -0.007
 5    -0.019    -0.046    -0.999
 6   123.470    55.005    -5.172
 6     0.503     0.124     0.856
 6     0.757     0.416    -0.503
 6    -0.417     0.901     0.116
 7   104.963   -15.517    -4.848
 7    -0.279    -0.545     0.791
 7     0.927    -0.366     0.074
 7     0.249     0.754     0.607
 8   117.976   -38.989     2.609
 8     0.476    -0.589     0.655
 8    -0.824    -0.038     0.564
 8    -0.307    -0.807    -0.502
 9   127.755   -53.846   -14.791
 9     0.470    -0.598     0.653
 9    -0.452     0.471     0.756
 9    -0.758    -0.649    -0.048
 2    97.471   -19.308    59.105
 2     0.549    -0.836     0.004
 2     0.835     0.549     0.028
 2    -0.025    -0.012     0.999
 3   118.980    -5.290     4.769
 3    -0.574     0.066    -0.816
 3    -0.174    -0.984     0.044
 3    -0.800     0.167     0.576
 4   103.131     9.421     0.411
 4     0.234     0.460     0.856
 4    -0.361     0.859    -0.363
 4    -0.903    -0.224     0.367
 5   121.765    33.215    10.172
 5    -0.519    -0.854     0.044
 5    -0.855     0.518    -0.022
 5    -0.005    -0.049    -0.999
 6   123.619    54.634    -6.021
 6     0.503     0.129     0.855
 6     0.749     0.429    -0.504
 6    -0.430     0.894     0.120
 7   104.821   -15.590    -4.858
 7    -0.256    -0.526     0.811
 7     0.915    -0.401     0.028
 7     0.311     0.750     0.584
 8   116.709   -39.973     0.188
 8     0.398    -0.736     0.550
 8    -0.851    -0.071     0.520
 8    -0.344    -0.674    -0.653
 9   123.337   -56.351   -18.542
 9     0.384    -0.567     0.732
 9    -0.527     0.516     0.673
 9    -0.758    -0.642    -0.100
 2    97.472   -19.308    59.105
 2     0.550    -0.836     0.004
 2     0.835     0.549     0.028
 2    -0.025    -0.013     0.999
 3   118.591    -5.757     4.680
 3    -0.581     0.046    -0.813
 3    -0.160    -0.985     0.058
 3    -0.798     0.164     0.580
 4   103.067     9.208     0.439
 4     0.209     0.485     0.849
 4    -0.384     0.839    -0.385
 4    -0.899    -0.246     0.362
 5   122.551    32.735     8.938
 5    -0.541    -0.840     0.035
 5    -0.841     0.540    -0.036
 5     0.011    -0.050    -0.999
 6   124.726    53.343    -8.021
 6     0.520     0.166     0.839
 6     0.716     0.453    -0.531
 6    -0.466     0.876     0.117
 7   104.524   -15.722    -4.850
 7    -0.233    -0.494     0.838
 7     0.902    -0.430    -0.003
 7     0.362     0.756     0.545
 8   116.302   -40.143    -1.071
 8     0.381    -0.764     0.523
 8    -0.833    -0.038     0.551
 8    -0.401    -0.644    -0.650
 9   122.336   -55.422   -21.010
 9     0.349    -0.596     0.725
 9    -0.485     0.546     0.681
 9    -0.801    -0.588    -0.099
 2    97.471   -19.308    59.105
 2     0.550    -0.836     0.005
 2     0.835     0.549     0.028
 2    -0.025    -0.012     0.999
 3   118.559    -5.882     4.611
 3    -0.581     0.040    -0.813
 3    -0.165    -0.984     0.069
 3    -0.797     0.175     0.578
 4   103.162     9.063     0.194
 4     0.203     0.491     0.847
 4    -0.401     0.830    -0.386
 4    -0.893    -0.262     0.366
 5   123.012    32.802     7.625
 5    -0.549    -0.836     0.015
 5    -0.835     0.547    -0.059
 5     0.041    -0.046    -0.998
 6   124.675    52.762   -10.258
 6     0.511     0.190     0.840
 6     0.693     0.487    -0.530
 6    -0.508     0.852     0.119
 7   104.812   -15.702    -5.077
 7    -0.246    -0.485     0.840
 7     0.892    -0.452     0.000
 7     0.379     0.749     0.543
 8   116.793   -39.862    -1.961
 8     0.387    -0.780     0.494
 8    -0.810    -0.031     0.585
 8    -0.441    -0.626    -0.643
 9   122.618   -54.285   -22.619
 9     0.344    -0.611     0.715
 9    -0.449     0.560     0.694
 9    -0.824    -0.559    -0.082
 2    97.472   -19.309    59.105
 2     0.551    -0.835     0.004
 2     0.834     0.550     0.028
 2    -0.025    -0.013     0.999
 3   118.665    -5.960     4.660
 3    -0.575     0.036    -0.818
 3    -0.171    -0.982     0.077
 3    -0.800     0.184     0.570
 4   103.263     8.945     0.042
 4     0.204     0.495     0.845
 4    -0.412     0.826    -0.384
 4    -0.888    -0.270     0.372
 5   123.108    32.758     6.690
 5    -0.545    -0.838     0.014
 5    -0.837     0.542    -0.074
 5     0.054    -0.052    -0.997
 6   124.565    52.464   -11.099
 6     0.508     0.195     0.840
 6     0.685     0.502    -0.527
 6    -0.523     0.843     0.123
 7   104.840   -15.821    -4.984
 7    -0.235    -0.481     0.844
 7     0.890    -0.455    -0.011
 7     0.389     0.749     0.535
 8   116.507   -39.939    -2.736
 8     0.374    -0.797     0.476
 8    -0.797    -0.014     0.603
 8    -0.474    -0.604    -0.640
 9   121.745   -54.012   -24.102
 9     0.321    -0.617     0.720
 9    -0.437     0.577     0.688
 9    -0.840    -0.535    -0.085
 2    97.472   -19.309    59.054
 2     0.551    -0.835     0.005
 2     0.834     0.550     0.028
 2    -0.025    -0.013     0.999
 3   118.658    -6.114     4.659
 3    -0.573     0.032    -0.819
 3    -0.172    -0.982     0.082
 3    -0.801     0.188     0.567
 4   103.326     8.772    -0.076
 4     0.205     0.498     0.842
 4    -0.418     0.823    -0.385
 4    -0.885    -0.273     0.376
 5   122.164    32.070     7.072
 5    -0.472    -0.858     0.202
 5    -0.861     0.498     0.099
 5    -0.186    -0.127    -0.974
 6   124.802    51.969   -11.775
 6     0.510     0.193     0.839
 6     0.676     0.515    -0.526
 6    -0.532     0.835     0.134
 7   104.764   -15.808    -4.942
 7    -0.215    -0.474     0.854
 7     0.888    -0.458    -0.032
 7     0.406     0.751     0.519
 8   115.813   -40.054    -3.743
 8     0.337    -0.822     0.460
 8    -0.787     0.022     0.615
 8    -0.516    -0.569    -0.639
 9   120.098   -53.481   -25.899
 9     0.280    -0.626     0.730
 9    -0.416     0.605     0.677
 9    -0.865    -0.492    -0.091
 2    97.472   -19.309    59.105
 2     0.551    -0.835     0.005
 2     0.834     0.551     0.028
 2    -0.025    -0.013     0.999
 3   118.643    -6.247     4.675
 3    -0.568     0.028    -0.823
 3    -0.172    -0.981     0.086
 3    -0.805     0.190     0.562
 4   103.327     8.700    -0.137
 4     0.208     0.498     0.842
 4    -0.418     0.823    -0.384
 4    -0.884    -0.273     0.379
 5   122.623    32.360     6.611
 5    -0.513    -0.852     0.106
 5    -0.857     0.516    -0.001
 5    -0.053    -0.091    -0.994
 6   124.685    51.968   -11.999
 6     0.512     0.183     0.840
 6     0.674     0.521    -0.522
 6    -0.531     0.833     0.145
 7   104.846   -15.601    -5.100
 7    -0.200    -0.455     0.868
 7     0.877    -0.478    -0.048
 7     0.437     0.751     0.494
 8   115.041   -39.684    -5.227
 8     0.303    -0.839     0.454
 8    -0.761     0.074     0.644
 8    -0.574    -0.540    -0.616
 9   118.052   -52.014   -28.534
 9     0.238    -0.620     0.750
 9    -0.368     0.656     0.657
 9    -0.899    -0.431    -0.073
 2    97.472   -19.309    59.054
 2     0.551    -0.835     0.005
 2     0.834     0.551     0.028
 2    -0.025    -0.013     0.999
 3   118.582    -6.209     4.706
 3    -0.565     0.019    -0.825
 3    -0.164    -0.982     0.089
 3    -0.809     0.186     0.558
 4   103.377     8.823    -0.134
 4     0.205     0.505     0.838
 4    -0.420     0.819    -0.391
 4    -0.884    -0.272     0.380
 5   122.974    32.784     6.022
 5    -0.529    -0.847     0.057
 5    -0.848     0.526    -0.062
 5     0.022    -0.081    -0.996
 6   124.786    51.849   -12.665
 6     0.515     0.184     0.839
 6     0.663     0.536    -0.522
 6    -0.543     0.824     0.155
 7   104.782   -15.277    -5.233
 7    -0.181    -0.438     0.880
 7     0.869    -0.490    -0.065
 7     0.459     0.754     0.469
 8   114.264   -39.322    -6.542
 8     0.271    -0.851     0.451
