% Calibrated with leiden_pols
% Positions are in centimeters
Data =[
 2    97.471   -19.308    59.105
 2     0.550    -0.836     0.005
 2     0.835     0.549     0.028
 2    -0.025    -0.012     0.999
 3   120.824    -6.516     7.087
 3    -0.576     0.017    -0.817
 3    -0.138    -0.988     0.076
 3    -0.806     0.157     0.571
 4   108.672    13.650     2.189
 4     0.671     0.459     0.583
 4    -0.131     0.846    -0.516
 4    -0.730     0.270     0.627
 5   109.479    18.284    35.254
 5    -0.150    -0.093     0.984
 5    -0.092     0.992     0.079
 5    -0.984    -0.078    -0.157
 6   127.352    27.608    45.894
 6     0.437    -0.702    -0.566
 6     0.130     0.668    -0.730
 6     0.890     0.245     0.383
 7   107.204   -21.162    -0.007
 7    -0.262    -0.843     0.470
 7     0.854     0.024     0.519
 7    -0.449     0.537     0.714
 8   114.649   -27.945    24.260
 8     0.323     0.287     0.902
 8    -0.270    -0.886     0.377
 8     0.907    -0.365    -0.209
 9   126.449   -35.247    46.111
 9     0.526     0.827     0.197
 9    -0.181    -0.118     0.976
 9     0.831    -0.550     0.087
 2    97.471   -19.308    59.105
 2     0.550    -0.836     0.005
 2     0.835     0.549     0.028
 2    -0.025    -0.012     0.999
 3   120.884    -6.522     7.231
 3    -0.570     0.017    -0.821
 3    -0.138    -0.988     0.076
 3    -0.810     0.157     0.565
 4   108.805    13.656     2.200
 4     0.674     0.459     0.580
 4    -0.130     0.845    -0.517
 4    -0.727     0.272     0.629
 5   109.468    18.228    35.218
 5    -0.147    -0.092     0.985
 5    -0.091     0.993     0.079
 5    -0.985    -0.077    -0.154
 6   127.333    27.610    45.965
 6     0.434    -0.703    -0.568
 6     0.130     0.669    -0.729
 6     0.891     0.242     0.381
 7   107.227   -21.138    -0.003
 7    -0.261    -0.844     0.468
 7     0.854     0.024     0.519
 7    -0.450     0.535     0.715
 8   114.648   -27.894    24.260
 8     0.323     0.287     0.902
 8    -0.270    -0.886     0.377
 8     0.907    -0.365    -0.208
 9   126.402   -35.246    46.156
 9     0.524     0.828     0.197
 9    -0.180    -0.118     0.976
 9     0.832    -0.547     0.087
 2    97.471   -19.308    59.105
 2     0.550    -0.836     0.005
 2     0.835     0.549     0.028
 2    -0.025    -0.012     0.999
 3   120.880    -6.574     7.284
 3    -0.568     0.017    -0.823
 3    -0.139    -0.987     0.076
 3    -0.811     0.158     0.562
 4   108.809    13.605     2.172
 4     0.675     0.460     0.578
 4    -0.132     0.845    -0.517
 4    -0.726     0.272     0.630
 5   109.454    18.223    35.211
 5    -0.146    -0.087     0.985
 5    -0.092     0.993     0.074
 5    -0.985    -0.080    -0.153
 6   127.284    27.610    45.940
 6     0.434    -0.702    -0.569
 6     0.130     0.670    -0.729
 6     0.891     0.241     0.381
 7   107.225   -21.165    -0.000
 7    -0.261    -0.844     0.468
 7     0.854     0.025     0.519
 7    -0.451     0.535     0.714
 8   114.655   -27.893    24.303
 8     0.321     0.287     0.903
 8    -0.269    -0.886     0.377
 8     0.908    -0.363    -0.208
 9   126.402   -35.221    46.182
 9     0.524     0.829     0.197
 9    -0.180    -0.119     0.976
 9     0.832    -0.547     0.087
 2    97.471   -19.308    59.105
 2     0.550    -0.836     0.004
 2     0.835     0.549     0.027
 2    -0.025    -0.012     0.999
 3   120.876    -6.626     7.238
 3    -0.568     0.016    -0.823
 3    -0.139    -0.987     0.077
 3    -0.812     0.158     0.562
 4   108.809    13.605     2.172
 4     0.675     0.460     0.578
 4    -0.132     0.845    -0.517
 4    -0.726     0.272     0.630
 5   109.446    18.273    35.254
 5    -0.146    -0.086     0.985
 5    -0.094     0.993     0.073
 5    -0.985    -0.082    -0.153
 6   127.334    27.559    45.940
 6     0.434    -0.701    -0.570
 6     0.129     0.671    -0.728
 6     0.891     0.241     0.381
 7   107.147   -21.164    -0.003
 7    -0.262    -0.842     0.472
 7     0.853     0.026     0.520
 7    -0.451     0.539     0.712
 8   114.650   -27.944    24.311
 8     0.323     0.286     0.902
 8    -0.270    -0.886     0.376
 8     0.907    -0.364    -0.209
 9   126.403   -35.220    46.156
 9     0.525     0.828     0.197
 9    -0.180    -0.119     0.976
 9     0.832    -0.548     0.086
 2    97.471   -19.308    59.105
 2     0.550    -0.836     0.004
 2     0.835     0.549     0.027
 2    -0.025    -0.012     0.999
 3   120.859    -6.623     7.128
 3    -0.570     0.018    -0.822
 3    -0.139    -0.987     0.076
 3    -0.810     0.158     0.565
 4   108.701    13.702     2.135
 4     0.671     0.460     0.582
 4    -0.132     0.846    -0.516
 4    -0.729     0.269     0.628
 5   109.444    18.222    35.253
 5    -0.147    -0.082     0.986
 5    -0.095     0.993     0.069
 5    -0.985    -0.083    -0.154
 6   127.359    27.559    45.889
 6     0.435    -0.701    -0.570
 6     0.129     0.671    -0.728
 6     0.891     0.242     0.381
 7   107.102   -21.135    -0.014
 7    -0.264    -0.839     0.476
 7     0.854     0.026     0.519
 7    -0.448     0.543     0.710
 8   114.690   -27.998    24.276
 8     0.326     0.282     0.902
 8    -0.273    -0.886     0.375
 8     0.905    -0.367    -0.212
 9   126.445   -35.248    46.066
 9     0.527     0.826     0.198
 9    -0.181    -0.119     0.976
 9     0.830    -0.550     0.087
 2    97.471   -19.308    59.105
 2     0.550    -0.836     0.004
 2     0.835     0.549     0.027
 2    -0.025    -0.012     0.999
 3   120.865    -6.620     7.093
 3    -0.572     0.017    -0.820
 3    -0.139    -0.987     0.077
 3    -0.808     0.158     0.567
 4   108.698    13.701     2.139
 4     0.670     0.461     0.583
 4    -0.132     0.846    -0.516
 4    -0.730     0.269     0.627
 5   109.450    18.225    35.183
 5    -0.148    -0.082     0.986
 5    -0.096     0.993     0.068
 5    -0.984    -0.084    -0.154
 6   127.359    27.559    45.889
 6     0.435    -0.701    -0.570
 6     0.129     0.671    -0.728
 6     0.891     0.242     0.381
 7   107.102   -21.161    -0.015
 7    -0.263    -0.839     0.478
 7     0.854     0.027     0.518
 7    -0.448     0.544     0.709
 8   114.636   -28.001    24.285
 8     0.325     0.275     0.905
 8    -0.276    -0.888     0.368
 8     0.904    -0.369    -0.213
 9   126.446   -35.350    46.016
 9     0.527     0.826     0.200
 9    -0.183    -0.120     0.976
 9     0.830    -0.551     0.087
 2    97.472   -19.308    59.105
 2     0.550    -0.836     0.004
 2     0.835     0.549     0.028
 2    -0.025    -0.013     0.999
 3   120.865    -6.620     7.042
 3    -0.573     0.016    -0.820
 3    -0.139    -0.987     0.078
 3    -0.808     0.159     0.567
 4   108.725    13.565     2.164
 4     0.663     0.463     0.589
 4    -0.128     0.845    -0.519
 4    -0.737     0.268     0.619
 5   109.275    18.277    34.864
 5    -0.135    -0.091     0.986
 5    -0.135     0.988     0.073
 5    -0.982    -0.123    -0.146
 6   127.142    28.860    45.398
 6     0.436    -0.720    -0.545
 6     0.160     0.654    -0.737
 6     0.885     0.234     0.399
 7   107.009   -21.074    -0.054
 7    -0.255    -0.832     0.493
 7     0.863     0.034     0.503
 7    -0.436     0.553     0.709
 8   114.697   -28.413    24.145
 8     0.337     0.173     0.926
 8    -0.341    -0.894     0.290
 8     0.877    -0.413    -0.242
 9   126.718   -37.904    44.670
 9     0.550     0.788     0.276
 9    -0.254    -0.156     0.954
 9     0.795    -0.595     0.115
 2    97.471   -19.308    59.105
 2     0.550    -0.836     0.005
 2     0.835     0.549     0.028
 2    -0.025    -0.012     0.999
 3   120.888    -6.624     7.051
 3    -0.572     0.012    -0.821
 3    -0.136    -0.987     0.080
 3    -0.809     0.157     0.565
 4   108.299    13.406     2.099
 4     0.656     0.445     0.611
 4    -0.115     0.858    -0.500
 4    -0.746     0.257     0.613
 5   109.253    19.714    33.796
 5    -0.150    -0.191     0.970
 5    -0.247     0.957     0.150
 5    -0.957    -0.218    -0.190
