% Calibrated with leiden_pols
% Positions are in centimeters
Data =[
 2    97.515   -19.273    59.064
 2     0.595    -0.804     0.005
 2     0.803     0.594     0.029
 2    -0.026    -0.014     0.999
 3   121.401    -7.267     7.142
 3    -0.550     0.007    -0.836
 3    -0.152    -0.984     0.092
 3    -0.821     0.177     0.542
 4   110.603    13.807     1.926
 4     0.709     0.461     0.535
 4    -0.143     0.835    -0.530
 4    -0.691     0.299     0.657
 5   111.958    16.955    36.335
 5    -0.220    -0.102     0.970
 5    -0.025     0.995     0.099
 5    -0.975    -0.002    -0.221
 6   129.249    25.201    47.048
 6     0.420    -0.725    -0.551
 6     0.070     0.627    -0.774
 6     0.905     0.285     0.313
 7   108.266   -22.170    -0.008
 7    -0.249    -0.845     0.473
 7     0.849     0.045     0.526
 7    -0.466     0.532     0.707
 8   115.754   -27.018    24.680
 8     0.314     0.315     0.896
 8    -0.178    -0.908     0.379
 8     0.932    -0.278    -0.229
 9   126.719   -33.149    47.355
 9     0.518     0.812     0.271
 9    -0.149    -0.227     0.962
 9     0.842    -0.538     0.003
 2    97.516   -19.273    59.064
 2     0.595    -0.804     0.005
 2     0.803     0.594     0.030
 2    -0.026    -0.015     0.999
 3   121.445    -7.346     7.121
 3    -0.549     0.004    -0.836
 3    -0.151    -0.984     0.095
 3    -0.822     0.179     0.540
 4   110.678    13.695     2.055
 4     0.701     0.468     0.540
 4    -0.141     0.831    -0.537
 4    -0.699     0.300     0.648
 5   111.799    16.883    36.034
 5    -0.199    -0.115     0.973
 5    -0.044     0.993     0.109
 5    -0.979    -0.021    -0.202
 6   129.147    25.483    46.921
 6     0.419    -0.729    -0.547
 6     0.075     0.623    -0.776
 6     0.905     0.283     0.315
 7   108.211   -22.122     0.048
 7    -0.248    -0.845     0.475
 7     0.848     0.047     0.527
 7    -0.468     0.533     0.704
 8   115.558   -27.489    24.734
 8     0.313     0.243     0.918
 8    -0.237    -0.917     0.322
 8     0.920    -0.318    -0.229
 9   126.490   -35.300    46.729
 9     0.520     0.792     0.319
 9    -0.203    -0.247     0.947
 9     0.829    -0.557     0.032
 2    97.515   -19.273    59.064
 2     0.595    -0.804     0.006
 2     0.803     0.594     0.029
 2    -0.026    -0.014     0.999
 3   121.439    -7.301     7.211
 3    -0.547    -0.001    -0.837
 3    -0.148    -0.984     0.099
 3    -0.824     0.178     0.538
 4   110.562    13.741     2.072
 4     0.697     0.464     0.548
 4    -0.135     0.834    -0.534
 4    -0.704     0.298     0.644
 5   111.369    17.293    36.082
 5    -0.177    -0.129     0.976
 5    -0.065     0.991     0.119
 5    -0.982    -0.042    -0.183
 6   128.368    27.643    46.536
 6     0.409    -0.763    -0.505
 6     0.127     0.591    -0.794
 6     0.903     0.260     0.337
 7   108.075   -22.040    -0.024
 7    -0.244    -0.840     0.485
 7     0.852     0.053     0.519
 7    -0.462     0.540     0.703
 8   115.508   -27.746    24.648
 8     0.317     0.201     0.927
 8    -0.265    -0.920     0.289
 8     0.910    -0.337    -0.238
 9   126.376   -36.318    46.272
 9     0.524     0.770     0.365
 9    -0.239    -0.277     0.930
 9     0.817    -0.574     0.039
 2    97.516   -19.273    59.064
 2     0.595    -0.804     0.005
 2     0.803     0.594     0.030
 2    -0.026    -0.015     0.999
 3   121.368    -7.276     7.210
 3    -0.548    -0.003    -0.836
 3    -0.146    -0.984     0.099
 3    -0.823     0.177     0.539
 4   110.470    13.737     2.158
 4     0.694     0.464     0.552
 4    -0.129     0.833    -0.537
 4    -0.708     0.301     0.637
 5   111.435    17.526    35.877
 5    -0.181    -0.136     0.974
 5    -0.087     0.989     0.121
 5    -0.980    -0.062    -0.191
 6   128.488    28.888    46.188
 6     0.418    -0.779    -0.474
 6     0.156     0.571    -0.804
 6     0.895     0.261     0.359
 7   107.925   -21.925    -0.142
 7    -0.248    -0.833     0.495
 7     0.858     0.049     0.511
 7    -0.450     0.551     0.702
 8   116.038   -27.778    24.641
 8     0.349     0.166     0.923
 8    -0.282    -0.921     0.271
 8     0.894    -0.354    -0.274
 9   127.401   -36.771    45.587
 9     0.551     0.739     0.390
 9    -0.256    -0.293     0.920
 9     0.794    -0.607     0.028
 2    97.515   -19.273    59.064
 2     0.595    -0.804     0.006
 2     0.803     0.594     0.029
 2    -0.026    -0.014     0.999
 3   121.268    -7.226     7.211
 3    -0.550    -0.003    -0.836
 3    -0.146    -0.984     0.100
 3    -0.823     0.177     0.540
 4   110.339    13.774     2.291
 4     0.686     0.471     0.556
 4    -0.127     0.828    -0.544
 4    -0.717     0.303     0.627
 5   111.963    18.005    35.752
 5    -0.198    -0.145     0.969
 5    -0.108     0.986     0.125
 5    -0.974    -0.080    -0.211
 6   129.163    29.968    45.747
 6     0.435    -0.778    -0.458
 6     0.181     0.569    -0.800
 6     0.882     0.265     0.387
 7   107.821   -21.791    -0.217
 7    -0.246    -0.830     0.500
 7     0.862     0.047     0.503
 7    -0.442     0.555     0.705
 8   116.176   -27.946    24.551
 8     0.354     0.144     0.924
 8    -0.299    -0.919     0.257
 8     0.886    -0.367    -0.282
 9   127.667   -37.291    45.184
 9     0.559     0.727     0.401
 9    -0.269    -0.297     0.915
 9     0.784    -0.619     0.029
 2    97.516   -19.273    59.013
 2     0.595    -0.804     0.006
 2     0.803     0.594     0.029
 2    -0.026    -0.014     0.999
 3   121.361    -7.229     7.272
 3    -0.546    -0.005    -0.838
 3    -0.145    -0.984     0.100
 3    -0.825     0.176     0.536
 4   110.437    13.800     2.288
 4     0.685     0.474     0.554
 4    -0.126     0.826    -0.549
 4    -0.717     0.306     0.625
 5   112.062    18.005    35.750
 5    -0.197    -0.146     0.969
 5    -0.108     0.986     0.127
 5    -0.974    -0.080    -0.210
 6   129.206    30.044    45.703
 6     0.435    -0.782    -0.453
 6     0.184     0.565    -0.802
 6     0.881     0.265     0.388
 7   107.951   -21.789    -0.300
 7    -0.245    -0.830     0.502
 7     0.864     0.048     0.500
 7    -0.440     0.556     0.705
 8   115.969   -27.948    24.449
 8     0.344     0.145     0.928
 8    -0.300    -0.920     0.253
 8     0.890    -0.365    -0.273
 9   127.220   -37.417    45.297
 9     0.546     0.733     0.409
 9    -0.274    -0.304     0.911
 9     0.792    -0.609     0.035
 2    97.516   -19.273    59.064
 2     0.595    -0.804     0.005
 2     0.803     0.594     0.030
 2    -0.026    -0.015     0.999
 3   121.261    -7.282     7.324
 3    -0.546    -0.007    -0.838
 3    -0.144    -0.984     0.102
 3    -0.825     0.177     0.536
 4   110.486    13.800     2.287
 4     0.686     0.474     0.554
 4    -0.126     0.825    -0.549
 4    -0.717     0.307     0.625
 5   111.927    17.846    35.594
 5    -0.185    -0.160     0.970
 5    -0.108     0.984     0.142
 5    -0.977    -0.079    -0.199
 6   128.534    30.525    45.708
 6     0.413    -0.804    -0.434
 6     0.201     0.540    -0.816
 6     0.888     0.249     0.383
 7   107.929   -21.788    -0.278
 7    -0.243    -0.828     0.505
 7     0.865     0.050     0.498
 7    -0.439     0.557     0.704
 8   115.756   -27.938    24.106
 8     0.311     0.141     0.940
 8    -0.285    -0.930     0.233
 8     0.906    -0.339    -0.249
 9   126.529   -37.727    45.394
 9     0.526     0.728     0.442
 9    -0.290    -0.333     0.896
 9     0.799    -0.599     0.036
 2    97.491   -19.273    59.064
 2     0.595    -0.804     0.005
 2     0.803     0.594     0.030
 2    -0.026    -0.015     0.999
 3   121.216    -7.306     7.340
 3    -0.549    -0.012    -0.836
 3    -0.143    -0.984     0.108
 3    -0.823     0.179     0.538
 4   110.379    13.623     2.056
 4     0.685     0.473     0.555
 4    -0.121     0.824    -0.552
 4    -0.718     0.311     0.621
 5   111.390    19.188    34.508
 5    -0.166    -0.242     0.956
 5    -0.195     0.958     0.208
 5    -0.967    -0.152    -0.205
 6   126.980    34.806    44.372
 6     0.389    -0.849    -0.363
 6     0.302     0.485    -0.819
 6     0.870     0.209     0.444
 7   108.194   -21.703    -0.426
 7    -0.248    -0.827     0.505
 7     0.867     0.043     0.495
 7    -0.432     0.560     0.707
 8   115.650   -28.917    23.567
 8     0.282     0.074     0.957
 8    -0.364    -0.914     0.177
 8     0.888    -0.398    -0.231
 9   125.754   -40.558    44.075
 9     0.503     0.713     0.492
 9    -0.368    -0.337     0.865
 9     0.782    -0.615     0.093
 2    97.490   -19.273    59.064
 2     0.595    -0.804     0.005
 2     0.803     0.594     0.029
 2    -0.026    -0.014     0.999
 3   121.374    -7.015     7.540
 3    -0.541    -0.010    -0.841
 3    -0.137    -0.985     0.100
 3    -0.830     0.169     0.531
 4   110.087    13.483     2.089
 4     0.675     0.476     0.564
 4    -0.111     0.821    -0.560
 4    -0.729     0.315     0.607
 5   111.262    21.459    33.295
 5    -0.167    -0.339     0.926
 5    -0.311     0.909     0.276
 5    -0.936    -0.242    -0.256
 6   125.883    39.772    41.900
 6     0.386    -0.881    -0.279
 6     0.421     0.434    -0.796
 6     0.820     0.191     0.537
 7   108.122   -21.347    -0.806
 7    -0.254    -0.819     0.515
 7     0.877     0.029     0.479
 7    -0.408     0.573     0.711
 8   115.618   -30.295    22.901
 8     0.290    -0.002     0.957
 8    -0.454    -0.881     0.135
 8     0.842    -0.474    -0.256
 9   125.847   -43.940    41.768
 9     0.511     0.674     0.536
 9    -0.452    -0.319     0.832
 9     0.731    -0.667     0.141
 2    97.490   -19.273    59.064
 2     0.595    -0.804     0.005
 2     0.803     0.594     0.029
 2    -0.026    -0.014     0.999
 3   121.259    -6.785     7.397
 3    -0.541     0.003    -0.841
 3    -0.135    -0.987     0.084
 3    -0.830     0.159     0.534
 4   109.586    13.377     1.894
 4     0.654     0.483     0.583
 4    -0.111     0.823    -0.556
 4    -0.748     0.299     0.592
 5   111.245    23.081    31.859
 5    -0.170    -0.383     0.908
 5    -0.383     0.874     0.297
 5    -0.908    -0.298    -0.295
 6   125.544    43.126    39.102
 6     0.396    -0.887    -0.240
 6     0.498     0.425    -0.756
 6     0.771     0.181     0.609
 7   108.158   -21.073    -1.086
 7    -0.264    -0.815     0.517
 7     0.881     0.014     0.471
 7    -0.391     0.580     0.714
 8   116.027   -31.298    22.474
 8     0.318    -0.063     0.946
 8    -0.533    -0.837     0.122
 8     0.784    -0.543    -0.299
 9   126.291   -46.538    39.580
 9     0.523     0.638     0.569
 9    -0.511    -0.298     0.805
 9     0.682    -0.710     0.169
 2    97.490   -19.273    59.115
 2     0.595    -0.804     0.005
 2     0.803     0.594     0.029
 2    -0.026    -0.014     0.999
 3   121.262    -6.603     7.270
 3    -0.541     0.013    -0.841
 3    -0.137    -0.988     0.073
 3    -0.830     0.155     0.536
 4   109.087    13.118     1.729
 4     0.632     0.485     0.605
 4    -0.111     0.828    -0.548
 4    -0.767     0.279     0.577
 5   111.424    25.149    30.066
 5    -0.176    -0.426     0.888
 5    -0.470     0.828     0.304
 5    -0.865    -0.364    -0.345
 6   125.119    46.642    35.736
 6     0.408    -0.892    -0.198
 6     0.578     0.418    -0.700
 6     0.706     0.172     0.686
 7   108.074   -20.825    -1.418
 7    -0.270    -0.811     0.520
 7     0.888    -0.001     0.459
 7    -0.373     0.585     0.720
 8   116.210   -32.005    22.188
 8     0.337    -0.161     0.928
 8    -0.600    -0.796     0.080
 8     0.726    -0.583    -0.365
 9   126.439   -49.264    36.974
 9     0.542     0.504     0.675
 9    -0.602    -0.327     0.727
 9     0.586    -0.799     0.124
 2    97.490   -19.273    59.115
 2     0.595    -0.805     0.005
 2     0.803     0.594     0.030
 2    -0.026    -0.015     0.999
 3   121.214    -6.414     7.064
 3    -0.541     0.025    -0.841
 3    -0.148    -0.987     0.066
 3    -0.828     0.160     0.537
 4   108.327    12.660     1.351
 4     0.594     0.485     0.642
 4    -0.120     0.842    -0.525
 4    -0.795     0.235     0.558
 5   111.940    26.632    28.269
 5    -0.202    -0.510     0.837
 5    -0.549     0.765     0.334
 5    -0.811    -0.392    -0.433
 6   124.594    49.856    31.256
 6     0.430    -0.900    -0.067
 6     0.666     0.366    -0.650
 6     0.609     0.236     0.757
 7   107.850   -20.380    -1.840
 7    -0.266    -0.803     0.534
 7     0.905    -0.017     0.424
 7    -0.332     0.595     0.731
 8   116.594   -32.917    21.523
 8     0.361    -0.280     0.890
 8    -0.669    -0.742     0.039
 8     0.649    -0.610    -0.454
 9   126.952   -51.870    33.605
 9     0.560     0.350     0.752
 9    -0.685    -0.315     0.656
 9     0.465    -0.882     0.062
 2    97.490   -19.273    59.064
 2     0.595    -0.804     0.005
 2     0.803     0.594     0.029
 2    -0.026    -0.014     0.999
 3   121.038    -6.220     6.791
 3    -0.541     0.036    -0.840
 3    -0.164    -0.984     0.064
 3    -0.825     0.172     0.539
 4   107.519    12.123     1.115
 4     0.552     0.483     0.680
 4    -0.131     0.855    -0.501
 4    -0.823     0.187     0.535
 5   112.401    27.931    26.466
 5    -0.220    -0.568     0.794
 5    -0.606     0.716     0.345
 5    -0.765    -0.406    -0.500
 6   124.131    52.215    27.135
 6     0.444    -0.895     0.024
 6     0.730     0.347    -0.588
 6     0.518     0.279     0.808
 7   107.856   -19.799    -2.415
 7    -0.281    -0.796     0.538
 7     0.938    -0.109     0.329
 7    -0.203     0.596     0.776
 8   116.968   -33.753    20.571
 8     0.365    -0.324     0.873
 8    -0.719    -0.693     0.043
 8     0.592    -0.644    -0.485
 9   127.289   -53.844    30.553
 9     0.560     0.221     0.799
 9    -0.743    -0.294     0.601
 9     0.367    -0.930    -0.001
 2    97.490   -19.273    59.064
 2     0.595    -0.804     0.005
 2     0.803     0.594     0.029
 2    -0.026    -0.014     0.999
 3   120.969    -6.029     6.572
 3    -0.543     0.044    -0.839
 3    -0.176    -0.982     0.062
 3    -0.821     0.181     0.541
 4   106.823    11.850     1.073
 4     0.518     0.478     0.710
 4    -0.137     0.865    -0.482
 4    -0.844     0.152     0.513
 5   112.834    28.847    25.033
 5    -0.237    -0.633     0.739
 5    -0.649     0.667     0.364
 5    -0.723    -0.394    -0.568
 6   123.298    54.032    23.871
 6     0.445    -0.882     0.155
 6     0.780     0.297    -0.550
 6     0.439     0.365     0.820
 7   107.812   -19.340    -2.813
 7    -0.298    -0.781     0.550
 7     0.947    -0.168     0.274
 7    -0.122     0.602     0.789
 8   117.537   -34.322    19.666
 8     0.376    -0.364     0.853
 8    -0.754    -0.654     0.053
 8     0.538    -0.664    -0.519
 9   127.697   -55.106    28.203
 9     0.554     0.117     0.824
 9    -0.777    -0.282     0.562
 9     0.298    -0.952    -0.066
 2    97.517   -19.323    59.112
 2     0.595    -0.804     0.005
 2     0.803     0.594     0.029
 2    -0.025    -0.014     0.999
 3   120.828    -5.938     6.402
 3    -0.547     0.052    -0.836
 3    -0.187    -0.980     0.062
 3    -0.816     0.190     0.545
 4   106.155    11.342     1.004
 4     0.479     0.471     0.741
 4    -0.147     0.875    -0.461
 4    -0.866     0.111     0.487
 5   113.224    29.207    24.064
 5    -0.250    -0.677     0.694
 5    -0.677     0.633     0.374
 5    -0.692    -0.376    -0.615
 6   122.481    54.875    21.354
 6     0.445    -0.856     0.264
 6     0.811     0.262    -0.522
 6     0.378     0.445     0.811
 7   107.711   -19.078    -3.040
 7    -0.304    -0.768     0.564
 7     0.948    -0.190     0.252
 7    -0.087     0.611     0.786
 8   117.940   -35.066    18.755
 8     0.389    -0.384     0.838
 8    -0.781    -0.619     0.079
 8     0.489    -0.686    -0.539
 9   128.176   -56.077    25.979
 9     0.556     0.038     0.830
 9    -0.795    -0.266     0.545
 9     0.241    -0.963    -0.117
 2    97.517   -19.323    59.112
 2     0.595    -0.804     0.005
 2     0.803     0.594     0.029
 2    -0.025    -0.014     0.999
 3   120.705    -5.825     6.190
 3    -0.548     0.060    -0.835
 3    -0.198    -0.978     0.060
 3    -0.813     0.199     0.547
 4   105.651    10.997     0.953
 4     0.445     0.465     0.765
 4    -0.154     0.881    -0.446
 4    -0.882     0.080     0.464
 5   113.937    29.383    23.134
 5    -0.290    -0.744     0.604
 5    -0.748     0.568     0.342
 5    -0.597    -0.352    -0.720
 6   121.630    55.599    19.406
 6     0.438    -0.799     0.415
 6     0.840     0.198    -0.504
 6     0.320     0.568     0.757
 7   107.683   -18.955    -3.180
 7    -0.307    -0.760     0.574
 7     0.949    -0.203     0.238
 7    -0.065     0.618     0.783
 8   118.186   -35.553    18.079
 8     0.397    -0.408     0.823
 8    -0.803    -0.587     0.096
 8     0.444    -0.700    -0.559
 9   128.453   -56.991    24.256
 9     0.551    -0.035     0.834
 9    -0.812    -0.254     0.526
 9     0.194    -0.967    -0.167
 2    97.517   -19.323    59.112
 2     0.595    -0.804     0.005
 2     0.803     0.594     0.029
 2    -0.025    -0.014     0.999
 3   120.535    -5.811     6.049
 3    -0.549     0.066    -0.834
 3    -0.210    -0.976     0.061
 3    -0.809     0.209     0.549
 4   105.342    10.651     0.852
 4     0.413     0.465     0.783
 4    -0.169     0.884    -0.435
 4    -0.895     0.047     0.443
 5   114.575    29.708    21.243
 5    -0.221    -0.792     0.571
 5    -0.783     0.490     0.382
 5    -0.582    -0.362    -0.727
 6   120.789    56.192    17.379
 6     0.426    -0.660     0.622
 6     0.871     0.110    -0.478
 6     0.246     0.743     0.620
 7   107.601   -18.947    -3.184
 7    -0.307    -0.753     0.583
 7     0.950    -0.206     0.234
 7    -0.056     0.625     0.778
 8   118.630   -36.053    17.744
 8     0.409    -0.448     0.796
 8    -0.819    -0.564     0.104
 8     0.402    -0.694    -0.596
 9   128.846   -57.972    22.546
 9     0.542    -0.170     0.824
 9    -0.829    -0.266     0.491
 9     0.137    -0.949    -0.283
 2    97.493   -19.323    59.061
 2     0.595    -0.804     0.005
 2     0.803     0.594     0.029
 2    -0.025    -0.014     0.999
 3   120.474    -5.982     5.947
 3    -0.545     0.070    -0.836
 3    -0.222    -0.973     0.064
 3    -0.809     0.221     0.545
 4   105.346    10.462     0.814
 4     0.404     0.467     0.787
 4    -0.176     0.883    -0.434
 4    -0.898     0.036     0.439
 5   115.132    29.642    21.540
 5    -0.245    -0.829     0.503
 5    -0.780     0.475     0.406
 5    -0.575    -0.293    -0.763
 6   119.657    56.440    16.825
 6     0.398    -0.520     0.758
 6     0.893     0.028    -0.449
 6     0.211     0.854     0.473
 7   107.586   -18.849    -3.427
 7    -0.305    -0.752     0.585
 7     0.952    -0.220     0.213
 7    -0.031     0.621     0.783
 8   118.798   -37.022    16.696
 8     0.407    -0.528     0.747
 8    -0.849    -0.519     0.095
 8     0.339    -0.672    -0.658
 9   128.170   -59.414    20.070
 9     0.512    -0.259     0.821
 9    -0.856    -0.232     0.461
 9     0.072    -0.938    -0.337
 2    97.517   -19.373    59.112
 2     0.595    -0.804     0.005
 2     0.803     0.594     0.029
 2    -0.025    -0.014     0.999
 3   120.450    -5.981     5.948
 3    -0.545     0.070    -0.836
 3    -0.222    -0.973     0.063
 3    -0.809     0.220     0.545
 4   105.155    10.449     0.801
 4     0.393     0.465     0.794
 4    -0.174     0.885    -0.432
 4    -0.903     0.031     0.428
 5   115.853    29.622    21.734
 5    -0.289    -0.862     0.418
 5    -0.787     0.461     0.409
 5    -0.545    -0.210    -0.811
 6   119.086    56.618    16.970
 6     0.378    -0.414     0.829
 6     0.906    -0.021    -0.422
 6     0.191     0.910     0.365
 7   107.455   -18.554    -3.609
 7    -0.302    -0.746     0.595
 7     0.953    -0.228     0.197
 7    -0.012     0.626     0.779
 8   118.596   -37.219    16.125
 8     0.402    -0.544     0.738
 8    -0.860    -0.499     0.101
 8     0.313    -0.675    -0.667
 9   127.780   -59.787    18.849
 9     0.498    -0.306     0.813
 9    -0.866    -0.218     0.449
 9     0.042    -0.927    -0.371
 2    97.493   -19.323    59.061
 2     0.596    -0.804     0.005
 2     0.802     0.595     0.029
 2    -0.025    -0.014     0.999
 3   120.307    -5.854     5.898
 3    -0.546     0.073    -0.835
 3    -0.220    -0.974     0.060
 3    -0.808     0.216     0.547
 4   104.917    10.461     0.920
 4     0.382     0.462     0.801
 4    -0.173     0.886    -0.429
 4    -0.908     0.024     0.418
 5   116.242    29.739    21.298
 5    -0.302    -0.883     0.362
 5    -0.798     0.440     0.412
 5    -0.522    -0.164    -0.836
 6   118.384    56.885    16.238
 6     0.358    -0.298     0.885
 6     0.920    -0.049    -0.387
 6     0.157     0.953     0.256
 7   107.486   -18.365    -3.824
 7    -0.297    -0.743     0.601
 7     0.955    -0.231     0.186
 7     0.001     0.628     0.777
 8   118.824   -37.461    15.556
 8     0.402    -0.569     0.719
 8    -0.870    -0.481     0.104
 8     0.286    -0.667    -0.687
 9   127.802   -60.154    17.768
 9     0.488    -0.354     0.800
 9    -0.873    -0.213     0.438
 9     0.016    -0.911    -0.410
 2    97.516   -19.374    59.064
 2     0.596    -0.804     0.005
 2     0.803     0.595     0.029
 2    -0.026    -0.014     0.999
 3   120.306    -5.846     5.802
 3    -0.545     0.081    -0.835
 3    -0.229    -0.972     0.056
 3    -0.807     0.221     0.547
 4   104.824    10.263     0.910
 4     0.365     0.458     0.810
 4    -0.182     0.888    -0.421
 4    -0.913     0.006     0.407
 5   116.762    29.815    20.609
 5    -0.274    -0.902     0.336
 5    -0.813     0.403     0.421
 5    -0.513    -0.157    -0.843
 6   118.025    57.170    15.128
 6     0.341    -0.194     0.920
 6     0.933    -0.052    -0.356
 6     0.116     0.979     0.163
 7   107.484   -18.277    -3.977
 7    -0.279    -0.741     0.611
 7     0.960    -0.228     0.161
 7     0.019     0.631     0.774
 8   118.630   -37.766    15.182
 8     0.392    -0.604     0.696
 8    -0.886    -0.449     0.108
 8     0.247    -0.659    -0.709
 9   127.245   -60.814    16.474
 9     0.468    -0.404     0.788
 9    -0.884    -0.189     0.427
 9    -0.023    -0.895    -0.443
 2    97.516   -19.374    59.064
 2     0.596    -0.804     0.005
 2     0.803     0.595     0.029
 2    -0.026    -0.014     0.999
 3   120.183    -5.840     5.682
 3    -0.545     0.085    -0.835
 3    -0.234    -0.970     0.055
 3    -0.805     0.226     0.548
 4   104.457    10.063     0.889
 4     0.345     0.453     0.822
 4    -0.190     0.891    -0.411
 4    -0.919    -0.015     0.393
 5   116.989    29.707    20.087
 5    -0.237    -0.937     0.259
 5    -0.806     0.337     0.487
 5    -0.543    -0.093    -0.834
 6   117.370    57.290    14.486
 6     0.322    -0.121     0.939
 6     0.942    -0.058    -0.330
 6     0.094     0.991     0.095
 7   107.071   -18.260    -3.829
 7    -0.262    -0.708     0.656
 7     0.964    -0.219     0.147
 7     0.039     0.671     0.740
 8   118.475   -38.073    14.845
 8     0.381    -0.637     0.673
 8    -0.894    -0.437     0.092
 8     0.235    -0.636    -0.734
 9   126.218   -61.571    15.347
 9     0.435    -0.450     0.782
 9    -0.899    -0.169     0.402
 9    -0.048    -0.877    -0.475
 2    97.516   -19.374    59.064
 2     0.596    -0.804     0.005
 2     0.803     0.595     0.029
 2    -0.026    -0.014     0.999
 3   120.011    -5.906     5.532
 3    -0.545     0.093    -0.834
 3    -0.243    -0.969     0.051
 3    -0.803     0.230     0.549
 4   104.193     9.807     0.951
 4     0.324     0.452     0.831
 4    -0.201     0.891    -0.407
 4    -0.925    -0.035     0.379
 5   117.440    30.170    19.219
 5    -0.285    -0.940     0.188
 5    -0.841     0.339     0.422
 5    -0.459    -0.038    -0.887
 6   117.101    57.545    13.211
 6     0.315    -0.077     0.946
 6     0.947    -0.038    -0.318
 6     0.060     0.996     0.061
 7   106.763   -18.066    -3.938
 7    -0.257    -0.697     0.670
 7     0.965    -0.226     0.133
 7     0.058     0.680     0.730
 8   117.963   -38.539    14.057
 8     0.367    -0.661     0.657
 8    -0.911    -0.398     0.107
 8     0.190    -0.637    -0.746
 9   125.376   -62.197    13.439
 9     0.411    -0.493     0.770
 9    -0.906    -0.125     0.402
 9    -0.102    -0.861    -0.495
 2    97.515   -19.324    59.115
 2     0.596    -0.804     0.005
 2     0.803     0.595     0.029
 2    -0.026    -0.014     0.999
 3   119.843    -5.954     5.421
 3    -0.547     0.094    -0.832
 3    -0.244    -0.968     0.052
 3    -0.801     0.231     0.552
 4   103.958     9.666     0.954
 4     0.310     0.448     0.839
 4    -0.207     0.892    -0.400
 4    -0.928    -0.050     0.369
 5   114.515    29.546    16.643
 5    -0.369    -0.917     0.151
 5    -0.839     0.398     0.372
 5    -0.401     0.010    -0.916
 6   116.797    57.659    12.436
 6     0.308    -0.051     0.950
 6     0.950    -0.027    -0.310
 6     0.041     0.998     0.041
 7   106.705   -17.906    -4.039
 7    -0.258    -0.693     0.674
 7     0.964    -0.232     0.130
 7     0.066     0.683     0.727
 8   117.960   -38.759    13.558
 8     0.369    -0.671     0.646
 8    -0.915    -0.382     0.124
 8     0.163    -0.636    -0.753
 9   125.262   -62.390    12.419
 9     0.404    -0.511     0.762
 9    -0.906    -0.108     0.407
 9    -0.125    -0.853    -0.504
 2    97.490   -19.323    59.064
 2     0.595    -0.804     0.005
 2     0.803     0.594     0.029
 2    -0.026    -0.014     0.999
 3   119.768    -5.901     5.393
 3    -0.546     0.097    -0.832
 3    -0.246    -0.968     0.048
 3    -0.801     0.231     0.552
 4   103.743     9.535     0.875
 4     0.304     0.440     0.845
 4    -0.209     0.896    -0.391
 4    -0.929    -0.058     0.364
 5   117.213    30.807    18.508
 5    -0.347    -0.919     0.185
 5    -0.831     0.392     0.395
 5    -0.435    -0.016    -0.900
 6   116.297    57.924    11.513
 6     0.298    -0.042     0.953
 6     0.954    -0.011    -0.299
 6     0.023     0.999     0.036
 7   105.826   -18.006    -3.462
 7    -0.238    -0.664     0.709
 7     0.953    -0.021     0.299
 7    -0.184     0.748     0.638
 8   117.968   -39.102    12.511
 8     0.371    -0.680     0.634
 8    -0.922    -0.348     0.165
 8     0.108    -0.645    -0.755
 9   125.116   -62.759    10.085
 9     0.391    -0.535     0.752
 9    -0.904    -0.065     0.421
 9    -0.175    -0.843    -0.506
 2    97.490   -19.323    59.064
 2     0.595    -0.804     0.005
 2     0.803     0.594     0.029
 2    -0.026    -0.014     0.999
 3   119.709    -5.831     5.365
 3    -0.541     0.102    -0.835
 3    -0.243    -0.969     0.040
 3    -0.805     0.225     0.549
 4   103.676     9.394     0.901
 4     0.292     0.444     0.847
 4    -0.225     0.892    -0.391
 4    -0.930    -0.076     0.360
 5   114.583    30.451    14.497
 5    -0.365    -0.920     0.148
 5    -0.845     0.392     0.363
 5    -0.392     0.008    -0.920
 6   116.092    58.394     8.215
 6     0.292    -0.005     0.956
 6     0.955     0.054    -0.292
 6    -0.050     0.998     0.021
 7   106.121   -17.690    -3.866
 7    -0.270    -0.661     0.700
 7     0.958    -0.111     0.264
 7    -0.097     0.742     0.663
 8   117.964   -39.501    11.264
 8     0.374    -0.679     0.633
 8    -0.926    -0.309     0.213
 8     0.051    -0.665    -0.744
 9   125.098   -62.889     7.178
 9     0.382    -0.560     0.738
 9    -0.891    -0.010     0.453
 9    -0.246    -0.829    -0.500
 2    97.515   -19.273    59.064
 2     0.595    -0.804     0.005
 2     0.803     0.594     0.029
 2    -0.026    -0.014     0.999
 3   119.751    -5.784     5.330
 3    -0.537     0.106    -0.837
 3    -0.242    -0.969     0.033
 3    -0.808     0.221     0.546
 4   103.645     9.167     0.706
 4     0.288     0.445     0.848
 4    -0.239     0.890    -0.387
 4    -0.927    -0.091     0.362
 5   117.606    31.878    15.619
 5    -0.356    -0.923     0.144
 5    -0.860     0.383     0.336
 5    -0.365    -0.004    -0.931
 6   115.793    58.621     6.640
 6     0.286     0.003     0.958
 6     0.955     0.083    -0.285
 6    -0.080     0.996     0.021
 7   106.237   -17.661    -3.917
 7    -0.283    -0.656     0.700
 7     0.954    -0.118     0.275
 7    -0.098     0.745     0.659
 8   118.191   -39.754    10.693
 8     0.379    -0.673     0.637
 8    -0.925    -0.290     0.242
 8     0.021    -0.680    -0.731
 9   125.309   -62.962     5.844
 9     0.383    -0.567     0.732
 9    -0.881     0.014     0.470
 9    -0.276    -0.823    -0.493
 2    97.515   -19.323    59.064
 2     0.595    -0.804     0.006
 2     0.803     0.594     0.029
 2    -0.026    -0.014     0.999
 3   119.780    -5.777     5.218
 3    -0.536     0.117    -0.836
 3    -0.247    -0.968     0.024
 3    -0.807     0.220     0.548
 4   103.610     9.038     0.645
 4     0.285     0.442     0.850
 4    -0.244     0.891    -0.382
 4    -0.927    -0.099     0.362
 5   117.539    31.883    15.199
 5    -0.352    -0.926     0.137
 5    -0.863     0.377     0.335
 5    -0.362    -0.000    -0.932
 6   115.559    58.620     6.012
 6     0.280     0.002     0.960
 6     0.956     0.086    -0.279
 6    -0.083     0.996     0.022
 7   106.203   -17.727    -4.019
 7    -0.291    -0.652     0.701
 7     0.952    -0.129     0.275
 7    -0.089     0.747     0.658
 8   118.330   -40.135     9.818
 8     0.387    -0.675     0.630
 8    -0.922    -0.269     0.277
 8    -0.018    -0.687    -0.725
 9   125.698   -62.940     3.901
 9     0.388    -0.578     0.722
 9    -0.866     0.041     0.496
 9    -0.315    -0.815    -0.482
 2    97.515   -19.273    59.064
 2     0.595    -0.804     0.005
 2     0.803     0.594     0.029
 2    -0.026    -0.014     0.999
 3   119.880    -5.819     5.021
 3    -0.534     0.126    -0.836
 3    -0.256    -0.966     0.018
 3    -0.806     0.224     0.548
 4   103.558     8.805     0.443
 4     0.275     0.445     0.852
 4    -0.261     0.887    -0.380
 4    -0.925    -0.118     0.360
 5   117.583    31.986    14.324
 5    -0.361    -0.922     0.143
 5    -0.864     0.387     0.320
 5    -0.350    -0.008    -0.937
 6   115.740    58.520     4.677
 6     0.288     0.002     0.958
 6     0.952     0.110    -0.286
 6    -0.105     0.994     0.030
 7   106.439   -17.657    -4.297
 7    -0.292    -0.666     0.687
 7     0.954    -0.154     0.257
 7    -0.066     0.730     0.680
 8   118.740   -40.566     8.903
 8     0.389    -0.747     0.541
 8    -0.919    -0.271     0.284
 8    -0.066    -0.607    -0.791
 9   125.336   -63.498     1.778
 9     0.373    -0.602     0.709
 9    -0.860     0.064     0.505
 9    -0.349    -0.796    -0.492
 2    97.515   -19.273    59.064
 2     0.595    -0.804     0.005
 2     0.803     0.594     0.029
 2    -0.026    -0.014     0.999
 3   119.877    -5.890     4.934
 3    -0.531     0.133    -0.837
 3    -0.262    -0.965     0.014
 3    -0.806     0.227     0.547
 4   103.629     8.701     0.327
 4     0.271     0.450     0.851
 4    -0.270     0.884    -0.382
 4    -0.924    -0.126     0.360
 5   117.762    31.934    13.905
 5    -0.365    -0.919     0.150
 5    -0.864     0.393     0.313
 5    -0.346    -0.015    -0.938
 6   116.150    58.383     4.042
 6     0.297     0.004     0.955
 6     0.948     0.118    -0.295
 6    -0.114     0.993     0.032
 7   106.338   -17.701    -4.320
 7    -0.287    -0.667     0.688
 7     0.956    -0.157     0.246
 7    -0.057     0.729     0.682
 8   118.341   -41.045     8.338
 8     0.373    -0.764     0.529
 8    -0.923    -0.246     0.294
 8    -0.095    -0.596    -0.796
 9   124.570   -63.875     0.504
 9     0.356    -0.612     0.709
 9    -0.858     0.086     0.504
 9    -0.370    -0.786    -0.493
 2    97.515   -19.273    59.064
 2     0.595    -0.804     0.005
 2     0.803     0.594     0.029
 2    -0.026    -0.014     0.999
 3   119.826    -6.065     4.871
 3    -0.531     0.130    -0.838
 3    -0.265    -0.964     0.019
 3    -0.805     0.232     0.546
 4   103.726     8.497     0.164
 4     0.263     0.456     0.850
 4    -0.287     0.878    -0.383
 4    -0.921    -0.144     0.362
 5   118.146    31.993    12.959
 5    -0.376    -0.915     0.149
 5    -0.866     0.404     0.293
 5    -0.328    -0.019    -0.944
 6   116.581    58.174     2.399
 6     0.304     0.014     0.953
 6     0.941     0.149    -0.302
 6    -0.146     0.989     0.032
 7   106.485   -17.792    -4.297
 7    -0.288    -0.663     0.691
 7     0.956    -0.164     0.241
 7    -0.047     0.730     0.681
 8   118.301   -41.501     7.474
 8     0.359    -0.786     0.505
 8    -0.924    -0.221     0.311
 8    -0.134    -0.577    -0.805
 9   123.945   -64.367    -1.601
 9     0.334    -0.630     0.704
 9    -0.850     0.122     0.510
 9    -0.408    -0.766    -0.494
 2    97.490   -19.273    59.115
 2     0.595    -0.804     0.005
 2     0.803     0.594     0.030
 2    -0.026    -0.015     0.999
 3   119.937    -6.294     4.868
 3    -0.527     0.126    -0.841
 3    -0.269    -0.963     0.025
 3    -0.807     0.239     0.541
 4   103.846     8.220    -0.014
 4     0.258     0.464     0.847
 4    -0.304     0.871    -0.384
 4    -0.917    -0.159     0.366
 5   118.458    31.951    12.082
 5    -0.385    -0.911     0.149
 5    -0.870     0.411     0.272
 5    -0.308    -0.025    -0.951
 6   117.055    57.818     1.019
 6     0.312     0.021     0.949
 6     0.934     0.173    -0.311
 6    -0.171     0.984     0.035
 7   106.563   -17.959    -4.279
 7    -0.288    -0.661     0.693
 7     0.957    -0.172     0.233
 7    -0.035     0.730     0.682
 8   118.334   -41.904     6.476
 8     0.353    -0.803     0.483
 8    -0.920    -0.201     0.335
 8    -0.172    -0.561    -0.809
 9   123.700   -64.447    -3.521
 9     0.323    -0.646     0.695
 9    -0.837     0.148     0.524
 9    -0.442    -0.748    -0.492
 2    97.515   -19.273    59.064
 2     0.595    -0.804     0.005
 2     0.803     0.594     0.029
 2    -0.026    -0.014     0.999
 3   119.927    -6.475     4.821
 3    -0.523     0.123    -0.844
 3    -0.269    -0.962     0.027
 3    -0.809     0.242     0.535
 4   103.999     8.046    -0.193
 4     0.251     0.470     0.846
 4    -0.323     0.864    -0.385
 4    -0.912    -0.177     0.369
 5   118.963    32.094    10.791
 5    -0.396    -0.907     0.144
 5    -0.875     0.419     0.240
 5    -0.278    -0.031    -0.960
 6   117.540    57.650    -1.234
 6     0.320     0.035     0.947
 6     0.923     0.212    -0.320
 6    -0.212     0.976     0.036
 7   106.706   -17.888    -4.436
 7    -0.292    -0.655     0.698
 7     0.956    -0.188     0.222
 7    -0.015     0.732     0.680
 8   118.257   -42.138     5.029
 8     0.334    -0.827     0.455
 8    -0.917    -0.172     0.359
 8    -0.219    -0.536    -0.815
 9   122.869   -64.319    -6.663
 9     0.296    -0.671     0.683
 9    -0.817     0.193     0.541
 9    -0.495    -0.716    -0.490
 2    97.515   -19.273    59.064
 2     0.595    -0.804     0.005
 2     0.803     0.594     0.029
 2    -0.026    -0.014     0.999
 3   119.963    -6.657     4.805
 3    -0.519     0.119    -0.847
 3    -0.269    -0.963     0.030
 3    -0.812     0.244     0.530
 4   104.058     7.818    -0.363
 4     0.240     0.481     0.843
 4    -0.346     0.853    -0.389
 4    -0.907    -0.199     0.371
 5   119.472    32.271     9.176
 5    -0.410    -0.903     0.131
 5    -0.882     0.428     0.197
 5    -0.234    -0.034    -0.972
 6   117.859    57.298    -3.700
 6     0.325     0.052     0.944
 6     0.909     0.257    -0.326
 6    -0.259     0.965     0.037
 7   106.600   -17.874    -4.539
 7    -0.281    -0.649     0.707
 7     0.959    -0.192     0.204
 7     0.003     0.736     0.676
 8   117.712   -42.450     3.718
 8     0.311    -0.844     0.438
 8    -0.914    -0.139     0.379
 8    -0.260    -0.517    -0.815
 9   121.716   -64.361    -9.074
 9     0.270    -0.678     0.686
 9    -0.804     0.234     0.545
 9    -0.530    -0.697    -0.481
 2    97.515   -19.273    59.064
 2     0.595    -0.804     0.005
 2     0.803     0.594     0.029
 2    -0.026    -0.014     0.999
 3   119.878    -6.814     4.812
 3    -0.516     0.112    -0.849
 3    -0.268    -0.963     0.037
 3    -0.814     0.247     0.526
 4   104.096     7.692    -0.466
 4     0.232     0.491     0.840
 4    -0.361     0.845    -0.394
 4    -0.903    -0.212     0.373
 5   119.781    32.303     8.248
 5    -0.421    -0.897     0.134
 5    -0.882     0.439     0.172
 5    -0.213    -0.045    -0.976
 6   118.332    56.912    -5.322
 6     0.335     0.053     0.941
 6     0.897     0.286    -0.336
 6    -0.286     0.957     0.049
 7   106.451   -17.919    -4.519
 7    -0.270    -0.645     0.716
 7     0.963    -0.190     0.191
 7     0.013     0.740     0.671
 8   117.405   -42.661     2.545
 8     0.296    -0.859     0.419
 8    -0.905    -0.111     0.409
 8    -0.305    -0.499    -0.810
 9   120.902   -64.073   -11.375
 9     0.252    -0.684     0.687
 9    -0.783     0.273     0.556
 9    -0.568    -0.676    -0.467
 2    97.491   -19.273    59.064
 2     0.595    -0.804     0.005
 2     0.803     0.594     0.030
 2    -0.026    -0.015     0.999
 3   119.895    -6.997     4.770
 3    -0.514     0.107    -0.852
 3    -0.266    -0.963     0.041
 3    -0.816     0.248     0.522
 4   104.189     7.518    -0.600
 4     0.225     0.498     0.837
 4    -0.378     0.836    -0.397
 4    -0.898    -0.227     0.376
 5   120.159    32.481     6.633
 5    -0.426    -0.897     0.119
 5    -0.889     0.439     0.131
 5    -0.170    -0.050    -0.984
 6   118.411    56.515    -7.752
 6     0.334     0.066     0.940
 6     0.884     0.325    -0.336
 6    -0.327     0.943     0.050
 7   106.659   -17.848    -4.639
 7    -0.259    -0.636     0.727
 7     0.965    -0.199     0.169
 7     0.037     0.745     0.665
 8   117.112   -42.660     0.429
 8     0.271    -0.881     0.389
 8    -0.888    -0.072     0.453
 8    -0.371    -0.467    -0.802
 9   119.890   -63.177   -15.439
 9     0.220    -0.699     0.682
 9    -0.746     0.329     0.577
 9    -0.628    -0.634    -0.449
 2    97.515   -19.273    59.064
 2     0.595    -0.804     0.005
 2     0.803     0.594     0.029
 2    -0.026    -0.014     0.999
 3   119.858    -7.130     4.734
 3    -0.510     0.099    -0.854
 3    -0.263    -0.964     0.046
 3    -0.819     0.248     0.517
 4   104.283     7.393    -0.730
 4     0.215     0.510     0.833
 4    -0.396     0.825    -0.403
 4    -0.893    -0.243     0.379
 5   120.641    32.554     5.145
 5    -0.438    -0.892     0.107
 5    -0.890     0.447     0.086
 5    -0.125    -0.057    -0.991
 6   118.759    55.884   -10.116
 6     0.337     0.082     0.938
 6     0.865     0.368    -0.342
 6    -0.372     0.926     0.053
 7   106.536   -17.771    -4.735
 7    -0.241    -0.621     0.746
 7     0.968    -0.208     0.139
 7     0.069     0.755     0.651
 8   116.835   -42.489    -2.060
 8     0.253    -0.907     0.338
 8    -0.854    -0.046     0.517
 8    -0.454    -0.419    -0.786
 9   118.835   -61.460   -20.096
 9     0.191    -0.723     0.667
 9    -0.686     0.387     0.614
 9    -0.702    -0.573    -0.422
 2    97.515   -19.273    59.064
 2     0.595    -0.804     0.005
 2     0.803     0.594     0.030
 2    -0.026    -0.014     0.999
 3   119.851    -7.213     4.698
 3    -0.510     0.093    -0.855
 3    -0.259    -0.964     0.050
 3    -0.821     0.247     0.515
 4   104.311     7.239    -0.780
 4     0.206     0.520     0.829
 4    -0.407     0.816    -0.411
 4    -0.890    -0.253     0.380
 5   121.000    32.519     4.032
 5    -0.448    -0.889     0.096
 5    -0.889     0.454     0.057
 5    -0.094    -0.059    -0.994
 6   119.045    55.394   -11.684
 6     0.342     0.094     0.935
 6     0.850     0.394    -0.349
 6    -0.401     0.914     0.055
 7   106.613   -17.610    -4.988
 7    -0.218    -0.605     0.766
 7     0.969    -0.223     0.099
 7     0.111     0.765     0.634
 8   116.405   -41.843    -4.448
 8     0.230    -0.925     0.303
