% Calibrated with leiden_pols
% Positions are in centimeters
Data =[
 2    97.496   -19.500    59.110
 2     0.598    -0.802     0.004
 2     0.801     0.597     0.027
 2    -0.024    -0.014     0.999
 3   122.092    -7.116     6.190
 3    -0.465     0.011    -0.885
 3    -0.094    -0.995     0.037
 3    -0.880     0.100     0.463
 4   108.284     7.203    -4.551
 4     0.331     0.644     0.690
 4    -0.608     0.704    -0.366
 4    -0.722    -0.299     0.624
 5   128.312    30.627    -2.404
 5    -0.936     0.043     0.349
 5    -0.345     0.073    -0.936
 5    -0.066    -0.996    -0.053
 6   139.186     7.848    -5.113
 6     0.352     0.936    -0.030
 6    -0.889     0.344     0.303
 6     0.293    -0.081     0.952
 7   109.395   -15.164    -9.804
 7    -0.398    -0.688     0.608
 7     0.910    -0.378     0.168
 7     0.114     0.620     0.776
 8   123.452   -37.908    -9.892
 8     0.808     0.128     0.574
 8    -0.575     0.383     0.723
 8    -0.128    -0.915     0.383
 9   137.990   -17.997    -5.429
 9     0.294    -0.857    -0.424
 9     0.846     0.438    -0.302
 9     0.443    -0.270     0.854
 2    97.496   -19.500    59.110
 2     0.598    -0.802     0.004
 2     0.801     0.597     0.027
 2    -0.024    -0.014     0.999
 3   122.079    -7.121     6.206
 3    -0.459     0.011    -0.888
 3    -0.094    -0.995     0.036
 3    -0.883     0.100     0.458
 4   108.287     7.154    -4.581
 4     0.331     0.644     0.690
 4    -0.609     0.704    -0.365
 4    -0.721    -0.299     0.625
 5   128.310    30.627    -2.401
 5    -0.936     0.044     0.349
 5    -0.346     0.072    -0.936
 5    -0.067    -0.996    -0.052
 6   139.245     7.902    -5.053
 6     0.351     0.936    -0.035
 6    -0.888     0.344     0.306
 6     0.298    -0.076     0.951
 7   109.441   -15.215    -9.801
 7    -0.401    -0.687     0.607
 7     0.909    -0.379     0.170
 7     0.113     0.620     0.776
 8   123.525   -37.805    -9.946
 8     0.811     0.128     0.571
 8    -0.571     0.386     0.725
 8    -0.128    -0.914     0.385
 9   137.993   -17.892    -5.435
 9     0.287    -0.860    -0.425
 9     0.848     0.433    -0.306
 9     0.445    -0.272     0.852
 2    97.496   -19.449    59.110
 2     0.598    -0.802     0.004
 2     0.801     0.597     0.027
 2    -0.024    -0.014     0.999
 3   122.063    -7.133     6.295
 3    -0.450     0.012    -0.893
 3    -0.090    -0.995     0.032
 3    -0.888     0.094     0.449
 4   108.409     7.205    -4.558
 4     0.333     0.646     0.687
 4    -0.608     0.704    -0.367
 4    -0.721    -0.296     0.626
 5   128.368    30.569    -2.171
 5    -0.936     0.053     0.348
 5    -0.344     0.072    -0.936
 5    -0.075    -0.996    -0.050
 6   139.267     7.771    -4.824
 6     0.343     0.938    -0.044
 6    -0.891     0.339     0.302
 6     0.298    -0.064     0.952
 7   109.529   -15.167    -9.789
 7    -0.407    -0.686     0.604
 7     0.907    -0.382     0.176
 7     0.109     0.619     0.777
 8   123.880   -37.621    -9.911
 8     0.818     0.128     0.561
 8    -0.562     0.388     0.731
 8    -0.124    -0.913     0.389
 9   138.011   -17.534    -5.329
 9     0.272    -0.865    -0.424
 9     0.853     0.419    -0.310
 9     0.444    -0.277     0.851
 2    97.495   -19.449    59.109
 2     0.597    -0.803     0.005
 2     0.802     0.596     0.028
 2    -0.024    -0.014     0.999
 3   122.081    -7.090     6.348
 3    -0.445     0.014    -0.895
 3    -0.086    -0.996     0.028
 3    -0.891     0.089     0.444
 4   108.505     7.256    -4.562
 4     0.335     0.647     0.685
 4    -0.607     0.704    -0.369
 4    -0.721    -0.292     0.628
 5   128.503    30.614    -1.967
 5    -0.936     0.061     0.347
 5    -0.343     0.075    -0.936
 5    -0.083    -0.995    -0.050
 6   139.264     7.820    -4.597
 6     0.341     0.939    -0.052
 6    -0.892     0.340     0.299
 6     0.298    -0.056     0.953
 7   109.598   -15.117    -9.783
 7    -0.410    -0.686     0.602
 7     0.905    -0.384     0.179
 7     0.107     0.618     0.778
 8   124.107   -37.592    -9.894
 8     0.821     0.128     0.556
 8    -0.558     0.388     0.734
 8    -0.122    -0.913     0.390
 9   138.009   -17.405    -5.302
 9     0.265    -0.867    -0.425
 9     0.856     0.413    -0.311
 9     0.444    -0.281     0.850
 2    97.498   -19.449    59.132
 2     0.598    -0.802     0.004
 2     0.801     0.597     0.027
 2    -0.023    -0.014     1.000
 3   122.150    -7.137     6.341
 3    -0.453     0.018    -0.891
 3    -0.083    -0.996     0.023
 3    -0.888     0.085     0.453
 4   108.553     7.307    -4.589
 4     0.336     0.648     0.684
 4    -0.606     0.704    -0.370
 4    -0.721    -0.290     0.628
 5   128.495    30.610    -1.851
 5    -0.936     0.064     0.346
 5    -0.341     0.078    -0.937
 5    -0.087    -0.995    -0.051
 6   139.352     7.815    -4.585
 6     0.339     0.939    -0.056
 6    -0.894     0.340     0.293
 6     0.294    -0.050     0.954
 7   109.596   -15.168    -9.830
 7    -0.412    -0.687     0.600
 7     0.905    -0.384     0.181
 7     0.106     0.617     0.779
 8   124.237   -37.587    -9.745
 8     0.825     0.121     0.551
 8    -0.551     0.383     0.741
 8    -0.121    -0.916     0.383
 9   138.030   -17.286    -5.399
 9     0.262    -0.871    -0.416
 9     0.861     0.404    -0.307
 9     0.434    -0.277     0.856
 2    97.495   -19.449    59.109
 2     0.597    -0.802     0.004
 2     0.802     0.596     0.028
 2    -0.024    -0.014     0.999
 3   122.220    -7.125     6.284
 3    -0.462     0.020    -0.887
 3    -0.085    -0.996     0.022
 3    -0.883     0.086     0.461
 4   108.569     7.303    -4.577
 4     0.335     0.647     0.685
 4    -0.603     0.705    -0.372
 4    -0.724    -0.289     0.626
 5   128.632    30.514    -1.411
 5    -0.937     0.058     0.345
 5    -0.339     0.099    -0.936
 5    -0.088    -0.993    -0.073
 6   139.361     7.691    -4.906
 6     0.344     0.937    -0.050
 6    -0.900     0.345     0.266
 6     0.266    -0.047     0.962
 7   109.588   -15.297    -9.772
 7    -0.412    -0.686     0.600
 7     0.905    -0.382     0.184
 7     0.103     0.619     0.778
 8   124.268   -37.793    -9.291
 8     0.828     0.072     0.555
 8    -0.542     0.353     0.762
 8    -0.142    -0.933     0.331
 9   138.118   -17.151    -6.381
 9     0.279    -0.890    -0.364
 9     0.879     0.387    -0.277
 9     0.385    -0.242     0.889
 2    97.495   -19.449    59.109
 2     0.597    -0.802     0.004
 2     0.802     0.596     0.028
 2    -0.024    -0.014     0.999
 3   122.177    -7.218     6.204
 3    -0.467     0.018    -0.884
 3    -0.090    -0.995     0.027
 3    -0.880     0.092     0.466
 4   108.521     7.192    -4.539
 4     0.332     0.640     0.693
 4    -0.594     0.712    -0.374
 4    -0.733    -0.288     0.616
 5   128.706    30.443    -0.330
 5    -0.939    -0.007     0.344
 5    -0.340     0.186    -0.922
 5    -0.057    -0.983    -0.177
 6   139.224     7.776    -6.577
 6     0.379     0.925     0.016
 6    -0.915     0.372     0.154
 6     0.137    -0.073     0.988
 7   109.573   -15.455    -9.631
 7    -0.410    -0.684     0.604
 7     0.907    -0.376     0.189
 7     0.097     0.624     0.774
 8   123.995   -38.046    -8.675
 8     0.813    -0.007     0.582
 8    -0.551     0.311     0.774
 8    -0.187    -0.950     0.249
 9   138.547   -17.411    -8.458
 9     0.343    -0.898    -0.278
 9     0.890     0.404    -0.209
 9     0.298    -0.176     0.938
 2    97.495   -19.449    59.135
 2     0.598    -0.802     0.004
 2     0.801     0.597     0.028
 2    -0.024    -0.014     0.999
 3   122.170    -7.218     6.195
 3    -0.466     0.013    -0.885
 3    -0.092    -0.995     0.034
 3    -0.880     0.098     0.465
 4   108.482     7.297    -4.336
 4     0.331     0.626     0.706
 4    -0.568     0.729    -0.380
 4    -0.753    -0.276     0.597
 5   129.075    30.132     1.877
 5    -0.936    -0.111     0.334
 5    -0.352     0.329    -0.876
 5    -0.013    -0.938    -0.348
 6   138.956     9.152    -9.060
 6     0.426     0.896     0.126
 6    -0.902     0.431    -0.014
 6    -0.067    -0.108     0.992
 7   109.652   -15.464    -9.562
 7    -0.402    -0.683     0.611
 7     0.911    -0.362     0.194
 7     0.088     0.635     0.767
 8   123.548   -38.263    -8.250
 8     0.775    -0.094     0.624
 8    -0.584     0.268     0.766
 8    -0.239    -0.959     0.154
 9   139.065   -18.419   -11.217
 9     0.432    -0.881    -0.194
 9     0.885     0.455    -0.100
 9     0.174    -0.128     0.976
 2    97.495   -19.449    59.109
 2     0.597    -0.802     0.004
 2     0.802     0.596     0.028
 2    -0.024    -0.014     0.999
 3   122.258    -7.222     6.253
 3    -0.462     0.010    -0.887
 3    -0.093    -0.995     0.037
 3    -0.882     0.100     0.460
 4   108.481     7.384    -4.236
 4     0.334     0.614     0.715
 4    -0.548     0.743    -0.384
 4    -0.767    -0.264     0.584
 5   129.010    30.301     3.029
 5    -0.924    -0.180     0.337
 5    -0.382     0.408    -0.829
 5     0.012    -0.895    -0.446
 6   138.624    10.610   -10.465
 6     0.460     0.868     0.189
 6    -0.867     0.484    -0.116
 6    -0.192    -0.110     0.975
 7   109.707   -15.473    -9.465
 7    -0.395    -0.682     0.616
 7     0.915    -0.349     0.199
 7     0.079     0.642     0.762
 8   123.219   -38.467    -7.930
 8     0.745    -0.162     0.646
 8    -0.607     0.237     0.758
 8    -0.276    -0.958     0.079
 9   138.805   -19.181   -13.634
 9     0.477    -0.873    -0.106
 9     0.877     0.480    -0.014
 9     0.061    -0.086     0.994
 2    97.495   -19.449    59.109
 2     0.597    -0.802     0.004
 2     0.802     0.596     0.028
 2    -0.024    -0.014     0.999
 3   122.204    -7.172     6.206
 3    -0.461     0.011    -0.887
 3    -0.094    -0.995     0.036
 3    -0.883     0.100     0.459
 4   108.438     7.602    -4.073
 4     0.338     0.604     0.722
 4    -0.529     0.756    -0.385
 4    -0.778    -0.252     0.574
 5   129.103    30.003     4.351
 5    -0.914    -0.239     0.327
 5    -0.404     0.487    -0.774
 5     0.025    -0.840    -0.542
 6   138.358    12.386   -11.639
 6     0.488     0.835     0.254
 6    -0.809     0.541    -0.228
 6    -0.327    -0.094     0.940
 7   109.655   -15.443    -9.366
 7    -0.383    -0.678     0.628
 7     0.922    -0.322     0.213
 7     0.057     0.660     0.748
 8   123.080   -38.756    -6.052
 8     0.715    -0.245     0.655
 8    -0.642     0.142     0.753
 8    -0.277    -0.959    -0.055
 9   138.272   -21.235   -16.085
 9     0.513    -0.858     0.007
 9     0.847     0.508     0.155
 9    -0.138    -0.073     0.988
 2    97.495   -19.500    59.109
 2     0.597    -0.802     0.004
 2     0.802     0.596     0.028
 2    -0.024    -0.014     0.999
 3   122.249    -7.124     6.213
 3    -0.458     0.009    -0.889
 3    -0.093    -0.995     0.037
 3    -0.884     0.100     0.457
 4   108.384     7.769    -3.911
 4     0.345     0.594     0.727
 4    -0.507     0.769    -0.388
 4    -0.790    -0.235     0.566
 5   129.231    29.527     6.141
 5    -0.902    -0.295     0.314
 5    -0.430     0.572    -0.699
 5     0.026    -0.766    -0.643
 6   138.045    14.637   -12.338
 6     0.507     0.805     0.309
 6    -0.729     0.591    -0.345
 6    -0.459    -0.050     0.886
 7   109.658   -15.463    -9.316
 7    -0.370    -0.679     0.636
 7     0.928    -0.295     0.224
 7     0.036     0.672     0.739
 8   122.785   -39.116    -4.712
 8     0.683    -0.280     0.675
 8    -0.684     0.078     0.724
 8    -0.255    -0.957    -0.137
 9   138.103   -23.838   -17.316
 9     0.562    -0.825     0.062
 9     0.778     0.553     0.295
 9    -0.279    -0.116     0.953
 2    97.495   -19.500    59.109
 2     0.597    -0.802     0.004
 2     0.802     0.596     0.028
 2    -0.024    -0.014     0.999
 3   122.267    -7.126     6.215
 3    -0.456     0.008    -0.890
 3    -0.094    -0.995     0.040
 3    -0.885     0.102     0.454
 4   108.340     7.889    -3.837
 4     0.351     0.585     0.732
 4    -0.488     0.781    -0.390
 4    -0.799    -0.220     0.559
 5   129.207    29.232     7.719
 5    -0.890    -0.330     0.314
 5    -0.455     0.625    -0.635
 5     0.013    -0.708    -0.706
 6   137.829    16.615   -12.490
 6     0.525     0.777     0.350
 6    -0.648     0.629    -0.429
 6    -0.552    -0.002     0.832
 7   109.688   -15.549    -9.246
 7    -0.362    -0.677     0.642
 7     0.932    -0.282     0.227
 7     0.027     0.680     0.732
 8   122.684   -39.349    -3.292
 8     0.653    -0.321     0.686
 8    -0.720     0.019     0.694
 8    -0.235    -0.947    -0.218
 9   137.986   -26.924   -18.379
 9     0.598    -0.795     0.108
 9     0.686     0.577     0.442
 9    -0.414    -0.189     0.891
 2    97.496   -19.449    59.110
 2     0.598    -0.802     0.005
 2     0.801     0.597     0.028
 2    -0.024    -0.014     0.999
 3   122.264    -7.124     6.258
 3    -0.456     0.008    -0.890
 3    -0.097    -0.994     0.041
 3    -0.885     0.105     0.453
 4   108.396     8.011    -3.694
 4     0.359     0.575     0.735
 4    -0.468     0.792    -0.391
 4    -0.807    -0.204     0.553
 5   129.102    28.781     9.154
 5    -0.877    -0.365     0.313
 5    -0.481     0.669    -0.567
 5    -0.003    -0.647    -0.762
 6   137.490    18.881   -12.503
 6     0.541     0.746     0.393
 6    -0.554     0.663    -0.502
 6    -0.633     0.054     0.770
 7   109.673   -15.707    -9.235
 7    -0.356    -0.673     0.649
 7     0.934    -0.271     0.230
 7     0.021     0.688     0.725
 8   122.619   -39.321    -1.862
 8     0.626    -0.370     0.687
 8    -0.750    -0.047     0.659
 8    -0.211    -0.928    -0.305
 9   137.657   -30.131   -18.901
 9     0.619    -0.770     0.158
 9     0.578     0.583     0.570
 9    -0.532    -0.260     0.806
 2    97.495   -19.449    59.109
 2     0.597    -0.802     0.004
 2     0.802     0.596     0.028
 2    -0.024    -0.014     0.999
 3   122.262    -7.123     6.255
 3    -0.454     0.008    -0.891
 3    -0.098    -0.994     0.041
 3    -0.885     0.106     0.452
 4   108.376     8.181    -3.568
 4     0.365     0.565     0.740
 4    -0.449     0.802    -0.392
 4    -0.816    -0.190     0.546
 5   129.002    28.535    10.492
 5    -0.863    -0.402     0.306
 5    -0.505     0.701    -0.503
 5    -0.013    -0.588    -0.808
 6   136.794    21.125   -12.258
 6     0.539     0.722     0.437
 6    -0.464     0.684    -0.561
 6    -0.702     0.100     0.702
 7   109.618   -15.711    -9.154
 7    -0.349    -0.671     0.655
 7     0.937    -0.263     0.229
 7     0.018     0.693     0.720
 8   122.298   -39.532    -0.958
 8     0.601    -0.400     0.693
 8    -0.776    -0.083     0.625
 8    -0.192    -0.913    -0.359
 9   137.073   -32.866   -19.058
 9     0.631    -0.752     0.191
 9     0.484     0.575     0.659
 9    -0.606    -0.322     0.728
 2    97.495   -19.449    59.109
 2     0.597    -0.802     0.004
 2     0.802     0.596     0.028
 2    -0.024    -0.014     0.999
 3   122.175    -7.121     6.243
 3    -0.453     0.008    -0.892
 3    -0.105    -0.993     0.044
 3    -0.886     0.113     0.450
 4   108.214     8.223    -3.458
 4     0.365     0.551     0.750
 4    -0.431     0.814    -0.388
 4    -0.825    -0.183     0.534
 5   128.454    28.493    11.056
 5    -0.842    -0.446     0.305
 5    -0.540     0.709    -0.453
 5    -0.014    -0.545    -0.838
 6   136.039    23.203   -12.271
 6     0.549     0.690     0.475
 6    -0.384     0.709    -0.590
 6    -0.742     0.142     0.652
 7   109.561   -15.790    -9.100
 7    -0.342    -0.667     0.663
 7     0.939    -0.254     0.229
 7     0.015     0.700     0.713
 8   121.915   -39.646    -0.192
 8     0.574    -0.433     0.696
 8    -0.799    -0.111     0.590
 8    -0.178    -0.894    -0.409
 9   136.188   -35.228   -19.171
 9     0.630    -0.742     0.229
 9     0.405     0.567     0.717
 9    -0.662    -0.359     0.658
 2    97.520   -19.449    59.109
 2     0.597    -0.803     0.005
 2     0.802     0.596     0.028
 2    -0.024    -0.014     0.999
 3   122.119    -7.168     6.179
 3    -0.451     0.009    -0.892
 3    -0.110    -0.993     0.045
 3    -0.886     0.118     0.449
 4   108.059     8.267    -3.279
 4     0.365     0.539     0.759
 4    -0.417     0.823    -0.384
 4    -0.832    -0.177     0.525
 5   128.252    28.349    11.682
 5    -0.820    -0.489     0.298
 5    -0.572     0.716    -0.400
 5    -0.018    -0.498    -0.867
 6   135.232    25.352   -12.254
 6     0.545     0.665     0.515
 6    -0.297     0.723    -0.623
 6    -0.784     0.187     0.589
 7   109.509   -15.793    -9.101
 7    -0.335    -0.664     0.669
 7     0.942    -0.246     0.226
 7     0.014     0.706     0.708
 8   121.736   -39.689     0.384
 8     0.553    -0.461     0.695
 8    -0.816    -0.129     0.563
 8    -0.170    -0.878    -0.447
 9   135.538   -37.074   -19.356
 9     0.618    -0.742     0.258
 9     0.337     0.548     0.765
 9    -0.710    -0.385     0.589
 2    97.496   -19.500    59.110
 2     0.598    -0.802     0.004
 2     0.801     0.597     0.027
 2    -0.024    -0.014     0.999
 3   122.064    -7.166     6.170
 3    -0.450     0.009    -0.893
 3    -0.113    -0.992     0.047
 3    -0.886     0.122     0.448
 4   108.031     8.285    -3.224
 4     0.363     0.528     0.768
 4    -0.405     0.831    -0.380
 4    -0.839    -0.173     0.515
 5   128.416    28.082    12.242
 5    -0.802    -0.528     0.278
 5    -0.596     0.723    -0.349
 5    -0.016    -0.445    -0.895
 6   134.257    27.423   -12.271
 6     0.527     0.650     0.551
 6    -0.209     0.723    -0.657
 6    -0.824     0.231     0.515
 7   109.516   -15.841    -9.164
 7    -0.332    -0.660     0.675
 7     0.943    -0.245     0.223
 7     0.017     0.710     0.703
 8   121.839   -39.673     1.057
 8     0.534    -0.518     0.670
 8    -0.829    -0.162     0.535
 8    -0.168    -0.840    -0.514
 9   133.779   -39.095   -19.944
 9     0.559    -0.766     0.318
 9     0.259     0.525     0.810
 9    -0.787    -0.370     0.493
 2    97.495   -19.449    59.109
 2     0.597    -0.802     0.004
 2     0.802     0.596     0.028
 2    -0.024    -0.014     0.999
 3   122.034    -7.165     6.161
 3    -0.449     0.009    -0.894
 3    -0.116    -0.992     0.048
 3    -0.886     0.126     0.446
 4   107.833     8.327    -3.087
 4     0.359     0.516     0.778
 4    -0.394     0.839    -0.375
 4    -0.846    -0.173     0.504
 5   128.224    28.065    12.469
 5    -0.781    -0.568     0.259
 5    -0.624     0.720    -0.303
 5    -0.014    -0.398    -0.917
 6   133.224    29.422   -12.319
 6     0.516     0.632     0.582
 6    -0.127     0.724    -0.676
 6    -0.847     0.275     0.452
 7   109.402   -15.786    -9.131
 7    -0.326    -0.654     0.683
 7     0.945    -0.242     0.218
 7     0.022     0.716     0.697
 8   121.645   -39.566     1.303
 8     0.515    -0.554     0.656
 8    -0.841    -0.175     0.512
 8    -0.169    -0.814    -0.555
 9   132.622   -40.738   -20.156
 9     0.532    -0.771     0.351
 9     0.193     0.513     0.836
 9    -0.824    -0.376     0.422
 2    97.496   -19.449    59.059
 2     0.598    -0.802     0.004
 2     0.801     0.597     0.028
 2    -0.024    -0.014     0.999
 3   121.885    -7.160     6.045
 3    -0.450     0.012    -0.893
 3    -0.120    -0.992     0.048
 3    -0.885     0.129     0.448
 4   107.593     8.269    -2.983
 4     0.355     0.503     0.788
 4    -0.386     0.846    -0.367
 4    -0.851    -0.174     0.494
 5   127.603    28.147    12.901
 5    -0.763    -0.587     0.269
 5    -0.645     0.711    -0.279
 5    -0.027    -0.387    -0.922
 6   132.577    30.923   -11.721
 6     0.528     0.614     0.591
 6    -0.074     0.722    -0.685
 6    -0.846     0.318     0.424
 7   109.335   -15.785    -9.142
 7    -0.320    -0.651     0.689
 7     0.947    -0.238     0.214
 7     0.025     0.721     0.692
 8   121.415   -39.667     1.456
 8     0.498    -0.568     0.657
 8    -0.851    -0.174     0.494
 8    -0.166    -0.805    -0.569
 9   131.953   -42.147   -20.139
 9     0.525    -0.761     0.381
 9     0.141     0.519     0.843
 9    -0.839    -0.388     0.380
 2    97.520   -19.449    59.109
 2     0.597    -0.803     0.005
 2     0.802     0.596     0.027
 2    -0.024    -0.013     0.999
 3   121.888    -7.155     6.034
 3    -0.451     0.016    -0.892
 3    -0.123    -0.991     0.045
 3    -0.884     0.130     0.449
 4   107.457     8.190    -2.910
 4     0.353     0.489     0.798
 4    -0.379     0.854    -0.356
 4    -0.855    -0.177     0.486
 5   126.966    28.262    13.141
 5    -0.739    -0.616     0.275
 5    -0.673     0.696    -0.251
 5    -0.037    -0.369    -0.928
 6   131.796    32.498   -11.485
 6     0.530     0.590     0.612
 6    -0.018     0.726    -0.685
 6    -0.848     0.352     0.394
 7   109.361   -15.786    -9.145
 7    -0.314    -0.649     0.694
 7     0.949    -0.233     0.211
 7     0.025     0.724     0.688
 8   121.138   -39.794     1.535
 8     0.477    -0.584     0.658
 8    -0.864    -0.172     0.473
 8    -0.163    -0.793    -0.586
 9   131.189   -43.635   -20.086
 9     0.513    -0.750     0.419
 9     0.085     0.529     0.844
 9    -0.854    -0.397     0.335
 2    97.495   -19.449    59.109
 2     0.597    -0.803     0.005
 2     0.802     0.596     0.028
 2    -0.024    -0.014     0.999
 3   121.897    -7.091     5.977
 3    -0.456     0.026    -0.890
 3    -0.131    -0.991     0.038
 3    -0.881     0.134     0.454
 4   107.146     8.080    -2.818
 4     0.347     0.471     0.811
 4    -0.373     0.862    -0.341
 4    -0.861    -0.184     0.474
 5   126.033    28.761    12.946
 5    -0.706    -0.650     0.283
 5    -0.707     0.669    -0.229
 5    -0.040    -0.361    -0.931
 6   130.494    34.835   -11.506
 6     0.535     0.542     0.652
 6     0.059     0.742    -0.666
 6    -0.843     0.394     0.362
 7   109.337   -15.787    -9.048
 7    -0.306    -0.643     0.702
 7     0.952    -0.225     0.207
 7     0.025     0.731     0.681
 8   120.729   -39.893     1.809
 8     0.447    -0.610     0.656
 8    -0.881    -0.171     0.440
 8    -0.156    -0.774    -0.613
 9   129.747   -45.599   -19.948
 9     0.485    -0.736     0.475
 9     0.013     0.547     0.836
 9    -0.875    -0.399     0.274
 2    97.520   -19.449    59.109
 2     0.597    -0.803     0.005
 2     0.802     0.596     0.028
 2    -0.024    -0.014     0.999
 3   121.825    -7.083     5.851
 3    -0.458     0.030    -0.889
 3    -0.137    -0.990     0.037
 3    -0.879     0.139     0.457
 4   106.947     7.896    -2.782
 4     0.338     0.458     0.822
 4    -0.370     0.867    -0.331
 4    -0.865    -0.193     0.462
 5   125.238    29.076    12.802
 5    -0.676    -0.677     0.292
 5    -0.735     0.646    -0.204
 5    -0.050    -0.352    -0.934
 6   129.526    36.537   -11.424
 6     0.538     0.502     0.681
 6     0.124     0.748    -0.649
 6    -0.834     0.432     0.339
 7   109.134   -15.892    -9.023
 7    -0.295    -0.639     0.711
 7     0.955    -0.214     0.203
 7     0.023     0.738     0.673
 8   120.327   -40.012     2.285
 8     0.419    -0.641     0.644
 8    -0.896    -0.175     0.407
 8    -0.148    -0.747    -0.647
 9   128.330   -47.356   -19.576
 9     0.446    -0.729     0.522
 9    -0.056     0.557     0.827
 9    -0.893    -0.398     0.207
 2    97.520   -19.449    59.109
 2     0.597    -0.803     0.005
 2     0.802     0.596     0.027
 2    -0.024    -0.013     0.999
 3   121.731    -7.123     5.820
 3    -0.461     0.035    -0.887
 3    -0.144    -0.989     0.037
 3    -0.876     0.145     0.460
 4   106.814     7.814    -2.703
 4     0.333     0.447     0.830
 4    -0.366     0.872    -0.323
 4    -0.869    -0.197     0.454
 5   124.513    29.260    12.973
 5    -0.649    -0.698     0.302
 5    -0.758     0.626    -0.181
 5    -0.062    -0.346    -0.936
 6   128.755    37.745   -10.935
 6     0.539     0.475     0.699
 6     0.170     0.749    -0.638
 6    -0.825     0.462     0.321
 7   109.055   -15.921    -9.022
 7    -0.285    -0.635     0.719
 7     0.958    -0.205     0.198
 7     0.021     0.745     0.666
 8   120.058   -40.059     2.583
 8     0.398    -0.659     0.639
 8    -0.906    -0.174     0.384
 8    -0.142    -0.731    -0.666
 9   127.276   -48.687   -19.134
 9     0.417    -0.722     0.554
 9    -0.106     0.565     0.817
 9    -0.903    -0.399     0.158
 2    97.495   -19.398    59.109
 2     0.597    -0.803     0.004
 2     0.802     0.596     0.028
 2    -0.024    -0.014     0.999
 3   121.660    -7.162     5.657
 3    -0.464     0.038    -0.885
 3    -0.153    -0.987     0.038
 3    -0.873     0.153     0.463
 4   106.562     7.630    -2.593
 4     0.327     0.431     0.841
 4    -0.363     0.879    -0.310
 4    -0.873    -0.204     0.443
 5   124.010    29.374    13.095
 5    -0.627    -0.719     0.301
 5    -0.776     0.609    -0.164
 5    -0.065    -0.336    -0.939
 6   127.596    38.833   -10.843
 6     0.524     0.466     0.717
 6     0.212     0.741    -0.635
 6    -0.825     0.483     0.288
 7   109.054   -16.023    -8.925
 7    -0.281    -0.629     0.725
 7     0.959    -0.200     0.197
 7     0.021     0.751     0.659
 8   119.971   -40.075     2.902
 8     0.382    -0.683     0.623
 8    -0.914    -0.180     0.363
 8    -0.135    -0.708    -0.692
 9   126.125   -49.843   -18.868
 9     0.374    -0.727     0.578
 9    -0.151     0.566     0.809
 9    -0.915    -0.389     0.101
 2    97.493   -19.399    59.061
 2     0.597    -0.803     0.005
 2     0.802     0.596     0.028
 2    -0.025    -0.013     0.999
 3   121.607    -7.179     5.531
 3    -0.462     0.043    -0.886
 3    -0.161    -0.986     0.036
 3    -0.872     0.159     0.462
 4   106.226     7.344    -2.443
 4     0.315     0.409     0.856
 4    -0.364     0.885    -0.289
 4    -0.877    -0.221     0.427
 5   123.607    29.217    13.067
 5    -0.607    -0.742     0.284
 5    -0.792     0.593    -0.145
 5    -0.061    -0.312    -0.948
 6   126.270    39.548   -10.864
 6     0.492     0.479     0.730
 6     0.245     0.726    -0.640
 6    -0.835     0.492     0.239
 7   109.055   -16.072    -8.933
 7    -0.278    -0.622     0.733
 7     0.960    -0.197     0.196
 7     0.022     0.758     0.651
 8   119.999   -40.119     3.083
 8     0.366    -0.708     0.606
 8    -0.921    -0.181     0.343
 8    -0.133    -0.683    -0.717
 9   124.936   -50.544   -18.643
 9     0.326    -0.734     0.597
 9    -0.182     0.570     0.800
 9    -0.928    -0.369     0.051
 2    97.518   -19.399    59.112
 2     0.597    -0.803     0.005
 2     0.802     0.596     0.028
 2    -0.025    -0.014     0.999
 3   121.526    -7.147     5.438
 3    -0.460     0.051    -0.887
 3    -0.169    -0.985     0.031
 3    -0.872     0.164     0.461
 4   105.838     7.213    -2.379
 4     0.306     0.387     0.870
 4    -0.364     0.891    -0.268
 4    -0.880    -0.235     0.413
 5   123.047    29.236    13.038
 5    -0.584    -0.765     0.272
 5    -0.810     0.572    -0.128
 5    -0.057    -0.294    -0.954
 6   125.059    40.217   -10.689
 6     0.472     0.478     0.744
 6     0.272     0.722    -0.634
 6    -0.839     0.500     0.209
 7   108.831   -16.097    -8.941
 7    -0.273    -0.614     0.741
 7     0.962    -0.192     0.193
 7     0.023     0.765     0.643
 8   119.628   -40.166     3.426
 8     0.349    -0.721     0.601
 8    -0.929    -0.179     0.323
 8    -0.126    -0.670    -0.730
 9   123.848   -51.372   -18.183
 9     0.301    -0.729     0.617
 9    -0.210     0.579     0.786
 9    -0.930    -0.365     0.020
 2    97.495   -19.398    59.109
 2     0.597    -0.803     0.004
 2     0.802     0.596     0.028
 2    -0.024    -0.014     0.999
 3   121.352    -7.213     5.307
 3    -0.460     0.056    -0.886
 3    -0.177    -0.984     0.030
 3    -0.870     0.171     0.462
 4   105.735     7.135    -2.373
 4     0.305     0.383     0.872
 4    -0.362     0.893    -0.265
 4    -0.881    -0.235     0.411
 5   122.382    29.128    13.375
 5    -0.568    -0.773     0.283
 5    -0.820     0.563    -0.105
 5    -0.078    -0.291    -0.953
 6   124.455    41.254   -10.229
 6     0.471     0.479     0.743
 6     0.313     0.695    -0.645
 6    -0.825     0.535     0.177
 7   108.654   -16.203    -8.863
 7    -0.262    -0.612     0.746
 7     0.964    -0.183     0.188
 7     0.021     0.769     0.638
 8   119.126   -40.293     3.766
 8     0.331    -0.725     0.606
 8    -0.936    -0.171     0.305
 8    -0.118    -0.667    -0.734
 9   122.983   -52.041   -17.742
 9     0.289    -0.719     0.634
 9    -0.227     0.591     0.773
 9    -0.930    -0.367     0.006
 2    97.495   -19.449    59.109
 2     0.597    -0.803     0.004
 2     0.802     0.596     0.028
 2    -0.024    -0.014     0.999
 3   121.293    -7.389     5.217
 3    -0.459     0.053    -0.887
 3    -0.182    -0.982     0.036
 3    -0.870     0.179     0.460
 4   105.612     6.929    -2.362
 4     0.301     0.384     0.873
 4    -0.362     0.893    -0.268
 4    -0.882    -0.236     0.407
 5   121.953    29.289    13.085
 5    -0.547    -0.788     0.283
 5    -0.833     0.544    -0.094
 5    -0.079    -0.287    -0.954
 6   123.565    42.043   -10.339
 6     0.460     0.459     0.762
 6     0.344     0.698    -0.626
 6    -0.819     0.549     0.163
 7   108.472   -16.334    -8.758
 7    -0.256    -0.608     0.752
 7     0.966    -0.174     0.187
 7     0.018     0.775     0.631
 8   118.868   -40.443     3.938
 8     0.319    -0.733     0.603
 8    -0.941    -0.168     0.292
 8    -0.114    -0.659    -0.742
 9   122.348   -52.457   -17.363
 9     0.271    -0.714     0.647
 9    -0.243     0.599     0.762
 9    -0.931    -0.363    -0.012
 2    97.495   -19.449    59.058
 2     0.597    -0.803     0.005
 2     0.802     0.596     0.027
 2    -0.024    -0.013     0.999
 3   121.187    -7.482     5.137
 3    -0.456     0.052    -0.889
 3    -0.191    -0.981     0.040
 3    -0.869     0.188     0.457
 4   105.440     6.796    -2.236
 4     0.294     0.382     0.876
 4    -0.363     0.892    -0.268
 4    -0.884    -0.240     0.400
 5   121.700    29.560    12.555
 5    -0.529    -0.804     0.273
 5    -0.846     0.524    -0.093
 5    -0.068    -0.279    -0.958
 6   122.645    42.478   -10.900
 6     0.440     0.453     0.778
 6     0.357     0.706    -0.610
 6    -0.824     0.545     0.148
 7   108.340   -16.439    -8.677
 7    -0.250    -0.603     0.758
 7     0.968    -0.167     0.186
 7     0.015     0.780     0.625
 8   118.590   -40.565     4.186
 8     0.307    -0.747     0.592
 8    -0.945    -0.166     0.278
 8    -0.110    -0.644    -0.756
 9   121.259   -53.060   -16.956
 9     0.237    -0.713     0.661
 9    -0.264     0.606     0.749
 9    -0.935    -0.352    -0.045
 2    97.518   -19.450    59.061
 2     0.597    -0.803     0.005
 2     0.802     0.596     0.028
 2    -0.025    -0.013     0.999
 3   121.106    -7.506     5.076
 3    -0.455     0.052    -0.889
 3    -0.195    -0.980     0.042
 3    -0.869     0.193     0.455
 4   105.267     6.562    -2.215
 4     0.289     0.378     0.880
 4    -0.364     0.893    -0.264
 4    -0.886    -0.244     0.395
 5   121.352    29.490    12.394
 5    -0.517    -0.812     0.271
 5    -0.853     0.514    -0.087
 5    -0.068    -0.275    -0.959
 6   122.023    42.961   -10.781
 6     0.434     0.438     0.790
 6     0.381     0.704    -0.597
 6    -0.816     0.559     0.138
 7   108.104   -16.623    -8.567
 7    -0.242    -0.597     0.765
 7     0.970    -0.157     0.183
 7     0.010     0.786     0.617
 8   118.226   -40.610     4.568
 8     0.288    -0.759     0.587
 8    -0.952    -0.163     0.255
 8    -0.099    -0.631    -0.768
 9   120.343   -53.873   -16.424
 9     0.212    -0.709     0.673
 9    -0.289     0.612     0.735
 9    -0.933    -0.350    -0.077
 2    97.518   -19.399    59.112
 2     0.597    -0.803     0.005
 2     0.802     0.596     0.028
 2    -0.025    -0.013     0.999
 3   120.984    -7.678     5.055
 3    -0.456     0.051    -0.889
 3    -0.199    -0.979     0.047
 3    -0.867     0.198     0.455
 4   105.168     6.486    -2.265
 4     0.288     0.376     0.881
 4    -0.363     0.893    -0.263
 4    -0.886    -0.244     0.393
 5   121.030    29.487    12.577
 5    -0.508    -0.817     0.275
 5    -0.858     0.508    -0.074
 5    -0.079    -0.273    -0.958
 6   121.743    43.288   -10.577
 6     0.435     0.426     0.795
 6     0.398     0.700    -0.591
 6    -0.807     0.572     0.135
 7   107.975   -16.653    -8.485
 7    -0.233    -0.596     0.769
 7     0.972    -0.148     0.179
 7     0.007     0.789     0.613
 8   117.775   -40.737     4.726
 8     0.270    -0.762     0.590
 8    -0.959    -0.154     0.237
 8    -0.090    -0.629    -0.772
 9   119.583   -54.358   -16.129
 9     0.201    -0.699     0.687
 9    -0.305     0.621     0.720
 9    -0.931    -0.353    -0.090
 2    97.495   -19.398    59.059
 2     0.597    -0.803     0.004
 2     0.802     0.596     0.028
 2    -0.024    -0.014     0.999
 3   120.927    -7.781     5.006
 3    -0.455     0.048    -0.890
 3    -0.200    -0.978     0.049
 3    -0.868     0.201     0.454
 4   105.087     6.384    -2.211
 4     0.289     0.372     0.882
 4    -0.360     0.896    -0.260
 4    -0.887    -0.243     0.393
 5   120.544    29.375    12.805
 5    -0.500    -0.817     0.288
 5    -0.861     0.505    -0.060
 5    -0.096    -0.277    -0.956
 6   121.620    43.860    -9.957
 6     0.446     0.408     0.799
 6     0.424     0.689    -0.586
 6    -0.788     0.599     0.134
 7   107.921   -16.757    -8.431
 7    -0.227    -0.594     0.772
 7     0.974    -0.143     0.176
 7     0.005     0.791     0.610
 8   117.570   -40.785     4.833
 8     0.259    -0.765     0.592
 8    -0.962    -0.151     0.224
 8    -0.082    -0.627    -0.774
 9   119.207   -54.809   -15.836
 9     0.194    -0.691     0.698
 9    -0.324     0.625     0.709
 9    -0.926    -0.363    -0.103
 2    97.493   -19.450    59.061
 2     0.597    -0.803     0.005
 2     0.802     0.596     0.028
 2    -0.025    -0.013     0.999
 3   120.878    -7.831     5.006
 3    -0.454     0.048    -0.889
 3    -0.200    -0.978     0.049
 3    -0.868     0.200     0.454
 4   105.033     6.361    -2.217
 4     0.292     0.368     0.882
 4    -0.357     0.898    -0.256
 4    -0.887    -0.241     0.394
 5   120.210    29.312    13.030
 5    -0.496    -0.815     0.302
 5    -0.861     0.505    -0.051
 5    -0.111    -0.284    -0.952
 6   121.692    44.112    -9.555
 6     0.458     0.393     0.800
 6     0.437     0.683    -0.583
 6    -0.774     0.615     0.140
 7   107.922   -16.808    -8.431
 7    -0.226    -0.594     0.773
 7     0.974    -0.141     0.175
 7     0.005     0.792     0.610
 8   117.531   -40.859     4.798
 8     0.254    -0.766     0.592
 8    -0.964    -0.150     0.217
 8    -0.078    -0.625    -0.776
 9   119.110   -55.006   -15.794
 9     0.190    -0.687     0.702
 9    -0.333     0.627     0.703
 9    -0.923    -0.367    -0.111
 2    97.518   -19.399    59.061
 2     0.597    -0.803     0.005
 2     0.802     0.596     0.028
 2    -0.025    -0.013     0.999
 3   120.823    -7.858     5.011
 3    -0.453     0.048    -0.890
 3    -0.200    -0.979     0.050
 3    -0.869     0.200     0.453
 4   105.030     6.363    -2.221
 4     0.295     0.367     0.882
 4    -0.356     0.898    -0.255
 4    -0.887    -0.240     0.395
 5   120.144    29.305    13.104
 5    -0.496    -0.812     0.309
 5    -0.860     0.506    -0.047
 5    -0.118    -0.288    -0.950
 6   121.869    44.224    -9.325
 6     0.466     0.386     0.798
 6     0.441     0.680    -0.584
 6    -0.767     0.623     0.146
 7   107.921   -16.758    -8.432
 7    -0.226    -0.593     0.773
 7     0.974    -0.141     0.175
 7     0.005     0.793     0.609
 8   117.509   -40.860     4.796
 8     0.250    -0.766     0.593
 8    -0.965    -0.147     0.214
 8    -0.077    -0.625    -0.776
 9   119.059   -55.109   -15.895
 9     0.190    -0.683     0.706
 9    -0.335     0.630     0.699
 9    -0.923    -0.368    -0.111
 2    97.517   -19.399    59.112
 2     0.596    -0.803     0.005
 2     0.802     0.595     0.028
 2    -0.025    -0.013     0.999
 3   120.818    -7.861     5.067
 3    -0.451     0.046    -0.891
 3    -0.199    -0.979     0.050
 3    -0.870     0.200     0.450
 4   105.083     6.364    -2.227
 4     0.295     0.370     0.881
 4    -0.358     0.897    -0.258
 4    -0.886    -0.240     0.397
 5   120.177    29.395    13.016
 5    -0.502    -0.802     0.325
 5    -0.856     0.513    -0.057
 5    -0.121    -0.306    -0.944
 6   122.644    43.625    -9.542
 6     0.492     0.381     0.785
 6     0.415     0.689    -0.592
 6    -0.765     0.616     0.181
 7   107.983   -16.854    -8.442
 7    -0.230    -0.597     0.769
 7     0.973    -0.149     0.175
 7     0.010     0.788     0.615
 8   117.611   -41.059     4.044
 8     0.267    -0.745     0.613
 8    -0.958    -0.138     0.247
 8    -0.100    -0.652    -0.750
 9   120.502   -54.120   -17.121
 9     0.248    -0.678     0.693
 9    -0.283     0.632     0.719
 9    -0.927    -0.374    -0.037
 2    97.518   -19.399    59.061
 2     0.596    -0.803     0.005
 2     0.802     0.595     0.028
 2    -0.025    -0.013     0.999
 3   120.938    -7.860     5.067
 3    -0.458     0.047    -0.888
 3    -0.194    -0.980     0.049
 3    -0.867     0.195     0.457
 4   105.324     6.443    -2.349
 4     0.296     0.387     0.873
 4    -0.368     0.889    -0.270
 4    -0.882    -0.242     0.405
 5   120.588    29.477    12.750
 5    -0.524    -0.780     0.346
 5    -0.843     0.530    -0.080
 5    -0.121    -0.332    -0.935
 6   124.250    42.655    -9.933
 6     0.526     0.395     0.756
 6     0.367     0.695    -0.616
 6    -0.767     0.601     0.220
 7   108.249   -16.846    -8.579
 7    -0.242    -0.607     0.757
 7     0.970    -0.165     0.177
 7     0.017     0.777     0.628
 8   118.018   -41.177     3.424
 8     0.293    -0.716     0.635
 8    -0.949    -0.135     0.284
 8    -0.118    -0.684    -0.718
 9   122.266   -52.780   -18.130
 9     0.309    -0.673     0.674
 9    -0.226     0.635     0.737
 9    -0.924    -0.380     0.043
 2    97.493   -19.399    59.061
 2     0.597    -0.803     0.005
 2     0.802     0.596     0.028
 2    -0.025    -0.013     0.999
 3   121.069    -7.839     5.182
 3    -0.462     0.044    -0.886
 3    -0.189    -0.981     0.050
 3    -0.867     0.191     0.461
 4   105.731     6.548    -2.454
 4     0.298     0.407     0.863
 4    -0.374     0.882    -0.287
 4    -0.878    -0.238     0.415
 5   121.183    29.576    12.529
 5    -0.550    -0.748     0.374
 5    -0.826     0.553    -0.107
 5    -0.126    -0.367    -0.921
 6   126.103    41.599   -10.132
 6     0.571     0.399     0.720
 6     0.318     0.700    -0.637
 6    -0.757     0.592     0.272
 7   108.402   -16.793    -8.628
 7    -0.249    -0.613     0.750
 7     0.968    -0.172     0.180
 7     0.018     0.771     0.636
 8   118.186   -41.319     2.929
 8     0.312    -0.695     0.650
 8    -0.941    -0.128     0.313
 8    -0.134    -0.708    -0.693
 9   123.664   -51.633   -18.752
 9     0.357    -0.666     0.657
 9    -0.177     0.640     0.746
 9    -0.917    -0.383     0.109
 2    97.518   -19.450    59.061
 2     0.597    -0.803     0.005
 2     0.802     0.596     0.028
 2    -0.025    -0.013     0.999
 3   121.192    -7.863     5.206
 3    -0.471     0.040    -0.882
 3    -0.182    -0.982     0.053
 3    -0.863     0.186     0.469
 4   105.945     6.627    -2.577
 4     0.299     0.425     0.854
 4    -0.383     0.873    -0.300
 4    -0.874    -0.239     0.423
 5   121.615    29.601    12.235
 5    -0.576    -0.714     0.400
 5    -0.808     0.570    -0.146
 5    -0.124    -0.406    -0.905
 6   128.003    39.969   -10.503
 6     0.612     0.426     0.670
 6     0.244     0.701    -0.667
 6    -0.752     0.571     0.325
 7   108.476   -16.844    -8.618
 7    -0.255    -0.623     0.740
 7     0.967    -0.177     0.183
 7     0.017     0.762     0.647
 8   118.375   -41.459     2.553
 8     0.338    -0.668     0.665
