% Calibrated with leiden_pols
% Positions are in centimeters
Data =[
 2    97.496   -19.500    59.110
 2     0.598    -0.802     0.004
 2     0.801     0.597     0.027
 2    -0.024    -0.014     0.999
 3   122.092    -7.116     6.190
 3    -0.465     0.011    -0.885
 3    -0.094    -0.995     0.037
 3    -0.880     0.100     0.463
 4   108.284     7.203    -4.551
 4     0.331     0.644     0.690
 4    -0.608     0.704    -0.366
 4    -0.722    -0.299     0.624
 5   128.312    30.627    -2.404
 5    -0.936     0.043     0.349
 5    -0.345     0.073    -0.936
 5    -0.066    -0.996    -0.053
 6   139.186     7.848    -5.113
 6     0.352     0.936    -0.030
 6    -0.889     0.344     0.303
 6     0.293    -0.081     0.952
 7   109.395   -15.164    -9.804
 7    -0.398    -0.688     0.608
 7     0.910    -0.378     0.168
 7     0.114     0.620     0.776
 8   123.452   -37.908    -9.892
 8     0.808     0.128     0.574
 8    -0.575     0.383     0.723
 8    -0.128    -0.915     0.383
 9   137.990   -17.997    -5.429
 9     0.294    -0.857    -0.424
 9     0.846     0.438    -0.302
 9     0.443    -0.270     0.854
 2    97.496   -19.500    59.110
 2     0.598    -0.802     0.004
 2     0.801     0.597     0.027
 2    -0.024    -0.014     0.999
 3   122.079    -7.121     6.206
 3    -0.459     0.011    -0.888
 3    -0.094    -0.995     0.036
 3    -0.883     0.100     0.458
 4   108.287     7.154    -4.581
 4     0.331     0.644     0.690
 4    -0.609     0.704    -0.365
 4    -0.721    -0.299     0.625
 5   128.310    30.627    -2.401
 5    -0.936     0.044     0.349
 5    -0.346     0.072    -0.936
 5    -0.067    -0.996    -0.052
 6   139.245     7.902    -5.053
 6     0.351     0.936    -0.035
 6    -0.888     0.344     0.306
 6     0.298    -0.076     0.951
 7   109.441   -15.215    -9.801
 7    -0.401    -0.687     0.607
 7     0.909    -0.379     0.170
 7     0.113     0.620     0.776
 8   123.525   -37.805    -9.946
 8     0.811     0.128     0.571
 8    -0.571     0.386     0.725
 8    -0.128    -0.914     0.385
 9   137.993   -17.892    -5.435
 9     0.287    -0.860    -0.425
 9     0.848     0.433    -0.306
 9     0.445    -0.272     0.852
 2    97.496   -19.449    59.110
 2     0.598    -0.802     0.004
 2     0.801     0.597     0.027
 2    -0.024    -0.014     0.999
 3   122.063    -7.133     6.295
 3    -0.450     0.012    -0.893
 3    -0.090    -0.995     0.032
 3    -0.888     0.094     0.449
 4   108.409     7.205    -4.558
 4     0.333     0.646     0.687
 4    -0.608     0.704    -0.367
 4    -0.721    -0.296     0.626
 5   128.368    30.569    -2.171
 5    -0.936     0.053     0.348
 5    -0.344     0.072    -0.936
 5    -0.075    -0.996    -0.050
 6   139.267     7.771    -4.824
 6     0.343     0.938    -0.044
 6    -0.891     0.339     0.302
 6     0.298    -0.064     0.952
 7   109.529   -15.167    -9.789
 7    -0.407    -0.686     0.604
 7     0.907    -0.382     0.176
 7     0.109     0.619     0.777
 8   123.880   -37.621    -9.911
 8     0.818     0.128     0.561
 8    -0.562     0.388     0.731
 8    -0.124    -0.913     0.389
 9   138.011   -17.534    -5.329
 9     0.272    -0.865    -0.424
 9     0.853     0.419    -0.310
 9     0.444    -0.277     0.851
 2    97.495   -19.449    59.109
 2     0.597    -0.803     0.005
 2     0.802     0.596     0.028
 2    -0.024    -0.014     0.999
 3   122.081    -7.090     6.348
 3    -0.445     0.014    -0.895
 3    -0.086    -0.996     0.028
 3    -0.891     0.089     0.444
 4   108.505     7.256    -4.562
 4     0.335     0.647     0.685
 4    -0.607     0.704    -0.369
 4    -0.721    -0.292     0.628
 5   128.503    30.614    -1.967
 5    -0.936     0.061     0.347
 5    -0.343     0.075    -0.936
 5    -0.083    -0.995    -0.050
 6   139.264     7.820    -4.597
 6     0.341     0.939    -0.052
 6    -0.892     0.340     0.299
 6     0.298    -0.056     0.953
 7   109.598   -15.117    -9.783
 7    -0.410    -0.686     0.602
 7     0.905    -0.384     0.179
 7     0.107     0.618     0.778
 8   124.107   -37.592    -9.894
 8     0.821     0.128     0.556
 8    -0.558     0.388     0.734
 8    -0.122    -0.913     0.390
 9   138.009   -17.405    -5.302
 9     0.265    -0.867    -0.425
 9     0.856     0.413    -0.311
 9     0.444    -0.281     0.850
 2    97.498   -19.449    59.132
 2     0.598    -0.802     0.004
 2     0.801     0.597     0.027
 2    -0.023    -0.014     1.000
 3   122.150    -7.137     6.341
 3    -0.453     0.018    -0.891
 3    -0.083    -0.996     0.023
 3    -0.888     0.085     0.453
 4   108.553     7.307    -4.589
 4     0.336     0.648     0.684
 4    -0.606     0.704    -0.370
 4    -0.721    -0.290     0.628
 5   128.495    30.610    -1.851
 5    -0.936     0.064     0.346
 5    -0.341     0.078    -0.937
 5    -0.087    -0.995    -0.051
 6   139.352     7.815    -4.585
 6     0.339     0.939    -0.056
 6    -0.894     0.340     0.293
 6     0.294    -0.050     0.954
 7   109.596   -15.168    -9.830
 7    -0.412    -0.687     0.600
 7     0.905    -0.384     0.181
 7     0.106     0.617     0.779
 8   124.237   -37.587    -9.745
 8     0.825     0.121     0.551
 8    -0.551     0.383     0.741
 8    -0.121    -0.916     0.383
 9   138.030   -17.286    -5.399
 9     0.262    -0.871    -0.416
 9     0.861     0.404    -0.307
 9     0.434    -0.277     0.856
 2    97.495   -19.449    59.109
 2     0.597    -0.802     0.004
 2     0.802     0.596     0.028
 2    -0.024    -0.014     0.999
 3   122.220    -7.125     6.284
 3    -0.462     0.020    -0.887
 3    -0.085    -0.996     0.022
 3    -0.883     0.086     0.461
 4   108.569     7.303    -4.577
 4     0.335     0.647     0.685
 4    -0.603     0.705    -0.372
 4    -0.724    -0.289     0.626
 5   128.632    30.514    -1.411
 5    -0.937     0.058     0.345
 5    -0.339     0.099    -0.936
 5    -0.088    -0.993    -0.073
 6   139.361     7.691    -4.906
 6     0.344     0.937    -0.050
 6    -0.900     0.345     0.266
 6     0.266    -0.047     0.962
 7   109.588   -15.297    -9.772
 7    -0.412    -0.686     0.600
 7     0.905    -0.382     0.184
 7     0.103     0.619     0.778
 8   124.268   -37.793    -9.291
 8     0.828     0.072     0.555
 8    -0.542     0.353     0.762
 8    -0.142    -0.933     0.331
 9   138.118   -17.151    -6.381
 9     0.279    -0.890    -0.364
 9     0.879     0.387    -0.277
 9     0.385    -0.242     0.889
 2    97.495   -19.449    59.109
 2     0.597    -0.802     0.004
 2     0.802     0.596     0.028
 2    -0.024    -0.014     0.999
 3   122.177    -7.218     6.204
 3    -0.467     0.018    -0.884
 3    -0.090    -0.995     0.027
 3    -0.880     0.092     0.466
 4   108.521     7.192    -4.539
 4     0.332     0.640     0.693
 4    -0.594     0.712    -0.374
 4    -0.733    -0.288     0.616
 5   128.706    30.443    -0.330
 5    -0.939    -0.007     0.344
 5    -0.340     0.186    -0.922
 5    -0.057    -0.983    -0.177
 6   139.224     7.776    -6.577
 6     0.379     0.925     0.016
 6    -0.915     0.372     0.154
 6     0.137    -0.073     0.988
 7   109.573   -15.455    -9.631
 7    -0.410    -0.684     0.604
 7     0.907    -0.376     0.189
 7     0.097     0.624     0.774
 8   123.995   -38.046    -8.675
 8     0.813    -0.007     0.582
 8    -0.551     0.311     0.774
 8    -0.187    -0.950     0.249
 9   138.547   -17.411    -8.458
 9     0.343    -0.898    -0.278
 9     0.890     0.404    -0.209
 9     0.298    -0.176     0.938
 2    97.495   -19.449    59.135
 2     0.598    -0.802     0.004
 2     0.801     0.597     0.028
 2    -0.024    -0.014     0.999
 3   122.170    -7.218     6.195
 3    -0.466     0.013    -0.885
 3    -0.092    -0.995     0.034
 3    -0.880     0.098     0.465
 4   108.482     7.297    -4.336
 4     0.331     0.626     0.706
 4    -0.568     0.729    -0.380
 4    -0.753    -0.276     0.597
 5   129.075    30.132     1.877
 5    -0.936    -0.111     0.334
 5    -0.352     0.329    -0.876
 5    -0.013    -0.938    -0.348
