% Calibrated with leiden_pols
% Positions are in centimeters
Data =[
 2    97.486   -19.253    59.105
 2     0.531    -0.848     0.004
 2     0.847     0.530     0.028
 2    -0.026    -0.012     0.999
 3   120.852    -5.582     6.322
 3    -0.562     0.062    -0.825
 3    -0.168    -0.985     0.041
 3    -0.810     0.162     0.563
 4   106.430    13.762     1.098
 4     0.580     0.403     0.709
 4    -0.188     0.912    -0.364
 4    -0.793     0.077     0.604
 5   113.056    17.173    34.093
 5    -0.602     0.005     0.798
 5    -0.054     0.997    -0.046
 5    -0.797    -0.071    -0.600
 6   133.770    19.084    19.933
 6     0.885     0.460    -0.079
 6    -0.217     0.260    -0.941
 6    -0.412     0.849     0.329
 7   106.345   -18.500    -2.607
 7    -0.194    -0.826     0.530
 7     0.933     0.011     0.359
 7    -0.303     0.564     0.768
 8   114.983   -25.843    22.645
 8     0.442     0.052     0.895
 8    -0.315    -0.926     0.208
 8     0.840    -0.374    -0.393
 9   134.694   -30.657    22.426
 9     0.911    -0.410    -0.044
 9     0.001    -0.098     0.995
 9    -0.411    -0.907    -0.091
 2    97.486   -19.253    59.105
 2     0.531    -0.848     0.004
 2     0.847     0.530     0.028
 2    -0.026    -0.012     0.999
 3   120.795    -5.586     6.383
 3    -0.560     0.060    -0.827
 3    -0.167    -0.985     0.042
 3    -0.812     0.162     0.561
 4   106.458    13.762     1.093
 4     0.580     0.405     0.707
 4    -0.189     0.911    -0.366
 4    -0.792     0.078     0.604
 5   113.059    17.174    34.088
 5    -0.603     0.005     0.797
 5    -0.054     0.997    -0.046
 5    -0.796    -0.071    -0.602
 6   133.660    19.027    19.848
 6     0.882     0.465    -0.079
 6    -0.219     0.259    -0.941
 6    -0.417     0.846     0.329
 7   106.344   -18.499    -2.557
 7    -0.196    -0.825     0.530
 7     0.932     0.010     0.360
 7    -0.303     0.565     0.767
 8   114.982   -25.792    22.696
 8     0.442     0.051     0.896
 8    -0.315    -0.926     0.207
 8     0.840    -0.374    -0.393
 9   134.633   -30.559    22.335
 9     0.910    -0.413    -0.048
 9     0.005    -0.098     0.995
 9    -0.415    -0.905    -0.088
 2    97.488   -19.252    59.102
 2     0.531    -0.848     0.004
 2     0.847     0.530     0.028
 2    -0.025    -0.012     0.999
 3   120.792    -5.588     6.439
 3    -0.558     0.060    -0.828
 3    -0.166    -0.985     0.041
 3    -0.813     0.161     0.559
 4   106.457    13.762     1.143
 4     0.581     0.406     0.706
 4    -0.189     0.910    -0.367
 4    -0.792     0.079     0.605
 5   113.059    17.174    34.139
 5    -0.604     0.005     0.797
 5    -0.054     0.997    -0.046
 5    -0.796    -0.071    -0.602
 6   133.659    19.027    19.847
 6     0.882     0.466    -0.079
 6    -0.219     0.258    -0.941
 6    -0.417     0.846     0.328
 7   106.341   -18.500    -2.555
 7    -0.197    -0.824     0.531
 7     0.932     0.011     0.361
 7    -0.304     0.566     0.766
 8   114.991   -25.792    22.685
 8     0.438     0.050     0.897
 8    -0.315    -0.927     0.205
 8     0.842    -0.372    -0.390
 9   134.686   -30.609    22.383
 9     0.910    -0.412    -0.047
 9     0.004    -0.097     0.995
 9    -0.414    -0.906    -0.089
 2    97.486   -19.253    59.105
 2     0.531    -0.847     0.004
 2     0.847     0.531     0.028
 2    -0.026    -0.012     0.999
 3   120.735    -5.541     6.501
 3    -0.556     0.059    -0.829
 3    -0.165    -0.985     0.041
 3    -0.815     0.160     0.557
 4   106.460    13.713     1.138
 4     0.582     0.407     0.704
 4    -0.189     0.910    -0.369
 4    -0.791     0.080     0.606
 5   113.058    17.172    34.147
 5    -0.602     0.006     0.798
 5    -0.052     0.997    -0.046
 5    -0.797    -0.070    -0.600
 6   133.718    18.981    19.961
 6     0.884     0.461    -0.082
 6    -0.219     0.257    -0.941
 6    -0.413     0.849     0.327
 7   106.313   -18.450    -2.501
 7    -0.197    -0.824     0.531
 7     0.932     0.011     0.362
 7    -0.305     0.566     0.766
 8   114.996   -25.842    22.731
 8     0.435     0.048     0.899
 8    -0.315    -0.927     0.201
 8     0.843    -0.371    -0.388
 9   134.640   -30.607    22.377
 9     0.911    -0.410    -0.045
 9     0.003    -0.096     0.995
 9    -0.412    -0.907    -0.088
 2    97.486   -19.253    59.105
 2     0.531    -0.847     0.004
 2     0.847     0.531     0.028
 2    -0.026    -0.012     0.999
 3   120.732    -5.544     6.532
 3    -0.555     0.057    -0.831
 3    -0.164    -0.985     0.042
 3    -0.816     0.160     0.555
 4   106.461    13.715     1.157
 4     0.583     0.408     0.703
 4    -0.189     0.909    -0.370
 4    -0.790     0.083     0.607
 5   112.979    17.170    34.185
 5    -0.599     0.009     0.801
 5    -0.050     0.997    -0.047
 5    -0.799    -0.068    -0.597
 6   133.787    18.912    20.166
 6     0.886     0.455    -0.088
 6    -0.222     0.256    -0.941
 6    -0.405     0.853     0.327
 7   106.312   -18.450    -2.502
 7    -0.198    -0.823     0.532
 7     0.931     0.011     0.363
 7    -0.305     0.567     0.765
 8   115.001   -25.791    22.725
 8     0.434     0.048     0.900
 8    -0.316    -0.927     0.201
 8     0.844    -0.371    -0.388
 9   134.650   -30.654    22.463
 9     0.913    -0.405    -0.044
 9     0.004    -0.095     0.995
 9    -0.407    -0.909    -0.087
 2    97.485   -19.253    59.105
 2     0.531    -0.847     0.005
 2     0.847     0.531     0.028
 2    -0.026    -0.011     0.999
 3   120.733    -5.544     6.533
 3    -0.555     0.057    -0.830
 3    -0.164    -0.986     0.042
 3    -0.816     0.159     0.556
 4   106.463    13.767     1.202
 4     0.584     0.409     0.702
 4    -0.188     0.908    -0.372
 4    -0.789     0.084     0.607
 5   112.973    17.167    34.195
 5    -0.597     0.009     0.802
 5    -0.050     0.998    -0.047
 5    -0.801    -0.068    -0.595
 6   133.750    18.944    20.326
 6     0.889     0.449    -0.090
 6    -0.222     0.256    -0.941
 6    -0.399     0.856     0.327
 7   106.309   -18.451    -2.499
 7    -0.198    -0.823     0.533
 7     0.931     0.011     0.364
 7    -0.306     0.568     0.764
 8   114.902   -25.842    22.674
 8     0.433     0.045     0.900
 8    -0.316    -0.928     0.198
 8     0.844    -0.370    -0.388
 9   134.703   -30.652    22.481
 9     0.914    -0.404    -0.044
 9     0.004    -0.094     0.995
 9    -0.405    -0.910    -0.086
 2    97.486   -19.253    59.105
 2     0.531    -0.847     0.004
 2     0.847     0.531     0.028
 2    -0.026    -0.012     0.999
 3   120.669    -5.591     6.572
 3    -0.559     0.057    -0.828
 3    -0.163    -0.986     0.043
 3    -0.813     0.159     0.559
 4   106.460    13.715     1.206
 4     0.584     0.409     0.702
 4    -0.188     0.908    -0.372
 4    -0.790     0.084     0.607
 5   112.915    17.163    34.186
 5    -0.593     0.009     0.805
 5    -0.049     0.997    -0.046
 5    -0.804    -0.067    -0.591
 6   133.898    19.007    20.473
 6     0.894     0.438    -0.091
 6    -0.221     0.261    -0.940
 6    -0.389     0.860     0.329
 7   106.304   -18.453    -2.494
 7    -0.198    -0.823     0.533
 7     0.930     0.013     0.365
 7    -0.308     0.568     0.763
 8   114.949   -25.843    22.732
 8     0.434     0.042     0.900
 8    -0.317    -0.928     0.196
 8     0.843    -0.370    -0.390
 9   134.619   -31.085    22.581
 9     0.915    -0.403    -0.023
 9    -0.017    -0.090     0.995
 9    -0.402    -0.911    -0.092
 2    97.486   -19.253    59.105
 2     0.531    -0.848     0.004
 2     0.847     0.530     0.028
 2    -0.026    -0.012     0.999
 3   120.696    -5.588     6.565
 3    -0.561     0.057    -0.826
 3    -0.165    -0.985     0.044
 3    -0.812     0.161     0.561
 4   106.428    13.666     1.155
 4     0.584     0.401     0.706
 4    -0.182     0.912    -0.367
 4    -0.791     0.085     0.605
 5   113.194    17.193    33.988
 5    -0.600    -0.041     0.799
 5    -0.091     0.996    -0.016
 5    -0.795    -0.082    -0.601
 6   134.252    21.043    20.610
 6     0.919     0.395    -0.018
 6    -0.148     0.307    -0.940
 6    -0.366     0.866     0.340
 7   106.125   -18.509    -2.488
 7    -0.188    -0.820     0.542
 7     0.932     0.026     0.361
 7    -0.311     0.572     0.759
 8   114.847   -25.858    22.811
 8     0.438    -0.024     0.899
 8    -0.343    -0.928     0.141
 8     0.831    -0.370    -0.415
 9   133.597   -34.223    22.301
 9     0.898    -0.425     0.109
 9    -0.147    -0.054     0.987
 9    -0.413    -0.904    -0.112
 2    97.486   -19.253    59.105
 2     0.532    -0.847     0.004
 2     0.846     0.531     0.028
 2    -0.026    -0.012     0.999
 3   120.631    -5.657     6.464
 3    -0.565     0.057    -0.824
 3    -0.168    -0.985     0.047
 3    -0.808     0.165     0.565
 4   106.242    13.483     1.156
 4     0.578     0.390     0.717
 4    -0.178     0.917    -0.355
 4    -0.796     0.077     0.599
 5   113.376    17.285    33.689
 5    -0.602    -0.116     0.790
 5    -0.148     0.988     0.032
 5    -0.784    -0.098    -0.612
 6   134.103    23.479    20.495
 6     0.934     0.348     0.079
 6    -0.055     0.357    -0.932
 6    -0.353     0.866     0.353
 7   106.033   -18.512    -2.491
 7    -0.174    -0.819     0.547
 7     0.934     0.037     0.353
 7    -0.310     0.573     0.758
 8   114.753   -25.794    22.977
 8     0.450    -0.066     0.890
 8    -0.361    -0.926     0.113
 8     0.816    -0.373    -0.441
 9   132.451   -36.981    22.082
 9     0.862    -0.447     0.237
 9    -0.275    -0.020     0.961
 9    -0.425    -0.894    -0.140
 2    97.488   -19.303    59.102
 2     0.532    -0.847     0.004
 2     0.846     0.531     0.028
 2    -0.025    -0.012     0.999
 3   120.528    -5.654     6.449
 3    -0.565     0.056    -0.823
 3    -0.173    -0.984     0.052
 3    -0.807     0.172     0.565
 4   106.085    13.301     1.078
 4     0.574     0.378     0.727
 4    -0.175     0.923    -0.341
 4    -0.800     0.068     0.596
 5   113.512    17.457    33.575
 5    -0.599    -0.198     0.776
 5    -0.206     0.974     0.090
 5    -0.774    -0.106    -0.624
 6   133.687    26.055    19.992
 6     0.939     0.277     0.202
 6     0.066     0.432    -0.899
 6    -0.336     0.858     0.388
 7   105.920   -18.463    -2.546
 7    -0.159    -0.818     0.552
 7     0.938     0.049     0.342
 7    -0.308     0.572     0.760
 8   114.676   -25.836    23.098
 8     0.449    -0.116     0.885
 8    -0.386    -0.919     0.075
 8     0.805    -0.376    -0.458
 9   131.460   -38.965    21.463
 9     0.828    -0.440     0.348
 9    -0.371     0.036     0.928
 9    -0.420    -0.897    -0.133
 2    97.486   -19.253    59.105
 2     0.531    -0.848     0.004
 2     0.847     0.530     0.028
 2    -0.026    -0.012     0.999
 3   120.532    -5.700     6.433
 3    -0.566     0.055    -0.823
 3    -0.176    -0.983     0.055
 3    -0.805     0.176     0.566
 4   106.056    13.225     1.087
 4     0.572     0.367     0.734
 4    -0.170     0.928    -0.331
 4    -0.802     0.063     0.593
 5   113.382    17.610    33.429
 5    -0.590    -0.251     0.768
 5    -0.248     0.960     0.124
 5    -0.769    -0.117    -0.629
 6   133.249    27.635    20.019
 6     0.939     0.239     0.250
 6     0.119     0.454    -0.882
 6    -0.323     0.858     0.399
 7   105.927   -18.437    -2.552
 7    -0.155    -0.818     0.554
 7     0.939     0.052     0.338
 7    -0.306     0.572     0.760
 8   114.590   -25.900    23.104
 8     0.455    -0.128     0.881
 8    -0.400    -0.913     0.074
 8     0.795    -0.386    -0.467
 9   131.059   -39.913    21.506
 9     0.812    -0.430     0.395
 9    -0.412     0.057     0.909
 9    -0.413    -0.901    -0.130
 2    97.486   -19.253    59.105
 2     0.531    -0.848     0.004
 2     0.847     0.530     0.028
 2    -0.026    -0.012     0.999
 3   120.505    -5.649     6.431
 3    -0.566     0.055    -0.823
 3    -0.177    -0.983     0.057
 3    -0.805     0.178     0.566
 4   105.895    13.173     1.048
 4     0.570     0.355     0.741
 4    -0.164     0.932    -0.321
 4    -0.805     0.061     0.589
 5   113.038    17.901    33.418
 5    -0.575    -0.291     0.766
 5    -0.279     0.948     0.150
 5    -0.769    -0.128    -0.626
 6   132.792    28.754    20.271
 6     0.938     0.205     0.280
 6     0.158     0.464    -0.871
 6    -0.308     0.862     0.404
 7   105.885   -18.335    -2.607
 7    -0.149    -0.819     0.555
 7     0.941     0.055     0.333
 7    -0.304     0.571     0.762
 8   114.520   -26.049    23.179
 8     0.456    -0.151     0.877
 8    -0.424    -0.903     0.065
 8     0.782    -0.401    -0.476
 9   130.269   -41.097    21.247
 9     0.787    -0.428     0.445
 9    -0.456     0.080     0.885
 9    -0.414    -0.900    -0.131
 2    97.486   -19.253    59.105
 2     0.531    -0.848     0.004
 2     0.847     0.530     0.028
 2    -0.026    -0.012     0.999
 3   120.460    -5.594     6.367
 3    -0.568     0.056    -0.821
 3    -0.179    -0.982     0.057
 3    -0.803     0.180     0.567
 4   105.678    12.985     1.087
 4     0.560     0.347     0.753
 4    -0.161     0.936    -0.311
 4    -0.812     0.052     0.580
 5   113.112    18.244    33.126
 5    -0.572    -0.344     0.745
 5    -0.323     0.929     0.179
 5    -0.754    -0.138    -0.642
 6   132.104    30.416    19.719
 6     0.925     0.182     0.335
 6     0.212     0.483    -0.849
 6    -0.315     0.857     0.409
 7   105.786   -18.336    -2.607
 7    -0.146    -0.818     0.556
 7     0.941     0.058     0.331
 7    -0.304     0.571     0.762
 8   114.447   -26.220    23.166
 8     0.447    -0.199     0.872
 8    -0.452    -0.891     0.029
 8     0.772    -0.407    -0.488
 9   129.137   -42.770    21.206
 9     0.748    -0.428     0.509
 9    -0.516     0.105     0.849
 9    -0.416    -0.898    -0.141
 2    97.486   -19.253    59.105
 2     0.531    -0.848     0.004
 2     0.847     0.530     0.028
 2    -0.026    -0.012     0.999
 3   120.411    -5.588     6.346
 3    -0.570     0.059    -0.820
 3    -0.186    -0.981     0.059
 3    -0.801     0.187     0.569
 4   105.440    12.793     1.087
 4     0.548     0.335     0.766
 4    -0.162     0.941    -0.295
 4    -0.820     0.037     0.570
 5   113.376    18.880    32.660
 5    -0.565    -0.413     0.715
 5    -0.383     0.898     0.215
 5    -0.731    -0.152    -0.665
 6   131.353    32.562    19.013
 6     0.904     0.154     0.400
 6     0.278     0.497    -0.821
 6    -0.324     0.854     0.408
 7   105.722   -18.338    -2.510
 7    -0.133    -0.817     0.561
 7     0.944     0.068     0.322
 7    -0.302     0.572     0.762
 8   114.305   -26.317    23.224
 8     0.432    -0.251     0.866
 8    -0.481    -0.876    -0.014
 8     0.763    -0.411    -0.499
 9   127.875   -44.318    20.922
 9     0.704    -0.431     0.566
 9    -0.572     0.128     0.809
 9    -0.421    -0.893    -0.155
 2    97.486   -19.253    59.105
 2     0.531    -0.847     0.004
 2     0.847     0.531     0.028
 2    -0.026    -0.012     0.999
 3   120.340    -5.556     6.328
 3    -0.570     0.062    -0.819
 3    -0.191    -0.980     0.059
 3    -0.799     0.190     0.570
 4   105.103    12.656     1.132
 4     0.538     0.319     0.780
 4    -0.160     0.947    -0.276
 4    -0.827     0.023     0.561
 5   113.351    19.451    32.363
 5    -0.553    -0.467     0.691
 5    -0.430     0.869     0.243
 5    -0.714    -0.163    -0.681
 6   130.405    34.511    18.663
 6     0.886     0.120     0.449
 6     0.333     0.508    -0.793
 6    -0.322     0.853     0.412
 7   105.607   -18.209    -2.625
 7    -0.128    -0.814     0.566
 7     0.946     0.072     0.315
 7    -0.298     0.576     0.761
 8   114.231   -26.513    23.131
 8     0.422    -0.288     0.860
 8    -0.505    -0.862    -0.040
 8     0.753    -0.417    -0.509
 9   127.061   -45.221    20.770
 9     0.674    -0.433     0.601
 9    -0.606     0.143     0.782
 9    -0.423    -0.890    -0.164
 2    97.486   -19.253    59.105
 2     0.531    -0.847     0.004
 2     0.847     0.531     0.028
 2    -0.026    -0.012     0.999
 3   120.248    -5.497     6.258
 3    -0.573     0.068    -0.817
 3    -0.196    -0.979     0.056
 3    -0.796     0.192     0.573
 4   104.897    12.497     1.091
 4     0.531     0.304     0.792
 4    -0.159     0.953    -0.258
 4    -0.832     0.010     0.553
 5   113.246    19.962    32.048
 5    -0.542    -0.505     0.673
 5    -0.463     0.846     0.261
 5    -0.701    -0.170    -0.692
 6   129.663    35.897    18.340
 6     0.870     0.094     0.484
 6     0.374     0.513    -0.771
 6    -0.320     0.853     0.412
 7   105.618   -18.079    -2.535
 7    -0.125    -0.813     0.569
 7     0.948     0.072     0.310
 7    -0.294     0.577     0.761
 8   114.162   -26.655    23.154
 8     0.411    -0.321     0.854
 8    -0.525    -0.848    -0.065
 8     0.745    -0.421    -0.516
 9   126.112   -46.247    20.779
 9     0.641    -0.430     0.638
 9    -0.643     0.153     0.749
 9    -0.419    -0.890    -0.177
 2    97.486   -19.253    59.105
 2     0.531    -0.847     0.004
 2     0.847     0.531     0.028
 2    -0.026    -0.012     0.999
 3   120.126    -5.490     6.188
 3    -0.573     0.073    -0.817
 3    -0.202    -0.978     0.054
 3    -0.794     0.196     0.574
 4   104.668    12.283     1.078
 4     0.522     0.295     0.800
 4    -0.163     0.955    -0.246
 4    -0.837    -0.002     0.546
 5   113.164    20.496    31.708
 5    -0.529    -0.541     0.655
 5    -0.497     0.822     0.276
 5    -0.688    -0.179    -0.703
 6   128.949    37.257    17.915
 6     0.854     0.069     0.516
 6     0.411     0.516    -0.750
 6    -0.317     0.853     0.414
 7   105.459   -18.077    -2.524
 7    -0.112    -0.810     0.575
 7     0.951     0.080     0.298
 7    -0.289     0.580     0.761
 8   113.886   -26.909    23.232
 8     0.389    -0.380     0.840
 8    -0.559    -0.821    -0.112
 8     0.732    -0.427    -0.531
 9   124.498   -47.798    20.528
 9     0.584    -0.433     0.689
 9    -0.692     0.179     0.698
 9    -0.425    -0.883    -0.193
 2    97.486   -19.253    59.105
 2     0.531    -0.847     0.004
 2     0.846     0.531     0.028
 2    -0.026    -0.012     0.999
 3   119.951    -5.485     6.148
 3    -0.573     0.078    -0.816
 3    -0.208    -0.977     0.053
 3    -0.793     0.200     0.575
 4   104.261    12.116     1.182
 4     0.509     0.287     0.812
 4    -0.167     0.958    -0.234
 4    -0.844    -0.017     0.535
 5   113.179    21.197    31.251
 5    -0.515    -0.586     0.627
 5    -0.539     0.788     0.294
 5    -0.666    -0.186    -0.721
 6   127.729    39.095    17.285
 6     0.826     0.042     0.563
 6     0.461     0.524    -0.714
 6    -0.324     0.850     0.415
 7   105.206   -17.973    -2.543
 7    -0.098    -0.808     0.581
 7     0.954     0.090     0.284
 7    -0.282     0.582     0.762
 8   113.810   -27.029    23.198
 8     0.376    -0.419     0.827
 8    -0.583    -0.800    -0.140
 8     0.720    -0.429    -0.544
 9   123.458   -48.628    20.259
 9     0.545    -0.436     0.718
 9    -0.720     0.195     0.664
 9    -0.429    -0.878    -0.207
 2    97.486   -19.253    59.105
 2     0.531    -0.847     0.004
 2     0.847     0.531     0.028
 2    -0.026    -0.012     0.999
 3   119.859    -5.379     6.088
 3    -0.575     0.084    -0.814
 3    -0.210    -0.976     0.048
 3    -0.791     0.199     0.579
 4   103.951    12.039     1.197
 4     0.508     0.268     0.819
 4    -0.160     0.963    -0.215
 4    -0.847    -0.022     0.531
 5   112.790    21.577    31.061
 5    -0.493    -0.625     0.607
 5    -0.569     0.757     0.318
 5    -0.658    -0.188    -0.729
 6   126.553    40.483    17.135
 6     0.800     0.017     0.600
 6     0.506     0.518    -0.688
 6    -0.322     0.855     0.407
 7   105.139   -17.845    -2.629
 7    -0.094    -0.806     0.584
 7     0.956     0.091     0.279
 7    -0.279     0.584     0.762
 8   113.690   -27.121    23.167
 8     0.363    -0.442     0.820
 8    -0.600    -0.784    -0.156
 8     0.712    -0.436    -0.550
 9   122.762   -49.070    20.050
 9     0.522    -0.437     0.734
 9    -0.736     0.205     0.644
 9    -0.431    -0.876    -0.213
 2    97.486   -19.253    59.105
 2     0.531    -0.848     0.004
 2     0.847     0.530     0.028
 2    -0.026    -0.012     0.999
 3   119.692    -5.196     6.077
 3    -0.576     0.091    -0.813
 3    -0.213    -0.976     0.042
 3    -0.789     0.198     0.581
 4   103.780    11.939     1.208
 4     0.505     0.253     0.825
 4    -0.158     0.967    -0.200
 4    -0.848    -0.030     0.528
 5   112.563    21.663    30.909
 5    -0.478    -0.644     0.599
 5    -0.584     0.741     0.330
 5    -0.656    -0.191    -0.730
 6   125.727    41.235    17.156
 6     0.785    -0.003     0.620
 6     0.534     0.512    -0.672
 6    -0.315     0.859     0.405
 7   104.939   -17.663    -2.650
 7    -0.082    -0.805     0.588
 7     0.959     0.096     0.266
 7    -0.271     0.585     0.764
 8   113.500   -27.236    23.162
 8     0.350    -0.473     0.809
 8    -0.617    -0.765    -0.180
 8     0.704    -0.437    -0.559
 9   121.835   -49.619    19.810
 9     0.494    -0.442     0.750
 9    -0.751     0.218     0.622
 9    -0.438    -0.870    -0.223
 2    97.486   -19.253    59.105
 2     0.531    -0.848     0.004
 2     0.847     0.530     0.028
 2    -0.026    -0.012     0.999
 3   119.575    -5.241     5.958
 3    -0.579     0.093    -0.810
 3    -0.216    -0.975     0.043
 3    -0.786     0.200     0.584
 4   103.550    11.858     1.228
 4     0.501     0.242     0.831
 4    -0.156     0.969    -0.188
 4    -0.851    -0.036     0.523
 5   112.259    21.780    30.827
 5    -0.456    -0.672     0.585
 5    -0.604     0.715     0.351
 5    -0.654    -0.193    -0.731
 6   124.617    42.271    17.171
 6     0.760    -0.026     0.650
 6     0.572     0.501    -0.648
 6    -0.308     0.865     0.397
 7   104.782   -17.559    -2.616
 7    -0.072    -0.803     0.592
 7     0.961     0.101     0.255
 7    -0.265     0.587     0.765
 8   113.319   -27.295    23.187
 8     0.339    -0.493     0.802
 8    -0.628    -0.752    -0.197
 8     0.700    -0.437    -0.564
 9   121.208   -50.035    19.655
 9     0.475    -0.444     0.761
 9    -0.760     0.228     0.606
 9    -0.442    -0.866    -0.228
 2    97.461   -19.253    59.105
 2     0.532    -0.847     0.004
 2     0.846     0.531     0.028
 2    -0.026    -0.012     0.999
 3   119.460    -5.131     5.813
 3    -0.582     0.101    -0.807
 3    -0.221    -0.974     0.037
 3    -0.783     0.200     0.589
 4   103.379    11.735     1.179
 4     0.502     0.228     0.834
 4    -0.153     0.973    -0.173
 4    -0.851    -0.042     0.523
 5   111.937    21.968    30.617
 5    -0.442    -0.689     0.576
 5    -0.618     0.697     0.361
 5    -0.650    -0.196    -0.733
 6   123.899    42.758    17.017
 6     0.745    -0.035     0.667
 6     0.591     0.500    -0.632
 6    -0.310     0.865     0.394
 7   104.821   -17.418    -2.661
 7    -0.067    -0.802     0.594
 7     0.966     0.096     0.239
 7    -0.249     0.590     0.768
 8   113.351   -27.429    23.094
 8     0.337    -0.505     0.795
 8    -0.637    -0.743    -0.202
 8     0.693    -0.439    -0.571
 9   120.946   -50.224    19.392
 9     0.461    -0.454     0.764
 9    -0.764     0.236     0.600
 9    -0.452    -0.859    -0.237
 2    97.461   -19.253    59.105
 2     0.531    -0.848     0.004
 2     0.847     0.530     0.028
 2    -0.026    -0.012     0.999
 3   119.218    -5.116     5.522
 3    -0.592     0.111    -0.799
 3    -0.224    -0.974     0.031
 3    -0.774     0.197     0.601
 4   102.956    11.718     1.357
 4     0.489     0.222     0.844
 4    -0.153     0.974    -0.167
 4    -0.859    -0.047     0.510
 5   111.837    22.113    30.578
 5    -0.438    -0.707     0.557
 5    -0.629     0.682     0.371
 5    -0.642    -0.188    -0.743
 6   123.005    43.338    16.782
 6     0.724    -0.034     0.689
 6     0.610     0.498    -0.615
 6    -0.321     0.866     0.382
 7   104.425   -17.341    -2.600
 7    -0.060    -0.791     0.609
 7     0.967     0.104     0.230
 7    -0.246     0.602     0.759
 8   113.116   -27.436    23.084
 8     0.330    -0.534     0.779
 8    -0.649    -0.726    -0.222
 8     0.685    -0.433    -0.586
 9   119.847   -50.697    19.257
 9     0.428    -0.461     0.779
 9    -0.779     0.250     0.574
 9    -0.459    -0.852    -0.251
 2    97.486   -19.253    59.105
 2     0.531    -0.848     0.004
 2     0.847     0.530     0.029
 2    -0.026    -0.012     0.999
 3   119.153    -5.112     5.408
 3    -0.595     0.113    -0.796
 3    -0.224    -0.974     0.030
 3    -0.771     0.197     0.604
 4   102.883    11.667     1.367
 4     0.486     0.215     0.847
 4    -0.152     0.975    -0.159
 4    -0.860    -0.052     0.507
 5   111.680    22.313    30.471
 5    -0.421    -0.732     0.537
 5    -0.649     0.655     0.385
 5    -0.633    -0.186    -0.751
 6   121.964    44.048    16.446
 6     0.699    -0.044     0.714
 6     0.634     0.502    -0.588
 6    -0.331     0.864     0.380
 7   104.250   -17.296    -2.545
 7    -0.047    -0.788     0.614
 7     0.967     0.117     0.224
 7    -0.248     0.605     0.756
 8   112.772   -27.522    23.149
 8     0.310    -0.560     0.769
 8    -0.660    -0.708    -0.250
 8     0.684    -0.430    -0.588
 9   118.947   -51.107    19.427
 9     0.403    -0.456     0.795
 9    -0.796     0.255     0.548
 9    -0.452    -0.853    -0.260
 2    97.486   -19.253    59.105
 2     0.531    -0.848     0.004
 2     0.847     0.530     0.028
 2    -0.026    -0.012     0.999
 3   119.055    -5.086     5.410
 3    -0.596     0.114    -0.795
 3    -0.224    -0.974     0.028
 3    -0.771     0.195     0.606
 4   102.659    11.515     1.477
 4     0.486     0.201     0.851
 4    -0.150     0.978    -0.145
 4    -0.861    -0.057     0.505
 5   111.250    22.320    30.508
 5    -0.405    -0.748     0.528
 5    -0.660     0.637     0.397
 5    -0.633    -0.187    -0.751
 6   121.086    44.414    16.504
 6     0.683    -0.059     0.728
 6     0.652     0.497    -0.571
 6    -0.327     0.865     0.379
 7   104.128   -17.171    -2.494
 7    -0.038    -0.785     0.619
 7     0.968     0.125     0.217
 7    -0.248     0.607     0.755
 8   112.644   -27.451    23.192
 8     0.302    -0.575     0.761
 8    -0.667    -0.697    -0.262
 8     0.681    -0.429    -0.593
 9   118.374   -51.292    19.367
 9     0.387    -0.458     0.802
 9    -0.802     0.262     0.535
 9    -0.454    -0.850    -0.265
 2    97.461   -19.202    59.054
 2     0.531    -0.848     0.005
 2     0.847     0.530     0.028
 2    -0.026    -0.011     0.999
 3   118.982    -5.037     5.415
 3    -0.597     0.116    -0.794
 3    -0.222    -0.974     0.025
 3    -0.771     0.192     0.607
 4   102.606    11.492     1.524
 4     0.487     0.195     0.851
 4    -0.146     0.979    -0.140
 4    -0.861    -0.057     0.506
 5   110.885    22.242    30.649
 5    -0.395    -0.753     0.528
 5    -0.661     0.631     0.406
 5    -0.638    -0.188    -0.746
 6   120.601    44.476    16.831
 6     0.678    -0.068     0.731
 6     0.662     0.490    -0.567
 6    -0.318     0.869     0.378
 7   104.030   -17.072    -2.470
 7    -0.031    -0.782     0.622
 7     0.968     0.130     0.212
 7    -0.248     0.609     0.753
 8   112.472   -27.405    23.253
 8     0.291    -0.590     0.754
 8    -0.672    -0.686    -0.277
 8     0.680    -0.426    -0.596
 9   117.636   -51.501    19.550
 9     0.368    -0.456     0.812
 9    -0.812     0.268     0.517
 9    -0.452    -0.849    -0.271
 2    97.486   -19.253    59.105
 2     0.531    -0.848     0.004
 2     0.847     0.530     0.028
 2    -0.026    -0.012     0.999
 3   118.885    -4.985     5.468
 3    -0.597     0.119    -0.794
 3    -0.222    -0.975     0.021
 3    -0.771     0.189     0.608
 4   102.328    11.337     1.615
 4     0.483     0.185     0.856
 4    -0.144     0.981    -0.130
 4    -0.863    -0.061     0.501
 5   110.569    22.152    30.627
 5    -0.384    -0.768     0.513
 5    -0.670     0.613     0.418
 5    -0.635    -0.183    -0.750
 6   119.701    44.835    16.807
 6     0.659    -0.073     0.749
 6     0.680     0.485    -0.549
 6    -0.322     0.871     0.370
 7   103.685   -16.975    -2.319
 7    -0.017    -0.777     0.629
 7     0.969     0.143     0.202
 7    -0.248     0.613     0.750
 8   112.190   -27.358    23.378
 8     0.275    -0.616     0.739
 8    -0.678    -0.668    -0.305
 8     0.682    -0.417    -0.600
 9   116.723   -51.739    19.592
 9     0.341    -0.457     0.822
 9    -0.824     0.276     0.493
 9    -0.452    -0.845    -0.282
 2    97.486   -19.253    59.105
 2     0.531    -0.848     0.004
 2     0.847     0.530     0.028
 2    -0.026    -0.012     0.999
 3   118.771    -5.031     5.328
 3    -0.600     0.122    -0.791
 3    -0.223    -0.974     0.019
 3    -0.768     0.188     0.612
 4   102.121    11.307     1.686
 4     0.480     0.177     0.859
 4    -0.143     0.982    -0.122
 4    -0.866    -0.065     0.496
 5   110.397    22.132    30.619
 5    -0.379    -0.775     0.506
 5    -0.674     0.605     0.423
 5    -0.634    -0.181    -0.751
 6   119.221    44.941    16.825
 6     0.650    -0.077     0.755
 6     0.688     0.481    -0.542
 6    -0.321     0.873     0.367
 7   103.513   -16.978    -2.295
 7    -0.005    -0.771     0.636
 7     0.968     0.154     0.194
 7    -0.248     0.617     0.746
 8   112.025   -27.332    23.535
 8     0.267    -0.635     0.725
 8    -0.681    -0.656    -0.324
 8     0.682    -0.408    -0.607
 9   116.009   -51.924    19.763
 9     0.318    -0.461     0.829
 9    -0.833     0.282     0.475
 9    -0.453    -0.841    -0.294
 2    97.486   -19.253    59.105
 2     0.531    -0.848     0.004
 2     0.847     0.530     0.028
 2    -0.026    -0.012     0.999
 3   118.557    -5.078     5.317
 3    -0.604     0.123    -0.788
 3    -0.223    -0.974     0.020
 3    -0.765     0.187     0.616
 4   101.974    11.213     1.720
 4     0.484     0.168     0.859
 4    -0.138     0.983    -0.115
 4    -0.864    -0.063     0.499
 5   109.956    21.977    30.789
 5    -0.368    -0.782     0.505
 5    -0.674     0.597     0.434
 5    -0.640    -0.180    -0.746
 6   118.704    45.078    17.156
 6     0.642    -0.085     0.761
 6     0.699     0.473    -0.536
 6    -0.314     0.877     0.364
 7   103.436   -16.904    -2.243
 7    -0.002    -0.769     0.639
 7     0.969     0.157     0.192
 7    -0.249     0.619     0.745
 8   112.027   -27.231    23.540
 8     0.265    -0.641     0.720
 8    -0.682    -0.652    -0.330
 8     0.681    -0.404    -0.610
 9   115.863   -51.975    19.788
 9     0.313    -0.462     0.831
 9    -0.835     0.283     0.471
 9    -0.452    -0.841    -0.296
 2    97.486   -19.253    59.105
 2     0.531    -0.848     0.004
 2     0.847     0.530     0.028
 2    -0.026    -0.012     0.999
 3   118.761    -5.092     5.431
 3    -0.597     0.115    -0.794
 3    -0.216    -0.976     0.021
 3    -0.772     0.184     0.607
 4   102.252    11.223     1.634
 4     0.492     0.170     0.854
 4    -0.133     0.984    -0.119
 4    -0.860    -0.055     0.507
 5   109.828    21.736    30.824
 5    -0.363    -0.777     0.516
 5    -0.669     0.601     0.436
 5    -0.649    -0.187    -0.737
 6   118.828    44.993    17.617
 6     0.651    -0.100     0.752
 6     0.699     0.465    -0.543
 6    -0.295     0.879     0.373
 7   103.510   -16.810    -2.303
 7     0.012    -0.771     0.636
 7     0.967     0.170     0.187
 7    -0.253     0.613     0.748
 8   111.832   -27.112    23.441
 8     0.250    -0.652     0.717
 8    -0.687    -0.640    -0.342
 8     0.682    -0.407    -0.607
 9   115.301   -52.027    19.773
 9     0.304    -0.454     0.839
 9    -0.842     0.285     0.457
 9    -0.446    -0.844    -0.294
 2    97.486   -19.253    59.105
 2     0.531    -0.848     0.004
 2     0.847     0.530     0.028
 2    -0.026    -0.012     0.999
 3   118.734    -5.133     5.520
 3    -0.589     0.107    -0.801
 3    -0.211    -0.977     0.025
 3    -0.780     0.184     0.598
 4   102.257    11.181     1.535
 4     0.498     0.165     0.851
 4    -0.129     0.985    -0.115
 4    -0.857    -0.052     0.512
 5   109.690    21.706    30.838
 5    -0.358    -0.776     0.520
 5    -0.667     0.601     0.439
 5    -0.653    -0.190    -0.733
 6   118.763    44.971    17.734
 6     0.652    -0.104     0.751
 6     0.700     0.463    -0.543
 6    -0.291     0.880     0.376
 7   103.512   -16.685    -2.303
 7     0.018    -0.770     0.637
 7     0.967     0.174     0.183
 7    -0.253     0.613     0.748
 8   111.710   -27.116    23.445
 8     0.241    -0.660     0.712
 8    -0.690    -0.632    -0.352
 8     0.682    -0.407    -0.607
 9   115.312   -52.022    19.925
 9     0.307    -0.448     0.841
 9    -0.844     0.280     0.456
 9    -0.439    -0.849    -0.291
 2    97.486   -19.253    59.105
 2     0.531    -0.848     0.004
 2     0.847     0.530     0.028
 2    -0.026    -0.012     0.999
 3   118.797    -5.191     5.591
 3    -0.585     0.103    -0.805
 3    -0.208    -0.978     0.026
 3    -0.784     0.183     0.593
 4   102.481    11.292     1.506
 4     0.505     0.169     0.846
 4    -0.123     0.984    -0.122
 4    -0.854    -0.043     0.518
 5   109.663    21.586    30.958
 5    -0.363    -0.760     0.540
 5    -0.656     0.619     0.432
 5    -0.662    -0.197    -0.722
 6   119.645    44.523    18.103
 6     0.677    -0.106     0.729
 6     0.683     0.460    -0.567
 6    -0.274     0.881     0.385
 7   103.631   -16.737    -2.392
 7     0.013    -0.777     0.630
 7     0.966     0.171     0.191
 7    -0.256     0.606     0.753
 8   111.887   -27.108    23.415
 8     0.255    -0.634     0.731
 8    -0.680    -0.654    -0.330
 8     0.687    -0.413    -0.597
 9   116.743   -51.638    20.183
 9     0.360    -0.441     0.823
 9    -0.830     0.252     0.496
 9    -0.426    -0.861    -0.275
 2    97.486   -19.253    59.105
 2     0.531    -0.848     0.004
 2     0.847     0.530     0.028
 2    -0.026    -0.012     0.999
 3   118.858    -5.187     5.606
 3    -0.590     0.104    -0.801
 3    -0.208    -0.978     0.027
 3    -0.781     0.182     0.597
 4   102.595    11.362     1.506
 4     0.502     0.187     0.844
 4    -0.125     0.982    -0.143
 4    -0.855    -0.034     0.516
 5   110.173    21.653    31.075
 5    -0.401    -0.711     0.579
 5    -0.626     0.672     0.394
 5    -0.669    -0.204    -0.714
 6   122.093    43.398    18.392
 6     0.735    -0.083     0.673
 6     0.626     0.465    -0.625
 6    -0.260     0.881     0.395
 7   103.794   -16.956    -2.352
 7    -0.001    -0.789     0.615
 7     0.968     0.153     0.198
 7    -0.250     0.595     0.763
 8   112.395   -27.261    23.426
 8     0.309    -0.566     0.765
 8    -0.655    -0.709    -0.260
 8     0.690    -0.421    -0.589
 9   119.893   -50.598    20.433
 9     0.456    -0.439     0.775
 9    -0.790     0.203     0.578
 9    -0.410    -0.875    -0.253
 2    97.485   -19.253    59.105
 2     0.531    -0.847     0.005
 2     0.847     0.531     0.028
 2    -0.026    -0.011     0.999
 3   119.095    -5.336     5.592
 3    -0.595     0.097    -0.798
 3    -0.205    -0.978     0.034
 3    -0.777     0.184     0.601
 4   103.032    11.521     1.483
 4     0.492     0.225     0.841
 4    -0.138     0.974    -0.180
 4    -0.859    -0.028     0.510
 5   111.445    21.502    31.042
 5    -0.464    -0.625     0.628
 5    -0.572     0.752     0.325
 5    -0.676    -0.208    -0.707
 6   125.752    41.116    18.573
 6     0.810    -0.037     0.586
 6     0.531     0.472    -0.703
 6    -0.250     0.880     0.403
 7   104.052   -17.200    -2.412
 7    -0.020    -0.799     0.601
 7     0.969     0.132     0.207
 7    -0.245     0.587     0.771
 8   112.928   -27.420    23.291
 8     0.365    -0.487     0.794
 8    -0.629    -0.757    -0.175
 8     0.686    -0.436    -0.582
 9   122.889   -49.136    20.386
 9     0.553    -0.434     0.713
 9    -0.728     0.164     0.664
 9    -0.405    -0.886    -0.224
 2    97.486   -19.253    59.105
 2     0.531    -0.847     0.004
 2     0.847     0.531     0.028
 2    -0.026    -0.012     0.999
 3   119.322    -5.468     5.602
 3    -0.598     0.089    -0.797
 3    -0.198    -0.979     0.039
 3    -0.777     0.182     0.602
 4   103.397    11.729     1.465
 4     0.482     0.262     0.836
 4    -0.153     0.964    -0.214
 4    -0.863    -0.025     0.505
 5   112.613    21.273    31.092
 5    -0.521    -0.530     0.671
 5    -0.511     0.821     0.252
 5    -0.684    -0.211    -0.697
 6   129.028    38.681    18.755
 6     0.870     0.011     0.494
 6     0.431     0.471    -0.768
 6    -0.241     0.882     0.406
 7   104.274   -17.369    -2.466
 7    -0.045    -0.807     0.589
 7     0.969     0.108     0.221
 7    -0.243     0.580     0.777
 8   113.761   -27.628    23.125
 8     0.422    -0.398     0.815
 8    -0.596    -0.798    -0.081
 8     0.683    -0.452    -0.574
 9   125.809   -47.579    20.161
 9     0.630    -0.435     0.646
 9    -0.663     0.131     0.735
 9    -0.405    -0.891    -0.205
 2    97.485   -19.253    59.105
 2     0.531    -0.847     0.005
 2     0.847     0.531     0.028
 2    -0.026    -0.011     0.999
 3   119.663    -5.558     5.743
 3    -0.594     0.079    -0.801
 3    -0.186    -0.981     0.042
 3    -0.782     0.174     0.598
 4   103.963    12.062     1.380
 4     0.488     0.299     0.820
 4    -0.165     0.954    -0.250
 4    -0.857    -0.014     0.515
 5   113.986    20.784    31.295
 5    -0.577    -0.413     0.705
 5    -0.430     0.887     0.167
 5    -0.694    -0.206    -0.689
 6   132.365    35.305    19.159
 6     0.922     0.067     0.381
 6     0.310     0.459    -0.832
 6    -0.229     0.886     0.403
 7   104.502   -17.468    -2.580
 7    -0.070    -0.811     0.581
 7     0.966     0.089     0.241
 7    -0.248     0.578     0.777
 8   114.612   -27.565    22.988
 8     0.470    -0.299     0.831
 8    -0.562    -0.826     0.021
 8     0.680    -0.477    -0.556
 9   128.665   -45.532    20.231
 9     0.710    -0.423     0.566
 9    -0.583     0.098     0.805
 9    -0.395    -0.901    -0.176
 2    97.486   -19.253    59.105
 2     0.531    -0.848     0.004
 2     0.847     0.530     0.028
 2    -0.026    -0.012     0.999
 3   119.936    -5.733     5.984
 3    -0.586     0.065    -0.808
 3    -0.173    -0.984     0.047
 3    -0.792     0.167     0.587
 4   104.523    12.198     1.279
 4     0.499     0.336     0.799
 4    -0.182     0.942    -0.282
 4    -0.847    -0.006     0.531
 5   114.946    20.450    31.515
 5    -0.611    -0.308     0.730
 5    -0.359     0.929     0.091
 5    -0.705    -0.206    -0.677
 6   134.718    32.288    19.436
 6     0.954     0.106     0.279
 6     0.204     0.448    -0.870
 6    -0.217     0.888     0.406
 7   104.881   -17.642    -2.518
 7    -0.099    -0.815     0.571
 7     0.962     0.067     0.262
 7    -0.252     0.575     0.778
 8   115.517   -27.671    22.834
 8     0.523    -0.183     0.833
 8    -0.514    -0.847     0.137
 8     0.680    -0.500    -0.536
 9   131.844   -42.768    20.323
 9     0.790    -0.411     0.457
 9    -0.478     0.056     0.876
 9    -0.385    -0.910    -0.151
 2    97.486   -19.253    59.105
 2     0.531    -0.848     0.004
 2     0.847     0.530     0.028
 2    -0.026    -0.012     0.999
 3   120.093    -5.820     6.066
 3    -0.578     0.063    -0.814
 3    -0.169    -0.984     0.044
 3    -0.798     0.163     0.579
 4   104.894    12.275     1.183
 4     0.502     0.361     0.786
 4    -0.196     0.932    -0.302
 4    -0.842    -0.003     0.538
 5   115.478    20.124    31.673
 5    -0.631    -0.219     0.745
 5    -0.299     0.954     0.027
 5    -0.716    -0.205    -0.667
 6   136.403    29.626    19.647
 6     0.972     0.142     0.188
 6     0.108     0.436    -0.893
 6    -0.209     0.888     0.409
 7   105.134   -17.714    -2.636
 7    -0.126    -0.816     0.564
 7     0.958     0.047     0.281
 7    -0.256     0.576     0.776
 8   115.996   -27.595    22.646
 8     0.564    -0.027     0.825
