% Calibrated with leiden_pols
% Positions are in centimeters
Data =[
 2    97.486   -19.253    59.105
 2     0.531    -0.848     0.004
 2     0.847     0.530     0.028
 2    -0.026    -0.012     0.999
 3   120.852    -5.582     6.322
 3    -0.562     0.062    -0.825
 3    -0.168    -0.985     0.041
 3    -0.810     0.162     0.563
 4   106.430    13.762     1.098
 4     0.580     0.403     0.709
 4    -0.188     0.912    -0.364
 4    -0.793     0.077     0.604
 5   113.056    17.173    34.093
 5    -0.602     0.005     0.798
 5    -0.054     0.997    -0.046
 5    -0.797    -0.071    -0.600
 6   133.770    19.084    19.933
 6     0.885     0.460    -0.079
 6    -0.217     0.260    -0.941
 6    -0.412     0.849     0.329
 7   106.345   -18.500    -2.607
 7    -0.194    -0.826     0.530
 7     0.933     0.011     0.359
 7    -0.303     0.564     0.768
 8   114.983   -25.843    22.645
 8     0.442     0.052     0.895
 8    -0.315    -0.926     0.208
 8     0.840    -0.374    -0.393
 9   134.694   -30.657    22.426
 9     0.911    -0.410    -0.044
 9     0.001    -0.098     0.995
 9    -0.411    -0.907    -0.091
 2    97.486   -19.253    59.105
 2     0.531    -0.848     0.004
 2     0.847     0.530     0.028
 2    -0.026    -0.012     0.999
 3   120.795    -5.586     6.383
 3    -0.560     0.060    -0.827
 3    -0.167    -0.985     0.042
 3    -0.812     0.162     0.561
 4   106.458    13.762     1.093
 4     0.580     0.405     0.707
 4    -0.189     0.911    -0.366
 4    -0.792     0.078     0.604
 5   113.059    17.174    34.088
 5    -0.603     0.005     0.797
 5    -0.054     0.997    -0.046
 5    -0.796    -0.071    -0.602
 6   133.660    19.027    19.848
 6     0.882     0.465    -0.079
 6    -0.219     0.259    -0.941
 6    -0.417     0.846     0.329
 7   106.344   -18.499    -2.557
 7    -0.196    -0.825     0.530
 7     0.932     0.010     0.360
 7    -0.303     0.565     0.767
 8   114.982   -25.792    22.696
 8     0.442     0.051     0.896
 8    -0.315    -0.926     0.207
 8     0.840    -0.374    -0.393
 9   134.633   -30.559    22.335
 9     0.910    -0.413    -0.048
 9     0.005    -0.098     0.995
 9    -0.415    -0.905    -0.088
 2    97.488   -19.252    59.102
 2     0.531    -0.848     0.004
 2     0.847     0.530     0.028
 2    -0.025    -0.012     0.999
 3   120.792    -5.588     6.439
 3    -0.558     0.060    -0.828
 3    -0.166    -0.985     0.041
 3    -0.813     0.161     0.559
 4   106.457    13.762     1.143
 4     0.581     0.406     0.706
 4    -0.189     0.910    -0.367
 4    -0.792     0.079     0.605
 5   113.059    17.174    34.139
 5    -0.604     0.005     0.797
 5    -0.054     0.997    -0.046
 5    -0.796    -0.071    -0.602
 6   133.659    19.027    19.847
 6     0.882     0.466    -0.079
 6    -0.219     0.258    -0.941
 6    -0.417     0.846     0.328
 7   106.341   -18.500    -2.555
 7    -0.197    -0.824     0.531
 7     0.932     0.011     0.361
 7    -0.304     0.566     0.766
 8   114.991   -25.792    22.685
 8     0.438     0.050     0.897
 8    -0.315    -0.927     0.205
 8     0.842    -0.372    -0.390
 9   134.686   -30.609    22.383
 9     0.910    -0.412    -0.047
 9     0.004    -0.097     0.995
 9    -0.414    -0.906    -0.089
 2    97.486   -19.253    59.105
 2     0.531    -0.847     0.004
 2     0.847     0.531     0.028
 2    -0.026    -0.012     0.999
 3   120.735    -5.541     6.501
 3    -0.556     0.059    -0.829
 3    -0.165    -0.985     0.041
 3    -0.815     0.160     0.557
 4   106.460    13.713     1.138
 4     0.582     0.407     0.704
 4    -0.189     0.910    -0.369
 4    -0.791     0.080     0.606
 5   113.058    17.172    34.147
 5    -0.602     0.006     0.798
 5    -0.052     0.997    -0.046
 5    -0.797    -0.070    -0.600
 6   133.718    18.981    19.961
 6     0.884     0.461    -0.082
 6    -0.219     0.257    -0.941
 6    -0.413     0.849     0.327
 7   106.313   -18.450    -2.501
 7    -0.197    -0.824     0.531
 7     0.932     0.011     0.362
 7    -0.305     0.566     0.766
 8   114.996   -25.842    22.731
 8     0.435     0.048     0.899
 8    -0.315    -0.927     0.201
 8     0.843    -0.371    -0.388
 9   134.640   -30.607    22.377
 9     0.911    -0.410    -0.045
 9     0.003    -0.096     0.995
 9    -0.412    -0.907    -0.088
 2    97.486   -19.253    59.105
 2     0.531    -0.847     0.004
 2     0.847     0.531     0.028
 2    -0.026    -0.012     0.999
 3   120.732    -5.544     6.532
 3    -0.555     0.057    -0.831
 3    -0.164    -0.985     0.042
 3    -0.816     0.160     0.555
 4   106.461    13.715     1.157
 4     0.583     0.408     0.703
 4    -0.189     0.909    -0.370
 4    -0.790     0.083     0.607
 5   112.979    17.170    34.185
 5    -0.599     0.009     0.801
 5    -0.050     0.997    -0.047
 5    -0.799    -0.068    -0.597
 6   133.787    18.912    20.166
 6     0.886     0.455    -0.088
 6    -0.222     0.256    -0.941
 6    -0.405     0.853     0.327
 7   106.312   -18.450    -2.502
 7    -0.198    -0.823     0.532
 7     0.931     0.011     0.363
 7    -0.305     0.567     0.765
 8   115.001   -25.791    22.725
 8     0.434     0.048     0.900
 8    -0.316    -0.927     0.201
 8     0.844    -0.371    -0.388
 9   134.650   -30.654    22.463
 9     0.913    -0.405    -0.044
 9     0.004    -0.095     0.995
 9    -0.407    -0.909    -0.087
 2    97.485   -19.253    59.105
 2     0.531    -0.847     0.005
 2     0.847     0.531     0.028
 2    -0.026    -0.011     0.999
 3   120.733    -5.544     6.533
 3    -0.555     0.057    -0.830
 3    -0.164    -0.986     0.042
 3    -0.816     0.159     0.556
 4   106.463    13.767     1.202
 4     0.584     0.409     0.702
 4    -0.188     0.908    -0.372
 4    -0.789     0.084     0.607
 5   112.973    17.167    34.195
 5    -0.597     0.009     0.802
 5    -0.050     0.998    -0.047
 5    -0.801    -0.068    -0.595
 6   133.750    18.944    20.326
 6     0.889     0.449    -0.090
 6    -0.222     0.256    -0.941
 6    -0.399     0.856     0.327
 7   106.309   -18.451    -2.499
 7    -0.198    -0.823     0.533
 7     0.931     0.011     0.364
 7    -0.306     0.568     0.764
 8   114.902   -25.842    22.674
 8     0.433     0.045     0.900
 8    -0.316    -0.928     0.198
 8     0.844    -0.370    -0.388
 9   134.703   -30.652    22.481
 9     0.914    -0.404    -0.044
 9     0.004    -0.094     0.995
 9    -0.405    -0.910    -0.086
 2    97.486   -19.253    59.105
 2     0.531    -0.847     0.004
 2     0.847     0.531     0.028
 2    -0.026    -0.012     0.999
 3   120.669    -5.591     6.572
 3    -0.559     0.057    -0.828
 3    -0.163    -0.986     0.043
 3    -0.813     0.159     0.559
 4   106.460    13.715     1.206
 4     0.584     0.409     0.702
 4    -0.188     0.908    -0.372
 4    -0.790     0.084     0.607
 5   112.915    17.163    34.186
 5    -0.593     0.009     0.805
 5    -0.049     0.997    -0.046
 5    -0.804    -0.067    -0.591
 6   133.898    19.007    20.473
 6     0.894     0.438    -0.091
 6    -0.221     0.261    -0.940
 6    -0.389     0.860     0.329
 7   106.304   -18.453    -2.494
 7    -0.198    -0.823     0.533
 7     0.930     0.013     0.365
 7    -0.308     0.568     0.763
 8   114.949   -25.843    22.732
 8     0.434     0.042     0.900
 8    -0.317    -0.928     0.196
 8     0.843    -0.370    -0.390
 9   134.619   -31.085    22.581
 9     0.915    -0.403    -0.023
 9    -0.017    -0.090     0.995
 9    -0.402    -0.911    -0.092
 2    97.486   -19.253    59.105
 2     0.531    -0.848     0.004
 2     0.847     0.530     0.028
 2    -0.026    -0.012     0.999
 3   120.696    -5.588     6.565
 3    -0.561     0.057    -0.826
 3    -0.165    -0.985     0.044
 3    -0.812     0.161     0.561
 4   106.428    13.666     1.155
 4     0.584     0.401     0.706
 4    -0.182     0.912    -0.367
 4    -0.791     0.085     0.605
 5   113.194    17.193    33.988
 5    -0.600    -0.041     0.799
 5    -0.091     0.996    -0.016
 5    -0.795    -0.082    -0.601
