% Calibrated with leiden_pols
% Positions are in centimeters
Data =[
 2    96.910   -18.086    59.697
 2     0.109    -0.994     0.000
 2     0.993     0.109     0.033
 2    -0.033    -0.003     0.999
 3   123.742    -3.273     9.847
 3    -0.160     0.013    -0.987
 3     0.083    -0.996    -0.027
 3    -0.984    -0.086     0.159
 4   112.889    13.698   -10.019
 4     0.499    -0.819     0.283
 4     0.866     0.457    -0.204
 4     0.037     0.347     0.937
 5   112.695    23.598    18.988
 5     0.216    -0.079     0.973
 5     0.183    -0.976    -0.120
 5     0.959     0.204    -0.196
 6   128.367    24.913    47.058
 6     0.193    -0.454    -0.870
 6    -0.019     0.885    -0.466
 6     0.981     0.106     0.162
 7   114.586   -22.004    -8.205
 7     0.365     0.906     0.210
 7    -0.884     0.268     0.383
 7     0.291    -0.326     0.899
 8   113.668   -27.067    22.711
 8     0.265    -0.126     0.956
 8    -0.226    -0.972    -0.066
 8     0.937    -0.199    -0.286
 9   123.607   -32.598    41.569
 9     0.316     0.759    -0.569
 9    -0.088     0.620     0.779
 9     0.944    -0.197     0.263
 2    96.909   -18.086    59.748
 2     0.108    -0.994     0.000
 2     0.993     0.108     0.033
 2    -0.033    -0.003     0.999
 3   123.738    -3.248     9.871
 3    -0.159     0.008    -0.987
 3     0.082    -0.996    -0.021
 3    -0.984    -0.084     0.157
 4   112.941    13.699   -10.022
 4     0.499    -0.819     0.283
 4     0.865     0.456    -0.205
 4     0.038     0.348     0.937
 5   112.615    24.622    18.865
 5     0.216    -0.058     0.974
 5     0.241    -0.964    -0.111
 5     0.946     0.259    -0.194
 6   128.361    28.098    46.368
 6     0.189    -0.476    -0.858
 6     0.052     0.878    -0.476
 6     0.980     0.045     0.191
 7   114.330   -21.821    -8.297
 7     0.351     0.908     0.229
 7    -0.895     0.253     0.367
 7     0.275    -0.334     0.901
 8   114.013   -30.297    23.267
 8     0.307    -0.540     0.783
 8    -0.531    -0.780    -0.330
 8     0.790    -0.315    -0.526
 9   122.655   -46.432    32.128
 9     0.460     0.887    -0.041
 9    -0.463     0.279     0.841
 9     0.757    -0.369     0.539
 2    96.910   -18.137    59.697
 2     0.109    -0.994     0.001
 2     0.993     0.109     0.033
 2    -0.033    -0.003     0.999
 3   123.686    -3.249     9.830
 3    -0.158    -0.017    -0.987
 3     0.078    -0.997     0.004
 3    -0.984    -0.077     0.158
 4   112.937    13.697   -10.017
 4     0.501    -0.817     0.286
 4     0.865     0.458    -0.205
 4     0.036     0.349     0.936
 5   112.779    25.314    18.570
 5     0.221    -0.052     0.974
 5     0.274    -0.955    -0.114
 5     0.936     0.292    -0.197
 6   128.597    30.218    45.742
 6     0.190    -0.486    -0.853
 6     0.099     0.874    -0.476
 6     0.977     0.006     0.214
 7   113.857   -21.401    -8.355
 7     0.340     0.905     0.254
 7    -0.909     0.248     0.335
 7     0.240    -0.346     0.907
 8   115.269   -35.092    21.410
 8     0.316    -0.744     0.589
 8    -0.760    -0.570    -0.313
 8     0.568    -0.349    -0.745
 9   122.892   -56.668    19.855
 9     0.506     0.794     0.338
 9    -0.715     0.167     0.679
 9     0.482    -0.585     0.652
 2    96.908   -18.087    59.700
 2     0.109    -0.994     0.000
 2     0.993     0.109     0.034
 2    -0.034    -0.003     0.999
 3   123.650    -3.385     9.746
 3    -0.153    -0.032    -0.988
 3     0.082    -0.996     0.020
 3    -0.985    -0.078     0.155
 4   113.157    13.793   -10.086
 4     0.512    -0.809     0.289
 4     0.858     0.469    -0.209
 4     0.033     0.354     0.934
 5   113.047    25.485    18.583
 5     0.223    -0.049     0.973
 5     0.284    -0.952    -0.113
 5     0.932     0.302    -0.199
 6   128.798    30.574    45.650
 6     0.192    -0.489    -0.851
 6     0.108     0.872    -0.477
 6     0.975    -0.001     0.220
 7   113.467   -21.005    -8.777
 7     0.384     0.875     0.295
 7    -0.912     0.310     0.268
 7     0.143    -0.373     0.917
 8   115.975   -41.134    15.978
 8     0.338    -0.785     0.519
 8    -0.887    -0.449    -0.102
 8     0.313    -0.427    -0.848
 9   124.138   -61.016     6.348
 9     0.526     0.783     0.331
 9    -0.818     0.361     0.448
 9     0.231    -0.507     0.831
 2    96.910   -18.086    59.697
 2     0.109    -0.994     0.000
 2     0.993     0.109     0.033
 2    -0.033    -0.003     0.999
 3   123.699    -3.514     9.713
 3    -0.148    -0.036    -0.988
 3     0.089    -0.996     0.023
 3    -0.985    -0.085     0.151
 4   113.209    13.794   -10.140
 4     0.513    -0.808     0.289
 4     0.858     0.469    -0.210
 4     0.034     0.355     0.934
 5   113.098    25.509    18.583
 5     0.225    -0.048     0.973
 5     0.285    -0.952    -0.113
 5     0.932     0.303    -0.200
 6   128.923    30.497    45.547
 6     0.195    -0.490    -0.850
 6     0.108     0.872    -0.478
 6     0.975     0.001     0.222
 7   113.156   -20.695    -9.183
 7     0.426     0.841     0.331
 7    -0.904     0.381     0.194
 7     0.037    -0.382     0.923
 8   116.177   -44.893     9.770
 8     0.360    -0.781     0.510
 8    -0.927    -0.358     0.105
 8     0.100    -0.511    -0.854
 9   126.451   -59.787    -5.224
 9     0.568     0.781     0.256
 9    -0.823     0.536     0.190
 9     0.011    -0.319     0.948
 2    96.910   -18.086    59.646
 2     0.109    -0.994     0.000
 2     0.993     0.108     0.033
 2    -0.033    -0.003     0.999
 3   123.868    -3.791     9.614
 3    -0.140    -0.038    -0.989
 3     0.106    -0.994     0.023
 3    -0.984    -0.102     0.143
 4   113.401    13.671   -10.205
 4     0.517    -0.808     0.282
 4     0.855     0.472    -0.214
 4     0.040     0.352     0.935
 5   113.148    25.384    18.531
 5     0.224    -0.049     0.973
 5     0.285    -0.952    -0.114
 5     0.932     0.302    -0.200
 6   128.923    30.396    45.597
 6     0.194    -0.490    -0.850
 6     0.107     0.872    -0.478
 6     0.975     0.002     0.222
 7   112.807   -20.194    -9.481
 7     0.448     0.814     0.368
 7    -0.893     0.428     0.140
 7    -0.044    -0.391     0.919
 8   116.729   -46.143     6.065
 8     0.376    -0.794     0.478
 8    -0.926    -0.307     0.219
 8    -0.027    -0.525    -0.850
 9   127.065   -59.056   -11.117
 9     0.577     0.761     0.296
 9    -0.812     0.574     0.104
 9    -0.091    -0.301     0.949
 2    96.860   -18.086    59.697
 2     0.109    -0.994     0.000
 2     0.993     0.108     0.033
 2    -0.033    -0.003     0.999
 3   123.931    -3.844     9.563
 3    -0.136    -0.037    -0.990
 3     0.117    -0.993     0.021
 3    -0.984    -0.113     0.139
 4   113.439    13.624   -10.219
 4     0.518    -0.809     0.278
 4     0.854     0.472    -0.218
 4     0.045     0.350     0.935
 5   113.132    25.382    18.458
 5     0.220    -0.047     0.974
 5     0.295    -0.949    -0.112
 5     0.930     0.312    -0.195
 6   128.813    30.992    45.373
 6     0.189    -0.488    -0.852
 6     0.123     0.873    -0.472
 6     0.974    -0.016     0.225
 7   112.811   -19.910    -9.688
 7     0.463     0.796     0.389
 7    -0.883     0.453     0.123
 7    -0.078    -0.401     0.913
 8   117.528   -46.347     4.612
 8     0.383    -0.814     0.436
 8    -0.920    -0.293     0.260
 8    -0.084    -0.501    -0.861
 9   127.217   -59.332   -14.767
 9     0.555     0.742     0.375
 9    -0.818     0.568     0.089
 9    -0.147    -0.357     0.922
 2    96.908   -18.087    59.700
 2     0.109    -0.994     0.000
 2     0.993     0.109     0.033
 2    -0.034    -0.003     0.999
 3   123.961    -3.793     9.575
 3    -0.132    -0.033    -0.991
 3     0.120    -0.992     0.017
 3    -0.984    -0.117     0.135
 4   113.425    13.519   -10.278
 4     0.515    -0.810     0.280
 4     0.856     0.471    -0.212
 4     0.039     0.349     0.936
 5   113.220    26.515    17.946
 5     0.220    -0.025     0.975
 5     0.357    -0.928    -0.104
 5     0.908     0.371    -0.195
 6   128.775    34.700    44.023
 6     0.201    -0.507    -0.839
 6     0.228     0.856    -0.463
 6     0.953    -0.099     0.287
 7   112.953   -19.857    -9.683
 7     0.472     0.790     0.390
 7    -0.878     0.462     0.126
 7    -0.081    -0.402     0.912
 8   117.650   -46.348     4.538
 8     0.384    -0.813     0.437
 8    -0.920    -0.293     0.262
 8    -0.085    -0.502    -0.860
 9   126.863   -59.500   -14.226
 9     0.541     0.765     0.349
 9    -0.832     0.547     0.089
 9    -0.123    -0.339     0.933
 2    96.907   -18.087    59.700
 2     0.108    -0.994     0.000
 2     0.993     0.108     0.034
 2    -0.034    -0.003     0.999
 3   123.989    -3.798     9.724
 3    -0.126    -0.027    -0.992
 3     0.117    -0.993     0.012
 3    -0.985    -0.115     0.128
 4   113.478    13.248   -10.626
 4     0.514    -0.807     0.289
 4     0.857     0.476    -0.193
 4     0.018     0.347     0.937
 5   113.483    27.990    16.705
 5     0.218    -0.017     0.976
 5     0.426    -0.898    -0.111
 5     0.878     0.440    -0.189
 6   128.512    38.758    41.609
 6     0.258    -0.512    -0.819
 6     0.351     0.840    -0.414
 6     0.900    -0.181     0.396
 7   113.195   -19.992    -9.617
 7     0.472     0.795     0.380
 7    -0.879     0.455     0.140
 7    -0.061    -0.400     0.914
 8   117.638   -46.044     5.710
 8     0.373    -0.809     0.454
 8    -0.927    -0.303     0.223
 8    -0.043    -0.504    -0.863
 9   125.716   -60.221   -11.498
 9     0.509     0.805     0.305
 9    -0.859     0.497     0.123
 9    -0.052    -0.325     0.944
 2    96.907   -18.087    59.700
 2     0.108    -0.994     0.000
 2     0.993     0.108     0.034
 2    -0.034    -0.003     0.999
 3   124.091    -3.661     9.756
 3    -0.119    -0.014    -0.993
 3     0.101    -0.995     0.001
 3    -0.988    -0.101     0.120
 4   113.427    12.678   -11.185
 4     0.510    -0.803     0.307
 4     0.859     0.488    -0.153
 4    -0.027     0.342     0.939
 5   113.392    29.532    15.113
 5     0.219    -0.022     0.975
 5     0.492    -0.861    -0.130
 5     0.842     0.509    -0.178
 6   128.704    42.004    38.592
 6     0.287    -0.486    -0.825
 6     0.425     0.837    -0.345
 6     0.858    -0.252     0.447
 7   113.486   -20.220    -9.252
 7     0.472     0.802     0.365
 7    -0.881     0.444     0.165
 7    -0.030    -0.399     0.916
 8   117.546   -45.896     6.955
 8     0.354    -0.814     0.461
 8    -0.935    -0.305     0.181
 8    -0.007    -0.495    -0.869
 9   123.796   -60.898    -8.894
 9     0.465     0.843     0.269
 9    -0.885     0.437     0.161
 9     0.019    -0.313     0.949
 2    96.859   -18.086    59.697
 2     0.108    -0.994     0.000
 2     0.993     0.108     0.033
 2    -0.033    -0.003     0.999
 3   123.951    -3.678     9.769
 3    -0.112    -0.003    -0.994
 3     0.077    -0.997    -0.006
 3    -0.991    -0.077     0.112
 4   113.166    11.823   -11.886
 4     0.507    -0.797     0.329
 4     0.859     0.500    -0.111
 4    -0.077     0.339     0.938
 5   113.249    30.646    13.314
 5     0.220    -0.029     0.975
 5     0.550    -0.822    -0.149
 5     0.806     0.569    -0.165
 6   128.575    44.708    35.735
 6     0.296    -0.463    -0.836
 6     0.486     0.826    -0.285
 6     0.822    -0.322     0.469
 7   113.602   -20.500    -9.036
 7     0.470     0.809     0.352
 7    -0.882     0.431     0.188
 7     0.000    -0.400     0.917
 8   117.089   -45.830     7.832
 8     0.337    -0.815     0.471
 8    -0.941    -0.304     0.146
 8     0.024    -0.492    -0.870
 9   122.383   -61.585    -6.582
 9     0.426     0.875     0.228
 9    -0.901     0.391     0.186
 9     0.074    -0.285     0.956
 2    96.907   -18.087    59.700
 2     0.108    -0.994     0.000
 2     0.993     0.108     0.034
 2    -0.034    -0.003     0.999
 3   123.755    -3.663     9.627
 3    -0.109     0.006    -0.994
 3     0.054    -0.998    -0.012
 3    -0.993    -0.055     0.109
 4   112.963    11.261   -12.271
 4     0.502    -0.793     0.344
 4     0.857     0.508    -0.079
 4    -0.112     0.335     0.935
 5   113.041    31.441    11.774
 5     0.218    -0.032     0.975
 5     0.593    -0.790    -0.159
 5     0.775     0.613    -0.153
 6   128.454    46.560    33.298
 6     0.300    -0.424    -0.854
 6     0.526     0.820    -0.223
 6     0.795    -0.383     0.470
 7   113.693   -20.687    -8.864
 7     0.469     0.813     0.344
 7    -0.883     0.423     0.203
 7     0.019    -0.399     0.916
 8   116.675   -45.690     8.735
 8     0.324    -0.812     0.485
 8    -0.944    -0.307     0.117
 8     0.054    -0.496    -0.867
 9   121.548   -61.743    -4.752
 9     0.397     0.897     0.191
 9    -0.910     0.358     0.208
 9     0.118    -0.256     0.959
 2    96.907   -18.087    59.700
 2     0.108    -0.994     0.000
 2     0.993     0.108     0.034
 2    -0.034    -0.003     0.999
 3   123.708    -3.605     9.481
 3    -0.109     0.014    -0.994
 3     0.038    -0.999    -0.019
 3    -0.993    -0.040     0.108
 4   112.721    10.754   -12.650
 4     0.497    -0.789     0.360
 4     0.856     0.514    -0.056
 4    -0.141     0.336     0.931
 5   112.949    31.892    10.866
 5     0.223    -0.034     0.974
 5     0.620    -0.767    -0.168
 5     0.752     0.641    -0.150
 6   128.521    47.611    32.035
 6     0.303    -0.413    -0.859
 6     0.549     0.812    -0.197
 6     0.779    -0.413     0.473
 7   113.735   -20.797    -8.849
 7     0.470     0.816     0.334
 7    -0.881     0.418     0.219
 7     0.039    -0.398     0.916
 8   116.487   -45.631     9.164
 8     0.316    -0.810     0.494
 8    -0.946    -0.309     0.099
 8     0.072    -0.498    -0.864
 9   121.081   -61.964    -3.980
 9     0.388     0.902     0.186
 9    -0.912     0.347     0.219
 9     0.133    -0.255     0.958
 2    96.907   -18.087    59.700
 2     0.108    -0.994     0.000
 2     0.993     0.108     0.034
 2    -0.034    -0.003     0.999
 3   123.505    -3.557     9.331
 3    -0.109     0.023    -0.994
 3     0.025    -0.999    -0.026
 3    -0.994    -0.027     0.108
 4   112.479    10.272   -13.028
 4     0.493    -0.785     0.376
 4     0.853     0.520    -0.033
 4    -0.170     0.337     0.926
 5   112.984    32.535     9.617
 5     0.232    -0.015     0.972
 5     0.658    -0.734    -0.168
 5     0.716     0.679    -0.161
 6   128.785    49.405    29.536
 6     0.313    -0.418    -0.853
 6     0.592     0.788    -0.169
 6     0.743    -0.452     0.494
 7   113.898   -20.778    -8.733
 7     0.478     0.817     0.320
 7    -0.876     0.420     0.236
 7     0.058    -0.394     0.917
 8   116.392   -45.545     9.644
 8     0.318    -0.804     0.503
 8    -0.944    -0.318     0.088
 8     0.089    -0.503    -0.860
 9   121.458   -61.541    -3.315
 9     0.402     0.899     0.171
 9    -0.904     0.360     0.231
 9     0.146    -0.248     0.958
 2    96.907   -18.087    59.700
 2     0.108    -0.994     0.000
 2     0.993     0.108     0.034
 2    -0.034    -0.003     0.999
 3   123.349    -3.418     9.173
 3    -0.108     0.033    -0.994
 3     0.007    -0.999    -0.034
 3    -0.994    -0.011     0.108
 4   112.237     9.765   -13.305
 4     0.486    -0.782     0.391
 4     0.851     0.525    -0.009
 4    -0.199     0.337     0.920
 5   113.034    33.029     8.453
 5     0.241     0.000     0.970
 5     0.691    -0.702    -0.172
 5     0.682     0.711    -0.170
 6   128.913    50.972    27.269
 6     0.322    -0.428    -0.844
 6     0.627     0.764    -0.149
 6     0.709    -0.482     0.515
 7   113.969   -21.021    -8.583
 7     0.483     0.815     0.319
 7    -0.873     0.420     0.247
 7     0.067    -0.398     0.915
 8   116.594   -45.533    10.059
 8     0.323    -0.801     0.504
 8    -0.941    -0.329     0.080
 8     0.102    -0.500    -0.860
 9   121.938   -61.171    -2.650
 9     0.409     0.899     0.157
 9    -0.898     0.367     0.242
 9     0.160    -0.240     0.957
 2    96.858   -18.087    59.700
 2     0.109    -0.994     0.000
 2     0.993     0.108     0.034
 2    -0.034    -0.003     0.999
 3   125.145    -5.527    11.259
 3    -0.108     0.042    -0.993
 3    -0.008    -0.999    -0.041
 3    -0.994     0.004     0.108
 4   112.003     9.287   -13.543
 4     0.479    -0.778     0.406
 4     0.848     0.529     0.011
 4    -0.224     0.339     0.913
 5   113.017    33.226     7.487
 5     0.250     0.010     0.968
 5     0.713    -0.678    -0.177
 5     0.655     0.734    -0.177
 6   129.141    51.961    25.228
 6     0.333    -0.435    -0.837
 6     0.652     0.747    -0.128
 6     0.680    -0.503     0.533
 7   114.023   -21.170    -8.484
 7     0.486     0.812     0.322
 7    -0.871     0.422     0.251
 7     0.068    -0.403     0.913
 8   116.819   -45.555    10.056
 8     0.329    -0.800     0.501
 8    -0.939    -0.335     0.082
 8     0.102    -0.498    -0.861
 9   122.417   -61.038    -2.507
 9     0.417     0.896     0.153
 9    -0.894     0.374     0.245
 9     0.162    -0.240     0.957
 2    96.858   -18.087    59.700
 2     0.109    -0.994     0.000
 2     0.993     0.108     0.034
 2    -0.034    -0.003     0.999
 3   125.086    -5.495    11.005
 3    -0.109     0.048    -0.993
 3    -0.020    -0.999    -0.047
 3    -0.994     0.015     0.110
 4   111.774     8.860   -13.887
 4     0.476    -0.772     0.421
 4     0.844     0.535     0.027
 4    -0.247     0.342     0.906
 5   113.072    33.572     6.426
 5     0.259     0.014     0.966
 5     0.735    -0.651    -0.187
 5     0.626     0.758    -0.179
 6   129.352    52.976    23.083
 6     0.343    -0.433    -0.834
 6     0.677     0.729    -0.100
 6     0.651    -0.530     0.543
 7   114.023   -21.296    -8.531
 7     0.487     0.810     0.327
 7    -0.870     0.422     0.253
 7     0.067    -0.408     0.910
 8   116.982   -45.657     9.946
 8     0.335    -0.801     0.497
 8    -0.937    -0.337     0.089
 8     0.096    -0.495    -0.863
 9   122.631   -61.040    -2.823
 9     0.419     0.894     0.156
 9    -0.894     0.377     0.242
 9     0.157    -0.241     0.958
 2    96.858   -18.087    59.700
 2     0.109    -0.994     0.000
 2     0.993     0.108     0.033
 2    -0.034    -0.004     0.999
 3   124.947    -5.456    10.735
 3    -0.111     0.054    -0.992
 3    -0.032    -0.998    -0.051
 3    -0.993     0.026     0.112
 4   111.364     8.456   -13.999
 4     0.470    -0.766     0.438
 4     0.839     0.541     0.045
 4    -0.272     0.347     0.897
 5   113.152    33.938     5.356
 5     0.273     0.033     0.961
 5     0.760    -0.619    -0.195
 5     0.589     0.784    -0.195
 6   129.637    54.111    20.764
 6     0.353    -0.436    -0.828
 6     0.706     0.704    -0.070
 6     0.613    -0.561     0.556
 7   113.842   -21.373    -8.519
 7     0.491     0.804     0.334
 7    -0.869     0.424     0.255
 7     0.063    -0.416     0.907
 8   117.142   -45.836     9.740
 8     0.341    -0.803     0.489
 8    -0.936    -0.339     0.097
 8     0.088    -0.491    -0.867
 9   122.841   -60.993    -3.159
 9     0.424     0.891     0.160
 9    -0.893     0.382     0.237
 9     0.150    -0.244     0.958
 2    96.858   -18.087    59.700
 2     0.109    -0.994     0.000
 2     0.993     0.109     0.033
 2    -0.034    -0.004     0.999
 3   124.843    -5.387    10.516
 3    -0.114     0.058    -0.992
 3    -0.040    -0.998    -0.054
 3    -0.993     0.033     0.116
 4   111.088     8.207   -14.121
 4     0.468    -0.757     0.455
 4     0.833     0.549     0.057
 4    -0.293     0.353     0.888
 5   113.432    34.359     4.443
 5     0.290     0.043     0.956
 5     0.777    -0.594    -0.209
 5     0.558     0.804    -0.205
 6   130.078    55.024    18.824
 6     0.364    -0.425    -0.829
 6     0.727     0.686    -0.032
 6     0.582    -0.591     0.558
 7   113.657   -21.377    -8.550
 7     0.492     0.800     0.342
 7    -0.869     0.426     0.253
 7     0.057    -0.422     0.905
 8   117.130   -45.940     9.478
 8     0.343    -0.804     0.485
 8    -0.936    -0.338     0.102
 8     0.082    -0.489    -0.869
 9   122.957   -60.945    -3.453
 9     0.425     0.890     0.162
 9    -0.893     0.384     0.234
 9     0.146    -0.244     0.958
 2    96.857   -18.087    59.700
 2     0.108    -0.994     0.000
 2     0.993     0.108     0.033
 2    -0.034    -0.003     0.999
 3   124.801    -5.325    10.277
 3    -0.119     0.061    -0.991
 3    -0.043    -0.997    -0.056
 3    -0.992     0.036     0.121
 4   110.876     8.219   -14.213
 4     0.466    -0.749     0.471
 4     0.829     0.555     0.061
 4    -0.307     0.362     0.880
 5   113.867    34.858     3.673
 5     0.310     0.056     0.949
 5     0.791    -0.570    -0.224
 5     0.528     0.820    -0.221
 6   130.574    55.889    17.196
 6     0.375    -0.426    -0.823
 6     0.743     0.668    -0.007
 6     0.554    -0.609     0.567
 7   113.440   -21.207    -8.598
 7     0.492     0.797     0.349
 7    -0.869     0.428     0.248
 7     0.048    -0.426     0.903
 8   117.137   -45.895     9.153
 8     0.344    -0.807     0.479
 8    -0.936    -0.335     0.109
 8     0.072    -0.486    -0.871
 9   122.938   -60.826    -4.009
 9     0.425     0.889     0.169
 9    -0.895     0.385     0.227
 9     0.137    -0.248     0.959
 2    96.857   -18.087    59.700
 2     0.108    -0.994     0.000
 2     0.993     0.108     0.034
 2    -0.034    -0.003     0.999
 3   124.698    -5.296    10.167
 3    -0.121     0.062    -0.991
 3    -0.045    -0.997    -0.057
 3    -0.992     0.037     0.123
 4   110.715     8.357   -14.354
 4     0.465    -0.742     0.484
 4     0.825     0.561     0.067
 4    -0.321     0.367     0.873
 5   113.945    35.295     3.066
 5     0.320     0.055     0.945
 5     0.797    -0.555    -0.238
 5     0.512     0.830    -0.222
 6   131.133    56.407    15.968
 6     0.386    -0.410    -0.826
 6     0.751     0.660     0.024
 6     0.536    -0.630     0.562
 7   113.353   -21.009    -8.680
 7     0.492     0.794     0.355
 7    -0.869     0.429     0.245
 7     0.042    -0.430     0.902
 8   117.121   -45.773     8.927
 8     0.345    -0.810     0.474
 8    -0.936    -0.332     0.115
 8     0.063    -0.484    -0.873
 9   122.843   -60.656    -4.690
 9     0.425     0.887     0.177
 9    -0.896     0.385     0.221
 9     0.127    -0.253     0.959
 2    96.908   -18.087    59.700
 2     0.108    -0.994     0.000
 2     0.993     0.108     0.034
 2    -0.034    -0.004     0.999
 3   124.699    -5.132     9.945
 3    -0.123     0.063    -0.990
 3    -0.048    -0.997    -0.058
 3    -0.991     0.041     0.126
 4   110.595     8.349   -14.434
 4     0.463    -0.739     0.489
 4     0.823     0.563     0.072
 4    -0.329     0.369     0.869
 5   114.006    35.630     2.545
 5     0.325     0.070     0.943
 5     0.808    -0.538    -0.239
 5     0.491     0.840    -0.232
 6   131.134    56.927    15.035
 6     0.388    -0.415    -0.823
 6     0.761     0.647     0.033
 6     0.519    -0.640     0.567
 7   113.219   -20.860    -8.716
 7     0.493     0.792     0.360
 7    -0.869     0.431     0.242
 7     0.037    -0.433     0.901
 8   117.114   -45.673     8.761
 8     0.346    -0.811     0.471
 8    -0.936    -0.331     0.119
 8     0.059    -0.482    -0.874
 9   122.838   -60.608    -4.959
 9     0.424     0.887     0.181
 9    -0.897     0.384     0.218
 9     0.124    -0.255     0.959
 2    96.908   -18.036    59.700
 2     0.108    -0.994     0.000
 2     0.993     0.108     0.034
 2    -0.034    -0.004     0.999
 3   124.637    -4.947     9.798
 3    -0.128     0.065    -0.990
 3    -0.050    -0.997    -0.059
 3    -0.990     0.042     0.130
 4   110.205     8.388   -14.425
 4     0.453    -0.737     0.502
 4     0.823     0.562     0.082
 4    -0.343     0.375     0.861
 5   113.792    36.035     1.915
 5     0.329     0.095     0.939
 5     0.823    -0.516    -0.236
 5     0.462     0.851    -0.249
 6   130.800    57.895    13.649
 6     0.388    -0.433    -0.814
 6     0.779     0.625     0.039
 6     0.492    -0.649     0.580
 7   112.910   -20.747    -8.837
 7     0.494     0.784     0.376
 7    -0.869     0.436     0.234
 7     0.019    -0.442     0.896
 8   117.081   -45.733     8.181
 8     0.349    -0.817     0.458
 8    -0.936    -0.325     0.132
 8     0.041    -0.476    -0.879
 9   122.813   -60.542    -5.633
 9     0.424     0.885     0.191
 9    -0.899     0.385     0.210
 9     0.112    -0.261     0.959
 2    96.908   -18.087    59.700
 2     0.108    -0.994     0.000
 2     0.993     0.108     0.034
 2    -0.034    -0.004     0.999
 3   124.540    -4.765     9.398
 3    -0.141     0.068    -0.988
 3    -0.052    -0.997    -0.062
 3    -0.989     0.042     0.144
 4   109.643     8.453   -14.398
 4     0.445    -0.731     0.518
 4     0.822     0.562     0.086
 4    -0.355     0.387     0.851
 5   113.588    36.255     1.785
 5     0.333     0.108     0.936
 5     0.827    -0.511    -0.235
 5     0.453     0.853    -0.260
 6   130.561    58.368    12.975
 6     0.388    -0.444    -0.808
 6     0.787     0.615     0.040
 6     0.480    -0.651     0.588
 7   112.398   -20.535    -8.798
 7     0.494     0.774     0.396
 7    -0.869     0.440     0.224
 7    -0.001    -0.455     0.891
 8   116.971   -45.641     7.580
 8     0.354    -0.823     0.444
 8    -0.935    -0.323     0.148
 8     0.021    -0.468    -0.884
 9   122.842   -60.175    -6.760
 9     0.434     0.876     0.210
 9    -0.896     0.396     0.197
 9     0.089    -0.274     0.957
 2    96.908   -18.087    59.700
 2     0.108    -0.994     0.000
 2     0.993     0.108     0.033
 2    -0.034    -0.004     0.999
 3   124.339    -4.460     9.018
 3    -0.162     0.070    -0.984
 3    -0.048    -0.997    -0.063
 3    -0.986     0.036     0.165
 4   109.045     8.754   -14.393
 4     0.436    -0.725     0.533
 4     0.825     0.559     0.085
 4    -0.360     0.402     0.842
 5   113.253    36.472     1.780
 5     0.343     0.130     0.930
 5     0.829    -0.508    -0.234
 5     0.442     0.851    -0.282
 6   130.349    58.788    12.426
 6     0.393    -0.455    -0.799
 6     0.791     0.609     0.042
 6     0.468    -0.649     0.599
 7   111.691   -20.323    -8.887
 7     0.491     0.764     0.418
 7    -0.871     0.441     0.216
 7    -0.020    -0.470     0.882
 8   116.669   -45.420     7.131
 8     0.355    -0.834     0.422
 8    -0.935    -0.318     0.158
 8     0.002    -0.451    -0.892
 9   122.372   -60.246    -8.156
 9     0.431     0.869     0.242
 9    -0.900     0.395     0.185
 9     0.065    -0.297     0.953
 2    96.907   -18.087    59.700
 2     0.108    -0.994     0.000
 2     0.993     0.108     0.033
 2    -0.034    -0.003     0.999
 3   124.007    -4.380     8.613
 3    -0.183     0.068    -0.980
 3    -0.043    -0.997    -0.062
 3    -0.982     0.031     0.186
 4   108.227     8.919   -14.291
 4     0.427    -0.714     0.555
 4     0.823     0.560     0.086
 4    -0.373     0.420     0.827
 5   113.020    36.755     1.472
 5     0.360     0.154     0.920
 5     0.832    -0.499    -0.242
 5     0.422     0.853    -0.307
 6   130.257    59.325    11.378
 6     0.405    -0.471    -0.783
 6     0.798     0.600     0.052
 6     0.445    -0.647     0.619
 7   110.827   -20.091    -8.984
 7     0.484     0.752     0.447
 7    -0.874     0.441     0.204
 7    -0.044    -0.490     0.870
 8   116.217   -45.430     6.579
 8     0.351    -0.844     0.405
 8    -0.936    -0.309     0.167
 8    -0.016    -0.438    -0.899
 9   121.592   -60.262    -9.165
 9     0.424     0.865     0.266
 9    -0.904     0.389     0.175
 9     0.048    -0.316     0.948
 2    96.858   -18.087    59.700
 2     0.109    -0.994     0.000
 2     0.993     0.109     0.033
 2    -0.034    -0.003     0.999
 3   123.670    -4.265     8.101
 3    -0.208     0.064    -0.976
 3    -0.041    -0.997    -0.057
 3    -0.977     0.028     0.210
 4   107.269     9.052   -14.198
 4     0.418    -0.697     0.582
 4     0.819     0.566     0.089
 4    -0.392     0.440     0.808
 5   112.852    37.087     1.118
 5     0.377     0.183     0.908
 5     0.835    -0.490    -0.249
 5     0.399     0.852    -0.338
 6   130.356    59.835    10.035
 6     0.418    -0.491    -0.765
 6     0.807     0.587     0.064
 6     0.418    -0.644     0.641
 7   109.919   -19.983    -8.908
 7     0.479     0.736     0.477
 7    -0.875     0.442     0.197
 7    -0.066    -0.512     0.856
 8   115.732   -45.491     6.067
 8     0.350    -0.855     0.382
 8    -0.936    -0.302     0.180
 8    -0.039    -0.420    -0.906
 9   120.983   -60.329   -10.195
 9     0.421     0.858     0.293
 9    -0.906     0.388     0.166
 9     0.029    -0.336     0.941
 2    96.860   -18.086    59.697
 2     0.109    -0.994     0.000
 2     0.993     0.109     0.033
 2    -0.033    -0.003     0.999
 3   123.244    -4.300     7.578
 3    -0.233     0.060    -0.971
 3    -0.041    -0.998    -0.052
 3    -0.972     0.027     0.234
 4   106.446     8.986   -14.166
 4     0.409    -0.682     0.606
 4     0.816     0.570     0.090
 4    -0.407     0.457     0.790
 5   112.700    37.117     0.804
 5     0.398     0.207     0.893
 5     0.834    -0.486    -0.260
 5     0.380     0.849    -0.366
 6   130.431    59.892     9.048
 6     0.433    -0.504    -0.747
 6     0.808     0.584     0.074
 6     0.399    -0.636     0.660
 7   109.221   -19.904    -8.815
 7     0.475     0.719     0.507
 7    -0.875     0.448     0.185
 7    -0.094    -0.532     0.842
 8   115.357   -45.499     5.655
 8     0.351    -0.861     0.368
 8    -0.935    -0.299     0.191
 8    -0.054    -0.412    -0.910
 9   120.425   -60.241   -10.980
 9     0.421     0.852     0.311
 9    -0.907     0.391     0.157
 9     0.012    -0.348     0.937
 2    96.910   -18.086    59.697
 2     0.108    -0.994     0.000
 2     0.993     0.108     0.033
 2    -0.033    -0.003     0.999
 3   123.029    -4.234     7.086
 3    -0.254     0.060    -0.965
 3    -0.037    -0.998    -0.052
 3    -0.966     0.022     0.256
 4   105.898     9.212   -14.038
 4     0.399    -0.676     0.620
 4     0.820     0.565     0.089
 4    -0.411     0.473     0.780
 5   112.653    37.406     0.712
 5     0.411     0.229     0.882
 5     0.836    -0.481    -0.264
 5     0.364     0.846    -0.390
 6   130.510    60.232     8.310
 6     0.445    -0.514    -0.734
 6     0.810     0.580     0.084
 6     0.382    -0.632     0.674
 7   108.679   -19.695    -8.818
 7     0.474     0.706     0.526
 7    -0.873     0.456     0.175
 7    -0.117    -0.542     0.832
 8   115.115   -45.455     5.262
 8     0.346    -0.868     0.357
 8    -0.936    -0.292     0.197
 8    -0.066    -0.403    -0.913
 9   119.842   -60.353   -11.590
 9     0.409     0.852     0.325
 9    -0.912     0.380     0.152
 9     0.006    -0.359     0.933
 2    96.860   -18.086    59.697
 2     0.109    -0.994     0.000
 2     0.993     0.109     0.033
 2    -0.033    -0.003     0.999
 3   123.030    -4.105     6.834
 3    -0.265     0.060    -0.962
 3    -0.033    -0.998    -0.053
 3    -0.964     0.017     0.266
 4   105.512     9.404   -13.965
 4     0.394    -0.662     0.637
 4     0.817     0.570     0.088
 4    -0.422     0.486     0.765
 5   112.715    37.670     0.418
 5     0.420     0.239     0.875
 5     0.837    -0.474    -0.273
 5     0.350     0.847    -0.400
 6   130.735    60.622     7.375
 6     0.453    -0.522    -0.723
 6     0.814     0.572     0.096
 6     0.363    -0.632     0.684
 7   108.405   -19.502    -8.955
 7     0.473     0.698     0.537
 7    -0.871     0.461     0.168
 7    -0.130    -0.547     0.827
 8   115.022   -45.437     4.789
 8     0.343    -0.871     0.350
 8    -0.936    -0.286     0.204
 8    -0.077    -0.398    -0.914
 9   119.377   -60.361   -12.126
 9     0.404     0.852     0.331
 9    -0.915     0.377     0.146
 9    -0.001    -0.362     0.932
 2    96.908   -18.087    59.700
 2     0.109    -0.994     0.000
 2     0.993     0.108     0.033
 2    -0.034    -0.003     0.999
 3   122.902    -3.951     6.630
 3    -0.272     0.058    -0.960
 3    -0.029    -0.998    -0.052
 3    -0.962     0.013     0.273
 4   105.349     9.552   -13.906
 4     0.392    -0.656     0.645
 4     0.815     0.572     0.086
 4    -0.426     0.492     0.759
 5   112.821    37.839     0.358
 5     0.430     0.246     0.868
 5     0.835    -0.474    -0.279
 5     0.343     0.845    -0.409
 6   130.892    60.716     7.039
 6     0.461    -0.526    -0.715
 6     0.813     0.573     0.102
 6     0.356    -0.629     0.691
 7   108.333   -19.283    -9.022
 7     0.472     0.693     0.544
 7    -0.870     0.465     0.161
 7    -0.141    -0.550     0.823
 8   114.897   -45.293     4.397
 8     0.343    -0.874     0.345
 8    -0.935    -0.283     0.214
 8    -0.090    -0.396    -0.914
 9   119.282   -60.192   -12.731
 9     0.404     0.849     0.339
 9    -0.915     0.379     0.139
 9    -0.011    -0.366     0.930
 2    96.910   -18.086    59.697
 2     0.109    -0.994     0.000
 2     0.993     0.109     0.033
 2    -0.033    -0.003     0.999
 3   122.898    -3.872     6.501
 3    -0.278     0.057    -0.959
 3    -0.025    -0.998    -0.053
 3    -0.960     0.009     0.279
 4   105.213     9.575   -13.901
 4     0.390    -0.652     0.650
 4     0.815     0.573     0.086
 4    -0.429     0.496     0.755
 5   112.856    38.012     0.216
 5     0.433     0.253     0.865
 5     0.835    -0.472    -0.280
 5     0.338     0.844    -0.416
 6   131.051    60.787     6.751
 6     0.465    -0.531    -0.709
 6     0.813     0.572     0.105
 6     0.350    -0.625     0.697
 7   108.087   -19.115    -9.114
 7     0.470     0.688     0.552
 7    -0.869     0.469     0.156
 7    -0.152    -0.553     0.819
 8   114.842   -45.354     3.815
 8     0.341    -0.879     0.333
 8    -0.934    -0.276     0.227
 8    -0.107    -0.389    -0.915
 9   119.119   -60.030   -13.735
 9     0.403     0.842     0.359
 9    -0.915     0.384     0.127
 9    -0.031    -0.380     0.925
 2    96.910   -18.086    59.697
 2     0.109    -0.994     0.000
 2     0.993     0.109     0.033
 2    -0.033    -0.003     0.999
 3   122.808    -3.770     6.374
 3    -0.282     0.057    -0.958
 3    -0.023    -0.998    -0.053
 3    -0.959     0.007     0.283
 4   105.123     9.621   -13.989
 4     0.386    -0.651     0.653
 4     0.814     0.574     0.090
 4    -0.434     0.497     0.751
 5   112.774    38.050    -0.107
 5     0.438     0.260     0.860
 5     0.838    -0.465    -0.285
 5     0.326     0.846    -0.422
 6   131.030    60.907     6.317
 6     0.466    -0.534    -0.705
 6     0.816     0.568     0.109
 6     0.342    -0.626     0.700
 7   108.007   -18.966    -9.155
 7     0.470     0.687     0.554
 7    -0.869     0.470     0.154
 7    -0.155    -0.554     0.818
 8   114.729   -45.282     3.608
 8     0.341    -0.880     0.329
 8    -0.933    -0.274     0.232
 8    -0.114    -0.387    -0.915
 9   118.959   -59.985   -14.120
 9     0.400     0.839     0.368
 9    -0.916     0.382     0.124
 9    -0.037    -0.387     0.921
 2    96.910   -18.086    59.697
 2     0.109    -0.994     0.000
 2     0.993     0.109     0.033
 2    -0.033    -0.003     0.999
 3   122.815    -3.767     6.313
 3    -0.284     0.056    -0.957
 3    -0.023    -0.998    -0.052
 3    -0.958     0.007     0.285
 4   105.121     9.620   -13.986
 4     0.386    -0.651     0.653
 4     0.813     0.574     0.091
 4    -0.435     0.496     0.751
 5   112.846    38.118    -0.387
 5     0.438     0.270     0.857
 5     0.841    -0.459    -0.285
 5     0.316     0.846    -0.428
 6   130.945    61.128     5.645
 6     0.462    -0.540    -0.703
 6     0.823     0.556     0.114
 6     0.329    -0.632     0.701
 7   108.030   -18.942    -9.227
 7     0.468     0.687     0.556
 7    -0.870     0.469     0.152
 7    -0.156    -0.555     0.817
 8   114.910   -45.178     3.747
 8     0.330    -0.897     0.295
 8    -0.936    -0.270     0.227
 8    -0.124    -0.351    -0.928
 9   117.169   -62.872   -14.903
 9     0.361     0.754     0.549
 9    -0.931     0.322     0.170
 9    -0.048    -0.573     0.818
 2    96.910   -18.086    59.697
 2     0.108    -0.994     0.001
 2     0.993     0.108     0.033
 2    -0.033    -0.003     0.999
 3   122.765    -3.767     6.313
 3    -0.285     0.056    -0.957
 3    -0.023    -0.998    -0.051
 3    -0.958     0.007     0.285
 4   105.198     9.569   -14.061
 4     0.387    -0.652     0.651
 4     0.813     0.575     0.092
 4    -0.435     0.494     0.753
 5   112.974    38.119    -0.388
 5     0.439     0.267     0.858
 5     0.841    -0.458    -0.288
 5     0.317     0.848    -0.426
 6   131.070    61.077     5.522
 6     0.462    -0.537    -0.706
 6     0.824     0.554     0.118
 6     0.328    -0.636     0.698
 7   108.083   -18.966    -9.205
 7     0.468     0.687     0.556
 7    -0.870     0.469     0.153
 7    -0.155    -0.555     0.817
 8   115.324   -45.119     4.017
 8     0.325    -0.908     0.264
 8    -0.937    -0.272     0.220
 8    -0.128    -0.319    -0.939
 9   117.458   -64.472   -14.125
 9     0.356     0.647     0.674
 9    -0.933     0.288     0.217
 9    -0.054    -0.706     0.706
 2    96.910   -18.086    59.697
 2     0.108    -0.994     0.001
 2     0.993     0.108     0.033
 2    -0.033    -0.003     0.999
 3   122.811    -3.767     6.308
 3    -0.284     0.055    -0.957
 3    -0.024    -0.998    -0.050
 3    -0.958     0.009     0.285
 4   105.296     9.439   -14.154
 4     0.390    -0.652     0.650
 4     0.810     0.578     0.094
 4    -0.437     0.490     0.754
 5   113.087    38.063    -0.550
 5     0.440     0.266     0.857
 5     0.841    -0.455    -0.291
 5     0.312     0.849    -0.425
 6   131.186    61.169     4.639
 6     0.450    -0.581    -0.678
 6     0.836     0.541     0.091
 6     0.313    -0.608     0.729
 7   108.090   -19.065    -9.158
 7     0.468     0.684     0.559
 7    -0.870     0.467     0.158
 7    -0.153    -0.560     0.814
 8   115.862   -45.161     4.220
 8     0.311    -0.928     0.205
 8    -0.940    -0.268     0.212
 8    -0.142    -0.259    -0.955
 9   117.114   -68.283   -12.601
 9     0.310     0.410     0.857
 9    -0.947     0.211     0.242
 9    -0.082    -0.887     0.454
 2    96.910   -18.086    59.697
 2     0.109    -0.994     0.001
 2     0.993     0.108     0.033
 2    -0.033    -0.003     0.999
 3   122.846    -3.817     6.351
 3    -0.282     0.054    -0.958
 3    -0.028    -0.998    -0.049
 3    -0.959     0.013     0.283
 4   105.315     9.360   -14.220
 4     0.390    -0.652     0.650
 4     0.808     0.580     0.097
 4    -0.440     0.488     0.754
 5   113.165    37.928    -0.755
 5     0.442     0.273     0.854
 5     0.844    -0.449    -0.293
 5     0.303     0.851    -0.429
 6   130.888    61.638     3.676
 6     0.443    -0.680    -0.584
 6     0.845     0.534     0.020
 6     0.298    -0.502     0.811
 7   108.195   -19.239    -9.110
 7     0.470     0.680     0.562
 7    -0.869     0.467     0.162
 7    -0.152    -0.566     0.810
 8   116.363   -44.970     4.411
 8     0.304    -0.939     0.161
 8    -0.942    -0.270     0.201
 8    -0.145    -0.213    -0.966
 9   117.866   -69.081   -10.786
 9     0.300     0.248     0.921
 9    -0.951     0.158     0.267
 9    -0.079    -0.956     0.283
 2    96.907   -18.087    59.700
 2     0.108    -0.994     0.000
 2     0.993     0.108     0.033
 2    -0.034    -0.003     0.999
 3   122.838    -3.863     6.334
 3    -0.282     0.055    -0.958
 3    -0.032    -0.998    -0.048
 3    -0.959     0.017     0.283
 4   105.304     9.177   -14.256
 4     0.390    -0.651     0.651
 4     0.806     0.583     0.100
 4    -0.445     0.486     0.752
 5   113.301    37.740    -0.979
 5     0.444     0.292     0.847
 5     0.848    -0.443    -0.292
 5     0.289     0.848    -0.445
 6   130.492    61.902     2.886
 6     0.442    -0.797    -0.411
 6     0.851     0.517    -0.090
 6     0.284    -0.311     0.907
 7   108.226   -19.338    -9.064
 7     0.471     0.677     0.565
 7    -0.869     0.465     0.167
 7    -0.150    -0.570     0.808
 8   116.886   -45.008     4.679
 8     0.295    -0.948     0.119
