% Calibrated with leiden_pols
% Positions are in centimeters
Data =[
 2    96.870   -18.122    59.754
 2     0.031    -1.000    -0.003
 2     0.999     0.030     0.036
 2    -0.036    -0.004     0.999
 3   123.227    -2.925    10.253
 3    -0.176     0.046    -0.983
 3     0.141    -0.987    -0.071
 3    -0.974    -0.151     0.167
 4   112.867    15.062    -8.151
 4     0.514    -0.832     0.209
 4     0.848     0.456    -0.269
 4     0.129     0.315     0.940
 5   112.868    22.473    22.120
 5     0.226    -0.103     0.969
 5     0.112    -0.985    -0.130
 5     0.968     0.138    -0.212
 6   128.227    23.136    50.447
 6     0.139    -0.220    -0.965
 6     0.002     0.975    -0.222
 6     0.990     0.029     0.136
 7   114.999   -22.233    -8.073
 7     0.399     0.906     0.142
 7    -0.873     0.328     0.360
 7     0.279    -0.268     0.922
 8   115.113   -26.498    23.129
 8     0.295     0.121     0.947
 8    -0.088    -0.984     0.154
 8     0.951    -0.129    -0.280
 9   125.799   -24.356    42.985
 9     0.285     0.477    -0.831
 9     0.072     0.854     0.515
 9     0.956    -0.207     0.209
 2    96.820   -18.122    59.754
 2     0.030    -1.000    -0.003
 2     0.999     0.030     0.035
 2    -0.036    -0.004     0.999
 3   123.230    -2.875    10.254
 3    -0.176     0.047    -0.983
 3     0.142    -0.987    -0.072
 3    -0.974    -0.152     0.167
 4   112.916    15.110    -8.149
 4     0.520    -0.828     0.210
 4     0.844     0.461    -0.273
 4     0.128     0.319     0.939
 5   113.484    22.801    22.045
 5     0.246    -0.122     0.961
 5     0.117    -0.981    -0.155
 5     0.962     0.150    -0.227
 6   128.907    23.269    50.319
 6     0.149    -0.165    -0.975
 6     0.010     0.986    -0.165
 6     0.989     0.014     0.148
 7   115.051   -22.228    -8.075
 7     0.408     0.901     0.145
 7    -0.869     0.335     0.363
 7     0.279    -0.275     0.920
 8   115.675   -26.924    23.103
 8     0.313     0.134     0.940
 8    -0.099    -0.980     0.173
 8     0.944    -0.147    -0.294
 9   127.127   -24.515    41.510
 9     0.320     0.437    -0.841
 9     0.068     0.874     0.480
 9     0.945    -0.211     0.250
 2    96.820   -18.071    59.703
 2     0.030    -1.000    -0.003
 2     0.999     0.030     0.036
 2    -0.036    -0.004     0.999
 3   123.284    -2.874    10.129
 3    -0.177     0.047    -0.983
 3     0.143    -0.987    -0.073
 3    -0.974    -0.154     0.167
 4   112.993    15.107    -8.124
 4     0.529    -0.822     0.212
 4     0.839     0.469    -0.276
 4     0.128     0.323     0.937
 5   114.158    23.133    22.185
 5     0.270    -0.120     0.955
 5     0.130    -0.978    -0.160
 5     0.954     0.167    -0.248
 6   130.033    23.752    50.098
 6     0.165    -0.155    -0.974
 6     0.003     0.988    -0.156
 6     0.986     0.022     0.163
 7   115.095   -22.227    -8.118
 7     0.415     0.897     0.149
 7    -0.867     0.340     0.364
 7     0.276    -0.281     0.919
 8   116.322   -27.244    23.270
 8     0.345     0.120     0.931
 8    -0.111    -0.979     0.168
 8     0.932    -0.161    -0.325
 9   128.794   -25.129    41.087
 9     0.354     0.438    -0.826
 9     0.060     0.870     0.488
 9     0.933    -0.223     0.282
 2    96.821   -18.122    59.703
 2     0.031    -1.000    -0.003
 2     0.999     0.030     0.036
 2    -0.036    -0.004     0.999
 3   123.320    -2.849    10.132
 3    -0.175     0.048    -0.983
 3     0.145    -0.987    -0.074
 3    -0.974    -0.156     0.166
 4   113.084    15.100    -8.111
 4     0.541    -0.813     0.216
 4     0.832     0.479    -0.278
 4     0.123     0.330     0.936
 5   115.016    23.730    22.200
 5     0.300    -0.140     0.943
 5     0.141    -0.972    -0.189
 5     0.943     0.189    -0.272
 6   131.586    24.168    49.503
 6     0.196    -0.126    -0.972
 6     0.008     0.992    -0.127
 6     0.980     0.017     0.195
 7   115.092   -22.225    -8.112
 7     0.420     0.894     0.152
 7    -0.865     0.344     0.365
 7     0.274    -0.285     0.918
 8   117.292   -27.442    23.426
 8     0.386     0.102     0.917
 8    -0.125    -0.979     0.161
 8     0.914    -0.177    -0.365
 9   130.604   -26.115    39.871
 9     0.402     0.447    -0.799
 9     0.042     0.863     0.504
 9     0.914    -0.237     0.328
 2    96.820   -18.122    59.703
 2     0.030    -1.000    -0.003
 2     0.999     0.030     0.036
 2    -0.036    -0.004     0.999
 3   123.301    -2.849    10.135
 3    -0.174     0.047    -0.984
 3     0.146    -0.987    -0.073
 3    -0.974    -0.156     0.164
 4   113.015    15.038    -8.036
 4     0.551    -0.804     0.223
 4     0.827     0.489    -0.278
 4     0.114     0.337     0.934
 5   116.101    24.098    22.379
 5     0.339    -0.137     0.930
 5     0.155    -0.968    -0.199
 5     0.928     0.211    -0.307
 6   133.513    25.043    48.702
 6     0.237    -0.126    -0.963
 6     0.020     0.992    -0.125
 6     0.971     0.010     0.237
 7   115.087   -22.174    -8.155
 7     0.427     0.890     0.157
 7    -0.863     0.349     0.366
 7     0.271    -0.292     0.917
 8   118.375   -27.594    23.714
 8     0.442     0.082     0.893
 8    -0.140    -0.977     0.159
 8     0.886    -0.195    -0.420
 9   132.952   -26.919    38.595
 9     0.459     0.467    -0.756
 9     0.035     0.840     0.540
 9     0.888    -0.275     0.369
 2    96.821   -18.122    59.703
 2     0.031    -1.000    -0.003
 2     0.999     0.030     0.036
 2    -0.036    -0.004     0.999
 3   123.330    -2.874    10.035
 3    -0.173     0.047    -0.984
 3     0.146    -0.986    -0.073
 3    -0.974    -0.157     0.163
 4   113.055    15.073    -8.048
 4     0.561    -0.793     0.238
 4     0.822     0.499    -0.275
 4     0.099     0.349     0.932
 5   117.256    24.711    22.166
 5     0.380    -0.147     0.913
 5     0.166    -0.960    -0.223
 5     0.910     0.236    -0.341
 6   135.378    25.342    47.781
 6     0.283    -0.117    -0.952
 6     0.021     0.993    -0.116
 6     0.959     0.013     0.284
 7   115.082   -22.147    -8.150
 7     0.432     0.888     0.159
 7    -0.861     0.353     0.366
 7     0.269    -0.295     0.917
 8   119.354   -27.843    23.818
 8     0.489     0.066     0.870
 8    -0.149    -0.976     0.158
 8     0.859    -0.207    -0.468
 9   135.080   -27.268    36.947
 9     0.516     0.461    -0.722
 9     0.030     0.832     0.553
 9     0.856    -0.308     0.416
 2    96.771   -18.122    59.703
 2     0.031    -1.000    -0.003
 2     0.999     0.030     0.036
 2    -0.036    -0.004     0.999
 3   123.337    -2.875    10.036
 3    -0.170     0.048    -0.984
 3     0.146    -0.986    -0.073
 3    -0.974    -0.156     0.161
 4   113.112    15.053    -8.073
 4     0.573    -0.780     0.253
 4     0.815     0.512    -0.270
 4     0.080     0.360     0.929
 5   118.335    25.029    22.052
 5     0.413    -0.154     0.897
 5     0.173    -0.955    -0.243
 5     0.894     0.255    -0.368
 6   137.269    25.739    46.717
 6     0.332    -0.144    -0.932
 6     0.021     0.989    -0.145
 6     0.943     0.028     0.332
 7   115.131   -22.094    -8.173
 7     0.437     0.885     0.161
 7    -0.858     0.357     0.368
 7     0.268    -0.300     0.915
 8   120.309   -27.731    23.920
 8     0.529     0.042     0.848
 8    -0.156    -0.977     0.146
 8     0.834    -0.209    -0.510
 9   137.026   -27.537    35.177
 9     0.566     0.459    -0.685
 9     0.022     0.822     0.569
 9     0.824    -0.338     0.455
 2    96.820   -18.122    59.703
 2     0.030    -1.000    -0.003
 2     0.999     0.030     0.036
 2    -0.036    -0.004     0.999
 3   123.378    -2.879    10.022
 3    -0.169     0.048    -0.984
 3     0.145    -0.987    -0.073
 3    -0.975    -0.155     0.160
 4   113.205    15.164    -8.087
 4     0.585    -0.766     0.265
 4     0.808     0.524    -0.268
 4     0.066     0.371     0.926
 5   119.365    25.350    21.840
 5     0.441    -0.172     0.881
 5     0.173    -0.947    -0.271
 5     0.881     0.272    -0.388
 6   138.812    26.050    46.182
 6     0.366    -0.121    -0.923
 6     0.029     0.992    -0.119
 6     0.930     0.017     0.366
 7   115.132   -22.043    -8.173
 7     0.439     0.883     0.162
 7    -0.857     0.359     0.369
 7     0.268    -0.302     0.915
 8   121.201   -27.744    23.918
 8     0.561     0.030     0.827
 8    -0.160    -0.977     0.144
 8     0.812    -0.213    -0.544
 9   138.542   -27.442    33.800
 9     0.605     0.443    -0.662
 9     0.021     0.822     0.569
 9     0.796    -0.358     0.488
 2    96.820   -18.071    59.703
 2     0.030    -1.000    -0.003
 2     0.999     0.030     0.036
 2    -0.036    -0.004     0.999
 3   123.382    -2.879    10.024
 3    -0.168     0.047    -0.985
 3     0.145    -0.987    -0.072
 3    -0.975    -0.155     0.158
 4   113.345    15.146    -8.121
 4     0.599    -0.751     0.278
 4     0.799     0.539    -0.267
 4     0.050     0.382     0.923
 5   120.602    25.542    21.594
 5     0.472    -0.181     0.862
 5     0.176    -0.940    -0.294
 5     0.864     0.290    -0.412
 6   140.781    26.192    44.898
 6     0.419    -0.104    -0.902
 6     0.036     0.994    -0.098
 6     0.907     0.008     0.421
 7   115.076   -21.915    -8.267
 7     0.445     0.880     0.165
 7    -0.855     0.363     0.369
 7     0.265    -0.306     0.915
 8   122.034   -27.941    23.698
 8     0.593     0.020     0.805
 8    -0.169    -0.974     0.148
 8     0.787    -0.224    -0.575
 9   140.442   -27.378    31.772
 9     0.645     0.415    -0.641
 9     0.013     0.833     0.552
 9     0.763    -0.365     0.532
 2    96.770   -18.071    59.703
 2     0.030    -1.000    -0.003
 2     0.999     0.030     0.036
 2    -0.036    -0.004     0.999
 3   123.438    -2.858    10.066
 3    -0.163     0.047    -0.985
 3     0.145    -0.987    -0.072
 3    -0.976    -0.155     0.154
 4   113.302    15.179    -8.253
 4     0.608    -0.737     0.297
 4     0.793     0.548    -0.264
 4     0.032     0.396     0.917
 5   121.513    25.863    21.294
 5     0.501    -0.183     0.846
 5     0.181    -0.933    -0.310
 5     0.846     0.308    -0.435
 6   142.075    26.689    43.928
 6     0.475    -0.113    -0.873
 6     0.050     0.993    -0.101
 6     0.878     0.004     0.478
 7   115.065   -21.813    -8.305
 7     0.455     0.874     0.169
 7    -0.852     0.372     0.369
 7     0.260    -0.312     0.914
 8   122.858   -27.905    23.525
 8     0.619     0.021     0.785
 8    -0.171    -0.972     0.161
 8     0.766    -0.233    -0.598
 9   142.447   -26.401    29.029
 9     0.687     0.355    -0.634
 9     0.015     0.865     0.500
 9     0.726    -0.353     0.589
 2    96.770   -18.071    59.703
 2     0.030    -1.000    -0.003
 2     0.999     0.030     0.036
 2    -0.036    -0.004     0.999
 3   123.488    -2.807    10.040
 3    -0.162     0.048    -0.985
 3     0.144    -0.987    -0.072
 3    -0.976    -0.154     0.153
 4   113.202    15.159    -8.378
 4     0.613    -0.723     0.317
 4     0.789     0.556    -0.260
 4     0.011     0.409     0.912
 5   122.195    26.139    20.901
 5     0.524    -0.191     0.830
 5     0.185    -0.926    -0.329
 5     0.831     0.326    -0.450
 6   143.215    26.663    43.084
 6     0.510    -0.102    -0.854
 6     0.052     0.995    -0.088
 6     0.859    -0.000     0.512
 7   114.957   -21.686    -8.319
 7     0.463     0.869     0.172
 7    -0.848     0.379     0.370
 7     0.256    -0.318     0.913
 8   123.625   -28.099    23.291
 8     0.648     0.013     0.761
 8    -0.175    -0.970     0.166
 8     0.741    -0.240    -0.627
 9   143.926   -26.377    27.258
 9     0.715     0.322    -0.620
 9     0.014     0.880     0.474
 9     0.699    -0.349     0.625
 2    96.820   -18.071    59.703
 2     0.030    -1.000    -0.003
 2     0.999     0.030     0.036
 2    -0.036    -0.004     0.999
 3   123.491    -2.858     9.991
 3    -0.161     0.048    -0.986
 3     0.144    -0.987    -0.072
 3    -0.976    -0.154     0.152
 4   113.089    15.092    -8.489
 4     0.619    -0.712     0.332
 4     0.785     0.563    -0.256
 4    -0.005     0.419     0.908
 5   122.929    26.290    20.579
 5     0.546    -0.194     0.814
 5     0.189    -0.919    -0.346
 5     0.816     0.343    -0.465
 6   144.295    27.050    42.146
 6     0.536    -0.091    -0.839
 6     0.059     0.996    -0.070
 6     0.842    -0.012     0.539
 7   114.872   -21.685    -8.356
 7     0.472     0.863     0.178
 7    -0.845     0.385     0.371
 7     0.251    -0.325     0.911
 8   124.540   -28.111    23.177
 8     0.677     0.021     0.735
 8    -0.167    -0.969     0.183
 8     0.716    -0.247    -0.653
 9   145.882   -25.744    25.610
 9     0.746     0.276    -0.606
 9     0.024     0.897     0.440
 9     0.665    -0.343     0.663
 2    96.820   -18.071    59.703
 2     0.030    -1.000    -0.003
 2     0.999     0.030     0.036
 2    -0.036    -0.004     0.999
 3   123.438    -2.807     9.939
 3    -0.161     0.048    -0.986
 3     0.143    -0.987    -0.072
 3    -0.976    -0.153     0.152
 4   112.868    15.074    -8.568
 4     0.622    -0.700     0.350
 4     0.782     0.570    -0.251
 4    -0.024     0.430     0.902
 5   123.607    26.491    20.008
 5     0.568    -0.193     0.799
 5     0.196    -0.912    -0.360
 5     0.799     0.361    -0.481
 6   145.292    27.419    41.292
 6     0.556    -0.081    -0.827
 6     0.070     0.996    -0.050
 6     0.828    -0.031     0.559
 7   114.758   -21.686    -8.438
 7     0.483     0.856     0.184
 7    -0.841     0.395     0.370
 7     0.244    -0.334     0.910
 8   125.586   -28.130    22.759
 8     0.710     0.029     0.703
 8    -0.162    -0.965     0.203
 8     0.684    -0.259    -0.681
 9   147.861   -25.600    23.511
 9     0.778     0.242    -0.580
 9     0.024     0.911     0.412
 9     0.628    -0.334     0.703
 2    96.820   -18.122    59.703
 2     0.030    -1.000    -0.003
 2     0.999     0.030     0.036
 2    -0.036    -0.004     0.999
 3   123.426    -2.812     9.898
 3    -0.161     0.049    -0.986
 3     0.142    -0.987    -0.072
 3    -0.977    -0.152     0.152
 4   112.767    14.978    -8.693
 4     0.625    -0.686     0.371
 4     0.779     0.577    -0.247
 4    -0.045     0.443     0.895
 5   124.299    26.792    19.524
 5     0.592    -0.187     0.784
 5     0.205    -0.906    -0.371
 5     0.779     0.380    -0.498
 6   146.491    28.138    39.852
 6     0.583    -0.078    -0.809
 6     0.085     0.995    -0.034
 6     0.808    -0.049     0.587
 7   114.738   -21.584    -8.491
 7     0.498     0.846     0.189
 7    -0.835     0.409     0.369
 7     0.235    -0.342     0.910
 8   126.828   -28.074    22.169
 8     0.744     0.036     0.667
 8    -0.156    -0.962     0.225
 8     0.649    -0.272    -0.710
 9   149.776   -24.410    21.871
 9     0.803     0.199    -0.562
 9     0.029     0.929     0.369
 9     0.595    -0.313     0.740
 2    96.820   -18.071    59.703
 2     0.030    -0.999    -0.003
 2     0.999     0.030     0.036
 2    -0.036    -0.004     0.999
 3   123.369    -2.812     9.819
 3    -0.162     0.050    -0.985
 3     0.141    -0.987    -0.073
 3    -0.977    -0.151     0.153
 4   112.631    14.955    -8.859
 4     0.629    -0.669     0.395
 4     0.774     0.585    -0.242
 4    -0.070     0.458     0.886
 5   125.091    27.117    18.863
 5     0.616    -0.184     0.766
 5     0.213    -0.898    -0.386
 5     0.758     0.400    -0.514
 6   147.671    28.424    38.510
 6     0.608    -0.070    -0.791
 6     0.095     0.995    -0.015
 6     0.788    -0.066     0.611
 7   114.763   -21.561    -8.588
 7     0.511     0.837     0.194
 7    -0.829     0.422     0.366
 7     0.224    -0.349     0.910
 8   127.937   -28.040    21.676
 8     0.771     0.048     0.635
 8    -0.146    -0.957     0.250
 8     0.620    -0.286    -0.731
 9   151.502   -24.353    20.692
 9     0.818     0.172    -0.549
 9     0.024     0.943     0.331
 9     0.574    -0.284     0.767
 2    96.820   -18.071    59.703
 2     0.030    -1.000    -0.003
 2     0.999     0.030     0.036
 2    -0.036    -0.004     0.999
 3   123.410    -2.760     9.715
 3    -0.163     0.052    -0.985
 3     0.139    -0.987    -0.076
 3    -0.977    -0.150     0.154
 4   112.467    14.827    -9.044
 4     0.633    -0.650     0.420
 4     0.768     0.595    -0.236
 4    -0.097     0.472     0.876
 5   125.986    27.261    18.152
 5     0.642    -0.183     0.744
 5     0.215    -0.889    -0.404
 5     0.736     0.419    -0.531
 6   149.067    28.526    36.953
 6     0.637    -0.059    -0.768
 6     0.098     0.995     0.006
 6     0.764    -0.080     0.640
 7   114.697   -21.462    -8.670
 7     0.520     0.831     0.198
 7    -0.826     0.430     0.364
 7     0.217    -0.353     0.910
 8   128.897   -28.006    21.267
 8     0.797     0.050     0.602
 8    -0.138    -0.955     0.263
 8     0.588    -0.293    -0.754
 9   153.489   -23.874    18.460
 9     0.844     0.139    -0.518
 9     0.034     0.950     0.310
 9     0.535    -0.280     0.797
 2    96.820   -18.071    59.703
 2     0.030    -1.000    -0.003
 2     0.999     0.030     0.036
 2    -0.036    -0.004     0.999
 3   123.396    -2.684     9.634
 3    -0.164     0.054    -0.985
 3     0.136    -0.988    -0.077
 3    -0.977    -0.147     0.155
 4   112.410    14.727    -9.263
 4     0.638    -0.630     0.442
 4     0.760     0.606    -0.233
 4    -0.121     0.485     0.866
 5   126.830    27.404    17.467
 5     0.667    -0.183     0.722
 5     0.215    -0.880    -0.422
 5     0.713     0.437    -0.548
 6   150.321    28.553    35.609
 6     0.663    -0.047    -0.747
 6     0.097     0.995     0.023
 6     0.742    -0.088     0.665
 7   114.605   -21.414    -8.694
 7     0.528     0.823     0.206
 7    -0.823     0.437     0.363
 7     0.208    -0.362     0.908
 8   129.676   -27.948    20.639
 8     0.824     0.052     0.564
 8    -0.128    -0.953     0.275
 8     0.552    -0.299    -0.779
 9   155.214   -23.499    16.245
 9     0.870     0.104    -0.481
 9     0.049     0.953     0.297
 9     0.490    -0.282     0.825
 2    96.770   -18.071    59.754
 2     0.030    -1.000    -0.003
 2     0.999     0.030     0.036
 2    -0.036    -0.004     0.999
 3   123.329    -2.759     9.500
 3    -0.166     0.053    -0.985
 3     0.133    -0.988    -0.075
 3    -0.977    -0.144     0.157
 4   112.228    14.602    -9.430
 4     0.642    -0.611     0.463
 4     0.752     0.617    -0.230
 4    -0.145     0.496     0.856
 5   127.514    27.220    16.867
 5     0.690    -0.190     0.698
 5     0.208    -0.872    -0.442
 5     0.693     0.450    -0.563
 6   151.408    28.428    34.333
 6     0.686    -0.034    -0.726
 6     0.091     0.995     0.039
 6     0.721    -0.094     0.686
 7   114.313   -21.468    -8.616
 7     0.537     0.815     0.217
 7    -0.819     0.444     0.363
 7     0.199    -0.373     0.906
 8   130.635   -27.685    20.055
 8     0.848     0.057     0.526
 8    -0.114    -0.952     0.286
 8     0.517    -0.302    -0.801
 9   156.379   -22.963    14.594
 9     0.887     0.083    -0.454
 9     0.058     0.956     0.288
 9     0.458    -0.282     0.843
 2    96.820   -18.071    59.703
 2     0.030    -1.000    -0.003
 2     0.999     0.030     0.036
 2    -0.036    -0.004     0.999
 3   123.295    -2.759     9.385
 3    -0.170     0.052    -0.984
 3     0.127    -0.989    -0.074
 3    -0.977    -0.138     0.161
 4   111.945    14.451    -9.572
 4     0.645    -0.591     0.484
 4     0.745     0.627    -0.228
 4    -0.169     0.508     0.844
 5   128.244    27.059    16.296
 5     0.714    -0.193     0.673
 5     0.199    -0.865    -0.459
 5     0.671     0.462    -0.580
 6   152.447    27.972    33.001
 6     0.709    -0.020    -0.705
 6     0.080     0.995     0.053
 6     0.700    -0.094     0.707
 7   114.116   -21.421    -8.659
 7     0.547     0.805     0.228
 7    -0.815     0.452     0.362
 7     0.188    -0.384     0.904
 8   131.135   -27.575    19.653
 8     0.867     0.055     0.495
 8    -0.107    -0.950     0.292
 8     0.487    -0.306    -0.818
 9   157.543   -22.759    12.970
 9     0.903     0.065    -0.425
 9     0.063     0.957     0.282
 9     0.425    -0.282     0.860
 2    96.820   -18.071    59.703
 2     0.030    -1.000    -0.003
 2     0.999     0.030     0.036
 2    -0.036    -0.004     0.999
 3   123.182    -2.859     9.192
 3    -0.176     0.049    -0.983
 3     0.122    -0.990    -0.071
 3    -0.977    -0.133     0.168
 4   111.723    14.354    -9.622
 4     0.648    -0.574     0.501
 4     0.738     0.636    -0.226
 4    -0.189     0.516     0.835
 5   128.713    26.981    15.734
 5     0.732    -0.195     0.652
 5     0.193    -0.859    -0.474
 5     0.653     0.473    -0.592
 6   153.354    27.240    31.804
 6     0.727    -0.002    -0.686
 6     0.066     0.995     0.067
 6     0.683    -0.095     0.724
 7   113.926   -21.475    -8.736
 7     0.553     0.798     0.238
 7    -0.813     0.456     0.361
 7     0.180    -0.394     0.901
 8   131.762   -27.464    18.991
 8     0.883     0.056     0.466
 8    -0.099    -0.948     0.301
 8     0.458    -0.312    -0.832
 9   158.398   -22.500    11.578
 9     0.914     0.049    -0.401
 9     0.067     0.959     0.272
 9     0.398    -0.277     0.874
 2    96.820   -18.071    59.703
 2     0.030    -1.000    -0.003
 2     0.999     0.030     0.036
 2    -0.036    -0.004     0.999
 3   123.113    -2.880     9.043
 3    -0.180     0.046    -0.983
 3     0.118    -0.991    -0.068
 3    -0.976    -0.129     0.173
 4   111.585    14.236    -9.758
 4     0.648    -0.562     0.513
 4     0.733     0.642    -0.223
 4    -0.205     0.521     0.829
 5   129.042    26.782    15.309
 5     0.746    -0.196     0.636
 5     0.188    -0.855    -0.483
 5     0.638     0.480    -0.601
 6   153.894    26.947    30.944
 6     0.740     0.008    -0.673
 6     0.059     0.995     0.077
 6     0.670    -0.097     0.735
 7   113.729   -21.479    -8.704
 7     0.563     0.788     0.247
 7    -0.808     0.465     0.361
 7     0.169    -0.404     0.899
 8   132.368   -27.480    18.426
 8     0.897     0.053     0.437
 8    -0.094    -0.946     0.309
 8     0.430    -0.319    -0.844
 9   159.407   -22.264    10.204
 9     0.925     0.035    -0.378
 9     0.071     0.962     0.263
 9     0.373    -0.271     0.887
 2    96.820   -18.071    59.703
 2     0.030    -1.000    -0.003
 2     0.999     0.030     0.036
 2    -0.036    -0.004     0.999
 3   122.990    -2.930     8.931
 3    -0.184     0.043    -0.982
 3     0.115    -0.991    -0.066
 3    -0.976    -0.125     0.177
 4   111.378    13.994    -9.848
 4     0.649    -0.551     0.525
 4     0.729     0.648    -0.220
 4    -0.219     0.525     0.822
 5   129.406    26.638    14.949
 5     0.758    -0.197     0.621
 5     0.183    -0.851    -0.493
 5     0.626     0.487    -0.609
 6   154.484    26.448    30.011
 6     0.753     0.022    -0.658
 6     0.048     0.995     0.089
 6     0.656    -0.099     0.748
 7   113.625   -21.486    -8.764
 7     0.572     0.778     0.258
 7    -0.805     0.474     0.356
 7     0.155    -0.412     0.898
 8   132.899   -27.573    17.801
 8     0.910     0.058     0.409
 8    -0.087    -0.941     0.326
 8     0.404    -0.333    -0.852
 9   160.324   -22.314     8.339
 9     0.937     0.017    -0.349
 9     0.074     0.965     0.249
 9     0.341    -0.259     0.903
 2    96.820   -18.122    59.703
 2     0.030    -1.000    -0.003
 2     0.999     0.030     0.036
 2    -0.036    -0.004     0.999
 3   122.944    -2.980     8.797
 3    -0.188     0.043    -0.981
 3     0.112    -0.991    -0.066
 3    -0.976    -0.123     0.181
 4   111.161    13.927    -9.907
 4     0.646    -0.539     0.539
 4     0.725     0.653    -0.216
 4    -0.236     0.531     0.813
 5   129.755    26.539    14.404
 5     0.772    -0.195     0.604
 5     0.179    -0.846    -0.502
 5     0.609     0.496    -0.619
 6   155.090    26.150    29.013
 6     0.768     0.036    -0.640
 6     0.039     0.994     0.102
 6     0.639    -0.103     0.762
 7   113.560   -21.439    -8.769
 7     0.577     0.773     0.263
 7    -0.803     0.479     0.354
 7     0.148    -0.416     0.897
 8   133.308   -27.455    17.499
 8     0.918     0.060     0.392
 8    -0.082    -0.938     0.336
 8     0.388    -0.340    -0.856
 9   160.812   -21.890     7.764
 9     0.941     0.003    -0.339
 9     0.082     0.968     0.237
 9     0.328    -0.251     0.910
 2    96.820   -18.071    59.703
 2     0.030    -1.000    -0.003
 2     0.999     0.030     0.036
 2    -0.036    -0.004     0.999
 3   122.928    -2.980     8.739
 3    -0.189     0.045    -0.981
 3     0.109    -0.992    -0.066
 3    -0.976    -0.119     0.182
 4   110.984    13.779   -10.081
 4     0.644    -0.524     0.557
 4     0.720     0.660    -0.212
 4    -0.257     0.537     0.803
 5   130.309    26.534    13.680
 5     0.791    -0.188     0.582
 5     0.178    -0.839    -0.513
 5     0.585     0.510    -0.631
 6   155.883    25.901    27.575
 6     0.786     0.045    -0.616
 6     0.033     0.993     0.114
 6     0.617    -0.110     0.779
 7   113.446   -21.417    -8.850
 7     0.581     0.768     0.268
 7    -0.801     0.483     0.353
 7     0.141    -0.420     0.896
 8   133.661   -27.467    16.925
 8     0.926     0.059     0.372
 8    -0.078    -0.935     0.344
 8     0.369    -0.348    -0.862
 9   161.385   -21.854     6.549
 9     0.947    -0.009    -0.320
 9     0.085     0.970     0.226
 9     0.308    -0.242     0.920
 2    96.820   -18.071    59.703
 2     0.030    -1.000    -0.003
 2     0.999     0.030     0.036
 2    -0.036    -0.004     0.999
 3   122.855    -3.030     8.679
 3    -0.190     0.045    -0.981
 3     0.104    -0.992    -0.066
 3    -0.976    -0.114     0.184
 4   110.708    13.581   -10.229
 4     0.641    -0.510     0.573
 4     0.716     0.667    -0.206
 4    -0.278     0.542     0.793
 5   130.667    26.480    12.951
 5     0.808    -0.182     0.560
 5     0.177    -0.832    -0.525
 5     0.562     0.524    -0.640
 6   156.598    25.702    26.015
 6     0.804     0.052    -0.592
 6     0.030     0.991     0.128
 6     0.593    -0.121     0.796
 7   113.345   -21.372    -8.866
 7     0.589     0.760     0.276
 7    -0.798     0.491     0.349
 7     0.129    -0.426     0.895
 8   134.009   -27.430    16.511
 8     0.934     0.059     0.351
 8    -0.074    -0.932     0.354
 8     0.348    -0.357    -0.867
 9   161.992   -21.637     5.831
 9     0.952    -0.020    -0.305
 9     0.090     0.972     0.218
 9     0.292    -0.235     0.927
 2    96.820   -18.071    59.703
 2     0.030    -1.000    -0.003
 2     0.999     0.030     0.036
 2    -0.036    -0.004     0.999
 3   122.783    -2.978     8.596
 3    -0.192     0.046    -0.980
 3     0.099    -0.993    -0.067
 3    -0.976    -0.110     0.185
 4   110.468    13.388   -10.365
 4     0.636    -0.501     0.586
 4     0.713     0.671    -0.200
 4    -0.294     0.546     0.785
 5   130.894    26.409    12.351
 5     0.819    -0.177     0.545
 5     0.177    -0.827    -0.534
 5     0.545     0.534    -0.646
 6   157.012    25.434    24.954
 6     0.815     0.059    -0.576
 6     0.025     0.990     0.138
 6     0.578    -0.127     0.806
 7   113.229   -21.326    -8.868
 7     0.593     0.754     0.282
 7    -0.796     0.496     0.346
 7     0.121    -0.430     0.895
 8   134.301   -27.624    15.778
 8     0.943     0.052     0.327
 8    -0.074    -0.929     0.361
 8     0.323    -0.365    -0.873
 9   162.582   -21.578     4.525
 9     0.959    -0.031    -0.283
 9     0.093     0.973     0.208
 9     0.268    -0.227     0.936
 2    96.820   -18.122    59.754
 2     0.031    -1.000    -0.003
 2     0.999     0.031     0.036
 2    -0.036    -0.004     0.999
 3   122.705    -2.977     8.406
 3    -0.194     0.047    -0.980
 3     0.094    -0.993    -0.066
 3    -0.976    -0.105     0.189
 4   110.205    13.248   -10.503
 4     0.630    -0.494     0.598
 4     0.712     0.675    -0.193
 4    -0.309     0.547     0.778
 5   131.077    26.341    11.946
 5     0.829    -0.171     0.532
 5     0.177    -0.823    -0.540
 5     0.530     0.542    -0.652
 6   157.378    25.371    24.117
 6     0.825     0.063    -0.562
 6     0.024     0.989     0.146
 6     0.564    -0.135     0.814
 7   113.074   -21.284    -8.928
 7     0.599     0.745     0.292
 7    -0.793     0.504     0.341
 7     0.107    -0.436     0.893
 8   134.816   -27.386    15.251
 8     0.952     0.049     0.301
 8    -0.068    -0.927     0.368
 8     0.297    -0.371    -0.880
 9   163.032   -21.237     3.412
 9     0.964    -0.042    -0.263
 9     0.098     0.974     0.204
 9     0.248    -0.223     0.943
 2    96.821   -18.071    59.703
 2     0.031    -1.000    -0.003
 2     0.999     0.030     0.036
 2    -0.036    -0.004     0.999
 3   122.655    -3.026     8.295
 3    -0.196     0.045    -0.979
 3     0.089    -0.994    -0.064
 3    -0.976    -0.100     0.191
 4   109.835    13.053   -10.608
 4     0.624    -0.486     0.612
 4     0.710     0.680    -0.184
 4    -0.327     0.549     0.769
 5   131.377    26.234    11.073
 5     0.846    -0.160     0.509
 5     0.178    -0.815    -0.551
 5     0.503     0.556    -0.661
 6   157.854    25.355    22.766
 6     0.838     0.066    -0.541
 6     0.024     0.987     0.158
 6     0.544    -0.146     0.826
 7   112.790   -21.295    -8.953
 7     0.605     0.735     0.305
 7    -0.791     0.512     0.335
 7     0.090    -0.444     0.891
 8   135.123   -27.481    14.485
 8     0.961     0.040     0.272
 8    -0.067    -0.925     0.373
 8     0.266    -0.377    -0.887
 9   163.561   -21.336     1.844
 9     0.971    -0.051    -0.234
 9     0.099     0.974     0.200
 9     0.218    -0.218     0.951
 2    96.820   -18.122    59.754
 2     0.030    -1.000    -0.003
 2     0.999     0.030     0.036
 2    -0.036    -0.005     0.999
 3   122.520    -3.025     8.077
 3    -0.202     0.043    -0.978
 3     0.084    -0.995    -0.061
 3    -0.976    -0.094     0.197
 4   109.440    12.860   -10.743
 4     0.616    -0.477     0.627
 4     0.709     0.683    -0.178
 4    -0.344     0.554     0.758
 5   131.483    26.216    10.592
 5     0.854    -0.151     0.497
 5     0.180    -0.812    -0.556
 5     0.487     0.564    -0.666
 6   158.209    25.161    21.385
 6     0.851     0.069    -0.521
 6     0.022     0.985     0.167
 6     0.525    -0.154     0.837
 7   112.524   -21.232    -8.994
 7     0.612     0.723     0.321
 7    -0.788     0.521     0.329
 7     0.070    -0.454     0.888
 8   135.503   -27.450    13.746
 8     0.970     0.031     0.240
 8    -0.064    -0.923     0.378
 8     0.234    -0.382    -0.894
 9   164.064   -21.105     0.326
 9     0.977    -0.062    -0.205
 9     0.103     0.975     0.196
 9     0.188    -0.213     0.958
 2    96.820   -18.122    59.754
 2     0.030    -1.000    -0.003
 2     0.999     0.030     0.036
 2    -0.036    -0.005     0.999
 3   122.375    -2.968     7.827
 3    -0.207     0.042    -0.977
 3     0.079    -0.995    -0.060
 3    -0.975    -0.090     0.202
 4   109.156    12.721   -10.836
 4     0.609    -0.471     0.638
 4     0.708     0.685    -0.170
 4    -0.357     0.555     0.751
 5   131.433    26.273    10.067
 5     0.864    -0.141     0.484
 5     0.183    -0.807    -0.562
 5     0.469     0.574    -0.671
 6   158.516    25.018    20.330
 6     0.861     0.073    -0.503
 6     0.019     0.984     0.176
 6     0.507    -0.161     0.846
 7   112.326   -21.240    -9.034
 7     0.615     0.715     0.331
 7    -0.786     0.525     0.325
 7     0.058    -0.461     0.885
 8   135.792   -27.468    13.071
 8     0.976     0.020     0.215
 8    -0.065    -0.921     0.383
 8     0.206    -0.388    -0.898
 9   164.326   -21.431    -1.174
 9     0.982    -0.066    -0.178
 9     0.101     0.975     0.195
 9     0.161    -0.210     0.964
 2    96.820   -18.122    59.754
 2     0.031    -1.000    -0.003
 2     0.999     0.030     0.036
 2    -0.036    -0.004     0.999
 3   122.248    -3.039     7.622
 3    -0.212     0.037    -0.977
 3     0.073    -0.996    -0.054
 3    -0.974    -0.083     0.208
 4   108.850    12.557   -10.880
 4     0.603    -0.467     0.646
 4     0.707     0.688    -0.162
 4    -0.369     0.555     0.745
 5   131.607    26.304     9.418
 5     0.873    -0.130     0.469
 5     0.186    -0.801    -0.568
 5     0.450     0.584    -0.676
 6   158.726    25.055    19.143
 6     0.871     0.073    -0.485
 6     0.019     0.983     0.182
 6     0.490    -0.169     0.855
 7   112.119   -21.199    -9.036
 7     0.620     0.704     0.345
 7    -0.783     0.532     0.321
 7     0.042    -0.469     0.882
 8   136.124   -27.592    12.182
 8     0.982     0.003     0.187
 8    -0.071    -0.919     0.387
 8     0.173    -0.393    -0.903
 9   164.680   -21.557    -2.817
 9     0.986    -0.070    -0.148
 9     0.098     0.976     0.193
 9     0.130    -0.205     0.970
 2    96.821   -18.122    59.703
 2     0.031    -1.000    -0.003
 2     0.999     0.030     0.036
 2    -0.036    -0.005     0.999
 3   122.149    -3.089     7.459
 3    -0.215     0.034    -0.976
 3     0.069    -0.996    -0.050
 3    -0.974    -0.078     0.212
 4   108.695    12.368   -11.050
 4     0.598    -0.462     0.655
 4     0.705     0.692    -0.156
 4    -0.381     0.555     0.739
 5   131.601    26.189     9.101
 5     0.879    -0.125     0.459
 5     0.186    -0.798    -0.574
 5     0.438     0.589    -0.678
 6   158.924    24.996    18.469
 6     0.877     0.073    -0.475
 6     0.019     0.982     0.187
 6     0.479    -0.173     0.860
 7   111.913   -21.262    -8.987
 7     0.622     0.695     0.358
 7    -0.782     0.538     0.315
 7     0.026    -0.477     0.879
 8   136.301   -27.920    11.321
 8     0.987    -0.014     0.158
 8    -0.076    -0.915     0.396
 8     0.139    -0.403    -0.904
 9   165.071   -21.654    -4.172
 9     0.990    -0.072    -0.121
 9     0.094     0.977     0.188
 9     0.105    -0.198     0.974
 2    96.821   -18.122    59.754
 2     0.031    -1.000    -0.003
 2     0.999     0.030     0.036
 2    -0.036    -0.005     0.999
 3   122.075    -3.189     7.372
 3    -0.219     0.030    -0.975
 3     0.065    -0.997    -0.045
 3    -0.974    -0.073     0.216
 4   108.390    12.128   -11.145
 4     0.593    -0.457     0.663
 4     0.703     0.695    -0.150
 4    -0.393     0.555     0.733
 5   131.665    26.097     8.588
 5     0.886    -0.120     0.447
 5     0.186    -0.793    -0.580
 5     0.424     0.597    -0.681
 6   159.114    24.704    17.329
 6     0.886     0.076    -0.457
 6     0.017     0.980     0.196
 6     0.463    -0.182     0.867
 7   111.648   -21.326    -9.028
 7     0.626     0.683     0.374
 7    -0.779     0.546     0.308
 7     0.006    -0.485     0.874
 8   136.612   -28.050    10.229
 8     0.992    -0.032     0.121
 8    -0.079    -0.911     0.405
 8     0.097    -0.411    -0.906
 9   165.384   -21.914    -6.407
 9     0.994    -0.074    -0.082
 9     0.088     0.979     0.184
 9     0.067    -0.190     0.979
 2    96.821   -18.071    59.703
 2     0.031    -1.000    -0.003
 2     0.999     0.030     0.036
 2    -0.036    -0.005     0.999
 3   121.997    -3.182     7.169
 3    -0.224     0.027    -0.974
 3     0.058    -0.997    -0.041
 3    -0.973    -0.066     0.222
 4   108.159    11.939   -11.238
 4     0.587    -0.452     0.671
 4     0.700     0.699    -0.142
 4    -0.405     0.554     0.727
 5   131.709    25.983     8.094
 5     0.891    -0.114     0.438
 5     0.188    -0.788    -0.586
 5     0.412     0.604    -0.682
 6   159.213    24.618    16.430
 6     0.892     0.077    -0.444
 6     0.017     0.979     0.204
 6     0.451    -0.190     0.872
 7   111.366   -21.371    -9.020
 7     0.632     0.666     0.395
 7    -0.774     0.558     0.299
 7    -0.022    -0.495     0.868
 8   137.035   -28.388     9.001
 8     0.995    -0.054     0.079
 8    -0.083    -0.904     0.418
 8     0.049    -0.423    -0.905
 9   165.743   -22.309    -9.123
 9     0.996    -0.080    -0.032
 9     0.084     0.981     0.173
 9     0.018    -0.175     0.984
 2    96.820   -18.122    59.754
 2     0.030    -1.000    -0.003
 2     0.999     0.030     0.036
 2    -0.036    -0.004     0.999
 3   121.865    -3.249     6.909
 3    -0.232     0.020    -0.972
 3     0.055    -0.998    -0.034
 3    -0.971    -0.062     0.230
 4   107.991    11.856   -11.320
 4     0.584    -0.449     0.676
 4     0.699     0.701    -0.139
 4    -0.412     0.553     0.724
 5   131.739    25.923     7.815
 5     0.895    -0.109     0.432
 5     0.188    -0.786    -0.589
 5     0.404     0.608    -0.683
 6   159.245    24.510    15.872
 6     0.896     0.078    -0.436
 6     0.016     0.978     0.208
 6     0.443    -0.194     0.875
 7   111.164   -21.218    -9.089
 7     0.640     0.644     0.419
 7    -0.766     0.576     0.284
 7    -0.059    -0.503     0.862
 8   137.343   -28.715     7.037
 8     0.996    -0.085     0.023
 8    -0.087    -0.894     0.440
 8    -0.017    -0.440    -0.898
 9   166.036   -22.432   -12.101
 9     0.996    -0.087     0.024
 9     0.081     0.983     0.161
 9    -0.038    -0.158     0.986
 2    96.870   -18.122    59.754
 2     0.031    -1.000    -0.003
 2     0.999     0.030     0.036
 2    -0.036    -0.004     0.999
 3   121.811    -3.346     6.765
 3    -0.238     0.015    -0.971
 3     0.054    -0.998    -0.029
 3    -0.970    -0.060     0.236
 4   107.801    11.799   -11.329
 4     0.581    -0.447     0.680
 4     0.698     0.703    -0.135
 4    -0.418     0.553     0.720
 5   131.724    25.917     7.605
 5     0.898    -0.106     0.427
 5     0.188    -0.785    -0.591
 5     0.398     0.611    -0.685
 6   159.307    24.429    15.485
 6     0.899     0.079    -0.431
 6     0.015     0.977     0.212
 6     0.437    -0.197     0.877
 7   110.800   -21.075    -9.188
 7     0.641     0.623     0.447
 7    -0.760     0.594     0.263
 7    -0.102    -0.509     0.855
 8   137.620   -28.943     4.980
 8     0.992    -0.119    -0.035
 8    -0.090    -0.882     0.462
 8    -0.086    -0.455    -0.886
 9   166.058   -22.231   -15.569
 9     0.991    -0.097     0.089
 9     0.083     0.986     0.146
 9    -0.102    -0.137     0.985
 2    96.770   -18.071    59.703
 2     0.030    -1.000    -0.003
 2     0.999     0.030     0.036
 2    -0.036    -0.004     0.999
 3   121.744    -3.287     6.638
 3    -0.243     0.008    -0.970
 3     0.054    -0.998    -0.023
 3    -0.968    -0.058     0.242
 4   107.653    11.713   -11.405
 4     0.579    -0.442     0.685
 4     0.695     0.707    -0.132
 4    -0.427     0.552     0.716
 5   131.817    25.723     7.164
 5     0.904    -0.104     0.414
 5     0.185    -0.780    -0.598
 5     0.385     0.617    -0.686
 6   159.508    24.140    14.637
 6     0.905     0.083    -0.417
 6     0.011     0.975     0.220
 6     0.425    -0.204     0.881
 7   110.472   -20.851    -9.251
 7     0.641     0.605     0.472
 7    -0.755     0.609     0.244
 7    -0.140    -0.513     0.847
 8   137.767   -29.166     3.150
 8     0.985    -0.151    -0.084
 8    -0.093    -0.872     0.480
 8    -0.146    -0.465    -0.873
 9   165.808   -22.530   -18.427
 9     0.984    -0.099     0.143
 9     0.079     0.987     0.138
 9    -0.155    -0.125     0.980
 2    96.870   -18.122    59.754
 2     0.031    -1.000    -0.003
 2     0.999     0.030     0.036
 2    -0.036    -0.004     0.999
 3   121.688    -3.359     6.442
 3    -0.250     0.001    -0.968
 3     0.053    -0.998    -0.014
 3    -0.967    -0.055     0.249
 4   107.498    11.547   -11.499
 4     0.576    -0.432     0.694
 4     0.689     0.713    -0.129
 4    -0.439     0.553     0.708
 5   132.088    25.622     6.397
 5     0.914    -0.095     0.395
 5     0.182    -0.772    -0.608
 5     0.363     0.628    -0.688
 6   159.859    23.688    13.137
 6     0.915     0.091    -0.392
 6     0.003     0.972     0.233
 6     0.402    -0.214     0.890
 7   110.143   -20.772    -9.296
 7     0.639     0.591     0.491
 7    -0.750     0.619     0.232
 7    -0.167    -0.518     0.839
 8   137.795   -29.140     2.130
 8     0.979    -0.167    -0.112
