% Calibrated with leiden_pols
% Positions are in centimeters
Data =[
 2    97.448   -18.271    59.662
 2     0.625    -0.780     0.003
 2     0.780     0.625     0.034
 2    -0.028    -0.019     0.999
 3   124.287    -2.842     8.494
 3    -0.224     0.053    -0.973
 3     0.089    -0.993    -0.074
 3    -0.970    -0.103     0.217
 4   112.616    14.074    -9.633
 4     0.607    -0.660     0.443
 4     0.788     0.570    -0.230
 4    -0.101     0.489     0.866
 5   122.474    29.876    16.296
 5     0.547    -0.204     0.812
 5     0.321    -0.845    -0.428
 5     0.773     0.495    -0.396
 6   143.316    10.132    28.248
 6     0.452     0.510    -0.732
 6    -0.826     0.550    -0.126
 6     0.338     0.661     0.670
 7   115.197   -21.990    -8.140
 7     0.532     0.809     0.249
 7    -0.821     0.422     0.384
 7     0.206    -0.409     0.889
 8   124.595   -33.898    19.718
 8     0.636     0.341     0.691
 8    -0.190    -0.800     0.569
 8     0.748    -0.493    -0.444
 9   143.378   -23.131    20.695
 9     0.632    -0.533    -0.562
 9     0.746     0.613     0.258
 9     0.207    -0.582     0.786
 2    97.398   -18.296    59.662
 2     0.625    -0.780     0.003
 2     0.780     0.625     0.034
 2    -0.028    -0.019     0.999
 3   124.286    -2.842     8.443
 3    -0.224     0.052    -0.973
 3     0.089    -0.993    -0.073
 3    -0.970    -0.103     0.218
 4   112.406    14.034    -9.771
 4     0.608    -0.651     0.454
 4     0.785     0.577    -0.225
 4    -0.116     0.494     0.862
 5   122.826    30.098    15.936
 5     0.575    -0.181     0.798
 5     0.330    -0.841    -0.428
 5     0.749     0.509    -0.424
 6   144.275    10.364    26.002
 6     0.484     0.511    -0.710
 6    -0.832     0.520    -0.194
 6     0.270     0.684     0.677
 7   115.095   -21.968    -8.157
 7     0.529     0.809     0.254
 7    -0.823     0.418     0.384
 7     0.204    -0.413     0.888
 8   124.372   -33.317    20.143
 8     0.655     0.269     0.706
 8    -0.199    -0.840     0.504
 8     0.729    -0.471    -0.497
 9   144.297   -24.535    18.899
 9     0.688    -0.524    -0.503
 9     0.717     0.597     0.360
 9     0.111    -0.608     0.786
 2    97.448   -18.271    59.662
 2     0.625    -0.780     0.003
 2     0.780     0.625     0.034
 2    -0.028    -0.019     0.999
 3   124.286    -2.892     8.316
 3    -0.227     0.050    -0.973
 3     0.090    -0.993    -0.072
 3    -0.970    -0.104     0.220
 4   112.193    13.920    -9.734
 4     0.604    -0.645     0.468
 4     0.786     0.578    -0.218
 4    -0.131     0.500     0.856
 5   123.073    30.424    15.554
 5     0.598    -0.148     0.788
 5     0.345    -0.839    -0.420
 5     0.723     0.523    -0.451
 6   144.868    11.379    24.135
 6     0.531     0.478    -0.699
 6    -0.825     0.479    -0.299
 6     0.192     0.736     0.649
 7   114.910   -22.000    -8.236
 7     0.524     0.810     0.264
 7    -0.828     0.412     0.379
 7     0.198    -0.417     0.887
 8   123.977   -32.968    20.433
 8     0.673     0.168     0.720
 8    -0.220    -0.884     0.412
 8     0.706    -0.436    -0.558
 9   145.000   -27.006    16.954
 9     0.748    -0.505    -0.431
 9     0.664     0.551     0.505
 9    -0.018    -0.664     0.748
 2    97.398   -18.271    59.663
 2     0.625    -0.781     0.002
 2     0.780     0.625     0.034
 2    -0.028    -0.020     0.999
 3   124.293    -2.888     8.177
 3    -0.229     0.049    -0.972
 3     0.091    -0.993    -0.072
 3    -0.969    -0.105     0.223
 4   111.632    13.897    -9.655
 4     0.581    -0.642     0.500
 4     0.797     0.572    -0.192
 4    -0.163     0.510     0.844
 5   122.718    31.472    14.732
 5     0.624    -0.080     0.777
 5     0.389    -0.831    -0.398
 5     0.677     0.550    -0.488
 6   145.202    13.736    20.951
 6     0.595     0.454    -0.663
 6    -0.797     0.435    -0.418
 6     0.099     0.777     0.621
 7   114.822   -21.833    -8.260
 7     0.516     0.812     0.272
 7    -0.835     0.406     0.372
 7     0.191    -0.420     0.887
 8   123.749   -32.419    20.768
 8     0.691     0.056     0.720
 8    -0.249    -0.917     0.311
 8     0.678    -0.394    -0.620
 9   145.595   -29.043    15.284
 9     0.789    -0.500    -0.357
 9     0.597     0.488     0.637
 9    -0.144    -0.716     0.683
 2    97.398   -18.271    59.662
 2     0.625    -0.780     0.002
 2     0.780     0.625     0.034
 2    -0.028    -0.019     0.999
 3   124.317    -2.757     7.936
 3    -0.233     0.051    -0.971
 3     0.090    -0.993    -0.074
 3    -0.968    -0.105     0.227
 4   110.611    13.548    -9.552
 4     0.535    -0.632     0.561
 4     0.814     0.562    -0.143
 4    -0.226     0.533     0.815
 5   122.420    32.436    13.780
 5     0.650    -0.007     0.760
 5     0.436    -0.816    -0.380
 5     0.622     0.578    -0.527
 6   145.506    15.738    17.985
 6     0.646     0.451    -0.616
 6    -0.763     0.393    -0.513
 6     0.011     0.801     0.598
 7   114.799   -21.767    -8.300
 7     0.513     0.810     0.281
 7    -0.839     0.405     0.363
 7     0.180    -0.423     0.888
 8   124.173   -31.925    20.898
 8     0.713    -0.044     0.699
 8    -0.278    -0.934     0.224
 8     0.643    -0.355    -0.678
 9   146.017   -31.424    13.885
 9     0.814    -0.512    -0.274
 9     0.524     0.445     0.726
 9    -0.250    -0.735     0.631
 2    97.398   -18.296    59.663
 2     0.625    -0.781     0.002
 2     0.780     0.625     0.034
 2    -0.028    -0.020     0.999
 3   124.352    -2.458     7.198
 3    -0.251     0.065    -0.966
 3     0.083    -0.993    -0.088
 3    -0.964    -0.102     0.244
 4   109.655    13.237    -9.442
 4     0.491    -0.626     0.606
 4     0.827     0.552    -0.100
 4    -0.272     0.550     0.789
 5   121.984    33.390    12.554
 5     0.674     0.084     0.733
 5     0.490    -0.793    -0.360
 5     0.552     0.603    -0.576
 6   145.784    17.535    14.886
 6     0.690     0.466    -0.554
 6    -0.722     0.390    -0.571
 6    -0.051     0.794     0.605
 7   114.643   -21.433    -8.576
 7     0.517     0.802     0.297
 7    -0.842     0.414     0.345
 7     0.154    -0.429     0.890
 8   124.627   -31.107    20.995
 8     0.738    -0.155     0.656
 8    -0.315    -0.940     0.132
 8     0.596    -0.304    -0.743
 9   146.196   -33.955    11.685
 9     0.820    -0.549    -0.164
 9     0.433     0.406     0.805
 9    -0.375    -0.731     0.570
 2    97.398   -18.296    59.662
 2     0.625    -0.780     0.003
 2     0.780     0.625     0.034
 2    -0.028    -0.019     0.999
 3   124.286    -2.139     6.627
 3    -0.267     0.077    -0.961
 3     0.076    -0.992    -0.100
 3    -0.961    -0.100     0.259
 4   108.939    13.039    -9.598
 4     0.458    -0.623     0.635
 4     0.835     0.545    -0.068
 4    -0.303     0.562     0.770
 5   121.218    34.296    11.446
 5     0.672     0.137     0.727
 5     0.538    -0.766    -0.353
 5     0.509     0.628    -0.589
 6   145.984    20.436    13.028
 6     0.755     0.411    -0.510
 6    -0.650     0.371    -0.663
 6    -0.084     0.832     0.548
 7   114.356   -21.047    -8.613
 7     0.508     0.802     0.314
 7    -0.850     0.410     0.329
 7     0.135    -0.435     0.890
 8   124.751   -30.798    21.106
 8     0.747    -0.283     0.601
 8    -0.371    -0.928     0.024
 8     0.551    -0.241    -0.799
 9   145.593   -37.154    10.563
 9     0.810    -0.584    -0.038
 9     0.315     0.382     0.869
 9    -0.493    -0.716     0.494
 2    97.398   -18.271    59.663
 2     0.625    -0.781     0.002
 2     0.780     0.625     0.034
 2    -0.028    -0.020     0.999
 3   124.270    -1.821     6.284
 3    -0.280     0.085    -0.956
 3     0.068    -0.992    -0.108
 3    -0.958    -0.095     0.271
 4   108.212    12.769    -9.763
 4     0.425    -0.626     0.654
 4     0.843     0.536    -0.035
 4    -0.329     0.566     0.755
 5   120.102    35.033    10.456
 5     0.653     0.205     0.728
 5     0.596    -0.732    -0.329
 5     0.466     0.650    -0.601
 6   145.925    23.823    11.676
 6     0.829     0.352    -0.433
 6    -0.550     0.379    -0.744
 6    -0.098     0.855     0.508
 7   113.985   -20.939    -8.690
 7     0.492     0.804     0.333
 7    -0.862     0.397     0.316
 7     0.122    -0.443     0.888
 8   124.741   -29.973    21.387
 8     0.740    -0.419     0.526
 8    -0.434    -0.895    -0.103
 8     0.514    -0.152    -0.844
 9   143.817   -41.045    10.127
 9     0.779    -0.621     0.083
 9     0.161     0.326     0.931
 9    -0.606    -0.713     0.354
 2    97.395   -18.272    59.665
 2     0.625    -0.781     0.003
 2     0.780     0.625     0.034
 2    -0.029    -0.019     0.999
 3   124.091    -1.574     5.876
 3    -0.297     0.090    -0.950
 3     0.060    -0.992    -0.113
 3    -0.953    -0.091     0.289
 4   107.692    12.535    -9.679
 4     0.396    -0.635     0.663
 4     0.852     0.524    -0.007
 4    -0.343     0.567     0.748
 5   119.264    35.484     9.925
 5     0.633     0.240     0.736
 5     0.631    -0.710    -0.312
 5     0.448     0.662    -0.601
 6   145.718    26.213    11.456
 6     0.869     0.312    -0.383
 6    -0.485     0.387    -0.784
 6    -0.097     0.867     0.488
 7   113.694   -20.849    -8.708
 7     0.483     0.805     0.344
 7    -0.868     0.390     0.307
 7     0.113    -0.447     0.887
 8   124.801   -29.757    21.575
 8     0.709    -0.560     0.428
 8    -0.514    -0.827    -0.229
 8     0.482    -0.058    -0.874
 9   141.715   -44.634    10.759
 9     0.726    -0.660     0.193
 9    -0.005     0.275     0.961
 9    -0.687    -0.699     0.196
 2    97.398   -18.271    59.663
 2     0.625    -0.781     0.002
 2     0.780     0.625     0.034
 2    -0.028    -0.020     0.999
 3   124.037    -1.426     5.467
 3    -0.315     0.092    -0.944
 3     0.058    -0.991    -0.116
 3    -0.947    -0.092     0.307
 4   107.344    12.405    -9.738
 4     0.380    -0.642     0.666
 4     0.856     0.516     0.009
 4    -0.350     0.566     0.746
 5   118.514    35.715     9.684
 5     0.617     0.261     0.742
 5     0.651    -0.699    -0.295
 5     0.442     0.665    -0.601
 6   145.342    27.209    11.076
 6     0.883     0.302    -0.358
 6    -0.457     0.389    -0.800
 6    -0.103     0.870     0.482
 7   113.435   -20.562    -8.830
 7     0.477     0.802     0.358
 7    -0.874     0.389     0.292
 7     0.096    -0.452     0.887
 8   122.603   -29.359    19.539
 8     0.672    -0.668     0.320
 8    -0.584    -0.744    -0.325
 8     0.455     0.032    -0.890
 9   139.114   -46.985    11.715
 9     0.651    -0.706     0.280
 9    -0.146     0.246     0.958
 9    -0.745    -0.664     0.057
 2    97.398   -18.271    59.662
 2     0.625    -0.781     0.002
 2     0.780     0.625     0.034
 2    -0.028    -0.019     0.999
 3   124.029    -1.180     5.122
 3    -0.331     0.095    -0.939
 3     0.063    -0.990    -0.123
 3    -0.941    -0.100     0.322
 4   107.035    12.486    -9.667
 4     0.365    -0.647     0.669
 4     0.863     0.505     0.017
 4    -0.350     0.571     0.742
 5   118.074    36.011     9.547
 5     0.609     0.301     0.733
 5     0.670    -0.690    -0.273
 5     0.423     0.658    -0.623
 6   145.098    28.474     9.546
 6     0.895     0.326    -0.304
 6    -0.419     0.386    -0.821
 6    -0.151     0.863     0.483
 7   113.095   -20.232    -9.011
 7     0.460     0.804     0.375
 7    -0.885     0.380     0.270
 7     0.075    -0.457     0.886
 8   122.715   -29.634    19.225
 8     0.627    -0.750     0.209
 8    -0.655    -0.654    -0.380
 8     0.422     0.101    -0.901
 9   135.688   -48.826    12.012
 9     0.562    -0.743     0.363
 9    -0.237     0.276     0.932
 9    -0.792    -0.610    -0.021
 2    97.396   -18.272    59.666
 2     0.625    -0.781     0.002
 2     0.780     0.625     0.034
 2    -0.029    -0.020     0.999
 3   123.982    -0.988     4.808
 3    -0.345     0.099    -0.933
 3     0.065    -0.989    -0.129
 3    -0.936    -0.105     0.334
 4   106.605    12.482    -9.728
 4     0.348    -0.647     0.678
 4     0.866     0.499     0.030
 4    -0.358     0.577     0.734
 5   117.717    36.183     9.117
 5     0.603     0.316     0.732
 5     0.682    -0.680    -0.268
 5     0.413     0.661    -0.626
 6   144.789    30.909     8.627
 6     0.925     0.289    -0.244
 6    -0.344     0.375    -0.861
 6    -0.158     0.881     0.446
 7   112.540   -19.977    -9.122
 7     0.441     0.805     0.397
 7    -0.896     0.366     0.252
 7     0.057    -0.467     0.882
 8   122.450   -30.113    18.888
 8     0.593    -0.794     0.135
 8    -0.703    -0.592    -0.394
 8     0.392     0.138    -0.909
 9   133.140   -49.722    12.004
 9     0.500    -0.767     0.401
 9    -0.276     0.298     0.913
 9    -0.821    -0.568    -0.063
 2    97.398   -18.271    59.662
 2     0.625    -0.780     0.002
 2     0.780     0.625     0.034
 2    -0.028    -0.019     0.999
 3   123.809    -0.801     4.606
 3    -0.354     0.102    -0.930
 3     0.061    -0.989    -0.132
 3    -0.933    -0.104     0.344
 4   106.141    12.297    -9.924
 4     0.329    -0.651     0.684
 4     0.868     0.493     0.051
 4    -0.371     0.577     0.727
 5   116.746    36.639     8.433
 5     0.581     0.348     0.736
 5     0.708    -0.661    -0.247
 5     0.401     0.664    -0.630
 6   144.468    32.582     8.005
 6     0.946     0.258    -0.196
 6    -0.281     0.352    -0.893
 6    -0.161     0.900     0.405
 7   112.128   -19.811    -9.062
 7     0.431     0.802     0.412
 7    -0.901     0.359     0.245
 7     0.048    -0.477     0.877
 8   122.240   -30.341    18.758
 8     0.564    -0.822     0.077
 8    -0.736    -0.544    -0.404
 8     0.374     0.171    -0.912
 9   130.779   -49.820    12.429
 9     0.445    -0.790     0.422
 9    -0.300     0.312     0.901
 9    -0.844    -0.528    -0.098
 2    97.398   -18.271    59.662
 2     0.625    -0.780     0.002
 2     0.780     0.625     0.034
 2    -0.028    -0.019     0.999
 3   123.644    -0.609     4.338
 3    -0.367     0.105    -0.924
 3     0.057    -0.989    -0.135
 3    -0.928    -0.102     0.357
 4   105.754    12.222    -9.973
 4     0.315    -0.654     0.687
 4     0.872     0.484     0.061
 4    -0.373     0.580     0.724
 5   116.211    36.672     8.302
 5     0.565     0.365     0.739
 5     0.721    -0.654    -0.228
 5     0.400     0.662    -0.633
 6   144.163    33.546     8.287
 6     0.959     0.231    -0.162
 6    -0.237     0.347    -0.907
 6    -0.153     0.909     0.387
 7   111.714   -19.745    -9.100
 7     0.423     0.798     0.429
 7    -0.905     0.353     0.238
 7     0.038    -0.489     0.871
 8   122.222   -30.487    18.452
 8     0.545    -0.838     0.024
 8    -0.760    -0.507    -0.406
 8     0.353     0.203    -0.913
 9   128.851   -49.807    12.430
 9     0.389    -0.825     0.408
 9    -0.310     0.300     0.902
 9    -0.867    -0.478    -0.139
 2    97.398   -18.271    59.663
 2     0.625    -0.780     0.002
 2     0.780     0.625     0.034
 2    -0.028    -0.020     0.999
 3   123.486    -0.548     4.134
 3    -0.378     0.106    -0.920
 3     0.057    -0.989    -0.137
 3    -0.924    -0.104     0.367
 4   105.582    12.252    -9.934
 4     0.312    -0.654     0.689
 4     0.875     0.479     0.059
 4    -0.370     0.584     0.722
 5   115.645    36.687     8.394
 5     0.551     0.360     0.753
 5     0.725    -0.653    -0.218
 5     0.413     0.666    -0.621
 6   143.566    34.769     8.935
 6     0.970     0.200    -0.134
 6    -0.200     0.360    -0.911
 6    -0.134     0.911     0.390
 7   111.287   -19.433    -9.145
 7     0.413     0.794     0.446
 7    -0.911     0.348     0.224
 7     0.022    -0.499     0.866
 8   121.935   -30.749    18.265
 8     0.528    -0.849    -0.005
 8    -0.780    -0.482    -0.399
 8     0.337     0.214    -0.917
 9   127.151   -49.763    11.861
 9     0.349    -0.851     0.391
 9    -0.303     0.292     0.907
 9    -0.886    -0.436    -0.156
 2    97.398   -18.271    59.663
 2     0.625    -0.780     0.002
 2     0.780     0.625     0.034
 2    -0.028    -0.020     0.999
 3   123.311    -0.358     3.873
 3    -0.391     0.106    -0.914
 3     0.059    -0.988    -0.139
 3    -0.919    -0.108     0.380
 4   105.235    12.360    -9.874
 4     0.302    -0.656     0.692
 4     0.880     0.470     0.061
 4    -0.366     0.590     0.719
 5   115.202    36.748     8.550
 5     0.541     0.372     0.754
 5     0.729    -0.654    -0.201
 5     0.418     0.659    -0.625
 6   143.182    36.130     9.159
 6     0.978     0.180    -0.099
 6    -0.156     0.334    -0.930
 6    -0.135     0.925     0.355
 7   110.792   -19.247    -9.092
 7     0.398     0.790     0.466
 7    -0.917     0.339     0.209
 7     0.008    -0.511     0.859
 8   121.791   -30.864    18.078
 8     0.514    -0.856    -0.050
 8    -0.797    -0.456    -0.396
 8     0.316     0.243    -0.917
 9   125.488   -49.440    11.599
 9     0.292    -0.887     0.357
 9    -0.302     0.269     0.914
 9    -0.907    -0.376    -0.189
 2    97.396   -18.272    59.666
 2     0.625    -0.780     0.003
 2     0.780     0.625     0.034
 2    -0.029    -0.020     0.999
 3   123.154    -0.292     3.527
 3    -0.403     0.104    -0.909
 3     0.056    -0.989    -0.138
 3    -0.913    -0.107     0.393
 4   105.019    12.307    -9.943
 4     0.293    -0.655     0.696
 4     0.881     0.467     0.068
 4    -0.370     0.594     0.714
 5   114.768    36.801     8.426
 5     0.532     0.381     0.756
 5     0.737    -0.648    -0.193
 5     0.416     0.660    -0.626
 6   142.740    36.811     9.090
 6     0.984     0.160    -0.075
 6    -0.125     0.330    -0.936
 6    -0.125     0.930     0.345
 7   110.309   -19.209    -9.006
 7     0.382     0.787     0.483
 7    -0.924     0.325     0.200
 7     0.000    -0.523     0.852
 8   121.578   -30.884    17.995
 8     0.504    -0.860    -0.078
 8    -0.807    -0.437    -0.397
 8     0.308     0.262    -0.914
 9   124.233   -49.177    11.530
 9     0.261    -0.905     0.337
 9    -0.303     0.255     0.918
 9    -0.917    -0.342    -0.207
 2    97.395   -18.272    59.665
 2     0.625    -0.781     0.003
 2     0.780     0.625     0.034
 2    -0.029    -0.019     0.999
 3   123.030    -0.386     3.377
 3    -0.411     0.101    -0.906
 3     0.052    -0.990    -0.135
 3    -0.910    -0.103     0.402
 4   104.725    12.074   -10.051
 4     0.284    -0.658     0.697
 4     0.881     0.465     0.080
 4    -0.377     0.592     0.712
 5   114.246    36.875     8.211
 5     0.523     0.394     0.756
 5     0.747    -0.639    -0.184
 5     0.410     0.661    -0.629
 6   142.375    37.404     8.846
 6     0.987     0.150    -0.051
 6    -0.098     0.323    -0.941
 6    -0.125     0.934     0.333
 7   109.953   -19.168    -8.874
 7     0.370     0.785     0.497
 7    -0.929     0.316     0.192
 7    -0.007    -0.533     0.846
 8   121.386   -31.185    17.915
 8     0.490    -0.865    -0.104
 8    -0.819    -0.416    -0.396
 8     0.299     0.279    -0.912
 9   123.092   -49.062    11.550
 9     0.229    -0.916     0.329
 9    -0.306     0.253     0.918
 9    -0.924    -0.310    -0.222
 2    97.396   -18.272    59.666
 2     0.625    -0.781     0.003
 2     0.780     0.625     0.034
 2    -0.029    -0.020     0.999
 3   122.954    -0.327     3.251
 3    -0.419     0.100    -0.903
 3     0.047    -0.990    -0.132
 3    -0.907    -0.098     0.410
 4   104.590    11.946   -10.095
 4     0.278    -0.660     0.698
 4     0.882     0.463     0.086
 4    -0.380     0.592     0.711
 5   113.876    36.852     8.090
 5     0.511     0.414     0.753
 5     0.758    -0.631    -0.168
 5     0.405     0.656    -0.636
 6   141.964    38.482     8.560
 6     0.990     0.140    -0.008
 6    -0.052     0.314    -0.948
 6    -0.131     0.939     0.318
 7   109.775   -19.076    -8.853
 7     0.355     0.785     0.507
 7    -0.935     0.305     0.183
 7    -0.011    -0.539     0.842
 8   121.066   -31.153    17.841
 8     0.469    -0.873    -0.133
 8    -0.832    -0.386    -0.400
 8     0.298     0.298    -0.907
 9   121.901   -48.721    11.522
 9     0.197    -0.926     0.321
 9    -0.306     0.253     0.917
 9    -0.931    -0.279    -0.234
 2    97.398   -18.271    59.663
 2     0.625    -0.781     0.002
 2     0.780     0.625     0.034
 2    -0.028    -0.020     0.999
 3   122.905    -0.373     3.159
 3    -0.424     0.096    -0.901
 3     0.045    -0.991    -0.127
 3    -0.905    -0.094     0.415
 4   104.484    11.871   -10.195
 4     0.270    -0.664     0.697
 4     0.884     0.458     0.093
 4    -0.381     0.591     0.710
 5   113.402    36.884     7.957
 5     0.498     0.420     0.758
 5     0.766    -0.624    -0.157
 5     0.407     0.659    -0.632
 6   141.522    39.182     8.760
 6     0.992     0.125     0.012
 6    -0.028     0.318    -0.947
 6    -0.123     0.939     0.319
 7   109.455   -19.057    -8.896
 7     0.341     0.787     0.514
 7    -0.940     0.292     0.176
 7    -0.011    -0.543     0.839
 8   120.599   -31.164    17.949
 8     0.451    -0.880    -0.145
 8    -0.840    -0.365    -0.401
 8     0.300     0.303    -0.904
 9   120.743   -48.462    11.549
 9     0.178    -0.930     0.321
 9    -0.298     0.260     0.918
 9    -0.938    -0.259    -0.230
 2    97.395   -18.272    59.665
 2     0.625    -0.781     0.003
 2     0.780     0.625     0.034
 2    -0.029    -0.019     0.999
 3   122.859    -0.368     3.018
 3    -0.428     0.095    -0.899
 3     0.043    -0.991    -0.126
 3    -0.903    -0.093     0.420
 4   104.410    11.823   -10.199
 4     0.266    -0.666     0.697
 4     0.886     0.454     0.095
 4    -0.380     0.592     0.710
 5   113.150    36.820     8.107
 5     0.489     0.421     0.764
 5     0.767    -0.625    -0.146
 5     0.416     0.657    -0.628
 6   141.257    39.627     9.086
 6     0.993     0.112     0.028
 6    -0.009     0.317    -0.948
 6    -0.115     0.942     0.316
 7   109.322   -19.012    -8.928
 7     0.336     0.786     0.519
 7    -0.942     0.290     0.171
 7    -0.016    -0.546     0.837
 8   120.317   -31.299    17.810
 8     0.443    -0.884    -0.151
 8    -0.846    -0.357    -0.397
 8     0.297     0.303    -0.905
 9   120.280   -48.473    11.258
 9     0.170    -0.932     0.320
 9    -0.290     0.263     0.920
 9    -0.942    -0.250    -0.226
 2    97.396   -18.272    59.666
 2     0.625    -0.781     0.002
 2     0.780     0.625     0.034
 2    -0.029    -0.020     0.999
 3   122.819    -0.440     2.956
 3    -0.431     0.095    -0.897
 3     0.044    -0.991    -0.126
 3    -0.901    -0.094     0.423
 4   104.187    11.775   -10.156
 4     0.261    -0.667     0.698
 4     0.888     0.449     0.097
 4    -0.378     0.594     0.709
 5   112.945    36.770     8.131
 5     0.486     0.428     0.762
 5     0.769    -0.624    -0.140
 5     0.415     0.654    -0.632
 6   140.936    40.086     9.015
 6     0.992     0.111     0.047
 6     0.010     0.312    -0.950
 6    -0.120     0.943     0.309
 7   109.215   -18.889    -8.991
 7     0.335     0.784     0.522
 7    -0.942     0.291     0.168
 7    -0.020    -0.549     0.836
 8   120.112   -31.357    17.793
 8     0.436    -0.887    -0.153
 8    -0.850    -0.350    -0.394
 8     0.295     0.302    -0.906
 9   120.077   -48.527    11.066
 9     0.167    -0.932     0.321
 9    -0.288     0.265     0.920
 9    -0.943    -0.246    -0.224
 2    97.398   -18.271    59.663
 2     0.625    -0.780     0.002
 2     0.780     0.625     0.034
 2    -0.028    -0.020     0.999
 3   122.692    -0.389     2.956
 3    -0.433     0.096    -0.896
 3     0.043    -0.991    -0.128
 3    -0.901    -0.094     0.424
 4   104.080    11.825   -10.202
 4     0.258    -0.667     0.699
 4     0.888     0.448     0.099
 4    -0.380     0.596     0.708
 5   112.783    36.770     8.108
 5     0.484     0.438     0.757
 5     0.771    -0.622    -0.133
 5     0.412     0.648    -0.640
 6   140.789    40.390     8.845
 6     0.992     0.113     0.059
 6     0.022     0.306    -0.952
 6    -0.126     0.945     0.301
 7   109.142   -18.889    -8.990
 7     0.333     0.783     0.525
 7    -0.943     0.288     0.167
 7    -0.020    -0.551     0.834
 8   119.967   -31.358    17.789
 8     0.430    -0.890    -0.153
 8    -0.852    -0.344    -0.394
 8     0.297     0.300    -0.906
 9   119.903   -48.528    11.067
 9     0.167    -0.932     0.323
 9    -0.289     0.266     0.919
 9    -0.943    -0.247    -0.225
 2    97.398   -18.271    59.663
 2     0.625    -0.780     0.002
 2     0.780     0.625     0.034
 2    -0.028    -0.020     0.999
 3   122.751    -0.308     2.844
 3    -0.435     0.098    -0.895
 3     0.043    -0.991    -0.130
 3    -0.899    -0.095     0.427
 4   104.006    11.775   -10.206
 4     0.256    -0.667     0.700
 4     0.889     0.446     0.099
 4    -0.379     0.596     0.707
 5   112.670    36.773     8.124
 5     0.482     0.433     0.761
 5     0.771    -0.623    -0.134
 5     0.416     0.651    -0.635
 6   140.747    40.342     8.863
 6     0.992     0.110     0.059
 6     0.022     0.307    -0.951
 6    -0.123     0.945     0.302
 7   109.093   -18.890    -8.988
 7     0.331     0.783     0.526
 7    -0.943     0.287     0.167
 7    -0.020    -0.552     0.833
 8   119.802   -31.305    17.803
 8     0.427    -0.891    -0.152
 8    -0.853    -0.340    -0.396
 8     0.301     0.299    -0.905
 9   119.768   -48.573    11.181
 9     0.167    -0.932     0.321
 9    -0.293     0.264     0.919
 9    -0.941    -0.248    -0.229
 2    97.398   -18.271    59.663
 2     0.625    -0.780     0.002
 2     0.780     0.625     0.034
 2    -0.028    -0.020     0.999
 3   122.651    -0.359     2.818
 3    -0.436     0.098    -0.894
 3     0.043    -0.990    -0.130
 3    -0.899    -0.095     0.428
 4   103.958    11.777   -10.209
 4     0.255    -0.668     0.699
 4     0.890     0.445     0.100
 4    -0.378     0.597     0.708
 5   112.617    36.772     8.128
 5     0.482     0.433     0.761
 5     0.771    -0.623    -0.135
 5     0.415     0.652    -0.635
 6   140.674    40.393     8.911
 6     0.992     0.109     0.059
 6     0.023     0.308    -0.951
 6    -0.122     0.945     0.303
 7   109.095   -18.889    -8.992
 7     0.331     0.783     0.526
 7    -0.943     0.286     0.168
 7    -0.019    -0.552     0.833
 8   119.813   -31.250    17.944
 8     0.426    -0.892    -0.151
 8    -0.851    -0.339    -0.400
 8     0.305     0.299    -0.904
 9   119.780   -48.569    11.303
 9     0.168    -0.933     0.318
 9    -0.298     0.259     0.918
 9    -0.940    -0.249    -0.234
 2    97.395   -18.272    59.665
 2     0.625    -0.781     0.003
 2     0.780     0.625     0.034
 2    -0.029    -0.019     0.999
 3   122.649    -0.359     2.818
 3    -0.437     0.099    -0.894
 3     0.042    -0.991    -0.130
 3    -0.899    -0.095     0.428
 4   103.953    11.724   -10.229
 4     0.254    -0.668     0.699
 4     0.889     0.445     0.102
 4    -0.380     0.596     0.707
 5   112.567    36.772     8.102
 5     0.482     0.433     0.761
 5     0.771    -0.622    -0.135
 5     0.415     0.652    -0.635
 6   140.675    40.496     8.908
 6     0.992     0.108     0.061
 6     0.025     0.309    -0.951
 6    -0.121     0.945     0.304
 7   109.099   -18.887    -8.998
 7     0.332     0.782     0.526
 7    -0.943     0.285     0.170
 7    -0.017    -0.553     0.833
 8   119.818   -31.222    17.938
 8     0.427    -0.892    -0.151
 8    -0.851    -0.339    -0.401
 8     0.307     0.299    -0.903
 9   119.892   -48.513    11.425
 9     0.168    -0.934     0.313
 9    -0.301     0.254     0.919
 9    -0.939    -0.249    -0.238
 2    97.398   -18.271    59.662
 2     0.625    -0.780     0.002
 2     0.780     0.625     0.034
 2    -0.028    -0.019     0.999
 3   122.647    -0.359     2.817
 3    -0.437     0.100    -0.894
 3     0.041    -0.990    -0.131
 3    -0.899    -0.094     0.428
 4   103.876    11.698   -10.225
 4     0.253    -0.669     0.699
 4     0.889     0.445     0.104
 4    -0.381     0.595     0.707
 5   112.491    36.823     8.052
 5     0.480     0.434     0.762
 5     0.773    -0.620    -0.134
 5     0.415     0.653    -0.633
 6   140.577    40.498     8.905
 6     0.992     0.106     0.062
 6     0.026     0.309    -0.951
 6    -0.120     0.945     0.304
 7   109.107   -18.910    -8.981
 7     0.331     0.783     0.526
 7    -0.943     0.283     0.172
 7    -0.014    -0.554     0.832
 8   119.711   -31.116    18.149
 8     0.422    -0.894    -0.151
 8    -0.850    -0.332    -0.408
 8     0.314     0.300    -0.900
 9   119.781   -48.510    11.625
 9     0.167    -0.934     0.314
 9    -0.305     0.254     0.918
 9    -0.938    -0.249    -0.243
 2    97.395   -18.272    59.665
 2     0.625    -0.780     0.003
 2     0.780     0.625     0.034
 2    -0.029    -0.019     0.999
 3   122.623    -0.255     2.811
 3    -0.437     0.102    -0.893
 3     0.039    -0.990    -0.132
 3    -0.898    -0.093     0.429
 4   103.876    11.698   -10.225
 4     0.253    -0.669     0.698
 4     0.889     0.445     0.104
 4    -0.381     0.594     0.708
 5   112.504    36.725     8.094
 5     0.479     0.427     0.766
 5     0.771    -0.622    -0.135
 5     0.419     0.655    -0.628
 6   140.601    40.326     9.188
 6     0.993     0.099     0.054
 6     0.021     0.311    -0.950
 6    -0.111     0.945     0.307
 7   109.164   -18.959    -8.942
 7     0.329     0.785     0.524
 7    -0.944     0.280     0.174
 7    -0.010    -0.552     0.833
 8   119.719   -31.114    18.165
 8     0.420    -0.895    -0.149
 8    -0.850    -0.331    -0.410
 8     0.317     0.299    -0.900
 9   119.783   -48.509    11.641
 9     0.168    -0.934     0.315
 9    -0.306     0.254     0.917
 9    -0.937    -0.251    -0.243
 2    97.398   -18.271    59.662
 2     0.625    -0.780     0.003
 2     0.780     0.625     0.034
 2    -0.028    -0.019     0.999
 3   122.618    -0.308     2.893
 3    -0.435     0.102    -0.894
 3     0.039    -0.990    -0.132
 3    -0.899    -0.092     0.427
 4   104.059    11.724   -10.331
 4     0.259    -0.668     0.697
 4     0.888     0.448     0.099
 4    -0.379     0.594     0.710
 5   112.770    36.649     8.113
 5     0.485     0.416     0.769
 5     0.765    -0.627    -0.144
 5     0.423     0.658    -0.623
 6   141.116    39.235     9.805
 6     0.995     0.096     0.011
 6    -0.022     0.335    -0.942
 6    -0.094     0.937     0.335
 7   109.546   -19.271    -8.898
 7     0.338     0.789     0.512
 7    -0.941     0.280     0.190
 7     0.007    -0.546     0.837
 8   119.297   -30.921    18.550
 8     0.466    -0.884    -0.040
 8    -0.817    -0.413    -0.403
 8     0.339     0.221    -0.914
 9   122.876   -48.656    11.615
 9     0.297    -0.894     0.335
 9    -0.260     0.261     0.929
 9    -0.919    -0.363    -0.155
 2    97.395   -18.272    59.665
 2     0.625    -0.780     0.003
 2     0.780     0.625     0.034
 2    -0.029    -0.019     0.999
 3   122.751    -0.449     3.158
 3    -0.421     0.104    -0.901
 3     0.033    -0.991    -0.130
 3    -0.906    -0.085     0.414
 4   104.506    11.776   -10.395
 4     0.278    -0.662     0.696
 4     0.885     0.458     0.082
 4    -0.373     0.593     0.713
 5   113.717    36.417     8.203
 5     0.506     0.371     0.778
 5     0.745    -0.642    -0.178
 5     0.434     0.670    -0.602
 6   142.162    37.014    10.469
 6     0.990     0.112    -0.079
 6    -0.118     0.407    -0.906
 6    -0.069     0.906     0.416
 7   110.127   -19.795    -8.750
 7     0.358     0.796     0.488
 7    -0.933     0.284     0.222
 7     0.038    -0.535     0.844
 8   119.060   -30.781    18.724
 8     0.563    -0.812     0.152
 8    -0.733    -0.576    -0.361
 8     0.381     0.091    -0.920
 9   128.469   -48.406    10.962
 9     0.456    -0.852     0.257
 9    -0.171     0.200     0.964
 9    -0.873    -0.484    -0.055
 2    97.398   -18.271    59.662
 2     0.625    -0.780     0.003
 2     0.780     0.625     0.034
 2    -0.028    -0.019     0.999
 3   122.885    -0.645     3.637
 3    -0.404     0.107    -0.908
 3     0.030    -0.991    -0.131
 3    -0.914    -0.080     0.397
 4   105.280    12.072   -10.308
 4     0.312    -0.655     0.688
 4     0.884     0.465     0.042
 4    -0.348     0.595     0.724
 5   115.028    35.778     8.941
 5     0.532     0.301     0.791
 5     0.702    -0.680    -0.213
 5     0.474     0.668    -0.573
 6   143.483    33.431    12.520
 6     0.972     0.129    -0.197
 6    -0.233     0.426    -0.874
 6    -0.029     0.895     0.444
 7   110.960   -20.271    -8.744
 7     0.390     0.803     0.450
 7    -0.919     0.306     0.249
 7     0.062    -0.510     0.857
 8   121.628   -30.503    20.519
 8     0.652    -0.663     0.368
 8    -0.614    -0.747    -0.256
 8     0.445    -0.058    -0.894
 9   135.147   -45.817     9.382
 9     0.608    -0.786     0.110
 9    -0.029     0.116     0.993
 9    -0.793    -0.607     0.048
 2    97.396   -18.272    59.666
 2     0.625    -0.781     0.002
 2     0.780     0.625     0.034
 2    -0.029    -0.020     0.999
 3   123.210    -0.998     4.232
 3    -0.382     0.105    -0.918
 3     0.036    -0.991    -0.128
 3    -0.923    -0.082     0.375
 4   106.374    12.628   -10.409
 4     0.372    -0.643     0.670
 4     0.875     0.483    -0.024
 4    -0.308     0.595     0.742
 5   117.003    34.891     9.976
 5     0.562     0.208     0.800
 5     0.640    -0.723    -0.261
 5     0.524     0.659    -0.540
 6   144.866    29.084    15.049
 6     0.933     0.156    -0.323
 6    -0.358     0.443    -0.822
 6     0.015     0.882     0.470
 7   111.736   -20.370    -8.875
 7     0.417     0.808     0.415
 7    -0.905     0.328     0.270
 7     0.082    -0.489     0.869
 8   121.919   -30.830    20.036
 8     0.705    -0.466     0.534
 8    -0.497    -0.862    -0.097
 8     0.506    -0.198    -0.839
 9   140.319   -42.074     8.952
 9     0.741    -0.669    -0.057
 9     0.145     0.076     0.986
 9    -0.656    -0.739     0.153
 2    97.395   -18.272    59.665
 2     0.625    -0.781     0.003
 2     0.780     0.625     0.034
 2    -0.029    -0.019     0.999
 3   123.540    -1.151     4.934
 3    -0.360     0.098    -0.928
 3     0.045    -0.991    -0.122
 3    -0.932    -0.085     0.352
 4   107.528    13.174   -10.412
 4     0.438    -0.623     0.648
 4     0.856     0.509    -0.089
 4    -0.275     0.594     0.756
 5   119.121    34.118    10.817
 5     0.592     0.117     0.797
 5     0.578    -0.751    -0.319
 5     0.562     0.649    -0.512
 6   146.198    25.523    16.953
 6     0.890     0.175    -0.420
 6    -0.453     0.437    -0.777
 6     0.047     0.882     0.468
 7   112.347   -20.644    -8.913
 7     0.446     0.809     0.382
 7    -0.889     0.350     0.296
 7     0.105    -0.472     0.875
 8   122.656   -31.277    19.658
 8     0.728    -0.255     0.636
 8    -0.388    -0.918     0.076
 8     0.565    -0.302    -0.768
 9   143.888   -36.329    10.005
 9     0.813    -0.536    -0.228
 9     0.333     0.106     0.937
 9    -0.478    -0.837     0.265
 2    97.398   -18.271    59.662
 2     0.625    -0.780     0.002
 2     0.780     0.625     0.034
 2    -0.028    -0.019     0.999
 3   123.760    -1.529     5.449
 3    -0.340     0.087    -0.936
 3     0.055    -0.992    -0.112
 3    -0.939    -0.090     0.333
 4   108.679    13.548   -10.392
 4     0.487    -0.615     0.620
 4     0.839     0.525    -0.139
 4    -0.241     0.588     0.772
 5   120.509    32.934    11.723
 5     0.600     0.026     0.799
 5     0.513    -0.780    -0.360
 5     0.614     0.626    -0.481
 6   146.592    21.767    19.460
 6     0.838     0.180    -0.515
 6    -0.538     0.426    -0.727
 6     0.088     0.886     0.454
 7   113.032   -20.767    -8.921
 7     0.471     0.809     0.351
 7    -0.873     0.370     0.318
 7     0.127    -0.457     0.880
 8   123.615   -31.297    19.561
 8     0.732    -0.074     0.677
 8    -0.302    -0.926     0.225
 8     0.610    -0.370    -0.701
 9   146.094   -31.147    12.156
 9     0.829    -0.424    -0.365
 9     0.478     0.201     0.854
 9    -0.289    -0.883     0.370
 2    97.395   -18.272    59.665
 2     0.625    -0.781     0.003
 2     0.780     0.625     0.034
 2    -0.029    -0.019     0.999
 3   124.008    -1.672     5.875
 3    -0.322     0.080    -0.943
 3     0.062    -0.992    -0.106
 3    -0.944    -0.093     0.315
 4   109.684    13.923   -10.401
 4     0.534    -0.609     0.586
 4     0.820     0.542    -0.185
 4    -0.205     0.579     0.789
 5   121.697    32.030    12.783
 5     0.596    -0.069     0.800
 5     0.451    -0.796    -0.404
 5     0.664     0.602    -0.443
 6   146.391    18.065    22.399
 6     0.768     0.189    -0.611
 6    -0.624     0.431    -0.651
 6     0.141     0.882     0.449
 7   113.481   -20.771    -8.878
 7     0.491     0.807     0.328
 7    -0.859     0.388     0.334
 7     0.142    -0.446     0.884
 8   124.483   -31.517    19.502
 8     0.725     0.087     0.683
 8    -0.226    -0.907     0.355
 8     0.651    -0.412    -0.638
 9   146.905   -26.322    15.088
 9     0.803    -0.347    -0.485
 9     0.586     0.310     0.749
 9    -0.109    -0.885     0.452
 2    97.395   -18.272    59.665
 2     0.625    -0.780     0.003
 2     0.780     0.625     0.034
 2    -0.029    -0.019     0.999
 3   124.191    -1.966     6.143
 3    -0.311     0.070    -0.948
 3     0.071    -0.993    -0.097
 3    -0.948    -0.098     0.303
 4   110.549    14.221   -10.421
 4     0.569    -0.610     0.552
 4     0.803     0.554    -0.217
 4    -0.174     0.566     0.805
 5   122.376    31.002    13.734
 5     0.582    -0.145     0.800
 5     0.397    -0.808    -0.435
 5     0.710     0.570    -0.413
 6   145.945    15.258    25.006
 6     0.708     0.186    -0.681
 6    -0.680     0.440    -0.587
 6     0.190     0.878     0.438
 7   113.647   -20.937    -8.914
 7     0.498     0.808     0.313
 7    -0.854     0.393     0.341
 7     0.152    -0.438     0.886
 8   124.839   -31.183    19.705
 8     0.708     0.192     0.679
 8    -0.174    -0.885     0.431
 8     0.684    -0.424    -0.594
 9   146.688   -23.270    17.784
 9     0.765    -0.310    -0.565
 9     0.644     0.403     0.650
 9     0.026    -0.861     0.508
 2    97.398   -18.271    59.662
 2     0.625    -0.780     0.003
 2     0.780     0.625     0.034
 2    -0.028    -0.019     0.999
 3   124.302    -2.156     6.505
 3    -0.299     0.060    -0.952
 3     0.079    -0.993    -0.088
 3    -0.951    -0.102     0.292
 4   111.448    14.447   -10.248
 4     0.598    -0.617     0.512
 4     0.789     0.564    -0.243
 4    -0.139     0.549     0.824
 5   122.850    30.151    14.770
 5     0.558    -0.220     0.800
 5     0.349    -0.812    -0.467
 5     0.752     0.540    -0.377
 6   145.153    13.091    27.548
 6     0.648     0.184    -0.739
 6    -0.722     0.457    -0.520
 6     0.242     0.870     0.428
 7   113.832   -20.930    -8.942
 7     0.503     0.810     0.300
 7    -0.849     0.400     0.344
 7     0.159    -0.428     0.889
 8   125.096   -31.345    19.591
 8     0.691     0.279     0.666
 8    -0.144    -0.851     0.506
 8     0.708    -0.446    -0.548
 9   145.962   -21.120    20.029
 9     0.710    -0.298    -0.638
 9     0.689     0.477     0.545
 9     0.141    -0.827     0.544
 2    97.398   -18.296    59.662
 2     0.625    -0.780     0.003
 2     0.780     0.625     0.034
 2    -0.028    -0.019     0.999
 3   124.391    -2.241     6.655
 3    -0.291     0.052    -0.955
 3     0.086    -0.993    -0.080
 3    -0.953    -0.106     0.284
 4   111.946    14.695   -10.084
 4     0.615    -0.624     0.483
 4     0.780     0.568    -0.261
 4    -0.112     0.537     0.836
 5   122.936    29.701    15.575
 5     0.534    -0.268     0.802
 5     0.316    -0.817    -0.483
 5     0.784     0.511    -0.351
 6   144.356    11.625    30.465
 6     0.570     0.205    -0.796
 6    -0.757     0.508    -0.412
 6     0.319     0.837     0.444
 7   114.004   -20.978    -8.954
 7     0.508     0.812     0.286
 7    -0.846     0.408     0.342
 7     0.161    -0.417     0.895
 8   125.219   -32.001    19.307
 8     0.670     0.361     0.648
