% Calibrated with leiden_pols
% Positions are in centimeters
Data =[
 2    97.448   -18.271    59.662
 2     0.625    -0.780     0.003
 2     0.780     0.625     0.034
 2    -0.028    -0.019     0.999
 3   124.287    -2.842     8.494
 3    -0.224     0.053    -0.973
 3     0.089    -0.993    -0.074
 3    -0.970    -0.103     0.217
 4   112.616    14.074    -9.633
 4     0.607    -0.660     0.443
 4     0.788     0.570    -0.230
 4    -0.101     0.489     0.866
 5   122.474    29.876    16.296
 5     0.547    -0.204     0.812
 5     0.321    -0.845    -0.428
 5     0.773     0.495    -0.396
 6   143.316    10.132    28.248
 6     0.452     0.510    -0.732
 6    -0.826     0.550    -0.126
 6     0.338     0.661     0.670
 7   115.197   -21.990    -8.140
 7     0.532     0.809     0.249
 7    -0.821     0.422     0.384
 7     0.206    -0.409     0.889
 8   124.595   -33.898    19.718
 8     0.636     0.341     0.691
 8    -0.190    -0.800     0.569
 8     0.748    -0.493    -0.444
 9   143.378   -23.131    20.695
 9     0.632    -0.533    -0.562
 9     0.746     0.613     0.258
 9     0.207    -0.582     0.786
 2    97.398   -18.296    59.662
 2     0.625    -0.780     0.003
 2     0.780     0.625     0.034
 2    -0.028    -0.019     0.999
 3   124.286    -2.842     8.443
 3    -0.224     0.052    -0.973
 3     0.089    -0.993    -0.073
 3    -0.970    -0.103     0.218
 4   112.406    14.034    -9.771
 4     0.608    -0.651     0.454
 4     0.785     0.577    -0.225
 4    -0.116     0.494     0.862
 5   122.826    30.098    15.936
 5     0.575    -0.181     0.798
 5     0.330    -0.841    -0.428
 5     0.749     0.509    -0.424
 6   144.275    10.364    26.002
 6     0.484     0.511    -0.710
 6    -0.832     0.520    -0.194
 6     0.270     0.684     0.677
 7   115.095   -21.968    -8.157
 7     0.529     0.809     0.254
 7    -0.823     0.418     0.384
 7     0.204    -0.413     0.888
 8   124.372   -33.317    20.143
 8     0.655     0.269     0.706
 8    -0.199    -0.840     0.504
 8     0.729    -0.471    -0.497
 9   144.297   -24.535    18.899
 9     0.688    -0.524    -0.503
 9     0.717     0.597     0.360
 9     0.111    -0.608     0.786
 2    97.448   -18.271    59.662
 2     0.625    -0.780     0.003
 2     0.780     0.625     0.034
 2    -0.028    -0.019     0.999
 3   124.286    -2.892     8.316
 3    -0.227     0.050    -0.973
 3     0.090    -0.993    -0.072
 3    -0.970    -0.104     0.220
 4   112.193    13.920    -9.734
 4     0.604    -0.645     0.468
 4     0.786     0.578    -0.218
 4    -0.131     0.500     0.856
 5   123.073    30.424    15.554
 5     0.598    -0.148     0.788
 5     0.345    -0.839    -0.420
 5     0.723     0.523    -0.451
 6   144.868    11.379    24.135
 6     0.531     0.478    -0.699
 6    -0.825     0.479    -0.299
 6     0.192     0.736     0.649
 7   114.910   -22.000    -8.236
 7     0.524     0.810     0.264
 7    -0.828     0.412     0.379
 7     0.198    -0.417     0.887
 8   123.977   -32.968    20.433
 8     0.673     0.168     0.720
 8    -0.220    -0.884     0.412
 8     0.706    -0.436    -0.558
 9   145.000   -27.006    16.954
 9     0.748    -0.505    -0.431
 9     0.664     0.551     0.505
 9    -0.018    -0.664     0.748
 2    97.398   -18.271    59.663
 2     0.625    -0.781     0.002
 2     0.780     0.625     0.034
 2    -0.028    -0.020     0.999
 3   124.293    -2.888     8.177
 3    -0.229     0.049    -0.972
 3     0.091    -0.993    -0.072
 3    -0.969    -0.105     0.223
 4   111.632    13.897    -9.655
 4     0.581    -0.642     0.500
 4     0.797     0.572    -0.192
 4    -0.163     0.510     0.844
 5   122.718    31.472    14.732
 5     0.624    -0.080     0.777
 5     0.389    -0.831    -0.398
 5     0.677     0.550    -0.488
 6   145.202    13.736    20.951
 6     0.595     0.454    -0.663
 6    -0.797     0.435    -0.418
 6     0.099     0.777     0.621
 7   114.822   -21.833    -8.260
 7     0.516     0.812     0.272
 7    -0.835     0.406     0.372
 7     0.191    -0.420     0.887
 8   123.749   -32.419    20.768
 8     0.691     0.056     0.720
 8    -0.249    -0.917     0.311
 8     0.678    -0.394    -0.620
 9   145.595   -29.043    15.284
 9     0.789    -0.500    -0.357
 9     0.597     0.488     0.637
 9    -0.144    -0.716     0.683
 2    97.398   -18.271    59.662
 2     0.625    -0.780     0.002
 2     0.780     0.625     0.034
 2    -0.028    -0.019     0.999
 3   124.317    -2.757     7.936
 3    -0.233     0.051    -0.971
 3     0.090    -0.993    -0.074
 3    -0.968    -0.105     0.227
 4   110.611    13.548    -9.552
 4     0.535    -0.632     0.561
 4     0.814     0.562    -0.143
 4    -0.226     0.533     0.815
 5   122.420    32.436    13.780
 5     0.650    -0.007     0.760
 5     0.436    -0.816    -0.380
 5     0.622     0.578    -0.527
 6   145.506    15.738    17.985
 6     0.646     0.451    -0.616
 6    -0.763     0.393    -0.513
 6     0.011     0.801     0.598
 7   114.799   -21.767    -8.300
 7     0.513     0.810     0.281
 7    -0.839     0.405     0.363
 7     0.180    -0.423     0.888
 8   124.173   -31.925    20.898
 8     0.713    -0.044     0.699
 8    -0.278    -0.934     0.224
 8     0.643    -0.355    -0.678
 9   146.017   -31.424    13.885
 9     0.814    -0.512    -0.274
 9     0.524     0.445     0.726
 9    -0.250    -0.735     0.631
 2    97.398   -18.296    59.663
 2     0.625    -0.781     0.002
 2     0.780     0.625     0.034
 2    -0.028    -0.020     0.999
 3   124.352    -2.458     7.198
 3    -0.251     0.065    -0.966
 3     0.083    -0.993    -0.088
 3    -0.964    -0.102     0.244
 4   109.655    13.237    -9.442
 4     0.491    -0.626     0.606
 4     0.827     0.552    -0.100
 4    -0.272     0.550     0.789
 5   121.984    33.390    12.554
 5     0.674     0.084     0.733
 5     0.490    -0.793    -0.360
 5     0.552     0.603    -0.576
 6   145.784    17.535    14.886
 6     0.690     0.466    -0.554
 6    -0.722     0.390    -0.571
 6    -0.051     0.794     0.605
 7   114.643   -21.433    -8.576
 7     0.517     0.802     0.297
 7    -0.842     0.414     0.345
 7     0.154    -0.429     0.890
 8   124.627   -31.107    20.995
 8     0.738    -0.155     0.656
 8    -0.315    -0.940     0.132
 8     0.596    -0.304    -0.743
 9   146.196   -33.955    11.685
 9     0.820    -0.549    -0.164
 9     0.433     0.406     0.805
 9    -0.375    -0.731     0.570
 2    97.398   -18.296    59.662
 2     0.625    -0.780     0.003
 2     0.780     0.625     0.034
 2    -0.028    -0.019     0.999
 3   124.286    -2.139     6.627
 3    -0.267     0.077    -0.961
 3     0.076    -0.992    -0.100
 3    -0.961    -0.100     0.259
 4   108.939    13.039    -9.598
 4     0.458    -0.623     0.635
 4     0.835     0.545    -0.068
 4    -0.303     0.562     0.770
 5   121.218    34.296    11.446
 5     0.672     0.137     0.727
 5     0.538    -0.766    -0.353
 5     0.509     0.628    -0.589
 6   145.984    20.436    13.028
 6     0.755     0.411    -0.510
 6    -0.650     0.371    -0.663
 6    -0.084     0.832     0.548
 7   114.356   -21.047    -8.613
 7     0.508     0.802     0.314
 7    -0.850     0.410     0.329
 7     0.135    -0.435     0.890
 8   124.751   -30.798    21.106
 8     0.747    -0.283     0.601
 8    -0.371    -0.928     0.024
 8     0.551    -0.241    -0.799
 9   145.593   -37.154    10.563
 9     0.810    -0.584    -0.038
 9     0.315     0.382     0.869
 9    -0.493    -0.716     0.494
 2    97.398   -18.271    59.663
 2     0.625    -0.781     0.002
 2     0.780     0.625     0.034
 2    -0.028    -0.020     0.999
 3   124.270    -1.821     6.284
 3    -0.280     0.085    -0.956
 3     0.068    -0.992    -0.108
 3    -0.958    -0.095     0.271
 4   108.212    12.769    -9.763
 4     0.425    -0.626     0.654
 4     0.843     0.536    -0.035
 4    -0.329     0.566     0.755
 5   120.102    35.033    10.456
 5     0.653     0.205     0.728
 5     0.596    -0.732    -0.329
 5     0.466     0.650    -0.601
