2 	  32.64	  -6.87	  22.97
	 -0.053	  0.996	 -0.068
	 -0.998	 -0.054	 -0.012
	 -0.016	  0.067	  0.997

3 	  43.65	  -1.11	   3.25
	  0.529	  0.340	  0.777
	 -0.529	  0.849	 -0.012
	 -0.664	 -0.405	  0.629

4 	  36.98	   4.27	  -2.21
	  0.616	  0.714	 -0.331
	 -0.625	  0.699	  0.346
	  0.478	 -0.006	  0.878

5 	  40.59	   7.59	  10.12
	  0.736	 -0.306	  0.604
	 -0.597	 -0.714	  0.366
	  0.319	 -0.630	 -0.708

6 	  48.18	   0.74	   7.63
	  0.451	 -0.884	 -0.125
	  0.487	  0.126	  0.864
	 -0.748	 -0.451	  0.487

7 	  38.20	  -7.58	  -2.02
	  0.698	 -0.706	  0.116
	  0.713	  0.673	 -0.195
	  0.060	  0.219	  0.974

8 	  40.38	 -10.20	   9.53
	  0.692	  0.177	  0.699
	  0.517	 -0.798	 -0.309
	  0.503	  0.576	 -0.644

9 	  47.79	  -2.25	   9.35
	  0.268	  0.949	  0.161
	 -0.523	  0.284	 -0.803
	 -0.809	  0.131	  0.573

2 	  32.64	  -6.87	  22.97
	 -0.053	  0.996	 -0.068
	 -0.998	 -0.054	 -0.012
	 -0.016	  0.067	  0.997

3 	  43.65	  -1.09	   3.27
	  0.528	  0.341	  0.778
	 -0.530	  0.848	 -0.012
	 -0.664	 -0.406	  0.628

4 	  36.98	   4.27	  -2.21
	  0.616	  0.715	 -0.331
	 -0.626	  0.699	  0.346
	  0.479	 -0.007	  0.878

5 	  40.59	   7.59	  10.12
	  0.736	 -0.306	  0.604
	 -0.597	 -0.714	  0.366
	  0.319	 -0.630	 -0.708

6 	  48.18	   0.76	   7.63
	  0.451	 -0.884	 -0.125
	  0.487	  0.126	  0.864
	 -0.748	 -0.450	  0.488

7 	  38.20	  -7.56	  -2.04
	  0.699	 -0.706	  0.116
	  0.712	  0.674	 -0.196
	  0.060	  0.219	  0.974

8 	  40.38	 -10.20	   9.53
	  0.692	  0.177	  0.699
	  0.516	 -0.798	 -0.309
	  0.504	  0.575	 -0.645

9 	  47.81	  -2.23	   9.33
	  0.268	  0.950	  0.160
	 -0.524	  0.283	 -0.803
	 -0.808	  0.131	  0.574

2 	  32.64	  -6.87	  22.97
	 -0.053	  0.996	 -0.068
	 -0.998	 -0.054	 -0.012
	 -0.016	  0.067	  0.997

3 	  43.63	  -1.09	   3.25
	  0.528	  0.340	  0.778
	 -0.530	  0.848	 -0.011
	 -0.664	 -0.406	  0.628

4 	  36.95	   4.27	  -2.21
	  0.616	  0.715	 -0.330
	 -0.626	  0.699	  0.346
	  0.478	 -0.007	  0.878

5 	  40.59	   7.59	  10.14
	  0.736	 -0.306	  0.604
	 -0.597	 -0.714	  0.366
	  0.319	 -0.630	 -0.708

6 	  48.18	   0.74	   7.61
	  0.450	 -0.884	 -0.125
	  0.489	  0.127	  0.863
	 -0.747	 -0.450	  0.489

7 	  38.20	  -7.58	  -2.04
	  0.699	 -0.706	  0.115
	  0.712	  0.674	 -0.196
	  0.060	  0.219	  0.974

8 	  40.36	 -10.20	   9.51
	  0.692	  0.177	  0.699
	  0.516	 -0.799	 -0.309
	  0.504	  0.575	 -0.645

9 	  47.81	  -2.25	   9.35
	  0.269	  0.950	  0.159
	 -0.525	  0.282	 -0.803
	 -0.808	  0.132	  0.574

2 	  32.64	  -6.87	  22.97
	 -0.053	  0.996	 -0.068
	 -0.998	 -0.054	 -0.012
	 -0.016	  0.067	  0.997

3 	  43.65	  -1.11	   3.25
	  0.529	  0.340	  0.778
	 -0.530	  0.848	 -0.011
	 -0.663	 -0.407	  0.628

4 	  36.95	   4.29	  -2.21
	  0.616	  0.715	 -0.330
	 -0.625	  0.699	  0.347
	  0.479	 -0.007	  0.878

5 	  40.57	   7.59	  10.14
	  0.736	 -0.306	  0.604
	 -0.597	 -0.714	  0.366
	  0.319	 -0.630	 -0.708

6 	  48.18	   0.72	   7.61
	  0.450	 -0.884	 -0.125
	  0.490	  0.127	  0.862
	 -0.747	 -0.449	  0.491

7 	  38.20	  -7.56	  -2.04
	  0.699	 -0.705	  0.115
	  0.712	  0.674	 -0.196
	  0.061	  0.219	  0.974

8 	  40.36	 -10.20	   9.53
	  0.693	  0.177	  0.699
	  0.515	 -0.799	 -0.309
	  0.504	  0.574	 -0.645

9 	  47.81	  -2.23	   9.37
	  0.268	  0.950	  0.158
	 -0.524	  0.281	 -0.803
	 -0.808	  0.132	  0.574

2 	  32.62	  -6.87	  22.99
	 -0.053	  0.996	 -0.068
	 -0.998	 -0.054	 -0.012
	 -0.016	  0.067	  0.997

3 	  43.61	  -1.11	   3.22
	  0.536	  0.340	  0.773
	 -0.531	  0.847	 -0.005
	 -0.657	 -0.408	  0.634

4 	  36.93	   4.27	  -2.21
	  0.615	  0.715	 -0.331
	 -0.625	  0.699	  0.348
	  0.480	 -0.008	  0.877

5 	  40.55	   7.58	  10.12
	  0.736	 -0.306	  0.603
	 -0.597	 -0.714	  0.366
	  0.318	 -0.630	 -0.708

6 	  48.16	   0.72	   7.59
	  0.449	 -0.885	 -0.125
	  0.491	  0.128	  0.861
	 -0.746	 -0.448	  0.492

7 	  38.16	  -7.56	  -2.02
	  0.700	 -0.705	  0.114
	  0.711	  0.674	 -0.200
	  0.064	  0.221	  0.973

8 	  40.34	 -10.20	   9.51
	  0.694	  0.174	  0.698
	  0.511	 -0.802	 -0.308
	  0.507	  0.571	 -0.646

9 	  47.79	  -2.23	   9.35
	  0.269	  0.950	  0.156
	 -0.526	  0.280	 -0.803
	 -0.807	  0.134	  0.575

2 	  32.64	  -6.87	  22.97
	 -0.054	  0.996	 -0.068
	 -0.998	 -0.055	 -0.012
	 -0.016	  0.067	  0.997

3 	  43.61	  -1.11	   3.20
	  0.542	  0.340	  0.768
	 -0.531	  0.847	 -0.000
	 -0.651	 -0.408	  0.640

4 	  36.86	   4.27	  -2.20
	  0.612	  0.717	 -0.334
	 -0.625	  0.697	  0.351
	  0.484	 -0.006	  0.875

5 	  40.57	   7.58	  10.12
	  0.739	 -0.305	  0.601
	 -0.595	 -0.714	  0.368
	  0.317	 -0.630	 -0.709

6 	  48.16	   0.72	   7.58
	  0.449	 -0.885	 -0.125
	  0.493	  0.129	  0.860
	 -0.745	 -0.447	  0.495

7 	  38.13	  -7.56	  -2.02
	  0.700	 -0.705	  0.112
	  0.710	  0.673	 -0.204
	  0.068	  0.222	  0.972

8 	  40.34	 -10.21	   9.51
	  0.695	  0.172	  0.698
	  0.508	 -0.804	 -0.308
	  0.508	  0.569	 -0.646

9 	  47.76	  -2.21	   9.35
	  0.269	  0.951	  0.153
	 -0.527	  0.278	 -0.803
	 -0.806	  0.135	  0.576

2 	  32.64	  -6.87	  22.97
	 -0.053	  0.996	 -0.068
	 -0.998	 -0.054	 -0.012
	 -0.016	  0.067	  0.997

3 	  43.59	  -1.11	   3.18
	  0.543	  0.340	  0.768
	 -0.531	  0.847	  0.000
	 -0.651	 -0.408	  0.641

4 	  36.86	   4.27	  -2.21
	  0.611	  0.717	 -0.335
	 -0.625	  0.697	  0.351
	  0.485	 -0.006	  0.874

5 	  40.55	   7.58	  10.12
	  0.739	 -0.305	  0.600
	 -0.594	 -0.714	  0.369
	  0.316	 -0.630	 -0.709

6 	  48.15	   0.70	   7.58
	  0.448	 -0.885	 -0.124
	  0.494	  0.130	  0.859
	 -0.745	 -0.446	  0.496

7 	  38.13	  -7.56	  -2.02
	  0.700	 -0.705	  0.111
	  0.710	  0.673	 -0.204
	  0.069	  0.222	  0.972

8 	  40.32	 -10.20	   9.51
	  0.695	  0.172	  0.698
	  0.508	 -0.804	 -0.308
	  0.509	  0.568	 -0.646

9 	  47.76	  -2.21	   9.35
	  0.269	  0.951	  0.152
	 -0.527	  0.277	 -0.803
	 -0.806	  0.135	  0.576

2 	  32.62	  -6.87	  22.99
	 -0.053	  0.996	 -0.068
	 -0.998	 -0.054	 -0.012
	 -0.016	  0.067	  0.997

3 	  43.59	  -1.11	   3.18
	  0.543	  0.340	  0.768
	 -0.530	  0.848	 -0.000
	 -0.651	 -0.407	  0.640

4 	  36.84	   4.27	  -2.21
	  0.611	  0.717	 -0.335
	 -0.625	  0.697	  0.352
	  0.485	 -0.006	  0.874

5 	  40.54	   7.56	  10.11
	  0.740	 -0.304	  0.600
	 -0.594	 -0.714	  0.370
	  0.316	 -0.630	 -0.709

6 	  48.15	   0.70	   7.58
	  0.448	 -0.885	 -0.123
	  0.495	  0.130	  0.859
	 -0.745	 -0.446	  0.496

7 	  38.13	  -7.56	  -2.02
	  0.701	 -0.705	  0.110
	  0.710	  0.674	 -0.205
	  0.069	  0.222	  0.972

8 	  40.34	 -10.21	   9.51
	  0.695	  0.171	  0.698
	  0.507	 -0.804	 -0.309
	  0.508	  0.569	 -0.647

9 	  47.76	  -2.23	   9.33
	  0.269	  0.951	  0.151
	 -0.527	  0.277	 -0.803
	 -0.806	  0.136	  0.576

2 	  32.62	  -6.87	  22.99
	 -0.053	  0.996	 -0.068
	 -0.998	 -0.054	 -0.012
	 -0.016	  0.067	  0.997

3 	  43.59	  -1.11	   3.18
	  0.542	  0.339	  0.768
	 -0.530	  0.848	 -0.001
	 -0.652	 -0.407	  0.640

4 	  36.84	   4.27	  -2.21
	  0.611	  0.717	 -0.335
	 -0.625	  0.697	  0.352
	  0.486	 -0.006	  0.874

5 	  40.55	   7.58	  10.11
	  0.740	 -0.304	  0.600
	 -0.593	 -0.715	  0.370
	  0.316	 -0.630	 -0.709

6 	  48.13	   0.69	   7.59
	  0.448	 -0.886	 -0.123
	  0.494	  0.130	  0.859
	 -0.745	 -0.446	  0.496

7 	  38.09	  -7.56	  -2.04
	  0.701	 -0.704	  0.109
	  0.709	  0.675	 -0.205
	  0.070	  0.221	  0.973

8 	  40.34	 -10.20	   9.51
	  0.696	  0.171	  0.697
	  0.507	 -0.804	 -0.309
	  0.508	  0.569	 -0.647

9 	  47.76	  -2.23	   9.33
	  0.269	  0.951	  0.151
	 -0.527	  0.276	 -0.803
	 -0.806	  0.136	  0.576

2 	  32.62	  -6.87	  22.97
	 -0.053	  0.996	 -0.068
	 -0.998	 -0.054	 -0.012
	 -0.016	  0.067	  0.997

3 	  43.58	  -1.11	   3.18
	  0.542	  0.340	  0.769
	 -0.531	  0.848	 -0.001
	 -0.652	 -0.407	  0.639

4 	  36.83	   4.25	  -2.20
	  0.611	  0.716	 -0.336
	 -0.623	  0.698	  0.353
	  0.487	 -0.007	  0.873

5 	  40.55	   7.58	  10.11
	  0.740	 -0.304	  0.600
	 -0.594	 -0.714	  0.371
	  0.315	 -0.631	 -0.709

6 	  48.13	   0.70	   7.58
	  0.448	 -0.886	 -0.123
	  0.495	  0.131	  0.859
	 -0.745	 -0.445	  0.497

7 	  38.11	  -7.54	  -2.06
	  0.706	 -0.701	  0.101
	  0.704	  0.680	 -0.203
	  0.073	  0.214	  0.974

8 	  40.38	 -10.21	   9.44
	  0.701	  0.165	  0.694
	  0.500	 -0.807	 -0.314
	  0.508	  0.567	 -0.648

9 	  47.78	  -2.21	   9.33
	  0.268	  0.951	  0.150
	 -0.528	  0.275	 -0.803
	 -0.806	  0.136	  0.576

2 	  32.62	  -6.87	  22.99
	 -0.053	  0.996	 -0.068
	 -0.998	 -0.054	 -0.012
	 -0.016	  0.067	  0.997

3 	  43.56	  -1.11	   3.18
	  0.540	  0.340	  0.770
	 -0.531	  0.847	 -0.001
	 -0.653	 -0.408	  0.638

4 	  36.81	   4.25	  -2.20
	  0.612	  0.712	 -0.344
	 -0.618	  0.701	  0.355
	  0.494	 -0.006	  0.869

5 	  40.54	   7.56	  10.09
	  0.741	 -0.301	  0.600
	 -0.592	 -0.715	  0.372
	  0.317	 -0.631	 -0.708

6 	  48.09	   0.72	   7.40
	  0.453	 -0.879	 -0.145
	  0.500	  0.116	  0.858
	 -0.738	 -0.462	  0.492

7 	  38.11	  -7.54	  -2.09
	  0.716	 -0.693	  0.082
	  0.693	  0.694	 -0.193
	  0.076	  0.195	  0.978

8 	  40.52	 -10.21	   9.35
	  0.719	  0.149	  0.678
	  0.479	 -0.813	 -0.330
	  0.503	  0.562	 -0.656

9 	  47.87	  -2.30	   8.93
	  0.282	  0.952	  0.119
	 -0.593	  0.270	 -0.758
	 -0.754	  0.143	  0.641

2 	  32.64	  -6.87	  22.97
	 -0.053	  0.996	 -0.068
	 -0.998	 -0.054	 -0.012
	 -0.016	  0.067	  0.997

3 	  43.51	  -1.05	   3.18
	  0.533	  0.343	  0.773
	 -0.541	  0.841	  0.000
	 -0.650	 -0.418	  0.634

4 	  36.76	   4.25	  -2.23
	  0.607	  0.711	 -0.355
	 -0.615	  0.703	  0.357
	  0.503	  0.001	  0.864

5 	  40.38	   7.47	  10.05
	  0.746	 -0.285	  0.601
	 -0.575	 -0.731	  0.367
	  0.334	 -0.620	 -0.710

6 	  48.20	   1.07	   7.12
	  0.490	 -0.849	 -0.194
	  0.498	  0.090	  0.862
	 -0.715	 -0.520	  0.467

7 	  38.11	  -7.51	  -2.09
	  0.720	 -0.689	  0.076
	  0.689	  0.699	 -0.190
	  0.078	  0.189	  0.979

8 	  40.57	 -10.12	   9.30
	  0.743	  0.124	  0.658
	  0.436	 -0.835	 -0.336
	  0.507	  0.536	 -0.674

9 	  48.13	  -2.55	   8.65
	  0.336	  0.939	  0.078
	 -0.593	  0.275	 -0.757
	 -0.732	  0.208	  0.649

2 	  32.62	  -6.87	  22.99
	 -0.053	  0.996	 -0.068
	 -0.998	 -0.054	 -0.012
	 -0.016	  0.067	  0.997

3 	  43.49	  -1.04	   3.20
	  0.531	  0.343	  0.774
	 -0.544	  0.839	  0.001
	 -0.649	 -0.422	  0.632

4 	  36.72	   4.25	  -2.25
	  0.602	  0.711	 -0.364
	 -0.617	  0.703	  0.354
	  0.508	  0.011	  0.861

5 	  40.31	   7.40	  10.07
	  0.754	 -0.272	  0.598
	 -0.558	 -0.746	  0.364
	  0.347	 -0.608	 -0.714

6 	  48.27	   1.48	   6.82
	  0.541	 -0.807	 -0.235
	  0.495	  0.080	  0.865
	 -0.680	 -0.585	  0.442

7 	  38.07	  -7.47	  -2.11
	  0.719	 -0.690	  0.072
	  0.689	  0.699	 -0.190
	  0.080	  0.186	  0.979

8 	  40.41	 -10.09	   9.35
	  0.760	  0.090	  0.643
	  0.375	 -0.870	 -0.322
	  0.530	  0.485	 -0.695

9 	  48.45	  -3.15	   8.30
	  0.426	  0.904	  0.030
	 -0.578	  0.298	 -0.760
	 -0.696	  0.306	  0.649

2 	  32.62	  -6.89	  22.97
	 -0.053	  0.996	 -0.068
	 -0.998	 -0.054	 -0.012
	 -0.016	  0.067	  0.997

3 	  43.47	  -1.04	   3.18
	  0.531	  0.342	  0.775
	 -0.545	  0.839	  0.003
	 -0.649	 -0.424	  0.631

4 	  36.67	   4.24	  -2.27
	  0.598	  0.711	 -0.370
	 -0.619	  0.703	  0.350
	  0.509	  0.019	  0.860

5 	  40.32	   7.29	  10.05
	  0.764	 -0.261	  0.589
	 -0.540	 -0.759	  0.364
	  0.352	 -0.597	 -0.721

6 	  48.41	   1.86	   6.45
	  0.584	 -0.756	 -0.296
	  0.513	  0.061	  0.856
	 -0.629	 -0.652	  0.424

7 	  38.06	  -7.44	  -2.11
	  0.718	 -0.693	  0.068
	  0.691	  0.697	 -0.191
	  0.084	  0.185	  0.979

8 	  40.31	  -9.98	   9.35
	  0.775	  0.059	  0.628
	  0.316	 -0.898	 -0.306
	  0.546	  0.436	 -0.715

9 	  48.83	  -3.81	   7.82
	  0.504	  0.863	 -0.022
	 -0.565	  0.310	 -0.765
	 -0.654	  0.397	  0.644

2 	  32.64	  -6.87	  22.97
	 -0.053	  0.996	 -0.068
	 -0.998	 -0.054	 -0.012
	 -0.016	  0.067	  0.997

3 	  43.47	  -1.02	   3.16
	  0.531	  0.341	  0.776
	 -0.545	  0.838	  0.004
	 -0.649	 -0.425	  0.631

4 	  36.58	   4.20	  -2.25
	  0.591	  0.714	 -0.376
	 -0.627	  0.699	  0.344
	  0.508	  0.032	  0.860

5 	  40.29	   7.19	  10.05
	  0.782	 -0.239	  0.576
	 -0.508	 -0.779	  0.368
	  0.361	 -0.580	 -0.730

6 	  48.45	   2.32	   5.92
	  0.620	 -0.699	 -0.357
	  0.536	  0.045	  0.843
	 -0.573	 -0.714	  0.402

7 	  38.00	  -7.44	  -2.13
	  0.714	 -0.697	  0.066
	  0.694	  0.693	 -0.195
	  0.089	  0.185	  0.978

8 	  39.97	  -9.83	   9.47
	  0.787	 -0.004	  0.617
	  0.209	 -0.939	 -0.272
	  0.580	  0.344	 -0.738

9 	  49.10	  -5.12	   7.22
	  0.622	  0.774	 -0.112
	 -0.526	  0.308	 -0.792
	 -0.579	  0.552	  0.599

2 	  32.62	  -6.89	  22.99
	 -0.053	  0.996	 -0.068
	 -0.998	 -0.054	 -0.012
	 -0.016	  0.067	  0.997

3 	  43.44	  -1.04	   3.09
	  0.533	  0.338	  0.776
	 -0.543	  0.840	  0.007
	 -0.649	 -0.425	  0.631

4 	  36.49	   4.17	  -2.27
	  0.580	  0.718	 -0.385
	 -0.636	  0.694	  0.336
	  0.509	  0.050	  0.859

5 	  40.18	   7.22	   9.98
	  0.799	 -0.208	  0.564
	 -0.470	 -0.801	  0.371
	  0.374	 -0.562	 -0.738

6 	  48.45	   2.85	   5.75
	  0.656	 -0.645	 -0.391
	  0.541	  0.041	  0.840
	 -0.525	 -0.763	  0.376

7 	  37.90	  -7.38	  -2.13
	  0.705	 -0.706	  0.064
	  0.701	  0.682	 -0.206
	  0.101	  0.190	  0.976

8 	  39.76	  -9.69	   9.54
	  0.796	 -0.076	  0.600
	  0.088	 -0.967	 -0.239
	  0.598	  0.243	 -0.763

9 	  49.38	  -6.52	   6.68
	  0.719	  0.665	 -0.202
	 -0.504	  0.298	 -0.811
	 -0.479	  0.684	  0.550

2 	  32.62	  -6.89	  22.99
	 -0.053	  0.996	 -0.068
	 -0.998	 -0.054	 -0.012
	 -0.016	  0.067	  0.997

3 	  43.44	  -1.02	   3.01
	  0.548	  0.330	  0.769
	 -0.534	  0.845	  0.017
	 -0.644	 -0.420	  0.639

4 	  36.33	   4.18	  -2.23
	  0.566	  0.727	 -0.388
	 -0.646	  0.684	  0.339
	  0.512	  0.058	  0.857

5 	  40.06	   7.21	  10.02
	  0.810	 -0.184	  0.557
	 -0.439	 -0.819	  0.368
	  0.388	 -0.543	 -0.745

6 	  48.46	   3.22	   5.61
	  0.684	 -0.599	 -0.416
	  0.541	  0.034	  0.840
	 -0.489	 -0.800	  0.347

7 	  37.83	  -7.37	  -2.18
	  0.702	 -0.710	  0.059
	  0.702	  0.676	 -0.222
	  0.117	  0.197	  0.973

8 	  39.64	  -9.72	   9.46
	  0.799	 -0.127	  0.587
	  0.013	 -0.973	 -0.228
	  0.600	  0.190	 -0.777

9 	  49.34	  -7.47	   6.24
	  0.768	  0.585	 -0.262
	 -0.497	  0.285	 -0.820
	 -0.405	  0.759	  0.509

2 	  32.62	  -6.89	  22.97
	 -0.053	  0.996	 -0.068
	 -0.998	 -0.054	 -0.012
	 -0.016	  0.067	  0.997

3 	  43.37	  -0.93	   2.90
	  0.557	  0.330	  0.761
	 -0.537	  0.843	  0.027
	 -0.633	 -0.424	  0.647

4 	  36.11	   4.17	  -2.20
	  0.552	  0.735	 -0.394
	 -0.654	  0.674	  0.344
	  0.518	  0.067	  0.853

5 	  39.92	   7.22	  10.02
	  0.822	 -0.161	  0.546
	 -0.408	 -0.836	  0.367
	  0.397	 -0.524	 -0.753

6 	  48.41	   3.55	   5.45
	  0.710	 -0.548	 -0.442
	  0.541	  0.024	  0.840
	 -0.450	 -0.836	  0.314

7 	  37.74	  -7.33	  -2.20
	  0.701	 -0.710	  0.057
	  0.701	  0.673	 -0.235
	  0.128	  0.204	  0.970

8 	  39.57	  -9.60	   9.46
	  0.800	 -0.155	  0.579
	 -0.033	 -0.976	 -0.215
	  0.598	  0.153	 -0.786

9 	  49.29	  -8.26	   5.91
	  0.797	  0.514	 -0.315
	 -0.498	  0.267	 -0.825
	 -0.340	  0.814	  0.470

2 	  32.62	  -6.89	  22.97
	 -0.053	  0.996	 -0.068
	 -0.998	 -0.054	 -0.012
	 -0.016	  0.067	  0.997

3 	  43.35	  -0.88	   2.85
	  0.560	  0.331	  0.759
	 -0.543	  0.839	  0.035
	 -0.625	 -0.432	  0.650

4 	  36.00	   4.17	  -2.20
	  0.536	  0.744	 -0.400
	 -0.666	  0.663	  0.342
	  0.519	  0.082	  0.850

5 	  39.73	   7.26	  10.05
	  0.831	 -0.129	  0.540
	 -0.369	 -0.855	  0.363
	  0.415	 -0.502	 -0.759

6 	  48.27	   4.04	   5.38
	  0.739	 -0.491	 -0.461
	  0.538	  0.017	  0.843
	 -0.406	 -0.871	  0.277

7 	  37.76	  -7.31	  -2.21
	  0.702	 -0.710	  0.056
	  0.700	  0.673	 -0.238
	  0.131	  0.206	  0.969

8 	  39.53	  -9.58	   9.46
	  0.797	 -0.176	  0.577
	 -0.067	 -0.976	 -0.206
	  0.600	  0.126	 -0.790

9 	  49.20	  -8.88	   5.64
	  0.818	  0.451	 -0.356
	 -0.501	  0.255	 -0.827
	 -0.283	  0.855	  0.435

2 	  32.64	  -6.87	  22.97
	 -0.053	  0.996	 -0.068
	 -0.998	 -0.054	 -0.012
	 -0.016	  0.067	  0.997

3 	  43.33	  -0.83	   2.83
	  0.559	  0.330	  0.760
	 -0.547	  0.836	  0.039
	 -0.623	 -0.438	  0.648

4 	  35.95	   4.15	  -2.21
	  0.528	  0.748	 -0.402
	 -0.676	  0.656	  0.334
	  0.514	  0.095	  0.852

5 	  39.53	   7.29	  10.05
	  0.835	 -0.101	  0.541
	 -0.337	 -0.870	  0.358
	  0.435	 -0.482	 -0.761

6 	  48.23	   4.52	   5.41
	  0.765	 -0.439	 -0.470
	  0.521	 -0.005	  0.853
	 -0.377	 -0.898	  0.224

7 	  37.76	  -7.29	  -2.23
	  0.701	 -0.710	  0.054
	  0.700	  0.673	 -0.238
	  0.132	  0.205	  0.969

8 	  39.48	  -9.49	   9.49
	  0.793	 -0.202	  0.574
	 -0.106	 -0.974	 -0.197
	  0.599	  0.096	 -0.795

9 	  49.11	  -9.51	   5.47
	  0.834	  0.382	 -0.398
	 -0.503	  0.230	 -0.833
	 -0.227	  0.894	  0.385

2 	  32.62	  -6.89	  22.97
	 -0.053	  0.996	 -0.068
	 -0.998	 -0.054	 -0.012
	 -0.016	  0.067	  0.997

3 	  43.33	  -0.81	   2.83
	  0.558	  0.329	  0.761
	 -0.548	  0.835	  0.040
	 -0.623	 -0.440	  0.647

4 	  35.88	   4.17	  -2.18
	  0.518	  0.754	 -0.403
	 -0.686	  0.648	  0.332
	  0.511	  0.104	  0.853

5 	  39.38	   7.33	  10.09
	  0.835	 -0.080	  0.544
	 -0.314	 -0.881	  0.353
	  0.451	 -0.466	 -0.761

6 	  48.16	   4.87	   5.54
	  0.788	 -0.396	 -0.471
	  0.503	 -0.028	  0.864
	 -0.356	 -0.918	  0.177

7 	  37.74	  -7.24	  -2.23
	  0.698	 -0.714	  0.052
	  0.703	  0.670	 -0.240
	  0.135	  0.204	  0.969

8 	  39.36	  -9.54	   9.49
	  0.786	 -0.234	  0.572
	 -0.150	 -0.970	 -0.191
	  0.599	  0.064	 -0.798

9 	  48.85	 -10.35	   5.34
	  0.849	  0.306	 -0.430
	 -0.500	  0.206	 -0.841
	 -0.169	  0.929	  0.328

2 	  32.64	  -6.87	  22.97
	 -0.053	  0.996	 -0.068
	 -0.998	 -0.054	 -0.012
	 -0.016	  0.067	  0.997

3 	  43.31	  -0.79	   2.81
	  0.558	  0.328	  0.761
	 -0.549	  0.835	  0.042
	 -0.622	 -0.442	  0.646

4 	  35.86	   4.13	  -2.20
	  0.514	  0.756	 -0.404
	 -0.689	  0.645	  0.330
	  0.510	  0.108	  0.853

5 	  39.25	   7.31	  10.09
	  0.834	 -0.062	  0.547
	 -0.295	 -0.890	  0.348
	  0.465	 -0.452	 -0.761

6 	  48.16	   5.08	   5.57
	  0.799	 -0.367	 -0.475
	  0.493	 -0.052	  0.869
	 -0.343	 -0.929	  0.139

7 	  37.72	  -7.24	  -2.25
	  0.693	 -0.719	  0.052
	  0.707	  0.664	 -0.242
	  0.139	  0.205	  0.969

8 	  39.18	  -9.54	   9.51
	  0.772	 -0.262	  0.579
	 -0.190	 -0.964	 -0.183
	  0.607	  0.032	 -0.794

9 	  48.64	 -11.16	   5.43
	  0.859	  0.216	 -0.464
	 -0.498	  0.141	 -0.856
	 -0.119	  0.966	  0.229

2 	  32.64	  -6.87	  22.97
	 -0.053	  0.996	 -0.068
	 -0.998	 -0.054	 -0.012
	 -0.016	  0.067	  0.997

3 	  43.31	  -0.77	   2.79
	  0.559	  0.328	  0.761
	 -0.548	  0.835	  0.043
	 -0.622	 -0.442	  0.646

4 	  35.79	   4.10	  -2.18
	  0.506	  0.761	 -0.406
	 -0.698	  0.637	  0.327
	  0.507	  0.118	  0.853

5 	  39.11	   7.35	  10.12
	  0.835	 -0.040	  0.549
	 -0.270	 -0.899	  0.345
	  0.479	 -0.436	 -0.761

6 	  48.08	   5.38	   5.66
	  0.814	 -0.331	 -0.477
	  0.483	 -0.068	  0.873
	 -0.322	 -0.941	  0.105

7 	  37.69	  -7.24	  -2.23
	  0.688	 -0.724	  0.054
	  0.711	  0.658	 -0.245
	  0.141	  0.207	  0.968

8 	  39.04	  -9.54	   9.51
	  0.756	 -0.286	  0.588
	 -0.227	 -0.958	 -0.174
	  0.613	 -0.002	 -0.790

9 	  48.29	 -11.94	   5.55
	  0.862	  0.125	 -0.491
	 -0.503	  0.086	 -0.860
	 -0.066	  0.988	  0.137

2 	  32.64	  -6.87	  22.97
	 -0.053	  0.996	 -0.068
	 -0.998	 -0.054	 -0.012
	 -0.016	  0.067	  0.997

3 	  43.31	  -0.76	   2.79
	  0.559	  0.327	  0.761
	 -0.548	  0.835	  0.043
	 -0.622	 -0.442	  0.647

4 	  35.72	   4.06	  -2.20
	  0.499	  0.764	 -0.408
	 -0.703	  0.632	  0.325
	  0.506	  0.125	  0.853

5 	  39.02	   7.38	  10.11
	  0.836	 -0.026	  0.548
	 -0.253	 -0.904	  0.343
	  0.487	 -0.426	 -0.763

6 	  48.01	   5.61	   5.62
	  0.821	 -0.304	 -0.482
	  0.482	 -0.082	  0.872
	 -0.305	 -0.949	  0.079

7 	  37.65	  -7.24	  -2.23
	  0.684	 -0.727	  0.052
	  0.714	  0.654	 -0.248
	  0.146	  0.207	  0.967

8 	  39.02	  -9.51	   9.56
	  0.746	 -0.300	  0.594
	 -0.250	 -0.954	 -0.167
	  0.616	 -0.024	 -0.787

9 	  48.09	 -12.48	   5.54
	  0.856	  0.061	 -0.512
	 -0.516	  0.062	 -0.854
	 -0.021	  0.996	  0.085

2 	  32.64	  -6.87	  22.97
	 -0.053	  0.996	 -0.068
	 -0.998	 -0.054	 -0.012
	 -0.016	  0.067	  0.997

3 	  43.29	  -0.74	   2.76
	  0.560	  0.328	  0.760
	 -0.548	  0.835	  0.044
	 -0.621	 -0.442	  0.647

4 	  35.67	   4.06	  -2.18
	  0.494	  0.767	 -0.410
	 -0.707	  0.628	  0.324
	  0.506	  0.129	  0.853

5 	  38.97	   7.38	  10.14
	  0.835	 -0.019	  0.549
	 -0.246	 -0.907	  0.342
	  0.491	 -0.421	 -0.762

6 	  47.97	   5.75	   5.70
	  0.825	 -0.293	 -0.482
	  0.478	 -0.090	  0.873
	 -0.299	 -0.952	  0.066

7 	  37.65	  -7.24	  -2.23
	  0.684	 -0.728	  0.052
	  0.714	  0.654	 -0.250
	  0.147	  0.207	  0.967

8 	  39.01	  -9.51	   9.54
	  0.744	 -0.315	  0.590
	 -0.273	 -0.948	 -0.162
	  0.610	 -0.040	 -0.791

9 	  47.94	 -12.81	   5.48
	  0.851	  0.021	 -0.525
	 -0.525	  0.057	 -0.849
	  0.011	  0.998	  0.059

2 	  32.64	  -6.87	  22.97
	 -0.053	  0.996	 -0.068
	 -0.998	 -0.054	 -0.012
	 -0.016	  0.067	  0.997

3 	  43.29	  -0.74	   2.74
	  0.561	  0.328	  0.760
	 -0.548	  0.835	  0.044
	 -0.620	 -0.442	  0.648

4 	  35.68	   4.06	  -2.18
	  0.492	  0.768	 -0.411
	 -0.708	  0.627	  0.324
	  0.506	  0.131	  0.852

5 	  38.95	   7.40	  10.12
	  0.836	 -0.017	  0.548
	 -0.243	 -0.908	  0.342
	  0.492	 -0.419	 -0.763

6 	  47.95	   5.75	   5.68
	  0.827	 -0.289	 -0.482
	  0.476	 -0.094	  0.874
	 -0.299	 -0.952	  0.060

7 	  37.63	  -7.24	  -2.23
	  0.683	 -0.728	  0.051
	  0.714	  0.653	 -0.251
	  0.149	  0.208	  0.966

8 	  38.99	  -9.51	   9.54
	  0.737	 -0.323	  0.593
	 -0.286	 -0.945	 -0.159
	  0.611	 -0.052	 -0.789

9 	  47.85	 -13.04	   5.47
	  0.847	 -0.003	 -0.531
	 -0.530	  0.055	 -0.846
	  0.032	  0.998	  0.045

2 	  32.64	  -6.87	  22.97
	 -0.053	  0.996	 -0.068
	 -0.998	 -0.054	 -0.012
	 -0.016	  0.067	  0.997

3 	  43.29	  -0.72	   2.71
	  0.562	  0.328	  0.759
	 -0.548	  0.835	  0.045
	 -0.620	 -0.441	  0.649

4 	  35.67	   4.06	  -2.20
	  0.491	  0.768	 -0.411
	 -0.708	  0.627	  0.324
	  0.507	  0.132	  0.852

5 	  38.95	   7.38	  10.12
	  0.836	 -0.017	  0.548
	 -0.243	 -0.907	  0.342
	  0.492	 -0.419	 -0.763

6 	  47.99	   5.73	   5.66
	  0.826	 -0.290	 -0.483
	  0.476	 -0.097	  0.874
	 -0.300	 -0.952	  0.058

7 	  37.63	  -7.24	  -2.25
	  0.681	 -0.730	  0.050
	  0.716	  0.651	 -0.253
	  0.151	  0.208	  0.966

8 	  38.97	  -9.49	   9.56
	  0.732	 -0.330	  0.596
	 -0.299	 -0.942	 -0.154
	  0.612	 -0.065	 -0.788

9 	  47.67	 -13.36	   5.47
	  0.841	 -0.042	 -0.540
	 -0.537	  0.053	 -0.841
	  0.064	  0.997	  0.023

2 	  32.64	  -6.87	  22.97
	 -0.053	  0.996	 -0.068
	 -0.998	 -0.054	 -0.012
	 -0.016	  0.067	  0.997

3 	  43.29	  -0.72	   2.69
	  0.564	  0.328	  0.758
	 -0.547	  0.836	  0.045
	 -0.619	 -0.439	  0.650

4 	  35.65	   4.04	  -2.21
	  0.489	  0.768	 -0.413
	 -0.709	  0.626	  0.324
	  0.508	  0.134	  0.851

5 	  38.95	   7.38	  10.09
	  0.837	 -0.016	  0.547
	 -0.242	 -0.908	  0.342
	  0.491	 -0.419	 -0.764

6 	  47.97	   5.73	   5.64
	  0.826	 -0.288	 -0.483
	  0.476	 -0.098	  0.874
	 -0.299	 -0.952	  0.056

7 	  37.62	  -7.24	  -2.25
	  0.679	 -0.732	  0.050
	  0.718	  0.648	 -0.253
	  0.152	  0.208	  0.966

8 	  38.94	  -9.47	   9.54
	  0.715	 -0.358	  0.600
	 -0.344	 -0.928	 -0.145
	  0.609	 -0.103	 -0.787

9 	  47.20	 -14.20	   5.45
	  0.816	 -0.134	 -0.562
	 -0.563	  0.032	 -0.826
	  0.129	  0.990	 -0.049

2 	  32.64	  -6.87	  22.97
	 -0.053	  0.996	 -0.068
	 -0.998	 -0.054	 -0.012
	 -0.016	  0.067	  0.997

3 	  43.31	  -0.69	   2.67
	  0.565	  0.329	  0.757
	 -0.546	  0.837	  0.043
	 -0.619	 -0.438	  0.652

4 	  35.61	   4.03	  -2.23
	  0.485	  0.769	 -0.416
	 -0.711	  0.624	  0.325
	  0.510	  0.138	  0.849

5 	  38.94	   7.40	  10.07
	  0.838	 -0.011	  0.545
	 -0.236	 -0.909	  0.343
	  0.491	 -0.416	 -0.765

6 	  47.97	   5.78	   5.64
	  0.827	 -0.284	 -0.485
	  0.477	 -0.101	  0.873
	 -0.297	 -0.953	  0.052

7 	  37.49	  -7.21	  -2.25
	  0.663	 -0.747	  0.047
	  0.731	  0.633	 -0.252
	  0.159	  0.202	  0.966

8 	  38.83	  -9.51	   9.53
	  0.688	 -0.402	  0.603
	 -0.412	 -0.902	 -0.132
	  0.597	 -0.158	 -0.786

9 	  46.48	 -15.21	   5.40
	  0.775	 -0.240	 -0.584
	 -0.600	  0.011	 -0.800
	  0.198	  0.971	 -0.135

2 	  32.62	  -6.89	  22.97
	 -0.053	  0.996	 -0.068
	 -0.998	 -0.054	 -0.012
	 -0.016	  0.067	  0.997

3 	  43.29	  -0.72	   2.60
	  0.571	  0.328	  0.752
	 -0.536	  0.843	  0.039
	 -0.621	 -0.426	  0.657

4 	  35.61	   4.04	  -2.23
	  0.484	  0.769	 -0.417
	 -0.711	  0.624	  0.326
	  0.510	  0.138	  0.849

5 	  38.94	   7.38	  10.07
	  0.839	 -0.011	  0.543
	 -0.235	 -0.909	  0.343
	  0.490	 -0.416	 -0.766

6 	  47.94	   5.78	   5.59
	  0.826	 -0.282	 -0.488
	  0.479	 -0.105	  0.871
	 -0.297	 -0.954	  0.048

7 	  37.39	  -7.19	  -2.29
	  0.646	 -0.762	  0.042
	  0.746	  0.618	 -0.248
	  0.163	  0.191	  0.968

8 	  38.65	  -9.60	   9.51
	  0.659	 -0.453	  0.600
	 -0.482	 -0.867	 -0.125
	  0.577	 -0.207	 -0.790

9 	  45.77	 -16.21	   5.52
	  0.725	 -0.354	 -0.590
	 -0.645	 -0.048	 -0.763
	  0.242	  0.934	 -0.263

2 	  32.64	  -6.87	  22.97
	 -0.053	  0.996	 -0.068
	 -0.998	 -0.054	 -0.012
	 -0.016	  0.067	  0.997

3 	  43.29	  -0.74	   2.55
	  0.576	  0.326	  0.749
	 -0.529	  0.848	  0.037
	 -0.623	 -0.417	  0.661

4 	  35.58	   4.04	  -2.23
	  0.484	  0.769	 -0.417
	 -0.710	  0.623	  0.326
	  0.511	  0.138	  0.848

5 	  38.94	   7.40	  10.07
	  0.839	 -0.010	  0.543
	 -0.233	 -0.910	  0.343
	  0.491	 -0.415	 -0.766

6 	  47.94	   5.84	   5.54
	  0.825	 -0.278	 -0.492
	  0.482	 -0.109	  0.869
	 -0.295	 -0.954	  0.044

7 	  37.27	  -7.14	  -2.27
	  0.629	 -0.776	  0.037
	  0.760	  0.604	 -0.240
	  0.163	  0.179	  0.970

8 	  38.53	  -9.74	   9.47
	  0.627	 -0.504	  0.594
	 -0.552	 -0.825	 -0.117
	  0.549	 -0.255	 -0.796

9 	  45.05	 -17.17	   5.89
	  0.672	 -0.475	 -0.569
	 -0.691	 -0.123	 -0.713
	  0.268	  0.871	 -0.410

2 	  32.64	  -6.87	  22.97
	 -0.053	  0.996	 -0.068
	 -0.998	 -0.054	 -0.012
	 -0.016	  0.067	  0.997

3 	  43.28	  -0.76	   2.53
	  0.579	  0.326	  0.747
	 -0.522	  0.852	  0.032
	 -0.626	 -0.408	  0.664

4 	  35.56	   4.03	  -2.23
	  0.483	  0.770	 -0.417
	 -0.710	  0.623	  0.328
	  0.512	  0.138	  0.848

5 	  38.92	   7.37	  10.05
	  0.841	 -0.008	  0.541
	 -0.229	 -0.911	  0.342
	  0.490	 -0.412	 -0.768

6 	  47.88	   5.84	   5.50
	  0.824	 -0.276	 -0.494
	  0.483	 -0.111	  0.868
	 -0.294	 -0.955	  0.041

7 	  37.16	  -7.12	  -2.29
	  0.613	 -0.790	  0.032
	  0.773	  0.590	 -0.232
	  0.164	  0.167	  0.972

8 	  38.41	  -9.76	   9.46
	  0.605	 -0.531	  0.593
	 -0.596	 -0.796	 -0.105
	  0.528	 -0.290	 -0.798

9 	  44.56	 -17.81	   6.49
	  0.611	 -0.591	 -0.527
	 -0.752	 -0.227	 -0.619
	  0.246	  0.774	 -0.583

2 	  32.64	  -6.87	  22.97
	 -0.054	  0.996	 -0.068
	 -0.998	 -0.055	 -0.012
	 -0.016	  0.067	  0.997

3 	  43.24	  -0.77	   2.51
	  0.582	  0.324	  0.746
	 -0.516	  0.856	  0.030
	 -0.629	 -0.402	  0.665

4 	  35.54	   4.04	  -2.23
	  0.482	  0.770	 -0.417
	 -0.710	  0.623	  0.328
	  0.513	  0.138	  0.847

5 	  38.90	   7.37	  10.05
	  0.841	 -0.007	  0.541
	 -0.228	 -0.912	  0.342
	  0.491	 -0.411	 -0.768

6 	  47.88	   5.85	   5.50
	  0.824	 -0.273	 -0.496
	  0.484	 -0.113	  0.868
	 -0.293	 -0.955	  0.039

7 	  37.12	  -7.14	  -2.29
	  0.601	 -0.798	  0.033
	  0.782	  0.579	 -0.230
	  0.164	  0.165	  0.972

8 	  38.36	  -9.77	   9.46
	  0.589	 -0.536	  0.605
	 -0.615	 -0.782	 -0.094
	  0.524	 -0.317	 -0.791

9 	  44.38	 -18.02	   6.70
	  0.592	 -0.627	 -0.507
	 -0.767	 -0.246	 -0.592
	  0.246	  0.739	 -0.627

2 	  32.64	  -6.87	  22.97
	 -0.053	  0.996	 -0.068
	 -0.998	 -0.054	 -0.012
	 -0.016	  0.067	  0.997

3 	  43.22	  -0.79	   2.51
	  0.582	  0.324	  0.746
	 -0.514	  0.857	  0.029
	 -0.630	 -0.401	  0.665

4 	  35.54	   4.03	  -2.23
	  0.483	  0.769	 -0.418
	 -0.710	  0.624	  0.328
	  0.513	  0.138	  0.847

5 	  38.90	   7.37	  10.05
	  0.841	 -0.007	  0.541
	 -0.228	 -0.912	  0.342
	  0.490	 -0.411	 -0.768

6 	  47.87	   5.84	   5.48
	  0.824	 -0.273	 -0.496
	  0.484	 -0.114	  0.867
	 -0.293	 -0.955	  0.038

7 	  37.11	  -7.15	  -2.29
	  0.601	 -0.799	  0.035
	  0.782	  0.578	 -0.231
	  0.164	  0.166	  0.972

8 	  38.48	  -9.76	   9.47
	  0.607	 -0.521	  0.600
	 -0.591	 -0.801	 -0.098
	  0.531	 -0.295	 -0.794

9 	  44.67	 -17.86	   6.66
	  0.609	 -0.610	 -0.506
	 -0.757	 -0.260	 -0.599
	  0.234	  0.749	 -0.620

2 	  32.64	  -6.87	  22.97
	 -0.053	  0.996	 -0.068
	 -0.998	 -0.054	 -0.012
	 -0.016	  0.067	  0.997

3 	  43.24	  -0.79	   2.51
	  0.582	  0.324	  0.746
	 -0.515	  0.856	  0.030
	 -0.630	 -0.402	  0.665

4 	  35.54	   4.01	  -2.23
	  0.483	  0.769	 -0.419
	 -0.709	  0.624	  0.328
	  0.513	  0.138	  0.847

5 	  38.90	   7.35	  10.04
	  0.841	 -0.008	  0.540
	 -0.229	 -0.911	  0.342
	  0.489	 -0.412	 -0.769

6 	  47.90	   5.82	   5.50
	  0.823	 -0.276	 -0.495
	  0.483	 -0.115	  0.868
	 -0.297	 -0.954	  0.038

7 	  37.18	  -7.17	  -2.30
	  0.612	 -0.790	  0.037
	  0.773	  0.588	 -0.236
	  0.164	  0.173	  0.971

8 	  38.60	  -9.70	   9.49
	  0.637	 -0.497	  0.589
	 -0.550	 -0.829	 -0.104
	  0.540	 -0.258	 -0.801

9 	  45.40	 -17.24	   6.64
	  0.659	 -0.553	 -0.509
	 -0.725	 -0.289	 -0.625
	  0.198	  0.781	 -0.592

2 	  32.64	  -6.87	  22.97
	 -0.053	  0.996	 -0.068
	 -0.998	 -0.054	 -0.012
	 -0.016	  0.067	  0.997

3 	  43.24	  -0.77	   2.53
	  0.579	  0.326	  0.747
	 -0.522	  0.852	  0.032
	 -0.626	 -0.409	  0.664

4 	  35.54	   4.01	  -2.23
	  0.482	  0.768	 -0.420
	 -0.709	  0.624	  0.328
	  0.514	  0.139	  0.846

5 	  38.92	   7.37	  10.02
	  0.842	 -0.011	  0.539
	 -0.233	 -0.909	  0.345
	  0.486	 -0.416	 -0.768

6 	  47.88	   5.70	   5.50
	  0.822	 -0.285	 -0.492
	  0.479	 -0.117	  0.870
	 -0.305	 -0.951	  0.040

7 	  37.21	  -7.15	  -2.30
	  0.621	 -0.783	  0.037
	  0.766	  0.597	 -0.237
	  0.164	  0.176	  0.971

8 	  38.71	  -9.72	   9.46
	  0.672	 -0.475	  0.568
	 -0.505	 -0.855	 -0.118
	  0.541	 -0.207	 -0.815

9 	  46.25	 -16.37	   6.38
	  0.729	 -0.446	 -0.519
	 -0.668	 -0.297	 -0.683
	  0.150	  0.845	 -0.514

2 	  32.62	  -6.87	  22.99
	 -0.053	  0.996	 -0.068
	 -0.998	 -0.054	 -0.013
	 -0.016	  0.067	  0.997

3 	  43.26	  -0.77	   2.55
	  0.578	  0.326	  0.748
	 -0.526	  0.850	  0.035
	 -0.625	 -0.413	  0.662

4 	  35.54	   4.01	  -2.23
	  0.483	  0.768	 -0.420
	 -0.709	  0.625	  0.328
	  0.514	  0.139	  0.846

5 	  39.01	   7.37	  10.00
	  0.843	 -0.024	  0.537
	 -0.249	 -0.903	  0.350
	  0.476	 -0.429	 -0.768

6 	  47.95	   5.52	   5.52
	  0.817	 -0.310	 -0.485
	  0.473	 -0.118	  0.873
	 -0.328	 -0.943	  0.050

7 	  37.25	  -7.14	  -2.30
	  0.628	 -0.777	  0.035
	  0.761	  0.604	 -0.236
	  0.162	  0.174	  0.971

8 	  38.78	  -9.97	   9.47
	  0.714	 -0.475	  0.515
	 -0.463	 -0.871	 -0.163
	  0.526	 -0.122	 -0.842

9 	  47.48	 -14.59	   5.75
	  0.862	 -0.138	 -0.487
	 -0.505	 -0.155	 -0.849
	  0.042	  0.978	 -0.204

2 	  32.62	  -6.86	  22.99
	 -0.054	  0.996	 -0.068
	 -0.998	 -0.055	 -0.012
	 -0.016	  0.067	  0.997

3 	  43.26	  -0.77	   2.55
	  0.577	  0.327	  0.748
	 -0.526	  0.849	  0.035
	 -0.625	 -0.414	  0.662

4 	  35.60	   3.99	  -2.27
	  0.490	  0.762	 -0.423
	 -0.703	  0.632	  0.326
	  0.516	  0.137	  0.846

5 	  39.09	   7.31	   9.97
	  0.843	 -0.042	  0.537
	 -0.271	 -0.894	  0.356
	  0.465	 -0.446	 -0.765

6 	  47.99	   5.13	   5.48
	  0.808	 -0.347	 -0.477
	  0.468	 -0.115	  0.876
	 -0.359	 -0.931	  0.069

7 	  37.23	  -7.15	  -2.29
	  0.635	 -0.772	  0.029
	  0.755	  0.613	 -0.232
	  0.161	  0.169	  0.972

8 	  38.71	 -10.90	   8.89
	  0.756	 -0.431	  0.491
	 -0.325	 -0.900	 -0.289
	  0.567	  0.059	 -0.822

9 	  48.55	 -11.21	   5.70
	  0.884	  0.356	 -0.302
	 -0.381	  0.177	 -0.907
	 -0.270	  0.917	  0.292

2 	  32.62	  -6.87	  22.99
	 -0.054	  0.996	 -0.068
	 -0.998	 -0.055	 -0.012
	 -0.016	  0.067	  0.997

3 	  43.26	  -0.81	   2.57
	  0.577	  0.326	  0.749
	 -0.526	  0.849	  0.036
	 -0.625	 -0.415	  0.661

4 	  35.61	   3.97	  -2.27
	  0.496	  0.758	 -0.423
	 -0.698	  0.638	  0.325
	  0.517	  0.134	  0.845

5 	  39.16	   7.37	   9.95
	  0.841	 -0.055	  0.537
	 -0.289	 -0.886	  0.362
	  0.456	 -0.460	 -0.762

6 	  48.02	   4.85	   5.54
	  0.797	 -0.382	 -0.468
	  0.461	 -0.114	  0.880
	 -0.390	 -0.917	  0.086

7 	  37.34	  -7.17	  -2.34
	  0.667	 -0.744	  0.031
	  0.730	  0.646	 -0.224
	  0.147	  0.172	  0.974

8 	  39.23	 -11.30	   8.49
	  0.800	 -0.239	  0.551
	  0.016	 -0.908	 -0.418
	  0.600	  0.343	 -0.723

9 	  48.59	  -7.35	   6.52
	  0.682	  0.723	 -0.105
	 -0.477	  0.332	 -0.814
	 -0.554	  0.605	  0.572

2 	  32.62	  -6.87	  22.99
	 -0.053	  0.996	 -0.068
	 -0.998	 -0.054	 -0.012
	 -0.016	  0.067	  0.997

3 	  43.26	  -0.83	   2.62
	  0.570	  0.331	  0.752
	 -0.540	  0.840	  0.039
	 -0.619	 -0.429	  0.658

4 	  35.63	   3.97	  -2.29
	  0.498	  0.756	 -0.424
	 -0.695	  0.641	  0.326
	  0.518	  0.132	  0.845

5 	  39.18	   7.38	   9.91
	  0.838	 -0.065	  0.541
	 -0.304	 -0.879	  0.366
	  0.452	 -0.472	 -0.757

6 	  47.97	   4.52	   5.66
	  0.786	 -0.429	 -0.443
	  0.445	 -0.102	  0.889
	 -0.427	 -0.897	  0.111

7 	  37.48	  -7.12	  -2.32
	  0.696	 -0.717	  0.030
	  0.706	  0.677	 -0.208
	  0.128	  0.166	  0.978

8 	  39.99	 -11.02	   8.46
	  0.810	 -0.084	  0.580
	  0.229	 -0.866	 -0.445
	  0.539	  0.493	 -0.683

9 	  48.15	  -4.78	   6.86
	  0.486	  0.874	 -0.015
	 -0.596	  0.318	 -0.737
	 -0.639	  0.367	  0.676

2 	  32.62	  -6.87	  22.99
	 -0.053	  0.996	 -0.068
	 -0.998	 -0.054	 -0.012
	 -0.016	  0.067	  0.997

3 	  43.28	  -0.77	   2.64
	  0.566	  0.337	  0.752
	 -0.550	  0.834	  0.040
	 -0.614	 -0.437	  0.657

4 	  35.67	   4.01	  -2.32
	  0.500	  0.754	 -0.426
	 -0.689	  0.644	  0.332
	  0.525	  0.128	  0.841

5 	  39.11	   7.45	   9.91
	  0.828	 -0.077	  0.555
	 -0.326	 -0.872	  0.366
	  0.455	 -0.484	 -0.747

6 	  47.97	   4.18	   5.94
	  0.771	 -0.493	 -0.403
	  0.416	 -0.089	  0.905
	 -0.482	 -0.865	  0.137

7 	  37.55	  -7.10	  -2.32
	  0.710	 -0.704	  0.022
	  0.693	  0.693	 -0.196
	  0.123	  0.154	  0.980

8 	  40.41	 -10.83	   8.42
	  0.809	 -0.002	  0.587
	  0.326	 -0.830	 -0.452
	  0.488	  0.557	 -0.672

9 	  47.92	  -3.78	   7.10
	  0.401	  0.916	  0.024
	 -0.635	  0.296	 -0.713
	 -0.660	  0.270	  0.701

2 	  32.62	  -6.87	  22.99
	 -0.053	  0.996	 -0.068
	 -0.998	 -0.054	 -0.012
	 -0.016	  0.067	  0.997

3 	  43.28	  -0.76	   2.64
	  0.564	  0.338	  0.753
	 -0.552	  0.833	  0.039
	 -0.615	 -0.438	  0.656

4 	  35.75	   4.04	  -2.32
	  0.506	  0.750	 -0.426
	 -0.682	  0.650	  0.335
	  0.528	  0.120	  0.840

5 	  39.09	   7.49	   9.90
	  0.815	 -0.097	  0.571
	 -0.359	 -0.859	  0.365
	  0.455	 -0.503	 -0.735

6 	  47.83	   3.43	   6.21
	  0.713	 -0.622	 -0.323
	  0.379	 -0.045	  0.924
	 -0.589	 -0.782	  0.203

7 	  37.53	  -7.12	  -2.34
	  0.713	 -0.701	  0.014
	  0.689	  0.698	 -0.193
	  0.125	  0.147	  0.981

8 	  40.46	 -10.76	   8.44
	  0.800	  0.024	  0.599
	  0.360	 -0.818	 -0.448
	  0.479	  0.574	 -0.664

9 	  47.76	  -3.38	   7.26
	  0.366	  0.929	  0.040
	 -0.638	  0.282	 -0.716
	 -0.677	  0.236	  0.697

2 	  32.62	  -6.87	  22.97
	 -0.053	  0.996	 -0.068
	 -0.998	 -0.054	 -0.012
	 -0.016	  0.067	  0.997

3 	  43.28	  -0.77	   2.67
	  0.563	  0.337	  0.754
	 -0.552	  0.833	  0.039
	 -0.616	 -0.438	  0.655

4 	  35.81	   4.04	  -2.34
	  0.513	  0.743	 -0.429
	 -0.673	  0.659	  0.335
	  0.532	  0.117	  0.839

5 	  39.11	   7.75	   9.84
	  0.785	 -0.139	  0.604
	 -0.434	 -0.818	  0.377
	  0.442	 -0.558	 -0.702

6 	  47.57	   2.39	   6.82
	  0.613	 -0.761	 -0.211
	  0.343	  0.017	  0.939
	 -0.711	 -0.648	  0.271

7 	  37.53	  -7.12	  -2.34
	  0.713	 -0.701	  0.013
	  0.689	  0.698	 -0.192
	  0.125	  0.146	  0.981

8 	  40.32	 -10.71	   8.54
	  0.790	  0.026	  0.612
	  0.363	 -0.825	 -0.433
	  0.493	  0.564	 -0.662

9 	  47.55	  -3.59	   7.82
	  0.410	  0.912	  0.008
	 -0.562	  0.260	 -0.785
	 -0.718	  0.317	  0.619

2 	  32.64	  -6.87	  22.97
	 -0.053	  0.996	 -0.068
	 -0.998	 -0.054	 -0.012
	 -0.016	  0.067	  0.997

3 	  43.28	  -0.81	   2.69
	  0.562	  0.338	  0.754
	 -0.549	  0.835	  0.035
	 -0.618	 -0.434	  0.655

4 	  35.86	   4.03	  -2.34
	  0.522	  0.736	 -0.431
	 -0.663	  0.668	  0.338
	  0.536	  0.109	  0.837

5 	  39.15	   7.77	   9.84
	  0.775	 -0.151	  0.613
	 -0.458	 -0.804	  0.380
	  0.435	 -0.575	 -0.693

6 	  47.48	   2.21	   6.93
	  0.600	 -0.775	 -0.197
	  0.362	  0.044	  0.931
	 -0.713	 -0.630	  0.307

7 	  37.49	  -7.19	  -2.32
	  0.707	 -0.707	  0.015
	  0.695	  0.691	 -0.196
	  0.128	  0.149	  0.980

8 	  39.97	 -10.69	   8.68
	  0.773	  0.020	  0.634
	  0.355	 -0.842	 -0.406
	  0.526	  0.539	 -0.658

9 	  47.44	  -3.62	   8.00
	  0.410	  0.911	  0.045
	 -0.514	  0.271	 -0.814
	 -0.754	  0.311	  0.579

2 	  32.64	  -6.87	  22.97
	 -0.053	  0.996	 -0.068
	 -0.998	 -0.054	 -0.012
	 -0.016	  0.067	  0.997

3 	  43.28	  -0.91	   2.71
	  0.563	  0.336	  0.755
	 -0.541	  0.840	  0.030
	 -0.625	 -0.425	  0.655

4 	  35.89	   4.01	  -2.36
	  0.527	  0.733	 -0.430
	 -0.659	  0.672	  0.339
	  0.537	  0.104	  0.837

5 	  39.34	   7.89	   9.74
	  0.772	 -0.170	  0.612
	 -0.485	 -0.780	  0.395
	  0.410	 -0.602	 -0.685

6 	  47.36	   1.99	   7.01
	  0.564	 -0.813	 -0.146
	  0.426	  0.135	  0.895
	 -0.708	 -0.567	  0.422

7 	  37.51	  -7.22	  -2.29
	  0.705	 -0.709	  0.019
	  0.697	  0.688	 -0.200
	  0.129	  0.154	  0.979

8 	  39.60	 -10.63	   8.84
	  0.742	  0.018	  0.670
	  0.358	 -0.856	 -0.374
	  0.567	  0.517	 -0.641

9 	  47.32	  -3.69	   8.61
	  0.431	  0.901	  0.043
	 -0.431	  0.248	 -0.867
	 -0.792	  0.355	  0.496

2 	  32.64	  -6.87	  22.97
	 -0.053	  0.996	 -0.068
	 -0.998	 -0.054	 -0.012
	 -0.016	  0.067	  0.997

3 	  43.29	  -0.93	   2.76
	  0.562	  0.337	  0.756
	 -0.539	  0.842	  0.025
	 -0.628	 -0.421	  0.654

4 	  35.96	   4.03	  -2.36
	  0.534	  0.731	 -0.425
	 -0.655	  0.675	  0.339
	  0.535	  0.097	  0.839

5 	  39.36	   7.91	   9.76
	  0.768	 -0.176	  0.616
	 -0.494	 -0.775	  0.394
	  0.408	 -0.607	 -0.682

6 	  47.34	   1.76	   7.19
	  0.549	 -0.828	 -0.117
	  0.445	  0.171	  0.879
	 -0.707	 -0.535	  0.462

7 	  37.53	  -7.28	  -2.23
	  0.696	 -0.717	  0.030
	  0.706	  0.677	 -0.207
	  0.128	  0.165	  0.978

8 	  39.25	 -10.46	   9.11
	  0.721	  0.014	  0.693
	  0.335	 -0.882	 -0.331
	  0.606	  0.470	 -0.641

9 	  47.23	  -3.81	   9.02
	  0.455	  0.890	  0.029
	 -0.385	  0.226	 -0.895
	 -0.803	  0.396	  0.445

2 	  32.62	  -6.89	  22.97
	 -0.053	  0.996	 -0.068
	 -0.998	 -0.054	 -0.012
	 -0.016	  0.067	  0.997

3 	  43.31	  -0.95	   2.79
	  0.559	  0.337	  0.757
	 -0.534	  0.845	  0.018
	 -0.634	 -0.415	  0.653

4 	  36.00	   4.03	  -2.37
	  0.540	  0.728	 -0.421
	 -0.652	  0.679	  0.338
	  0.532	  0.092	  0.841

5 	  39.45	   7.86	   9.77
	  0.763	 -0.186	  0.619
	 -0.506	 -0.767	  0.393
	  0.401	 -0.613	 -0.680

6 	  47.41	   1.69	   7.28
	  0.543	 -0.833	 -0.106
	  0.439	  0.174	  0.881
	 -0.715	 -0.525	  0.460

7 	  37.51	  -7.31	  -2.23
	  0.689	 -0.724	  0.036
	  0.713	  0.669	 -0.209
	  0.127	  0.169	  0.977

8 	  39.15	 -10.46	   9.16
	  0.715	  0.013	  0.699
	  0.326	 -0.890	 -0.317
	  0.618	  0.455	 -0.641

9 	  47.29	  -3.92	   9.09
	  0.461	  0.887	  0.019
	 -0.362	  0.207	 -0.909
	 -0.810	  0.412	  0.417

2 	  32.64	  -6.87	  22.97
	 -0.053	  0.996	 -0.068
	 -0.998	 -0.054	 -0.012
	 -0.016	  0.067	  0.997

3 	  43.33	  -0.98	   2.79
	  0.559	  0.336	  0.758
	 -0.529	  0.848	  0.015
	 -0.638	 -0.409	  0.652

4 	  36.02	   4.01	  -2.37
	  0.542	  0.728	 -0.420
	 -0.651	  0.679	  0.338
	  0.531	  0.090	  0.842

5 	  39.43	   7.84	   9.79
	  0.762	 -0.186	  0.620
	 -0.506	 -0.768	  0.392
	  0.403	 -0.613	 -0.680

6 	  47.39	   1.65	   7.42
	  0.541	 -0.835	 -0.099
	  0.428	  0.173	  0.887
	 -0.724	 -0.522	  0.451

7 	  37.51	  -7.33	  -2.21
	  0.685	 -0.727	  0.038
	  0.717	  0.665	 -0.209
	  0.126	  0.170	  0.977

8 	  39.09	 -10.46	   9.18
	  0.712	  0.013	  0.701
	  0.323	 -0.894	 -0.312
	  0.623	  0.448	 -0.641

9 	  47.27	  -3.94	   9.11
	  0.460	  0.887	  0.018
	 -0.359	  0.205	 -0.911
	 -0.812	  0.412	  0.413

2 	  32.64	  -6.87	  22.97
	 -0.053	  0.996	 -0.068
	 -0.998	 -0.054	 -0.012
	 -0.016	  0.067	  0.997

3 	  43.31	  -1.00	   2.79
	  0.560	  0.336	  0.757
	 -0.529	  0.848	  0.015
	 -0.638	 -0.409	  0.652

4 	  36.00	   4.01	  -2.37
	  0.541	  0.729	 -0.420
	 -0.652	  0.679	  0.338
	  0.531	  0.090	  0.842

5 	  39.38	   7.88	   9.81
	  0.762	 -0.178	  0.623
	 -0.500	 -0.773	  0.390
	  0.412	 -0.609	 -0.678

6 	  47.37	   1.67	   7.45
