2 	  32.64	  -6.87	  22.97
	 -0.053	  0.996	 -0.068
	 -0.998	 -0.054	 -0.012
	 -0.016	  0.067	  0.997

3 	  43.33	  -0.90	   2.50
	  0.567	  0.336	  0.752
	 -0.528	  0.849	  0.018
	 -0.632	 -0.408	  0.658

4 	  35.88	   4.01	  -2.53
	  0.524	  0.723	 -0.449
	 -0.642	  0.682	  0.349
	  0.559	  0.105	  0.822

5 	  39.39	   7.82	   9.56
	  0.768	 -0.182	  0.614
	 -0.498	 -0.772	  0.394
	  0.402	 -0.608	 -0.684

6 	  47.34	   1.65	   6.82
	  0.525	 -0.840	 -0.136
	  0.473	  0.155	  0.867
	 -0.707	 -0.519	  0.479

7 	  37.37	  -7.12	  -2.53
	  0.690	 -0.724	 -0.018
	  0.704	  0.677	 -0.214
	  0.166	  0.135	  0.977

8 	  39.30	 -10.46	   8.70
	  0.734	  0.001	  0.679
	  0.321	 -0.882	 -0.346
	  0.598	  0.472	 -0.647

9 	  47.18	  -3.73	   8.54
	  0.429	  0.903	  0.007
	 -0.379	  0.187	 -0.906
	 -0.820	  0.386	  0.423

2 	  32.64	  -6.87	  22.97
	 -0.053	  0.996	 -0.068
	 -0.998	 -0.054	 -0.012
	 -0.016	  0.067	  0.997

3 	  43.31	  -0.91	   2.51
	  0.566	  0.335	  0.753
	 -0.528	  0.849	  0.018
	 -0.633	 -0.408	  0.658

4 	  35.89	   4.03	  -2.53
	  0.524	  0.724	 -0.448
	 -0.643	  0.682	  0.349
	  0.558	  0.105	  0.823

5 	  39.39	   7.82	   9.58
	  0.767	 -0.183	  0.614
	 -0.499	 -0.772	  0.393
	  0.403	 -0.608	 -0.684

6 	  47.32	   1.65	   6.82
	  0.525	 -0.840	 -0.136
	  0.473	  0.156	  0.867
	 -0.707	 -0.520	  0.479

7 	  37.37	  -7.12	  -2.53
	  0.689	 -0.724	 -0.017
	  0.705	  0.676	 -0.213
	  0.166	  0.135	  0.977

8 	  39.30	 -10.44	   8.70
	  0.733	  0.001	  0.680
	  0.321	 -0.882	 -0.346
	  0.599	  0.472	 -0.647

9 	  47.18	  -3.73	   8.53
	  0.429	  0.903	  0.007
	 -0.379	  0.187	 -0.906
	 -0.820	  0.386	  0.422

2 	  32.64	  -6.87	  22.97
	 -0.053	  0.996	 -0.068
	 -0.998	 -0.054	 -0.012
	 -0.016	  0.067	  0.997

3 	  43.31	  -0.90	   2.51
	  0.565	  0.335	  0.753
	 -0.528	  0.849	  0.018
	 -0.634	 -0.408	  0.657

4 	  35.89	   4.03	  -2.53
	  0.525	  0.724	 -0.448
	 -0.643	  0.682	  0.349
	  0.557	  0.105	  0.823

5 	  39.39	   7.80	   9.60
	  0.767	 -0.183	  0.615
	 -0.499	 -0.773	  0.392
	  0.403	 -0.608	 -0.684

6 	  47.32	   1.65	   6.84
	  0.525	 -0.840	 -0.135
	  0.473	  0.156	  0.867
	 -0.707	 -0.520	  0.479

7 	  37.39	  -7.10	  -2.53
	  0.689	 -0.724	 -0.017
	  0.705	  0.676	 -0.213
	  0.165	  0.135	  0.977

8 	  39.30	 -10.44	   8.72
	  0.733	  0.000	  0.680
	  0.321	 -0.882	 -0.345
	  0.599	  0.472	 -0.647

9 	  47.18	  -3.71	   8.56
	  0.429	  0.903	  0.007
	 -0.379	  0.186	 -0.906
	 -0.820	  0.386	  0.422

2 	  32.62	  -6.89	  22.97
	 -0.053	  0.996	 -0.068
	 -0.998	 -0.054	 -0.012
	 -0.016	  0.067	  0.997

3 	  43.31	  -0.91	   2.53
	  0.565	  0.335	  0.754
	 -0.528	  0.849	  0.018
	 -0.634	 -0.409	  0.656

4 	  35.89	   4.03	  -2.53
	  0.526	  0.723	 -0.447
	 -0.643	  0.682	  0.348
	  0.557	  0.104	  0.824

5 	  39.39	   7.80	   9.60
	  0.766	 -0.183	  0.616
	 -0.500	 -0.773	  0.392
	  0.404	 -0.608	 -0.684

6 	  47.32	   1.65	   6.84
	  0.527	 -0.838	 -0.139
	  0.475	  0.155	  0.866
	 -0.704	 -0.523	  0.479

7 	  37.41	  -7.10	  -2.55
	  0.694	 -0.720	 -0.017
	  0.701	  0.681	 -0.210
	  0.162	  0.134	  0.977

8 	  39.34	 -10.41	   8.74
	  0.735	 -0.000	  0.678
	  0.318	 -0.883	 -0.345
	  0.598	  0.469	 -0.649

9 	  47.43	  -3.81	   8.24
	  0.439	  0.898	  0.008
	 -0.439	  0.222	 -0.871
	 -0.784	  0.379	  0.492

2 	  32.64	  -6.87	  22.97
	 -0.053	  0.996	 -0.068
	 -0.998	 -0.054	 -0.012
	 -0.016	  0.067	  0.997

3 	  43.31	  -0.91	   2.53
	  0.564	  0.333	  0.755
	 -0.528	  0.849	  0.020
	 -0.635	 -0.410	  0.655

4 	  35.86	   4.03	  -2.53
	  0.526	  0.723	 -0.448
	 -0.644	  0.682	  0.346
	  0.556	  0.106	  0.824

5 	  39.38	   7.59	   9.70
	  0.783	 -0.169	  0.599
	 -0.466	 -0.797	  0.384
	  0.412	 -0.580	 -0.703

6 	  47.69	   2.32	   6.22
	  0.604	 -0.762	 -0.235
	  0.499	  0.132	  0.856
	 -0.621	 -0.634	  0.460

7 	  37.41	  -7.08	  -2.55
	  0.698	 -0.716	 -0.017
	  0.697	  0.685	 -0.211
	  0.162	  0.135	  0.977

8 	  39.38	 -10.39	   8.77
	  0.765	 -0.054	  0.642
	  0.238	 -0.902	 -0.359
	  0.598	  0.428	 -0.677

9 	  48.09	  -4.64	   7.79
	  0.541	  0.840	 -0.021
	 -0.430	  0.255	 -0.866
	 -0.722	  0.478	  0.500

2 	  32.64	  -6.87	  22.97
	 -0.053	  0.996	 -0.068
	 -0.998	 -0.054	 -0.012
	 -0.016	  0.067	  0.997

3 	  43.28	  -0.84	   2.53
	  0.561	  0.332	  0.758
	 -0.534	  0.845	  0.025
	 -0.633	 -0.419	  0.651

4 	  35.68	   3.97	  -2.46
	  0.505	  0.735	 -0.451
	 -0.667	  0.665	  0.337
	  0.548	  0.130	  0.826

5 	  39.34	   7.52	   9.67
	  0.819	 -0.106	  0.564
	 -0.377	 -0.841	  0.388
	  0.433	 -0.531	 -0.728

6 	  48.06	   3.80	   5.40
	  0.709	 -0.609	 -0.355
	  0.501	  0.081	  0.861
	 -0.496	 -0.789	  0.363

7 	  37.39	  -6.96	  -2.55
	  0.695	 -0.718	 -0.025
	  0.697	  0.682	 -0.220
	  0.175	  0.136	  0.975

8 	  39.18	 -10.39	   8.72
	  0.788	 -0.218	  0.576
	  0.003	 -0.934	 -0.358
	  0.616	  0.284	 -0.735

9 	  48.88	  -7.17	   6.68
	  0.736	  0.668	 -0.111
	 -0.403	  0.300	 -0.865
	 -0.544	  0.681	  0.490

2 	  32.62	  -6.89	  22.97
	 -0.053	  0.996	 -0.068
	 -0.998	 -0.054	 -0.012
	 -0.016	  0.067	  0.997

3 	  43.26	  -0.74	   2.48
	  0.561	  0.333	  0.758
	 -0.541	  0.840	  0.031
	 -0.627	 -0.427	  0.652

4 	  35.42	   3.92	  -2.48
	  0.467	  0.754	 -0.462
	 -0.699	  0.634	  0.329
	  0.541	  0.169	  0.824

5 	  39.30	   7.75	   9.53
	  0.858	 -0.025	  0.513
	 -0.266	 -0.876	  0.402
	  0.440	 -0.481	 -0.758

6 	  48.13	   5.33	   4.73
	  0.769	 -0.457	 -0.447
	  0.506	  0.007	  0.863
	 -0.391	 -0.890	  0.236

7 	  37.39	  -6.80	  -2.62
	  0.685	 -0.726	 -0.051
	  0.699	  0.676	 -0.234
	  0.204	  0.125	  0.971

8 	  39.18	 -10.71	   8.49
	  0.771	 -0.409	  0.488
	 -0.261	 -0.902	 -0.344
	  0.581	  0.138	 -0.802

9 	  49.01	 -10.25	   5.17
	  0.871	  0.431	 -0.235
	 -0.389	  0.312	 -0.867
	 -0.301	  0.846	  0.440

2 	  32.64	  -6.87	  22.97
	 -0.053	  0.996	 -0.068
	 -0.998	 -0.054	 -0.012
	 -0.016	  0.067	  0.997

3 	  43.28	  -0.35	   2.30
	  0.561	  0.343	  0.753
	 -0.565	  0.823	  0.046
	 -0.604	 -0.452	  0.656

4 	  35.10	   3.90	  -2.48
	  0.416	  0.778	 -0.470
	 -0.734	  0.593	  0.332
	  0.537	  0.207	  0.817

5 	  38.95	   7.95	   9.40
	  0.871	  0.042	  0.489
	 -0.186	 -0.893	  0.409
	  0.454	 -0.447	 -0.771

6 	  47.74	   6.26	   4.45
	  0.807	 -0.350	 -0.475
	  0.501	 -0.019	  0.865
	 -0.312	 -0.936	  0.160

7 	  37.44	  -6.64	  -2.69
	  0.690	 -0.720	 -0.067
	  0.689	  0.683	 -0.241
	  0.219	  0.120	  0.968

8 	  39.27	 -10.71	   8.35
	  0.732	 -0.537	  0.420
	 -0.437	 -0.842	 -0.315
	  0.523	  0.047	 -0.851

9 	  48.60	 -12.67	   4.18
	  0.920	  0.193	 -0.341
	 -0.385	  0.287	 -0.877
	 -0.072	  0.938	  0.338

2 	  32.64	  -6.87	  22.97
	 -0.053	  0.996	 -0.068
	 -0.998	 -0.054	 -0.012
	 -0.016	  0.067	  0.997

3 	  43.24	  -0.05	   2.20
	  0.559	  0.351	  0.751
	 -0.586	  0.808	  0.057
	 -0.587	 -0.472	  0.657

4 	  34.89	   3.94	  -2.46
	  0.374	  0.799	 -0.471
	 -0.761	  0.555	  0.336
	  0.530	  0.233	  0.815

5 	  38.62	   8.19	   9.40
	  0.872	  0.096	  0.480
	 -0.125	 -0.904	  0.409
	  0.473	 -0.417	 -0.776

6 	  47.55	   7.10	   4.50
	  0.831	 -0.269	 -0.487
	  0.493	 -0.048	  0.868
	 -0.258	 -0.962	  0.093

7 	  37.51	  -6.43	  -2.72
	  0.692	 -0.717	 -0.082
	  0.682	  0.688	 -0.249
	  0.234	  0.117	  0.965

8 	  39.32	 -10.60	   8.37
	  0.672	 -0.638	  0.375
	 -0.582	 -0.769	 -0.265
	  0.457	 -0.040	 -0.888

9 	  47.57	 -15.19	   3.67
	  0.894	 -0.079	 -0.441
	 -0.417	  0.216	 -0.883
	  0.165	  0.973	  0.160

2 	  32.64	  -6.87	  22.97
	 -0.054	  0.996	 -0.068
	 -0.998	 -0.055	 -0.012
	 -0.016	  0.067	  0.997

3 	  43.26	   0.12	   2.13
	  0.557	  0.356	  0.750
	 -0.595	  0.801	  0.061
	 -0.580	 -0.480	  0.658

4 	  34.80	   3.97	  -2.48
	  0.342	  0.811	 -0.474
	 -0.779	  0.526	  0.339
	  0.525	  0.253	  0.813

5 	  38.39	   8.38	   9.35
	  0.874	  0.145	  0.463
	 -0.065	 -0.910	  0.408
	  0.481	 -0.387	 -0.787

6 	  47.23	   7.93	   4.31
	  0.841	 -0.185	 -0.509
	  0.504	 -0.073	  0.860
	 -0.197	 -0.980	  0.031

7 	  37.55	  -6.29	  -2.78
	  0.684	 -0.723	 -0.096
	  0.684	  0.681	 -0.259
	  0.252	  0.111	  0.961

8 	  39.46	 -10.60	   8.17
	  0.612	 -0.719	  0.330
	 -0.690	 -0.689	 -0.221
	  0.387	 -0.093	 -0.918

9 	  46.16	 -17.33	   3.34
	  0.796	 -0.339	 -0.501
	 -0.476	  0.159	 -0.865
	  0.373	  0.927	 -0.035

2 	  32.64	  -6.87	  22.97
	 -0.053	  0.996	 -0.068
	 -0.998	 -0.054	 -0.012
	 -0.016	  0.067	  0.997

3 	  43.26	   0.25	   2.07
	  0.556	  0.359	  0.750
	 -0.599	  0.798	  0.062
	 -0.577	 -0.484	  0.658

4 	  34.65	   3.96	  -2.48
	  0.314	  0.821	 -0.476
	 -0.793	  0.502	  0.343
	  0.521	  0.269	  0.810

5 	  38.11	   8.49	   9.33
	  0.868	  0.183	  0.462
	 -0.025	 -0.913	  0.407
	  0.496	 -0.365	 -0.788

6 	  47.02	   8.49	   4.38
	  0.847	 -0.133	 -0.514
	  0.505	 -0.096	  0.858
	 -0.164	 -0.986	 -0.015

7 	  37.56	  -6.21	  -2.85
	  0.678	 -0.726	 -0.115
	  0.683	  0.680	 -0.267
	  0.271	  0.102	  0.957

8 	  39.64	 -10.92	   7.80
	  0.537	 -0.793	  0.287
	 -0.779	 -0.597	 -0.192
	  0.323	 -0.121	 -0.939

9 	  44.82	 -19.30	   3.55
	  0.673	 -0.565	 -0.477
	 -0.552	  0.044	 -0.832
	  0.491	  0.824	 -0.282

2 	  32.64	  -6.87	  22.97
	 -0.054	  0.996	 -0.068
	 -0.998	 -0.055	 -0.012
	 -0.016	  0.067	  0.997

3 	  43.26	   0.46	   1.99
	  0.551	  0.365	  0.750
	 -0.608	  0.791	  0.062
	 -0.571	 -0.491	  0.658

4 	  34.63	   3.94	  -2.48
	  0.301	  0.826	 -0.476
	 -0.800	  0.490	  0.345
	  0.519	  0.277	  0.808

5 	  37.99	   8.51	   9.33
	  0.864	  0.198	  0.463
	 -0.008	 -0.914	  0.406
	  0.504	 -0.354	 -0.788

6 	  46.86	   8.63	   4.38
	  0.848	 -0.106	 -0.520
	  0.508	 -0.115	  0.853
	 -0.150	 -0.988	 -0.044

7 	  37.51	  -6.13	  -2.90
	  0.664	 -0.734	 -0.144
	  0.687	  0.675	 -0.270
	  0.294	  0.080	  0.952

8 	  39.34	 -11.34	   7.49
	  0.454	 -0.853	  0.259
	 -0.840	 -0.506	 -0.196
	  0.298	 -0.129	 -0.946

9 	  43.17	 -20.88	   4.25
	  0.553	 -0.743	 -0.376
	 -0.584	 -0.025	 -0.811
	  0.593	  0.668	 -0.448

2 	  32.62	  -6.87	  22.99
	 -0.053	  0.996	 -0.068
	 -0.998	 -0.054	 -0.012
	 -0.016	  0.067	  0.997

3 	  43.26	   0.51	   1.90
	  0.551	  0.363	  0.751
	 -0.605	  0.794	  0.059
	 -0.575	 -0.488	  0.657

4 	  34.58	   3.94	  -2.50
	  0.292	  0.828	 -0.478
	 -0.803	  0.484	  0.348
	  0.519	  0.282	  0.807

5 	  37.86	   8.56	   9.32
	  0.861	  0.212	  0.462
	  0.008	 -0.914	  0.406
	  0.508	 -0.346	 -0.789

6 	  46.81	   8.86	   4.32
	  0.848	 -0.082	 -0.524
	  0.512	 -0.124	  0.849
	 -0.134	 -0.989	 -0.063

7 	  37.46	  -6.05	  -2.97
	  0.648	 -0.742	 -0.173
	  0.691	  0.668	 -0.275
	  0.319	  0.058	  0.946

8 	  38.87	 -11.87	   6.84
	  0.328	 -0.915	  0.233
	 -0.901	 -0.378	 -0.212
	  0.281	 -0.141	 -0.949

9 	  41.08	 -22.24	   5.06
	  0.398	 -0.892	 -0.212
	 -0.628	 -0.097	 -0.772
	  0.668	  0.440	 -0.599

2 	  32.64	  -6.87	  22.97
	 -0.053	  0.996	 -0.068
	 -0.998	 -0.054	 -0.012
	 -0.016	  0.067	  0.997

3 	  43.22	   0.56	   1.83
	  0.549	  0.358	  0.755
	 -0.599	  0.798	  0.057
	 -0.583	 -0.484	  0.652

4 	  34.52	   3.94	  -2.51
	  0.279	  0.833	 -0.477
	 -0.808	  0.472	  0.353
	  0.519	  0.286	  0.805

5 	  37.69	   8.56	   9.35
	  0.854	  0.231	  0.466
	  0.028	 -0.915	  0.402
	  0.519	 -0.331	 -0.788

6 	  46.63	   9.16	   4.43
	  0.851	 -0.052	 -0.522
	  0.512	 -0.127	  0.849
	 -0.111	 -0.990	 -0.082

7 	  37.30	  -5.92	  -3.08
	  0.627	 -0.753	 -0.201
	  0.702	  0.658	 -0.273
	  0.337	  0.030	  0.941

8 	  38.36	 -12.16	   6.28
	  0.237	 -0.943	  0.232
	 -0.938	 -0.285	 -0.201
	  0.255	 -0.170	 -0.952

9 	  39.32	 -22.76	   5.78
	  0.245	 -0.967	 -0.068
	 -0.673	 -0.119	 -0.730
	  0.698	  0.225	 -0.680

2 	  32.64	  -6.87	  22.97
	 -0.053	  0.996	 -0.068
	 -0.998	 -0.054	 -0.012
	 -0.016	  0.067	  0.997

3 	  43.21	   0.56	   1.79
	  0.553	  0.344	  0.759
	 -0.586	  0.808	  0.059
	 -0.593	 -0.477	  0.648

4 	  34.51	   3.94	  -2.51
	  0.278	  0.834	 -0.476
	 -0.808	  0.470	  0.354
	  0.519	  0.286	  0.805

5 	  37.67	   8.58	   9.32
	  0.853	  0.234	  0.466
	  0.031	 -0.915	  0.403
	  0.520	 -0.329	 -0.788

6 	  46.60	   9.19	   4.46
	  0.853	 -0.045	 -0.520
	  0.510	 -0.140	  0.848
	 -0.111	 -0.989	 -0.097

7 	  37.20	  -5.84	  -3.22
	  0.610	 -0.760	 -0.224
	  0.711	  0.650	 -0.268
	  0.349	  0.005	  0.937

8 	  38.29	 -12.22	   5.85
	  0.180	 -0.950	  0.255
	 -0.962	 -0.225	 -0.157
	  0.206	 -0.217	 -0.954

9 	  38.46	 -22.76	   6.38
	  0.140	 -0.989	  0.043
	 -0.710	 -0.131	 -0.692
	  0.690	  0.067	 -0.720

2 	  32.64	  -6.87	  22.97
	 -0.053	  0.996	 -0.068
	 -0.998	 -0.054	 -0.012
	 -0.016	  0.067	  0.997

3 	  43.22	   0.54	   1.79
	  0.554	  0.341	  0.759
	 -0.583	  0.810	  0.061
	 -0.595	 -0.476	  0.647

4 	  34.51	   3.92	  -2.53
	  0.273	  0.836	 -0.476
	 -0.810	  0.467	  0.355
	  0.519	  0.288	  0.805

5 	  37.62	   8.56	   9.32
	  0.851	  0.236	  0.468
	  0.031	 -0.915	  0.403
	  0.523	 -0.328	 -0.786

6 	  46.58	   9.19	   4.48
	  0.854	 -0.043	 -0.518
	  0.508	 -0.141	  0.849
	 -0.110	 -0.989	 -0.099

7 	  37.18	  -5.78	  -3.30
	  0.605	 -0.759	 -0.238
	  0.711	  0.650	 -0.266
	  0.356	 -0.008	  0.934

8 	  38.37	 -12.23	   5.61
	  0.169	 -0.948	  0.268
	 -0.969	 -0.210	 -0.131
	  0.180	 -0.238	 -0.954

9 	  38.27	 -22.69	   6.71
	  0.093	 -0.990	  0.101
	 -0.724	 -0.137	 -0.676
	  0.683	 -0.010	 -0.730

2 	  32.64	  -6.87	  22.97
	 -0.054	  0.996	 -0.068
	 -0.998	 -0.055	 -0.012
	 -0.016	  0.067	  0.997

3 	  43.22	   0.54	   1.78
	  0.554	  0.340	  0.759
	 -0.582	  0.810	  0.062
	 -0.595	 -0.477	  0.647

4 	  34.51	   3.90	  -2.55
	  0.271	  0.836	 -0.477
	 -0.810	  0.466	  0.356
	  0.520	  0.290	  0.804

5 	  37.60	   8.56	   9.30
	  0.850	  0.236	  0.470
	  0.031	 -0.915	  0.403
	  0.525	 -0.328	 -0.785

6 	  46.56	   9.18	   4.48
	  0.855	 -0.044	 -0.516
	  0.506	 -0.141	  0.851
	 -0.110	 -0.989	 -0.098

7 	  37.18	  -5.77	  -3.34
	  0.605	 -0.758	 -0.244
	  0.709	  0.653	 -0.267
	  0.362	 -0.011	  0.932

8 	  38.48	 -12.18	   5.55
	  0.169	 -0.946	  0.275
	 -0.971	 -0.208	 -0.117
	  0.168	 -0.247	 -0.954

9 	  38.34	 -22.66	   6.84
	  0.085	 -0.990	  0.115
	 -0.727	 -0.141	 -0.672
	  0.682	 -0.027	 -0.731

2 	  32.64	  -6.87	  22.97
	 -0.053	  0.996	 -0.068
	 -0.998	 -0.054	 -0.012
	 -0.016	  0.067	  0.997

3 	  43.22	   0.54	   1.76
	  0.554	  0.339	  0.760
	 -0.583	  0.810	  0.064
	 -0.594	 -0.479	  0.647

4 	  34.51	   3.88	  -2.55
	  0.270	  0.836	 -0.477
	 -0.810	  0.465	  0.357
	  0.520	  0.290	  0.803

5 	  37.58	   8.53	   9.32
	  0.849	  0.232	  0.475
	  0.026	 -0.916	  0.401
	  0.528	 -0.328	 -0.783

6 	  46.58	   9.14	   4.55
	  0.859	 -0.044	 -0.510
	  0.499	 -0.142	  0.854
	 -0.111	 -0.989	 -0.100

7 	  37.18	  -5.75	  -3.36
	  0.607	 -0.756	 -0.244
	  0.707	  0.654	 -0.269
	  0.362	 -0.009	  0.932

8 	  38.48	 -12.16	   5.55
	  0.170	 -0.946	  0.277
	 -0.971	 -0.209	 -0.118
	  0.170	 -0.249	 -0.953

9 	  38.34	 -22.64	   6.89
	  0.082	 -0.990	  0.118
	 -0.726	 -0.141	 -0.674
	  0.683	 -0.030	 -0.730

2 	  32.64	  -6.87	  22.97
	 -0.053	  0.996	 -0.068
	 -0.998	 -0.054	 -0.012
	 -0.016	  0.067	  0.997

3 	  43.21	   0.54	   1.76
	  0.554	  0.339	  0.760
	 -0.583	  0.810	  0.064
	 -0.594	 -0.479	  0.646

4 	  34.52	   3.90	  -2.57
	  0.272	  0.836	 -0.477
	 -0.809	  0.467	  0.357
	  0.521	  0.288	  0.803

5 	  37.58	   8.51	   9.33
	  0.847	  0.227	  0.480
	  0.018	 -0.916	  0.400
	  0.531	 -0.330	 -0.781

6 	  46.62	   9.09	   4.62
	  0.863	 -0.047	 -0.503
	  0.492	 -0.147	  0.858
	 -0.114	 -0.988	 -0.104

7 	  37.21	  -5.75	  -3.36
	  0.607	 -0.757	 -0.241
	  0.707	  0.653	 -0.271
	  0.362	 -0.005	  0.932

8 	  38.44	 -12.15	   5.59
	  0.168	 -0.945	  0.281
	 -0.970	 -0.210	 -0.124
	  0.176	 -0.252	 -0.952

9 	  38.32	 -22.62	   6.91
	  0.080	 -0.990	  0.119
	 -0.724	 -0.140	 -0.675
	  0.685	 -0.032	 -0.728

2 	  32.64	  -6.87	  22.97
	 -0.053	  0.996	 -0.068
	 -0.998	 -0.054	 -0.012
	 -0.016	  0.067	  0.997

3 	  43.24	   0.53	   1.76
	  0.554	  0.339	  0.760
	 -0.583	  0.810	  0.064
	 -0.594	 -0.479	  0.646

4 	  34.56	   3.88	  -2.55
	  0.275	  0.834	 -0.477
	 -0.807	  0.470	  0.356
	  0.522	  0.287	  0.803

5 	  37.58	   8.51	   9.32
	  0.847	  0.224	  0.481
	  0.015	 -0.916	  0.400
	  0.531	 -0.332	 -0.780

6 	  46.62	   9.05	   4.66
	  0.864	 -0.048	 -0.501
	  0.490	 -0.147	  0.859
	 -0.115	 -0.988	 -0.104

7 	  37.23	  -5.78	  -3.36
	  0.609	 -0.756	 -0.237
	  0.704	  0.654	 -0.275
	  0.363	  0.001	  0.931

8 	  38.46	 -12.15	   5.61
	  0.170	 -0.944	  0.283
	 -0.969	 -0.213	 -0.126
	  0.179	 -0.252	 -0.951

9 	  38.36	 -22.62	   6.94
	  0.082	 -0.989	  0.119
	 -0.722	 -0.142	 -0.677
	  0.687	 -0.030	 -0.726

2 	  32.64	  -6.87	  22.97
	 -0.053	  0.996	 -0.068
	 -0.998	 -0.054	 -0.012
	 -0.016	  0.067	  0.997

3 	  43.24	   0.53	   1.76
	  0.553	  0.339	  0.761
	 -0.584	  0.809	  0.064
	 -0.594	 -0.480	  0.646

4 	  34.56	   3.88	  -2.57
	  0.275	  0.834	 -0.477
	 -0.807	  0.470	  0.356
	  0.522	  0.287	  0.803

5 	  37.58	   8.51	   9.32
	  0.847	  0.224	  0.482
	  0.015	 -0.916	  0.400
	  0.531	 -0.332	 -0.779

6 	  46.60	   9.05	   4.66
	  0.865	 -0.048	 -0.500
	  0.488	 -0.147	  0.860
	 -0.115	 -0.988	 -0.103

7 	  37.25	  -5.77	  -3.36
	  0.613	 -0.754	 -0.236
	  0.701	  0.657	 -0.278
	  0.364	  0.005	  0.931

8 	  38.53	 -12.15	   5.61
	  0.177	 -0.943	  0.281
	 -0.967	 -0.220	 -0.127
	  0.181	 -0.250	 -0.951

9 	  38.50	 -22.61	   6.96
	  0.089	 -0.989	  0.120
	 -0.719	 -0.147	 -0.680
	  0.690	 -0.026	 -0.724

2 	  32.64	  -6.87	  22.97
	 -0.053	  0.996	 -0.068
	 -0.998	 -0.054	 -0.012
	 -0.016	  0.067	  0.997

3 	  43.22	   0.54	   1.79
	  0.551	  0.339	  0.762
	 -0.586	  0.807	  0.064
	 -0.594	 -0.482	  0.644

4 	  34.56	   3.88	  -2.57
	  0.275	  0.834	 -0.478
	 -0.807	  0.470	  0.356
	  0.522	  0.287	  0.803

5 	  37.58	   8.51	   9.32
	  0.847	  0.225	  0.482
	  0.015	 -0.916	  0.401
	  0.531	 -0.332	 -0.779

6 	  46.60	   9.05	   4.68
	  0.865	 -0.048	 -0.499
	  0.488	 -0.147	  0.860
	 -0.114	 -0.988	 -0.104

7 	  37.30	  -5.77	  -3.36
	  0.616	 -0.752	 -0.234
	  0.698	  0.659	 -0.280
	  0.365	  0.009	  0.931

8 	  38.60	 -12.13	   5.61
	  0.185	 -0.942	  0.280
	 -0.966	 -0.227	 -0.125
	  0.182	 -0.247	 -0.952

9 	  38.65	 -22.61	   6.94
	  0.097	 -0.988	  0.118
	 -0.718	 -0.151	 -0.679
	  0.689	 -0.019	 -0.724

2 	  32.64	  -6.87	  22.97
	 -0.053	  0.996	 -0.068
	 -0.998	 -0.054	 -0.012
	 -0.016	  0.067	  0.997

3 	  43.22	   0.53	   1.79
	  0.550	  0.340	  0.763
	 -0.588	  0.807	  0.064
	 -0.594	 -0.483	  0.643

4 	  34.56	   3.88	  -2.57
	  0.276	  0.834	 -0.478
	 -0.807	  0.471	  0.357
	  0.523	  0.287	  0.802

5 	  37.58	   8.51	   9.32
	  0.847	  0.223	  0.483
	  0.012	 -0.916	  0.401
	  0.532	 -0.334	 -0.778

6 	  46.62	   9.00	   4.68
	  0.865	 -0.051	 -0.498
	  0.486	 -0.148	  0.861
	 -0.118	 -0.988	 -0.103

7 	  37.30	  -5.80	  -3.34
	  0.620	 -0.750	 -0.230
	  0.694	  0.661	 -0.284
	  0.365	  0.017	  0.931

8 	  38.76	 -12.13	   5.68
	  0.202	 -0.938	  0.280
	 -0.961	 -0.245	 -0.125
	  0.186	 -0.244	 -0.952

9 	  39.02	 -22.59	   6.93
	  0.121	 -0.987	  0.108
	 -0.713	 -0.163	 -0.682
	  0.690	  0.006	 -0.724

2 	  32.64	  -6.87	  22.97
	 -0.053	  0.996	 -0.068
	 -0.998	 -0.054	 -0.012
	 -0.016	  0.067	  0.997

3 	  43.22	   0.53	   1.79
	  0.548	  0.341	  0.763
	 -0.590	  0.805	  0.064
	 -0.593	 -0.485	  0.642

4 	  34.56	   3.87	  -2.57
	  0.277	  0.833	 -0.479
	 -0.806	  0.473	  0.356
	  0.523	  0.286	  0.802

5 	  37.58	   8.49	   9.32
	  0.847	  0.218	  0.485
	  0.005	 -0.915	  0.402
	  0.531	 -0.338	 -0.776

6 	  46.63	   8.95	   4.71
	  0.866	 -0.057	 -0.496
	  0.483	 -0.150	  0.862
	 -0.124	 -0.987	 -0.102

7 	  37.32	  -5.82	  -3.32
	  0.623	 -0.748	 -0.226
	  0.691	  0.663	 -0.288
	  0.366	  0.023	  0.930

8 	  38.81	 -12.13	   5.78
	  0.223	 -0.938	  0.266
	 -0.955	 -0.265	 -0.135
	  0.197	 -0.224	 -0.954

9 	  39.43	 -22.59	   6.71
	  0.156	 -0.985	  0.072
	 -0.708	 -0.162	 -0.687
	  0.689	  0.056	 -0.723

2 	  32.64	  -6.87	  22.97
	 -0.053	  0.996	 -0.068
	 -0.998	 -0.054	 -0.012
	 -0.016	  0.067	  0.997

3 	  43.21	   0.53	   1.83
	  0.547	  0.342	  0.764
	 -0.591	  0.804	  0.064
	 -0.593	 -0.487	  0.642

4 	  34.58	   3.87	  -2.58
	  0.282	  0.831	 -0.479
	 -0.804	  0.477	  0.355
	  0.524	  0.284	  0.803

5 	  37.63	   8.47	   9.32
	  0.848	  0.210	  0.487
	 -0.005	 -0.915	  0.403
	  0.530	 -0.344	 -0.775

6 	  46.67	   8.77	   4.75
	  0.868	 -0.071	 -0.491
	  0.477	 -0.153	  0.865
	 -0.137	 -0.986	 -0.099

7 	  37.35	  -5.84	  -3.30
	  0.627	 -0.746	 -0.223
	  0.687	  0.665	 -0.293
	  0.367	  0.031	  0.930

8 	  38.92	 -12.18	   5.96
	  0.265	 -0.937	  0.229
	 -0.939	 -0.304	 -0.157
	  0.216	 -0.173	 -0.961

9 	  40.31	 -22.66	   5.92
	  0.241	 -0.969	 -0.041
	 -0.691	 -0.142	 -0.708
	  0.681	  0.199	 -0.705

2 	  32.64	  -6.87	  22.97
	 -0.053	  0.996	 -0.068
	 -0.998	 -0.054	 -0.012
	 -0.016	  0.067	  0.997

3 	  43.22	   0.51	   1.86
	  0.547	  0.342	  0.764
	 -0.593	  0.803	  0.065
	 -0.592	 -0.489	  0.641

4 	  34.59	   3.87	  -2.58
	  0.287	  0.830	 -0.478
	 -0.802	  0.481	  0.355
	  0.525	  0.281	  0.803

5 	  37.63	   8.46	   9.33
	  0.847	  0.202	  0.491
	 -0.017	 -0.915	  0.404
	  0.531	 -0.350	 -0.772

6 	  46.74	   8.67	   4.80
	  0.870	 -0.083	 -0.485
	  0.469	 -0.157	  0.869
	 -0.148	 -0.984	 -0.098

7 	  37.42	  -5.94	  -3.29
	  0.635	 -0.743	 -0.211
	  0.680	  0.667	 -0.303
	  0.365	  0.049	  0.929

8 	  38.71	 -12.15	   6.26
	  0.329	 -0.919	  0.215
	 -0.895	 -0.376	 -0.240
	  0.302	 -0.114	 -0.947

9 	  41.73	 -22.20	   4.45
	  0.425	 -0.872	 -0.242
	 -0.617	 -0.084	 -0.783
	  0.662	  0.482	 -0.574

2 	  32.62	  -6.89	  22.97
	 -0.053	  0.996	 -0.068
	 -0.998	 -0.054	 -0.012
	 -0.016	  0.067	  0.997

3 	  43.22	   0.46	   1.93
	  0.544	  0.345	  0.765
	 -0.599	  0.798	  0.065
	 -0.588	 -0.493	  0.641

4 	  34.63	   3.85	  -2.58
	  0.292	  0.828	 -0.479
	 -0.799	  0.486	  0.353
	  0.525	  0.279	  0.804

5 	  37.67	   8.42	   9.32
	  0.847	  0.194	  0.494
	 -0.028	 -0.914	  0.405
	  0.530	 -0.357	 -0.769

6 	  46.78	   8.51	   4.82
	  0.871	 -0.096	 -0.481
	  0.464	 -0.160	  0.871
	 -0.161	 -0.982	 -0.095

7 	  37.48	  -5.99	  -3.23
	  0.646	 -0.737	 -0.197
	  0.674	  0.672	 -0.305
	  0.357	  0.064	  0.932

8 	  38.48	 -12.04	   6.61
	  0.380	 -0.897	  0.224
	 -0.848	 -0.435	 -0.302
	  0.368	 -0.076	 -0.927

9 	  43.54	 -20.78	   2.94
	  0.639	 -0.646	 -0.417
	 -0.545	  0.001	 -0.838
	  0.542	  0.763	 -0.352

2 	  32.62	  -6.89	  22.97
	 -0.053	  0.996	 -0.068
	 -0.998	 -0.054	 -0.012
	 -0.016	  0.067	  0.997

3 	  43.24	   0.44	   1.95
	  0.544	  0.346	  0.764
	 -0.600	  0.797	  0.066
	 -0.587	 -0.495	  0.641

4 	  34.68	   3.83	  -2.57
	  0.306	  0.823	 -0.479
	 -0.793	  0.498	  0.350
	  0.527	  0.272	  0.805

5 	  37.72	   8.37	   9.35
	  0.845	  0.176	  0.504
	 -0.053	 -0.912	  0.407
	  0.531	 -0.371	 -0.762

6 	  46.88	   8.21	   4.99
	  0.875	 -0.128	 -0.467
	  0.445	 -0.170	  0.879
	 -0.192	 -0.977	 -0.092

7 	  37.48	  -6.12	  -3.20
	  0.656	 -0.733	 -0.180
	  0.672	  0.676	 -0.303
	  0.344	  0.078	  0.936

8 	  38.07	 -12.06	   6.77
	  0.469	 -0.843	  0.261
	 -0.743	 -0.537	 -0.400
	  0.477	 -0.006	 -0.879

9 	  45.60	 -18.04	   2.51
	  0.850	 -0.272	 -0.451
	 -0.441	  0.101	 -0.892
	  0.288	  0.957	 -0.034

2 	  32.64	  -6.87	  22.97
	 -0.053	  0.996	 -0.068
	 -0.998	 -0.054	 -0.012
	 -0.016	  0.067	  0.997

3 	  43.24	   0.32	   2.00
	  0.543	  0.346	  0.765
	 -0.600	  0.797	  0.064
	 -0.588	 -0.493	  0.641

4 	  34.75	   3.81	  -2.58
	  0.322	  0.816	 -0.479
	 -0.785	  0.513	  0.347
	  0.529	  0.264	  0.806

5 	  37.76	   8.31	   9.35
	  0.843	  0.154	  0.515
	 -0.083	 -0.909	  0.408
	  0.531	 -0.387	 -0.754

6 	  46.97	   7.70	   5.08
	  0.875	 -0.169	 -0.453
	  0.423	 -0.183	  0.887
	 -0.233	 -0.969	 -0.089

7 	  37.55	  -6.21	  -3.09
	  0.673	 -0.722	 -0.158
	  0.664	  0.685	 -0.299
	  0.323	  0.096	  0.941

8 	  38.06	 -11.95	   6.89
	  0.571	 -0.750	  0.333
	 -0.594	 -0.658	 -0.462
	  0.566	  0.066	 -0.822

9 	  47.21	 -14.87	   3.20
	  0.922	  0.099	 -0.374
	 -0.385	  0.133	 -0.913
	 -0.041	  0.986	  0.161

2 	  32.62	  -6.89	  22.97
	 -0.053	  0.996	 -0.068
	 -0.998	 -0.054	 -0.012
	 -0.016	  0.067	  0.997

3 	  43.24	   0.25	   2.09
	  0.540	  0.351	  0.765
	 -0.601	  0.797	  0.059
	 -0.589	 -0.492	  0.641

4 	  34.80	   3.80	  -2.60
	  0.334	  0.810	 -0.482
	 -0.778	  0.525	  0.345
	  0.532	  0.259	  0.806

5 	  37.79	   8.30	   9.33
	  0.839	  0.137	  0.525
	 -0.111	 -0.904	  0.413
	  0.531	 -0.405	 -0.744

6 	  47.09	   7.24	   5.29
	  0.875	 -0.225	 -0.428
	  0.393	 -0.185	  0.901
	 -0.282	 -0.957	 -0.074

7 	  37.67	  -6.35	  -3.02
	  0.698	 -0.703	 -0.137
	  0.650	  0.702	 -0.292
	  0.301	  0.114	  0.947

8 	  38.07	 -11.69	   7.15
	  0.650	 -0.620	  0.439
	 -0.393	 -0.769	 -0.504
	  0.650	  0.154	 -0.744

9 	  47.99	 -11.87	   4.54
	  0.887	  0.377	 -0.266
	 -0.337	  0.136	 -0.932
	 -0.315	  0.916	  0.247

2 	  32.62	  -6.89	  22.97
	 -0.053	  0.996	 -0.068
	 -0.998	 -0.054	 -0.012
	 -0.016	  0.067	  0.997

3 	  43.26	   0.14	   2.16
	  0.535	  0.358	  0.765
	 -0.605	  0.795	  0.051
	 -0.590	 -0.490	  0.642

4 	  34.93	   3.78	  -2.64
	  0.348	  0.802	 -0.485
	 -0.769	  0.540	  0.342
	  0.536	  0.254	  0.805

5 	  37.79	   8.26	   9.28
	  0.829	  0.109	  0.548
	 -0.157	 -0.896	  0.415
	  0.536	 -0.430	 -0.726

6 	  47.14	   6.64	   5.57
	  0.869	 -0.305	 -0.390
	  0.346	 -0.188	  0.919
	 -0.354	 -0.934	 -0.057

7 	  37.74	  -6.40	  -2.95
	  0.712	 -0.691	 -0.120
	  0.642	  0.711	 -0.285
	  0.282	  0.126	  0.951

8 	  38.16	 -11.67	   7.29
	  0.682	 -0.514	  0.520
	 -0.224	 -0.824	 -0.520
	  0.695	  0.238	 -0.678

9 	  48.13	 -10.00	   5.80
	  0.817	  0.556	 -0.151
	 -0.280	  0.153	 -0.948
	 -0.504	  0.816	  0.281

2 	  32.64	  -6.87	  22.97
	 -0.053	  0.996	 -0.068
	 -0.998	 -0.054	 -0.012
	 -0.016	  0.067	  0.997

3 	  43.31	   0.11	   2.20
	  0.534	  0.359	  0.765
	 -0.605	  0.795	  0.049
	 -0.591	 -0.489	  0.641

4 	  35.05	   3.83	  -2.65
	  0.366	  0.794	 -0.485
	 -0.758	  0.557	  0.339
	  0.539	  0.243	  0.806

5 	  37.85	   8.30	   9.30
	  0.819	  0.081	  0.567
	 -0.199	 -0.888	  0.414
	  0.537	 -0.452	 -0.712

6 	  47.29	   5.96	   5.94
	  0.841	 -0.423	 -0.338
	  0.292	 -0.173	  0.941
	 -0.456	 -0.890	 -0.022

7 	  37.81	  -6.50	  -2.87
	  0.724	 -0.682	 -0.098
	  0.638	  0.718	 -0.279
	  0.261	  0.139	  0.955

8 	  38.30	 -11.67	   7.37
	  0.697	 -0.406	  0.590
	 -0.044	 -0.846	 -0.531
	  0.715	  0.344	 -0.608

9 	  47.99	  -8.28	   6.98
	  0.712	  0.700	 -0.045
	 -0.256	  0.199	 -0.946
	 -0.654	  0.685	  0.321

2 	  32.62	  -6.89	  22.97
	 -0.053	  0.996	 -0.068
	 -0.998	 -0.054	 -0.012
	 -0.016	  0.067	  0.997

3 	  43.35	   0.00	   2.29
	  0.528	  0.361	  0.768
	 -0.605	  0.795	  0.041
	 -0.596	 -0.486	  0.638

4 	  35.23	   3.83	  -2.69
	  0.385	  0.785	 -0.484
	 -0.748	  0.573	  0.334
	  0.540	  0.233	  0.808

5 	  37.88	   8.33	   9.28
	  0.803	  0.046	  0.594
	 -0.255	 -0.874	  0.413
	  0.538	 -0.483	 -0.690

6 	  47.18	   5.17	   6.29
	  0.798	 -0.538	 -0.270
	  0.243	 -0.120	  0.962
	 -0.550	 -0.834	  0.035

7 	  37.90	  -6.57	  -2.83
	  0.730	 -0.678	 -0.081
	  0.638	  0.720	 -0.272
	  0.243	  0.147	  0.959

8 	  38.57	 -11.43	   7.58
	  0.703	 -0.310	  0.640
	  0.076	 -0.862	 -0.502
	  0.707	  0.401	 -0.582

9 	  47.88	  -7.05	   7.59
	  0.630	  0.776	 -0.006
	 -0.258	  0.202	 -0.945
	 -0.732	  0.597	  0.328

2 	  32.62	  -6.89	  22.97
	 -0.053	  0.996	 -0.068
	 -0.998	 -0.054	 -0.012
	 -0.016	  0.067	  0.997

3 	  43.38	  -0.04	   2.37
	  0.522	  0.363	  0.771
	 -0.603	  0.797	  0.033
	 -0.603	 -0.483	  0.635

4 	  35.40	   3.85	  -2.72
	  0.405	  0.775	 -0.485
	 -0.737	  0.590	  0.328
	  0.541	  0.224	  0.810

5 	  37.90	   8.35	   9.30
	  0.773	 -0.005	  0.634
	 -0.338	 -0.850	  0.404
	  0.537	 -0.526	 -0.659

6 	  47.02	   4.10	   6.91
	  0.727	 -0.660	 -0.189
	  0.196	 -0.064	  0.978
	 -0.657	 -0.749	  0.083

7 	  37.97	  -6.61	  -2.76
	  0.736	 -0.673	 -0.067
	  0.638	  0.723	 -0.264
	  0.226	  0.152	  0.962

8 	  38.72	 -11.32	   7.80
	  0.698	 -0.240	  0.675
	  0.162	 -0.865	 -0.475
	  0.698	  0.441	 -0.565

9 	  47.64	  -6.19	   8.09
	  0.564	  0.825	  0.015
	 -0.259	  0.194	 -0.946
	 -0.784	  0.529	  0.323

2 	  32.62	  -6.89	  22.97
	 -0.053	  0.996	 -0.068
	 -0.998	 -0.054	 -0.012
	 -0.016	  0.067	  0.997

3 	  43.42	  -0.12	   2.50
	  0.516	  0.365	  0.775
	 -0.599	  0.800	  0.022
	 -0.612	 -0.476	  0.631

4 	  35.56	   3.88	  -2.72
	  0.427	  0.765	 -0.482
	 -0.725	  0.609	  0.323
	  0.540	  0.211	  0.815

5 	  38.02	   8.33	   9.32
	  0.754	 -0.046	  0.655
	 -0.391	 -0.833	  0.392
	  0.527	 -0.551	 -0.646

6 	  46.97	   3.45	   7.24
	  0.675	 -0.724	 -0.141
	  0.203	 -0.001	  0.979
	 -0.709	 -0.689	  0.146

7 	  38.02	  -6.70	  -2.74
	  0.734	 -0.676	 -0.057
	  0.643	  0.721	 -0.259
	  0.215	  0.154	  0.964

8 	  38.72	 -11.09	   8.03
	  0.683	 -0.183	  0.706
	  0.226	 -0.868	 -0.443
	  0.694	  0.462	 -0.552

9 	  47.44	  -5.62	   8.40
	  0.522	  0.852	  0.031
	 -0.255	  0.190	 -0.948
	 -0.814	  0.486	  0.316

2 	  32.62	  -6.89	  22.97
	 -0.053	  0.996	 -0.068
	 -0.998	 -0.054	 -0.012
	 -0.016	  0.067	  0.997

3 	  43.45	  -0.26	   2.57
	  0.513	  0.364	  0.777
	 -0.590	  0.807	  0.011
	 -0.624	 -0.465	  0.628

4 	  35.74	   3.94	  -2.74
	  0.444	  0.758	 -0.478
	 -0.713	  0.622	  0.323
	  0.542	  0.197	  0.817

5 	  38.16	   8.33	   9.35
	  0.748	 -0.065	  0.660
	 -0.413	 -0.824	  0.387
	  0.519	 -0.563	 -0.643

6 	  47.04	   3.38	   7.28
	  0.668	 -0.735	 -0.115
	  0.248	  0.074	  0.966
	 -0.702	 -0.674	  0.231

7 	  38.07	  -6.82	  -2.64
	  0.730	 -0.682	 -0.039
	  0.653	  0.714	 -0.251
	  0.199	  0.158	  0.967

8 	  38.71	 -10.85	   8.42
	  0.672	 -0.119	  0.731
	  0.262	 -0.885	 -0.384
	  0.693	  0.449	 -0.564

9 	  47.30	  -5.08	   8.95
	  0.505	  0.862	  0.027
	 -0.223	  0.161	 -0.961
	 -0.834	  0.479	  0.274

2 	  32.64	  -6.87	  22.97
	 -0.053	  0.996	 -0.068
	 -0.998	 -0.054	 -0.012
	 -0.016	  0.067	  0.997

3 	  43.49	  -0.40	   2.67
	  0.509	  0.366	  0.779
	 -0.581	  0.814	 -0.003
	 -0.635	 -0.451	  0.627

4 	  36.02	   3.99	  -2.72
	  0.478	  0.748	 -0.461
	 -0.692	  0.643	  0.326
	  0.541	  0.163	  0.825

5 	  38.43	   8.31	   9.46
	  0.723	 -0.113	  0.682
	 -0.474	 -0.799	  0.370
	  0.503	 -0.591	 -0.631

6 	  47.04	   2.79	   7.68
	  0.630	 -0.772	 -0.082
	  0.238	  0.092	  0.967
	 -0.739	 -0.629	  0.241

7 	  38.18	  -7.07	  -2.46
	  0.723	 -0.691	  0.002
	  0.671	  0.702	 -0.237
	  0.163	  0.172	  0.971

8 	  38.64	 -10.65	   8.81
	  0.649	 -0.067	  0.758
	  0.307	 -0.889	 -0.341
	  0.696	  0.454	 -0.556

9 	  47.13	  -4.69	   9.37
	  0.486	  0.874	  0.029
	 -0.210	  0.148	 -0.966
	 -0.849	  0.463	  0.255

2 	  32.64	  -6.87	  22.97
	 -0.054	  0.996	 -0.068
	 -0.998	 -0.055	 -0.012
	 -0.016	  0.067	  0.997

3 	  43.59	  -0.58	   2.88
	  0.499	  0.369	  0.784
	 -0.563	  0.825	 -0.030
	 -0.658	 -0.427	  0.620

4 	  36.35	   3.99	  -2.74
	  0.510	  0.737	 -0.443
	 -0.682	  0.660	  0.315
	  0.525	  0.141	  0.839

5 	  38.76	   8.31	   9.49
	  0.716	 -0.136	  0.685
	 -0.503	 -0.781	  0.371
	  0.484	 -0.610	 -0.627

6 	  47.34	   2.71	   7.96
	  0.624	 -0.779	 -0.055
	  0.235	  0.120	  0.964
	 -0.745	 -0.615	  0.258

7 	  38.25	  -7.22	  -2.36
	  0.712	 -0.701	  0.027
	  0.687	  0.689	 -0.230
	  0.142	  0.183	  0.973

8 	  38.60	 -10.67	   8.93
	  0.641	 -0.059	  0.765
	  0.305	 -0.895	 -0.325
	  0.704	  0.441	 -0.556

9 	  47.11	  -4.68	   9.98
	  0.498	  0.866	  0.043
	 -0.215	  0.171	 -0.962
	 -0.840	  0.469	  0.271

2 	  32.64	  -6.87	  22.97
	 -0.053	  0.996	 -0.068
	 -0.998	 -0.054	 -0.012
	 -0.016	  0.067	  0.997

3 	  43.66	  -0.77	   2.95
	  0.495	  0.368	  0.787
	 -0.544	  0.837	 -0.049
	 -0.677	 -0.404	  0.615

4 	  36.65	   3.92	  -2.78
	  0.534	  0.729	 -0.429
	 -0.674	  0.673	  0.304
	  0.511	  0.126	  0.850

5 	  38.92	   8.19	   9.53
	  0.705	 -0.149	  0.693
	 -0.520	 -0.773	  0.362
	  0.482	 -0.616	 -0.623

6 	  47.51	   2.50	   8.26
	  0.624	 -0.781	 -0.023
	  0.233	  0.157	  0.959
	 -0.746	 -0.604	  0.280

7 	  38.34	  -7.38	  -2.29
	  0.706	 -0.707	  0.048
	  0.696	  0.681	 -0.226
	  0.127	  0.193	  0.973

8 	  38.58	 -10.71	   9.14
	  0.633	 -0.036	  0.773
	  0.322	 -0.896	 -0.306
	  0.703	  0.443	 -0.556

9 	  47.06	  -4.55	  10.20
	  0.491	  0.868	  0.066
	 -0.335	  0.259	 -0.906
	 -0.804	  0.422	  0.418

2 	  32.64	  -6.87	  22.97
	 -0.053	  0.996	 -0.068
	 -0.998	 -0.054	 -0.012
	 -0.016	  0.067	  0.997

3 	  43.75	  -0.91	   3.01
	  0.490	  0.369	  0.790
	 -0.532	  0.844	 -0.064
	 -0.691	 -0.388	  0.610

4 	  36.83	   3.85	  -2.83
	  0.546	  0.722	 -0.425
	 -0.671	  0.680	  0.295
	  0.502	  0.123	  0.856

5 	  39.08	   8.19	   9.47
	  0.699	 -0.155	  0.698
	 -0.532	 -0.765	  0.363
	  0.477	 -0.625	 -0.618

6 	  47.60	   2.46	   8.38
	  0.617	 -0.787	 -0.003
	  0.266	  0.205	  0.942
	 -0.741	 -0.582	  0.336

7 	  38.46	  -7.51	  -2.23
	  0.702	 -0.708	  0.065
	  0.702	  0.676	 -0.221
	  0.113	  0.201	  0.973

8 	  38.62	 -10.78	   9.25
	  0.630	 -0.017	  0.776
	  0.342	 -0.891	 -0.298
	  0.696	  0.453	 -0.556

9 	  47.04	  -4.54	  10.00
	  0.490	  0.869	  0.068
	 -0.397	  0.292	 -0.870
	 -0.776	  0.399	  0.487

2 	  32.64	  -6.87	  22.97
	 -0.053	  0.996	 -0.068
	 -0.998	 -0.054	 -0.012
	 -0.016	  0.067	  0.997

3 	  43.82	  -1.00	   3.04
	  0.484	  0.371	  0.792
	 -0.524	  0.848	 -0.077
	 -0.700	 -0.378	  0.605

4 	  36.91	   3.81	  -2.83
	  0.552	  0.722	 -0.418
	 -0.673	  0.681	  0.287
	  0.492	  0.122	  0.862

5 	  39.01	   8.14	   9.51
	  0.692	 -0.148	  0.706
	 -0.525	 -0.774	  0.353
	  0.495	 -0.615	 -0.614

6 	  47.64	   2.44	   8.70
	  0.628	 -0.778	  0.012
	  0.203	  0.179	  0.962
	 -0.751	 -0.602	  0.271

7 	  38.39	  -7.56	  -2.20
	  0.690	 -0.719	  0.077
	  0.717	  0.666	 -0.206
	  0.097	  0.197	  0.975

8 	  38.44	 -10.48	   9.51
	  0.640	  0.002	  0.768
	  0.312	 -0.914	 -0.257
	  0.702	  0.404	 -0.586

9 	  47.21	  -4.69	  10.09
	  0.531	  0.846	  0.047
	 -0.271	  0.222	 -0.937
	 -0.803	  0.485	  0.347

2 	  32.64	  -6.87	  22.97
	 -0.053	  0.996	 -0.068
	 -0.998	 -0.054	 -0.012
	 -0.016	  0.067	  0.997

3 	  43.82	  -1.00	   3.04
	  0.491	  0.372	  0.788
	 -0.517	  0.852	 -0.080
	 -0.701	 -0.369	  0.611

4 	  36.91	   3.83	  -2.81
	  0.553	  0.723	 -0.414
	 -0.673	  0.680	  0.289
	  0.490	  0.118	  0.863

5 	  38.94	   8.10	   9.54
	  0.689	 -0.141	  0.710
	 -0.514	 -0.786	  0.343
	  0.510	 -0.602	 -0.615

6 	  47.65	   2.62	   8.98
	  0.638	 -0.770	  0.022
	  0.172	  0.171	  0.970
	 -0.751	 -0.615	  0.241

7 	  38.27	  -7.54	  -2.18
	  0.682	 -0.727	  0.081
	  0.725	  0.659	 -0.200
	  0.091	  0.195	  0.976

8 	  38.39	 -10.35	   9.54
	  0.646	  0.002	  0.763
	  0.293	 -0.924	 -0.245
	  0.704	  0.382	 -0.598

9 	  47.27	  -4.80	  10.21
	  0.551	  0.833	  0.037
	 -0.231	  0.195	 -0.953
	 -0.802	  0.517	  0.300

