2 	  32.64	  -6.87	  22.97
	 -0.053	  0.996	 -0.068
	 -0.998	 -0.054	 -0.012
	 -0.016	  0.067	  0.997

3 	  43.66	  -1.25	   3.38
	  0.523	  0.326	  0.787
	 -0.501	  0.865	 -0.025
	 -0.690	 -0.382	  0.615

4 	  37.12	   4.11	  -2.30
	  0.613	  0.736	 -0.287
	 -0.664	  0.677	  0.318
	  0.428	 -0.005	  0.903

5 	  37.28	   8.17	   9.84
	  0.387	  0.057	  0.920
	 -0.409	 -0.884	  0.227
	  0.826	 -0.464	 -0.319

6 	  43.00	  10.11	  17.89
	  0.402	 -0.029	  0.915
	 -0.776	  0.520	  0.357
	 -0.486	 -0.854	  0.187

7 	  38.21	  -7.84	  -1.76
	  0.618	 -0.756	  0.213
	  0.785	  0.586	 -0.198
	  0.024	  0.290	  0.957

8 	  37.39	  -9.35	  10.12
	  0.339	 -0.244	  0.908
	 -0.192	 -0.964	 -0.187
	  0.921	 -0.111	 -0.374

9 	  44.19	 -12.41	  17.88
	  0.516	  0.042	  0.855
	  0.844	  0.143	 -0.516
	 -0.144	  0.989	  0.038

2 	  32.64	  -6.87	  22.99
	 -0.054	  0.996	 -0.068
	 -0.998	 -0.055	 -0.012
	 -0.016	  0.067	  0.997

3 	  43.66	  -1.25	   3.36
	  0.523	  0.325	  0.787
	 -0.501	  0.865	 -0.025
	 -0.689	 -0.382	  0.616

4 	  37.12	   4.13	  -2.30
	  0.613	  0.736	 -0.287
	 -0.664	  0.677	  0.318
	  0.428	 -0.005	  0.903

5 	  37.28	   8.17	   9.86
	  0.387	  0.057	  0.920
	 -0.409	 -0.884	  0.226
	  0.826	 -0.464	 -0.319

6 	  43.00	  10.11	  17.89
	  0.402	 -0.029	  0.915
	 -0.776	  0.519	  0.357
	 -0.486	 -0.854	  0.186

7 	  38.21	  -7.84	  -1.74
	  0.618	 -0.756	  0.214
	  0.785	  0.586	 -0.197
	  0.024	  0.290	  0.957

8 	  37.39	  -9.35	  10.11
	  0.339	 -0.244	  0.908
	 -0.192	 -0.963	 -0.187
	  0.921	 -0.111	 -0.374

9 	  44.19	 -12.41	  17.88
	  0.516	  0.042	  0.855
	  0.844	  0.143	 -0.516
	 -0.144	  0.989	  0.038

2 	  32.64	  -6.87	  22.97
	 -0.054	  0.996	 -0.068
	 -0.998	 -0.054	 -0.012
	 -0.015	  0.067	  0.997

3 	  43.66	  -1.25	   3.36
	  0.524	  0.326	  0.787
	 -0.501	  0.865	 -0.025
	 -0.689	 -0.382	  0.616

4 	  37.12	   4.11	  -2.29
	  0.614	  0.735	 -0.287
	 -0.664	  0.677	  0.317
	  0.427	 -0.005	  0.904

5 	  37.28	   8.17	   9.86
	  0.387	  0.057	  0.920
	 -0.410	 -0.883	  0.227
	  0.826	 -0.465	 -0.318

6 	  43.00	  10.11	  17.88
	  0.401	 -0.028	  0.916
	 -0.776	  0.521	  0.355
	 -0.487	 -0.853	  0.187

7 	  38.30	  -7.84	  -1.76
	  0.623	 -0.753	  0.210
	  0.781	  0.589	 -0.207
	  0.032	  0.293	  0.955

8 	  37.62	  -9.47	  10.02
	  0.387	 -0.240	  0.890
	 -0.141	 -0.969	 -0.200
	  0.911	 -0.048	 -0.409

9 	  44.40	 -12.46	  17.75
	  0.496	  0.033	  0.867
	  0.844	  0.213	 -0.492
	 -0.202	  0.976	  0.077

2 	  32.64	  -6.87	  22.97
	 -0.053	  0.996	 -0.068
	 -0.998	 -0.054	 -0.012
	 -0.016	  0.067	  0.997

3 	  43.80	  -1.16	   3.48
	  0.507	  0.332	  0.795
	 -0.514	  0.857	 -0.031
	 -0.692	 -0.393	  0.605

4 	  37.44	   4.13	  -2.32
	  0.603	  0.746	 -0.281
	 -0.681	  0.665	  0.306
	  0.415	  0.006	  0.910

5 	  37.30	   8.17	   9.88
	  0.386	  0.058	  0.921
	 -0.413	 -0.881	  0.228
	  0.825	 -0.469	 -0.316

6 	  42.98	  10.11	  17.95
	  0.395	 -0.032	  0.918
	 -0.783	  0.511	  0.355
	 -0.481	 -0.859	  0.177

7 	  39.01	  -7.77	  -1.78
	  0.648	 -0.725	  0.231
	  0.761	  0.616	 -0.202
	  0.004	  0.307	  0.952

8 	  37.81	  -9.70	   9.83
	  0.356	 -0.247	  0.901
	 -0.083	 -0.969	 -0.233
	  0.930	  0.008	 -0.366

9 	  44.63	 -12.62	  17.67
	  0.452	  0.008	  0.892
	  0.807	  0.421	 -0.413
	 -0.380	  0.907	  0.184

2 	  32.64	  -6.87	  22.97
	 -0.053	  0.996	 -0.068
	 -0.998	 -0.054	 -0.012
	 -0.016	  0.067	  0.997

3 	  44.28	  -1.00	   3.71
	  0.463	  0.344	  0.817
	 -0.533	  0.844	 -0.054
	 -0.709	 -0.410	  0.574

4 	  38.32	   4.20	  -2.43
	  0.610	  0.752	 -0.249
	 -0.703	  0.658	  0.268
	  0.365	  0.011	  0.931

5 	  37.46	   8.16	   9.90
	  0.372	  0.070	  0.925
	 -0.430	 -0.871	  0.239
	  0.823	 -0.486	 -0.294

6 	  42.86	  10.14	  18.19
	  0.370	 -0.043	  0.928
	 -0.812	  0.472	  0.345
	 -0.453	 -0.881	  0.139

7 	  40.13	  -7.59	  -1.81
	  0.656	 -0.703	  0.274
	  0.753	  0.636	 -0.169
	 -0.055	  0.317	  0.947

8 	  37.99	 -10.18	   9.25
	  0.246	 -0.294	  0.923
	  0.021	 -0.951	 -0.308
	  0.969	  0.096	 -0.228

9 	  44.02	 -13.11	  17.89
	  0.293	 -0.058	  0.954
	  0.763	  0.616	 -0.198
	 -0.576	  0.786	  0.225

2 	  32.64	  -6.87	  22.97
	 -0.054	  0.996	 -0.068
	 -0.998	 -0.055	 -0.012
	 -0.016	  0.067	  0.997

3 	  45.04	  -0.77	   4.11
	  0.402	  0.346	  0.848
	 -0.543	  0.835	 -0.084
	 -0.737	 -0.427	  0.524

4 	  39.55	   4.36	  -2.43
	  0.630	  0.752	 -0.191
	 -0.719	  0.658	  0.221
	  0.292	 -0.003	  0.956

5 	  37.81	   8.07	   9.69
	  0.320	  0.085	  0.943
	 -0.425	 -0.877	  0.223
	  0.846	 -0.473	 -0.245

6 	  42.68	  10.18	  18.42
	  0.324	 -0.048	  0.945
	 -0.836	  0.452	  0.310
	 -0.442	 -0.891	  0.106

7 	  41.34	  -7.44	  -1.88
	  0.648	 -0.692	  0.317
	  0.751	  0.648	 -0.121
	 -0.122	  0.316	  0.941

8 	  37.79	 -10.71	   8.44
	  0.068	 -0.347	  0.935
	  0.136	 -0.926	 -0.353
	  0.988	  0.151	 -0.016

9 	  42.22	 -14.15	  18.04
	  0.077	 -0.141	  0.987
	  0.712	  0.701	  0.045
	 -0.698	  0.699	  0.154

2 	  32.64	  -6.87	  22.97
	 -0.054	  0.996	 -0.068
	 -0.998	 -0.054	 -0.012
	 -0.015	  0.067	  0.997

3 	  45.74	  -0.69	   4.48
	  0.353	  0.351	  0.867
	 -0.543	  0.831	 -0.116
	 -0.762	 -0.430	  0.484

4 	  40.83	   4.52	  -2.48
	  0.651	  0.746	 -0.139
	 -0.725	  0.666	  0.177
	  0.224	 -0.015	  0.974

5 	  38.16	   8.16	   9.44
	  0.239	  0.093	  0.966
	 -0.434	 -0.880	  0.192
	  0.869	 -0.465	 -0.170

6 	  42.24	  10.32	  18.65
	  0.232	 -0.042	  0.971
	 -0.864	  0.449	  0.226
	 -0.446	 -0.893	  0.068

7 	  42.56	  -7.31	  -1.81
	  0.622	 -0.685	  0.378
	  0.758	  0.648	 -0.074
	 -0.195	  0.333	  0.922

8 	  37.51	 -10.88	   7.54
	 -0.108	 -0.369	  0.923
	  0.242	 -0.910	 -0.336
	  0.964	  0.188	  0.187

9 	  40.25	 -14.45	  17.79
	 -0.103	 -0.162	  0.981
	  0.674	  0.714	  0.188
	 -0.731	  0.681	  0.036

2 	  32.64	  -6.87	  22.97
	 -0.053	  0.996	 -0.068
	 -0.998	 -0.054	 -0.012
	 -0.016	  0.067	  0.997

3 	  46.48	  -0.62	   4.83
	  0.305	  0.347	  0.886
	 -0.520	  0.840	 -0.151
	 -0.798	 -0.415	  0.437

4 	  42.17	   4.66	  -2.43
	  0.670	  0.738	 -0.081
	 -0.727	  0.674	  0.128
	  0.149	 -0.027	  0.988

5 	  38.46	   8.16	   9.11
	  0.137	  0.104	  0.985
	 -0.428	 -0.891	  0.153
	  0.893	 -0.442	 -0.077

6 	  41.47	  10.44	  18.74
	  0.112	 -0.027	  0.993
	 -0.893	  0.436	  0.113
	 -0.436	 -0.899	  0.025

7 	  43.65	  -7.29	  -1.81
	  0.565	 -0.703	  0.432
	  0.785	  0.620	 -0.018
	 -0.255	  0.349	  0.902

8 	  37.23	 -10.88	   6.29
	 -0.310	 -0.379	  0.872
	  0.307	 -0.908	 -0.286
	  0.900	  0.179	  0.397

9 	  37.74	 -14.73	  16.77
	 -0.322	 -0.198	  0.926
	  0.584	  0.728	  0.358
	 -0.745	  0.656	 -0.119

2 	  32.64	  -6.87	  22.97
	 -0.054	  0.996	 -0.068
	 -0.998	 -0.055	 -0.012
	 -0.016	  0.067	  0.997

3 	  47.23	  -0.69	   5.06
	  0.260	  0.333	  0.906
	 -0.476	  0.860	 -0.180
	 -0.840	 -0.385	  0.382

4 	  43.54	   4.69	  -2.32
	  0.690	  0.724	 -0.017
	 -0.721	  0.688	  0.078
	  0.068	 -0.042	  0.997

5 	  38.87	   8.10	   8.79
	  0.041	  0.102	  0.994
	 -0.436	 -0.893	  0.110
	  0.899	 -0.438	  0.008

6 	  40.92	  10.51	  18.81
	  0.012	 -0.022	  1.000
	 -0.912	  0.410	  0.020
	 -0.410	 -0.912	 -0.016

7 	  44.75	  -7.14	  -1.83
	  0.505	 -0.729	  0.462
	  0.803	  0.593	  0.056
	 -0.315	  0.343	  0.885

8 	  37.04	 -10.69	   4.64
	 -0.502	 -0.408	  0.762
	  0.319	 -0.907	 -0.276
	  0.804	  0.105	  0.585

9 	  35.21	 -15.31	  14.73
	 -0.487	 -0.225	  0.844
	  0.605	  0.610	  0.511
	 -0.630	  0.759	 -0.162

2 	  32.64	  -6.87	  22.97
	 -0.053	  0.996	 -0.068
	 -0.998	 -0.054	 -0.012
	 -0.016	  0.067	  0.997

3 	  47.85	  -0.76	   5.43
	  0.209	  0.320	  0.924
	 -0.438	  0.876	 -0.204
	 -0.875	 -0.362	  0.323

4 	  44.70	   4.83	  -2.14
	  0.696	  0.716	  0.042
	 -0.718	  0.695	  0.034
	 -0.005	 -0.054	  0.998

5 	  39.16	   8.05	   8.56
	 -0.044	  0.098	  0.994
	 -0.429	 -0.900	  0.070
	  0.902	 -0.424	  0.082

6 	  40.34	  10.53	  18.63
	 -0.074	 -0.017	  0.997
	 -0.925	  0.374	 -0.062
	 -0.372	 -0.927	 -0.044

7 	  45.54	  -7.05	  -1.90
	  0.435	 -0.764	  0.476
	  0.823	  0.552	  0.134
	 -0.365	  0.333	  0.869

8 	  37.02	 -10.34	   3.11
	 -0.637	 -0.438	  0.634
	  0.289	 -0.899	 -0.330
	  0.714	 -0.026	  0.699

9 	  33.54	 -15.94	  11.94
	 -0.601	 -0.291	  0.745
	  0.608	  0.438	  0.661
	 -0.519	  0.850	 -0.087

2 	  32.64	  -6.87	  22.97
	 -0.053	  0.996	 -0.068
	 -0.998	 -0.054	 -0.012
	 -0.015	  0.067	  0.997

3 	  48.23	  -0.83	   5.57
	  0.176	  0.303	  0.936
	 -0.398	  0.892	 -0.214
	 -0.900	 -0.335	  0.278

4 	  45.46	   4.83	  -2.00
	  0.697	  0.712	  0.082
	 -0.715	  0.699	 -0.001
	 -0.059	 -0.058	  0.996

5 	  39.22	   7.98	   8.23
	 -0.117	  0.094	  0.988
	 -0.420	 -0.907	  0.037
	  0.900	 -0.411	  0.146

6 	  39.60	  10.53	  18.42
	 -0.156	 -0.014	  0.987
	 -0.925	  0.353	 -0.141
	 -0.346	 -0.936	 -0.068

7 	  46.14	  -6.94	  -1.79
	  0.386	 -0.781	  0.490
	  0.826	  0.530	  0.194
	 -0.411	  0.330	  0.849

8 	  37.14	  -9.98	   1.88
	 -0.734	 -0.446	  0.512
	  0.278	 -0.885	 -0.372
	  0.619	 -0.130	  0.774

9 	  32.19	 -16.00	   9.53
	 -0.737	 -0.325	  0.593
	  0.431	  0.450	  0.782
	 -0.521	  0.832	 -0.192

2 	  32.64	  -6.87	  22.97
	 -0.054	  0.996	 -0.068
	 -0.998	 -0.054	 -0.012
	 -0.015	  0.067	  0.997

3 	  48.50	  -0.74	   5.80
	  0.152	  0.297	  0.943
	 -0.379	  0.898	 -0.222
	 -0.913	 -0.323	  0.249

4 	  45.97	   4.96	  -1.85
	  0.690	  0.714	  0.113
	 -0.716	  0.697	 -0.031
	 -0.101	 -0.059	  0.993

5 	  39.18	   8.02	   7.88
	 -0.182	  0.102	  0.978
	 -0.411	 -0.911	  0.018
	  0.893	 -0.399	  0.207

6 	  38.87	  10.76	  18.05
	 -0.234	 -0.003	  0.972
	 -0.914	  0.341	 -0.219
	 -0.332	 -0.940	 -0.082

7 	  46.32	  -6.87	  -1.71
	  0.342	 -0.798	  0.496
	  0.831	  0.503	  0.235
	 -0.438	  0.332	  0.836

8 	  37.12	  -9.69	   1.25
	 -0.784	 -0.439	  0.439
	  0.266	 -0.876	 -0.401
	  0.561	 -0.198	  0.804

9 	  31.46	 -15.75	   8.28
	 -0.805	 -0.333	  0.490
	  0.292	  0.497	  0.817
	 -0.516	  0.801	 -0.303

2 	  32.64	  -6.87	  22.97
	 -0.053	  0.996	 -0.068
	 -0.998	 -0.054	 -0.012
	 -0.016	  0.067	  0.997

3 	  48.60	  -0.86	   5.92
	  0.142	  0.284	  0.948
	 -0.347	  0.911	 -0.221
	 -0.927	 -0.297	  0.228

4 	  46.25	   4.92	  -1.79
	  0.697	  0.705	  0.131
	 -0.706	  0.706	 -0.048
	 -0.127	 -0.060	  0.990

5 	  39.16	   8.12	   7.59
	 -0.227	  0.110	  0.967
	 -0.417	 -0.909	  0.006
	  0.880	 -0.402	  0.252

6 	  38.43	  10.99	  17.63
	 -0.284	  0.010	  0.958
	 -0.902	  0.335	 -0.271
	 -0.324	 -0.942	 -0.087

7 	  46.34	  -6.80	  -1.65
	  0.318	 -0.806	  0.500
	  0.835	  0.488	  0.254
	 -0.449	  0.336	  0.828

8 	  37.12	  -9.56	   1.07
	 -0.799	 -0.441	  0.408
	  0.272	 -0.871	 -0.409
	  0.536	 -0.216	  0.816

9 	  31.22	 -15.63	   7.80
	 -0.828	 -0.342	  0.444
	  0.219	  0.532	  0.818
	 -0.516	  0.774	 -0.366

2 	  32.64	  -6.87	  22.97
	 -0.054	  0.996	 -0.068
	 -0.998	 -0.055	 -0.012
	 -0.016	  0.067	  0.997

3 	  48.64	  -0.88	   5.96
	  0.140	  0.283	  0.949
	 -0.340	  0.913	 -0.222
	 -0.930	 -0.292	  0.224

4 	  46.46	   4.92	  -1.79
	  0.697	  0.703	  0.138
	 -0.703	  0.708	 -0.062
	 -0.142	 -0.054	  0.988

5 	  39.06	   8.14	   7.24
	 -0.264	  0.121	  0.957
	 -0.417	 -0.909	 -0.000
	  0.869	 -0.399	  0.290

6 	  37.85	  11.14	  17.26
	 -0.336	  0.022	  0.942
	 -0.886	  0.331	 -0.324
	 -0.319	 -0.943	 -0.092

7 	  46.35	  -6.84	  -1.60
	  0.306	 -0.807	  0.505
	  0.835	  0.482	  0.264
	 -0.456	  0.341	  0.822

8 	  37.04	  -9.47	   0.91
	 -0.813	 -0.432	  0.391
	  0.265	 -0.872	 -0.411
	  0.518	 -0.231	  0.823

9 	  30.87	 -15.45	   7.52
	 -0.853	 -0.332	  0.404
	  0.167	  0.559	  0.812
	 -0.495	  0.760	 -0.422

2 	  32.64	  -6.87	  22.97
	 -0.053	  0.996	 -0.068
	 -0.998	 -0.054	 -0.012
	 -0.016	  0.067	  0.997

3 	  48.62	  -0.93	   6.01
	  0.137	  0.283	  0.949
	 -0.334	  0.915	 -0.225
	 -0.932	 -0.286	  0.220

4 	  46.58	   4.78	  -1.81
	  0.698	  0.701	  0.144
	 -0.699	  0.711	 -0.077
	 -0.156	 -0.047	  0.986

5 	  38.99	   8.14	   6.94
	 -0.295	  0.131	  0.946
	 -0.420	 -0.908	 -0.005
	  0.858	 -0.399	  0.322

6 	  37.56	  11.25	  16.91
	 -0.365	  0.033	  0.930
	 -0.875	  0.330	 -0.355
	 -0.319	 -0.943	 -0.092

7 	  46.35	  -6.93	  -1.60
	  0.279	 -0.818	  0.504
	  0.840	  0.461	  0.283
	 -0.464	  0.344	  0.816

8 	  36.93	  -9.35	   0.69
	 -0.832	 -0.414	  0.369
	  0.247	 -0.872	 -0.422
	  0.497	 -0.260	  0.828

9 	  30.45	 -15.17	   7.10
	 -0.873	 -0.319	  0.369
	  0.139	  0.563	  0.815
	 -0.468	  0.762	 -0.447

2 	  32.64	  -6.87	  22.97
	 -0.054	  0.996	 -0.068
	 -0.998	 -0.055	 -0.012
	 -0.016	  0.067	  0.997

3 	  48.64	  -1.07	   6.13
	  0.133	  0.271	  0.953
	 -0.310	  0.925	 -0.220
	 -0.941	 -0.266	  0.207

4 	  46.74	   4.71	  -1.74
	  0.703	  0.694	  0.156
	 -0.690	  0.718	 -0.086
	 -0.172	 -0.048	  0.984

5 	  39.01	   8.17	   6.91
	 -0.310	  0.133	  0.941
	 -0.426	 -0.905	 -0.012
	  0.850	 -0.404	  0.337

6 	  37.48	  11.30	  16.86
	 -0.377	  0.035	  0.925
	 -0.870	  0.330	 -0.367
	 -0.318	 -0.943	 -0.094

7 	  46.35	  -6.96	  -1.60
	  0.264	 -0.824	  0.501
	  0.842	  0.450	  0.296
	 -0.470	  0.345	  0.813

8 	  36.91	  -9.19	   0.58
	 -0.842	 -0.409	  0.352
	  0.243	 -0.870	 -0.428
	  0.482	 -0.275	  0.832

9 	  30.29	 -15.06	   6.77
	 -0.886	 -0.315	  0.341
	  0.118	  0.558	  0.821
	 -0.449	  0.767	 -0.457

2 	  32.64	  -6.87	  22.97
	 -0.054	  0.996	 -0.068
	 -0.998	 -0.055	 -0.012
	 -0.016	  0.067	  0.997

3 	  48.62	  -1.12	   6.13
	  0.133	  0.268	  0.954
	 -0.304	  0.927	 -0.218
	 -0.943	 -0.261	  0.205

4 	  46.81	   4.71	  -1.71
	  0.704	  0.691	  0.165
	 -0.687	  0.721	 -0.090
	 -0.181	 -0.050	  0.982

5 	  39.02	   8.17	   6.84
	 -0.320	  0.135	  0.938
	 -0.428	 -0.903	 -0.016
	  0.845	 -0.407	  0.347

6 	  37.37	  11.32	  16.73
	 -0.386	  0.035	  0.921
	 -0.867	  0.326	 -0.376
	 -0.314	 -0.944	 -0.095

7 	  46.39	  -6.93	  -1.58
	  0.253	 -0.828	  0.500
	  0.842	  0.443	  0.308
	 -0.477	  0.343	  0.809

8 	  36.91	  -9.11	   0.46
	 -0.849	 -0.406	  0.339
	  0.242	 -0.868	 -0.434
	  0.470	 -0.286	  0.835

9 	  30.16	 -14.96	   6.47
	 -0.896	 -0.314	  0.315
	  0.094	  0.560	  0.823
	 -0.435	  0.766	 -0.473

2 	  32.64	  -6.87	  22.97
	 -0.054	  0.996	 -0.068
	 -0.998	 -0.055	 -0.012
	 -0.015	  0.067	  0.997

3 	  48.64	  -1.18	   6.19
	  0.129	  0.261	  0.956
	 -0.297	  0.930	 -0.214
	 -0.946	 -0.256	  0.198

4 	  46.92	   4.75	  -1.65
	  0.702	  0.689	  0.177
	 -0.685	  0.722	 -0.095
	 -0.193	 -0.055	  0.979

5 	  38.99	   8.21	   6.80
	 -0.340	  0.130	  0.931
	 -0.426	 -0.904	 -0.029
	  0.838	 -0.407	  0.363

6 	  37.16	  11.30	  16.70
	 -0.402	  0.031	  0.915
	 -0.862	  0.323	 -0.390
	 -0.307	 -0.946	 -0.103

7 	  46.46	  -6.87	  -1.55
	  0.245	 -0.832	  0.497
	  0.840	  0.439	  0.319
	 -0.484	  0.339	  0.807

8 	  36.95	  -8.96	   0.30
	 -0.855	 -0.404	  0.325
	  0.242	 -0.865	 -0.439
	  0.458	 -0.297	  0.838

9 	  30.04	 -14.87	   6.10
	 -0.907	 -0.313	  0.282
	  0.062	  0.563	  0.824
	 -0.417	  0.765	 -0.491

2 	  32.64	  -6.87	  22.97
	 -0.054	  0.996	 -0.068
	 -0.998	 -0.055	 -0.012
	 -0.016	  0.067	  0.997

3 	  48.67	  -1.18	   6.22
	  0.124	  0.255	  0.959
	 -0.294	  0.932	 -0.210
	 -0.948	 -0.256	  0.190

4 	  47.02	   4.75	  -1.56
	  0.701	  0.687	  0.191
	 -0.683	  0.724	 -0.098
	 -0.206	 -0.062	  0.977

5 	  38.94	   8.19	   6.75
	 -0.354	  0.127	  0.926
	 -0.425	 -0.904	 -0.039
	  0.833	 -0.408	  0.374

6 	  36.98	  11.25	  16.61
	 -0.413	  0.028	  0.910
	 -0.860	  0.317	 -0.400
	 -0.300	 -0.948	 -0.107

7 	  46.49	  -6.82	  -1.58
	  0.229	 -0.841	  0.490
	  0.837	  0.427	  0.342
	 -0.497	  0.332	  0.801

8 	  36.95	  -8.84	  -0.02
	 -0.867	 -0.400	  0.296
	  0.244	 -0.861	 -0.447
	  0.433	 -0.315	  0.844

9 	  29.81	 -14.71	   5.48
	 -0.921	 -0.312	  0.232
	  0.011	  0.577	  0.817
	 -0.389	  0.755	 -0.528

2 	  32.64	  -6.87	  22.97
	 -0.054	  0.996	 -0.068
	 -0.998	 -0.055	 -0.012
	 -0.016	  0.067	  0.997

3 	  48.67	  -1.18	   6.29
	  0.115	  0.241	  0.963
	 -0.284	  0.937	 -0.201
	 -0.952	 -0.251	  0.176

4 	  47.11	   4.83	  -1.46
	  0.698	  0.685	  0.207
	 -0.681	  0.725	 -0.101
	 -0.219	 -0.071	  0.973

5 	  38.95	   8.19	   6.79
	 -0.370	  0.121	  0.921
	 -0.426	 -0.903	 -0.052
	  0.826	 -0.412	  0.385

6 	  36.84	  11.23	  16.66
	 -0.425	  0.022	  0.905
	 -0.856	  0.313	 -0.411
	 -0.292	 -0.949	 -0.114

7 	  46.53	  -6.73	  -1.60
	  0.219	 -0.847	  0.484
	  0.834	  0.420	  0.357
	 -0.506	  0.326	  0.798

8 	  36.98	  -8.68	  -0.14
	 -0.874	 -0.397	  0.279
	  0.244	 -0.857	 -0.453
	  0.419	 -0.328	  0.846

9 	  29.79	 -14.54	   5.24
	 -0.928	 -0.309	  0.207
	 -0.012	  0.580	  0.814
	 -0.372	  0.753	 -0.543

2 	  32.62	  -6.87	  22.99
	 -0.053	  0.996	 -0.068
	 -0.998	 -0.054	 -0.012
	 -0.016	  0.067	  0.997

3 	  48.67	  -1.16	   6.29
	  0.111	  0.236	  0.965
	 -0.283	  0.938	 -0.197
	 -0.953	 -0.251	  0.171

4 	  47.20	   4.87	  -1.39
	  0.697	  0.683	  0.219
	 -0.680	  0.726	 -0.102
	 -0.229	 -0.078	  0.970

5 	  38.92	   8.21	   6.79
	 -0.379	  0.116	  0.918
	 -0.424	 -0.904	 -0.061
	  0.822	 -0.412	  0.392

6 	  36.76	  11.23	  16.61
	 -0.431	  0.017	  0.902
	 -0.856	  0.308	 -0.415
	 -0.285	 -0.951	 -0.118

7 	  46.56	  -6.70	  -1.60
	  0.216	 -0.850	  0.480
	  0.834	  0.417	  0.361
	 -0.507	  0.323	  0.799

8 	  37.02	  -8.67	  -0.16
	 -0.874	 -0.396	  0.280
	  0.242	 -0.857	 -0.455
	  0.420	 -0.330	  0.845

9 	  29.83	 -14.48	   5.26
	 -0.928	 -0.310	  0.205
	 -0.013	  0.580	  0.814
	 -0.372	  0.753	 -0.542

2 	  32.64	  -6.87	  22.97
	 -0.053	  0.996	 -0.068
	 -0.998	 -0.054	 -0.012
	 -0.015	  0.067	  0.997

3 	  48.66	  -1.12	   6.33
	  0.109	  0.234	  0.966
	 -0.284	  0.938	 -0.196
	 -0.953	 -0.253	  0.168

4 	  47.23	   4.92	  -1.32
	  0.694	  0.684	  0.225
	 -0.682	  0.724	 -0.102
	 -0.233	 -0.083	  0.969

5 	  38.90	   8.23	   6.79
	 -0.383	  0.114	  0.916
	 -0.422	 -0.904	 -0.064
	  0.822	 -0.411	  0.395

6 	  36.70	  11.21	  16.63
	 -0.433	  0.015	  0.901
	 -0.856	  0.305	 -0.417
	 -0.281	 -0.952	 -0.120

7 	  46.60	  -6.66	  -1.62
	  0.216	 -0.851	  0.479
	  0.834	  0.416	  0.362
	 -0.508	  0.321	  0.799

8 	  37.02	  -8.65	  -0.16
	 -0.874	 -0.398	  0.280
	  0.243	 -0.856	 -0.456
	  0.421	 -0.331	  0.844

9 	  29.88	 -14.52	   5.29
	 -0.926	 -0.313	  0.209
	 -0.015	  0.586	  0.810
	 -0.376	  0.747	 -0.547

2 	  32.64	  -6.87	  22.97
	 -0.054	  0.996	 -0.068
	 -0.998	 -0.054	 -0.012
	 -0.015	  0.067	  0.997

3 	  48.66	  -1.14	   6.35
	  0.107	  0.233	  0.967
	 -0.284	  0.939	 -0.195
	 -0.953	 -0.254	  0.166

4 	  47.21	   4.92	  -1.30
	  0.692	  0.684	  0.228
	 -0.682	  0.724	 -0.101
	 -0.235	 -0.086	  0.968

5 	  38.90	   8.23	   6.80
	 -0.384	  0.112	  0.916
	 -0.421	 -0.905	 -0.065
	  0.822	 -0.411	  0.395

6 	  36.67	  11.16	  16.65
	 -0.433	  0.013	  0.901
	 -0.857	  0.304	 -0.416
	 -0.280	 -0.952	 -0.121

7 	  46.60	  -6.64	  -1.62
	  0.219	 -0.851	  0.477
	  0.834	  0.417	  0.360
	 -0.506	  0.319	  0.801

8 	  37.05	  -8.75	   0.02
	 -0.866	 -0.401	  0.299
	  0.243	 -0.860	 -0.448
	  0.437	 -0.315	  0.842

9 	  30.09	 -14.61	   5.85
	 -0.917	 -0.315	  0.245
	  0.008	  0.599	  0.800
	 -0.399	  0.736	 -0.547

2 	  32.64	  -6.87	  22.97
	 -0.054	  0.996	 -0.068
	 -0.998	 -0.055	 -0.012
	 -0.016	  0.067	  0.997

3 	  48.66	  -1.14	   6.36
	  0.106	  0.235	  0.966
	 -0.288	  0.937	 -0.197
	 -0.952	 -0.258	  0.167

4 	  47.21	   4.96	  -1.32
	  0.691	  0.685	  0.228
	 -0.683	  0.723	 -0.100
	 -0.234	 -0.087	  0.968

5 	  38.88	   8.23	   6.82
	 -0.384	  0.112	  0.917
	 -0.421	 -0.905	 -0.066
	  0.822	 -0.411	  0.394

6 	  36.77	  11.13	  16.77
	 -0.423	  0.010	  0.906
	 -0.861	  0.305	 -0.406
	 -0.281	 -0.952	 -0.121

7 	  46.53	  -6.70	  -1.55
	  0.247	 -0.846	  0.472
	  0.837	  0.432	  0.336
	 -0.489	  0.311	  0.815

8 	  37.07	  -9.09	   0.67
	 -0.842	 -0.420	  0.340
	  0.250	 -0.861	 -0.443
	  0.479	 -0.288	  0.829

9 	  30.80	 -15.06	   7.10
	 -0.872	 -0.348	  0.344
	  0.066	  0.612	  0.787
	 -0.485	  0.709	 -0.511

2 	  32.64	  -6.87	  22.97
	 -0.053	  0.996	 -0.068
	 -0.998	 -0.054	 -0.012
	 -0.016	  0.067	  0.997

3 	  48.60	  -1.07	   6.35
	  0.109	  0.254	  0.961
	 -0.308	  0.927	 -0.211
	 -0.945	 -0.273	  0.179

4 	  46.99	   4.96	  -1.37
	  0.692	  0.688	  0.217
	 -0.689	  0.719	 -0.086
	 -0.216	 -0.090	  0.972

5 	  38.83	   8.10	   7.05
	 -0.351	  0.106	  0.930
	 -0.422	 -0.905	 -0.056
	  0.836	 -0.412	  0.362

6 	  37.12	  11.00	  17.02
	 -0.381	  0.007	  0.924
	 -0.880	  0.303	 -0.365
	 -0.283	 -0.953	 -0.109

7 	  46.28	  -6.79	  -1.53
	  0.335	 -0.820	  0.464
	  0.833	  0.488	  0.261
	 -0.441	  0.299	  0.846

8 	  37.18	  -9.76	   2.36
	 -0.752	 -0.457	  0.475
	  0.235	 -0.859	 -0.455
	  0.616	 -0.231	  0.753

9 	  33.05	 -15.89	  10.30
	 -0.704	 -0.395	  0.590
	  0.274	  0.615	  0.739
	 -0.655	  0.682	 -0.326

2 	  32.64	  -6.87	  22.97
	 -0.054	  0.996	 -0.068
	 -0.998	 -0.055	 -0.012
	 -0.016	  0.067	  0.997

3 	  48.43	  -0.97	   6.05
	  0.143	  0.289	  0.947
	 -0.364	  0.905	 -0.221
	 -0.920	 -0.313	  0.234

4 	  46.25	   4.94	  -1.74
	  0.698	  0.698	  0.157
	 -0.701	  0.711	 -0.045
	 -0.143	 -0.079	  0.986

5 	  38.71	   8.10	   7.38
	 -0.271	  0.116	  0.955
	 -0.415	 -0.910	 -0.007
	  0.869	 -0.398	  0.295

6 	  37.85	  11.02	  17.38
	 -0.294	  0.016	  0.955
	 -0.913	  0.289	 -0.286
	 -0.281	 -0.957	 -0.070

7 	  45.79	  -6.94	  -1.62
	  0.442	 -0.781	  0.442
	  0.811	  0.558	  0.175
	 -0.383	  0.281	  0.880

8 	  37.39	  -9.97	   5.12
	 -0.554	 -0.489	  0.674
	  0.091	 -0.840	 -0.534
	  0.827	 -0.234	  0.510

9 	  36.95	 -16.42	  13.90
	 -0.373	 -0.381	  0.846
	  0.639	  0.556	  0.532
	 -0.673	  0.739	  0.036

2 	  32.62	  -6.87	  22.99
	 -0.053	  0.996	 -0.068
	 -0.998	 -0.054	 -0.012
	 -0.016	  0.067	  0.997

3 	  48.02	  -1.00	   5.64
	  0.194	  0.310	  0.931
	 -0.401	  0.891	 -0.213
	 -0.895	 -0.332	  0.297

4 	  45.16	   4.71	  -2.13
	  0.714	  0.695	  0.081
	 -0.698	  0.716	  0.008
	 -0.053	 -0.063	  0.996

5 	  38.67	   7.98	   7.75
	 -0.162	  0.128	  0.978
	 -0.423	 -0.905	  0.048
	  0.891	 -0.406	  0.200

6 	  38.90	  11.04	  17.72
	 -0.190	  0.031	  0.981
	 -0.933	  0.307	 -0.190
	 -0.307	 -0.951	 -0.030

7 	  44.75	  -7.14	  -1.79
	  0.509	 -0.754	  0.414
	  0.798	  0.594	  0.100
	 -0.322	  0.279	  0.904

8 	  37.93	 -10.20	   7.28
	 -0.251	 -0.471	  0.845
	 -0.069	 -0.862	 -0.501
	  0.965	 -0.184	  0.184

9 	  42.01	 -15.40	  16.22
	  0.106	 -0.238	  0.965
	  0.763	  0.642	  0.074
	 -0.638	  0.729	  0.250

2 	  32.64	  -6.87	  22.97
	 -0.053	  0.996	 -0.068
	 -0.998	 -0.054	 -0.012
	 -0.016	  0.067	  0.997

3 	  47.44	  -1.11	   5.20
	  0.259	  0.325	  0.909
	 -0.420	  0.886	 -0.197
	 -0.870	 -0.331	  0.366

4 	  44.07	   4.55	  -2.46
	  0.738	  0.674	  0.003
	 -0.673	  0.736	  0.067
	  0.043	 -0.052	  0.997

5 	  38.74	   8.03	   8.19
	 -0.038	  0.141	  0.989
	 -0.428	 -0.897	  0.111
	  0.903	 -0.419	  0.095

6 	  40.11	  11.14	  17.98
	 -0.070	  0.045	  0.996
	 -0.944	  0.319	 -0.081
	 -0.322	 -0.947	  0.020

7 	  43.51	  -7.35	  -1.83
	  0.553	 -0.741	  0.379
	  0.786	  0.616	  0.056
	 -0.275	  0.267	  0.923

8 	  39.18	 -10.34	   9.07
	  0.126	 -0.390	  0.912
	 -0.061	 -0.921	 -0.386
	  0.990	 -0.007	 -0.140

9 	  46.49	 -13.69	  16.73
	  0.438	 -0.092	  0.894
	  0.676	  0.689	 -0.260
	 -0.593	  0.718	  0.364

2 	  32.62	  -6.87	  22.99
	 -0.053	  0.996	 -0.068
	 -0.998	 -0.054	 -0.012
	 -0.016	  0.067	  0.997

3 	  46.69	  -1.34	   4.83
	  0.314	  0.331	  0.890
	 -0.420	  0.889	 -0.183
	 -0.851	 -0.317	  0.418

4 	  42.84	   4.32	  -2.67
	  0.752	  0.654	 -0.074
	 -0.646	  0.755	  0.115
	  0.131	 -0.039	  0.990

5 	  38.72	   8.02	   8.51
	  0.077	  0.151	  0.985
	 -0.428	 -0.888	  0.169
	  0.901	 -0.435	 -0.004

6 	  41.08	  11.16	  18.00
	  0.040	  0.053	  0.998
	 -0.943	  0.332	  0.020
	 -0.330	 -0.942	  0.063

7 	  42.31	  -7.54	  -1.85
	  0.589	 -0.733	  0.339
	  0.775	  0.632	  0.017
	 -0.227	  0.253	  0.940

8 	  40.38	 -10.18	   9.77
	  0.415	 -0.296	  0.860
	 -0.040	 -0.950	 -0.308
	  0.908	  0.094	 -0.407

9 	  48.96	 -12.38	  15.91
	  0.663	  0.031	  0.747
	  0.589	  0.593	 -0.548
	 -0.461	  0.804	  0.375

2 	  32.62	  -6.87	  22.99
	 -0.053	  0.996	 -0.068
	 -0.998	 -0.054	 -0.013
	 -0.016	  0.067	  0.997

3 	  46.07	  -1.39	   4.46
	  0.364	  0.349	  0.864
	 -0.450	  0.877	 -0.165
	 -0.815	 -0.329	  0.476

4 	  41.59	   4.24	  -2.85
	  0.736	  0.660	 -0.152
	 -0.639	  0.751	  0.167
	  0.225	 -0.026	  0.974

5 	  38.46	   8.03	   8.81
	  0.177	  0.160	  0.971
	 -0.400	 -0.890	  0.219
	  0.899	 -0.427	 -0.094

6 	  41.66	  11.29	  17.98
	  0.134	  0.057	  0.989
	 -0.935	  0.338	  0.107
	 -0.328	 -0.939	  0.099

7 	  41.33	  -7.61	  -1.76
	  0.631	 -0.713	  0.304
	  0.756	  0.653	 -0.037
	 -0.173	  0.253	  0.952

8 	  40.52	  -9.79	  10.02
	  0.531	 -0.199	  0.824
	  0.029	 -0.967	 -0.252
	  0.847	  0.157	 -0.508

9 	  49.69	 -11.44	  15.24
	  0.739	  0.099	  0.667
	  0.536	  0.513	 -0.670
	 -0.409	  0.852	  0.326

2 	  32.62	  -6.89	  22.99
	 -0.053	  0.996	 -0.068
	 -0.998	 -0.054	 -0.013
	 -0.016	  0.067	  0.997

3 	  45.39	  -1.23	   4.20
	  0.405	  0.359	  0.841
	 -0.483	  0.865	 -0.137
	 -0.776	 -0.350	  0.524

4 	  40.25	   4.20	  -2.83
	  0.704	  0.677	 -0.215
	 -0.643	  0.736	  0.213
	  0.302	 -0.012	  0.953

5 	  38.09	   8.03	   9.04
	  0.263	  0.164	  0.950
	 -0.371	 -0.892	  0.257
	  0.890	 -0.420	 -0.174

6 	  41.99	  11.27	  17.88
	  0.217	  0.052	  0.975
	 -0.920	  0.345	  0.186
	 -0.327	 -0.937	  0.123

7 	  40.46	  -7.68	  -1.74
	  0.641	 -0.717	  0.275
	  0.760	  0.643	 -0.096
	 -0.108	  0.270	  0.956

8 	  39.99	  -9.39	  10.16
	  0.554	 -0.181	  0.812
	 -0.023	 -0.979	 -0.203
	  0.832	  0.094	 -0.547

9 	  48.20	 -11.97	  16.12
	  0.666	  0.051	  0.744
	  0.712	  0.254	 -0.655
	 -0.222	  0.966	  0.133

2 	  32.62	  -6.87	  22.99
	 -0.053	  0.996	 -0.068
	 -0.998	 -0.054	 -0.013
	 -0.016	  0.067	  0.997

3 	  44.89	  -1.04	   3.90
	  0.450	  0.362	  0.816
	 -0.503	  0.858	 -0.103
	 -0.738	 -0.364	  0.568

4 	  39.30	   4.25	  -2.74
	  0.677	  0.690	 -0.255
	 -0.644	  0.723	  0.249
	  0.356	 -0.005	  0.934

5 	  37.76	   8.21	   9.19
	  0.313	  0.162	  0.935
	 -0.365	 -0.889	  0.276
	  0.876	 -0.428	 -0.220

6 	  42.08	  11.32	  17.82
	  0.260	  0.047	  0.964
	 -0.902	  0.367	  0.226
	 -0.344	 -0.929	  0.138

7 	  39.80	  -7.58	  -1.83
	  0.644	 -0.727	  0.238
	  0.763	  0.633	 -0.133
	 -0.054	  0.267	  0.962

8 	  39.50	  -9.54	  10.09
	  0.556	 -0.219	  0.802
	 -0.060	 -0.973	 -0.224
	  0.829	  0.076	 -0.554

9 	  47.34	 -12.45	  16.47
	  0.637	  0.022	  0.771
	  0.748	  0.220	 -0.625
	 -0.184	  0.975	  0.123

2 	  32.62	  -6.89	  22.99
	 -0.053	  0.996	 -0.068
	 -0.998	 -0.054	 -0.013
	 -0.016	  0.067	  0.997

3 	  44.58	  -1.04	   3.81
	  0.473	  0.345	  0.810
	 -0.496	  0.864	 -0.079
	 -0.728	 -0.365	  0.580

4 	  38.71	   4.29	  -2.64
	  0.657	  0.704	 -0.269
	 -0.653	  0.709	  0.266
	  0.378	  0.000	  0.926

5 	  37.58	   8.14	   9.39
	  0.353	  0.161	  0.921
	 -0.344	 -0.893	  0.288
	  0.869	 -0.419	 -0.260

6 	  42.24	  11.25	  17.75
	  0.302	  0.042	  0.952
	 -0.892	  0.364	  0.267
	 -0.335	 -0.930	  0.148

7 	  39.41	  -7.56	  -1.88
	  0.643	 -0.735	  0.214
	  0.764	  0.629	 -0.140
	 -0.032	  0.253	  0.967

8 	  39.15	  -9.46	  10.02
	  0.566	 -0.240	  0.788
	 -0.107	 -0.970	 -0.218
	  0.817	  0.039	 -0.575

9 	  46.99	 -12.66	  16.17
	  0.679	 -0.012	  0.734
	  0.728	  0.142	 -0.671
	 -0.097	  0.990	  0.104

2 	  32.64	  -6.87	  22.97
	 -0.053	  0.996	 -0.068
	 -0.998	 -0.054	 -0.012
	 -0.016	  0.067	  0.997

3 	  44.33	  -1.02	   3.59
	  0.494	  0.346	  0.797
	 -0.502	  0.862	 -0.063
	 -0.710	 -0.369	  0.600

4 	  38.16	   4.24	  -2.67
	  0.634	  0.714	 -0.296
	 -0.655	  0.700	  0.286
	  0.412	  0.012	  0.911

5 	  37.46	   8.09	   9.39
	  0.389	  0.158	  0.907
	 -0.337	 -0.892	  0.300
	  0.857	 -0.423	 -0.294

6 	  42.45	  11.20	  17.60
	  0.340	  0.036	  0.939
	 -0.878	  0.369	  0.304
	 -0.336	 -0.929	  0.157

7 	  39.16	  -7.54	  -1.97
	  0.653	 -0.733	  0.192
	  0.757	  0.633	 -0.158
	 -0.006	  0.249	  0.968

8 	  39.06	  -9.51	   9.97
	  0.580	 -0.245	  0.777
	 -0.117	 -0.969	 -0.218
	  0.806	  0.036	 -0.591

9 	  47.34	 -12.52	  15.80
	  0.732	  0.007	  0.682
	  0.674	  0.141	 -0.725
	 -0.102	  0.990	  0.099

2 	  32.64	  -6.87	  22.97
	 -0.054	  0.996	 -0.068
	 -0.998	 -0.055	 -0.012
	 -0.016	  0.067	  0.997

3 	  44.16	  -1.00	   3.46
	  0.498	  0.355	  0.791
	 -0.517	  0.854	 -0.058
	 -0.697	 -0.380	  0.608

4 	  37.78	   4.10	  -2.69
	  0.618	  0.719	 -0.318
	 -0.658	  0.694	  0.292
	  0.430	  0.028	  0.902

5 	  37.28	   8.05	   9.35
	  0.412	  0.171	  0.895
	 -0.318	 -0.893	  0.317
	  0.854	 -0.415	 -0.314

6 	  42.42	  11.23	  17.46
	  0.361	  0.045	  0.931
	 -0.875	  0.363	  0.321
	 -0.323	 -0.931	  0.170

7 	  38.97	  -7.65	  -1.95
	  0.660	 -0.728	  0.182
	  0.750	  0.636	 -0.177
	  0.012	  0.254	  0.967

8 	  38.67	  -9.56	  10.00
	  0.574	 -0.240	  0.783
	 -0.116	 -0.970	 -0.213
	  0.811	  0.031	 -0.585

9 	  47.37	 -12.34	  15.33
	  0.782	  0.033	  0.622
	  0.616	  0.110	 -0.780
	 -0.094	  0.993	  0.066

2 	  32.64	  -6.87	  22.99
	 -0.054	  0.996	 -0.068
	 -0.998	 -0.055	 -0.012
	 -0.016	  0.067	  0.997

3 	  44.05	  -1.04	   3.39
	  0.501	  0.358	  0.788
	 -0.520	  0.852	 -0.057
	 -0.692	 -0.381	  0.613

4 	  37.56	   4.01	  -2.72
	  0.604	  0.725	 -0.328
	 -0.662	  0.687	  0.299
	  0.442	  0.037	  0.896

5 	  37.18	   8.02	   9.26
	  0.409	  0.178	  0.895
	 -0.294	 -0.903	  0.314
	  0.864	 -0.392	 -0.317

6 	  42.40	  11.23	  17.35
	  0.372	  0.049	  0.927
	 -0.874	  0.353	  0.332
	 -0.311	 -0.934	  0.175

7 	  38.85	  -7.68	  -2.02
	  0.660	 -0.731	  0.174
	  0.750	  0.632	 -0.192
	  0.030	  0.257	  0.966

8 	  38.43	  -9.58	   9.91
	  0.556	 -0.248	  0.793
	 -0.129	 -0.969	 -0.212
	  0.821	  0.016	 -0.571

9 	  46.65	 -12.41	  15.75
	  0.720	  0.022	  0.693
	  0.688	  0.103	 -0.718
	 -0.087	  0.994	  0.059

2 	  32.64	  -6.87	  22.97
	 -0.054	  0.996	 -0.068
	 -0.998	 -0.055	 -0.012
	 -0.016	  0.067	  0.997

3 	  43.98	  -1.09	   3.32
	  0.503	  0.353	  0.789
	 -0.515	  0.855	 -0.055
	 -0.694	 -0.379	  0.612

4 	  37.49	   4.01	  -2.71
	  0.605	  0.725	 -0.328
	 -0.661	  0.687	  0.301
	  0.444	  0.034	  0.895

5 	  37.23	   7.89	   9.40
	  0.422	  0.161	  0.892
	 -0.304	 -0.902	  0.307
	  0.854	 -0.401	 -0.332

6 	  42.59	  10.92	  17.33
	  0.406	  0.032	  0.913
	 -0.870	  0.318	  0.376
	 -0.279	 -0.947	  0.157

7 	  38.81	  -7.68	  -2.07
	  0.661	 -0.730	  0.170
	  0.749	  0.632	 -0.198
	  0.036	  0.258	  0.965

8 	  38.30	  -9.49	   9.83
	  0.521	 -0.237	  0.820
	 -0.111	 -0.971	 -0.210
	  0.846	  0.019	 -0.533

9 	  45.49	 -12.69	  16.63
	  0.607	  0.002	  0.795
	  0.794	  0.041	 -0.606
	 -0.034	  0.999	  0.023

2 	  32.64	  -6.87	  22.97
	 -0.053	  0.996	 -0.068
	 -0.998	 -0.054	 -0.012
	 -0.016	  0.067	  0.997

3 	  43.96	  -1.07	   3.29
	  0.498	  0.353	  0.792
	 -0.523	  0.850	 -0.051
	 -0.692	 -0.389	  0.608

4 	  37.49	   4.01	  -2.72
	  0.603	  0.728	 -0.325
	 -0.661	  0.684	  0.307
	  0.446	  0.029	  0.894

5 	  37.28	   7.82	   9.42
	  0.430	  0.155	  0.889
	 -0.305	 -0.902	  0.305
	  0.849	 -0.402	 -0.341

6 	  42.66	  10.85	  17.35
	  0.413	  0.026	  0.910
	 -0.870	  0.307	  0.385
	 -0.269	 -0.951	  0.149

7 	  39.01	  -7.65	  -2.18
	  0.662	 -0.730	  0.170
	  0.748	  0.631	 -0.205
	  0.042	  0.263	  0.964

8 	  38.30	  -9.47	   9.74
	  0.499	 -0.243	  0.832
	 -0.109	 -0.970	 -0.218
	  0.859	  0.018	 -0.510

9 	  45.21	 -12.74	  16.96
	  0.565	  0.003	  0.825
	  0.824	  0.040	 -0.565
	 -0.035	  0.999	  0.020

