% Calibrated with leiden_pols
% Positions are in centimeters
Data =[
 2    96.244   -22.708    59.903
 2     0.184    -0.980     0.070
 2     0.964     0.194     0.182
 2    -0.192     0.034     0.981
 3   131.595    -2.949     4.601
 3     0.383     0.172    -0.907
 3     0.165     0.954     0.251
 3     0.908    -0.246     0.337
 4   113.340    13.988    -6.166
 4     0.519    -0.832     0.198
 4     0.835     0.445    -0.323
 4     0.180     0.333     0.925
 5   111.365    20.357    20.174
 5     0.186    -0.187     0.964
 5     0.167    -0.961    -0.219
 5     0.968     0.201    -0.148
 6   123.041    26.538    46.434
 6     0.367    -0.922    -0.119
 6    -0.023     0.119    -0.993
 6     0.930     0.367     0.022
 7   118.030   -26.400    -5.148
 7     0.657     0.752     0.038
 7    -0.688     0.578     0.438
 7     0.308    -0.315     0.898
 8   114.314   -29.973    21.587
 8     0.302     0.577     0.759
 8    -0.062    -0.782     0.620
 8     0.951    -0.234    -0.201
 9   126.561   -32.439    47.245
 9     0.381     0.924    -0.036
 9     0.130    -0.016     0.991
 9     0.915    -0.383    -0.126
 2    96.242   -22.658    59.906
 2     0.184    -0.980     0.070
 2     0.964     0.194     0.182
 2    -0.193     0.033     0.981
 3   131.601    -2.922     4.593
 3     0.382     0.172    -0.908
 3     0.165     0.954     0.250
 3     0.909    -0.246     0.336
 4   113.343    13.989    -6.168
 4     0.518    -0.833     0.196
 4     0.836     0.444    -0.322
 4     0.181     0.331     0.926
 5   111.256    20.300    20.180
 5     0.191    -0.186     0.964
 5     0.166    -0.961    -0.219
 5     0.967     0.202    -0.153
 6   123.034    26.535    46.390
 6     0.370    -0.922    -0.118
 6    -0.024     0.118    -0.993
 6     0.929     0.370     0.021
 7   118.081   -26.348    -5.101
 7     0.658     0.751     0.036
 7    -0.686     0.580     0.439
 7     0.309    -0.314     0.897
 8   114.364   -29.973    21.638
 8     0.302     0.576     0.759
 8    -0.062    -0.783     0.619
 8     0.951    -0.234    -0.201
 9   126.674   -32.624    46.956
 9     0.388     0.921    -0.035
 9     0.126    -0.016     0.992
 9     0.913    -0.390    -0.122
 2    96.242   -22.658    59.906
 2     0.184    -0.980     0.070
 2     0.964     0.194     0.182
 2    -0.193     0.034     0.981
 3   131.601    -2.871     4.619
 3     0.381     0.171    -0.908
 3     0.166     0.954     0.250
 3     0.909    -0.246     0.335
 4   113.341    13.963    -6.165
 4     0.516    -0.834     0.195
 4     0.837     0.443    -0.320
 4     0.180     0.328     0.927
 5   111.306    20.301    20.181
 5     0.190    -0.186     0.964
 5     0.166    -0.961    -0.219
 5     0.967     0.202    -0.152
 6   123.059    26.535    46.390
 6     0.369    -0.922    -0.119
 6    -0.024     0.119    -0.993
 6     0.929     0.370     0.021
 7   118.086   -26.294    -5.083
 7     0.659     0.751     0.034
 7    -0.684     0.581     0.440
 7     0.311    -0.314     0.897
 8   114.315   -29.972    21.586
 8     0.301     0.576     0.759
 8    -0.061    -0.783     0.618
 8     0.951    -0.233    -0.201
 9   126.680   -32.442    47.126
 9     0.385     0.922    -0.039
 9     0.129    -0.013     0.991
 9     0.914    -0.387    -0.125
 2    96.242   -22.709    59.957
 2     0.185    -0.980     0.069
 2     0.964     0.194     0.182
 2    -0.193     0.033     0.981
 3   131.607    -2.868     4.663
 3     0.380     0.172    -0.909
 3     0.167     0.954     0.250
 3     0.910    -0.247     0.334
 4   113.341    13.963    -6.164
 4     0.516    -0.834     0.194
 4     0.837     0.443    -0.319
 4     0.180     0.327     0.927
 5   111.366    20.357    20.133
 5     0.185    -0.196     0.963
 5     0.170    -0.959    -0.228
 5     0.968     0.205    -0.145
 6   123.250    26.302    46.292
 6     0.366    -0.919    -0.147
 6    -0.028     0.147    -0.989
 6     0.930     0.365     0.028
 7   118.161   -26.344    -5.083
 7     0.660     0.750     0.034
 7    -0.683     0.581     0.442
 7     0.311    -0.315     0.896
 8   114.283   -30.107    21.416
 8     0.285     0.593     0.753
 8    -0.051    -0.775     0.630
 8     0.957    -0.218    -0.191
 9   126.512   -32.157    47.287
 9     0.378     0.924    -0.050
 9     0.133    -0.001     0.991
 9     0.916    -0.382    -0.124
 2    96.242   -22.709    59.906
 2     0.185    -0.980     0.069
 2     0.964     0.194     0.182
 2    -0.193     0.033     0.981
 3   131.558    -2.868     4.714
 3     0.380     0.172    -0.909
 3     0.167     0.953     0.251
 3     0.910    -0.247     0.333
 4   113.344    13.964    -6.167
 4     0.516    -0.834     0.194
 4     0.837     0.443    -0.320
 4     0.181     0.327     0.927
 5   111.368    20.305    20.149
 5     0.180    -0.204     0.962
 5     0.172    -0.957    -0.235
 5     0.968     0.208    -0.137
 6   123.367    26.357    46.283
 6     0.360    -0.919    -0.161
 6    -0.026     0.162    -0.986
 6     0.932     0.359     0.034
 7   118.112   -26.343    -5.032
 7     0.662     0.748     0.036
 7    -0.682     0.582     0.443
 7     0.311    -0.318     0.895
 8   114.154   -30.189    21.206
 8     0.274     0.594     0.756
 8    -0.057    -0.775     0.629
 8     0.960    -0.216    -0.179
 9   126.452   -32.310    47.253
 9     0.370     0.926    -0.065
 9     0.125     0.019     0.992
 9     0.920    -0.375    -0.109
 2    96.242   -22.709    59.957
 2     0.185    -0.980     0.069
 2     0.964     0.194     0.182
 2    -0.193     0.033     0.981
 3   131.602    -2.921     4.773
 3     0.380     0.173    -0.909
 3     0.167     0.953     0.251
 3     0.909    -0.248     0.333
 4   113.396    13.914    -6.119
 4     0.516    -0.834     0.193
 4     0.837     0.443    -0.322
 4     0.182     0.327     0.927
 5   111.377    20.312    20.148
 5     0.175    -0.204     0.963
 5     0.176    -0.956    -0.235
 5     0.969     0.210    -0.131
 6   123.214    26.598    46.366
 6     0.353    -0.922    -0.161
 6    -0.016     0.165    -0.986
 6     0.935     0.350     0.043
 7   118.083   -26.294    -5.025
 7     0.662     0.748     0.038
 7    -0.682     0.581     0.443
 7     0.309    -0.320     0.895
 8   114.089   -30.306    21.010
 8     0.264     0.592     0.761
 8    -0.068    -0.776     0.627
 8     0.962    -0.218    -0.164
 9   126.134   -32.850    46.964
 9     0.361     0.929    -0.073
 9     0.103     0.038     0.994
 9     0.927    -0.367    -0.082
 2    96.242   -22.658    59.957
 2     0.184    -0.980     0.069
 2     0.964     0.194     0.182
 2    -0.193     0.033     0.981
 3   131.553    -2.947     4.772
 3     0.382     0.173    -0.908
 3     0.166     0.953     0.252
 3     0.909    -0.248     0.335
 4   113.400    13.966    -6.125
 4     0.516    -0.835     0.193
 4     0.836     0.442    -0.324
 4     0.184     0.328     0.926
 5   111.375    20.240    20.106
 5     0.170    -0.201     0.964
 5     0.180    -0.956    -0.231
 5     0.969     0.213    -0.127
 6   123.112    26.838    46.347
 6     0.348    -0.924    -0.161
 6    -0.007     0.169    -0.985
 6     0.938     0.343     0.052
 7   118.019   -26.300    -5.052
 7     0.662     0.748     0.046
 7    -0.685     0.580     0.440
 7     0.302    -0.324     0.896
 8   113.907   -30.360    20.905
 8     0.260     0.569     0.780
 8    -0.089    -0.790     0.606
 8     0.961    -0.227    -0.155
 9   125.996   -33.577    46.642
 9     0.362     0.930    -0.056
 9     0.078     0.029     0.996
 9     0.929    -0.365    -0.062
 2    96.242   -22.658    59.906
 2     0.184    -0.980     0.069
 2     0.964     0.194     0.182
 2    -0.193     0.033     0.981
 3   131.545    -2.924     4.804
 3     0.383     0.171    -0.908
 3     0.166     0.954     0.250
 3     0.908    -0.247     0.337
 4   113.402    13.968    -6.128
 4     0.515    -0.835     0.193
 4     0.837     0.441    -0.324
 4     0.185     0.328     0.926
 5   111.361    20.089    20.156
 5     0.173    -0.182     0.968
 5     0.182    -0.960    -0.213
 5     0.968     0.213    -0.134
 6   123.041    27.072    46.411
 6     0.353    -0.926    -0.138
 6     0.003     0.148    -0.989
 6     0.936     0.348     0.054
 7   117.960   -26.305    -5.064
 7     0.661     0.748     0.050
 7    -0.688     0.578     0.438
 7     0.298    -0.325     0.897
 8   113.918   -30.417    20.854
 8     0.265     0.561     0.784
 8    -0.094    -0.795     0.600
 8     0.959    -0.233    -0.159
 9   126.133   -33.892    46.431
 9     0.367     0.929    -0.047
 9     0.069     0.023     0.997
 9     0.927    -0.369    -0.055
 2    96.242   -22.658    59.906
 2     0.185    -0.980     0.069
 2     0.964     0.194     0.182
 2    -0.193     0.033     0.981
 3   131.545    -2.924     4.778
 3     0.385     0.171    -0.907
 3     0.166     0.954     0.250
 3     0.908    -0.247     0.339
 4   113.352    13.967    -6.129
 4     0.516    -0.834     0.193
 4     0.836     0.442    -0.325
 4     0.185     0.329     0.926
 5   111.442    20.308    20.109
 5     0.176    -0.208     0.962
 5     0.176    -0.955    -0.238
 5     0.968     0.211    -0.132
 6   123.411    26.596    46.310
 6     0.349    -0.918    -0.188
 6    -0.019     0.194    -0.981
 6     0.937     0.345     0.050
 7   117.960   -26.354    -5.115
 7     0.663     0.746     0.051
 7    -0.686     0.580     0.439
 7     0.298    -0.327     0.897
 8   114.338   -30.438    20.885
 8     0.262     0.591     0.762
 8    -0.072    -0.776     0.626
 8     0.962    -0.219    -0.161
 9   126.433   -33.338    46.878
 9     0.360     0.929    -0.082
 9     0.094     0.051     0.994
 9     0.928    -0.366    -0.069
 2    96.242   -22.658    59.957
 2     0.185    -0.980     0.069
 2     0.964     0.194     0.182
 2    -0.193     0.033     0.981
 3   131.539    -2.925     4.735
 3     0.386     0.169    -0.907
 3     0.167     0.954     0.249
 3     0.907    -0.248     0.340
 4   113.402    13.967    -6.128
 4     0.516    -0.834     0.193
 4     0.836     0.442    -0.325
 4     0.185     0.329     0.926
 5   111.453    20.259    20.089
 5     0.178    -0.208     0.962
 5     0.173    -0.956    -0.238
 5     0.969     0.208    -0.135
 6   123.295    26.360    46.210
 6     0.365    -0.922    -0.126
 6    -0.022     0.127    -0.992
 6     0.930     0.365     0.026
 7   118.070   -26.400    -5.082
 7     0.664     0.746     0.044
 7    -0.683     0.582     0.440
 7     0.303    -0.323     0.896
 8   114.432   -30.354    21.127
 8     0.274     0.597     0.753
 8    -0.048    -0.774     0.631
 8     0.960    -0.210    -0.184
 9   126.529   -31.842    47.263
 9     0.369     0.927    -0.058
 9     0.140     0.006     0.990
 9     0.919    -0.374    -0.128
 2    96.242   -22.658    59.957
 2     0.185    -0.980     0.069
 2     0.964     0.194     0.182
 2    -0.193     0.033     0.981
 3   131.589    -2.950     4.735
 3     0.386     0.169    -0.907
 3     0.168     0.954     0.249
 3     0.907    -0.249     0.340
 4   113.429    13.865    -6.178
 4     0.518    -0.834     0.191
 4     0.835     0.444    -0.324
 4     0.185     0.327     0.926
 5   111.504    20.258    20.069
 5     0.177    -0.210     0.961
 5     0.173    -0.955    -0.240
 5     0.969     0.209    -0.133
 6   123.231    26.521    46.318
 6     0.363    -0.925    -0.115
 6    -0.018     0.117    -0.993
 6     0.932     0.362     0.026
 7   118.095   -26.425    -5.082
 7     0.664     0.746     0.044
 7    -0.683     0.582     0.440
 7     0.303    -0.323     0.897
 8   114.405   -30.413    20.955
 8     0.257     0.613     0.746
 8    -0.054    -0.762     0.645
 8     0.964    -0.206    -0.164
 9   126.419   -31.967    47.247
 9     0.365     0.929    -0.050
 9     0.136    -0.001     0.990
 9     0.921    -0.369    -0.127
 2    96.242   -22.658    59.906
 2     0.185    -0.980     0.069
 2     0.964     0.194     0.182
 2    -0.193     0.033     0.981
 3   131.633    -3.002     4.742
 3     0.387     0.168    -0.906
 3     0.168     0.954     0.249
 3     0.906    -0.249     0.341
 4   113.436    13.868    -6.187
 4     0.517    -0.834     0.190
 4     0.835     0.443    -0.326
 4     0.188     0.327     0.926
 5   111.451    20.239    20.029
 5     0.171    -0.206     0.963
 5     0.179    -0.955    -0.236
 5     0.969     0.212    -0.127
 6   123.155    26.892    46.306
 6     0.355    -0.927    -0.120
 6    -0.002     0.128    -0.992
 6     0.935     0.352     0.043
 7   118.074   -26.406    -5.100
 7     0.668     0.741     0.054
 7    -0.683     0.584     0.438
 7     0.293    -0.330     0.897
 8   113.938   -30.568    20.437
 8     0.232     0.581     0.780
 8    -0.106    -0.782     0.615
 8     0.967    -0.225    -0.120
 9   125.397   -34.057    46.541
 9     0.348     0.937    -0.016
 9     0.063    -0.007     0.998
 9     0.935    -0.349    -0.062
 2    96.245   -22.657    59.904
 2     0.185    -0.980     0.069
 2     0.964     0.194     0.182
 2    -0.192     0.033     0.981
 3   131.538    -2.969     4.786
 3     0.405     0.154    -0.901
 3     0.165     0.957     0.237
 3     0.899    -0.245     0.362
 4   113.370    13.924    -6.077
 4     0.514    -0.836     0.193
 4     0.836     0.437    -0.333
 4     0.193     0.332     0.923
 5   111.223    20.420    19.989
 5     0.158    -0.186     0.969
 5     0.206    -0.954    -0.217
 5     0.965     0.234    -0.113
 6   122.771    27.756    46.238
 6     0.340    -0.932    -0.130
 6     0.025     0.147    -0.989
 6     0.940     0.333     0.073
 7   117.881   -26.265    -5.063
 7     0.665     0.743     0.071
 7    -0.691     0.576     0.436
 7     0.283    -0.339     0.897
 8   113.336   -30.866    20.137
 8     0.226     0.515     0.827
 8    -0.168    -0.816     0.554
 8     0.959    -0.264    -0.098
 9   124.704   -36.589    45.730
 9     0.345     0.937     0.038
 9    -0.019    -0.033     0.999
 9     0.938    -0.346     0.006
 2    96.242   -22.658    59.906
 2     0.185    -0.980     0.069
 2     0.964     0.194     0.182
 2    -0.193     0.033     0.981
 3   131.532    -2.946     4.742
 3     0.407     0.152    -0.901
 3     0.164     0.957     0.236
 3     0.898    -0.244     0.365
 4   113.267    13.924    -6.029
 4     0.513    -0.835     0.199
 4     0.836     0.434    -0.336
 4     0.193     0.338     0.921
 5   110.795    20.679    19.976
 5     0.147    -0.136     0.979
 5     0.243    -0.955    -0.169
 5     0.959     0.262    -0.108
 6   121.841    29.677    46.000
 6     0.329    -0.941    -0.080
 6     0.081     0.113    -0.990
 6     0.941     0.319     0.114
 7   117.744   -26.247    -5.139
 7     0.662     0.744     0.084
 7    -0.696     0.571     0.435
 7     0.276    -0.347     0.896
 8   112.940   -31.058    20.084
 8     0.224     0.457     0.860
 8    -0.217    -0.838     0.501
 8     0.950    -0.299    -0.089
 9   124.320   -38.721    44.862
 9     0.352     0.932     0.087
 9    -0.089    -0.059     0.994
 9     0.931    -0.358     0.062
 2    96.242   -22.658    59.957
 2     0.185    -0.980     0.069
 2     0.964     0.194     0.182
 2    -0.193     0.033     0.980
 3   131.437    -2.892     4.786
 3     0.404     0.152    -0.902
 3     0.165     0.957     0.235
 3     0.899    -0.244     0.362
 4   113.089    13.824    -6.032
 4     0.510    -0.835     0.204
 4     0.838     0.430    -0.336
 4     0.193     0.343     0.919
 5   110.693    20.769    19.950
 5     0.148    -0.087     0.985
 5     0.277    -0.953    -0.125
 5     0.949     0.291    -0.117
 6   121.621    31.235    45.323
 6     0.335    -0.941    -0.042
 6     0.125     0.088    -0.988
 6     0.933     0.326     0.147
 7   117.662   -26.199    -5.146
 7     0.665     0.740     0.094
 7    -0.695     0.569     0.439
 7     0.271    -0.358     0.893
 8   112.968   -31.283    19.973
 8     0.225     0.417     0.880
 8    -0.255    -0.847     0.467
 8     0.940    -0.329    -0.084
 9   124.288   -39.901    44.497
 9     0.353     0.928     0.113
 9    -0.125    -0.073     0.989
 9     0.927    -0.364     0.090
 2    96.242   -22.658    59.957
 2     0.185    -0.980     0.069
 2     0.964     0.194     0.182
 2    -0.193     0.033     0.980
 3   131.423    -2.837     4.823
 3     0.400     0.151    -0.904
 3     0.167     0.957     0.234
 3     0.901    -0.245     0.358
 4   113.007    13.823    -6.028
 4     0.507    -0.836     0.210
 4     0.840     0.425    -0.336
 4     0.191     0.347     0.918
 5   110.623    20.959    19.924
 5     0.153    -0.022     0.988
 5     0.317    -0.946    -0.070
 5     0.936     0.324    -0.138
 6   121.296    32.818    44.832
 6     0.338    -0.941    -0.000
 6     0.175     0.063    -0.982
 6     0.924     0.332     0.186
 7   117.690   -26.095    -5.120
 7     0.667     0.738     0.097
 7    -0.693     0.568     0.443
 7     0.271    -0.364     0.891
 8   112.743   -31.746    19.911
 8     0.226     0.362     0.904
 8    -0.307    -0.855     0.419
 8     0.924    -0.372    -0.083
 9   124.063   -41.952    43.554
 9     0.361     0.920     0.147
 9    -0.188    -0.083     0.979
 9     0.913    -0.382     0.143
 2    96.242   -22.658    59.957
 2     0.185    -0.980     0.069
 2     0.964     0.195     0.182
 2    -0.193     0.033     0.981
 3   131.335    -2.883     4.835
 3     0.396     0.152    -0.906
 3     0.168     0.957     0.234
 3     0.903    -0.245     0.353
 4   112.903    13.746    -6.078
 4     0.506    -0.835     0.214
 4     0.841     0.423    -0.336
 4     0.190     0.350     0.917
 5   110.543    21.446    19.866
 5     0.156     0.030     0.987
 5     0.359    -0.933    -0.028
 5     0.920     0.359    -0.157
 6   121.250    34.641    43.930
 6     0.347    -0.937     0.035
 6     0.222     0.045    -0.974
 6     0.911     0.346     0.224
 7   117.612   -26.072    -5.112
 7     0.667     0.737     0.103
 7    -0.694     0.566     0.444
 7     0.269    -0.368     0.890
 8   112.586   -32.278    19.802
 8     0.230     0.313     0.921
 8    -0.358    -0.853     0.379
 8     0.905    -0.417    -0.084
 9   123.851   -43.913    42.670
 9     0.363     0.915     0.174
 9    -0.241    -0.088     0.966
 9     0.900    -0.393     0.188
 2    96.244   -22.657    59.954
 2     0.185    -0.980     0.069
 2     0.964     0.194     0.182
 2    -0.192     0.033     0.981
 3   131.335    -2.831     4.886
 3     0.395     0.149    -0.906
 3     0.169     0.958     0.231
 3     0.903    -0.245     0.353
 4   112.842    13.743    -6.094
 4     0.506    -0.834     0.220
 4     0.842     0.422    -0.335
 4     0.186     0.355     0.916
 5   110.517    21.903    19.790
 5     0.162     0.101     0.981
 5     0.406    -0.914     0.027
 5     0.899     0.394    -0.189
 6   120.840    36.942    43.030
 6     0.352    -0.931     0.096
 6     0.283     0.009    -0.959
 6     0.892     0.365     0.266
 7   117.481   -26.026    -4.991
 7     0.666     0.736     0.114
 7    -0.697     0.561     0.446
 7     0.264    -0.377     0.887
 8   112.421   -32.783    19.449
 8     0.234     0.270     0.933
 8    -0.408    -0.844     0.347
 8     0.882    -0.463    -0.088
 9   123.806   -45.982    41.343
 9     0.369     0.909     0.191
 9    -0.299    -0.078     0.951
 9     0.880    -0.408     0.242
 2    96.242   -22.658    59.906
 2     0.185    -0.980     0.069
 2     0.964     0.194     0.182
 2    -0.193     0.033     0.981
 3   131.189    -2.784     5.007
 3     0.400     0.137    -0.906
 3     0.173     0.959     0.221
 3     0.900    -0.246     0.360
 4   112.697    13.609    -6.175
 4     0.508    -0.830     0.228
 4     0.842     0.424    -0.332
 4     0.178     0.361     0.915
 5   110.591    22.508    19.548
 5     0.166     0.154     0.974
 5     0.454    -0.889     0.063
 5     0.875     0.432    -0.218
 6   120.898    38.852    41.828
 6     0.359    -0.926     0.118
 6     0.333     0.008    -0.943
 6     0.872     0.378     0.311
 7   117.229   -25.935    -5.177
 7     0.669     0.732     0.127
 7    -0.700     0.562     0.441
 7     0.251    -0.384     0.888
 8   112.227   -33.751    19.139
 8     0.239     0.223     0.945
 8    -0.469    -0.826     0.313
 8     0.850    -0.518    -0.093
 9   123.775   -48.379    39.902
 9     0.373     0.904     0.207
 9    -0.357    -0.067     0.932
 9     0.856    -0.422     0.298
 2    96.245   -22.657    59.904
 2     0.185    -0.980     0.069
 2     0.964     0.194     0.182
 2    -0.192     0.033     0.981
 3   131.189    -2.783     5.007
 3     0.399     0.136    -0.907
 3     0.174     0.959     0.221
 3     0.900    -0.246     0.359
 4   112.604    13.500    -6.230
 4     0.512    -0.826     0.234
 4     0.842     0.428    -0.327
 4     0.170     0.365     0.915
 5   110.623    23.237    19.403
 5     0.169     0.193     0.966
 5     0.498    -0.863     0.086
 5     0.850     0.466    -0.243
 6   120.873    41.062    40.659
 6     0.362    -0.922     0.135
 6     0.384     0.015    -0.923
 6     0.849     0.386     0.359
 7   117.076   -25.868    -5.217
 7     0.672     0.728     0.135
 7    -0.701     0.566     0.433
 7     0.239    -0.386     0.891
 8   112.181   -34.614    18.791
 8     0.244     0.164     0.955
 8    -0.529    -0.803     0.273
 8     0.812    -0.572    -0.110
 9   123.524   -50.883    38.121
 9     0.379     0.892     0.243
 9    -0.422    -0.067     0.904
 9     0.823    -0.446     0.351
 2    96.192   -22.658    59.957
 2     0.185    -0.980     0.069
 2     0.964     0.194     0.182
 2    -0.193     0.033     0.981
 3   131.144    -2.831     5.025
 3     0.397     0.135    -0.908
 3     0.176     0.959     0.220
 3     0.901    -0.247     0.357
 4   112.481    13.414    -6.253
 4     0.516    -0.822     0.241
 4     0.841     0.433    -0.322
 4     0.160     0.369     0.915
 5   110.879    23.762    19.046
 5     0.181     0.243     0.953
 5     0.540    -0.834     0.110
 5     0.822     0.494    -0.283
 6   121.040    42.734    39.107
 6     0.374    -0.912     0.167
 6     0.429     0.010    -0.903
 6     0.822     0.409     0.396
 7   116.894   -25.830    -5.351
 7     0.673     0.725     0.143
 7    -0.704     0.570     0.423
 7     0.225    -0.386     0.894
 8   112.129   -35.466    18.330
 8     0.252     0.122     0.960
 8    -0.577    -0.777     0.250
 8     0.776    -0.617    -0.126
 9   123.722   -52.972    36.226
 9     0.388     0.885     0.255
 9    -0.478    -0.044     0.877
 9     0.788    -0.462     0.406
 2    96.245   -22.657    59.904
 2     0.185    -0.980     0.069
 2     0.964     0.194     0.182
 2    -0.192     0.033     0.981
 3   131.151    -2.828     5.121
 3     0.394     0.135    -0.909
 3     0.177     0.959     0.219
 3     0.902    -0.248     0.353
 4   112.408    13.303    -6.277
 4     0.521    -0.816     0.248
 4     0.840     0.440    -0.317
 4     0.150     0.373     0.915
 5   110.909    24.591    18.724
 5     0.182     0.284     0.941
 5     0.583    -0.802     0.129
 5     0.792     0.525    -0.312
 6   120.993    44.841    37.727
 6     0.373    -0.910     0.182
 6     0.477     0.020    -0.879
 6     0.796     0.414     0.441
 7   116.781   -25.665    -5.354
 7     0.677     0.720     0.150
 7    -0.705     0.577     0.411
 7     0.209    -0.384     0.899
 8   112.047   -36.295    17.824
 8     0.257     0.081     0.963
 8    -0.626    -0.745     0.230
 8     0.736    -0.662    -0.140
 9   123.778   -55.571    34.760
 9     0.379     0.890     0.253
 9    -0.533    -0.013     0.846
 9     0.756    -0.455     0.470
 2    96.242   -22.658    59.957
 2     0.185    -0.980     0.069
 2     0.964     0.195     0.182
 2    -0.193     0.033     0.981
 3   131.056    -2.824     5.114
 3     0.390     0.132    -0.911
 3     0.180     0.959     0.216
 3     0.903    -0.249     0.350
 4   112.356    13.165    -6.320
 4     0.523    -0.813     0.255
 4     0.840     0.444    -0.310
 4     0.138     0.376     0.916
 5   110.840    25.217    18.421
 5     0.183     0.329     0.926
 5     0.624    -0.767     0.149
 5     0.760     0.550    -0.346
 6   120.835    46.358    36.045
 6     0.378    -0.901     0.213
 6     0.521     0.017    -0.853
 6     0.765     0.434     0.476
 7   116.616   -25.637    -5.504
 7     0.682     0.714     0.159
 7    -0.708     0.590     0.387
 7     0.182    -0.377     0.908
 8   112.106   -37.095    17.174
 8     0.258     0.040     0.965
 8    -0.669    -0.713     0.209
 8     0.697    -0.699    -0.158
 9   123.679   -56.807    32.494
 9     0.393     0.877     0.275
 9    -0.574    -0.000     0.819
 9     0.719    -0.480     0.503
 2    96.245   -22.657    59.904
 2     0.185    -0.980     0.069
 2     0.964     0.195     0.182
 2    -0.192     0.033     0.981
 3   131.109    -2.770     5.056
 3     0.386     0.127    -0.913
 3     0.182     0.960     0.211
 3     0.904    -0.248     0.348
 4   112.213    13.049    -6.422
 4     0.523    -0.809     0.266
 4     0.844     0.448    -0.296
 4     0.120     0.379     0.917
 5   110.844    25.897    17.897
 5     0.186     0.361     0.913
 5     0.656    -0.738     0.158
 5     0.731     0.570    -0.375
 6   120.673    48.005    34.476
 6     0.380    -0.898     0.223
 6     0.558     0.031    -0.829
 6     0.737     0.439     0.513
 7   116.546   -25.526    -5.677
 7     0.685     0.708     0.167
 7    -0.710     0.599     0.371
 7     0.163    -0.374     0.913
 8   112.069   -37.532    16.676
 8     0.256     0.015     0.966
 8    -0.700    -0.687     0.196
 8     0.667    -0.726    -0.166
 9   123.406   -58.090    30.973
 9     0.392     0.872     0.294
 9    -0.608     0.006     0.794
 9     0.690    -0.490     0.532
 2    96.194   -22.708    59.954
 2     0.185    -0.980     0.069
 2     0.964     0.195     0.182
 2    -0.192     0.033     0.981
 3   131.063    -2.766     4.997
 3     0.383     0.122    -0.916
 3     0.185     0.961     0.205
 3     0.905    -0.248     0.346
 4   112.048    12.907    -6.554
 4     0.524    -0.805     0.277
 4     0.845     0.453    -0.284
 4     0.103     0.383     0.918
 5   110.828    26.400    17.521
 5     0.188     0.391     0.901
 5     0.686    -0.708     0.165
 5     0.702     0.587    -0.402
 6   120.644    49.295    32.702
 6     0.383    -0.896     0.226
 6     0.593     0.051    -0.804
 6     0.708     0.442     0.551
 7   116.311   -25.491    -5.810
 7     0.684     0.707     0.174
 7    -0.714     0.602     0.357
 7     0.148    -0.369     0.917
 8   111.876   -37.962    16.259
 8     0.253    -0.017     0.967
 8    -0.725    -0.665     0.178
 8     0.641    -0.746    -0.181
 9   123.098   -59.165    29.638
 9     0.390     0.866     0.313
 9    -0.638     0.009     0.770
 9     0.664    -0.500     0.556
 2    96.192   -22.709    59.906
 2     0.185    -0.980     0.069
 2     0.964     0.194     0.182
 2    -0.193     0.033     0.980
 3   131.063    -2.765     4.870
 3     0.382     0.119    -0.916
 3     0.186     0.961     0.203
 3     0.905    -0.248     0.345
 4   111.912    12.791    -6.687
 4     0.527    -0.801     0.285
 4     0.845     0.459    -0.273
 4     0.087     0.385     0.918
 5   110.847    27.056    16.860
 5     0.189     0.414     0.890
 5     0.714    -0.681     0.165
 5     0.674     0.604    -0.424
 6   120.480    50.491    31.354
 6     0.383    -0.892     0.239
 6     0.620     0.057    -0.782
 6     0.684     0.448     0.575
 7   116.198   -25.430    -6.016
 7     0.683     0.707     0.181
 7    -0.718     0.606     0.343
 7     0.132    -0.364     0.922
 8   111.737   -38.205    15.913
 8     0.250    -0.026     0.968
 8    -0.737    -0.653     0.173
 8     0.627    -0.757    -0.183
 9   122.833   -60.028    28.522
 9     0.387     0.866     0.315
 9    -0.659     0.021     0.752
 9     0.645    -0.499     0.579
 2    96.242   -22.658    59.906
 2     0.185    -0.980     0.069
 2     0.964     0.194     0.182
 2    -0.193     0.033     0.980
 3   131.067    -2.761     4.786
 3     0.380     0.116    -0.918
 3     0.188     0.962     0.199
 3     0.906    -0.248     0.343
 4   111.886    12.706    -6.784
 4     0.527    -0.798     0.292
 4     0.846     0.462    -0.264
 4     0.076     0.386     0.919
 5   110.764    27.343    16.564
 5     0.187     0.422     0.887
 5     0.729    -0.665     0.162
 5     0.658     0.617    -0.432
 6   120.367    51.258    30.114
 6     0.384    -0.893     0.236
 6     0.641     0.073    -0.764
 6     0.665     0.445     0.600
 7   116.134   -25.385    -6.049
 7     0.682     0.707     0.184
 7    -0.720     0.607     0.336
 7     0.126    -0.362     0.923
 8   111.583   -38.421    15.657
 8     0.244    -0.037     0.969
 8    -0.749    -0.642     0.164
 8     0.616    -0.766    -0.185
 9   122.569   -60.402    27.900
 9     0.380     0.872     0.308
 9    -0.672     0.032     0.739
 9     0.635    -0.488     0.599
 2    96.245   -22.708    59.903
 2     0.185    -0.980     0.069
 2     0.964     0.195     0.182
 2    -0.192     0.033     0.981
 3   131.117    -2.761     4.685
 3     0.379     0.114    -0.918
 3     0.189     0.962     0.197
 3     0.906    -0.249     0.343
 4   111.793    12.598    -6.863
 4     0.526    -0.797     0.295
 4     0.847     0.464    -0.257
 4     0.068     0.386     0.920
 5   110.529    27.636    16.252
 5     0.181     0.419     0.890
 5     0.739    -0.654     0.158
 5     0.648     0.629    -0.428
 6   120.125    51.760    29.462
 6     0.376    -0.900     0.221
 6     0.650     0.087    -0.755
 6     0.659     0.428     0.618
 7   116.126   -25.337    -6.040
 7     0.682     0.707     0.184
 7    -0.720     0.608     0.333
 7     0.123    -0.360     0.925
 8   111.500   -38.663    15.425
 8     0.239    -0.040     0.970
 8    -0.759    -0.630     0.161
 8     0.605    -0.775    -0.181
 9   122.447   -61.192    26.890
 9     0.370     0.896     0.245
 9    -0.689     0.088     0.719
 9     0.623    -0.435     0.650
 2    96.194   -22.657    59.954
 2     0.185    -0.980     0.069
 2     0.964     0.195     0.182
 2    -0.192     0.033     0.981
 3   131.167    -2.759     4.634
 3     0.378     0.110    -0.919
 3     0.191     0.962     0.194
 3     0.906    -0.250     0.342
 4   111.676    12.466    -7.021
 4     0.522    -0.799     0.298
 4     0.850     0.463    -0.249
 4     0.061     0.383     0.921
 5   110.424    27.726    16.007
 5     0.181     0.418     0.890
 5     0.747    -0.647     0.152
 5     0.639     0.637    -0.430
 6   120.544    52.063    28.558
 6     0.365    -0.928     0.077
 6     0.650     0.195    -0.734
 6     0.666     0.318     0.675
 7   116.057   -25.344    -6.124
 7     0.683     0.707     0.183
 7    -0.721     0.613     0.323
 7     0.116    -0.352     0.928
 8   111.378   -39.219    14.727
 8     0.242    -0.031     0.970
 8    -0.776    -0.606     0.174
 8     0.582    -0.795    -0.171
 9   122.802   -61.931    25.482
 9     0.365     0.922     0.123
 9    -0.702     0.186     0.688
 9     0.611    -0.338     0.715
 2    96.245   -22.708    59.903
 2     0.185    -0.980     0.069
 2     0.964     0.195     0.182
 2    -0.192     0.033     0.981
 3   131.165    -2.859     4.608
 3     0.377     0.108    -0.920
 3     0.192     0.962     0.192
 3     0.906    -0.249     0.342
 4   111.640    12.411    -7.032
 4     0.521    -0.799     0.300
 4     0.852     0.463    -0.244
 4     0.056     0.382     0.922
 5   110.466    27.943    15.736
 5     0.186     0.422     0.887
 5     0.755    -0.640     0.145
 5     0.629     0.643    -0.438
 6   120.864    52.159    28.329
 6     0.366    -0.929     0.057
 6     0.653     0.213    -0.726
 6     0.662     0.303     0.685
 7   115.897   -25.280    -6.263
 7     0.686     0.703     0.185
 7    -0.720     0.622     0.308
 7     0.102    -0.345     0.933
 8   111.421   -39.997    13.817
 8     0.248     0.023     0.968
 8    -0.781    -0.586     0.214
 8     0.572    -0.810    -0.128
 9   123.844   -62.101    24.615
 9     0.362     0.929    -0.069
 9    -0.704     0.321     0.634
 9     0.611    -0.181     0.770
 2    96.192   -22.709    59.957
 2     0.185    -0.980     0.069
 2     0.964     0.195     0.182
 2    -0.193     0.033     0.981
 3   131.165    -2.808     4.608
 3     0.377     0.108    -0.920
 3     0.193     0.962     0.192
 3     0.906    -0.250     0.342
 4   111.586    12.410    -7.026
 4     0.521    -0.799     0.300
 4     0.852     0.464    -0.243
 4     0.054     0.381     0.922
 5   110.553    28.064    15.696
 5     0.193     0.424     0.885
 5     0.757    -0.638     0.141
 5     0.625     0.642    -0.444
 6   121.569    51.830    28.209
 6     0.366    -0.930    -0.030
 6     0.646     0.277    -0.711
 6     0.669     0.240     0.703
 7   115.827   -25.235    -6.317
 7     0.688     0.701     0.187
 7    -0.720     0.626     0.300
 7     0.094    -0.341     0.935
 8   111.486   -40.099    13.785
 8     0.252     0.015     0.967
 8    -0.784    -0.583     0.214
 8     0.567    -0.812    -0.136
 9   124.472   -61.657    24.903
 9     0.352     0.915    -0.197
 9    -0.707     0.398     0.585
 9     0.613    -0.067     0.787
 2    96.245   -22.708    59.903
 2     0.185    -0.980     0.069
 2     0.964     0.195     0.182
 2    -0.192     0.033     0.981
 3   131.165    -2.808     4.608
 3     0.377     0.108    -0.920
 3     0.193     0.962     0.192
 3     0.906    -0.250     0.342
 4   111.636    12.384    -7.001
 4     0.522    -0.799     0.300
 4     0.851     0.465    -0.243
 4     0.054     0.382     0.922
 5   110.662    27.963    15.740
 5     0.197     0.420     0.885
 5     0.753    -0.643     0.137
 5     0.627     0.640    -0.444
 6   121.172    51.844    29.792
 6     0.364    -0.931     0.039
 6     0.638     0.219    -0.739
 6     0.679     0.293     0.673
 7   115.800   -25.237    -6.263
 7     0.687     0.702     0.187
 7    -0.721     0.625     0.299
 7     0.093    -0.341     0.935
 8   111.700   -39.316    15.138
 8     0.247    -0.066     0.967
 8    -0.780    -0.605     0.158
 8     0.575    -0.793    -0.201
 9   123.284   -61.722    26.364
 9     0.381     0.899     0.214
 9    -0.704     0.132     0.698
 9     0.599    -0.417     0.683
 2    96.194   -22.708    59.954
 2     0.185    -0.980     0.069
 2     0.964     0.195     0.182
 2    -0.192     0.033     0.981
 3   131.160    -2.861     4.616
 3     0.378     0.110    -0.919
 3     0.193     0.962     0.194
 3     0.905    -0.251     0.342
 4   111.541    12.387    -7.011
 4     0.520    -0.799     0.301
 4     0.852     0.462    -0.245
 4     0.057     0.384     0.921
 5   111.252    26.937    16.940
 5     0.191     0.536     0.822
 5     0.750    -0.620     0.229
 5     0.632     0.573    -0.521
 6   118.534    51.748    30.450
 6     0.393    -0.668     0.632
 6     0.720    -0.203    -0.663
 6     0.571     0.716     0.401
 7   115.688   -25.447    -6.144
 7     0.679     0.708     0.192
 7    -0.725     0.605     0.328
 7     0.116    -0.363     0.924
 8   112.388   -38.180    16.725
 8     0.241    -0.261     0.934
 8    -0.798    -0.602     0.038
 8     0.552    -0.755    -0.354
 9   121.194   -62.148    27.646
 9     0.395     0.550     0.736
 9    -0.758    -0.256     0.599
 9     0.518    -0.795     0.315
 2    96.194   -22.708    59.954
 2     0.185    -0.980     0.069
 2     0.964     0.195     0.182
 2    -0.192     0.033     0.981
 3   131.161    -2.860     4.566
 3     0.379     0.110    -0.919
 3     0.194     0.961     0.196
 3     0.905    -0.253     0.343
 4   111.417    12.238    -7.020
 4     0.515    -0.801     0.306
 4     0.855     0.455    -0.248
 4     0.059     0.390     0.919
 5   111.845    26.198    17.303
 5     0.189     0.642     0.742
 5     0.760    -0.575     0.304
 5     0.622     0.506    -0.597
 6   116.841    51.315    31.345
 6     0.349    -0.289     0.891
 6     0.797    -0.408    -0.445
 6     0.492     0.866     0.088
 7   115.657   -25.466    -6.138
 7     0.678     0.708     0.193
 7    -0.724     0.601     0.338
 7     0.123    -0.369     0.921
 8   113.475   -37.522    17.893
 8     0.241    -0.407     0.881
 8    -0.809    -0.586    -0.049
 8     0.536    -0.701    -0.470
 9   120.780   -61.645    29.703
 9     0.384     0.073     0.920
 9    -0.809    -0.453     0.374
 9     0.444    -0.888    -0.115
 2    96.245   -22.708    59.903
 2     0.185    -0.980     0.069
 2     0.964     0.195     0.182
 2    -0.192     0.033     0.981
 3   131.105    -2.912     4.573
 3     0.380     0.110    -0.918
 3     0.195     0.961     0.196
 3     0.904    -0.254     0.344
 4   111.228    12.210    -7.008
 4     0.509    -0.802     0.313
 4     0.859     0.450    -0.243
 4     0.054     0.392     0.918
 5   112.667    25.916    17.446
 5     0.183     0.747     0.639
 5     0.773    -0.511     0.375
 5     0.607     0.425    -0.671
 6   116.208    50.754    31.336
 6     0.293     0.037     0.955
 6     0.847    -0.473    -0.242
 6     0.443     0.880    -0.171
 7   115.572   -25.438    -5.992
 7     0.675     0.709     0.201
 7    -0.726     0.593     0.348
 7     0.127    -0.381     0.916
 8   114.785   -37.008    18.686
 8     0.257    -0.521     0.813
 8    -0.813    -0.572    -0.109
 8     0.522    -0.633    -0.571
 9   121.794   -61.178    30.419
 9     0.362    -0.268     0.893
 9    -0.853    -0.482     0.202
 9     0.376    -0.834    -0.403
 2    96.245   -22.708    59.903
 2     0.185    -0.980     0.069
 2     0.964     0.195     0.182
 2    -0.192     0.033     0.981
 3   131.086    -2.865     4.491
 3     0.384     0.101    -0.918
 3     0.199     0.961     0.190
 3     0.901    -0.256     0.349
 4   110.911    11.972    -7.041
 4     0.495    -0.806     0.324
 4     0.868     0.442    -0.225
 4     0.038     0.392     0.919
 5   112.958    25.844    17.213
 5     0.186     0.797     0.574
 5     0.783    -0.473     0.403
 5     0.593     0.374    -0.713
 6   116.089    50.855    30.826
 6     0.271     0.171     0.947
 6     0.869    -0.466    -0.165
 6     0.413     0.868    -0.275
 7   115.252   -25.577    -5.996
 7     0.670     0.708     0.223
 7    -0.734     0.585     0.346
 7     0.114    -0.396     0.911
 8   115.936   -36.528    19.155
 8     0.283    -0.588     0.758
 8    -0.816    -0.563    -0.132
 8     0.504    -0.581    -0.639
 9   123.066   -60.643    30.290
 9     0.351    -0.390     0.851
 9    -0.871    -0.469     0.144
 9     0.344    -0.792    -0.505
 2    96.242   -22.658    59.906
 2     0.185    -0.980     0.069
 2     0.964     0.194     0.182
 2    -0.193     0.033     0.980
 3   130.923    -2.772     4.326
 3     0.396     0.084    -0.914
 3     0.207     0.962     0.178
 3     0.895    -0.260     0.363
 4   110.431    11.782    -7.114
 4     0.477    -0.810     0.340
 4     0.878     0.433    -0.203
 4     0.017     0.396     0.918
 5   112.978    25.964    16.956
 5     0.191     0.822     0.536
 5     0.794    -0.451     0.408
 5     0.578     0.348    -0.739
 6   115.940    51.099    30.233
 6     0.259     0.222     0.940
 6     0.883    -0.448    -0.138
 6     0.391     0.866    -0.312
 7   114.865   -25.468    -6.031
 7     0.667     0.703     0.246
 7    -0.739     0.582     0.339
 7     0.094    -0.408     0.908
 8   116.213   -36.803    18.960
 8     0.297    -0.614     0.731
 8    -0.821    -0.555    -0.132
 8     0.487    -0.561    -0.669
 9   123.444   -60.826    29.952
 9     0.347    -0.430     0.833
 9    -0.880    -0.457     0.130
 9     0.325    -0.779    -0.537
 2    96.245   -22.657    59.904
 2     0.185    -0.980     0.069
 2     0.964     0.194     0.182
 2    -0.192     0.033     0.981
 3   130.657    -2.783     4.090
 3     0.408     0.070    -0.910
 3     0.211     0.962     0.169
 3     0.888    -0.262     0.378
 4   109.913    11.533    -7.221
 4     0.466    -0.808     0.360
 4     0.884     0.430    -0.180
 4    -0.010     0.402     0.915
 5   112.847    26.298    16.487
 5     0.192     0.838     0.511
 5     0.810    -0.429     0.400
 5     0.554     0.337    -0.761
 6   115.725    51.787    29.062
 6     0.253     0.255     0.933
 6     0.897    -0.422    -0.128
 6     0.361     0.870    -0.335
 7   114.239   -25.345    -6.115
 7     0.657     0.700     0.278
 7    -0.751     0.576     0.323
 7     0.066    -0.422     0.904
 8   116.170   -36.937    18.687
 8     0.306    -0.634     0.710
