% Calibrated with leiden_pols
% Positions are in centimeters
Data =[
 2    96.294   -22.708    59.954
 2     0.185    -0.980     0.069
 2     0.964     0.195     0.182
 2    -0.192     0.033     0.981
 3   131.644    -2.944     4.669
 3     0.392     0.256    -0.883
 3     0.208     0.911     0.356
 3     0.896    -0.323     0.304
 4   114.171    14.143    -6.878
 4     0.561    -0.813     0.154
 4     0.810     0.501    -0.304
 4     0.170     0.295     0.940
 5   115.850    19.910    20.974
 5     0.399    -0.194     0.896
 5     0.131    -0.955    -0.265
 5     0.907     0.223    -0.356
 6   130.679    26.900    44.382
 6     0.510    -0.854    -0.101
 6     0.007     0.121    -0.993
 6     0.860     0.505     0.068
 7   117.157   -25.732    -6.194
 7     0.691     0.720     0.057
 7    -0.688     0.631     0.357
 7     0.221    -0.286     0.932
 8   116.887   -29.635    21.127
 8     0.431     0.590     0.682
 8    -0.049    -0.740     0.671
 8     0.901    -0.323    -0.291
 9   131.733   -32.369    44.721
 9     0.485     0.866    -0.118
 9     0.095     0.082     0.992
 9     0.869    -0.493    -0.043
 2    96.244   -22.657    59.954
 2     0.185    -0.980     0.069
 2     0.964     0.195     0.182
 2    -0.192     0.033     0.981
 3   131.645    -2.944     4.721
 3     0.392     0.257    -0.883
 3     0.208     0.910     0.357
 3     0.896    -0.324     0.303
 4   114.171    14.143    -6.929
 4     0.561    -0.813     0.154
 4     0.810     0.501    -0.304
 4     0.170     0.295     0.940
 5   115.856    19.963    20.967
 5     0.398    -0.194     0.897
 5     0.131    -0.955    -0.265
 5     0.908     0.223    -0.355
 6   130.654    26.900    44.382
 6     0.510    -0.854    -0.101
 6     0.007     0.121    -0.993
 6     0.860     0.505     0.068
 7   117.157   -25.732    -6.143
 7     0.691     0.720     0.057
 7    -0.688     0.631     0.357
 7     0.221    -0.286     0.932
 8   116.812   -29.583    21.152
 8     0.431     0.589     0.683
 8    -0.048    -0.741     0.669
 8     0.901    -0.322    -0.291
 9   131.779   -32.370    44.728
 9     0.486     0.866    -0.116
 9     0.095     0.079     0.992
 9     0.868    -0.494    -0.044
 2    96.244   -22.657    59.954
 2     0.185    -0.980     0.069
 2     0.964     0.195     0.182
 2    -0.192     0.033     0.981
 3   131.621    -2.994     4.722
 3     0.391     0.259    -0.883
 3     0.208     0.910     0.359
 3     0.896    -0.324     0.301
 4   114.169    14.142    -6.926
 4     0.561    -0.813     0.154
 4     0.810     0.501    -0.303
 4     0.169     0.294     0.940
 5   115.832    19.861    20.969
 5     0.397    -0.195     0.896
 5     0.131    -0.955    -0.266
 5     0.908     0.224    -0.354
 6   130.679    26.900    44.382
 6     0.510    -0.854    -0.103
 6     0.007     0.124    -0.992
 6     0.860     0.505     0.069
 7   117.184   -25.732    -6.146
 7     0.690     0.721     0.057
 7    -0.688     0.631     0.358
 7     0.222    -0.286     0.932
 8   116.813   -29.584    21.153
 8     0.430     0.589     0.684
 8    -0.049    -0.741     0.669
 8     0.901    -0.321    -0.291
 9   131.801   -32.320    44.727
 9     0.486     0.865    -0.123
 9     0.095     0.087     0.991
 9     0.868    -0.494    -0.040
 2    96.244   -22.657    59.954
 2     0.185    -0.980     0.069
 2     0.964     0.195     0.182
 2    -0.192     0.033     0.981
 3   131.627    -3.042     4.740
 3     0.390     0.260    -0.883
 3     0.209     0.909     0.360
 3     0.897    -0.325     0.300
 4   114.169    14.142    -6.875
 4     0.561    -0.814     0.153
 4     0.811     0.501    -0.302
 4     0.169     0.294     0.941
 5   115.911    20.149    20.684
 5     0.392    -0.185     0.901
 5     0.139    -0.956    -0.256
 5     0.909     0.226    -0.349
 6   132.692    27.187    43.417
 6     0.475    -0.762    -0.440
 6    -0.003     0.499    -0.867
 6     0.880     0.413     0.234
 7   117.159   -25.732    -6.091
 7     0.691     0.720     0.061
 7    -0.688     0.630     0.360
 7     0.221    -0.291     0.931
 8   116.975   -29.828    20.753
 8     0.412     0.572     0.709
 8    -0.077    -0.753     0.653
 8     0.908    -0.324    -0.266
 9   133.750   -32.647    43.112
 9     0.471     0.737    -0.485
 9     0.054     0.524     0.850
 9     0.880    -0.427     0.207
 2    96.244   -22.657    59.954
 2     0.185    -0.980     0.069
 2     0.964     0.195     0.182
 2    -0.192     0.033     0.981
 3   131.577    -2.990     4.792
 3     0.388     0.261    -0.884
 3     0.211     0.908     0.360
 3     0.897    -0.326     0.297
 4   114.108    14.011    -6.861
 4     0.562    -0.812     0.156
 4     0.810     0.503    -0.299
 4     0.164     0.295     0.941
 5   116.676    21.175    20.022
 5     0.379    -0.186     0.906
 5     0.197    -0.941    -0.276
 5     0.904     0.282    -0.320
 6   134.433    26.540    42.497
 6     0.411    -0.500    -0.762
 6    -0.006     0.835    -0.551
 6     0.911     0.230     0.340
 7   117.173   -25.736    -6.163
 7     0.694     0.715     0.078
 7    -0.688     0.627     0.366
 7     0.213    -0.308     0.927
 8   117.215   -30.647    20.090
 8     0.386     0.595     0.705
 8    -0.112    -0.728     0.676
 8     0.916    -0.340    -0.214
 9   133.513   -33.438    42.689
 9     0.410     0.572    -0.710
 9     0.004     0.778     0.628
 9     0.912    -0.260     0.317
 2    96.244   -22.657    59.954
 2     0.185    -0.980     0.069
 2     0.964     0.195     0.182
 2    -0.192     0.033     0.981
 3   131.637    -3.089     4.890
 3     0.386     0.271    -0.882
 3     0.211     0.904     0.370
 3     0.898    -0.330     0.292
 4   114.429    13.927    -6.924
 4     0.577    -0.802     0.155
 4     0.801     0.518    -0.300
 4     0.160     0.297     0.941
 5   116.792    21.553    19.816
 5     0.347    -0.217     0.912
 5     0.207    -0.931    -0.301
 5     0.914     0.293    -0.279
 6   133.918    26.215    43.246
 6     0.356    -0.406    -0.842
 6    -0.009     0.899    -0.437
 6     0.934     0.163     0.317
 7   117.139   -25.663    -6.198
 7     0.695     0.714     0.085
 7    -0.688     0.626     0.366
 7     0.208    -0.313     0.927
 8   116.907   -30.760    19.750
 8     0.359     0.598     0.716
 8    -0.126    -0.729     0.673
 8     0.924    -0.332    -0.187
 9   132.910   -33.299    42.856
 9     0.386     0.551    -0.740
 9     0.001     0.801     0.598
 9     0.922    -0.232     0.308
 2    96.194   -22.657    59.954
 2     0.185    -0.980     0.069
 2     0.964     0.195     0.182
 2    -0.192     0.033     0.981
 3   131.713    -3.115     4.967
 3     0.385     0.275    -0.881
 3     0.210     0.903     0.374
 3     0.898    -0.330     0.290
 4   114.679    13.960    -6.824
 4     0.579    -0.802     0.146
 4     0.797     0.520    -0.307
 4     0.170     0.295     0.940
 5   116.123    21.741    19.721
 5     0.302    -0.265     0.915
 5     0.201    -0.921    -0.333
 5     0.932     0.285    -0.225
 6   132.491    25.479    44.018
 6     0.299    -0.342    -0.891
 6    -0.018     0.931    -0.363
 6     0.954     0.124     0.272
 7   117.216   -25.613    -6.200
 7     0.693     0.716     0.085
 7    -0.690     0.625     0.366
 7     0.209    -0.312     0.927
 8   116.600   -30.811    19.648
 8     0.326     0.608     0.724
 8    -0.130    -0.730     0.671
 8     0.936    -0.313    -0.159
 9   131.798   -33.500    43.179
 9     0.341     0.555    -0.758
 9    -0.002     0.807     0.590
 9     0.940    -0.201     0.276
 2    96.244   -22.657    59.954
 2     0.185    -0.980     0.069
 2     0.964     0.195     0.182
 2    -0.192     0.033     0.981
 3   131.774    -3.111     5.055
 3     0.381     0.274    -0.883
 3     0.209     0.904     0.371
 3     0.900    -0.327     0.287
 4   114.716    14.017    -6.761
 4     0.575    -0.806     0.143
 4     0.799     0.515    -0.308
 4     0.175     0.291     0.940
 5   115.332    21.850    19.587
 5     0.261    -0.282     0.923
 5     0.203    -0.919    -0.338
 5     0.943     0.276    -0.182
 6   130.908    25.453    44.479
 6     0.255    -0.336    -0.907
 6    -0.020     0.936    -0.352
 6     0.967     0.108     0.231
 7   117.456   -25.558    -6.171
 7     0.690     0.719     0.077
 7    -0.691     0.623     0.367
 7     0.216    -0.307     0.927
 8   116.245   -30.889    19.306
 8     0.291     0.628     0.722
 8    -0.131    -0.721     0.680
 8     0.948    -0.293    -0.127
 9   130.500   -33.605    43.709
 9     0.295     0.551    -0.781
 9    -0.007     0.818     0.574
 9     0.955    -0.164     0.245
 2    96.244   -22.657    59.954
 2     0.185    -0.980     0.069
 2     0.964     0.195     0.182
 2    -0.192     0.033     0.981
 3   131.786    -2.928     5.057
 3     0.376     0.266    -0.888
 3     0.209     0.909     0.361
 3     0.903    -0.322     0.286
 4   114.721    14.123    -6.667
 4     0.568    -0.811     0.140
 4     0.803     0.509    -0.308
 4     0.178     0.287     0.941
 5   114.373    22.242    19.365
 5     0.214    -0.318     0.923
 5     0.208    -0.909    -0.361
 5     0.954     0.269    -0.129
 6   129.008    25.295    44.891
 6     0.205    -0.315    -0.927
 6    -0.022     0.945    -0.326
 6     0.978     0.087     0.187
 7   117.462   -25.479    -6.287
 7     0.689     0.721     0.070
 7    -0.690     0.624     0.366
 7     0.220    -0.301     0.928
 8   115.859   -30.831    19.198
 8     0.257     0.658     0.707
 8    -0.121    -0.704     0.699
 8     0.958    -0.266    -0.102
 9   129.224   -33.299    44.099
 9     0.254     0.540    -0.802
 9    -0.005     0.830     0.557
 9     0.967    -0.139     0.214
 2    96.244   -22.657    59.954
 2     0.185    -0.980     0.069
 2     0.964     0.195     0.182
 2    -0.192     0.033     0.981
 3   131.740    -2.927     5.099
 3     0.373     0.261    -0.891
 3     0.207     0.912     0.354
 3     0.904    -0.317     0.286
 4   114.724    14.151    -6.725
 4     0.565    -0.813     0.140
 4     0.805     0.506    -0.309
 4     0.180     0.288     0.940
 5   113.566    22.455    19.092
 5     0.169    -0.352     0.921
 5     0.205    -0.901    -0.382
 5     0.964     0.253    -0.081
 6   127.279    25.406    45.394
 6     0.154    -0.296    -0.943
 6    -0.027     0.952    -0.303
 6     0.987     0.072     0.139
 7   117.564   -25.521    -6.171
 7     0.685     0.726     0.061
 7    -0.691     0.620     0.372
 7     0.232    -0.297     0.926
 8   115.176   -30.834    18.876
 8     0.211     0.677     0.704
 8    -0.115    -0.699     0.706
 8     0.970    -0.231    -0.070
 9   127.374   -33.132    44.769
 9     0.202     0.541    -0.816
 9     0.003     0.833     0.553
 9     0.979    -0.114     0.166
 2    96.244   -22.657    59.954
 2     0.185    -0.980     0.069
 2     0.964     0.195     0.182
 2    -0.192     0.033     0.981
 3   131.798    -2.923     5.084
 3     0.370     0.256    -0.893
 3     0.207     0.914     0.347
 3     0.906    -0.313     0.285
 4   114.840    14.158    -6.643
 4     0.562    -0.816     0.137
 4     0.806     0.502    -0.315
 4     0.187     0.287     0.939
 5   112.744    22.413    18.956
 5     0.126    -0.355     0.926
 5     0.206    -0.904    -0.374
 5     0.970     0.237    -0.041
 6   125.631    25.266    45.601
 6     0.112    -0.298    -0.948
 6    -0.026     0.952    -0.303
 6     0.993     0.059     0.099
 7   117.624   -25.596    -6.130
 7     0.680     0.730     0.060
 7    -0.694     0.615     0.374
 7     0.236    -0.296     0.925
 8   114.214   -31.039    18.488
 8     0.162     0.682     0.713
 8    -0.116    -0.704     0.700
 8     0.980    -0.196    -0.035
 9   125.916   -33.214    44.618
 9     0.164     0.540    -0.826
 9     0.001     0.837     0.547
 9     0.986    -0.091     0.136
 2    96.245   -22.657    59.904
 2     0.185    -0.980     0.069
 2     0.964     0.195     0.182
 2    -0.192     0.033     0.981
 3   131.847    -2.974     5.083
 3     0.369     0.252    -0.895
 3     0.206     0.916     0.343
 3     0.906    -0.311     0.286
 4   114.973    14.263    -6.706
 4     0.561    -0.817     0.137
 4     0.806     0.500    -0.318
 4     0.191     0.288     0.938
 5   112.014    22.516    18.672
 5     0.082    -0.363     0.928
 5     0.213    -0.903    -0.372
 5     0.973     0.228     0.003
 6   123.832    25.738    45.771
 6     0.068    -0.297    -0.952
 6    -0.018     0.954    -0.299
 6     0.997     0.037     0.059
 7   117.683   -25.699    -6.140
 7     0.671     0.739     0.059
 7    -0.702     0.607     0.373
 7     0.240    -0.292     0.926
 8   113.103   -31.027    18.122
 8     0.117     0.674     0.729
 8    -0.123    -0.719     0.684
 8     0.985    -0.170    -0.002
 9   123.258   -33.677    44.961
 9     0.110     0.561    -0.820
 9    -0.004     0.825     0.564
 9     0.994    -0.059     0.093
 2    96.244   -22.657    59.954
 2     0.185    -0.980     0.069
 2     0.964     0.195     0.182
 2    -0.192     0.033     0.981
 3   131.802    -2.972     5.126
 3     0.366     0.251    -0.896
 3     0.206     0.917     0.342
 3     0.907    -0.310     0.284
 4   115.208    14.318    -6.717
 4     0.561    -0.817     0.133
 4     0.805     0.500    -0.320
 4     0.195     0.286     0.938
 5   111.077    22.715    18.148
 5     0.034    -0.362     0.932
 5     0.223    -0.906    -0.360
 5     0.974     0.219     0.050
 6   121.925    26.123    45.536
 6     0.018    -0.300    -0.954
 6    -0.010     0.954    -0.300
 6     1.000     0.015     0.014
 7   117.636   -25.706    -6.138
 7     0.658     0.750     0.060
 7    -0.713     0.596     0.370
 7     0.241    -0.286     0.927
 8   112.008   -31.209    17.498
 8     0.069     0.672     0.736
 8    -0.129    -0.726     0.675
 8     0.989    -0.142     0.036
 9   121.037   -34.059    44.747
 9     0.061     0.568    -0.821
 9    -0.013     0.822     0.568
 9     0.998    -0.025     0.058
 2    96.244   -22.657    59.954
 2     0.185    -0.980     0.069
 2     0.964     0.194     0.182
 2    -0.192     0.033     0.981
 3   131.863    -2.967     5.112
 3     0.362     0.250    -0.898
 3     0.207     0.917     0.339
 3     0.909    -0.309     0.280
 4   115.655    14.324    -6.786
 4     0.561    -0.819     0.119
 4     0.802     0.502    -0.322
 4     0.203     0.276     0.939
 5   110.209    22.729    17.814
 5    -0.019    -0.360     0.933
 5     0.228    -0.910    -0.346
 5     0.973     0.206     0.099
 6   121.472    25.757    47.058
 6    -0.030    -0.311    -0.950
 6    -0.008     0.950    -0.311
 6     0.999    -0.002    -0.031
 7   117.822   -25.834    -6.252
 7     0.647     0.760     0.057
 7    -0.722     0.587     0.368
 7     0.246    -0.279     0.928
 8   111.223   -31.284    17.211
 8     0.018     0.677     0.735
 8    -0.125    -0.728     0.673
 8     0.992    -0.104     0.071
 9   119.112   -34.004    44.573
 9     0.012     0.563    -0.826
 9    -0.010     0.826     0.563
 9     1.000     0.001     0.015
 2    96.244   -22.657    59.954
 2     0.185    -0.980     0.069
 2     0.964     0.194     0.182
 2    -0.192     0.033     0.981
 3   132.011    -3.084     5.159
 3     0.351     0.249    -0.902
 3     0.206     0.919     0.334
 3     0.913    -0.304     0.272
 4   116.121    14.230    -6.800
 4     0.558    -0.822     0.110
 4     0.803     0.501    -0.322
 4     0.209     0.268     0.940
 5   109.229    22.481    17.340
 5    -0.072    -0.356     0.932
 5     0.228    -0.915    -0.332
 5     0.971     0.188     0.147
 6   119.065    25.478    47.085
 6    -0.081    -0.309    -0.948
 6    -0.015     0.951    -0.309
 6     0.996    -0.011    -0.082
 7   118.018   -26.009    -6.383
 7     0.635     0.771     0.048
 7    -0.728     0.577     0.369
 7     0.256    -0.270     0.928
 8   110.368   -31.538    16.857
 8    -0.026     0.678     0.734
 8    -0.118    -0.731     0.672
 8     0.992    -0.069     0.099
 9   116.390   -34.959    44.890
 9    -0.034     0.556    -0.831
 9    -0.005     0.831     0.556
 9     0.999     0.023    -0.026
 2    96.244   -22.657    59.954
 2     0.185    -0.980     0.069
 2     0.964     0.195     0.182
 2    -0.192     0.033     0.981
 3   132.072    -3.180     5.247
 3     0.345     0.248    -0.905
 3     0.207     0.920     0.331
 3     0.915    -0.302     0.266
 4   116.404    14.183    -7.035
 4     0.554    -0.826     0.103
 4     0.805     0.500    -0.319
 4     0.212     0.260     0.942
 5   108.565    22.497    16.618
 5    -0.115    -0.346     0.931
 5     0.235    -0.920    -0.313
 5     0.965     0.183     0.188
 6   117.604    25.307    46.630
 6    -0.118    -0.296    -0.948
 6    -0.021     0.955    -0.295
 6     0.993    -0.016    -0.119
 7   118.147   -26.054    -6.422
 7     0.625     0.779     0.039
 7    -0.733     0.569     0.373
 7     0.269    -0.262     0.927
 8   109.607   -31.567    16.547
 8    -0.063     0.682     0.728
 8    -0.113    -0.730     0.674
 8     0.991    -0.040     0.122
 9   114.697   -34.712    44.992
 9    -0.071     0.542    -0.837
 9    -0.000     0.839     0.543
 9     0.997     0.039    -0.060
 2    96.244   -22.708    59.954
 2     0.185    -0.980     0.069
 2     0.964     0.195     0.182
 2    -0.192     0.033     0.981
 3   132.154    -3.176     5.292
 3     0.341     0.252    -0.906
 3     0.209     0.919     0.334
 3     0.916    -0.303     0.261
 4   117.038    14.246    -7.322
 4     0.552    -0.829     0.086
 4     0.802     0.501    -0.323
 4     0.225     0.248     0.942
 5   108.079    22.928    15.855
 5    -0.160    -0.368     0.916
 5     0.247    -0.913    -0.323
 5     0.955     0.174     0.237
 6   115.860    25.768    46.317
 6    -0.161    -0.285    -0.945
 6    -0.011     0.958    -0.287
 6     0.987    -0.036    -0.157
 7   118.134   -26.050    -6.492
 7     0.605     0.795     0.031
 7    -0.743     0.550     0.380
 7     0.285    -0.253     0.924
 8   108.752   -31.614    16.242
 8    -0.095     0.679     0.728
 8    -0.109    -0.734     0.670
 8     0.989    -0.016     0.144
 9   112.077   -31.787    43.444
 9    -0.102     0.528    -0.843
 9     0.001     0.848     0.530
 9     0.995     0.053    -0.087
 2    96.244   -22.708    59.954
 2     0.185    -0.980     0.069
 2     0.964     0.195     0.182
 2    -0.192     0.033     0.981
 3   132.169    -3.248     5.329
 3     0.338     0.257    -0.905
 3     0.207     0.918     0.338
 3     0.918    -0.302     0.257
 4   117.294    14.256    -7.355
 4     0.552    -0.830     0.075
 4     0.799     0.502    -0.331
 4     0.237     0.242     0.941
 5   107.195    22.616    15.728
 5    -0.197    -0.336     0.921
 5     0.249    -0.926    -0.284
 5     0.948     0.173     0.265
 6   114.273    25.713    46.273
 6    -0.188    -0.306    -0.933
 6    -0.018     0.951    -0.309
 6     0.982    -0.042    -0.184
 7   118.050   -25.948    -6.562
 7     0.594     0.803     0.026
 7    -0.749     0.542     0.381
 7     0.292    -0.246     0.924
 8   108.206   -31.708    15.831
 8    -0.119     0.682     0.721
 8    -0.110    -0.731     0.673
 8     0.987     0.000     0.161
 9   112.583   -34.487    43.723
 9    -0.104     0.526    -0.844
 9    -0.005     0.848     0.529
 9     0.994     0.059    -0.086
 2    96.245   -22.708    59.903
 2     0.185    -0.980     0.069
 2     0.964     0.195     0.182
 2    -0.192     0.033     0.981
 3   132.122    -3.224     5.344
 3     0.337     0.252    -0.907
 3     0.203     0.921     0.331
 3     0.919    -0.296     0.259
 4   117.260    14.391    -7.329
 4     0.546    -0.835     0.073
 4     0.801     0.494    -0.337
 4     0.245     0.243     0.938
 5   106.433    22.559    15.475
 5    -0.217    -0.299     0.929
 5     0.257    -0.936    -0.241
 5     0.942     0.186     0.279
 6   113.082    25.868    46.063
 6    -0.199    -0.327    -0.924
 6    -0.017     0.943    -0.331
 6     0.980    -0.051    -0.193
 7   118.056   -25.897    -6.699
 7     0.591     0.806     0.022
 7    -0.750     0.540     0.381
 7     0.295    -0.243     0.924
 8   107.560   -31.710    15.397
 8    -0.140     0.673     0.726
 8    -0.126    -0.739     0.662
 8     0.982     0.001     0.188
 9   109.589   -33.117    42.521
 9    -0.115     0.710    -0.694
 9     0.014     0.700     0.714
 9     0.993     0.072    -0.090
 2    96.245   -22.658    59.955
 2     0.186    -0.980     0.069
 2     0.964     0.195     0.182
 2    -0.192     0.032     0.981
 3   132.048    -3.176     5.254
 3     0.339     0.243    -0.909
 3     0.196     0.926     0.321
 3     0.920    -0.287     0.267
 4   117.138    14.598    -7.314
 4     0.541    -0.838     0.077
 4     0.803     0.488    -0.341
 4     0.248     0.246     0.937
 5   105.690    22.671    15.144
 5    -0.237    -0.290     0.927
 5     0.266    -0.937    -0.225
 5     0.934     0.193     0.299
 6   111.910    26.641    45.737
 6    -0.207    -0.354    -0.912
 6    -0.004     0.932    -0.361
 6     0.978    -0.071    -0.195
 7   117.908   -25.609    -6.993
 7     0.580     0.814     0.030
 7    -0.763     0.530     0.370
 7     0.285    -0.238     0.928
 8   106.632   -31.442    14.702
 8    -0.161     0.633     0.757
 8    -0.151    -0.774     0.615
 8     0.975    -0.015     0.220
 9   109.035   -37.090    43.007
 9    -0.083     0.877    -0.472
 9    -0.011     0.473     0.881
 9     0.996     0.078    -0.030
 2    96.245   -22.658    59.955
 2     0.186    -0.980     0.069
 2     0.963     0.195     0.182
 2    -0.192     0.032     0.981
 3   131.872    -2.899     5.317
 3     0.338     0.224    -0.914
 3     0.192     0.934     0.300
 3     0.921    -0.277     0.273
 4   116.870    14.733    -7.279
 4     0.527    -0.846     0.077
 4     0.811     0.474    -0.343
 4     0.253     0.243     0.936
 5   105.103    22.538    15.113
 5    -0.254    -0.277     0.926
 5     0.266    -0.941    -0.209
 5     0.930     0.193     0.313
 6   110.770    26.628    45.683
 6    -0.221    -0.370    -0.902
 6    -0.005     0.926    -0.378
 6     0.975    -0.079    -0.206
 7   117.849   -25.539    -7.055
 7     0.575     0.817     0.033
 7    -0.769     0.526     0.364
 7     0.281    -0.235     0.930
 8   106.259   -31.500    14.200
 8    -0.178     0.620     0.764
 8    -0.173    -0.784     0.596
 8     0.969    -0.026     0.246
 9   108.308   -37.932    42.222
 9    -0.120     0.842    -0.526
 9    -0.061     0.523     0.850
 9     0.991     0.134    -0.011
 2    96.245   -22.658    59.955
 2     0.186    -0.980     0.069
 2     0.964     0.196     0.182
 2    -0.192     0.032     0.981
 3   131.768    -2.825     5.314
 3     0.340     0.214    -0.916
 3     0.190     0.938     0.290
 3     0.921    -0.273     0.278
 4   116.676    14.790    -7.292
 4     0.518    -0.852     0.079
 4     0.815     0.464    -0.345
 4     0.257     0.243     0.935
 5   104.424    22.405    14.633
 5    -0.274    -0.255     0.927
 5     0.267    -0.946    -0.182
 5     0.924     0.198     0.327
 6   109.742    26.666    45.283
 6    -0.231    -0.387    -0.892
 6    -0.005     0.918    -0.397
 6     0.973    -0.087    -0.214
 7   117.884   -25.445    -7.264
 7     0.572     0.819     0.035
 7    -0.772     0.524     0.359
 7     0.275    -0.233     0.933
 8   105.917   -31.573    13.678
 8    -0.205     0.623     0.755
 8    -0.182    -0.782     0.596
 8     0.961    -0.015     0.274
 9   107.131   -37.832    41.931
 9    -0.181     0.716    -0.674
 9    -0.077     0.673     0.735
 9     0.980     0.185    -0.067
 2    96.245   -22.658    59.955
 2     0.186    -0.980     0.069
 2     0.963     0.195     0.182
 2    -0.192     0.032     0.981
 3   131.745    -2.723     5.303
 3     0.338     0.204    -0.919
 3     0.187     0.942     0.278
 3     0.922    -0.266     0.280
 4   116.686    14.924    -7.254
 4     0.508    -0.858     0.074
 4     0.820     0.456    -0.346
 4     0.262     0.237     0.935
 5   103.899    22.291    14.487
 5    -0.300    -0.260     0.917
 5     0.258    -0.948    -0.185
 5     0.918     0.181     0.352
 6   108.350    26.650    45.226
 6    -0.256    -0.394    -0.882
 6    -0.007     0.914    -0.406
 6     0.966    -0.098    -0.237
 7   118.063   -25.322    -7.501
 7     0.561     0.827     0.028
 7    -0.779     0.517     0.354
 7     0.278    -0.221     0.934
 8   105.491   -31.512    13.333
 8    -0.237     0.619     0.748
 8    -0.174    -0.785     0.594
 8     0.956     0.010     0.293
 9   105.772   -37.077    41.835
 9    -0.230     0.622    -0.748
 9    -0.073     0.755     0.651
 9     0.970     0.204    -0.128
 2    96.246   -22.658    59.904
 2     0.186    -0.980     0.069
 2     0.964     0.195     0.182
 2    -0.192     0.032     0.981
 3   131.748    -2.595     5.343
 3     0.336     0.195    -0.921
 3     0.186     0.945     0.268
 3     0.923    -0.262     0.281
 4   116.714    14.979    -7.385
 4     0.497    -0.865     0.070
 4     0.826     0.447    -0.342
 4     0.264     0.227     0.937
 5   103.347    22.202    13.981
 5    -0.324    -0.266     0.908
 5     0.253    -0.949    -0.187
 5     0.911     0.169     0.375
 6   107.256    26.510    44.745
 6    -0.279    -0.387    -0.879
 6    -0.007     0.916    -0.401
 6     0.960    -0.106    -0.259
 7   118.178   -25.193    -7.551
 7     0.552     0.833     0.017
 7    -0.783     0.511     0.354
 7     0.286    -0.209     0.935
 8   104.866   -31.388    13.061
 8    -0.264     0.619     0.740
 8    -0.168    -0.785     0.597
 8     0.950     0.033     0.310
 9   104.495   -36.545    41.789
 9    -0.266     0.559    -0.785
 9    -0.071     0.801     0.594
 9     0.961     0.214    -0.174
 2    96.245   -22.658    59.904
 2     0.186    -0.980     0.069
 2     0.963     0.196     0.182
 2    -0.192     0.033     0.981
 3   131.751    -2.516     5.436
 3     0.334     0.188    -0.923
 3     0.187     0.947     0.260
 3     0.924    -0.260     0.281
 4   116.716    14.983    -7.386
 4     0.489    -0.870     0.065
 4     0.831     0.442    -0.338
 4     0.265     0.220     0.939
 5   102.905    21.964    13.732
 5    -0.342    -0.263     0.902
 5     0.251    -0.951    -0.182
 5     0.905     0.164     0.391
 6   106.393    26.397    44.526
 6    -0.295    -0.389    -0.873
 6    -0.007     0.914    -0.405
 6     0.955    -0.113    -0.273
 7   118.275   -25.265    -7.505
 7     0.542     0.840     0.008
 7    -0.786     0.504     0.357
 7     0.296    -0.200     0.934
 8   104.371   -31.484    12.793
 8    -0.290     0.614     0.734
 8    -0.165    -0.788     0.593
 8     0.943     0.050     0.329
 9   103.340   -36.613    41.185
 9    -0.286     0.542    -0.790
 9    -0.077     0.809     0.583
 9     0.955     0.227    -0.190
 2    96.245   -22.658    59.904
 2     0.186    -0.980     0.069
 2     0.963     0.196     0.182
 2    -0.192     0.033     0.981
 3   131.692    -2.592     5.468
 3     0.334     0.179    -0.925
 3     0.189     0.949     0.252
 3     0.923    -0.259     0.283
 4   116.633    14.755    -7.553
 4     0.480    -0.875     0.063
 4     0.836     0.435    -0.332
 4     0.262     0.213     0.941
 5   102.516    21.728    13.267
 5    -0.357    -0.254     0.899
 5     0.254    -0.952    -0.168
 5     0.899     0.168     0.404
 6   105.516    26.255    44.083
 6    -0.307    -0.392    -0.867
 6    -0.005     0.912    -0.410
 6     0.952    -0.122    -0.282
 7   118.220   -25.392    -7.581
 7     0.528     0.849     0.001
 7    -0.792     0.493     0.360
 7     0.305    -0.192     0.933
 8   103.719   -31.401    12.435
 8    -0.316     0.604     0.732
 8    -0.163    -0.795     0.585
 8     0.934     0.066     0.349
 9   101.776   -36.514    41.177
 9    -0.323     0.522    -0.789
 9    -0.076     0.817     0.571
 9     0.943     0.245    -0.224
 2    96.246   -22.658    59.904
 2     0.186    -0.980     0.069
 2     0.963     0.196     0.182
 2    -0.192     0.032     0.981
 3   131.640    -2.592     5.518
 3     0.335     0.172    -0.926
 3     0.190     0.950     0.245
 3     0.923    -0.259     0.285
 4   116.583    14.706    -7.525
 4     0.474    -0.878     0.060
 4     0.840     0.431    -0.328
 4     0.262     0.206     0.943
 5   102.102    21.491    13.060
 5    -0.372    -0.250     0.894
 5     0.254    -0.954    -0.161
 5     0.893     0.167     0.418
 6   104.655    26.115    43.810
 6    -0.321    -0.391    -0.862
 6    -0.004     0.911    -0.412
 6     0.947    -0.129    -0.294
 7   118.289   -25.492    -7.455
 7     0.515     0.857    -0.006
 7    -0.797     0.481     0.363
 7     0.314    -0.182     0.931
 8   103.121   -31.390    12.131
 8    -0.345     0.592     0.728
 8    -0.164    -0.802     0.575
 8     0.924     0.078     0.373
 9   100.416   -36.645    40.709
 9    -0.351     0.504    -0.789
 9    -0.082     0.823     0.562
 9     0.932     0.262    -0.248
 2    96.246   -22.708    59.904
 2     0.186    -0.980     0.069
 2     0.963     0.196     0.182
 2    -0.192     0.032     0.981
 3   131.556    -2.721     5.472
 3     0.338     0.165    -0.927
 3     0.191     0.952     0.239
 3     0.922    -0.258     0.290
 4   116.451    14.427    -7.693
 4     0.466    -0.883     0.060
 4     0.846     0.425    -0.322
 4     0.259     0.200     0.945
 5   101.745    21.281    12.816
 5    -0.383    -0.241     0.892
 5     0.253    -0.956    -0.150
 5     0.888     0.168     0.427
 6   104.055    25.930    43.547
 6    -0.331    -0.391    -0.859
 6    -0.004     0.911    -0.413
 6     0.943    -0.133    -0.303
 7   118.196   -25.624    -7.511
 7     0.500     0.866    -0.009
 7    -0.806     0.469     0.361
 7     0.317    -0.174     0.932
 8   102.428   -31.367    11.628
 8    -0.371     0.573     0.730
 8    -0.172    -0.816     0.553
 8     0.912     0.080     0.401
 9    98.943   -36.924    40.099
 9    -0.380     0.502    -0.777
 9    -0.093     0.815     0.572
 9     0.920     0.289    -0.263
 2    96.246   -22.708    59.904
 2     0.186    -0.980     0.069
 2     0.963     0.196     0.182
 2    -0.192     0.032     0.981
 3   131.498    -2.774     5.479
 3     0.340     0.161    -0.927
 3     0.191     0.953     0.235
 3     0.921    -0.257     0.293
 4   116.391    14.402    -7.760
 4     0.457    -0.887     0.060
 4     0.851     0.417    -0.317
 4     0.256     0.196     0.946
 5   101.286    20.996    12.476
 5    -0.398    -0.232     0.887
 5     0.248    -0.959    -0.139
 5     0.883     0.165     0.439
 6   103.051    25.574    43.243
 6    -0.348    -0.391    -0.852
 6    -0.009     0.910    -0.414
 6     0.937    -0.137    -0.321
 7   118.101   -25.631    -7.516
 7     0.483     0.875    -0.014
 7    -0.815     0.455     0.359
 7     0.320    -0.162     0.933
 8   101.759   -31.275    11.149
 8    -0.399     0.556     0.729
 8    -0.174    -0.827     0.535
 8     0.900     0.087     0.427
 9    97.364   -37.136    39.492
 9    -0.408     0.500    -0.764
 9    -0.098     0.808     0.581
 9     0.907     0.312    -0.281
 2    96.246   -22.658    59.904
 2     0.186    -0.980     0.069
 2     0.963     0.196     0.182
 2    -0.192     0.032     0.981
 3   131.440    -2.777     5.535
 3     0.343     0.152    -0.927
 3     0.190     0.955     0.227
 3     0.920    -0.255     0.298
 4   116.255    14.224    -7.925
 4     0.446    -0.893     0.059
 4     0.858     0.408    -0.310
 4     0.252     0.189     0.949
 5   100.788    20.682    12.147
 5    -0.415    -0.220     0.883
 5     0.248    -0.961    -0.123
 5     0.875     0.168     0.453
 6   101.960    25.358    42.828
 6    -0.367    -0.390    -0.845
 6    -0.009     0.909    -0.416
 6     0.930    -0.145    -0.337
 7   117.983   -25.739    -7.449
 7     0.466     0.884    -0.021
 7    -0.823     0.442     0.356
 7     0.324    -0.149     0.934
 8   101.124   -31.179    10.783
 8    -0.424     0.539     0.728
 8    -0.175    -0.837     0.518
 8     0.889     0.093     0.449
 9    96.002   -37.166    38.915
 9    -0.433     0.497    -0.752
 9    -0.101     0.802     0.589
 9     0.896     0.331    -0.297
 2    96.245   -22.658    59.955
 2     0.186    -0.980     0.069
 2     0.963     0.196     0.182
 2    -0.192     0.032     0.981
 3   131.299    -2.732     5.497
 3     0.348     0.144    -0.926
 3     0.190     0.956     0.220
 3     0.918    -0.253     0.305
 4   116.070    14.224    -8.043
 4     0.436    -0.898     0.060
 4     0.865     0.399    -0.304
 4     0.249     0.185     0.950
 5   100.353    20.522    11.752
 5    -0.428    -0.213     0.879
 5     0.249    -0.962    -0.112
 5     0.869     0.171     0.464
 6   101.224    25.267    42.480
 6    -0.381    -0.388    -0.839
 6    -0.007     0.909    -0.417
 6     0.924    -0.153    -0.349
 7   117.904   -25.746    -7.469
 7     0.455     0.890    -0.023
 7    -0.830     0.433     0.352
 7     0.323    -0.141     0.936
 8   100.674   -31.197    10.433
 8    -0.442     0.525     0.727
 8    -0.181    -0.846     0.501
 8     0.878     0.090     0.469
 9    94.970   -37.518    38.409
 9    -0.452     0.498    -0.740
 9    -0.107     0.793     0.599
 9     0.885     0.350    -0.306
 2    96.245   -22.658    59.955
 2     0.186    -0.980     0.069
 2     0.963     0.196     0.182
 2    -0.192     0.032     0.981
 3   131.235    -2.736     5.511
 3     0.352     0.138    -0.926
 3     0.191     0.957     0.215
 3     0.916    -0.253     0.310
 4   115.956    13.995    -8.130
 4     0.427    -0.902     0.062
 4     0.871     0.391    -0.298
 4     0.244     0.181     0.952
 5   100.107    20.213    11.497
 5    -0.436    -0.209     0.875
 5     0.249    -0.963    -0.105
 5     0.865     0.172     0.472
 6   100.631    25.129    42.105
 6    -0.390    -0.384    -0.837
 6    -0.004     0.909    -0.416
 6     0.921    -0.159    -0.356
 7   117.904   -25.775    -7.522
 7     0.447     0.894    -0.028
 7    -0.834     0.427     0.349
 7     0.324    -0.133     0.936
 8   100.326   -31.242     9.971
 8    -0.461     0.516     0.722
 8    -0.185    -0.851     0.490
 8     0.868     0.092     0.488
 9    93.934   -37.722    37.830
 9    -0.475     0.491    -0.730
 9    -0.111     0.789     0.604
 9     0.873     0.368    -0.320
 2    96.246   -22.658    59.904
 2     0.186    -0.980     0.069
 2     0.963     0.196     0.182
 2    -0.192     0.032     0.981
 3   131.227    -2.738     5.491
 3     0.355     0.133    -0.925
 3     0.191     0.958     0.211
 3     0.915    -0.252     0.314
 4   115.870    13.866    -8.220
 4     0.421    -0.905     0.064
 4     0.874     0.386    -0.293
 4     0.240     0.179     0.954
 5    99.911    20.156    11.320
 5    -0.443    -0.209     0.872
 5     0.249    -0.963    -0.104
 5     0.861     0.171     0.479
 6   100.155    25.016    41.850
 6    -0.401    -0.375    -0.836
 6    -0.000     0.912    -0.409
 6     0.916    -0.164    -0.366
 7   117.852   -25.835    -7.620
 7     0.431     0.901    -0.033
 7    -0.842     0.415     0.345
 7     0.324    -0.121     0.938
 8    99.787   -31.086     9.531
 8    -0.477     0.499     0.724
 8    -0.184    -0.862     0.473
 8     0.859     0.092     0.503
 9    92.940   -37.645    37.309
 9    -0.491     0.495    -0.717
 9    -0.110     0.781     0.614
 9     0.864     0.380    -0.329
 2    96.246   -22.658    59.904
 2     0.186    -0.980     0.069
 2     0.963     0.196     0.182
 2    -0.192     0.032     0.981
 3   131.170    -2.843     5.497
 3     0.358     0.132    -0.924
 3     0.190     0.959     0.210
 3     0.914    -0.251     0.318
 4   115.818    13.815    -8.292
 4     0.419    -0.906     0.063
 4     0.876     0.384    -0.291
 4     0.239     0.177     0.955
 5    99.767    20.124    11.120
 5    -0.450    -0.214     0.867
 5     0.249    -0.962    -0.108
 5     0.857     0.167     0.487
 6    97.801    26.378    40.942
 6    -0.413    -0.358    -0.837
 6     0.003     0.919    -0.394
 6     0.911    -0.166    -0.378
 7   117.674   -25.842    -7.690
 7     0.420     0.906    -0.034
 7    -0.848     0.406     0.341
 7     0.323    -0.115     0.939
 8    99.409   -30.974     9.396
 8    -0.488     0.490     0.722
 8    -0.183    -0.866     0.465
 8     0.853     0.094     0.512
 9    92.341   -37.607    36.934
 9    -0.501     0.494    -0.711
 9    -0.110     0.778     0.618
 9     0.859     0.387    -0.336
 2    96.246   -22.708    59.904
 2     0.186    -0.980     0.069
 2     0.963     0.196     0.182
 2    -0.192     0.032     0.981
 3   131.115    -2.897     5.402
 3     0.361     0.132    -0.923
 3     0.188     0.959     0.211
 3     0.913    -0.250     0.321
 4   115.765    13.764    -8.289
 4     0.417    -0.906     0.063
 4     0.877     0.383    -0.290
 4     0.238     0.176     0.955
 5    99.677    20.069    10.960
 5    -0.456    -0.215     0.863
 5     0.251    -0.962    -0.107
 5     0.854     0.167     0.493
 6    97.376    26.548    40.693
 6    -0.422    -0.354    -0.834
 6     0.008     0.919    -0.393
 6     0.906    -0.173    -0.385
 7   117.571   -25.845    -7.685
 7     0.416     0.908    -0.033
 7    -0.850     0.401     0.340
 7     0.322    -0.113     0.940
 8    99.406   -30.924     9.327
 8    -0.490     0.489     0.722
 8    -0.184    -0.867     0.462
 8     0.852     0.093     0.515
 9    92.332   -37.611    36.846
 9    -0.503     0.493    -0.710
 9    -0.110     0.778     0.618
 9     0.857     0.389    -0.337
 2    96.246   -22.708    59.904
 2     0.186    -0.980     0.069
 2     0.963     0.196     0.182
 2    -0.192     0.032     0.981
 3   131.090    -2.898     5.402
 3     0.363     0.132    -0.922
 3     0.187     0.959     0.211
 3     0.913    -0.250     0.323
 4   115.759    13.713    -8.335
 4     0.414    -0.908     0.065
 4     0.879     0.380    -0.288
 4     0.236     0.176     0.955
 5    99.486    20.015    10.873
 5    -0.460    -0.213     0.862
 5     0.252    -0.962    -0.103
 5     0.851     0.170     0.495
 6    97.247    26.496    40.622
 6    -0.425    -0.352    -0.834
 6     0.010     0.919    -0.393
 6     0.905    -0.176    -0.387
 7   117.572   -25.846    -7.685
 7     0.415     0.909    -0.033
 7    -0.851     0.401     0.340
 7     0.322    -0.113     0.940
 8    99.402   -30.974     9.279
 8    -0.491     0.491     0.720
 8    -0.187    -0.866     0.464
 8     0.851     0.093     0.516
 9    92.171   -37.665    36.780
 9    -0.507     0.489    -0.710
 9    -0.111     0.780     0.616
 9     0.855     0.391    -0.341
 2    96.195   -22.708    59.955
 2     0.186    -0.980     0.069
 2     0.963     0.196     0.182
 2    -0.192     0.032     0.981
 3   131.083    -2.900     5.408
 3     0.364     0.131    -0.922
 3     0.187     0.959     0.210
 3     0.912    -0.249     0.325
 4   115.703    13.687    -8.406
 4     0.411    -0.909     0.067
 4     0.881     0.377    -0.286
 4     0.234     0.176     0.956
 5    99.426    19.962    10.807
 5    -0.463    -0.210     0.861
 5     0.253    -0.962    -0.098
 5     0.849     0.172     0.498
 6    97.009    26.543    40.462
 6    -0.430    -0.348    -0.833
 6     0.013     0.920    -0.391
 6     0.902    -0.179    -0.391
 7   117.571   -25.845    -7.685
 7     0.416     0.909    -0.033
 7    -0.850     0.401     0.340
 7     0.322    -0.113     0.940
 8    99.395   -30.977     9.235
 8    -0.492     0.491     0.718
 8    -0.186    -0.866     0.465
 8     0.850     0.096     0.517
 9    92.158   -37.672    36.792
 9    -0.510     0.487    -0.709
 9    -0.109     0.781     0.614
 9     0.853     0.390    -0.346
 2    96.246   -22.708    59.904
 2     0.186    -0.980     0.069
 2     0.963     0.196     0.182
 2    -0.192     0.032     0.981
 3   131.083    -2.926     5.408
 3     0.364     0.129    -0.922
 3     0.187     0.960     0.208
 3     0.912    -0.249     0.325
 4   115.677    13.713    -8.380
 4     0.409    -0.910     0.067
 4     0.882     0.375    -0.285
 4     0.234     0.176     0.956
 5    99.426    19.962    10.806
 5    -0.464    -0.209     0.861
 5     0.254    -0.962    -0.097
 5     0.849     0.174     0.499
 6    97.086    26.594    40.460
 6    -0.430    -0.344    -0.835
 6     0.015     0.922    -0.387
 6     0.902    -0.180    -0.391
 7   117.572   -25.846    -7.685
 7     0.415     0.909    -0.033
 7    -0.851     0.401     0.340
 7     0.322    -0.113     0.940
 8    99.395   -30.978     9.236
 8    -0.493     0.491     0.718
