% Calibrated with leiden_pols
% Positions are in centimeters
Data =[
 2    96.294   -22.708    59.954
 2     0.185    -0.980     0.069
 2     0.964     0.195     0.182
 2    -0.192     0.033     0.981
 3   131.644    -2.944     4.669
 3     0.392     0.256    -0.883
 3     0.208     0.911     0.356
 3     0.896    -0.323     0.304
 4   114.171    14.143    -6.878
 4     0.561    -0.813     0.154
 4     0.810     0.501    -0.304
 4     0.170     0.295     0.940
 5   115.850    19.910    20.974
 5     0.399    -0.194     0.896
 5     0.131    -0.955    -0.265
 5     0.907     0.223    -0.356
 6   130.679    26.900    44.382
 6     0.510    -0.854    -0.101
 6     0.007     0.121    -0.993
 6     0.860     0.505     0.068
 7   117.157   -25.732    -6.194
 7     0.691     0.720     0.057
 7    -0.688     0.631     0.357
 7     0.221    -0.286     0.932
 8   116.887   -29.635    21.127
 8     0.431     0.590     0.682
 8    -0.049    -0.740     0.671
 8     0.901    -0.323    -0.291
 9   131.733   -32.369    44.721
 9     0.485     0.866    -0.118
 9     0.095     0.082     0.992
 9     0.869    -0.493    -0.043
 2    96.244   -22.657    59.954
 2     0.185    -0.980     0.069
 2     0.964     0.195     0.182
 2    -0.192     0.033     0.981
 3   131.645    -2.944     4.721
 3     0.392     0.257    -0.883
 3     0.208     0.910     0.357
 3     0.896    -0.324     0.303
 4   114.171    14.143    -6.929
 4     0.561    -0.813     0.154
 4     0.810     0.501    -0.304
 4     0.170     0.295     0.940
 5   115.856    19.963    20.967
 5     0.398    -0.194     0.897
 5     0.131    -0.955    -0.265
 5     0.908     0.223    -0.355
 6   130.654    26.900    44.382
 6     0.510    -0.854    -0.101
 6     0.007     0.121    -0.993
 6     0.860     0.505     0.068
 7   117.157   -25.732    -6.143
 7     0.691     0.720     0.057
 7    -0.688     0.631     0.357
 7     0.221    -0.286     0.932
 8   116.812   -29.583    21.152
 8     0.431     0.589     0.683
 8    -0.048    -0.741     0.669
 8     0.901    -0.322    -0.291
 9   131.779   -32.370    44.728
 9     0.486     0.866    -0.116
 9     0.095     0.079     0.992
 9     0.868    -0.494    -0.044
 2    96.244   -22.657    59.954
 2     0.185    -0.980     0.069
 2     0.964     0.195     0.182
 2    -0.192     0.033     0.981
 3   131.621    -2.994     4.722
 3     0.391     0.259    -0.883
 3     0.208     0.910     0.359
 3     0.896    -0.324     0.301
 4   114.169    14.142    -6.926
 4     0.561    -0.813     0.154
 4     0.810     0.501    -0.303
 4     0.169     0.294     0.940
 5   115.832    19.861    20.969
 5     0.397    -0.195     0.896
 5     0.131    -0.955    -0.266
 5     0.908     0.224    -0.354
 6   130.679    26.900    44.382
 6     0.510    -0.854    -0.103
 6     0.007     0.124    -0.992
 6     0.860     0.505     0.069
 7   117.184   -25.732    -6.146
 7     0.690     0.721     0.057
 7    -0.688     0.631     0.358
 7     0.222    -0.286     0.932
 8   116.813   -29.584    21.153
 8     0.430     0.589     0.684
 8    -0.049    -0.741     0.669
 8     0.901    -0.321    -0.291
 9   131.801   -32.320    44.727
 9     0.486     0.865    -0.123
 9     0.095     0.087     0.991
 9     0.868    -0.494    -0.040
 2    96.244   -22.657    59.954
 2     0.185    -0.980     0.069
 2     0.964     0.195     0.182
 2    -0.192     0.033     0.981
 3   131.627    -3.042     4.740
 3     0.390     0.260    -0.883
 3     0.209     0.909     0.360
 3     0.897    -0.325     0.300
 4   114.169    14.142    -6.875
 4     0.561    -0.814     0.153
 4     0.811     0.501    -0.302
 4     0.169     0.294     0.941
 5   115.911    20.149    20.684
 5     0.392    -0.185     0.901
 5     0.139    -0.956    -0.256
 5     0.909     0.226    -0.349
 6   132.692    27.187    43.417
 6     0.475    -0.762    -0.440
 6    -0.003     0.499    -0.867
 6     0.880     0.413     0.234
 7   117.159   -25.732    -6.091
 7     0.691     0.720     0.061
 7    -0.688     0.630     0.360
 7     0.221    -0.291     0.931
 8   116.975   -29.828    20.753
 8     0.412     0.572     0.709
 8    -0.077    -0.753     0.653
 8     0.908    -0.324    -0.266
 9   133.750   -32.647    43.112
 9     0.471     0.737    -0.485
 9     0.054     0.524     0.850
 9     0.880    -0.427     0.207
 2    96.244   -22.657    59.954
 2     0.185    -0.980     0.069
 2     0.964     0.195     0.182
 2    -0.192     0.033     0.981
 3   131.577    -2.990     4.792
 3     0.388     0.261    -0.884
 3     0.211     0.908     0.360
 3     0.897    -0.326     0.297
 4   114.108    14.011    -6.861
 4     0.562    -0.812     0.156
 4     0.810     0.503    -0.299
 4     0.164     0.295     0.941
 5   116.676    21.175    20.022
 5     0.379    -0.186     0.906
 5     0.197    -0.941    -0.276
 5     0.904     0.282    -0.320
 6   134.433    26.540    42.497
 6     0.411    -0.500    -0.762
 6    -0.006     0.835    -0.551
 6     0.911     0.230     0.340
 7   117.173   -25.736    -6.163
 7     0.694     0.715     0.078
 7    -0.688     0.627     0.366
 7     0.213    -0.308     0.927
 8   117.215   -30.647    20.090
 8     0.386     0.595     0.705
 8    -0.112    -0.728     0.676
 8     0.916    -0.340    -0.214
 9   133.513   -33.438    42.689
 9     0.410     0.572    -0.710
 9     0.004     0.778     0.628
 9     0.912    -0.260     0.317
 2    96.244   -22.657    59.954
 2     0.185    -0.980     0.069
 2     0.964     0.195     0.182
 2    -0.192     0.033     0.981
 3   131.637    -3.089     4.890
 3     0.386     0.271    -0.882
 3     0.211     0.904     0.370
 3     0.898    -0.330     0.292
 4   114.429    13.927    -6.924
 4     0.577    -0.802     0.155
 4     0.801     0.518    -0.300
 4     0.160     0.297     0.941
 5   116.792    21.553    19.816
 5     0.347    -0.217     0.912
 5     0.207    -0.931    -0.301
 5     0.914     0.293    -0.279
 6   133.918    26.215    43.246
 6     0.356    -0.406    -0.842
 6    -0.009     0.899    -0.437
 6     0.934     0.163     0.317
 7   117.139   -25.663    -6.198
 7     0.695     0.714     0.085
 7    -0.688     0.626     0.366
 7     0.208    -0.313     0.927
 8   116.907   -30.760    19.750
 8     0.359     0.598     0.716
 8    -0.126    -0.729     0.673
 8     0.924    -0.332    -0.187
 9   132.910   -33.299    42.856
 9     0.386     0.551    -0.740
 9     0.001     0.801     0.598
 9     0.922    -0.232     0.308
 2    96.194   -22.657    59.954
 2     0.185    -0.980     0.069
 2     0.964     0.195     0.182
 2    -0.192     0.033     0.981
 3   131.713    -3.115     4.967
 3     0.385     0.275    -0.881
 3     0.210     0.903     0.374
 3     0.898    -0.330     0.290
 4   114.679    13.960    -6.824
 4     0.579    -0.802     0.146
 4     0.797     0.520    -0.307
 4     0.170     0.295     0.940
 5   116.123    21.741    19.721
 5     0.302    -0.265     0.915
 5     0.201    -0.921    -0.333
 5     0.932     0.285    -0.225
 6   132.491    25.479    44.018
 6     0.299    -0.342    -0.891
 6    -0.018     0.931    -0.363
 6     0.954     0.124     0.272
 7   117.216   -25.613    -6.200
 7     0.693     0.716     0.085
 7    -0.690     0.625     0.366
 7     0.209    -0.312     0.927
 8   116.600   -30.811    19.648
 8     0.326     0.608     0.724
 8    -0.130    -0.730     0.671
 8     0.936    -0.313    -0.159
 9   131.798   -33.500    43.179
 9     0.341     0.555    -0.758
 9    -0.002     0.807     0.590
 9     0.940    -0.201     0.276
 2    96.244   -22.657    59.954
 2     0.185    -0.980     0.069
 2     0.964     0.195     0.182
 2    -0.192     0.033     0.981
 3   131.774    -3.111     5.055
 3     0.381     0.274    -0.883
 3     0.209     0.904     0.371
 3     0.900    -0.327     0.287
 4   114.716    14.017    -6.761
 4     0.575    -0.806     0.143
 4     0.799     0.515    -0.308
 4     0.175     0.291     0.940
 5   115.332    21.850    19.587
 5     0.261    -0.282     0.923
 5     0.203    -0.919    -0.338
 5     0.943     0.276    -0.182
