2 	  44.21	  -0.33	   3.18
	  0.231	 -0.828	  0.510
	  0.272	  0.558	  0.784
	 -0.934	 -0.043	  0.354

3 	  42.38	  -0.60	   1.21
	  0.492	  0.088	  0.866
	 -0.318	  0.945	  0.082
	 -0.812	 -0.315	  0.492

4 	  35.68	   6.64	  -2.88
	  0.540	  0.841	  0.004
	 -0.621	  0.395	  0.677
	  0.568	 -0.368	  0.735

5 	  39.08	   9.53	   6.96
	  0.632	  0.070	  0.772
	 -0.594	 -0.596	  0.540
	  0.499	 -0.799	 -0.334

6 	  48.23	   5.62	  12.50
	  0.729	 -0.560	  0.394
	 -0.300	  0.257	  0.919
	 -0.616	 -0.788	  0.019

7 	  36.35	  -7.91	  -3.25
	  0.333	 -0.924	  0.187
	  0.877	  0.231	 -0.421
	  0.345	  0.304	  0.887

8 	  39.50	 -10.42	   7.26
	  0.627	 -0.093	  0.774
	  0.665	 -0.454	 -0.593
	  0.407	  0.886	 -0.223

9 	  48.85	  -6.17	  12.81
	  0.760	  0.585	  0.282
	  0.270	  0.111	 -0.957
	 -0.592	  0.803	 -0.073

2 	  44.17	  -0.84	   3.34
	 -0.001	 -0.738	  0.675
	  0.393	  0.620	  0.679
	 -0.920	  0.266	  0.289

3 	  42.40	  -0.62	   1.21
	  0.490	  0.087	  0.867
	 -0.318	  0.945	  0.082
	 -0.813	 -0.315	  0.490

4 	  35.67	   6.63	  -2.87
	  0.540	  0.841	  0.003
	 -0.622	  0.396	  0.675
	  0.568	 -0.366	  0.737

5 	  39.08	   9.53	   6.94
	  0.633	  0.072	  0.771
	 -0.592	 -0.596	  0.541
	  0.500	 -0.799	 -0.335

6 	  48.22	   5.62	  12.50
	  0.727	 -0.561	  0.395
	 -0.300	  0.258	  0.918
	 -0.617	 -0.786	  0.020

7 	  36.33	  -7.91	  -3.25
	  0.332	 -0.925	  0.186
	  0.878	  0.230	 -0.419
	  0.345	  0.303	  0.888

8 	  39.46	 -10.44	   7.28
	  0.625	 -0.092	  0.775
	  0.664	 -0.459	 -0.590
	  0.411	  0.883	 -0.226

9 	  48.85	  -6.19	  12.81
	  0.760	  0.590	  0.271
	  0.262	  0.104	 -0.959
	 -0.595	  0.800	 -0.075

2 	  44.02	  -0.42	   2.99
	  0.352	 -0.771	  0.530
	  0.456	  0.635	  0.623
	 -0.818	  0.022	  0.575

3 	  42.38	  -0.62	   1.28
	  0.488	  0.087	  0.868
	 -0.317	  0.945	  0.082
	 -0.814	 -0.315	  0.488

4 	  35.67	   6.63	  -2.85
	  0.539	  0.842	  0.004
	 -0.623	  0.394	  0.676
	  0.568	 -0.367	  0.736

5 	  39.06	   9.53	   6.96
	  0.632	  0.073	  0.771
	 -0.592	 -0.597	  0.541
	  0.501	 -0.798	 -0.334

6 	  48.22	   5.64	  12.48
	  0.729	 -0.561	  0.392
	 -0.296	  0.258	  0.919
	 -0.617	 -0.786	  0.022

7 	  36.32	  -7.91	  -3.23
	  0.331	 -0.925	  0.188
	  0.878	  0.229	 -0.419
	  0.345	  0.304	  0.888

8 	  39.45	 -10.44	   7.29
	  0.625	 -0.095	  0.775
	  0.662	 -0.462	 -0.590
	  0.414	  0.881	 -0.225

9 	  48.85	  -6.19	  12.81
	  0.761	  0.591	  0.267
	  0.259	  0.101	 -0.960
	 -0.596	  0.799	 -0.076

2 	  44.05	   0.00	   3.01
	  0.452	 -0.816	  0.359
	  0.349	  0.531	  0.772
	 -0.822	 -0.224	  0.524

3 	  42.38	  -0.60	   1.28
	  0.488	  0.087	  0.868
	 -0.319	  0.944	  0.082
	 -0.813	 -0.316	  0.488

4 	  35.65	   6.61	  -2.85
	  0.538	  0.842	  0.005
	 -0.624	  0.394	  0.675
	  0.568	 -0.367	  0.737

5 	  39.06	   9.53	   6.96
	  0.632	  0.073	  0.771
	 -0.593	 -0.595	  0.542
	  0.499	 -0.800	 -0.333

6 	  48.22	   5.64	  12.48
	  0.729	 -0.562	  0.391
	 -0.294	  0.259	  0.920
	 -0.618	 -0.786	  0.024

7 	  36.32	  -7.91	  -3.22
	  0.330	 -0.925	  0.189
	  0.879	  0.228	 -0.418
	  0.344	  0.304	  0.888

8 	  39.41	 -10.46	   7.33
	  0.624	 -0.097	  0.775
	  0.660	 -0.466	 -0.589
	  0.419	  0.879	 -0.227

9 	  48.85	  -6.21	  12.81
	  0.761	  0.592	  0.263
	  0.256	  0.098	 -0.961
	 -0.597	  0.799	 -0.077

2 	  44.28	  -0.46	   3.59
	  0.003	 -0.872	  0.489
	  0.088	  0.487	  0.869
	 -0.996	  0.041	  0.078

3 	  42.38	  -0.60	   1.27
	  0.487	  0.087	  0.869
	 -0.320	  0.944	  0.083
	 -0.814	 -0.318	  0.487

4 	  35.68	   6.61	  -2.87
	  0.539	  0.842	  0.004
	 -0.625	  0.396	  0.672
	  0.565	 -0.365	  0.740

5 	  39.08	   9.53	   6.96
	  0.632	  0.073	  0.771
	 -0.594	 -0.594	  0.542
	  0.499	 -0.801	 -0.332

6 	  48.22	   5.64	  12.48
	  0.729	 -0.561	  0.391
	 -0.295	  0.259	  0.920
	 -0.618	 -0.786	  0.023

7 	  36.35	  -7.93	  -3.22
	  0.330	 -0.925	  0.188
	  0.879	  0.229	 -0.417
	  0.343	  0.302	  0.889

8 	  39.41	 -10.46	   7.31
	  0.623	 -0.098	  0.776
	  0.660	 -0.467	 -0.589
	  0.420	  0.879	 -0.226

9 	  48.85	  -6.21	  12.81
	  0.761	  0.593	  0.262
	  0.257	  0.096	 -0.962
	 -0.597	  0.799	 -0.079

2 	  40.92	  -0.77	  -3.69
	  0.356	 -0.934	  0.038
	  0.866	  0.344	  0.362
	 -0.352	 -0.096	  0.931

3 	  42.45	  -0.63	   1.25
	  0.479	  0.087	  0.873
	 -0.318	  0.945	  0.079
	 -0.819	 -0.314	  0.480

4 	  35.68	   6.57	  -2.88
	  0.537	  0.843	 -0.010
	 -0.629	  0.407	  0.662
	  0.563	 -0.349	  0.749

5 	  39.04	   9.58	   6.93
	  0.629	  0.090	  0.772
	 -0.586	 -0.599	  0.546
	  0.513	 -0.795	 -0.323

6 	  48.22	   5.70	  12.43
	  0.730	 -0.564	  0.385
	 -0.297	  0.247	  0.922
	 -0.616	 -0.788	  0.012

7 	  36.35	  -7.91	  -3.22
	  0.327	 -0.927	  0.181
	  0.879	  0.228	 -0.419
	  0.347	  0.296	  0.890

8 	  39.34	 -10.46	   7.35
	  0.619	 -0.100	  0.779
	  0.656	 -0.479	 -0.583
	  0.432	  0.871	 -0.231

9 	  48.85	  -6.24	  12.81
	  0.762	  0.599	  0.244
	  0.255	  0.068	 -0.964
	 -0.595	  0.797	 -0.100

2 	  41.12	  -1.23	  -3.45
	  0.189	 -0.908	  0.373
	  0.830	  0.350	  0.434
	 -0.525	  0.228	  0.820

3 	  42.47	  -0.63	   1.23
	  0.481	  0.085	  0.872
	 -0.316	  0.945	  0.080
	 -0.819	 -0.312	  0.481

4 	  35.68	   6.59	  -2.88
	  0.535	  0.845	 -0.011
	 -0.628	  0.405	  0.664
	  0.566	 -0.348	  0.747

5 	  39.02	   9.60	   6.93
	  0.629	  0.092	  0.772
	 -0.584	 -0.600	  0.546
	  0.515	 -0.794	 -0.324

6 	  48.22	   5.71	  12.43
	  0.730	 -0.565	  0.385
	 -0.297	  0.245	  0.923
	 -0.615	 -0.788	  0.011

7 	  36.33	  -7.91	  -3.22
	  0.327	 -0.927	  0.181
	  0.879	  0.228	 -0.419
	  0.348	  0.296	  0.890

8 	  39.34	 -10.46	   7.35
	  0.619	 -0.101	  0.779
	  0.656	 -0.480	 -0.582
	  0.433	  0.871	 -0.231

9 	  48.85	  -6.24	  12.83
	  0.762	  0.599	  0.243
	  0.255	  0.067	 -0.964
	 -0.596	  0.797	 -0.102

2 	  40.48	  -1.16	  -3.92
	  0.421	 -0.894	  0.151
	  0.901	  0.432	  0.043
	 -0.105	  0.118	  0.987

3 	  42.47	  -0.65	   1.23
	  0.483	  0.085	  0.871
	 -0.314	  0.946	  0.080
	 -0.818	 -0.311	  0.484

4 	  35.67	   6.57	  -2.87
	  0.534	  0.845	 -0.011
	 -0.629	  0.405	  0.664
	  0.567	 -0.348	  0.747

5 	  39.01	   9.60	   6.93
	  0.628	  0.093	  0.772
	 -0.583	 -0.602	  0.546
	  0.516	 -0.793	 -0.323

6 	  48.22	   5.73	  12.41
	  0.733	 -0.564	  0.380
	 -0.296	  0.240	  0.924
	 -0.613	 -0.790	  0.009

7 	  36.32	  -7.89	  -3.20
	  0.325	 -0.928	  0.182
	  0.879	  0.225	 -0.419
	  0.348	  0.296	  0.890

8 	  39.32	 -10.46	   7.35
	  0.619	 -0.101	  0.778
	  0.654	 -0.482	 -0.582
	  0.435	  0.870	 -0.232

9 	  48.83	  -6.26	  12.83
	  0.763	  0.601	  0.239
	  0.252	  0.063	 -0.965
	 -0.596	  0.796	 -0.104

2 	  40.68	  -0.42	  -3.73
	  0.490	 -0.855	 -0.169
	  0.841	  0.413	  0.350
	 -0.231	 -0.313	  0.921

3 	  42.47	  -0.63	   1.27
	  0.483	  0.084	  0.871
	 -0.314	  0.946	  0.081
	 -0.818	 -0.311	  0.483

4 	  35.67	   6.59	  -2.85
	  0.533	  0.846	 -0.010
	 -0.629	  0.403	  0.664
	  0.567	 -0.347	  0.747

5 	  38.99	   9.62	   6.96
	  0.627	  0.094	  0.773
	 -0.582	 -0.603	  0.545
	  0.518	 -0.792	 -0.323

6 	  48.20	   5.75	  12.43
	  0.735	 -0.563	  0.377
	 -0.297	  0.233	  0.926
	 -0.610	 -0.792	  0.004

7 	  36.33	  -7.89	  -3.22
	  0.324	 -0.929	  0.180
	  0.880	  0.226	 -0.417
	  0.347	  0.294	  0.890

8 	  39.30	 -10.44	   7.35
	  0.619	 -0.102	  0.779
	  0.654	 -0.482	 -0.583
	  0.435	  0.870	 -0.232

9 	  48.83	  -6.24	  12.81
	  0.761	  0.603	  0.237
	  0.251	  0.062	 -0.966
	 -0.598	  0.794	 -0.105

2 	  41.45	  -0.67	  -3.45
	  0.304	 -0.940	  0.153
	  0.659	  0.323	  0.679
	 -0.689	 -0.104	  0.717

3 	  42.47	  -0.63	   1.25
	  0.481	  0.083	  0.872
	 -0.315	  0.946	  0.081
	 -0.819	 -0.312	  0.481

4 	  35.68	   6.59	  -2.87
	  0.533	  0.845	 -0.012
	 -0.630	  0.406	  0.662
	  0.566	 -0.346	  0.748

5 	  39.01	   9.62	   6.94
	  0.627	  0.096	  0.773
	 -0.581	 -0.603	  0.546
	  0.520	 -0.791	 -0.323

6 	  48.20	   5.77	  12.41
	  0.734	 -0.564	  0.378
	 -0.301	  0.230	  0.925
	 -0.609	 -0.793	 -0.001

7 	  36.35	  -7.88	  -3.23
	  0.324	 -0.929	  0.178
	  0.880	  0.227	 -0.417
	  0.346	  0.292	  0.891

8 	  39.30	 -10.46	   7.33
	  0.619	 -0.103	  0.779
	  0.654	 -0.482	 -0.583
	  0.437	  0.869	 -0.231

9 	  48.83	  -6.24	  12.81
	  0.761	  0.604	  0.236
	  0.252	  0.060	 -0.966
	 -0.599	  0.794	 -0.106

2 	  42.43	   0.19	  -7.65
	  0.536	 -0.612	 -0.582
	  0.516	  0.782	 -0.349
	  0.670	 -0.113	  0.733

3 	  47.36	  -0.02	   3.62
	  0.022	  0.068	  0.997
	 -0.371	  0.927	 -0.056
	 -0.928	 -0.369	  0.046

4 	  43.22	   7.24	  -3.38
	  0.451	  0.846	  0.284
	 -0.885	  0.382	  0.265
	  0.115	 -0.371	  0.921

5 	  41.20	  10.20	   6.82
	  0.202	  0.224	  0.953
	 -0.603	 -0.740	  0.300
	  0.773	 -0.634	 -0.013

6 	  48.62	   5.47	  13.17
	  0.623	 -0.690	  0.367
	 -0.437	  0.084	  0.895
	 -0.650	 -0.718	 -0.248

7 	  44.05	  -7.08	  -3.64
	  0.219	 -0.935	  0.277
	  0.966	  0.247	  0.071
	 -0.135	  0.253	  0.958

8 	  41.36	 -10.46	   6.49
	  0.171	 -0.237	  0.956
	  0.777	 -0.565	 -0.278
	  0.607	  0.789	  0.088

9 	  49.04	  -5.99	  13.08
	  0.716	  0.608	  0.343
	  0.393	  0.058	 -0.917
	 -0.580	  0.791	 -0.196

2 	  42.77	  -0.14	  -7.86
	  0.706	 -0.653	 -0.274
	  0.564	  0.751	 -0.342
	  0.431	  0.086	  0.898

3 	  47.36	  -0.04	   3.59
	  0.024	  0.069	  0.997
	 -0.370	  0.927	 -0.057
	 -0.929	 -0.367	  0.047

4 	  43.17	   7.22	  -3.41
	  0.454	  0.846	  0.279
	 -0.883	  0.386	  0.266
	  0.118	 -0.367	  0.922

5 	  41.22	  10.20	   6.79
	  0.204	  0.225	  0.953
	 -0.601	 -0.739	  0.302
	  0.773	 -0.634	 -0.014

6 	  48.62	   5.47	  13.17
	  0.622	 -0.690	  0.370
	 -0.440	  0.085	  0.894
	 -0.649	 -0.719	 -0.249

7 	  44.00	  -7.08	  -3.66
	  0.221	 -0.935	  0.275
	  0.966	  0.248	  0.067
	 -0.132	  0.252	  0.958

8 	  41.34	 -10.48	   6.50
	  0.173	 -0.235	  0.956
	  0.776	 -0.566	 -0.279
	  0.608	  0.789	  0.085

9 	  49.04	  -5.99	  13.08
	  0.715	  0.609	  0.342
	  0.392	  0.058	 -0.918
	 -0.581	  0.790	 -0.195

2 	  42.24	  -0.33	  -7.51
	  0.666	 -0.577	 -0.472
	  0.270	  0.775	 -0.571
	  0.697	  0.253	  0.671

3 	  47.30	   0.00	   3.57
	  0.029	  0.067	  0.997
	 -0.372	  0.927	 -0.053
	 -0.928	 -0.369	  0.051

4 	  43.10	   7.26	  -3.39
	  0.454	  0.846	  0.279
	 -0.882	  0.384	  0.271
	  0.121	 -0.370	  0.921

5 	  41.19	  10.21	   6.82
	  0.209	  0.222	  0.952
	 -0.602	 -0.739	  0.303
	  0.772	 -0.635	 -0.019

6 	  48.62	   5.47	  13.17
	  0.623	 -0.691	  0.367
	 -0.438	  0.084	  0.895
	 -0.651	 -0.718	 -0.248

7 	  43.96	  -7.05	  -3.69
	  0.223	 -0.936	  0.273
	  0.966	  0.249	  0.065
	 -0.130	  0.250	  0.959

8 	  41.34	 -10.44	   6.47
	  0.176	 -0.236	  0.955
	  0.776	 -0.564	 -0.281
	  0.606	  0.790	  0.085

9 	  49.04	  -5.99	  13.08
	  0.715	  0.608	  0.343
	  0.391	  0.060	 -0.918
	 -0.581	  0.791	 -0.193

2 	  42.21	   0.47	  -7.45
	  0.463	 -0.460	 -0.758
	  0.442	  0.860	 -0.255
	  0.771	 -0.216	  0.599

3 	  47.29	   0.00	   3.59
	  0.027	  0.068	  0.997
	 -0.373	  0.926	 -0.054
	 -0.927	 -0.371	  0.050

4 	  43.12	   7.26	  -3.38
	  0.452	  0.846	  0.282
	 -0.885	  0.383	  0.266
	  0.117	 -0.370	  0.921

5 	  41.17	  10.21	   6.82
	  0.208	  0.223	  0.952
	 -0.604	 -0.737	  0.303
	  0.771	 -0.636	 -0.017

6 	  48.62	   5.48	  13.17
	  0.624	 -0.691	  0.365
	 -0.436	  0.084	  0.896
	 -0.651	 -0.718	 -0.247

7 	  43.96	  -7.03	  -3.66
	  0.222	 -0.935	  0.275
	  0.966	  0.250	  0.070
	 -0.135	  0.251	  0.958

8 	  41.33	 -10.44	   6.50
	  0.175	 -0.236	  0.956
	  0.778	 -0.562	 -0.280
	  0.604	  0.792	  0.086

9 	  49.04	  -5.99	  13.08
	  0.716	  0.609	  0.341
	  0.389	  0.060	 -0.919
	 -0.582	  0.790	 -0.192

2 	  42.93	   0.39	  -7.77
	  0.597	 -0.714	 -0.365
	  0.726	  0.675	 -0.133
	  0.343	 -0.186	  0.921

3 	  47.29	   0.00	   3.64
	  0.022	  0.068	  0.997
	 -0.376	  0.925	 -0.056
	 -0.927	 -0.373	  0.046

4 	  43.15	   7.24	  -3.36
	  0.451	  0.845	  0.286
	 -0.886	  0.384	  0.260
	  0.110	 -0.371	  0.922

5 	  41.17	  10.21	   6.84
	  0.204	  0.226	  0.952
	 -0.608	 -0.734	  0.303
	  0.769	 -0.640	 -0.012

6 	  48.62	   5.48	  13.17
	  0.625	 -0.690	  0.364
	 -0.434	  0.084	  0.897
	 -0.651	 -0.718	 -0.246

7 	  44.00	  -7.03	  -3.62
	  0.221	 -0.935	  0.277
	  0.965	  0.250	  0.075
	 -0.140	  0.252	  0.957

8 	  41.31	 -10.44	   6.52
	  0.172	 -0.234	  0.957
	  0.779	 -0.562	 -0.277
	  0.603	  0.793	  0.087

9 	  49.04	  -5.98	  13.06
	  0.717	  0.609	  0.339
	  0.386	  0.059	 -0.920
	 -0.583	  0.790	 -0.191

2 	  36.47	  -0.32	   2.60
	 -0.124	 -0.983	 -0.138
	 -0.028	  0.142	 -0.990
	  0.992	 -0.118	 -0.045

3 	  47.07	  -0.02	   3.53
	  0.041	  0.070	  0.996
	 -0.387	  0.921	 -0.050
	 -0.921	 -0.383	  0.064

4 	  42.80	   7.22	  -3.39
	  0.458	  0.844	  0.277
	 -0.881	  0.386	  0.274
	  0.124	 -0.370	  0.921

5 	  41.03	  10.20	   6.87
	  0.225	  0.219	  0.949
	 -0.608	 -0.730	  0.311
	  0.762	 -0.646	 -0.030

6 	  48.62	   5.50	  13.15
	  0.632	 -0.687	  0.359
	 -0.428	  0.080	  0.900
	 -0.648	 -0.722	 -0.242

7 	  43.66	  -7.08	  -3.67
	  0.229	 -0.935	  0.271
	  0.966	  0.253	  0.056
	 -0.122	  0.250	  0.960

8 	  41.22	 -10.44	   6.54
	  0.195	 -0.231	  0.953
	  0.776	 -0.558	 -0.293
	  0.600	  0.796	  0.072

9 	  49.04	  -5.99	  13.04
	  0.720	  0.609	  0.332
	  0.370	  0.071	 -0.926
	 -0.589	  0.789	 -0.173

2 	  36.54	  -1.09	   2.25
	  0.265	 -0.964	  0.015
	  0.168	  0.031	 -0.985
	  0.949	  0.263	  0.170

3 	  47.06	  -0.04	   3.55
	  0.040	  0.071	  0.996
	 -0.388	  0.920	 -0.051
	 -0.921	 -0.385	  0.064

4 	  42.80	   7.24	  -3.39
	  0.456	  0.845	  0.279
	 -0.882	  0.385	  0.272
	  0.122	 -0.371	  0.921

5 	  41.01	  10.20	   6.87
	  0.224	  0.218	  0.950
	 -0.609	 -0.730	  0.310
	  0.762	 -0.646	 -0.030

6 	  48.60	   5.52	  13.13
	  0.633	 -0.686	  0.358
	 -0.427	  0.079	  0.901
	 -0.647	 -0.723	 -0.242

7 	  43.65	  -7.08	  -3.67
	  0.229	 -0.934	  0.272
	  0.965	  0.253	  0.056
	 -0.123	  0.251	  0.960

8 	  41.20	 -10.46	   6.56
	  0.195	 -0.230	  0.953
	  0.777	 -0.558	 -0.293
	  0.600	  0.797	  0.071

9 	  49.04	  -5.99	  13.03
	  0.721	  0.609	  0.330
	  0.367	  0.070	 -0.927
	 -0.589	  0.789	 -0.172

2 	  36.47	  -0.98	   3.01
	  0.199	 -0.974	 -0.108
	 -0.262	  0.053	 -0.964
	  0.944	  0.220	 -0.244

3 	  47.00	  -0.04	   3.55
	  0.040	  0.072	  0.996
	 -0.389	  0.920	 -0.052
	 -0.921	 -0.385	  0.064

4 	  42.71	   7.22	  -3.39
	  0.458	  0.845	  0.277
	 -0.881	  0.387	  0.272
	  0.123	 -0.369	  0.921

5 	  40.99	  10.18	   6.87
	  0.227	  0.217	  0.949
	 -0.610	 -0.728	  0.311
	  0.760	 -0.648	 -0.032

6 	  48.62	   5.52	  13.15
	  0.634	 -0.685	  0.358
	 -0.428	  0.077	  0.900
	 -0.646	 -0.724	 -0.243

7 	  43.56	  -7.12	  -3.71
	  0.229	 -0.935	  0.271
	  0.966	  0.252	  0.053
	 -0.118	  0.251	  0.961

8 	  41.19	 -10.48	   6.56
	  0.200	 -0.228	  0.953
	  0.776	 -0.557	 -0.295
	  0.599	  0.798	  0.066

9 	  49.04	  -5.99	  13.03
	  0.721	  0.610	  0.327
	  0.364	  0.070	 -0.928
	 -0.591	  0.788	 -0.171

2 	  36.26	  -0.21	   3.01
	 -0.206	 -0.948	 -0.240
	 -0.206	  0.282	 -0.937
	  0.956	 -0.143	 -0.254

3 	  46.93	  -0.07	   3.50
	  0.044	  0.072	  0.996
	 -0.386	  0.921	 -0.051
	 -0.922	 -0.382	  0.068

4 	  42.63	   7.21	  -3.43
	  0.464	  0.843	  0.271
	 -0.877	  0.393	  0.276
	  0.127	 -0.366	  0.922

5 	  40.97	  10.18	   6.86
	  0.234	  0.217	  0.948
	 -0.609	 -0.728	  0.315
	  0.759	 -0.649	 -0.037

6 	  48.60	   5.50	  13.15
	  0.634	 -0.685	  0.359
	 -0.432	  0.074	  0.899
	 -0.644	 -0.724	 -0.248

7 	  43.42	  -7.12	  -3.69
	  0.233	 -0.934	  0.270
	  0.966	  0.254	  0.047
	 -0.113	  0.250	  0.961

8 	  41.15	 -10.49	   6.57
	  0.208	 -0.225	  0.952
	  0.775	 -0.556	 -0.299
	  0.598	  0.799	  0.060

9 	  49.04	  -6.01	  13.03
	  0.722	  0.611	  0.324
	  0.362	  0.067	 -0.929
	 -0.592	  0.788	 -0.172

2 	  36.23	  -0.16	   2.20
	 -0.164	 -0.966	 -0.198
	  0.268	  0.150	 -0.952
	  0.949	 -0.209	  0.234

3 	  46.86	  -0.14	   3.45
	  0.048	  0.075	  0.996
	 -0.385	  0.922	 -0.052
	 -0.922	 -0.380	  0.073

4 	  42.57	   7.17	  -3.46
	  0.467	  0.843	  0.267
	 -0.875	  0.394	  0.281
	  0.131	 -0.365	  0.921

5 	  40.94	  10.14	   6.82
	  0.238	  0.217	  0.947
	 -0.608	 -0.727	  0.318
	  0.759	 -0.650	 -0.039

6 	  48.59	   5.54	  13.15
	  0.638	 -0.681	  0.359
	 -0.438	  0.067	  0.896
	 -0.636	 -0.729	 -0.254

7 	  43.35	  -7.19	  -3.69
	  0.233	 -0.934	  0.272
	  0.966	  0.253	  0.043
	 -0.109	  0.253	  0.961

8 	  41.08	 -10.51	   6.59
	  0.210	 -0.223	  0.952
	  0.774	 -0.558	 -0.300
	  0.599	  0.799	  0.056

9 	  49.04	  -6.01	  13.03
	  0.725	  0.613	  0.313
	  0.358	  0.054	 -0.932
	 -0.590	  0.787	 -0.179

2 	  41.52	   0.69	  -4.17
	  0.246	 -0.956	  0.157
	  0.709	  0.288	  0.644
	 -0.661	 -0.047	  0.749

3 	  43.14	  -0.44	   1.42
	  0.448	  0.081	  0.890
	 -0.330	  0.941	  0.078
	 -0.832	 -0.328	  0.448

4 	  36.60	   6.79	  -3.18
	  0.536	  0.844	  0.028
	 -0.687	  0.416	  0.596
	  0.492	 -0.339	  0.802

5 	  39.13	   9.79	   6.89
	  0.574	  0.111	  0.811
	 -0.578	 -0.648	  0.496
	  0.582	 -0.752	 -0.307

6 	  48.20	   5.64	  12.48
	  0.718	 -0.592	  0.365
	 -0.295	  0.216	  0.931
	 -0.630	 -0.776	 -0.020

7 	  37.23	  -7.68	  -3.32
	  0.301	 -0.932	  0.200
	  0.908	  0.216	 -0.360
	  0.292	  0.289	  0.911

8 	  39.16	 -10.34	   7.42
	  0.551	 -0.136	  0.823
	  0.650	 -0.549	 -0.525
	  0.524	  0.824	 -0.215

9 	  48.76	  -6.01	  12.67
	  0.737	  0.641	  0.210
	  0.175	  0.118	 -0.977
	 -0.652	  0.757	 -0.026

2 	  41.75	   0.30	  -3.96
	 -0.018	 -0.953	  0.304
	  0.633	  0.224	  0.741
	 -0.775	  0.205	  0.598

3 	  43.21	  -0.46	   1.46
	  0.441	  0.084	  0.893
	 -0.328	  0.942	  0.071
	 -0.836	 -0.324	  0.442

4 	  36.67	   6.75	  -3.22
	  0.536	  0.843	  0.030
	 -0.691	  0.417	  0.590
	  0.486	 -0.337	  0.806

5 	  39.16	   9.81	   6.86
	  0.568	  0.115	  0.814
	 -0.578	 -0.648	  0.495
	  0.587	 -0.752	 -0.302

6 	  48.20	   5.64	  12.50
	  0.717	 -0.594	  0.364
	 -0.298	  0.212	  0.931
	 -0.630	 -0.776	 -0.025

7 	  37.28	  -7.72	  -3.30
	  0.297	 -0.932	  0.205
	  0.911	  0.212	 -0.354
	  0.287	  0.292	  0.912

8 	  39.18	 -10.34	   7.45
	  0.549	 -0.136	  0.825
	  0.650	 -0.551	 -0.523
	  0.526	  0.823	 -0.214

9 	  48.74	  -6.03	  12.69
	  0.739	  0.641	  0.206
	  0.176	  0.111	 -0.978
	 -0.650	  0.759	 -0.031

2 	  41.26	   0.54	  -4.31
	  0.163	 -0.968	  0.190
	  0.854	  0.235	  0.464
	 -0.495	  0.088	  0.864

3 	  43.19	  -0.46	   1.48
	  0.442	  0.079	  0.893
	 -0.327	  0.942	  0.076
	 -0.836	 -0.325	  0.442

4 	  36.62	   6.77	  -3.16
	  0.533	  0.845	  0.033
	 -0.691	  0.412	  0.594
	  0.489	 -0.339	  0.803

5 	  39.11	   9.79	   6.91
	  0.569	  0.114	  0.814
	 -0.577	 -0.650	  0.494
	  0.587	 -0.750	 -0.304

6 	  48.18	   5.64	  12.50
	  0.720	 -0.595	  0.358
	 -0.294	  0.206	  0.933
	 -0.629	 -0.777	 -0.026

7 	  37.28	  -7.66	  -3.34
	  0.299	 -0.933	  0.202
	  0.910	  0.215	 -0.354
	  0.286	  0.289	  0.913

8 	  39.16	 -10.34	   7.44
	  0.547	 -0.139	  0.825
	  0.652	 -0.547	 -0.524
	  0.525	  0.825	 -0.208

9 	  48.74	  -6.03	  12.69
	  0.739	  0.641	  0.205
	  0.172	  0.113	 -0.979
	 -0.651	  0.758	 -0.028

2 	  41.17	   1.09	  -4.34
	  0.334	 -0.937	 -0.101
	  0.862	  0.259	  0.435
	 -0.383	 -0.231	  0.894

3 	  43.19	  -0.40	   1.51
	  0.440	  0.078	  0.894
	 -0.331	  0.940	  0.079
	 -0.836	 -0.330	  0.438

4 	  36.60	   6.84	  -3.11
	  0.529	  0.848	  0.042
	 -0.695	  0.404	  0.594
	  0.488	 -0.343	  0.802

5 	  39.08	   9.81	   7.00
	  0.570	  0.113	  0.814
	 -0.575	 -0.654	  0.492
	  0.589	 -0.747	 -0.307

6 	  48.16	   5.62	  12.50
	  0.720	 -0.599	  0.349
	 -0.277	  0.213	  0.937
	 -0.636	 -0.771	 -0.013

7 	  37.30	  -7.61	  -3.34
	  0.302	 -0.932	  0.201
	  0.911	  0.219	 -0.350
	  0.282	  0.289	  0.915

8 	  39.23	 -10.32	   7.40
	  0.550	 -0.138	  0.823
	  0.659	 -0.534	 -0.529
	  0.514	  0.833	 -0.203

9 	  48.76	  -5.96	  12.66
	  0.738	  0.637	  0.223
	  0.170	  0.143	 -0.975
	 -0.653	  0.757	 -0.004

2 	  41.80	   0.90	  -3.81
	  0.125	 -0.992	  0.007
	  0.567	  0.076	  0.820
	 -0.815	 -0.098	  0.571

3 	  43.19	  -0.40	   1.55
	  0.438	  0.078	  0.895
	 -0.331	  0.940	  0.078
	 -0.837	 -0.330	  0.437

4 	  36.63	   6.82	  -3.09
	  0.530	  0.847	  0.044
	 -0.696	  0.404	  0.593
	  0.485	 -0.345	  0.803

5 	  39.09	   9.81	   7.00
	  0.570	  0.113	  0.814
	 -0.578	 -0.649	  0.494
	  0.585	 -0.751	 -0.305

6 	  48.16	   5.57	  12.46
	  0.715	 -0.603	  0.352
	 -0.269	  0.227	  0.936
	 -0.645	 -0.764	  0.000

7 	  37.32	  -7.65	  -3.32
	  0.300	 -0.932	  0.204
	  0.912	  0.218	 -0.348
	  0.280	  0.290	  0.915

8 	  39.23	 -10.30	   7.45
	  0.550	 -0.131	  0.824
	  0.661	 -0.535	 -0.526
	  0.511	  0.834	 -0.207

9 	  48.76	  -6.01	  12.66
	  0.741	  0.634	  0.221
	  0.177	  0.132	 -0.975
	 -0.647	  0.762	 -0.016

2 	  40.29	   5.03	  -3.20
	  0.580	 -0.807	  0.111
	  0.643	  0.537	  0.546
	 -0.502	 -0.245	  0.830

3 	  43.52	  -0.18	   1.85
	  0.392	  0.072	  0.917
	 -0.373	  0.924	  0.085
	 -0.843	 -0.374	  0.387

4 	  37.12	   6.82	  -3.34
	  0.565	  0.821	  0.086
	 -0.743	  0.460	  0.485
	  0.359	 -0.338	  0.870

5 	  39.36	  10.00	   6.89
	  0.584	  0.137	  0.800
	 -0.590	 -0.605	  0.534
	  0.558	 -0.784	 -0.272

6 	  48.30	   5.75	  12.46
	  0.706	 -0.597	  0.380
	 -0.313	  0.219	  0.924
	 -0.636	 -0.771	 -0.031

7 	  38.06	  -7.45	  -3.50
	  0.311	 -0.929	  0.199
	  0.923	  0.246	 -0.296
	  0.226	  0.276	  0.934

8 	  39.48	 -10.32	   7.29
	  0.516	 -0.148	  0.844
	  0.684	 -0.522	 -0.509
	  0.516	  0.839	 -0.168

9 	  48.83	  -6.06	  12.66
	  0.751	  0.614	  0.241
	  0.195	  0.142	 -0.970
	 -0.631	  0.775	 -0.015

2 	  40.73	   4.71	  -3.01
	  0.376	 -0.849	  0.371
	  0.544	  0.526	  0.653
	 -0.750	 -0.044	  0.659

3 	  43.54	  -0.21	   1.85
	  0.391	  0.074	  0.917
	 -0.370	  0.926	  0.080
	 -0.844	 -0.370	  0.387

4 	  37.18	   6.77	  -3.38
	  0.565	  0.821	  0.082
	 -0.744	  0.463	  0.481
	  0.358	 -0.333	  0.872

5 	  39.38	  10.02	   6.84
	  0.582	  0.141	  0.801
	 -0.593	 -0.601	  0.535
	  0.558	 -0.786	 -0.266

6 	  48.30	   5.75	  12.46
	  0.705	 -0.598	  0.381
	 -0.315	  0.219	  0.923
	 -0.637	 -0.770	 -0.034

7 	  38.06	  -7.47	  -3.48
	  0.309	 -0.929	  0.203
	  0.924	  0.242	 -0.295
	  0.225	  0.278	  0.933

8 	  39.46	 -10.32	   7.33
	  0.514	 -0.147	  0.845
	  0.683	 -0.525	 -0.507
	  0.519	  0.838	 -0.169

9 	  48.83	  -6.05	  12.64
	  0.751	  0.615	  0.239
	  0.193	  0.142	 -0.971
	 -0.632	  0.775	 -0.013

2 	  40.24	   4.52	  -3.30
	  0.563	 -0.766	  0.311
	  0.696	  0.641	  0.322
	 -0.448	  0.036	  0.893

3 	  43.56	  -0.23	   1.85
	  0.387	  0.077	  0.918
	 -0.370	  0.926	  0.076
	 -0.846	 -0.368	  0.386

4 	  37.21	   6.73	  -3.41
	  0.566	  0.821	  0.074
	 -0.742	  0.467	  0.480
	  0.360	 -0.327	  0.873

5 	  39.39	  10.02	   6.77
	  0.580	  0.143	  0.802
	 -0.595	 -0.599	  0.536
	  0.558	 -0.787	 -0.262

6 	  48.30	   5.75	  12.46
	  0.703	 -0.598	  0.384
	 -0.318	  0.220	  0.922
	 -0.637	 -0.770	 -0.035

7 	  38.06	  -7.52	  -3.46
	  0.308	 -0.929	  0.204
	  0.924	  0.241	 -0.296
	  0.226	  0.280	  0.933

8 	  39.46	 -10.34	   7.35
	  0.515	 -0.145	  0.844
	  0.683	 -0.526	 -0.506
	  0.519	  0.837	 -0.172

9 	  48.83	  -6.06	  12.64
	  0.751	  0.614	  0.239
	  0.192	  0.142	 -0.971
	 -0.632	  0.775	 -0.013

2 	  40.18	   4.99	  -3.43
	  0.638	 -0.768	  0.050
	  0.682	  0.594	  0.427
	 -0.359	 -0.238	  0.902

3 	  43.58	  -0.25	   1.83
	  0.384	  0.075	  0.920
	 -0.368	  0.927	  0.076
	 -0.848	 -0.367	  0.382

4 	  37.25	   6.79	  -3.39
	  0.563	  0.822	  0.083
	 -0.745	  0.461	  0.482
	  0.358	 -0.333	  0.872

5 	  39.43	  10.02	   6.79
	  0.577	  0.143	  0.804
	 -0.596	 -0.600	  0.533
	  0.560	 -0.786	 -0.261

6 	  48.32	   5.77	  12.48
	  0.701	 -0.600	  0.386
	 -0.321	  0.219	  0.921
	 -0.638	 -0.769	 -0.039

7 	  38.13	  -7.47	  -3.48
	  0.308	 -0.929	  0.203
	  0.925	  0.243	 -0.292
	  0.221	  0.278	  0.935

8 	  39.48	 -10.32	   7.29
	  0.514	 -0.146	  0.845
	  0.685	 -0.524	 -0.505
	  0.518	  0.838	 -0.169

9 	  48.83	  -6.06	  12.64
	  0.752	  0.614	  0.241
	  0.194	  0.143	 -0.970
	 -0.631	  0.776	 -0.013

2 	  40.80	   4.78	  -2.85
	  0.293	 -0.900	  0.322
	  0.562	  0.434	  0.704
	 -0.774	 -0.025	  0.633

3 	  43.56	  -0.21	   1.85
	  0.384	  0.072	  0.920
	 -0.369	  0.926	  0.079
	 -0.848	 -0.369	  0.380

4 	  37.28	   6.80	  -3.39
	  0.564	  0.820	  0.093
	 -0.750	  0.462	  0.473
	  0.345	 -0.337	  0.876

5 	  39.41	  10.04	   6.84
	  0.576	  0.142	  0.805
	 -0.596	 -0.602	  0.532
	  0.561	 -0.785	 -0.262

6 	  48.30	   5.75	  12.50
	  0.701	 -0.600	  0.384
	 -0.322	  0.215	  0.922
	 -0.637	 -0.770	 -0.042

7 	  38.07	  -7.45	  -3.48
	  0.306	 -0.930	  0.204
	  0.926	  0.240	 -0.291
	  0.221	  0.278	  0.935

8 	  39.46	 -10.32	   7.31
	  0.514	 -0.147	  0.845
	  0.684	 -0.525	 -0.506
	  0.519	  0.838	 -0.169

9 	  48.81	  -6.06	  12.62
	  0.752	  0.614	  0.240
	  0.193	  0.142	 -0.971
	 -0.631	  0.776	 -0.013

2 	  39.46	   6.49	  -4.27
	  0.602	 -0.789	  0.120
	  0.719	  0.600	  0.351
	 -0.350	 -0.125	  0.928

3 	  43.58	  -0.14	   1.90
	  0.377	  0.074	  0.923
	 -0.372	  0.925	  0.075
	 -0.849	 -0.371	  0.375

4 	  37.09	   6.89	  -3.32
	  0.530	  0.847	  0.023
	 -0.737	  0.447	  0.506
	  0.419	 -0.285	  0.862

5 	  39.38	  10.07	   6.91
	  0.576	  0.143	  0.805
	 -0.595	 -0.602	  0.532
	  0.562	 -0.785	 -0.262

6 	  48.30	   5.78	  12.53
	  0.703	 -0.602	  0.377
	 -0.321	  0.205	  0.925
	 -0.635	 -0.771	 -0.048

7 	  38.13	  -7.38	  -3.50
	  0.306	 -0.930	  0.203
	  0.927	  0.242	 -0.286
	  0.217	  0.276	  0.936

8 	  39.46	 -10.28	   7.31
	  0.513	 -0.150	  0.845
	  0.685	 -0.522	 -0.508
	  0.518	  0.839	 -0.164

9 	  48.81	  -6.06	  12.62
	  0.752	  0.613	  0.242
	  0.194	  0.144	 -0.970
	 -0.631	  0.776	 -0.012

2 	  40.03	   6.29	  -4.06
	  0.467	 -0.804	  0.367
	  0.632	  0.593	  0.499
	 -0.620	 -0.000	  0.784

3 	  43.61	  -0.19	   1.90
	  0.371	  0.077	  0.925
	 -0.372	  0.926	  0.070
	 -0.852	 -0.369	  0.371

4 	  37.23	   6.87	  -3.41
	  0.538	  0.842	  0.018
	 -0.734	  0.458	  0.500
	  0.414	 -0.283	  0.865

5 	  39.46	  10.07	   6.79
	  0.571	  0.148	  0.807
	 -0.601	 -0.595	  0.533
	  0.561	 -0.789	 -0.251

6 	  48.30	   5.75	  12.52
	  0.697	 -0.604	  0.386
	 -0.326	  0.214	  0.921
	 -0.639	 -0.768	 -0.048

7 	  38.20	  -7.47	  -3.50
	  0.303	 -0.930	  0.207
	  0.929	  0.240	 -0.281
	  0.212	  0.278	  0.937

8 	  39.50	 -10.32	   7.33
	  0.510	 -0.146	  0.847
	  0.688	 -0.522	 -0.504
	  0.517	  0.840	 -0.166

9 	  48.83	  -6.05	  12.66
	  0.752	  0.611	  0.245
	  0.198	  0.145	 -0.969
	 -0.629	  0.777	 -0.013

2 	  39.39	   5.77	  -4.41
	  0.562	 -0.772	  0.295
	  0.803	  0.595	  0.029
	 -0.199	  0.220	  0.955

3 	  43.63	  -0.25	   1.93
	  0.364	  0.081	  0.927
	 -0.372	  0.926	  0.063
	 -0.855	 -0.367	  0.366

4 	  37.28	   6.79	  -3.45
	  0.540	  0.841	  0.015
	 -0.736	  0.462	  0.495
	  0.410	 -0.278	  0.868

5 	  39.50	  10.05	   6.77
	  0.569	  0.148	  0.809
	 -0.604	 -0.593	  0.533
	  0.560	 -0.791	 -0.248

6 	  48.32	   5.75	  12.55
	  0.694	 -0.603	  0.392
	 -0.333	  0.215	  0.918
	 -0.639	 -0.767	 -0.051

7 	  38.21	  -7.51	  -3.48
	  0.302	 -0.930	  0.211
	  0.930	  0.239	 -0.280
	  0.209	  0.280	  0.937

8 	  39.50	 -10.34	   7.37
	  0.509	 -0.143	  0.849
	  0.689	 -0.523	 -0.501
	  0.516	  0.839	 -0.168

9 	  48.83	  -6.06	  12.66
	  0.753	  0.611	  0.244
	  0.198	  0.142	 -0.970
	 -0.628	  0.778	 -0.015

2 	  39.38	   6.61	  -4.38
	  0.635	 -0.752	 -0.179
	  0.762	  0.570	  0.307
	 -0.130	 -0.331	  0.934

3 	  43.65	  -0.28	   1.99
	  0.362	  0.081	  0.928
	 -0.367	  0.928	  0.060
	 -0.858	 -0.362	  0.365

4 	  37.39	   6.79	  -3.48
	  0.548	  0.836	  0.021
	 -0.735	  0.470	  0.488
	  0.399	 -0.283	  0.872

5 	  39.53	  10.04	   6.80
	  0.567	  0.147	  0.810
	 -0.610	 -0.588	  0.531
	  0.556	 -0.795	 -0.243

6 	  48.32	   5.75	  12.55
	  0.693	 -0.604	  0.393
	 -0.334	  0.216	  0.917
	 -0.640	 -0.767	 -0.051

7 	  38.23	  -7.52	  -3.41
	  0.294	 -0.930	  0.219
	  0.934	  0.231	 -0.273
	  0.203	  0.285	  0.937

8 	  39.48	 -10.34	   7.42
	  0.507	 -0.144	  0.850
	  0.689	 -0.525	 -0.499
	  0.519	  0.838	 -0.167

9 	  48.81	  -6.08	  12.66
	  0.755	  0.610	  0.239
	  0.194	  0.139	 -0.971
	 -0.627	  0.779	 -0.014

2 	  40.01	   6.63	  -4.13
	  0.470	 -0.882	 -0.030
	  0.725	  0.365	  0.583
	 -0.505	 -0.295	  0.811

3 	  43.66	  -0.25	   2.02
	  0.359	  0.081	  0.929
	 -0.368	  0.928	  0.060
	 -0.858	 -0.363	  0.363

4 	  37.46	   6.84	  -3.41
	  0.557	  0.830	  0.027
	 -0.735	  0.478	  0.480
	  0.386	 -0.288	  0.876

5 	  39.53	  10.05	   6.82
	  0.566	  0.148	  0.811
	 -0.608	 -0.590	  0.530
	  0.559	 -0.793	 -0.243

6 	  48.34	   5.73	  12.55
	  0.694	 -0.605	  0.390
	 -0.332	  0.213	  0.919
	 -0.640	 -0.767	 -0.053

7 	  38.29	  -7.47	  -3.43
	  0.293	 -0.930	  0.219
	  0.935	  0.232	 -0.268
	  0.198	  0.284	  0.938

8 	  39.48	 -10.34	   7.42
	  0.504	 -0.149	  0.851
	  0.690	 -0.524	 -0.499
	  0.521	  0.838	 -0.161

9 	  48.81	  -6.08	  12.60
	  0.758	  0.607	  0.237
	  0.189	  0.142	 -0.972
	 -0.624	  0.782	 -0.007

2 	  36.14	   7.70	  -3.08
	 -0.334	 -0.542	 -0.771
	  0.495	  0.596	 -0.632
	  0.803	 -0.592	  0.069

3 	  43.88	  -0.53	   2.20
	  0.329	  0.108	  0.938
	 -0.359	  0.933	  0.017
	 -0.874	 -0.342	  0.345

4 	  37.86	   6.45	  -3.76
	  0.555	  0.831	  0.011
	 -0.744	  0.490	  0.453
	  0.373	 -0.260	  0.891

5 	  39.81	   9.90	   6.54
	  0.547	  0.155	  0.823
	 -0.636	 -0.564	  0.527
	  0.547	 -0.810	 -0.210

6 	  48.41	   5.68	  12.62
	  0.680	 -0.598	  0.423
	 -0.382	  0.206	  0.901
	 -0.627	 -0.774	 -0.088

7 	  38.53	  -7.79	  -3.22
	  0.275	 -0.926	  0.258
	  0.945	  0.210	 -0.251
	  0.178	  0.312	  0.933

8 	  39.39	 -10.41	   7.75
	  0.487	 -0.145	  0.861
	  0.682	 -0.553	 -0.478
	  0.547	  0.820	 -0.170

9 	  48.81	  -6.17	  12.67
	  0.775	  0.595	  0.209
	  0.191	  0.094	 -0.977
	 -0.603	  0.797	 -0.042

2 	  36.04	   7.45	  -3.62
	 -0.016	 -0.810	 -0.586
	  0.666	  0.429	 -0.610
	  0.746	 -0.400	  0.533

3 	  43.79	  -0.25	   2.18
	  0.340	  0.089	  0.936
	 -0.363	  0.931	  0.042
	 -0.868	 -0.354	  0.348

4 	  37.56	   6.71	  -3.50
	  0.534	  0.845	  0.030
	 -0.754	  0.459	  0.470
	  0.384	 -0.273	  0.881

5 	  39.64	  10.02	   6.87
	  0.556	  0.135	  0.820
	 -0.624	 -0.586	  0.517
	  0.552	 -0.798	 -0.241

6 	  48.39	   5.73	  12.69
	  0.692	 -0.600	  0.401
	 -0.370	  0.183	  0.911
	 -0.621	 -0.778	 -0.094

7 	  38.50	  -7.42	  -3.38
	  0.282	 -0.929	  0.239
	  0.943	  0.222	 -0.247
	  0.176	  0.295	  0.939

8 	  39.39	 -10.23	   7.54
	  0.492	 -0.159	  0.856
	  0.685	 -0.536	 -0.493
	  0.538	  0.828	 -0.155

9 	  48.83	  -6.10	  12.74
	  0.775	  0.587	  0.231
	  0.247	  0.055	 -0.967
	 -0.582	  0.806	 -0.103

2 	  35.72	   7.03	  -3.02
	  0.109	 -0.670	 -0.734
	  0.202	  0.738	 -0.644
	  0.973	 -0.078	  0.216

3 	  43.80	  -0.23	   2.21
	  0.333	  0.086	  0.939
	 -0.366	  0.929	  0.043
	 -0.869	 -0.358	  0.341

4 	  37.65	   6.82	  -3.52
	  0.536	  0.842	  0.048
	 -0.749	  0.448	  0.487
	  0.389	 -0.297	  0.872

5 	  39.71	   9.97	   6.84
	  0.549	  0.137	  0.824
	 -0.626	 -0.586	  0.514
	  0.555	 -0.798	 -0.236

6 	  48.39	   5.82	  12.73
	  0.696	 -0.594	  0.403
	 -0.384	  0.169	  0.908
	 -0.609	 -0.786	 -0.109

7 	  38.57	  -7.44	  -3.38
	  0.279	 -0.930	  0.240
	  0.945	  0.221	 -0.241
	  0.171	  0.294	  0.940

8 	  39.39	 -10.27	   7.54
	  0.487	 -0.159	  0.859
	  0.687	 -0.538	 -0.489
	  0.541	  0.827	 -0.152

9 	  48.83	  -6.24	  12.73
	  0.780	  0.588	  0.213
	  0.221	  0.059	 -0.973
	 -0.586	  0.805	 -0.084

2 	  35.89	   7.75	  -2.65
	 -0.249	 -0.574	 -0.780
	  0.339	  0.703	 -0.625
	  0.907	 -0.420	  0.019

3 	  43.86	  -0.23	   2.21
	  0.325	  0.089	  0.941
	 -0.370	  0.928	  0.038
	 -0.871	 -0.360	  0.334

4 	  37.72	   6.84	  -3.57
	  0.543	  0.838	  0.046
	 -0.746	  0.456	  0.485
	  0.386	 -0.298	  0.873

5 	  39.76	  10.00	   6.79
	  0.549	  0.141	  0.823
	 -0.629	 -0.580	  0.517
	  0.552	 -0.802	 -0.229

6 	  48.43	   5.96	  12.80
	  0.697	 -0.590	  0.406
	 -0.415	  0.132	  0.900
	 -0.586	 -0.796	 -0.151

7 	  38.60	  -7.47	  -3.39
	  0.280	 -0.931	  0.236
	  0.945	  0.223	 -0.240
	  0.170	  0.290	  0.942

8 	  39.39	 -10.28	   7.52
	  0.484	 -0.162	  0.860
	  0.683	 -0.545	 -0.486
	  0.548	  0.822	 -0.152

9 	  48.87	  -6.38	  12.78
	  0.787	  0.583	  0.199
	  0.240	  0.008	 -0.971
	 -0.568	  0.812	 -0.134

2 	  36.60	   8.10	  -3.34
	 -0.204	 -0.571	 -0.795
	  0.817	  0.348	 -0.459
	  0.539	 -0.743	  0.396

3 	  43.89	  -0.26	   2.20
	  0.322	  0.090	  0.942
	 -0.368	  0.929	  0.035
	 -0.873	 -0.357	  0.332

4 	  37.83	   6.77	  -3.60
	  0.546	  0.836	  0.050
	 -0.745	  0.456	  0.486
	  0.385	 -0.303	  0.872

5 	  39.81	  10.02	   6.71
	  0.548	  0.145	  0.824
	 -0.631	 -0.577	  0.519
	  0.552	 -0.803	 -0.224

6 	  48.45	   5.96	  12.81
	  0.696	 -0.589	  0.409
	 -0.422	  0.128	  0.897
	 -0.583	 -0.797	 -0.158

7 	  38.67	  -7.52	  -3.38
	  0.276	 -0.931	  0.239
	  0.946	  0.220	 -0.237
	  0.168	  0.292	  0.941

8 	  39.39	 -10.30	   7.54
	  0.482	 -0.162	  0.861
	  0.683	 -0.546	 -0.484
	  0.550	  0.821	 -0.152

9 	  48.85	  -6.38	  12.80
	  0.787	  0.584	  0.197
	  0.241	  0.003	 -0.970
	 -0.568	  0.811	 -0.138

2 	  33.63	   3.29	  -2.62
	  0.240	 -0.671	 -0.701
	  0.195	  0.741	 -0.643
	  0.951	  0.017	  0.308

3 	  43.84	  -0.28	   2.11
	  0.333	  0.087	  0.938
	 -0.360	  0.932	  0.040
	 -0.872	 -0.351	  0.342

4 	  37.85	   7.03	  -3.60
	  0.546	  0.834	  0.078
	 -0.755	  0.448	  0.478
	  0.365	 -0.320	  0.874

5 	  39.57	   9.91	   6.80
	  0.532	  0.131	  0.836
	 -0.626	 -0.605	  0.492
	  0.572	 -0.785	 -0.239

6 	  48.34	   5.89	  12.76
	  0.714	 -0.587	  0.381
	 -0.388	  0.123	  0.913
	 -0.585	 -0.799	 -0.139

7 	  38.50	  -7.49	  -3.43
	  0.278	 -0.934	  0.225
	  0.942	  0.220	 -0.251
	  0.184	  0.282	  0.941

8 	  39.43	 -10.32	   7.45
	  0.485	 -0.160	  0.859
	  0.689	 -0.537	 -0.487
	  0.541	  0.828	 -0.150

9 	  48.87	  -6.36	  12.85
	  0.785	  0.581	  0.215
	  0.267	 -0.003	 -0.964
	 -0.560	  0.813	 -0.157

2 	  33.94	   2.69	  -2.92
	  0.583	 -0.671	 -0.457
	  0.197	  0.663	 -0.722
	  0.788	  0.331	  0.519

3 	  43.82	  -0.26	   2.11
	  0.332	  0.087	  0.939
	 -0.361	  0.932	  0.040
	 -0.872	 -0.352	  0.340

4 	  37.83	   7.05	  -3.60
	  0.547	  0.833	  0.076
	 -0.753	  0.451	  0.479
	  0.365	 -0.320	  0.874

5 	  39.57	   9.95	   6.80
	  0.533	  0.131	  0.836
	 -0.628	 -0.602	  0.492
	  0.569	 -0.786	 -0.239

6 	  48.34	   5.91	  12.74
	  0.714	 -0.587	  0.381
	 -0.388	  0.123	  0.913
	 -0.585	 -0.799	 -0.139

7 	  38.50	  -7.47	  -3.45
	  0.279	 -0.934	  0.224
	  0.942	  0.221	 -0.252
	  0.185	  0.281	  0.941

8 	  39.45	 -10.32	   7.44
	  0.486	 -0.161	  0.859
	  0.687	 -0.538	 -0.489
	  0.542	  0.827	 -0.150

9 	  48.87	  -6.36	  12.83
	  0.785	  0.580	  0.214
	  0.266	 -0.004	 -0.964
	 -0.560	  0.814	 -0.157

2 	  33.57	   2.72	  -2.13
	  0.254	 -0.675	 -0.693
	 -0.099	  0.695	 -0.712
	  0.962	  0.249	  0.109

3 	  43.82	  -0.26	   2.11
	  0.332	  0.087	  0.939
	 -0.361	  0.931	  0.040
	 -0.872	 -0.352	  0.341

4 	  37.83	   7.05	  -3.60
	  0.548	  0.833	  0.074
	 -0.752	  0.451	  0.480
	  0.367	 -0.319	  0.874

5 	  39.59	   9.95	   6.79
	  0.533	  0.130	  0.836
	 -0.630	 -0.600	  0.493
	  0.567	 -0.789	 -0.237

6 	  48.36	   5.89	  12.76
	  0.714	 -0.588	  0.380
	 -0.388	  0.121	  0.913
	 -0.585	 -0.799	 -0.141

7 	  38.46	  -7.47	  -3.43
	  0.278	 -0.934	  0.225
	  0.942	  0.219	 -0.254
	  0.187	  0.282	  0.941

8 	  39.43	 -10.32	   7.45
	  0.487	 -0.164	  0.858
	  0.684	 -0.539	 -0.491
	  0.544	  0.825	 -0.150

9 	  48.87	  -6.40	  12.85
	  0.786	  0.580	  0.211
	  0.268	 -0.012	 -0.963
	 -0.558	  0.814	 -0.164

2 	  33.47	   3.67	  -1.99
	 -0.127	 -0.550	 -0.825
	  0.177	  0.806	 -0.564
	  0.976	 -0.217	 -0.004

3 	  43.80	  -0.26	   2.11
	  0.334	  0.088	  0.938
	 -0.359	  0.932	  0.039
	 -0.872	 -0.350	  0.342

4 	  37.79	   7.05	  -3.59
	  0.551	  0.830	  0.077
	 -0.750	  0.452	  0.483
	  0.366	 -0.324	  0.872

5 	  39.57	   9.95	   6.79
	  0.534	  0.131	  0.835
	 -0.630	 -0.599	  0.495
	  0.566	 -0.790	 -0.237

6 	  48.36	   5.91	  12.76
	  0.715	 -0.588	  0.378
	 -0.389	  0.116	  0.913
	 -0.583	 -0.799	 -0.145

7 	  38.44	  -7.45	  -3.41
	  0.276	 -0.934	  0.227
	  0.943	  0.216	 -0.254
	  0.188	  0.284	  0.940

8 	  39.39	 -10.32	   7.49
	  0.490	 -0.164	  0.856
	  0.681	 -0.542	 -0.493
	  0.545	  0.824	 -0.153

9 	  48.87	  -6.40	  12.83
	  0.787	  0.583	  0.202
	  0.260	 -0.015	 -0.966
	 -0.561	  0.812	 -0.163

2 	  33.86	   3.46	  -3.01
	  0.278	 -0.726	 -0.629
	  0.536	  0.660	 -0.526
	  0.797	 -0.191	  0.572

3 	  43.79	  -0.26	   2.11
	  0.335	  0.088	  0.938
	 -0.358	  0.933	  0.038
	 -0.872	 -0.349	  0.344

4 	  37.79	   7.05	  -3.59
	  0.550	  0.831	  0.078
	 -0.750	  0.451	  0.483
	  0.367	 -0.324	  0.872

5 	  39.55	   9.97	   6.80
	  0.533	  0.132	  0.836
	 -0.631	 -0.597	  0.495
	  0.566	 -0.790	 -0.235

6 	  48.36	   5.92	  12.76
	  0.716	 -0.587	  0.376
	 -0.390	  0.112	  0.914
	 -0.580	 -0.801	 -0.148

7 	  38.41	  -7.45	  -3.39
	  0.274	 -0.934	  0.229
	  0.943	  0.214	 -0.254
	  0.188	  0.286	  0.939

8 	  39.38	 -10.30	   7.49
	  0.491	 -0.164	  0.855
	  0.679	 -0.543	 -0.493
	  0.546	  0.823	 -0.155

9 	  48.85	  -6.42	  12.85
	  0.787	  0.583	  0.199
	  0.258	 -0.018	 -0.966
	 -0.560	  0.812	 -0.164

2 	  33.31	   4.17	   3.60
	 -0.263	 -0.964	 -0.021
	 -0.416	  0.133	 -0.899
	  0.870	 -0.228	 -0.436

3 	  43.80	  -0.30	   2.13
	  0.338	  0.087	  0.937
	 -0.367	  0.929	  0.044
	 -0.867	 -0.358	  0.346

4 	  37.86	   7.03	  -3.57
	  0.554	  0.826	  0.099
	 -0.754	  0.447	  0.480
	  0.353	 -0.342	  0.871

5 	  39.52	   9.93	   6.84
	  0.530	  0.135	  0.837
	 -0.626	 -0.604	  0.493
	  0.574	 -0.784	 -0.235

6 	  48.32	   5.85	  12.76
	  0.717	 -0.588	  0.374
	 -0.379	  0.123	  0.917
	 -0.587	 -0.798	 -0.134

7 	  38.43	  -7.47	  -3.41
	  0.275	 -0.934	  0.228
	  0.943	  0.215	 -0.254
	  0.188	  0.284	  0.940

8 	  39.46	 -10.34	   7.47
	  0.490	 -0.162	  0.856
	  0.688	 -0.532	 -0.494
	  0.536	  0.830	 -0.149

9 	  48.85	  -6.35	  12.90
	  0.785	  0.586	  0.200
	  0.273	 -0.037	 -0.961
	 -0.557	  0.809	 -0.188

2 	  33.26	   3.50	   3.11
	  0.083	 -0.995	 -0.055
	 -0.162	  0.041	 -0.986
	  0.983	  0.090	 -0.158

3 	  43.82	  -0.28	   2.13
	  0.331	  0.087	  0.939
	 -0.373	  0.926	  0.044
	 -0.867	 -0.365	  0.339

4 	  37.93	   7.03	  -3.57
	  0.558	  0.824	  0.100
	 -0.753	  0.452	  0.478
	  0.349	 -0.342	  0.872

5 	  39.50	   9.91	   6.86
	  0.525	  0.132	  0.840
	 -0.622	 -0.616	  0.484
	  0.583	 -0.776	 -0.241

6 	  48.30	   5.87	  12.74
	  0.717	 -0.588	  0.373
	 -0.376	  0.126	  0.918
	 -0.588	 -0.799	 -0.129

7 	  38.48	  -7.47	  -3.45
	  0.276	 -0.935	  0.223
	  0.943	  0.218	 -0.251
	  0.186	  0.279	  0.942

8 	  39.46	 -10.35	   7.42
	  0.489	 -0.160	  0.857
	  0.690	 -0.531	 -0.492
	  0.535	  0.831	 -0.149

9 	  48.87	  -6.35	  12.90
	  0.783	  0.586	  0.206
	  0.278	 -0.032	 -0.960
	 -0.557	  0.809	 -0.187

2 	  33.54	   3.43	   4.20
	 -0.052	 -0.998	 -0.038
	 -0.615	  0.062	 -0.786
	  0.787	 -0.017	 -0.617

3 	  43.82	  -0.30	   2.09
	  0.331	  0.086	  0.939
	 -0.372	  0.927	  0.045
	 -0.868	 -0.364	  0.338

4 	  37.93	   7.05	  -3.59
	  0.561	  0.822	  0.101
	 -0.751	  0.453	  0.480
	  0.349	 -0.345	  0.871

5 	  39.45	   9.90	   6.84
	  0.524	  0.130	  0.842
	 -0.614	 -0.629	  0.478
	  0.592	 -0.766	 -0.249

6 	  48.30	   5.82	  12.71
	  0.717	 -0.589	  0.372
	 -0.362	  0.143	  0.921
	 -0.597	 -0.795	 -0.110

7 	  38.48	  -7.49	  -3.48
	  0.281	 -0.935	  0.216
	  0.940	  0.223	 -0.256
	  0.191	  0.275	  0.942

8 	  39.53	 -10.39	   7.35
	  0.491	 -0.160	  0.856
	  0.692	 -0.526	 -0.494
	  0.530	  0.835	 -0.147

9 	  48.85	  -6.31	  12.92
	  0.781	  0.588	  0.209
	  0.278	 -0.026	 -0.960
	 -0.560	  0.808	 -0.183

2 	  33.59	   4.39	   4.15
	 -0.498	 -0.867	 -0.035
	 -0.544	  0.342	 -0.766
	  0.676	 -0.362	 -0.641

3 	  43.82	  -0.35	   2.06
	  0.337	  0.087	  0.937
	 -0.369	  0.928	  0.045
	 -0.867	 -0.361	  0.344

4 	  37.97	   7.03	  -3.57
	  0.565	  0.818	  0.111
	 -0.753	  0.455	  0.475
	  0.339	 -0.353	  0.872

5 	  39.45	   9.86	   6.87
	  0.520	  0.133	  0.844
	 -0.616	 -0.627	  0.477
	  0.594	 -0.767	 -0.244

6 	  48.30	   5.82	  12.73
