% Calibrated with leiden_pols
% Positions are in centimeters
Data =[
 2    96.616   -18.740    59.742
 2    -0.053    -0.998    -0.016
 2     0.996    -0.054     0.067
 2    -0.068    -0.012     0.997
 3   127.664    -3.215     7.069
 3     0.527    -0.515    -0.676
 3     0.317     0.857    -0.406
 3     0.788    -0.000     0.615
 4   107.351     8.945    -3.776
 4     0.569    -0.703     0.427
 4     0.769     0.638     0.026
 4    -0.291     0.314     0.904
 5   111.088    18.508    23.130
 5     0.480    -0.228     0.847
 5     0.126    -0.938    -0.324
 5     0.868     0.262    -0.422
 6   125.936    25.841    42.858
 6     0.501    -0.832    -0.239
 6     0.067     0.312    -0.948
 6     0.863     0.458     0.212
 7   112.493   -20.956    -3.672
 7     0.611     0.788     0.065
 7    -0.775     0.580     0.251
 7     0.160    -0.205     0.966
 8   113.795   -24.108    23.483
 8     0.399    -0.235     0.886
 8    -0.253    -0.957    -0.140
 8     0.881    -0.168    -0.442
 9   129.403   -33.149    42.609
 9     0.360     0.728    -0.584
 9    -0.098     0.651     0.752
 9     0.928    -0.214     0.305
 2    96.616   -18.740    59.742
 2    -0.053    -0.998    -0.016
 2     0.996    -0.054     0.067
 2    -0.068    -0.012     0.997
 3   127.668    -3.215     7.063
 3     0.527    -0.515    -0.676
 3     0.316     0.857    -0.407
 3     0.789     0.001     0.614
 4   107.406     8.998    -3.756
 4     0.569    -0.704     0.425
 4     0.770     0.638     0.025
 4    -0.289     0.313     0.905
 5   111.106    18.506    23.212
 5     0.478    -0.241     0.844
 5     0.114    -0.936    -0.332
 5     0.871     0.255    -0.420
 6   126.173    25.663    43.040
 6     0.485    -0.824    -0.293
 6     0.045     0.358    -0.932
 6     0.873     0.439     0.210
 7   112.620   -20.951    -3.686
 7     0.617     0.785     0.057
 7    -0.770     0.587     0.250
 7     0.163    -0.198     0.966
 8   114.019   -24.040    23.560
 8     0.409    -0.191     0.892
 8    -0.229    -0.968    -0.102
 8     0.883    -0.163    -0.440
 9   130.030   -32.063    42.719
 9     0.371     0.686    -0.625
 9    -0.071     0.692     0.718
 9     0.926    -0.222     0.306
 2    96.616   -18.740    59.742
 2    -0.053    -0.998    -0.016
 2     0.996    -0.054     0.067
 2    -0.068    -0.012     0.997
 3   127.672    -3.213     7.161
 3     0.525    -0.517    -0.676
 3     0.316     0.856    -0.409
 3     0.790     0.000     0.613
 4   107.359     8.999    -3.757
 4     0.570    -0.705     0.422
 4     0.770     0.638     0.026
 4    -0.288     0.310     0.906
 5   111.131    18.504    23.263
 5     0.478    -0.245     0.843
 5     0.111    -0.936    -0.334
 5     0.871     0.254    -0.421
 6   126.310    25.328    42.988
 6     0.483    -0.818    -0.312
 6     0.035     0.375    -0.926
 6     0.874     0.437     0.210
 7   112.620   -20.900    -3.687
 7     0.619     0.783     0.055
 7    -0.768     0.589     0.250
 7     0.163    -0.197     0.966
 8   114.061   -24.090    23.559
 8     0.411    -0.172     0.895
 8    -0.225    -0.971    -0.083
 8     0.883    -0.167    -0.438
 9   130.126   -31.961    42.603
 9     0.367     0.667    -0.648
 9    -0.070     0.714     0.696
 9     0.927    -0.211     0.309
 2    96.616   -18.740    59.742
 2    -0.053    -0.998    -0.016
 2     0.996    -0.054     0.067
 2    -0.068    -0.012     0.997
 3   127.621    -3.213     7.185
 3     0.524    -0.518    -0.676
 3     0.316     0.855    -0.410
 3     0.790     0.001     0.612
 4   107.360     8.949    -3.757
 4     0.569    -0.706     0.421
 4     0.770     0.637     0.027
 4    -0.288     0.309     0.906
 5   111.131    18.504    23.263
 5     0.478    -0.245     0.843
 5     0.111    -0.936    -0.335
 5     0.871     0.254    -0.421
 6   126.417    25.251    43.034
 6     0.482    -0.815    -0.320
 6     0.031     0.381    -0.924
 6     0.875     0.435     0.209
 7   112.570   -20.950    -3.687
 7     0.619     0.783     0.056
 7    -0.768     0.589     0.250
 7     0.163    -0.198     0.966
 8   114.017   -24.140    23.502
 8     0.408    -0.175     0.896
 8    -0.225    -0.970    -0.087
 8     0.884    -0.166    -0.436
 9   130.088   -31.932    42.687
 9     0.364     0.668    -0.650
 9    -0.069     0.714     0.696
 9     0.929    -0.208     0.306
 2    96.616   -18.740    59.742
 2    -0.053    -0.998    -0.016
 2     0.996    -0.054     0.067
 2    -0.068    -0.012     0.997
 3   127.625    -3.161     7.180
 3     0.524    -0.519    -0.676
 3     0.317     0.855    -0.411
 3     0.791     0.001     0.612
 4   107.361     8.948    -3.756
 4     0.569    -0.706     0.420
 4     0.769     0.638     0.028
 4    -0.288     0.307     0.907
 5   111.132    18.451    23.288
 5     0.479    -0.249     0.842
 5     0.108    -0.935    -0.338
 5     0.871     0.253    -0.421
 6   126.475    25.123    42.979
 6     0.480    -0.813    -0.329
 6     0.027     0.388    -0.921
 6     0.876     0.433     0.208
 7   112.620   -20.950    -3.687
 7     0.619     0.783     0.055
 7    -0.768     0.589     0.250
 7     0.163    -0.198     0.966
 8   114.022   -24.140    23.546
 8     0.406    -0.175     0.897
 8    -0.225    -0.970    -0.088
 8     0.885    -0.166    -0.434
 9   130.021   -31.930    42.730
 9     0.361     0.669    -0.650
 9    -0.069     0.714     0.697
 9     0.930    -0.208     0.304
 2    96.616   -18.740    59.742
 2    -0.053    -0.998    -0.016
 2     0.996    -0.054     0.067
 2    -0.068    -0.012     0.997
 3   127.604    -3.210     7.176
 3     0.522    -0.519    -0.677
 3     0.316     0.855    -0.411
 3     0.792     0.000     0.610
 4   107.409     8.922    -3.753
 4     0.569    -0.707     0.420
 4     0.769     0.638     0.030
 4    -0.289     0.306     0.907
 5   111.132    18.451    23.263
 5     0.479    -0.250     0.841
 5     0.108    -0.935    -0.339
 5     0.871     0.253    -0.421
 6   126.481    25.123    43.025
 6     0.479    -0.813    -0.332
 6     0.025     0.391    -0.920
 6     0.877     0.432     0.208
 7   112.620   -20.950    -3.687
 7     0.619     0.783     0.055
 7    -0.768     0.589     0.250
 7     0.163    -0.197     0.966
 8   113.997   -24.089    23.495
 8     0.406    -0.175     0.897
 8    -0.225    -0.971    -0.087
 8     0.885    -0.166    -0.434
 9   130.021   -31.879    42.730
 9     0.362     0.668    -0.650
 9    -0.068     0.714     0.697
 9     0.930    -0.208     0.303
 2    96.565   -18.740    59.793
 2    -0.054    -0.998    -0.016
 2     0.996    -0.055     0.067
 2    -0.068    -0.012     0.997
 3   127.562    -3.207     7.217
 3     0.518    -0.519    -0.680
 3     0.316     0.854    -0.412
 3     0.794    -0.002     0.607
 4   107.410     8.947    -3.701
 4     0.570    -0.707     0.418
 4     0.769     0.638     0.030
 4    -0.289     0.305     0.907
 5   111.132    18.451    23.289
 5     0.478    -0.250     0.841
 5     0.108    -0.934    -0.339
 5     0.871     0.253    -0.420
 6   126.436    25.074    43.069
 6     0.477    -0.813    -0.334
 6     0.025     0.392    -0.919
 6     0.878     0.430     0.207
 7   112.622   -20.949    -3.690
 7     0.619     0.783     0.054
 7    -0.768     0.589     0.250
 7     0.164    -0.197     0.967
 8   114.001   -24.139    23.538
 8     0.406    -0.174     0.897
 8    -0.224    -0.971    -0.087
 8     0.886    -0.166    -0.433
 9   130.021   -31.828    42.755
 9     0.361     0.669    -0.650
 9    -0.068     0.714     0.697
 9     0.930    -0.208     0.303
 2    96.616   -18.740    59.742
 2    -0.053    -0.998    -0.016
 2     0.996    -0.054     0.067
 2    -0.068    -0.012     0.997
 3   127.620    -3.229     7.259
 3     0.516    -0.519    -0.682
 3     0.316     0.855    -0.411
 3     0.796    -0.003     0.605
 4   107.410     8.922    -3.752
 4     0.570    -0.707     0.418
 4     0.769     0.638     0.031
 4    -0.289     0.304     0.907
 5   111.132    18.450    23.263
 5     0.479    -0.251     0.841
 5     0.107    -0.934    -0.340
 5     0.871     0.253    -0.421
 6   126.437    25.074    43.018
 6     0.477    -0.813    -0.334
 6     0.025     0.392    -0.919
 6     0.878     0.430     0.207
 7   112.621   -21.001    -3.640
 7     0.618     0.784     0.053
 7    -0.769     0.589     0.250
 7     0.164    -0.195     0.967
 8   114.001   -24.088    23.539
 8     0.405    -0.174     0.897
 8    -0.224    -0.971    -0.087
 8     0.886    -0.166    -0.433
 9   129.971   -31.955    42.755
 9     0.361     0.671    -0.648
 9    -0.068     0.712     0.699
 9     0.930    -0.208     0.302
 2    96.616   -18.740    59.742
 2    -0.053    -0.998    -0.016
 2     0.996    -0.054     0.067
 2    -0.068    -0.012     0.997
 3   127.579    -3.201     7.326
 3     0.512    -0.519    -0.685
 3     0.316     0.855    -0.411
 3     0.798    -0.006     0.602
 4   107.361     8.921    -3.751
 4     0.571    -0.707     0.418
 4     0.768     0.639     0.031
 4    -0.289     0.303     0.908
 5   111.182    18.501    23.290
 5     0.479    -0.252     0.841
 5     0.108    -0.934    -0.341
 5     0.871     0.254    -0.420
 6   126.436    25.074    43.069
 6     0.477    -0.813    -0.333
 6     0.025     0.391    -0.920
 6     0.878     0.430     0.207
 7   112.623   -21.000    -3.643
 7     0.618     0.784     0.052
 7    -0.769     0.589     0.249
 7     0.165    -0.194     0.967
 8   114.001   -24.139    23.539
 8     0.405    -0.174     0.897
 8    -0.224    -0.971    -0.087
 8     0.886    -0.166    -0.432
 9   129.923   -31.929    42.757
 9     0.360     0.675    -0.644
 9    -0.068     0.707     0.703
 9     0.930    -0.210     0.301
 2    96.616   -18.740    59.742
 2    -0.053    -0.998    -0.016
 2     0.996    -0.054     0.067
 2    -0.068    -0.012     0.997
 3   127.642    -3.222     7.312
 3     0.509    -0.518    -0.688
 3     0.315     0.855    -0.411
 3     0.801    -0.008     0.598
 4   107.462     8.921    -3.700
 4     0.573    -0.705     0.418
 4     0.767     0.641     0.029
 4    -0.289     0.303     0.908
 5   111.095    18.415    23.258
 5     0.489    -0.246     0.837
 5     0.116    -0.933    -0.341
 5     0.864     0.264    -0.428
 6   126.384    25.204    42.965
 6     0.476    -0.817    -0.325
 6     0.030     0.385    -0.922
 6     0.878     0.430     0.207
 7   112.623   -20.950    -3.643
 7     0.618     0.785     0.051
 7    -0.769     0.589     0.248
 7     0.165    -0.193     0.967
 8   113.983   -24.048    23.571
 8     0.407    -0.186     0.894
 8    -0.235    -0.967    -0.094
 8     0.882    -0.172    -0.438
 9   129.748   -32.552    42.655
 9     0.362     0.707    -0.608
 9    -0.082     0.673     0.734
 9     0.928    -0.216     0.301
 2    96.615   -18.740    59.742
 2    -0.054    -0.998    -0.016
 2     0.996    -0.055     0.067
 2    -0.068    -0.012     0.997
 3   127.674    -3.143     7.303
 3     0.505    -0.520    -0.689
 3     0.315     0.854    -0.414
 3     0.803    -0.009     0.595
 4   107.479     8.944    -3.743
 4     0.571    -0.705     0.420
 4     0.767     0.640     0.032
 4    -0.292     0.304     0.906
 5   111.077    18.656    23.112
 5     0.505    -0.226     0.832
 5     0.140    -0.931    -0.338
 5     0.851     0.287    -0.439
 6   126.325    25.692    42.715
 6     0.479    -0.822    -0.307
 6     0.041     0.371    -0.928
 6     0.877     0.431     0.211
 7   112.688   -20.875    -3.683
 7     0.621     0.781     0.053
 7    -0.766     0.593     0.247
 7     0.161    -0.194     0.967
 8   114.153   -24.188    23.552
 8     0.421    -0.225     0.878
 8    -0.276    -0.954    -0.113
 8     0.864    -0.195    -0.464
 9   129.598   -34.242    42.006
 9     0.368     0.754    -0.544
 9    -0.123     0.619     0.776
 9     0.922    -0.218     0.321
 2    96.566   -18.791    59.742
 2    -0.053    -0.998    -0.016
 2     0.996    -0.054     0.067
 2    -0.068    -0.012     0.997
 3   127.725    -3.012     7.119
 3     0.501    -0.528    -0.686
 3     0.319     0.849    -0.420
 3     0.804    -0.009     0.594
 4   107.161     8.744    -4.018
 4     0.554    -0.711     0.433
 4     0.768     0.637     0.062
 4    -0.320     0.297     0.899
 5   111.224    19.749    22.295
 5     0.527    -0.196     0.827
 5     0.203    -0.916    -0.346
 5     0.825     0.350    -0.443
 6   126.657    28.330    41.018
 6     0.507    -0.826    -0.245
 6     0.100     0.339    -0.935
 6     0.856     0.450     0.255
 7   112.815   -20.651    -3.782
 7     0.629     0.775     0.059
 7    -0.762     0.600     0.241
 7     0.151    -0.197     0.969
 8   114.671   -24.981    23.498
 8     0.439    -0.310     0.843
 8    -0.368    -0.918    -0.146
 8     0.819    -0.247    -0.517
 9   129.840   -37.821    40.055
 9     0.394     0.802    -0.448
 9    -0.216     0.554     0.803
 9     0.893    -0.220     0.392
 2    96.616   -18.740    59.742
 2    -0.053    -0.998    -0.016
 2     0.996    -0.054     0.067
 2    -0.068    -0.012     0.997
 3   127.768    -2.498     6.888
 3     0.492    -0.547    -0.677
 3     0.332     0.837    -0.435
 3     0.804    -0.011     0.594
 4   106.665     8.406    -4.384
 4     0.528    -0.724     0.444
 4     0.769     0.629     0.111
 4    -0.360     0.283     0.889
 5   111.158    21.586    21.072
 5     0.549    -0.153     0.822
 5     0.292    -0.886    -0.360
 5     0.783     0.438    -0.442
 6   126.961    32.231    37.969
 6     0.563    -0.818    -0.118
 6     0.198     0.272    -0.942
 6     0.802     0.507     0.315
 7   112.896   -20.154    -3.979
 7     0.642     0.763     0.073
 7    -0.755     0.614     0.230
 7     0.131    -0.203     0.970
 8   115.309   -26.322    23.244
 8     0.452    -0.423     0.785
 8    -0.486    -0.855    -0.181
 8     0.748    -0.300    -0.592
 9   129.861   -41.874    37.270
 9     0.425     0.843    -0.328
 9    -0.329     0.481     0.812
 9     0.843    -0.238     0.482
 2    96.616   -18.740    59.742
 2    -0.053    -0.998    -0.016
 2     0.996    -0.054     0.067
 2    -0.068    -0.012     0.997
 3   127.707    -2.087     6.458
 3     0.486    -0.566    -0.667
 3     0.344     0.824    -0.449
 3     0.803    -0.011     0.595
 4   106.085     8.069    -4.850
 4     0.495    -0.738     0.458
 4     0.770     0.617     0.160
 4    -0.401     0.274     0.874
 5   110.971    23.146    19.742
 5     0.561    -0.097     0.822
 5     0.373    -0.857    -0.356
 5     0.739     0.506    -0.444
 6   126.699    36.015    35.110
 6     0.614    -0.786     0.070
 6     0.301     0.151    -0.942
 6     0.729     0.600     0.329
 7   112.918   -19.789    -4.189
 7     0.652     0.752     0.090
 7    -0.750     0.625     0.217
 7     0.107    -0.210     0.972
 8   116.397   -27.673    22.915
 8     0.453    -0.554     0.698
 8    -0.617    -0.760    -0.203
 8     0.643    -0.338    -0.687
 9   129.263   -47.300    33.027
 9     0.456     0.887    -0.066
 9    -0.478     0.306     0.823
 9     0.751    -0.344     0.563
 2    96.616   -18.740    59.742
 2    -0.053    -0.998    -0.016
 2     0.996    -0.054     0.067
 2    -0.068    -0.012     0.997
 3   127.700    -1.702     6.236
 3     0.481    -0.576    -0.661
 3     0.355     0.817    -0.454
 3     0.802    -0.017     0.597
 4   105.488     7.812    -5.205
 4     0.462    -0.752     0.471
 4     0.771     0.602     0.204
 4    -0.437     0.269     0.858
 5   110.544    24.282    18.739
 5     0.565    -0.046     0.824
 5     0.435    -0.832    -0.344
 5     0.701     0.552    -0.450
 6   126.093    37.989    33.347
 6     0.635    -0.748     0.189
 6     0.365     0.075    -0.928
 6     0.680     0.658     0.321
 7   112.620   -19.328    -4.479
 7     0.657     0.743     0.127
 7    -0.752     0.635     0.177
 7     0.051    -0.212     0.976
 8   117.070   -30.636    21.170
 8     0.445    -0.679     0.584
 8    -0.765    -0.628    -0.147
 8     0.466    -0.381    -0.798
 9   127.993   -53.546    26.178
 9     0.468     0.866     0.173
 9    -0.646     0.201     0.736
 9     0.603    -0.457     0.654
 2    96.616   -18.740    59.742
 2    -0.053    -0.998    -0.016
 2     0.996    -0.054     0.067
 2    -0.068    -0.012     0.997
 3   127.515    -1.246     5.890
 3     0.478    -0.581    -0.659
 3     0.362     0.814    -0.455
 3     0.800    -0.021     0.599
 4   105.066     7.514    -5.491
 4     0.434    -0.763     0.480
 4     0.774     0.588     0.235
 4    -0.462     0.269     0.845
 5   110.235    24.917    17.916
 5     0.567    -0.008     0.823
 5     0.476    -0.813    -0.336
 5     0.672     0.582    -0.457
 6   125.493    39.561    31.602
 6     0.649    -0.703     0.289
 6     0.417     0.011    -0.909
 6     0.636     0.710     0.300
 7   112.181   -18.872    -4.756
 7     0.653     0.736     0.177
 7    -0.756     0.645     0.108
 7    -0.035    -0.205     0.978
 8   117.479   -34.146    18.005
 8     0.417    -0.775     0.475
 8    -0.875    -0.484    -0.021
 8     0.247    -0.407    -0.880
 9   126.420   -58.756    16.659
 9     0.465     0.800     0.379
 9    -0.796     0.190     0.575
 9     0.388    -0.570     0.725
 2    96.615   -18.740    59.742
 2    -0.054    -0.998    -0.016
 2     0.996    -0.055     0.067
 2    -0.068    -0.012     0.997
 3   127.419    -1.017     5.580
 3     0.478    -0.579    -0.660
 3     0.361     0.814    -0.454
 3     0.801    -0.021     0.598
 4   104.633     7.322    -5.643
 4     0.411    -0.769     0.489
 4     0.774     0.578     0.257
 4    -0.481     0.272     0.833
 5   109.990    25.358    17.382
 5     0.567     0.013     0.823
 5     0.502    -0.799    -0.332
 5     0.653     0.601    -0.459
 6   125.145    40.531    30.500
 6     0.657    -0.665     0.355
 6     0.450    -0.032    -0.892
 6     0.604     0.746     0.278
 7   111.477   -18.288    -5.038
 7     0.645     0.728     0.233
 7    -0.755     0.654     0.046
 7    -0.119    -0.205     0.971
 8   117.388   -36.625    14.014
 8     0.377    -0.850     0.368
 8    -0.924    -0.372     0.088
 8     0.062    -0.374    -0.926
 9   124.250   -61.566     7.217
 9     0.435     0.719     0.542
 9    -0.884     0.229     0.407
 9     0.169    -0.656     0.735
 2    96.615   -18.740    59.742
 2    -0.054    -0.998    -0.016
 2     0.996    -0.055     0.067
 2    -0.068    -0.012     0.997
 3   127.288    -0.897     5.054
 3     0.485    -0.574    -0.660
 3     0.354     0.819    -0.452
 3     0.799    -0.015     0.600
 4   104.202     7.178    -5.820
 4     0.396    -0.770     0.501
 4     0.771     0.575     0.274
 4    -0.500     0.278     0.821
 5   109.977    25.812    16.667
 5     0.577     0.032     0.816
 5     0.523    -0.782    -0.339
 5     0.627     0.622    -0.468
 6   125.352    41.515    29.042
 6     0.674    -0.612     0.413
 6     0.477    -0.066    -0.876
 6     0.563     0.788     0.248
 7   110.953   -17.935    -5.443
 7     0.638     0.719     0.276
 7    -0.749     0.662     0.007
 7    -0.178    -0.212     0.961
 8   117.535   -37.591    11.033
 8     0.359    -0.884     0.299
 8    -0.931    -0.317     0.180
 8    -0.064    -0.344    -0.937
 9   123.181   -62.084     1.352
 9     0.417     0.647     0.637
 9    -0.908     0.273     0.317
 9     0.031    -0.711     0.702
 2    96.615   -18.740    59.742
 2    -0.054    -0.998    -0.016
 2     0.996    -0.055     0.067
 2    -0.068    -0.012     0.997
 3   127.278    -0.723     4.730
 3     0.490    -0.574    -0.656
 3     0.352     0.818    -0.454
 3     0.797    -0.009     0.604
 4   103.761     7.081    -5.937
 4     0.376    -0.770     0.516
 4     0.765     0.572     0.294
 4    -0.522     0.284     0.804
 5   110.106    26.314    16.108
 5     0.590     0.057     0.805
 5     0.542    -0.767    -0.344
 5     0.598     0.639    -0.484
 6   125.439    42.129    28.227
 6     0.684    -0.579     0.444
 6     0.494    -0.080    -0.866
 6     0.537     0.811     0.231
 7   110.578   -17.510    -5.588
 7     0.635     0.709     0.304
 7    -0.742     0.670    -0.014
 7    -0.214    -0.217     0.952
 8   117.759   -37.866     9.020
 8     0.354    -0.905     0.236
 8    -0.923    -0.298     0.245
 8    -0.152    -0.305    -0.940
 9   122.894   -61.743    -2.699
 9     0.413     0.569     0.710
 9    -0.909     0.311     0.279
 9    -0.062    -0.761     0.646
 2    96.616   -18.740    59.742
 2    -0.053    -0.998    -0.016
 2     0.996    -0.054     0.067
 2    -0.068    -0.012     0.997
 3   127.131    -0.555     4.394
 3     0.499    -0.575    -0.648
 3     0.350     0.818    -0.457
 3     0.792     0.001     0.609
 4   103.546     7.017    -6.054
 4     0.367    -0.766     0.527
 4     0.761     0.573     0.303
 4    -0.535     0.290     0.794
 5   110.123    26.473    15.762
 5     0.599     0.071     0.797
 5     0.551    -0.759    -0.347
 5     0.580     0.647    -0.494
 6   125.806    42.375    27.039
 6     0.705    -0.496     0.506
 6     0.513    -0.137    -0.848
 6     0.490     0.857     0.158
 7   110.049   -17.342    -5.698
 7     0.628     0.703     0.334
 7    -0.736     0.675    -0.038
 7    -0.252    -0.222     0.942
 8   118.454   -37.839     7.851
 8     0.354    -0.923     0.148
 8    -0.908    -0.302     0.291
 8    -0.225    -0.237    -0.945
 9   122.750   -61.495    -3.592
 9     0.427     0.013     0.904
 9    -0.882     0.226     0.413
 9    -0.199    -0.974     0.108
 2    96.616   -18.740    59.742
 2    -0.053    -0.998    -0.016
 2     0.996    -0.055     0.067
 2    -0.068    -0.012     0.997
 3   127.018    -0.460     4.176
 3     0.507    -0.575    -0.642
 3     0.346     0.818    -0.459
 3     0.789     0.011     0.614
 4   103.118     6.910    -5.989
 4     0.355    -0.765     0.537
 4     0.761     0.570     0.309
 4    -0.542     0.299     0.785
 5   110.111    26.443    15.722
 5     0.604     0.075     0.793
 5     0.551    -0.759    -0.347
 5     0.576     0.646    -0.500
 6   125.564    42.273    27.340
 6     0.705    -0.480     0.522
 6     0.515    -0.159    -0.842
 6     0.487     0.863     0.135
 7   109.522   -17.201    -5.643
 7     0.617     0.693     0.372
 7    -0.731     0.680    -0.055
 7    -0.292    -0.239     0.926
 8   120.023   -37.278     6.844
 8     0.340    -0.940    -0.017
 8    -0.902    -0.331     0.277
 8    -0.267    -0.079    -0.960
 9   123.094   -61.808    -5.115
 9     0.358    -0.607     0.709
 9    -0.867     0.066     0.495
 9    -0.347    -0.792    -0.503
 2    96.565   -18.740    59.793
 2    -0.054    -0.998    -0.016
 2     0.996    -0.055     0.067
 2    -0.068    -0.012     0.997
 3   126.797    -0.444     3.890
 3     0.517    -0.575    -0.634
 3     0.341     0.818    -0.463
 3     0.784     0.023     0.619
 4   102.795     6.882    -5.981
 4     0.344    -0.764     0.546
 4     0.763     0.566     0.312
 4    -0.547     0.309     0.778
 5   109.980    26.237    15.774
 5     0.609     0.080     0.789
 5     0.547    -0.763    -0.345
 5     0.574     0.641    -0.508
 6   125.464    41.914    27.219
 6     0.710    -0.458     0.535
 6     0.515    -0.182    -0.838
 6     0.480     0.870     0.106
 7   109.206   -17.076    -5.768
 7     0.614     0.677     0.405
 7    -0.719     0.691    -0.066
 7    -0.325    -0.251     0.912
 8   120.738   -36.988     5.453
 8     0.341    -0.935    -0.097
 8    -0.893    -0.355     0.278
 8    -0.294    -0.009    -0.956
 9   124.291   -61.000    -6.745
 9     0.334    -0.761     0.555
 9    -0.853     0.006     0.521
 9    -0.400    -0.648    -0.648
 2    96.616   -18.740    59.742
 2    -0.053    -0.998    -0.016
 2     0.996    -0.054     0.067
 2    -0.068    -0.012     0.997
 3   126.633    -0.348     3.722
 3     0.523    -0.578    -0.626
 3     0.341     0.815    -0.468
 3     0.781     0.031     0.624
 4   102.540     6.901    -6.013
 4     0.332    -0.765     0.552
 4     0.763     0.562     0.320
 4    -0.555     0.315     0.770
 5   109.834    26.334    15.663
 5     0.610     0.091     0.786
 5     0.552    -0.761    -0.341
 5     0.568     0.642    -0.515
 6   125.104    42.496    27.162
 6     0.706    -0.416     0.573
 6     0.534    -0.220    -0.817
 6     0.466     0.882     0.067
 7   108.978   -16.894    -5.786
 7     0.612     0.663     0.431
 7    -0.709     0.702    -0.073
 7    -0.351    -0.261     0.899
 8   118.352   -37.472     2.185
 8     0.347    -0.925    -0.152
 8    -0.880    -0.378     0.289
 8    -0.325     0.033    -0.945
 9   124.843   -60.461    -8.329
 9     0.317    -0.827     0.464
 9    -0.844    -0.024     0.535
 9    -0.432    -0.561    -0.706
 2    96.615   -18.740    59.742
 2    -0.054    -0.998    -0.016
 2     0.996    -0.055     0.067
 2    -0.068    -0.012     0.997
 3   126.535    -0.278     3.488
 3     0.529    -0.583    -0.617
 3     0.343     0.811    -0.473
 3     0.776     0.039     0.629
 4   102.285     6.867    -6.015
 4     0.322    -0.764     0.560
 4     0.760     0.561     0.328
 4    -0.564     0.320     0.761
 5   109.845    26.450    15.419
 5     0.615     0.105     0.781
 5     0.559    -0.757    -0.338
 5     0.556     0.644    -0.525
 6   125.320    42.348    26.518
 6     0.716    -0.321     0.620
 6     0.552    -0.282    -0.784
 6     0.427     0.904    -0.025
 7   108.711   -16.811    -5.845
 7     0.609     0.651     0.452
 7    -0.701     0.709    -0.078
 7    -0.372    -0.269     0.888
 8   118.764   -37.241     1.322
 8     0.351    -0.916    -0.192
 8    -0.870    -0.395     0.293
 8    -0.345     0.064    -0.936
 9   125.200   -60.098    -9.222
 9     0.306    -0.865     0.398
 9    -0.838    -0.046     0.543
 9    -0.451    -0.500    -0.739
 2    96.615   -18.740    59.742
 2    -0.054    -0.998    -0.016
 2     0.996    -0.055     0.067
 2    -0.068    -0.012     0.997
 3   126.468    -0.131     3.351
 3     0.535    -0.586    -0.609
 3     0.344     0.809    -0.476
 3     0.772     0.045     0.634
 4   102.086     6.809    -5.997
 4     0.316    -0.761     0.567
 4     0.757     0.562     0.331
 4    -0.571     0.325     0.754
 5   109.842    26.491    15.268
 5     0.621     0.116     0.775
 5     0.562    -0.755    -0.337
 5     0.547     0.645    -0.534
 6   125.259    42.471    26.486
 6     0.715    -0.270     0.645
 6     0.566    -0.319    -0.760
 6     0.411     0.908    -0.075
 7   108.564   -16.694    -5.804
 7     0.606     0.644     0.466
 7    -0.697     0.713    -0.080
 7    -0.384    -0.276     0.881
 8   118.875   -37.126     0.959
 8     0.352    -0.910    -0.220
 8    -0.867    -0.406     0.290
 8    -0.354     0.089    -0.931
 9   125.246   -59.861    -9.655
 9     0.296    -0.885     0.360
 9    -0.839    -0.061     0.540
 9    -0.456    -0.462    -0.760
 2    96.615   -18.740    59.742
 2    -0.054    -0.998    -0.016
 2     0.996    -0.055     0.067
 2    -0.068    -0.012     0.997
 3   126.385    -0.109     3.283
 3     0.537    -0.587    -0.606
 3     0.344     0.808    -0.478
 3     0.770     0.048     0.636
 4   101.948     6.704    -6.037
 4     0.312    -0.760     0.570
 4     0.756     0.562     0.335
 4    -0.575     0.327     0.750
 5   109.833    26.437    15.225
 5     0.623     0.119     0.773
 5     0.562    -0.755    -0.337
 5     0.544     0.644    -0.537
 6   125.249    42.292    26.438
 6     0.716    -0.261     0.647
 6     0.566    -0.326    -0.757
 6     0.408     0.908    -0.086
 7   108.429   -16.751    -5.832
 7     0.602     0.642     0.474
 7    -0.697     0.713    -0.081
 7    -0.390    -0.282     0.877
 8   118.918   -37.033     0.808
 8     0.351    -0.906    -0.238
 8    -0.865    -0.411     0.288
 8    -0.359     0.104    -0.927
 9   125.193   -59.929    -9.699
 9     0.286    -0.897     0.337
 9    -0.843    -0.068     0.534
 9    -0.456    -0.437    -0.775
 2    96.615   -18.740    59.742
 2    -0.054    -0.998    -0.016
 2     0.996    -0.055     0.067
 2    -0.068    -0.012     0.997
 3   126.331    -0.110     3.186
 3     0.539    -0.587    -0.604
 3     0.344     0.808    -0.478
 3     0.769     0.049     0.637
 4   101.837     6.701    -6.081
 4     0.308    -0.759     0.573
 4     0.755     0.561     0.337
 4    -0.578     0.329     0.746
 5   109.880    26.436    15.177
 5     0.624     0.120     0.772
 5     0.562    -0.755    -0.337
 5     0.543     0.644    -0.538
 6   125.198    42.343    26.386
 6     0.715    -0.260     0.648
 6     0.567    -0.327    -0.756
 6     0.408     0.909    -0.087
 7   108.319   -16.757    -5.861
 7     0.599     0.640     0.481
 7    -0.696     0.713    -0.082
 7    -0.396    -0.286     0.873
 8   118.962   -37.038     0.699
 8     0.351    -0.903    -0.248
 8    -0.863    -0.414     0.288
 8    -0.363     0.113    -0.925
 9   125.246   -59.903    -9.869
 9     0.283    -0.901     0.328
 9    -0.842    -0.070     0.534
 9    -0.458    -0.428    -0.779
 2    96.615   -18.740    59.742
 2    -0.054    -0.998    -0.016
 2     0.996    -0.055     0.067
 2    -0.068    -0.012     0.997
 3   126.327    -0.112     3.190
 3     0.540    -0.587    -0.604
 3     0.344     0.808    -0.478
 3     0.768     0.050     0.638
 4   101.781     6.623    -6.075
 4     0.308    -0.758     0.575
 4     0.754     0.563     0.337
 4    -0.580     0.330     0.745
 5   109.880    26.436    15.177
 5     0.624     0.119     0.772
 5     0.561    -0.755    -0.338
 5     0.543     0.644    -0.539
 6   125.249    42.241    26.386
 6     0.716    -0.260     0.647
 6     0.566    -0.327    -0.757
 6     0.408     0.908    -0.088
 7   108.217   -16.758    -5.806
 7     0.598     0.639     0.483
 7    -0.696     0.714    -0.083
 7    -0.397    -0.287     0.872
 8   118.907   -37.041     0.604
 8     0.350    -0.903    -0.250
 8    -0.862    -0.415     0.290
 8    -0.365     0.114    -0.924
 9   125.139   -59.932    -9.984
 9     0.280    -0.901     0.330
 9    -0.842    -0.066     0.535
 9    -0.461    -0.428    -0.778
 2    96.616   -18.740    59.742
 2    -0.053    -0.998    -0.016
 2     0.996    -0.054     0.067
 2    -0.068    -0.012     0.997
 3   126.323    -0.138     3.195
 3     0.540    -0.587    -0.603
 3     0.344     0.808    -0.477
 3     0.767     0.050     0.639
 4   101.778     6.622    -6.072
 4     0.307    -0.757     0.576
 4     0.754     0.563     0.338
 4    -0.581     0.330     0.744
 5   109.881    26.435    15.152
 5     0.625     0.117     0.771
 5     0.561    -0.755    -0.339
 5     0.543     0.645    -0.538
 6   125.253    42.241    26.334
 6     0.717    -0.263     0.645
 6     0.564    -0.325    -0.759
 6     0.409     0.908    -0.085
 7   108.265   -16.759    -5.803
 7     0.598     0.639     0.484
 7    -0.695     0.714    -0.083
 7    -0.398    -0.287     0.871
 8   118.854   -37.093     0.580
 8     0.350    -0.903    -0.248
 8    -0.862    -0.414     0.291
 8    -0.366     0.112    -0.924
 9   125.006   -59.988   -10.158
 9     0.278    -0.899     0.339
 9    -0.842    -0.058     0.536
 9    -0.462    -0.435    -0.773
 2    96.616   -18.740    59.742
 2    -0.053    -0.998    -0.016
 2     0.996    -0.054     0.067
 2    -0.068    -0.012     0.997
 3   126.270    -0.191     3.174
 3     0.543    -0.584    -0.603
 3     0.344     0.810    -0.475
 3     0.766     0.051     0.641
 4   101.746     6.619    -6.067
 4     0.306    -0.756     0.579
 4     0.753     0.564     0.339
 4    -0.583     0.332     0.742
 5   109.835    26.359    15.099
 5     0.625     0.113     0.772
 5     0.558    -0.756    -0.343
 5     0.544     0.645    -0.536
 6   125.176    42.068    26.470
 6     0.716    -0.276     0.641
 6     0.560    -0.322    -0.764
 6     0.416     0.906    -0.076
 7   108.192   -16.785    -5.852
 7     0.596     0.639     0.485
 7    -0.697     0.712    -0.083
 7    -0.398    -0.289     0.870
 8   118.781   -37.041     0.577
 8     0.350    -0.903    -0.248
 8    -0.862    -0.414     0.290
 8    -0.365     0.112    -0.924
 9   124.959   -60.039   -10.063
 9     0.277    -0.897     0.343
 9    -0.844    -0.057     0.534
 9    -0.460    -0.438    -0.773
 2    96.616   -18.740    59.742
 2    -0.053    -0.998    -0.016
 2     0.996    -0.054     0.067
 2    -0.068    -0.012     0.997
 3   126.253    -0.198     3.095
 3     0.550    -0.581    -0.600
 3     0.344     0.812    -0.471
 3     0.761     0.052     0.646
 4   101.745     6.619    -6.069
 4     0.306    -0.754     0.581
 4     0.753     0.565     0.337
 4    -0.583     0.334     0.740
 5   109.699    26.318    15.141
 5     0.622     0.097     0.777
 5     0.552    -0.759    -0.347
 5     0.556     0.644    -0.525
 6   125.137    41.899    26.795
 6     0.715    -0.292     0.635
 6     0.553    -0.320    -0.769
 6     0.428     0.901    -0.067
 7   108.149   -16.785    -5.754
 7     0.594     0.641     0.485
 7    -0.700     0.709    -0.081
 7    -0.396    -0.292     0.870
 8   118.738   -37.140     0.695
 8     0.349    -0.904    -0.246
 8    -0.864    -0.412     0.288
 8    -0.362     0.111    -0.925
 9   124.841   -60.114    -9.876
 9     0.276    -0.894     0.351
 9    -0.846    -0.054     0.530
 9    -0.455    -0.444    -0.772
 2    96.616   -18.740    59.742
 2    -0.053    -0.998    -0.016
 2     0.996    -0.054     0.067
 2    -0.068    -0.012     0.997
 3   126.226    -0.258     3.177
 3     0.559    -0.580    -0.593
 3     0.345     0.813    -0.469
 3     0.754     0.057     0.654
 4   101.639     6.568    -6.069
 4     0.303    -0.752     0.585
 4     0.753     0.565     0.337
 4    -0.584     0.338     0.737
 5   109.682    26.192    15.135
 5     0.622     0.092     0.777
 5     0.548    -0.760    -0.349
 5     0.558     0.643    -0.524
 6   125.101    41.672    26.911
 6     0.716    -0.299     0.631
 6     0.548    -0.319    -0.773
 6     0.432     0.899    -0.065
 7   108.055   -16.886    -5.753
 7     0.591     0.642     0.489
 7    -0.703     0.707    -0.078
 7    -0.395    -0.298     0.869
 8   118.622   -37.163     0.767
 8     0.348    -0.904    -0.248
 8    -0.866    -0.411     0.284
 8    -0.359     0.115    -0.926
 9   124.699   -60.162    -9.660
 9     0.276    -0.894     0.354
 9    -0.849    -0.054     0.526
 9    -0.451    -0.445    -0.773
 2    96.616   -18.740    59.742
 2    -0.053    -0.998    -0.016
 2     0.996    -0.054     0.067
 2    -0.068    -0.012     0.997
 3   126.158    -0.316     3.096
 3     0.565    -0.578    -0.589
 3     0.345     0.814    -0.467
 3     0.749     0.061     0.659
 4   101.544     6.435    -6.129
 4     0.298    -0.750     0.591
 4     0.750     0.566     0.340
 4    -0.590     0.342     0.731
 5   109.705    26.140    15.139
 5     0.624     0.092     0.776
 5     0.548    -0.759    -0.351
 5     0.557     0.644    -0.524
 6   125.097    41.618    26.843
 6     0.718    -0.299     0.628
 6     0.547    -0.315    -0.776
 6     0.430     0.900    -0.063
 7   107.986   -16.935    -5.703
 7     0.591     0.638     0.493
 7    -0.704     0.707    -0.072
 7    -0.394    -0.304     0.867
 8   118.575   -37.214     0.868
 8     0.347    -0.904    -0.249
 8    -0.867    -0.411     0.283
 8    -0.358     0.118    -0.926
 9   124.708   -60.260    -9.567
 9     0.274    -0.894     0.353
 9    -0.851    -0.055     0.522
 9    -0.448    -0.444    -0.776
 2    96.565   -18.740    59.793
 2    -0.053    -0.998    -0.016
 2     0.996    -0.054     0.067
 2    -0.068    -0.012     0.997
 3   126.069    -0.346     3.165
 3     0.570    -0.578    -0.585
 3     0.347     0.814    -0.466
 3     0.745     0.062     0.664
 4   101.493     6.385    -6.105
 4     0.297    -0.750     0.591
 4     0.750     0.566     0.341
 4    -0.590     0.343     0.731
 5   109.574    26.189    15.019
 5     0.623     0.092     0.776
 5     0.551    -0.757    -0.352
 5     0.555     0.647    -0.523
 6   125.096    41.667    26.696
 6     0.719    -0.302     0.625
 6     0.546    -0.311    -0.778
 6     0.429     0.901    -0.059
 7   107.935   -16.961    -5.699
 7     0.591     0.638     0.494
 7    -0.704     0.707    -0.071
 7    -0.395    -0.306     0.866
 8   118.632   -37.135     0.867
 8     0.348    -0.902    -0.255
 8    -0.867    -0.413     0.278
 8    -0.356     0.124    -0.926
 9   124.697   -60.382    -9.456
 9     0.273    -0.896     0.351
 9    -0.854    -0.057     0.517
 9    -0.443    -0.441    -0.781
 2    96.616   -18.740    59.742
 2    -0.053    -0.998    -0.016
 2     0.996    -0.054     0.067
 2    -0.068    -0.012     0.997
 3   126.072    -0.344     3.160
 3     0.569    -0.578    -0.585
 3     0.347     0.813    -0.467
 3     0.746     0.062     0.663
 4   101.493     6.385    -6.105
 4     0.297    -0.750     0.591
 4     0.751     0.566     0.340
 4    -0.590     0.343     0.731
 5   109.531    26.190    15.016
 5     0.621     0.087     0.778
 5     0.550    -0.756    -0.355
 5     0.557     0.649    -0.518
 6   125.001    41.616    26.797
 6     0.720    -0.305     0.623
 6     0.544    -0.309    -0.780
 6     0.430     0.901    -0.056
 7   107.935   -16.962    -5.699
 7     0.590     0.638     0.494
 7    -0.704     0.707    -0.071
 7    -0.395    -0.306     0.866
 8   118.632   -37.135     0.867
 8     0.348    -0.902    -0.255
 8    -0.867    -0.413     0.278
 8    -0.356     0.124    -0.926
 9   124.650   -60.432    -9.458
 9     0.272    -0.896     0.351
 9    -0.855    -0.057     0.516
 9    -0.442    -0.440    -0.782
 2    96.565   -18.791    59.793
 2    -0.053    -0.998    -0.016
 2     0.996    -0.054     0.067
 2    -0.068    -0.012     0.997
 3   126.033    -0.341     3.249
 3     0.565    -0.578    -0.589
 3     0.345     0.813    -0.468
 3     0.749     0.061     0.659
 4   101.446     6.436    -6.107
 4     0.298    -0.750     0.590
 4     0.751     0.566     0.340
 4    -0.589     0.342     0.732
 5   109.369    26.143    15.004
 5     0.619     0.083     0.780
 5     0.549    -0.756    -0.356
 5     0.561     0.649    -0.514
 6   124.981    41.618    26.841
 6     0.719    -0.307     0.623
 6     0.544    -0.309    -0.780
 6     0.432     0.900    -0.056
 7   107.934   -16.936    -5.750
 7     0.590     0.638     0.493
 7    -0.704     0.707    -0.073
 7    -0.395    -0.305     0.866
 8   118.535   -37.136     0.866
 8     0.346    -0.903    -0.255
 8    -0.868    -0.411     0.277
 8    -0.355     0.125    -0.926
 9   124.532   -60.430    -9.387
 9     0.269    -0.897     0.350
 9    -0.857    -0.057     0.512
 9    -0.440    -0.438    -0.784
 2    96.565   -18.791    59.793
 2    -0.053    -0.998    -0.016
 2     0.996    -0.054     0.067
 2    -0.068    -0.012     0.997
 3   125.927    -0.344     3.258
 3     0.567    -0.576    -0.589
 3     0.345     0.815    -0.465
 3     0.747     0.060     0.661
 4   101.497     6.386    -6.132
 4     0.298    -0.750     0.591
 4     0.751     0.566     0.339
 4    -0.589     0.342     0.732
 5   109.341    26.193    15.008
 5     0.619     0.083     0.781
 5     0.551    -0.755    -0.356
 5     0.560     0.650    -0.513
 6   124.931    41.618    26.791
 6     0.719    -0.307     0.623
 6     0.544    -0.309    -0.780
 6     0.432     0.900    -0.055
 7   107.761   -16.938    -5.672
 7     0.588     0.640     0.494
 7    -0.706     0.704    -0.072
 7    -0.395    -0.306     0.866
 8   118.414   -37.214     0.944
 8     0.343    -0.903    -0.257
 8    -0.870    -0.409     0.275
 8    -0.354     0.129    -0.926
 9   124.269   -60.605    -9.241
 9     0.263    -0.900     0.347
 9    -0.860    -0.057     0.507
 9    -0.437    -0.432    -0.789
 2    96.565   -18.791    59.793
 2    -0.053    -0.998    -0.016
 2     0.996    -0.054     0.067
 2    -0.068    -0.012     0.997
 3   125.845    -0.398     3.293
 3     0.569    -0.574    -0.588
 3     0.345     0.817    -0.462
 3     0.745     0.060     0.663
 4   101.369     6.384    -6.104
 4     0.298    -0.748     0.592
 4     0.750     0.567     0.339
 4    -0.590     0.343     0.731
 5   109.285    26.191    14.939
 5     0.619     0.084     0.780
 5     0.552    -0.753    -0.358
 5     0.558     0.652    -0.513
 6   124.926    41.666    26.695
 6     0.720    -0.305     0.623
 6     0.544    -0.308    -0.780
 6     0.430     0.901    -0.055
 7   107.692   -16.962    -5.626
 7     0.587     0.641     0.494
 7    -0.708     0.703    -0.071
 7    -0.393    -0.308     0.866
 8   118.292   -37.266     0.944
 8     0.340    -0.904    -0.257
