% Calibrated with leiden_pols
% Positions are in centimeters
Data =[
 2    96.616   -18.791    59.742
 2    -0.053    -0.998    -0.015
 2     0.996    -0.054     0.066
 2    -0.068    -0.012     0.997
 3   129.285    -2.057     7.526
 3     0.403    -0.575    -0.712
 3     0.338     0.816    -0.468
 3     0.850    -0.053     0.523
 4   109.826     9.033    -4.777
 4     0.575    -0.737     0.354
 4     0.776     0.629     0.049
 4    -0.259     0.247     0.933
 5   111.343    18.474    22.630
 5     0.465    -0.231     0.854
 5     0.115    -0.941    -0.318
 5     0.878     0.246    -0.411
 6   125.877    25.096    43.238
 6     0.427    -0.829    -0.360
 6    -0.010     0.394    -0.919
 6     0.904     0.396     0.160
 7   115.712   -19.959    -4.839
 7     0.659     0.751    -0.000
 7    -0.742     0.652     0.154
 7     0.116    -0.102     0.988
 8   117.187   -24.570    22.338
 8     0.496     0.050     0.867
 8    -0.166    -0.974     0.151
 8     0.852    -0.219    -0.475
 9   133.048   -31.362    41.484
 9     0.377     0.749    -0.545
 9    -0.084     0.613     0.786
 9     0.922    -0.251     0.293
 2    96.616   -18.740    59.742
 2    -0.053    -0.998    -0.016
 2     0.996    -0.054     0.066
 2    -0.068    -0.012     0.997
 3   128.985    -1.988     7.806
 3     0.411    -0.578    -0.705
 3     0.342     0.814    -0.468
 3     0.845    -0.049     0.533
 4   109.442     9.091    -4.496
 4     0.573    -0.741     0.351
 4     0.780     0.624     0.043
 4    -0.251     0.249     0.935
 5   111.142    18.522    22.879
 5     0.466    -0.234     0.853
 5     0.109    -0.942    -0.318
 5     0.878     0.241    -0.414
 6   125.701    25.319    43.392
 6     0.435    -0.828    -0.354
 6    -0.008     0.389    -0.921
 6     0.900     0.403     0.163
 7   115.214   -19.977    -4.417
 7     0.656     0.754    -0.010
 7    -0.744     0.649     0.161
 7     0.128    -0.099     0.987
 8   116.655   -24.391    23.118
 8     0.502     0.038     0.864
 8    -0.166    -0.976     0.140
 8     0.849    -0.213    -0.484
 9   132.687   -31.442    41.859
 9     0.397     0.761    -0.514
 9    -0.079     0.586     0.806
 9     0.914    -0.279     0.293
 2    96.616   -18.740    59.742
 2    -0.053    -0.998    -0.015
 2     0.996    -0.054     0.067
 2    -0.068    -0.012     0.997
 3   128.653    -2.181     8.078
 3     0.426    -0.568    -0.704
 3     0.342     0.822    -0.455
 3     0.837    -0.047     0.544
 4   109.271     9.089    -4.270
 4     0.579    -0.735     0.353
 4     0.776     0.629     0.037
 4    -0.250     0.252     0.935
 5   111.075    18.516    23.048
 5     0.471    -0.233     0.851
 5     0.108    -0.942    -0.317
 5     0.875     0.241    -0.419
 6   125.696    25.215    43.502
 6     0.438    -0.825    -0.357
 6    -0.009     0.393    -0.919
 6     0.899     0.406     0.165
 7   114.661   -20.206    -4.129
 7     0.643     0.765    -0.011
 7    -0.754     0.635     0.169
 7     0.136    -0.100     0.985
 8   116.195   -24.572    23.378
 8     0.508     0.013     0.861
 8    -0.172    -0.978     0.116
 8     0.844    -0.207    -0.495
 9   132.467   -31.626    42.080
 9     0.409     0.768    -0.493
 9    -0.080     0.567     0.819
 9     0.909    -0.296     0.293
 2    96.616   -18.740    59.742
 2    -0.053    -0.998    -0.016
 2     0.996    -0.054     0.066
 2    -0.068    -0.012     0.997
 3   128.588    -2.368     8.150
 3     0.436    -0.562    -0.703
 3     0.340     0.826    -0.449
 3     0.833    -0.044     0.551
 4   109.202     8.988    -4.200
 4     0.583    -0.731     0.353
 4     0.773     0.633     0.033
 4    -0.248     0.254     0.935
 5   111.139    18.508    23.237
 5     0.476    -0.238     0.847
 5     0.103    -0.941    -0.322
 5     0.873     0.240    -0.424
 6   125.835    25.262    43.594
 6     0.441    -0.822    -0.360
 6    -0.008     0.397    -0.917
 6     0.897     0.407     0.168
 7   114.575   -20.303    -3.969
 7     0.642     0.766    -0.015
 7    -0.753     0.634     0.173
 7     0.142    -0.101     0.985
 8   116.145   -24.623    23.378
 8     0.507     0.011     0.861
 8    -0.173    -0.978     0.114
 8     0.844    -0.207    -0.495
 9   132.367   -31.626    42.131
 9     0.409     0.769    -0.492
 9    -0.080     0.567     0.820
 9     0.909    -0.296     0.293
 2    96.565   -18.740    59.793
 2    -0.054    -0.998    -0.016
 2     0.996    -0.055     0.067
 2    -0.068    -0.012     0.997
 3   128.404    -2.420     8.212
 3     0.437    -0.564    -0.700
 3     0.344     0.824    -0.449
 3     0.831    -0.045     0.554
 4   109.050     8.860    -4.146
 4     0.583    -0.731     0.354
 4     0.773     0.633     0.033
 4    -0.249     0.254     0.934
 5   111.115    18.457    23.238
 5     0.476    -0.238     0.846
 5     0.103    -0.941    -0.323
 5     0.873     0.241    -0.424
 6   125.907    25.158    43.553
 6     0.443    -0.819    -0.365
 6    -0.008     0.403    -0.915
 6     0.896     0.408     0.172
 7   114.461   -20.375    -3.857
 7     0.641     0.767    -0.017
 7    -0.753     0.633     0.177
 7     0.147    -0.101     0.984
 8   116.073   -24.672    23.505
 8     0.508     0.007     0.861
 8    -0.172    -0.979     0.109
 8     0.844    -0.203    -0.496
 9   132.293   -31.548    42.208
 9     0.410     0.769    -0.490
 9    -0.078     0.564     0.822
 9     0.909    -0.299     0.291
 2    96.616   -18.740    59.742
 2    -0.053    -0.998    -0.016
 2     0.996    -0.055     0.067
 2    -0.068    -0.012     0.997
 3   128.450    -2.498     8.243
 3     0.439    -0.562    -0.701
 3     0.344     0.825    -0.447
 3     0.830    -0.045     0.555
 4   109.053     8.861    -4.149
 4     0.584    -0.731     0.354
 4     0.773     0.634     0.033
 4    -0.248     0.254     0.935
 5   111.115    18.508    23.238
 5     0.477    -0.239     0.845
 5     0.103    -0.941    -0.324
 5     0.873     0.241    -0.424
 6   125.957    25.210    43.554
 6     0.443    -0.818    -0.366
 6    -0.007     0.405    -0.914
 6     0.896     0.408     0.173
 7   114.414   -20.375    -3.808
 7     0.640     0.768    -0.017
 7    -0.754     0.632     0.179
 7     0.148    -0.101     0.984
 8   116.023   -24.620    23.606
 8     0.508     0.006     0.861
 8    -0.171    -0.979     0.108
 8     0.844    -0.202    -0.496
 9   132.188   -31.600    42.317
 9     0.410     0.771    -0.487
 9    -0.078     0.561     0.824
 9     0.908    -0.300     0.290
 2    96.615   -18.740    59.742
 2    -0.054    -0.998    -0.016
 2     0.996    -0.055     0.067
 2    -0.068    -0.012     0.997
 3   128.400    -2.498     8.242
 3     0.438    -0.562    -0.701
 3     0.344     0.825    -0.447
 3     0.830    -0.045     0.555
 4   109.103     8.861    -4.098
 4     0.584    -0.730     0.353
 4     0.772     0.634     0.033
 4    -0.248     0.254     0.935
 5   111.115    18.456    23.239
 5     0.477    -0.240     0.845
 5     0.103    -0.940    -0.325
 5     0.873     0.242    -0.424
 6   126.008    25.158    43.555
 6     0.444    -0.817    -0.368
 6    -0.008     0.407    -0.913
 6     0.896     0.408     0.174
 7   114.392   -20.426    -3.810
 7     0.638     0.769    -0.018
 7    -0.755     0.630     0.179
 7     0.149    -0.102     0.983
 8   115.974   -24.671    23.606
 8     0.508     0.005     0.861
 8    -0.171    -0.979     0.107
 8     0.844    -0.202    -0.497
 9   132.139   -31.625    42.368
 9     0.411     0.772    -0.484
 9    -0.078     0.559     0.825
 9     0.908    -0.301     0.290
 2    96.565   -18.740    59.793
 2    -0.053    -0.998    -0.016
 2     0.996    -0.054     0.067
 2    -0.068    -0.012     0.997
 3   128.400    -2.548     8.243
 3     0.438    -0.562    -0.701
 3     0.344     0.826    -0.447
 3     0.830    -0.046     0.556
 4   109.029     8.809    -4.097
 4     0.585    -0.730     0.353
 4     0.772     0.635     0.032
 4    -0.248     0.253     0.935
 5   111.110    18.454    23.246
 5     0.477    -0.241     0.845
 5     0.103    -0.940    -0.327
 5     0.872     0.243    -0.424
 6   125.958    25.159    43.556
 6     0.444    -0.817    -0.369
 6    -0.007     0.408    -0.913
 6     0.896     0.408     0.175
 7   114.347   -20.475    -3.715
 7     0.638     0.770    -0.019
 7    -0.755     0.630     0.181
 7     0.151    -0.102     0.983
 8   115.919   -24.670    23.636
 8     0.510     0.008     0.860
 8    -0.168    -0.980     0.109
 8     0.843    -0.201    -0.499
 9   132.114   -31.625    42.369
 9     0.410     0.772    -0.484
 9    -0.078     0.559     0.825
 9     0.908    -0.301     0.289
 2    96.565   -18.740    59.793
 2    -0.054    -0.998    -0.016
 2     0.996    -0.055     0.067
 2    -0.068    -0.012     0.997
 3   128.304    -2.597     8.288
 3     0.436    -0.563    -0.702
 3     0.345     0.825    -0.447
 3     0.831    -0.047     0.554
 4   108.966     8.728    -4.080
 4     0.584    -0.729     0.356
 4     0.770     0.636     0.038
 4    -0.254     0.252     0.934
 5   111.272    18.410    23.203
 5     0.492    -0.253     0.832
 5     0.106    -0.932    -0.346
 5     0.864     0.258    -0.432
 6   126.170    24.806    43.186
 6     0.435    -0.807    -0.399
 6    -0.009     0.439    -0.898
 6     0.900     0.394     0.184
 7   114.394   -20.474    -3.814
 7     0.640     0.768    -0.017
 7    -0.754     0.632     0.181
 7     0.150    -0.103     0.983
 8   116.354   -24.808    23.636
 8     0.532     0.030     0.846
 8    -0.167    -0.976     0.140
 8     0.830    -0.216    -0.515
 9   132.907   -31.970    41.830
 9     0.410     0.742    -0.531
 9    -0.093     0.612     0.785
 9     0.907    -0.273     0.320
 2    96.565   -18.740    59.793
 2    -0.054    -0.998    -0.016
 2     0.996    -0.055     0.067
 2    -0.068    -0.012     0.997
 3   128.232    -2.493     8.232
 3     0.433    -0.569    -0.699
 3     0.347     0.821    -0.453
 3     0.832    -0.047     0.552
 4   108.607     8.603    -4.106
 4     0.576    -0.730     0.368
 4     0.768     0.637     0.061
 4    -0.280     0.247     0.927
 5   112.079    19.142    22.961
 5     0.527    -0.305     0.793
 5     0.109    -0.901    -0.419
 5     0.843     0.307    -0.442
 6   127.803    25.218    42.397
 6     0.418    -0.759    -0.499
 6    -0.005     0.547    -0.837
 6     0.908     0.353     0.225
 7   114.331   -20.421    -3.749
 7     0.654     0.756    -0.010
 7    -0.742     0.645     0.182
 7     0.144    -0.112     0.983
 8   117.612   -24.911    23.729
 8     0.581     0.035     0.813
 8    -0.174    -0.970     0.166
 8     0.795    -0.238    -0.558
 9   134.613   -32.306    40.984
 9     0.434     0.715    -0.548
 9    -0.114     0.646     0.754
 9     0.893    -0.265     0.362
 2    96.615   -18.740    59.742
 2    -0.054    -0.998    -0.016
 2     0.996    -0.055     0.067
 2    -0.068    -0.012     0.997
 3   128.100    -2.416     8.032
 3     0.431    -0.577    -0.694
 3     0.352     0.815    -0.459
 3     0.831    -0.047     0.554
 4   107.920     8.300    -4.360
 4     0.565    -0.728     0.388
 4     0.756     0.645     0.110
 4    -0.331     0.231     0.915
 5   114.471    19.488    22.359
 5     0.616    -0.307     0.725
 5     0.123    -0.872    -0.474
 5     0.777     0.381    -0.500
 6   132.540    24.771    39.227
 6     0.526    -0.668    -0.526
 6    -0.005     0.616    -0.787
 6     0.850     0.417     0.321
 7   114.165   -20.325    -3.926
 7     0.674     0.738     0.007
 7    -0.728     0.662     0.177
 7     0.125    -0.125     0.984
 8   119.950   -25.168    23.571
 8     0.669     0.020     0.742
 8    -0.188    -0.962     0.196
 8     0.719    -0.270    -0.641
 9   138.449   -32.654    38.182
 9     0.524     0.657    -0.542
 9    -0.141     0.694     0.705
 9     0.840    -0.293     0.457
 2    96.615   -18.740    59.742
 2    -0.054    -0.998    -0.016
 2     0.996    -0.055     0.067
 2    -0.068    -0.012     0.997
 3   127.914    -2.244     7.480
 3     0.436    -0.590    -0.680
 3     0.362     0.806    -0.468
 3     0.824    -0.042     0.565
 4   107.140     7.823    -4.688
 4     0.554    -0.714     0.427
 4     0.730     0.664     0.163
 4    -0.400     0.221     0.889
 5   118.071    20.201    20.881
 5     0.748    -0.268     0.607
 5     0.132    -0.836    -0.532
 5     0.651     0.478    -0.590
 6   138.690    25.303    34.111
 6     0.667    -0.564    -0.487
 6    -0.004     0.651    -0.759
 6     0.745     0.508     0.432
 7   113.554   -20.049    -3.985
 7     0.687     0.725     0.040
 7    -0.721     0.675     0.156
 7     0.085    -0.137     0.987
 8   122.644   -25.465    22.873
 8     0.788    -0.030     0.614
 8    -0.213    -0.950     0.227
 8     0.577    -0.310    -0.756
 9   143.502   -33.196    33.123
 9     0.656     0.593    -0.467
 9    -0.178     0.722     0.668
 9     0.734    -0.355     0.579
 2    96.616   -18.740    59.742
 2    -0.053    -0.998    -0.016
 2     0.996    -0.054     0.067
 2    -0.068    -0.012     0.997
 3   127.717    -2.277     7.047
 3     0.443    -0.593    -0.673
 3     0.365     0.804    -0.468
 3     0.819    -0.039     0.573
 4   106.201     7.202    -5.106
 4     0.540    -0.690     0.482
 4     0.691     0.690     0.213
 4    -0.480     0.218     0.849
 5   121.201    19.919    18.440
 5     0.854    -0.227     0.468
 5     0.112    -0.798    -0.592
 5     0.508     0.558    -0.656
 6   143.520    23.768    27.385
 6     0.803    -0.413    -0.430
 6    -0.037     0.686    -0.727
 6     0.595     0.599     0.535
 7   112.557   -19.750    -4.304
 7     0.695     0.710     0.105
 7    -0.718     0.685     0.121
 7     0.014    -0.160     0.987
 8   125.630   -26.075    20.481
 8     0.884    -0.078     0.460
 8    -0.225    -0.935     0.274
 8     0.409    -0.346    -0.844
 9   147.830   -33.631    26.071
 9     0.785     0.507    -0.356
 9    -0.206     0.755     0.622
 9     0.585    -0.415     0.697
 2    96.615   -18.740    59.742
 2    -0.054    -0.998    -0.016
 2     0.996    -0.055     0.067
 2    -0.068    -0.012     0.997
 3   127.395    -2.357     5.671
 3     0.472    -0.606    -0.641
 3     0.377     0.796    -0.474
 3     0.797    -0.018     0.604
 4   104.876     6.473    -5.662
 4     0.503    -0.667     0.550
 4     0.654     0.709     0.262
 4    -0.565     0.228     0.792
 5   123.221    19.525    15.561
 5     0.917    -0.189     0.352
 5     0.087    -0.765    -0.638
 5     0.390     0.615    -0.685
 6   146.879    22.253    21.206
 6     0.876    -0.287    -0.389
 6    -0.072     0.719    -0.692
 6     0.477     0.633     0.609
 7   111.584   -19.678    -4.668
 7     0.706     0.686     0.176
 7    -0.706     0.702     0.095
 7    -0.059    -0.191     0.980
 8   127.701   -26.216    17.715
 8     0.930    -0.114     0.349
 8    -0.223    -0.930     0.292
 8     0.292    -0.349    -0.890
 9   150.336   -33.932    19.195
 9     0.873     0.425    -0.240
 9    -0.224     0.785     0.578
 9     0.433    -0.451     0.780
 2    96.565   -18.740    59.793
 2    -0.053    -0.998    -0.016
 2     0.996    -0.054     0.067
 2    -0.068    -0.012     0.997
 3   126.979    -2.376     4.972
 3     0.490    -0.617    -0.616
 3     0.385     0.787    -0.482
 3     0.782    -0.001     0.623
 4   103.673     5.803    -5.803
 4     0.469    -0.656     0.592
 4     0.631     0.717     0.295
 4    -0.618     0.235     0.750
 5   123.757    19.088    13.874
 5     0.944    -0.168     0.282
 5     0.064    -0.747    -0.661
 5     0.322     0.642    -0.695
 6   147.711    20.708    17.841
 6     0.909    -0.210    -0.359
 6    -0.099     0.729    -0.677
 6     0.404     0.651     0.643
 7   110.776   -19.666    -4.815
 7     0.714     0.662     0.227
 7    -0.691     0.718     0.077
 7    -0.112    -0.212     0.971
 8   128.603   -26.397    15.532
 8     0.955    -0.131     0.265
 8    -0.215    -0.922     0.321
 8     0.202    -0.364    -0.909
 9   151.272   -33.520    14.839
 9     0.909     0.378    -0.175
 9    -0.232     0.807     0.542
 9     0.346    -0.452     0.822
 2    96.615   -18.740    59.742
 2    -0.054    -0.998    -0.016
 2     0.996    -0.055     0.067
 2    -0.068    -0.012     0.997
 3   126.570    -2.317     4.266
 3     0.506    -0.627    -0.592
 3     0.392     0.778    -0.491
 3     0.768     0.016     0.639
 4   102.945     5.497    -5.960
 4     0.447    -0.651     0.613
 4     0.623     0.719     0.309
 4    -0.642     0.243     0.727
 5   123.749    18.546    13.093
 5     0.954    -0.166     0.250
 5     0.047    -0.741    -0.669
 5     0.296     0.650    -0.699
 6   147.881    19.842    16.281
 6     0.919    -0.176    -0.353
 6    -0.114     0.739    -0.664
 6     0.377     0.651     0.659
 7   110.207   -19.616    -4.941
 7     0.715     0.648     0.260
 7    -0.683     0.727     0.066
 7    -0.146    -0.225     0.963
 8   129.365   -26.418    13.945
 8     0.970    -0.153     0.190
 8    -0.211    -0.918     0.336
 8     0.123    -0.366    -0.922
 9   151.972   -33.860    11.147
 9     0.931     0.347    -0.114
 9    -0.245     0.823     0.512
 9     0.272    -0.449     0.851
 2    96.615   -18.740    59.742
 2    -0.054    -0.998    -0.016
 2     0.996    -0.055     0.067
 2    -0.068    -0.012     0.997
 3   126.477    -2.452     4.084
 3     0.514    -0.623    -0.589
 3     0.391     0.781    -0.486
 3     0.763     0.020     0.646
 4   102.744     5.411    -5.986
 4     0.441    -0.649     0.620
 4     0.619     0.720     0.314
 4    -0.650     0.245     0.719
 5   123.593    18.343    13.080
 5     0.952    -0.180     0.245
 5     0.034    -0.738    -0.673
 5     0.302     0.650    -0.697
 6   147.741    19.136    16.257
 6     0.914    -0.168    -0.370
 6    -0.125     0.750    -0.649
 6     0.387     0.639     0.664
 7   109.914   -19.412    -5.126
 7     0.718     0.633     0.287
 7    -0.672     0.738     0.053
 7    -0.178    -0.231     0.956
 8   129.899   -26.724    12.234
 8     0.976    -0.182     0.118
 8    -0.213    -0.909     0.357
 8     0.042    -0.374    -0.927
 9   151.988   -34.113     6.770
 9     0.950     0.310    -0.034
 9    -0.256     0.834     0.488
 9     0.179    -0.455     0.872
 2    96.615   -18.740    59.742
 2    -0.054    -0.998    -0.016
 2     0.996    -0.055     0.067
 2    -0.068    -0.012     0.997
 3   126.364    -2.510     3.771
 3     0.523    -0.618    -0.587
 3     0.388     0.786    -0.481
 3     0.759     0.024     0.651
 4   102.544     5.353    -6.093
 4     0.432    -0.650     0.625
 4     0.617     0.719     0.319
 4    -0.657     0.248     0.712
 5   123.435    18.244    12.885
 5     0.951    -0.190     0.244
 5     0.027    -0.737    -0.675
 5     0.308     0.649    -0.696
 6   147.582    18.783    16.244
 6     0.910    -0.166    -0.379
 6    -0.131     0.753    -0.645
 6     0.392     0.637     0.664
 7   109.639   -19.313    -5.273
 7     0.719     0.617     0.318
 7    -0.661     0.749     0.040
 7    -0.214    -0.240     0.947
 8   130.664   -26.775    10.271
 8     0.975    -0.216     0.044
 8    -0.217    -0.904     0.369
 8    -0.040    -0.370    -0.928
 9   152.372   -34.192     2.324
 9     0.961     0.272     0.051
 9    -0.265     0.848     0.459
 9     0.081    -0.455     0.887
 2    96.615   -18.740    59.742
 2    -0.054    -0.998    -0.016
 2     0.996    -0.055     0.067
 2    -0.068    -0.012     0.997
 3   126.345    -2.467     3.538
 3     0.530    -0.616    -0.583
 3     0.387     0.787    -0.480
 3     0.754     0.029     0.656
 4   102.278     5.288    -6.183
 4     0.422    -0.646     0.636
 4     0.612     0.720     0.326
 4    -0.669     0.252     0.699
 5   123.472    18.338    12.704
 5     0.953    -0.188     0.238
 5     0.025    -0.732    -0.680
 5     0.302     0.654    -0.693
 6   147.618    18.724    15.863
 6     0.913    -0.155    -0.377
 6    -0.135     0.757    -0.639
 6     0.385     0.634     0.670
 7   109.409   -19.102    -5.324
 7     0.724     0.598     0.343
 7    -0.647     0.762     0.035
 7    -0.240    -0.247     0.939
 8   130.955   -26.638     8.568
 8     0.972    -0.234    -0.022
 8    -0.209    -0.903     0.376
 8    -0.108    -0.361    -0.926
 9   152.000   -33.670    -1.287
 9     0.966     0.230     0.119
 9    -0.260     0.855     0.448
 9     0.001    -0.463     0.886
 2    96.615   -18.740    59.742
 2    -0.054    -0.998    -0.016
 2     0.996    -0.055     0.067
 2    -0.068    -0.012     0.997
 3   126.192    -2.349     3.209
 3     0.539    -0.619    -0.571
 3     0.390     0.784    -0.483
 3     0.747     0.037     0.664
 4   101.945     5.202    -6.259
 4     0.410    -0.646     0.644
 4     0.610     0.719     0.333
 4    -0.678     0.256     0.689
 5   123.396    18.326    12.333
 5     0.956    -0.182     0.228
 5     0.025    -0.727    -0.686
 5     0.291     0.661    -0.691
 6   147.660    18.530    14.926
 6     0.919    -0.137    -0.370
 6    -0.141     0.763    -0.631
 6     0.369     0.631     0.682
 7   109.208   -19.016    -5.406
 7     0.728     0.579     0.366
 7    -0.632     0.774     0.034
 7    -0.264    -0.256     0.930
 8   131.387   -26.370     7.266
 8     0.966    -0.246    -0.079
 8    -0.198    -0.901     0.386
 8    -0.166    -0.358    -0.919
 9   151.871   -33.311    -3.990
 9     0.965     0.199     0.170
 9    -0.255     0.861     0.439
 9    -0.059    -0.467     0.882
 2    96.615   -18.740    59.742
 2    -0.054    -0.998    -0.015
 2     0.996    -0.055     0.067
 2    -0.068    -0.012     0.997
 3   126.135    -2.352     3.115
 3     0.542    -0.619    -0.568
 3     0.389     0.784    -0.484
 3     0.745     0.041     0.666
 4   101.886     5.150    -6.253
 4     0.406    -0.647     0.645
 4     0.610     0.717     0.335
 4    -0.680     0.257     0.687
 5   123.341    18.324    12.238
 5     0.957    -0.180     0.228
 5     0.027    -0.727    -0.686
 5     0.289     0.663    -0.691
 6   147.607    18.477    14.858
 6     0.919    -0.133    -0.371
 6    -0.142     0.766    -0.627
 6     0.367     0.628     0.685
 7   109.081   -18.906    -5.463
 7     0.730     0.563     0.387
 7    -0.619     0.785     0.027
 7    -0.288    -0.259     0.922
 8   131.559   -26.490     5.798
 8     0.954    -0.268    -0.133
 8    -0.194    -0.893     0.406
 8    -0.227    -0.362    -0.904
 9   151.352   -32.841    -7.311
 9     0.958     0.164     0.233
 9    -0.251     0.873     0.417
 9    -0.135    -0.458     0.878
 2    96.615   -18.740    59.742
 2    -0.054    -0.998    -0.016
 2     0.996    -0.055     0.067
 2    -0.068    -0.012     0.997
 3   126.136    -2.379     3.039
 3     0.544    -0.616    -0.569
 3     0.386     0.786    -0.482
 3     0.745     0.042     0.666
 4   101.887     5.150    -6.253
 4     0.407    -0.647     0.645
 4     0.610     0.717     0.335
 4    -0.680     0.257     0.687
 5   123.227    18.226    12.227
 5     0.955    -0.183     0.230
 5     0.026    -0.726    -0.687
 5     0.293     0.663    -0.689
 6   147.547    18.303    14.921
 6     0.917    -0.132    -0.376
 6    -0.145     0.769    -0.623
 6     0.372     0.625     0.686
 7   108.929   -18.747    -5.518
 7     0.730     0.549     0.407
 7    -0.608     0.794     0.020
 7    -0.312    -0.262     0.913
 8   131.610   -26.509     4.170
 8     0.939    -0.291    -0.182
 8    -0.191    -0.884     0.427
 8    -0.285    -0.367    -0.886
 9   150.566   -32.601   -10.488
 9     0.945     0.137     0.296
 9    -0.252     0.883     0.395
 9    -0.207    -0.448     0.870
 2    96.615   -18.740    59.742
 2    -0.054    -0.998    -0.016
 2     0.996    -0.055     0.067
 2    -0.068    -0.012     0.997
 3   126.113    -2.433     2.988
 3     0.548    -0.609    -0.574
 3     0.379     0.792    -0.479
 3     0.745     0.044     0.665
 4   101.886     5.150    -6.279
 4     0.406    -0.647     0.645
 4     0.610     0.718     0.335
 4    -0.680     0.258     0.687
 5   123.143    18.282    12.311
 5     0.954    -0.189     0.233
 5     0.024    -0.725    -0.688
 5     0.299     0.661    -0.688
 6   147.463    18.408    15.260
 6     0.914    -0.133    -0.384
 6    -0.147     0.772    -0.618
 6     0.378     0.621     0.686
 7   108.755   -18.484    -5.555
 7     0.732     0.532     0.426
 7    -0.594     0.804     0.016
 7    -0.334    -0.265     0.904
 8   131.498   -26.499     2.852
 8     0.923    -0.311    -0.225
 8    -0.185    -0.875     0.447
 8    -0.336    -0.371    -0.866
 9   149.580   -32.514   -13.615
 9     0.927     0.113     0.358
 9    -0.253     0.894     0.370
 9    -0.278    -0.434     0.857
 2    96.616   -18.740    59.742
 2    -0.053    -0.998    -0.016
 2     0.996    -0.054     0.067
 2    -0.068    -0.012     0.997
 3   126.015    -2.435     2.937
 3     0.550    -0.605    -0.576
 3     0.376     0.795    -0.475
 3     0.745     0.045     0.665
 4   101.886     5.150    -6.280
 4     0.406    -0.646     0.646
 4     0.610     0.718     0.334
 4    -0.680     0.258     0.686
 5   123.034    18.185    12.346
 5     0.952    -0.196     0.235
 5     0.021    -0.724    -0.689
 5     0.305     0.661    -0.686
 6   147.408    18.184    15.394
 6     0.910    -0.133    -0.392
 6    -0.151     0.776    -0.613
 6     0.385     0.617     0.686
 7   108.573   -18.326    -5.679
 7     0.730     0.514     0.450
 7    -0.580     0.814     0.012
 7    -0.360    -0.270     0.893
 8   131.335   -26.439     1.280
 8     0.905    -0.331    -0.268
 8    -0.179    -0.867     0.465
 8    -0.386    -0.374    -0.843
 9   148.515   -32.201   -16.917
 9     0.903     0.088     0.420
 9    -0.249     0.904     0.346
 9    -0.349    -0.417     0.839
 2    96.615   -18.740    59.742
 2    -0.054    -0.998    -0.016
 2     0.996    -0.055     0.067
 2    -0.068    -0.012     0.997
 3   126.017    -2.438     2.860
 3     0.555    -0.598    -0.578
 3     0.370     0.800    -0.473
 3     0.745     0.048     0.665
 4   101.782     5.097    -6.277
 4     0.406    -0.645     0.648
 4     0.609     0.719     0.333
 4    -0.681     0.259     0.685
 5   123.050    18.190    12.456
 5     0.950    -0.202     0.237
 5     0.018    -0.724    -0.690
 5     0.311     0.659    -0.684
 6   147.380    18.140    15.727
 6     0.906    -0.135    -0.400
 6    -0.153     0.778    -0.609
 6     0.393     0.613     0.685
 7   108.411   -18.221    -5.873
 7     0.729     0.493     0.474
 7    -0.564     0.826     0.008
 7    -0.388    -0.273     0.880
 8   131.330   -26.299    -0.184
 8     0.887    -0.346    -0.306
 8    -0.168    -0.858     0.485
 8    -0.430    -0.379    -0.819
 9   147.596   -31.675   -19.740
 9     0.880     0.063     0.470
 9    -0.241     0.913     0.329
 9    -0.409    -0.403     0.819
 2    96.616   -18.740    59.742
 2    -0.053    -0.998    -0.016
 2     0.996    -0.054     0.067
 2    -0.068    -0.012     0.997
 3   125.968    -2.491     2.860
 3     0.557    -0.596    -0.579
 3     0.366     0.801    -0.472
 3     0.745     0.050     0.664
 4   101.775     5.145    -6.271
 4     0.405    -0.643     0.650
 4     0.608     0.720     0.333
 4    -0.683     0.260     0.682
 5   123.004    18.164    12.404
 5     0.950    -0.206     0.235
 5     0.015    -0.722    -0.691
 5     0.312     0.660    -0.683
 6   147.338    17.886    15.671
 6     0.905    -0.131    -0.405
 6    -0.158     0.780    -0.605
 6     0.395     0.611     0.685
 7   108.278   -17.935    -6.078
 7     0.728     0.472     0.496
 7    -0.547     0.837     0.005
 7    -0.413    -0.275     0.868
 8   130.998   -25.981    -1.679
 8     0.868    -0.360    -0.342
 8    -0.153    -0.849     0.505
 8    -0.472    -0.386    -0.792
 9   146.530   -30.868   -22.293
 9     0.855     0.038     0.517
 9    -0.229     0.923     0.310
 9    -0.465    -0.383     0.798
 2    96.616   -18.740    59.742
 2    -0.053    -0.998    -0.016
 2     0.996    -0.054     0.067
 2    -0.068    -0.012     0.997
 3   125.967    -2.390     2.757
 3     0.558    -0.594    -0.579
 3     0.363     0.802    -0.474
 3     0.745     0.054     0.664
 4   101.631     5.139    -6.358
 4     0.400    -0.640     0.656
 4     0.606     0.722     0.334
 4    -0.688     0.263     0.676
 5   123.047    18.159    12.288
 5     0.951    -0.206     0.230
 5     0.012    -0.720    -0.694
 5     0.309     0.662    -0.682
 6   147.437    17.833    15.550
 6     0.905    -0.127    -0.407
 6    -0.161     0.782    -0.602
 6     0.394     0.609     0.688
 7   108.084   -17.723    -6.193
 7     0.725     0.457     0.514
 7    -0.535     0.845     0.003
 7    -0.433    -0.278     0.858
 8   130.819   -25.757    -2.770
 8     0.851    -0.372    -0.370
 8    -0.144    -0.844     0.517
 8    -0.504    -0.387    -0.772
 9   145.567   -30.201   -24.324
 9     0.834     0.018     0.551
 9    -0.216     0.930     0.296
 9    -0.508    -0.366     0.780
 2    96.615   -18.740    59.742
 2    -0.054    -0.998    -0.016
 2     0.996    -0.055     0.067
 2    -0.068    -0.012     0.997
 3   125.891    -2.367     2.628
 3     0.561    -0.593    -0.577
 3     0.360     0.803    -0.475
 3     0.745     0.059     0.664
 4   101.572     5.138    -6.354
 4     0.396    -0.640     0.658
 4     0.606     0.721     0.336
 4    -0.690     0.266     0.674
 5   122.992    18.157    12.243
 5     0.951    -0.204     0.229
 5     0.013    -0.719    -0.694
 5     0.307     0.664    -0.682
 6   147.383    17.831    15.454
 6     0.906    -0.125    -0.405
 6    -0.161     0.783    -0.601
 6     0.392     0.609     0.689
 7   107.931   -17.606    -6.231
 7     0.723     0.448     0.524
 7    -0.528     0.849     0.001
 7    -0.445    -0.278     0.851
 8   130.580   -25.604    -3.572
 8     0.836    -0.384    -0.391
 8    -0.139    -0.839     0.526
 8    -0.530    -0.386    -0.755
 9   144.704   -29.805   -25.828
 9     0.816     0.008     0.578
 9    -0.208     0.937     0.280
 9    -0.540    -0.349     0.766
 2    96.616   -18.740    59.742
 2    -0.053    -0.998    -0.016
 2     0.996    -0.054     0.067
 2    -0.068    -0.012     0.997
 3   125.895    -2.317     2.520
 3     0.563    -0.591    -0.577
 3     0.356     0.804    -0.476
 3     0.746     0.063     0.663
 4   101.548     5.191    -6.359
 4     0.394    -0.641     0.659
 4     0.607     0.719     0.336
 4    -0.689     0.267     0.673
 5   122.992    18.157    12.243
 5     0.951    -0.204     0.230
 5     0.013    -0.720    -0.694
 5     0.307     0.663    -0.682
 6   147.333    17.882    15.404
 6     0.906    -0.125    -0.405
 6    -0.160     0.784    -0.600
 6     0.392     0.608     0.690
 7   107.858   -17.462    -6.252
 7     0.722     0.440     0.533
 7    -0.521     0.854     0.000
 7    -0.455    -0.278     0.846
 8   130.417   -25.571    -4.224
 8     0.825    -0.399    -0.400
 8    -0.144    -0.833     0.534
 8    -0.547    -0.383    -0.745
 9   143.873   -29.482   -27.146
 9     0.799     0.003     0.601
 9    -0.199     0.945     0.259
 9    -0.567    -0.327     0.756
 2    96.615   -18.740    59.742
 2    -0.054    -0.998    -0.016
 2     0.996    -0.055     0.067
 2    -0.068    -0.012     0.997
 3   125.845    -2.267     2.520
 3     0.564    -0.590    -0.578
 3     0.354     0.805    -0.476
 3     0.746     0.064     0.662
 4   101.546     5.191    -6.360
 4     0.393    -0.641     0.659
 4     0.608     0.719     0.336
 4    -0.689     0.269     0.673
 5   122.969    18.184    12.239
 5     0.951    -0.204     0.231
 5     0.015    -0.720    -0.694
 5     0.308     0.663    -0.682
 6   147.333    17.882    15.404
 6     0.906    -0.125    -0.405
 6    -0.160     0.784    -0.600
 6     0.392     0.608     0.690
 7   107.755   -17.397    -6.289
 7     0.718     0.433     0.544
 7    -0.515     0.857    -0.003
 7    -0.467    -0.278     0.839
 8   130.051   -25.678    -5.170
 8     0.805    -0.425    -0.414
 8    -0.149    -0.820     0.552
 8    -0.574    -0.383    -0.724
 9   142.559   -29.124   -28.978
 9     0.772     0.001     0.635
 9    -0.192     0.953     0.232
 9    -0.606    -0.301     0.736
 2    96.616   -18.740    59.742
 2    -0.053    -0.998    -0.016
 2     0.996    -0.054     0.067
 2    -0.068    -0.012     0.997
 3   125.796    -2.268     2.443
 3     0.566    -0.588    -0.578
 3     0.351     0.806    -0.476
 3     0.746     0.066     0.662
 4   101.444     5.217    -6.311
 4     0.391    -0.642     0.659
 4     0.610     0.717     0.336
 4    -0.689     0.270     0.673
 5   122.869    18.235    12.239
 5     0.951    -0.203     0.233
 5     0.016    -0.721    -0.693
 5     0.308     0.663    -0.682
 6   147.283    17.907    15.379
 6     0.906    -0.125    -0.405
 6    -0.160     0.784    -0.599
 6     0.392     0.607     0.690
 7   107.596   -17.285    -6.240
 7     0.713     0.427     0.557
 7    -0.509     0.860    -0.008
 7    -0.482    -0.278     0.831
 8   129.521   -25.637    -6.024
 8     0.782    -0.449    -0.432
 8    -0.149    -0.808     0.570
 8    -0.605    -0.382    -0.698
 9   141.170   -28.846   -30.625
 9     0.741    -0.001     0.671
 9    -0.187     0.960     0.207
 9    -0.645    -0.279     0.711
 2    96.616   -18.740    59.742
 2    -0.053    -0.998    -0.016
 2     0.996    -0.054     0.067
 2    -0.068    -0.012     0.997
 3   125.743    -2.221     2.344
 3     0.570    -0.584    -0.578
 3     0.346     0.808    -0.476
 3     0.745     0.071     0.663
 4   101.391     5.218    -6.313
 4     0.389    -0.643     0.660
 4     0.612     0.716     0.336
 4    -0.689     0.273     0.672
 5   122.799    18.187    12.232
 5     0.950    -0.203     0.235
 5     0.017    -0.721    -0.692
 5     0.310     0.662    -0.682
 6   147.165    17.961    15.394
 6     0.905    -0.128    -0.405
 6    -0.158     0.785    -0.599
 6     0.395     0.606     0.690
 7   107.390   -17.147    -6.344
 7     0.706     0.421     0.569
 7    -0.505     0.863    -0.012
 7    -0.496    -0.279     0.822
 8   128.793   -25.852    -6.954
 8     0.757    -0.480    -0.443
 8    -0.154    -0.790     0.593
 8    -0.635    -0.381    -0.672
 9   139.586   -28.771   -32.199
 9     0.708     0.004     0.705
 9    -0.185     0.966     0.180
 9    -0.681    -0.258     0.685
 2    96.616   -18.740    59.742
 2    -0.053    -0.998    -0.016
 2     0.996    -0.054     0.067
 2    -0.068    -0.012     0.997
 3   125.708    -2.177     2.229
 3     0.577    -0.578    -0.577
 3     0.341     0.812    -0.473
 3     0.742     0.076     0.665
 4   101.364     5.271    -6.270
 4     0.386    -0.644     0.661
 4     0.615     0.713     0.335
 4    -0.688     0.277     0.671
 5   122.581    18.422    12.268
 5     0.949    -0.201     0.243
 5     0.024    -0.723    -0.690
 5     0.314     0.661    -0.682
 6   146.927    18.272    15.531
 6     0.904    -0.135    -0.406
 6    -0.151     0.788    -0.597
 6     0.400     0.601     0.691
 7   107.272   -17.028    -6.317
 7     0.703     0.416     0.576
 7    -0.501     0.865    -0.014
 7    -0.504    -0.279     0.817
 8   128.454   -26.103    -7.521
 8     0.741    -0.502    -0.446
 8    -0.163    -0.779     0.606
 8    -0.652    -0.376    -0.659
 9   138.602   -29.083   -33.055
 9     0.687     0.008     0.726
 9    -0.189     0.967     0.168
 9    -0.702    -0.253     0.666
 2    96.566   -18.791    59.742
 2    -0.053    -0.998    -0.016
 2     0.996    -0.054     0.067
 2    -0.068    -0.012     0.997
 3   125.727    -2.156     2.238
 3     0.581    -0.575    -0.576
 3     0.339     0.814    -0.471
 3     0.740     0.078     0.668
 4   101.215     5.276    -6.281
 4     0.382    -0.646     0.661
 4     0.619     0.710     0.336
 4    -0.686     0.281     0.671
 5   122.415    18.479    12.330
 5     0.948    -0.199     0.249
 5     0.028    -0.725    -0.688
 5     0.318     0.659    -0.682
 6   146.767    18.508    15.762
 6     0.902    -0.144    -0.407
 6    -0.145     0.788    -0.598
 6     0.407     0.598     0.690
 7   107.215   -16.980    -6.307
 7     0.702     0.415     0.578
 7    -0.500     0.865    -0.015
 7    -0.507    -0.279     0.815
 8   128.244   -26.160    -7.682
 8     0.736    -0.509    -0.446
 8    -0.166    -0.775     0.610
 8    -0.656    -0.375    -0.655
 9   138.363   -29.091   -33.212
 9     0.681     0.008     0.732
 9    -0.190     0.968     0.165
 9    -0.707    -0.251     0.661
 2    96.616   -18.740    59.742
 2    -0.053    -0.998    -0.016
 2     0.996    -0.054     0.067
 2    -0.068    -0.012     0.997
 3   125.698    -2.158     2.191
 3     0.583    -0.574    -0.575
 3     0.338     0.815    -0.470
 3     0.739     0.080     0.669
 4   101.215     5.226    -6.281
 4     0.381    -0.646     0.661
 4     0.620     0.709     0.336
 4    -0.686     0.281     0.671
 5   122.316    18.557    12.378
 5     0.947    -0.198     0.252
 5     0.032    -0.725    -0.688
 5     0.319     0.659    -0.681
 6   146.673    18.664    15.904
 6     0.901    -0.148    -0.407
 6    -0.141     0.788    -0.599
 6     0.410     0.597     0.689
 7   107.216   -16.979    -6.261
 7     0.704     0.415     0.577
 7    -0.499     0.866    -0.014
 7    -0.506    -0.278     0.817
 8   128.297   -26.159    -7.584
 8     0.737    -0.508    -0.444
 8    -0.166    -0.774     0.610
 8    -0.655    -0.376    -0.656
 9   138.413   -29.091   -33.162
 9     0.681     0.008     0.732
 9    -0.189     0.968     0.165
 9    -0.707    -0.251     0.661
 2    96.618   -18.790    59.739
 2    -0.053    -0.998    -0.015
 2     0.996    -0.054     0.066
 2    -0.067    -0.012     0.997
 3   125.723    -2.106     2.293
 3     0.582    -0.575    -0.575
 3     0.339     0.814    -0.471
 3     0.739     0.079     0.669
 4   101.214     5.226    -6.332
 4     0.380    -0.648     0.660
 4     0.620     0.708     0.337
 4    -0.686     0.281     0.671
 5   122.272    18.534    12.423
 5     0.946    -0.199     0.254
 5     0.033    -0.725    -0.688
 5     0.321     0.659    -0.680
 6   146.601    18.691    15.977
 6     0.901    -0.150    -0.408
 6    -0.140     0.788    -0.599
 6     0.411     0.597     0.689
 7   107.371   -17.024    -6.274
 7     0.707     0.412     0.574
 7    -0.496     0.868    -0.012
 7    -0.503    -0.277     0.819
 8   128.352   -26.156    -7.520
 8     0.740    -0.507    -0.442
 8    -0.166    -0.774     0.611
 8    -0.652    -0.379    -0.657
 9   138.491   -29.114   -33.115
 9     0.682     0.009     0.731
 9    -0.189     0.968     0.165
 9    -0.706    -0.251     0.662
 2    96.616   -18.791    59.742
 2    -0.053    -0.998    -0.015
 2     0.996    -0.054     0.066
 2    -0.068    -0.012     0.997
 3   125.719    -2.056     2.298
 3     0.582    -0.575    -0.575
 3     0.340     0.814    -0.470
 3     0.738     0.078     0.669
 4   101.213     5.201    -6.333
 4     0.379    -0.649     0.660
 4     0.621     0.707     0.338
 4    -0.686     0.281     0.671
 5   122.202    18.537    12.416
 5     0.946    -0.198     0.258
 5     0.036    -0.725    -0.688
 5     0.323     0.660    -0.679
 6   146.552    18.845    16.024
 6     0.901    -0.152    -0.407
 6    -0.138     0.787    -0.601
 6     0.412     0.597     0.688
 7   107.321   -17.024    -6.274
 7     0.708     0.412     0.573
 7    -0.496     0.868    -0.011
 7    -0.503    -0.277     0.819
 8   128.352   -26.183    -7.520
 8     0.740    -0.509    -0.440
 8    -0.167    -0.772     0.613
 8    -0.652    -0.380    -0.656
 9   138.465   -29.089   -33.116
 9     0.682     0.010     0.731
 9    -0.189     0.968     0.163
 9    -0.706    -0.249     0.662
 2    96.618   -18.790    59.739
 2    -0.053    -0.998    -0.015
 2     0.996    -0.054     0.066
 2    -0.067    -0.012     0.997
 3   125.706    -2.054     2.337
 3     0.581    -0.572    -0.580
 3     0.338     0.817    -0.468
 3     0.741     0.076     0.667
 4   101.192     5.202    -6.285
 4     0.380    -0.649     0.659
 4     0.621     0.707     0.337
 4    -0.685     0.281     0.672
 5   122.083    18.617    12.534
 5     0.944    -0.198     0.262
 5     0.039    -0.726    -0.687
 5     0.326     0.659    -0.677
 6   146.428    18.922    16.147
 6     0.900    -0.155    -0.407
 6    -0.137     0.787    -0.602
 6     0.413     0.597     0.687
 7   107.321   -17.024    -6.274
 7     0.708     0.411     0.574
 7    -0.496     0.868    -0.011
 7    -0.503    -0.276     0.819
 8   128.248   -26.236    -7.515
 8     0.738    -0.512    -0.439
