% Calibrated with leiden_pols
% Positions are in centimeters
Data =[
 2    96.616   -18.791    59.742
 2    -0.053    -0.998    -0.015
 2     0.996    -0.054     0.066
 2    -0.068    -0.012     0.997
 3   129.285    -2.057     7.526
 3     0.403    -0.575    -0.712
 3     0.338     0.816    -0.468
 3     0.850    -0.053     0.523
 4   109.826     9.033    -4.777
 4     0.575    -0.737     0.354
 4     0.776     0.629     0.049
 4    -0.259     0.247     0.933
 5   111.343    18.474    22.630
 5     0.465    -0.231     0.854
 5     0.115    -0.941    -0.318
 5     0.878     0.246    -0.411
 6   125.877    25.096    43.238
 6     0.427    -0.829    -0.360
 6    -0.010     0.394    -0.919
 6     0.904     0.396     0.160
 7   115.712   -19.959    -4.839
 7     0.659     0.751    -0.000
 7    -0.742     0.652     0.154
 7     0.116    -0.102     0.988
 8   117.187   -24.570    22.338
 8     0.496     0.050     0.867
 8    -0.166    -0.974     0.151
 8     0.852    -0.219    -0.475
 9   133.048   -31.362    41.484
 9     0.377     0.749    -0.545
 9    -0.084     0.613     0.786
 9     0.922    -0.251     0.293
 2    96.616   -18.740    59.742
 2    -0.053    -0.998    -0.016
 2     0.996    -0.054     0.066
 2    -0.068    -0.012     0.997
 3   128.985    -1.988     7.806
 3     0.411    -0.578    -0.705
 3     0.342     0.814    -0.468
 3     0.845    -0.049     0.533
 4   109.442     9.091    -4.496
 4     0.573    -0.741     0.351
 4     0.780     0.624     0.043
 4    -0.251     0.249     0.935
 5   111.142    18.522    22.879
 5     0.466    -0.234     0.853
 5     0.109    -0.942    -0.318
 5     0.878     0.241    -0.414
 6   125.701    25.319    43.392
 6     0.435    -0.828    -0.354
 6    -0.008     0.389    -0.921
 6     0.900     0.403     0.163
 7   115.214   -19.977    -4.417
 7     0.656     0.754    -0.010
 7    -0.744     0.649     0.161
 7     0.128    -0.099     0.987
 8   116.655   -24.391    23.118
 8     0.502     0.038     0.864
 8    -0.166    -0.976     0.140
 8     0.849    -0.213    -0.484
 9   132.687   -31.442    41.859
 9     0.397     0.761    -0.514
 9    -0.079     0.586     0.806
 9     0.914    -0.279     0.293
 2    96.616   -18.740    59.742
 2    -0.053    -0.998    -0.015
 2     0.996    -0.054     0.067
 2    -0.068    -0.012     0.997
 3   128.653    -2.181     8.078
 3     0.426    -0.568    -0.704
 3     0.342     0.822    -0.455
 3     0.837    -0.047     0.544
 4   109.271     9.089    -4.270
 4     0.579    -0.735     0.353
 4     0.776     0.629     0.037
 4    -0.250     0.252     0.935
 5   111.075    18.516    23.048
 5     0.471    -0.233     0.851
 5     0.108    -0.942    -0.317
 5     0.875     0.241    -0.419
 6   125.696    25.215    43.502
 6     0.438    -0.825    -0.357
 6    -0.009     0.393    -0.919
 6     0.899     0.406     0.165
 7   114.661   -20.206    -4.129
 7     0.643     0.765    -0.011
 7    -0.754     0.635     0.169
 7     0.136    -0.100     0.985
 8   116.195   -24.572    23.378
 8     0.508     0.013     0.861
 8    -0.172    -0.978     0.116
 8     0.844    -0.207    -0.495
 9   132.467   -31.626    42.080
 9     0.409     0.768    -0.493
 9    -0.080     0.567     0.819
 9     0.909    -0.296     0.293
 2    96.616   -18.740    59.742
 2    -0.053    -0.998    -0.016
 2     0.996    -0.054     0.066
 2    -0.068    -0.012     0.997
 3   128.588    -2.368     8.150
 3     0.436    -0.562    -0.703
 3     0.340     0.826    -0.449
 3     0.833    -0.044     0.551
 4   109.202     8.988    -4.200
 4     0.583    -0.731     0.353
 4     0.773     0.633     0.033
 4    -0.248     0.254     0.935
 5   111.139    18.508    23.237
 5     0.476    -0.238     0.847
 5     0.103    -0.941    -0.322
 5     0.873     0.240    -0.424
 6   125.835    25.262    43.594
 6     0.441    -0.822    -0.360
 6    -0.008     0.397    -0.917
 6     0.897     0.407     0.168
 7   114.575   -20.303    -3.969
 7     0.642     0.766    -0.015
 7    -0.753     0.634     0.173
 7     0.142    -0.101     0.985
 8   116.145   -24.623    23.378
 8     0.507     0.011     0.861
 8    -0.173    -0.978     0.114
 8     0.844    -0.207    -0.495
 9   132.367   -31.626    42.131
 9     0.409     0.769    -0.492
 9    -0.080     0.567     0.820
 9     0.909    -0.296     0.293
 2    96.565   -18.740    59.793
 2    -0.054    -0.998    -0.016
 2     0.996    -0.055     0.067
 2    -0.068    -0.012     0.997
 3   128.404    -2.420     8.212
 3     0.437    -0.564    -0.700
 3     0.344     0.824    -0.449
 3     0.831    -0.045     0.554
 4   109.050     8.860    -4.146
 4     0.583    -0.731     0.354
 4     0.773     0.633     0.033
 4    -0.249     0.254     0.934
 5   111.115    18.457    23.238
 5     0.476    -0.238     0.846
 5     0.103    -0.941    -0.323
 5     0.873     0.241    -0.424
 6   125.907    25.158    43.553
 6     0.443    -0.819    -0.365
 6    -0.008     0.403    -0.915
 6     0.896     0.408     0.172
 7   114.461   -20.375    -3.857
 7     0.641     0.767    -0.017
 7    -0.753     0.633     0.177
 7     0.147    -0.101     0.984
 8   116.073   -24.672    23.505
 8     0.508     0.007     0.861
 8    -0.172    -0.979     0.109
 8     0.844    -0.203    -0.496
 9   132.293   -31.548    42.208
 9     0.410     0.769    -0.490
 9    -0.078     0.564     0.822
 9     0.909    -0.299     0.291
 2    96.616   -18.740    59.742
 2    -0.053    -0.998    -0.016
 2     0.996    -0.055     0.067
 2    -0.068    -0.012     0.997
 3   128.450    -2.498     8.243
 3     0.439    -0.562    -0.701
 3     0.344     0.825    -0.447
 3     0.830    -0.045     0.555
 4   109.053     8.861    -4.149
 4     0.584    -0.731     0.354
 4     0.773     0.634     0.033
 4    -0.248     0.254     0.935
 5   111.115    18.508    23.238
 5     0.477    -0.239     0.845
 5     0.103    -0.941    -0.324
 5     0.873     0.241    -0.424
 6   125.957    25.210    43.554
 6     0.443    -0.818    -0.366
 6    -0.007     0.405    -0.914
 6     0.896     0.408     0.173
 7   114.414   -20.375    -3.808
 7     0.640     0.768    -0.017
 7    -0.754     0.632     0.179
 7     0.148    -0.101     0.984
 8   116.023   -24.620    23.606
 8     0.508     0.006     0.861
 8    -0.171    -0.979     0.108
 8     0.844    -0.202    -0.496
 9   132.188   -31.600    42.317
 9     0.410     0.771    -0.487
 9    -0.078     0.561     0.824
 9     0.908    -0.300     0.290
 2    96.615   -18.740    59.742
 2    -0.054    -0.998    -0.016
 2     0.996    -0.055     0.067
 2    -0.068    -0.012     0.997
 3   128.400    -2.498     8.242
 3     0.438    -0.562    -0.701
 3     0.344     0.825    -0.447
 3     0.830    -0.045     0.555
 4   109.103     8.861    -4.098
 4     0.584    -0.730     0.353
 4     0.772     0.634     0.033
 4    -0.248     0.254     0.935
 5   111.115    18.456    23.239
 5     0.477    -0.240     0.845
 5     0.103    -0.940    -0.325
 5     0.873     0.242    -0.424
 6   126.008    25.158    43.555
 6     0.444    -0.817    -0.368
 6    -0.008     0.407    -0.913
 6     0.896     0.408     0.174
 7   114.392   -20.426    -3.810
 7     0.638     0.769    -0.018
 7    -0.755     0.630     0.179
 7     0.149    -0.102     0.983
 8   115.974   -24.671    23.606
 8     0.508     0.005     0.861
 8    -0.171    -0.979     0.107
 8     0.844    -0.202    -0.497
 9   132.139   -31.625    42.368
 9     0.411     0.772    -0.484
 9    -0.078     0.559     0.825
 9     0.908    -0.301     0.290
 2    96.565   -18.740    59.793
 2    -0.053    -0.998    -0.016
 2     0.996    -0.054     0.067
 2    -0.068    -0.012     0.997
 3   128.400    -2.548     8.243
 3     0.438    -0.562    -0.701
 3     0.344     0.826    -0.447
 3     0.830    -0.046     0.556
 4   109.029     8.809    -4.097
 4     0.585    -0.730     0.353
 4     0.772     0.635     0.032
 4    -0.248     0.253     0.935
 5   111.110    18.454    23.246
 5     0.477    -0.241     0.845
 5     0.103    -0.940    -0.327
 5     0.872     0.243    -0.424
