% Calibrated with leiden_pols
% Positions are in centimeters
Data =[
 2    96.615   -18.791    59.793
 2    -0.053    -0.998    -0.016
 2     0.996    -0.054     0.067
 2    -0.068    -0.012     0.997
 3   128.485    -2.065     6.612
 3     0.461    -0.576    -0.675
 3     0.362     0.817    -0.449
 3     0.810    -0.038     0.585
 4   107.521     8.138    -5.084
 4     0.572    -0.675     0.466
 4     0.699     0.698     0.154
 4    -0.430     0.237     0.871
 5   121.180    20.337    19.387
 5     0.820    -0.255     0.512
 5     0.104    -0.814    -0.571
 5     0.563     0.522    -0.641
 6   143.569    23.789    29.499
 6     0.775    -0.421    -0.472
 6    -0.066     0.689    -0.721
 6     0.629     0.590     0.506
 7   113.971   -19.591    -4.706
 7     0.732     0.673     0.098
 7    -0.680     0.719     0.139
 7     0.024    -0.169     0.985
 8   128.611   -27.148    18.482
 8     0.903    -0.176     0.391
 8    -0.286    -0.926     0.245
 8     0.319    -0.334    -0.887
 9   151.188   -35.032    19.524
 9     0.897     0.392    -0.205
 9    -0.194     0.765     0.613
 9     0.397    -0.510     0.762
 2    96.615   -18.740    59.793
 2    -0.053    -0.998    -0.016
 2     0.996    -0.054     0.067
 2    -0.068    -0.012     0.997
 3   128.146    -2.013     6.553
 3     0.485    -0.577    -0.657
 3     0.363     0.816    -0.449
 3     0.795    -0.021     0.605
 4   107.143     8.383    -4.963
 4     0.568    -0.673     0.472
 4     0.710     0.692     0.131
 4    -0.415     0.260     0.871
 5   119.418    19.834    20.135
 5     0.786    -0.269     0.556
 5     0.093    -0.839    -0.537
 5     0.610     0.474    -0.635
 6   140.418    23.031    32.559
 6     0.726    -0.493    -0.479
 6    -0.066     0.644    -0.762
 6     0.684     0.585     0.435
 7   113.812   -19.587    -4.768
 7     0.730     0.675     0.101
 7    -0.682     0.715     0.150
 7     0.029    -0.179     0.983
 8   123.851   -27.534    20.239
 8     0.793    -0.125     0.595
 8    -0.306    -0.928     0.214
 8     0.526    -0.352    -0.775
 9   145.118   -35.759    27.891
 9     0.778     0.518    -0.356
 9    -0.177     0.724     0.666
 9     0.603    -0.456     0.655
 2    96.616   -18.740    59.742
 2    -0.053    -0.998    -0.016
 2     0.996    -0.054     0.067
 2    -0.068    -0.012     0.997
 3   128.084    -1.964     6.483
 3     0.490    -0.571    -0.659
 3     0.351     0.821    -0.450
 3     0.798    -0.010     0.603
 4   107.373     8.929    -4.510
 4     0.559    -0.692     0.457
 4     0.747     0.659     0.084
 4    -0.360     0.294     0.885
 5   115.188    19.499    21.887
 5     0.652    -0.282     0.703
 5     0.099    -0.888    -0.448
 5     0.751     0.362    -0.552
 6   132.556    24.585    39.264
 6     0.530    -0.694    -0.487
 6    -0.023     0.563    -0.826
 6     0.847     0.449     0.283
 7   114.148   -19.787    -4.583
 7     0.700     0.711     0.057
 7    -0.705     0.678     0.208
 7     0.109    -0.186     0.976
 8   118.482   -24.938    22.213
 8     0.572    -0.014     0.820
 8    -0.218    -0.967     0.135
 8     0.791    -0.256    -0.556
 9   135.221   -32.976    39.529
 9     0.390     0.644    -0.658
 9    -0.143     0.748     0.648
 9     0.910    -0.159     0.383
 2    96.615   -18.740    59.742
 2    -0.054    -0.998    -0.016
 2     0.996    -0.055     0.067
 2    -0.068    -0.012     0.997
 3   128.155    -1.831     6.868
 3     0.484    -0.569    -0.665
 3     0.348     0.822    -0.450
 3     0.803    -0.014     0.596
 4   108.073     9.195    -4.399
 4     0.554    -0.714     0.428
 4     0.765     0.639     0.075
 4    -0.327     0.285     0.901
 5   111.408    19.178    22.315
 5     0.506    -0.262     0.821
 5     0.105    -0.927    -0.360
 5     0.856     0.269    -0.442
 6   125.723    25.024    42.688
 6     0.374    -0.815    -0.443
 6    -0.015     0.472    -0.881
 6     0.927     0.336     0.164
 7   114.657   -20.153    -4.037
 7     0.677     0.735     0.023
 7    -0.717     0.652     0.247
 7     0.167    -0.184     0.969
 8   115.670   -23.913    23.074
 8     0.434    -0.100     0.895
 8    -0.210    -0.978    -0.007
 8     0.875    -0.185    -0.446
 9   130.380   -31.994    42.912
 9     0.288     0.745    -0.602
 9    -0.086     0.646     0.758
 9     0.953    -0.167     0.250
 2    96.615   -18.740    59.742
 2    -0.054    -0.998    -0.016
 2     0.996    -0.055     0.067
 2    -0.068    -0.012     0.997
 3   128.209    -1.950     7.249
 3     0.475    -0.561    -0.678
 3     0.345     0.827    -0.443
 3     0.809    -0.024     0.587
 4   108.348     9.217    -4.286
 4     0.558    -0.718     0.417
 4     0.772     0.633     0.057
 4    -0.305     0.289     0.907
 5   110.901    18.835    22.301
 5     0.435    -0.232     0.870
 5     0.110    -0.945    -0.307
 5     0.893     0.229    -0.386
 6   124.850    25.095    43.416
 6     0.352    -0.833    -0.427
 6    -0.014     0.452    -0.892
 6     0.936     0.320     0.148
 7   114.649   -20.506    -4.051
 7     0.670     0.742     0.025
 7    -0.722     0.643     0.255
 7     0.173    -0.189     0.966
 8   116.376   -24.516    23.264
 8     0.451    -0.026     0.892
 8    -0.190    -0.979     0.067
 8     0.872    -0.200    -0.447
 9   132.536   -31.519    42.388
 9     0.356     0.673    -0.649
 9    -0.070     0.711     0.699
 9     0.932    -0.204     0.300
 2    96.565   -18.740    59.793
 2    -0.053    -0.998    -0.016
 2     0.996    -0.054     0.067
 2    -0.068    -0.012     0.997
 3   128.316    -2.229     7.424
 3     0.476    -0.553    -0.684
 3     0.340     0.833    -0.436
 3     0.810    -0.025     0.585
 4   108.518     9.179    -4.052
 4     0.570    -0.715     0.404
 4     0.769     0.638     0.042
 4    -0.288     0.287     0.913
 5   111.510    18.762    23.022
 5     0.490    -0.272     0.828
 5     0.099    -0.927    -0.363
 5     0.866     0.260    -0.427
 6   126.550    24.603    43.250
 6     0.388    -0.781    -0.489
 6    -0.012     0.526    -0.850
 6     0.921     0.335     0.195
 7   114.683   -20.681    -3.961
 7     0.668     0.744     0.022
 7    -0.723     0.641     0.257
 7     0.177    -0.188     0.966
 8   116.355   -24.665    23.414
 8     0.461    -0.016     0.887
 8    -0.183    -0.980     0.078
 8     0.868    -0.199    -0.455
 9   132.740   -31.108    42.163
 9     0.382     0.668    -0.639
 9    -0.051     0.705     0.707
 9     0.923    -0.238     0.303
 2    96.566   -18.740    59.742
 2    -0.053    -0.998    -0.016
 2     0.996    -0.054     0.067
 2    -0.068    -0.012     0.997
 3   128.322    -2.304     7.420
 3     0.476    -0.551    -0.686
 3     0.340     0.834    -0.434
 3     0.811    -0.027     0.584
 4   108.516     9.128    -4.049
 4     0.570    -0.715     0.405
 4     0.769     0.638     0.042
 4    -0.289     0.287     0.913
 5   111.496    18.754    22.990
 5     0.495    -0.275     0.824
 5     0.098    -0.925    -0.367
 5     0.863     0.263    -0.431
 6   126.498    24.763    43.051
 6     0.388    -0.797    -0.463
 6    -0.009     0.499    -0.866
 6     0.922     0.340     0.186
 7   114.689   -20.781    -3.944
 7     0.665     0.746     0.018
 7    -0.724     0.640     0.257
 7     0.180    -0.185     0.966
 8   116.920   -24.385    23.425
 8     0.479    -0.026     0.877
 8    -0.181    -0.981     0.069
 8     0.858    -0.192    -0.475
 9   133.384   -31.767    41.781
 9     0.330     0.655    -0.680
 9    -0.099     0.740     0.665
 9     0.939    -0.153     0.309
 2    96.616   -18.740    59.742
 2    -0.053    -0.998    -0.016
 2     0.996    -0.054     0.067
 2    -0.068    -0.012     0.997
 3   128.216    -2.476     7.413
 3     0.468    -0.539    -0.700
 3     0.344     0.841    -0.418
 3     0.814    -0.046     0.579
 4   108.127     8.713    -4.332
 4     0.573    -0.701     0.424
 4     0.743     0.663     0.090
 4    -0.345     0.264     0.901
 5   113.351    19.612    22.075
 5     0.544    -0.363     0.756
 5     0.089    -0.871    -0.482
 5     0.834     0.329    -0.442
 6   129.969    24.927    40.956
 6     0.406    -0.720    -0.562
 6     0.009     0.618    -0.786
 6     0.913     0.314     0.258
 7   113.931   -20.528    -3.926
 7     0.685     0.726     0.054
 7    -0.719     0.664     0.204
 7     0.112    -0.179     0.977
 8   122.781   -27.292    21.547
 8     0.669    -0.145     0.729
 8    -0.337    -0.933     0.123
 8     0.663    -0.328    -0.673
 9   143.074   -38.536    31.605
 9     0.632     0.649    -0.424
 9    -0.281     0.701     0.655
 9     0.722    -0.296     0.625
 2    96.615   -18.740    59.742
 2    -0.054    -0.998    -0.016
 2     0.996    -0.055     0.067
 2    -0.068    -0.012     0.997
 3   127.814    -2.641     6.417
 3     0.481    -0.556    -0.678
 3     0.351     0.830    -0.432
 3     0.803    -0.031     0.594
 4   106.510     7.865    -4.587
 4     0.542    -0.692     0.478
 4     0.734     0.666     0.132
 4    -0.410     0.279     0.868
 5   117.481    19.699    20.979
 5     0.727    -0.280     0.627
 5     0.123    -0.845    -0.520
 5     0.676     0.455    -0.580
 6   138.782    24.458    33.872
 6     0.678    -0.562    -0.474
 6     0.000     0.645    -0.764
 6     0.735     0.518     0.437
 7   112.757   -20.220    -4.761
 7     0.724     0.668     0.170
 7    -0.689     0.711     0.139
 7    -0.028    -0.218     0.975
 8   127.821   -30.096    16.278
 8     0.858    -0.258     0.443
 8    -0.404    -0.873     0.273
 8     0.317    -0.414    -0.854
 9   149.685   -40.879    16.247
 9     0.842     0.512    -0.168
 9    -0.356     0.762     0.540
 9     0.405    -0.396     0.824
 2    96.615   -18.740    59.742
 2    -0.054    -0.998    -0.016
 2     0.996    -0.055     0.067
 2    -0.068    -0.012     0.997
 3   127.493    -2.685     5.879
 3     0.499    -0.557    -0.664
 3     0.349     0.830    -0.433
 3     0.792    -0.016     0.609
 4   105.681     7.414    -4.915
 4     0.541    -0.657     0.525
 4     0.683     0.707     0.182
 4    -0.491     0.260     0.831
 5   121.566    19.523    18.287
 5     0.857    -0.262     0.443
 5     0.071    -0.793    -0.605
 5     0.510     0.550    -0.661
 6   144.683    21.820    26.878
 6     0.809    -0.378    -0.451
 6    -0.064     0.705    -0.706
 6     0.584     0.599     0.546
 7   111.491   -19.499    -4.971
 7     0.729     0.636     0.250
 7    -0.670     0.739     0.072
 7    -0.139    -0.220     0.965
 8   130.220   -30.014    10.618
 8     0.923    -0.349     0.162
 8    -0.385    -0.848     0.365
 8     0.010    -0.400    -0.916
 9   151.011   -39.948     2.593
 9     0.925     0.373     0.073
 9    -0.367     0.826     0.428
 9     0.099    -0.423     0.901
 2    96.615   -18.740    59.742
 2    -0.054    -0.998    -0.016
 2     0.996    -0.055     0.067
 2    -0.068    -0.012     0.997
 3   127.156    -2.881     5.323
 3     0.518    -0.542    -0.662
 3     0.348     0.840    -0.415
 3     0.781    -0.016     0.624
 4   104.782     6.837    -5.214
 4     0.524    -0.633     0.570
 4     0.651     0.729     0.211
 4    -0.550     0.260     0.793
 5   123.675    18.629    16.205
 5     0.913    -0.246     0.324
 5     0.023    -0.765    -0.643
 5     0.406     0.595    -0.693
 6   147.161    19.942    21.900
 6     0.869    -0.271    -0.414
 6    -0.100     0.723    -0.683
 6     0.484     0.635     0.601
 7   110.563   -18.769    -5.549
 7     0.734     0.589     0.337
 7    -0.634     0.773     0.028
 7    -0.245    -0.234     0.941
 8   130.969   -29.683     5.724
 8     0.914    -0.405    -0.018
 8    -0.358    -0.827     0.433
 8    -0.189    -0.390    -0.901
 9   150.147   -38.687    -6.812
 9     0.928     0.286     0.235
 9    -0.357     0.862     0.359
 9    -0.100    -0.417     0.903
 2    96.615   -18.714    59.742
 2    -0.054    -0.998    -0.016
 2     0.996    -0.055     0.067
 2    -0.068    -0.012     0.997
 3   126.766    -2.816     4.525
 3     0.532    -0.563    -0.632
 3     0.344     0.826    -0.447
 3     0.774     0.020     0.633
 4   103.828     6.536    -5.361
 4     0.490    -0.631     0.601
 4     0.639     0.729     0.245
 4    -0.594     0.264     0.760
 5   124.066    18.052    14.960
 5     0.936    -0.233     0.262
 5    -0.004    -0.754    -0.656
 5     0.351     0.614    -0.707
 6   147.776    18.964    19.994
 6     0.886    -0.228    -0.403
 6    -0.119     0.729    -0.674
 6     0.447     0.645     0.619
 7   109.722   -18.338    -5.762
 7     0.734     0.552     0.395
 7    -0.604     0.797     0.008
 7    -0.310    -0.244     0.919
 8   130.859   -28.871     2.793
 8     0.894    -0.429    -0.127
 8    -0.328    -0.823     0.464
 8    -0.304    -0.374    -0.876
 9   148.725   -36.915   -13.662
 9     0.907     0.209     0.364
 9    -0.332     0.888     0.318
 9    -0.257    -0.410     0.875
 2    96.616   -18.740    59.742
 2    -0.053    -0.998    -0.016
 2     0.996    -0.054     0.067
 2    -0.068    -0.012     0.997
 3   126.363    -2.703     3.910
 3     0.544    -0.578    -0.608
 3     0.350     0.815    -0.462
 3     0.762     0.038     0.646
 4   102.890     6.231    -5.587
 4     0.459    -0.635     0.621
 4     0.635     0.723     0.271
 4    -0.621     0.270     0.735
 5   123.866    17.856    14.445
 5     0.940    -0.236     0.244
 5    -0.014    -0.745    -0.666
 5     0.339     0.623    -0.704
 6   147.741    18.464    18.928
 6     0.893    -0.209    -0.399
 6    -0.129     0.730    -0.671
 6     0.431     0.650     0.625
 7   109.158   -18.119    -5.932
 7     0.729     0.526     0.437
 7    -0.586     0.810     0.003
 7    -0.353    -0.258     0.899
 8   130.714   -28.462     0.870
 8     0.876    -0.441    -0.196
 8    -0.306    -0.821     0.482
 8    -0.373    -0.362    -0.854
 9   147.448   -35.996   -17.118
 9     0.886     0.168     0.430
 9    -0.318     0.898     0.303
 9    -0.336    -0.406     0.850
 2    96.615   -18.740    59.742
 2    -0.054    -0.998    -0.016
 2     0.996    -0.055     0.067
 2    -0.068    -0.012     0.997
 3   126.154    -2.431     3.475
 3     0.551    -0.593    -0.588
 3     0.356     0.804    -0.477
 3     0.755     0.054     0.654
 4   102.346     6.084    -5.707
 4     0.435    -0.639     0.634
 4     0.632     0.719     0.289
 4    -0.641     0.275     0.717
 5   123.637    17.883    13.852
 5     0.948    -0.222     0.226
 5    -0.014    -0.742    -0.670
 5     0.317     0.633    -0.707
 6   147.731    18.030    17.545
 6     0.904    -0.178    -0.389
 6    -0.139     0.737    -0.661
 6     0.404     0.652     0.641
 7   108.760   -18.034    -6.089
 7     0.729     0.505     0.461
 7    -0.572     0.820     0.005
 7    -0.376    -0.268     0.887
 8   130.586   -28.130    -0.268
 8     0.866    -0.441    -0.233
 8    -0.288    -0.823     0.488
 8    -0.408    -0.356    -0.841
 9   146.949   -35.331   -19.605
 9     0.871     0.134     0.473
 9    -0.302     0.906     0.298
 9    -0.389    -0.402     0.829
 2    96.616   -18.740    59.742
 2    -0.053    -0.998    -0.016
 2     0.996    -0.054     0.067
 2    -0.068    -0.012     0.997
 3   126.085    -2.487     3.268
 3     0.556    -0.595    -0.581
 3     0.358     0.801    -0.478
 3     0.750     0.057     0.658
 4   102.211     5.841    -5.845
 4     0.428    -0.635     0.643
 4     0.625     0.722     0.297
 4    -0.653     0.275     0.706
 5   123.618    17.795    13.301
 5     0.951    -0.221     0.215
 5    -0.017    -0.733    -0.680
 5     0.308     0.643    -0.701
 6   147.719    17.357    16.596
 6     0.907    -0.154    -0.392
 6    -0.150     0.751    -0.642
 6     0.394     0.641     0.658
 7   108.584   -18.144    -6.175
 7     0.729     0.491     0.477
 7    -0.563     0.826     0.010
 7    -0.389    -0.276     0.879
 8   130.613   -27.795    -1.071
 8     0.859    -0.435    -0.267
 8    -0.264    -0.827     0.497
 8    -0.437    -0.357    -0.826
 9   146.416   -34.419   -21.037
 9     0.862     0.106     0.496
 9    -0.282     0.913     0.294
 9    -0.422    -0.393     0.817
 2    96.616   -18.740    59.742
 2    -0.053    -0.998    -0.016
 2     0.996    -0.054     0.067
 2    -0.068    -0.012     0.997
 3   126.077    -2.541     3.149
 3     0.558    -0.594    -0.579
 3     0.358     0.802    -0.478
 3     0.748     0.059     0.660
 4   102.177     5.761    -5.886
 4     0.426    -0.635     0.645
 4     0.623     0.722     0.299
 4    -0.656     0.275     0.703
 5   123.528    17.695    13.219
 5     0.950    -0.226     0.214
 5    -0.019    -0.730    -0.683
 5     0.311     0.645    -0.698
 6   147.721    17.203    16.674
 6     0.906    -0.149    -0.397
 6    -0.156     0.753    -0.639
 6     0.394     0.641     0.658
 7   108.560   -18.048    -6.198
 7     0.732     0.478     0.485
 7    -0.552     0.833     0.012
 7    -0.399    -0.277     0.874
 8   130.577   -27.619    -1.862
 8     0.849    -0.438    -0.296
 8    -0.244    -0.821     0.517
 8    -0.469    -0.366    -0.803
 9   145.722   -33.471   -22.867
 9     0.845     0.077     0.528
 9    -0.258     0.925     0.279
 9    -0.467    -0.372     0.802
 2    96.616   -18.740    59.742
 2    -0.053    -0.998    -0.016
 2     0.996    -0.054     0.067
 2    -0.068    -0.012     0.997
 3   126.074    -2.568     3.077
 3     0.560    -0.592    -0.580
 3     0.356     0.804    -0.476
 3     0.747     0.060     0.661
 4   102.174     5.760    -5.883
 4     0.425    -0.634     0.645
 4     0.623     0.723     0.299
 4    -0.657     0.274     0.702
 5   123.467    17.623    13.205
 5     0.948    -0.231     0.216
 5    -0.021    -0.728    -0.685
 5     0.316     0.645    -0.696
 6   147.552    17.025    16.770
 6     0.904    -0.148    -0.401
 6    -0.161     0.752    -0.639
 6     0.396     0.642     0.656
 7   108.455   -17.881    -6.260
 7     0.731     0.468     0.496
 7    -0.544     0.839     0.009
 7    -0.412    -0.276     0.868
 8   130.268   -27.473    -2.695
 8     0.833    -0.450    -0.322
 8    -0.232    -0.812     0.535
 8    -0.502    -0.371    -0.781
 9   144.645   -32.581   -24.726
 9     0.822     0.050     0.567
 9    -0.240     0.934     0.265
 9    -0.516    -0.354     0.780
 2    96.615   -18.740    59.742
 2    -0.054    -0.998    -0.016
 2     0.996    -0.055     0.067
 2    -0.068    -0.012     0.997
 3   125.980    -2.544     2.920
 3     0.562    -0.586    -0.584
 3     0.352     0.808    -0.472
 3     0.748     0.060     0.661
 4   102.176     5.762    -5.887
 4     0.424    -0.635     0.645
 4     0.623     0.722     0.300
 4    -0.656     0.275     0.702
 5   123.359    17.629    13.362
 5     0.946    -0.236     0.221
 5    -0.022    -0.730    -0.683
 5     0.323     0.642    -0.695
 6   147.509    17.026    17.014
 6     0.902    -0.148    -0.406
 6    -0.165     0.750    -0.640
 6     0.399     0.644     0.652
 7   108.303   -17.714    -6.252
 7     0.728     0.464     0.503
 7    -0.539     0.842     0.002
 7    -0.423    -0.273     0.864
 8   129.937   -27.445    -3.388
 8     0.821    -0.463    -0.334
 8    -0.228    -0.803     0.551
 8    -0.523    -0.376    -0.765
 9   143.833   -32.363   -26.020
 9     0.803     0.035     0.594
 9    -0.230     0.939     0.256
 9    -0.549    -0.342     0.762
 2    96.615   -18.740    59.742
 2    -0.054    -0.998    -0.015
 2     0.996    -0.055     0.067
 2    -0.068    -0.012     0.997
 3   125.937    -2.495     2.968
 3     0.565    -0.579    -0.588
 3     0.346     0.813    -0.468
 3     0.749     0.060     0.660
 4   102.081     5.842    -5.900
 4     0.424    -0.635     0.645
 4     0.627     0.720     0.296
 4    -0.653     0.279     0.704
 5   123.060    17.641    13.629
 5     0.942    -0.242     0.232
 5    -0.021    -0.734    -0.678
 5     0.334     0.634    -0.697
 6   147.231    16.956    17.443
 6     0.897    -0.153    -0.414
 6    -0.167     0.749    -0.641
 6     0.408     0.644     0.647
 7   108.140   -17.619    -6.293
 7     0.725     0.471     0.501
 7    -0.540     0.842    -0.010
 7    -0.427    -0.263     0.865
 8   129.863   -27.657    -2.973
 8     0.830    -0.461    -0.312
 8    -0.240    -0.801     0.547
 8    -0.502    -0.380    -0.776
 9   143.997   -32.611   -25.619
 9     0.805     0.030     0.591
 9    -0.231     0.935     0.267
 9    -0.546    -0.352     0.760
 2    96.615   -18.740    59.742
 2    -0.054    -0.998    -0.016
 2     0.996    -0.055     0.067
 2    -0.068    -0.012     0.997
 3   125.924    -2.405     3.222
 3     0.576    -0.563    -0.593
 3     0.339     0.824    -0.453
 3     0.744     0.060     0.666
 4   102.207     6.516    -5.710
 4     0.436    -0.635     0.637
 4     0.650     0.712     0.264
 4    -0.622     0.299     0.724
 5   122.162    18.001    14.941
 5     0.925    -0.252     0.283
 5    -0.009    -0.762    -0.648
 5     0.379     0.597    -0.707
 6   146.149    17.604    20.063
 6     0.878    -0.200    -0.434
 6    -0.159     0.734    -0.660
 6     0.451     0.649     0.613
 7   108.637   -17.843    -6.325
 7     0.736     0.513     0.440
 7    -0.573     0.820     0.002
 7    -0.360    -0.254     0.898
 8   130.254   -28.335     3.074
 8     0.908    -0.391    -0.150
 8    -0.283    -0.837     0.469
 8    -0.309    -0.383    -0.870
 9   148.400   -34.849   -14.583
 9     0.909     0.034     0.414
 9    -0.219     0.886     0.408
 9    -0.353    -0.462     0.813
 2    96.615   -18.740    59.742
 2    -0.054    -0.998    -0.016
 2     0.996    -0.055     0.067
 2    -0.068    -0.012     0.997
 3   126.156    -2.278     3.714
 3     0.575    -0.550    -0.606
 3     0.340     0.834    -0.435
 3     0.744     0.043     0.666
 4   102.967     7.167    -5.482
 4     0.451    -0.655     0.606
 4     0.688     0.688     0.232
 4    -0.569     0.312     0.761
 5   119.694    18.328    17.630
 5     0.865    -0.280     0.416
 5     0.017    -0.813    -0.583
 5     0.501     0.511    -0.698
 6   142.017    19.765    27.391
 6     0.788    -0.387    -0.478
 6    -0.109     0.677    -0.728
 6     0.605     0.626     0.491
 7   110.056   -18.485    -6.084
 7     0.746     0.575     0.334
 7    -0.628     0.775     0.070
 7    -0.218    -0.262     0.940
 8   129.037   -28.401    11.708
 8     0.950    -0.289     0.114
 8    -0.311    -0.880     0.359
 8    -0.003    -0.377    -0.926
 9   150.993   -36.673     5.313
 9     0.957     0.288     0.010
 9    -0.251     0.817     0.518
 9     0.141    -0.499     0.855
 2    96.616   -18.740    59.742
 2    -0.053    -0.998    -0.016
 2     0.996    -0.054     0.067
 2    -0.068    -0.012     0.997
 3   126.729    -1.768     4.515
 3     0.546    -0.571    -0.613
 3     0.354     0.820    -0.449
 3     0.759     0.028     0.650
 4   103.918     7.612    -5.334
 4     0.456    -0.686     0.567
 4     0.723     0.657     0.214
 4    -0.519     0.312     0.795
 5   116.732    19.041    19.448
 5     0.773    -0.274     0.572
 5     0.073    -0.857    -0.509
 5     0.630     0.436    -0.643
 6   137.098    23.106    33.295
 6     0.671    -0.569    -0.476
 6    -0.031     0.620    -0.784
 6     0.740     0.541     0.398
 7   111.781   -19.084    -5.706
 7     0.755     0.613     0.232
 7    -0.649     0.748     0.138
 7    -0.089    -0.255     0.963
 8   125.533   -26.834    17.602
 8     0.871    -0.190     0.453
 8    -0.322    -0.917     0.234
 8     0.372    -0.350    -0.860
 9   146.825   -36.481    23.316
 9     0.761     0.522    -0.385
 9    -0.274     0.797     0.538
 9     0.588    -0.304     0.749
 2    96.616   -18.740    59.742
 2    -0.053    -0.998    -0.016
 2     0.996    -0.054     0.067
 2    -0.068    -0.012     0.997
 3   127.091    -1.415     5.172
 3     0.522    -0.594    -0.612
 3     0.364     0.804    -0.469
 3     0.771     0.022     0.636
 4   104.649     7.992    -5.136
 4     0.464    -0.703     0.539
 4     0.747     0.637     0.188
 4    -0.476     0.316     0.821
 5   114.764    19.156    20.410
 5     0.702    -0.257     0.664
 5     0.107    -0.884    -0.455
 5     0.703     0.390    -0.593
 6   134.101    23.761    36.097
 6     0.608    -0.643    -0.467
 6    -0.013     0.579    -0.815
 6     0.794     0.501     0.344
 7   112.314   -19.450    -5.345
 7     0.737     0.650     0.184
 7    -0.675     0.719     0.161
 7    -0.028    -0.244     0.969
 8   121.426   -26.801    19.937
 8     0.750    -0.132     0.648
 8    -0.318    -0.931     0.178
 8     0.580    -0.339    -0.740
 9   141.812   -36.185    30.635
 9     0.642     0.579    -0.502
 9    -0.242     0.775     0.584
 9     0.727    -0.254     0.637
 2    96.615   -18.740    59.742
 2    -0.054    -0.998    -0.016
 2     0.996    -0.055     0.067
 2    -0.068    -0.012     0.997
 3   127.211    -1.635     5.612
 3     0.515    -0.578    -0.632
 3     0.351     0.815    -0.460
 3     0.781     0.015     0.623
 4   105.354     8.458    -4.899
 4     0.495    -0.693     0.524
 4     0.751     0.644     0.141
 4    -0.436     0.324     0.840
 5   113.686    19.184    21.006
 5     0.644    -0.266     0.717
 5     0.105    -0.898    -0.428
 5     0.757     0.351    -0.551
 6   131.819    24.169    38.165
 6     0.553    -0.696    -0.458
 6    -0.008     0.545    -0.839
 6     0.833     0.467     0.296
 7   112.384   -19.567    -5.193
 7     0.711     0.683     0.166
 7    -0.703     0.690     0.171
 7     0.002    -0.238     0.971
 8   118.289   -26.179    20.666
 8     0.613    -0.055     0.788
 8    -0.283    -0.947     0.155
 8     0.737    -0.318    -0.596
 9   136.776   -35.053    35.801
 9     0.505     0.608    -0.613
 9    -0.193     0.771     0.606
 9     0.841    -0.188     0.506
 2    96.565   -18.740    59.793
 2    -0.053    -0.998    -0.016
 2     0.996    -0.055     0.067
 2    -0.068    -0.012     0.997
 3   127.406    -1.732     5.877
 3     0.512    -0.570    -0.642
 3     0.348     0.821    -0.452
 3     0.785     0.008     0.619
 4   105.842     8.573    -4.887
 4     0.505    -0.692     0.516
 4     0.753     0.646     0.128
 4    -0.422     0.323     0.847
 5   112.943    18.929    21.268
 5     0.609    -0.254     0.751
 5     0.109    -0.911    -0.396
 5     0.785     0.323    -0.528
 6   130.467    24.156    39.184
 6     0.515    -0.732    -0.446
 6    -0.003     0.518    -0.855
 6     0.857     0.441     0.264
 7   112.707   -19.894    -5.033
 7     0.694     0.705     0.140
 7    -0.718     0.668     0.197
 7     0.045    -0.237     0.970
 8   116.000   -25.331    20.697
 8     0.465    -0.015     0.885
 8    -0.232    -0.967     0.106
 8     0.854    -0.254    -0.453
 9   132.750   -33.195    39.151
 9     0.381     0.637    -0.670
 9    -0.133     0.755     0.642
 9     0.915    -0.156     0.372
 2    96.615   -18.714    59.793
 2    -0.054    -0.998    -0.016
 2     0.996    -0.055     0.067
 2    -0.068    -0.012     0.997
 3   127.450    -1.862     5.914
 3     0.514    -0.566    -0.644
 3     0.349     0.824    -0.446
 3     0.783     0.004     0.621
 4   105.934     8.400    -4.898
 4     0.509    -0.695     0.507
 4     0.753     0.645     0.128
 4    -0.417     0.317     0.852
 5   112.595    18.904    21.330
 5     0.591    -0.245     0.768
 5     0.117    -0.916    -0.382
 5     0.798     0.316    -0.513
 6   129.723    24.642    39.515
 6     0.485    -0.750    -0.450
 6     0.006     0.518    -0.856
 6     0.874     0.412     0.255
 7   112.827   -20.333    -4.911
 7     0.678     0.724     0.126
 7    -0.731     0.647     0.216
 7     0.075    -0.239     0.968
 8   115.183   -25.021    20.875
 8     0.363     0.003     0.932
 8    -0.189    -0.979     0.076
 8     0.912    -0.204    -0.355
 9   131.160   -32.197    40.665
 9     0.318     0.645    -0.695
 9    -0.098     0.751     0.652
 9     0.943    -0.140     0.302
 2    96.615   -18.714    59.793
 2    -0.054    -0.998    -0.016
 2     0.996    -0.055     0.067
 2    -0.068    -0.012     0.997
 3   127.443    -2.221     6.212
 3     0.517    -0.560    -0.648
 3     0.351     0.829    -0.435
 3     0.780    -0.003     0.625
 4   106.045     8.072    -4.899
 4     0.511    -0.700     0.499
 4     0.752     0.645     0.133
 4    -0.415     0.307     0.856
 5   112.321    18.562    21.347
 5     0.582    -0.240     0.777
 5     0.120    -0.919    -0.374
 5     0.804     0.311    -0.507
 6   129.366    24.352    39.744
 6     0.471    -0.757    -0.454
 6     0.009     0.518    -0.855
 6     0.882     0.398     0.250
 7   112.932   -20.755    -4.845
 7     0.672     0.731     0.119
 7    -0.735     0.639     0.225
 7     0.088    -0.239     0.967
 8   115.283   -24.946    20.921
 8     0.352     0.024     0.935
 8    -0.167    -0.982     0.088
 8     0.921    -0.188    -0.342
 9   130.994   -31.770    41.086
 9     0.311     0.646    -0.697
 9    -0.082     0.749     0.657
 9     0.947    -0.147     0.286
 2    96.615   -18.740    59.742
 2    -0.054    -0.998    -0.016
 2     0.996    -0.055     0.067
 2    -0.068    -0.012     0.997
 3   127.323    -2.529     6.313
 3     0.520    -0.560    -0.645
 3     0.358     0.828    -0.431
 3     0.775    -0.006     0.631
 4   105.989     7.763    -4.986
 4     0.512    -0.700     0.497
 4     0.749     0.647     0.138
 4    -0.419     0.302     0.856
 5   112.418    18.484    21.304
 5     0.583    -0.243     0.775
 5     0.121    -0.918    -0.379
 5     0.803     0.314    -0.506
 6   129.563    24.435    39.557
 6     0.464    -0.753    -0.466
 6     0.014     0.532    -0.846
 6     0.885     0.386     0.258
 7   112.996   -20.900    -4.788
 7     0.675     0.728     0.116
 7    -0.731     0.641     0.232
 7     0.094    -0.242     0.966
 8   115.564   -24.809    21.067
 8     0.365     0.046     0.930
 8    -0.156    -0.982     0.110
 8     0.918    -0.185    -0.352
 9   131.300   -31.406    41.151
 9     0.309     0.636    -0.707
 9    -0.075     0.757     0.649
 9     0.948    -0.148     0.282
 2    96.615   -18.740    59.793
 2    -0.054    -0.998    -0.016
 2     0.996    -0.055     0.067
 2    -0.068    -0.012     0.997
 3   127.252    -2.577     6.360
 3     0.517    -0.564    -0.644
 3     0.361     0.825    -0.433
 3     0.776    -0.009     0.630
 4   105.935     7.708    -4.924
 4     0.514    -0.699     0.498
 4     0.747     0.650     0.141
 4    -0.422     0.299     0.856
 5   113.036    18.656    21.151
 5     0.599    -0.281     0.749
 5     0.111    -0.898    -0.426
 5     0.793     0.339    -0.507
 6   130.484    24.131    39.156
 6     0.458    -0.717    -0.525
 6     0.014     0.596    -0.802
 6     0.889     0.360     0.283
 7   112.935   -20.902    -4.774
 7     0.679     0.724     0.120
 7    -0.728     0.645     0.230
 7     0.089    -0.244     0.965
 8   116.564   -25.159    21.439
 8     0.447     0.030     0.894
 8    -0.188    -0.974     0.127
 8     0.875    -0.224    -0.430
 9   133.388   -32.563    39.837
 9     0.361     0.639    -0.679
 9    -0.120     0.753     0.646
 9     0.925    -0.153     0.349
 2    96.616   -18.740    59.742
 2    -0.053    -0.998    -0.016
 2     0.996    -0.054     0.067
 2    -0.068    -0.012     0.997
 3   127.140    -2.674     6.270
 3     0.513    -0.562    -0.649
 3     0.360     0.827    -0.432
 3     0.779    -0.012     0.627
 4   105.698     7.748    -4.849
 4     0.521    -0.690     0.502
 4     0.738     0.660     0.141
 4    -0.429     0.297     0.853
 5   114.676    18.913    21.181
 5     0.652    -0.297     0.698
 5     0.099    -0.879    -0.466
 5     0.752     0.373    -0.544
 6   133.430    24.070    37.532
 6     0.526    -0.668    -0.527
 6     0.010     0.625    -0.781
 6     0.850     0.404     0.335
 7   112.608   -20.570    -4.932
 7     0.692     0.708     0.141
 7    -0.720     0.662     0.209
 7     0.055    -0.246     0.967
 8   119.148   -25.539    21.185
 8     0.563    -0.025     0.826
 8    -0.242    -0.961     0.136
 8     0.790    -0.276    -0.547
 9   137.759   -34.342    36.471
 9     0.481     0.622    -0.618
 9    -0.179     0.759     0.625
 9     0.858    -0.191     0.476
 2    96.615   -18.740    59.793
 2    -0.053    -0.998    -0.016
 2     0.996    -0.055     0.067
 2    -0.068    -0.012     0.997
 3   127.090    -2.625     6.219
 3     0.514    -0.562    -0.648
 3     0.358     0.827    -0.433
 3     0.779    -0.010     0.626
 4   105.417     7.832    -4.729
 4     0.522    -0.683     0.511
 4     0.728     0.668     0.149
 4    -0.443     0.294     0.846
 5   116.532    19.017    20.673
 5     0.719    -0.304     0.625
 5     0.081    -0.857    -0.509
 5     0.690     0.416    -0.591
 6   136.526    23.362    35.284
 6     0.602    -0.602    -0.525
 6    -0.002     0.656    -0.755
 6     0.798     0.455     0.393
 7   112.307   -20.316    -4.962
 7     0.701     0.694     0.161
 7    -0.712     0.676     0.187
 7     0.021    -0.246     0.969
 8   122.185   -26.562    20.262
 8     0.699    -0.097     0.708
 8    -0.285    -0.946     0.152
 8     0.656    -0.308    -0.689
 9   142.416   -35.368    31.236
 9     0.621     0.575    -0.533
 9    -0.223     0.781     0.583
 9     0.751    -0.243     0.613
 2    96.615   -18.740    59.742
 2    -0.054    -0.998    -0.016
 2     0.996    -0.055     0.067
 2    -0.068    -0.012     0.997
 3   126.988    -2.524     6.038
 3     0.515    -0.564    -0.646
 3     0.357     0.826    -0.436
 3     0.779    -0.006     0.626
 4   105.078     7.648    -4.817
 4     0.517    -0.677     0.523
 4     0.714     0.678     0.171
 4    -0.471     0.285     0.835
 5   118.341    18.918    19.887
 5     0.780    -0.305     0.546
 5     0.058    -0.834    -0.548
 5     0.622     0.459    -0.634
 6   139.402    22.986    32.691
 6     0.672    -0.537    -0.511
 6    -0.016     0.678    -0.735
 6     0.741     0.502     0.446
 7   111.841   -19.947    -4.997
 7     0.716     0.672     0.190
 7    -0.698     0.700     0.154
 7    -0.030    -0.243     0.969
 8   125.427   -26.942    18.639
 8     0.823    -0.133     0.552
 8    -0.298    -0.929     0.220
 8     0.483    -0.345    -0.804
 9   147.264   -35.799    24.594
 9     0.755     0.505    -0.418
 9    -0.252     0.812     0.527
 9     0.605    -0.293     0.740
 2    96.615   -18.740    59.742
 2    -0.054    -0.998    -0.016
 2     0.996    -0.055     0.067
 2    -0.068    -0.012     0.997
 3   126.957    -2.399     5.684
 3     0.517    -0.569    -0.640
 3     0.356     0.822    -0.444
 3     0.778     0.001     0.628
 4   104.561     7.404    -4.927
 4     0.503    -0.673     0.542
 4     0.698     0.686     0.203
 4    -0.509     0.276     0.815
 5   119.762    18.931    18.751
 5     0.832    -0.289     0.474
 5     0.045    -0.816    -0.576
 5     0.553     0.500    -0.666
 6   141.788    22.070    29.603
 6     0.738    -0.471    -0.483
 6    -0.034     0.689    -0.724
 6     0.673     0.551     0.493
 7   111.324   -19.572    -5.291
 7     0.727     0.643     0.240
 7    -0.678     0.727     0.108
 7    -0.105    -0.241     0.964
 8   128.204   -27.778    15.225
 8     0.908    -0.203     0.366
 8    -0.316    -0.905     0.284
 8     0.274    -0.374    -0.886
 9   150.543   -36.182    15.693
 9     0.866     0.428    -0.256
 9    -0.278     0.840     0.465
 9     0.414    -0.332     0.847
 2    96.615   -18.740    59.742
 2    -0.054    -0.998    -0.016
 2     0.996    -0.055     0.067
 2    -0.068    -0.012     0.997
 3   126.755    -2.403     5.114
 3     0.521    -0.584    -0.623
 3     0.360     0.812    -0.459
 3     0.773     0.015     0.633
 4   104.010     7.084    -5.218
 4     0.484    -0.666     0.567
 4     0.683     0.693     0.231
 4    -0.547     0.275     0.790
 5   121.061    18.723    17.463
 5     0.872    -0.274     0.406
 5     0.031    -0.796    -0.604
 5     0.488     0.540    -0.686
 6   143.919    21.440    26.337
 6     0.794    -0.405    -0.453
 6    -0.050     0.699    -0.713
 6     0.605     0.589     0.535
 7   110.702   -19.074    -5.500
 7     0.734     0.611     0.295
 7    -0.653     0.754     0.064
 7    -0.183    -0.240     0.953
 8   129.904   -27.843    11.780
 8     0.945    -0.261     0.194
 8    -0.315    -0.885     0.343
 8     0.082    -0.386    -0.919
 9   151.978   -36.289     6.645
 9     0.931     0.355    -0.081
 9    -0.295     0.864     0.407
 9     0.214    -0.356     0.909
 2    96.615   -18.714    59.742
 2    -0.054    -0.998    -0.016
 2     0.996    -0.055     0.067
 2    -0.068    -0.012     0.997
 3   126.584    -2.180     4.668
 3     0.527    -0.594    -0.608
 3     0.361     0.804    -0.473
 3     0.769     0.030     0.638
 4   103.505     6.927    -5.310
 4     0.466    -0.662     0.587
 4     0.672     0.696     0.251
 4    -0.575     0.277     0.770
 5   121.850    18.608    16.450
 5     0.899    -0.260     0.351
 5     0.018    -0.781    -0.624
 5     0.436     0.568    -0.698
 6   145.001    20.723    23.995
 6     0.831    -0.349    -0.432
 6    -0.070     0.706    -0.704
 6     0.551     0.615     0.563
 7   110.142   -18.511    -5.685
 7     0.740     0.581     0.338
 7    -0.627     0.778     0.034
 7    -0.243    -0.237     0.940
 8   130.678   -27.859     8.466
 8     0.950    -0.306     0.059
 8    -0.305    -0.871     0.386
 8    -0.067    -0.385    -0.921
 9   151.806   -35.727    -0.403
 9     0.954     0.295     0.057
 9    -0.295     0.882     0.366
 9     0.057    -0.366     0.929
 2    96.615   -18.714    59.742
 2    -0.054    -0.998    -0.016
 2     0.996    -0.055     0.067
 2    -0.068    -0.012     0.997
 3   126.380    -2.189     4.152
 3     0.536    -0.604    -0.590
 3     0.360     0.796    -0.486
 3     0.763     0.048     0.644
 4   102.989     6.725    -5.448
 4     0.450    -0.658     0.604
 4     0.664     0.699     0.266
 4    -0.597     0.281     0.751
 5   122.270    18.391    15.746
 5     0.914    -0.252     0.316
 5     0.008    -0.771    -0.637
 5     0.404     0.585    -0.703
 6   145.771    19.840    21.957
 6     0.856    -0.303    -0.419
 6    -0.089     0.711    -0.697
 6     0.509     0.634     0.582
 7   109.821   -18.317    -5.910
 7     0.740     0.558     0.375
 7    -0.608     0.794     0.019
 7    -0.287    -0.242     0.927
 8   131.230   -27.566     6.293
 8     0.942    -0.332    -0.032
 8    -0.290    -0.863     0.412
 8    -0.165    -0.380    -0.910
 9   151.480   -35.440    -5.593
 9     0.953     0.255     0.160
 9    -0.296     0.894     0.336
 9    -0.058    -0.368     0.928
 2    96.615   -18.714    59.742
 2    -0.054    -0.998    -0.015
 2     0.996    -0.055     0.067
 2    -0.068    -0.012     0.997
 3   126.339    -2.014     3.907
 3     0.539    -0.612    -0.579
 3     0.362     0.788    -0.497
 3     0.760     0.058     0.646
 4   102.632     6.526    -5.542
 4     0.435    -0.657     0.616
 4     0.657     0.699     0.281
 4    -0.616     0.282     0.736
 5   122.501    18.435    15.003
 5     0.926    -0.241     0.289
 5     0.005    -0.760    -0.650
 5     0.376     0.603    -0.703
 6   146.237    19.714    20.929
 6     0.870    -0.275    -0.410
 6    -0.096     0.720    -0.687
 6     0.484     0.636     0.600
 7   109.474   -18.112    -6.092
 7     0.742     0.534     0.405
 7    -0.589     0.808     0.014
 7    -0.320    -0.249     0.914
 8   131.316   -27.340     4.214
 8     0.930    -0.351    -0.104
 8    -0.274    -0.856     0.438
 8    -0.243    -0.379    -0.893
 9   150.774   -34.399    -9.761
 9     0.947     0.215     0.238
 9    -0.284     0.908     0.308
 9    -0.150    -0.360     0.921
 2    96.615   -18.714    59.793
 2    -0.054    -0.998    -0.015
 2     0.996    -0.055     0.067
 2    -0.068    -0.012     0.997
 3   126.224    -2.068     3.560
 3     0.543    -0.618    -0.569
 3     0.363     0.783    -0.505
 3     0.757     0.067     0.649
 4   102.354     6.228    -5.744
 4     0.422    -0.653     0.629
 4     0.649     0.702     0.293
 4    -0.633     0.284     0.720
 5   122.798    18.153    14.318
 5     0.936    -0.234     0.264
 5    -0.002    -0.751    -0.661
 5     0.353     0.617    -0.703
 6   146.685    18.840    18.944
 6     0.886    -0.233    -0.400
 6    -0.110     0.734    -0.670
 6     0.449     0.638     0.625
 7   109.170   -18.012    -6.289
 7     0.742     0.507     0.438
 7    -0.568     0.823     0.009
 7    -0.356    -0.256     0.899
 8   131.395   -27.355     1.659
 8     0.909    -0.376    -0.181
