% Calibrated with leiden_pols
% Positions are in centimeters
Data =[
 2    96.615   -18.791    59.793
 2    -0.053    -0.998    -0.016
 2     0.996    -0.054     0.067
 2    -0.068    -0.012     0.997
 3   128.485    -2.065     6.612
 3     0.461    -0.576    -0.675
 3     0.362     0.817    -0.449
 3     0.810    -0.038     0.585
 4   107.521     8.138    -5.084
 4     0.572    -0.675     0.466
 4     0.699     0.698     0.154
 4    -0.430     0.237     0.871
 5   121.180    20.337    19.387
 5     0.820    -0.255     0.512
 5     0.104    -0.814    -0.571
 5     0.563     0.522    -0.641
 6   143.569    23.789    29.499
 6     0.775    -0.421    -0.472
 6    -0.066     0.689    -0.721
 6     0.629     0.590     0.506
 7   113.971   -19.591    -4.706
 7     0.732     0.673     0.098
 7    -0.680     0.719     0.139
 7     0.024    -0.169     0.985
 8   128.611   -27.148    18.482
 8     0.903    -0.176     0.391
 8    -0.286    -0.926     0.245
 8     0.319    -0.334    -0.887
 9   151.188   -35.032    19.524
 9     0.897     0.392    -0.205
 9    -0.194     0.765     0.613
 9     0.397    -0.510     0.762
 2    96.615   -18.740    59.793
 2    -0.053    -0.998    -0.016
 2     0.996    -0.054     0.067
 2    -0.068    -0.012     0.997
 3   128.146    -2.013     6.553
 3     0.485    -0.577    -0.657
 3     0.363     0.816    -0.449
 3     0.795    -0.021     0.605
 4   107.143     8.383    -4.963
 4     0.568    -0.673     0.472
 4     0.710     0.692     0.131
 4    -0.415     0.260     0.871
 5   119.418    19.834    20.135
 5     0.786    -0.269     0.556
 5     0.093    -0.839    -0.537
 5     0.610     0.474    -0.635
 6   140.418    23.031    32.559
 6     0.726    -0.493    -0.479
 6    -0.066     0.644    -0.762
 6     0.684     0.585     0.435
 7   113.812   -19.587    -4.768
 7     0.730     0.675     0.101
 7    -0.682     0.715     0.150
 7     0.029    -0.179     0.983
 8   123.851   -27.534    20.239
 8     0.793    -0.125     0.595
 8    -0.306    -0.928     0.214
 8     0.526    -0.352    -0.775
 9   145.118   -35.759    27.891
 9     0.778     0.518    -0.356
 9    -0.177     0.724     0.666
 9     0.603    -0.456     0.655
 2    96.616   -18.740    59.742
 2    -0.053    -0.998    -0.016
 2     0.996    -0.054     0.067
 2    -0.068    -0.012     0.997
 3   128.084    -1.964     6.483
 3     0.490    -0.571    -0.659
 3     0.351     0.821    -0.450
 3     0.798    -0.010     0.603
 4   107.373     8.929    -4.510
 4     0.559    -0.692     0.457
 4     0.747     0.659     0.084
 4    -0.360     0.294     0.885
 5   115.188    19.499    21.887
 5     0.652    -0.282     0.703
 5     0.099    -0.888    -0.448
 5     0.751     0.362    -0.552
 6   132.556    24.585    39.264
 6     0.530    -0.694    -0.487
 6    -0.023     0.563    -0.826
 6     0.847     0.449     0.283
 7   114.148   -19.787    -4.583
 7     0.700     0.711     0.057
 7    -0.705     0.678     0.208
 7     0.109    -0.186     0.976
 8   118.482   -24.938    22.213
 8     0.572    -0.014     0.820
 8    -0.218    -0.967     0.135
 8     0.791    -0.256    -0.556
 9   135.221   -32.976    39.529
 9     0.390     0.644    -0.658
 9    -0.143     0.748     0.648
 9     0.910    -0.159     0.383
 2    96.615   -18.740    59.742
 2    -0.054    -0.998    -0.016
 2     0.996    -0.055     0.067
 2    -0.068    -0.012     0.997
 3   128.155    -1.831     6.868
 3     0.484    -0.569    -0.665
 3     0.348     0.822    -0.450
 3     0.803    -0.014     0.596
 4   108.073     9.195    -4.399
 4     0.554    -0.714     0.428
 4     0.765     0.639     0.075
 4    -0.327     0.285     0.901
 5   111.408    19.178    22.315
 5     0.506    -0.262     0.821
 5     0.105    -0.927    -0.360
 5     0.856     0.269    -0.442
 6   125.723    25.024    42.688
 6     0.374    -0.815    -0.443
 6    -0.015     0.472    -0.881
 6     0.927     0.336     0.164
 7   114.657   -20.153    -4.037
 7     0.677     0.735     0.023
 7    -0.717     0.652     0.247
 7     0.167    -0.184     0.969
 8   115.670   -23.913    23.074
 8     0.434    -0.100     0.895
 8    -0.210    -0.978    -0.007
 8     0.875    -0.185    -0.446
 9   130.380   -31.994    42.912
 9     0.288     0.745    -0.602
 9    -0.086     0.646     0.758
 9     0.953    -0.167     0.250
 2    96.615   -18.740    59.742
 2    -0.054    -0.998    -0.016
 2     0.996    -0.055     0.067
 2    -0.068    -0.012     0.997
 3   128.209    -1.950     7.249
 3     0.475    -0.561    -0.678
 3     0.345     0.827    -0.443
 3     0.809    -0.024     0.587
 4   108.348     9.217    -4.286
 4     0.558    -0.718     0.417
 4     0.772     0.633     0.057
 4    -0.305     0.289     0.907
 5   110.901    18.835    22.301
 5     0.435    -0.232     0.870
 5     0.110    -0.945    -0.307
 5     0.893     0.229    -0.386
 6   124.850    25.095    43.416
 6     0.352    -0.833    -0.427
 6    -0.014     0.452    -0.892
 6     0.936     0.320     0.148
 7   114.649   -20.506    -4.051
 7     0.670     0.742     0.025
 7    -0.722     0.643     0.255
 7     0.173    -0.189     0.966
 8   116.376   -24.516    23.264
 8     0.451    -0.026     0.892
 8    -0.190    -0.979     0.067
 8     0.872    -0.200    -0.447
 9   132.536   -31.519    42.388
 9     0.356     0.673    -0.649
 9    -0.070     0.711     0.699
 9     0.932    -0.204     0.300
 2    96.565   -18.740    59.793
 2    -0.053    -0.998    -0.016
 2     0.996    -0.054     0.067
 2    -0.068    -0.012     0.997
 3   128.316    -2.229     7.424
 3     0.476    -0.553    -0.684
 3     0.340     0.833    -0.436
 3     0.810    -0.025     0.585
 4   108.518     9.179    -4.052
 4     0.570    -0.715     0.404
 4     0.769     0.638     0.042
 4    -0.288     0.287     0.913
 5   111.510    18.762    23.022
 5     0.490    -0.272     0.828
 5     0.099    -0.927    -0.363
 5     0.866     0.260    -0.427
 6   126.550    24.603    43.250
 6     0.388    -0.781    -0.489
 6    -0.012     0.526    -0.850
 6     0.921     0.335     0.195
 7   114.683   -20.681    -3.961
 7     0.668     0.744     0.022
 7    -0.723     0.641     0.257
 7     0.177    -0.188     0.966
 8   116.355   -24.665    23.414
 8     0.461    -0.016     0.887
 8    -0.183    -0.980     0.078
 8     0.868    -0.199    -0.455
 9   132.740   -31.108    42.163
 9     0.382     0.668    -0.639
 9    -0.051     0.705     0.707
 9     0.923    -0.238     0.303
 2    96.566   -18.740    59.742
 2    -0.053    -0.998    -0.016
 2     0.996    -0.054     0.067
 2    -0.068    -0.012     0.997
 3   128.322    -2.304     7.420
 3     0.476    -0.551    -0.686
 3     0.340     0.834    -0.434
 3     0.811    -0.027     0.584
 4   108.516     9.128    -4.049
 4     0.570    -0.715     0.405
 4     0.769     0.638     0.042
 4    -0.289     0.287     0.913
 5   111.496    18.754    22.990
 5     0.495    -0.275     0.824
 5     0.098    -0.925    -0.367
 5     0.863     0.263    -0.431
 6   126.498    24.763    43.051
 6     0.388    -0.797    -0.463
 6    -0.009     0.499    -0.866
 6     0.922     0.340     0.186
 7   114.689   -20.781    -3.944
 7     0.665     0.746     0.018
 7    -0.724     0.640     0.257
 7     0.180    -0.185     0.966
 8   116.920   -24.385    23.425
 8     0.479    -0.026     0.877
 8    -0.181    -0.981     0.069
 8     0.858    -0.192    -0.475
 9   133.384   -31.767    41.781
 9     0.330     0.655    -0.680
 9    -0.099     0.740     0.665
 9     0.939    -0.153     0.309
 2    96.616   -18.740    59.742
 2    -0.053    -0.998    -0.016
 2     0.996    -0.054     0.067
 2    -0.068    -0.012     0.997
 3   128.216    -2.476     7.413
 3     0.468    -0.539    -0.700
 3     0.344     0.841    -0.418
 3     0.814    -0.046     0.579
 4   108.127     8.713    -4.332
 4     0.573    -0.701     0.424
 4     0.743     0.663     0.090
 4    -0.345     0.264     0.901
 5   113.351    19.612    22.075
 5     0.544    -0.363     0.756
 5     0.089    -0.871    -0.482
 5     0.834     0.329    -0.442
