% Calibrated with leiden_pols
% Positions are in centimeters
Data =[
 2    96.616   -18.791    59.742
 2    -0.053    -0.998    -0.015
 2     0.996    -0.054     0.067
 2    -0.068    -0.012     0.997
 3   126.524    -3.123     5.028
 3     0.530    -0.554    -0.642
 3     0.362     0.833    -0.419
 3     0.767    -0.011     0.642
 4   104.785     6.474    -6.137
 4     0.508    -0.626     0.591
 4     0.654     0.727     0.208
 4    -0.561     0.281     0.779
 5   114.860    21.025    18.228
 5     0.709    -0.532     0.462
 5    -0.059    -0.698    -0.714
 5     0.702     0.479    -0.527
 6   132.931     1.866    17.647
 6     0.537     0.764    -0.357
 6    -0.828     0.558    -0.052
 6     0.159     0.323     0.932
 7   110.462   -18.860    -6.519
 7     0.745     0.601     0.289
 7    -0.643     0.762     0.073
 7    -0.176    -0.240     0.954
 8   123.030   -31.305    14.596
 8     0.882     0.265     0.388
 8    -0.117    -0.676     0.727
 8     0.456    -0.687    -0.566
 9   135.036    -9.748    12.382
 9     0.260    -0.944    -0.203
 9     0.936     0.298    -0.186
 9     0.235    -0.142     0.961
 2    96.566   -18.791    59.742
 2    -0.053    -0.998    -0.015
 2     0.996    -0.054     0.067
 2    -0.068    -0.012     0.997
 3   126.524    -3.174     5.054
 3     0.529    -0.554    -0.643
 3     0.362     0.833    -0.419
 3     0.767    -0.011     0.641
 4   104.842     6.476    -6.143
 4     0.510    -0.626     0.590
 4     0.654     0.727     0.207
 4    -0.559     0.280     0.780
 5   114.864    21.027    18.275
 5     0.709    -0.533     0.462
 5    -0.059    -0.698    -0.714
 5     0.703     0.479    -0.526
 6   132.912     1.895    17.641
 6     0.540     0.764    -0.354
 6    -0.826     0.561    -0.050
 6     0.161     0.319     0.934
 7   110.495   -18.882    -6.481
 7     0.745     0.603     0.284
 7    -0.644     0.761     0.074
 7    -0.172    -0.239     0.956
 8   122.964   -31.252    14.713
 8     0.880     0.266     0.393
 8    -0.118    -0.679     0.724
 8     0.459    -0.684    -0.566
 9   134.930    -9.803    12.624
 9     0.263    -0.942    -0.208
 9     0.937     0.301    -0.179
 9     0.231    -0.148     0.961
 2    96.566   -18.791    59.742
 2    -0.053    -0.998    -0.015
 2     0.996    -0.054     0.067
 2    -0.068    -0.012     0.997
 3   126.473    -3.174     5.104
 3     0.529    -0.555    -0.642
 3     0.362     0.832    -0.420
 3     0.767    -0.010     0.641
 4   104.845     6.427    -6.145
 4     0.510    -0.627     0.588
 4     0.654     0.727     0.207
 4    -0.558     0.279     0.781
 5   114.792    20.978    18.322
 5     0.708    -0.532     0.464
 5    -0.057    -0.698    -0.714
 5     0.704     0.479    -0.524
 6   132.820     1.950    17.683
 6     0.543     0.762    -0.351
 6    -0.823     0.566    -0.046
 6     0.164     0.314     0.935
 7   110.505   -18.929    -6.471
 7     0.745     0.604     0.280
 7    -0.645     0.760     0.076
 7    -0.167    -0.237     0.957
 8   122.603   -31.013    15.228
 8     0.873     0.269     0.405
 8    -0.118    -0.691     0.713
 8     0.472    -0.671    -0.572
 9   134.914    -9.813    12.958
 9     0.271    -0.939    -0.213
 9     0.936     0.308    -0.167
 9     0.222    -0.154     0.963
 2    96.566   -18.791    59.742
 2    -0.053    -0.998    -0.015
 2     0.996    -0.054     0.067
 2    -0.068    -0.012     0.997
 3   126.427    -3.172     5.150
 3     0.527    -0.556    -0.643
 3     0.363     0.831    -0.421
 3     0.768    -0.011     0.640
 4   104.798     6.428    -6.122
 4     0.511    -0.628     0.587
 4     0.655     0.726     0.208
 4    -0.557     0.278     0.782
 5   114.673    21.084    18.364
 5     0.706    -0.530     0.469
 5    -0.052    -0.700    -0.713
 5     0.706     0.479    -0.522
 6   132.777     2.005    17.801
 6     0.546     0.761    -0.351
 6    -0.821     0.569    -0.042
 6     0.167     0.311     0.935
 7   110.509   -18.927    -6.426
 7     0.746     0.605     0.278
 7    -0.645     0.760     0.077
 7    -0.165    -0.237     0.957
 8   122.515   -31.061    15.291
 8     0.871     0.269     0.411
 8    -0.120    -0.695     0.709
 8     0.476    -0.667    -0.573
 9   134.834    -9.892    13.044
 9     0.274    -0.937    -0.215
 9     0.936     0.311    -0.163
 9     0.219    -0.156     0.963
 2    96.566   -18.791    59.742
 2    -0.053    -0.998    -0.016
 2     0.996    -0.054     0.067
 2    -0.068    -0.012     0.997
 3   126.406    -3.171     5.197
 3     0.526    -0.557    -0.643
 3     0.363     0.830    -0.422
 3     0.769    -0.012     0.639
 4   104.748     6.402    -6.122
 4     0.511    -0.629     0.586
 4     0.655     0.726     0.208
 4    -0.557     0.278     0.783
 5   114.623    21.084    18.364
 5     0.706    -0.531     0.469
 5    -0.052    -0.699    -0.713
 5     0.706     0.479    -0.521
 6   132.780     2.006    17.798
 6     0.546     0.760    -0.351
 6    -0.820     0.570    -0.042
 6     0.168     0.310     0.936
 7   110.509   -18.928    -6.425
 7     0.745     0.605     0.278
 7    -0.646     0.760     0.077
 7    -0.165    -0.237     0.957
 8   122.493   -31.009    15.237
 8     0.871     0.269     0.411
 8    -0.120    -0.695     0.709
 8     0.477    -0.667    -0.573
 9   134.834    -9.892    13.095
 9     0.275    -0.937    -0.215
 9     0.936     0.312    -0.163
 9     0.219    -0.156     0.963
 2    96.616   -18.740    59.742
 2    -0.053    -0.998    -0.016
 2     0.996    -0.054     0.067
 2    -0.068    -0.012     0.997
 3   126.409    -3.169     5.218
 3     0.524    -0.557    -0.645
 3     0.363     0.830    -0.422
 3     0.770    -0.013     0.637
 4   104.799     6.402    -6.122
 4     0.511    -0.629     0.586
 4     0.655     0.726     0.208
 4    -0.557     0.277     0.783
 5   114.674    21.084    18.314
 5     0.706    -0.531     0.469
 5    -0.052    -0.699    -0.713
 5     0.706     0.479    -0.521
 6   132.782     2.007    17.795
 6     0.546     0.760    -0.351
 6    -0.820     0.570    -0.041
 6     0.169     0.310     0.935
 7   110.512   -18.927    -6.428
 7     0.745     0.605     0.278
 7    -0.646     0.760     0.077
 7    -0.164    -0.237     0.957
 8   122.493   -31.060    15.237
 8     0.870     0.269     0.413
 8    -0.121    -0.695     0.709
 8     0.477    -0.667    -0.572
 9   134.837    -9.943    13.093
 9     0.276    -0.937    -0.215
 9     0.935     0.313    -0.163
 9     0.220    -0.157     0.963
 2    96.566   -18.791    59.742
 2    -0.053    -0.998    -0.015
 2     0.996    -0.054     0.067
 2    -0.068    -0.012     0.997
 3   126.414    -3.167     5.214
 3     0.522    -0.556    -0.647
 3     0.363     0.831    -0.421
 3     0.771    -0.015     0.636
 4   104.800     6.402    -6.121
 4     0.512    -0.627     0.586
 4     0.653     0.728     0.207
 4    -0.557     0.277     0.783
 5   114.706    21.085    18.306
 5     0.704    -0.535     0.468
 5    -0.054    -0.697    -0.715
 5     0.708     0.478    -0.520
 6   132.785     1.957    17.793
 6     0.545     0.761    -0.351
 6    -0.821     0.570    -0.039
 6     0.170     0.309     0.935
 7   110.512   -18.978    -6.428
 7     0.745     0.607     0.278
 7    -0.647     0.759     0.077
 7    -0.164    -0.237     0.957
 8   122.398   -31.111    15.230
 8     0.869     0.269     0.415
 8    -0.124    -0.695     0.708
 8     0.479    -0.667    -0.571
 9   134.837    -9.994    13.144
 9     0.277    -0.936    -0.216
 9     0.935     0.314    -0.163
 9     0.220    -0.157     0.963
 2    96.566   -18.791    59.742
 2    -0.053    -0.998    -0.016
 2     0.996    -0.054     0.067
 2    -0.068    -0.012     0.997
 3   126.421    -3.215     5.205
 3     0.520    -0.556    -0.649
 3     0.363     0.831    -0.421
 3     0.773    -0.016     0.634
 4   104.851     6.401    -6.121
 4     0.513    -0.627     0.586
 4     0.653     0.728     0.208
 4    -0.557     0.276     0.783
 5   114.757    21.034    18.256
 5     0.704    -0.535     0.467
 5    -0.055    -0.697    -0.715
 5     0.708     0.478    -0.520
