% Calibrated with leiden_pols
% Positions are in centimeters
Data =[
 2    96.616   -18.791    59.742
 2    -0.053    -0.998    -0.015
 2     0.996    -0.054     0.067
 2    -0.068    -0.012     0.997
 3   126.524    -3.123     5.028
 3     0.530    -0.554    -0.642
 3     0.362     0.833    -0.419
 3     0.767    -0.011     0.642
 4   104.785     6.474    -6.137
 4     0.508    -0.626     0.591
 4     0.654     0.727     0.208
 4    -0.561     0.281     0.779
 5   114.860    21.025    18.228
 5     0.709    -0.532     0.462
 5    -0.059    -0.698    -0.714
 5     0.702     0.479    -0.527
 6   132.931     1.866    17.647
 6     0.537     0.764    -0.357
 6    -0.828     0.558    -0.052
 6     0.159     0.323     0.932
 7   110.462   -18.860    -6.519
 7     0.745     0.601     0.289
 7    -0.643     0.762     0.073
 7    -0.176    -0.240     0.954
 8   123.030   -31.305    14.596
 8     0.882     0.265     0.388
 8    -0.117    -0.676     0.727
 8     0.456    -0.687    -0.566
 9   135.036    -9.748    12.382
 9     0.260    -0.944    -0.203
 9     0.936     0.298    -0.186
 9     0.235    -0.142     0.961
 2    96.566   -18.791    59.742
 2    -0.053    -0.998    -0.015
 2     0.996    -0.054     0.067
 2    -0.068    -0.012     0.997
 3   126.524    -3.174     5.054
 3     0.529    -0.554    -0.643
 3     0.362     0.833    -0.419
 3     0.767    -0.011     0.641
 4   104.842     6.476    -6.143
 4     0.510    -0.626     0.590
 4     0.654     0.727     0.207
 4    -0.559     0.280     0.780
 5   114.864    21.027    18.275
 5     0.709    -0.533     0.462
 5    -0.059    -0.698    -0.714
 5     0.703     0.479    -0.526
 6   132.912     1.895    17.641
 6     0.540     0.764    -0.354
 6    -0.826     0.561    -0.050
 6     0.161     0.319     0.934
 7   110.495   -18.882    -6.481
 7     0.745     0.603     0.284
 7    -0.644     0.761     0.074
 7    -0.172    -0.239     0.956
 8   122.964   -31.252    14.713
 8     0.880     0.266     0.393
 8    -0.118    -0.679     0.724
 8     0.459    -0.684    -0.566
 9   134.930    -9.803    12.624
 9     0.263    -0.942    -0.208
 9     0.937     0.301    -0.179
 9     0.231    -0.148     0.961
 2    96.566   -18.791    59.742
 2    -0.053    -0.998    -0.015
 2     0.996    -0.054     0.067
 2    -0.068    -0.012     0.997
 3   126.473    -3.174     5.104
 3     0.529    -0.555    -0.642
 3     0.362     0.832    -0.420
 3     0.767    -0.010     0.641
 4   104.845     6.427    -6.145
 4     0.510    -0.627     0.588
 4     0.654     0.727     0.207
 4    -0.558     0.279     0.781
 5   114.792    20.978    18.322
 5     0.708    -0.532     0.464
 5    -0.057    -0.698    -0.714
 5     0.704     0.479    -0.524
 6   132.820     1.950    17.683
 6     0.543     0.762    -0.351
 6    -0.823     0.566    -0.046
 6     0.164     0.314     0.935
 7   110.505   -18.929    -6.471
 7     0.745     0.604     0.280
 7    -0.645     0.760     0.076
 7    -0.167    -0.237     0.957
 8   122.603   -31.013    15.228
 8     0.873     0.269     0.405
 8    -0.118    -0.691     0.713
 8     0.472    -0.671    -0.572
 9   134.914    -9.813    12.958
 9     0.271    -0.939    -0.213
 9     0.936     0.308    -0.167
 9     0.222    -0.154     0.963
 2    96.566   -18.791    59.742
 2    -0.053    -0.998    -0.015
 2     0.996    -0.054     0.067
 2    -0.068    -0.012     0.997
 3   126.427    -3.172     5.150
 3     0.527    -0.556    -0.643
 3     0.363     0.831    -0.421
 3     0.768    -0.011     0.640
 4   104.798     6.428    -6.122
 4     0.511    -0.628     0.587
 4     0.655     0.726     0.208
 4    -0.557     0.278     0.782
 5   114.673    21.084    18.364
 5     0.706    -0.530     0.469
 5    -0.052    -0.700    -0.713
 5     0.706     0.479    -0.522
 6   132.777     2.005    17.801
 6     0.546     0.761    -0.351
 6    -0.821     0.569    -0.042
 6     0.167     0.311     0.935
 7   110.509   -18.927    -6.426
 7     0.746     0.605     0.278
 7    -0.645     0.760     0.077
 7    -0.165    -0.237     0.957
 8   122.515   -31.061    15.291
 8     0.871     0.269     0.411
 8    -0.120    -0.695     0.709
 8     0.476    -0.667    -0.573
 9   134.834    -9.892    13.044
 9     0.274    -0.937    -0.215
 9     0.936     0.311    -0.163
 9     0.219    -0.156     0.963
 2    96.566   -18.791    59.742
 2    -0.053    -0.998    -0.016
 2     0.996    -0.054     0.067
 2    -0.068    -0.012     0.997
 3   126.406    -3.171     5.197
 3     0.526    -0.557    -0.643
 3     0.363     0.830    -0.422
 3     0.769    -0.012     0.639
 4   104.748     6.402    -6.122
 4     0.511    -0.629     0.586
 4     0.655     0.726     0.208
 4    -0.557     0.278     0.783
 5   114.623    21.084    18.364
 5     0.706    -0.531     0.469
 5    -0.052    -0.699    -0.713
 5     0.706     0.479    -0.521
 6   132.780     2.006    17.798
 6     0.546     0.760    -0.351
 6    -0.820     0.570    -0.042
 6     0.168     0.310     0.936
 7   110.509   -18.928    -6.425
 7     0.745     0.605     0.278
 7    -0.646     0.760     0.077
 7    -0.165    -0.237     0.957
 8   122.493   -31.009    15.237
 8     0.871     0.269     0.411
 8    -0.120    -0.695     0.709
 8     0.477    -0.667    -0.573
 9   134.834    -9.892    13.095
 9     0.275    -0.937    -0.215
 9     0.936     0.312    -0.163
 9     0.219    -0.156     0.963
 2    96.616   -18.740    59.742
 2    -0.053    -0.998    -0.016
 2     0.996    -0.054     0.067
 2    -0.068    -0.012     0.997
 3   126.409    -3.169     5.218
 3     0.524    -0.557    -0.645
 3     0.363     0.830    -0.422
 3     0.770    -0.013     0.637
 4   104.799     6.402    -6.122
 4     0.511    -0.629     0.586
 4     0.655     0.726     0.208
 4    -0.557     0.277     0.783
 5   114.674    21.084    18.314
 5     0.706    -0.531     0.469
 5    -0.052    -0.699    -0.713
 5     0.706     0.479    -0.521
 6   132.782     2.007    17.795
 6     0.546     0.760    -0.351
 6    -0.820     0.570    -0.041
 6     0.169     0.310     0.935
 7   110.512   -18.927    -6.428
 7     0.745     0.605     0.278
 7    -0.646     0.760     0.077
 7    -0.164    -0.237     0.957
 8   122.493   -31.060    15.237
 8     0.870     0.269     0.413
 8    -0.121    -0.695     0.709
 8     0.477    -0.667    -0.572
 9   134.837    -9.943    13.093
 9     0.276    -0.937    -0.215
 9     0.935     0.313    -0.163
 9     0.220    -0.157     0.963
 2    96.566   -18.791    59.742
 2    -0.053    -0.998    -0.015
 2     0.996    -0.054     0.067
 2    -0.068    -0.012     0.997
 3   126.414    -3.167     5.214
 3     0.522    -0.556    -0.647
 3     0.363     0.831    -0.421
 3     0.771    -0.015     0.636
 4   104.800     6.402    -6.121
 4     0.512    -0.627     0.586
 4     0.653     0.728     0.207
 4    -0.557     0.277     0.783
 5   114.706    21.085    18.306
 5     0.704    -0.535     0.468
 5    -0.054    -0.697    -0.715
 5     0.708     0.478    -0.520
 6   132.785     1.957    17.793
 6     0.545     0.761    -0.351
 6    -0.821     0.570    -0.039
 6     0.170     0.309     0.935
 7   110.512   -18.978    -6.428
 7     0.745     0.607     0.278
 7    -0.647     0.759     0.077
 7    -0.164    -0.237     0.957
 8   122.398   -31.111    15.230
 8     0.869     0.269     0.415
 8    -0.124    -0.695     0.708
 8     0.479    -0.667    -0.571
 9   134.837    -9.994    13.144
 9     0.277    -0.936    -0.216
 9     0.935     0.314    -0.163
 9     0.220    -0.157     0.963
 2    96.566   -18.791    59.742
 2    -0.053    -0.998    -0.016
 2     0.996    -0.054     0.067
 2    -0.068    -0.012     0.997
 3   126.421    -3.215     5.205
 3     0.520    -0.556    -0.649
 3     0.363     0.831    -0.421
 3     0.773    -0.016     0.634
 4   104.851     6.401    -6.121
 4     0.513    -0.627     0.586
 4     0.653     0.728     0.208
 4    -0.557     0.276     0.783
 5   114.757    21.034    18.256
 5     0.704    -0.535     0.467
 5    -0.055    -0.697    -0.715
 5     0.708     0.478    -0.520
 6   132.762     1.906    17.790
 6     0.544     0.761    -0.352
 6    -0.821     0.569    -0.039
 6     0.171     0.310     0.935
 7   110.512   -18.978    -6.427
 7     0.744     0.607     0.278
 7    -0.647     0.758     0.077
 7    -0.164    -0.238     0.957
 8   122.401   -31.136    15.278
 8     0.868     0.268     0.417
 8    -0.125    -0.696     0.707
 8     0.480    -0.666    -0.571
 9   134.862   -10.019    13.143
 9     0.278    -0.936    -0.215
 9     0.935     0.315    -0.162
 9     0.220    -0.156     0.963
 2    96.566   -18.791    59.742
 2    -0.053    -0.998    -0.016
 2     0.996    -0.054     0.067
 2    -0.068    -0.012     0.997
 3   126.447    -3.241     5.206
 3     0.520    -0.554    -0.650
 3     0.363     0.832    -0.419
 3     0.773    -0.018     0.633
 4   104.848     6.400    -6.143
 4     0.513    -0.626     0.587
 4     0.652     0.729     0.208
 4    -0.558     0.276     0.783
 5   114.757    20.983    18.255
 5     0.704    -0.536     0.465
 5    -0.057    -0.696    -0.716
 5     0.708     0.477    -0.521
 6   132.788     1.881    17.791
 6     0.544     0.762    -0.352
 6    -0.822     0.569    -0.038
 6     0.171     0.309     0.935
 7   110.513   -18.979    -6.426
 7     0.743     0.608     0.279
 7    -0.649     0.757     0.077
 7    -0.164    -0.239     0.957
 8   122.348   -31.189    15.235
 8     0.869     0.264     0.419
 8    -0.128    -0.698     0.705
 8     0.478    -0.666    -0.572
 9   134.862   -10.123    13.095
 9     0.283    -0.935    -0.213
 9     0.934     0.319    -0.161
 9     0.219    -0.154     0.963
 2    96.566   -18.791    59.742
 2    -0.053    -0.998    -0.016
 2     0.996    -0.054     0.067
 2    -0.068    -0.012     0.997
 3   126.452    -3.240     5.176
 3     0.519    -0.553    -0.652
 3     0.362     0.833    -0.418
 3     0.774    -0.019     0.632
 4   104.849     6.349    -6.193
 4     0.514    -0.625     0.587
 4     0.651     0.730     0.207
 4    -0.558     0.276     0.782
 5   114.879    20.956    18.259
 5     0.705    -0.536     0.464
 5    -0.058    -0.696    -0.716
 5     0.707     0.477    -0.522
 6   132.883     1.880    17.771
 6     0.545     0.762    -0.350
 6    -0.821     0.569    -0.040
 6     0.169     0.309     0.936
 7   110.512   -18.980    -6.422
 7     0.741     0.609     0.280
 7    -0.650     0.756     0.077
 7    -0.165    -0.240     0.957
 8   122.325   -31.138    15.341
 8     0.869     0.257     0.422
 8    -0.131    -0.703     0.699
 8     0.477    -0.663    -0.577
 9   134.997   -10.257    12.986
 9     0.293    -0.934    -0.207
 9     0.932     0.326    -0.155
 9     0.212    -0.147     0.966
 2    96.566   -18.791    59.742
 2    -0.053    -0.998    -0.016
 2     0.996    -0.054     0.067
 2    -0.068    -0.012     0.997
 3   126.506    -3.289     5.172
 3     0.517    -0.552    -0.654
 3     0.362     0.833    -0.417
 3     0.775    -0.021     0.631
 4   104.874     6.400    -6.193
 4     0.514    -0.625     0.587
 4     0.651     0.730     0.207
 4    -0.558     0.276     0.782
 5   114.922    20.902    18.267
 5     0.706    -0.536     0.463
 5    -0.060    -0.697    -0.715
 5     0.705     0.477    -0.524
 6   132.925     1.878    17.630
 6     0.548     0.761    -0.347
 6    -0.820     0.571    -0.043
 6     0.165     0.307     0.937
 7   110.436   -18.982    -6.469
 7     0.740     0.609     0.282
 7    -0.651     0.755     0.077
 7    -0.166    -0.241     0.956
 8   122.270   -31.115    15.302
 8     0.870     0.253     0.422
 8    -0.133    -0.705     0.696
 8     0.474    -0.662    -0.581
 9   135.065   -10.311    12.815
 9     0.296    -0.934    -0.202
 9     0.932     0.328    -0.153
 9     0.209    -0.143     0.967
 2    96.566   -18.791    59.742
 2    -0.053    -0.998    -0.016
 2     0.996    -0.054     0.067
 2    -0.068    -0.012     0.997
 3   126.453    -3.290     5.126
 3     0.518    -0.552    -0.654
 3     0.362     0.834    -0.417
 3     0.774    -0.021     0.632
 4   104.845     6.399    -6.191
 4     0.513    -0.625     0.588
 4     0.651     0.730     0.207
 4    -0.559     0.277     0.782
 5   114.914    20.849    18.274
 5     0.709    -0.533     0.462
 5    -0.060    -0.699    -0.713
 5     0.703     0.477    -0.527
 6   132.988     1.901    17.567
 6     0.552     0.760    -0.343
 6    -0.818     0.573    -0.047
 6     0.160     0.306     0.938
 7   110.434   -18.983    -6.466
 7     0.740     0.610     0.284
 7    -0.652     0.755     0.077
 7    -0.167    -0.242     0.956
 8   122.264   -31.116    15.313
 8     0.872     0.249     0.421
 8    -0.134    -0.707     0.694
 8     0.471    -0.662    -0.583
 9   135.105   -10.315    12.723
 9     0.300    -0.934    -0.196
 9     0.932     0.330    -0.151
 9     0.205    -0.138     0.969
 2    96.565   -18.791    59.793
 2    -0.053    -0.998    -0.016
 2     0.996    -0.054     0.067
 2    -0.068    -0.012     0.997
 3   126.503    -3.290     5.076
 3     0.519    -0.552    -0.653
 3     0.362     0.834    -0.416
 3     0.774    -0.021     0.633
 4   104.847     6.400    -6.195
 4     0.512    -0.625     0.588
 4     0.652     0.729     0.207
 4    -0.558     0.278     0.781
 5   114.851    20.796    18.383
 5     0.711    -0.528     0.465
 5    -0.061    -0.705    -0.707
 5     0.700     0.474    -0.533
 6   133.158     2.044    17.312
 6     0.571     0.748    -0.339
 6    -0.809     0.582    -0.078
 6     0.139     0.319     0.937
 7   110.432   -18.984    -6.462
 7     0.739     0.610     0.284
 7    -0.652     0.754     0.077
 7    -0.168    -0.243     0.955
 8   121.943   -31.018    15.622
 8     0.873     0.217     0.436
 8    -0.149    -0.732     0.664
 8     0.464    -0.645    -0.607
 9   135.693   -11.086    11.958
 9     0.359    -0.915    -0.187
 9     0.922     0.378    -0.082
 9     0.145    -0.143     0.979
 2    96.565   -18.791    59.793
 2    -0.053    -0.998    -0.016
 2     0.996    -0.054     0.067
 2    -0.068    -0.012     0.997
 3   126.549    -3.241     5.080
 3     0.520    -0.551    -0.653
 3     0.362     0.834    -0.415
 3     0.773    -0.020     0.633
 4   104.858     6.483    -6.161
 4     0.512    -0.628     0.586
 4     0.656     0.726     0.204
 4    -0.553     0.280     0.784
 5   114.922    20.121    18.997
 5     0.731    -0.491     0.474
 5    -0.059    -0.738    -0.673
 5     0.680     0.464    -0.568
 6   133.906     2.964    16.518
 6     0.637     0.699    -0.323
 6    -0.769     0.606    -0.203
 6     0.054     0.378     0.924
 7   110.443   -18.936    -6.464
 7     0.730     0.621     0.286
 7    -0.664     0.744     0.077
 7    -0.165    -0.246     0.955
 8   121.505   -29.832    17.151
 8     0.887     0.100     0.451
 8    -0.184    -0.818     0.544
 8     0.424    -0.566    -0.707
 9   136.458   -13.081     9.592
 9     0.477    -0.873    -0.103
 9     0.878     0.470     0.085
 9    -0.026    -0.131     0.991
 2    96.565   -18.791    59.793
 2    -0.053    -0.998    -0.016
 2     0.996    -0.054     0.067
 2    -0.068    -0.012     0.997
 3   126.597    -3.219     5.009
 3     0.524    -0.546    -0.654
 3     0.359     0.838    -0.411
 3     0.772    -0.020     0.635
 4   104.820     6.489    -6.153
 4     0.513    -0.630     0.582
 4     0.660     0.724     0.201
 4    -0.548     0.281     0.787
 5   115.315    19.684    19.352
 5     0.764    -0.442     0.469
 5    -0.045    -0.763    -0.645
 5     0.643     0.472    -0.603
 6   134.753     4.509    14.781
 6     0.704     0.662    -0.257
 6    -0.706     0.614    -0.354
 6    -0.077     0.430     0.899
 7   110.323   -18.941    -6.483
 7     0.721     0.629     0.288
 7    -0.673     0.736     0.076
 7    -0.165    -0.249     0.954
 8   121.688   -28.864    18.084
 8     0.906    -0.036     0.421
 8    -0.228    -0.881     0.414
 8     0.356    -0.471    -0.807
 9   136.480   -15.694     6.049
 9     0.553    -0.831     0.053
 9     0.799     0.548     0.247
 9    -0.234    -0.094     0.967
 2    96.565   -18.740    59.793
 2    -0.053    -0.998    -0.016
 2     0.996    -0.054     0.067
 2    -0.068    -0.012     0.997
 3   126.598    -3.169     5.009
 3     0.526    -0.542    -0.655
 3     0.357     0.840    -0.409
 3     0.772    -0.019     0.635
 4   104.645     6.495    -6.008
 4     0.504    -0.642     0.577
 4     0.669     0.713     0.209
 4    -0.546     0.280     0.789
 5   115.602    19.603    19.408
 5     0.797    -0.385     0.464
 5    -0.019    -0.786    -0.618
 5     0.603     0.484    -0.634
 6   134.713     5.983    13.283
 6     0.740     0.649    -0.173
 6    -0.646     0.616    -0.452
 6    -0.187     0.446     0.875
 7   110.327   -18.941    -6.459
 7     0.719     0.632     0.290
 7    -0.676     0.733     0.078
 7    -0.164    -0.252     0.954
 8   122.186   -27.663    18.549
 8     0.916    -0.150     0.372
 8    -0.271    -0.915     0.298
 8     0.296    -0.374    -0.879
 9   135.774   -18.342     3.212
 9     0.577    -0.792     0.200
 9     0.705     0.606     0.368
 9    -0.413    -0.072     0.908
 2    96.565   -18.740    59.793
 2    -0.053    -0.998    -0.016
 2     0.996    -0.054     0.067
 2    -0.068    -0.012     0.997
 3   126.598    -3.170     5.009
 3     0.526    -0.542    -0.655
 3     0.356     0.840    -0.409
 3     0.772    -0.018     0.635
 4   104.468     6.498    -5.882
 4     0.497    -0.652     0.573
 4     0.674     0.705     0.217
 4    -0.546     0.279     0.790
 5   115.543    19.563    19.414
 5     0.811    -0.361     0.460
 5    -0.010    -0.795    -0.607
 5     0.585     0.488    -0.648
 6   134.114     6.482    12.067
 6     0.739     0.656    -0.152
 6    -0.612     0.560    -0.559
 6    -0.282     0.505     0.815
 7   110.281   -18.866    -6.454
 7     0.714     0.634     0.295
 7    -0.680     0.729     0.080
 7    -0.164    -0.258     0.952
 8   122.399   -27.326    18.839
 8     0.913    -0.242     0.328
 8    -0.322    -0.922     0.215
 8     0.250    -0.302    -0.920
 9   134.781   -21.163     1.145
 9     0.576    -0.755     0.315
 9     0.607     0.652     0.453
 9    -0.547    -0.069     0.834
 2    96.566   -18.791    59.742
 2    -0.053    -0.998    -0.016
 2     0.996    -0.054     0.067
 2    -0.068    -0.012     0.997
 3   126.544    -3.070     4.962
 3     0.528    -0.543    -0.653
 3     0.355     0.840    -0.410
 3     0.771    -0.016     0.636
 4   104.190     6.609    -5.669
 4     0.482    -0.665     0.570
 4     0.687     0.691     0.223
 4    -0.543     0.284     0.790
 5   115.447    19.541    19.628
 5     0.831    -0.323     0.454
 5     0.006    -0.810    -0.586
 5     0.556     0.489    -0.671
 6   133.770     7.467    11.252
 6     0.732     0.665    -0.148
 6    -0.573     0.484    -0.661
 6    -0.368     0.569     0.735
 7   110.155   -18.822    -6.460
 7     0.707     0.637     0.306
 7    -0.687     0.722     0.083
 7    -0.168    -0.269     0.948
 8   122.451   -26.904    19.118
 8     0.899    -0.325     0.292
 8    -0.376    -0.917     0.136
 8     0.223    -0.233    -0.947
 9   133.500   -23.943    -0.046
 9     0.562    -0.724     0.400
 9     0.507     0.684     0.524
 9    -0.653    -0.092     0.752
 2    96.566   -18.740    59.742
 2    -0.053    -0.998    -0.016
 2     0.996    -0.054     0.067
 2    -0.068    -0.012     0.997
 3   126.534    -2.947     4.842
 3     0.532    -0.544    -0.649
 3     0.355     0.839    -0.412
 3     0.769    -0.011     0.639
 4   103.821     6.559    -5.585
 4     0.466    -0.676     0.570
 4     0.695     0.678     0.236
 4    -0.547     0.286     0.787
 5   115.480    19.690    19.489
 5     0.854    -0.275     0.441
 5     0.029    -0.822    -0.569
 5     0.519     0.499    -0.694
 6   132.995     8.186     9.920
 6     0.710     0.688    -0.152
 6    -0.537     0.389    -0.748
 6    -0.456     0.613     0.646
 7   110.064   -18.874    -6.430
 7     0.701     0.640     0.312
 7    -0.693     0.715     0.089
 7    -0.167    -0.279     0.945
 8   122.729   -26.267    19.348
 8     0.884    -0.388     0.258
 8    -0.416    -0.907     0.062
 8     0.210    -0.163    -0.964
 9   132.306   -26.307    -0.699
 9     0.534    -0.702     0.471
 9     0.409     0.702     0.582
 9    -0.740    -0.119     0.662
 2    96.566   -18.791    59.742
 2    -0.053    -0.998    -0.016
 2     0.996    -0.054     0.067
 2    -0.068    -0.012     0.997
 3   126.468    -2.875     4.630
 3     0.536    -0.546    -0.644
 3     0.356     0.837    -0.414
 3     0.765    -0.007     0.643
 4   103.452     6.460    -5.429
 4     0.448    -0.690     0.569
 4     0.705     0.664     0.249
 4    -0.550     0.290     0.783
 5   115.388    19.742    19.477
 5     0.871    -0.240     0.428
 5     0.047    -0.829    -0.557
 5     0.489     0.505    -0.711
 6   132.570     8.868     8.987
 6     0.681     0.708    -0.186
 6    -0.514     0.283    -0.810
 6    -0.521     0.647     0.557
 7   109.969   -18.875    -6.374
 7     0.697     0.642     0.319
 7    -0.697     0.711     0.094
 7    -0.167    -0.288     0.943
 8   122.852   -25.960    19.553
 8     0.872    -0.429     0.235
 8    -0.445    -0.895     0.015
 8     0.204    -0.118    -0.972
 9   131.011   -28.371    -1.042
 9     0.502    -0.681     0.533
 9     0.326     0.720     0.612
 9    -0.801    -0.134     0.584
 2    96.565   -18.791    59.793
 2    -0.053    -0.998    -0.016
 2     0.996    -0.054     0.067
 2    -0.068    -0.012     0.997
 3   126.501    -2.702     4.468
 3     0.540    -0.550    -0.637
 3     0.358     0.835    -0.417
 3     0.761    -0.003     0.648
 4   103.129     6.283    -5.343
 4     0.428    -0.702     0.569
 4     0.713     0.649     0.264
 4    -0.555     0.293     0.778
 5   115.208    19.772    19.430
 5     0.884    -0.206     0.419
 5     0.066    -0.834    -0.547
 5     0.462     0.511    -0.724
 6   131.861     8.943     8.167
 6     0.658     0.729    -0.187
 6    -0.502     0.240    -0.831
 6    -0.561     0.641     0.524
 7   109.803   -18.903    -6.264
 7     0.691     0.643     0.330
 7    -0.703     0.703     0.101
 7    -0.167    -0.302     0.938
 8   123.047   -25.732    19.576
 8     0.854    -0.480     0.199
 8    -0.482    -0.875    -0.038
 8     0.192    -0.063    -0.979
 9   129.608   -30.489    -1.131
 9     0.464    -0.647     0.605
 9     0.239     0.749     0.617
 9    -0.853    -0.141     0.502
 2    96.565   -18.791    59.793
 2    -0.053    -0.998    -0.016
 2     0.996    -0.054     0.067
 2    -0.068    -0.012     0.997
 3   126.427    -2.531     4.214
 3     0.546    -0.554    -0.628
 3     0.363     0.832    -0.418
 3     0.755    -0.000     0.656
 4   102.704     6.206    -5.334
 4     0.410    -0.711     0.571
 4     0.720     0.637     0.276
 4    -0.560     0.298     0.773
 5   115.055    20.008    19.277
 5     0.896    -0.170     0.410
 5     0.087    -0.839    -0.538
 5     0.436     0.517    -0.736
 6   131.288     9.709     7.382
 6     0.638     0.753    -0.161
 6    -0.484     0.229    -0.845
 6    -0.599     0.617     0.510
 7   109.685   -19.007    -6.205
 7     0.683     0.647     0.338
 7    -0.711     0.695     0.106
 7    -0.167    -0.313     0.935
 8   123.068   -25.681    19.677
 8     0.837    -0.519     0.173
 8    -0.514    -0.854    -0.074
 8     0.187    -0.027    -0.982
 9   128.428   -31.967    -1.376
 9     0.431    -0.620     0.656
 9     0.179     0.771     0.611
 9    -0.885    -0.146     0.443
 2    96.566   -18.791    59.742
 2    -0.053    -0.998    -0.016
 2     0.996    -0.054     0.067
 2    -0.068    -0.012     0.997
 3   126.362    -2.384     4.105
 3     0.550    -0.555    -0.624
 3     0.365     0.832    -0.417
 3     0.751     0.001     0.660
 4   102.469     6.209    -5.285
 4     0.399    -0.717     0.571
 4     0.725     0.628     0.281
 4    -0.561     0.302     0.771
 5   115.000    20.043    19.204
 5     0.903    -0.151     0.401
 5     0.097    -0.841    -0.533
 5     0.417     0.520    -0.745
 6   130.850     9.801     6.909
 6     0.619     0.769    -0.158
 6    -0.478     0.210    -0.853
 6    -0.623     0.604     0.497
 7   109.513   -19.011    -6.197
 7     0.677     0.650     0.344
 7    -0.717     0.689     0.107
 7    -0.168    -0.319     0.932
 8   122.948   -25.660    19.651
 8     0.826    -0.541     0.157
 8    -0.534    -0.841    -0.091
 8     0.181    -0.009    -0.983
 9   127.510   -32.670    -1.318
 9     0.408    -0.606     0.683
 9     0.150     0.782     0.604
 9    -0.900    -0.144     0.410
 2    96.566   -18.791    59.742
 2    -0.053    -0.998    -0.016
 2     0.996    -0.054     0.067
 2    -0.068    -0.012     0.997
 3   126.276    -2.388     3.990
 3     0.554    -0.554    -0.622
 3     0.365     0.832    -0.416
 3     0.748     0.003     0.663
 4   102.340     6.211    -5.237
 4     0.392    -0.721     0.571
 4     0.729     0.622     0.285
 4    -0.561     0.304     0.770
 5   114.835    20.091    19.216
 5     0.905    -0.141     0.401
 5     0.103    -0.843    -0.528
 5     0.412     0.519    -0.748
 6   130.624     9.915     6.767
 6     0.613     0.776    -0.150
 6    -0.472     0.208    -0.856
 6    -0.633     0.596     0.494
 7   109.465   -19.012    -6.194
 7     0.674     0.652     0.346
 7    -0.719     0.687     0.107
 7    -0.168    -0.322     0.932
 8   120.395   -26.102    17.528
 8     0.816    -0.559     0.146
 8    -0.550    -0.829    -0.101
 8     0.177     0.002    -0.984
 9   127.091   -33.284    -1.370
 9     0.397    -0.589     0.703
 9     0.128     0.794     0.593
 9    -0.909    -0.146     0.391
 2    96.565   -18.791    59.793
 2    -0.053    -0.998    -0.016
 2     0.996    -0.054     0.067
 2    -0.068    -0.012     0.997
 3   126.272    -2.313     3.943
 3     0.555    -0.554    -0.621
 3     0.366     0.832    -0.416
 3     0.747     0.004     0.664
 4   102.287     6.263    -5.238
 4     0.389    -0.724     0.570
 4     0.731     0.619     0.286
 4    -0.561     0.305     0.770
 5   114.806    20.040    19.269
 5     0.906    -0.138     0.401
 5     0.104    -0.844    -0.526
 5     0.411     0.518    -0.750
 6   130.459     9.958     6.662
 6     0.610     0.779    -0.145
 6    -0.469     0.208    -0.858
 6    -0.639     0.591     0.492
 7   109.396   -18.964    -6.117
 7     0.668     0.657     0.349
 7    -0.725     0.680     0.107
 7    -0.167    -0.325     0.931
 8   120.296   -26.151    17.565
 8     0.798    -0.589     0.127
 8    -0.577    -0.808    -0.121
 8     0.174     0.023    -0.984
 9   125.997   -34.538    -1.338
 9     0.376    -0.551     0.744
 9     0.073     0.819     0.569
 9    -0.923    -0.160     0.349
 2    96.566   -18.791    59.742
 2    -0.053    -0.998    -0.016
 2     0.996    -0.054     0.067
 2    -0.068    -0.012     0.997
 3   126.268    -2.264     3.846
 3     0.556    -0.554    -0.620
 3     0.366     0.832    -0.416
 3     0.746     0.004     0.666
 4   102.231     6.263    -5.238
 4     0.384    -0.725     0.571
 4     0.733     0.616     0.289
 4    -0.562     0.308     0.768
 5   114.696    20.140    19.275
 5     0.906    -0.132     0.401
 5     0.108    -0.846    -0.522
 5     0.408     0.517    -0.753
 6   130.372    10.028     6.606
 6     0.607     0.782    -0.139
 6    -0.467     0.209    -0.859
 6    -0.644     0.586     0.492
 7   109.237   -18.972    -6.014
 7     0.646     0.677     0.351
 7    -0.745     0.659     0.101
 7    -0.163    -0.327     0.931
 8   120.264   -26.192    17.757
 8     0.761    -0.642     0.086
 8    -0.624    -0.763    -0.168
 8     0.173     0.074    -0.982
 9   124.608   -36.564    -0.916
 9     0.342    -0.482     0.807
 9    -0.034     0.851     0.523
 9    -0.939    -0.206     0.275
 2    96.616   -18.740    59.742
 2    -0.053    -0.998    -0.016
 2     0.996    -0.054     0.067
 2    -0.068    -0.012     0.997
 3   126.255    -2.167     3.840
 3     0.560    -0.551    -0.618
 3     0.368     0.834    -0.410
 3     0.742     0.002     0.670
 4   102.149     6.211    -5.232
 4     0.381    -0.726     0.572
 4     0.733     0.614     0.292
 4    -0.564     0.308     0.766
 5   114.640    20.165    19.229
 5     0.907    -0.129     0.401
 5     0.110    -0.846    -0.521
 5     0.406     0.516    -0.754
 6   130.319    10.077     6.559
 6     0.605     0.784    -0.138
 6    -0.466     0.208    -0.860
 6    -0.645     0.585     0.491
 7   108.910   -19.105    -5.818
 7     0.624     0.697     0.352
 7    -0.766     0.636     0.097
 7    -0.156    -0.331     0.931
 8   120.093   -26.550    17.802
 8     0.737    -0.673     0.057
 8    -0.654    -0.732    -0.191
 8     0.170     0.103    -0.980
 9   123.429   -37.923    -0.626
 9     0.302    -0.424     0.854
 9    -0.125     0.870     0.476
 9    -0.945    -0.251     0.210
 2    96.566   -18.791    59.793
 2    -0.053    -0.998    -0.016
 2     0.996    -0.054     0.067
 2    -0.068    -0.013     0.997
 3   126.233    -2.176     3.644
 3     0.568    -0.545    -0.617
 3     0.370     0.838    -0.399
 3     0.735    -0.002     0.678
 4   102.036     6.157    -5.272
 4     0.376    -0.726     0.575
 4     0.732     0.614     0.296
 4    -0.568     0.309     0.762
 5   114.629    20.161    19.140
 5     0.908    -0.125     0.398
 5     0.112    -0.846    -0.521
 5     0.402     0.518    -0.754
 6   130.130    10.116     6.312
 6     0.598     0.790    -0.133
 6    -0.467     0.208    -0.860
 6    -0.652     0.576     0.493
 7   108.765   -19.305    -5.613
 7     0.611     0.708     0.351
 7    -0.778     0.620     0.103
 7    -0.145    -0.337     0.930
 8   120.285   -26.405    17.897
 8     0.729    -0.683     0.036
 8    -0.661    -0.718    -0.216
 8     0.173     0.134    -0.976
 9   123.362   -38.587     0.307
 9     0.237    -0.442     0.865
 9    -0.216     0.844     0.490
 9    -0.947    -0.303     0.105
 2    96.565   -18.740    59.793
 2    -0.053    -0.998    -0.016
 2     0.996    -0.054     0.067
 2    -0.068    -0.012     0.997
 3   126.173    -2.153     3.658
 3     0.569    -0.545    -0.616
 3     0.374     0.839    -0.396
 3     0.732    -0.005     0.681
 4   101.896     6.025    -5.257
 4     0.371    -0.728     0.577
 4     0.731     0.612     0.302
 4    -0.573     0.309     0.759
 5   114.543    20.210    19.075
 5     0.909    -0.119     0.398
 5     0.118    -0.845    -0.521
 5     0.398     0.521    -0.755
 6   129.949    10.162     6.148
 6     0.595     0.793    -0.128
 6    -0.465     0.210    -0.860
 6    -0.655     0.571     0.494
 7   108.785   -19.373    -5.461
 7     0.611     0.711     0.347
 7    -0.780     0.616     0.110
 7    -0.136    -0.338     0.931
 8   120.339   -26.200    18.178
 8     0.733    -0.680     0.032
 8    -0.658    -0.720    -0.223
 8     0.174     0.142    -0.974
 9   123.396   -39.223     0.732
 9     0.183    -0.621     0.762
 9    -0.225     0.728     0.647
 9    -0.957    -0.290    -0.006
 2    96.565   -18.791    59.793
 2    -0.053    -0.998    -0.016
 2     0.996    -0.054     0.067
 2    -0.068    -0.012     0.997
 3   126.162    -2.155     3.621
 3     0.571    -0.545    -0.614
 3     0.377     0.839    -0.393
 3     0.729    -0.007     0.684
 4   101.842     6.024    -5.305
 4     0.369    -0.729     0.577
 4     0.731     0.611     0.304
 4    -0.574     0.309     0.758
 5   114.491    20.158    19.028
 5     0.910    -0.118     0.397
 5     0.119    -0.845    -0.521
 5     0.397     0.522    -0.755
 6   129.869    10.159     6.029
 6     0.594     0.795    -0.127
 6    -0.465     0.210    -0.860
 6    -0.657     0.569     0.494
 7   108.797   -19.369    -5.424
 7     0.610     0.713     0.346
 7    -0.781     0.613     0.114
 7    -0.131    -0.340     0.931
 8   120.464   -25.968    18.228
 8     0.738    -0.673     0.031
 8    -0.651    -0.724    -0.225
 8     0.174     0.146    -0.974
 9   123.807   -39.072     1.014
 9     0.175    -0.691     0.701
 9    -0.224     0.665     0.712
 9    -0.959    -0.282    -0.038
 2    96.565   -18.740    59.793
 2    -0.053    -0.998    -0.016
 2     0.996    -0.054     0.067
 2    -0.068    -0.012     0.997
 3   126.159    -2.106     3.626
 3     0.571    -0.545    -0.614
 3     0.378     0.838    -0.393
 3     0.728    -0.008     0.685
 4   101.842     6.024    -5.254
 4     0.369    -0.729     0.577
 4     0.731     0.611     0.304
 4    -0.574     0.309     0.758
 5   114.437    20.208    18.979
 5     0.910    -0.116     0.397
 5     0.120    -0.845    -0.521
 5     0.396     0.522    -0.755
 6   129.817    10.182     6.034
 6     0.592     0.796    -0.126
 6    -0.465     0.210    -0.860
 6    -0.658     0.568     0.494
 7   108.799   -19.368    -5.428
 7     0.612     0.711     0.345
 7    -0.780     0.615     0.116
 7    -0.130    -0.340     0.931
 8   120.461   -25.806    18.269
 8     0.750    -0.660     0.038
 8    -0.638    -0.737    -0.222
 8     0.174     0.142    -0.974
 9   123.925   -38.720     0.869
 9     0.183    -0.696     0.694
 9    -0.208     0.662     0.719
 9    -0.961    -0.276    -0.023
 2    96.565   -18.791    59.793
 2    -0.053    -0.998    -0.016
 2     0.996    -0.054     0.067
 2    -0.068    -0.012     0.997
 3   126.159    -2.106     3.626
 3     0.571    -0.546    -0.614
 3     0.378     0.838    -0.393
 3     0.728    -0.008     0.685
 4   101.842     6.024    -5.306
 4     0.369    -0.729     0.577
 4     0.731     0.610     0.304
 4    -0.574     0.310     0.758
 5   114.440    20.158    19.027
 5     0.910    -0.117     0.397
 5     0.119    -0.845    -0.521
 5     0.397     0.521    -0.755
 6   129.767    10.182     6.034
 6     0.592     0.796    -0.126
 6    -0.465     0.210    -0.860
 6    -0.658     0.568     0.494
 7   108.821   -19.367    -5.478
 7     0.615     0.708     0.345
 7    -0.777     0.618     0.116
 7    -0.131    -0.340     0.931
 8   120.501   -25.805    18.219
 8     0.754    -0.656     0.041
 8    -0.634    -0.743    -0.214
 8     0.171     0.135    -0.976
 9   124.056   -38.401     0.632
 9     0.187    -0.692     0.697
 9    -0.190     0.670     0.717
 9    -0.964    -0.266    -0.006
 2    96.565   -18.791    59.793
 2    -0.053    -0.998    -0.016
 2     0.996    -0.054     0.067
 2    -0.068    -0.012     0.997
 3   126.162    -2.104     3.622
 3     0.571    -0.546    -0.614
 3     0.378     0.838    -0.394
 3     0.729    -0.008     0.684
 4   101.844     6.026    -5.309
 4     0.369    -0.729     0.577
 4     0.732     0.610     0.303
 4    -0.573     0.310     0.758
 5   114.440    20.209    19.027
 5     0.910    -0.117     0.398
 5     0.119    -0.845    -0.521
 5     0.397     0.521    -0.755
 6   129.770    10.106     6.088
 6     0.591     0.797    -0.124
 6    -0.466     0.212    -0.859
 6    -0.658     0.565     0.497
 7   108.819   -19.317    -5.475
 7     0.615     0.708     0.346
 7    -0.777     0.618     0.115
 7    -0.132    -0.340     0.931
 8   120.420   -25.864    18.180
 8     0.749    -0.661     0.038
 8    -0.641    -0.738    -0.212
 8     0.168     0.135    -0.976
 9   123.704   -38.362     0.596
 9     0.182    -0.683     0.707
 9    -0.183     0.683     0.707
 9    -0.966    -0.258    -0.001
 2    96.565   -18.791    59.793
 2    -0.053    -0.998    -0.016
 2     0.996    -0.054     0.067
 2    -0.068    -0.012     0.997
 3   126.109    -2.106     3.626
 3     0.571    -0.546    -0.613
 3     0.378     0.838    -0.393
 3     0.728    -0.008     0.685
 4   101.844     6.076    -5.258
 4     0.369    -0.729     0.576
 4     0.732     0.610     0.303
 4    -0.573     0.310     0.759
 5   114.488    20.131    18.980
 5     0.911    -0.119     0.395
 5     0.116    -0.845    -0.522
 5     0.396     0.521    -0.756
 6   129.694     9.920     5.931
 6     0.584     0.802    -0.123
 6    -0.471     0.212    -0.856
 6    -0.661     0.558     0.502
 7   108.743   -19.369    -5.470
 7     0.613     0.709     0.348
 7    -0.779     0.617     0.115
 7    -0.133    -0.342     0.930
 8   120.415   -25.969    18.238
 8     0.747    -0.663     0.035
 8    -0.643    -0.736    -0.211
 8     0.166     0.135    -0.977
 9   123.639   -38.368     0.475
 9     0.180    -0.682     0.709
 9    -0.179     0.686     0.705
 9    -0.967    -0.254     0.002
 2    96.565   -18.740    59.793
 2    -0.053    -0.998    -0.016
 2     0.996    -0.054     0.067
 2    -0.068    -0.012     0.997
 3   126.109    -2.106     3.625
 3     0.572    -0.546    -0.612
 3     0.378     0.838    -0.394
 3     0.728    -0.007     0.685
 4   101.845     6.025    -5.309
 4     0.370    -0.728     0.577
 4     0.731     0.611     0.302
 4    -0.573     0.310     0.759
 5   114.434    20.152    18.988
 5     0.912    -0.120     0.392
 5     0.114    -0.844    -0.524
 5     0.394     0.523    -0.756
 6   129.649     9.870     5.955
 6     0.583     0.803    -0.123
 6    -0.473     0.213    -0.855
 6    -0.660     0.557     0.504
 7   108.789   -19.419    -5.415
 7     0.618     0.703     0.350
 7    -0.774     0.622     0.118
 7    -0.135    -0.345     0.929
 8   120.226   -26.216    18.133
 8     0.765    -0.641     0.054
 8    -0.625    -0.760    -0.178
 8     0.155     0.102    -0.983
 9   124.655   -37.062    -0.519
 9     0.256    -0.674     0.693
 9    -0.086     0.698     0.710
 9    -0.963    -0.242     0.121
 2    96.565   -18.740    59.793
 2    -0.053    -0.998    -0.016
 2     0.996    -0.054     0.067
 2    -0.068    -0.012     0.997
 3   126.108    -2.156     3.625
 3     0.572    -0.546    -0.612
 3     0.378     0.837    -0.394
 3     0.728    -0.006     0.686
 4   101.847     6.025    -5.308
 4     0.372    -0.727     0.577
 4     0.730     0.613     0.302
 4    -0.573     0.309     0.759
 5   114.538    20.126    18.962
 5     0.912    -0.126     0.391
 5     0.110    -0.842    -0.527
 5     0.395     0.524    -0.754
 6   129.666     9.694     5.950
 6     0.582     0.803    -0.125
 6    -0.481     0.216    -0.850
 6    -0.656     0.554     0.512
 7   108.862   -19.416    -5.418
 7     0.623     0.699     0.349
 7    -0.770     0.627     0.120
 7    -0.135    -0.344     0.929
 8   119.338   -26.977    18.299
 8     0.796    -0.592     0.127
 8    -0.583    -0.806    -0.102
 8     0.163     0.007    -0.987
 9   126.947   -33.902    -0.611
 9     0.399    -0.703     0.589
 9     0.102     0.672     0.733
 9    -0.911    -0.233     0.340
 2    96.565   -18.740    59.793
 2    -0.053    -0.998    -0.016
 2     0.996    -0.054     0.067
 2    -0.068    -0.012     0.997
 3   126.109    -2.182     3.676
 3     0.571    -0.546    -0.613
 3     0.378     0.837    -0.394
 3     0.728    -0.007     0.685
 4   101.948     5.971    -5.251
 4     0.376    -0.725     0.577
 4     0.727     0.617     0.300
 4    -0.574     0.306     0.760
 5   114.556    20.079    18.972
 5     0.910    -0.135     0.392
 5     0.104    -0.840    -0.532
 5     0.401     0.525    -0.751
 6   129.747     9.449     6.154
 6     0.583     0.802    -0.130
 6    -0.491     0.220    -0.843
 6    -0.647     0.555     0.522
 7   108.907   -19.489    -5.419
 7     0.630     0.694     0.347
 7    -0.764     0.634     0.121
 7    -0.136    -0.342     0.930
 8   120.696   -27.872    20.116
 8     0.830    -0.505     0.236
 8    -0.522    -0.852     0.014
 8     0.194    -0.135    -0.972
 9   129.587   -29.924    -0.157
 9     0.524    -0.742     0.417
 9     0.339     0.631     0.697
 9    -0.781    -0.224     0.583
 2    96.566   -18.791    59.742
 2    -0.053    -0.998    -0.016
 2     0.996    -0.054     0.067
 2    -0.068    -0.012     0.997
 3   126.163    -2.231     3.672
 3     0.571    -0.546    -0.614
 3     0.378     0.838    -0.393
 3     0.729    -0.008     0.684
 4   102.001     5.919    -5.300
 4     0.380    -0.723     0.577
 4     0.725     0.620     0.299
 4    -0.574     0.305     0.760
 5   114.566    19.979    18.940
 5     0.909    -0.141     0.392
 5     0.101    -0.839    -0.535
 5     0.404     0.526    -0.748
 6   129.772     9.100     6.238
 6     0.583     0.801    -0.135
 6    -0.500     0.223    -0.837
 6    -0.640     0.555     0.530
 7   109.074   -19.484    -5.425
 7     0.643     0.685     0.342
 7    -0.753     0.646     0.122
 7    -0.137    -0.337     0.931
 8   120.081   -28.990    19.522
 8     0.868    -0.375     0.325
