% Calibrated with leiden_pols
% Positions are in centimeters
Data =[
 2    96.506   -22.634    59.308
 2     0.093    -0.996     0.002
 2     0.977     0.092     0.192
 2    -0.192    -0.017     0.981
 3   127.326    -2.334     3.532
 3     0.304    -0.056    -0.951
 3     0.230     0.973     0.016
 3     0.924    -0.224     0.308
 4   116.684    14.894    -5.140
 4     0.522    -0.844    -0.125
 4     0.770     0.529    -0.357
 4     0.366     0.091     0.926
 5   114.266    22.324    12.728
 5     0.015    -0.833     0.553
 5     0.207    -0.539    -0.817
 5     0.978     0.127     0.165
 6   124.885    25.961    46.868
 6     0.420    -0.637    -0.650
 6     0.013     0.717    -0.695
 6     0.907     0.282     0.308
 7   113.928   -21.890    -3.971
 7     0.531     0.834     0.148
 7    -0.825     0.468     0.318
 7     0.196    -0.291     0.936
 8   115.378   -27.581    16.371
 8     0.112     0.917     0.383
 8     0.026    -0.388     0.921
 8     0.993    -0.094    -0.067
 9   124.949   -29.441    48.923
 9     0.318     0.593    -0.742
 9    -0.003     0.781     0.622
 9     0.948    -0.194     0.249
 2    96.506   -22.634    59.308
 2     0.093    -0.996     0.002
 2     0.977     0.092     0.192
 2    -0.192    -0.017     0.981
 3   127.472    -2.428     3.448
 3     0.297    -0.034    -0.954
 3     0.232     0.972     0.037
 3     0.926    -0.233     0.296
 4   116.367    14.861    -5.025
 4     0.530    -0.841    -0.110
 4     0.768     0.530    -0.359
 4     0.360     0.106     0.927
 5   114.597    22.210    12.779
 5     0.045    -0.837     0.545
 5     0.198    -0.528    -0.826
 5     0.979     0.145     0.142
 6   126.119    26.017    46.543
 6     0.451    -0.597    -0.667
 6     0.027     0.753    -0.655
 6     0.892     0.276     0.355
 7   113.663   -21.895    -4.119
 7     0.534     0.829     0.163
 7    -0.824     0.469     0.317
 7     0.187    -0.304     0.934
 8   115.014   -27.529    16.150
 8     0.122     0.900     0.419
 8     0.010    -0.423     0.906
 8     0.992    -0.106    -0.061
 9   124.987   -29.449    48.650
 9     0.321     0.585    -0.747
 9    -0.009     0.788     0.613
 9     0.947    -0.189     0.257
 2    96.453   -22.635    59.310
 2     0.093    -0.996     0.002
 2     0.977     0.092     0.192
 2    -0.193    -0.017     0.981
 3   127.340    -2.262     3.093
 3     0.307    -0.030    -0.951
 3     0.222     0.974     0.041
 3     0.925    -0.224     0.306
 4   116.068    15.160    -5.061
 4     0.530    -0.843    -0.092
 4     0.770     0.524    -0.363
 4     0.353     0.121     0.927
 5   114.437    22.387    12.863
 5     0.055    -0.831     0.554
 5     0.192    -0.536    -0.822
 5     0.980     0.152     0.130
 6   126.056    25.984    46.664
 6     0.461    -0.613    -0.645
 6     0.023     0.732    -0.678
 6     0.887     0.297     0.351
 7   113.607   -21.770    -4.160
 7     0.536     0.828     0.166
 7    -0.824     0.470     0.317
 7     0.184    -0.307     0.934
 8   115.061   -27.495    16.052
 8     0.122     0.897     0.425
 8     0.004    -0.429     0.903
 8     0.992    -0.108    -0.056
 9   124.987   -29.502    48.522
 9     0.322     0.585    -0.747
 9    -0.011     0.789     0.612
 9     0.947    -0.188     0.259
 2    96.456   -22.634    59.308
 2     0.094    -0.996     0.002
 2     0.977     0.093     0.192
 2    -0.192    -0.017     0.981
 3   127.417    -1.940     3.026
 3     0.314    -0.036    -0.949
 3     0.210     0.977     0.032
 3     0.926    -0.209     0.314
 4   116.091    15.425    -4.969
 4     0.521    -0.849    -0.094
 4     0.772     0.515    -0.372
 4     0.364     0.122     0.923
 5   114.321    22.445    12.981
 5     0.049    -0.823     0.566
 5     0.188    -0.549    -0.814
 5     0.981     0.146     0.129
 6   125.929    26.053    46.759
 6     0.468    -0.621    -0.632
 6     0.021     0.720    -0.692
 6     0.883     0.309     0.349
 7   113.832   -21.538    -4.218
 7     0.542     0.825     0.160
 7    -0.820     0.477     0.317
 7     0.185    -0.303     0.935
 8   115.325   -27.399    15.996
 8     0.118     0.908     0.401
 8     0.010    -0.405     0.914
 8     0.993    -0.104    -0.057
 9   125.016   -29.449    48.510
 9     0.318     0.579    -0.754
 9    -0.011     0.794     0.605
 9     0.948    -0.183     0.258
 2    96.506   -22.685    59.308
 2     0.094    -0.996     0.002
 2     0.977     0.093     0.192
 2    -0.192    -0.017     0.981
 3   127.358    -1.992     3.134
 3     0.316    -0.046    -0.948
 3     0.211     0.977     0.023
 3     0.925    -0.208     0.318
 4   116.092    15.399    -4.918
 4     0.522    -0.848    -0.095
 4     0.771     0.516    -0.372
 4     0.364     0.121     0.923
 5   114.555    22.362    12.978
 5     0.055    -0.835     0.547
 5     0.187    -0.529    -0.827
 5     0.981     0.147     0.128
 6   126.133    25.980    46.742
 6     0.461    -0.607    -0.650
 6     0.018     0.736    -0.674
 6     0.887     0.298     0.350
 7   113.784   -21.613    -4.171
 7     0.542     0.825     0.160
 7    -0.819     0.476     0.318
 7     0.186    -0.303     0.934
 8   115.307   -27.418    16.148
 8     0.121     0.908     0.400
 8     0.014    -0.405     0.914
 8     0.992    -0.106    -0.062
 9   125.059   -29.450    48.623
 9     0.319     0.580    -0.751
 9    -0.010     0.793     0.607
 9     0.947    -0.185     0.258
 2    96.506   -22.634    59.257
 2     0.093    -0.996     0.002
 2     0.977     0.092     0.192
 2    -0.192    -0.017     0.981
 3   127.351    -2.168     3.169
 3     0.316    -0.051    -0.948
 3     0.217     0.976     0.020
 3     0.924    -0.212     0.319
 4   116.133    15.216    -4.950
 4     0.526    -0.845    -0.099
 4     0.771     0.522    -0.365
 4     0.359     0.116     0.926
 5   114.491    22.308    12.993
 5     0.056    -0.836     0.546
 5     0.190    -0.528    -0.828
 5     0.980     0.150     0.130
 6   126.135    26.008    46.720
 6     0.460    -0.606    -0.653
 6     0.023     0.740    -0.670
 6     0.887     0.292     0.354
 7   113.792   -21.763    -4.128
 7     0.541     0.825     0.161
 7    -0.819     0.474     0.321
 7     0.189    -0.306     0.933
 8   115.477   -27.524    16.327
 8     0.124     0.913     0.388
 8     0.013    -0.393     0.919
 8     0.992    -0.109    -0.061
 9   125.393   -29.528    48.642
 9     0.326     0.575    -0.753
 9    -0.009     0.796     0.603
 9     0.945    -0.189     0.264
 2    96.455   -22.634    59.308
 2     0.093    -0.996     0.002
 2     0.977     0.092     0.192
 2    -0.192    -0.017     0.981
 3   127.325    -2.216     3.170
 3     0.312    -0.053    -0.948
 3     0.218     0.976     0.017
 3     0.924    -0.213     0.316
 4   115.978    15.049    -4.805
 4     0.536    -0.839    -0.095
 4     0.770     0.531    -0.352
 4     0.345     0.116     0.931
 5   115.540    22.278    13.402
 5     0.141    -0.820     0.556
 5     0.219    -0.521    -0.824
 5     0.965     0.237     0.107
 6   130.723    26.118    44.835
 6     0.545    -0.537    -0.647
 6     0.029     0.780    -0.622
 6     0.838     0.320     0.440
 7   113.762   -21.764    -4.187
 7     0.561     0.808     0.177
 7    -0.809     0.491     0.323
 7     0.174    -0.324     0.930
 8   117.755   -28.491    16.481
 8     0.291     0.844     0.450
 8    -0.070    -0.450     0.890
 8     0.954    -0.291    -0.071
 9   133.620   -31.830    45.167
 9     0.495     0.505    -0.710
 9    -0.065     0.833     0.546
 9     0.866    -0.224     0.445
 2    96.506   -22.634    59.308
 2     0.093    -0.996     0.002
 2     0.977     0.092     0.192
 2    -0.192    -0.017     0.981
 3   127.476    -2.128     2.798
 3     0.301    -0.037    -0.953
 3     0.224     0.974     0.033
 3     0.927    -0.224     0.301
 4   115.706    14.772    -4.950
 4     0.615    -0.789    -0.010
 4     0.747     0.585    -0.314
 4     0.252     0.186     0.949
 5   118.673    22.548    12.990
 5     0.377    -0.698     0.610
 5     0.281    -0.541    -0.792
 5     0.882     0.469    -0.007
