% Calibrated with leiden_pols
% Positions are in centimeters
Data =[
 2    96.506   -22.634    59.308
 2     0.093    -0.996     0.002
 2     0.977     0.092     0.192
 2    -0.192    -0.017     0.981
 3   127.326    -2.334     3.532
 3     0.304    -0.056    -0.951
 3     0.230     0.973     0.016
 3     0.924    -0.224     0.308
 4   116.684    14.894    -5.140
 4     0.522    -0.844    -0.125
 4     0.770     0.529    -0.357
 4     0.366     0.091     0.926
 5   114.266    22.324    12.728
 5     0.015    -0.833     0.553
 5     0.207    -0.539    -0.817
 5     0.978     0.127     0.165
 6   124.885    25.961    46.868
 6     0.420    -0.637    -0.650
 6     0.013     0.717    -0.695
 6     0.907     0.282     0.308
 7   113.928   -21.890    -3.971
 7     0.531     0.834     0.148
 7    -0.825     0.468     0.318
 7     0.196    -0.291     0.936
 8   115.378   -27.581    16.371
 8     0.112     0.917     0.383
 8     0.026    -0.388     0.921
 8     0.993    -0.094    -0.067
 9   124.949   -29.441    48.923
 9     0.318     0.593    -0.742
 9    -0.003     0.781     0.622
 9     0.948    -0.194     0.249
 2    96.506   -22.634    59.308
 2     0.093    -0.996     0.002
 2     0.977     0.092     0.192
 2    -0.192    -0.017     0.981
 3   127.472    -2.428     3.448
 3     0.297    -0.034    -0.954
 3     0.232     0.972     0.037
 3     0.926    -0.233     0.296
 4   116.367    14.861    -5.025
 4     0.530    -0.841    -0.110
 4     0.768     0.530    -0.359
 4     0.360     0.106     0.927
 5   114.597    22.210    12.779
 5     0.045    -0.837     0.545
 5     0.198    -0.528    -0.826
 5     0.979     0.145     0.142
 6   126.119    26.017    46.543
 6     0.451    -0.597    -0.667
 6     0.027     0.753    -0.655
 6     0.892     0.276     0.355
 7   113.663   -21.895    -4.119
 7     0.534     0.829     0.163
 7    -0.824     0.469     0.317
 7     0.187    -0.304     0.934
 8   115.014   -27.529    16.150
 8     0.122     0.900     0.419
 8     0.010    -0.423     0.906
 8     0.992    -0.106    -0.061
 9   124.987   -29.449    48.650
 9     0.321     0.585    -0.747
 9    -0.009     0.788     0.613
 9     0.947    -0.189     0.257
 2    96.453   -22.635    59.310
 2     0.093    -0.996     0.002
 2     0.977     0.092     0.192
 2    -0.193    -0.017     0.981
 3   127.340    -2.262     3.093
 3     0.307    -0.030    -0.951
 3     0.222     0.974     0.041
 3     0.925    -0.224     0.306
 4   116.068    15.160    -5.061
 4     0.530    -0.843    -0.092
 4     0.770     0.524    -0.363
 4     0.353     0.121     0.927
 5   114.437    22.387    12.863
 5     0.055    -0.831     0.554
 5     0.192    -0.536    -0.822
 5     0.980     0.152     0.130
 6   126.056    25.984    46.664
 6     0.461    -0.613    -0.645
 6     0.023     0.732    -0.678
 6     0.887     0.297     0.351
 7   113.607   -21.770    -4.160
 7     0.536     0.828     0.166
 7    -0.824     0.470     0.317
 7     0.184    -0.307     0.934
 8   115.061   -27.495    16.052
 8     0.122     0.897     0.425
 8     0.004    -0.429     0.903
 8     0.992    -0.108    -0.056
 9   124.987   -29.502    48.522
 9     0.322     0.585    -0.747
 9    -0.011     0.789     0.612
 9     0.947    -0.188     0.259
 2    96.456   -22.634    59.308
 2     0.094    -0.996     0.002
 2     0.977     0.093     0.192
 2    -0.192    -0.017     0.981
 3   127.417    -1.940     3.026
 3     0.314    -0.036    -0.949
 3     0.210     0.977     0.032
 3     0.926    -0.209     0.314
 4   116.091    15.425    -4.969
 4     0.521    -0.849    -0.094
 4     0.772     0.515    -0.372
 4     0.364     0.122     0.923
 5   114.321    22.445    12.981
 5     0.049    -0.823     0.566
 5     0.188    -0.549    -0.814
 5     0.981     0.146     0.129
 6   125.929    26.053    46.759
 6     0.468    -0.621    -0.632
 6     0.021     0.720    -0.692
 6     0.883     0.309     0.349
 7   113.832   -21.538    -4.218
 7     0.542     0.825     0.160
 7    -0.820     0.477     0.317
 7     0.185    -0.303     0.935
 8   115.325   -27.399    15.996
 8     0.118     0.908     0.401
 8     0.010    -0.405     0.914
 8     0.993    -0.104    -0.057
 9   125.016   -29.449    48.510
 9     0.318     0.579    -0.754
 9    -0.011     0.794     0.605
 9     0.948    -0.183     0.258
 2    96.506   -22.685    59.308
 2     0.094    -0.996     0.002
 2     0.977     0.093     0.192
 2    -0.192    -0.017     0.981
 3   127.358    -1.992     3.134
 3     0.316    -0.046    -0.948
 3     0.211     0.977     0.023
 3     0.925    -0.208     0.318
 4   116.092    15.399    -4.918
 4     0.522    -0.848    -0.095
 4     0.771     0.516    -0.372
 4     0.364     0.121     0.923
 5   114.555    22.362    12.978
 5     0.055    -0.835     0.547
 5     0.187    -0.529    -0.827
 5     0.981     0.147     0.128
 6   126.133    25.980    46.742
 6     0.461    -0.607    -0.650
 6     0.018     0.736    -0.674
 6     0.887     0.298     0.350
 7   113.784   -21.613    -4.171
 7     0.542     0.825     0.160
 7    -0.819     0.476     0.318
 7     0.186    -0.303     0.934
 8   115.307   -27.418    16.148
 8     0.121     0.908     0.400
 8     0.014    -0.405     0.914
 8     0.992    -0.106    -0.062
 9   125.059   -29.450    48.623
 9     0.319     0.580    -0.751
 9    -0.010     0.793     0.607
 9     0.947    -0.185     0.258
 2    96.506   -22.634    59.257
 2     0.093    -0.996     0.002
 2     0.977     0.092     0.192
 2    -0.192    -0.017     0.981
 3   127.351    -2.168     3.169
 3     0.316    -0.051    -0.948
 3     0.217     0.976     0.020
 3     0.924    -0.212     0.319
 4   116.133    15.216    -4.950
 4     0.526    -0.845    -0.099
 4     0.771     0.522    -0.365
 4     0.359     0.116     0.926
 5   114.491    22.308    12.993
 5     0.056    -0.836     0.546
 5     0.190    -0.528    -0.828
 5     0.980     0.150     0.130
 6   126.135    26.008    46.720
 6     0.460    -0.606    -0.653
 6     0.023     0.740    -0.670
 6     0.887     0.292     0.354
 7   113.792   -21.763    -4.128
 7     0.541     0.825     0.161
 7    -0.819     0.474     0.321
 7     0.189    -0.306     0.933
 8   115.477   -27.524    16.327
 8     0.124     0.913     0.388
 8     0.013    -0.393     0.919
 8     0.992    -0.109    -0.061
 9   125.393   -29.528    48.642
 9     0.326     0.575    -0.753
 9    -0.009     0.796     0.603
 9     0.945    -0.189     0.264
 2    96.455   -22.634    59.308
 2     0.093    -0.996     0.002
 2     0.977     0.092     0.192
 2    -0.192    -0.017     0.981
 3   127.325    -2.216     3.170
 3     0.312    -0.053    -0.948
 3     0.218     0.976     0.017
 3     0.924    -0.213     0.316
 4   115.978    15.049    -4.805
 4     0.536    -0.839    -0.095
 4     0.770     0.531    -0.352
 4     0.345     0.116     0.931
 5   115.540    22.278    13.402
 5     0.141    -0.820     0.556
 5     0.219    -0.521    -0.824
 5     0.965     0.237     0.107
 6   130.723    26.118    44.835
 6     0.545    -0.537    -0.647
 6     0.029     0.780    -0.622
 6     0.838     0.320     0.440
 7   113.762   -21.764    -4.187
 7     0.561     0.808     0.177
 7    -0.809     0.491     0.323
 7     0.174    -0.324     0.930
 8   117.755   -28.491    16.481
 8     0.291     0.844     0.450
 8    -0.070    -0.450     0.890
 8     0.954    -0.291    -0.071
 9   133.620   -31.830    45.167
 9     0.495     0.505    -0.710
 9    -0.065     0.833     0.546
 9     0.866    -0.224     0.445
 2    96.506   -22.634    59.308
 2     0.093    -0.996     0.002
 2     0.977     0.092     0.192
 2    -0.192    -0.017     0.981
 3   127.476    -2.128     2.798
 3     0.301    -0.037    -0.953
 3     0.224     0.974     0.033
 3     0.927    -0.224     0.301
 4   115.706    14.772    -4.950
 4     0.615    -0.789    -0.010
 4     0.747     0.585    -0.314
 4     0.252     0.186     0.949
 5   118.673    22.548    12.990
 5     0.377    -0.698     0.610
 5     0.281    -0.541    -0.792
 5     0.882     0.469    -0.007
 6   141.539    27.221    38.662
 6     0.742    -0.354    -0.571
 6     0.024     0.863    -0.504
 6     0.670     0.359     0.648
 7   113.213   -21.186    -4.875
 7     0.606     0.757     0.245
 7    -0.791     0.542     0.281
 7     0.080    -0.364     0.927
 8   120.910   -29.242    15.413
 8     0.519     0.708     0.479
 8    -0.164    -0.467     0.868
 8     0.839    -0.529    -0.126
 9   143.091   -32.949    37.432
 9     0.705     0.359    -0.613
 9    -0.105     0.905     0.410
 9     0.701    -0.226     0.675
 2    96.453   -22.635    59.310
 2     0.093    -0.996     0.002
 2     0.977     0.092     0.192
 2    -0.193    -0.017     0.981
 3   127.405    -2.262     2.274
 3     0.308    -0.024    -0.951
 3     0.229     0.972     0.050
 3     0.923    -0.233     0.305
 4   114.522    13.594    -5.993
 4     0.712    -0.686     0.155
 4     0.701     0.682    -0.207
 4     0.036     0.255     0.966
 5   122.283    22.748     9.975
 5     0.613    -0.569     0.552
 5     0.323    -0.455    -0.829
 5     0.721     0.685    -0.095
 6   150.748    26.256    26.136
 6     0.914    -0.115    -0.389
 6    -0.033     0.934    -0.356
 6     0.404     0.337     0.849
 7   111.648   -20.481    -5.687
 7     0.623     0.706     0.335
 7    -0.780     0.592     0.201
 7    -0.057    -0.386     0.920
 8   123.732   -29.943    12.410
 8     0.728     0.514     0.453
 8    -0.231    -0.438     0.868
 8     0.645    -0.737    -0.200
 9   150.841   -32.227    25.546
 9     0.893     0.171    -0.417
 9    -0.094     0.975     0.198
 9     0.440    -0.138     0.887
 2    96.454   -22.635    59.311
 2     0.093    -0.996     0.001
 2     0.977     0.092     0.193
 2    -0.193    -0.018     0.981
 3   127.099    -2.329     1.960
 3     0.327     0.000    -0.945
 3     0.245     0.966     0.085
 3     0.912    -0.260     0.315
 4   112.517    12.009    -6.984
 4     0.730    -0.593     0.341
 4     0.648     0.758    -0.070
 4    -0.217     0.271     0.937
 5   124.207    22.419     5.705
 5     0.776    -0.423     0.469
 5     0.332    -0.358    -0.872
 5     0.537     0.832    -0.138
 6   154.878    24.197    12.639
 6     0.983     0.073    -0.165
 6    -0.110     0.968    -0.227
 6     0.143     0.240     0.960
 7   110.224   -19.469    -6.380
 7     0.614     0.679     0.402
 7    -0.763     0.641     0.082
 7    -0.202    -0.357     0.911
 8   125.863   -30.119     7.893
 8     0.883     0.278     0.378
 8    -0.258    -0.387     0.885
 8     0.392    -0.879    -0.271
 9   154.885   -31.437    10.545
 9     0.991     0.070    -0.111
 9    -0.063     0.995     0.076
 9     0.115    -0.068     0.991
 2    96.456   -22.634    59.308
 2     0.094    -0.995     0.001
 2     0.977     0.092     0.192
 2    -0.192    -0.018     0.981
 3   126.634    -2.245     1.304
 3     0.347    -0.022    -0.938
 3     0.274     0.958     0.079
 3     0.897    -0.284     0.338
 4   110.330    10.403    -8.142
 4     0.679    -0.541     0.498
 4     0.595     0.801     0.058
 4    -0.430     0.256     0.865
 5   124.381    21.813     0.897
 5     0.873    -0.265     0.410
 5     0.341    -0.268    -0.901
 5     0.348     0.926    -0.145
 6   155.276    20.758    -0.826
 6     0.969     0.231     0.087
 6    -0.218     0.966    -0.137
 6    -0.115     0.115     0.987
 7   109.380   -18.692    -7.035
 7     0.594     0.686     0.419
 7    -0.741     0.669    -0.044
 7    -0.311    -0.285     0.906
 8   126.689   -30.036     3.410
 8     0.954     0.078     0.290
 8    -0.248    -0.338     0.908
 8     0.169    -0.938    -0.303
 9   155.108   -30.011    -3.358
 9     0.985     0.011     0.170
 9    -0.015     1.000     0.017
 9    -0.170    -0.021     0.985
 2    96.455   -22.634    59.308
 2     0.093    -0.996     0.001
 2     0.977     0.092     0.192
 2    -0.192    -0.017     0.981
 3   126.156    -2.153     0.239
 3     0.383    -0.103    -0.918
 3     0.317     0.948     0.026
 3     0.867    -0.301     0.395
 4   107.866     9.024    -8.781
 4     0.601    -0.538     0.593
 4     0.568     0.807     0.156
 4    -0.562     0.243     0.790
 5   122.954    21.055    -2.514
 5     0.918    -0.122     0.377
 5     0.343    -0.230    -0.910
 5     0.197     0.965    -0.171
 6   152.363    19.495   -10.492
 6     0.912     0.293     0.289
 6    -0.260     0.954    -0.144
 6    -0.316     0.059     0.946
 7   108.254   -18.770    -6.988
 7     0.586     0.686     0.431
 7    -0.725     0.681    -0.099
 7    -0.362    -0.255     0.896
 8   126.210   -29.888    -0.633
 8     0.977    -0.080     0.197
 8    -0.212    -0.268     0.939
 8    -0.022    -0.960    -0.279
 9   152.582   -27.841   -14.651
 9     0.920    -0.029     0.391
 9     0.044     0.998    -0.037
 9    -0.390     0.049     0.919
 2    96.456   -22.685    59.308
 2     0.094    -0.996     0.002
 2     0.977     0.093     0.192
 2    -0.192    -0.017     0.981
 3   124.814    -1.923    -1.184
 3     0.434    -0.179    -0.883
 3     0.336     0.941    -0.025
 3     0.836    -0.287     0.468
 4   104.958     8.521    -8.757
 4     0.523    -0.544     0.656
 4     0.571     0.795     0.203
 4    -0.633     0.268     0.726
 5   120.433    21.105    -4.119
 5     0.922    -0.029     0.385
 5     0.369    -0.219    -0.903
 5     0.110     0.975    -0.192
 6   149.100    19.839   -15.232
 6     0.878     0.294     0.381
 6    -0.260     0.955    -0.134
 6    -0.402     0.021     0.914
 7   106.517   -18.855    -6.754
 7     0.575     0.661     0.482
 7    -0.714     0.693    -0.098
 7    -0.399    -0.288     0.870
 8   124.465   -29.814    -3.325
 8     0.969    -0.184     0.161
 8    -0.196    -0.188     0.962
 8    -0.147    -0.965    -0.218
 9   148.884   -25.731   -21.850
 9     0.847    -0.038     0.531
 9     0.107     0.989    -0.105
 9    -0.521     0.144     0.841
 2    96.456   -22.634    59.308
 2     0.094    -0.996     0.002
 2     0.977     0.093     0.192
 2    -0.192    -0.017     0.981
 3   123.909    -2.079    -2.060
 3     0.460    -0.208    -0.864
 3     0.355     0.933    -0.035
 3     0.813    -0.292     0.503
 4   103.086     7.456    -8.955
 4     0.464    -0.546     0.698
 4     0.548     0.795     0.257
 4    -0.696     0.264     0.667
 5   118.653    20.623    -6.126
 5     0.919     0.049     0.390
 5     0.393    -0.181    -0.902
 5     0.025     0.982    -0.186
 6   146.017    19.387   -20.446
 6     0.828     0.294     0.483
 6    -0.271     0.955    -0.106
 6    -0.490    -0.040     0.869
 7   105.877   -19.340    -6.599
 7     0.568     0.647     0.509
 7    -0.717     0.692    -0.079
 7    -0.403    -0.320     0.857
 8   122.609   -30.650    -5.441
 8     0.941    -0.287     0.180
 8    -0.224    -0.130     0.966
 8    -0.254    -0.949    -0.187
 9   144.859   -26.894   -27.507
 9     0.778     0.015     0.628
 9     0.100     0.983    -0.152
 9    -0.620     0.180     0.763
 2    96.456   -22.634    59.308
 2     0.094    -0.996     0.002
 2     0.977     0.093     0.192
 2    -0.192    -0.017     0.981
 3   123.229    -2.480    -2.307
 3     0.474    -0.226    -0.852
 3     0.393     0.919    -0.024
 3     0.787    -0.324     0.524
 4   101.908     6.228    -9.140
 4     0.430    -0.547     0.719
 4     0.516     0.801     0.301
 4    -0.740     0.242     0.627
 5   117.182    19.962    -8.030
 5     0.911     0.123     0.394
 5     0.408    -0.133    -0.903
 5    -0.059     0.983    -0.172
 6   142.855    18.576   -25.275
 6     0.769     0.285     0.578
 6    -0.279     0.954    -0.092
 6    -0.575    -0.088     0.810
 7   104.783   -19.405    -6.371
 7     0.548     0.643     0.536
 7    -0.729     0.681    -0.072
 7    -0.411    -0.351     0.841
 8   119.807   -31.156    -7.693
 8     0.892    -0.383     0.239
 8    -0.267    -0.020     0.963
 8    -0.363    -0.924    -0.120
 9   139.260   -27.056   -33.409
 9     0.681     0.077     0.728
 9     0.118     0.969    -0.219
 9    -0.722     0.234     0.650
 2    96.456   -22.634    59.308
 2     0.093    -0.995     0.001
 2     0.977     0.092     0.192
 2    -0.192    -0.018     0.981
 3   122.500    -2.455    -2.548
 3     0.498    -0.241    -0.834
 3     0.403     0.914    -0.023
 3     0.767    -0.325     0.552
 4   100.681     5.947    -8.893
 4     0.404    -0.548     0.732
 4     0.509     0.799     0.318
 4    -0.760     0.244     0.602
 5   115.837    19.786    -8.609
 5     0.905     0.171     0.389
 5     0.411    -0.117    -0.904
 5    -0.109     0.978    -0.176
 6   140.441    17.751   -27.336
 6     0.724     0.304     0.625
 6    -0.314     0.943    -0.089
 6    -0.614    -0.131     0.775
 7   104.067   -19.062    -6.264
 7     0.542     0.624     0.563
 7    -0.725     0.685    -0.063
 7    -0.425    -0.374     0.823
 8   118.156   -31.055    -8.965
 8     0.857    -0.431     0.284
 8    -0.290     0.053     0.956
 8    -0.426    -0.901    -0.079
 9   136.224   -25.786   -36.213
 9     0.625     0.095     0.775
 9     0.159     0.955    -0.250
 9    -0.764     0.279     0.580
 2    96.456   -22.685    59.308
 2     0.094    -0.995     0.002
 2     0.977     0.093     0.192
 2    -0.192    -0.017     0.981
 3   122.095    -2.190    -2.714
 3     0.508    -0.256    -0.823
 3     0.417     0.908    -0.024
 3     0.753    -0.332     0.567
 4    99.867     5.755    -8.848
 4     0.377    -0.562     0.737
 4     0.509     0.789     0.341
 4    -0.774     0.247     0.583
 5   114.572    19.874    -9.312
 5     0.892     0.218     0.397
 5     0.425    -0.106    -0.899
 5    -0.154     0.970    -0.187
 6   137.860    18.132   -29.792
 6     0.675     0.299     0.680
 6    -0.316     0.942    -0.094
 6    -0.667    -0.150     0.727
 7   103.497   -19.002    -6.249
 7     0.530     0.610     0.589
 7    -0.724     0.686    -0.060
 7    -0.441    -0.395     0.805
 8   116.953   -31.030    -9.717
 8     0.829    -0.474     0.298
 8    -0.298     0.077     0.951
 8    -0.474    -0.877    -0.077
 9   133.278   -25.511   -38.206
 9     0.574     0.114     0.811
 9     0.172     0.950    -0.259
 9    -0.801     0.289     0.524
 2    96.456   -22.685    59.308
 2     0.094    -0.995     0.001
 2     0.977     0.092     0.192
 2    -0.192    -0.018     0.981
 3   121.508    -2.159    -2.902
 3     0.525    -0.274    -0.807
 3     0.425     0.904    -0.030
 3     0.737    -0.327     0.590
 4    99.048     5.647    -8.651
 4     0.356    -0.567     0.743
 4     0.510     0.783     0.353
 4    -0.782     0.254     0.568
 5   113.825    19.960    -9.376
 5     0.887     0.239     0.395
 5     0.428    -0.110    -0.897
 5    -0.171     0.965    -0.200
 6   136.263    18.563   -30.520
 6     0.644     0.328     0.696
 6    -0.315     0.936    -0.144
 6    -0.697    -0.126     0.703
 7   102.880   -18.922    -6.125
 7     0.508     0.604     0.615
 7    -0.730     0.680    -0.065
 7    -0.457    -0.416     0.786
 8   115.365   -31.159   -10.307
 8     0.797    -0.508     0.328
 8    -0.316     0.111     0.942
 8    -0.515    -0.854    -0.071
 9   130.584   -25.738   -39.937
 9     0.530     0.146     0.835
 9     0.174     0.944    -0.279
 9    -0.830     0.293     0.474
 2    96.456   -22.634    59.308
 2     0.094    -0.996     0.002
 2     0.977     0.093     0.192
 2    -0.192    -0.017     0.981
 3   121.121    -2.146    -3.167
 3     0.536    -0.281    -0.797
 3     0.428     0.903    -0.029
 3     0.727    -0.325     0.604
 4    98.383     5.406    -8.612
 4     0.340    -0.577     0.743
 4     0.506     0.778     0.371
 4    -0.792     0.250     0.556
 5   112.869    19.801    -9.849
 5     0.878     0.270     0.396
 5     0.433    -0.097    -0.896
 5    -0.204     0.958    -0.202
 6   134.438    18.385   -31.959
 6     0.608     0.333     0.726
 6    -0.320     0.933    -0.155
 6    -0.727    -0.137     0.670
 7   102.230   -18.868    -6.105
 7     0.491     0.596     0.635
 7    -0.731     0.678    -0.072
 7    -0.474    -0.429     0.769
 8   114.548   -30.841   -11.154
 8     0.781    -0.525     0.339
 8    -0.305     0.153     0.940
 8    -0.545    -0.837    -0.040
 9   128.969   -24.872   -41.284
 9     0.505     0.172     0.845
 9     0.182     0.936    -0.302
 9    -0.843     0.307     0.441
 2    96.456   -22.685    59.308
 2     0.094    -0.996     0.002
 2     0.977     0.093     0.192
 2    -0.192    -0.017     0.981
 3   120.771    -2.181    -3.241
 3     0.545    -0.286    -0.789
 3     0.429     0.902    -0.030
 3     0.720    -0.323     0.613
 4    98.118     5.458    -8.464
 4     0.332    -0.580     0.744
 4     0.511     0.773     0.375
 4    -0.793     0.257     0.552
 5   112.438    20.000    -9.880
 5     0.869     0.283     0.405
 5     0.446    -0.094    -0.890
 5    -0.214     0.954    -0.208
 6   133.836    19.038   -32.341
 6     0.605     0.318     0.735
 6    -0.309     0.938    -0.146
 6    -0.734    -0.138     0.662
 7   102.140   -18.485    -6.315
 7     0.478     0.594     0.647
 7    -0.727     0.681    -0.089
 7    -0.493    -0.428     0.757
 8   114.031   -30.393   -12.008
 8     0.762    -0.540     0.357
 8    -0.306     0.185     0.933
 8    -0.570    -0.821    -0.024
 9   127.677   -24.500   -42.678
 9     0.480     0.211     0.851
 9     0.177     0.927    -0.331
 9    -0.859     0.310     0.407
 2    96.456   -22.634    59.308
 2     0.094    -0.996     0.002
 2     0.977     0.093     0.192
 2    -0.192    -0.017     0.981
 3   121.193    -1.636    -3.352
 3     0.532    -0.295    -0.795
 3     0.432     0.900    -0.044
 3     0.728    -0.320     0.605
 4    98.389     5.658    -8.726
 4     0.323    -0.614     0.721
 4     0.529     0.747     0.400
 4    -0.785     0.253     0.565
 5   111.866    20.534   -10.164
 5     0.847     0.302     0.437
 5     0.479    -0.083    -0.873
 5    -0.227     0.950    -0.215
 6   132.179    20.413   -33.455
 6     0.573     0.307     0.764
 6    -0.302     0.940    -0.146
 6    -0.762    -0.148     0.628
 7   102.660   -17.793    -6.791
 7     0.464     0.594     0.657
 7    -0.726     0.680    -0.103
 7    -0.508    -0.429     0.747
 8   113.330   -29.992   -12.920
 8     0.719    -0.566     0.403
 8    -0.335     0.225     0.914
 8    -0.608    -0.793    -0.027
 9   125.119   -24.609   -44.762
 9     0.426     0.262     0.866
 9     0.175     0.915    -0.364
 9    -0.888     0.307     0.343
 2    96.455   -22.634    59.308
 2     0.093    -0.996     0.002
 2     0.977     0.092     0.192
 2    -0.192    -0.017     0.981
 3   121.527    -1.318    -3.368
 3     0.519    -0.293    -0.804
 3     0.431     0.900    -0.049
 3     0.738    -0.322     0.593
 4    98.702     5.855    -8.821
 4     0.328    -0.624     0.710
 4     0.542     0.738     0.399
 4    -0.774     0.254     0.580
 5   111.749    20.892   -10.167
 5     0.840     0.312     0.444
 5     0.491    -0.090    -0.866
 5    -0.230     0.946    -0.228
 6   131.240    21.067   -33.856
 6     0.534     0.335     0.781
 6    -0.303     0.932    -0.188
 6    -0.790    -0.137     0.596
 7   102.449   -17.413    -7.050
 7     0.443     0.579     0.684
 7    -0.722     0.683    -0.110
 7    -0.531    -0.445     0.721
 8   112.277   -29.873   -13.713
 8     0.673    -0.612     0.416
 8    -0.340     0.242     0.908
 8    -0.657    -0.752    -0.044
 9   121.386   -24.453   -46.924
 9     0.346     0.280     0.895
 9     0.171     0.919    -0.354
 9    -0.922     0.276     0.270
 2    96.506   -22.685    59.257
 2     0.094    -0.996     0.002
 2     0.977     0.093     0.191
 2    -0.192    -0.017     0.981
 3   121.346    -1.273    -3.360
 3     0.525    -0.288    -0.801
 3     0.426     0.903    -0.045
 3     0.736    -0.318     0.596
 4    98.523     5.906    -8.723
 4     0.327    -0.619     0.715
 4     0.543     0.741     0.394
 4    -0.774     0.259     0.578
 5   111.643    20.851   -10.235
 5     0.841     0.325     0.432
 5     0.483    -0.092    -0.871
 5    -0.243     0.941    -0.234
 6   130.409    20.720   -34.625
 6     0.503     0.363     0.788
 6    -0.308     0.922    -0.225
 6    -0.808    -0.130     0.572
 7   101.942   -17.272    -6.911
 7     0.421     0.551     0.721
 7    -0.710     0.694    -0.117
 7    -0.565    -0.463     0.683
 8   111.078   -29.460   -14.699
 8     0.622    -0.667     0.411
 8    -0.318     0.264     0.910
 8    -0.715    -0.697    -0.048
 9   116.557   -23.570   -49.542
 9     0.248     0.316     0.915
 9     0.177     0.914    -0.365
 9    -0.952     0.252     0.171
 2    96.458   -22.633    59.305
 2     0.094    -0.995     0.002
 2     0.977     0.093     0.190
 2    -0.191    -0.017     0.982
 3   121.296    -1.513    -3.453
 3     0.538    -0.285    -0.794
 3     0.424     0.904    -0.036
 3     0.728    -0.318     0.606
 4    98.525     5.593    -8.879
 4     0.333    -0.617     0.714
 4     0.534     0.746     0.396
 4    -0.777     0.249     0.577
 5   111.638    20.491   -10.523
 5     0.840     0.324     0.435
 5     0.482    -0.081    -0.872
 5    -0.247     0.943    -0.224
 6   130.576    20.468   -34.888
 6     0.504     0.366     0.786
 6    -0.303     0.922    -0.231
 6    -0.808    -0.123     0.573
 7   101.175   -16.707    -6.976
 7     0.353     0.525     0.775
 7    -0.705     0.693    -0.148
 7    -0.615    -0.495     0.614
 8   108.625   -28.816   -15.754
 8     0.517    -0.758     0.398
 8    -0.298     0.276     0.913
 8    -0.802    -0.591    -0.083
 9   107.972   -22.808   -52.518
 9     0.061     0.307     0.949
 9     0.177     0.933    -0.313
 9    -0.982     0.188     0.003
 2    96.460   -22.632    59.302
 2     0.093    -0.996     0.001
 2     0.977     0.092     0.189
 2    -0.190    -0.017     0.982
 3   121.086    -1.584    -3.543
 3     0.562    -0.283    -0.778
 3     0.410     0.911    -0.034
 3     0.718    -0.301     0.627
 4    98.238     5.768    -8.806
 4     0.331    -0.609     0.722
 4     0.534     0.750     0.388
 4    -0.778     0.258     0.573
 5   111.393    20.561   -10.559
 5     0.837     0.333     0.434
 5     0.484    -0.082    -0.871
 5    -0.254     0.939    -0.229
 6   130.004    21.537   -35.301
 6     0.515     0.336     0.792
 6    -0.264     0.937    -0.221
 6    -0.816    -0.096     0.568
 7   100.475   -16.377    -6.862
 7     0.317     0.485     0.815
 7    -0.705     0.695    -0.140
 7    -0.634    -0.530     0.562
 8   107.132   -28.630   -16.062
 8     0.449    -0.804     0.390
 8    -0.290     0.282     0.914
 8    -0.845    -0.524    -0.107
 9   103.547   -22.293   -53.497
 9    -0.035     0.305     0.951
 9     0.214     0.932    -0.292
 9    -0.976     0.193    -0.098
 2    96.460   -22.632    59.302
 2     0.093    -0.995     0.001
 2     0.977     0.092     0.189
 2    -0.190    -0.017     0.982
 3   120.847    -1.640    -3.655
 3     0.566    -0.285    -0.774
 3     0.411     0.910    -0.034
 3     0.714    -0.300     0.632
 4    97.921     5.538    -8.799
 4     0.322    -0.612     0.723
 4     0.535     0.747     0.394
 4    -0.781     0.260     0.567
 5   110.688    20.545   -10.869
 5     0.825     0.354     0.441
 5     0.494    -0.074    -0.866
 5    -0.274     0.932    -0.236
 6   128.502    21.354   -36.281
 6     0.490     0.332     0.809
 6    -0.270     0.936    -0.217
 6    -0.829    -0.113     0.546
 7   100.261   -16.480    -6.759
 7     0.308     0.467     0.829
 7    -0.706     0.695    -0.129
 7    -0.637    -0.546     0.543
 8   106.416   -28.911   -16.054
 8     0.416    -0.820     0.394
 8    -0.296     0.287     0.910
 8    -0.860    -0.495    -0.124
 9   101.287   -22.553   -54.093
 9    -0.127     0.313     0.941
 9     0.231     0.932    -0.279
 9    -0.964     0.182    -0.192
 2    96.460   -22.683    59.302
 2     0.094    -0.995     0.002
 2     0.977     0.094     0.190
 2    -0.190    -0.017     0.982
 3   120.596    -1.722    -3.779
 3     0.570    -0.294    -0.768
 3     0.418     0.907    -0.036
 3     0.707    -0.301     0.639
 4    97.550     5.404    -8.833
 4     0.315    -0.613     0.725
 4     0.532     0.746     0.399
 4    -0.786     0.261     0.560
 5   110.152    20.456   -11.112
 5     0.818     0.367     0.442
 5     0.497    -0.067    -0.865
 5    -0.288     0.927    -0.237
 6   127.666    21.371   -36.655
 6     0.464     0.346     0.818
 6    -0.274     0.931    -0.235
 6    -0.842    -0.116     0.524
 7   100.156   -16.502    -6.705
 7     0.302     0.453     0.839
 7    -0.710     0.693    -0.119
 7    -0.635    -0.560     0.531
 8   106.004   -29.199   -15.707
 8     0.390    -0.833     0.394
 8    -0.316     0.280     0.906
 8    -0.865    -0.478    -0.154
 9    99.535   -23.129   -54.159
 9    -0.172     0.310     0.935
 9     0.225     0.936    -0.270
 9    -0.959     0.164    -0.231
 2    96.458   -22.684    59.305
 2     0.094    -0.995     0.002
 2     0.977     0.093     0.191
 2    -0.191    -0.017     0.982
 3   120.452    -1.650    -3.938
 3     0.573    -0.300    -0.763
 3     0.422     0.905    -0.038
 3     0.702    -0.301     0.645
 4    97.215     5.359    -8.848
 4     0.305    -0.617     0.727
 4     0.539     0.740     0.402
 4    -0.785     0.269     0.557
 5   109.715    20.626   -11.165
 5     0.809     0.383     0.446
 5     0.505    -0.066    -0.860
 5    -0.300     0.921    -0.247
 6   126.209    21.903   -37.189
 6     0.428     0.359     0.832
 6    -0.265     0.927    -0.260
 6    -0.864    -0.111     0.488
 7    99.899   -16.500    -6.645
 7     0.294     0.442     0.848
 7    -0.715     0.689    -0.111
 7    -0.634    -0.574     0.518
 8   105.539   -29.606   -15.480
 8     0.366    -0.844     0.393
 8    -0.341     0.271     0.900
 8    -0.866    -0.463    -0.189
 9    97.522   -24.829   -54.229
 9    -0.209     0.295     0.932
 9     0.190     0.947    -0.258
 9    -0.959     0.123    -0.254
 2    96.456   -22.634    59.308
 2     0.094    -0.996     0.002
 2     0.977     0.093     0.192
 2    -0.192    -0.017     0.981
 3   120.341    -1.552    -4.053
 3     0.575    -0.305    -0.760
 3     0.424     0.904    -0.040
 3     0.699    -0.300     0.648
 4    97.129     5.364    -8.805
 4     0.296    -0.621     0.726
 4     0.544     0.733     0.406
 4    -0.785     0.275     0.555
 5   109.430    20.641   -11.266
 5     0.803     0.399     0.444
 5     0.508    -0.067    -0.859
 5    -0.312     0.914    -0.256
 6   124.543    22.040   -37.982
 6     0.362     0.427     0.832
 6    -0.272     0.898    -0.340
 6    -0.891    -0.105     0.438
 7    99.821   -16.481    -6.739
 7     0.286     0.429     0.857
 7    -0.714     0.692    -0.108
 7    -0.640    -0.581     0.503
 8   105.280   -29.617   -15.390
 8     0.338    -0.865     0.372
 8    -0.345     0.253     0.903
 8    -0.876    -0.434    -0.213
 9    95.892   -25.204   -54.130
 9    -0.256     0.239     0.936
 9     0.182     0.963    -0.197
 9    -0.949     0.121    -0.290
 2    96.456   -22.634    59.308
 2     0.094    -0.995     0.002
 2     0.977     0.093     0.192
 2    -0.192    -0.017     0.981
 3   120.256    -1.424    -4.096
 3     0.572    -0.313    -0.759
 3     0.432     0.900    -0.044
 3     0.697    -0.303     0.650
 4    97.012     5.555    -8.839
 4     0.290    -0.628     0.723
 4     0.557     0.724     0.406
 4    -0.779     0.285     0.559
 5   109.297    20.921   -11.026
 5     0.804     0.409     0.432
 5     0.506    -0.090    -0.858
 5    -0.312     0.908    -0.279
 6   123.851    22.706   -37.703
 6     0.328     0.430     0.843
 6    -0.267     0.896    -0.352
 6    -0.906    -0.112     0.405
 7    99.962   -16.467    -6.823
 7     0.298     0.419     0.858
 7    -0.714     0.694    -0.090
 7    -0.633    -0.586     0.505
 8   105.697   -29.898   -15.113
 8     0.338    -0.872     0.354
 8    -0.363     0.226     0.904
 8    -0.868    -0.434    -0.240
 9    96.296   -25.803   -53.640
 9    -0.267     0.188     0.945
 9     0.184     0.973    -0.142
 9    -0.946     0.136    -0.295
 2    96.456   -22.685    59.308
 2     0.094    -0.995     0.002
 2     0.977     0.093     0.192
 2    -0.192    -0.017     0.981
 3   120.258    -1.322    -3.872
 3     0.570    -0.316    -0.759
 3     0.432     0.900    -0.048
 3     0.698    -0.301     0.649
 4    97.439     5.794    -8.874
 4     0.313    -0.617     0.723
 4     0.559     0.734     0.385
 4    -0.768     0.284     0.574
 5   110.516    20.771   -10.634
 5     0.835     0.362     0.415
 5     0.478    -0.106    -0.871
 5    -0.271     0.926    -0.262
 6   127.525    21.469   -36.133
 6     0.408     0.420     0.814
 6    -0.280     0.902    -0.323
 6    -0.869    -0.098     0.482
 7   100.676   -17.059    -6.795
 7     0.364     0.419     0.832
 7    -0.719     0.693    -0.035
 7    -0.592    -0.586     0.553
 8   108.698   -30.891   -13.734
 8     0.444    -0.829     0.340
 8    -0.401     0.155     0.902
 8    -0.801    -0.537    -0.264
 9   104.879   -24.438   -50.558
 9    -0.149     0.228     0.962
 9     0.312     0.934    -0.173
 9    -0.938     0.275    -0.211
 2    96.456   -22.634    59.308
 2     0.094    -0.995     0.002
 2     0.977     0.093     0.192
 2    -0.192    -0.017     0.981
 3   120.533    -1.643    -3.358
 3     0.562    -0.306    -0.769
 3     0.433     0.900    -0.040
 3     0.704    -0.311     0.638
 4    98.516     5.879    -8.983
 4     0.364    -0.602     0.711
 4     0.551     0.754     0.356
 4    -0.751     0.263     0.605
 5   112.685    20.344    -9.762
 5     0.876     0.286     0.388
 5     0.438    -0.140    -0.888
 5    -0.200     0.948    -0.248
 6   132.596    20.619   -33.021
 6     0.531     0.380     0.761
 6    -0.273     0.923    -0.266
 6    -0.802    -0.067     0.591
 7   101.638   -17.655    -7.050
 7     0.442     0.479     0.758
 7    -0.715     0.698    -0.024
 7    -0.542    -0.532     0.651
 8   112.937   -31.353   -12.141
 8     0.644    -0.664     0.380
 8    -0.416     0.113     0.902
 8    -0.642    -0.739    -0.203
 9   120.789   -24.621   -44.836
 9     0.189     0.149     0.970
 9     0.336     0.918    -0.207
 9    -0.923     0.366     0.123
 2    96.456   -22.634    59.308
 2     0.094    -0.995     0.001
 2     0.977     0.093     0.192
 2    -0.192    -0.018     0.981
 3   121.499    -1.931    -2.644
 3     0.557    -0.270    -0.786
 3     0.398     0.916    -0.031
 3     0.728    -0.296     0.617
 4   100.738     6.926    -9.198
 4     0.437    -0.587     0.682
 4     0.565     0.768     0.299
 4    -0.700     0.255     0.667
 5   116.168    20.473    -7.438
 5     0.925     0.136     0.355
 5     0.377    -0.214    -0.901
 5    -0.047     0.967    -0.249
 6   140.420    21.245   -25.561
 6     0.690     0.359     0.634
 6    -0.242     0.933    -0.260
 6    -0.682     0.026     0.728
 7   103.568   -17.918    -7.489
 7     0.522     0.558     0.645
 7    -0.701     0.711    -0.047
 7    -0.485    -0.428     0.762
 8   119.561   -30.545    -7.952
 8     0.870    -0.380     0.315
 8    -0.356    -0.043     0.933
 8    -0.341    -0.924    -0.172
 9   140.218   -26.123   -31.826
 9     0.623     0.011     0.783
 9     0.201     0.963    -0.180
 9    -0.756     0.270     0.596
 2    96.454   -22.635    59.311
 2     0.095    -0.995     0.002
 2     0.976     0.094     0.193
 2    -0.193    -0.017     0.981
 3   123.278    -1.890    -1.764
 3     0.526    -0.242    -0.816
 3     0.359     0.932    -0.043
 3     0.770    -0.271     0.577
 4   104.429     8.477    -9.503
 4     0.536    -0.589     0.606
 4     0.604     0.768     0.212
 4    -0.590     0.252     0.766
 5   119.483    21.153    -3.760
 5     0.921    -0.050     0.387
 5     0.356    -0.298    -0.885
 5     0.159     0.953    -0.257
 6   147.002    22.382   -15.127
 6     0.817     0.360     0.454
 6    -0.221     0.917    -0.327
 6    -0.532     0.169     0.828
 7   106.382   -18.755    -7.543
 7     0.593     0.588     0.550
 7    -0.699     0.715    -0.011
 7    -0.400    -0.378     0.835
 8   124.014   -30.230    -0.215
 8     0.951    -0.117     0.286
 8    -0.309    -0.319     0.896
 8    -0.014    -0.940    -0.340
 9   150.582   -28.268   -13.341
 9     0.868    -0.089     0.489
 9     0.115     0.992    -0.032
 9    -0.482     0.082     0.871
 2    96.454   -22.635    59.311
 2     0.095    -0.995     0.002
 2     0.976     0.094     0.193
 2    -0.193    -0.017     0.981
 3   124.679    -1.983    -0.705
 3     0.499    -0.213    -0.840
 3     0.313     0.948    -0.053
 3     0.808    -0.237     0.539
 4   107.897    10.494    -9.166
 4     0.621    -0.637     0.457
 4     0.691     0.719     0.064
 4    -0.370     0.275     0.887
 5   120.509    21.968     2.171
 5     0.832    -0.268     0.486
 5     0.346    -0.435    -0.831
 5     0.433     0.859    -0.271
 6   149.873    24.066     1.486
 6     0.941     0.292     0.173
 6    -0.196     0.883    -0.425
 6    -0.276     0.367     0.888
 7   108.329   -19.486    -7.249
 7     0.599     0.643     0.479
 7    -0.751     0.658     0.055
 7    -0.279    -0.392     0.876
 8   123.593   -29.560     7.637
 8     0.888     0.096     0.450
 8    -0.324    -0.565     0.759
 8     0.327    -0.820    -0.470
 9   151.724   -30.326     5.114
 9     0.981    -0.084     0.172
 9     0.068     0.993     0.091
 9    -0.178    -0.080     0.981
 2    96.454   -22.635    59.311
 2     0.095    -0.995     0.002
 2     0.976     0.094     0.193
 2    -0.193    -0.017     0.981
 3   125.696    -2.132    -0.113
 3     0.472    -0.179    -0.864
 3     0.267     0.962    -0.052
 3     0.840    -0.207     0.501
 4   110.353    12.313    -7.997
 4     0.634    -0.717     0.291
 4     0.763     0.639    -0.090
 4    -0.121     0.278     0.952
 5   119.026    22.193     7.363
 5     0.662    -0.465     0.590
 5     0.325    -0.530    -0.782
 5     0.675     0.709    -0.200
 6   147.644    24.475    18.135
 6     0.985     0.118    -0.125
 6    -0.166     0.838    -0.520
 6     0.043     0.532     0.845
 7   109.773   -20.188    -6.581
 7     0.579     0.701     0.417
 7    -0.803     0.578     0.144
 7    -0.139    -0.418     0.897
 8   121.372   -28.706    12.403
 8     0.739     0.322     0.594
 8    -0.285    -0.649     0.704
 8     0.611    -0.689    -0.389
 9   148.474   -30.084    21.387
 9     0.986     0.016    -0.162
 9     0.021     0.973     0.231
 9     0.161    -0.231     0.959
 2    96.506   -22.685    59.308
 2     0.095    -0.995     0.002
 2     0.977     0.094     0.192
 2    -0.192    -0.017     0.981
 3   126.598    -2.043     0.383
 3     0.430    -0.136    -0.893
 3     0.242     0.969    -0.030
 3     0.870    -0.204     0.448
 4   112.471    13.602    -7.206
 4     0.612    -0.777     0.150
 4     0.788     0.583    -0.195
 4     0.064     0.237     0.969
 5   117.499    22.409    10.058
 5     0.473    -0.624     0.624
 5     0.288    -0.559    -0.777
 5     0.833     0.546    -0.083
 6   142.844    24.475    30.909
 6     0.908    -0.117    -0.404
 6    -0.130     0.835    -0.537
 6     0.399     0.538     0.741
 7   111.071   -20.880    -5.718
 7     0.557     0.749     0.358
 7    -0.830     0.510     0.224
 7    -0.015    -0.422     0.906
 8   119.107   -27.995    15.116
 8     0.584     0.473     0.661
 8    -0.231    -0.683     0.692
 8     0.778    -0.557    -0.290
 9   143.132   -30.098    32.367
 9     0.897     0.159    -0.412
 9    -0.008     0.938     0.347
 9     0.441    -0.308     0.842
 2    96.454   -22.635    59.311
 2     0.095    -0.995     0.002
 2     0.976     0.094     0.193
 2    -0.193    -0.017     0.981
 3   127.060    -2.066     0.887
 3     0.398    -0.113    -0.911
 3     0.220     0.975    -0.024
 3     0.891    -0.191     0.412
 4   113.977    14.486    -6.505
 4     0.576    -0.816     0.047
 4     0.793     0.543    -0.274
 4     0.197     0.195     0.960
 5   115.887    22.561    11.228
 5     0.289    -0.723     0.629
 5     0.256    -0.574    -0.777
 5     0.922     0.385     0.020
 6   135.498    25.627    39.528
 6     0.760    -0.464    -0.457
 6    -0.043     0.663    -0.746
 6     0.648     0.586     0.484
 7   111.661   -21.177    -4.963
 7     0.545     0.780     0.307
 7    -0.836     0.478     0.270
 7     0.064    -0.403     0.913
 8   116.503   -27.567    16.093
 8     0.419     0.584     0.696
