% Calibrated with leiden_pols
% Positions are in centimeters
Data =[
 2    96.676   -22.608    59.300
 2     0.238    -0.971     0.001
 2     0.954     0.234     0.186
 2    -0.182    -0.044     0.982
 3   127.360    -2.371     2.996
 3     0.286    -0.039    -0.958
 3     0.203     0.979     0.021
 3     0.936    -0.201     0.287
 4   116.657    15.393    -4.579
 4     0.552    -0.830    -0.091
 4     0.748     0.539    -0.386
 4     0.368     0.145     0.918
 5   115.256    22.502    13.590
 5     0.090    -0.845     0.528
 5     0.198    -0.504    -0.840
 5     0.976     0.180     0.123
 6   128.978    27.504    45.510
 6     0.586    -0.622    -0.522
 6     0.095     0.690    -0.715
 6     0.804     0.370     0.464
 7   113.471   -21.786    -3.308
 7     0.552     0.817     0.166
 7    -0.799     0.462     0.386
 7     0.238    -0.346     0.907
 8   114.369   -27.328    17.232
 8     0.192     0.811     0.552
 8    -0.017    -0.560     0.828
 8     0.981    -0.168    -0.094
 9   124.346   -34.077    49.033
 9     0.370     0.846    -0.389
 9    -0.088     0.445     0.890
 9     0.925    -0.294     0.237
 2    96.675   -22.608    59.300
 2     0.238    -0.971     0.002
 2     0.954     0.234     0.186
 2    -0.182    -0.043     0.982
 3   127.490    -2.119     2.893
 3     0.263    -0.024    -0.964
 3     0.205     0.978     0.031
 3     0.943    -0.207     0.262
 4   116.573    15.214    -4.778
 4     0.554    -0.829    -0.075
 4     0.762     0.541    -0.355
 4     0.334     0.140     0.932
 5   113.451    24.113    12.020
 5     0.015    -0.773     0.634
 5     0.349    -0.590    -0.728
 5     0.937     0.231     0.261
 6   123.898    35.218    44.145
 6     0.416    -0.728    -0.550
 6     0.263     0.671    -0.691
 6     0.870     0.142     0.469
 7   113.848   -21.780    -3.713
 7     0.566     0.808     0.165
 7    -0.797     0.485     0.359
 7     0.210    -0.335     0.918
 8   112.066   -31.187    14.377
 8    -0.044     0.925     0.378
 8    -0.135    -0.380     0.915
 8     0.990    -0.011     0.142
 9   116.194   -38.519    47.819
 9     0.231     0.955    -0.189
 9    -0.102     0.214     0.971
 9     0.967    -0.204     0.146
 2    96.678   -22.607    59.297
 2     0.238    -0.971     0.001
 2     0.954     0.234     0.186
 2    -0.181    -0.044     0.982
 3   127.716    -1.924     2.769
 3     0.241    -0.002    -0.971
 3     0.199     0.979     0.048
 3     0.949    -0.205     0.236
 4   116.109    15.213    -5.502
 4     0.496    -0.863    -0.093
 4     0.811     0.499    -0.306
 4     0.310     0.077     0.947
 5   110.566    25.188     9.699
 5    -0.141    -0.797     0.587
 5     0.411    -0.586    -0.698
 5     0.900     0.142     0.411
 6   115.200    39.474    42.288
 6     0.217    -0.842    -0.497
 6     0.363     0.539    -0.759
 6     0.906    -0.016     0.421
 7   113.099   -21.461    -4.258
 7     0.493     0.855     0.161
 7    -0.855     0.441     0.272
 7     0.161    -0.272     0.949
 8   106.995   -30.385    12.728
 8    -0.159     0.781     0.603
 8    -0.201    -0.624     0.755
 8     0.966    -0.002     0.256
 9   107.439   -41.983    44.843
 9     0.150     0.984     0.100
 9    -0.253    -0.061     0.966
 9     0.956    -0.169     0.239
 2    96.703   -22.545    59.262
 2     0.238    -0.971     0.001
 2     0.956     0.235     0.173
 2    -0.169    -0.041     0.985
 3   127.715    -1.687     2.511
 3     0.234    -0.003    -0.972
 3     0.197     0.979     0.044
 3     0.952    -0.203     0.230
 4   115.153    15.124    -6.391
 4     0.432    -0.897    -0.097
 4     0.860     0.441    -0.255
 4     0.271     0.027     0.962
 5   107.739    25.165     7.572
 5    -0.276    -0.773     0.572
 5     0.403    -0.633    -0.661
 5     0.872     0.048     0.486
 6   108.521    39.620    40.504
 6     0.105    -0.921    -0.380
 6     0.380     0.386    -0.840
 6     0.919    -0.057     0.388
 7   111.971   -20.872    -5.090
 7     0.404     0.902     0.152
 7    -0.908     0.376     0.183
 7     0.108    -0.212     0.971
 8   103.566   -29.362    10.306
 8    -0.255     0.677     0.690
 8    -0.246    -0.735     0.631
 8     0.935    -0.008     0.354
 9   100.348   -43.093    41.621
 9     0.070     0.922     0.382
 9    -0.359    -0.334     0.871
 9     0.931    -0.198     0.307
 2    96.723   -22.527    59.251
 2     0.241    -0.971     0.001
 2     0.959     0.238     0.152
 2    -0.148    -0.036     0.988
 3   127.489    -1.440     2.082
 3     0.236    -0.024    -0.971
 3     0.186     0.982     0.021
 3     0.953    -0.186     0.236
 4   113.928    14.837    -7.055
 4     0.359    -0.930    -0.087
 4     0.902     0.368    -0.222
 4     0.238     0.001     0.971
 5   104.818    24.243     6.061
 5    -0.371    -0.689     0.622
 5     0.412    -0.723    -0.555
 5     0.831     0.051     0.552
 6   102.616    40.510    37.986
 6     0.017    -0.947    -0.321
 6     0.436     0.295    -0.851
 6     0.900    -0.126     0.416
 7   111.349   -19.978    -6.121
 7     0.339     0.931     0.137
 7    -0.938     0.323     0.121
 7     0.068    -0.170     0.983
 8   101.438   -28.579     7.793
 8    -0.362     0.643     0.675
 8    -0.263    -0.765     0.588
 8     0.894     0.034     0.446
 9    94.402   -43.154    38.362
 9    -0.082     0.960     0.267
 9    -0.387    -0.278     0.879
 9     0.918    -0.031     0.394
 2    96.723   -22.502    59.251
 2     0.241    -0.971     0.001
 2     0.959     0.238     0.152
 2    -0.148    -0.036     0.988
 3   127.416    -0.977     1.857
 3     0.229    -0.042    -0.973
 3     0.177     0.984    -0.000
 3     0.957    -0.173     0.232
 4   113.136    14.830    -7.329
 4     0.296    -0.953    -0.071
 4     0.932     0.304    -0.198
 4     0.209    -0.007     0.978
 5   102.738    23.468     4.533
 5    -0.470    -0.621     0.627
 5     0.399    -0.783    -0.476
 5     0.787     0.026     0.616
 6    97.037    39.868    35.929
 6    -0.100    -0.933    -0.347
 6     0.439     0.271    -0.857
 6     0.893    -0.238     0.381
 7   110.824   -19.038    -6.687
 7     0.282     0.950     0.135
 7    -0.958     0.272     0.086
 7     0.044    -0.154     0.987
 8    99.699   -27.643     5.849
 8    -0.456     0.597     0.660
 8    -0.266    -0.799     0.539
 8     0.849     0.070     0.523
 9    89.777   -42.341    35.666
 9    -0.194     0.969     0.156
 9    -0.387    -0.221     0.895
 9     0.901     0.113     0.418
 2    96.903   -22.279    59.180
 2     0.238    -0.971     0.002
 2     0.966     0.237     0.100
 2    -0.098    -0.023     0.995
 3   127.263    -0.660     1.699
 3     0.216    -0.050    -0.975
 3     0.177     0.984    -0.011
 3     0.960    -0.170     0.221
 4   112.557    14.471    -7.796
 4     0.234    -0.970    -0.058
 4     0.954     0.240    -0.177
 4     0.185    -0.013     0.982
 5   101.083    22.320     3.094
 5    -0.555    -0.543     0.631
 5     0.369    -0.839    -0.398
 5     0.745     0.012     0.666
 6    92.967    37.952    34.257
 6    -0.189    -0.899    -0.395
 6     0.419     0.290    -0.860
 6     0.888    -0.328     0.322
 7   110.641   -18.603    -7.249
 7     0.244     0.961     0.126
 7    -0.969     0.236     0.074
 7     0.041    -0.141     0.989
 8    98.378   -26.935     4.008
 8    -0.540     0.540     0.646
 8    -0.276    -0.838     0.470
 8     0.795     0.076     0.601
 9    85.604   -41.954    32.630
 9    -0.287     0.953     0.097
 9    -0.405    -0.213     0.889
 9     0.868     0.216     0.447
 2    96.938   -22.060    59.163
 2     0.247    -0.969    -0.000
 2     0.968     0.247     0.049
 2    -0.048    -0.013     0.999
 3   127.293    -0.697     1.570
 3     0.203    -0.044    -0.978
 3     0.177     0.984    -0.008
 3     0.963    -0.172     0.207
 4   112.616    13.882    -8.438
 4     0.208    -0.977    -0.058
 4     0.963     0.214    -0.162
 4     0.170    -0.022     0.985
 5   100.444    21.111     1.865
 5    -0.602    -0.492     0.630
 5     0.344    -0.871    -0.351
 5     0.720     0.005     0.693
 6    90.288    36.103    32.903
 6    -0.263    -0.858    -0.441
 6     0.395     0.321    -0.861
 6     0.880    -0.400     0.254
 7   110.258   -17.825    -8.190
 7     0.169     0.979     0.108
 7    -0.985     0.166     0.035
 7     0.016    -0.113     0.993
 8    96.928   -25.218     2.052
 8    -0.620     0.438     0.652
 8    -0.255    -0.897     0.360
 8     0.742     0.057     0.667
 9    81.217   -39.432    29.818
 9    -0.396     0.918    -0.020
 9    -0.385    -0.146     0.911
 9     0.834     0.368     0.411
 2    96.986   -22.006    59.141
 2     0.261    -0.965    -0.000
 2     0.964     0.261     0.041
 2    -0.040    -0.012     0.999
 3   127.238    -0.744     1.495
 3     0.199    -0.039    -0.979
 3     0.171     0.985    -0.004
 3     0.965    -0.167     0.202
 4   112.514    13.868    -8.621
 4     0.174    -0.982    -0.068
 4     0.969     0.182    -0.164
 4     0.173    -0.037     0.984
 5    99.723    20.293     1.591
 5    -0.640    -0.445     0.627
 5     0.300    -0.895    -0.328
 5     0.707    -0.022     0.706
 6    87.643    33.875    32.406
 6    -0.341    -0.787    -0.514
 6     0.350     0.401    -0.847
 6     0.872    -0.468     0.138
 7   110.381   -17.836    -8.259
 7     0.147     0.984     0.098
 7    -0.989     0.144     0.031
 7     0.016    -0.102     0.995
 8    96.845   -25.411     0.864
 8    -0.686     0.413     0.600
 8    -0.245    -0.906     0.343
 8     0.685     0.088     0.722
 9    77.905   -40.298    26.274
 9    -0.518     0.834    -0.188
 9    -0.405    -0.046     0.913
 9     0.753     0.549     0.362
 2    97.207   -22.119    59.074
 2     0.414    -0.910     0.002
 2     0.909     0.413     0.041
 2    -0.038    -0.016     0.999
 3   127.759    -0.720     1.912
 3     0.149    -0.045    -0.988
 3     0.151     0.988    -0.023
 3     0.977    -0.146     0.154
 4   113.717    13.790    -8.382
 4     0.149    -0.983    -0.112
 4     0.970     0.167    -0.178
 4     0.193    -0.082     0.978
 5   100.010    20.065     0.880
 5    -0.698    -0.428     0.575
 5     0.292    -0.902    -0.317
 5     0.654    -0.053     0.754
 6    86.035    32.978    30.953
 6    -0.415    -0.652    -0.635
 6     0.312     0.553    -0.772
 6     0.854    -0.519    -0.027
 7   111.817   -18.109    -8.408
 7     0.138     0.989     0.058
 7    -0.990     0.136     0.037
 7     0.029    -0.063     0.997
 8    97.272   -25.421    -0.492
 8    -0.762     0.386     0.520
 8    -0.239    -0.914     0.328
 8     0.601     0.125     0.788
 9    74.908   -40.513    21.865
 9    -0.640     0.684    -0.348
 9    -0.414     0.075     0.907
 9     0.647     0.725     0.235
 2    97.259   -22.127    59.067
 2     0.455    -0.891     0.001
 2     0.889     0.455     0.038
 2    -0.034    -0.017     0.999
 3   127.932    -0.702     2.060
 3     0.131    -0.046    -0.990
 3     0.140     0.990    -0.027
 3     0.981    -0.136     0.136
 4   114.092    13.979    -8.378
 4     0.138    -0.982    -0.130
 4     0.969     0.160    -0.186
 4     0.203    -0.100     0.974
 5    99.745    20.092     0.442
 5    -0.721    -0.415     0.556
 5     0.293    -0.908    -0.298
 5     0.628    -0.052     0.776
 6    84.834    32.865    30.114
 6    -0.448    -0.607    -0.656
 6     0.306     0.586    -0.750
 6     0.840    -0.537    -0.077
 7   111.898   -18.005    -8.367
 7     0.139     0.988     0.056
 7    -0.990     0.137     0.040
 7     0.032    -0.061     0.997
 8    97.319   -25.602    -0.034
 8    -0.761     0.399     0.512
 8    -0.231    -0.904     0.360
 8     0.606     0.156     0.780
 9    75.678   -40.369    23.305
 9    -0.630     0.655    -0.416
 9    -0.394     0.191     0.899
 9     0.669     0.730     0.137
 2    97.308   -22.195    59.096
 2     0.491    -0.871     0.003
 2     0.870     0.490     0.047
 2    -0.042    -0.021     0.999
 3   127.552    -0.526     2.091
 3     0.135    -0.060    -0.989
 3     0.150     0.988    -0.039
 3     0.979    -0.143     0.142
 4   113.619    13.797    -8.490
 4     0.128    -0.985    -0.117
 4     0.972     0.147    -0.182
 4     0.196    -0.090     0.976
 5    99.459    19.869     0.426
 5    -0.719    -0.410     0.561
 5     0.286    -0.910    -0.298
 5     0.633    -0.054     0.772
 6    84.243    32.328    29.934
 6    -0.464    -0.580    -0.670
 6     0.297     0.610    -0.734
 6     0.834    -0.540    -0.110
 7   111.853   -18.266    -8.282
 7     0.151     0.986     0.061
 7    -0.987     0.148     0.055
 7     0.045    -0.069     0.996
 8    97.389   -25.568    -0.124
 8    -0.770     0.394     0.502
 8    -0.223    -0.903     0.366
 8     0.598     0.169     0.783
 9    74.778   -39.996    22.640
 9    -0.666     0.596    -0.449
 9    -0.381     0.246     0.891
 9     0.641     0.764     0.063
 2    97.311   -22.197    59.046
 2     0.498    -0.867     0.003
 2     0.866     0.497     0.047
 2    -0.042    -0.021     0.999
 3   127.628    -0.523     2.094
 3     0.132    -0.058    -0.990
 3     0.151     0.988    -0.038
 3     0.979    -0.145     0.139
 4   114.028    13.980    -8.497
 4     0.121    -0.984    -0.127
 4     0.972     0.143    -0.186
 4     0.200    -0.101     0.974
 5    99.746    20.002     0.147
 5    -0.735    -0.410     0.541
 5     0.289    -0.910    -0.297
 5     0.613    -0.062     0.787
 6    83.939    32.722    29.348
 6    -0.484    -0.562    -0.671
 6     0.302     0.612    -0.730
 6     0.821    -0.557    -0.127
 7   112.152   -18.215    -8.338
 7     0.150     0.987     0.054
 7    -0.988     0.147     0.055
 7     0.046    -0.062     0.997
 8    98.172   -25.251    -0.088
 8    -0.762     0.419     0.494
 8    -0.233    -0.889     0.394
 8     0.604     0.186     0.775
 9    83.912   -29.799    25.816
 9    -0.530     0.479    -0.699
 9    -0.482     0.509     0.714
 9     0.697     0.715    -0.039
 2    97.235   -22.072    59.151
 2     0.499    -0.867     0.002
 2     0.865     0.498     0.049
 2    -0.043    -0.023     0.999
 3   127.402    -0.273     2.142
 3     0.135    -0.061    -0.989
 3     0.151     0.987    -0.041
 3     0.979    -0.144     0.142
 4   113.749    14.092    -8.353
 4     0.115    -0.986    -0.120
 4     0.970     0.137    -0.198
 4     0.211    -0.094     0.973
 5    99.489    19.857     0.385
 5    -0.735    -0.403     0.546
 5     0.274    -0.912    -0.304
 5     0.620    -0.074     0.781
 6    83.572    31.966    29.834
 6    -0.491    -0.558    -0.669
 6     0.285     0.623    -0.729
 6     0.823    -0.549    -0.147
 7   111.927   -18.089    -8.359
 7     0.151     0.986     0.059
 7    -0.987     0.148     0.055
 7     0.045    -0.067     0.997
 8    97.406   -25.368    -0.034
 8    -0.766     0.392     0.509
 8    -0.207    -0.900     0.382
 8     0.608     0.188     0.771
 9    75.006   -39.492    23.204
 9    -0.668     0.588    -0.455
 9    -0.371     0.267     0.889
 9     0.645     0.763     0.039
 2    97.188   -22.071    59.098
 2     0.500    -0.866     0.000
 2     0.865     0.499     0.049
 2    -0.042    -0.025     0.999
 3   127.455    -0.305     2.138
 3     0.140    -0.056    -0.989
 3     0.147     0.988    -0.035
 3     0.979    -0.141     0.146
 4   113.819    14.171    -8.273
 4     0.125    -0.985    -0.121
 4     0.968     0.147    -0.204
 4     0.218    -0.091     0.971
 5    99.678    20.137     0.529
 5    -0.731    -0.414     0.544
 5     0.278    -0.907    -0.315
 5     0.623    -0.079     0.778
 6    83.716    32.268    30.026
 6    -0.494    -0.548    -0.675
 6     0.286     0.631    -0.721
 6     0.821    -0.550    -0.156
 7   111.846   -18.045    -8.397
 7     0.143     0.988     0.060
 7    -0.989     0.140     0.051
 7     0.042    -0.067     0.997
 8    97.181   -25.151    -0.017
 8    -0.771     0.374     0.516
 8    -0.194    -0.908     0.370
 8     0.607     0.185     0.772
 9    74.312   -39.107    22.853
 9    -0.680     0.593    -0.431
 9    -0.365     0.236     0.901
 9     0.636     0.769     0.056
 2    97.237   -22.122    59.149
 2     0.500    -0.866     0.000
 2     0.865     0.499     0.049
 2    -0.042    -0.024     0.999
 3   127.405    -0.409     2.084
 3     0.141    -0.054    -0.989
 3     0.145     0.989    -0.033
 3     0.979    -0.139     0.147
 4   113.765    14.171    -8.270
 4     0.121    -0.985    -0.120
 4     0.968     0.143    -0.204
 4     0.217    -0.092     0.972
 5    99.428    19.963     0.526
 5    -0.734    -0.401     0.549
 5     0.266    -0.912    -0.310
 5     0.625    -0.082     0.776
 6    83.807    32.021    30.229
 6    -0.490    -0.558    -0.670
 6     0.279     0.627    -0.727
 6     0.826    -0.544    -0.152
 7   111.745   -18.097    -8.342
 7     0.141     0.988     0.060
 7    -0.989     0.138     0.050
 7     0.041    -0.067     0.997
 8    97.282   -25.434     0.528
 8    -0.755     0.392     0.526
 8    -0.193    -0.899     0.393
 8     0.627     0.195     0.754
 9    75.554   -39.414    24.476
 9    -0.651     0.619    -0.439
 9    -0.363     0.253     0.896
 9     0.666     0.743     0.060
 2    97.237   -22.147    59.098
 2     0.500    -0.866     0.002
 2     0.865     0.499     0.048
 2    -0.042    -0.023     0.999
 3   127.309    -0.552     2.107
 3     0.156    -0.047    -0.987
 3     0.146     0.989    -0.024
 3     0.977    -0.141     0.161
 4   113.595    14.218    -8.099
 4     0.138    -0.984    -0.111
 4     0.966     0.158    -0.205
 4     0.218    -0.079     0.972
 5    99.692    20.335     1.282
 5    -0.709    -0.435     0.555
 5     0.278    -0.896    -0.347
 5     0.648    -0.092     0.756
 6    85.531    32.296    31.574
 6    -0.450    -0.571    -0.686
 6     0.278     0.640    -0.716
 6     0.848    -0.514    -0.129
 7   111.456   -18.388    -8.051
 7     0.162     0.984     0.074
 7    -0.986     0.158     0.057
 7     0.044    -0.083     0.995
 8    97.776   -26.027     2.008
 8    -0.707     0.448     0.548
 8    -0.199    -0.869     0.453
 8     0.679     0.210     0.703
 9    78.733   -40.056    27.725
 9    -0.577     0.680    -0.453
 9    -0.360     0.285     0.888
 9     0.733     0.675     0.080
 2    97.236   -22.148    59.101
 2     0.501    -0.866     0.002
 2     0.864     0.500     0.048
 2    -0.043    -0.023     0.999
 3   127.159    -0.619     2.407
 3     0.172    -0.034    -0.984
 3     0.158     0.987    -0.007
 3     0.972    -0.155     0.175
 4   113.598    14.275    -7.839
 4     0.202    -0.975    -0.093
 4     0.956     0.217    -0.199
 4     0.213    -0.048     0.976
 5   100.859    21.441     2.552
 5    -0.645    -0.519     0.562
 5     0.301    -0.848    -0.437
 5     0.702    -0.113     0.703
 6    90.727    32.475    34.772
 6    -0.327    -0.609    -0.723
 6     0.244     0.685    -0.687
 6     0.913    -0.401    -0.076
 7   111.603   -18.822    -7.575
 7     0.245     0.964     0.097
 7    -0.968     0.238     0.079
 7     0.053    -0.113     0.992
 8    99.660   -28.034     4.001
 8    -0.603     0.582     0.546
 8    -0.233    -0.782     0.577
 8     0.763     0.221     0.607
 9    86.265   -42.197    32.689
 9    -0.419     0.768    -0.485
 9    -0.351     0.356     0.866
 9     0.838     0.532     0.120
 2    97.237   -22.147    59.149
 2     0.500    -0.866     0.001
 2     0.865     0.499     0.049
 2    -0.042    -0.024     0.999
 3   127.054    -0.955     2.902
 3     0.206    -0.036    -0.978
 3     0.169     0.985    -0.001
 3     0.964    -0.165     0.209
 4   113.713    14.360    -7.594
 4     0.292    -0.954    -0.070
 4     0.930     0.300    -0.210
 4     0.221    -0.004     0.975
 5   102.751    22.701     4.307
 5    -0.552    -0.634     0.541
 5     0.341    -0.764    -0.547
 5     0.760    -0.118     0.638
 6    97.687    32.371    38.179
 6    -0.186    -0.573    -0.798
 6     0.196     0.773    -0.602
 6     0.963    -0.269    -0.032
 7   112.022   -19.612    -7.201
 7     0.339     0.931     0.130
 7    -0.937     0.323     0.131
 7     0.080    -0.167     0.983
 8   102.498   -29.520     6.572
 8    -0.481     0.713     0.511
 8    -0.247    -0.669     0.701
 8     0.841     0.211     0.498
 9    94.699   -42.378    37.537
 9    -0.254     0.805    -0.536
 9    -0.292     0.464     0.836
 9     0.922     0.369     0.116
 2    97.188   -22.122    59.149
 2     0.500    -0.866     0.000
 2     0.865     0.499     0.049
 2    -0.042    -0.025     0.999
 3   126.991    -1.137     3.097
 3     0.234    -0.045    -0.971
 3     0.170     0.985    -0.005
 3     0.957    -0.165     0.237
 4   114.281    14.480    -7.173
 4     0.377    -0.924    -0.065
 4     0.894     0.381    -0.234
 4     0.240     0.031     0.970
 5   105.332    24.190     5.854
 5    -0.445    -0.749     0.491
 5     0.411    -0.657    -0.632
 5     0.795    -0.079     0.600
 6   105.763    32.354    40.305
 6    -0.031    -0.529    -0.848
 6     0.122     0.840    -0.528
 6     0.992    -0.121     0.038
 7   112.459   -20.025    -6.640
 7     0.411     0.899     0.150
 7    -0.904     0.382     0.192
 7     0.115    -0.215     0.969
 8   105.108   -30.510     8.539
 8    -0.357     0.807     0.471
 8    -0.259    -0.570     0.780
 8     0.897     0.156     0.412
 9   102.792   -41.089    40.831
 9    -0.091     0.810    -0.580
 9    -0.209     0.553     0.806
 9     0.974     0.195     0.118
 2    97.185   -22.123    59.152
 2     0.500    -0.866     0.001
 2     0.865     0.499     0.050
 2    -0.043    -0.024     0.999
 3   127.088    -1.269     3.255
 3     0.242    -0.050    -0.969
 3     0.177     0.984    -0.007
 3     0.954    -0.170     0.247
 4   114.949    14.570    -6.832
 4     0.475    -0.879    -0.053
 4     0.841     0.470    -0.267
 4     0.259     0.082     0.962
 5   108.811    24.971     7.596
 5    -0.302    -0.832     0.465
 5     0.431    -0.555    -0.712
 5     0.850    -0.015     0.526
 6   113.367    30.789    42.494
 6     0.080    -0.450    -0.890
 6     0.063     0.893    -0.445
 6     0.995    -0.021     0.099
 7   112.800   -20.243    -6.180
 7     0.471     0.864     0.177
 7    -0.874     0.431     0.225
 7     0.118    -0.260     0.958
 8   108.605   -30.563    10.275
 8    -0.215     0.883     0.416
 8    -0.217    -0.459     0.861
 8     0.952     0.094     0.290
 9   110.701   -39.035    43.347
 9     0.048     0.830    -0.556
 9    -0.151     0.555     0.817
 9     0.987     0.045     0.150
 2    97.185   -22.123    59.152
 2     0.500    -0.866     0.001
 2     0.864     0.499     0.050
 2    -0.043    -0.024     0.999
 3   127.245    -1.344     3.202
 3     0.242    -0.056    -0.969
 3     0.185     0.982    -0.011
 3     0.952    -0.177     0.248
 4   115.187    14.841    -6.053
 4     0.508    -0.860    -0.055
 4     0.810     0.497    -0.311
 4     0.294     0.113     0.949
 5   111.068    24.515     9.961
 5    -0.170    -0.867     0.469
 5     0.370    -0.497    -0.785
 5     0.913     0.039     0.405
 6   118.623    28.799    44.872
 6     0.203    -0.514    -0.834
 6     0.042     0.855    -0.516
 6     0.978     0.068     0.194
 7   113.017   -20.439    -5.843
 7     0.521     0.830     0.199
 7    -0.845     0.468     0.258
 7     0.121    -0.303     0.945
 8   111.369   -29.818    12.303
 8    -0.092     0.917     0.387
 8    -0.144    -0.397     0.906
 8     0.985     0.027     0.168
 9   116.681   -36.375    45.593
 9     0.161     0.836    -0.527
 9    -0.105     0.543     0.832
 9     0.981    -0.078     0.173
 2    97.185   -22.148    59.152
 2     0.500    -0.866     0.001
 2     0.864     0.499     0.050
 2    -0.043    -0.024     0.999
 3   127.398    -1.489     3.191
 3     0.240    -0.053    -0.969
 3     0.204     0.979    -0.003
 3     0.949    -0.197     0.246
 4   115.174    14.948    -5.521
 4     0.528    -0.848    -0.048
 4     0.791     0.511    -0.336
 4     0.309     0.140     0.940
 5   112.662    23.848    11.461
 5    -0.055    -0.870     0.490
 5     0.319    -0.480    -0.817
 5     0.946     0.111     0.304
 6   122.726    27.737    45.909
 6     0.329    -0.618    -0.716
 6     0.029     0.762    -0.644
 6     0.944     0.190     0.268
 7   112.777   -20.694    -5.088
 7     0.528     0.822     0.213
 7    -0.837     0.462     0.292
 7     0.142    -0.332     0.932
 8   113.486   -27.843    14.044
 8     0.064     0.884     0.463
 8    -0.066    -0.459     0.886
 8     0.996    -0.087     0.029
 9   121.861   -33.853    47.183
 9     0.302     0.863    -0.408
 9    -0.069     0.443     0.893
 9     0.951    -0.240     0.192
 2    97.185   -22.123    59.152
 2     0.500    -0.866     0.001
 2     0.864     0.499     0.050
 2    -0.043    -0.024     0.999
 3   127.293    -1.572     3.103
 3     0.248    -0.058    -0.967
 3     0.213     0.977    -0.004
 3     0.945    -0.205     0.254
 4   115.032    15.004    -5.260
 4     0.540    -0.841    -0.047
 4     0.777     0.519    -0.355
 4     0.322     0.155     0.934
 5   114.134    23.436    12.293
 5     0.052    -0.896     0.441
 5     0.269    -0.413    -0.870
 5     0.962     0.163     0.219
 6   125.772    27.392    46.036
 6     0.435    -0.687    -0.586
 6     0.038     0.661    -0.748
 6     0.900     0.301     0.312
 7   112.844   -20.976    -4.639
 7     0.557     0.804     0.208
 7    -0.817     0.485     0.312
 7     0.150    -0.343     0.927
 8   115.516   -27.760    15.681
 8     0.170     0.897     0.407
 8    -0.024    -0.409     0.912
 8     0.985    -0.165    -0.048
 9   126.611   -32.609    47.746
 9     0.382     0.807    -0.454
 9    -0.032     0.499     0.864
 9     0.923    -0.315     0.216
 2    97.233   -22.123    59.155
 2     0.500    -0.866     0.001
 2     0.865     0.499     0.050
 2    -0.044    -0.025     0.999
 3   127.135    -1.828     3.228
 3     0.276    -0.080    -0.958
 3     0.209     0.978    -0.021
 3     0.938    -0.195     0.286
 4   114.976    15.014    -4.901
 4     0.547    -0.835    -0.061
 4     0.765     0.528    -0.368
 4     0.338     0.155     0.928
 5   115.005    23.234    12.842
 5     0.104    -0.914     0.392
 5     0.235    -0.360    -0.902
 5     0.966     0.186     0.178
 6   127.686    27.104    45.920
 6     0.520    -0.729    -0.451
 6     0.039     0.542    -0.837
 6     0.853     0.417     0.310
 7   112.812   -21.070    -4.267
 7     0.558     0.807     0.192
 7    -0.814     0.488     0.314
 7     0.160    -0.332     0.929
 8   116.258   -26.906    16.810
 8     0.229     0.912     0.338
 8     0.055    -0.359     0.931
 8     0.972    -0.195    -0.133
 9   128.323   -30.334    48.417
 9     0.466     0.826    -0.323
 9     0.011     0.354     0.934
 9     0.885    -0.438     0.156
 2    97.235   -22.123    59.152
 2     0.500    -0.866     0.001
 2     0.864     0.499     0.050
 2    -0.043    -0.024     0.999
 3   127.124    -1.838     3.381
 3     0.286    -0.087    -0.954
 3     0.201     0.979    -0.029
 3     0.937    -0.184     0.297
 4   114.942    15.050    -4.766
 4     0.548    -0.833    -0.076
 4     0.758     0.533    -0.376
 4     0.353     0.149     0.923
 5   115.308    22.986    13.184
 5     0.110    -0.931     0.348
 5     0.198    -0.323    -0.925
 5     0.974     0.171     0.149
 6   127.614    26.384    46.279
 6     0.537    -0.753    -0.387
 6     0.037     0.474    -0.878
 6     0.842     0.456     0.282
 7   112.750   -21.092    -4.013
 7     0.553     0.813     0.178
 7    -0.816     0.486     0.313
 7     0.168    -0.319     0.933
 8   115.843   -26.833    17.116
 8     0.230     0.901     0.367
 8     0.051    -0.388     0.920
 8     0.972    -0.193    -0.135
 9   127.741   -30.554    48.710
 9     0.460     0.834    -0.309
 9     0.017     0.335     0.941
 9     0.887    -0.437     0.139
 2    97.185   -22.123    59.152
 2     0.500    -0.866     0.001
 2     0.864     0.499     0.050
 2    -0.043    -0.024     0.999
 3   126.941    -1.920     3.462
 3     0.290    -0.091    -0.953
 3     0.197     0.979    -0.033
 3     0.936    -0.179     0.301
 4   114.940    15.024    -4.711
 4     0.548    -0.833    -0.077
 4     0.758     0.533    -0.374
 4     0.352     0.147     0.924
 5   115.276    22.854    13.202
 5     0.111    -0.935     0.337
 5     0.200    -0.311    -0.929
 5     0.973     0.171     0.153
 6   127.556    26.310    46.445
 6     0.532    -0.750    -0.398
 6     0.036     0.485    -0.872
 6     0.845     0.449     0.285
 7   112.601   -21.143    -3.941
 7     0.552     0.815     0.176
 7    -0.817     0.485     0.312
 7     0.169    -0.316     0.933
 8   115.951   -26.966    17.308
 8     0.234     0.905     0.354
 8     0.050    -0.375     0.925
 8     0.971    -0.199    -0.133
 9   128.228   -30.373    48.696
 9     0.465     0.807    -0.368
 9     0.033     0.395     0.917
 9     0.884    -0.438     0.156
];