% Calibrated with leiden_pols
% Positions are in centimeters
Data =[
 2    96.676   -22.608    59.300
 2     0.238    -0.971     0.001
 2     0.954     0.234     0.186
 2    -0.182    -0.044     0.982
 3   127.360    -2.371     2.996
 3     0.286    -0.039    -0.958
 3     0.203     0.979     0.021
 3     0.936    -0.201     0.287
 4   116.657    15.393    -4.579
 4     0.552    -0.830    -0.091
 4     0.748     0.539    -0.386
 4     0.368     0.145     0.918
 5   115.256    22.502    13.590
 5     0.090    -0.845     0.528
 5     0.198    -0.504    -0.840
 5     0.976     0.180     0.123
 6   128.978    27.504    45.510
 6     0.586    -0.622    -0.522
 6     0.095     0.690    -0.715
 6     0.804     0.370     0.464
 7   113.471   -21.786    -3.308
 7     0.552     0.817     0.166
 7    -0.799     0.462     0.386
 7     0.238    -0.346     0.907
 8   114.369   -27.328    17.232
 8     0.192     0.811     0.552
 8    -0.017    -0.560     0.828
 8     0.981    -0.168    -0.094
 9   124.346   -34.077    49.033
 9     0.370     0.846    -0.389
 9    -0.088     0.445     0.890
 9     0.925    -0.294     0.237
 2    96.675   -22.608    59.300
 2     0.238    -0.971     0.002
 2     0.954     0.234     0.186
 2    -0.182    -0.043     0.982
 3   127.490    -2.119     2.893
 3     0.263    -0.024    -0.964
 3     0.205     0.978     0.031
 3     0.943    -0.207     0.262
 4   116.573    15.214    -4.778
 4     0.554    -0.829    -0.075
 4     0.762     0.541    -0.355
 4     0.334     0.140     0.932
 5   113.451    24.113    12.020
 5     0.015    -0.773     0.634
 5     0.349    -0.590    -0.728
 5     0.937     0.231     0.261
 6   123.898    35.218    44.145
 6     0.416    -0.728    -0.550
 6     0.263     0.671    -0.691
 6     0.870     0.142     0.469
 7   113.848   -21.780    -3.713
 7     0.566     0.808     0.165
 7    -0.797     0.485     0.359
 7     0.210    -0.335     0.918
 8   112.066   -31.187    14.377
 8    -0.044     0.925     0.378
 8    -0.135    -0.380     0.915
 8     0.990    -0.011     0.142
 9   116.194   -38.519    47.819
 9     0.231     0.955    -0.189
 9    -0.102     0.214     0.971
 9     0.967    -0.204     0.146
 2    96.678   -22.607    59.297
 2     0.238    -0.971     0.001
 2     0.954     0.234     0.186
 2    -0.181    -0.044     0.982
 3   127.716    -1.924     2.769
 3     0.241    -0.002    -0.971
 3     0.199     0.979     0.048
 3     0.949    -0.205     0.236
 4   116.109    15.213    -5.502
 4     0.496    -0.863    -0.093
 4     0.811     0.499    -0.306
 4     0.310     0.077     0.947
 5   110.566    25.188     9.699
 5    -0.141    -0.797     0.587
 5     0.411    -0.586    -0.698
 5     0.900     0.142     0.411
 6   115.200    39.474    42.288
 6     0.217    -0.842    -0.497
 6     0.363     0.539    -0.759
 6     0.906    -0.016     0.421
 7   113.099   -21.461    -4.258
 7     0.493     0.855     0.161
 7    -0.855     0.441     0.272
 7     0.161    -0.272     0.949
 8   106.995   -30.385    12.728
 8    -0.159     0.781     0.603
 8    -0.201    -0.624     0.755
 8     0.966    -0.002     0.256
 9   107.439   -41.983    44.843
 9     0.150     0.984     0.100
 9    -0.253    -0.061     0.966
 9     0.956    -0.169     0.239
 2    96.703   -22.545    59.262
 2     0.238    -0.971     0.001
 2     0.956     0.235     0.173
 2    -0.169    -0.041     0.985
 3   127.715    -1.687     2.511
 3     0.234    -0.003    -0.972
 3     0.197     0.979     0.044
 3     0.952    -0.203     0.230
 4   115.153    15.124    -6.391
 4     0.432    -0.897    -0.097
 4     0.860     0.441    -0.255
 4     0.271     0.027     0.962
 5   107.739    25.165     7.572
 5    -0.276    -0.773     0.572
 5     0.403    -0.633    -0.661
 5     0.872     0.048     0.486
 6   108.521    39.620    40.504
 6     0.105    -0.921    -0.380
 6     0.380     0.386    -0.840
 6     0.919    -0.057     0.388
 7   111.971   -20.872    -5.090
 7     0.404     0.902     0.152
 7    -0.908     0.376     0.183
 7     0.108    -0.212     0.971
 8   103.566   -29.362    10.306
 8    -0.255     0.677     0.690
 8    -0.246    -0.735     0.631
 8     0.935    -0.008     0.354
 9   100.348   -43.093    41.621
 9     0.070     0.922     0.382
 9    -0.359    -0.334     0.871
 9     0.931    -0.198     0.307
 2    96.723   -22.527    59.251
 2     0.241    -0.971     0.001
 2     0.959     0.238     0.152
 2    -0.148    -0.036     0.988
 3   127.489    -1.440     2.082
 3     0.236    -0.024    -0.971
 3     0.186     0.982     0.021
 3     0.953    -0.186     0.236
 4   113.928    14.837    -7.055
 4     0.359    -0.930    -0.087
 4     0.902     0.368    -0.222
 4     0.238     0.001     0.971
 5   104.818    24.243     6.061
 5    -0.371    -0.689     0.622
 5     0.412    -0.723    -0.555
 5     0.831     0.051     0.552
 6   102.616    40.510    37.986
 6     0.017    -0.947    -0.321
 6     0.436     0.295    -0.851
 6     0.900    -0.126     0.416
 7   111.349   -19.978    -6.121
 7     0.339     0.931     0.137
 7    -0.938     0.323     0.121
 7     0.068    -0.170     0.983
 8   101.438   -28.579     7.793
 8    -0.362     0.643     0.675
 8    -0.263    -0.765     0.588
 8     0.894     0.034     0.446
 9    94.402   -43.154    38.362
 9    -0.082     0.960     0.267
 9    -0.387    -0.278     0.879
 9     0.918    -0.031     0.394
 2    96.723   -22.502    59.251
 2     0.241    -0.971     0.001
 2     0.959     0.238     0.152
 2    -0.148    -0.036     0.988
 3   127.416    -0.977     1.857
 3     0.229    -0.042    -0.973
 3     0.177     0.984    -0.000
 3     0.957    -0.173     0.232
 4   113.136    14.830    -7.329
 4     0.296    -0.953    -0.071
 4     0.932     0.304    -0.198
 4     0.209    -0.007     0.978
 5   102.738    23.468     4.533
 5    -0.470    -0.621     0.627
 5     0.399    -0.783    -0.476
 5     0.787     0.026     0.616
 6    97.037    39.868    35.929
 6    -0.100    -0.933    -0.347
 6     0.439     0.271    -0.857
 6     0.893    -0.238     0.381
 7   110.824   -19.038    -6.687
 7     0.282     0.950     0.135
 7    -0.958     0.272     0.086
 7     0.044    -0.154     0.987
 8    99.699   -27.643     5.849
 8    -0.456     0.597     0.660
 8    -0.266    -0.799     0.539
 8     0.849     0.070     0.523
 9    89.777   -42.341    35.666
 9    -0.194     0.969     0.156
 9    -0.387    -0.221     0.895
 9     0.901     0.113     0.418
 2    96.903   -22.279    59.180
 2     0.238    -0.971     0.002
 2     0.966     0.237     0.100
 2    -0.098    -0.023     0.995
 3   127.263    -0.660     1.699
 3     0.216    -0.050    -0.975
 3     0.177     0.984    -0.011
 3     0.960    -0.170     0.221
 4   112.557    14.471    -7.796
 4     0.234    -0.970    -0.058
 4     0.954     0.240    -0.177
 4     0.185    -0.013     0.982
 5   101.083    22.320     3.094
 5    -0.555    -0.543     0.631
 5     0.369    -0.839    -0.398
 5     0.745     0.012     0.666
 6    92.967    37.952    34.257
 6    -0.189    -0.899    -0.395
 6     0.419     0.290    -0.860
 6     0.888    -0.328     0.322
 7   110.641   -18.603    -7.249
 7     0.244     0.961     0.126
 7    -0.969     0.236     0.074
 7     0.041    -0.141     0.989
 8    98.378   -26.935     4.008
 8    -0.540     0.540     0.646
 8    -0.276    -0.838     0.470
 8     0.795     0.076     0.601
 9    85.604   -41.954    32.630
 9    -0.287     0.953     0.097
 9    -0.405    -0.213     0.889
 9     0.868     0.216     0.447
 2    96.938   -22.060    59.163
 2     0.247    -0.969    -0.000
 2     0.968     0.247     0.049
 2    -0.048    -0.013     0.999
 3   127.293    -0.697     1.570
 3     0.203    -0.044    -0.978
 3     0.177     0.984    -0.008
 3     0.963    -0.172     0.207
 4   112.616    13.882    -8.438
 4     0.208    -0.977    -0.058
 4     0.963     0.214    -0.162
 4     0.170    -0.022     0.985
 5   100.444    21.111     1.865
 5    -0.602    -0.492     0.630
 5     0.344    -0.871    -0.351
 5     0.720     0.005     0.693
