2 	  32.59	  -8.35	  22.92
	  0.185	  0.964	 -0.192
	 -0.980	  0.194	  0.033
	  0.069	  0.182	  0.981

3 	  45.40	  -0.91	   2.95
	  0.342	  0.155	  0.927
	  0.173	  0.959	 -0.224
	 -0.923	  0.237	  0.301

4 	  39.76	   6.06	  -2.57
	  0.553	  0.807	  0.204
	 -0.816	  0.477	  0.325
	  0.166	 -0.347	  0.923

5 	  38.51	   8.21	   9.40
	  0.175	  0.174	  0.969
	 -0.209	 -0.955	  0.209
	  0.962	 -0.239	 -0.132

6 	  43.42	  10.76	  19.32
	  0.337	 -0.019	  0.941
	 -0.895	  0.305	  0.326
	 -0.293	 -0.952	  0.086

7 	  41.15	  -9.67	  -2.60
	  0.642	 -0.700	  0.310
	  0.766	  0.572	 -0.294
	  0.028	  0.426	  0.904

8 	  38.23	 -11.50	   8.60
	  0.187	 -0.104	  0.977
	  0.497	 -0.847	 -0.185
	  0.847	  0.521	 -0.107

9 	  43.31	 -13.03	  18.79
	  0.283	  0.021	  0.959
	  0.891	  0.363	 -0.272
	 -0.354	  0.931	  0.084

2 	  32.57	  -8.37	  22.92
	  0.185	  0.964	 -0.192
	 -0.980	  0.195	  0.033
	  0.069	  0.182	  0.981

3 	  45.40	  -0.90	   2.95
	  0.343	  0.154	  0.927
	  0.172	  0.959	 -0.223
	 -0.923	  0.236	  0.302

4 	  39.81	   6.10	  -2.57
	  0.553	  0.806	  0.209
	 -0.817	  0.476	  0.326
	  0.163	 -0.352	  0.922

5 	  38.44	   8.23	   9.32
	  0.168	  0.194	  0.966
	 -0.197	 -0.954	  0.226
	  0.966	 -0.228	 -0.123

6 	  43.26	  11.20	  19.27
	  0.332	  0.019	  0.943
	 -0.912	  0.260	  0.316
	 -0.239	 -0.965	  0.104

7 	  41.13	  -9.62	  -2.64
	  0.642	 -0.706	  0.299
	  0.765	  0.570	 -0.299
	  0.040	  0.421	  0.906

8 	  38.20	 -11.55	   8.47
	  0.193	 -0.159	  0.968
	  0.445	 -0.865	 -0.231
	  0.874	  0.475	 -0.096

9 	  43.19	 -13.99	  18.44
	  0.295	 -0.051	  0.954
	  0.922	  0.276	 -0.270
	 -0.250	  0.959	  0.128

2 	  32.57	  -8.35	  22.90
	  0.185	  0.964	 -0.193
	 -0.980	  0.194	  0.033
	  0.069	  0.182	  0.981

3 	  45.40	  -0.90	   2.92
	  0.344	  0.153	  0.926
	  0.170	  0.960	 -0.223
	 -0.923	  0.234	  0.304

4 	  39.81	   6.10	  -2.57
	  0.551	  0.807	  0.211
	 -0.818	  0.472	  0.329
	  0.166	 -0.354	  0.920

5 	  38.32	   8.30	   9.26
	  0.165	  0.230	  0.959
	 -0.148	 -0.956	  0.255
	  0.975	 -0.184	 -0.124

6 	  43.05	  11.69	  19.18
	  0.331	  0.054	  0.942
	 -0.921	  0.234	  0.310
	 -0.204	 -0.971	  0.127

7 	  41.13	  -9.56	  -2.67
	  0.645	 -0.708	  0.285
	  0.761	  0.567	 -0.314
	  0.060	  0.420	  0.905

8 	  38.09	 -11.65	   8.31
	  0.194	 -0.225	  0.955
	  0.363	 -0.888	 -0.283
	  0.911	  0.401	 -0.091

9 	  42.98	 -14.98	  18.04
	  0.304	 -0.127	  0.944
	  0.942	  0.188	 -0.278
	 -0.142	  0.974	  0.176

2 	  32.55	  -8.37	  22.92
	  0.185	  0.964	 -0.192
	 -0.980	  0.195	  0.033
	  0.069	  0.182	  0.981

3 	  45.39	  -0.88	   2.88
	  0.346	  0.152	  0.926
	  0.165	  0.961	 -0.220
	 -0.923	  0.229	  0.307

4 	  39.71	   6.12	  -2.58
	  0.545	  0.811	  0.214
	 -0.820	  0.462	  0.338
	  0.175	 -0.360	  0.916

5 	  38.21	   8.33	   9.19
	  0.159	  0.258	  0.953
	 -0.101	 -0.956	  0.276
	  0.982	 -0.140	 -0.127

6 	  42.86	  12.22	  18.97
	  0.329	  0.093	  0.939
	 -0.925	  0.230	  0.302
	 -0.188	 -0.969	  0.162

7 	  41.08	  -9.54	  -2.72
	  0.646	 -0.711	  0.277
	  0.760	  0.562	 -0.327
	  0.076	  0.422	  0.903

8 	  37.99	 -11.71	   8.23
	  0.190	 -0.273	  0.943
	  0.306	 -0.896	 -0.321
	  0.933	  0.349	 -0.087

9 	  42.73	 -15.70	  17.68
	  0.306	 -0.182	  0.934
	  0.949	  0.131	 -0.285
	 -0.071	  0.974	  0.213

2 	  32.57	  -8.35	  22.92
	  0.185	  0.964	 -0.193
	 -0.980	  0.194	  0.033
	  0.069	  0.182	  0.981

3 	  45.39	  -0.81	   2.88
	  0.347	  0.152	  0.925
	  0.158	  0.963	 -0.218
	 -0.924	  0.222	  0.310

4 	  39.66	   6.15	  -2.57
	  0.538	  0.814	  0.216
	 -0.823	  0.454	  0.341
	  0.179	 -0.362	  0.915

5 	  38.09	   8.37	   9.19
	  0.156	  0.292	  0.943
	 -0.027	 -0.954	  0.299
	  0.987	 -0.072	 -0.141

6 	  42.59	  12.88	  18.81
	  0.330	  0.141	  0.933
	 -0.933	  0.199	  0.299
	 -0.144	 -0.970	  0.197

7 	  41.03	  -9.51	  -2.72
	  0.644	 -0.713	  0.277
	  0.759	  0.556	 -0.338
	  0.087	  0.428	  0.899

8 	  37.83	 -11.78	   8.12
	  0.182	 -0.316	  0.931
	  0.255	 -0.899	 -0.355
	  0.949	  0.302	 -0.083

9 	  42.42	 -16.33	  17.42
	  0.301	 -0.231	  0.925
	  0.953	  0.084	 -0.289
	 -0.011	  0.969	  0.245

2 	  32.57	  -8.35	  22.92
	  0.185	  0.964	 -0.193
	 -0.980	  0.194	  0.033
	  0.069	  0.182	  0.981

3 	  45.35	  -0.77	   2.87
	  0.348	  0.152	  0.925
	  0.151	  0.964	 -0.216
	 -0.925	  0.215	  0.312

4 	  39.55	   6.13	  -2.57
	  0.532	  0.819	  0.215
	 -0.826	  0.446	  0.344
	  0.186	 -0.361	  0.913

5 	  38.07	   8.47	   9.16
	  0.159	  0.331	  0.930
	  0.049	 -0.944	  0.327
	  0.986	 -0.007	 -0.167

6 	  42.56	  13.52	  18.46
	  0.342	  0.185	  0.921
	 -0.933	  0.181	  0.310
	 -0.109	 -0.966	  0.235

7 	  40.96	  -9.49	  -2.72
	  0.643	 -0.714	  0.277
	  0.760	  0.552	 -0.343
	  0.092	  0.431	  0.897

8 	  37.74	 -11.90	   8.03
	  0.176	 -0.357	  0.917
	  0.215	 -0.896	 -0.390
	  0.961	  0.266	 -0.081

9 	  42.13	 -17.02	  17.09
	  0.295	 -0.279	  0.913
	  0.954	  0.043	 -0.296
	  0.042	  0.959	  0.279

2 	  32.57	  -8.35	  22.90
	  0.185	  0.964	 -0.193
	 -0.980	  0.194	  0.033
	  0.069	  0.182	  0.981

3 	  45.32	  -0.77	   2.85
	  0.349	  0.152	  0.925
	  0.150	  0.965	 -0.215
	 -0.925	  0.214	  0.313

4 	  39.48	   6.10	  -2.60
	  0.529	  0.822	  0.211
	 -0.826	  0.443	  0.348
	  0.192	 -0.359	  0.913

5 	  38.07	   8.58	   9.07
	  0.167	  0.375	  0.912
	  0.121	 -0.926	  0.358
	  0.978	  0.051	 -0.201

6 	  42.42	  14.40	  18.09
	  0.349	  0.245	  0.904
	 -0.936	  0.146	  0.321
	 -0.054	 -0.958	  0.280

7 	  40.89	  -9.49	  -2.74
	  0.641	 -0.716	  0.277
	  0.761	  0.547	 -0.348
	  0.098	  0.434	  0.895

8 	  37.55	 -11.99	   7.95
	  0.163	 -0.406	  0.899
	  0.155	 -0.889	 -0.430
	  0.974	  0.209	 -0.082

9 	  41.75	 -17.67	  16.68
	  0.289	 -0.334	  0.897
	  0.951	 -0.003	 -0.308
	  0.105	  0.943	  0.316

2 	  32.57	  -8.37	  22.90
	  0.185	  0.964	 -0.192
	 -0.980	  0.195	  0.033
	  0.069	  0.182	  0.981

3 	  45.30	  -0.77	   2.85
	  0.348	  0.153	  0.925
	  0.150	  0.964	 -0.217
	 -0.925	  0.214	  0.313

4 	  39.41	   6.06	  -2.60
	  0.528	  0.824	  0.207
	 -0.827	  0.441	  0.349
	  0.196	 -0.356	  0.914

5 	  38.06	   8.74	   8.98
	  0.166	  0.415	  0.894
	  0.180	 -0.905	  0.386
	  0.969	  0.096	 -0.225

6 	  42.31	  15.05	  17.61
	  0.353	  0.292	  0.889
	 -0.935	  0.130	  0.329
	 -0.020	 -0.947	  0.319

7 	  40.83	  -9.46	  -2.74
	  0.638	 -0.718	  0.277
	  0.763	  0.544	 -0.349
	  0.100	  0.434	  0.895

8 	  37.41	 -12.18	   7.80
	  0.151	 -0.453	  0.878
	  0.107	 -0.876	 -0.470
	  0.983	  0.165	 -0.083

9 	  41.38	 -18.42	  16.22
	  0.278	 -0.388	  0.879
	  0.948	 -0.037	 -0.316
	  0.155	  0.921	  0.358

2 	  32.57	  -8.37	  22.90
	  0.185	  0.964	 -0.192
	 -0.980	  0.195	  0.033
	  0.069	  0.182	  0.981

3 	  45.26	  -0.76	   2.85
	  0.347	  0.155	  0.925
	  0.149	  0.964	 -0.218
	 -0.926	  0.214	  0.312

4 	  39.34	   6.03	  -2.64
	  0.525	  0.827	  0.200
	 -0.826	  0.440	  0.351
	  0.202	 -0.350	  0.914

5 	  38.02	   8.88	   8.93
	  0.163	  0.453	  0.876
	  0.243	 -0.879	  0.410
	  0.956	  0.146	 -0.254

6 	  42.12	  15.75	  17.28
	  0.350	  0.340	  0.873
	 -0.937	  0.113	  0.331
	  0.013	 -0.933	  0.358

7 	  40.75	  -9.44	  -2.74
	  0.637	 -0.723	  0.265
	  0.763	  0.544	 -0.349
	  0.108	  0.425	  0.898

8 	  37.28	 -12.41	   7.63
	  0.142	 -0.498	  0.855
	  0.075	 -0.856	 -0.511
	  0.987	  0.136	 -0.084

9 	  41.15	 -19.07	  15.71
	  0.272	 -0.434	  0.859
	  0.945	 -0.047	 -0.323
	  0.180	  0.899	  0.398

2 	  32.55	  -8.37	  22.92
	  0.185	  0.964	 -0.192
	 -0.980	  0.195	  0.033
	  0.069	  0.182	  0.981

3 	  45.23	  -0.77	   2.85
	  0.346	  0.156	  0.925
	  0.149	  0.964	 -0.219
	 -0.926	  0.213	  0.310

4 	  39.27	   5.99	  -2.65
	  0.524	  0.829	  0.194
	 -0.826	  0.439	  0.352
	  0.207	 -0.345	  0.915

5 	  38.00	   9.00	   8.82
	  0.160	  0.488	  0.858
	  0.296	 -0.853	  0.430
	  0.942	  0.185	 -0.281

6 	  41.92	  16.31	  16.80
	  0.351	  0.384	  0.853
	 -0.934	  0.086	  0.346
	  0.059	 -0.919	  0.389

7 	  40.69	  -9.42	  -2.76
	  0.639	 -0.726	  0.255
	  0.760	  0.547	 -0.350
	  0.114	  0.417	  0.901

8 	  37.28	 -12.67	   7.45
	  0.144	 -0.545	  0.826
	  0.035	 -0.831	 -0.555
	  0.989	  0.109	 -0.101

9 	  41.08	 -19.79	  15.15
	  0.272	 -0.483	  0.832
	  0.938	 -0.059	 -0.341
	  0.214	  0.874	  0.437

2 	  32.57	  -8.35	  22.92
	  0.185	  0.964	 -0.192
	 -0.980	  0.195	  0.033
	  0.069	  0.182	  0.981

3 	  45.21	  -0.77	   2.87
	  0.345	  0.158	  0.925
	  0.147	  0.964	 -0.220
	 -0.927	  0.212	  0.309

4 	  39.18	   5.96	  -2.71
	  0.522	  0.832	  0.187
	 -0.826	  0.438	  0.355
	  0.214	 -0.340	  0.916

5 	  37.92	   9.28	   8.72
	  0.153	  0.527	  0.836
	  0.334	 -0.824	  0.458
	  0.930	  0.209	 -0.302

6 	  41.75	  16.98	  16.37
	  0.344	  0.422	  0.838
	 -0.937	  0.104	  0.333
	  0.053	 -0.901	  0.431

7 	  40.61	  -9.35	  -2.81
	  0.645	 -0.727	  0.236
	  0.754	  0.556	 -0.350
	  0.123	  0.404	  0.906

8 	  37.34	 -12.90	   7.28
	  0.154	 -0.590	  0.792
	 -0.008	 -0.803	 -0.596
	  0.988	  0.085	 -0.129

9 	  41.12	 -20.53	  14.45
	  0.280	 -0.534	  0.798
	  0.926	 -0.068	 -0.371
	  0.252	  0.843	  0.475

2 	  32.57	  -8.35	  22.90
	  0.185	  0.964	 -0.192
	 -0.980	  0.195	  0.033
	  0.069	  0.182	  0.981

3 	  45.18	  -0.76	   2.85
	  0.345	  0.160	  0.924
	  0.142	  0.965	 -0.220
	 -0.928	  0.207	  0.310

4 	  39.11	   5.92	  -2.69
	  0.522	  0.834	  0.177
	 -0.823	  0.438	  0.361
	  0.223	 -0.335	  0.915

5 	  37.95	   9.58	   8.53
	  0.155	  0.572	  0.805
	  0.381	 -0.787	  0.485
	  0.911	  0.232	 -0.340

6 	  41.61	  17.81	  15.68
	  0.346	  0.476	  0.809
	 -0.934	  0.093	  0.344
	  0.088	 -0.875	  0.477

7 	  40.57	  -9.30	  -2.87
	  0.649	 -0.727	  0.222
	  0.749	  0.563	 -0.349
	  0.128	  0.392	  0.911

8 	  37.39	 -13.15	   7.07
	  0.162	 -0.632	  0.757
	 -0.048	 -0.772	 -0.634
	  0.985	  0.067	 -0.156

9 	  40.99	 -20.97	  13.97
	  0.283	 -0.571	  0.771
	  0.919	 -0.069	 -0.388
	  0.275	  0.818	  0.505

2 	  32.57	  -8.35	  22.92
	  0.185	  0.964	 -0.192
	 -0.980	  0.194	  0.033
	  0.069	  0.182	  0.981

3 	  45.16	  -0.72	   2.88
	  0.344	  0.162	  0.925
	  0.135	  0.966	 -0.220
	 -0.929	  0.200	  0.310

4 	  39.06	   5.91	  -2.74
	  0.523	  0.836	  0.161
	 -0.819	  0.441	  0.367
	  0.235	 -0.325	  0.916

5 	  37.99	   9.93	   8.33
	  0.156	  0.615	  0.773
	  0.425	 -0.748	  0.509
	  0.891	  0.248	 -0.379

6 	  41.55	  18.67	  14.99
	  0.347	  0.526	  0.776
	 -0.930	  0.087	  0.357
	  0.120	 -0.846	  0.519

7 	  40.54	  -9.23	  -2.92
	  0.658	 -0.726	  0.198
	  0.739	  0.576	 -0.348
	  0.138	  0.376	  0.916

8 	  37.44	 -13.38	   6.87
	  0.166	 -0.666	  0.727
	 -0.072	 -0.744	 -0.665
	  0.983	  0.059	 -0.172

9 	  41.22	 -21.69	  13.15
	  0.290	 -0.615	  0.733
	  0.912	 -0.054	 -0.407
	  0.290	  0.786	  0.545

2 	  32.57	  -8.35	  22.92
	  0.185	  0.964	 -0.193
	 -0.980	  0.194	  0.033
	  0.069	  0.182	  0.981

3 	  45.14	  -0.72	   2.87
	  0.344	  0.164	  0.924
	  0.130	  0.967	 -0.220
	 -0.930	  0.196	  0.311

4 	  39.01	   5.89	  -2.78
	  0.523	  0.839	  0.148
	 -0.817	  0.444	  0.368
	  0.243	 -0.314	  0.917

5 	  38.02	  10.18	   8.12
	  0.161	  0.645	  0.747
	  0.450	 -0.722	  0.526
	  0.878	  0.251	 -0.406

6 	  41.59	  19.12	  14.38
	  0.354	  0.558	  0.750
	 -0.925	  0.092	  0.367
	  0.136	 -0.825	  0.549

7 	  40.48	  -9.19	  -2.95
	  0.661	 -0.726	  0.187
	  0.736	  0.582	 -0.345
	  0.141	  0.366	  0.920

8 	  37.49	 -13.64	   6.63
	  0.173	 -0.703	  0.690
	 -0.102	 -0.709	 -0.697
	  0.979	  0.050	 -0.195

9 	  41.26	 -22.25	  12.46
	  0.296	 -0.650	  0.699
	  0.903	 -0.049	 -0.427
	  0.312	  0.758	  0.573

2 	  32.57	  -8.35	  22.90
	  0.185	  0.964	 -0.193
	 -0.980	  0.194	  0.033
	  0.069	  0.182	  0.981

3 	  45.12	  -0.74	   2.87
	  0.343	  0.166	  0.924
	  0.128	  0.967	 -0.222
	 -0.931	  0.194	  0.310

4 	  38.95	   5.84	  -2.85
	  0.526	  0.840	  0.131
	 -0.812	  0.450	  0.372
	  0.254	 -0.303	  0.918

5 	  38.04	  10.30	   8.00
	  0.163	  0.661	  0.732
	  0.456	 -0.709	  0.538
	  0.875	  0.246	 -0.418

6 	  41.59	  19.49	  13.97
	  0.355	  0.578	  0.734
	 -0.925	  0.103	  0.366
	  0.136	 -0.809	  0.572

7 	  40.45	  -9.19	  -3.02
	  0.663	 -0.729	  0.168
	  0.733	  0.589	 -0.339
	  0.148	  0.348	  0.926

8 	  37.53	 -13.92	   6.40
	  0.177	 -0.732	  0.658
	 -0.128	 -0.680	 -0.722
	  0.976	  0.044	 -0.214

9 	  41.29	 -22.75	  11.83
	  0.302	 -0.680	  0.668
	  0.893	 -0.043	 -0.448
	  0.333	  0.732	  0.594

2 	  32.57	  -8.35	  22.90
	  0.185	  0.964	 -0.193
	 -0.980	  0.194	  0.033
	  0.069	  0.182	  0.980

3 	  45.12	  -0.76	   2.85
	  0.343	  0.167	  0.924
	  0.127	  0.966	 -0.222
	 -0.931	  0.193	  0.310

4 	  38.94	   5.80	  -2.88
	  0.528	  0.840	  0.125
	 -0.809	  0.453	  0.374
	  0.257	 -0.299	  0.919

5 	  38.00	  10.39	   7.88
	  0.164	  0.672	  0.722
	  0.456	 -0.701	  0.548
	  0.874	  0.240	 -0.422

6 	  41.59	  19.63	  13.71
	  0.356	  0.587	  0.727
	 -0.926	  0.118	  0.358
	  0.125	 -0.801	  0.586

7 	  40.38	  -9.18	  -3.09
	  0.663	 -0.732	  0.153
	  0.732	  0.593	 -0.335
	  0.154	  0.334	  0.930

8 	  37.49	 -14.01	   6.28
	  0.175	 -0.743	  0.646
	 -0.140	 -0.668	 -0.731
	  0.974	  0.037	 -0.221

9 	  41.20	 -22.96	  11.50
	  0.301	 -0.695	  0.653
	  0.887	 -0.046	 -0.458
	  0.348	  0.718	  0.603

2 	  32.57	  -8.37	  22.90
	  0.184	  0.964	 -0.193
	 -0.980	  0.194	  0.033
	  0.070	  0.182	  0.981

3 	  45.11	  -0.76	   2.85
	  0.343	  0.168	  0.924
	  0.125	  0.967	 -0.223
	 -0.931	  0.192	  0.311

4 	  38.90	   5.75	  -2.90
	  0.529	  0.840	  0.120
	 -0.807	  0.454	  0.377
	  0.262	 -0.296	  0.918

5 	  37.92	  10.44	   7.80
	  0.158	  0.681	  0.715
	  0.460	 -0.691	  0.557
	  0.873	  0.241	 -0.423

6 	  41.43	  19.79	  13.55
	  0.351	  0.596	  0.722
	 -0.928	  0.117	  0.354
	  0.126	 -0.794	  0.594

7 	  40.36	  -9.16	  -3.09
	  0.663	 -0.733	  0.148
	  0.731	  0.594	 -0.335
	  0.157	  0.330	  0.930

8 	  37.34	 -13.97	   6.22
	  0.164	 -0.747	  0.644
	 -0.151	 -0.664	 -0.732
	  0.975	  0.023	 -0.221

9 	  40.92	 -23.04	  11.43
	  0.290	 -0.703	  0.650
	  0.887	 -0.056	 -0.457
	  0.357	  0.709	  0.607

2 	  32.55	  -8.35	  22.92
	  0.185	  0.964	 -0.193
	 -0.980	  0.194	  0.033
	  0.069	  0.182	  0.981

3 	  45.09	  -0.76	   2.83
	  0.345	  0.170	  0.922
	  0.119	  0.967	 -0.224
	 -0.931	  0.187	  0.314

4 	  38.81	   5.70	  -2.92
	  0.526	  0.843	  0.110
	 -0.807	  0.455	  0.376
	  0.267	 -0.287	  0.920

5 	  37.69	  10.55	   7.65
	  0.145	  0.693	  0.706
	  0.450	 -0.682	  0.576
	  0.881	  0.234	 -0.411

6 	  41.13	  19.93	  13.36
	  0.338	  0.606	  0.720
	 -0.935	  0.128	  0.331
	  0.109	 -0.785	  0.609

7 	  40.29	  -9.16	  -3.11
	  0.661	 -0.736	  0.146
	  0.733	  0.591	 -0.337
	  0.161	  0.330	  0.930

8 	  37.20	 -13.89	   6.29
	  0.152	 -0.743	  0.652
	 -0.151	 -0.669	 -0.727
	  0.977	  0.012	 -0.214

9 	  40.66	 -22.97	  11.53
	  0.276	 -0.702	  0.656
	  0.896	 -0.058	 -0.439
	  0.346	  0.710	  0.613

2 	  32.55	  -8.35	  22.92
	  0.185	  0.964	 -0.193
	 -0.980	  0.194	  0.033
	  0.069	  0.182	  0.981

3 	  45.04	  -0.77	   2.78
	  0.350	  0.172	  0.921
	  0.114	  0.968	 -0.224
	 -0.930	  0.183	  0.319

4 	  38.71	   5.70	  -2.94
	  0.522	  0.846	  0.104
	 -0.808	  0.452	  0.378
	  0.273	 -0.282	  0.920

5 	  37.58	  10.56	   7.61
	  0.141	  0.695	  0.705
	  0.448	 -0.680	  0.580
	  0.882	  0.234	 -0.408

6 	  41.03	  20.00	  13.31
	  0.336	  0.609	  0.719
	 -0.935	  0.125	  0.331
	  0.111	 -0.784	  0.611

7 	  40.24	  -9.18	  -3.11
	  0.660	 -0.737	  0.145
	  0.733	  0.589	 -0.340
	  0.165	  0.331	  0.929

8 	  37.18	 -13.89	   6.29
	  0.151	 -0.742	  0.653
	 -0.150	 -0.671	 -0.726
	  0.977	  0.012	 -0.213

9 	  40.55	 -22.46	  11.74
	  0.282	 -0.685	  0.671
	  0.916	 -0.016	 -0.402
	  0.286	  0.728	  0.623

2 	  32.57	  -8.35	  22.92
	  0.185	  0.964	 -0.192
	 -0.980	  0.195	  0.033
	  0.069	  0.182	  0.981

3 	  45.02	  -0.76	   2.74
	  0.354	  0.172	  0.919
	  0.110	  0.968	 -0.224
	 -0.928	  0.181	  0.324

4 	  38.60	   5.66	  -2.92
	  0.517	  0.850	  0.104
	 -0.809	  0.445	  0.384
	  0.280	 -0.283	  0.917

5 	  37.76	  10.16	   7.96
	  0.151	  0.682	  0.715
	  0.522	 -0.670	  0.528
	  0.839	  0.293	 -0.458

6 	  40.64	  19.67	  13.92
	  0.353	  0.640	  0.682
	 -0.808	 -0.159	  0.568
	  0.472	 -0.751	  0.461

7 	  40.18	  -9.19	  -3.08
	  0.662	 -0.734	  0.146
	  0.730	  0.590	 -0.345
	  0.167	  0.335	  0.927

8 	  37.28	 -13.89	   6.38
	  0.162	 -0.737	  0.656
	 -0.150	 -0.675	 -0.722
	  0.975	  0.018	 -0.220

9 	  40.89	 -22.78	  12.06
	  0.292	 -0.683	  0.669
	  0.872	 -0.096	 -0.479
	  0.392	  0.724	  0.568

2 	  32.57	  -8.35	  22.92
	  0.185	  0.964	 -0.193
	 -0.980	  0.194	  0.033
	  0.069	  0.182	  0.980

3 	  45.00	  -0.74	   2.71
	  0.359	  0.172	  0.917
	  0.111	  0.968	 -0.226
	 -0.927	  0.183	  0.328

4 	  38.57	   5.66	  -2.90
	  0.515	  0.850	  0.110
	 -0.809	  0.440	  0.390
	  0.283	 -0.291	  0.914

5 	  38.07	   9.83	   8.23
	  0.161	  0.671	  0.723
	  0.593	 -0.652	  0.472
	  0.788	  0.353	 -0.504

6 	  40.25	  19.20	  14.59
	  0.339	  0.694	  0.635
	 -0.514	 -0.428	  0.743
	  0.788	 -0.578	  0.211

7 	  40.15	  -9.19	  -3.08
	  0.664	 -0.732	  0.148
	  0.726	  0.587	 -0.357
	  0.174	  0.345	  0.922

8 	  37.78	 -13.36	   7.12
	  0.166	 -0.751	  0.639
	 -0.341	 -0.652	 -0.677
	  0.925	 -0.105	 -0.365

9 	  40.17	 -22.68	  12.71
	  0.302	 -0.754	  0.583
	  0.269	 -0.520	 -0.811
	  0.914	  0.402	  0.046

2 	  32.57	  -8.35	  22.90
	  0.185	  0.964	 -0.193
	 -0.980	  0.194	  0.033
	  0.069	  0.182	  0.981

3 	  45.02	  -0.74	   2.69
	  0.365	  0.175	  0.914
	  0.115	  0.966	 -0.231
	 -0.924	  0.189	  0.332

4 	  38.53	   5.64	  -2.90
	  0.509	  0.854	  0.110
	 -0.813	  0.434	  0.388
	  0.284	 -0.287	  0.915

5 	  38.57	   9.37	   8.54
	  0.171	  0.666	  0.726
	  0.708	 -0.596	  0.379
	  0.685	  0.450	 -0.573

6 	  40.27	  18.62	  14.96
	  0.298	  0.750	  0.590
	 -0.130	 -0.581	  0.804
	  0.945	 -0.317	 -0.076

7 	  39.94	  -9.21	  -3.11
	  0.643	 -0.751	  0.148
	  0.741	  0.562	 -0.367
	  0.192	  0.345	  0.918

8 	  38.29	 -13.25	   7.31
	  0.180	 -0.766	  0.617
	 -0.513	 -0.608	 -0.606
	  0.839	 -0.208	 -0.502

9 	  40.46	 -22.50	  12.80
	  0.293	 -0.812	  0.504
	 -0.179	 -0.564	 -0.806
	  0.939	  0.146	 -0.311

2 	  32.57	  -8.35	  22.90
	  0.185	  0.964	 -0.193
	 -0.980	  0.194	  0.033
	  0.069	  0.182	  0.981

3 	  45.02	  -0.81	   2.60
	  0.377	  0.175	  0.909
	  0.118	  0.965	 -0.235
	 -0.919	  0.195	  0.343

4 	  38.50	   5.61	  -2.94
	  0.501	  0.859	  0.102
	 -0.816	  0.429	  0.387
	  0.289	 -0.277	  0.916

5 	  38.94	   9.30	   8.51
	  0.191	  0.669	  0.718
	  0.765	 -0.560	  0.318
	  0.614	  0.489	 -0.619

6 	  40.54	  18.44	  14.99
	  0.280	  0.775	  0.566
	  0.072	 -0.605	  0.793
	  0.957	 -0.182	 -0.225

7 	  39.78	  -9.18	  -3.20
	  0.632	 -0.763	  0.134
	  0.745	  0.551	 -0.376
	  0.212	  0.338	  0.917

8 	  38.53	 -13.08	   7.37
	  0.201	 -0.760	  0.618
	 -0.557	 -0.608	 -0.566
	  0.805	 -0.231	 -0.546

9 	  40.83	 -22.22	  12.94
	  0.291	 -0.822	  0.489
	 -0.292	 -0.563	 -0.773
	  0.911	  0.082	 -0.404

2 	  32.57	  -8.35	  22.92
	  0.185	  0.964	 -0.193
	 -0.980	  0.194	  0.033
	  0.069	  0.182	  0.981

3 	  45.04	  -0.81	   2.57
	  0.386	  0.177	  0.905
	  0.115	  0.964	 -0.237
	 -0.915	  0.195	  0.352

4 	  38.39	   5.55	  -2.97
	  0.489	  0.868	  0.088
	 -0.819	  0.422	  0.389
	  0.300	 -0.262	  0.917

5 	  39.08	   9.32	   8.44
	  0.203	  0.677	  0.707
	  0.790	 -0.540	  0.291
	  0.579	  0.499	 -0.645

6 	  40.64	  18.51	  14.75
	  0.277	  0.790	  0.546
	  0.133	 -0.595	  0.793
	  0.951	 -0.147	 -0.271

7 	  39.74	  -9.11	  -3.27
	  0.631	 -0.765	  0.126
	  0.743	  0.550	 -0.381
	  0.221	  0.334	  0.916

8 	  38.62	 -13.03	   7.35
	  0.210	 -0.759	  0.616
	 -0.564	 -0.609	 -0.558
	  0.798	 -0.231	 -0.556

9 	  40.94	 -22.06	  12.96
	  0.290	 -0.828	  0.480
	 -0.317	 -0.557	 -0.768
	  0.903	  0.070	 -0.424

2 	  32.57	  -8.35	  22.92
	  0.185	  0.964	 -0.192
	 -0.980	  0.194	  0.033
	  0.069	  0.182	  0.981

3 	  45.05	  -0.76	   2.50
	  0.393	  0.180	  0.902
	  0.101	  0.966	 -0.238
	 -0.914	  0.185	  0.361

4 	  38.29	   5.55	  -3.01
	  0.478	  0.875	  0.073
	 -0.821	  0.415	  0.392
	  0.313	 -0.248	  0.917

5 	  38.99	   9.56	   8.23
	  0.196	  0.701	  0.685
	  0.811	 -0.509	  0.288
	  0.551	  0.499	 -0.668

6 	  40.32	  19.04	  14.29
	  0.255	  0.818	  0.515
	  0.175	 -0.563	  0.808
	  0.951	 -0.116	 -0.287

7 	  39.60	  -9.02	  -3.34
	  0.623	 -0.774	  0.110
	  0.746	  0.545	 -0.383
	  0.236	  0.321	  0.917

8 	  38.65	 -13.01	   7.24
	  0.220	 -0.771	  0.597
	 -0.583	 -0.595	 -0.554
	  0.782	 -0.226	 -0.581

9 	  40.97	 -22.20	  12.69
	  0.285	 -0.842	  0.458
	 -0.348	 -0.537	 -0.769
	  0.893	  0.060	 -0.446

2 	  32.57	  -8.35	  22.92
	  0.185	  0.964	 -0.193
	 -0.980	  0.194	  0.033
	  0.069	  0.182	  0.981

3 	  45.00	  -0.72	   2.43
	  0.397	  0.184	  0.899
	  0.082	  0.968	 -0.235
	 -0.914	  0.167	  0.369

4 	  38.09	   5.47	  -3.09
	  0.462	  0.885	  0.048
	 -0.824	  0.409	  0.391
	  0.327	 -0.221	  0.919

5 	  38.76	   9.84	   7.96
	  0.174	  0.736	  0.654
	  0.832	 -0.466	  0.302
	  0.527	  0.492	 -0.693

6 	  39.76	  19.58	  13.62
	  0.229	  0.848	  0.477
	  0.198	 -0.521	  0.830
	  0.953	 -0.096	 -0.287

7 	  39.45	  -8.98	  -3.39
	  0.616	 -0.781	  0.094
	  0.746	  0.542	 -0.387
	  0.251	  0.309	  0.917

8 	  38.60	 -13.17	   7.14
	  0.221	 -0.786	  0.578
	 -0.598	 -0.578	 -0.556
	  0.770	 -0.222	 -0.597

9 	  40.82	 -22.62	  12.13
	  0.274	 -0.862	  0.426
	 -0.381	 -0.504	 -0.775
	  0.883	  0.051	 -0.466

2 	  32.57	  -8.35	  22.92
	  0.185	  0.964	 -0.192
	 -0.980	  0.194	  0.033
	  0.069	  0.182	  0.981

3 	  44.88	  -0.65	   2.36
	  0.401	  0.190	  0.896
	  0.059	  0.971	 -0.232
	 -0.914	  0.146	  0.378

4 	  37.88	   5.38	  -3.18
	  0.446	  0.895	  0.023
	 -0.827	  0.402	  0.393
	  0.343	 -0.194	  0.919

5 	  38.41	  10.21	   7.65
	  0.148	  0.771	  0.620
	  0.850	 -0.420	  0.319
	  0.506	  0.479	 -0.717

6 	  39.15	  20.23	  12.81
	  0.201	  0.878	  0.435
	  0.218	 -0.473	  0.853
	  0.955	 -0.076	 -0.287

7 	  39.27	  -8.91	  -3.43
	  0.614	 -0.785	  0.078
	  0.743	  0.543	 -0.390
	  0.264	  0.297	  0.917

8 	  38.55	 -13.32	   6.96
	  0.224	 -0.803	  0.551
	 -0.615	 -0.556	 -0.560
	  0.756	 -0.214	 -0.618

9 	  40.83	 -22.73	  11.95
	  0.276	 -0.870	  0.410
	 -0.389	 -0.491	 -0.780
	  0.879	  0.056	 -0.473

2 	  32.55	  -8.35	  22.92
	  0.185	  0.964	 -0.193
	 -0.980	  0.194	  0.033
	  0.069	  0.182	  0.981

3 	  44.81	  -0.63	   2.30
	  0.405	  0.194	  0.893
	  0.040	  0.972	 -0.230
	 -0.913	  0.129	  0.386

4 	  37.72	   5.27	  -3.30
	  0.432	  0.902	 -0.005
	 -0.826	  0.397	  0.399
	  0.362	 -0.169	  0.917

5 	  38.16	  10.46	   7.35
	  0.129	  0.798	  0.589
	  0.863	 -0.384	  0.330
	  0.489	  0.465	 -0.738

6 	  38.71	  20.69	  12.11
	  0.182	  0.898	  0.401
	  0.231	 -0.435	  0.870
	  0.956	 -0.066	 -0.287

7 	  39.13	  -8.88	  -3.52
	  0.610	 -0.791	  0.056
	  0.741	  0.544	 -0.393
	  0.280	  0.281	  0.918

8 	  38.48	 -13.55	   6.71
	  0.225	 -0.824	  0.520
	 -0.633	 -0.530	 -0.565
	  0.741	 -0.202	 -0.640

9 	  40.75	 -23.10	  11.30
	  0.273	 -0.887	  0.372
	 -0.410	 -0.457	 -0.789
	  0.870	  0.063	 -0.489

2 	  32.57	  -8.35	  22.90
	  0.185	  0.964	 -0.193
	 -0.980	  0.194	  0.033
	  0.069	  0.182	  0.981

3 	  44.75	  -0.60	   2.21
	  0.410	  0.199	  0.890
	  0.026	  0.973	 -0.229
	 -0.911	  0.117	  0.394

4 	  37.60	   5.22	  -3.38
	  0.426	  0.904	 -0.026
	 -0.823	  0.399	  0.403
	  0.374	 -0.151	  0.915

5 	  38.07	  10.81	   7.00
	  0.122	  0.826	  0.550
	  0.872	 -0.354	  0.339
	  0.474	  0.438	 -0.764

6 	  38.53	  21.23	  11.20
	  0.176	  0.918	  0.354
	  0.243	 -0.389	  0.888
	  0.954	 -0.071	 -0.292

7 	  38.95	  -8.79	  -3.59
	  0.604	 -0.797	  0.032
	  0.740	  0.545	 -0.393
	  0.295	  0.261	  0.919

8 	  38.50	 -13.75	   6.43
	  0.229	 -0.847	  0.480
	 -0.651	 -0.500	 -0.571
	  0.723	 -0.181	 -0.666

9 	  40.76	 -23.52	  10.56
	  0.271	 -0.906	  0.325
	 -0.436	 -0.417	 -0.797
	  0.858	  0.074	 -0.508

2 	  32.55	  -8.37	  22.92
	  0.185	  0.964	 -0.192
	 -0.980	  0.195	  0.033
	  0.069	  0.182	  0.981

3 	  44.74	  -0.54	   2.18
	  0.413	  0.201	  0.888
	  0.017	  0.973	 -0.229
	 -0.910	  0.109	  0.399

4 	  37.53	   5.17	  -3.43
	  0.425	  0.903	 -0.050
	 -0.817	  0.407	  0.408
	  0.389	 -0.133	  0.912

5 	  38.04	  11.25	   6.56
	  0.118	  0.859	  0.497
	  0.880	 -0.323	  0.349
	  0.460	  0.396	 -0.794

6 	  38.44	  21.90	  10.12
	  0.170	  0.940	  0.296
	  0.256	 -0.333	  0.907
	  0.951	 -0.079	 -0.298

7 	  38.87	  -8.61	  -3.69
	  0.599	 -0.800	  0.004
	  0.736	  0.550	 -0.394
	  0.313	  0.239	  0.919

8 	  38.50	 -13.97	   6.10
	  0.229	 -0.870	  0.436
	 -0.671	 -0.466	 -0.577
	  0.705	 -0.161	 -0.690

9 	  40.75	 -23.94	   9.72
	  0.265	 -0.923	  0.277
	 -0.463	 -0.374	 -0.803
	  0.845	  0.085	 -0.527

2 	  32.55	  -8.35	  22.92
	  0.185	  0.964	 -0.192
	 -0.980	  0.194	  0.033
	  0.069	  0.182	  0.981

3 	  44.72	  -0.51	   2.11
	  0.417	  0.205	  0.885
	  0.007	  0.973	 -0.229
	 -0.909	  0.102	  0.404

4 	  37.46	   5.08	  -3.53
	  0.425	  0.901	 -0.081
	 -0.810	  0.419	  0.411
	  0.405	 -0.109	  0.908

5 	  38.11	  11.67	   6.06
	  0.121	  0.890	  0.439
	  0.888	 -0.295	  0.352
	  0.442	  0.347	 -0.827

6 	  38.53	  22.52	   8.91
	  0.172	  0.957	  0.231
	  0.274	 -0.272	  0.922
	  0.946	 -0.096	 -0.310

7 	  38.78	  -8.58	  -3.80
	  0.595	 -0.803	 -0.025
	  0.733	  0.555	 -0.393
	  0.329	  0.216	  0.919

8 	  38.58	 -14.31	   5.70
	  0.230	 -0.897	  0.378
	 -0.694	 -0.423	 -0.582
	  0.682	 -0.129	 -0.720

9 	  40.78	 -24.50	   8.67
	  0.259	 -0.942	  0.213
	 -0.495	 -0.319	 -0.808
	  0.829	  0.104	 -0.549

2 	  32.55	  -8.35	  22.92
	  0.185	  0.964	 -0.192
	 -0.980	  0.194	  0.033
	  0.069	  0.182	  0.981

3 	  44.70	  -0.47	   2.07
	  0.419	  0.209	  0.883
	 -0.001	  0.973	 -0.230
	 -0.908	  0.096	  0.408

4 	  37.39	   4.97	  -3.64
	  0.428	  0.896	 -0.117
	 -0.798	  0.435	  0.416
	  0.424	 -0.085	  0.901

5 	  38.21	  12.06	   5.52
	  0.129	  0.916	  0.380
	  0.894	 -0.273	  0.354
	  0.428	  0.294	 -0.854

6 	  38.64	  23.08	   7.61
	  0.177	  0.970	  0.166
	  0.286	 -0.212	  0.934
	  0.941	 -0.118	 -0.316

7 	  38.57	  -8.46	  -3.88
	  0.592	 -0.802	 -0.075
	  0.720	  0.569	 -0.396
	  0.360	  0.180	  0.915

8 	  38.67	 -14.73	   5.13
	  0.238	 -0.921	  0.308
	 -0.724	 -0.380	 -0.576
	  0.648	 -0.086	 -0.757

9 	  40.94	 -25.03	   7.37
	  0.257	 -0.956	  0.139
	 -0.536	 -0.261	 -0.803
	  0.804	  0.132	 -0.580

2 	  32.55	  -8.35	  22.92
	  0.185	  0.964	 -0.192
	 -0.980	  0.195	  0.033
	  0.069	  0.182	  0.981

3 	  44.67	  -0.51	   1.99
	  0.427	  0.212	  0.879
	 -0.005	  0.972	 -0.233
	 -0.904	  0.095	  0.416

4 	  37.30	   4.87	  -3.73
	  0.433	  0.888	 -0.152
	 -0.786	  0.454	  0.420
	  0.442	 -0.062	  0.895

5 	  38.34	  12.41	   4.92
	  0.144	  0.938	  0.314
	  0.900	 -0.257	  0.353
	  0.412	  0.232	 -0.881

6 	  38.94	  23.52	   6.21
	  0.192	  0.977	  0.094
	  0.306	 -0.151	  0.940
	  0.932	 -0.152	 -0.328

7 	  38.43	  -8.35	  -4.03
	  0.592	 -0.797	 -0.120
	  0.706	  0.584	 -0.400
	  0.389	  0.153	  0.908

8 	  38.81	 -15.01	   4.61
	  0.249	 -0.938	  0.241
	 -0.746	 -0.345	 -0.569
	  0.617	 -0.038	 -0.786

9 	  41.06	 -25.75	   6.06
	  0.246	 -0.967	  0.063
	 -0.578	 -0.200	 -0.791
	  0.777	  0.158	 -0.608

2 	  32.55	  -8.37	  22.92
	  0.185	  0.964	 -0.192
	 -0.980	  0.194	  0.033
	  0.069	  0.182	  0.981

3 	  44.61	  -0.51	   1.92
	  0.432	  0.216	  0.875
	 -0.009	  0.972	 -0.235
	 -0.901	  0.094	  0.422

4 	  37.20	   4.75	  -3.80
	  0.436	  0.880	 -0.190
	 -0.771	  0.474	  0.425
	  0.464	 -0.039	  0.885

5 	  38.48	  12.74	   4.31
	  0.157	  0.955	  0.250
	  0.908	 -0.239	  0.344
	  0.389	  0.172	 -0.905

6 	  39.13	  23.89	   4.83
	  0.199	  0.979	  0.025
	  0.328	 -0.091	  0.940
	  0.923	 -0.180	 -0.340

7 	  38.34	  -8.28	  -4.11
	  0.592	 -0.788	 -0.169
	  0.688	  0.604	 -0.403
	  0.420	  0.122	  0.899

8 	  39.02	 -15.36	   4.03
	  0.255	 -0.951	  0.173
	 -0.772	 -0.308	 -0.556
	  0.582	  0.008	 -0.813

9 	  41.27	 -25.86	   4.69
	  0.249	 -0.968	 -0.009
	 -0.612	 -0.151	 -0.776
	  0.750	  0.199	 -0.630

2 	  32.55	  -8.37	  22.92
	  0.185	  0.964	 -0.192
	 -0.980	  0.195	  0.033
	  0.069	  0.182	  0.981

3 	  44.56	  -0.54	   1.81
	  0.440	  0.219	  0.871
	 -0.013	  0.971	 -0.237
	 -0.898	  0.093	  0.430

4 	  37.09	   4.66	  -3.88
	  0.438	  0.868	 -0.232
	 -0.753	  0.496	  0.432
	  0.490	 -0.015	  0.871

5 	  38.62	  13.04	   3.64
	  0.171	  0.968	  0.181
	  0.916	 -0.224	  0.333
	  0.363	  0.109	 -0.925

6 	  39.36	  24.21	   3.43
	  0.208	  0.977	 -0.047
	  0.355	 -0.031	  0.934
	  0.911	 -0.211	 -0.353

7 	  38.23	  -8.16	  -4.24
	  0.592	 -0.777	 -0.214
	  0.669	  0.622	 -0.408
	  0.449	  0.099	  0.888

8 	  39.13	 -15.63	   3.48
	  0.260	 -0.959	  0.113
	 -0.793	 -0.279	 -0.541
	  0.550	  0.051	 -0.833

9 	  41.43	 -26.17	   3.41
	  0.244	 -0.967	 -0.076
	 -0.646	 -0.103	 -0.756
	  0.723	  0.234	 -0.650

2 	  32.55	  -8.35	  22.92
	  0.185	  0.964	 -0.192
	 -0.980	  0.195	  0.033
	  0.069	  0.182	  0.981

3 	  44.51	  -0.51	   1.72
	  0.448	  0.222	  0.866
	 -0.020	  0.970	 -0.239
	 -0.894	  0.090	  0.439

4 	  36.98	   4.57	  -3.94
	  0.438	  0.858	 -0.267
	 -0.736	  0.513	  0.441
	  0.516	  0.004	  0.856

5 	  38.74	  13.31	   3.09
	  0.178	  0.976	  0.122
	  0.924	 -0.209	  0.320
	  0.338	  0.056	 -0.939

6 	  39.52	  24.36	   2.16
	  0.214	  0.970	 -0.114
	  0.383	  0.024	  0.923
	  0.899	 -0.241	 -0.366

7 	  38.09	  -8.07	  -4.29
	  0.588	 -0.766	 -0.260
	  0.649	  0.639	 -0.412
	  0.481	  0.074	  0.873

8 	  39.18	 -15.84	   3.02
	  0.256	 -0.964	  0.063
	 -0.811	 -0.251	 -0.529
	  0.526	  0.084	 -0.846

9 	  41.43	 -26.35	   2.43
	  0.234	 -0.964	 -0.125
	 -0.669	 -0.066	 -0.740
	  0.706	  0.256	 -0.660

2 	  32.55	  -8.35	  22.92
	  0.185	  0.964	 -0.193
	 -0.980	  0.195	  0.033
	  0.069	  0.182	  0.981

3 	  44.47	  -0.54	   1.62
	  0.454	  0.225	  0.862
	 -0.025	  0.970	 -0.241
	 -0.891	  0.088	  0.445

4 	  36.90	   4.48	  -4.01
	  0.438	  0.849	 -0.296
	 -0.723	  0.528	  0.445
	  0.534	  0.018	  0.845

5 	  38.72	  13.46	   2.55
	  0.178	  0.981	  0.071
	  0.928	 -0.192	  0.317
	  0.325	  0.010	 -0.945

6 	  39.50	  24.47	   1.07
	  0.212	  0.963	 -0.165
	  0.393	  0.071	  0.916
	  0.894	 -0.259	 -0.364

7 	  38.02	  -8.02	  -4.36
	  0.584	 -0.758	 -0.290
	  0.637	  0.649	 -0.415
	  0.502	  0.057	  0.862

8 	  39.13	 -16.01	   2.64
	  0.250	 -0.968	  0.018
	 -0.823	 -0.223	 -0.522
	  0.509	  0.116	 -0.853

9 	  41.26	 -26.49	   1.53
	  0.220	 -0.960	 -0.173
	 -0.684	 -0.026	 -0.729
	  0.695	  0.278	 -0.663

2 	  32.57	  -8.35	  22.92
	  0.185	  0.964	 -0.193
	 -0.980	  0.195	  0.033
	  0.069	  0.182	  0.981

3 	  44.44	  -0.54	   1.55
	  0.458	  0.227	  0.859
	 -0.028	  0.970	 -0.242
	 -0.888	  0.087	  0.450

4 	  36.77	   4.39	  -4.06
	  0.437	  0.837	 -0.330
	 -0.705	  0.546	  0.452
	  0.558	  0.035	  0.829

5 	  38.78	  13.59	   2.09
	  0.180	  0.983	  0.025
	  0.934	 -0.179	  0.308
	  0.308	 -0.032	 -0.951

6 	  39.46	  24.54	   0.12
	  0.208	  0.955	 -0.213
	  0.408	  0.113	  0.906
	  0.889	 -0.275	 -0.367

7 	  37.85	  -8.02	  -4.41
	  0.574	 -0.753	 -0.323
	  0.626	  0.657	 -0.420
	  0.528	  0.039	  0.848

8 	  39.08	 -16.21	   2.23
	  0.241	 -0.970	 -0.027
	 -0.840	 -0.195	 -0.505
	  0.485	  0.145	 -0.862

9 	  41.03	 -26.75	   0.63
	  0.200	 -0.955	 -0.217
	 -0.704	  0.014	 -0.710
	  0.682	  0.295	 -0.670

2 	  32.57	  -8.35	  22.92
	  0.185	  0.964	 -0.192
	 -0.980	  0.195	  0.033
	  0.069	  0.182	  0.981

3 	  44.38	  -0.62	   1.39
	  0.469	  0.230	  0.853
	 -0.028	  0.969	 -0.246
	 -0.883	  0.091	  0.461

4 	  36.65	   4.29	  -4.08
	  0.438	  0.822	 -0.363
	 -0.682	  0.567	  0.462
	  0.586	  0.045	  0.809

5 	  38.85	  13.73	   1.56
	  0.187	  0.982	 -0.031
	  0.941	 -0.170	  0.293
	  0.282	 -0.084	 -0.956

6 	  39.57	  24.54	  -0.98
	  0.210	  0.940	 -0.269
	  0.432	  0.157	  0.888
	  0.877	 -0.303	 -0.373

7 	  37.63	  -7.98	  -4.45
	  0.563	 -0.746	 -0.356
	  0.612	  0.666	 -0.428
	  0.555	  0.023	  0.831

8 	  39.06	 -16.37	   1.88
	  0.241	 -0.968	 -0.070
	 -0.856	 -0.178	 -0.485
	  0.457	  0.177	 -0.872

9 	  40.97	 -26.79	  -0.23
	  0.192	 -0.946	 -0.261
	 -0.726	  0.042	 -0.686
	  0.660	  0.321	 -0.679

2 	  32.57	  -8.37	  22.92
	  0.185	  0.964	 -0.192
	 -0.980	  0.195	  0.033
	  0.069	  0.182	  0.981

3 	  44.30	  -0.63	   1.28
	  0.479	  0.232	  0.846
	 -0.031	  0.968	 -0.248
	 -0.877	  0.093	  0.471

4 	  36.46	   4.24	  -4.08
	  0.439	  0.808	 -0.393
	 -0.657	  0.586	  0.474
	  0.613	  0.050	  0.788

5 	  39.04	  13.83	   1.12
	  0.209	  0.974	 -0.084
	  0.946	 -0.181	  0.268
	  0.246	 -0.136	 -0.960

6 	  39.94	  24.40	  -2.02
	  0.230	  0.918	 -0.323
	  0.463	  0.188	  0.866
	  0.856	 -0.349	 -0.382

7 	  37.46	  -7.95	  -4.50
	  0.556	 -0.733	 -0.392
	  0.586	  0.680	 -0.440
	  0.589	  0.015	  0.808

8 	  39.18	 -16.40	   1.56
	  0.259	 -0.959	 -0.113
	 -0.869	 -0.180	 -0.461
	  0.422	  0.218	 -0.880

9 	  41.48	 -26.72	  -0.84
	  0.201	 -0.931	 -0.306
	 -0.752	  0.054	 -0.657
	  0.628	  0.362	 -0.689

2 	  32.57	  -8.37	  22.92
	  0.185	  0.964	 -0.192
	 -0.980	  0.195	  0.033
	  0.069	  0.182	  0.981

3 	  44.19	  -0.67	   1.18
	  0.492	  0.235	  0.838
	 -0.032	  0.967	 -0.253
	 -0.870	  0.098	  0.483

4 	  36.26	   4.15	  -4.08
	  0.440	  0.794	 -0.420
	 -0.633	  0.605	  0.482
	  0.637	  0.053	  0.768

5 	  39.22	  13.83	   0.67
	  0.230	  0.965	 -0.126
	  0.949	 -0.195	  0.246
	  0.213	 -0.177	 -0.961

6 	  40.24	  24.26	  -2.94
	  0.242	  0.898	 -0.366
	  0.485	  0.214	  0.848
	  0.840	 -0.383	 -0.384

7 	  37.30	  -7.93	  -4.54
	  0.551	 -0.720	 -0.421
	  0.565	  0.693	 -0.447
	  0.613	  0.008	  0.790

8 	  39.23	 -16.54	   1.23
	  0.259	 -0.955	 -0.147
	 -0.880	 -0.171	 -0.442
	  0.397	  0.244	 -0.885

9 	  41.20	 -26.79	  -1.72
	  0.190	 -0.921	 -0.340
	 -0.771	  0.074	 -0.632
	  0.608	  0.382	 -0.696

2 	  32.57	  -8.37	  22.90
	  0.185	  0.964	 -0.192
	 -0.980	  0.195	  0.033
	  0.069	  0.182	  0.981

3 	  44.14	  -0.72	   1.11
	  0.497	  0.236	  0.835
	 -0.033	  0.966	 -0.254
	 -0.867	  0.099	  0.489

4 	  36.21	   4.06	  -4.10
	  0.439	  0.784	 -0.439
	 -0.618	  0.618	  0.485
	  0.652	  0.058	  0.756

5 	  39.30	  13.83	   0.32
	  0.238	  0.957	 -0.163
	  0.951	 -0.196	  0.239
	  0.197	 -0.212	 -0.957

6 	  40.31	  24.17	  -3.67
	  0.243	  0.884	 -0.400
	  0.496	  0.240	  0.834
	  0.833	 -0.401	 -0.380

7 	  37.21	  -7.93	  -4.59
	  0.539	 -0.705	 -0.460
	  0.545	  0.709	 -0.448
	  0.642	 -0.009	  0.766

8 	  39.22	 -16.70	   0.72
	  0.248	 -0.950	 -0.191
	 -0.895	 -0.149	 -0.420
	  0.370	  0.275	 -0.887

9 	  40.97	 -26.84	  -2.74
	  0.169	 -0.907	 -0.385
	 -0.791	  0.108	 -0.603
	  0.588	  0.406	 -0.699

2 	  32.57	  -8.37	  22.90
	  0.185	  0.963	 -0.192
	 -0.980	  0.195	  0.033
	  0.069	  0.182	  0.981

3 	  44.10	  -0.74	   1.09
	  0.500	  0.236	  0.833
	 -0.034	  0.966	 -0.254
	 -0.865	  0.099	  0.491

4 	  36.14	   3.97	  -4.10
	  0.439	  0.773	 -0.458
	 -0.603	  0.631	  0.487
	  0.666	  0.062	  0.743

5 	  39.36	  13.83	  -0.05
	  0.242	  0.949	 -0.200
	  0.953	 -0.194	  0.231
	  0.181	 -0.247	 -0.952

6 	  40.34	  23.99	  -4.54
	  0.243	  0.864	 -0.440
	  0.507	  0.273	  0.817
	  0.826	 -0.422	 -0.372

7 	  37.09	  -7.88	  -4.59
	  0.530	 -0.692	 -0.489
	  0.527	  0.721	 -0.449
	  0.664	 -0.020	  0.748

8 	  39.25	 -16.80	   0.30
	  0.239	 -0.943	 -0.231
	 -0.908	 -0.132	 -0.398
	  0.344	  0.304	 -0.888

9 	  40.82	 -26.84	  -3.69
	  0.150	 -0.892	 -0.426
	 -0.809	  0.136	 -0.571
	  0.568	  0.430	 -0.702

2 	  32.57	  -8.37	  22.92
	  0.185	  0.964	 -0.192
	 -0.980	  0.195	  0.033
	  0.069	  0.182	  0.981

3 	  44.07	  -0.76	   1.02
	  0.505	  0.236	  0.830
	 -0.034	  0.966	 -0.255
	 -0.862	  0.100	  0.496

4 	  36.07	   3.99	  -4.08
	  0.437	  0.762	 -0.477
	 -0.583	  0.644	  0.495
	  0.684	  0.062	  0.726

5 	  39.45	  13.89	  -0.42
	  0.253	  0.937	 -0.242
	  0.954	 -0.201	  0.220
	  0.157	 -0.286	 -0.945

6 	  40.54	  23.85	  -5.33
	  0.252	  0.839	 -0.483
	  0.520	  0.303	  0.798
	  0.816	 -0.453	 -0.360

7 	  36.97	  -7.80	  -4.64
	  0.524	 -0.676	 -0.518
	  0.505	  0.736	 -0.450
	  0.686	 -0.025	  0.727

8 	  39.36	 -16.75	  -0.02
	  0.250	 -0.932	 -0.261
	 -0.914	 -0.138	 -0.382
	  0.320	  0.334	 -0.886

9 	  40.96	 -26.70	  -4.36
	  0.150	 -0.877	 -0.456
	 -0.822	  0.145	 -0.550
	  0.549	  0.457	 -0.700

2 	  32.55	  -8.37	  22.92
	  0.185	  0.964	 -0.192
	 -0.980	  0.195	  0.032
	  0.069	  0.182	  0.981

3 	  44.03	  -0.77	   0.98
	  0.510	  0.236	  0.827
	 -0.033	  0.966	 -0.255
	 -0.859	  0.103	  0.500

4 	  35.98	   3.97	  -4.03
	  0.439	  0.750	 -0.494
	 -0.562	  0.658	  0.500
	  0.701	  0.058	  0.711

5 	  39.62	  13.87	  -0.70
	  0.270	  0.924	 -0.272
	  0.953	 -0.217	  0.209
	  0.134	 -0.316	 -0.939

6 	  40.82	  23.64	  -5.96
	  0.263	  0.815	 -0.516
	  0.535	  0.322	  0.781
	  0.803	 -0.482	 -0.351

7 	  36.97	  -7.73	  -4.69
	  0.524	 -0.662	 -0.536
	  0.483	  0.750	 -0.453
	  0.701	 -0.022	  0.712

8 	  39.57	 -16.70	  -0.37
	  0.263	 -0.921	 -0.288
	 -0.919	 -0.148	 -0.366
	  0.295	  0.361	 -0.885

9 	  41.27	 -26.46	  -5.08
	  0.156	 -0.860	 -0.486
	 -0.834	  0.148	 -0.531
	  0.529	  0.488	 -0.694

2 	  32.55	  -8.37	  22.92
	  0.185	  0.964	 -0.192
	 -0.980	  0.195	  0.033
	  0.069	  0.182	  0.981

3 	  44.02	  -0.77	   0.95
	  0.512	  0.235	  0.826
	 -0.032	  0.966	 -0.256
	 -0.859	  0.104	  0.502

4 	  36.00	   3.99	  -4.01
	  0.440	  0.740	 -0.509
	 -0.548	  0.670	  0.500
	  0.711	  0.058	  0.700

5 	  39.78	  13.90	  -1.00
	  0.276	  0.914	 -0.298
	  0.954	 -0.222	  0.203
	  0.119	 -0.340	 -0.933

6 	  40.97	  23.55	  -6.50
	  0.265	  0.797	 -0.542
	  0.545	  0.339	  0.766
	  0.795	 -0.499	 -0.345

7 	  36.98	  -7.65	  -4.76
	  0.524	 -0.646	 -0.555
	  0.463	  0.763	 -0.451
	  0.714	 -0.021	  0.699

8 	  39.81	 -16.68	  -0.77
	  0.271	 -0.909	 -0.317
	 -0.924	 -0.154	 -0.351
	  0.270	  0.388	 -0.881

9 	  41.54	 -26.28	  -5.75
	  0.160	 -0.845	 -0.510
	 -0.845	  0.151	 -0.513
	  0.511	  0.513	 -0.690

2 	  32.57	  -8.35	  22.92
	  0.185	  0.964	 -0.193
	 -0.980	  0.195	  0.032
	  0.069	  0.182	  0.981

3 	  44.03	  -0.76	   0.93
	  0.511	  0.238	  0.826
	 -0.030	  0.965	 -0.260
	 -0.859	  0.107	  0.500

4 	  36.05	   4.03	  -4.03
	  0.437	  0.725	 -0.531
	 -0.529	  0.685	  0.501
	  0.728	  0.061	  0.683

5 	  39.88	  13.94	  -1.35
	  0.274	  0.903	 -0.330
	  0.956	 -0.221	  0.190
	  0.099	 -0.368	 -0.924

6 	  40.99	  23.38	  -7.29
	  0.255	  0.778	 -0.574
	  0.563	  0.363	  0.742
	  0.786	 -0.513	 -0.345

7 	  37.02	  -7.52	  -4.85
	  0.522	 -0.622	 -0.584
	  0.438	  0.783	 -0.442
	  0.732	 -0.026	  0.681

8 	  40.08	 -16.63	  -1.20
	  0.282	 -0.895	 -0.346
	 -0.927	 -0.161	 -0.340
	  0.248	  0.416	 -0.875

9 	  42.10	 -25.89	  -6.45
	  0.167	 -0.823	 -0.542
	 -0.855	  0.152	 -0.496
	  0.491	  0.546	 -0.678

2 	  32.55	  -8.35	  22.92
	  0.185	  0.964	 -0.192
	 -0.980	  0.195	  0.033
	  0.069	  0.182	  0.981

3 	  44.07	  -0.72	   0.91
	  0.510	  0.240	  0.826
	 -0.030	  0.964	 -0.262
	 -0.860	  0.109	  0.499

4 	  36.05	   4.03	  -4.04
	  0.431	  0.710	 -0.556
	 -0.505	  0.701	  0.504
	  0.748	  0.063	  0.661

5 	  39.99	  13.97	  -1.78
	  0.270	  0.892	 -0.363
	  0.960	 -0.221	  0.171
	  0.072	 -0.395	 -0.916

6 	  40.94	  23.24	  -8.02
	  0.239	  0.758	 -0.607
	  0.584	  0.386	  0.713
	  0.775	 -0.525	 -0.351

7 	  37.05	  -7.47	  -4.87
	  0.524	 -0.610	 -0.594
	  0.426	  0.792	 -0.438
	  0.737	 -0.024	  0.675

8 	  40.24	 -16.54	  -1.48
	  0.292	 -0.883	 -0.367
	 -0.928	 -0.168	 -0.333
	  0.232	  0.438	 -0.869

9 	  42.08	 -25.79	  -7.14
	  0.164	 -0.809	 -0.564
	 -0.863	  0.159	 -0.480
	  0.478	  0.566	 -0.672

2 	  32.55	  -8.35	  22.92
	  0.185	  0.964	 -0.193
	 -0.980	  0.195	  0.033
	  0.069	  0.182	  0.981

3 	  44.05	  -0.65	   0.90
	  0.509	  0.245	  0.825
	 -0.032	  0.963	 -0.267
	 -0.860	  0.109	  0.498

4 	  35.98	   4.06	  -4.01
	  0.416	  0.690	 -0.592
	 -0.468	  0.720	  0.512
	  0.780	  0.063	  0.623

5 	  40.11	  13.99	  -2.25
	  0.260	  0.879	 -0.399
	  0.965	 -0.227	  0.129
	  0.023	 -0.419	 -0.908

6 	  40.82	  23.03	  -8.93
