% Calibrated with leiden_pols
% Positions are in centimeters
Data =[
 2    97.335   -18.794    59.800
 2     0.829    -0.555     0.062
 2     0.555     0.831     0.023
 2    -0.064     0.015     0.998
 3   121.961    -1.302     9.457
 3    -0.438     0.052    -0.897
 3     0.097    -0.990    -0.106
 3    -0.893    -0.134     0.428
 4   107.857    14.164   -10.021
 4     0.488    -0.775     0.401
 4     0.866     0.374    -0.332
 4     0.107     0.509     0.853
 5   109.179    20.150    19.675
 5     0.273     0.102     0.956
 5     0.226    -0.973     0.039
 5     0.935     0.206    -0.290
 6   121.867    26.292    47.357
 6     0.224    -0.739    -0.636
 6    -0.094     0.633    -0.768
 6     0.970     0.231     0.072
 7   116.017   -23.507   -10.587
 7     0.317     0.947     0.050
 7    -0.858     0.263     0.441
 7     0.404    -0.183     0.896
 8   116.339   -27.688    19.672
 8     0.369     0.190     0.910
 8    -0.165    -0.950     0.265
 8     0.915    -0.248    -0.319
 9   131.330   -30.438    44.441
 9     0.231     0.512    -0.827
 9     0.130     0.826     0.548
 9     0.964    -0.235     0.124
 2    97.335   -18.794    59.800
 2     0.829    -0.555     0.062
 2     0.555     0.831     0.023
 2    -0.064     0.015     0.998
 3   121.956    -1.305     9.436
 3    -0.438     0.052    -0.897
 3     0.097    -0.990    -0.105
 3    -0.894    -0.133     0.428
 4   107.878    14.162   -10.065
 4     0.489    -0.775     0.401
 4     0.866     0.375    -0.330
 4     0.105     0.508     0.854
 5   109.230    20.149    19.674
 5     0.275     0.099     0.956
 5     0.225    -0.974     0.036
 5     0.935     0.205    -0.290
 6   121.892    26.239    47.408
 6     0.222    -0.737    -0.639
 6    -0.095     0.635    -0.766
 6     0.970     0.231     0.071
 7   116.016   -23.506   -10.588
 7     0.318     0.946     0.049
 7    -0.858     0.265     0.440
 7     0.404    -0.183     0.896
 8   116.309   -27.689    19.629
 8     0.369     0.189     0.910
 8    -0.165    -0.950     0.265
 8     0.914    -0.248    -0.319
 9   131.328   -30.387    44.441
 9     0.230     0.511    -0.828
 9     0.130     0.827     0.547
 9     0.964    -0.234     0.124
 2    97.335   -18.794    59.800
 2     0.829    -0.555     0.061
 2     0.555     0.831     0.023
 2    -0.064     0.015     0.998
 3   121.956    -1.254     9.436
 3    -0.438     0.051    -0.898
 3     0.097    -0.990    -0.103
 3    -0.894    -0.133     0.428
 4   107.915    14.207   -10.098
 4     0.488    -0.776     0.400
 4     0.867     0.379    -0.323
 4     0.099     0.505     0.857
 5   109.230    20.223    19.725
 5     0.275     0.097     0.956
 5     0.223    -0.974     0.035
 5     0.935     0.204    -0.289
 6   121.903    26.241    47.395
 6     0.220    -0.735    -0.641
 6    -0.095     0.638    -0.764
 6     0.971     0.229     0.070
 7   116.014   -23.506   -10.585
 7     0.320     0.946     0.049
 7    -0.857     0.267     0.440
 7     0.403    -0.183     0.896
 8   116.383   -27.740    19.629
 8     0.369     0.190     0.910
 8    -0.165    -0.950     0.265
 8     0.914    -0.248    -0.319
 9   131.329   -30.387    44.415
 9     0.230     0.510    -0.829
 9     0.130     0.828     0.545
 9     0.964    -0.234     0.124
 2    97.284   -18.794    59.800
 2     0.829    -0.555     0.061
 2     0.555     0.831     0.023
 2    -0.064     0.015     0.998
 3   121.956    -1.254     9.384
 3    -0.438     0.050    -0.898
 3     0.098    -0.990    -0.102
 3    -0.894    -0.132     0.428
 4   107.903    14.152   -10.079
 4     0.487    -0.776     0.399
 4     0.868     0.382    -0.316
 4     0.093     0.501     0.860
 5   109.264    20.223    19.666
 5     0.276     0.091     0.957
 5     0.220    -0.975     0.029
 5     0.936     0.203    -0.289
 6   121.954    26.214    47.397
 6     0.219    -0.733    -0.644
 6    -0.096     0.641    -0.761
 6     0.971     0.229     0.070
 7   116.061   -23.505   -10.608
 7     0.323     0.945     0.049
 7    -0.856     0.270     0.440
 7     0.402    -0.185     0.896
 8   116.334   -27.739    19.629
 8     0.369     0.190     0.909
 8    -0.165    -0.950     0.266
 8     0.914    -0.248    -0.320
 9   131.329   -30.387    44.415
 9     0.230     0.509    -0.830
 9     0.130     0.828     0.544
 9     0.964    -0.234     0.124
 2    97.335   -18.794    59.800
 2     0.829    -0.555     0.061
 2     0.555     0.831     0.023
 2    -0.064     0.015     0.998
 3   122.006    -1.254     9.384
 3    -0.438     0.049    -0.898
 3     0.098    -0.990    -0.102
 3    -0.894    -0.132     0.428
 4   107.944    14.199   -10.067
 4     0.487    -0.776     0.401
 4     0.869     0.383    -0.313
 4     0.089     0.500     0.861
 5   109.314    20.273    19.718
 5     0.276     0.087     0.957
 5     0.220    -0.975     0.026
 5     0.936     0.203    -0.288
 6   121.954    26.211    47.447
 6     0.216    -0.730    -0.648
 6    -0.097     0.645    -0.758
 6     0.971     0.227     0.068
 7   116.061   -23.556   -10.583
 7     0.323     0.945     0.050
 7    -0.856     0.270     0.440
 7     0.402    -0.185     0.896
 8   116.334   -27.739    19.629
 8     0.369     0.190     0.909
 8    -0.165    -0.950     0.265
 8     0.914    -0.248    -0.320
 9   131.329   -30.387    44.415
 9     0.230     0.509    -0.829
 9     0.130     0.828     0.545
 9     0.964    -0.234     0.124
 2    97.335   -18.794    59.800
 2     0.829    -0.555     0.061
 2     0.555     0.831     0.023
 2    -0.064     0.015     0.998
 3   122.006    -1.254     9.384
 3    -0.438     0.048    -0.898
 3     0.098    -0.990    -0.101
 3    -0.894    -0.132     0.428
 4   107.891    14.147   -10.064
 4     0.487    -0.776     0.401
 4     0.869     0.384    -0.312
 4     0.088     0.500     0.861
 5   109.307    20.220    19.675
 5     0.276     0.087     0.957
 5     0.220    -0.975     0.025
 5     0.935     0.203    -0.288
 6   121.954    26.159    47.448
 6     0.217    -0.729    -0.649
 6    -0.098     0.645    -0.758
 6     0.971     0.227     0.068
 7   116.014   -23.555   -10.586
 7     0.323     0.945     0.050
 7    -0.856     0.270     0.441
 7     0.403    -0.186     0.896
 8   116.334   -27.739    19.629
 8     0.369     0.189     0.910
 8    -0.165    -0.950     0.264
 8     0.914    -0.248    -0.320
 9   131.327   -30.437    44.415
 9     0.230     0.510    -0.828
 9     0.131     0.827     0.546
 9     0.964    -0.234     0.124
 2    97.284   -18.794    59.800
 2     0.829    -0.555     0.061
 2     0.555     0.831     0.023
 2    -0.064     0.015     0.998
 3   122.006    -1.254     9.384
 3    -0.438     0.048    -0.898
 3     0.098    -0.990    -0.100
 3    -0.894    -0.132     0.428
 4   107.891    14.198   -10.115
 4     0.487    -0.776     0.401
 4     0.869     0.384    -0.312
 4     0.088     0.500     0.861
 5   109.314    20.273    19.667
 5     0.276     0.087     0.957
 5     0.220    -0.975     0.026
 5     0.936     0.203    -0.288
 6   121.955    26.209    47.449
 6     0.217    -0.730    -0.648
 6    -0.098     0.644    -0.758
 6     0.971     0.228     0.069
 7   116.014   -23.555   -10.586
 7     0.323     0.945     0.050
 7    -0.856     0.270     0.441
 7     0.403    -0.186     0.896
 8   116.334   -27.688    19.629
 8     0.370     0.188     0.910
 8    -0.165    -0.950     0.264
 8     0.914    -0.248    -0.320
 9   131.327   -30.386    44.440
 9     0.230     0.511    -0.828
 9     0.131     0.827     0.547
 9     0.964    -0.234     0.124
 2    97.335   -18.794    59.800
 2     0.829    -0.555     0.061
 2     0.555     0.831     0.023
 2    -0.064     0.015     0.998
 3   122.006    -1.254     9.384
 3    -0.438     0.048    -0.898
 3     0.098    -0.990    -0.101
 3    -0.894    -0.132     0.428
 4   107.945    14.149   -10.070
 4     0.487    -0.776     0.401
 4     0.868     0.383    -0.315
 4     0.090     0.502     0.860
 5   109.238    20.226    19.666
 5     0.274     0.094     0.957
 5     0.222    -0.974     0.032
 5     0.936     0.203    -0.288
 6   121.902    26.211    47.445
 6     0.219    -0.734    -0.642
 6    -0.098     0.638    -0.763
 6     0.971     0.230     0.068
 7   116.014   -23.555   -10.586
 7     0.323     0.945     0.050
 7    -0.856     0.270     0.441
 7     0.403    -0.186     0.896
 8   116.310   -27.688    19.680
 8     0.369     0.189     0.910
 8    -0.165    -0.950     0.264
 8     0.914    -0.247    -0.320
 9   131.327   -30.437    44.440
 9     0.230     0.511    -0.828
 9     0.131     0.827     0.547
 9     0.964    -0.234     0.124
 2    97.335   -18.794    59.800
 2     0.829    -0.555     0.061
 2     0.555     0.831     0.023
 2    -0.064     0.015     0.998
 3   121.956    -1.254     9.384
 3    -0.438     0.048    -0.898
 3     0.098    -0.990    -0.101
 3    -0.894    -0.132     0.428
 4   107.858    14.205   -10.038
 4     0.487    -0.775     0.401
 4     0.867     0.380    -0.321
 4     0.096     0.505     0.858
 5   109.129    20.200    19.675
 5     0.273     0.100     0.957
 5     0.225    -0.974     0.037
 5     0.935     0.205    -0.288
 6   121.816    26.289    47.458
 6     0.222    -0.739    -0.637
 6    -0.096     0.633    -0.768
 6     0.970     0.231     0.070
 7   116.017   -23.554   -10.590
 7     0.324     0.944     0.050
 7    -0.855     0.270     0.442
 7     0.404    -0.186     0.895
 8   116.309   -27.689    19.629
 8     0.369     0.189     0.910
 8    -0.165    -0.950     0.264
 8     0.914    -0.248    -0.320
 9   131.329   -30.361    44.415
 9     0.231     0.511    -0.828
 9     0.131     0.827     0.547
 9     0.964    -0.235     0.124
 2    97.335   -18.743    59.749
 2     0.829    -0.555     0.062
 2     0.555     0.831     0.023
 2    -0.064     0.015     0.998
 3   121.957    -1.203     9.385
 3    -0.437     0.049    -0.898
 3     0.098    -0.990    -0.102
 3    -0.894    -0.133     0.428
 4   107.876    14.160   -10.012
 4     0.490    -0.774     0.401
 4     0.865     0.376    -0.330
 4     0.104     0.509     0.854
 5   109.070    20.050    19.556
 5     0.272     0.112     0.956
 5     0.231    -0.972     0.049
 5     0.934     0.208    -0.290
 6   121.704    26.443    47.290
 6     0.227    -0.745    -0.626
 6    -0.094     0.623    -0.776
 6     0.969     0.235     0.072
 7   116.018   -23.551   -10.539
 7     0.328     0.943     0.052
 7    -0.853     0.273     0.444
 7     0.404    -0.191     0.894
 8   116.132   -27.707    19.135
 8     0.338     0.173     0.925
 8    -0.183    -0.952     0.245
 8     0.923    -0.252    -0.290
 9   131.208   -30.541    44.365
 9     0.233     0.520    -0.822
 9     0.129     0.821     0.556
 9     0.964    -0.236     0.124
 2    97.285   -18.794    59.749
 2     0.829    -0.555     0.062
 2     0.555     0.831     0.023
 2    -0.064     0.015     0.998
 3   121.957    -1.203     9.385
 3    -0.438     0.050    -0.898
 3     0.098    -0.990    -0.103
 3    -0.894    -0.133     0.428
 4   107.894    14.089   -10.032
 4     0.493    -0.774     0.398
 4     0.863     0.376    -0.337
 4     0.111     0.509     0.853
 5   108.934    20.204    19.620
 5     0.269     0.121     0.955
 5     0.238    -0.969     0.056
 5     0.933     0.213    -0.290
 6   121.677    26.524    47.287
 6     0.230    -0.750    -0.619
 6    -0.092     0.617    -0.781
 6     0.969     0.237     0.073
 7   116.070   -23.548   -10.540
 7     0.334     0.941     0.054
 7    -0.851     0.277     0.446
 7     0.404    -0.196     0.893
 8   116.063   -27.825    19.001
 8     0.301     0.173     0.937
 8    -0.193    -0.952     0.238
 8     0.934    -0.253    -0.254
 9   131.083   -30.670    44.262
 9     0.233     0.525    -0.818
 9     0.126     0.818     0.561
 9     0.964    -0.234     0.125
 2    97.335   -18.743    59.749
 2     0.829    -0.555     0.062
 2     0.555     0.831     0.023
 2    -0.064     0.015     0.998
 3   122.010    -1.201     9.379
 3    -0.439     0.052    -0.897
 3     0.097    -0.990    -0.105
 3    -0.893    -0.133     0.429
 4   107.917    14.046   -10.056
 4     0.495    -0.776     0.391
 4     0.860     0.376    -0.345
 4     0.120     0.507     0.853
 5   108.852    20.275    19.559
 5     0.270     0.126     0.954
 5     0.251    -0.966     0.056
 5     0.929     0.224    -0.293
 6   121.617    26.702    47.200
 6     0.233    -0.751    -0.618
 6    -0.090     0.616    -0.783
 6     0.968     0.237     0.076
 7   116.128   -23.567   -10.501
 7     0.339     0.939     0.055
 7    -0.848     0.280     0.450
 7     0.407    -0.200     0.891
 8   116.003   -27.888    18.939
 8     0.297     0.169     0.939
 8    -0.201    -0.951     0.235
 8     0.933    -0.258    -0.249
 9   130.924   -30.975    44.158
 9     0.230     0.521    -0.822
 9     0.119     0.823     0.555
 9     0.966    -0.226     0.128
 2    97.335   -18.743    59.749
 2     0.829    -0.555     0.062
 2     0.555     0.831     0.023
 2    -0.064     0.015     0.998
 3   121.960    -1.252     9.329
 3    -0.440     0.053    -0.896
 3     0.097    -0.990    -0.107
 3    -0.893    -0.134     0.430
 4   107.910    14.000   -10.126
 4     0.497    -0.777     0.386
 4     0.858     0.375    -0.350
 4     0.127     0.505     0.854
 5   108.784    20.552    19.713
 5     0.268     0.144     0.952
 5     0.273    -0.959     0.068
 5     0.924     0.242    -0.297
 6   121.683    27.613    46.992
 6     0.243    -0.760    -0.603
 6    -0.070     0.606    -0.792
 6     0.967     0.235     0.094
 7   116.097   -23.533   -10.474
 7     0.343     0.937     0.056
 7    -0.843     0.281     0.458
 7     0.414    -0.205     0.887
 8   115.765   -28.099    18.735
 8     0.283     0.143     0.948
 8    -0.226    -0.951     0.211
 8     0.932    -0.275    -0.237
 9   130.668   -31.668    44.027
 9     0.228     0.529    -0.817
 9     0.104     0.821     0.561
 9     0.968    -0.213     0.132
 2    97.335   -18.794    59.749
 2     0.829    -0.555     0.062
 2     0.555     0.831     0.023
 2    -0.064     0.015     0.998
 3   122.009    -1.251     9.380
 3    -0.440     0.055    -0.896
 3     0.096    -0.990    -0.108
 3    -0.893    -0.134     0.430
 4   107.944    13.959   -10.211
 4     0.501    -0.781     0.373
 4     0.854     0.376    -0.359
 4     0.140     0.499     0.855
 5   108.833    20.846    19.618
 5     0.269     0.171     0.947
 5     0.301    -0.950     0.086
 5     0.914     0.262    -0.307
 6   121.773    28.702    46.710
 6     0.252    -0.767    -0.590
 6    -0.048     0.599    -0.799
 6     0.966     0.229     0.113
 7   116.169   -23.524   -10.475
 7     0.344     0.937     0.057
 7    -0.839     0.279     0.468
 7     0.422    -0.209     0.882
 8   115.583   -28.530    18.734
 8     0.275     0.094     0.957
 8    -0.268    -0.948     0.170
 8     0.923    -0.303    -0.235
 9   130.339   -33.794    43.455
 9     0.234     0.569    -0.788
 9     0.057     0.801     0.596
 9     0.970    -0.184     0.155
 2    97.284   -18.794    59.800
 2     0.829    -0.555     0.061
 2     0.555     0.831     0.023
 2    -0.064     0.015     0.998
 3   121.963    -1.300     9.374
 3    -0.441     0.056    -0.896
 3     0.096    -0.989    -0.109
 3    -0.892    -0.134     0.431
 4   108.011    13.971   -10.201
 4     0.504    -0.786     0.358
 4     0.849     0.377    -0.370
 4     0.156     0.490     0.857
 5   108.987    21.419    19.770
 5     0.268     0.210     0.940
 5     0.341    -0.933     0.111
 5     0.901     0.290    -0.322
 6   122.144    30.715    46.161
 6     0.268    -0.779    -0.566
 6    -0.008     0.586    -0.810
 6     0.963     0.221     0.151
 7   116.076   -23.548   -10.482
 7     0.344     0.937     0.060
 7    -0.838     0.277     0.470
 7     0.424    -0.212     0.880
 8   115.508   -29.077    18.779
 8     0.278     0.060     0.958
 8    -0.306    -0.941     0.147
 8     0.910    -0.334    -0.244
 9   130.425   -35.642    42.977
 9     0.244     0.593    -0.767
 9     0.020     0.788     0.615
 9     0.969    -0.166     0.181
 2    97.335   -18.794    59.800
 2     0.829    -0.555     0.062
 2     0.555     0.831     0.023
 2    -0.064     0.015     0.998
 3   121.961    -1.300     9.374
 3    -0.442     0.057    -0.895
 3     0.095    -0.989    -0.110
 3    -0.892    -0.134     0.432
 4   108.070    13.973   -10.157
 4     0.505    -0.788     0.353
 4     0.848     0.377    -0.372
 4     0.159     0.487     0.858
 5   109.172    21.881    19.715
 5     0.274     0.229     0.934
 5     0.370    -0.921     0.118
 5     0.887     0.313    -0.338
 6   122.345    32.383    45.601
 6     0.283    -0.787    -0.549
 6     0.027     0.578    -0.815
 6     0.958     0.216     0.185
 7   116.080   -23.546   -10.484
 7     0.344     0.936     0.063
 7    -0.837     0.276     0.473
 7     0.425    -0.216     0.879
 8   115.583   -29.529    18.677
 8     0.283     0.039     0.958
 8    -0.329    -0.934     0.136
 8     0.901    -0.354    -0.252
 9   130.691   -36.823    42.425
 9     0.258     0.606    -0.753
 9    -0.007     0.780     0.626
 9     0.966    -0.156     0.205
 2    97.285   -18.794    59.749
 2     0.829    -0.555     0.062
 2     0.555     0.831     0.023
 2    -0.064     0.015     0.998
 3   121.965    -1.323     9.369
 3    -0.443     0.056    -0.895
 3     0.095    -0.989    -0.110
 3    -0.891    -0.134     0.433
 4   108.095    14.032   -10.285
 4     0.507    -0.791     0.344
 4     0.845     0.377    -0.379
 4     0.169     0.482     0.859
 5   109.341    22.325    19.729
 5     0.276     0.240     0.930
 5     0.391    -0.912     0.120
 5     0.878     0.331    -0.346
 6   122.810    33.353    45.174
 6     0.295    -0.787    -0.542
 6     0.047     0.579    -0.814
 6     0.954     0.214     0.207
 7   116.133   -23.545   -10.437
 7     0.345     0.936     0.062
 7    -0.836     0.277     0.474
 7     0.426    -0.216     0.878
 8   115.778   -29.765    18.545
 8     0.290     0.032     0.956
 8    -0.339    -0.931     0.134
 8     0.895    -0.362    -0.259
 9   131.012   -37.246    42.232
 9     0.267     0.610    -0.746
 9    -0.017     0.777     0.629
 9     0.963    -0.156     0.218
 2    97.335   -18.794    59.800
 2     0.829    -0.555     0.062
 2     0.555     0.831     0.023
 2    -0.064     0.015     0.998
 3   121.963    -1.295     9.411
 3    -0.445     0.055    -0.894
 3     0.093    -0.990    -0.108
 3    -0.890    -0.131     0.435
 4   108.169    14.039   -10.257
 4     0.507    -0.795     0.334
 4     0.843     0.376    -0.383
 4     0.178     0.476     0.861
 5   109.343    22.669    19.655
 5     0.276     0.248     0.928
 5     0.407    -0.905     0.121
 5     0.870     0.344    -0.351
 6   122.792    34.093    44.974
 6     0.299    -0.788    -0.538
 6     0.060     0.578    -0.814
 6     0.952     0.211     0.220
 7   116.143   -23.540   -10.451
 7     0.346     0.936     0.060
 7    -0.834     0.277     0.477
 7     0.430    -0.216     0.876
 8   115.958   -29.831    18.657
 8     0.295     0.027     0.955
 8    -0.354    -0.925     0.136
 8     0.887    -0.379    -0.263
 9   131.423   -37.855    41.869
 9     0.279     0.612    -0.740
 9    -0.033     0.776     0.630
 9     0.959    -0.152     0.236
 2    97.335   -18.794    59.800
 2     0.829    -0.555     0.062
 2     0.555     0.831     0.023
 2    -0.064     0.015     0.998
 3   121.964    -1.293     9.353
 3    -0.448     0.053    -0.892
 3     0.092    -0.990    -0.106
 3    -0.889    -0.130     0.438
 4   108.232    14.043   -10.321
 4     0.506    -0.797     0.329
 4     0.842     0.376    -0.385
 4     0.183     0.472     0.862
 5   109.158    23.016    19.575
 5     0.271     0.251     0.929
 5     0.423    -0.898     0.119
 5     0.864     0.360    -0.350
 6   122.800    34.886    44.546
 6     0.302    -0.789    -0.535
 6     0.076     0.579    -0.811
 6     0.950     0.204     0.234
 7   116.145   -23.514   -10.455
 7     0.346     0.936     0.060
 7    -0.833     0.278     0.478
 7     0.431    -0.216     0.876
 8   116.090   -30.389    18.379
 8     0.303     0.009     0.953
 8    -0.382    -0.915     0.131
 8     0.873    -0.404    -0.274
 9   131.800   -38.901    41.209
 9     0.294     0.617    -0.730
 9    -0.055     0.773     0.631
 9     0.954    -0.145     0.261
 2    97.284   -18.794    59.800
 2     0.829    -0.555     0.061
 2     0.555     0.831     0.023
 2    -0.064     0.015     0.998
 3   121.962    -1.293     9.352
 3    -0.449     0.053    -0.892
 3     0.092    -0.990    -0.105
 3    -0.889    -0.129     0.439
 4   108.247    14.049   -10.337
 4     0.505    -0.800     0.324
 4     0.842     0.375    -0.388
 4     0.189     0.469     0.862
 5   108.986    23.439    19.453
 5     0.265     0.261     0.928
 5     0.443    -0.888     0.122
 5     0.856     0.379    -0.352
 6   122.538    35.938    44.264
 6     0.301    -0.793    -0.530
 6     0.096     0.578    -0.810
 6     0.949     0.193     0.250
 7   116.087   -23.516   -10.491
 7     0.349     0.935     0.065
 7    -0.834     0.278     0.477
 7     0.427    -0.221     0.876
 8   116.004   -31.047    18.274
 8     0.306    -0.019     0.952
 8    -0.409    -0.905     0.113
 8     0.859    -0.424    -0.285
 9   131.814   -40.045    40.690
 9     0.303     0.627    -0.718
 9    -0.077     0.766     0.637
 9     0.950    -0.138     0.280
 2    97.285   -18.743    59.800
 2     0.829    -0.555     0.062
 2     0.555     0.831     0.023
 2    -0.064     0.015     0.998
 3   121.966    -1.290     9.347
 3    -0.450     0.052    -0.892
 3     0.092    -0.990    -0.104
 3    -0.888    -0.129     0.440
 4   108.254    14.102   -10.396
 4     0.505    -0.801     0.321
 4     0.841     0.374    -0.390
 4     0.192     0.467     0.863
 5   109.020    23.930    19.295
 5     0.266     0.273     0.924
 5     0.465    -0.876     0.125
 5     0.844     0.396    -0.360
 6   122.454    37.060    43.680
 6     0.303    -0.797    -0.522
 6     0.120     0.575    -0.809
 6     0.945     0.182     0.270
 7   116.060   -23.465   -10.565
 7     0.351     0.934     0.066
 7    -0.834     0.280     0.476
 7     0.426    -0.223     0.877
 8   115.987   -31.319    18.114
 8     0.307    -0.039     0.951
 8    -0.429    -0.897     0.102
 8     0.849    -0.439    -0.292
 9   131.879   -40.984    40.220
 9     0.309     0.634    -0.709
 9    -0.097     0.762     0.639
 9     0.946    -0.129     0.297
 2    97.335   -18.743    59.800
 2     0.829    -0.555     0.061
 2     0.555     0.831     0.023
 2    -0.064     0.015     0.998
 3   121.968    -1.291     9.347
 3    -0.450     0.052    -0.892
 3     0.093    -0.990    -0.104
 3    -0.888    -0.130     0.441
 4   108.290    14.105   -10.406
 4     0.505    -0.803     0.317
 4     0.841     0.373    -0.392
 4     0.196     0.464     0.864
 5   109.073    24.495    19.193
 5     0.270     0.285     0.919
 5     0.487    -0.864     0.124
 5     0.830     0.414    -0.373
 6   122.460    38.381    43.203
 6     0.310    -0.801    -0.512
 6     0.143     0.572    -0.808
 6     0.940     0.177     0.292
 7   116.060   -23.465   -10.565
 7     0.352     0.933     0.067
 7    -0.834     0.280     0.476
 7     0.426    -0.224     0.877
 8   116.041   -31.641    18.090
 8     0.310    -0.062     0.948
 8    -0.450    -0.888     0.089
 8     0.837    -0.455    -0.304
 9   131.957   -41.899    39.565
 9     0.320     0.640    -0.699
 9    -0.117     0.758     0.641
 9     0.940    -0.124     0.317
 2    97.335   -18.743    59.800
 2     0.829    -0.555     0.061
 2     0.555     0.831     0.023
 2    -0.064     0.015     0.998
 3   121.968    -1.240     9.347
 3    -0.450     0.051    -0.892
 3     0.093    -0.990    -0.104
 3    -0.888    -0.130     0.440
 4   108.300    14.109   -10.417
 4     0.505    -0.804     0.314
 4     0.840     0.373    -0.394
 4     0.200     0.463     0.863
 5   109.084    24.908    19.081
 5     0.275     0.297     0.914
 5     0.506    -0.853     0.125
 5     0.817     0.428    -0.385
 6   122.750    39.312    42.620
 6     0.322    -0.801    -0.505
 6     0.163     0.572    -0.804
 6     0.932     0.177     0.315
 7   116.058   -23.363   -10.613
 7     0.354     0.932     0.068
 7    -0.833     0.281     0.476
 7     0.425    -0.226     0.877
 8   116.015   -31.827    17.956
 8     0.313    -0.074     0.947
 8    -0.462    -0.883     0.084
 8     0.830    -0.463    -0.311
 9   132.044   -42.628    39.152
 9     0.328     0.643    -0.692
 9    -0.131     0.756     0.641
 9     0.935    -0.120     0.332
 2    97.335   -18.743    59.800
 2     0.829    -0.555     0.061
 2     0.555     0.831     0.023
 2    -0.064     0.015     0.998
 3   121.970    -1.240     9.348
 3    -0.449     0.051    -0.892
 3     0.094    -0.990    -0.104
 3    -0.888    -0.131     0.440
 4   108.357    14.162   -10.451
 4     0.505    -0.805     0.312
 4     0.839     0.372    -0.397
 4     0.203     0.462     0.863
 5   109.026    25.299    19.087
 5     0.280     0.309     0.908
 5     0.522    -0.843     0.126
 5     0.805     0.439    -0.398
 6   122.787    40.118    42.207
 6     0.332    -0.803    -0.495
 6     0.176     0.568    -0.804
 6     0.927     0.179     0.330
 7   115.958   -23.363   -10.613
 7     0.355     0.932     0.069
 7    -0.833     0.282     0.476
 7     0.425    -0.227     0.876
 8   115.995   -31.934    17.910
 8     0.315    -0.079     0.945
 8    -0.468    -0.880     0.082
 8     0.825    -0.469    -0.315
 9   132.129   -42.862    38.966
 9     0.332     0.643    -0.690
 9    -0.136     0.756     0.640
 9     0.933    -0.119     0.338
 2    97.335   -18.743    59.800
 2     0.829    -0.555     0.062
 2     0.555     0.831     0.023
 2    -0.064     0.015     0.998
 3   121.972    -1.190     9.348
 3    -0.449     0.051    -0.892
 3     0.095    -0.990    -0.104
 3    -0.888    -0.131     0.439
 4   108.319    14.191   -10.465
 4     0.505    -0.806     0.309
 4     0.838     0.371    -0.401
 4     0.208     0.461     0.862
 5   108.967    25.570    19.046
 5     0.280     0.317     0.906
 5     0.534    -0.836     0.128
 5     0.798     0.448    -0.403
 6   122.794    40.694    41.850
 6     0.340    -0.804    -0.488
 6     0.188     0.567    -0.802
 6     0.921     0.181     0.344
 7   116.008   -23.286   -10.613
 7     0.356     0.932     0.068
 7    -0.832     0.283     0.477
 7     0.425    -0.227     0.876
 8   115.941   -31.936    17.865
 8     0.315    -0.081     0.945
 8    -0.470    -0.879     0.081
 8     0.824    -0.470    -0.315
 9   132.079   -42.991    38.915
 9     0.332     0.643    -0.690
 9    -0.138     0.756     0.639
 9     0.933    -0.118     0.340
 2    97.284   -18.794    59.800
 2     0.829    -0.555     0.061
 2     0.555     0.831     0.023
 2    -0.064     0.015     0.998
 3   121.872    -1.192     9.406
 3    -0.448     0.050    -0.893
 3     0.097    -0.990    -0.104
 3    -0.889    -0.133     0.438
 4   108.328    14.246   -10.527
 4     0.504    -0.808     0.307
 4     0.837     0.369    -0.403
 4     0.212     0.460     0.862
 5   108.828    25.917    18.984
 5     0.276     0.326     0.904
 5     0.547    -0.827     0.131
 5     0.790     0.458    -0.407
 6   122.638    41.453    41.528
 6     0.343    -0.807    -0.480
 6     0.201     0.562    -0.802
 6     0.917     0.179     0.355
 7   115.958   -23.286   -10.613
 7     0.356     0.932     0.068
 7    -0.832     0.283     0.477
 7     0.425    -0.227     0.876
 8   115.870   -32.023    17.827
 8     0.313    -0.095     0.945
 8    -0.482    -0.873     0.072
 8     0.818    -0.478    -0.319
 9   132.013   -43.254    38.703
 9     0.334     0.646    -0.687
 9    -0.145     0.755     0.639
 9     0.931    -0.114     0.345
 2    97.284   -18.794    59.800
 2     0.829    -0.555     0.061
 2     0.555     0.831     0.023
 2    -0.064     0.015     0.998
 3   121.875    -1.142     9.433
 3    -0.447     0.050    -0.893
 3     0.098    -0.990    -0.105
 3    -0.889    -0.135     0.438
 4   108.313    14.300   -10.462
 4     0.502    -0.810     0.304
 4     0.837     0.367    -0.405
 4     0.216     0.458     0.862
 5   108.661    26.261    18.801
 5     0.274     0.334     0.902
 5     0.561    -0.817     0.132
 5     0.781     0.470    -0.411
 6   122.385    42.213    41.184
 6     0.344    -0.810    -0.474
 6     0.216     0.560    -0.800
 6     0.913     0.172     0.368
 7   115.958   -23.234   -10.614
 7     0.358     0.931     0.068
 7    -0.831     0.284     0.477
 7     0.425    -0.228     0.876
 8   115.834   -32.317    17.679
 8     0.312    -0.106     0.944
 8    -0.498    -0.864     0.068
 8     0.809    -0.491    -0.323
 9   131.932   -44.189    38.151
 9     0.338     0.651    -0.680
 9    -0.165     0.752     0.638
 9     0.927    -0.104     0.361
 2    97.284   -18.794    59.800
 2     0.829    -0.555     0.062
 2     0.555     0.831     0.023
 2    -0.064     0.015     0.998
 3   121.878    -1.117     9.485
 3    -0.447     0.050    -0.893
 3     0.099    -0.989    -0.106
 3    -0.889    -0.136     0.437
 4   108.348    14.354   -10.422
 4     0.501    -0.811     0.301
 4     0.837     0.365    -0.407
 4     0.220     0.456     0.862
 5   108.678    26.728    18.660
 5     0.273     0.341     0.899
 5     0.579    -0.805     0.129
 5     0.768     0.485    -0.418
 6   122.388    43.402    40.558
 6     0.348    -0.812    -0.469
 6     0.239     0.561    -0.793
 6     0.906     0.163     0.389
 7   116.006   -23.185   -10.610
 7     0.358     0.931     0.069
 7    -0.832     0.285     0.477
 7     0.424    -0.228     0.876
 8   115.882   -32.792    17.403
 8     0.314    -0.120     0.941
 8    -0.518    -0.853     0.065
 8     0.795    -0.508    -0.331
 9   132.031   -45.154    37.444
 9     0.345     0.655    -0.672
 9    -0.187     0.750     0.634
 9     0.920    -0.093     0.381
 2    97.284   -18.794    59.800
 2     0.829    -0.555     0.061
 2     0.555     0.831     0.023
 2    -0.064     0.015     0.998
 3   121.886    -1.064     9.481
 3    -0.448     0.051    -0.893
 3     0.101    -0.989    -0.107
 3    -0.888    -0.138     0.437
 4   108.324    14.355   -10.477
 4     0.501    -0.811     0.302
 4     0.837     0.365    -0.408
 4     0.221     0.457     0.861
 5   108.787    27.239    18.451
 5     0.280     0.349     0.894
 5     0.597    -0.793     0.123
 5     0.752     0.499    -0.430
 6   122.755    44.277    39.847
 6     0.361    -0.807    -0.467
 6     0.257     0.567    -0.782
 6     0.896     0.162     0.412
 7   115.899   -23.110   -10.728
 7     0.360     0.930     0.071
 7    -0.832     0.286     0.475
 7     0.421    -0.230     0.877
 8   115.891   -33.161    17.210
 8     0.317    -0.130     0.939
 8    -0.534    -0.843     0.064
 8     0.784    -0.521    -0.336
 9   132.009   -45.964    36.837
 9     0.351     0.658    -0.666
 9    -0.206     0.748     0.631
 9     0.913    -0.084     0.398
 2    97.335   -18.794    59.800
 2     0.829    -0.555     0.062
 2     0.555     0.831     0.023
 2    -0.064     0.015     0.998
 3   121.887    -1.064     9.482
 3    -0.448     0.050    -0.892
 3     0.102    -0.989    -0.107
 3    -0.888    -0.139     0.438
 4   108.325    14.381   -10.426
 4     0.501    -0.811     0.301
 4     0.836     0.365    -0.409
 4     0.221     0.457     0.861
 5   108.826    27.702    18.288
 5     0.284     0.353     0.891
 5     0.614    -0.781     0.114
 5     0.737     0.514    -0.439
 6   123.181    45.477    38.999
 6     0.379    -0.803    -0.460
 6     0.278     0.573    -0.771
 6     0.883     0.163     0.440
 7   115.947   -23.009   -10.725
 7     0.362     0.929     0.071
 7    -0.832     0.287     0.474
 7     0.420    -0.231     0.877
 8   116.001   -33.191    17.181
 8     0.318    -0.134     0.938
 8    -0.539    -0.840     0.063
 8     0.780    -0.526    -0.339
 9   132.141   -46.277    36.556
 9     0.355     0.660    -0.662
 9    -0.214     0.747     0.630
 9     0.910    -0.082     0.406
 2    97.285   -18.794    59.800
 2     0.829    -0.555     0.061
 2     0.554     0.831     0.023
 2    -0.064     0.015     0.998
 3   121.887    -1.064     9.533
 3    -0.448     0.050    -0.892
 3     0.102    -0.989    -0.107
 3    -0.888    -0.139     0.438
 4   108.349    14.381   -10.477
 4     0.501    -0.811     0.302
 4     0.836     0.365    -0.409
 4     0.221     0.458     0.861
 5   108.828    28.092    18.037
 5     0.285     0.357     0.889
 5     0.627    -0.771     0.108
 5     0.725     0.527    -0.444
 6   123.319    46.027    38.462
 6     0.386    -0.800    -0.460
 6     0.290     0.578    -0.763
 6     0.876     0.161     0.455
 7   115.947   -23.009   -10.775
 7     0.362     0.929     0.072
 7    -0.832     0.288     0.474
 7     0.420    -0.232     0.877
 8   116.041   -33.295    17.120
 8     0.319    -0.137     0.938
 8    -0.542    -0.838     0.062
 8     0.777    -0.529    -0.342
 9   132.154   -46.434    36.392
 9     0.357     0.660    -0.661
 9    -0.217     0.746     0.629
 9     0.908    -0.081     0.410
 2    97.335   -18.794    59.800
 2     0.829    -0.555     0.061
 2     0.555     0.831     0.023
 2    -0.064     0.015     0.998
 3   121.887    -1.064     9.482
 3    -0.449     0.049    -0.892
 3     0.102    -0.989    -0.106
 3    -0.888    -0.139     0.439
 4   108.345    14.379   -10.496
 4     0.502    -0.810     0.303
 4     0.836     0.366    -0.407
 4     0.219     0.458     0.861
 5   108.809    28.436    17.827
 5     0.285     0.366     0.885
 5     0.640    -0.761     0.109
 5     0.714     0.535    -0.451
 6   123.362    46.477    37.968
 6     0.390    -0.800    -0.455
 6     0.301     0.578    -0.759
 6     0.870     0.159     0.466
 7   115.950   -23.007   -10.779
 7     0.363     0.929     0.072
 7    -0.831     0.289     0.475
 7     0.421    -0.233     0.877
 8   116.035   -33.349    17.132
 8     0.319    -0.139     0.937
 8    -0.546    -0.836     0.062
 8     0.775    -0.531    -0.343
 9   132.197   -46.666    36.299
 9     0.357     0.661    -0.659
 9    -0.221     0.746     0.628
 9     0.907    -0.079     0.413
 2    97.333   -18.744    59.752
 2     0.829    -0.555     0.062
 2     0.555     0.831     0.023
 2    -0.065     0.015     0.998
 3   121.887    -1.064     9.482
 3    -0.449     0.049    -0.892
 3     0.102    -0.989    -0.106
 3    -0.888    -0.139     0.438
 4   108.335    14.350   -10.586
 4     0.503    -0.809     0.304
 4     0.837     0.368    -0.405
 4     0.215     0.458     0.862
 5   108.926    28.481    17.752
 5     0.284     0.381     0.879
 5     0.648    -0.753     0.117
 5     0.706     0.537    -0.461
 6   123.187    47.403    37.285
 6     0.402    -0.827    -0.393
 6     0.328     0.531    -0.781
 6     0.854     0.185     0.485
 7   115.947   -22.957   -10.776
 7     0.364     0.928     0.072
 7    -0.831     0.289     0.475
 7     0.420    -0.233     0.877
 8   115.973   -33.430    17.097
 8     0.318    -0.141     0.937
 8    -0.550    -0.833     0.061
 8     0.772    -0.535    -0.343
 9   132.139   -46.798    36.178
 9     0.357     0.663    -0.658
 9    -0.226     0.745     0.627
 9     0.906    -0.075     0.416
 2    97.335   -18.743    59.749
 2     0.829    -0.555     0.062
 2     0.555     0.831     0.023
 2    -0.064     0.015     0.998
 3   121.887    -1.014     9.482
 3    -0.449     0.049    -0.892
 3     0.102    -0.989    -0.106
 3    -0.888    -0.139     0.439
 4   108.308    14.349   -10.584
 4     0.504    -0.808     0.305
 4     0.837     0.369    -0.405
 4     0.214     0.459     0.862
 5   109.030    28.483    17.758
 5     0.279     0.403     0.871
 5     0.655    -0.744     0.134
 5     0.702     0.533    -0.472
 6   122.948    47.982    37.090
 6     0.408    -0.849    -0.337
 6     0.344     0.484    -0.804
 6     0.845     0.212     0.490
 7   115.897   -22.957   -10.776
 7     0.364     0.928     0.072
 7    -0.831     0.289     0.475
 7     0.420    -0.233     0.877
 8   115.913   -33.485    17.012
 8     0.318    -0.145     0.937
 8    -0.554    -0.830     0.060
 8     0.769    -0.538    -0.344
 9   132.126   -47.059    36.015
 9     0.357     0.664    -0.657
 9    -0.232     0.744     0.626
 9     0.904    -0.071     0.420
 2    97.284   -18.794    59.800
 2     0.829    -0.555     0.061
 2     0.555     0.831     0.023
 2    -0.064     0.015     0.998
 3   121.887    -1.014     9.482
 3    -0.449     0.049    -0.892
 3     0.102    -0.989    -0.106
 3    -0.888    -0.139     0.439
 4   108.305    14.373   -10.632
 4     0.504    -0.807     0.306
 4     0.837     0.369    -0.404
 4     0.213     0.460     0.862
 5   109.145    28.313    17.802
 5     0.271     0.427     0.862
 5     0.660    -0.735     0.157
 5     0.701     0.526    -0.481
 6   122.069    48.561    37.132
 6     0.417    -0.890    -0.186
 6     0.376     0.355    -0.856
 6     0.828     0.286     0.482
 7   115.897   -22.957   -10.776
 7     0.364     0.928     0.072
 7    -0.831     0.289     0.474
 7     0.420    -0.233     0.877
 8   115.906   -33.539    16.947
 8     0.317    -0.147     0.937
 8    -0.558    -0.828     0.059
 8     0.767    -0.541    -0.345
 9   132.094   -47.243    35.895
 9     0.356     0.666    -0.655
 9    -0.238     0.742     0.626
 9     0.903    -0.067     0.423
 2    97.333   -18.744    59.752
 2     0.829    -0.555     0.062
 2     0.555     0.831     0.023
 2    -0.065     0.015     0.998
 3   121.887    -1.014     9.482
 3    -0.449     0.049    -0.892
 3     0.102    -0.989    -0.106
 3    -0.888    -0.139     0.439
 4   108.303    14.347   -10.629
 4     0.505    -0.807     0.307
 4     0.836     0.370    -0.404
 4     0.212     0.460     0.862
 5   109.237    28.096    17.838
 5     0.260     0.459     0.849
 5     0.663    -0.724     0.189
 5     0.701     0.514    -0.493
 6   121.083    49.158    36.985
 6     0.431    -0.903     0.006
 6     0.420     0.194    -0.887
 6     0.799     0.384     0.462
 7   115.895   -22.933   -10.823
 7     0.364     0.928     0.073
 7    -0.832     0.289     0.474
 7     0.419    -0.233     0.877
 8   115.999   -33.618    16.907
 8     0.316    -0.150     0.937
 8    -0.560    -0.826     0.057
 8     0.765    -0.543    -0.345
 9   131.993   -47.424    35.794
 9     0.355     0.669    -0.653
 9    -0.242     0.740     0.627
 9     0.903    -0.064     0.425
 2    97.335   -18.743    59.749
 2     0.829    -0.555     0.062
 2     0.555     0.831     0.023
 2    -0.064     0.015     0.998
 3   121.892    -1.012     9.476
 3    -0.449     0.049    -0.892
 3     0.103    -0.989    -0.106
 3    -0.887    -0.139     0.439
 4   108.303    14.372   -10.629
 4     0.505    -0.807     0.307
 4     0.837     0.370    -0.403
 4     0.212     0.460     0.862
 5   109.238    28.055    18.002
 5     0.249     0.476     0.843
 5     0.665    -0.717     0.208
 5     0.703     0.509    -0.496
 6   120.292    49.376    37.048
 6     0.439    -0.886     0.152
 6     0.454     0.073    -0.888
 6     0.775     0.458     0.434
 7   115.892   -22.934   -10.820
 7     0.364     0.928     0.073
 7    -0.832     0.289     0.473
 7     0.418    -0.233     0.878
 8   115.949   -33.618    16.857
 8     0.316    -0.151     0.937
 8    -0.562    -0.825     0.057
 8     0.765    -0.544    -0.346
 9   131.987   -47.479    35.802
 9     0.354     0.670    -0.653
 9    -0.245     0.740     0.627
 9     0.902    -0.063     0.426
 2    97.335   -18.743    59.749
 2     0.829    -0.555     0.062
 2     0.555     0.831     0.023
 2    -0.064     0.015     0.998
 3   121.893    -1.012     9.477
 3    -0.449     0.049    -0.892
 3     0.103    -0.989    -0.106
 3    -0.887    -0.140     0.439
 4   108.298    14.370   -10.624
 4     0.505    -0.806     0.308
 4     0.837     0.370    -0.403
 4     0.210     0.461     0.862
 5   109.309    27.934    17.941
 5     0.246     0.493     0.834
 5     0.667    -0.711     0.223
 5     0.703     0.501    -0.504
 6   120.073    49.495    37.066
 6     0.446    -0.862     0.241
 6     0.475    -0.000    -0.880
 6     0.758     0.507     0.409
 7   115.865   -22.884   -10.842
 7     0.364     0.928     0.073
 7    -0.833     0.289     0.472
 7     0.417    -0.233     0.878
 8   115.942   -33.620    16.867
 8     0.316    -0.152     0.936
