% Calibrated with leiden_pols
% Positions are in centimeters
Data =[
 2    36.397    -7.221    15.729
 2     0.960    -0.282    -0.003
 2     0.280     0.958     0.052
 2    -0.010    -0.052     0.998
 3    40.690     2.358    -2.332
 3     0.823    -0.377     0.425
 3     0.553     0.698    -0.455
 3    -0.126     0.609     0.782
 4    40.413    -6.461    -1.475
 4     0.781     0.458     0.425
 4    -0.575     0.791     0.206
 4    -0.242    -0.405     0.881
 5    45.806    -9.088     1.414
 5     0.859     0.195     0.473
 5    -0.323    -0.511     0.796
 5     0.397    -0.837    -0.376
 6    49.615    -4.401     2.712
 6     0.485    -0.839    -0.248
 6     0.665     0.536    -0.519
 6     0.567     0.087     0.818
 7    46.866    -1.717    -1.939
 7     0.331     0.265    -0.906
 7    -0.218     0.955     0.199
 7     0.918     0.132     0.373
 8    45.397     6.082     1.086
 8     0.890    -0.144     0.433
 8     0.324    -0.469    -0.821
 8     0.320     0.872    -0.371
 9    49.973    -0.529     3.533
 9     0.301     0.862    -0.411
 9    -0.904     0.393     0.168
 9     0.304     0.319     0.896
 2    36.397    -7.221    15.729
 2     0.960    -0.281    -0.003
 2     0.280     0.958     0.052
 2    -0.010    -0.052     0.998
 3    40.787     2.366    -2.330
 3     0.824    -0.383     0.418
 3     0.553     0.697    -0.455
 3    -0.117     0.606     0.786
 4    40.497    -6.429    -1.497
 4     0.785     0.458     0.417
 4    -0.572     0.793     0.207
 4    -0.236    -0.401     0.885
 5    45.884    -9.088     1.445
 5     0.858     0.188     0.478
 5    -0.327    -0.518     0.790
 5     0.396    -0.834    -0.384
 6    49.822    -4.500     2.680
 6     0.519    -0.814    -0.265
 6     0.649     0.574    -0.499
 6     0.556     0.088     0.825
 7    46.883    -1.688    -1.940
 7     0.324     0.262    -0.909
 7    -0.216     0.956     0.197
 7     0.921     0.133     0.366
 8    45.249     5.994     1.276
 8     0.873    -0.079     0.481
 8     0.362    -0.555    -0.748
 8     0.326     0.828    -0.457
 9    49.991    -0.263     3.287
 9     0.426     0.819    -0.389
 9    -0.893     0.448    -0.030
 9     0.146     0.358     0.921
 2    36.397    -7.221    15.729
 2     0.960    -0.281    -0.003
 2     0.280     0.958     0.052
 2    -0.010    -0.052     0.998
 3    40.813     2.378    -2.368
 3     0.825    -0.388     0.413
 3     0.555     0.690    -0.463
 3    -0.105     0.610     0.784
 4    40.443    -6.434    -1.459
 4     0.781     0.462     0.421
 4    -0.577     0.790     0.204
 4    -0.239    -0.402     0.883
 5    45.715    -9.120     1.677
 5     0.864     0.076     0.497
 5    -0.369    -0.577     0.728
 5     0.342    -0.813    -0.472
 6    50.596    -5.689     2.192
 6     0.691    -0.579    -0.440
 6     0.554     0.808    -0.195
 6     0.465    -0.106     0.877
 7    46.852    -1.716    -1.931
 7     0.325     0.264    -0.909
 7    -0.217     0.955     0.199
 7     0.920     0.133     0.367
 8    45.026     5.738     1.531
 8     0.862     0.081     0.500
 8     0.411    -0.689    -0.597
 8     0.296     0.720    -0.627
 9    49.848     0.254     2.536
 9     0.560     0.782    -0.277
 9    -0.817     0.467    -0.336
 9    -0.136     0.412     0.901
 2    36.397    -7.221    15.729
 2     0.960    -0.281    -0.003
 2     0.280     0.958     0.052
 2    -0.010    -0.052     0.998
 3    40.782     2.378    -2.369
 3     0.823    -0.387     0.418
 3     0.558     0.686    -0.466
 3    -0.106     0.616     0.780
 4    40.285    -6.431    -1.348
 4     0.767     0.469     0.438
 4    -0.588     0.786     0.188
 4    -0.256    -0.401     0.879
 5    45.629    -9.369     1.568
 5     0.874    -0.034     0.484
 5    -0.416    -0.567     0.711
 5     0.250    -0.823    -0.510
 6    50.761    -6.405     1.088
 6     0.767    -0.466    -0.448
 6     0.572     0.805     0.149
 6     0.288    -0.368     0.881
 7    46.855    -1.715    -1.954
 7     0.326     0.268    -0.907
 7    -0.217     0.954     0.203
 7     0.920     0.130     0.369
 8    44.983     5.286     1.689
 8     0.858     0.205     0.471
 8     0.429    -0.791    -0.437
 8     0.282     0.577    -0.766
 9    49.371     1.078     1.904
 9     0.635     0.747    -0.199
 9    -0.654     0.387    -0.648
 9    -0.409     0.540     0.735
 2    36.397    -7.221    15.729
 2     0.960    -0.282    -0.003
 2     0.280     0.958     0.052
 2    -0.010    -0.052     0.998
 3    40.781     2.304    -2.452
 3     0.822    -0.386     0.420
 3     0.560     0.681    -0.472
 3    -0.105     0.622     0.775
 4    40.151    -6.523    -1.180
 4     0.763     0.455     0.460
 4    -0.585     0.787     0.192
 4    -0.275    -0.415     0.867
 5    45.636    -9.430     1.564
 5     0.888    -0.170     0.428
 5    -0.439    -0.591     0.676
 5     0.138    -0.788    -0.599
 6    50.733    -7.141     0.027
 6     0.835    -0.411    -0.374
 6     0.544     0.709     0.448
 6     0.079    -0.573     0.812
 7    46.867    -1.729    -2.010
 7     0.330     0.270    -0.905
 7    -0.207     0.955     0.209
 7     0.921     0.118     0.371
 8    45.039     4.802     1.753
 8     0.860     0.290     0.419
 8     0.430    -0.853    -0.294
 8     0.272     0.433    -0.859
 9    48.784     2.061     1.585
 9     0.665     0.729    -0.166
 9    -0.437     0.204    -0.875
 9    -0.606     0.652     0.455
 2    36.397    -7.221    15.729
 2     0.960    -0.281    -0.003
 2     0.280     0.958     0.052
 2    -0.010    -0.052     0.998
 3    40.794     2.309    -2.497
 3     0.825    -0.384     0.417
 3     0.557     0.678    -0.479
 3    -0.099     0.626     0.772
 4    39.982    -6.532    -1.044
 4     0.738     0.473     0.481
 4    -0.605     0.779     0.162
 4    -0.298    -0.411     0.861
 5    45.560    -9.519     1.486
 5     0.884    -0.187     0.427
 5    -0.450    -0.585     0.675
 5     0.124    -0.789    -0.602
 6    50.906    -7.896     0.078
 6     0.877    -0.291    -0.388
 6     0.477     0.623     0.621
 6     0.061    -0.726     0.681
 7    46.868    -1.693    -2.074
 7     0.338     0.274    -0.901
 7    -0.195     0.956     0.217
 7     0.920     0.102     0.376
 8    44.998     4.651     1.711
 8     0.853     0.352     0.386
 8     0.448    -0.873    -0.195
 8     0.268     0.338    -0.902
 9    48.099     3.209     1.279
 9     0.655     0.749    -0.103
 9    -0.227     0.070    -0.971
 9    -0.720     0.658     0.217
 2    36.397    -7.221    15.729
 2     0.960    -0.282    -0.003
 2     0.280     0.958     0.052
 2    -0.010    -0.052     0.998
 3    40.738     2.308    -2.517
 3     0.822    -0.385     0.419
 3     0.559     0.678    -0.477
 3    -0.101     0.626     0.772
 4    39.856    -6.613    -0.926
 4     0.710     0.498     0.499
 4    -0.631     0.764     0.135
 4    -0.314    -0.410     0.856
 5    45.424    -9.731     1.487
 5     0.878    -0.219     0.426
 5    -0.466    -0.595     0.655
 5     0.110    -0.774    -0.624
 6    50.825    -8.873    -0.041
 6     0.928    -0.216    -0.308
 6     0.373     0.535     0.759
 6     0.002    -0.816     0.573
 7    46.866    -1.706    -2.116
 7     0.348     0.270    -0.898
 7    -0.184     0.958     0.216
 7     0.919     0.090     0.383
 8    44.946     4.621     1.589
 8     0.832     0.433     0.348
 8     0.494    -0.862    -0.111
 8     0.251     0.263    -0.931
 9    47.300     4.458     0.954
 9     0.602     0.798    -0.034
 9    -0.031    -0.014    -0.999
 9    -0.798     0.602     0.017
 2    36.397    -7.222    15.730
 2     0.960    -0.281    -0.003
 2     0.279     0.958     0.051
 2    -0.010    -0.052     0.998
 3    40.629     2.246    -2.529
 3     0.817    -0.383     0.432
 3     0.565     0.680    -0.467
 3    -0.115     0.625     0.771
 4    39.684    -6.690    -0.785
 4     0.684     0.514     0.518
 4    -0.651     0.750     0.115
 4    -0.329    -0.415     0.847
 5    45.206    -9.896     1.458
 5     0.870    -0.242     0.429
 5    -0.483    -0.590     0.646
 5     0.097    -0.770    -0.631
 6    50.662    -9.560    -0.105
 6     0.953    -0.176    -0.250
 6     0.303     0.518     0.801
 6    -0.011    -0.837     0.543
 7    46.802    -1.750    -2.166
 7     0.361     0.270    -0.893
 7    -0.175     0.960     0.218
 7     0.916     0.078     0.393
 8    44.654     4.954     1.456
 8     0.777     0.539     0.326
 8     0.585    -0.808    -0.062
 8     0.229     0.238    -0.943
 9    46.527     5.756     0.709
 9     0.568     0.821     0.062
 9     0.099     0.009    -0.995
 9    -0.817     0.571    -0.076
 2    36.397    -7.222    15.730
 2     0.960    -0.281    -0.003
 2     0.279     0.958     0.051
 2    -0.010    -0.052     0.998
 3    40.446     2.184    -2.524
 3     0.800    -0.388     0.458
 3     0.584     0.677    -0.448
 3    -0.136     0.625     0.768
 4    39.561    -6.709    -0.678
 4     0.668     0.519     0.534
 4    -0.660     0.743     0.104
 4    -0.343    -0.421     0.839
 5    45.061   -10.037     1.467
 5     0.860    -0.273     0.431
 5    -0.504    -0.588     0.633
 5     0.081    -0.761    -0.643
 6    50.503    -9.942    -0.249
 6     0.963    -0.172    -0.211
 6     0.268     0.504     0.822
 6    -0.035    -0.846     0.528
 7    46.760    -1.746    -2.193
 7     0.372     0.263    -0.891
 7    -0.168     0.962     0.213
 7     0.913     0.071     0.401
 8    44.399     5.251     1.419
 8     0.720     0.619     0.316
 8     0.654    -0.755    -0.014
 8     0.229     0.215    -0.948
 9    45.800     6.966     0.650
 9     0.528     0.830     0.177
 9     0.226     0.065    -0.972
 9    -0.818     0.554    -0.153
 2    36.397    -7.222    15.730
 2     0.960    -0.281    -0.003
 2     0.279     0.958     0.051
 2    -0.010    -0.052     0.998
 3    40.375     2.208    -2.513
 3     0.790    -0.393     0.471
 3     0.596     0.670    -0.442
 3    -0.142     0.629     0.763
 4    39.501    -6.693    -0.632
 4     0.660     0.526     0.537
 4    -0.666     0.740     0.093
 4    -0.348    -0.419     0.838
 5    44.931   -10.074     1.478
 5     0.848    -0.282     0.448
 5    -0.523    -0.573     0.631
 5     0.079    -0.770    -0.633
 6    50.375   -10.128    -0.263
 6     0.967    -0.166    -0.194
 6     0.250     0.511     0.824
 6    -0.038    -0.843     0.533
 7    46.759    -1.720    -2.193
 7     0.372     0.261    -0.891
 7    -0.167     0.963     0.211
 7     0.913     0.071     0.401
 8    44.185     5.586     1.358
 8     0.647     0.700     0.304
 8     0.724    -0.688     0.041
 8     0.237     0.193    -0.952
 9    45.162     8.194     0.620
 9     0.487     0.837     0.250
 9     0.356     0.071    -0.932
 9    -0.797     0.542    -0.263
 2    36.397    -7.222    15.730
 2     0.960    -0.281    -0.003
 2     0.279     0.958     0.051
 2    -0.010    -0.052     0.998
 3    40.290     2.174    -2.452
 3     0.765    -0.410     0.497
 3     0.622     0.667    -0.409
 3    -0.164     0.622     0.765
 4    39.524    -6.696    -0.654
 4     0.657     0.530     0.537
 4    -0.668     0.738     0.089
 4    -0.349    -0.417     0.839
 5    44.877   -10.149     1.479
 5     0.840    -0.282     0.463
 5    -0.535    -0.570     0.624
 5     0.088    -0.772    -0.629
 6    50.334   -10.380    -0.197
 6     0.974    -0.142    -0.176
 6     0.223     0.523     0.824
 6    -0.025    -0.840     0.539
 7    46.786    -1.706    -2.225
 7     0.367     0.253    -0.895
 7    -0.156     0.965     0.209
 7     0.917     0.063     0.393
 8    43.660     6.013     1.363
 8     0.540     0.776     0.329
 8     0.801    -0.592     0.084
 8     0.259     0.216    -0.941
 9    44.327     9.682     0.877
 9     0.447     0.812     0.379
 9     0.506     0.118    -0.853
 9    -0.738     0.571    -0.359
 2    36.394    -7.222    15.732
 2     0.960    -0.281    -0.002
 2     0.280     0.958     0.051
 2    -0.011    -0.052     0.998
 3    40.157     2.115    -2.445
 3     0.737    -0.431     0.521
 3     0.649     0.663    -0.372
 3    -0.185     0.612     0.768
 4    39.501    -6.696    -0.631
 4     0.656     0.532     0.536
 4    -0.669     0.737     0.088
 4    -0.348    -0.416     0.839
 5    44.779   -10.222     1.495
 5     0.832    -0.280     0.479
 5    -0.546    -0.568     0.616
 5     0.100    -0.774    -0.625
 6    50.317   -10.500    -0.081
 6     0.977    -0.126    -0.173
 6     0.211     0.527     0.824
 6    -0.012    -0.840     0.539
 7    46.779    -1.660    -2.305
 7     0.366     0.231    -0.902
 7    -0.139     0.971     0.192
 7     0.920     0.055     0.387
 8    43.596     5.889     1.371
 8     0.513     0.795     0.326
 8     0.798    -0.580     0.159
 8     0.315     0.178    -0.932
 9    44.162    10.575     1.125
 9     0.388     0.892     0.230
 9     0.680    -0.109    -0.725
 9    -0.621     0.437    -0.650
 2    36.397    -7.221    15.729
 2     0.960    -0.282    -0.003
 2     0.280     0.958     0.051
 2    -0.010    -0.052     0.998
 3    39.955     2.069    -2.328
 3     0.721    -0.421     0.552
 3     0.660     0.658    -0.361
 3    -0.212     0.624     0.751
 4    39.462    -6.726    -0.642
 4     0.656     0.531     0.537
 4    -0.667     0.740     0.083
 4    -0.353    -0.412     0.839
 5    44.733   -10.274     1.469
 5     0.827    -0.284     0.485
 5    -0.553    -0.566     0.612
 5     0.101    -0.774    -0.625
 6    50.285   -10.757    -0.091
 6     0.982    -0.107    -0.153
 6     0.185     0.532     0.828
 6    -0.007    -0.840     0.540
 7    46.752    -1.692    -2.318
 7     0.387     0.221    -0.895
 7    -0.137     0.974     0.180
 7     0.912     0.053     0.407
 8    43.568     5.865     1.335
 8     0.500     0.811     0.305
 8     0.802    -0.565     0.192
 8     0.327     0.147    -0.932
 9    43.833    10.800     1.104
 9     0.323     0.925     0.201
 9     0.725    -0.105    -0.681
 9    -0.608     0.365    -0.704
 2    36.395    -7.223    15.733
 2     0.960    -0.281    -0.003
 2     0.279     0.958     0.052
 2    -0.011    -0.052     0.998
 3    39.640     2.037    -2.277
 3     0.688    -0.400     0.607
 3     0.687     0.627    -0.367
 3    -0.234     0.668     0.705
 4    39.394    -6.837    -0.616
 4     0.652     0.532     0.541
 4    -0.667     0.741     0.075
 4    -0.361    -0.409     0.837
 5    44.731   -10.367     1.483
 5     0.828    -0.275     0.489
 5    -0.549    -0.572     0.609
 5     0.112    -0.772    -0.625
 6    50.315   -10.825    -0.019
 6     0.984    -0.093    -0.153
 6     0.178     0.527     0.832
 6     0.004    -0.844     0.533
 7    46.527    -1.842    -2.305
 7     0.444     0.214    -0.870
 7    -0.154     0.975     0.160
 7     0.882     0.062     0.466
 8    43.669     5.446     1.281
 8     0.537     0.798     0.275
 8     0.761    -0.598     0.250
 8     0.363     0.074    -0.928
 9    43.929    10.718     1.322
 9     0.305     0.943     0.137
 9     0.778    -0.162    -0.608
 9    -0.549     0.292    -0.782
 2    36.397    -7.221    15.729
 2     0.960    -0.281    -0.003
 2     0.280     0.958     0.051
 2    -0.010    -0.052     0.998
 3    39.462     2.029    -2.240
 3     0.668    -0.406     0.624
 3     0.708     0.602    -0.368
 3    -0.227     0.687     0.689
 4    39.342    -6.960    -0.589
 4     0.657     0.524     0.543
 4    -0.661     0.745     0.081
 4    -0.362    -0.413     0.835
 5    44.757   -10.378     1.514
 5     0.834    -0.260     0.485
 5    -0.536    -0.584     0.609
 5     0.125    -0.769    -0.627
 6    50.358   -10.836     0.166
 6     0.984    -0.077    -0.162
 6     0.177     0.518     0.838
 6     0.020    -0.852     0.521
 7    46.474    -1.872    -2.298
 7     0.454     0.208    -0.867
 7    -0.153     0.976     0.153
 7     0.877     0.063     0.475
 8    43.695     5.273     1.329
 8     0.548     0.783     0.296
 8     0.736    -0.618     0.274
 8     0.397     0.067    -0.915
 9    44.140    10.668     1.651
 9     0.334     0.931     0.149
 9     0.797    -0.193    -0.573
 9    -0.504     0.310    -0.806
 2    36.394    -7.222    15.732
 2     0.960    -0.281    -0.002
 2     0.280     0.958     0.051
 2    -0.011    -0.051     0.998
 3    39.490     2.038    -2.264
 3     0.671    -0.417     0.614
 3     0.709     0.602    -0.367
 3    -0.217     0.681     0.698
 4    39.285    -6.945    -0.571
 4     0.646     0.534     0.546
 4    -0.670     0.739     0.070
 4    -0.366    -0.410     0.835
 5    44.674   -10.435     1.511
 5     0.829    -0.272     0.488
 5    -0.546    -0.580     0.604
 5     0.119    -0.767    -0.630
 6    50.252   -11.069     0.160
 6     0.988    -0.058    -0.143
 6     0.151     0.516     0.844
 6     0.024    -0.854     0.517
 7    46.490    -1.869    -2.293
 7     0.449     0.209    -0.869
 7    -0.154     0.976     0.154
 7     0.880     0.064     0.469
 8    43.594     5.335     1.376
 8     0.543     0.782     0.308
 8     0.745    -0.616     0.254
 8     0.387     0.090    -0.917
 9    44.134    10.647     1.647
 9     0.346     0.924     0.164
 9     0.787    -0.189    -0.588
 9    -0.511     0.332    -0.792
 2    36.397    -7.221    15.729
 2     0.960    -0.282    -0.003
 2     0.280     0.958     0.051
 2    -0.010    -0.052     0.998
 3    39.517     2.007    -2.270
 3     0.675    -0.423     0.605
 3     0.704     0.612    -0.359
 3    -0.220     0.667     0.710
 4    39.283    -6.992    -0.561
 4     0.641     0.539     0.547
 4    -0.678     0.730     0.075
 4    -0.359    -0.419     0.833
 5    44.624   -10.461     1.562
 5     0.829    -0.272     0.489
 5    -0.547    -0.580     0.604
 5     0.119    -0.767    -0.630
 6    50.242   -11.007     0.219
 6     0.986    -0.057    -0.157
 6     0.162     0.532     0.832
 6     0.036    -0.845     0.531
 7    46.480    -1.894    -2.289
 7     0.442     0.212    -0.872
 7    -0.157     0.975     0.156
 7     0.883     0.068     0.464
 8    43.522     5.580     1.359
 8     0.571     0.747     0.343
 8     0.758    -0.639     0.131
 8     0.316     0.184    -0.930
 9    44.632     9.777     1.123
 9     0.457     0.871     0.178
 9     0.613    -0.163    -0.773
 9    -0.644     0.463    -0.608
 2    36.397    -7.221    15.729
 2     0.960    -0.282    -0.003
 2     0.280     0.958     0.051
 2    -0.010    -0.052     0.998
 3    39.604     2.048    -2.279
 3     0.692    -0.417     0.590
 3     0.687     0.630    -0.362
 3    -0.221     0.655     0.721
 4    39.232    -6.918    -0.551
 4     0.638     0.537     0.552
 4    -0.680     0.729     0.076
 4    -0.361    -0.424     0.830
 5    44.590   -10.395     1.547
 5     0.833    -0.270     0.482
 5    -0.542    -0.570     0.618
 5     0.107    -0.776    -0.621
 6    50.234   -10.457     0.086
 6     0.972    -0.101    -0.212
 6     0.229     0.580     0.783
 6     0.044    -0.808     0.585
 7    46.497    -1.871    -2.231
 7     0.433     0.221    -0.874
 7    -0.164     0.972     0.164
 7     0.886     0.072     0.457
 8    43.494     5.833     1.443
 8     0.620     0.683     0.388
 8     0.739    -0.673     0.005
 8     0.264     0.282    -0.922
 9    45.490     8.386     0.940
 9     0.589     0.797     0.130
 9     0.368    -0.119    -0.923
 9    -0.719     0.592    -0.363
 2    36.397    -7.221    15.729
 2     0.960    -0.282    -0.003
 2     0.280     0.958     0.051
 2    -0.010    -0.052     0.998
 3    39.661     2.077    -2.251
 3     0.706    -0.414     0.575
 3     0.675     0.635    -0.374
 3    -0.211     0.652     0.727
 4    39.210    -6.866    -0.580
 4     0.639     0.536     0.552
 4    -0.679     0.729     0.079
 4    -0.360    -0.425     0.829
 5    44.559   -10.327     1.498
 5     0.841    -0.246     0.482
 5    -0.531    -0.547     0.648
 5     0.104    -0.800    -0.590
 6    50.319    -9.716     0.111
 6     0.943    -0.152    -0.300
 6     0.319     0.661     0.680
 6     0.095    -0.734     0.669
 7    46.494    -1.843    -2.234
 7     0.425     0.226    -0.877
 7    -0.166     0.971     0.169
 7     0.890     0.074     0.450
 8    43.289     6.277     1.377
 8     0.658     0.586     0.474
 8     0.722    -0.668    -0.177
 8     0.213     0.457    -0.862
 9    46.977     6.545     1.010
 9     0.753     0.658     0.018
 9    -0.022     0.057    -0.998
 9    -0.657     0.750     0.057
 2    36.397    -7.221    15.729
 2     0.960    -0.281    -0.003
 2     0.280     0.958     0.051
 2    -0.010    -0.052     0.998
 3    39.724     2.102    -2.255
 3     0.714    -0.412     0.567
 3     0.668     0.640    -0.378
 3    -0.208     0.648     0.732
 4    39.311    -6.846    -0.629
 4     0.655     0.527     0.543
 4    -0.672     0.734     0.098
 4    -0.347    -0.428     0.834
 5    44.706   -10.234     1.525
 5     0.853    -0.205     0.480
 5    -0.507    -0.544     0.669
 5     0.124    -0.813    -0.568
 6    50.467    -9.184     0.337
 6     0.918    -0.169    -0.362
 6     0.371     0.681     0.633
 6     0.140    -0.713     0.684
 7    46.518    -1.835    -2.210
 7     0.417     0.226    -0.880
 7    -0.161     0.971     0.173
 7     0.894     0.069     0.441
 8    43.481     6.552     1.263
 8     0.721     0.461     0.519
 8     0.671    -0.651    -0.354
 8     0.175     0.602    -0.778
 9    48.415     4.817     1.099
 9     0.804     0.570    -0.177
 9    -0.348     0.217    -0.912
 9    -0.481     0.792     0.371
 2    36.397    -7.221    15.729
 2     0.960    -0.281    -0.003
 2     0.280     0.958     0.052
 2    -0.010    -0.052     0.998
 3    39.845     2.094    -2.247
 3     0.735    -0.402     0.547
 3     0.646     0.658    -0.386
 3    -0.206     0.636     0.742
 4    39.351    -6.811    -0.684
 4     0.661     0.526     0.535
 4    -0.669     0.735     0.104
 4    -0.339    -0.427     0.838
 5    44.751   -10.172     1.573
 5     0.859    -0.179     0.479
 5    -0.493    -0.543     0.680
 5     0.139    -0.820    -0.554
 6    50.477    -8.423     0.632
 6     0.869    -0.254    -0.430
 6     0.443     0.778     0.445
 6     0.221    -0.574     0.786
 7    46.547    -1.830    -2.220
 7     0.406     0.233    -0.884
 7    -0.161     0.970     0.181
 7     0.899     0.069     0.431
 8    43.658     6.698     1.047
 8     0.767     0.362     0.531
 8     0.625    -0.608    -0.490
 8     0.145     0.707    -0.691
 9    49.322     3.648     1.230
 9     0.771     0.568    -0.296
 9    -0.567     0.404    -0.717
 9    -0.289     0.716     0.632
 2    36.397    -7.222    15.730
 2     0.960    -0.281    -0.003
 2     0.279     0.958     0.051
 2    -0.010    -0.052     0.998
 3    39.870     2.085    -2.227
 3     0.745    -0.394     0.539
 3     0.633     0.671    -0.386
 3    -0.210     0.628     0.748
 4    39.452    -6.815    -0.763
 4     0.678     0.516     0.524
 4    -0.659     0.742     0.123
 4    -0.325    -0.428     0.843
 5    44.884   -10.032     1.589
 5     0.869    -0.099     0.485
 5    -0.456    -0.540     0.707
 5     0.192    -0.836    -0.514
 6    50.468    -7.516     1.189
 6     0.797    -0.376    -0.479
 6     0.516     0.828     0.216
 6     0.313    -0.416     0.851
 7    46.561    -1.826    -2.207
 7     0.402     0.236    -0.885
 7    -0.159     0.969     0.186
 7     0.901     0.066     0.427
 8    43.909     6.733     0.792
 8     0.808     0.270     0.524
 8     0.575    -0.551    -0.605
 8     0.125     0.790    -0.600
 9    49.911     2.582     1.476
 9     0.692     0.622    -0.373
 9    -0.714     0.519    -0.465
 9    -0.098     0.585     0.803
 2    36.397    -7.221    15.729
 2     0.960    -0.281    -0.003
 2     0.280     0.958     0.051
 2    -0.010    -0.052     0.998
 3    39.886     2.045    -2.221
 3     0.755    -0.383     0.533
 3     0.618     0.685    -0.386
 3    -0.218     0.620     0.753
 4    39.569    -6.834    -0.863
 4     0.703     0.496     0.510
 4    -0.642     0.750     0.156
 4    -0.305    -0.437     0.845
 5    45.071    -9.749     1.741
 5     0.879    -0.023     0.476
 5    -0.406    -0.560     0.722
 5     0.250    -0.828    -0.502
 6    50.180    -6.333     1.794
 6     0.706    -0.562    -0.441
 6     0.591     0.801    -0.072
 6     0.389    -0.207     0.894
 7    46.568    -1.849    -2.214
 7     0.402     0.239    -0.884
 7    -0.158     0.969     0.189
 7     0.902     0.064     0.427
 8    44.196     6.656     0.680
 8     0.843     0.167     0.512
 8     0.520    -0.499    -0.693
 8     0.140     0.850    -0.507
 9    50.212     1.720     1.939
 9     0.587     0.707    -0.400
 9    -0.806     0.550    -0.210
 9     0.068     0.443     0.892
 2    36.397    -7.221    15.729
 2     0.960    -0.282    -0.003
 2     0.280     0.958     0.052
 2    -0.010    -0.052     0.998
 3    39.925     2.041    -2.219
 3     0.767    -0.375     0.521
 3     0.604     0.694    -0.391
 3    -0.216     0.614     0.758
 4    39.763    -6.825    -0.940
 4     0.729     0.474     0.495
 4    -0.623     0.758     0.192
 4    -0.284    -0.448     0.847
 5    45.338    -9.487     1.834
 5     0.885     0.058     0.461
 5    -0.347    -0.578     0.738
 5     0.309    -0.814    -0.491
 6    49.911    -5.388     2.322
 6     0.621    -0.707    -0.344
 6     0.641     0.706    -0.300
 6     0.451    -0.032     0.890
 7    46.586    -1.855    -2.181
 7     0.402     0.244    -0.883
 7    -0.164     0.967     0.192
 7     0.901     0.068     0.428
 8    44.583     6.500     0.643
 8     0.874     0.057     0.482
 8     0.452    -0.460    -0.764
 8     0.177     0.886    -0.428
 9    50.294     0.839     2.426
 9     0.467     0.815    -0.349
 9    -0.858     0.509     0.047
 9     0.212     0.275     0.936
 2    36.397    -7.221    15.729
 2     0.960    -0.282    -0.003
 2     0.280     0.958     0.052
 2    -0.010    -0.052     0.998
 3    40.129     2.051    -2.236
 3     0.784    -0.373     0.497
 3     0.588     0.701    -0.403
 3    -0.198     0.608     0.768
 4    40.038    -6.839    -1.070
 4     0.754     0.466     0.464
 4    -0.605     0.766     0.214
 4    -0.256    -0.442     0.859
 5    45.621    -9.163     1.898
 5     0.876     0.170     0.450
 5    -0.284    -0.573     0.768
 5     0.389    -0.801    -0.455
 6    49.651    -4.673     2.985
 6     0.536    -0.783    -0.319
 6     0.672     0.621    -0.402
 6     0.510     0.002     0.858
 7    46.732    -1.884    -2.109
 7     0.388     0.250    -0.887
 7    -0.172     0.965     0.196
 7     0.905     0.077     0.417
 8    44.951     6.299     0.876
 8     0.883    -0.065     0.464
 8     0.390    -0.448    -0.804
 8     0.260     0.891    -0.371
 9    50.222     0.240     3.193
 9     0.385     0.842    -0.381
 9    -0.875     0.462     0.141
 9     0.292     0.278     0.914
 2    36.397    -7.221    15.729
 2     0.960    -0.282    -0.003
 2     0.280     0.958     0.051
 2    -0.010    -0.052     0.998
 3    40.450     2.082    -2.253
 3     0.796    -0.394     0.462
 3     0.583     0.701    -0.409
 3    -0.162     0.594     0.787
 4    40.356    -6.805    -1.193
 4     0.766     0.480     0.427
 4    -0.603     0.766     0.222
 4    -0.220    -0.427     0.876
 5    45.762    -9.008     1.972
 5     0.848     0.240     0.473
 5    -0.264    -0.582     0.768
 5     0.460    -0.777    -0.431
 6    49.527    -4.474     3.558
 6     0.496    -0.803    -0.334
 6     0.672     0.596    -0.440
 6     0.549    -0.005     0.834
 7    46.925    -1.845    -2.067
 7     0.363     0.254    -0.897
 7    -0.168     0.964     0.205
 7     0.916     0.076     0.392
 8    45.260     6.194     1.062
 8     0.879    -0.150     0.453
 8     0.349    -0.444    -0.824
 8     0.324     0.883    -0.339
 9    50.146    -0.118     3.908
 9     0.335     0.852    -0.405
 9    -0.878     0.437     0.198
 9     0.342     0.289     0.893
 2    36.394    -7.222    15.732
 2     0.960    -0.281    -0.002
 2     0.280     0.958     0.051
 2    -0.011    -0.052     0.998
 3    40.639     2.182    -2.223
 3     0.801    -0.407     0.440
 3     0.582     0.697    -0.419
 3    -0.136     0.591     0.794
 4    40.591    -6.707    -1.265
 4     0.778     0.483     0.402
 4    -0.596     0.770     0.228
 4    -0.200    -0.417     0.886
 5    45.904    -8.849     2.002
 5     0.832     0.286     0.476
 5    -0.244    -0.582     0.775
 5     0.499    -0.761    -0.415
 6    49.570    -4.313     3.927
 6     0.482    -0.813    -0.329
 6     0.653     0.581    -0.486
 6     0.584     0.019     0.809
 7    47.004    -1.766    -2.033
 7     0.349     0.255    -0.902
 7    -0.170     0.963     0.206
 7     0.921     0.082     0.379
 8    45.423     6.020     1.269
 8     0.878    -0.196     0.438
 8     0.312    -0.461    -0.830
 8     0.364     0.865    -0.344
 9    50.113    -0.337     4.226
 9     0.325     0.860    -0.395
 9    -0.876     0.429     0.220
 9     0.356     0.274     0.892
 2    36.397    -7.221    15.729
 2     0.960    -0.281    -0.003
 2     0.280     0.958     0.051
 2    -0.010    -0.052     0.998
 3    40.753     2.275    -2.222
 3     0.802    -0.416     0.428
 3     0.584     0.691    -0.426
 3    -0.119     0.591     0.797
 4    40.644    -6.679    -1.333
 4     0.780     0.486     0.394
 4    -0.594     0.772     0.224
 4    -0.196    -0.408     0.891
 5    45.926    -8.785     1.977
 5     0.820     0.309     0.482
 5    -0.241    -0.578     0.779
 5     0.519    -0.755    -0.400
 6    49.544    -4.299     4.044
 6     0.479    -0.810    -0.341
 6     0.640     0.586    -0.498
 6     0.600     0.021     0.797
 7    47.036    -1.722    -2.002
 7     0.340     0.254    -0.906
 7    -0.178     0.963     0.202
 7     0.923     0.094     0.372
 8    45.438     6.042     1.395
 8     0.871    -0.218     0.440
 8     0.300    -0.473    -0.828
 8     0.388     0.854    -0.347
 9    50.063    -0.362     4.490
 9     0.323     0.853    -0.413
 9    -0.875     0.433     0.214
 9     0.359     0.291     0.885
 2    36.397    -7.221    15.729
 2     0.960    -0.281    -0.003
 2     0.280     0.958     0.052
 2    -0.010    -0.052     0.998
 3    40.799     2.337    -2.202
 3     0.801    -0.423     0.425
 3     0.588     0.685    -0.430
 3    -0.109     0.594     0.796
 4    40.701    -6.598    -1.352
 4     0.783     0.488     0.387
 4    -0.592     0.774     0.223
 4    -0.191    -0.403     0.894
 5    45.931    -8.779     1.958
 5     0.811     0.318     0.491
 5    -0.245    -0.577     0.778
 5     0.531    -0.752    -0.391
 6    49.562    -4.287     4.124
 6     0.474    -0.808    -0.353
 6     0.632     0.588    -0.504
 6     0.613     0.016     0.788
 7    47.055    -1.679    -1.980
 7     0.335     0.249    -0.909
 7    -0.185     0.963     0.195
 7     0.923     0.104     0.368
 8    45.405     6.046     1.482
 8     0.860    -0.235     0.454
 8     0.298    -0.490    -0.818
 8     0.414     0.839    -0.352
 9    49.949    -0.415     4.716
 9     0.325     0.843    -0.431
 9    -0.875     0.438     0.202
 9     0.357     0.311     0.879
 2    36.397    -7.222    15.730
 2     0.960    -0.281    -0.003
 2     0.279     0.958     0.051
 2    -0.010    -0.052     0.998
 3    40.824     2.402    -2.188
 3     0.797    -0.435     0.421
 3     0.596     0.677    -0.432
 3    -0.097     0.594     0.797
 4    40.799    -6.587    -1.362
 4     0.786     0.491     0.377
 4    -0.592     0.773     0.228
 4    -0.180    -0.402     0.897
 5    45.899    -8.740     1.970
 5     0.793     0.332     0.512
 5    -0.252    -0.587     0.769
 5     0.555    -0.739    -0.382
 6    49.477    -4.400     4.382
 6     0.469    -0.791    -0.399
 6     0.620     0.612    -0.491
 6     0.629    -0.017     0.775
 7    47.084    -1.683    -1.964
 7     0.331     0.246    -0.911
 7    -0.190     0.963     0.190
 7     0.924     0.110     0.365
 8    45.375     6.009     1.563
 8     0.845    -0.260     0.468
 8     0.291    -0.511    -0.808
 8     0.449     0.819    -0.357
 9    49.822    -0.417     5.038
 9     0.332     0.821    -0.469
 9    -0.874     0.451     0.177
 9     0.354     0.349     0.865
];