% Calibrated with leiden_pols
% Positions are in centimeters
Data =[
 2    36.397    -7.221    15.729
 2     0.960    -0.282    -0.003
 2     0.280     0.958     0.052
 2    -0.010    -0.052     0.998
 3    40.690     2.358    -2.332
 3     0.823    -0.377     0.425
 3     0.553     0.698    -0.455
 3    -0.126     0.609     0.782
 4    40.413    -6.461    -1.475
 4     0.781     0.458     0.425
 4    -0.575     0.791     0.206
 4    -0.242    -0.405     0.881
 5    45.806    -9.088     1.414
 5     0.859     0.195     0.473
 5    -0.323    -0.511     0.796
 5     0.397    -0.837    -0.376
 6    49.615    -4.401     2.712
 6     0.485    -0.839    -0.248
 6     0.665     0.536    -0.519
 6     0.567     0.087     0.818
 7    46.866    -1.717    -1.939
 7     0.331     0.265    -0.906
 7    -0.218     0.955     0.199
 7     0.918     0.132     0.373
 8    45.397     6.082     1.086
 8     0.890    -0.144     0.433
 8     0.324    -0.469    -0.821
 8     0.320     0.872    -0.371
 9    49.973    -0.529     3.533
 9     0.301     0.862    -0.411
 9    -0.904     0.393     0.168
 9     0.304     0.319     0.896
 2    36.397    -7.221    15.729
 2     0.960    -0.281    -0.003
 2     0.280     0.958     0.052
 2    -0.010    -0.052     0.998
 3    40.787     2.366    -2.330
 3     0.824    -0.383     0.418
 3     0.553     0.697    -0.455
 3    -0.117     0.606     0.786
 4    40.497    -6.429    -1.497
 4     0.785     0.458     0.417
 4    -0.572     0.793     0.207
 4    -0.236    -0.401     0.885
 5    45.884    -9.088     1.445
 5     0.858     0.188     0.478
 5    -0.327    -0.518     0.790
 5     0.396    -0.834    -0.384
 6    49.822    -4.500     2.680
 6     0.519    -0.814    -0.265
 6     0.649     0.574    -0.499
 6     0.556     0.088     0.825
 7    46.883    -1.688    -1.940
 7     0.324     0.262    -0.909
 7    -0.216     0.956     0.197
 7     0.921     0.133     0.366
 8    45.249     5.994     1.276
 8     0.873    -0.079     0.481
 8     0.362    -0.555    -0.748
 8     0.326     0.828    -0.457
 9    49.991    -0.263     3.287
 9     0.426     0.819    -0.389
 9    -0.893     0.448    -0.030
 9     0.146     0.358     0.921
 2    36.397    -7.221    15.729
 2     0.960    -0.281    -0.003
 2     0.280     0.958     0.052
 2    -0.010    -0.052     0.998
 3    40.813     2.378    -2.368
 3     0.825    -0.388     0.413
 3     0.555     0.690    -0.463
 3    -0.105     0.610     0.784
 4    40.443    -6.434    -1.459
 4     0.781     0.462     0.421
 4    -0.577     0.790     0.204
 4    -0.239    -0.402     0.883
 5    45.715    -9.120     1.677
 5     0.864     0.076     0.497
 5    -0.369    -0.577     0.728
 5     0.342    -0.813    -0.472
 6    50.596    -5.689     2.192
 6     0.691    -0.579    -0.440
 6     0.554     0.808    -0.195
 6     0.465    -0.106     0.877
 7    46.852    -1.716    -1.931
 7     0.325     0.264    -0.909
 7    -0.217     0.955     0.199
 7     0.920     0.133     0.367
 8    45.026     5.738     1.531
 8     0.862     0.081     0.500
 8     0.411    -0.689    -0.597
 8     0.296     0.720    -0.627
 9    49.848     0.254     2.536
 9     0.560     0.782    -0.277
 9    -0.817     0.467    -0.336
 9    -0.136     0.412     0.901
 2    36.397    -7.221    15.729
 2     0.960    -0.281    -0.003
 2     0.280     0.958     0.052
 2    -0.010    -0.052     0.998
 3    40.782     2.378    -2.369
 3     0.823    -0.387     0.418
 3     0.558     0.686    -0.466
 3    -0.106     0.616     0.780
 4    40.285    -6.431    -1.348
 4     0.767     0.469     0.438
 4    -0.588     0.786     0.188
 4    -0.256    -0.401     0.879
 5    45.629    -9.369     1.568
 5     0.874    -0.034     0.484
 5    -0.416    -0.567     0.711
 5     0.250    -0.823    -0.510
 6    50.761    -6.405     1.088
 6     0.767    -0.466    -0.448
 6     0.572     0.805     0.149
 6     0.288    -0.368     0.881
 7    46.855    -1.715    -1.954
 7     0.326     0.268    -0.907
 7    -0.217     0.954     0.203
 7     0.920     0.130     0.369
 8    44.983     5.286     1.689
 8     0.858     0.205     0.471
 8     0.429    -0.791    -0.437
 8     0.282     0.577    -0.766
 9    49.371     1.078     1.904
 9     0.635     0.747    -0.199
 9    -0.654     0.387    -0.648
 9    -0.409     0.540     0.735
 2    36.397    -7.221    15.729
 2     0.960    -0.282    -0.003
 2     0.280     0.958     0.052
 2    -0.010    -0.052     0.998
 3    40.781     2.304    -2.452
 3     0.822    -0.386     0.420
 3     0.560     0.681    -0.472
 3    -0.105     0.622     0.775
 4    40.151    -6.523    -1.180
 4     0.763     0.455     0.460
 4    -0.585     0.787     0.192
 4    -0.275    -0.415     0.867
 5    45.636    -9.430     1.564
 5     0.888    -0.170     0.428
 5    -0.439    -0.591     0.676
 5     0.138    -0.788    -0.599
 6    50.733    -7.141     0.027
 6     0.835    -0.411    -0.374
 6     0.544     0.709     0.448
 6     0.079    -0.573     0.812
 7    46.867    -1.729    -2.010
 7     0.330     0.270    -0.905
 7    -0.207     0.955     0.209
 7     0.921     0.118     0.371
 8    45.039     4.802     1.753
 8     0.860     0.290     0.419
 8     0.430    -0.853    -0.294
 8     0.272     0.433    -0.859
 9    48.784     2.061     1.585
 9     0.665     0.729    -0.166
 9    -0.437     0.204    -0.875
 9    -0.606     0.652     0.455
 2    36.397    -7.221    15.729
 2     0.960    -0.281    -0.003
 2     0.280     0.958     0.052
 2    -0.010    -0.052     0.998
 3    40.794     2.309    -2.497
 3     0.825    -0.384     0.417
 3     0.557     0.678    -0.479
 3    -0.099     0.626     0.772
 4    39.982    -6.532    -1.044
 4     0.738     0.473     0.481
 4    -0.605     0.779     0.162
 4    -0.298    -0.411     0.861
 5    45.560    -9.519     1.486
 5     0.884    -0.187     0.427
 5    -0.450    -0.585     0.675
 5     0.124    -0.789    -0.602
 6    50.906    -7.896     0.078
 6     0.877    -0.291    -0.388
 6     0.477     0.623     0.621
 6     0.061    -0.726     0.681
 7    46.868    -1.693    -2.074
 7     0.338     0.274    -0.901
 7    -0.195     0.956     0.217
 7     0.920     0.102     0.376
 8    44.998     4.651     1.711
 8     0.853     0.352     0.386
 8     0.448    -0.873    -0.195
 8     0.268     0.338    -0.902
 9    48.099     3.209     1.279
 9     0.655     0.749    -0.103
 9    -0.227     0.070    -0.971
 9    -0.720     0.658     0.217
 2    36.397    -7.221    15.729
 2     0.960    -0.282    -0.003
 2     0.280     0.958     0.052
 2    -0.010    -0.052     0.998
 3    40.738     2.308    -2.517
 3     0.822    -0.385     0.419
 3     0.559     0.678    -0.477
 3    -0.101     0.626     0.772
 4    39.856    -6.613    -0.926
 4     0.710     0.498     0.499
 4    -0.631     0.764     0.135
 4    -0.314    -0.410     0.856
 5    45.424    -9.731     1.487
 5     0.878    -0.219     0.426
 5    -0.466    -0.595     0.655
 5     0.110    -0.774    -0.624
 6    50.825    -8.873    -0.041
 6     0.928    -0.216    -0.308
 6     0.373     0.535     0.759
 6     0.002    -0.816     0.573
 7    46.866    -1.706    -2.116
 7     0.348     0.270    -0.898
 7    -0.184     0.958     0.216
 7     0.919     0.090     0.383
 8    44.946     4.621     1.589
 8     0.832     0.433     0.348
 8     0.494    -0.862    -0.111
 8     0.251     0.263    -0.931
 9    47.300     4.458     0.954
 9     0.602     0.798    -0.034
 9    -0.031    -0.014    -0.999
 9    -0.798     0.602     0.017
 2    36.397    -7.222    15.730
 2     0.960    -0.281    -0.003
 2     0.279     0.958     0.051
 2    -0.010    -0.052     0.998
 3    40.629     2.246    -2.529
 3     0.817    -0.383     0.432
 3     0.565     0.680    -0.467
 3    -0.115     0.625     0.771
 4    39.684    -6.690    -0.785
 4     0.684     0.514     0.518
 4    -0.651     0.750     0.115
 4    -0.329    -0.415     0.847
 5    45.206    -9.896     1.458
 5     0.870    -0.242     0.429
 5    -0.483    -0.590     0.646
 5     0.097    -0.770    -0.631
