% Calibrated with leiden_pols
% Positions are in centimeters
Data =[
 2    36.397    -7.221    15.729
 2     0.960    -0.281    -0.003
 2     0.280     0.958     0.051
 2    -0.010    -0.052     0.998
 3    41.980     3.152    -2.276
 3     0.703    -0.688     0.180
 3     0.669     0.556    -0.493
 3     0.239     0.466     0.851
 4    42.531    -6.863    -2.040
 4     0.651     0.756     0.059
 4    -0.710     0.580     0.400
 4     0.268    -0.303     0.914
 5    44.731    -7.456     2.697
 5     0.455     0.289     0.843
 5    -0.117    -0.919     0.376
 5     0.882    -0.269    -0.384
 6    47.633    -8.197     7.719
 6     0.200     0.356    -0.913
 6    -0.033     0.933     0.356
 6     0.979    -0.041     0.198
 7    47.481    -1.601    -1.977
 7     0.316     0.226    -0.922
 7    -0.148     0.971     0.187
 7     0.937     0.078     0.339
 8    43.620     5.785     2.214
 8     0.365    -0.397     0.843
 8     0.310    -0.802    -0.509
 8     0.878     0.446    -0.170
 9    48.092     5.486     9.092
 9     0.339    -0.342    -0.877
 9    -0.009     0.930    -0.365
 9     0.941     0.131     0.312
 2    36.397    -7.221    15.729
 2     0.960    -0.282    -0.003
 2     0.280     0.958     0.051
 2    -0.010    -0.052     0.998
 3    41.981     3.151    -2.275
 3     0.705    -0.687     0.179
 3     0.668     0.557    -0.493
 3     0.239     0.466     0.851
 4    42.560    -6.861    -2.046
 4     0.651     0.757     0.058
 4    -0.709     0.579     0.401
 4     0.270    -0.303     0.914
 5    44.761    -7.455     2.715
 5     0.455     0.289     0.843
 5    -0.117    -0.919     0.376
 5     0.883    -0.269    -0.384
 6    47.632    -8.195     7.718
 6     0.201     0.356    -0.913
 6    -0.032     0.933     0.356
 6     0.979    -0.041     0.199
 7    47.481    -1.600    -1.977
 7     0.317     0.225    -0.922
 7    -0.148     0.971     0.186
 7     0.937     0.078     0.340
 8    43.614     5.783     2.219
 8     0.365    -0.396     0.843
 8     0.310    -0.803    -0.509
 8     0.877     0.446    -0.171
 9    48.068     5.486     9.092
 9     0.338    -0.342    -0.877
 9    -0.009     0.931    -0.365
 9     0.941     0.130     0.312
 2    36.397    -7.221    15.729
 2     0.960    -0.281    -0.003
 2     0.280     0.958     0.051
 2    -0.010    -0.052     0.998
 3    41.978     3.150    -2.273
 3     0.705    -0.686     0.180
 3     0.667     0.557    -0.494
 3     0.238     0.468     0.851
 4    42.593    -6.879    -2.058
 4     0.657     0.752     0.057
 4    -0.703     0.582     0.408
 4     0.273    -0.308     0.911
 5    44.786    -7.573     2.324
 5     0.386     0.292     0.876
 5    -0.149    -0.917     0.370
 5     0.910    -0.272    -0.309
 6    47.445    -8.243     7.727
 6     0.196     0.352    -0.916
 6    -0.031     0.935     0.352
 6     0.980    -0.040     0.193
 7    47.481    -1.600    -1.977
 7     0.317     0.225    -0.922
 7    -0.148     0.971     0.185
 7     0.937     0.078     0.340
 8    43.398     5.906     2.083
 8     0.309    -0.391     0.868
 8     0.338    -0.808    -0.482
 8     0.889     0.441    -0.117
 9    47.774     5.662     9.063
 9     0.339    -0.373    -0.865
 9    -0.010     0.917    -0.398
 9     0.940     0.142     0.307
 2    36.397    -7.221    15.729
 2     0.960    -0.282    -0.003
 2     0.280     0.958     0.051
 2    -0.010    -0.052     0.998
 3    42.007     3.142    -2.377
 3     0.697    -0.693     0.184
 3     0.671     0.540    -0.509
 3     0.253     0.478     0.841
 4    42.833    -6.862    -2.159
 4     0.665     0.746     0.033
 4    -0.679     0.586     0.441
 4     0.310    -0.316     0.897
 5    44.539    -7.905     1.699
 5     0.226     0.395     0.891
 5    -0.166    -0.885     0.433
 5     0.960    -0.245    -0.134
 6    46.249    -8.355     7.536
 6     0.038     0.238    -0.970
 6    -0.022     0.971     0.237
 6     0.999     0.011     0.042
 7    47.492    -1.566    -1.975
 7     0.312     0.207    -0.927
 7    -0.141     0.975     0.170
 7     0.939     0.078     0.333
 8    42.473     6.353     1.754
 8     0.190    -0.390     0.901
 8     0.425    -0.795    -0.432
 8     0.885     0.464     0.015
 9    46.421     6.035     8.686
 9     0.263    -0.364    -0.894
 9    -0.042     0.921    -0.387
 9     0.964     0.139     0.226
 2    36.397    -7.221    15.729
 2     0.960    -0.282    -0.003
 2     0.280     0.958     0.051
 2    -0.010    -0.052     0.998
 3    41.970     3.132    -2.454
 3     0.676    -0.713     0.188
 3     0.689     0.521    -0.504
 3     0.261     0.470     0.843
 4    42.878    -6.902    -2.184
 4     0.653     0.757     0.030
 4    -0.683     0.571     0.455
 4     0.327    -0.318     0.890
 5    43.904    -8.166     1.226
 5     0.072     0.403     0.912
 5    -0.182    -0.894     0.409
 5     0.981    -0.194     0.009
 6    43.901    -9.541     7.737
 6    -0.095     0.226    -0.969
 6    -0.021     0.973     0.229
 6     0.995     0.041    -0.088
 7    47.484    -1.558    -1.984
 7     0.307     0.190    -0.933
 7    -0.138     0.978     0.153
 7     0.942     0.082     0.326
 8    41.380     6.568     1.390
 8    -0.008    -0.448     0.894
 8     0.474    -0.789    -0.390
 8     0.880     0.420     0.219
 9    44.808     6.335     8.070
 9     0.116    -0.367    -0.923
 9    -0.041     0.926    -0.374
 9     0.992     0.081     0.093
 2    36.397    -7.222    15.730
 2     0.960    -0.281    -0.003
 2     0.279     0.958     0.051
 2    -0.010    -0.052     0.998
 3    41.917     3.135    -2.576
 3     0.638    -0.745     0.198
 3     0.719     0.483    -0.499
 3     0.275     0.460     0.844
 4    43.021    -6.950    -2.236
 4     0.645     0.764     0.022
 4    -0.687     0.566     0.455
 4     0.335    -0.309     0.890
 5    43.137    -8.655     0.991
 5    -0.074     0.411     0.909
 5    -0.201    -0.899     0.390
 5     0.977    -0.153     0.149
 6    42.089    -9.898     7.902
 6    -0.223     0.214    -0.951
 6    -0.024     0.974     0.225
 6     0.974     0.073    -0.212
 7    47.515    -1.491    -2.016
 7     0.294     0.163    -0.942
 7    -0.128     0.983     0.130
 7     0.947     0.083     0.310
 8    40.232     6.449     1.059
 8    -0.219    -0.431     0.875
 8     0.494    -0.822    -0.282
 8     0.841     0.371     0.393
 9    45.020     5.985     8.514
 9    -0.021    -0.457    -0.889
 9    -0.008     0.889    -0.457
 9     1.000    -0.004    -0.022
 2    36.397    -7.222    15.730
 2     0.960    -0.281    -0.003
 2     0.279     0.958     0.051
 2    -0.010    -0.052     0.998
 3    42.010     3.192    -2.734
 3     0.598    -0.779     0.189
 3     0.745     0.453    -0.489
 3     0.295     0.433     0.851
 4    43.159    -6.901    -2.314
 4     0.631     0.776     0.007
 4    -0.696     0.561     0.448
 4     0.343    -0.288     0.894
 5    42.472    -8.836     0.944
 5    -0.192     0.397     0.897
 5    -0.191    -0.912     0.363
 5     0.963    -0.102     0.250
 6    39.668    -6.936     6.355
 6    -0.320     0.208    -0.924
 6     0.000     0.975     0.219
 6     0.947     0.069    -0.312
 7    47.591    -1.395    -2.046
 7     0.274     0.139    -0.952
 7    -0.117     0.987     0.110
 7     0.954     0.082     0.286
 8    39.330     6.203     0.768
 8    -0.381    -0.433     0.817
 8     0.470    -0.851    -0.232
 8     0.796     0.296     0.527
 9    40.931     7.002     8.125
 9    -0.146    -0.459    -0.876
 9     0.005     0.885    -0.465
 9     0.989    -0.073    -0.128
 2    36.397    -7.221    15.729
 2     0.960    -0.281    -0.003
 2     0.280     0.958     0.051
 2    -0.010    -0.052     0.998
 3    41.993     3.246    -2.854
 3     0.557    -0.811     0.182
 3     0.770     0.421    -0.479
 3     0.311     0.406     0.859
 4    43.270    -6.925    -2.385
 4     0.624     0.781    -0.002
 4    -0.699     0.559     0.446
 4     0.349    -0.278     0.895
 5    41.975    -8.944     0.886
 5    -0.281     0.384     0.880
 5    -0.171    -0.922     0.347
 5     0.944    -0.053     0.324
