% Calibrated with leiden_pols
% Positions are in centimeters
Data =[
 2    36.397    -7.221    15.729
 2     0.960    -0.281    -0.003
 2     0.280     0.958     0.051
 2    -0.010    -0.052     0.998
 3    41.980     3.152    -2.276
 3     0.703    -0.688     0.180
 3     0.669     0.556    -0.493
 3     0.239     0.466     0.851
 4    42.531    -6.863    -2.040
 4     0.651     0.756     0.059
 4    -0.710     0.580     0.400
 4     0.268    -0.303     0.914
 5    44.731    -7.456     2.697
 5     0.455     0.289     0.843
 5    -0.117    -0.919     0.376
 5     0.882    -0.269    -0.384
 6    47.633    -8.197     7.719
 6     0.200     0.356    -0.913
 6    -0.033     0.933     0.356
 6     0.979    -0.041     0.198
 7    47.481    -1.601    -1.977
 7     0.316     0.226    -0.922
 7    -0.148     0.971     0.187
 7     0.937     0.078     0.339
 8    43.620     5.785     2.214
 8     0.365    -0.397     0.843
 8     0.310    -0.802    -0.509
 8     0.878     0.446    -0.170
 9    48.092     5.486     9.092
 9     0.339    -0.342    -0.877
 9    -0.009     0.930    -0.365
 9     0.941     0.131     0.312
 2    36.397    -7.221    15.729
 2     0.960    -0.282    -0.003
 2     0.280     0.958     0.051
 2    -0.010    -0.052     0.998
 3    41.981     3.151    -2.275
 3     0.705    -0.687     0.179
 3     0.668     0.557    -0.493
 3     0.239     0.466     0.851
 4    42.560    -6.861    -2.046
 4     0.651     0.757     0.058
 4    -0.709     0.579     0.401
 4     0.270    -0.303     0.914
 5    44.761    -7.455     2.715
 5     0.455     0.289     0.843
 5    -0.117    -0.919     0.376
 5     0.883    -0.269    -0.384
 6    47.632    -8.195     7.718
 6     0.201     0.356    -0.913
 6    -0.032     0.933     0.356
 6     0.979    -0.041     0.199
 7    47.481    -1.600    -1.977
 7     0.317     0.225    -0.922
 7    -0.148     0.971     0.186
 7     0.937     0.078     0.340
 8    43.614     5.783     2.219
 8     0.365    -0.396     0.843
 8     0.310    -0.803    -0.509
 8     0.877     0.446    -0.171
 9    48.068     5.486     9.092
 9     0.338    -0.342    -0.877
 9    -0.009     0.931    -0.365
 9     0.941     0.130     0.312
 2    36.397    -7.221    15.729
 2     0.960    -0.281    -0.003
 2     0.280     0.958     0.051
 2    -0.010    -0.052     0.998
 3    41.978     3.150    -2.273
 3     0.705    -0.686     0.180
 3     0.667     0.557    -0.494
 3     0.238     0.468     0.851
 4    42.593    -6.879    -2.058
 4     0.657     0.752     0.057
 4    -0.703     0.582     0.408
 4     0.273    -0.308     0.911
 5    44.786    -7.573     2.324
 5     0.386     0.292     0.876
 5    -0.149    -0.917     0.370
 5     0.910    -0.272    -0.309
 6    47.445    -8.243     7.727
 6     0.196     0.352    -0.916
 6    -0.031     0.935     0.352
 6     0.980    -0.040     0.193
 7    47.481    -1.600    -1.977
 7     0.317     0.225    -0.922
 7    -0.148     0.971     0.185
 7     0.937     0.078     0.340
 8    43.398     5.906     2.083
 8     0.309    -0.391     0.868
 8     0.338    -0.808    -0.482
 8     0.889     0.441    -0.117
 9    47.774     5.662     9.063
 9     0.339    -0.373    -0.865
 9    -0.010     0.917    -0.398
 9     0.940     0.142     0.307
 2    36.397    -7.221    15.729
 2     0.960    -0.282    -0.003
 2     0.280     0.958     0.051
 2    -0.010    -0.052     0.998
 3    42.007     3.142    -2.377
 3     0.697    -0.693     0.184
 3     0.671     0.540    -0.509
 3     0.253     0.478     0.841
 4    42.833    -6.862    -2.159
 4     0.665     0.746     0.033
 4    -0.679     0.586     0.441
 4     0.310    -0.316     0.897
 5    44.539    -7.905     1.699
 5     0.226     0.395     0.891
 5    -0.166    -0.885     0.433
 5     0.960    -0.245    -0.134
 6    46.249    -8.355     7.536
 6     0.038     0.238    -0.970
 6    -0.022     0.971     0.237
 6     0.999     0.011     0.042
 7    47.492    -1.566    -1.975
 7     0.312     0.207    -0.927
 7    -0.141     0.975     0.170
 7     0.939     0.078     0.333
 8    42.473     6.353     1.754
 8     0.190    -0.390     0.901
 8     0.425    -0.795    -0.432
 8     0.885     0.464     0.015
 9    46.421     6.035     8.686
 9     0.263    -0.364    -0.894
 9    -0.042     0.921    -0.387
 9     0.964     0.139     0.226
 2    36.397    -7.221    15.729
 2     0.960    -0.282    -0.003
 2     0.280     0.958     0.051
 2    -0.010    -0.052     0.998
 3    41.970     3.132    -2.454
 3     0.676    -0.713     0.188
 3     0.689     0.521    -0.504
 3     0.261     0.470     0.843
 4    42.878    -6.902    -2.184
 4     0.653     0.757     0.030
 4    -0.683     0.571     0.455
 4     0.327    -0.318     0.890
 5    43.904    -8.166     1.226
 5     0.072     0.403     0.912
 5    -0.182    -0.894     0.409
 5     0.981    -0.194     0.009
 6    43.901    -9.541     7.737
 6    -0.095     0.226    -0.969
 6    -0.021     0.973     0.229
 6     0.995     0.041    -0.088
 7    47.484    -1.558    -1.984
 7     0.307     0.190    -0.933
 7    -0.138     0.978     0.153
 7     0.942     0.082     0.326
 8    41.380     6.568     1.390
 8    -0.008    -0.448     0.894
 8     0.474    -0.789    -0.390
 8     0.880     0.420     0.219
 9    44.808     6.335     8.070
 9     0.116    -0.367    -0.923
 9    -0.041     0.926    -0.374
 9     0.992     0.081     0.093
 2    36.397    -7.222    15.730
 2     0.960    -0.281    -0.003
 2     0.279     0.958     0.051
 2    -0.010    -0.052     0.998
 3    41.917     3.135    -2.576
 3     0.638    -0.745     0.198
 3     0.719     0.483    -0.499
 3     0.275     0.460     0.844
 4    43.021    -6.950    -2.236
 4     0.645     0.764     0.022
 4    -0.687     0.566     0.455
 4     0.335    -0.309     0.890
 5    43.137    -8.655     0.991
 5    -0.074     0.411     0.909
 5    -0.201    -0.899     0.390
 5     0.977    -0.153     0.149
 6    42.089    -9.898     7.902
 6    -0.223     0.214    -0.951
 6    -0.024     0.974     0.225
 6     0.974     0.073    -0.212
 7    47.515    -1.491    -2.016
 7     0.294     0.163    -0.942
 7    -0.128     0.983     0.130
 7     0.947     0.083     0.310
 8    40.232     6.449     1.059
 8    -0.219    -0.431     0.875
 8     0.494    -0.822    -0.282
 8     0.841     0.371     0.393
 9    45.020     5.985     8.514
 9    -0.021    -0.457    -0.889
 9    -0.008     0.889    -0.457
 9     1.000    -0.004    -0.022
 2    36.397    -7.222    15.730
 2     0.960    -0.281    -0.003
 2     0.279     0.958     0.051
 2    -0.010    -0.052     0.998
 3    42.010     3.192    -2.734
 3     0.598    -0.779     0.189
 3     0.745     0.453    -0.489
 3     0.295     0.433     0.851
 4    43.159    -6.901    -2.314
 4     0.631     0.776     0.007
 4    -0.696     0.561     0.448
 4     0.343    -0.288     0.894
 5    42.472    -8.836     0.944
 5    -0.192     0.397     0.897
 5    -0.191    -0.912     0.363
 5     0.963    -0.102     0.250
 6    39.668    -6.936     6.355
 6    -0.320     0.208    -0.924
 6     0.000     0.975     0.219
 6     0.947     0.069    -0.312
 7    47.591    -1.395    -2.046
 7     0.274     0.139    -0.952
 7    -0.117     0.987     0.110
 7     0.954     0.082     0.286
 8    39.330     6.203     0.768
 8    -0.381    -0.433     0.817
 8     0.470    -0.851    -0.232
 8     0.796     0.296     0.527
 9    40.931     7.002     8.125
 9    -0.146    -0.459    -0.876
 9     0.005     0.885    -0.465
 9     0.989    -0.073    -0.128
 2    36.397    -7.221    15.729
 2     0.960    -0.281    -0.003
 2     0.280     0.958     0.051
 2    -0.010    -0.052     0.998
 3    41.993     3.246    -2.854
 3     0.557    -0.811     0.182
 3     0.770     0.421    -0.479
 3     0.311     0.406     0.859
 4    43.270    -6.925    -2.385
 4     0.624     0.781    -0.002
 4    -0.699     0.559     0.446
 4     0.349    -0.278     0.895
 5    41.975    -8.944     0.886
 5    -0.281     0.384     0.880
 5    -0.171    -0.922     0.347
 5     0.944    -0.053     0.324
 6    38.671    -6.740     6.120
 6    -0.388     0.213    -0.897
 6     0.036     0.976     0.216
 6     0.921     0.051    -0.386
 7    47.597    -1.352    -2.070
 7     0.265     0.115    -0.957
 7    -0.107     0.990     0.089
 7     0.958     0.079     0.274
 8    38.649     5.979     0.535
 8    -0.480    -0.425     0.768
 8     0.451    -0.870    -0.199
 8     0.752     0.251     0.608
 9    39.440     6.874     7.846
 9    -0.248    -0.444    -0.861
 9     0.015     0.887    -0.462
 9     0.969    -0.127    -0.213
 2    36.397    -7.221    15.729
 2     0.960    -0.282    -0.003
 2     0.280     0.958     0.051
 2    -0.010    -0.052     0.998
 3    41.914     3.216    -2.952
 3     0.519    -0.838     0.170
 3     0.792     0.396    -0.464
 3     0.321     0.375     0.869
 4    43.336    -6.948    -2.442
 4     0.614     0.789    -0.017
 4    -0.703     0.556     0.443
 4     0.358    -0.260     0.896
 5    41.383    -9.073     0.777
 5    -0.369     0.366     0.854
 5    -0.170    -0.930     0.325
 5     0.914    -0.026     0.405
 6    37.506    -6.819     5.876
 6    -0.464     0.201    -0.863
 6     0.038     0.977     0.207
 6     0.885     0.062    -0.461
 7    47.575    -1.309    -2.106
 7     0.258     0.103    -0.961
 7    -0.096     0.992     0.081
 7     0.961     0.072     0.266
 8    38.269     5.943     0.315
 8    -0.537    -0.437     0.722
 8     0.438    -0.875    -0.203
 8     0.720     0.207     0.661
 9    38.471     6.716     7.602
 9    -0.312    -0.415    -0.855
 9     0.000     0.899    -0.437
 9     0.950    -0.136    -0.281
 2    36.397    -7.221    15.729
 2     0.960    -0.282    -0.003
 2     0.280     0.958     0.051
 2    -0.010    -0.052     0.998
 3    41.897     3.200    -3.030
 3     0.498    -0.853     0.157
 3     0.804     0.385    -0.452
 3     0.324     0.351     0.878
 4    43.298    -6.953    -2.531
 4     0.598     0.801    -0.019
 4    -0.715     0.543     0.440
 4     0.363    -0.250     0.897
 5    40.843    -9.146     0.669
 5    -0.444     0.345     0.827
 5    -0.171    -0.938     0.300
 5     0.879    -0.009     0.475
 6    36.403    -6.836     5.508
 6    -0.528     0.190    -0.828
 6     0.048     0.980     0.194
 6     0.848     0.062    -0.526
 7    47.590    -1.268    -2.164
 7     0.258     0.100    -0.961
 7    -0.084     0.993     0.081
 7     0.962     0.059     0.264
 8    37.890     5.826     0.080
 8    -0.594    -0.432     0.678
 8     0.428    -0.884    -0.188
 8     0.680     0.179     0.710
 9    39.504     5.174     7.985
 9    -0.379    -0.391    -0.838
 9    -0.004     0.907    -0.422
 9     0.925    -0.157    -0.345
 2    36.397    -7.221    15.729
 2     0.960    -0.282    -0.003
 2     0.280     0.958     0.051
 2    -0.010    -0.052     0.998
 3    41.922     3.132    -3.138
 3     0.466    -0.875     0.134
 3     0.823     0.373    -0.427
 3     0.323     0.309     0.894
 4    43.319    -6.959    -2.616
 4     0.571     0.821    -0.037
 4    -0.731     0.527     0.433
 4     0.374    -0.221     0.900
 5    40.344    -9.145     0.540
 5    -0.525     0.309     0.793
 5    -0.168    -0.951     0.260
 5     0.834     0.002     0.550
 6    35.341    -6.838     5.060
 6    -0.592     0.188    -0.784
 6     0.058     0.979     0.192
 6     0.804     0.068    -0.591
 7    47.642    -1.295    -2.198
 7     0.243     0.097    -0.965
 7    -0.071     0.994     0.082
 7     0.967     0.048     0.248
 8    37.543     5.585    -0.160
 8    -0.654    -0.400     0.643
 8     0.409    -0.901    -0.143
 8     0.636     0.170     0.752
 9    38.761     4.900     7.582
 9    -0.429    -0.402    -0.809
 9    -0.014     0.898    -0.439
 9     0.903    -0.177    -0.391
 2    36.397    -7.221    15.729
 2     0.960    -0.282    -0.003
 2     0.280     0.958     0.051
 2    -0.010    -0.052     0.998
 3    41.970     3.068    -3.175
 3     0.427    -0.897     0.115
 3     0.844     0.349    -0.406
 3     0.323     0.270     0.906
 4    43.518    -6.982    -2.667
 4     0.554     0.830    -0.065
 4    -0.736     0.524     0.428
 4     0.388    -0.190     0.901
 5    40.151    -9.184     0.406
 5    -0.583     0.290     0.759
 5    -0.174    -0.957     0.232
 5     0.794     0.003     0.608
 6    34.761    -7.030     4.731
 6    -0.641     0.178    -0.746
 6     0.040     0.979     0.199
 6     0.766     0.098    -0.635
 7    47.753    -1.244    -2.231
 7     0.222     0.080    -0.972
 7    -0.060     0.996     0.068
 7     0.973     0.043     0.226
 8    37.200     5.432    -0.432
 8    -0.704    -0.380     0.600
 8     0.409    -0.907    -0.093
 8     0.580     0.180     0.794
 9    37.996     4.924     7.109
 9    -0.478    -0.397    -0.784
 9    -0.005     0.893    -0.449
 9     0.878    -0.211    -0.429
 2    36.397    -7.221    15.729
 2     0.960    -0.282    -0.003
 2     0.280     0.958     0.052
 2    -0.010    -0.052     0.998
 3    41.986     3.051    -3.203
 3     0.390    -0.916     0.095
 3     0.863     0.327    -0.384
 3     0.320     0.232     0.918
 4    43.694    -6.933    -2.766
 4     0.546     0.834    -0.089
 4    -0.740     0.528     0.416
 4     0.393    -0.162     0.905
 5    39.975    -9.279     0.181
 5    -0.635     0.292     0.715
 5    -0.206    -0.956     0.207
 5     0.744    -0.016     0.667
 6    35.079   -10.444     5.979
 6    -0.705     0.140    -0.695
 6    -0.012     0.978     0.210
 6     0.709     0.156    -0.688
 7    47.833    -1.170    -2.258
 7     0.204     0.060    -0.977
 7    -0.051     0.997     0.050
 7     0.978     0.039     0.206
 8    36.806     5.277    -0.676
 8    -0.751    -0.365     0.551
 8     0.407    -0.912    -0.049
 8     0.520     0.188     0.833
 9    35.162     6.357     5.807
 9    -0.531    -0.379    -0.758
 9     0.004     0.893    -0.449
 9     0.847    -0.241    -0.473
 2    36.397    -7.221    15.729
 2     0.960    -0.282    -0.003
 2     0.280     0.958     0.051
 2    -0.010    -0.052     0.998
 3    41.949     3.058    -3.260
 3     0.353    -0.932     0.082
 3     0.880     0.300    -0.367
 3     0.317     0.202     0.926
 4    43.743    -6.864    -2.864
 4     0.528     0.841    -0.119
 4    -0.750     0.526     0.401
 4     0.398    -0.124     0.908
 5    39.691    -9.235    -0.009
 5    -0.684     0.275     0.676
 5    -0.217    -0.961     0.171
 5     0.696    -0.029     0.717
 6    34.372   -10.582     5.502
 6    -0.756     0.115    -0.645
 6    -0.033     0.976     0.213
 6     0.654     0.182    -0.734
 7    47.831    -1.079    -2.266
 7     0.193     0.044    -0.980
 7    -0.043     0.998     0.036
 7     0.980     0.035     0.195
 8    36.602     5.183    -0.741
 8    -0.775    -0.347     0.529
 8     0.389    -0.920    -0.032
 8     0.497     0.181     0.848
 9    36.846     4.753     6.457
 9    -0.548    -0.375    -0.747
 9    -0.008     0.896    -0.444
 9     0.836    -0.238    -0.494
 2    36.397    -7.221    15.729
 2     0.960    -0.282    -0.003
 2     0.280     0.958     0.052
 2    -0.010    -0.052     0.998
 3    41.933     3.065    -3.269
 3     0.341    -0.937     0.076
 3     0.883     0.291    -0.367
 3     0.321     0.192     0.927
 4    43.752    -6.820    -2.879
 4     0.526     0.841    -0.126
 4    -0.754     0.528     0.390
 4     0.394    -0.111     0.912
 5    39.719    -9.304    -0.081
 5    -0.687     0.291     0.667
 5    -0.238    -0.956     0.172
 5     0.687    -0.041     0.725
 6    34.416   -10.791     5.346
 6    -0.757     0.087    -0.647
 6    -0.061     0.977     0.202
 6     0.650     0.192    -0.735
 7    47.844    -1.078    -2.284
 7     0.189     0.040    -0.981
 7    -0.044     0.998     0.032
 7     0.981     0.036     0.191
 8    36.391     5.108    -0.881
 8    -0.792    -0.339     0.508
 8     0.389    -0.921    -0.006
 8     0.469     0.193     0.861
 9    34.340     6.301     5.301
 9    -0.575    -0.365    -0.732
 9     0.012     0.891    -0.453
 9     0.818    -0.269    -0.508
 2    36.391    -7.249    15.735
 2     0.960    -0.282    -0.002
 2     0.280     0.958     0.050
 2    -0.012    -0.050     0.999
 3    41.871     3.045    -3.304
 3     0.312    -0.948     0.068
 3     0.895     0.269    -0.356
 3     0.318     0.172     0.932
 4    43.791    -6.823    -2.927
 4     0.525     0.840    -0.137
 4    -0.755     0.534     0.380
 4     0.392    -0.097     0.914
 5    39.684    -9.350    -0.132
 5    -0.702     0.296     0.648
 5    -0.242    -0.954     0.174
 5     0.670    -0.035     0.741
 6    34.175   -10.892     5.186
 6    -0.779     0.058    -0.625
 6    -0.074     0.980     0.184
 6     0.623     0.189    -0.759
 7    47.883    -1.011    -2.314
 7     0.173     0.026    -0.984
 7    -0.038     0.999     0.020
 7     0.984     0.033     0.174
 8    36.265     4.972    -0.909
 8    -0.808    -0.319     0.496
 8     0.374    -0.927     0.015
 8     0.455     0.197     0.868
 9    34.190     6.195     5.227
 9    -0.582    -0.370    -0.724
 9     0.010     0.887    -0.462
 9     0.813    -0.276    -0.512
 2    36.391    -7.249    15.709
 2     0.960    -0.281    -0.001
 2     0.280     0.958     0.049
 2    -0.012    -0.049     0.999
 3    41.809     3.045    -3.295
 3     0.301    -0.951     0.071
 3     0.900     0.259    -0.352
 3     0.315     0.170     0.933
 4    43.807    -6.822    -2.925
 4     0.532     0.835    -0.145
 4    -0.751     0.542     0.375
 4     0.390    -0.092     0.916
 5    39.693    -9.424    -0.170
 5    -0.702     0.311     0.641
 5    -0.253    -0.950     0.183
 5     0.665    -0.034     0.745
 6    34.081   -11.072     5.122
 6    -0.788     0.029    -0.615
 6    -0.093     0.981     0.167
 6     0.609     0.189    -0.771
 7    47.830    -1.002    -2.316
 7     0.173     0.016    -0.985
 7    -0.033     0.999     0.011
 7     0.984     0.031     0.173
 8    36.091     4.917    -0.969
 8    -0.812    -0.313     0.494
 8     0.374    -0.927     0.030
 8     0.448     0.209     0.869
 9    33.822     6.349     5.112
 9    -0.609    -0.340    -0.717
 9     0.041     0.889    -0.456
 9     0.792    -0.307    -0.527
 2    36.391    -7.249    15.708
 2     0.960    -0.281    -0.001
 2     0.280     0.958     0.048
 2    -0.012    -0.048     0.999
 3    41.660     2.990    -3.271
 3     0.294    -0.953     0.078
 3     0.905     0.251    -0.344
 3     0.307     0.172     0.936
 4    43.756    -6.844    -2.897
 4     0.539     0.831    -0.140
 4    -0.747     0.547     0.377
 4     0.389    -0.100     0.916
 5    39.788    -9.447     0.014
 5    -0.676     0.314     0.666
 5    -0.237    -0.949     0.207
 5     0.697    -0.018     0.716
 6    34.669   -10.861     5.588
 6    -0.746     0.046    -0.664
 6    -0.072     0.986     0.149
 6     0.662     0.159    -0.732
 7    47.736    -1.020    -2.292
 7     0.188     0.014    -0.982
 7    -0.040     0.999     0.007
 7     0.981     0.038     0.189
 8    36.356     5.146    -0.627
 8    -0.763    -0.333     0.555
 8     0.398    -0.917    -0.001
 8     0.509     0.220     0.831
 9    35.022     6.687     5.755
 9    -0.519    -0.342    -0.783
 9     0.060     0.899    -0.433
 9     0.853    -0.272    -0.446
 2    36.393    -7.248    15.706
 2     0.960    -0.282    -0.002
 2     0.280     0.958     0.049
 2    -0.011    -0.049     0.999
 3    41.439     3.033    -3.175
 3     0.363    -0.921     0.144
 3     0.885     0.292    -0.361
 3     0.290     0.259     0.921
 4    43.422    -6.888    -2.760
 4     0.586     0.807    -0.078
 4    -0.723     0.563     0.399
 4     0.365    -0.178     0.913
 5    40.233    -9.392     0.346
 5    -0.573     0.359     0.737
 5    -0.233    -0.933     0.274
 5     0.786    -0.015     0.617
 6    36.130   -10.607     6.394
 6    -0.642     0.042    -0.766
 6    -0.060     0.993     0.105
 6     0.764     0.113    -0.634
 7    47.411    -1.104    -2.202
 7     0.241     0.039    -0.970
 7    -0.064     0.997     0.024
 7     0.968     0.056     0.243
 8    36.880     5.480    -0.263
 8    -0.663    -0.355     0.660
 8     0.449    -0.893    -0.030
 8     0.599     0.277     0.751
 9    36.732     7.234     6.452
 9    -0.390    -0.349    -0.852
 9     0.097     0.905    -0.415
 9     0.916    -0.244    -0.319
 2    36.394    -7.248    15.732
 2     0.960    -0.281    -0.003
 2     0.280     0.958     0.051
 2    -0.011    -0.051     0.998
 3    41.162     2.936    -3.132
 3     0.434    -0.878     0.202
 3     0.862     0.341    -0.374
 3     0.259     0.336     0.905
 4    43.064    -6.991    -2.597
 4     0.615     0.788    -0.021
 4    -0.710     0.565     0.420
 4     0.342    -0.244     0.907
 5    40.676    -9.387     0.605
 5    -0.465     0.386     0.797
 5    -0.222    -0.922     0.318
 5     0.857    -0.029     0.513
 6    37.433   -10.375     6.979
 6    -0.538     0.040    -0.842
 6    -0.048     0.996     0.078
 6     0.841     0.082    -0.534
 7    47.190    -1.271    -2.129
 7     0.289     0.073    -0.954
 7    -0.078     0.995     0.052
 7     0.954     0.059     0.293
 8    37.627     5.805     0.056
 8    -0.545    -0.380     0.749
 8     0.494    -0.866    -0.079
 8     0.678     0.326     0.658
 9    38.647     7.690     6.923
 9    -0.260    -0.332    -0.907
 9     0.123     0.920    -0.372
 9     0.957    -0.209    -0.199
 2    36.397    -7.221    15.729
 2     0.960    -0.281    -0.003
 2     0.280     0.958     0.051
 2    -0.010    -0.052     0.998
 3    41.111     2.942    -3.053
 3     0.512    -0.826     0.237
 3     0.826     0.397    -0.399
 3     0.235     0.399     0.886
 4    42.671    -7.042    -2.485
 4     0.628     0.777     0.042
 4    -0.715     0.555     0.424
 4     0.305    -0.297     0.905
 5    41.259    -9.192     0.730
 5    -0.330     0.382     0.863
 5    -0.230    -0.919     0.319
 5     0.915    -0.093     0.391
 6    39.223   -10.272     7.282
 6    -0.398     0.071    -0.915
 6    -0.053     0.993     0.101
 6     0.916     0.088    -0.392
 7    47.020    -1.387    -2.064
 7     0.323     0.116    -0.939
 7    -0.097     0.991     0.089
 7     0.941     0.063     0.331
 8    38.532     6.218     0.393
 8    -0.409    -0.407     0.817
 8     0.529    -0.835    -0.151
 8     0.743     0.370     0.556
 9    40.669     8.018     7.254
 9    -0.135    -0.299    -0.945
 9     0.136     0.939    -0.316
 9     0.981    -0.172    -0.087
 2    36.397    -7.221    15.729
 2     0.960    -0.282    -0.003
 2     0.280     0.958     0.051
 2    -0.010    -0.052     0.998
 3    41.084     2.959    -2.900
 3     0.579    -0.774     0.257
 3     0.784     0.443    -0.433
 3     0.221     0.452     0.863
 4    42.445    -6.997    -2.387
 4     0.641     0.765     0.062
 4    -0.710     0.560     0.427
 4     0.291    -0.318     0.902
 5    42.301    -8.970     0.927
 5    -0.144     0.381     0.913
 5    -0.265    -0.904     0.335
 5     0.953    -0.194     0.231
 6    41.945   -10.232     7.290
 6    -0.207     0.095    -0.974
 6    -0.089     0.989     0.115
 6     0.974     0.110    -0.196
 7    46.926    -1.439    -2.044
 7     0.347     0.135    -0.928
 7    -0.110     0.988     0.102
 7     0.931     0.067     0.357
 8    39.541     6.544     0.735
 8    -0.260    -0.421     0.869
 8     0.547    -0.806    -0.227
 8     0.796     0.416     0.439
 9    42.724     8.013     7.446
 9    -0.005    -0.253    -0.968
 9     0.125     0.960    -0.252
 9     0.992    -0.122     0.026
 2    36.397    -7.221    15.729
 2     0.960    -0.282    -0.003
 2     0.280     0.958     0.051
 2    -0.010    -0.052     0.998
 3    41.093     2.981    -2.753
 3     0.616    -0.739     0.275
 3     0.761     0.467    -0.449
 3     0.203     0.485     0.850
 4    42.505    -6.926    -2.336
 4     0.666     0.744     0.053
 4    -0.685     0.580     0.440
 4     0.296    -0.330     0.896
 5    43.550    -8.595     1.200
 5     0.057     0.388     0.920
 5    -0.262    -0.883     0.389
 5     0.963    -0.262     0.051
 6    44.704    -9.620     7.125
 6    -0.028     0.070    -0.997
 6    -0.098     0.993     0.073
 6     0.995     0.098    -0.021
 7    46.998    -1.418    -2.006
 7     0.349     0.147    -0.926
 7    -0.113     0.987     0.113
 7     0.930     0.065     0.361
 8    40.452     6.714     1.058
 8    -0.134    -0.421     0.897
 8     0.550    -0.785    -0.286
 8     0.824     0.455     0.337
 9    44.234     7.872     7.756
 9     0.090    -0.216    -0.972
 9     0.116     0.972    -0.206
 9     0.989    -0.094     0.112
 2    36.397    -7.221    15.729
 2     0.960    -0.282    -0.003
 2     0.280     0.958     0.052
 2    -0.010    -0.052     0.998
 3    41.333     2.998    -2.604
 3     0.643    -0.720     0.261
 3     0.738     0.491    -0.463
 3     0.205     0.489     0.847
 4    42.685    -6.886    -2.261
 4     0.682     0.731     0.035
 4    -0.667     0.600     0.442
 4     0.301    -0.325     0.896
 5    44.462    -8.169     1.624
 5     0.204     0.403     0.893
 5    -0.211    -0.872     0.441
 5     0.956    -0.278    -0.092
 6    46.571    -8.717     7.394
 6     0.104     0.108    -0.989
 6    -0.076     0.992     0.101
 6     0.992     0.063     0.111
 7    47.180    -1.412    -1.960
 7     0.339     0.162    -0.927
 7    -0.111     0.985     0.131
 7     0.934     0.059     0.352
 8    41.524     6.702     1.401
 8     0.015    -0.382     0.924
 8     0.530    -0.781    -0.331
 8     0.848     0.494     0.190
 9    45.795     7.466     8.301
 9     0.221    -0.228    -0.948
 9     0.097     0.972    -0.212
 9     0.970    -0.045     0.237
 2    36.397    -7.221    15.729
 2     0.960    -0.281    -0.003
 2     0.280     0.958     0.052
 2    -0.010    -0.052     0.998
 3    41.488     3.087    -2.474
 3     0.670    -0.698     0.255
 3     0.714     0.511    -0.479
 3     0.204     0.501     0.840
 4    42.722    -6.829    -2.228
 4     0.685     0.728     0.031
 4    -0.661     0.602     0.447
 4     0.306    -0.327     0.894
 5    44.845    -7.890     2.164
 5     0.324     0.351     0.879
 5    -0.194    -0.885     0.423
 5     0.926    -0.306    -0.218
 6    47.511    -8.530     7.618
 6     0.212     0.193    -0.958
 6    -0.067     0.981     0.183
 6     0.975     0.024     0.221
 7    47.253    -1.356    -1.970
 7     0.334     0.182    -0.925
 7    -0.108     0.982     0.154
 7     0.936     0.048     0.347
 8    42.486     6.484     1.784
 8     0.180    -0.294     0.939
 8     0.484    -0.805    -0.344
 8     0.856     0.516    -0.002
 9    47.222     7.086     8.664
 9     0.357    -0.286    -0.889
 9     0.099     0.958    -0.269
 9     0.929     0.008     0.370
 2    36.397    -7.221    15.729
 2     0.960    -0.282    -0.003
 2     0.280     0.958     0.052
 2    -0.010    -0.052     0.998
 3    41.471     3.147    -2.320
 3     0.689    -0.679     0.253
 3     0.697     0.527    -0.484
 3     0.195     0.510     0.837
 4    42.597    -6.773    -2.117
 4     0.685     0.727     0.036
 4    -0.669     0.609     0.426
 4     0.287    -0.316     0.904
 5    45.098    -7.833     2.611
 5     0.453     0.287     0.845
 5    -0.184    -0.897     0.401
 5     0.872    -0.336    -0.353
 6    48.406    -8.605     7.605
 6     0.323     0.341    -0.884
 6    -0.045     0.937     0.344
 6     0.945    -0.071     0.317
 7    47.269    -1.427    -1.986
 7     0.330     0.200    -0.923
 7    -0.126     0.978     0.166
 7     0.935     0.062     0.348
 8    43.210     6.293     2.194
 8     0.364    -0.230     0.903
 8     0.460    -0.799    -0.387
 8     0.810     0.555    -0.185
 9    48.433     6.764     8.620
 9     0.475    -0.315    -0.822
 9     0.075     0.945    -0.318
 9     0.876     0.089     0.472
 2    36.397    -7.221    15.729
 2     0.960    -0.282    -0.003
 2     0.280     0.958     0.052
 2    -0.010    -0.052     0.998
 3    41.546     3.103    -2.273
 3     0.704    -0.665     0.250
 3     0.686     0.548    -0.478
 3     0.181     0.507     0.842
 4    42.635    -6.729    -2.051
 4     0.697     0.716     0.038
 4    -0.663     0.622     0.416
 4     0.273    -0.316     0.908
 5    45.503    -7.697     2.825
 5     0.523     0.312     0.795
 5    -0.144    -0.886     0.439
 5     0.840    -0.343    -0.418
 6    49.068    -8.260     7.591
 6     0.366     0.305    -0.880
 6    -0.029     0.948     0.316
 6     0.930    -0.090     0.354
 7    47.359    -1.404    -1.978
 7     0.324     0.208    -0.923
 7    -0.130     0.976     0.173
 7     0.937     0.064     0.343
 8    43.753     6.158     2.338
 8     0.468    -0.275     0.840
 8     0.406    -0.778    -0.479
 8     0.785     0.565    -0.253
 9    49.188     6.197     8.609
 9     0.511    -0.238    -0.827
 9     0.023     0.964    -0.265
 9     0.859     0.116     0.496
 2    36.397    -7.221    15.729
 2     0.960    -0.281    -0.003
 2     0.280     0.958     0.051
 2    -0.010    -0.052     0.998
 3    41.745     3.157    -2.280
 3     0.709    -0.667     0.228
 3     0.679     0.561    -0.472
 3     0.187     0.489     0.851
 4    42.775    -6.731    -2.048
 4     0.699     0.715     0.032
 4    -0.662     0.629     0.407
 4     0.271    -0.306     0.912
 5    45.616    -7.659     2.803
 5     0.521     0.325     0.791
 5    -0.130    -0.885     0.446
 5     0.843    -0.334    -0.419
 6    49.087    -8.197     7.575
 6     0.349     0.297    -0.890
 6    -0.029     0.951     0.305
 6     0.937    -0.080     0.339
 7    47.511    -1.406    -1.991
 7     0.309     0.214    -0.927
 7    -0.136     0.974     0.179
 7     0.941     0.071     0.330
 8    43.994     5.944     2.351
 8     0.470    -0.344     0.814
 8     0.343    -0.779    -0.525
 8     0.813     0.525    -0.248
 9    49.184     5.476     8.808
 9     0.477    -0.205    -0.855
 9    -0.039     0.966    -0.256
 9     0.878     0.155     0.452
 2    36.397    -7.221    15.729
 2     0.960    -0.281    -0.003
 2     0.280     0.958     0.052
 2    -0.010    -0.052     0.998
 3    41.856     3.167    -2.289
 3     0.710    -0.672     0.211
 3     0.675     0.564    -0.475
 3     0.200     0.480     0.854
 4    42.788    -6.740    -2.060
 4     0.691     0.722     0.031
 4    -0.671     0.625     0.397
 4     0.267    -0.296     0.917
 5    45.537    -7.564     2.909
 5     0.531     0.337     0.779
 5    -0.103    -0.886     0.450
 5     0.841    -0.318    -0.435
 6    48.980    -8.130     7.599
 6     0.320     0.281    -0.905
 6    -0.031     0.957     0.286
 6     0.947    -0.064     0.314
 7    47.542    -1.433    -2.001
 7     0.304     0.216    -0.928
 7    -0.138     0.973     0.180
 7     0.942     0.074     0.326
 8    43.953     5.991     2.353
 8     0.471    -0.358     0.807
 8     0.339    -0.771    -0.538
 8     0.814     0.527    -0.242
 9    49.176     5.369     8.747
 9     0.475    -0.219    -0.853
 9    -0.048     0.960    -0.275
 9     0.878     0.172     0.444
];