% Calibrated with leiden_pols
% Positions are in centimeters
Data =[
 2    96.699   -18.455    59.990
 2     0.159    -0.987    -0.004
 2     0.986     0.158     0.037
 2    -0.036    -0.010     0.999
 3   123.214    -0.417     4.593
 3     0.364    -0.004    -0.931
 3    -0.149     0.987    -0.062
 3     0.919     0.161     0.359
 4   109.811   -18.586    -4.747
 4     0.647     0.603     0.465
 4    -0.762     0.528     0.375
 4    -0.020    -0.597     0.802
 5   118.375   -20.419    19.525
 5     0.543     0.749     0.378
 5     0.030    -0.467     0.883
 5     0.839    -0.469    -0.277
 6   133.361    -1.986    27.074
 6     0.600     0.273    -0.752
 6     0.799    -0.164     0.578
 6     0.035    -0.948    -0.316
 7   109.570    16.324    -4.129
 7     0.597    -0.636     0.488
 7     0.788     0.355    -0.502
 7     0.146     0.685     0.714
 8   120.783    15.590    21.187
 8     0.621    -0.783     0.027
 8    -0.328    -0.291    -0.899
 8     0.711     0.550    -0.438
 9   129.900    -5.964    18.577
 9     0.212     0.045    -0.976
 9    -0.837    -0.508    -0.205
 9    -0.505     0.860    -0.070
 2    96.698   -18.455    60.041
 2     0.159    -0.987    -0.004
 2     0.986     0.158     0.037
 2    -0.036    -0.010     0.999
 3   123.591    -0.469     4.532
 3     0.360    -0.007    -0.933
 3    -0.153     0.986    -0.066
 3     0.920     0.166     0.353
 4   110.503   -18.506    -4.878
 4     0.657     0.599     0.458
 4    -0.754     0.539     0.376
 4    -0.021    -0.592     0.805
 5   118.986   -20.463    19.316
 5     0.534     0.765     0.360
 5     0.036    -0.446     0.894
 5     0.844    -0.465    -0.266
 6   133.608    -1.949    27.166
 6     0.590     0.285    -0.756
 6     0.806    -0.153     0.571
 6     0.047    -0.946    -0.320
 7   110.157    16.356    -4.192
 7     0.594    -0.641     0.484
 7     0.790     0.353    -0.502
 7     0.151     0.681     0.716
 8   121.051    15.443    21.333
 8     0.611    -0.791     0.034
 8    -0.334    -0.297    -0.894
 8     0.717     0.535    -0.446
 9   130.240    -6.038    18.649
 9     0.218     0.038    -0.975
 9    -0.834    -0.512    -0.206
 9    -0.507     0.858    -0.080
 2    96.648   -18.456    59.990
 2     0.159    -0.987    -0.004
 2     0.986     0.159     0.037
 2    -0.036    -0.010     0.999
 3   124.101    -0.467     4.515
 3     0.354    -0.012    -0.935
 3    -0.154     0.985    -0.071
 3     0.922     0.169     0.348
 4   111.069   -18.504    -5.156
 4     0.662     0.597     0.453
 4    -0.749     0.546     0.376
 4    -0.023    -0.588     0.808
 5   119.275   -20.459    19.114
 5     0.529     0.770     0.355
 5     0.036    -0.439     0.897
 5     0.848    -0.462    -0.261
 6   133.849    -1.890    27.270
 6     0.584     0.294    -0.757
 6     0.810    -0.148     0.567
 6     0.055    -0.944    -0.324
 7   110.663    16.334    -4.196
 7     0.593    -0.646     0.481
 7     0.791     0.352    -0.501
 7     0.153     0.677     0.719
 8   121.339    15.371    21.286
 8     0.605    -0.795     0.041
 8    -0.336    -0.302    -0.892
 8     0.721     0.526    -0.450
 9   130.532    -6.087    18.744
 9     0.223     0.030    -0.974
 9    -0.832    -0.515    -0.206
 9    -0.508     0.856    -0.090
 2    96.646   -18.456    59.993
 2     0.159    -0.987    -0.004
 2     0.986     0.158     0.037
 2    -0.037    -0.010     0.999
 3   124.525    -0.389     4.439
 3     0.354    -0.012    -0.935
 3    -0.153     0.985    -0.071
 3     0.922     0.168     0.346
 4   111.691   -18.402    -5.335
 4     0.662     0.599     0.450
 4    -0.749     0.547     0.373
 4    -0.023    -0.584     0.811
 5   119.720   -20.457    18.914
 5     0.522     0.770     0.366
 5     0.030    -0.446     0.894
 5     0.852    -0.456    -0.256
 6   134.291    -1.935    27.345
 6     0.584     0.295    -0.756
 6     0.809    -0.138     0.571
 6     0.064    -0.945    -0.320
 7   111.548    16.416    -4.305
 7     0.590    -0.652     0.476
 7     0.792     0.352    -0.499
 7     0.157     0.671     0.724
 8   121.782    15.253    21.277
 8     0.597    -0.800     0.053
 8    -0.338    -0.312    -0.888
 8     0.727     0.512    -0.457
 9   131.314    -5.902    18.808
 9     0.238     0.020    -0.971
 9    -0.826    -0.522    -0.213
 9    -0.511     0.852    -0.108
 2    96.648   -18.456    60.041
 2     0.159    -0.987    -0.004
 2     0.986     0.159     0.037
 2    -0.036    -0.010     0.999
 3   125.462    -0.411     4.248
 3     0.350    -0.012    -0.936
 3    -0.153     0.986    -0.070
 3     0.924     0.167     0.343
 4   112.699   -18.399    -5.578
 4     0.657     0.608     0.445
 4    -0.754     0.543     0.369
 4    -0.018    -0.578     0.816
 5   120.279   -20.295    18.751
 5     0.512     0.769     0.382
 5     0.030    -0.461     0.887
 5     0.858    -0.443    -0.259
 6   135.172    -2.063    27.387
 6     0.597     0.286    -0.750
 6     0.799    -0.133     0.586
 6     0.067    -0.949    -0.308
 7   112.612    16.345    -4.512
 7     0.587    -0.663     0.464
 7     0.793     0.356    -0.494
 7     0.161     0.659     0.735
 8   122.320    15.277    21.211
 8     0.588    -0.805     0.085
 8    -0.328    -0.333    -0.884
 8     0.739     0.492    -0.460
 9   132.366    -5.600    18.923
 9     0.276     0.011    -0.961
 9    -0.813    -0.531    -0.240
 9    -0.513     0.847    -0.137
 2    96.648   -18.456    60.041
 2     0.159    -0.987    -0.004
 2     0.986     0.159     0.037
 2    -0.036    -0.010     0.999
 3   126.347    -0.577     4.109
 3     0.340    -0.006    -0.940
 3    -0.148     0.987    -0.060
 3     0.929     0.159     0.334
 4   113.532   -18.619    -5.669
 4     0.647     0.622     0.441
 4    -0.763     0.530     0.371
 4    -0.003    -0.576     0.817
 5   120.506   -20.074    18.908
 5     0.493     0.756     0.431
 5     0.024    -0.507     0.861
 5     0.870    -0.414    -0.268
 6   136.423    -2.851    27.142
 6     0.648     0.230    -0.725
 6     0.759    -0.128     0.638
 6     0.054    -0.964    -0.258
 7   113.602    16.173    -4.743
 7     0.586    -0.673     0.451
 7     0.793     0.363    -0.489
 7     0.165     0.644     0.747
 8   122.543    15.140    21.288
 8     0.580    -0.801     0.147
 8    -0.304    -0.381    -0.873
 8     0.755     0.461    -0.465
 9   134.004    -4.322    18.845
 9     0.363     0.027    -0.932
 9    -0.765    -0.563    -0.314
 9    -0.533     0.826    -0.183
 2    96.648   -18.456    60.041
 2     0.159    -0.987    -0.004
 2     0.986     0.159     0.037
 2    -0.036    -0.010     0.999
 3   126.927    -0.799     4.131
 3     0.328     0.004    -0.945
 3    -0.145     0.988    -0.046
 3     0.933     0.152     0.325
 4   114.045   -18.838    -5.664
 4     0.635     0.637     0.437
 4    -0.772     0.513     0.374
 4     0.014    -0.575     0.818
 5   119.997   -19.887    19.072
 5     0.465     0.708     0.531
 5    -0.006    -0.598     0.802
 5     0.885    -0.376    -0.274
 6   137.919    -5.648    27.434
 6     0.760     0.214    -0.614
 6     0.649    -0.193     0.736
 6     0.039    -0.958    -0.285
 7   114.440    15.995    -4.911
 7     0.589    -0.683     0.431
 7     0.790     0.378    -0.482
 7     0.166     0.625     0.763
 8   122.245    14.977    21.156
 8     0.581    -0.773     0.255
 8    -0.255    -0.470    -0.845
 8     0.773     0.426    -0.470
 9   135.665    -1.990    18.540
 9     0.481     0.080    -0.873
 9    -0.670    -0.609    -0.425
 9    -0.566     0.789    -0.239
 2    96.648   -18.456    60.041
 2     0.159    -0.987    -0.004
 2     0.986     0.159     0.037
 2    -0.036    -0.010     0.999
 3   127.342    -0.972     4.043
 3     0.315     0.025    -0.949
 3    -0.145     0.989    -0.022
 3     0.938     0.144     0.315
 4   114.015   -19.014    -5.608
 4     0.607     0.664     0.436
 4    -0.794     0.485     0.368
 4     0.033    -0.569     0.821
 5   119.376   -19.612    19.213
 5     0.449     0.638     0.625
 5    -0.040    -0.685     0.727
 5     0.892    -0.352    -0.282
 6   138.686    -8.351    27.539
 6     0.848     0.178    -0.499
 6     0.530    -0.266     0.805
 6     0.011    -0.947    -0.320
 7   115.025    15.840    -5.029
 7     0.598    -0.686     0.413
 7     0.784     0.394    -0.480
 7     0.166     0.611     0.774
 8   121.887    14.918    21.395
 8     0.584    -0.726     0.362
 8    -0.196    -0.559    -0.806
 8     0.788     0.399    -0.469
 9   137.009     1.544    18.387
 9     0.593     0.179    -0.785
 9    -0.535    -0.641    -0.551
 9    -0.601     0.746    -0.285
 2    96.648   -18.456    60.041
 2     0.159    -0.987    -0.004
 2     0.986     0.159     0.037
 2    -0.036    -0.010     0.999
 3   127.381    -1.150     4.025
 3     0.308     0.032    -0.951
 3    -0.147     0.989    -0.015
 3     0.940     0.145     0.309
 4   113.980   -19.117    -5.552
 4     0.593     0.680     0.430
 4    -0.804     0.473     0.360
 4     0.041    -0.560     0.828
 5   118.656   -19.715    19.196
 5     0.423     0.550     0.720
 5    -0.075    -0.770     0.633
 5     0.903    -0.322    -0.285
 6   138.785   -11.028    27.339
 6     0.905     0.132    -0.405
 6     0.425    -0.319     0.847
 6    -0.018    -0.938    -0.345
 7   115.118    15.670    -5.044
 7     0.592    -0.697     0.404
 7     0.787     0.392    -0.477
 7     0.173     0.601     0.780
 8   121.049    14.762    21.128
 8     0.594    -0.646     0.479
 8    -0.118    -0.659    -0.743
 8     0.796     0.384    -0.468
 9   137.710     5.771    18.575
 9     0.693     0.298    -0.657
 9    -0.380    -0.623    -0.683
 9    -0.613     0.723    -0.319
 2    96.648   -18.456    60.041
 2     0.159    -0.987    -0.004
 2     0.986     0.158     0.037
 2    -0.036    -0.010     0.999
 3   127.489    -1.303     4.067
 3     0.304     0.032    -0.952
 3    -0.149     0.989    -0.014
 3     0.941     0.146     0.306
 4   113.991   -19.320    -5.518
 4     0.585     0.691     0.424
 4    -0.810     0.467     0.355
 4     0.047    -0.552     0.833
 5   118.275   -19.557    19.420
 5     0.403     0.501     0.765
 5    -0.087    -0.812     0.578
 5     0.911    -0.300    -0.283
 6   138.994   -13.072    27.370
 6     0.943     0.073    -0.323
 6     0.328    -0.326     0.886
 6    -0.041    -0.943    -0.331
 7   115.286    15.499    -5.159
 7     0.588    -0.705     0.395
 7     0.788     0.392    -0.474
 7     0.179     0.591     0.786
 8   120.507    14.737    21.100
 8     0.578    -0.575     0.579
 8    -0.053    -0.735    -0.676
 8     0.814     0.360    -0.455
 9   138.039     9.998    18.903
 9     0.769     0.399    -0.500
 9    -0.215    -0.575    -0.789
 9    -0.603     0.714    -0.356
 2    96.646   -18.406    60.044
 2     0.159    -0.987    -0.004
 2     0.986     0.158     0.037
 2    -0.037    -0.010     0.999
 3   127.447    -1.429     4.109
 3     0.301     0.037    -0.953
 3    -0.149     0.989    -0.009
 3     0.942     0.145     0.303
 4   113.894   -19.544    -5.324
 4     0.573     0.704     0.419
 4    -0.818     0.453     0.355
 4     0.060    -0.547     0.835
 5   118.064   -19.474    19.576
 5     0.396     0.463     0.793
 5    -0.091    -0.839     0.536
 5     0.914    -0.284    -0.290
 6   138.804   -14.175    26.846
 6     0.961     0.022    -0.274
 6     0.262    -0.373     0.890
 6    -0.082    -0.927    -0.365
 7   115.506    15.428    -5.219
 7     0.588    -0.714     0.380
 7     0.787     0.397    -0.471
 7     0.185     0.577     0.796
 8   120.128    14.503    20.868
 8     0.553    -0.513     0.656
 8    -0.004    -0.790    -0.613
 8     0.833     0.336    -0.439
 9   137.963    13.228    19.455
 9     0.811     0.470    -0.349
 9    -0.070    -0.514    -0.855
 9    -0.581     0.717    -0.384
 2    96.648   -18.456    60.041
 2     0.159    -0.987    -0.004
 2     0.986     0.159     0.037
 2    -0.036    -0.010     0.999
 3   127.456    -1.658     4.102
 3     0.297     0.042    -0.954
 3    -0.150     0.989    -0.004
 3     0.943     0.144     0.300
 4   113.690   -19.671    -5.270
 4     0.560     0.715     0.418
 4    -0.826     0.440     0.353
 4     0.069    -0.543     0.837
 5   117.713   -19.603    19.648
 5     0.391     0.422     0.818
 5    -0.101    -0.864     0.494
 5     0.915    -0.276    -0.295
 6   138.762   -15.577    26.122
 6     0.972    -0.055    -0.227
 6     0.195    -0.339     0.920
 6    -0.128    -0.939    -0.319
 7   115.672    15.254    -5.356
 7     0.589    -0.719     0.370
 7     0.785     0.402    -0.471
 7     0.190     0.568     0.801
 8   119.747    14.518    20.747
 8     0.530    -0.436     0.728
 8     0.052    -0.840    -0.540
 8     0.846     0.324    -0.422
 9   137.167    16.564    19.820
 9     0.825     0.527    -0.202
 9     0.058    -0.436    -0.898
 9    -0.561     0.729    -0.391
 2    96.648   -18.456    60.041
 2     0.159    -0.987    -0.004
 2     0.986     0.159     0.037
 2    -0.036    -0.010     0.999
 3   127.463    -1.735     4.169
 3     0.293     0.044    -0.955
 3    -0.151     0.988    -0.000
 3     0.944     0.144     0.296
 4   113.434   -19.849    -5.187
 4     0.547     0.726     0.417
 4    -0.834     0.426     0.351
 4     0.077    -0.540     0.838
 5   117.481   -19.555    19.830
 5     0.389     0.380     0.839
 5    -0.111    -0.885     0.452
 5     0.915    -0.269    -0.302
 6   138.601   -17.083    25.781
 6     0.979    -0.103    -0.177
 6     0.134    -0.332     0.933
 6    -0.155    -0.938    -0.312
 7   115.683    15.106    -5.416
 7     0.586    -0.723     0.365
 7     0.787     0.400    -0.470
 7     0.194     0.563     0.803
 8   119.545    14.431    20.640
 8     0.515    -0.384     0.766
 8     0.084    -0.867    -0.491
 8     0.853     0.317    -0.415
 9   136.185    19.219    20.143
 9     0.814     0.575    -0.079
 9     0.177    -0.375    -0.910
 9    -0.553     0.726    -0.408
 2    96.646   -18.456    60.044
 2     0.159    -0.987    -0.004
 2     0.986     0.158     0.037
 2    -0.037    -0.010     0.999
 3   127.384    -1.915     4.156
 3     0.294     0.053    -0.954
 3    -0.152     0.988     0.009
 3     0.943     0.142     0.298
 4   113.019   -19.956    -5.189
 4     0.531     0.734     0.422
 4    -0.844     0.411     0.346
 4     0.080    -0.540     0.838
 5   117.092   -19.488    19.895
 5     0.386     0.336     0.859
 5    -0.126    -0.903     0.410
 5     0.914    -0.267    -0.307
 6   138.419   -17.909    25.480
 6     0.980    -0.125    -0.151
 6     0.099    -0.352     0.931
 6    -0.170    -0.927    -0.333
 7   115.691    14.981    -5.495
 7     0.586    -0.727     0.359
 7     0.786     0.402    -0.469
 7     0.196     0.557     0.807
 8   119.272    14.350    20.581
 8     0.493    -0.322     0.808
 8     0.123    -0.894    -0.431
 8     0.861     0.312    -0.402
 9   135.082    21.689    20.247
 9     0.789     0.613     0.034
 9     0.283    -0.314    -0.906
 9    -0.545     0.724    -0.422
 2    96.646   -18.456    60.044
 2     0.159    -0.987    -0.004
 2     0.986     0.159     0.037
 2    -0.037    -0.010     0.999
 3   127.236    -2.198     4.158
 3     0.294     0.063    -0.954
 3    -0.155     0.988     0.018
 3     0.943     0.142     0.300
 4   112.750   -19.911    -5.189
 4     0.516     0.743     0.425
 4    -0.852     0.399     0.338
 4     0.082    -0.537     0.839
 5   116.846   -19.499    19.858
 5     0.382     0.305     0.872
 5    -0.141    -0.914     0.381
 5     0.913    -0.268    -0.307
 6   138.214   -18.571    25.601
 6     0.983    -0.130    -0.125
 6     0.072    -0.353     0.933
 6    -0.166    -0.926    -0.338
 7   115.655    14.937    -5.486
 7     0.581    -0.732     0.356
 7     0.788     0.397    -0.470
 7     0.202     0.553     0.808
 8   119.027    14.278    20.467
 8     0.485    -0.251     0.837
 8     0.159    -0.917    -0.367
 8     0.860     0.311    -0.405
 9   133.989    23.607    20.156
 9     0.753     0.646     0.122
 9     0.367    -0.259    -0.894
 9    -0.545     0.718    -0.432
 2    96.646   -18.456    60.044
 2     0.159    -0.987    -0.004
 2     0.986     0.159     0.038
 2    -0.037    -0.010     0.999
 3   127.237    -2.225     4.108
 3     0.294     0.068    -0.953
 3    -0.157     0.987     0.021
 3     0.943     0.143     0.301
 4   112.518   -20.023    -5.302
 4     0.501     0.752     0.427
 4    -0.862     0.389     0.326
 4     0.079    -0.531     0.844
 5   116.785   -19.456    19.859
 5     0.386     0.284     0.877
 5    -0.149    -0.920     0.364
 5     0.910    -0.271    -0.313
 6   138.119   -19.291    25.356
 6     0.984    -0.148    -0.099
 6     0.038    -0.368     0.929
 6    -0.174    -0.918    -0.356
 7   115.656    14.938    -5.515
 7     0.579    -0.734     0.356
 7     0.790     0.395    -0.469
 7     0.203     0.553     0.808
 8   118.810    14.184    20.426
 8     0.468    -0.193     0.862
 8     0.184    -0.933    -0.309
 8     0.864     0.303    -0.402
 9   132.619    25.354    20.478
 9     0.716     0.665     0.210
 9     0.445    -0.204    -0.872
 9    -0.537     0.718    -0.443
 2    96.646   -18.456    60.044
 2     0.159    -0.987    -0.004
 2     0.986     0.159     0.037
 2    -0.037    -0.010     0.999
 3   127.202    -2.432     4.029
 3     0.299     0.080    -0.951
 3    -0.159     0.986     0.033
 3     0.941     0.141     0.308
 4   112.010   -19.929    -5.176
 4     0.478     0.761     0.437
 4    -0.874     0.366     0.319
 4     0.083    -0.535     0.841
 5   116.451   -19.223    19.995
 5     0.387     0.239     0.890
 5    -0.152    -0.936     0.318
 5     0.909    -0.259    -0.326
 6   137.778   -20.186    25.014
 6     0.979    -0.190    -0.065
 6    -0.007    -0.357     0.934
 6    -0.201    -0.915    -0.351
 7   115.618    14.994    -5.579
 7     0.577    -0.737     0.351
 7     0.790     0.394    -0.470
 7     0.208     0.549     0.809
 8   118.640    14.159    20.371
 8     0.454    -0.145     0.879
 8     0.204    -0.944    -0.261
 8     0.867     0.298    -0.400
 9   131.251    26.912    20.467
 9     0.668     0.687     0.284
 9     0.514    -0.151    -0.844
 9    -0.537     0.710    -0.455
 2    96.646   -18.406    60.044
 2     0.159    -0.987    -0.004
 2     0.986     0.158     0.038
 2    -0.037    -0.010     0.999
 3   126.993    -2.563     4.052
 3     0.304     0.094    -0.948
 3    -0.160     0.986     0.046
 3     0.939     0.137     0.315
 4   111.545   -19.884    -5.046
 4     0.462     0.766     0.446
 4    -0.882     0.350     0.314
 4     0.085    -0.539     0.838
 5   116.191   -19.096    20.175
 5     0.386     0.208     0.898
 5    -0.157    -0.945     0.287
 5     0.909    -0.252    -0.333
 6   137.497   -20.920    24.711
 6     0.975    -0.217    -0.037
 6    -0.039    -0.334     0.942
 6    -0.217    -0.917    -0.334
 7   115.501    14.920    -5.637
 7     0.575    -0.740     0.348
 7     0.790     0.393    -0.470
 7     0.211     0.546     0.811
 8   118.448    14.178    20.312
 8     0.446    -0.091     0.890
 8     0.226    -0.951    -0.210
 8     0.866     0.295    -0.404
 9   130.062    28.004    20.370
 9     0.624     0.702     0.342
 9     0.566    -0.104    -0.818
 9    -0.539     0.704    -0.463
 2    96.646   -18.456    60.044
 2     0.159    -0.987    -0.004
 2     0.986     0.158     0.037
 2    -0.037    -0.010     0.999
 3   126.955    -2.616     3.944
 3     0.310     0.100    -0.946
 3    -0.161     0.985     0.051
 3     0.937     0.136     0.321
 4   111.200   -19.939    -4.939
 4     0.454     0.767     0.453
 4    -0.887     0.340     0.312
 4     0.085    -0.544     0.834
 5   116.111   -19.045    20.191
 5     0.390     0.194     0.900
 5    -0.159    -0.948     0.274
 5     0.907    -0.250    -0.339
 6   137.322   -21.290    24.512
 6     0.973    -0.231    -0.025
 6    -0.051    -0.313     0.948
 6    -0.227    -0.921    -0.317
 7   115.398    14.820    -5.685
 7     0.569    -0.744     0.349
 7     0.795     0.389    -0.466
 7     0.210     0.543     0.813
 8   118.259    14.256    20.248
 8     0.430    -0.025     0.902
 8     0.255    -0.955    -0.148
 8     0.866     0.294    -0.404
 9   128.689    29.229    20.336
 9     0.576     0.708     0.408
 9     0.617    -0.050    -0.785
 9    -0.535     0.704    -0.466
 2    96.646   -18.406    60.044
 2     0.159    -0.987    -0.004
 2     0.986     0.158     0.038
 2    -0.037    -0.010     0.999
 3   126.851    -2.643     3.955
 3     0.312     0.103    -0.944
 3    -0.161     0.985     0.055
 3     0.936     0.134     0.324
 4   111.029   -19.990    -4.914
 4     0.451     0.766     0.457
 4    -0.888     0.336     0.313
 4     0.086    -0.547     0.833
 5   115.936   -19.098    20.250
 5     0.390     0.182     0.902
 5    -0.162    -0.951     0.262
 5     0.906    -0.248    -0.342
 6   137.240   -21.524    24.467
 6     0.972    -0.235    -0.017
 6    -0.057    -0.304     0.951
 6    -0.229    -0.923    -0.309
 7   115.096    14.696    -5.762
 7     0.560    -0.749     0.354
 7     0.801     0.381    -0.460
 7     0.210     0.541     0.814
 8   118.071    14.102    20.105
 8     0.415     0.034     0.909
 8     0.277    -0.957    -0.091
 8     0.866     0.289    -0.407
 9   127.397    30.151    20.347
 9     0.528     0.709     0.467
 9     0.665    -0.003    -0.747
 9    -0.529     0.704    -0.473
 2    96.646   -18.406    60.044
 2     0.159    -0.987    -0.004
 2     0.986     0.158     0.038
 2    -0.037    -0.010     0.999
 3   126.714    -2.745     3.922
 3     0.319     0.107    -0.942
 3    -0.161     0.985     0.058
 3     0.934     0.133     0.331
 4   110.751   -19.995    -4.851
 4     0.446     0.766     0.462
 4    -0.891     0.333     0.310
 4     0.083    -0.550     0.831
 5   115.886   -19.097    20.258
 5     0.393     0.169     0.903
 5    -0.163    -0.954     0.250
 5     0.905    -0.246    -0.348
 6   137.057   -21.846    24.103
 6     0.967    -0.252    -0.007
 6    -0.068    -0.284     0.956
 6    -0.243    -0.925    -0.292
 7   114.741    14.753    -5.817
 7     0.542    -0.758     0.361
 7     0.813     0.365    -0.453
 7     0.211     0.539     0.815
 8   117.715    14.082    19.975
 8     0.394     0.103     0.913
 8     0.301    -0.953    -0.022
 8     0.868     0.283    -0.407
 9   126.175    31.112    20.222
 9     0.488     0.711     0.505
 9     0.696     0.032    -0.718
 9    -0.527     0.702    -0.479
 2    96.646   -18.406    60.044
 2     0.159    -0.987    -0.004
 2     0.986     0.158     0.037
 2    -0.037    -0.010     0.999
 3   126.570    -2.749     3.822
 3     0.327     0.110    -0.938
 3    -0.162     0.985     0.059
 3     0.931     0.133     0.340
 4   110.674   -19.996    -4.847
 4     0.445     0.766     0.463
 4    -0.892     0.332     0.308
 4     0.082    -0.550     0.831
 5   115.787   -18.992    20.289
 5     0.396     0.160     0.904
 5    -0.161    -0.957     0.240
 5     0.904    -0.241    -0.353
 6   137.014   -21.931    23.902
 6     0.965    -0.263    -0.002
 6    -0.074    -0.278     0.958
 6    -0.252    -0.924    -0.288
 7   114.314    14.835    -5.827
 7     0.529    -0.764     0.370
 7     0.822     0.351    -0.449
 7     0.213     0.541     0.813
 8   117.525    14.097    19.888
 8     0.386     0.152     0.910
 8     0.314    -0.949     0.025
 8     0.867     0.276    -0.414
 9   125.278    31.541    20.293
 9     0.448     0.718     0.532
 9     0.723     0.058    -0.688
 9    -0.525     0.693    -0.493
 2    96.648   -18.405    60.041
 2     0.159    -0.987    -0.004
 2     0.986     0.158     0.037
 2    -0.036    -0.010     0.999
 3   126.394    -2.703     3.780
 3     0.338     0.110    -0.935
 3    -0.163     0.985     0.057
 3     0.927     0.133     0.351
 4   110.316   -19.950    -4.783
 4     0.443     0.766     0.466
 4    -0.893     0.332     0.304
 4     0.078    -0.551     0.831
 5   115.784   -18.912    20.303
 5     0.402     0.150     0.903
 5    -0.159    -0.960     0.230
 5     0.902    -0.236    -0.362
 6   136.884   -22.124    23.647
 6     0.959    -0.281     0.004
 6    -0.084    -0.273     0.958
 6    -0.268    -0.920    -0.285
 7   114.088    14.888    -5.832
 7     0.523    -0.765     0.375
 7     0.825     0.344    -0.448
 7     0.214     0.544     0.811
 8   117.393    14.107    19.825
 8     0.381     0.181     0.907
 8     0.320    -0.946     0.054
 8     0.867     0.269    -0.418
 9   124.863    31.780    20.076
 9     0.427     0.722     0.544
 9     0.736     0.071    -0.673
 9    -0.525     0.688    -0.502
 2    96.648   -18.405    60.041
 2     0.159    -0.987    -0.004
 2     0.986     0.158     0.037
 2    -0.036    -0.010     0.999
 3   126.344    -2.634     3.661
 3     0.346     0.113    -0.931
 3    -0.166     0.984     0.058
 3     0.923     0.134     0.359
 4   110.035   -19.906    -4.721
 4     0.437     0.768     0.467
 4    -0.896     0.329     0.298
 4     0.075    -0.549     0.833
 5   115.665   -18.781    20.411
 5     0.403     0.131     0.905
 5    -0.159    -0.965     0.210
 5     0.901    -0.228    -0.369
 6   136.557   -22.498    23.297
 6     0.953    -0.303     0.017
 6    -0.102    -0.267     0.958
 6    -0.285    -0.915    -0.286
 7   113.860    14.940    -5.834
 7     0.518    -0.766     0.380
 7     0.828     0.338    -0.447
 7     0.214     0.546     0.810
 8   117.243    14.167    19.864
 8     0.375     0.201     0.905
 8     0.325    -0.943     0.074
 8     0.868     0.266    -0.419
 9   124.378    32.094    20.165
 9     0.409     0.724     0.555
 9     0.747     0.083    -0.659
 9    -0.524     0.684    -0.507
 2    96.646   -18.456    59.993
 2     0.159    -0.987    -0.004
 2     0.986     0.158     0.037
 2    -0.037    -0.010     0.999
 3   126.182    -2.585     3.549
 3     0.352     0.113    -0.929
 3    -0.167     0.984     0.056
 3     0.921     0.135     0.366
 4   109.858   -19.883    -4.691
 4     0.434     0.770     0.467
 4    -0.898     0.327     0.295
 4     0.074    -0.548     0.833
 5   115.594   -18.678    20.487
 5     0.403     0.120     0.907
 5    -0.158    -0.967     0.199
 5     0.901    -0.224    -0.371
 6   136.355   -22.488    23.150
 6     0.946    -0.322     0.022
 6    -0.114    -0.269     0.956
 6    -0.302    -0.908    -0.292
 7   113.675    14.939    -5.828
 7     0.515    -0.766     0.386
 7     0.831     0.335    -0.444
 7     0.211     0.549     0.808
 8   117.226    14.114    19.826
 8     0.378     0.213     0.901
 8     0.330    -0.940     0.083
 8     0.865     0.266    -0.425
 9   124.063    32.463    19.905
 9     0.381     0.752     0.537
 9     0.759     0.077    -0.646
 9    -0.528     0.654    -0.542
 2    96.646   -18.456    60.044
 2     0.159    -0.987    -0.004
 2     0.986     0.159     0.038
 2    -0.037    -0.010     0.999
 3   126.088    -2.642     3.522
 3     0.357     0.116    -0.927
 3    -0.170     0.984     0.057
 3     0.918     0.137     0.371
 4   109.551   -19.891    -4.837
 4     0.427     0.761     0.487
 4    -0.902     0.319     0.291
 4     0.066    -0.564     0.823
 5   115.635   -18.799    20.284
 5     0.430     0.142     0.891
 5    -0.167    -0.958     0.233
 5     0.887    -0.249    -0.389
 6   136.378   -22.524    22.736
 6     0.942    -0.335     0.019
 6    -0.115    -0.269     0.956
 6    -0.316    -0.903    -0.291
 7   113.540    14.834    -5.868
 7     0.513    -0.765     0.389
 7     0.832     0.335    -0.441
 7     0.207     0.550     0.808
 8   117.136    14.067    19.780
 8     0.375     0.233     0.897
 8     0.338    -0.935     0.101
 8     0.863     0.265    -0.430
 9   123.930    32.465    19.897
 9     0.377     0.760     0.529
 9     0.761     0.072    -0.645
 9    -0.529     0.646    -0.551
 2    96.648   -18.456    60.041
 2     0.159    -0.987    -0.004
 2     0.986     0.159     0.037
 2    -0.036    -0.010     0.999
 3   126.033    -2.671     3.531
 3     0.359     0.116    -0.926
 3    -0.173     0.983     0.057
 3     0.917     0.139     0.374
 4   109.501   -19.890    -4.841
 4     0.428     0.763     0.485
 4    -0.901     0.320     0.291
 4     0.067    -0.562     0.825
 5   115.493   -18.639    20.350
 5     0.421     0.128     0.897
 5    -0.164    -0.963     0.215
 5     0.892    -0.237    -0.385
 6   136.328   -22.516    22.201
 6     0.936    -0.351     0.014
 6    -0.108    -0.249     0.962
 6    -0.334    -0.903    -0.271
 7   113.307    14.835    -5.864
 7     0.507    -0.766     0.394
 7     0.837     0.329    -0.437
 7     0.205     0.552     0.808
 8   117.034    14.071    19.776
 8     0.373     0.242     0.896
 8     0.340    -0.934     0.110
 8     0.863     0.263    -0.431
 9   123.705    32.525    19.930
 9     0.368     0.764     0.529
 9     0.766     0.073    -0.638
 9    -0.526     0.641    -0.559
 2    96.648   -18.456    60.041
 2     0.160    -0.987    -0.004
 2     0.986     0.159     0.037
 2    -0.036    -0.010     0.999
 3   126.026    -2.673     3.487
 3     0.360     0.117    -0.925
 3    -0.174     0.983     0.057
 3     0.916     0.140     0.375
 4   109.451   -19.841    -4.794
 4     0.425     0.767     0.479
 4    -0.902     0.320     0.289
 4     0.068    -0.556     0.829
 5   115.384   -18.640    20.363
 5     0.414     0.110     0.903
 5    -0.169    -0.966     0.195
 5     0.894    -0.234    -0.381
 6   136.045   -22.939    22.464
 6     0.937    -0.349     0.027
 6    -0.130    -0.273     0.953
 6    -0.325    -0.897    -0.301
 7   113.209    14.886    -5.867
 7     0.506    -0.767     0.395
 7     0.838     0.327    -0.438
 7     0.206     0.552     0.807
 8   116.992    14.128    19.760
 8     0.369     0.251     0.895
 8     0.340    -0.932     0.122
 8     0.865     0.259    -0.430
 9   123.590    32.662    20.085
 9     0.364     0.764     0.532
 9     0.773     0.071    -0.631
 9    -0.520     0.641    -0.565
 2    96.646   -18.456    60.044
 2     0.159    -0.987    -0.004
 2     0.986     0.158     0.037
 2    -0.037    -0.010     0.999
 3   125.950    -2.674     3.460
 3     0.361     0.118    -0.925
 3    -0.175     0.983     0.057
 3     0.916     0.142     0.375
 4   109.448   -19.791    -4.842
 4     0.426     0.767     0.479
 4    -0.902     0.321     0.288
 4     0.067    -0.555     0.829
 5   115.383   -18.617    20.339
 5     0.414     0.110     0.903
 5    -0.171    -0.965     0.197
 5     0.894    -0.236    -0.381
 6   136.042   -22.864    22.467
 6     0.936    -0.349     0.026
 6    -0.128    -0.271     0.954
 6    -0.326    -0.897    -0.299
 7   113.264    14.938    -5.771
 7     0.507    -0.766     0.394
 7     0.836     0.328    -0.440
 7     0.208     0.552     0.807
 8   117.057    14.174    19.855
 8     0.372     0.229     0.899
 8     0.330    -0.938     0.102
 8     0.867     0.258    -0.425
 9   124.261    32.427    20.210
 9     0.391     0.765     0.512
 9     0.761     0.044    -0.647
 9    -0.517     0.642    -0.565
 2    96.646   -18.456    60.044
 2     0.159    -0.987    -0.005
 2     0.986     0.158     0.038
 2    -0.037    -0.010     0.999
 3   125.950    -2.675     3.486
 3     0.361     0.118    -0.925
 3    -0.176     0.983     0.056
 3     0.916     0.142     0.375
 4   109.498   -19.789    -4.844
 4     0.429     0.766     0.478
 4    -0.901     0.324     0.290
 4     0.067    -0.555     0.829
 5   115.402   -18.642    20.338
 5     0.414     0.125     0.901
 5    -0.168    -0.963     0.211
 5     0.894    -0.239    -0.378
 6   136.096   -22.681    22.524
 6     0.939    -0.342     0.019
 6    -0.119    -0.271     0.955
 6    -0.321    -0.900    -0.295
 7   113.366    15.013    -5.771
 7     0.513    -0.764     0.392
 7     0.833     0.332    -0.443
 7     0.208     0.553     0.806
 8   117.131    14.167    19.927
 8     0.376     0.193     0.906
 8     0.319    -0.945     0.070
 8     0.870     0.263    -0.417
 9   125.563    31.664    20.288
 9     0.445     0.762     0.470
 9     0.730    -0.005    -0.683
 9    -0.519     0.648    -0.558
 2    96.646   -18.406    60.044
 2     0.159    -0.987    -0.004
 2     0.986     0.158     0.037
 2    -0.037    -0.010     0.999
 3   125.950    -2.599     3.461
 3     0.359     0.116    -0.926
 3    -0.176     0.983     0.055
 3     0.916     0.143     0.374
 4   109.766   -19.783    -4.789
 4     0.445     0.757     0.479
 4    -0.893     0.336     0.298
 4     0.064    -0.560     0.825
 5   115.613   -18.795    20.234
 5     0.418     0.158     0.894
 5    -0.163    -0.956     0.245
 5     0.894    -0.248    -0.374
 6   136.469   -22.077    22.754
 6     0.947    -0.320    -0.007
 6    -0.091    -0.287     0.953
 6    -0.307    -0.903    -0.301
 7   113.563    15.057    -5.710
 7     0.526    -0.757     0.388
 7     0.825     0.343    -0.448
 7     0.205     0.556     0.805
 8   117.579    14.355    19.894
 8     0.405     0.111     0.907
 8     0.293    -0.956    -0.014
 8     0.866     0.272    -0.420
 9   127.531    30.175    19.884
 9     0.511     0.760     0.401
 9     0.678    -0.069    -0.732
 9    -0.529     0.646    -0.550
 2    96.648   -18.456    60.041
 2     0.159    -0.987    -0.004
 2     0.986     0.159     0.037
 2    -0.036    -0.010     0.999
 3   126.029    -2.597     3.476
 3     0.358     0.112    -0.927
 3    -0.176     0.983     0.051
 3     0.917     0.145     0.371
 4   109.935   -19.730    -4.859
 4     0.454     0.750     0.480
 4    -0.889     0.344     0.302
 4     0.061    -0.564     0.823
 5   115.699   -18.819    20.188
 5     0.421     0.180     0.889
 5    -0.157    -0.951     0.267
 5     0.893    -0.252    -0.372
 6   136.793   -21.575    22.935
 6     0.953    -0.300    -0.028
 6    -0.067    -0.302     0.951
 6    -0.293    -0.905    -0.309
 7   113.710    15.103    -5.704
 7     0.535    -0.752     0.386
 7     0.820     0.352    -0.451
 7     0.203     0.558     0.804
 8   117.761    14.346    20.051
 8     0.427     0.031     0.903
 8     0.265    -0.960    -0.092
 8     0.864     0.278    -0.419
 9   129.089    29.000    20.096
 9     0.568     0.748     0.344
 9     0.629    -0.125    -0.767
 9    -0.531     0.652    -0.542
 2    96.648   -18.456    60.041
 2     0.159    -0.987    -0.004
 2     0.986     0.158     0.037
 2    -0.036    -0.010     0.999
 3   126.205    -2.547     3.465
 3     0.354     0.101    -0.930
 3    -0.178     0.983     0.039
 3     0.918     0.151     0.366
 4   110.216   -19.703    -4.947
 4     0.470     0.742     0.477
 4    -0.881     0.361     0.306
 4     0.054    -0.564     0.824
 5   115.979   -18.974    20.168
 5     0.425     0.210     0.880
 5    -0.153    -0.942     0.299
 5     0.892    -0.262    -0.368
 6   137.187   -20.974    23.143
 6     0.959    -0.278    -0.052
 6    -0.040    -0.314     0.948
 6    -0.280    -0.908    -0.312
 7   113.786    15.127    -5.704
 7     0.539    -0.748     0.386
 7     0.817     0.355    -0.454
 7     0.203     0.560     0.803
 8   118.125    14.411    20.130
 8     0.450    -0.054     0.891
 8     0.231    -0.957    -0.175
 8     0.863     0.285    -0.418
 9   130.923    27.487    19.884
 9     0.631     0.730     0.262
 9     0.562    -0.197    -0.803
 9    -0.535     0.654    -0.535
 2    96.646   -18.456    59.993
 2     0.159    -0.987    -0.004
 2     0.986     0.158     0.037
 2    -0.037    -0.010     0.999
 3   126.339    -2.416     3.446
 3     0.350     0.090    -0.932
 3    -0.176     0.984     0.029
 3     0.920     0.153     0.360
 4   110.552   -19.699    -5.019
 4     0.485     0.736     0.471
 4    -0.873     0.377     0.309
 4     0.050    -0.562     0.826
 5   116.139   -19.000    20.013
 5     0.427     0.243     0.870
 5    -0.147    -0.931     0.333
 5     0.892    -0.271    -0.362
 6   137.524   -20.030    23.483
 6     0.965    -0.245    -0.089
 6    -0.001    -0.343     0.939
 6    -0.260    -0.907    -0.331
 7   113.960    15.175    -5.626
 7     0.546    -0.744     0.385
 7     0.813     0.359    -0.458
 7     0.202     0.563     0.801
 8   118.488    14.440    20.236
 8     0.476    -0.141     0.868
 8     0.195    -0.945    -0.260
 8     0.857     0.293    -0.422
 9   132.544    25.782    19.654
 9     0.686     0.706     0.175
 9     0.481    -0.260    -0.837
 9    -0.546     0.658    -0.518
 2    96.648   -18.456    60.041
 2     0.159    -0.987    -0.004
 2     0.986     0.159     0.037
 2    -0.036    -0.010     0.999
 3   126.393    -2.313     3.487
 3     0.348     0.085    -0.933
 3    -0.175     0.984     0.025
 3     0.921     0.155     0.357
 4   110.884   -19.646    -5.188
 4     0.501     0.729     0.465
 4    -0.864     0.394     0.312
 4     0.044    -0.559     0.828
 5   116.513   -19.156    19.798
 5     0.432     0.276     0.858
 5    -0.144    -0.919     0.368
 5     0.890    -0.283    -0.357
 6   137.850   -18.939    23.674
 6     0.969    -0.212    -0.125
 6     0.042    -0.358     0.933
 6    -0.242    -0.909    -0.338
 7   114.010    15.276    -5.575
 7     0.549    -0.742     0.385
 7     0.811     0.361    -0.460
 7     0.202     0.565     0.800
 8   118.712    14.623    20.312
 8     0.498    -0.232     0.836
 8     0.158    -0.923    -0.350
 8     0.853     0.306    -0.423
 9   134.389    23.022    19.417
 9     0.747     0.662     0.062
 9     0.366    -0.331    -0.870
 9    -0.555     0.672    -0.490
 2    96.646   -18.406    59.993
 2     0.159    -0.987    -0.004
 2     0.986     0.158     0.038
 2    -0.037    -0.010     0.999
 3   126.490    -2.236     3.484
 3     0.347     0.078    -0.935
 3    -0.174     0.984     0.017
 3     0.921     0.157     0.355
 4   111.166   -19.593    -5.279
 4     0.516     0.722     0.461
 4    -0.856     0.410     0.315
 4     0.038    -0.557     0.830
 5   116.882   -19.285    19.681
 5     0.439     0.324     0.838
 5    -0.135    -0.898     0.418
 5     0.888    -0.296    -0.351
 6   138.258   -17.440    23.886
 6     0.968    -0.172    -0.181
 6     0.109    -0.362     0.926
 6    -0.225    -0.916    -0.332
 7   114.078    15.348    -5.568
 7     0.553    -0.737     0.388
 7     0.809     0.364    -0.461
 7     0.199     0.569     0.797
 8   119.042    14.923    20.537
 8     0.522    -0.322     0.790
 8     0.114    -0.891    -0.438
 8     0.845     0.319    -0.429
 9   136.195    19.395    19.294
 9     0.800     0.591    -0.103
 9     0.197    -0.421    -0.885
 9    -0.567     0.688    -0.453
 2    96.646   -18.406    60.044
 2     0.159    -0.987    -0.004
 2     0.986     0.158     0.037
 2    -0.037    -0.010     0.999
 3   126.569    -2.057     3.474
 3     0.346     0.071    -0.935
 3    -0.175     0.984     0.010
 3     0.922     0.160     0.353
 4   111.468   -19.518    -5.436
 4     0.529     0.714     0.459
 4    -0.848     0.426     0.315
 4     0.029    -0.556     0.831
 5   117.143   -19.593    19.520
 5     0.448     0.370     0.814
 5    -0.127    -0.874     0.468
 5     0.885    -0.313    -0.344
 6   138.458   -15.806    24.240
 6     0.963    -0.121    -0.238
 6     0.182    -0.354     0.917
 6    -0.196    -0.927    -0.320
 7   114.173    15.521    -5.514
 7     0.561    -0.730     0.390
 7     0.803     0.369    -0.467
 7     0.197     0.576     0.793
 8   119.460    14.961    20.653
 8     0.548    -0.412     0.728
 8     0.062    -0.848    -0.527
 8     0.834     0.334    -0.439
 9   137.434    15.197    18.911
 9     0.816     0.501    -0.287
 9     0.001    -0.499    -0.867
 9    -0.578     0.707    -0.408
 2    96.699   -18.455    59.990
 2     0.159    -0.987    -0.004
 2     0.986     0.158     0.037
 2    -0.036    -0.010     0.999
 3   126.668    -1.956     3.474
 3     0.345     0.068    -0.936
 3    -0.175     0.984     0.007
 3     0.922     0.161     0.352
 4   111.652   -19.365    -5.551
 4     0.540     0.706     0.456
 4    -0.841     0.438     0.317
 4     0.023    -0.555     0.831
 5   117.423   -19.643    19.287
 5     0.450     0.415     0.790
 5    -0.117    -0.850     0.513
 5     0.885    -0.324    -0.334
 6   138.470   -14.391    24.877
 6     0.957    -0.059    -0.285
 6     0.250    -0.339     0.907
 6    -0.150    -0.939    -0.309
 7   114.298    15.568    -5.486
 7     0.571    -0.723     0.389
 7     0.797     0.374    -0.473
 7     0.196     0.580     0.790
 8   119.897    15.128    20.901
 8     0.569    -0.491     0.659
