% Calibrated with leiden_pols
% Positions are in centimeters
Data =[
 2    96.699   -18.455    59.990
 2     0.159    -0.987    -0.004
 2     0.986     0.158     0.037
 2    -0.036    -0.010     0.999
 3   123.214    -0.417     4.593
 3     0.364    -0.004    -0.931
 3    -0.149     0.987    -0.062
 3     0.919     0.161     0.359
 4   109.811   -18.586    -4.747
 4     0.647     0.603     0.465
 4    -0.762     0.528     0.375
 4    -0.020    -0.597     0.802
 5   118.375   -20.419    19.525
 5     0.543     0.749     0.378
 5     0.030    -0.467     0.883
 5     0.839    -0.469    -0.277
 6   133.361    -1.986    27.074
 6     0.600     0.273    -0.752
 6     0.799    -0.164     0.578
 6     0.035    -0.948    -0.316
 7   109.570    16.324    -4.129
 7     0.597    -0.636     0.488
 7     0.788     0.355    -0.502
 7     0.146     0.685     0.714
 8   120.783    15.590    21.187
 8     0.621    -0.783     0.027
 8    -0.328    -0.291    -0.899
 8     0.711     0.550    -0.438
 9   129.900    -5.964    18.577
 9     0.212     0.045    -0.976
 9    -0.837    -0.508    -0.205
 9    -0.505     0.860    -0.070
 2    96.698   -18.455    60.041
 2     0.159    -0.987    -0.004
 2     0.986     0.158     0.037
 2    -0.036    -0.010     0.999
 3   123.591    -0.469     4.532
 3     0.360    -0.007    -0.933
 3    -0.153     0.986    -0.066
 3     0.920     0.166     0.353
 4   110.503   -18.506    -4.878
 4     0.657     0.599     0.458
 4    -0.754     0.539     0.376
 4    -0.021    -0.592     0.805
 5   118.986   -20.463    19.316
 5     0.534     0.765     0.360
 5     0.036    -0.446     0.894
 5     0.844    -0.465    -0.266
 6   133.608    -1.949    27.166
 6     0.590     0.285    -0.756
 6     0.806    -0.153     0.571
 6     0.047    -0.946    -0.320
 7   110.157    16.356    -4.192
 7     0.594    -0.641     0.484
 7     0.790     0.353    -0.502
 7     0.151     0.681     0.716
 8   121.051    15.443    21.333
 8     0.611    -0.791     0.034
 8    -0.334    -0.297    -0.894
 8     0.717     0.535    -0.446
 9   130.240    -6.038    18.649
 9     0.218     0.038    -0.975
 9    -0.834    -0.512    -0.206
 9    -0.507     0.858    -0.080
 2    96.648   -18.456    59.990
 2     0.159    -0.987    -0.004
 2     0.986     0.159     0.037
 2    -0.036    -0.010     0.999
 3   124.101    -0.467     4.515
 3     0.354    -0.012    -0.935
 3    -0.154     0.985    -0.071
 3     0.922     0.169     0.348
 4   111.069   -18.504    -5.156
 4     0.662     0.597     0.453
 4    -0.749     0.546     0.376
 4    -0.023    -0.588     0.808
 5   119.275   -20.459    19.114
 5     0.529     0.770     0.355
 5     0.036    -0.439     0.897
 5     0.848    -0.462    -0.261
 6   133.849    -1.890    27.270
 6     0.584     0.294    -0.757
 6     0.810    -0.148     0.567
 6     0.055    -0.944    -0.324
 7   110.663    16.334    -4.196
 7     0.593    -0.646     0.481
 7     0.791     0.352    -0.501
 7     0.153     0.677     0.719
 8   121.339    15.371    21.286
 8     0.605    -0.795     0.041
 8    -0.336    -0.302    -0.892
 8     0.721     0.526    -0.450
 9   130.532    -6.087    18.744
 9     0.223     0.030    -0.974
 9    -0.832    -0.515    -0.206
 9    -0.508     0.856    -0.090
 2    96.646   -18.456    59.993
 2     0.159    -0.987    -0.004
 2     0.986     0.158     0.037
 2    -0.037    -0.010     0.999
 3   124.525    -0.389     4.439
 3     0.354    -0.012    -0.935
 3    -0.153     0.985    -0.071
 3     0.922     0.168     0.346
 4   111.691   -18.402    -5.335
 4     0.662     0.599     0.450
 4    -0.749     0.547     0.373
 4    -0.023    -0.584     0.811
 5   119.720   -20.457    18.914
 5     0.522     0.770     0.366
 5     0.030    -0.446     0.894
 5     0.852    -0.456    -0.256
 6   134.291    -1.935    27.345
 6     0.584     0.295    -0.756
 6     0.809    -0.138     0.571
 6     0.064    -0.945    -0.320
 7   111.548    16.416    -4.305
 7     0.590    -0.652     0.476
 7     0.792     0.352    -0.499
 7     0.157     0.671     0.724
 8   121.782    15.253    21.277
 8     0.597    -0.800     0.053
 8    -0.338    -0.312    -0.888
 8     0.727     0.512    -0.457
 9   131.314    -5.902    18.808
 9     0.238     0.020    -0.971
 9    -0.826    -0.522    -0.213
 9    -0.511     0.852    -0.108
 2    96.648   -18.456    60.041
 2     0.159    -0.987    -0.004
 2     0.986     0.159     0.037
 2    -0.036    -0.010     0.999
 3   125.462    -0.411     4.248
 3     0.350    -0.012    -0.936
 3    -0.153     0.986    -0.070
 3     0.924     0.167     0.343
 4   112.699   -18.399    -5.578
 4     0.657     0.608     0.445
 4    -0.754     0.543     0.369
 4    -0.018    -0.578     0.816
 5   120.279   -20.295    18.751
 5     0.512     0.769     0.382
 5     0.030    -0.461     0.887
 5     0.858    -0.443    -0.259
 6   135.172    -2.063    27.387
 6     0.597     0.286    -0.750
 6     0.799    -0.133     0.586
 6     0.067    -0.949    -0.308
 7   112.612    16.345    -4.512
 7     0.587    -0.663     0.464
 7     0.793     0.356    -0.494
 7     0.161     0.659     0.735
 8   122.320    15.277    21.211
 8     0.588    -0.805     0.085
 8    -0.328    -0.333    -0.884
 8     0.739     0.492    -0.460
 9   132.366    -5.600    18.923
 9     0.276     0.011    -0.961
 9    -0.813    -0.531    -0.240
 9    -0.513     0.847    -0.137
 2    96.648   -18.456    60.041
 2     0.159    -0.987    -0.004
 2     0.986     0.159     0.037
 2    -0.036    -0.010     0.999
 3   126.347    -0.577     4.109
 3     0.340    -0.006    -0.940
 3    -0.148     0.987    -0.060
 3     0.929     0.159     0.334
 4   113.532   -18.619    -5.669
 4     0.647     0.622     0.441
 4    -0.763     0.530     0.371
 4    -0.003    -0.576     0.817
 5   120.506   -20.074    18.908
 5     0.493     0.756     0.431
 5     0.024    -0.507     0.861
 5     0.870    -0.414    -0.268
 6   136.423    -2.851    27.142
 6     0.648     0.230    -0.725
 6     0.759    -0.128     0.638
 6     0.054    -0.964    -0.258
 7   113.602    16.173    -4.743
 7     0.586    -0.673     0.451
 7     0.793     0.363    -0.489
 7     0.165     0.644     0.747
 8   122.543    15.140    21.288
 8     0.580    -0.801     0.147
 8    -0.304    -0.381    -0.873
 8     0.755     0.461    -0.465
 9   134.004    -4.322    18.845
 9     0.363     0.027    -0.932
 9    -0.765    -0.563    -0.314
 9    -0.533     0.826    -0.183
 2    96.648   -18.456    60.041
 2     0.159    -0.987    -0.004
 2     0.986     0.159     0.037
 2    -0.036    -0.010     0.999
 3   126.927    -0.799     4.131
 3     0.328     0.004    -0.945
 3    -0.145     0.988    -0.046
 3     0.933     0.152     0.325
 4   114.045   -18.838    -5.664
 4     0.635     0.637     0.437
 4    -0.772     0.513     0.374
 4     0.014    -0.575     0.818
 5   119.997   -19.887    19.072
 5     0.465     0.708     0.531
 5    -0.006    -0.598     0.802
 5     0.885    -0.376    -0.274
 6   137.919    -5.648    27.434
 6     0.760     0.214    -0.614
 6     0.649    -0.193     0.736
 6     0.039    -0.958    -0.285
 7   114.440    15.995    -4.911
 7     0.589    -0.683     0.431
 7     0.790     0.378    -0.482
 7     0.166     0.625     0.763
 8   122.245    14.977    21.156
 8     0.581    -0.773     0.255
 8    -0.255    -0.470    -0.845
 8     0.773     0.426    -0.470
 9   135.665    -1.990    18.540
 9     0.481     0.080    -0.873
 9    -0.670    -0.609    -0.425
 9    -0.566     0.789    -0.239
 2    96.648   -18.456    60.041
 2     0.159    -0.987    -0.004
 2     0.986     0.159     0.037
 2    -0.036    -0.010     0.999
 3   127.342    -0.972     4.043
 3     0.315     0.025    -0.949
 3    -0.145     0.989    -0.022
 3     0.938     0.144     0.315
 4   114.015   -19.014    -5.608
 4     0.607     0.664     0.436
 4    -0.794     0.485     0.368
 4     0.033    -0.569     0.821
 5   119.376   -19.612    19.213
 5     0.449     0.638     0.625
 5    -0.040    -0.685     0.727
 5     0.892    -0.352    -0.282
