% Calibrated with leiden_pols
% Positions are in centimeters
Data =[
 2    96.696   -18.456    60.044
 2     0.159    -0.987    -0.004
 2     0.986     0.158     0.037
 2    -0.037    -0.010     0.999
 3   126.683    -0.578     4.232
 3     0.332     0.023    -0.943
 3    -0.171     0.984    -0.036
 3     0.927     0.173     0.331
 4   113.602   -18.383    -5.683
 4     0.648     0.616     0.448
 4    -0.761     0.522     0.384
 4     0.003    -0.590     0.807
 5   121.045   -20.697    18.721
 5     0.504     0.777     0.376
 5     0.027    -0.450     0.892
 5     0.863    -0.440    -0.249
 6   135.705    -2.638    29.195
 6     0.605     0.406    -0.685
 6     0.786    -0.170     0.594
 6     0.125    -0.898    -0.422
 7   114.128    16.486    -5.094
 7     0.603    -0.674     0.426
 7     0.776     0.373    -0.508
 7     0.183     0.637     0.748
 8   123.096    15.737    21.093
 8     0.550    -0.833     0.063
 8    -0.323    -0.282    -0.903
 8     0.770     0.476    -0.424
 9   132.499    -6.394    21.014
 9     0.292    -0.273    -0.917
 9    -0.851    -0.511    -0.120
 9    -0.436     0.815    -0.381
 2    96.696   -18.405    60.044
 2     0.158    -0.987    -0.004
 2     0.986     0.158     0.037
 2    -0.037    -0.010     0.999
 3   126.632    -0.578     4.232
 3     0.333     0.022    -0.943
 3    -0.171     0.984    -0.037
 3     0.927     0.173     0.331
 4   113.605   -18.382    -5.686
 4     0.648     0.615     0.448
 4    -0.761     0.521     0.385
 4     0.004    -0.591     0.807
 5   121.044   -20.671    18.772
 5     0.504     0.777     0.375
 5     0.028    -0.450     0.893
 5     0.863    -0.440    -0.249
 6   135.680    -2.536    29.195
 6     0.604     0.406    -0.685
 6     0.786    -0.169     0.593
 6     0.125    -0.898    -0.422
 7   114.078    16.486    -5.094
 7     0.603    -0.674     0.427
 7     0.776     0.373    -0.508
 7     0.183     0.637     0.748
 8   123.046    15.737    21.144
 8     0.550    -0.833     0.063
 8    -0.323    -0.282    -0.903
 8     0.770     0.477    -0.424
 9   132.501    -6.366    21.010
 9     0.293    -0.273    -0.916
 9    -0.851    -0.510    -0.120
 9    -0.435     0.815    -0.382
 2    96.696   -18.405    60.044
 2     0.158    -0.987    -0.004
 2     0.986     0.158     0.037
 2    -0.037    -0.010     0.999
 3   126.640    -0.575     4.224
 3     0.332     0.023    -0.943
 3    -0.170     0.985    -0.036
 3     0.928     0.172     0.331
 4   113.557   -18.381    -5.638
 4     0.649     0.615     0.448
 4    -0.761     0.521     0.387
 4     0.005    -0.592     0.806
 5   121.019   -20.671    18.771
 5     0.504     0.778     0.374
 5     0.029    -0.449     0.893
 5     0.863    -0.440    -0.249
 6   135.679    -2.536    29.195
 6     0.604     0.406    -0.686
 6     0.787    -0.169     0.593
 6     0.125    -0.898    -0.421
 7   114.077    16.487    -5.094
 7     0.602    -0.674     0.427
 7     0.777     0.372    -0.508
 7     0.183     0.637     0.748
 8   123.046    15.738    21.195
 8     0.550    -0.832     0.063
 8    -0.322    -0.282    -0.904
 8     0.770     0.477    -0.424
 9   132.450    -6.316    21.010
 9     0.293    -0.273    -0.916
 9    -0.851    -0.510    -0.121
 9    -0.435     0.815    -0.382
 2    96.696   -18.405    60.044
 2     0.158    -0.987    -0.004
 2     0.986     0.158     0.038
 2    -0.037    -0.010     0.999
 3   126.640    -0.575     4.275
 3     0.332     0.023    -0.943
 3    -0.170     0.985    -0.036
 3     0.928     0.172     0.331
 4   113.558   -18.380    -5.638
 4     0.649     0.615     0.448
 4    -0.761     0.520     0.387
 4     0.005    -0.593     0.805
 5   121.044   -20.670    18.771
 5     0.505     0.778     0.374
 5     0.030    -0.449     0.893
 5     0.863    -0.440    -0.250
 6   135.679    -2.587    29.245
 6     0.604     0.406    -0.686
 6     0.787    -0.169     0.593
 6     0.125    -0.898    -0.421
 7   114.027    16.436    -5.069
 7     0.602    -0.674     0.427
 7     0.777     0.372    -0.508
 7     0.183     0.638     0.748
 8   123.018    15.737    21.149
 8     0.552    -0.832     0.063
 8    -0.322    -0.282    -0.904
 8     0.769     0.478    -0.423
 9   132.453    -6.314    21.006
 9     0.294    -0.273    -0.916
 9    -0.851    -0.510    -0.121
 9    -0.434     0.815    -0.382
 2    96.645   -18.405    60.044
 2     0.158    -0.987    -0.004
 2     0.986     0.158     0.038
 2    -0.037    -0.010     0.999
 3   126.640    -0.574     4.275
 3     0.332     0.023    -0.943
 3    -0.169     0.985    -0.035
 3     0.928     0.171     0.331
 4   113.558   -18.381    -5.638
 4     0.648     0.615     0.448
 4    -0.761     0.520     0.387
 4     0.005    -0.593     0.805
 5   121.044   -20.670    18.771
 5     0.505     0.778     0.374
 5     0.030    -0.449     0.893
 5     0.863    -0.440    -0.250
 6   135.679    -2.587    29.194
 6     0.604     0.405    -0.686
 6     0.787    -0.169     0.593
 6     0.125    -0.899    -0.421
 7   114.025    16.486    -5.091
 7     0.602    -0.674     0.428
 7     0.777     0.372    -0.508
 7     0.182     0.638     0.748
 8   123.047    15.738    21.145
 8     0.552    -0.832     0.064
 8    -0.322    -0.283    -0.904
 8     0.770     0.478    -0.423
 9   132.452    -6.365    21.057
 9     0.294    -0.274    -0.916
 9    -0.852    -0.510    -0.121
 9    -0.434     0.815    -0.383
 2    96.646   -18.406    59.993
 2     0.159    -0.987    -0.004
 2     0.986     0.158     0.037
 2    -0.037    -0.010     0.999
 3   126.640    -0.574     4.224
 3     0.333     0.024    -0.943
 3    -0.169     0.985    -0.035
 3     0.928     0.171     0.332
 4   113.558   -18.381    -5.638
 4     0.648     0.615     0.449
 4    -0.761     0.520     0.388
 4     0.005    -0.593     0.805
 5   121.019   -20.696    18.822
 5     0.505     0.778     0.375
 5     0.029    -0.449     0.893
 5     0.863    -0.440    -0.250
 6   135.676    -2.537    29.197
 6     0.604     0.403    -0.687
 6     0.787    -0.168     0.593
 6     0.124    -0.899    -0.419
 7   114.025    16.435    -5.092
 7     0.603    -0.673     0.428
 7     0.777     0.373    -0.508
 7     0.182     0.639     0.747
 8   123.046    15.739    21.144
 8     0.552    -0.831     0.064
 8    -0.321    -0.283    -0.904
 8     0.770     0.478    -0.423
 9   132.502    -6.364    21.056
 9     0.295    -0.273    -0.916
 9    -0.851    -0.510    -0.122
 9    -0.434     0.815    -0.383
 2    96.646   -18.406    60.044
 2     0.159    -0.987    -0.004
 2     0.986     0.158     0.037
 2    -0.037    -0.010     0.999
 3   126.634    -0.601     4.233
 3     0.333     0.023    -0.943
 3    -0.169     0.985    -0.035
 3     0.927     0.171     0.332
 4   113.559   -18.432    -5.688
 4     0.647     0.615     0.450
 4    -0.762     0.519     0.387
 4     0.005    -0.594     0.805
 5   120.695   -20.283    18.887
 5     0.501     0.766     0.403
 5     0.030    -0.481     0.876
 5     0.865    -0.427    -0.264
 6   136.290    -3.202    29.149
 6     0.656     0.365    -0.660
 6     0.748    -0.201     0.632
 6     0.098    -0.909    -0.405
 7   114.075    16.435    -5.091
 7     0.602    -0.674     0.428
 7     0.777     0.373    -0.507
 7     0.182     0.638     0.748
 8   122.686    15.574    21.079
 8     0.561    -0.822     0.102
 8    -0.307    -0.321    -0.896
 8     0.769     0.471    -0.432
 9   133.536    -5.480    20.659
 9     0.363    -0.236    -0.902
 9    -0.813    -0.552    -0.183
 9    -0.455     0.799    -0.392
 2    96.646   -18.406    60.044
 2     0.159    -0.987    -0.004
 2     0.986     0.158     0.037
 2    -0.037    -0.010     0.999
 3   126.584    -0.650     4.232
 3     0.334     0.022    -0.942
 3    -0.167     0.985    -0.036
 3     0.927     0.170     0.333
 4   113.566   -18.558    -5.648
 4     0.643     0.622     0.446
 4    -0.766     0.516     0.384
 4     0.009    -0.589     0.808
 5   120.173   -19.975    19.039
 5     0.492     0.736     0.464
 5     0.014    -0.541     0.841
 5     0.870    -0.407    -0.277
 6   137.532    -5.336    28.849
 6     0.755     0.286    -0.590
 6     0.652    -0.240     0.719
 6     0.064    -0.928    -0.368
 7   114.016    16.305    -5.180
 7     0.600    -0.675     0.428
 7     0.779     0.375    -0.502
 7     0.178     0.635     0.751
 8   122.036    15.438    21.069
 8     0.575    -0.795     0.191
 8    -0.266    -0.403    -0.876
 8     0.773     0.453    -0.443
 9   134.828    -3.557    20.302
 9     0.472    -0.146    -0.869
 9    -0.740    -0.602    -0.300
 9    -0.480     0.785    -0.392
 2    96.646   -18.406    60.044
 2     0.159    -0.987    -0.004
 2     0.986     0.158     0.037
 2    -0.037    -0.010     0.999
 3   126.586    -0.696     4.234
 3     0.337     0.021    -0.941
 3    -0.163     0.986    -0.036
 3     0.927     0.165     0.335
 4   113.476   -18.787    -5.614
 4     0.635     0.634     0.441
 4    -0.772     0.510     0.379
 4     0.015    -0.581     0.814
 5   119.786   -19.920    19.126
 5     0.479     0.697     0.533
 5    -0.005    -0.605     0.796
 5     0.877    -0.385    -0.286
 6   138.324    -7.362    28.342
 6     0.826     0.207    -0.523
 6     0.562    -0.240     0.792
 6     0.039    -0.948    -0.314
 7   113.922    16.070    -5.279
 7     0.598    -0.677     0.430
 7     0.783     0.379    -0.492
 7     0.169     0.631     0.757
 8   121.507    15.432    21.119
 8     0.591    -0.756     0.279
 8    -0.217    -0.483    -0.848
 8     0.776     0.441    -0.450
 9   136.052    -0.759    19.751
 9     0.568    -0.040    -0.822
 9    -0.639    -0.650    -0.411
 9    -0.518     0.759    -0.395
 2    96.646   -18.406    60.044
 2     0.159    -0.987    -0.004
 2     0.986     0.158     0.037
 2    -0.037    -0.010     0.999
 3   126.632    -0.819     4.142
 3     0.342     0.023    -0.939
 3    -0.158     0.987    -0.033
 3     0.926     0.160     0.341
 4   113.485   -18.887    -5.578
 4     0.631     0.641     0.436
 4    -0.775     0.507     0.376
 4     0.020    -0.576     0.817
 5   119.372   -19.930    19.206
 5     0.468     0.635     0.614
 5    -0.042    -0.678     0.734
 5     0.882    -0.370    -0.291
 6   138.859   -10.199    27.654
 6     0.889     0.087    -0.449
 6     0.458    -0.162     0.874
 6     0.003    -0.983    -0.184
 7   113.915    16.018    -5.320
 7     0.594    -0.679     0.431
 7     0.787     0.380    -0.486
 7     0.166     0.627     0.760
 8   121.007    15.402    21.063
 8     0.603    -0.709     0.366
 8    -0.166    -0.560    -0.812
 8     0.780     0.429    -0.455
 9   136.989     1.988    19.294
 9     0.642     0.072    -0.763
 9    -0.534    -0.673    -0.512
 9    -0.550     0.736    -0.394
 2    96.646   -18.406    60.044
 2     0.159    -0.987    -0.004
 2     0.986     0.158     0.037
 2    -0.037    -0.010     0.999
 3   126.627    -0.819     4.075
 3     0.345     0.024    -0.938
 3    -0.157     0.987    -0.033
 3     0.925     0.158     0.344
 4   113.316   -18.968    -5.689
 4     0.618     0.656     0.432
 4    -0.785     0.500     0.365
 4     0.024    -0.566     0.824
 5   118.812   -19.681    19.182
 5     0.455     0.562     0.690
 5    -0.073    -0.750     0.658
 5     0.887    -0.350    -0.301
 6   139.162   -11.880    27.126
 6     0.930     0.062    -0.362
 6     0.366    -0.229     0.902
 6    -0.026    -0.971    -0.236
 7   113.961    15.941    -5.364
 7     0.593    -0.680     0.430
 7     0.788     0.382    -0.483
 7     0.164     0.625     0.763
 8   120.463    15.457    20.945
 8     0.608    -0.648     0.458
 8    -0.105    -0.637    -0.763
 8     0.786     0.416    -0.456
 9   137.563     5.212    18.759
 9     0.711     0.176    -0.681
 9    -0.411    -0.682    -0.605
 9    -0.571     0.710    -0.412
 2    96.648   -18.456    59.990
 2     0.159    -0.987    -0.004
 2     0.986     0.158     0.037
 2    -0.036    -0.010     0.999
 3   126.673    -0.920     3.984
 3     0.349     0.028    -0.937
 3    -0.156     0.987    -0.029
 3     0.924     0.155     0.349
 4   113.035   -19.072    -5.575
 4     0.602     0.669     0.436
 4    -0.798     0.482     0.361
 4     0.031    -0.566     0.824
 5   118.288   -19.684    19.355
 5     0.447     0.480     0.755
 5    -0.097    -0.813     0.574
 5     0.889    -0.330    -0.317
 6   139.293   -13.821    26.920
 6     0.959     0.017    -0.282
 6     0.277    -0.249     0.928
 6    -0.054    -0.968    -0.244
 7   114.130    15.787    -5.481
 7     0.592    -0.682     0.429
 7     0.789     0.384    -0.478
 7     0.161     0.622     0.766
 8   119.996    15.247    20.710
 8     0.599    -0.574     0.558
 8    -0.042    -0.719    -0.694
 8     0.799     0.392    -0.455
 9   138.089     8.800    19.352
 9     0.789     0.286    -0.544
 9    -0.270    -0.634    -0.725
 9    -0.552     0.719    -0.423
 2    96.646   -18.406    59.993
 2     0.159    -0.987    -0.004
 2     0.986     0.158     0.037
 2    -0.037    -0.010     0.999
 3   126.689    -1.178     3.826
 3     0.354     0.040    -0.934
 3    -0.158     0.987    -0.017
 3     0.922     0.153     0.355
 4   112.398   -19.215    -5.513
 4     0.566     0.690     0.450
 4    -0.824     0.452     0.343
 4     0.033    -0.565     0.825
 5   117.663   -19.598    19.449
 5     0.441     0.406     0.800
 5    -0.127    -0.854     0.504
 5     0.888    -0.324    -0.325
 6   139.027   -15.619    26.601
 6     0.977    -0.009    -0.214
 6     0.205    -0.251     0.946
 6    -0.062    -0.968    -0.243
 7   114.310    15.761    -5.609
 7     0.595    -0.683     0.424
 7     0.787     0.388    -0.479
 7     0.162     0.619     0.768
 8   119.627    15.114    20.618
 8     0.577    -0.505     0.642
 8     0.016    -0.779    -0.627
 8     0.816     0.372    -0.442
 9   137.931    13.177    19.357
 9     0.837     0.416    -0.354
 9    -0.080    -0.548    -0.833
 9    -0.541     0.726    -0.426
 2    96.646   -18.405    59.993
 2     0.158    -0.987    -0.004
 2     0.986     0.158     0.037
 2    -0.037    -0.010     0.999
 3   126.660    -1.364     3.709
 3     0.353     0.052    -0.934
 3    -0.165     0.986    -0.008
 3     0.921     0.156     0.357
 4   112.076   -19.276    -5.582
 4     0.547     0.702     0.455
 4    -0.837     0.437     0.330
 4     0.033    -0.562     0.826
 5   117.297   -19.603    19.435
 5     0.430     0.358     0.828
 5    -0.144    -0.879     0.455
 5     0.891    -0.315    -0.326
 6   138.800   -16.889    26.839
 6     0.987    -0.010    -0.161
 6     0.153    -0.268     0.951
 6    -0.052    -0.963    -0.263
 7   114.397    15.614    -5.673
 7     0.593    -0.686     0.421
 7     0.788     0.385    -0.481
 7     0.167     0.617     0.769
 8   119.492    14.750    20.363
 8     0.566    -0.447     0.692
 8     0.057    -0.817    -0.574
 8     0.822     0.364    -0.437
 9   136.946    17.847    19.548
 9     0.832     0.530    -0.165
 9     0.126    -0.470    -0.874
 9    -0.540     0.706    -0.458
 2    96.646   -18.405    59.993
 2     0.158    -0.987    -0.004
 2     0.986     0.158     0.037
 2    -0.037    -0.010     0.999
 3   126.604    -1.518     3.717
 3     0.354     0.056    -0.934
 3    -0.166     0.986    -0.004
 3     0.920     0.156     0.358
 4   111.873   -19.396    -5.514
 4     0.526     0.724     0.446
 4    -0.849     0.413     0.331
 4     0.055    -0.553     0.832
 5   117.049   -19.466    19.579
 5     0.419     0.308     0.854
 5    -0.147    -0.905     0.398
 5     0.896    -0.293    -0.334
 6   138.629   -18.205    26.821
 6     0.994    -0.040    -0.097
 6     0.082    -0.286     0.955
 6    -0.066    -0.957    -0.281
 7   114.405    15.493    -5.806
 7     0.584    -0.696     0.417
 7     0.794     0.381    -0.474
 7     0.170     0.608     0.775
 8   118.900    14.683    20.178
 8     0.528    -0.340     0.778
 8     0.121    -0.877    -0.465
 8     0.840     0.340    -0.422
 9   135.346    21.540    19.842
 9     0.804     0.594    -0.001
 9     0.280    -0.379    -0.882
 9    -0.524     0.709    -0.471
 2    96.696   -18.405    60.044
 2     0.158    -0.987    -0.004
 2     0.986     0.158     0.038
 2    -0.037    -0.010     0.999
 3   126.609    -1.694     3.645
 3     0.355     0.067    -0.932
 3    -0.164     0.986     0.008
 3     0.920     0.150     0.361
 4   111.574   -19.446    -5.439
 4     0.510     0.736     0.445
 4    -0.857     0.395     0.329
 4     0.066    -0.550     0.833
 5   116.733   -19.234    19.746
 5     0.411     0.258     0.874
 5    -0.154    -0.926     0.346
 5     0.898    -0.277    -0.341
 6   138.411   -19.552    26.610
 6     0.996    -0.075    -0.047
 6     0.023    -0.285     0.958
 6    -0.085    -0.955    -0.282
 7   114.383    15.368    -5.807
 7     0.582    -0.699     0.416
 7     0.795     0.381    -0.472
 7     0.171     0.605     0.777
 8   118.835    14.697    20.134
 8     0.511    -0.275     0.814
 8     0.158    -0.901    -0.404
 8     0.845     0.335    -0.417
 9   134.037    23.951    20.033
 9     0.762     0.635     0.127
 9     0.385    -0.286    -0.878
 9    -0.521     0.718    -0.462
 2    96.645   -18.405    60.044
 2     0.158    -0.987    -0.004
 2     0.986     0.158     0.037
 2    -0.037    -0.010     0.999
 3   126.596    -2.005     3.522
 3     0.360     0.084    -0.929
 3    -0.167     0.985     0.024
 3     0.917     0.146     0.369
 4   111.213   -19.631    -5.411
 4     0.487     0.744     0.456
 4    -0.870     0.373     0.321
 4     0.069    -0.554     0.830
 5   116.469   -19.106    19.806
 5     0.412     0.222     0.883
 5    -0.159    -0.937     0.310
 5     0.897    -0.269    -0.351
 6   138.118   -20.257    26.437
 6     0.995    -0.101    -0.016
 6    -0.014    -0.287     0.958
 6    -0.101    -0.952    -0.287
 7   114.384    15.266    -5.857
 7     0.581    -0.701     0.414
 7     0.796     0.382    -0.470
 7     0.171     0.602     0.779
 8   118.713    14.490    19.973
 8     0.504    -0.214     0.836
 8     0.185    -0.919    -0.347
 8     0.843     0.330    -0.424
 9   132.098    26.325    19.919
 9     0.697     0.670     0.254
 9     0.486    -0.181    -0.855
 9    -0.527     0.719    -0.452
 2    96.645   -18.405    60.044
 2     0.158    -0.987    -0.004
 2     0.986     0.158     0.038
 2    -0.037    -0.010     0.999
 3   126.543    -2.133     3.532
 3     0.363     0.092    -0.927
 3    -0.167     0.985     0.032
 3     0.916     0.143     0.373
 4   110.945   -19.685    -5.361
 4     0.477     0.749     0.460
 4    -0.876     0.362     0.318
 4     0.071    -0.555     0.829
 5   116.247   -19.003    19.947
 5     0.405     0.184     0.895
 5    -0.165    -0.949     0.270
 5     0.899    -0.257    -0.354
 6   137.901   -21.121    25.896
 6     0.991    -0.130     0.010
 6    -0.045    -0.269     0.962
 6    -0.123    -0.954    -0.272
 7   114.286    15.068    -6.035
 7     0.570    -0.711     0.412
 7     0.803     0.377    -0.461
 7     0.172     0.594     0.786
 8   118.362    14.408    19.851
 8     0.480    -0.125     0.868
 8     0.226    -0.939    -0.260
 8     0.847     0.321    -0.422
 9   130.509    27.859    19.936
 9     0.643     0.687     0.337
 9     0.556    -0.118    -0.823
 9    -0.526     0.716    -0.458
 2    96.646   -18.406    60.044
 2     0.159    -0.987    -0.004
 2     0.986     0.158     0.037
 2    -0.037    -0.010     0.999
 3   126.541    -2.313     3.416
 3     0.365     0.104    -0.925
 3    -0.169     0.984     0.044
 3     0.915     0.140     0.377
 4   110.377   -19.727    -5.252
 4     0.442     0.767     0.465
 4    -0.894     0.334     0.298
 4     0.073    -0.547     0.834
 5   116.076   -18.976    19.962
 5     0.408     0.152     0.900
 5    -0.169    -0.956     0.239
 5     0.897    -0.250    -0.365
 6   137.657   -21.764    25.753
 6     0.988    -0.148     0.036
 6    -0.078    -0.285     0.955
 6    -0.131    -0.947    -0.294
 7   114.291    15.021    -6.089
 7     0.564    -0.718     0.409
 7     0.807     0.374    -0.456
 7     0.174     0.587     0.790
 8   118.299    14.382    19.786
 8     0.467    -0.066     0.882
 8     0.253    -0.945    -0.205
 8     0.847     0.319    -0.425
 9   129.366    29.101    19.868
 9     0.596     0.701     0.391
 9     0.604    -0.071    -0.794
 9    -0.529     0.709    -0.466
 2    96.646   -18.406    60.044
 2     0.159    -0.987    -0.004
 2     0.986     0.158     0.037
 2    -0.037    -0.010     0.999
 3   126.495    -2.496     3.293
 3     0.364     0.121    -0.923
 3    -0.174     0.983     0.060
 3     0.915     0.139     0.379
 4   110.073   -19.664    -5.336
 4     0.421     0.776     0.469
 4    -0.904     0.319     0.283
 4     0.070    -0.544     0.836
 5   115.946   -19.014    19.914
 5     0.418     0.132     0.898
 5    -0.182    -0.957     0.225
 5     0.890    -0.258    -0.377
 6   137.546   -22.384    25.432
 6     0.985    -0.164     0.052
 6    -0.098    -0.286     0.953
 6    -0.141    -0.944    -0.298
 7   114.286    14.895    -6.208
 7     0.555    -0.725     0.408
 7     0.814     0.371    -0.447
 7     0.172     0.580     0.796
 8   118.054    14.485    19.600
 8     0.449     0.003     0.893
 8     0.286    -0.948    -0.140
 8     0.846     0.318    -0.426
 9   128.248    30.013    19.765
 9     0.560     0.706     0.434
 9     0.640    -0.036    -0.768
 9    -0.526     0.707    -0.472
 2    96.645   -18.405    60.044
 2     0.158    -0.987    -0.004
 2     0.986     0.158     0.038
 2    -0.037    -0.010     0.999
 3   126.496    -2.602     3.295
 3     0.362     0.126    -0.923
 3    -0.179     0.982     0.064
 3     0.915     0.141     0.378
 4   109.840   -19.623    -5.447
 4     0.409     0.781     0.470
 4    -0.910     0.312     0.272
 4     0.066    -0.540     0.839
 5   115.879   -18.946    19.945
 5     0.422     0.120     0.898
 5    -0.189    -0.958     0.217
 5     0.886    -0.261    -0.381
 6   137.373   -22.976    25.174
 6     0.981    -0.176     0.073
 6    -0.122    -0.289     0.949
 6    -0.146    -0.941    -0.306
 7   114.242    14.900    -6.266
 7     0.548    -0.730     0.407
 7     0.818     0.367    -0.444
 7     0.175     0.576     0.798
 8   117.942    14.475    19.671
 8     0.438     0.027     0.898
 8     0.291    -0.950    -0.113
 8     0.850     0.311    -0.424
 9   127.646    30.634    19.894
 9     0.528     0.719     0.452
 9     0.676    -0.033    -0.736
 9    -0.514     0.694    -0.503
 2    96.646   -18.406    60.044
 2     0.159    -0.987    -0.004
 2     0.986     0.158     0.038
 2    -0.037    -0.010     0.999
 3   126.490    -2.682     3.303
 3     0.361     0.129    -0.923
 3    -0.181     0.981     0.067
 3     0.914     0.142     0.378
 4   109.839   -19.574    -5.395
 4     0.407     0.783     0.469
 4    -0.911     0.311     0.271
 4     0.066    -0.538     0.840
 5   115.814   -18.944    19.887
 5     0.420     0.110     0.900
 5    -0.190    -0.960     0.206
 5     0.887    -0.258    -0.383
 6   137.252   -23.206    25.228
 6     0.980    -0.179     0.081
 6    -0.132    -0.290     0.948
 6    -0.146    -0.940    -0.308
 7   114.171    14.852    -6.272
 7     0.543    -0.735     0.407
 7     0.821     0.362    -0.442
 7     0.177     0.574     0.799
 8   117.823    14.445    19.592
 8     0.424     0.066     0.903
 8     0.302    -0.950    -0.073
 8     0.853     0.304    -0.424
 9   126.841    31.197    19.847
 9     0.494     0.725     0.480
 9     0.707    -0.014    -0.707
 9    -0.506     0.689    -0.519
 2    96.645   -18.405    60.044
 2     0.158    -0.987    -0.004
 2     0.986     0.158     0.038
 2    -0.037    -0.010     0.999
 3   126.465    -2.655     3.252
 3     0.363     0.133    -0.922
 3    -0.181     0.981     0.070
 3     0.914     0.142     0.380
 4   109.618   -19.551    -5.370
 4     0.400     0.785     0.472
 4    -0.914     0.304     0.268
 4     0.067    -0.539     0.840
 5   115.601   -18.819    19.984
 5     0.416     0.089     0.905
 5    -0.195    -0.963     0.185
 5     0.888    -0.254    -0.383
 6   137.076   -23.441    25.143
 6     0.977    -0.188     0.096
 6    -0.149    -0.290     0.945
 6    -0.150    -0.938    -0.312
 7   113.995    14.933    -6.350
 7     0.532    -0.741     0.408
 7     0.827     0.354    -0.436
 7     0.178     0.570     0.802
 8   117.559    14.377    19.500
 8     0.399     0.126     0.908
 8     0.323    -0.946    -0.010
 8     0.858     0.297    -0.419
 9   125.646    32.120    20.174
 9     0.453     0.721     0.523
 9     0.742     0.019    -0.670
 9    -0.493     0.692    -0.527
 2    96.645   -18.405    60.044
 2     0.158    -0.987    -0.004
 2     0.986     0.158     0.038
 2    -0.037    -0.010     0.999
 3   126.404    -2.685     3.167
 3     0.365     0.136    -0.921
 3    -0.183     0.980     0.073
 3     0.912     0.142     0.383
 4   109.596   -19.577    -5.371
 4     0.397     0.786     0.472
 4    -0.915     0.302     0.267
 4     0.068    -0.539     0.840
 5   115.536   -18.817    19.927
 5     0.414     0.082     0.906
 5    -0.196    -0.965     0.177
 5     0.889    -0.250    -0.384
 6   136.942   -23.796    25.318
 6     0.975    -0.192     0.110
 6    -0.165    -0.297     0.940
 6    -0.147    -0.935    -0.322
 7   113.728    14.865    -6.340
 7     0.519    -0.750     0.410
 7     0.835     0.342    -0.432
 7     0.183     0.566     0.803
 8   117.325    14.325    19.509
 8     0.383     0.166     0.908
 8     0.329    -0.943     0.034
 8     0.863     0.286    -0.416
 9   124.944    32.452    20.332
 9     0.431     0.713     0.552
 9     0.764     0.036    -0.644
 9    -0.479     0.700    -0.529
 2    96.646   -18.406    60.044
 2     0.159    -0.987    -0.004
 2     0.986     0.158     0.037
 2    -0.037    -0.010     0.999
 3   126.348    -2.737     3.149
 3     0.368     0.135    -0.920
 3    -0.183     0.980     0.071
 3     0.911     0.142     0.385
 4   109.597   -19.626    -5.376
 4     0.399     0.787     0.470
 4    -0.914     0.303     0.268
 4     0.069    -0.537     0.841
 5   115.413   -18.659    19.949
 5     0.405     0.072     0.911
 5    -0.193    -0.968     0.162
 5     0.893    -0.241    -0.379
 6   136.867   -23.797    25.296
 6     0.975    -0.193     0.111
 6    -0.167    -0.299     0.939
 6    -0.148    -0.934    -0.323
 7   113.558    14.948    -6.301
 7     0.507    -0.756     0.413
 7     0.841     0.330    -0.428
 7     0.187     0.564     0.804
 8   117.169    14.245    19.363
 8     0.370     0.200     0.907
 8     0.332    -0.940     0.072
 8     0.868     0.274    -0.415
 9   124.411    32.817    20.795
 9     0.413     0.704     0.577
 9     0.788     0.042    -0.615
 9    -0.457     0.709    -0.537
 2    96.646   -18.406    59.993
 2     0.159    -0.987    -0.004
 2     0.986     0.158     0.037
 2    -0.037    -0.010     0.999
 3   126.298    -2.685     3.097
 3     0.370     0.133    -0.919
 3    -0.183     0.981     0.068
 3     0.911     0.143     0.387
 4   109.544   -19.628    -5.322
 4     0.397     0.789     0.469
 4    -0.915     0.302     0.266
 4     0.068    -0.535     0.842
 5   115.295   -18.640    19.895
 5     0.400     0.058     0.915
 5    -0.201    -0.968     0.149
 5     0.894    -0.243    -0.376
 6   136.585   -24.109    25.165
 6     0.971    -0.203     0.122
 6    -0.180    -0.298     0.937
 6    -0.154    -0.933    -0.326
 7   113.489    14.952    -6.259
 7     0.501    -0.760     0.413
 7     0.844     0.324    -0.427
 7     0.190     0.563     0.804
 8   117.024    14.257    19.450
 8     0.358     0.221     0.907
 8     0.336    -0.937     0.095
 8     0.870     0.271    -0.410
 9   123.912    33.203    21.189
 9     0.395     0.705     0.588
 9     0.806     0.040    -0.591
 9    -0.440     0.708    -0.553
 2    96.645   -18.405    60.044
 2     0.158    -0.987    -0.004
 2     0.986     0.158     0.038
 2    -0.037    -0.010     0.999
 3   126.342    -2.661     3.104
 3     0.371     0.131    -0.919
 3    -0.183     0.981     0.066
 3     0.910     0.143     0.387
 4   109.445   -19.579    -5.324
 4     0.394     0.791     0.467
 4    -0.917     0.300     0.264
 4     0.069    -0.532     0.844
 5   115.303   -18.585    19.988
 5     0.399     0.052     0.915
 5    -0.199    -0.969     0.142
 5     0.895    -0.239    -0.377
 6   136.403   -24.217    25.110
 6     0.969    -0.213     0.128
 6    -0.189    -0.299     0.935
 6    -0.160    -0.930    -0.329
 7   113.511    14.952    -6.307
 7     0.500    -0.760     0.414
 7     0.845     0.324    -0.426
 7     0.189     0.563     0.804
 8   116.995    14.263    19.348
 8     0.353     0.235     0.905
 8     0.344    -0.932     0.107
 8     0.870     0.274    -0.411
 9   123.756    33.471    21.103
 9     0.382     0.721     0.577
 9     0.815     0.032    -0.578
 9    -0.436     0.692    -0.576
 2    96.646   -18.406    60.044
 2     0.159    -0.987    -0.004
 2     0.986     0.158     0.038
 2    -0.037    -0.010     0.999
 3   126.292    -2.687     3.104
 3     0.370     0.132    -0.919
 3    -0.183     0.981     0.067
 3     0.910     0.143     0.387
 4   109.377   -19.680    -5.281
 4     0.389     0.794     0.466
 4    -0.918     0.295     0.264
 4     0.072    -0.531     0.844
 5   115.194   -18.531    19.974
 5     0.394     0.042     0.918
 5    -0.198    -0.972     0.129
 5     0.897    -0.233    -0.375
 6   136.335   -24.471    25.135
 6     0.967    -0.214     0.136
 6    -0.198    -0.301     0.933
 6    -0.159    -0.929    -0.333
 7   113.508    14.874    -6.351
 7     0.500    -0.761     0.412
 7     0.845     0.326    -0.422
 7     0.187     0.560     0.807
 8   116.902    14.274    19.338
 8     0.342     0.249     0.906
 8     0.350    -0.929     0.123
 8     0.872     0.275    -0.405
 9   123.589    33.528    21.092
 9     0.377     0.718     0.585
 9     0.819     0.036    -0.573
 9    -0.432     0.695    -0.575
 2    96.645   -18.405    60.044
 2     0.158    -0.987    -0.004
 2     0.986     0.158     0.038
 2    -0.037    -0.010     0.999
 3   126.298    -2.736     3.097
 3     0.369     0.133    -0.920
 3    -0.182     0.981     0.069
 3     0.911     0.142     0.386
 4   109.330   -19.681    -5.282
 4     0.386     0.796     0.466
 4    -0.919     0.292     0.263
 4     0.073    -0.531     0.844
 5   115.144   -18.532    19.974
 5     0.394     0.042     0.918
 5    -0.199    -0.971     0.130
 5     0.897    -0.234    -0.375
 6   136.235   -24.575    25.190
 6     0.966    -0.217     0.140
 6    -0.203    -0.301     0.931
 6    -0.160    -0.928    -0.335
 7   113.556    14.873    -6.347
 7     0.501    -0.762     0.411
 7     0.845     0.328    -0.422
 7     0.186     0.558     0.808
 8   116.902    14.273    19.338
 8     0.342     0.249     0.906
 8     0.349    -0.929     0.123
 8     0.872     0.274    -0.404
 9   123.645    33.530    21.138
 9     0.378     0.717     0.585
 9     0.819     0.034    -0.572
 9    -0.430     0.696    -0.575
 2    96.645   -18.405    60.044
 2     0.158    -0.987    -0.004
 2     0.986     0.158     0.038
 2    -0.037    -0.010     0.999
 3   126.281    -2.837     3.091
 3     0.367     0.136    -0.920
 3    -0.183     0.980     0.072
 3     0.912     0.141     0.385
 4   109.330   -19.681    -5.282
 4     0.385     0.796     0.466
 4    -0.920     0.291     0.263
 4     0.073    -0.530     0.844
 5   115.143   -18.533    20.000
 5     0.394     0.042     0.918
 5    -0.200    -0.971     0.130
 5     0.897    -0.235    -0.374
 6   136.210   -24.575    25.191
 6     0.966    -0.217     0.141
 6    -0.204    -0.302     0.931
 6    -0.160    -0.928    -0.335
 7   113.607    14.872    -6.346
 7     0.502    -0.762     0.410
 7     0.844     0.329    -0.422
 7     0.186     0.558     0.809
 8   116.913    14.277    19.326
 8     0.340     0.247     0.907
 8     0.346    -0.930     0.123
 8     0.874     0.272    -0.402
 9   123.830    33.480    21.258
 9     0.387     0.718     0.579
 9     0.817     0.024    -0.576
 9    -0.427     0.696    -0.577
 2    96.696   -18.405    60.044
 2     0.158    -0.987    -0.004
 2     0.986     0.158     0.038
 2    -0.037    -0.010     0.999
 3   126.280    -2.837     3.090
 3     0.366     0.136    -0.921
 3    -0.183     0.980     0.072
 3     0.912     0.142     0.383
 4   109.328   -19.681    -5.280
 4     0.388     0.795     0.466
 4    -0.919     0.294     0.263
 4     0.072    -0.531     0.844
 5   115.181   -18.486    19.982
 5     0.396     0.055     0.916
 5    -0.201    -0.969     0.145
 5     0.896    -0.241    -0.373
 6   136.234   -24.472    25.138
 6     0.967    -0.216     0.137
 6    -0.199    -0.302     0.932
 6    -0.160    -0.929    -0.335
 7   113.612    14.874    -6.351
 7     0.503    -0.762     0.408
 7     0.843     0.330    -0.424
 7     0.188     0.557     0.809
 8   116.945    14.380    19.402
 8     0.340     0.224     0.913
 8     0.334    -0.937     0.105
 8     0.879     0.269    -0.394
 9   125.011    32.983    21.490
 9     0.435     0.716     0.546
 9     0.794    -0.019    -0.608
 9    -0.424     0.698    -0.577
 2    96.645   -18.405    60.044
 2     0.158    -0.987    -0.004
 2     0.986     0.158     0.037
 2    -0.037    -0.010     0.999
 3   126.284    -2.735     3.132
 3     0.363     0.131    -0.922
 3    -0.183     0.980     0.067
 3     0.913     0.144     0.380
 4   109.488   -19.577    -5.323
 4     0.402     0.790     0.463
 4    -0.913     0.309     0.266
 4     0.067    -0.530     0.845
 5   115.191   -18.640    19.988
 5     0.400     0.077     0.913
 5    -0.198    -0.966     0.169
 5     0.895    -0.248    -0.371
 6   136.462   -23.803    25.219
 6     0.972    -0.204     0.114
 6    -0.175    -0.308     0.935
 6    -0.155    -0.929    -0.335
 7   113.669    15.101    -6.204
 7     0.509    -0.760     0.404
 7     0.839     0.335    -0.429
 7     0.190     0.557     0.808
 8   117.188    14.400    19.594
 8     0.364     0.149     0.919
 8     0.308    -0.951     0.033
 8     0.879     0.271    -0.392
 9   126.725    31.929    21.455
 9     0.505     0.716     0.481
 9     0.746    -0.083    -0.660
 9    -0.433     0.693    -0.577
 2    96.696   -18.405    59.993
 2     0.158    -0.987    -0.004
 2     0.986     0.158     0.037
 2    -0.037    -0.010     0.999
 3   126.231    -2.660     3.079
 3     0.363     0.126    -0.923
 3    -0.185     0.981     0.061
 3     0.913     0.148     0.379
 4   109.594   -19.554    -5.426
 4     0.412     0.782     0.466
 4    -0.909     0.320     0.266
 4     0.058    -0.534     0.843
 5   115.534   -18.722    19.812
 5     0.418     0.119     0.900
 5    -0.193    -0.957     0.216
 5     0.887    -0.264    -0.378
 6   136.797   -23.342    25.043
 6     0.976    -0.198     0.091
 6    -0.151    -0.309     0.939
 6    -0.158    -0.930    -0.332
 7   113.795    15.223    -6.124
 7     0.521    -0.753     0.401
 7     0.832     0.344    -0.435
 7     0.189     0.560     0.806
 8   117.640    14.643    19.669
 8     0.410     0.040     0.911
 8     0.273    -0.958    -0.081
 8     0.870     0.282    -0.404
 9   129.195    30.213    20.991
 9     0.586     0.710     0.390
 9     0.670    -0.154    -0.726
 9    -0.456     0.687    -0.567
 2    96.645   -18.405    60.044
 2     0.158    -0.987    -0.004
 2     0.987     0.158     0.038
 2    -0.037    -0.010     0.999
 3   126.303    -2.558     3.075
 3     0.364     0.117    -0.924
 3    -0.185     0.981     0.051
 3     0.913     0.152     0.378
 4   109.930   -19.445    -5.416
 4     0.437     0.767     0.469
 4    -0.898     0.342     0.276
 4     0.052    -0.542     0.839
 5   115.943   -18.846    19.731
 5     0.434     0.173     0.884
 5    -0.179    -0.945     0.273
 5     0.883    -0.277    -0.380
 6   137.455   -22.086    24.929
 6     0.982    -0.182     0.043
 6    -0.100    -0.317     0.943
 6    -0.158    -0.931    -0.329
 7   113.656    15.267    -6.109
 7     0.527    -0.747     0.405
 7     0.829     0.350    -0.436
 7     0.183     0.565     0.804
 8   117.963    14.797    19.765
 8     0.458    -0.093     0.884
 8     0.227    -0.949    -0.217
 8     0.859     0.300    -0.414
 9   131.897    27.438    20.743
 9     0.690     0.678     0.252
 9     0.546    -0.259    -0.797
 9    -0.475     0.687    -0.549
 2    96.696   -18.405    59.993
 2     0.158    -0.987    -0.004
 2     0.986     0.158     0.037
 2    -0.037    -0.010     0.999
 3   126.392    -2.328     3.028
 3     0.366     0.102    -0.925
 3    -0.182     0.982     0.036
 3     0.912     0.155     0.378
 4   110.186   -19.441    -5.447
 4     0.458     0.753     0.472
 4    -0.888     0.362     0.285
 4     0.043    -0.550     0.834
 5   116.205   -19.023    19.670
 5     0.445     0.228     0.866
 5    -0.166    -0.929     0.330
 5     0.880    -0.291    -0.376
 6   137.989   -20.647    24.900
 6     0.987    -0.156    -0.018
 6    -0.034    -0.321     0.947
 6    -0.154    -0.934    -0.322
 7   113.774    15.285    -6.048
 7     0.540    -0.737     0.406
 7     0.822     0.360    -0.441
 7     0.179     0.572     0.800
 8   118.460    14.986    20.012
 8     0.492    -0.218     0.842
 8     0.173    -0.924    -0.341
 8     0.853     0.314    -0.417
 9   134.660    23.990    20.161
 9     0.778     0.621     0.090
 9     0.387    -0.362    -0.848
 9    -0.494     0.695    -0.522
 2    96.645   -18.405    60.044
 2     0.158    -0.987    -0.004
 2     0.986     0.158     0.038
 2    -0.037    -0.010     0.999
 3   126.478    -2.248     2.960
 3     0.363     0.097    -0.927
 3    -0.181     0.983     0.031
 3     0.914     0.156     0.374
 4   110.549   -19.395    -5.694
 4     0.473     0.746     0.468
 4    -0.880     0.383     0.279
 4     0.029    -0.544     0.838
 5   116.566   -19.077    19.406
 5     0.454     0.282     0.845
 5    -0.156    -0.909     0.388
 5     0.877    -0.308    -0.369
 6   138.344   -19.023    25.017
 6     0.990    -0.121    -0.075
 6     0.033    -0.322     0.946
 6    -0.139    -0.939    -0.315
 7   113.845    15.433    -5.966
 7     0.548    -0.732     0.406
 7     0.817     0.365    -0.445
 7     0.177     0.575     0.798
 8   118.857    15.160    20.173
 8     0.515    -0.322     0.794
 8     0.124    -0.889    -0.441
 8     0.848     0.326    -0.418
 9   136.478    20.421    20.035
 9     0.836     0.547    -0.052
 9     0.221    -0.421    -0.880
 9    -0.503     0.724    -0.472
 2    96.645   -18.405    60.044
 2     0.158    -0.987    -0.004
 2     0.986     0.158     0.037
 2    -0.037    -0.010     0.999
 3   126.487    -2.145     3.044
 3     0.358     0.090    -0.929
 3    -0.181     0.983     0.026
 3     0.916     0.159     0.368
 4   110.943   -19.370    -5.925
 4     0.492     0.737     0.463
 4    -0.870     0.405     0.280
 4     0.018    -0.541     0.841
 5   116.939   -19.255    19.180
 5     0.458     0.331     0.825
 5    -0.146    -0.887     0.437
 5     0.876    -0.321    -0.359
 6   138.682   -17.731    25.180
 6     0.989    -0.087    -0.122
 6     0.088    -0.318     0.944
 6    -0.121    -0.944    -0.306
 7   113.998    15.559    -5.868
 7     0.553    -0.727     0.406
 7     0.813     0.368    -0.450
 7     0.178     0.579     0.796
 8   119.081    15.283    20.424
 8     0.538    -0.400     0.742
 8     0.079    -0.852    -0.517
 8     0.839     0.337    -0.427
 9   137.676    16.437    19.635
 9     0.856     0.466    -0.224
 9     0.038    -0.490    -0.871
 9    -0.516     0.737    -0.437
 2    96.646   -18.406    60.044
 2     0.159    -0.987    -0.004
 2     0.986     0.158     0.037
 2    -0.037    -0.010     0.999
 3   126.646    -2.015     3.102
 3     0.354     0.084    -0.931
 3    -0.180     0.983     0.020
 3     0.918     0.161     0.363
 4   111.431   -19.261    -5.977
 4     0.513     0.727     0.456
 4    -0.858     0.425     0.287
 4     0.015    -0.539     0.842
 5   117.159   -19.401    19.071
 5     0.457     0.387     0.801
 5    -0.131    -0.861     0.491
 5     0.880    -0.329    -0.343
 6   138.601   -15.790    25.582
 6     0.979    -0.034    -0.199
 6     0.179    -0.302     0.936
 6    -0.092    -0.953    -0.290
 7   114.175    15.633    -5.818
 7     0.562    -0.722     0.404
 7     0.808     0.373    -0.456
 7     0.178     0.583     0.793
 8   119.501    15.356    20.634
 8     0.557    -0.474     0.681
