% Calibrated with leiden_pols
% Positions are in centimeters
Data =[
 2    96.696   -18.456    60.044
 2     0.159    -0.987    -0.004
 2     0.986     0.158     0.037
 2    -0.037    -0.010     0.999
 3   126.683    -0.578     4.232
 3     0.332     0.023    -0.943
 3    -0.171     0.984    -0.036
 3     0.927     0.173     0.331
 4   113.602   -18.383    -5.683
 4     0.648     0.616     0.448
 4    -0.761     0.522     0.384
 4     0.003    -0.590     0.807
 5   121.045   -20.697    18.721
 5     0.504     0.777     0.376
 5     0.027    -0.450     0.892
 5     0.863    -0.440    -0.249
 6   135.705    -2.638    29.195
 6     0.605     0.406    -0.685
 6     0.786    -0.170     0.594
 6     0.125    -0.898    -0.422
 7   114.128    16.486    -5.094
 7     0.603    -0.674     0.426
 7     0.776     0.373    -0.508
 7     0.183     0.637     0.748
 8   123.096    15.737    21.093
 8     0.550    -0.833     0.063
 8    -0.323    -0.282    -0.903
 8     0.770     0.476    -0.424
 9   132.499    -6.394    21.014
 9     0.292    -0.273    -0.917
 9    -0.851    -0.511    -0.120
 9    -0.436     0.815    -0.381
 2    96.696   -18.405    60.044
 2     0.158    -0.987    -0.004
 2     0.986     0.158     0.037
 2    -0.037    -0.010     0.999
 3   126.632    -0.578     4.232
 3     0.333     0.022    -0.943
 3    -0.171     0.984    -0.037
 3     0.927     0.173     0.331
 4   113.605   -18.382    -5.686
 4     0.648     0.615     0.448
 4    -0.761     0.521     0.385
 4     0.004    -0.591     0.807
 5   121.044   -20.671    18.772
 5     0.504     0.777     0.375
 5     0.028    -0.450     0.893
 5     0.863    -0.440    -0.249
 6   135.680    -2.536    29.195
 6     0.604     0.406    -0.685
 6     0.786    -0.169     0.593
 6     0.125    -0.898    -0.422
 7   114.078    16.486    -5.094
 7     0.603    -0.674     0.427
 7     0.776     0.373    -0.508
 7     0.183     0.637     0.748
 8   123.046    15.737    21.144
 8     0.550    -0.833     0.063
 8    -0.323    -0.282    -0.903
 8     0.770     0.477    -0.424
 9   132.501    -6.366    21.010
 9     0.293    -0.273    -0.916
 9    -0.851    -0.510    -0.120
 9    -0.435     0.815    -0.382
 2    96.696   -18.405    60.044
 2     0.158    -0.987    -0.004
 2     0.986     0.158     0.037
 2    -0.037    -0.010     0.999
 3   126.640    -0.575     4.224
 3     0.332     0.023    -0.943
 3    -0.170     0.985    -0.036
 3     0.928     0.172     0.331
 4   113.557   -18.381    -5.638
 4     0.649     0.615     0.448
 4    -0.761     0.521     0.387
 4     0.005    -0.592     0.806
 5   121.019   -20.671    18.771
 5     0.504     0.778     0.374
 5     0.029    -0.449     0.893
 5     0.863    -0.440    -0.249
 6   135.679    -2.536    29.195
 6     0.604     0.406    -0.686
 6     0.787    -0.169     0.593
 6     0.125    -0.898    -0.421
 7   114.077    16.487    -5.094
 7     0.602    -0.674     0.427
 7     0.777     0.372    -0.508
 7     0.183     0.637     0.748
 8   123.046    15.738    21.195
 8     0.550    -0.832     0.063
 8    -0.322    -0.282    -0.904
 8     0.770     0.477    -0.424
 9   132.450    -6.316    21.010
 9     0.293    -0.273    -0.916
 9    -0.851    -0.510    -0.121
 9    -0.435     0.815    -0.382
 2    96.696   -18.405    60.044
 2     0.158    -0.987    -0.004
 2     0.986     0.158     0.038
 2    -0.037    -0.010     0.999
 3   126.640    -0.575     4.275
 3     0.332     0.023    -0.943
 3    -0.170     0.985    -0.036
 3     0.928     0.172     0.331
 4   113.558   -18.380    -5.638
 4     0.649     0.615     0.448
 4    -0.761     0.520     0.387
 4     0.005    -0.593     0.805
 5   121.044   -20.670    18.771
 5     0.505     0.778     0.374
 5     0.030    -0.449     0.893
 5     0.863    -0.440    -0.250
 6   135.679    -2.587    29.245
 6     0.604     0.406    -0.686
 6     0.787    -0.169     0.593
 6     0.125    -0.898    -0.421
 7   114.027    16.436    -5.069
 7     0.602    -0.674     0.427
 7     0.777     0.372    -0.508
 7     0.183     0.638     0.748
 8   123.018    15.737    21.149
 8     0.552    -0.832     0.063
 8    -0.322    -0.282    -0.904
 8     0.769     0.478    -0.423
 9   132.453    -6.314    21.006
 9     0.294    -0.273    -0.916
 9    -0.851    -0.510    -0.121
 9    -0.434     0.815    -0.382
 2    96.645   -18.405    60.044
 2     0.158    -0.987    -0.004
 2     0.986     0.158     0.038
 2    -0.037    -0.010     0.999
 3   126.640    -0.574     4.275
 3     0.332     0.023    -0.943
 3    -0.169     0.985    -0.035
 3     0.928     0.171     0.331
 4   113.558   -18.381    -5.638
 4     0.648     0.615     0.448
 4    -0.761     0.520     0.387
 4     0.005    -0.593     0.805
 5   121.044   -20.670    18.771
 5     0.505     0.778     0.374
 5     0.030    -0.449     0.893
 5     0.863    -0.440    -0.250
 6   135.679    -2.587    29.194
 6     0.604     0.405    -0.686
 6     0.787    -0.169     0.593
 6     0.125    -0.899    -0.421
 7   114.025    16.486    -5.091
 7     0.602    -0.674     0.428
 7     0.777     0.372    -0.508
 7     0.182     0.638     0.748
 8   123.047    15.738    21.145
 8     0.552    -0.832     0.064
 8    -0.322    -0.283    -0.904
 8     0.770     0.478    -0.423
 9   132.452    -6.365    21.057
 9     0.294    -0.274    -0.916
 9    -0.852    -0.510    -0.121
 9    -0.434     0.815    -0.383
 2    96.646   -18.406    59.993
 2     0.159    -0.987    -0.004
 2     0.986     0.158     0.037
 2    -0.037    -0.010     0.999
 3   126.640    -0.574     4.224
 3     0.333     0.024    -0.943
 3    -0.169     0.985    -0.035
 3     0.928     0.171     0.332
 4   113.558   -18.381    -5.638
 4     0.648     0.615     0.449
 4    -0.761     0.520     0.388
 4     0.005    -0.593     0.805
 5   121.019   -20.696    18.822
 5     0.505     0.778     0.375
 5     0.029    -0.449     0.893
 5     0.863    -0.440    -0.250
 6   135.676    -2.537    29.197
 6     0.604     0.403    -0.687
 6     0.787    -0.168     0.593
 6     0.124    -0.899    -0.419
 7   114.025    16.435    -5.092
 7     0.603    -0.673     0.428
 7     0.777     0.373    -0.508
 7     0.182     0.639     0.747
 8   123.046    15.739    21.144
 8     0.552    -0.831     0.064
 8    -0.321    -0.283    -0.904
 8     0.770     0.478    -0.423
 9   132.502    -6.364    21.056
 9     0.295    -0.273    -0.916
 9    -0.851    -0.510    -0.122
 9    -0.434     0.815    -0.383
 2    96.646   -18.406    60.044
 2     0.159    -0.987    -0.004
 2     0.986     0.158     0.037
 2    -0.037    -0.010     0.999
 3   126.634    -0.601     4.233
 3     0.333     0.023    -0.943
 3    -0.169     0.985    -0.035
 3     0.927     0.171     0.332
 4   113.559   -18.432    -5.688
 4     0.647     0.615     0.450
 4    -0.762     0.519     0.387
 4     0.005    -0.594     0.805
 5   120.695   -20.283    18.887
 5     0.501     0.766     0.403
 5     0.030    -0.481     0.876
 5     0.865    -0.427    -0.264
 6   136.290    -3.202    29.149
 6     0.656     0.365    -0.660
 6     0.748    -0.201     0.632
 6     0.098    -0.909    -0.405
 7   114.075    16.435    -5.091
 7     0.602    -0.674     0.428
 7     0.777     0.373    -0.507
 7     0.182     0.638     0.748
 8   122.686    15.574    21.079
 8     0.561    -0.822     0.102
 8    -0.307    -0.321    -0.896
 8     0.769     0.471    -0.432
 9   133.536    -5.480    20.659
 9     0.363    -0.236    -0.902
 9    -0.813    -0.552    -0.183
 9    -0.455     0.799    -0.392
 2    96.646   -18.406    60.044
 2     0.159    -0.987    -0.004
 2     0.986     0.158     0.037
 2    -0.037    -0.010     0.999
 3   126.584    -0.650     4.232
 3     0.334     0.022    -0.942
 3    -0.167     0.985    -0.036
 3     0.927     0.170     0.333
 4   113.566   -18.558    -5.648
 4     0.643     0.622     0.446
 4    -0.766     0.516     0.384
 4     0.009    -0.589     0.808
 5   120.173   -19.975    19.039
 5     0.492     0.736     0.464
 5     0.014    -0.541     0.841
 5     0.870    -0.407    -0.277
