% Calibrated with leiden_pols
% Positions are in centimeters
Data =[
 2    96.698   -18.455    60.041
 2     0.159    -0.987    -0.004
 2     0.986     0.159     0.037
 2    -0.036    -0.010     0.999
 3   125.862    -1.951     3.916
 3     0.319     0.031    -0.947
 3    -0.177     0.984    -0.027
 3     0.931     0.176     0.319
 4   110.408   -18.861    -5.649
 4     0.538     0.659     0.525
 4    -0.839     0.475     0.263
 4    -0.076    -0.583     0.809
 5   115.324   -23.656    18.267
 5     0.367     0.358     0.858
 5    -0.362    -0.794     0.487
 5     0.856    -0.490    -0.162
 6   128.692   -27.597    39.837
 6     0.507     0.849    -0.149
 6    -0.068     0.212     0.975
 6     0.859    -0.485     0.165
 7   112.922    15.381    -4.820
 7     0.542    -0.690     0.480
 7     0.823     0.319    -0.470
 7     0.170     0.650     0.740
 8   115.130    18.353    20.787
 8     0.356    -0.356     0.864
 8     0.246    -0.856    -0.454
 8     0.901     0.374    -0.218
 9   128.669    23.270    41.037
 9     0.641    -0.738     0.210
 9     0.119    -0.175    -0.977
 9     0.758     0.651    -0.025
 2    96.698   -18.455    60.041
 2     0.159    -0.987    -0.004
 2     0.986     0.159     0.037
 2    -0.036    -0.010     0.999
 3   125.862    -1.951     3.917
 3     0.319     0.032    -0.947
 3    -0.177     0.984    -0.026
 3     0.931     0.175     0.319
 4   110.408   -18.861    -5.649
 4     0.538     0.659     0.525
 4    -0.839     0.475     0.264
 4    -0.076    -0.583     0.809
 5   115.274   -23.656    18.267
 5     0.367     0.358     0.858
 5    -0.362    -0.795     0.487
 5     0.856    -0.490    -0.162
 6   128.643   -27.597    39.812
 6     0.507     0.849    -0.149
 6    -0.068     0.211     0.975
 6     0.859    -0.485     0.164
 7   112.919    15.330    -4.868
 7     0.542    -0.689     0.481
 7     0.823     0.320    -0.470
 7     0.169     0.650     0.740
 8   115.130    18.378    20.736
 8     0.356    -0.356     0.864
 8     0.246    -0.856    -0.454
 8     0.901     0.375    -0.218
 9   128.623    23.271    41.033
 9     0.640    -0.739     0.210
 9     0.119    -0.175    -0.977
 9     0.759     0.651    -0.024
 2    96.698   -18.455    59.990
 2     0.159    -0.987    -0.003
 2     0.986     0.159     0.037
 2    -0.036    -0.009     0.999
 3   125.862    -1.950     3.917
 3     0.318     0.033    -0.947
 3    -0.176     0.984    -0.025
 3     0.931     0.175     0.319
 4   110.410   -18.860    -5.652
 4     0.538     0.659     0.524
 4    -0.839     0.475     0.264
 4    -0.075    -0.583     0.809
 5   115.278   -23.655    18.261
 5     0.367     0.359     0.858
 5    -0.362    -0.794     0.488
 5     0.857    -0.490    -0.162
 6   128.643   -27.596    39.811
 6     0.507     0.848    -0.150
 6    -0.067     0.212     0.975
 6     0.859    -0.485     0.164
 7   112.920    15.330    -4.867
 7     0.542    -0.689     0.480
 7     0.823     0.321    -0.469
 7     0.169     0.649     0.741
 8   115.130    18.378    20.737
 8     0.356    -0.356     0.864
 8     0.247    -0.856    -0.454
 8     0.901     0.375    -0.217
 9   128.623    23.270    41.033
 9     0.640    -0.740     0.209
 9     0.118    -0.174    -0.978
 9     0.759     0.650    -0.024
 2    96.648   -18.456    59.990
 2     0.159    -0.987    -0.004
 2     0.986     0.159     0.037
 2    -0.036    -0.010     0.999
 3   125.869    -1.948     3.882
 3     0.318     0.032    -0.948
 3    -0.176     0.984    -0.026
 3     0.932     0.175     0.318
 4   110.556   -18.911    -5.651
 4     0.540     0.660     0.522
 4    -0.838     0.478     0.263
 4    -0.076    -0.580     0.811
 5   115.438   -24.089    17.959
 5     0.369     0.379     0.848
 5    -0.361    -0.783     0.507
 5     0.856    -0.494    -0.152
 6   128.795   -27.819    39.610
 6     0.503     0.845    -0.179
 6    -0.060     0.241     0.968
 6     0.862    -0.477     0.172
 7   113.065    15.276    -4.933
 7     0.543    -0.691     0.478
 7     0.823     0.325    -0.465
 7     0.166     0.646     0.745
 8   115.130    18.430    20.662
 8     0.356    -0.355     0.864
 8     0.249    -0.856    -0.454
 8     0.901     0.376    -0.216
 9   128.745    23.594    40.822
 9     0.637    -0.752     0.166
 9     0.115    -0.120    -0.986
 9     0.761     0.648     0.010
 2    96.648   -18.456    59.990
 2     0.159    -0.987    -0.004
 2     0.986     0.159     0.037
 2    -0.036    -0.010     0.999
 3   126.018    -1.950     3.883
 3     0.314     0.031    -0.949
 3    -0.176     0.984    -0.026
 3     0.932     0.175     0.315
 4   110.901   -18.914    -5.753
 4     0.553     0.651     0.520
 4    -0.829     0.495     0.261
 4    -0.087    -0.575     0.813
 5   115.686   -24.972    17.411
 5     0.370     0.415     0.831
 5    -0.374    -0.752     0.542
 5     0.850    -0.512    -0.123
 6   129.142   -28.755    39.030
 6     0.497     0.818    -0.288
 6    -0.051     0.359     0.932
 6     0.866    -0.449     0.220
 7   113.182    15.247    -5.021
 7     0.545    -0.690     0.476
 7     0.822     0.330    -0.463
 7     0.162     0.644     0.748
 8   115.094    19.310    20.333
 8     0.349    -0.371     0.860
 8     0.277    -0.836    -0.473
 8     0.895     0.403    -0.189
 9   129.150    24.592    40.152
 9     0.635    -0.771     0.052
 9     0.102     0.016    -0.995
 9     0.766     0.637     0.089
 2    96.648   -18.456    59.990
 2     0.159    -0.987    -0.004
 2     0.986     0.158     0.037
 2    -0.036    -0.010     0.999
 3   126.222    -2.053     3.821
 3     0.311     0.029    -0.950
 3    -0.180     0.983    -0.029
 3     0.933     0.180     0.311
 4   111.028   -18.922    -5.954
 4     0.553     0.649     0.522
 4    -0.827     0.501     0.253
 4    -0.097    -0.572     0.814
 5   115.418   -25.433    17.087
 5     0.349     0.401     0.847
 5    -0.401    -0.753     0.521
 5     0.847    -0.521    -0.102
 6   128.526   -29.700    38.800
 6     0.479     0.831    -0.282
 6    -0.072     0.358     0.931
 6     0.874    -0.427     0.231
 7   113.397    15.191    -5.133
 7     0.549    -0.687     0.475
 7     0.820     0.336    -0.462
 7     0.157     0.644     0.749
 8   114.850    20.240    19.926
 8     0.337    -0.408     0.848
 8     0.303    -0.806    -0.508
 8     0.891     0.428    -0.148
 9   128.825    25.587    39.847
 9     0.618    -0.786    -0.019
 9     0.099     0.101    -0.990
 9     0.780     0.610     0.141
 2    96.646   -18.456    59.993
 2     0.159    -0.987    -0.004
 2     0.986     0.159     0.037
 2    -0.037    -0.010     0.999
 3   126.403    -2.182     3.762
 3     0.306     0.032    -0.951
 3    -0.182     0.983    -0.026
 3     0.934     0.181     0.307
 4   111.191   -18.979    -6.175
 4     0.548     0.657     0.516
 4    -0.830     0.502     0.242
 4    -0.100    -0.562     0.821
 5   114.708   -25.791    16.624
 5     0.311     0.411     0.857
 5    -0.416    -0.752     0.512
 5     0.854    -0.516    -0.063
 6   126.775   -30.922    38.954
 6     0.430     0.858    -0.279
 6    -0.106     0.354     0.929
 6     0.896    -0.371     0.243
 7   113.596    15.086    -5.126
 7     0.555    -0.685     0.472
 7     0.817     0.343    -0.463
 7     0.155     0.643     0.750
 8   114.052    21.142    19.515
 8     0.300    -0.428     0.852
 8     0.338    -0.788    -0.515
 8     0.892     0.442    -0.092
 9   127.744    26.980    39.563
 9     0.593    -0.804    -0.041
 9     0.117     0.136    -0.984
 9     0.796     0.578     0.175
 2    96.646   -18.456    59.993
 2     0.159    -0.987    -0.004
 2     0.986     0.158     0.037
 2    -0.037    -0.010     0.999
 3   126.566    -2.132     3.796
 3     0.300     0.034    -0.953
 3    -0.184     0.982    -0.023
 3     0.936     0.182     0.301
 4   111.361   -18.880    -6.228
 4     0.547     0.664     0.509
 4    -0.831     0.504     0.235
 4    -0.100    -0.552     0.828
 5   114.090   -26.545    16.170
 5     0.270     0.430     0.861
 5    -0.440    -0.740     0.508
 5     0.856    -0.517    -0.011
