% Calibrated with leiden_pols
% Positions are in centimeters
Data =[
 2    96.698   -18.455    60.041
 2     0.159    -0.987    -0.004
 2     0.986     0.159     0.037
 2    -0.036    -0.010     0.999
 3   125.862    -1.951     3.916
 3     0.319     0.031    -0.947
 3    -0.177     0.984    -0.027
 3     0.931     0.176     0.319
 4   110.408   -18.861    -5.649
 4     0.538     0.659     0.525
 4    -0.839     0.475     0.263
 4    -0.076    -0.583     0.809
 5   115.324   -23.656    18.267
 5     0.367     0.358     0.858
 5    -0.362    -0.794     0.487
 5     0.856    -0.490    -0.162
 6   128.692   -27.597    39.837
 6     0.507     0.849    -0.149
 6    -0.068     0.212     0.975
 6     0.859    -0.485     0.165
 7   112.922    15.381    -4.820
 7     0.542    -0.690     0.480
 7     0.823     0.319    -0.470
 7     0.170     0.650     0.740
 8   115.130    18.353    20.787
 8     0.356    -0.356     0.864
 8     0.246    -0.856    -0.454
 8     0.901     0.374    -0.218
 9   128.669    23.270    41.037
 9     0.641    -0.738     0.210
 9     0.119    -0.175    -0.977
 9     0.758     0.651    -0.025
 2    96.698   -18.455    60.041
 2     0.159    -0.987    -0.004
 2     0.986     0.159     0.037
 2    -0.036    -0.010     0.999
 3   125.862    -1.951     3.917
 3     0.319     0.032    -0.947
 3    -0.177     0.984    -0.026
 3     0.931     0.175     0.319
 4   110.408   -18.861    -5.649
 4     0.538     0.659     0.525
 4    -0.839     0.475     0.264
 4    -0.076    -0.583     0.809
 5   115.274   -23.656    18.267
 5     0.367     0.358     0.858
 5    -0.362    -0.795     0.487
 5     0.856    -0.490    -0.162
 6   128.643   -27.597    39.812
 6     0.507     0.849    -0.149
 6    -0.068     0.211     0.975
 6     0.859    -0.485     0.164
 7   112.919    15.330    -4.868
 7     0.542    -0.689     0.481
 7     0.823     0.320    -0.470
 7     0.169     0.650     0.740
 8   115.130    18.378    20.736
 8     0.356    -0.356     0.864
 8     0.246    -0.856    -0.454
 8     0.901     0.375    -0.218
 9   128.623    23.271    41.033
 9     0.640    -0.739     0.210
 9     0.119    -0.175    -0.977
 9     0.759     0.651    -0.024
 2    96.698   -18.455    59.990
 2     0.159    -0.987    -0.003
 2     0.986     0.159     0.037
 2    -0.036    -0.009     0.999
 3   125.862    -1.950     3.917
 3     0.318     0.033    -0.947
 3    -0.176     0.984    -0.025
 3     0.931     0.175     0.319
 4   110.410   -18.860    -5.652
 4     0.538     0.659     0.524
 4    -0.839     0.475     0.264
 4    -0.075    -0.583     0.809
 5   115.278   -23.655    18.261
 5     0.367     0.359     0.858
 5    -0.362    -0.794     0.488
 5     0.857    -0.490    -0.162
 6   128.643   -27.596    39.811
 6     0.507     0.848    -0.150
 6    -0.067     0.212     0.975
 6     0.859    -0.485     0.164
 7   112.920    15.330    -4.867
 7     0.542    -0.689     0.480
 7     0.823     0.321    -0.469
 7     0.169     0.649     0.741
 8   115.130    18.378    20.737
 8     0.356    -0.356     0.864
 8     0.247    -0.856    -0.454
 8     0.901     0.375    -0.217
 9   128.623    23.270    41.033
 9     0.640    -0.740     0.209
 9     0.118    -0.174    -0.978
 9     0.759     0.650    -0.024
 2    96.648   -18.456    59.990
 2     0.159    -0.987    -0.004
 2     0.986     0.159     0.037
 2    -0.036    -0.010     0.999
 3   125.869    -1.948     3.882
 3     0.318     0.032    -0.948
 3    -0.176     0.984    -0.026
 3     0.932     0.175     0.318
 4   110.556   -18.911    -5.651
 4     0.540     0.660     0.522
 4    -0.838     0.478     0.263
 4    -0.076    -0.580     0.811
 5   115.438   -24.089    17.959
 5     0.369     0.379     0.848
 5    -0.361    -0.783     0.507
 5     0.856    -0.494    -0.152
 6   128.795   -27.819    39.610
 6     0.503     0.845    -0.179
 6    -0.060     0.241     0.968
 6     0.862    -0.477     0.172
 7   113.065    15.276    -4.933
 7     0.543    -0.691     0.478
 7     0.823     0.325    -0.465
 7     0.166     0.646     0.745
 8   115.130    18.430    20.662
 8     0.356    -0.355     0.864
 8     0.249    -0.856    -0.454
 8     0.901     0.376    -0.216
 9   128.745    23.594    40.822
 9     0.637    -0.752     0.166
 9     0.115    -0.120    -0.986
 9     0.761     0.648     0.010
 2    96.648   -18.456    59.990
 2     0.159    -0.987    -0.004
 2     0.986     0.159     0.037
 2    -0.036    -0.010     0.999
 3   126.018    -1.950     3.883
 3     0.314     0.031    -0.949
 3    -0.176     0.984    -0.026
 3     0.932     0.175     0.315
 4   110.901   -18.914    -5.753
 4     0.553     0.651     0.520
 4    -0.829     0.495     0.261
 4    -0.087    -0.575     0.813
 5   115.686   -24.972    17.411
 5     0.370     0.415     0.831
 5    -0.374    -0.752     0.542
 5     0.850    -0.512    -0.123
 6   129.142   -28.755    39.030
 6     0.497     0.818    -0.288
 6    -0.051     0.359     0.932
 6     0.866    -0.449     0.220
 7   113.182    15.247    -5.021
 7     0.545    -0.690     0.476
 7     0.822     0.330    -0.463
 7     0.162     0.644     0.748
 8   115.094    19.310    20.333
 8     0.349    -0.371     0.860
 8     0.277    -0.836    -0.473
 8     0.895     0.403    -0.189
 9   129.150    24.592    40.152
 9     0.635    -0.771     0.052
 9     0.102     0.016    -0.995
 9     0.766     0.637     0.089
 2    96.648   -18.456    59.990
 2     0.159    -0.987    -0.004
 2     0.986     0.158     0.037
 2    -0.036    -0.010     0.999
 3   126.222    -2.053     3.821
 3     0.311     0.029    -0.950
 3    -0.180     0.983    -0.029
 3     0.933     0.180     0.311
 4   111.028   -18.922    -5.954
 4     0.553     0.649     0.522
 4    -0.827     0.501     0.253
 4    -0.097    -0.572     0.814
 5   115.418   -25.433    17.087
 5     0.349     0.401     0.847
 5    -0.401    -0.753     0.521
 5     0.847    -0.521    -0.102
 6   128.526   -29.700    38.800
 6     0.479     0.831    -0.282
 6    -0.072     0.358     0.931
 6     0.874    -0.427     0.231
 7   113.397    15.191    -5.133
 7     0.549    -0.687     0.475
 7     0.820     0.336    -0.462
 7     0.157     0.644     0.749
 8   114.850    20.240    19.926
 8     0.337    -0.408     0.848
 8     0.303    -0.806    -0.508
 8     0.891     0.428    -0.148
 9   128.825    25.587    39.847
 9     0.618    -0.786    -0.019
 9     0.099     0.101    -0.990
 9     0.780     0.610     0.141
 2    96.646   -18.456    59.993
 2     0.159    -0.987    -0.004
 2     0.986     0.159     0.037
 2    -0.037    -0.010     0.999
 3   126.403    -2.182     3.762
 3     0.306     0.032    -0.951
 3    -0.182     0.983    -0.026
 3     0.934     0.181     0.307
 4   111.191   -18.979    -6.175
 4     0.548     0.657     0.516
 4    -0.830     0.502     0.242
 4    -0.100    -0.562     0.821
 5   114.708   -25.791    16.624
 5     0.311     0.411     0.857
 5    -0.416    -0.752     0.512
 5     0.854    -0.516    -0.063
 6   126.775   -30.922    38.954
 6     0.430     0.858    -0.279
 6    -0.106     0.354     0.929
 6     0.896    -0.371     0.243
 7   113.596    15.086    -5.126
 7     0.555    -0.685     0.472
 7     0.817     0.343    -0.463
 7     0.155     0.643     0.750
 8   114.052    21.142    19.515
 8     0.300    -0.428     0.852
 8     0.338    -0.788    -0.515
 8     0.892     0.442    -0.092
 9   127.744    26.980    39.563
 9     0.593    -0.804    -0.041
 9     0.117     0.136    -0.984
 9     0.796     0.578     0.175
 2    96.646   -18.456    59.993
 2     0.159    -0.987    -0.004
 2     0.986     0.158     0.037
 2    -0.037    -0.010     0.999
 3   126.566    -2.132     3.796
 3     0.300     0.034    -0.953
 3    -0.184     0.982    -0.023
 3     0.936     0.182     0.301
 4   111.361   -18.880    -6.228
 4     0.547     0.664     0.509
 4    -0.831     0.504     0.235
 4    -0.100    -0.552     0.828
 5   114.090   -26.545    16.170
 5     0.270     0.430     0.861
 5    -0.440    -0.740     0.508
 5     0.856    -0.517    -0.011
 6   125.001   -32.900    38.525
 6     0.375     0.877    -0.299
 6    -0.150     0.376     0.914
 6     0.915    -0.298     0.272
 7   113.744    15.085    -5.199
 7     0.556    -0.684     0.472
 7     0.817     0.344    -0.463
 7     0.154     0.642     0.750
 8   113.050    22.495    18.754
 8     0.252    -0.474     0.843
 8     0.376    -0.755    -0.537
 8     0.892     0.452    -0.012
 9   126.033    28.444    39.422
 9     0.541    -0.834    -0.108
 9     0.126     0.208    -0.970
 9     0.831     0.511     0.218
 2    96.648   -18.456    59.990
 2     0.159    -0.987    -0.004
 2     0.986     0.159     0.037
 2    -0.036    -0.010     0.999
 3   126.571    -2.085     3.863
 3     0.294     0.036    -0.955
 3    -0.187     0.982    -0.021
 3     0.937     0.184     0.295
 4   111.477   -18.806    -6.225
 4     0.548     0.668     0.503
 4    -0.830     0.508     0.229
 4    -0.102    -0.544     0.833
 5   113.468   -27.309    15.679
 5     0.229     0.449     0.863
 5    -0.470    -0.726     0.502
 5     0.852    -0.521     0.044
 6   123.641   -34.404    38.231
 6     0.323     0.882    -0.342
 6    -0.183     0.412     0.892
 6     0.928    -0.226     0.295
 7   113.874    15.188    -5.254
 7     0.556    -0.686     0.469
 7     0.816     0.345    -0.463
 7     0.156     0.640     0.752
 8   112.152    23.696    17.879
 8     0.196    -0.551     0.811
 8     0.398    -0.711    -0.579
 8     0.896     0.436     0.079
 9   124.639    29.514    38.989
 9     0.497    -0.846    -0.194
 9     0.116     0.286    -0.951
 9     0.860     0.450     0.241
 2    96.648   -18.456    59.990
 2     0.159    -0.987    -0.004
 2     0.986     0.159     0.037
 2    -0.036    -0.010     0.999
 3   126.651    -2.088     3.955
 3     0.289     0.037    -0.957
 3    -0.191     0.981    -0.019
 3     0.938     0.188     0.290
 4   111.693   -18.706    -6.354
 4     0.549     0.673     0.494
 4    -0.829     0.512     0.223
 4    -0.103    -0.532     0.840
 5   112.620   -27.657    15.204
 5     0.188     0.472     0.861
 5    -0.486    -0.717     0.499
 5     0.853    -0.513     0.094
 6   121.819   -35.041    37.890
 6     0.273     0.889    -0.368
 6    -0.203     0.426     0.881
 6     0.940    -0.166     0.296
 7   114.106    15.240    -5.309
 7     0.559    -0.687     0.464
 7     0.814     0.348    -0.465
 7     0.158     0.638     0.754
 8   111.213    24.701    17.049
 8     0.127    -0.623     0.772
 8     0.412    -0.675    -0.613
 8     0.902     0.396     0.171
 9   122.913    30.161    38.995
 9     0.443    -0.857    -0.264
 9     0.102     0.340    -0.935
 9     0.891     0.387     0.238
 2    96.646   -18.456    60.044
 2     0.159    -0.987    -0.004
 2     0.986     0.159     0.037
 2    -0.037    -0.010     0.999
 3   126.707    -2.091     3.997
 3     0.283     0.039    -0.958
 3    -0.193     0.981    -0.017
 3     0.939     0.189     0.285
 4   111.822   -18.678    -6.416
 4     0.551     0.675     0.490
 4    -0.828     0.514     0.224
 4    -0.100    -0.530     0.842
 5   112.105   -27.563    14.805
 5     0.145     0.507     0.849
 5    -0.485    -0.712     0.508
 5     0.862    -0.486     0.142
 6   120.008   -34.998    38.155
 6     0.197     0.882    -0.428
 6    -0.207     0.464     0.861
 6     0.958    -0.081     0.273
 7   114.414    15.240    -5.413
 7     0.563    -0.689     0.457
 7     0.811     0.353    -0.467
 7     0.160     0.633     0.757
 8   110.350    25.167    16.302
 8     0.070    -0.673     0.736
 8     0.422    -0.648    -0.634
 8     0.904     0.355     0.239
 9   121.017    30.764    38.755
 9     0.387    -0.871    -0.301
 9     0.101     0.365    -0.926
 9     0.916     0.328     0.229
 2    96.646   -18.456    59.993
 2     0.159    -0.987    -0.004
 2     0.986     0.159     0.037
 2    -0.037    -0.010     0.999
 3   126.678    -2.064     4.147
 3     0.274     0.038    -0.961
 3    -0.192     0.981    -0.016
 3     0.942     0.188     0.276
 4   112.113   -18.566    -6.577
 4     0.557     0.678     0.479
 4    -0.826     0.515     0.231
 4    -0.090    -0.524     0.847
 5   111.380   -27.316    14.562
 5     0.100     0.539     0.836
 5    -0.475    -0.713     0.517
 5     0.874    -0.449     0.185
 6   118.101   -34.762    38.235
 6     0.135     0.875    -0.465
 6    -0.203     0.483     0.851
 6     0.970    -0.021     0.242
 7   114.839    15.269    -5.550
 7     0.570    -0.697     0.436
 7     0.805     0.365    -0.468
 7     0.167     0.617     0.768
 8   109.719    25.878    15.412
 8     0.008    -0.735     0.677
 8     0.429    -0.609    -0.667
 8     0.903     0.296     0.311
 9   119.115    31.255    38.476
 9     0.311    -0.878    -0.363
 9     0.092     0.408    -0.908
 9     0.946     0.249     0.207
 2    96.648   -18.456    59.990
 2     0.159    -0.987    -0.004
 2     0.986     0.159     0.037
 2    -0.036    -0.010     0.999
 3   126.755    -2.065     4.287
 3     0.259     0.040    -0.965
 3    -0.192     0.981    -0.011
 3     0.946     0.187     0.262
 4   112.615   -18.552    -6.682
 4     0.561     0.688     0.461
 4    -0.825     0.514     0.237
 4    -0.074    -0.513     0.855
 5   111.067   -27.340    14.280
 5     0.068     0.577     0.813
 5    -0.465    -0.703     0.538
 5     0.883    -0.415     0.220
 6   117.111   -34.370    38.387
 6     0.091     0.858    -0.505
 6    -0.191     0.512     0.837
 6     0.977     0.019     0.210
 7   115.260    15.146    -5.609
 7     0.572    -0.705     0.420
 7     0.802     0.372    -0.467
 7     0.173     0.603     0.778
 8   109.121    26.235    14.670
 8    -0.050    -0.769     0.637
 8     0.432    -0.592    -0.680
 8     0.900     0.241     0.362
 9   117.198    31.598    38.112
 9     0.241    -0.888    -0.391
 9     0.095     0.422    -0.901
 9     0.966     0.180     0.186
 2    96.648   -18.456    60.041
 2     0.159    -0.987    -0.004
 2     0.986     0.159     0.037
 2    -0.036    -0.010     0.999
 3   126.827    -2.061     4.434
 3     0.250     0.040    -0.967
 3    -0.189     0.982    -0.008
 3     0.949     0.185     0.253
 4   112.941   -18.539    -6.731
 4     0.565     0.694     0.445
 4    -0.823     0.513     0.244
 4    -0.059    -0.505     0.861
 5   110.985   -27.538    14.069
 5     0.047     0.619     0.784
 5    -0.458    -0.684     0.568
 5     0.888    -0.385     0.251
 6   116.343   -34.363    38.268
 6     0.056     0.822    -0.566
 6    -0.181     0.566     0.804
 6     0.982     0.057     0.181
 7   115.480    15.254    -5.648
 7     0.569    -0.714     0.406
 7     0.802     0.374    -0.465
 7     0.180     0.591     0.786
 8   108.769    26.587    14.115
 8    -0.094    -0.815     0.571
 8     0.426    -0.552    -0.717
 8     0.899     0.176     0.399
 9   115.885    31.543    37.806
 9     0.174    -0.875    -0.451
 9     0.076     0.468    -0.880
 9     0.981     0.119     0.148
 2    96.646   -18.456    59.993
 2     0.159    -0.987    -0.004
 2     0.986     0.159     0.037
 2    -0.037    -0.010     0.999
 3   126.843    -2.008     4.543
 3     0.245     0.042    -0.968
 3    -0.188     0.982    -0.005
 3     0.951     0.183     0.249
 4   113.235   -18.655    -6.773
 4     0.568     0.701     0.429
 4    -0.821     0.514     0.248
 4    -0.047    -0.494     0.868
 5   110.746   -27.834    13.877
 5     0.033     0.650     0.759
 5    -0.454    -0.667     0.591
 5     0.890    -0.364     0.273
 6   115.574   -34.331    38.327
 6     0.034     0.811    -0.585
 6    -0.178     0.580     0.794
 6     0.983     0.076     0.164
 7   115.640    15.207    -5.806
 7     0.566    -0.721     0.400
 7     0.803     0.375    -0.462
 7     0.183     0.583     0.791
 8   108.395    26.866    13.686
 8    -0.128    -0.842     0.524
 8     0.418    -0.525    -0.741
 8     0.899     0.124     0.419
 9   114.457    31.409    37.503
 9     0.123    -0.871    -0.475
 9     0.061     0.484    -0.873
 9     0.990     0.078     0.112
 2    96.646   -18.456    59.993
 2     0.159    -0.987    -0.004
 2     0.986     0.159     0.037
 2    -0.037    -0.010     0.999
 3   126.844    -2.009     4.544
 3     0.244     0.045    -0.969
 3    -0.188     0.982    -0.002
 3     0.951     0.182     0.248
 4   113.420   -18.624    -6.742
 4     0.571     0.704     0.422
 4    -0.820     0.514     0.250
 4    -0.041    -0.490     0.871
 5   110.279   -27.914    13.719
 5     0.008     0.649     0.760
 5    -0.458    -0.673     0.580
 5     0.889    -0.354     0.292
 6   114.494   -34.651    38.342
 6     0.007     0.822    -0.569
 6    -0.180     0.561     0.808
 6     0.983     0.096     0.152
 7   115.648    15.160    -5.836
 7     0.563    -0.727     0.394
 7     0.805     0.374    -0.460
 7     0.186     0.576     0.796
 8   107.892    26.894    13.382
 8    -0.165    -0.859     0.485
 8     0.406    -0.507    -0.760
 8     0.899     0.072     0.432
 9   113.099    30.974    37.359
 9     0.072    -0.866    -0.494
 9     0.042     0.497    -0.866
 9     0.996     0.042     0.072
 2    96.646   -18.456    59.993
 2     0.159    -0.987    -0.004
 2     0.986     0.158     0.037
 2    -0.037    -0.010     0.999
 3   126.852    -2.008     4.585
 3     0.242     0.047    -0.969
 3    -0.188     0.982     0.000
 3     0.952     0.182     0.247
 4   113.423   -18.624    -6.803
 4     0.568     0.709     0.416
 4    -0.822     0.513     0.247
 4    -0.038    -0.483     0.875
 5   109.999   -27.938    13.603
 5    -0.008     0.649     0.760
 5    -0.465    -0.676     0.572
 5     0.885    -0.349     0.307
 6   114.003   -35.042    38.128
 6    -0.005     0.826    -0.563
 6    -0.193     0.551     0.812
 6     0.981     0.112     0.156
 7   115.669    15.219    -5.854
 7     0.555    -0.738     0.384
 7     0.809     0.371    -0.456
 7     0.194     0.563     0.803
 8   107.460    26.817    13.129
 8    -0.195    -0.871     0.451
 8     0.393    -0.491    -0.777
 8     0.898     0.026     0.438
 9   111.693    30.599    37.352
 9     0.025    -0.859    -0.511
 9     0.027     0.511    -0.859
 9     0.999     0.008     0.036
 2    96.696   -18.456    59.993
 2     0.159    -0.987    -0.004
 2     0.986     0.158     0.037
 2    -0.037    -0.010     0.999
 3   126.851    -2.062     4.611
 3     0.240     0.049    -0.969
 3    -0.190     0.982     0.002
 3     0.952     0.183     0.245
 4   113.425   -18.623    -6.810
 4     0.568     0.713     0.411
 4    -0.822     0.513     0.246
 4    -0.036    -0.478     0.877
 5   109.747   -28.037    13.461
 5    -0.024     0.647     0.762
 5    -0.472    -0.679     0.562
 5     0.881    -0.347     0.322
 6   113.146   -35.631    38.014
 6    -0.026     0.839    -0.544
 6    -0.208     0.527     0.823
 6     0.978     0.134     0.160
 7   115.686    15.226    -5.866
 7     0.549    -0.748     0.374
 7     0.812     0.369    -0.452
 7     0.200     0.551     0.810
 8   107.096    26.664    13.000
 8    -0.221    -0.876     0.428
 8     0.384    -0.482    -0.788
 8     0.896    -0.010     0.443
 9   110.764    30.529    37.363
 9    -0.005    -0.858    -0.514
 9     0.020     0.514    -0.858
 9     1.000    -0.014     0.014
 2    96.646   -18.456    59.993
 2     0.159    -0.987    -0.004
 2     0.986     0.159     0.037
 2    -0.037    -0.010     0.999
 3   126.875    -2.090     4.712
 3     0.238     0.050    -0.970
 3    -0.191     0.981     0.004
 3     0.952     0.184     0.243
 4   113.516   -18.618    -6.788
 4     0.565     0.721     0.401
 4    -0.825     0.509     0.246
 4    -0.027    -0.470     0.882
 5   109.339   -28.015    13.333
 5    -0.051     0.654     0.755
 5    -0.467    -0.684     0.561
 5     0.883    -0.324     0.340
 6   112.033   -35.399    37.955
 6    -0.058     0.797    -0.601
 6    -0.201     0.580     0.789
 6     0.978     0.166     0.127
 7   115.824    15.282    -5.876
 7     0.545    -0.755     0.365
 7     0.813     0.369    -0.451
 7     0.205     0.542     0.815
 8   106.899    26.636    12.867
 8    -0.242    -0.878     0.413
 8     0.379    -0.477    -0.793
 8     0.893    -0.035     0.448
 9   109.643    30.480    37.639
 9    -0.034    -0.856    -0.516
 9     0.020     0.516    -0.856
 9     0.999    -0.039    -0.000
 2    96.646   -18.456    59.993
 2     0.159    -0.987    -0.004
 2     0.986     0.158     0.037
 2    -0.037    -0.010     0.999
 3   126.882    -2.067     4.753
 3     0.234     0.051    -0.971
 3    -0.193     0.981     0.005
 3     0.953     0.186     0.240
 4   113.675   -18.692    -6.858
 4     0.562     0.728     0.392
 4    -0.827     0.507     0.245
 4    -0.021    -0.462     0.887
 5   109.021   -28.186    13.150
 5    -0.066     0.678     0.731
 5    -0.462    -0.671     0.581
 5     0.884    -0.300     0.357
 6   111.423   -35.200    37.917
 6    -0.071     0.745    -0.663
 6    -0.190     0.643     0.742
 6     0.979     0.178     0.096
 7   115.967    15.237    -5.863
 7     0.543    -0.761     0.355
 7     0.813     0.370    -0.449
 7     0.211     0.532     0.820
 8   106.724    26.530    12.730
 8    -0.257    -0.877     0.405
 8     0.377    -0.477    -0.793
 8     0.889    -0.051     0.454
 9   109.004    30.524    37.511
 9    -0.050    -0.862    -0.504
 9     0.023     0.503    -0.864
 9     0.998    -0.055    -0.006
 2    96.646   -18.456    59.993
 2     0.159    -0.987    -0.004
 2     0.986     0.158     0.037
 2    -0.037    -0.010     0.999
 3   126.931    -2.198     4.753
 3     0.231     0.055    -0.971
 3    -0.195     0.981     0.009
 3     0.953     0.187     0.237
 4   113.707   -18.741    -6.819
 4     0.560     0.731     0.388
 4    -0.828     0.505     0.244
 4    -0.017    -0.458     0.889
 5   108.919   -28.269    13.043
 5    -0.072     0.684     0.726
 5    -0.460    -0.669     0.584
 5     0.885    -0.292     0.362
 6   111.337   -35.162    37.992
 6    -0.076     0.740    -0.669
 6    -0.188     0.648     0.738
 6     0.979     0.181     0.089
 7   115.968    15.110    -5.988
 7     0.541    -0.764     0.350
 7     0.814     0.372    -0.447
 7     0.211     0.527     0.823
 8   106.532    26.526    12.489
 8    -0.272    -0.880     0.389
 8     0.373    -0.469    -0.800
 8     0.886    -0.072     0.456
 9   108.180    30.343    37.458
 9    -0.076    -0.854    -0.516
 9     0.019     0.516    -0.857
 9     0.997    -0.075    -0.023
 2    96.696   -18.456    59.993
 2     0.159    -0.987    -0.004
 2     0.986     0.158     0.037
 2    -0.037    -0.010     0.999
 3   126.931    -2.199     4.804
 3     0.229     0.057    -0.972
 3    -0.195     0.980     0.012
 3     0.953     0.187     0.236
 4   113.711   -18.739    -6.825
 4     0.560     0.733     0.386
 4    -0.828     0.504     0.245
 4    -0.015    -0.457     0.889
 5   108.791   -28.324    13.044
 5    -0.076     0.684     0.725
 5    -0.460    -0.669     0.584
 5     0.885    -0.289     0.365
 6   111.119   -35.168    37.978
 6    -0.079     0.740    -0.668
 6    -0.184     0.648     0.739
 6     0.980     0.181     0.085
 7   115.947    15.112    -5.988
 7     0.537    -0.769     0.345
 7     0.816     0.371    -0.442
 7     0.212     0.520     0.827
 8   106.211    26.520    12.257
 8    -0.290    -0.884     0.366
 8     0.370    -0.456    -0.809
 8     0.882    -0.099     0.460
 9   107.107    30.277    37.426
 9    -0.106    -0.841    -0.530
 9     0.015     0.531    -0.847
 9     0.994    -0.098    -0.044
 2    96.648   -18.456    59.990
 2     0.159    -0.987    -0.004
 2     0.986     0.159     0.037
 2    -0.036    -0.010     0.999
 3   126.858    -2.252     4.806
 3     0.228     0.061    -0.972
 3    -0.196     0.980     0.016
 3     0.953     0.186     0.236
 4   113.721   -18.813    -6.840
 4     0.557     0.736     0.383
 4    -0.830     0.500     0.246
 4    -0.010    -0.455     0.890
 5   108.559   -28.285    13.023
 5    -0.085     0.687     0.721
 5    -0.458    -0.670     0.585
 5     0.885    -0.280     0.372
 6   110.613   -35.021    37.996
 6    -0.089     0.734    -0.673
 6    -0.179     0.653     0.735
 6     0.979     0.186     0.073
 7   115.906    15.116    -6.043
 7     0.531    -0.777     0.338
 7     0.819     0.369    -0.438
 7     0.215     0.510     0.833
 8   105.884    26.566    12.221
 8    -0.307    -0.881     0.360
 8     0.367    -0.458    -0.809
 8     0.878    -0.116     0.464
 9   106.337    30.318    37.254
 9    -0.126    -0.838    -0.531
 9     0.016     0.533    -0.846
 9     0.992    -0.116    -0.054
 2    96.646   -18.456    59.993
 2     0.159    -0.987    -0.004
 2     0.986     0.158     0.037
 2    -0.037    -0.010     0.999
 3   126.857    -2.279     4.806
 3     0.227     0.063    -0.972
 3    -0.197     0.980     0.018
 3     0.953     0.187     0.235
 4   113.725   -18.786    -6.799
 4     0.557     0.740     0.377
 4    -0.831     0.500     0.245
 4    -0.007    -0.450     0.893
 5   108.425   -28.243    12.983
 5    -0.092     0.688     0.719
 5    -0.458    -0.671     0.583
 5     0.884    -0.276     0.376
 6   110.343   -34.905    38.035
 6    -0.094     0.737    -0.670
 6    -0.176     0.649     0.739
 6     0.980     0.187     0.068
 7   115.866    15.121    -6.077
 7     0.526    -0.783     0.332
 7     0.822     0.367    -0.436
 7     0.219     0.502     0.837
 8   105.640    26.462    12.128
 8    -0.321    -0.879     0.352
 8     0.360    -0.457    -0.813
 8     0.875    -0.134     0.464
 9   105.597    30.080    37.321
 9    -0.146    -0.835    -0.531
 9     0.010     0.535    -0.844
 9     0.989    -0.128    -0.070
 2    96.648   -18.456    59.990
 2     0.159    -0.987    -0.004
 2     0.986     0.159     0.037
 2    -0.036    -0.010     0.999
 3   126.865    -2.252     4.821
 3     0.226     0.064    -0.972
 3    -0.197     0.980     0.019
 3     0.954     0.187     0.234
 4   113.780   -18.785    -6.809
 4     0.555     0.743     0.372
 4    -0.832     0.498     0.245
 4    -0.004    -0.446     0.895
 5   108.344   -28.178    12.886
 5    -0.101     0.688     0.718
 5    -0.456    -0.674     0.581
 5     0.884    -0.269     0.382
 6   109.969   -34.805    37.982
 6    -0.104     0.738    -0.666
 6    -0.175     0.646     0.743
 6     0.979     0.194     0.062
 7   115.979    15.152    -6.062
 7     0.520    -0.790     0.324
 7     0.824     0.365    -0.433
 7     0.224     0.493     0.841
 8   105.397    26.332    12.010
 8    -0.336    -0.877     0.342
 8     0.354    -0.455    -0.817
 8     0.872    -0.153     0.464
 9   104.851    29.791    37.159
 9    -0.168    -0.826    -0.538
 9     0.008     0.544    -0.839
 9     0.986    -0.145    -0.085
 2    96.646   -18.456    59.993
 2     0.159    -0.987    -0.004
 2     0.986     0.159     0.037
 2    -0.037    -0.010     0.999
 3   126.865    -2.278     4.821
 3     0.225     0.065    -0.972
 3    -0.197     0.980     0.020
 3     0.954     0.187     0.233
 4   113.836   -18.782    -6.818
 4     0.555     0.745     0.370
 4    -0.832     0.497     0.246
 4    -0.001    -0.445     0.896
 5   108.187   -28.239    12.872
 5    -0.109     0.686     0.719
 5    -0.456    -0.677     0.577
 5     0.883    -0.266     0.386
 6   109.593   -34.783    38.005
 6    -0.115     0.739    -0.664
 6    -0.173     0.643     0.746
 6     0.978     0.200     0.054
 7   116.010    15.078    -6.090
 7     0.516    -0.795     0.319
 7     0.826     0.364    -0.431
 7     0.226     0.485     0.844
 8   105.257    26.201    11.912
 8    -0.347    -0.876     0.333
 8     0.352    -0.451    -0.820
 8     0.869    -0.167     0.465
 9   104.377    29.602    37.004
 9    -0.188    -0.812    -0.553
 9     0.007     0.561    -0.827
 9     0.982    -0.159    -0.100
 2    96.696   -18.456    59.993
 2     0.159    -0.987    -0.004
 2     0.986     0.159     0.037
 2    -0.037    -0.010     0.999
 3   126.864    -2.280     4.872
 3     0.224     0.064    -0.973
 3    -0.198     0.980     0.019
 3     0.954     0.188     0.232
 4   113.918   -18.855    -6.805
 4     0.555     0.747     0.366
 4    -0.832     0.497     0.248
 4     0.003    -0.442     0.897
 5   108.190   -28.243    12.860
 5    -0.113     0.692     0.713
 5    -0.450    -0.675     0.584
 5     0.885    -0.256     0.387
 6   109.487   -34.586    38.052
 6    -0.126     0.737    -0.664
 6    -0.168     0.644     0.746
 6     0.977     0.205     0.042
 7   116.019    15.081    -6.097
 7     0.515    -0.797     0.314
 7     0.826     0.364    -0.431
 7     0.229     0.481     0.846
 8   105.372    26.322    11.822
 8    -0.357    -0.883     0.304
 8     0.349    -0.428    -0.833
 8     0.866    -0.192     0.461
 9   103.996    29.640    36.913
 9    -0.212    -0.791    -0.574
 9     0.004     0.586    -0.810
 9     0.977    -0.174    -0.121
 2    96.696   -18.456    59.993
 2     0.159    -0.987    -0.004
 2     0.986     0.158     0.037
 2    -0.037    -0.010     0.999
 3   126.822    -2.279     4.861
 3     0.221     0.064    -0.973
 3    -0.197     0.980     0.019
 3     0.955     0.187     0.229
 4   114.023   -18.852    -6.816
 4     0.556     0.748     0.363
 4    -0.831     0.497     0.249
 4     0.006    -0.440     0.898
 5   108.187   -28.248    12.879
 5    -0.118     0.698     0.706
 5    -0.448    -0.672     0.589
 5     0.886    -0.247     0.392
 6   109.285   -34.588    38.175
 6    -0.138     0.734    -0.665
 6    -0.167     0.644     0.746
 6     0.976     0.214     0.034
 7   116.075    15.032    -6.101
 7     0.514    -0.800     0.309
 7     0.826     0.365    -0.430
 7     0.231     0.476     0.848
 8   105.281    26.268    11.796
 8    -0.365    -0.881     0.299
 8     0.348    -0.427    -0.834
 8     0.863    -0.201     0.463
 9   103.556    29.706    36.880
 9    -0.228    -0.788    -0.571
 9     0.009     0.585    -0.811
 9     0.973    -0.190    -0.126
 2    96.696   -18.456    59.993
 2     0.159    -0.987    -0.004
 2     0.986     0.158     0.037
 2    -0.037    -0.010     0.999
 3   126.822    -2.280     4.911
 3     0.219     0.065    -0.974
 3    -0.197     0.980     0.021
 3     0.955     0.187     0.227
 4   114.027   -18.902    -6.822
 4     0.555     0.750     0.360
 4    -0.832     0.496     0.249
 4     0.008    -0.438     0.899
 5   108.005   -28.256    12.864
 5    -0.124     0.695     0.708
 5    -0.448    -0.676     0.585
 5     0.885    -0.245     0.395
 6   109.018   -34.621    38.064
 6    -0.141     0.758    -0.637
 6    -0.167     0.615     0.770
 6     0.976     0.215     0.040
 7   116.184    15.035    -6.108
 7     0.513    -0.803     0.304
 7     0.826     0.364    -0.430
 7     0.234     0.472     0.850
 8   105.224    26.191    11.809
 8    -0.372    -0.880     0.296
 8     0.344    -0.427    -0.836
 8     0.862    -0.209     0.461
 9   103.346    29.501    36.900
 9    -0.234    -0.784    -0.575
 9     0.006     0.590    -0.807
 9     0.972    -0.192    -0.134
 2    96.646   -18.456    59.993
 2     0.159    -0.987    -0.004
 2     0.986     0.159     0.037
 2    -0.037    -0.010     0.999
 3   126.821    -2.334     4.912
 3     0.217     0.068    -0.974
 3    -0.198     0.980     0.024
 3     0.955     0.188     0.226
 4   113.974   -18.853    -6.818
 4     0.554     0.750     0.360
 4    -0.833     0.495     0.248
 4     0.007    -0.437     0.899
 5   108.200   -28.241    12.853
 5    -0.113     0.706     0.699
 5    -0.444    -0.665     0.600
 5     0.889    -0.243     0.388
 6   109.425   -34.604    38.080
 6    -0.135     0.752    -0.645
 6    -0.171     0.623     0.763
 6     0.976     0.213     0.044
 7   116.145    15.142    -6.096
 7     0.509    -0.806     0.302
 7     0.826     0.361    -0.432
 7     0.239     0.469     0.850
 8   105.097    26.141    11.943
 8    -0.376    -0.879     0.294
 8     0.339    -0.426    -0.839
 8     0.862    -0.216     0.458
 9   103.173    29.320    37.010
 9    -0.241    -0.780    -0.578
 9     0.002     0.595    -0.804
 9     0.970    -0.195    -0.142
 2    96.646   -18.456    59.993
 2     0.159    -0.987    -0.004
 2     0.986     0.158     0.038
 2    -0.037    -0.010     0.999
 3   126.821    -2.337     4.963
 3     0.216     0.070    -0.974
 3    -0.200     0.979     0.026
 3     0.955     0.189     0.225
 4   113.846   -18.857    -6.810
 4     0.548     0.753     0.363
 4    -0.836     0.492     0.243
 4     0.005    -0.437     0.899
 5   108.202   -28.236    12.901
 5    -0.109     0.707     0.698
 5    -0.445    -0.663     0.602
 5     0.889    -0.245     0.386
 6   109.606   -34.696    38.130
 6    -0.131     0.754    -0.644
 6    -0.172     0.622     0.763
 6     0.976     0.211     0.048
 7   116.149    15.144    -6.102
 7     0.508    -0.807     0.301
 7     0.827     0.359    -0.433
 7     0.241     0.469     0.849
 8   105.126    26.092    11.939
 8    -0.377    -0.878     0.295
 8     0.336    -0.426    -0.839
 8     0.863    -0.217     0.456
 9   103.174    29.269    37.010
 9    -0.243    -0.779    -0.578
 9     0.002     0.596    -0.803
 9     0.970    -0.196    -0.143
 2    96.648   -18.456    59.990
 2     0.159    -0.987    -0.004
 2     0.986     0.159     0.037
 2    -0.036    -0.010     0.999
 3   126.822    -2.338     4.965
 3     0.216     0.070    -0.974
 3    -0.201     0.979     0.026
 3     0.955     0.189     0.226
 4   113.845   -18.808    -6.806
 4     0.548     0.753     0.364
 4    -0.836     0.491     0.243
 4     0.004    -0.438     0.899
 5   108.069   -28.192    12.869
 5    -0.114     0.699     0.706
 5    -0.448    -0.670     0.592
 5     0.887    -0.249     0.389
 6   109.418   -34.754    38.095
 6    -0.135     0.755    -0.641
 6    -0.175     0.619     0.765
 6     0.975     0.215     0.048
 7   116.149    15.169    -6.051
 7     0.508    -0.807     0.301
 7     0.827     0.359    -0.433
 7     0.241     0.468     0.850
 8   105.126    26.092    11.991
 8    -0.377    -0.878     0.294
 8     0.336    -0.426    -0.840
 8     0.863    -0.218     0.455
 9   103.165    29.318    37.019
 9    -0.245    -0.776    -0.580
 9     0.004     0.598    -0.802
 9     0.969    -0.199    -0.143
 2    96.648   -18.456    60.041
 2     0.159    -0.987    -0.004
 2     0.986     0.159     0.037
 2    -0.036    -0.010     0.999
 3   126.822    -2.338     4.965
 3     0.216     0.070    -0.974
 3    -0.201     0.979     0.026
 3     0.955     0.189     0.226
 4   113.793   -18.782    -6.829
 4     0.549     0.751     0.366
 4    -0.836     0.492     0.244
 4     0.003    -0.440     0.898
 5   108.115   -28.193    12.877
 5    -0.114     0.699     0.706
 5    -0.448    -0.670     0.591
 5     0.886    -0.250     0.389
 6   109.419   -34.778    38.095
 6    -0.135     0.754    -0.642
 6    -0.176     0.619     0.765
 6     0.975     0.216     0.049
 7   116.151    15.170    -6.054
 7     0.507    -0.807     0.301
 7     0.827     0.358    -0.433
 7     0.242     0.468     0.849
 8   105.172    26.141    11.995
 8    -0.376    -0.879     0.294
 8     0.338    -0.426    -0.839
 8     0.862    -0.216     0.457
 9   103.332    29.497    36.996
 9    -0.243    -0.776    -0.582
 9     0.010     0.598    -0.801
 9     0.970    -0.200    -0.138
 2    96.648   -18.456    60.041
 2     0.159    -0.987    -0.004
 2     0.986     0.159     0.037
 2    -0.036    -0.010     0.999
 3   126.821    -2.337     4.964
 3     0.216     0.069    -0.974
 3    -0.200     0.979     0.025
 3     0.955     0.189     0.226
 4   113.740   -18.784    -6.822
 4     0.549     0.750     0.368
 4    -0.836     0.492     0.244
 4     0.001    -0.442     0.897
 5   108.200   -28.235    12.857
 5    -0.107     0.705     0.701
 5    -0.446    -0.664     0.600
 5     0.888    -0.249     0.385
 6   109.561   -34.689    38.078
 6    -0.130     0.753    -0.644
 6    -0.176     0.622     0.763
 6     0.976     0.212     0.052
 7   116.152    15.144    -6.054
 7     0.508    -0.807     0.301
 7     0.826     0.359    -0.434
 7     0.242     0.469     0.849
 8   105.284    26.093    12.103
 8    -0.370    -0.880     0.298
 8     0.342    -0.427    -0.837
 8     0.864    -0.208     0.458
 9   103.652    29.628    37.093
 9    -0.234    -0.778    -0.583
 9     0.012     0.597    -0.802
 9     0.972    -0.195    -0.130
 2    96.648   -18.456    59.990
 2     0.159    -0.987    -0.004
 2     0.986     0.159     0.037
 2    -0.036    -0.010     0.999
 3   126.820    -2.336     4.962
 3     0.216     0.068    -0.974
 3    -0.200     0.979     0.024
 3     0.955     0.190     0.225
 4   113.741   -18.784    -6.822
 4     0.549     0.749     0.369
 4    -0.836     0.492     0.244
 4     0.001    -0.443     0.897
 5   108.200   -28.233    12.856
 5    -0.106     0.706     0.700
 5    -0.447    -0.663     0.601
 5     0.888    -0.250     0.386
 6   109.918   -34.842    37.935
 6    -0.121     0.739    -0.662
 6    -0.181     0.639     0.747
 6     0.976     0.210     0.056
 7   116.149    15.169    -6.051
 7     0.509    -0.806     0.302
 7     0.826     0.359    -0.434
 7     0.241     0.470     0.849
 8   105.423    26.148    12.176
 8    -0.360    -0.879     0.311
 8     0.344    -0.435    -0.832
 8     0.867    -0.193     0.459
 9   104.122    29.688    37.185
 9    -0.218    -0.785    -0.580
 9     0.015     0.591    -0.806
 9     0.976    -0.185    -0.117
 2    96.646   -18.406    59.993
 2     0.159    -0.987    -0.004
 2     0.986     0.158     0.038
 2    -0.037    -0.010     0.999
 3   126.820    -2.336     4.962
 3     0.217     0.068    -0.974
 3    -0.200     0.979     0.023
 3     0.955     0.190     0.226
 4   113.782   -18.784    -6.786
 4     0.555     0.744     0.372
 4    -0.832     0.498     0.245
 4    -0.003    -0.445     0.895
 5   108.603   -28.418    12.946
 5    -0.090     0.716     0.691
 5    -0.450    -0.649     0.614
 5     0.888    -0.256     0.381
 6   110.601   -35.066    37.971
 6    -0.110     0.725    -0.680
 6    -0.186     0.657     0.730
 6     0.976     0.207     0.062
 7   116.010    15.139    -5.939
 7     0.510    -0.802     0.311
 7     0.826     0.358    -0.434
 7     0.236     0.479     0.845
 8   105.611    26.200    12.311
 8    -0.339    -0.880     0.332
 8     0.359    -0.448    -0.819
 8     0.869    -0.158     0.467
 9   105.193    30.283    37.213
 9    -0.185    -0.796    -0.577
 9     0.038     0.580    -0.813
 9     0.982    -0.173    -0.077
 2    96.646   -18.406    59.993
 2     0.159    -0.987    -0.004
 2     0.986     0.158     0.038
 2    -0.037    -0.010     0.999
 3   126.871    -2.283     4.912
 3     0.219     0.064    -0.973
 3    -0.200     0.979     0.020
 3     0.955     0.190     0.228
 4   113.718   -18.736    -6.767
 4     0.560     0.737     0.377
 4    -0.828     0.505     0.244
 4    -0.010    -0.449     0.893
 5   109.063   -28.598    12.935
 5    -0.070     0.721     0.689
 5    -0.454    -0.638     0.621
 5     0.888    -0.270     0.372
 6   111.682   -35.109    37.930
 6    -0.088     0.698    -0.710
 6    -0.194     0.687     0.700
 6     0.977     0.199     0.074
 7   115.890    15.157    -5.924
 7     0.515    -0.794     0.323
 7     0.826     0.358    -0.435
 7     0.229     0.491     0.840
 8   106.029    26.330    12.560
 8    -0.312    -0.879     0.361
 8     0.376    -0.463    -0.802
 8     0.872    -0.115     0.475
 9   106.699    31.028    37.212
 9    -0.144    -0.812    -0.566
 9     0.063     0.563    -0.824
 9     0.987    -0.154    -0.030
 2    96.646   -18.406    59.993
 2     0.159    -0.987    -0.004
 2     0.986     0.158     0.038
 2    -0.037    -0.010     0.999
 3   126.887    -2.280     4.870
 3     0.224     0.060    -0.973
 3    -0.199     0.980     0.015
 3     0.954     0.190     0.231
 4   113.674   -18.690    -6.817
 4     0.565     0.730     0.384
 4    -0.825     0.510     0.242
 4    -0.019    -0.453     0.891
 5   109.498   -28.651    13.000
 5    -0.050     0.723     0.689
 5    -0.456    -0.631     0.628
 5     0.888    -0.283     0.361
 6   112.575   -35.142    37.863
 6    -0.071     0.680    -0.729
 6    -0.201     0.706     0.678
 6     0.977     0.194     0.086
 7   115.824    15.125    -5.911
 7     0.521    -0.786     0.333
 7     0.823     0.361    -0.437
 7     0.223     0.502     0.835
 8   106.488    26.438    12.810
 8    -0.278    -0.876     0.395
