% Calibrated with leiden_pols
% Positions are in centimeters
Data =[
 2    97.336   -18.704    59.698
 2     0.620    -0.785     0.004
 2     0.784     0.620     0.037
 2    -0.032    -0.020     0.999
 3   129.532    -2.342     4.130
 3     0.441    -0.152    -0.884
 3     0.043     0.988    -0.148
 3     0.896     0.027     0.443
 4   111.720    15.499    -7.880
 4     0.524    -0.836     0.160
 4     0.818     0.442    -0.368
 4     0.236     0.324     0.916
 5   111.446    23.772    20.010
 5     0.344    -0.321     0.882
 5     0.305    -0.850    -0.428
 5     0.888     0.417    -0.195
 6   128.380    24.750    45.187
 6     0.433    -0.562    -0.705
 6    -0.103     0.745    -0.658
 6     0.895     0.358     0.265
 7   112.492   -21.817    -5.588
 7     0.767     0.615     0.182
 7    -0.629     0.666     0.400
 7     0.125    -0.422     0.898
 8   112.365   -24.279    22.407
 8     0.350    -0.214     0.911
 8    -0.179    -0.971    -0.159
 8     0.919    -0.107    -0.379
 9   127.438   -31.557    48.576
 9     0.363     0.808    -0.464
 9    -0.056     0.516     0.854
 9     0.930    -0.284     0.233
 2    97.311   -18.704    59.749
 2     0.620    -0.784     0.004
 2     0.784     0.620     0.037
 2    -0.032    -0.020     0.999
 3   129.430    -2.266     4.256
 3     0.441    -0.157    -0.883
 3     0.043     0.987    -0.154
 3     0.896     0.029     0.442
 4   111.684    15.505    -7.872
 4     0.522    -0.838     0.157
 4     0.817     0.440    -0.372
 4     0.242     0.323     0.915
 5   111.364    23.771    20.118
 5     0.344    -0.319     0.883
 5     0.307    -0.851    -0.427
 5     0.887     0.417    -0.195
 6   128.252    24.750    45.286
 6     0.434    -0.567    -0.700
 6    -0.103     0.741    -0.663
 6     0.895     0.360     0.263
 7   112.548   -21.764    -5.543
 7     0.767     0.615     0.181
 7    -0.628     0.665     0.404
 7     0.127    -0.424     0.897
 8   112.315   -24.278    22.406
 8     0.350    -0.213     0.912
 8    -0.178    -0.971    -0.158
 8     0.919    -0.107    -0.378
 9   127.439   -31.507    48.627
 9     0.363     0.808    -0.463
 9    -0.057     0.515     0.855
 9     0.930    -0.284     0.233
 2    97.311   -18.754    59.750
 2     0.620    -0.784     0.003
 2     0.784     0.620     0.037
 2    -0.032    -0.021     0.999
 3   129.409    -2.264     4.349
 3     0.440    -0.161    -0.884
 3     0.043     0.986    -0.158
 3     0.897     0.031     0.441
 4   111.697    15.560    -7.835
 4     0.522    -0.839     0.154
 4     0.817     0.438    -0.375
 4     0.247     0.321     0.914
 5   111.314    23.771    20.118
 5     0.344    -0.319     0.883
 5     0.307    -0.850    -0.427
 5     0.887     0.418    -0.195
 6   128.247    24.749    45.293
 6     0.436    -0.568    -0.699
 6    -0.103     0.740    -0.665
 6     0.894     0.361     0.264
 7   112.553   -21.762    -5.549
 7     0.767     0.615     0.181
 7    -0.628     0.664     0.406
 7     0.129    -0.425     0.896
 8   112.269   -24.202    22.449
 8     0.349    -0.210     0.913
 8    -0.178    -0.972    -0.155
 8     0.920    -0.108    -0.376
 9   127.440   -31.558    48.628
 9     0.363     0.809    -0.462
 9    -0.057     0.513     0.856
 9     0.930    -0.285     0.232
 2    97.311   -18.704    59.750
 2     0.620    -0.785     0.003
 2     0.784     0.620     0.038
 2    -0.032    -0.021     0.999
 3   129.409    -2.213     4.374
 3     0.440    -0.163    -0.883
 3     0.044     0.986    -0.160
 3     0.897     0.031     0.441
 4   111.652    15.612    -7.739
 4     0.521    -0.840     0.152
 4     0.816     0.438    -0.377
 4     0.249     0.320     0.914
 5   111.264    23.771    20.143
 5     0.344    -0.318     0.883
 5     0.307    -0.851    -0.426
 5     0.887     0.418    -0.195
 6   128.190    24.748    45.297
 6     0.437    -0.569    -0.697
 6    -0.103     0.738    -0.667
 6     0.893     0.363     0.263
 7   112.556   -21.761    -5.551
 7     0.768     0.614     0.181
 7    -0.627     0.664     0.407
 7     0.130    -0.427     0.895
 8   112.262   -24.202    22.456
 8     0.351    -0.205     0.913
 8    -0.176    -0.973    -0.151
 8     0.919    -0.108    -0.378
 9   127.389   -31.559    48.628
 9     0.363     0.810    -0.461
 9    -0.058     0.513     0.856
 9     0.930    -0.284     0.233
 2    97.311   -18.704    59.750
 2     0.620    -0.784     0.003
 2     0.784     0.620     0.038
 2    -0.032    -0.021     0.999
 3   129.347    -2.166     4.311
 3     0.444    -0.161    -0.881
 3     0.044     0.986    -0.159
 3     0.895     0.032     0.445
 4   111.603    15.664    -7.743
 4     0.520    -0.840     0.154
 4     0.817     0.436    -0.378
 4     0.250     0.322     0.913
 5   111.265    23.720    20.193
 5     0.346    -0.319     0.882
 5     0.307    -0.850    -0.428
 5     0.887     0.418    -0.196
 6   128.190    24.748    45.298
 6     0.437    -0.568    -0.697
 6    -0.103     0.738    -0.667
 6     0.893     0.363     0.264
 7   112.480   -21.686    -5.496
 7     0.767     0.614     0.183
 7    -0.628     0.662     0.409
 7     0.129    -0.429     0.894
 8   112.206   -24.200    22.514
 8     0.354    -0.201     0.913
 8    -0.174    -0.974    -0.147
 8     0.918    -0.107    -0.380
 9   127.390   -31.509    48.577
 9     0.363     0.810    -0.460
 9    -0.059     0.513     0.856
 9     0.930    -0.284     0.234
 2    97.311   -18.704    59.750
 2     0.620    -0.785     0.003
 2     0.784     0.620     0.038
 2    -0.032    -0.021     0.999
 3   129.292    -2.168     4.267
 3     0.446    -0.161    -0.880
 3     0.044     0.986    -0.158
 3     0.894     0.032     0.447
 4   111.523    15.662    -7.840
 4     0.522    -0.839     0.156
 4     0.816     0.437    -0.378
 4     0.248     0.324     0.912
 5   111.259    23.768    20.199
 5     0.347    -0.319     0.882
 5     0.307    -0.850    -0.429
 5     0.886     0.419    -0.197
 6   128.241    24.696    45.298
 6     0.438    -0.568    -0.697
 6    -0.104     0.738    -0.667
 6     0.893     0.364     0.264
 7   112.428   -21.738    -5.544
 7     0.767     0.614     0.185
 7    -0.628     0.662     0.408
 7     0.128    -0.430     0.894
 8   112.262   -24.148    22.505
 8     0.354    -0.201     0.913
 8    -0.174    -0.974    -0.146
 8     0.919    -0.107    -0.380
 9   127.390   -31.560    48.577
 9     0.363     0.811    -0.459
 9    -0.060     0.512     0.857
 9     0.930    -0.284     0.234
 2    97.311   -18.704    59.750
 2     0.620    -0.785     0.004
 2     0.784     0.620     0.038
 2    -0.032    -0.021     0.999
 3   129.292    -2.168     4.318
 3     0.445    -0.162    -0.881
 3     0.044     0.986    -0.159
 3     0.894     0.032     0.446
 4   111.523    15.662    -7.789
 4     0.522    -0.839     0.156
 4     0.816     0.437    -0.378
 4     0.248     0.325     0.912
 5   111.209    23.767    20.250
 5     0.347    -0.320     0.881
 5     0.306    -0.850    -0.429
 5     0.886     0.419    -0.197
 6   128.240    24.747    45.349
 6     0.438    -0.568    -0.697
 6    -0.104     0.738    -0.667
 6     0.893     0.364     0.264
 7   112.376   -21.687    -5.491
 7     0.768     0.612     0.185
 7    -0.627     0.663     0.408
 7     0.127    -0.430     0.894
 8   112.187   -24.148    22.505
 8     0.354    -0.201     0.913
 8    -0.174    -0.974    -0.146
 8     0.919    -0.107    -0.380
 9   127.390   -31.510    48.577
 9     0.363     0.811    -0.459
 9    -0.060     0.512     0.857
 9     0.930    -0.284     0.234
 2    97.311   -18.704    59.750
 2     0.620    -0.785     0.003
 2     0.784     0.620     0.038
 2    -0.032    -0.021     0.999
 3   129.247    -2.115     4.311
 3     0.443    -0.164    -0.881
 3     0.044     0.986    -0.162
 3     0.895     0.032     0.444
 4   111.475    15.662    -7.741
 4     0.522    -0.839     0.157
 4     0.816     0.437    -0.379
 4     0.249     0.325     0.912
 5   111.184    23.767    20.198
 5     0.348    -0.320     0.881
 5     0.306    -0.850    -0.429
 5     0.886     0.419    -0.198
 6   128.139    24.747    45.347
 6     0.438    -0.570    -0.695
 6    -0.104     0.736    -0.669
 6     0.893     0.366     0.263
 7   112.425   -21.636    -5.542
 7     0.769     0.612     0.185
 7    -0.626     0.664     0.408
 7     0.127    -0.430     0.894
 8   112.192   -24.097    22.497
 8     0.352    -0.199     0.914
 8    -0.173    -0.974    -0.145
 8     0.920    -0.107    -0.378
 9   127.390   -31.459    48.679
 9     0.363     0.811    -0.459
 9    -0.060     0.511     0.857
 9     0.930    -0.284     0.234
 2    97.311   -18.704    59.750
 2     0.620    -0.784     0.004
 2     0.784     0.620     0.038
 2    -0.032    -0.021     0.999
 3   129.228    -2.114     4.380
 3     0.441    -0.165    -0.882
 3     0.044     0.986    -0.162
 3     0.896     0.032     0.442
 4   111.424    15.688    -7.716
 4     0.521    -0.839     0.157
 4     0.816     0.436    -0.379
 4     0.249     0.326     0.912
 5   111.134    23.717    20.249
 5     0.347    -0.318     0.882
 5     0.306    -0.850    -0.427
 5     0.886     0.418    -0.198
 6   128.057    24.746    45.352
 6     0.440    -0.574    -0.691
 6    -0.104     0.732    -0.673
 6     0.892     0.368     0.262
 7   112.427   -21.686    -5.494
 7     0.769     0.612     0.184
 7    -0.627     0.664     0.408
 7     0.128    -0.429     0.894
 8   112.216   -24.097    22.522
 8     0.352    -0.199     0.915
 8    -0.173    -0.974    -0.145
 8     0.920    -0.107    -0.377
 9   127.365   -31.510    48.679
 9     0.362     0.812    -0.458
 9    -0.060     0.510     0.858
 9     0.930    -0.284     0.234
 2    97.311   -18.704    59.750
 2     0.620    -0.784     0.004
 2     0.784     0.620     0.038
 2    -0.032    -0.021     0.999
 3   129.233    -2.111     4.374
 3     0.440    -0.165    -0.883
 3     0.045     0.986    -0.162
 3     0.897     0.031     0.441
 4   111.525    15.688    -7.741
 4     0.521    -0.839     0.157
 4     0.816     0.436    -0.379
 4     0.249     0.325     0.912
 5   111.134    23.718    20.198
 5     0.346    -0.318     0.883
 5     0.307    -0.851    -0.427
 5     0.886     0.418    -0.197
 6   128.106    24.797    45.352
 6     0.440    -0.574    -0.691
 6    -0.104     0.731    -0.674
 6     0.892     0.368     0.262
 7   112.425   -21.635    -5.496
 7     0.770     0.612     0.181
 7    -0.625     0.666     0.406
 7     0.128    -0.426     0.896
 8   112.191   -24.098    22.523
 8     0.352    -0.200     0.914
 8    -0.174    -0.974    -0.146
 8     0.920    -0.108    -0.378
 9   127.365   -31.459    48.628
 9     0.363     0.812    -0.458
 9    -0.060     0.510     0.858
 9     0.930    -0.284     0.234
 2    97.311   -18.704    59.749
 2     0.620    -0.784     0.004
 2     0.784     0.620     0.037
 2    -0.032    -0.020     0.999
 3   129.264    -2.084     4.418
 3     0.438    -0.163    -0.884
 3     0.046     0.986    -0.159
 3     0.898     0.029     0.439
 4   111.598    15.661    -7.738
 4     0.524    -0.837     0.157
 4     0.815     0.438    -0.379
 4     0.248     0.326     0.912
 5   111.124    23.874    19.818
 5     0.311    -0.318     0.896
 5     0.323    -0.851    -0.414
 5     0.894     0.417    -0.163
 6   128.106    24.797    45.352
 6     0.440    -0.574    -0.691
 6    -0.104     0.732    -0.674
 6     0.892     0.368     0.262
 7   112.499   -21.685    -5.552
 7     0.770     0.612     0.176
 7    -0.624     0.669     0.402
 7     0.129    -0.420     0.898
 8   112.283   -24.161    22.499
 8     0.361    -0.210     0.909
 8    -0.185    -0.971    -0.151
 8     0.914    -0.114    -0.389
 9   127.365   -31.560    48.577
 9     0.363     0.812    -0.457
 9    -0.060     0.510     0.858
 9     0.930    -0.284     0.234
 2    97.311   -18.704    59.750
 2     0.620    -0.784     0.004
 2     0.784     0.620     0.037
 2    -0.032    -0.021     0.999
 3   129.316    -2.159     4.344
 3     0.437    -0.160    -0.885
 3     0.047     0.987    -0.155
 3     0.898     0.026     0.439
 4   111.698    15.660    -7.791
 4     0.528    -0.834     0.160
 4     0.812     0.441    -0.382
 4     0.248     0.331     0.910
 5   111.059    24.105    19.567
 5     0.299    -0.312     0.901
 5     0.337    -0.849    -0.406
 5     0.892     0.426    -0.149
 6   128.113    25.653    44.892
 6     0.444    -0.585    -0.679
 6    -0.078     0.730    -0.679
 6     0.893     0.354     0.278
 7   112.505   -21.682    -5.562
 7     0.771     0.612     0.172
 7    -0.622     0.671     0.404
 7     0.132    -0.419     0.898
 8   112.259   -24.317    22.418
 8     0.355    -0.235     0.904
 8    -0.212    -0.963    -0.167
 8     0.910    -0.132    -0.392
 9   127.384   -31.821    48.460
 9     0.364     0.814    -0.452
 9    -0.066     0.506     0.860
 9     0.929    -0.283     0.238
 2    97.311   -18.704    59.750
 2     0.620    -0.784     0.003
 2     0.783     0.620     0.038
 2    -0.032    -0.021     0.999
 3   129.417    -2.209     4.243
 3     0.436    -0.157    -0.886
 3     0.047     0.987    -0.152
 3     0.898     0.025     0.438
 4   111.736    15.555    -7.884
 4     0.531    -0.831     0.168
 4     0.811     0.441    -0.384
 4     0.244     0.340     0.908
 5   110.775    24.603    19.307
 5     0.292    -0.285     0.913
 5     0.376    -0.844    -0.384
 5     0.879     0.455    -0.140
 6   127.995    27.684    44.327
 6     0.452    -0.610    -0.651
 6    -0.033     0.718    -0.695
 6     0.891     0.335     0.304
 7   112.562   -21.730    -5.571
 7     0.771     0.613     0.169
 7    -0.622     0.670     0.406
 7     0.135    -0.419     0.898
 8   112.263   -24.888    22.370
 8     0.347    -0.301     0.888
 8    -0.274    -0.938    -0.211
 8     0.897    -0.171    -0.408
 9   127.149   -34.601    47.473
 9     0.370     0.840    -0.398
 9    -0.130     0.470     0.873
 9     0.920    -0.271     0.283
 2    97.311   -18.754    59.749
 2     0.620    -0.784     0.004
 2     0.783     0.620     0.037
 2    -0.032    -0.020     0.999
 3   129.448    -2.158     4.160
 3     0.435    -0.156    -0.887
 3     0.046     0.987    -0.151
 3     0.899     0.025     0.437
 4   111.728    15.552    -7.903
 4     0.533    -0.828     0.174
 4     0.811     0.441    -0.384
 4     0.241     0.346     0.906
 5   110.778    25.517    19.012
 5     0.294    -0.258     0.920
 5     0.421    -0.829    -0.367
 5     0.858     0.495    -0.136
 6   128.184    29.859    43.440
 6     0.464    -0.624    -0.629
 6     0.014     0.715    -0.699
 6     0.885     0.315     0.341
 7   112.559   -21.680    -5.619
 7     0.771     0.613     0.170
 7    -0.622     0.670     0.405
 7     0.134    -0.418     0.898
 8   112.489   -25.745    22.169
 8     0.346    -0.360     0.866
 8    -0.345    -0.907    -0.240
 8     0.872    -0.216    -0.439
 9   127.531   -37.594    46.101
 9     0.385     0.852    -0.353
 9    -0.198     0.450     0.871
 9     0.901    -0.266     0.342
 2    97.311   -18.704    59.750
 2     0.620    -0.785     0.003
 2     0.784     0.620     0.038
 2    -0.032    -0.021     0.999
 3   129.553    -2.209     4.051
 3     0.433    -0.155    -0.888
 3     0.043     0.987    -0.151
 3     0.900     0.027     0.434
 4   111.718    15.547    -7.944
 4     0.539    -0.823     0.179
 4     0.808     0.446    -0.386
 4     0.237     0.352     0.905
 5   110.913    26.390    18.656
 5     0.305    -0.220     0.926
 5     0.473    -0.809    -0.348
 5     0.826     0.545    -0.142
 6   129.142    32.474    41.975
 6     0.492    -0.624    -0.607
 6     0.070     0.724    -0.687
 6     0.867     0.295     0.400
 7   112.546   -21.635    -5.779
 7     0.771     0.612     0.175
 7    -0.623     0.671     0.401
 7     0.128    -0.419     0.899
 8   112.910   -26.897    21.877
 8     0.358    -0.407     0.840
 8    -0.413    -0.876    -0.248
 8     0.837    -0.259    -0.482
 9   128.193   -40.817    44.115
 9     0.410     0.853    -0.324
 9    -0.269     0.452     0.850
 9     0.872    -0.262     0.414
 2    97.311   -18.704    59.750
 2     0.620    -0.784     0.003
 2     0.784     0.620     0.038
 2    -0.032    -0.021     0.999
 3   129.608    -2.208     3.916
 3     0.430    -0.154    -0.889
 3     0.041     0.987    -0.152
 3     0.901     0.029     0.431
 4   111.599    15.539    -8.049
 4     0.544    -0.819     0.184
 4     0.807     0.451    -0.381
 4     0.229     0.356     0.906
 5   111.012    27.608    17.976
 5     0.318    -0.175     0.932
 5     0.534    -0.779    -0.329
 5     0.783     0.603    -0.155
 6   129.773    35.589    40.076
 6     0.521    -0.630    -0.577
 6     0.134     0.727    -0.673
 6     0.843     0.273     0.463
 7   112.570   -21.466    -6.052
 7     0.773     0.608     0.180
 7    -0.623     0.676     0.394
 7     0.117    -0.417     0.901
 8   113.200   -28.097    21.420
 8     0.370    -0.451     0.812
 8    -0.480    -0.841    -0.249
 8     0.795    -0.298    -0.528
 9   128.896   -43.704    42.032
 9     0.432     0.847    -0.310
 9    -0.333     0.469     0.818
 9     0.838    -0.251     0.485
 2    97.311   -18.704    59.750
 2     0.620    -0.784     0.003
 2     0.783     0.620     0.038
 2    -0.032    -0.021     0.999
 3   129.620    -2.154     3.800
 3     0.427    -0.154    -0.891
 3     0.041     0.987    -0.151
 3     0.903     0.028     0.427
 4   111.335    15.397    -8.330
 4     0.547    -0.815     0.191
 4     0.810     0.457    -0.368
 4     0.212     0.356     0.910
 5   110.793    28.850    16.965
 5     0.322    -0.138     0.936
 5     0.594    -0.740    -0.314
 5     0.737     0.657    -0.157
 6   130.079    38.750    37.704
 6     0.541    -0.630    -0.557
 6     0.202     0.741    -0.641
 6     0.816     0.234     0.528
 7   112.425   -21.255    -6.353
 7     0.774     0.604     0.189
 7    -0.625     0.683     0.377
 7     0.098    -0.411     0.906
 8   113.504   -29.500    20.833
 8     0.379    -0.504     0.776
 8    -0.550    -0.797    -0.249
 8     0.744    -0.333    -0.579
 9   129.292   -46.721    39.543
 9     0.453     0.849    -0.271
 9    -0.402     0.466     0.788
 9     0.796    -0.248     0.553
 2    97.311   -18.704    59.750
 2     0.620    -0.784     0.003
 2     0.784     0.620     0.038
 2    -0.032    -0.021     0.999
 3   129.707    -2.150     3.710
 3     0.423    -0.153    -0.893
 3     0.041     0.988    -0.150
 3     0.905     0.027     0.425
 4   111.047    15.098    -8.661
 4     0.539    -0.817     0.205
 4     0.821     0.456    -0.342
 4     0.186     0.352     0.917
 5   110.247    30.043    15.877
 5     0.316    -0.098     0.943
 5     0.653    -0.698    -0.291
 5     0.687     0.709    -0.157
 6   129.936    41.677    35.101
 6     0.556    -0.629    -0.543
 6     0.266     0.754    -0.601
 6     0.787     0.189     0.587
 7   112.237   -21.103    -6.735
 7     0.772     0.603     0.201
 7    -0.632     0.691     0.351
 7     0.072    -0.399     0.914
 8   113.785   -30.672    20.151
 8     0.386    -0.560     0.733
 8    -0.617    -0.748    -0.246
 8     0.686    -0.358    -0.634
 9   129.553   -49.692    36.724
 9     0.469     0.855    -0.220
 9    -0.474     0.454     0.754
 9     0.745    -0.250     0.618
 2    97.311   -18.704    59.750
 2     0.620    -0.784     0.003
 2     0.784     0.620     0.038
 2    -0.032    -0.021     0.999
 3   129.763    -2.098     3.526
 3     0.420    -0.152    -0.895
 3     0.041     0.988    -0.148
 3     0.906     0.025     0.421
 4   110.555    14.877    -8.964
 4     0.525    -0.823     0.217
 4     0.836     0.451    -0.312
 4     0.159     0.346     0.924
 5   109.707    31.109    14.701
 5     0.310    -0.056     0.949
 5     0.708    -0.653    -0.270
 5     0.635     0.755    -0.163
 6   129.647    44.421    32.459
 6     0.569    -0.638    -0.519
 6     0.331     0.755    -0.565
 6     0.752     0.149     0.641
 7   112.110   -20.948    -7.077
 7     0.768     0.603     0.213
 7    -0.638     0.696     0.329
 7     0.050    -0.389     0.920
 8   114.041   -31.968    19.258
 8     0.393    -0.602     0.694
 8    -0.675    -0.702    -0.227
 8     0.624    -0.380    -0.683
 9   129.660   -52.736    33.569
 9     0.482     0.858    -0.177
 9    -0.541     0.450     0.711
 9     0.689    -0.247     0.681
 2    97.311   -18.704    59.750
 2     0.620    -0.785     0.004
 2     0.784     0.620     0.038
 2    -0.032    -0.021     0.999
 3   129.820    -2.071     3.366
 3     0.418    -0.151    -0.896
 3     0.040     0.988    -0.148
 3     0.907     0.025     0.419
 4   110.179    14.627    -9.333
 4     0.512    -0.827     0.233
 4     0.849     0.447    -0.281
 4     0.128     0.341     0.931
 5   109.264    32.116    13.293
 5     0.303    -0.003     0.953
 5     0.762    -0.599    -0.245
 5     0.571     0.801    -0.179
 6   129.379    47.555    29.130
 6     0.587    -0.656    -0.474
 6     0.404     0.745    -0.531
 6     0.701     0.120     0.703
 7   111.822   -20.670    -7.430
 7     0.766     0.601     0.227
 7    -0.643     0.703     0.304
 7     0.023    -0.379     0.925
 8   114.212   -32.955    18.341
 8     0.397    -0.640     0.658
 8    -0.724    -0.659    -0.203
 8     0.563    -0.396    -0.725
 9   129.907   -55.062    30.283
 9     0.497     0.858    -0.126
 9    -0.596     0.444     0.669
 9     0.630    -0.258     0.732
 2    97.311   -18.704    59.750
 2     0.620    -0.785     0.003
 2     0.784     0.620     0.038
 2    -0.032    -0.021     0.999
 3   129.775    -1.917     3.180
 3     0.416    -0.152    -0.896
 3     0.041     0.988    -0.149
 3     0.908     0.025     0.417
 4   109.737    14.380    -9.614
 4     0.497    -0.832     0.247
 4     0.862     0.440    -0.252
 4     0.101     0.338     0.935
 5   108.766    33.219    11.866
 5     0.295     0.046     0.954
 5     0.813    -0.536    -0.226
 5     0.501     0.843    -0.196
 6   128.903    50.354    25.504
 6     0.601    -0.674    -0.429
 6     0.474     0.733    -0.488
 6     0.643     0.089     0.760
 7   111.613   -20.466    -7.815
 7     0.762     0.601     0.239
 7    -0.647     0.709     0.279
 7    -0.002    -0.368     0.930
 8   114.327   -33.985    17.318
 8     0.401    -0.671     0.623
 8    -0.764    -0.621    -0.177
 8     0.506    -0.405    -0.761
 9   129.797   -57.230    27.326
 9     0.504     0.860    -0.079
 9    -0.645     0.435     0.628
 9     0.574    -0.266     0.774
 2    97.311   -18.704    59.750
 2     0.620    -0.784     0.003
 2     0.784     0.620     0.038
 2    -0.032    -0.021     0.999
 3   129.774    -1.891     2.976
 3     0.415    -0.154    -0.896
 3     0.041     0.988    -0.150
 3     0.908     0.025     0.417
 4   109.349    14.050    -9.972
 4     0.482    -0.834     0.268
 4     0.873     0.435    -0.218
 4     0.065     0.339     0.938
 5   108.338    34.175    10.340
 5     0.286     0.090     0.954
 5     0.854    -0.475    -0.212
 5     0.434     0.875    -0.213
 6   128.405    52.872    21.846
 6     0.608    -0.694    -0.386
 6     0.539     0.718    -0.440
 6     0.582     0.059     0.811
 7   111.444   -20.255    -8.015
 7     0.761     0.599     0.248
 7    -0.648     0.715     0.261
 7    -0.021    -0.360     0.933
 8   114.670   -34.726    16.477
 8     0.406    -0.693     0.596
 8    -0.790    -0.594    -0.152
 8     0.459    -0.409    -0.788
 9   130.066   -58.623    24.711
 9     0.512     0.858    -0.043
 9    -0.679     0.435     0.591
 9     0.525    -0.274     0.805
 2    97.311   -18.704    59.750
 2     0.620    -0.784     0.003
 2     0.784     0.620     0.038
 2    -0.032    -0.021     0.999
 3   129.835    -1.733     2.733
 3     0.412    -0.157    -0.897
 3     0.044     0.987    -0.152
 3     0.910     0.023     0.414
 4   109.020    13.695   -10.187
 4     0.472    -0.834     0.286
 4     0.881     0.434    -0.188
 4     0.032     0.340     0.939
 5   108.167    34.705     9.038
 5     0.285     0.126     0.950
 5     0.882    -0.421    -0.209
 5     0.374     0.898    -0.232
 6   128.058    54.707    18.447
 6     0.613    -0.704    -0.358
 6     0.591     0.709    -0.384
 6     0.524     0.024     0.851
 7   111.325   -20.197    -8.240
 7     0.759     0.597     0.258
 7    -0.650     0.720     0.244
 7    -0.040    -0.353     0.935
 8   114.983   -35.334    15.676
 8     0.412    -0.707     0.574
 8    -0.809    -0.575    -0.127
 8     0.420    -0.412    -0.809
 9   130.304   -59.678    22.397
 9     0.522     0.853    -0.014
 9    -0.704     0.440     0.558
 9     0.482    -0.281     0.830
 2    97.311   -18.704    59.750
 2     0.620    -0.785     0.003
 2     0.784     0.620     0.038
 2    -0.032    -0.021     0.999
 3   129.835    -1.731     2.504
 3     0.411    -0.158    -0.897
 3     0.047     0.987    -0.153
 3     0.910     0.021     0.413
 4   108.688    13.473   -10.426
 4     0.466    -0.833     0.298
 4     0.884     0.436    -0.166
 4     0.008     0.341     0.940
 5   108.066    35.188     7.668
 5     0.284     0.154     0.946
 5     0.904    -0.372    -0.211
 5     0.319     0.915    -0.245
 6   127.964    55.935    15.281
 6     0.619    -0.707    -0.341
 6     0.629     0.706    -0.324
 6     0.470    -0.014     0.882
 7   111.170   -20.041    -8.577
 7     0.757     0.593     0.271
 7    -0.650     0.726     0.225
 7    -0.064    -0.347     0.936
 8   115.205   -35.760    14.886
 8     0.419    -0.720     0.553
 8    -0.823    -0.559    -0.104
 8     0.384    -0.411    -0.827
 9   130.673   -60.525    20.171
 9     0.532     0.846     0.006
 9    -0.723     0.450     0.524
 9     0.441    -0.283     0.852
 2    97.311   -18.704    59.750
 2     0.620    -0.785     0.003
 2     0.784     0.620     0.038
 2    -0.032    -0.021     0.999
 3   129.836    -1.730     2.327
 3     0.411    -0.159    -0.898
 3     0.048     0.987    -0.153
 3     0.910     0.019     0.413
 4   108.452    13.121   -10.711
 4     0.463    -0.830     0.312
 4     0.886     0.440    -0.144
 4    -0.018     0.343     0.939
 5   107.879    35.625     6.384
 5     0.281     0.180     0.942
 5     0.921    -0.325    -0.213
 5     0.268     0.928    -0.258
 6   127.540    56.942    12.586
 6     0.619    -0.717    -0.322
 6     0.661     0.696    -0.279
 6     0.424    -0.040     0.905
 7   110.892   -19.835    -8.764
 7     0.753     0.592     0.284
 7    -0.651     0.730     0.204
 7    -0.087    -0.339     0.936
 8   115.255   -36.315    14.118
 8     0.421    -0.733     0.534
 8    -0.837    -0.540    -0.083
 8     0.349    -0.412    -0.841
 9   130.763   -61.216    18.302
 9     0.537     0.843     0.024
 9    -0.738     0.456     0.497
 9     0.407    -0.285     0.867
 2    97.311   -18.704    59.750
 2     0.620    -0.784     0.003
 2     0.784     0.620     0.038
 2    -0.032    -0.021     0.999
 3   129.836    -1.730     2.098
 3     0.412    -0.159    -0.897
 3     0.049     0.987    -0.152
 3     0.910     0.018     0.414
 4   108.163    12.796   -10.918
 4     0.454    -0.829     0.327
 4     0.890     0.440    -0.120
 4    -0.045     0.345     0.937
 5   107.553    35.990     5.291
 5     0.273     0.203     0.940
 5     0.936    -0.281    -0.211
 5     0.221     0.938    -0.267
 6   126.843    58.079    10.134
 6     0.611    -0.732    -0.303
 6     0.694     0.678    -0.240
 6     0.380    -0.064     0.922
 7   110.715   -19.630    -9.053
 7     0.749     0.592     0.297
 7    -0.653     0.734     0.183
 7    -0.110    -0.331     0.937
 8   115.352   -36.644    13.278
 8     0.422    -0.746     0.515
 8    -0.851    -0.522    -0.058
 8     0.312    -0.414    -0.855
 9   130.766   -61.911    16.119
 9     0.541     0.839     0.048
 9    -0.756     0.461     0.464
 9     0.367    -0.288     0.884
 2    97.311   -18.704    59.750
 2     0.620    -0.785     0.003
 2     0.784     0.620     0.038
 2    -0.032    -0.021     0.999
 3   129.837    -1.703     1.921
 3     0.411    -0.159    -0.897
 3     0.051     0.987    -0.152
 3     0.910     0.016     0.414
 4   107.741    12.596   -11.095
 4     0.442    -0.829     0.344
 4     0.894     0.438    -0.092
 4    -0.074     0.348     0.934
 5   107.163    36.186     4.250
 5     0.261     0.236     0.935
 5     0.948    -0.243    -0.204
 5     0.179     0.941    -0.288
 6   125.865    59.114     7.853
 6     0.599    -0.753    -0.271
 6     0.727     0.653    -0.210
 6     0.335    -0.072     0.939
 7   110.485   -19.425    -9.287
 7     0.744     0.591     0.310
 7    -0.654     0.739     0.162
 7    -0.134    -0.324     0.937
 8   115.443   -37.127    12.323
 8     0.422    -0.760     0.494
 8    -0.865    -0.501    -0.031
 8     0.271    -0.414    -0.869
 9   130.658   -62.637    13.670
 9     0.544     0.835     0.074
 9    -0.774     0.467     0.427
 9     0.322    -0.291     0.901
 2    97.311   -18.704    59.750
 2     0.620    -0.784     0.004
 2     0.784     0.620     0.038
 2    -0.032    -0.021     0.999
 3   129.786    -1.651     1.742
 3     0.411    -0.159    -0.897
 3     0.052     0.987    -0.151
 3     0.910     0.016     0.414
 4   107.623    12.353   -11.275
 4     0.436    -0.827     0.353
 4     0.895     0.439    -0.077
 4    -0.092     0.349     0.932
 5   107.012    36.263     3.460
 5     0.255     0.252     0.933
 5     0.955    -0.216    -0.203
 5     0.150     0.943    -0.296
 6   125.382    59.524     6.018
 6     0.592    -0.763    -0.258
 6     0.747     0.640    -0.181
 6     0.303    -0.086     0.949
 7   110.250   -19.197    -9.437
 7     0.740     0.588     0.327
 7    -0.653     0.744     0.139
 7    -0.161    -0.317     0.935
 8   115.583   -37.534    11.317
 8     0.423    -0.774     0.471
 8    -0.877    -0.481    -0.003
 8     0.229    -0.412    -0.882
 9   130.542   -63.392    11.002
 9     0.546     0.832     0.101
 9    -0.792     0.473     0.386
 9     0.273    -0.291     0.917
 2    97.311   -18.704    59.750
 2     0.620    -0.784     0.003
 2     0.784     0.620     0.038
 2    -0.032    -0.021     0.999
 3   129.787    -1.601     1.514
 3     0.411    -0.157    -0.898
 3     0.052     0.987    -0.149
 3     0.910     0.015     0.414
 4   107.390    12.078   -11.487
 4     0.432    -0.824     0.366
 4     0.894     0.444    -0.056
 4    -0.117     0.351     0.929
 5   106.871    36.434     2.487
 5     0.251     0.265     0.931
 5     0.961    -0.182    -0.208
 5     0.114     0.947    -0.301
 6   124.940    59.903     3.772
 6     0.585    -0.771    -0.253
 6     0.766     0.627    -0.139
 6     0.265    -0.113     0.957
 7   109.912   -18.996    -9.709
 7     0.733     0.586     0.344
 7    -0.653     0.748     0.117
 7    -0.189    -0.310     0.932
 8   115.590   -38.071    10.174
 8     0.420    -0.790     0.447
 8    -0.889    -0.458     0.028
 8     0.182    -0.409    -0.894
 9   130.245   -64.050     8.142
 9     0.542     0.830     0.133
 9    -0.811     0.475     0.341
 9     0.220    -0.293     0.931
 2    97.311   -18.704    59.750
 2     0.620    -0.784     0.003
 2     0.784     0.620     0.038
 2    -0.032    -0.021     0.999
 3   129.788    -1.601     1.388
 3     0.411    -0.156    -0.898
 3     0.052     0.988    -0.147
 3     0.910     0.013     0.414
 4   107.174    11.884   -11.616
 4     0.431    -0.821     0.375
 4     0.892     0.450    -0.041
 4    -0.135     0.352     0.926
 5   106.877    36.620     1.359
 5     0.252     0.291     0.923
 5     0.965    -0.142    -0.219
 5     0.067     0.946    -0.317
 6   124.703    60.276     1.436
 6     0.583    -0.779    -0.229
 6     0.782     0.615    -0.102
 6     0.220    -0.120     0.968
 7   109.737   -18.738    -9.873
 7     0.729     0.584     0.357
 7    -0.651     0.752     0.098
 7    -0.211    -0.304     0.929
 8   115.704   -38.455     9.097
 8     0.417    -0.803     0.424
 8    -0.898    -0.436     0.059
 8     0.138    -0.406    -0.903
 9   129.892   -64.840     5.133
 9     0.532     0.832     0.159
 9    -0.831     0.475     0.289
 9     0.165    -0.286     0.944
 2    97.311   -18.704    59.750
 2     0.620    -0.784     0.003
 2     0.783     0.620     0.038
 2    -0.032    -0.021     0.999
 3   129.837    -1.549     1.260
 3     0.411    -0.155    -0.898
 3     0.053     0.988    -0.146
 3     0.910     0.013     0.414
 4   107.082    11.638   -11.741
 4     0.432    -0.816     0.383
 4     0.888     0.458    -0.027
 4    -0.154     0.352     0.923
 5   107.035    36.755     0.357
 5     0.257     0.319     0.912
 5     0.966    -0.105    -0.236
 5     0.020     0.942    -0.335
 6   124.758    60.414    -1.036
 6     0.588    -0.784    -0.200
 6     0.791     0.608    -0.060
 6     0.169    -0.123     0.978
 7   109.519   -18.554    -9.994
 7     0.724     0.583     0.368
 7    -0.650     0.755     0.082
 7    -0.230    -0.298     0.926
 8   115.777   -38.734     8.103
 8     0.414    -0.813     0.408
 8    -0.905    -0.417     0.087
 8     0.099    -0.405    -0.909
 9   129.615   -65.186     2.850
 9     0.526     0.832     0.178
 9    -0.842     0.479     0.248
 9     0.121    -0.280     0.952
 2    97.311   -18.704    59.750
 2     0.620    -0.785     0.003
 2     0.784     0.620     0.038
 2    -0.032    -0.021     0.999
 3   129.889    -1.651     1.135
 3     0.411    -0.153    -0.899
 3     0.053     0.988    -0.143
 3     0.910     0.011     0.414
 4   106.995    11.392   -11.867
 4     0.436    -0.811     0.390
 4     0.883     0.468    -0.014
 4    -0.172     0.350     0.921
 5   107.286    36.820    -0.487
 5     0.260     0.343     0.902
 5     0.965    -0.074    -0.251
 5    -0.020     0.936    -0.351
 6   124.657    60.432    -3.203
 6     0.589    -0.788    -0.178
 6     0.798     0.601    -0.024
 6     0.126    -0.128     0.984
 7   109.402   -18.344   -10.114
 7     0.719     0.582     0.380
 7    -0.649     0.758     0.067
 7    -0.249    -0.295     0.922
 8   115.716   -39.035     7.265
 8     0.408    -0.824     0.391
 8    -0.910    -0.399     0.109
 8     0.067    -0.401    -0.914
 9   129.242   -65.395     1.120
 9     0.519     0.832     0.196
 9    -0.850     0.479     0.219
 9     0.088    -0.281     0.956
 2    97.311   -18.704    59.750
 2     0.620    -0.785     0.003
 2     0.784     0.620     0.038
 2    -0.032    -0.021     0.999
 3   129.891    -1.650     0.984
 3     0.410    -0.150    -0.900
 3     0.054     0.988    -0.140
 3     0.910     0.008     0.414
 4   106.908    11.147   -11.947
 4     0.437    -0.807     0.397
 4     0.879     0.476    -0.001
 4    -0.189     0.349     0.918
 5   107.186    36.862    -1.461
 5     0.256     0.368     0.893
 5     0.965    -0.041    -0.260
 5    -0.059     0.929    -0.366
 6   124.428    60.526    -5.221
 6     0.586    -0.796    -0.150
 6     0.806     0.592     0.007
 6     0.083    -0.125     0.988
 7   109.326   -18.255   -10.204
 7     0.714     0.582     0.388
 7    -0.649     0.759     0.057
 7    -0.261    -0.293     0.920
 8   115.659   -39.360     6.596
 8     0.395    -0.844     0.361
 8    -0.918    -0.377     0.124
 8     0.031    -0.381    -0.924
 9   128.532   -65.868    -1.016
 9     0.505     0.825     0.253
 9    -0.862     0.468     0.194
 9     0.042    -0.317     0.948
 2    97.311   -18.704    59.750
 2     0.620    -0.785     0.003
 2     0.784     0.620     0.038
 2    -0.032    -0.021     0.999
 3   129.892    -1.700     0.908
 3     0.410    -0.147    -0.900
 3     0.055     0.989    -0.137
 3     0.910     0.006     0.413
 4   106.750    10.881   -12.010
 4     0.434    -0.805     0.405
 4     0.877     0.479     0.011
 4    -0.203     0.350     0.914
 5   106.930    36.653    -2.087
 5     0.243     0.405     0.881
 5     0.965    -0.009    -0.262
 5    -0.099     0.914    -0.393
 6   122.764    60.943    -7.643
 6     0.579    -0.813     0.054
 6     0.815     0.578    -0.044
 6     0.004     0.070     0.997
 7   109.131   -18.266   -10.222
 7     0.710     0.582     0.396
 7    -0.651     0.758     0.051
 7    -0.271    -0.295     0.916
 8   115.883   -39.544     6.362
 8     0.382    -0.871     0.310
 8    -0.924    -0.361     0.125
 8     0.002    -0.334    -0.942
 9   127.179   -66.732    -1.956
 9     0.487     0.714     0.503
 9    -0.873     0.395     0.285
 9     0.004    -0.578     0.816
 2    97.311   -18.704    59.750
 2     0.620    -0.784     0.004
 2     0.784     0.620     0.038
 2    -0.032    -0.021     0.999
 3   129.843    -1.724     0.808
 3     0.410    -0.146    -0.900
 3     0.057     0.989    -0.134
 3     0.910     0.003     0.414
 4   106.549    10.594   -12.062
 4     0.428    -0.804     0.413
 4     0.878     0.478     0.019
 4    -0.213     0.355     0.910
 5   106.683    36.603    -1.899
 5     0.212     0.462     0.861
 5     0.970     0.006    -0.243
 5    -0.118     0.887    -0.447
 6   120.708    61.497    -8.268
 6     0.565    -0.710     0.420
 6     0.819     0.542    -0.187
 6    -0.095     0.449     0.888
 7   108.997   -18.374   -10.149
 7     0.705     0.581     0.405
 7    -0.652     0.756     0.051
 7    -0.277    -0.300     0.913
 8   116.572   -39.405     6.640
 8     0.373    -0.895     0.245
 8    -0.928    -0.356     0.110
 8    -0.012    -0.269    -0.963
 9   126.474   -67.136    -1.686
 9     0.481     0.479     0.734
 9    -0.876     0.291     0.384
 9    -0.030    -0.828     0.560
 2    97.311   -18.704    59.750
 2     0.620    -0.784     0.004
 2     0.784     0.620     0.038
 2    -0.032    -0.021     0.999
 3   129.843    -1.724     0.757
 3     0.410    -0.146    -0.900
 3     0.058     0.989    -0.134
 3     0.910     0.002     0.414
 4   106.492    10.593   -12.059
 4     0.425    -0.803     0.418
 4     0.879     0.476     0.020
 4    -0.215     0.359     0.908
 5   106.810    36.483    -1.610
 5     0.200     0.497     0.844
 5     0.972     0.006    -0.234
 5    -0.122     0.868    -0.482
 6   119.540    62.039    -7.863
 6     0.540    -0.568     0.621
 6     0.827     0.495    -0.267
 6    -0.156     0.657     0.737
 7   108.946   -18.426   -10.140
 7     0.704     0.579     0.410
 7    -0.653     0.756     0.053
 7    -0.279    -0.306     0.910
 8   117.195   -39.213     6.712
 8     0.368    -0.909     0.193
 8    -0.930    -0.356     0.095
 8    -0.018    -0.215    -0.976
 9   126.441   -67.223    -1.843
 9     0.474     0.293     0.830
 9    -0.878     0.224     0.422
 9    -0.062    -0.929     0.364
 2    97.311   -18.704    59.750
 2     0.620    -0.785     0.003
 2     0.784     0.620     0.038
 2    -0.032    -0.021     0.999
 3   129.792    -1.724     0.731
 3     0.411    -0.146    -0.900
 3     0.058     0.989    -0.134
 3     0.910     0.003     0.415
 4   106.466    10.646   -12.065
 4     0.423    -0.801     0.423
 4     0.880     0.474     0.017
 4    -0.214     0.365     0.906
 5   106.993    36.599    -1.215
 5     0.185     0.541     0.820
 5     0.975     0.002    -0.221
 5    -0.121     0.841    -0.527
 6   118.899    62.261    -7.691
 6     0.514    -0.429     0.742
 6     0.832     0.458    -0.312
 6    -0.206     0.778     0.593
 7   108.990   -18.377   -10.131
 7     0.704     0.576     0.414
 7    -0.651     0.757     0.054
 7    -0.282    -0.308     0.908
 8   117.783   -38.975     6.688
 8     0.363    -0.920     0.148
 8    -0.931    -0.354     0.084
 8    -0.026    -0.169    -0.985
 9   126.236   -67.269    -2.134
 9     0.462     0.157     0.873
 9    -0.883     0.180     0.434
 9    -0.089    -0.971     0.222
 2    97.311   -18.704    59.750
 2     0.620    -0.785     0.003
 2     0.784     0.620     0.038
 2    -0.032    -0.021     0.999
 3   129.886    -1.701     0.738
 3     0.411    -0.147    -0.899
 3     0.057     0.989    -0.135
 3     0.909     0.004     0.415
 4   106.407    10.823   -12.119
 4     0.420    -0.797     0.433
 4     0.881     0.472     0.013
 4    -0.215     0.376     0.901
 5   107.130    36.561    -0.969
 5     0.174     0.579     0.796
 5     0.977    -0.003    -0.211
 5    -0.120     0.815    -0.567
 6   118.564    62.393    -7.589
 6     0.493    -0.316     0.810
 6     0.835     0.430    -0.341
 6    -0.241     0.845     0.477
 7   108.917   -18.284   -10.250
 7     0.704     0.569     0.424
 7    -0.646     0.761     0.052
 7    -0.293    -0.311     0.904
 8   118.232   -38.792     6.304
 8     0.358    -0.928     0.102
