% Calibrated with leiden_pols
% Positions are in centimeters
Data =[
 2    97.336   -18.704    59.749
 2     0.620    -0.784     0.004
 2     0.783     0.620     0.038
 2    -0.032    -0.020     0.999
 3   129.633    -2.318     3.959
 3     0.405    -0.142    -0.903
 3     0.035     0.989    -0.140
 3     0.913     0.024     0.406
 4   111.409    15.486    -8.397
 4     0.498    -0.856     0.141
 4     0.833     0.426    -0.354
 4     0.242     0.293     0.924
 5   109.593    23.312    19.476
 5     0.327    -0.283     0.901
 5     0.309    -0.870    -0.385
 5     0.893     0.404    -0.197
 6   125.641    25.385    45.431
 6     0.460    -0.660    -0.594
 6    -0.091     0.630    -0.771
 6     0.883     0.408     0.230
 7   111.363   -21.644    -6.169
 7     0.761     0.589     0.270
 7    -0.649     0.687     0.328
 7     0.007    -0.425     0.905
 8   112.176   -23.905    20.978
 8     0.295    -0.309     0.904
 8    -0.193    -0.946    -0.260
 8     0.936    -0.097    -0.339
 9   127.365   -32.290    47.353
 9     0.404     0.822    -0.402
 9    -0.062     0.463     0.884
 9     0.913    -0.333     0.237
 2    97.311   -18.754    59.750
 2     0.620    -0.784     0.004
 2     0.783     0.620     0.037
 2    -0.032    -0.021     0.999
 3   129.633    -2.368     3.958
 3     0.405    -0.142    -0.903
 3     0.036     0.989    -0.139
 3     0.913     0.024     0.406
 4   111.409    15.487    -8.346
 4     0.497    -0.856     0.142
 4     0.833     0.425    -0.354
 4     0.242     0.294     0.924
 5   109.593    23.312    19.502
 5     0.327    -0.283     0.902
 5     0.308    -0.870    -0.384
 5     0.893     0.404    -0.197
 6   125.641    25.410    45.431
 6     0.460    -0.661    -0.594
 6    -0.091     0.630    -0.771
 6     0.883     0.408     0.230
 7   111.316   -21.618    -6.172
 7     0.761     0.589     0.270
 7    -0.648     0.687     0.328
 7     0.008    -0.426     0.905
 8   112.180   -23.855    21.020
 8     0.291    -0.309     0.905
 8    -0.192    -0.946    -0.261
 8     0.937    -0.098    -0.335
 9   127.363   -32.290    47.378
 9     0.403     0.822    -0.402
 9    -0.061     0.462     0.885
 9     0.913    -0.332     0.237
 2    97.311   -18.754    59.801
 2     0.620    -0.784     0.003
 2     0.784     0.620     0.037
 2    -0.032    -0.021     0.999
 3   129.633    -2.318     4.010
 3     0.405    -0.142    -0.903
 3     0.035     0.989    -0.140
 3     0.913     0.024     0.406
 4   111.409    15.487    -8.346
 4     0.497    -0.856     0.142
 4     0.833     0.425    -0.354
 4     0.242     0.294     0.924
 5   109.543    23.211    19.552
 5     0.326    -0.282     0.902
 5     0.308    -0.871    -0.383
 5     0.893     0.403    -0.197
 6   125.591    25.385    45.430
 6     0.460    -0.661    -0.592
 6    -0.091     0.629    -0.772
 6     0.883     0.409     0.229
 7   111.318   -21.642    -6.175
 7     0.761     0.589     0.270
 7    -0.648     0.687     0.329
 7     0.009    -0.426     0.905
 8   112.186   -23.855    21.012
 8     0.289    -0.308     0.906
 8    -0.192    -0.946    -0.260
 8     0.938    -0.099    -0.333
 9   127.363   -32.290    47.378
 9     0.403     0.822    -0.402
 9    -0.061     0.462     0.885
 9     0.913    -0.332     0.237
 2    97.311   -18.754    59.750
 2     0.620    -0.784     0.003
 2     0.783     0.620     0.037
 2    -0.032    -0.021     0.999
 3   129.632    -2.293     4.009
 3     0.405    -0.143    -0.903
 3     0.035     0.989    -0.141
 3     0.913     0.025     0.406
 4   111.362    15.514    -8.276
 4     0.494    -0.858     0.142
 4     0.834     0.422    -0.355
 4     0.244     0.294     0.924
 5   109.498    23.214    19.594
 5     0.325    -0.279     0.904
 5     0.308    -0.872    -0.380
 5     0.894     0.402    -0.198
 6   125.539    25.385    45.530
 6     0.461    -0.664    -0.589
 6    -0.091     0.625    -0.775
 6     0.883     0.411     0.228
 7   111.320   -21.616    -6.128
 7     0.762     0.589     0.268
 7    -0.647     0.687     0.330
 7     0.010    -0.426     0.905
 8   112.189   -23.857    21.003
 8     0.286    -0.306     0.908
 8    -0.192    -0.947    -0.258
 8     0.939    -0.101    -0.329
 9   127.314   -32.290    47.378
 9     0.403     0.822    -0.401
 9    -0.061     0.462     0.885
 9     0.913    -0.333     0.237
 2    97.312   -18.704    59.699
 2     0.620    -0.784     0.004
 2     0.783     0.620     0.038
 2    -0.032    -0.021     0.999
 3   129.632    -2.293     4.008
 3     0.405    -0.144    -0.903
 3     0.035     0.989    -0.142
 3     0.913     0.026     0.406
 4   111.342    15.491    -8.282
 4     0.494    -0.858     0.142
 4     0.834     0.421    -0.357
 4     0.246     0.294     0.923
 5   109.422    23.164    19.670
 5     0.324    -0.278     0.904
 5     0.308    -0.873    -0.379
 5     0.894     0.401    -0.198
 6   125.457    25.385    45.534
 6     0.462    -0.666    -0.586
 6    -0.090     0.622    -0.778
 6     0.882     0.412     0.227
 7   111.324   -21.614    -6.133
 7     0.762     0.589     0.268
 7    -0.647     0.686     0.332
 7     0.012    -0.426     0.904
 8   112.188   -23.859    21.055
 8     0.284    -0.304     0.909
 8    -0.192    -0.947    -0.256
 8     0.939    -0.102    -0.328
 9   127.314   -32.290    47.429
 9     0.403     0.823    -0.401
 9    -0.062     0.461     0.885
 9     0.913    -0.332     0.237
 2    97.311   -18.704    59.750
 2     0.620    -0.784     0.003
 2     0.783     0.620     0.037
 2    -0.032    -0.021     0.999
 3   129.632    -2.293     4.059
 3     0.405    -0.144    -0.903
 3     0.035     0.989    -0.142
 3     0.913     0.026     0.406
 4   111.347    15.493    -8.237
 4     0.493    -0.859     0.141
 4     0.834     0.420    -0.359
 4     0.248     0.294     0.923
 5   109.377    23.168    19.668
 5     0.318    -0.275     0.907
 5     0.312    -0.873    -0.375
 5     0.895     0.402    -0.192
 6   125.407    25.385    45.534
 6     0.462    -0.667    -0.585
 6    -0.090     0.621    -0.779
 6     0.882     0.412     0.227
 7   111.384   -21.560    -6.043
 7     0.762     0.590     0.265
 7    -0.647     0.685     0.336
 7     0.016    -0.428     0.904
 8   112.191   -23.861    21.047
 8     0.281    -0.300     0.911
 8    -0.193    -0.948    -0.253
 8     0.940    -0.105    -0.325
 9   127.315   -32.240    47.429
 9     0.403     0.823    -0.401
 9    -0.062     0.461     0.885
 9     0.913    -0.332     0.236
 2    97.311   -18.704    59.750
 2     0.620    -0.784     0.003
 2     0.783     0.620     0.038
 2    -0.032    -0.021     0.999
 3   129.582    -2.293     4.059
 3     0.405    -0.145    -0.903
 3     0.035     0.989    -0.143
 3     0.913     0.026     0.406
 4   111.372    15.527    -8.119
 4     0.493    -0.859     0.139
 4     0.831     0.417    -0.369
 4     0.259     0.297     0.919
 5   109.215    23.161    19.421
 5     0.290    -0.273     0.917
 5     0.329    -0.871    -0.364
 5     0.898     0.407    -0.163
 6   125.553    25.517    45.384
 6     0.459    -0.652    -0.604
 6    -0.082     0.646    -0.759
 6     0.884     0.398     0.243
 7   111.399   -21.553    -6.039
 7     0.763     0.590     0.261
 7    -0.645     0.684     0.340
 7     0.023    -0.429     0.903
 8   112.220   -23.819    21.120
 8     0.285    -0.288     0.914
 8    -0.198    -0.951    -0.238
 8     0.938    -0.113    -0.328
 9   127.288   -32.370    47.429
 9     0.403     0.824    -0.397
 9    -0.066     0.459     0.886
 9     0.913    -0.331     0.240
 2    97.311   -18.704    59.750
 2     0.620    -0.784     0.003
 2     0.783     0.620     0.038
 2    -0.032    -0.021     0.999
 3   129.582    -2.242     4.085
 3     0.405    -0.146    -0.903
 3     0.035     0.989    -0.144
 3     0.913     0.026     0.405
 4   111.303    15.511    -8.137
 4     0.499    -0.855     0.141
 4     0.822     0.417    -0.387
 4     0.272     0.309     0.911
 5   109.095    23.463    19.229
 5     0.283    -0.274     0.919
 5     0.345    -0.865    -0.364
 5     0.895     0.420    -0.150
 6   125.789    26.247    44.891
 6     0.449    -0.617    -0.646
 6    -0.057     0.702    -0.710
 6     0.891     0.356     0.280
 7   111.406   -21.550    -5.997
 7     0.764     0.591     0.259
 7    -0.645     0.683     0.343
 7     0.026    -0.429     0.903
 8   112.116   -23.779    21.167
 8     0.289    -0.328     0.899
 8    -0.231    -0.936    -0.267
 8     0.929    -0.131    -0.347
 9   127.099   -33.578    46.954
 9     0.410     0.838    -0.361
 9    -0.107     0.436     0.893
 9     0.906    -0.328     0.268
 2    97.311   -18.704    59.750
 2     0.620    -0.784     0.003
 2     0.783     0.620     0.038
 2    -0.032    -0.021     0.999
 3   129.588    -2.239     4.128
 3     0.404    -0.146    -0.903
 3     0.036     0.989    -0.144
 3     0.914     0.025     0.405
 4   111.370    15.412    -8.187
 4     0.509    -0.849     0.143
 4     0.814     0.420    -0.400
 4     0.279     0.320     0.905
 5   108.961    24.325    18.810
 5     0.279    -0.255     0.926
 5     0.399    -0.846    -0.353
 5     0.873     0.468    -0.135
 6   126.027    28.407    43.985
 6     0.454    -0.604    -0.655
 6    -0.003     0.734    -0.679
 6     0.891     0.310     0.332
 7   111.334   -21.501    -5.994
 7     0.760     0.593     0.263
 7    -0.649     0.678     0.344
 7     0.026    -0.433     0.901
 8   112.296   -24.515    21.228
 8     0.298    -0.391     0.871
 8    -0.305    -0.903    -0.301
 8     0.904    -0.176    -0.389
 9   127.226   -36.292    45.819
 9     0.415     0.848    -0.328
 9    -0.181     0.430     0.884
 9     0.891    -0.308     0.332
 2    97.311   -18.704    59.750
 2     0.620    -0.784     0.003
 2     0.783     0.620     0.038
 2    -0.032    -0.021     0.999
 3   129.588    -2.289     4.078
 3     0.404    -0.145    -0.903
 3     0.037     0.989    -0.142
 3     0.914     0.024     0.405
 4   111.314    15.359    -8.285
 4     0.512    -0.846     0.147
 4     0.813     0.422    -0.401
 4     0.277     0.325     0.904
 5   109.042    25.742    18.409
 5     0.287    -0.196     0.937
 5     0.481    -0.817    -0.318
 5     0.828     0.543    -0.141
 6   126.834    32.230    42.047
 6     0.486    -0.621    -0.614
 6     0.090     0.735    -0.672
 6     0.869     0.271     0.414
 7   111.315   -21.434    -6.038
 7     0.758     0.592     0.273
 7    -0.652     0.678     0.340
 7     0.016    -0.436     0.900
 8   112.802   -25.753    21.120
 8     0.322    -0.435     0.841
 8    -0.384    -0.872    -0.304
 8     0.865    -0.225    -0.448
 9   127.831   -39.573    44.013
 9     0.427     0.856    -0.291
 9    -0.263     0.425     0.866
 9     0.865    -0.293     0.407
 2    97.311   -18.704    59.750
 2     0.620    -0.784     0.004
 2     0.783     0.620     0.038
 2    -0.032    -0.021     0.999
 3   129.589    -2.314     4.053
 3     0.403    -0.145    -0.904
 3     0.038     0.989    -0.141
 3     0.914     0.022     0.404
 4   111.111    15.220    -8.530
 4     0.518    -0.841     0.155
 4     0.813     0.428    -0.394
 4     0.265     0.330     0.906
 5   109.180    27.154    17.593
 5     0.298    -0.145     0.943
 5     0.554    -0.779    -0.294
 5     0.777     0.610    -0.152
 6   127.680    35.824    39.937
 6     0.518    -0.633    -0.575
 6     0.170     0.735    -0.656
 6     0.838     0.242     0.489
 7   111.236   -21.294    -6.223
 7     0.757     0.587     0.285
 7    -0.653     0.680     0.334
 7     0.002    -0.440     0.898
 8   113.233   -26.586    20.885
 8     0.341    -0.465     0.817
 8    -0.440    -0.847    -0.298
 8     0.831    -0.257    -0.494
 9   128.445   -42.097    42.413
 9     0.443     0.859    -0.255
 9    -0.323     0.418     0.849
 9     0.836    -0.294     0.462
 2    97.311   -18.704    59.698
 2     0.620    -0.784     0.004
 2     0.784     0.620     0.038
 2    -0.032    -0.020     0.999
 3   129.589    -2.288     4.003
 3     0.402    -0.145    -0.904
 3     0.039     0.989    -0.142
 3     0.914     0.021     0.404
 4   110.843    15.078    -8.681
 4     0.521    -0.837     0.164
 4     0.817     0.434    -0.380
 4     0.247     0.332     0.910
 5   109.128    28.345    16.759
 5     0.303    -0.099     0.948
 5     0.613    -0.741    -0.274
 5     0.729     0.664    -0.164
 6   128.145    38.973    37.476
 6     0.546    -0.641    -0.539
 6     0.241     0.737    -0.631
 6     0.802     0.214     0.557
 7   111.208   -21.127    -6.363
 7     0.757     0.583     0.294
 7    -0.653     0.684     0.326
 7    -0.011    -0.439     0.898
 8   113.678   -27.436    20.494
 8     0.358    -0.484     0.798
 8    -0.484    -0.828    -0.284
 8     0.798    -0.285    -0.530
 9   129.248   -44.389    40.451
 9     0.459     0.853    -0.249
 9    -0.378     0.441     0.814
 9     0.804    -0.281     0.524
 2    97.311   -18.754    59.749
 2     0.620    -0.784     0.004
 2     0.783     0.620     0.037
 2    -0.032    -0.020     0.999
 3   129.689    -2.236     3.901
 3     0.403    -0.147    -0.903
 3     0.041     0.989    -0.142
 3     0.914     0.020     0.404
 4   110.520    14.877    -8.949
 4     0.516    -0.838     0.178
 4     0.828     0.435    -0.352
 4     0.217     0.329     0.918
 5   108.817    29.369    15.907
 5     0.300    -0.061     0.952
 5     0.660    -0.707    -0.253
 5     0.688     0.704    -0.172
 6   128.149    41.544    35.395
 6     0.559    -0.649    -0.516
 6     0.299     0.738    -0.604
 6     0.773     0.183     0.607
 7   111.168   -20.964    -6.543
 7     0.757     0.579     0.302
 7    -0.652     0.690     0.312
 7    -0.028    -0.434     0.900
 8   114.095   -28.413    20.095
 8     0.375    -0.514     0.772
 8    -0.532    -0.801    -0.274
 8     0.759    -0.308    -0.574
 9   129.749   -46.343    38.806
 9     0.470     0.854    -0.223
 9    -0.426     0.440     0.791
 9     0.773    -0.277     0.570
 2    97.311   -18.704    59.749
 2     0.620    -0.784     0.004
 2     0.783     0.620     0.037
 2    -0.032    -0.020     0.999
 3   129.738    -2.134     3.825
 3     0.404    -0.150    -0.902
 3     0.042     0.988    -0.145
 3     0.914     0.020     0.405
 4   110.186    14.682    -9.158
 4     0.506    -0.842     0.189
 4     0.840     0.432    -0.327
 4     0.193     0.324     0.926
 5   108.520    30.022    15.093
 5     0.295    -0.034     0.955
 5     0.696    -0.677    -0.240
 5     0.655     0.735    -0.176
 6   127.934    43.358    33.681
 6     0.565    -0.657    -0.500
 6     0.345     0.738    -0.580
 6     0.750     0.155     0.643
 7   111.124   -20.805    -6.844
 7     0.755     0.576     0.311
 7    -0.653     0.697     0.295
 7    -0.047    -0.426     0.903
 8   114.534   -29.465    19.495
 8     0.392    -0.542     0.744
 8    -0.578    -0.774    -0.259
 8     0.716    -0.329    -0.616
 9   130.405   -48.605    36.456
 9     0.486     0.853    -0.188
 9    -0.476     0.439     0.761
 9     0.733    -0.281     0.620
 2    97.311   -18.704    59.750
 2     0.620    -0.784     0.003
 2     0.783     0.620     0.038
 2    -0.032    -0.021     0.999
 3   129.756    -2.134     3.704
 3     0.405    -0.153    -0.901
 3     0.043     0.988    -0.148
 3     0.913     0.021     0.407
 4   110.025    14.622    -9.347
 4     0.498    -0.844     0.199
 4     0.848     0.427    -0.313
 4     0.179     0.324     0.929
 5   108.253    30.796    14.347
 5     0.290    -0.002     0.957
 5     0.733    -0.642    -0.223
 5     0.615     0.766    -0.185
 6   127.710    45.619    31.499
 6     0.572    -0.666    -0.480
 6     0.398     0.736    -0.547
 6     0.717     0.122     0.686
 7   111.032   -20.695    -7.098
 7     0.753     0.574     0.320
 7    -0.654     0.703     0.278
 7    -0.065    -0.419     0.906
 8   114.872   -30.208    18.909
 8     0.403    -0.562     0.722
 8    -0.614    -0.752    -0.242
 8     0.678    -0.345    -0.648
 9   130.802   -50.327    34.363
 9     0.500     0.851    -0.161
 9    -0.517     0.442     0.733
 9     0.695    -0.283     0.660
 2    97.311   -18.704    59.750
 2     0.620    -0.784     0.003
 2     0.783     0.620     0.038
 2    -0.032    -0.021     0.999
 3   129.754    -2.006     3.601
 3     0.405    -0.157    -0.900
 3     0.045     0.987    -0.152
 3     0.913     0.021     0.407
 4   109.670    14.479    -9.513
 4     0.490    -0.846     0.209
 4     0.857     0.424    -0.291
 4     0.157     0.322     0.933
 5   108.026    31.592    13.379
 5     0.288     0.036     0.957
 5     0.769    -0.604    -0.209
 5     0.570     0.796    -0.201
 6   127.631    47.672    29.222
 6     0.579    -0.673    -0.460
 6     0.448     0.734    -0.510
 6     0.680     0.089     0.727
 7   110.921   -20.480    -7.284
 7     0.752     0.572     0.326
 7    -0.654     0.709     0.264
 7    -0.080    -0.412     0.907
 8   115.179   -31.003    18.331
 8     0.415    -0.585     0.696
 8    -0.651    -0.726    -0.222
 8     0.636    -0.361    -0.683
 9   131.151   -52.075    32.188
 9     0.509     0.849    -0.139
 9    -0.557     0.448     0.699
 9     0.656    -0.279     0.701
 2    97.311   -18.754    59.750
 2     0.620    -0.784     0.003
 2     0.783     0.620     0.037
 2    -0.032    -0.021     0.999
 3   129.747    -1.906     3.430
 3     0.407    -0.160    -0.899
 3     0.045     0.987    -0.155
 3     0.912     0.022     0.408
 4   109.365    14.175    -9.854
 4     0.483    -0.845     0.229
 4     0.867     0.424    -0.262
 4     0.124     0.325     0.937
 5   107.789    32.262    12.349
 5     0.287     0.064     0.956
 5     0.800    -0.565    -0.202
 5     0.527     0.822    -0.214
 6   127.630    49.469    26.572
 6     0.588    -0.673    -0.449
 6     0.495     0.738    -0.458
 6     0.640     0.047     0.767
 7   110.877   -20.320    -7.535
 7     0.751     0.568     0.334
 7    -0.652     0.716     0.248
 7    -0.099    -0.405     0.909
 8   115.417   -31.847    17.673
 8     0.423    -0.609     0.671
 8    -0.685    -0.700    -0.203
 8     0.593    -0.373    -0.714
 9   131.476   -53.771    30.039
 9     0.517     0.849    -0.112
 9    -0.595     0.450     0.666
 9     0.615    -0.278     0.737
 2    97.311   -18.704    59.750
 2     0.620    -0.784     0.003
 2     0.783     0.620     0.038
 2    -0.032    -0.021     0.999
 3   129.747    -1.829     3.303
 3     0.406    -0.164    -0.899
 3     0.047     0.986    -0.158
 3     0.912     0.021     0.408
 4   108.990    13.847   -10.174
 4     0.473    -0.846     0.245
 4     0.876     0.422    -0.232
 4     0.093     0.324     0.941
 5   107.527    32.803    11.144
 5     0.284     0.088     0.955
 5     0.829    -0.524    -0.198
 5     0.482     0.847    -0.222
 6   127.357    50.917    24.294
 6     0.588    -0.674    -0.447
 6     0.534     0.738    -0.411
 6     0.607     0.003     0.794
 7   110.658   -20.288    -7.657
 7     0.747     0.568     0.344
 7    -0.654     0.721     0.230
 7    -0.118    -0.397     0.910
 8   115.649   -32.769    17.022
 8     0.432    -0.634     0.641
 8    -0.718    -0.672    -0.180
 8     0.546    -0.383    -0.745
 9   131.601   -55.519    27.693
 9     0.524     0.848    -0.076
 9    -0.632     0.447     0.633
 9     0.571    -0.284     0.770
 2    97.311   -18.754    59.750
 2     0.620    -0.784     0.003
 2     0.783     0.620     0.037
 2    -0.032    -0.021     0.999
 3   129.746    -1.826     3.124
 3     0.406    -0.166    -0.898
 3     0.050     0.986    -0.159
 3     0.912     0.020     0.409
 4   108.556    13.415   -10.434
 4     0.462    -0.847     0.264
 4     0.885     0.420    -0.200
 4     0.058     0.326     0.943
 5   107.219    33.245    10.085
 5     0.279     0.116     0.953
 5     0.855    -0.482    -0.192
 5     0.437     0.868    -0.234
 6   127.055    52.357    21.680
 6     0.593    -0.684    -0.426
 6     0.574     0.729    -0.372
 6     0.565    -0.024     0.824
 7   110.510   -20.180    -7.876
 7     0.744     0.564     0.356
 7    -0.653     0.727     0.213
 7    -0.139    -0.391     0.910
 8   115.939   -33.561    16.258
 8     0.440    -0.654     0.615
 8    -0.746    -0.648    -0.156
 8     0.500    -0.390    -0.773
 9   131.909   -57.042    25.082
 9     0.533     0.845    -0.047
 9    -0.667     0.454     0.590
 9     0.520    -0.283     0.806
 2    97.311   -18.704    59.750
 2     0.620    -0.784     0.003
 2     0.783     0.620     0.038
 2    -0.032    -0.021     0.999
 3   129.745    -1.724     2.946
 3     0.407    -0.168    -0.898
 3     0.052     0.985    -0.161
 3     0.912     0.019     0.409
 4   108.214    13.141   -10.666
 4     0.451    -0.848     0.280
 4     0.892     0.417    -0.175
 4     0.031     0.328     0.944
 5   106.911    33.712     8.997
 5     0.275     0.144     0.950
 5     0.878    -0.440    -0.187
 5     0.391     0.886    -0.248
 6   126.557    53.849    19.138
 6     0.593    -0.693    -0.411
 6     0.612     0.719    -0.329
 6     0.523    -0.057     0.850
 7   110.330   -20.026    -8.111
 7     0.740     0.562     0.368
 7    -0.653     0.733     0.191
 7    -0.163    -0.382     0.910
 8   116.149   -34.433    15.321
 8     0.445    -0.674     0.589
 8    -0.774    -0.621    -0.126
 8     0.451    -0.400    -0.798
 9   131.978   -58.623    22.096
 9     0.536     0.843    -0.031
 9    -0.704     0.468     0.533
 9     0.464    -0.264     0.845
 2    97.312   -18.755    59.750
 2     0.621    -0.784     0.003
 2     0.783     0.620     0.037
 2    -0.032    -0.021     0.999
 3   129.740    -1.725     2.725
 3     0.407    -0.170    -0.897
 3     0.053     0.985    -0.162
 3     0.911     0.018     0.410
 4   107.876    12.842   -10.876
 4     0.442    -0.847     0.296
 4     0.897     0.415    -0.152
 4     0.005     0.333     0.943
 5   106.722    34.201     7.890
 5     0.271     0.173     0.947
 5     0.899    -0.396    -0.186
 5     0.342     0.902    -0.263
 6   126.254    55.058    16.571
 6     0.596    -0.703    -0.388
 6     0.645     0.707    -0.291
 6     0.478    -0.077     0.875
 7   110.180   -19.818    -8.279
 7     0.736     0.561     0.378
 7    -0.651     0.740     0.170
 7    -0.184    -0.372     0.910
 8   116.380   -35.102    14.290
 8     0.451    -0.694     0.560
 8    -0.799    -0.594    -0.093
 8     0.398    -0.406    -0.823
 9   132.153   -59.786    19.561
 9     0.540     0.842    -0.008
 9    -0.732     0.474     0.490
 9     0.416    -0.258     0.872
 2    97.312   -18.755    59.750
 2     0.621    -0.784     0.003
 2     0.783     0.620     0.038
 2    -0.032    -0.021     0.999
 3   129.746    -1.696     2.489
 3     0.407    -0.171    -0.897
 3     0.055     0.985    -0.163
 3     0.912     0.016     0.410
 4   107.633    12.592   -11.055
 4     0.435    -0.844     0.314
 4     0.900     0.417    -0.127
 4    -0.023     0.338     0.941
 5   106.601    34.544     6.864
 5     0.268     0.201     0.942
 5     0.916    -0.356    -0.185
 5     0.298     0.912    -0.280
 6   125.942    56.018    14.165
 6     0.596    -0.712    -0.370
 6     0.673     0.695    -0.253
 6     0.437    -0.099     0.894
 7   109.997   -19.639    -8.562
 7     0.731     0.559     0.391
 7    -0.650     0.746     0.148
 7    -0.209    -0.362     0.908
 8   116.472   -35.795    13.269
 8     0.454    -0.713     0.534
 8    -0.820    -0.569    -0.062
 8     0.348    -0.410    -0.843
 9   132.018   -60.955    16.661
 9     0.541     0.841     0.018
 9    -0.759     0.479     0.441
 9     0.362    -0.252     0.897
 2    97.311   -18.754    59.750
 2     0.620    -0.784     0.003
 2     0.783     0.620     0.037
 2    -0.032    -0.021     0.999
 3   129.721    -1.644     2.312
 3     0.405    -0.171    -0.898
 3     0.057     0.985    -0.161
 3     0.912     0.014     0.409
 4   107.393    12.316   -11.314
 4     0.429    -0.841     0.330
 4     0.902     0.419    -0.105
 4    -0.050     0.342     0.938
 5   106.372    34.907     5.698
 5     0.264     0.224     0.938
 5     0.931    -0.312    -0.188
 5     0.250     0.923    -0.292
 6   125.570    56.974    11.715
 6     0.597    -0.723    -0.347
 6     0.700     0.681    -0.216
 6     0.392    -0.114     0.913
 7   109.821   -19.432    -8.727
 7     0.727     0.557     0.402
 7    -0.647     0.751     0.128
 7    -0.231    -0.354     0.906
 8   116.745   -36.332    12.262
 8     0.459    -0.728     0.509
 8    -0.837    -0.547    -0.029
 8     0.300    -0.412    -0.860
 9   132.179   -61.768    13.811
 9     0.544     0.838     0.039
 9    -0.781     0.489     0.388
 9     0.306    -0.242     0.921
 2    97.311   -18.704    59.801
 2     0.620    -0.784     0.003
 2     0.784     0.620     0.038
 2    -0.032    -0.021     0.999
 3   129.728    -1.539     2.178
 3     0.404    -0.171    -0.898
 3     0.059     0.985    -0.161
 3     0.913     0.011     0.408
 4   107.067    11.960   -11.431
 4     0.420    -0.838     0.348
 4     0.903     0.421    -0.077
 4    -0.082     0.346     0.934
 5   106.216    35.221     4.604
 5     0.258     0.254     0.932
 5     0.945    -0.268    -0.189
 5     0.201     0.929    -0.310
 6   125.029    57.952     8.873
 6     0.593    -0.741    -0.316
 6     0.730     0.660    -0.178
 6     0.340    -0.125     0.932
 7   109.627   -19.324    -8.925
 7     0.723     0.554     0.412
 7    -0.644     0.757     0.113
 7    -0.250    -0.347     0.904
 8   116.894   -37.073    11.230
 8     0.460    -0.746     0.482
 8    -0.852    -0.524     0.002
 8     0.251    -0.412    -0.876
 9   132.162   -62.650    11.268
 9     0.544     0.837     0.063
 9    -0.799     0.493     0.344
 9     0.257    -0.238     0.937
 2    97.311   -18.754    59.750
 2     0.620    -0.784     0.003
 2     0.783     0.620     0.038
 2    -0.032    -0.021     0.999
 3   129.722    -1.514     2.008
 3     0.404    -0.171    -0.899
 3     0.062     0.985    -0.160
 3     0.912     0.009     0.408
 4   106.782    11.686   -11.594
 4     0.414    -0.835     0.362
 4     0.904     0.424    -0.056
 4    -0.107     0.350     0.930
 5   106.040    35.358     3.555
 5     0.252     0.286     0.924
 5     0.955    -0.225    -0.191
 5     0.153     0.931    -0.330
 6   124.297    58.799     6.031
 6     0.587    -0.765    -0.264
 6     0.758     0.634    -0.152
 6     0.284    -0.111     0.952
 7   109.562   -19.187    -9.079
 7     0.720     0.550     0.422
 7    -0.640     0.762     0.098
 7    -0.267    -0.341     0.901
 8   117.161   -37.503    10.430
 8     0.461    -0.762     0.453
 8    -0.862    -0.506     0.028
 8     0.208    -0.404    -0.891
 9   132.121   -63.142     9.210
 9     0.543     0.834     0.090
 9    -0.811     0.494     0.313
 9     0.216    -0.244     0.945
 2    97.311   -18.754    59.750
 2     0.620    -0.784     0.003
 2     0.783     0.620     0.038
 2    -0.032    -0.021     0.999
 3   129.723    -1.513     1.856
 3     0.404    -0.171    -0.898
 3     0.063     0.985    -0.159
 3     0.912     0.007     0.409
 4   106.607    11.440   -11.716
 4     0.408    -0.833     0.374
 4     0.904     0.426    -0.038
 4    -0.128     0.353     0.926
 5   105.993    35.602     2.643
 5     0.245     0.324     0.913
 5     0.963    -0.187    -0.192
 5     0.108     0.927    -0.358
 6   123.526    59.645     3.409
 6     0.579    -0.793    -0.190
 6     0.783     0.605    -0.141
 6     0.226    -0.067     0.971
 7   109.425   -19.024    -9.160
 7     0.718     0.547     0.429
 7    -0.636     0.767     0.085
 7    -0.283    -0.335     0.899
 8   117.318   -37.777     9.602
 8     0.462    -0.775     0.432
 8    -0.870    -0.491     0.050
 8     0.173    -0.398    -0.901
 9   132.026   -63.740     6.980
 9     0.538     0.834     0.120
 9    -0.825     0.492     0.278
 9     0.173    -0.250     0.953
 2    97.311   -18.754    59.750
 2     0.620    -0.784     0.003
 2     0.783     0.620     0.038
 2    -0.032    -0.021     0.999
 3   129.724    -1.513     1.679
 3     0.405    -0.169    -0.899
 3     0.064     0.985    -0.157
 3     0.912     0.005     0.410
 4   106.403    11.140   -11.882
 4     0.406    -0.828     0.386
 4     0.901     0.432    -0.019
 4    -0.151     0.356     0.922
 5   105.977    35.744     1.729
 5     0.239     0.359     0.902
 5     0.969    -0.150    -0.198
 5     0.064     0.921    -0.384
 6   122.883    60.050     0.540
 6     0.580    -0.811    -0.081
 6     0.798     0.585    -0.140
 6     0.160     0.016     0.987
 7   109.311   -18.962    -9.292
 7     0.716     0.542     0.438
 7    -0.630     0.773     0.073
 7    -0.299    -0.329     0.896
 8   117.634   -38.158     8.632
 8     0.459    -0.793     0.399
 8    -0.879    -0.470     0.077
 8     0.127    -0.386    -0.914
 9   131.825   -64.189     4.440
 9     0.532     0.830     0.165
 9    -0.837     0.487     0.247
 9     0.124    -0.270     0.955
 2    97.311   -18.704    59.750
 2     0.620    -0.784     0.003
 2     0.783     0.620     0.038
 2    -0.032    -0.021     0.999
 3   129.723    -1.410     1.552
 3     0.404    -0.170    -0.899
 3     0.066     0.985    -0.156
 3     0.912     0.004     0.409
 4   106.279    10.944   -11.953
 4     0.404    -0.824     0.398
 4     0.898     0.439    -0.004
 4    -0.172     0.359     0.917
 5   106.122    35.788     1.005
 5     0.236     0.394     0.888
 5     0.971    -0.119    -0.205
 5     0.024     0.911    -0.411
 6   122.042    60.661    -1.407
 6     0.578    -0.810     0.096
 6     0.810     0.556    -0.186
 6     0.097     0.185     0.978
 7   109.169   -18.827    -9.467
 7     0.713     0.539     0.448
 7    -0.626     0.778     0.060
 7    -0.317    -0.323     0.892
 8   117.984   -38.408     7.792
 8     0.453    -0.819     0.351
 8    -0.888    -0.450     0.096
 8     0.080    -0.356    -0.931
 9   131.026   -65.103     1.015
 9     0.514     0.806     0.294
 9    -0.856     0.458     0.239
 9     0.058    -0.375     0.925
 2    97.311   -18.754    59.750
 2     0.620    -0.784     0.003
 2     0.783     0.620     0.038
 2    -0.032    -0.021     0.999
 3   129.748    -1.409     1.476
 3     0.405    -0.169    -0.898
 3     0.067     0.985    -0.156
 3     0.912     0.003     0.410
 4   106.207    10.911   -12.082
 4     0.403    -0.821     0.405
 4     0.897     0.442     0.003
 4    -0.181     0.362     0.914
 5   106.244    35.920     0.604
 5     0.230     0.427     0.874
 5     0.973    -0.098    -0.209
 5    -0.004     0.899    -0.438
 6   121.408    61.314    -3.016
 6     0.573    -0.759     0.309
 6     0.819     0.520    -0.242
 6     0.022     0.392     0.919
 7   109.084   -18.664    -9.499
 7     0.710     0.535     0.457
 7    -0.621     0.782     0.048
 7    -0.332    -0.318     0.888
 8   118.314   -38.655     6.868
 8     0.449    -0.840     0.304
 8    -0.893    -0.435     0.116
 8     0.035    -0.324    -0.945
 9   130.670   -65.336    -0.970
 9     0.504     0.776     0.379
 9    -0.863     0.445     0.238
 9     0.016    -0.447     0.894
 2    97.311   -18.704    59.750
 2     0.620    -0.784     0.003
 2     0.784     0.620     0.038
 2    -0.032    -0.021     0.999
 3   129.748    -1.409     1.323
 3     0.405    -0.169    -0.899
 3     0.067     0.985    -0.156
 3     0.912     0.003     0.410
 4   106.115    10.854   -12.089
 4     0.402    -0.818     0.410
 4     0.896     0.444     0.007
 4    -0.188     0.364     0.912
 5   106.347    35.902     0.297
 5     0.223     0.460     0.859
 5     0.974    -0.079    -0.211
 5    -0.030     0.884    -0.466
 6   120.198    61.725    -3.745
 6     0.557    -0.663     0.500
 6     0.829     0.475    -0.295
 6    -0.043     0.579     0.814
 7   109.043   -18.551    -9.551
 7     0.709     0.528     0.467
 7    -0.613     0.789     0.038
 7    -0.349    -0.313     0.883
 8   118.605   -38.927     6.147
 8     0.443    -0.855     0.269
 8    -0.896    -0.422     0.135
 8    -0.002    -0.302    -0.953
 9   130.252   -65.546    -3.218
 9     0.494     0.736     0.463
 9    -0.869     0.437     0.232
 9    -0.032    -0.517     0.855
 2    97.311   -18.754    59.750
 2     0.620    -0.784     0.003
 2     0.783     0.620     0.038
 2    -0.032    -0.021     0.999
 3   129.799    -1.359     1.298
 3     0.405    -0.169    -0.899
 3     0.066     0.985    -0.156
 3     0.912     0.003     0.410
 4   106.042    10.744   -12.118
 4     0.401    -0.815     0.419
 4     0.894     0.447     0.012
 4    -0.197     0.370     0.908
 5   106.410    36.019     0.199
 5     0.211     0.496     0.842
 5     0.976    -0.063    -0.207
 5    -0.050     0.866    -0.498
 6   119.443    61.908    -4.552
 6     0.538    -0.527     0.658
 6     0.836     0.434    -0.336
 6    -0.109     0.730     0.674
 7   108.981   -18.438    -9.630
 7     0.707     0.521     0.478
 7    -0.606     0.795     0.030
 7    -0.365    -0.311     0.878
 8   119.004   -38.940     5.320
 8     0.438    -0.870     0.227
 8    -0.898    -0.413     0.151
 8    -0.038    -0.270    -0.962
 9   129.961   -65.559    -4.841
 9     0.488     0.650     0.582
 9    -0.870     0.417     0.264
 9    -0.071    -0.636     0.769
 2    97.311   -18.754    59.750
 2     0.620    -0.784     0.003
 2     0.783     0.620     0.038
 2    -0.032    -0.021     0.999
 3   129.798    -1.333     1.196
 3     0.405    -0.170    -0.898
 3     0.066     0.985    -0.157
 3     0.912     0.004     0.410
 4   105.928    10.791   -12.107
 4     0.398    -0.812     0.426
 4     0.895     0.446     0.015
 4    -0.202     0.375     0.905
 5   106.364    36.116    -0.013
 5     0.199     0.524     0.828
 5     0.978    -0.051    -0.203
 5    -0.064     0.850    -0.523
 6   118.558    62.231    -5.028
 6     0.514    -0.400     0.759
 6     0.843     0.400    -0.360
 6    -0.160     0.824     0.543
 7   108.901   -18.271    -9.719
 7     0.706     0.514     0.487
 7    -0.599     0.800     0.024
 7    -0.378    -0.309     0.873
 8   119.274   -38.922     4.884
 8     0.435    -0.879     0.195
 8    -0.898    -0.409     0.160
 8    -0.061    -0.245    -0.968
 9   129.534   -65.554    -5.819
 9     0.485     0.517     0.705
 9    -0.868     0.379     0.320
 9    -0.102    -0.768     0.633
 2    97.311   -18.704    59.750
 2     0.620    -0.784     0.003
 2     0.783     0.620     0.038
 2    -0.032    -0.021     0.999
 3   129.791    -1.185     1.126
 3     0.407    -0.171    -0.897
 3     0.064     0.985    -0.159
 3     0.911     0.007     0.412
 4   105.771    10.782   -12.209
 4     0.392    -0.808     0.439
 4     0.894     0.446     0.021
 4    -0.213     0.385     0.898
 5   106.384    36.132    -0.240
 5     0.189     0.554     0.810
 5     0.978    -0.037    -0.203
 5    -0.082     0.831    -0.549
 6   117.815    62.274    -5.900
 6     0.490    -0.286     0.823
 6     0.846     0.383    -0.371
 6    -0.210     0.878     0.429
 7   108.876   -18.153    -9.787
 7     0.705     0.506     0.496
 7    -0.593     0.805     0.021
 7    -0.389    -0.309     0.868
 8   119.782   -38.694     4.417
 8     0.432    -0.889     0.151
 8    -0.898    -0.409     0.162
 8    -0.082    -0.206    -0.975
 9   129.217   -65.901    -6.666
 9     0.473     0.352     0.807
 9    -0.871     0.325     0.369
 9    -0.133    -0.877     0.461
 2    97.311   -18.704    59.750
 2     0.620    -0.784     0.003
 2     0.783     0.620     0.038
 2    -0.032    -0.021     0.999
 3   129.784    -1.162     0.954
 3     0.409    -0.173    -0.896
 3     0.063     0.985    -0.162
 3     0.910     0.009     0.414
 4   105.513    10.772   -12.231
 4     0.386    -0.804     0.452
 4     0.894     0.446     0.029
 4    -0.225     0.393     0.891
 5   106.318    36.224    -0.544
 5     0.176     0.591     0.786
 5     0.979    -0.022    -0.204
 5    -0.103     0.806    -0.583
 6   117.200    62.473    -6.701
 6     0.460    -0.170     0.871
 6     0.849     0.369    -0.377
 6    -0.258     0.913     0.314
 7   108.796   -18.063    -9.818
 7     0.703     0.495     0.510
 7    -0.585     0.811     0.020
 7    -0.403    -0.313     0.860
 8   120.393   -38.514     3.952
 8     0.429    -0.898     0.098
 8    -0.897    -0.411     0.161
 8    -0.104    -0.157    -0.982
 9   129.059   -65.886    -7.456
 9     0.461     0.154     0.874
 9    -0.872     0.263     0.413
 9    -0.166    -0.952     0.256
 2    97.311   -18.704    59.750
 2     0.620    -0.784     0.003
 2     0.783     0.620     0.038
 2    -0.032    -0.021     0.999
 3   129.719    -1.014     0.813
 3     0.414    -0.177    -0.893
 3     0.062     0.984    -0.166
 3     0.908     0.014     0.418
 4   105.299    10.710   -12.300
 4     0.380    -0.797     0.468
 4     0.893     0.448     0.036
 4    -0.239     0.404     0.883
 5   106.651    36.218    -0.790
 5     0.171     0.647     0.743
 5     0.977    -0.018    -0.210
 5    -0.123     0.762    -0.635
 6   116.855    62.493    -7.702
 6     0.429    -0.047     0.902
 6     0.849     0.361    -0.385
 6    -0.308     0.931     0.195
 7   108.679   -17.950    -9.937
 7     0.702     0.478     0.527
 7    -0.573     0.819     0.020
 7    -0.422    -0.316     0.849
 8   121.030   -38.359     3.405
 8     0.427    -0.903     0.051
 8    -0.896    -0.415     0.161
 8    -0.124    -0.114    -0.986
 9   129.425   -65.673    -8.381
 9     0.456    -0.015     0.890
 9    -0.867     0.219     0.448
 9    -0.202    -0.976     0.086
 2    97.311   -18.704    59.750
 2     0.620    -0.785     0.003
 2     0.784     0.620     0.038
 2    -0.032    -0.021     0.999
 3   129.626    -0.729     0.161
 3     0.436    -0.201    -0.877
 3     0.058     0.979    -0.195
 3     0.898     0.034     0.438
 4   104.644    10.696   -12.452
 4     0.371    -0.779     0.505
 4     0.893     0.448     0.036
 4    -0.255     0.437     0.862
 5   107.213    36.218    -0.933
 5     0.173     0.715     0.677
 5     0.975    -0.027    -0.221
 5    -0.140     0.698    -0.702
 6   116.963    62.150    -8.994
 6     0.406     0.075     0.911
 6     0.839     0.363    -0.404
 6    -0.361     0.928     0.085
 7   108.441   -17.744   -10.124
 7     0.698     0.452     0.555
 7    -0.555     0.831     0.021
 7    -0.451    -0.323     0.832
 8   121.880   -37.916     2.652
 8     0.427    -0.904    -0.017
 8    -0.892    -0.425     0.151
 8    -0.144    -0.049    -0.988
 9   129.889   -65.324    -9.198
 9     0.444    -0.191     0.875
 9    -0.865     0.160     0.474
 9    -0.231    -0.968    -0.094
 2    97.311   -18.704    59.750
 2     0.620    -0.784     0.003
 2     0.783     0.620     0.038
 2    -0.032    -0.021     0.999
 3   129.660    -0.451    -0.561
 3     0.465    -0.219    -0.858
 3     0.055     0.974    -0.219
 3     0.883     0.054     0.465
 4   103.892    10.778   -12.305
 4     0.356    -0.757     0.548
 4     0.892     0.450     0.043
 4    -0.279     0.473     0.835
 5   107.528    36.464    -1.433
 5     0.167     0.773     0.611
 5     0.972    -0.026    -0.234
 5    -0.165     0.633    -0.756
 6   116.564    62.188   -10.658
 6     0.373     0.173     0.911
 6     0.830     0.376    -0.411
 6    -0.414     0.910    -0.004
 7   108.238   -17.589   -10.391
 7     0.691     0.430     0.581
 7    -0.544     0.839     0.025
 7    -0.477    -0.333     0.813
 8   120.055   -38.155    -0.428
 8     0.422    -0.901    -0.102
 8    -0.892    -0.433     0.131
 8    -0.163     0.035    -0.986
 9   130.049   -65.056   -10.296
 9     0.424    -0.347     0.836
 9    -0.868     0.109     0.485
 9    -0.260    -0.931    -0.255
 2    97.311   -18.704    59.750
 2     0.620    -0.784     0.003
 2     0.783     0.620     0.038
 2    -0.032    -0.021     0.999
 3   129.614    -0.134    -1.048
 3     0.480    -0.227    -0.847
 3     0.055     0.972    -0.229
 3     0.875     0.063     0.479
 4   103.473    10.834   -12.204
 4     0.344    -0.739     0.579
 4     0.889     0.455     0.052
 4    -0.302     0.496     0.814
 5   107.617    36.674    -1.976
 5     0.161     0.806     0.569
 5     0.967    -0.016    -0.252
 5    -0.194     0.591    -0.783
 6   116.243    61.895   -12.473
 6     0.350     0.247     0.903
 6     0.816     0.394    -0.424
 6    -0.461     0.885    -0.064
 7   108.066   -17.482   -10.494
 7     0.683     0.413     0.602
 7    -0.534     0.845     0.026
 7    -0.499    -0.339     0.798
 8   120.550   -37.952    -1.180
 8     0.421    -0.894    -0.153
