% Calibrated with leiden_pols
% Positions are in centimeters
Data =[
 2    97.336   -18.704    59.749
 2     0.620    -0.785     0.004
 2     0.784     0.619     0.037
 2    -0.032    -0.020     0.999
 3   129.847    -2.677     2.693
 3     0.438    -0.132    -0.889
 3     0.029     0.990    -0.132
 3     0.898     0.032     0.438
 4   111.208    15.083    -8.987
 4     0.493    -0.851     0.181
 4     0.851     0.428    -0.304
 4     0.181     0.304     0.935
 5   109.891    23.844    18.475
 5     0.315    -0.311     0.897
 5     0.325    -0.853    -0.409
 5     0.892     0.420    -0.168
 6   126.466    24.888    44.212
 6     0.401    -0.517    -0.757
 6    -0.103     0.795    -0.598
 6     0.910     0.317     0.265
 7   111.796   -21.949    -6.635
 7     0.774     0.588     0.233
 7    -0.632     0.701     0.329
 7     0.030    -0.403     0.915
 8   111.795   -24.481    20.935
 8     0.337    -0.233     0.912
 8    -0.199    -0.965    -0.172
 8     0.920    -0.123    -0.372
 9   126.642   -32.107    47.128
 9     0.337     0.751    -0.568
 9    -0.077     0.623     0.778
 9     0.938    -0.219     0.268
 2    97.311   -18.704    59.750
 2     0.620    -0.785     0.004
 2     0.784     0.620     0.037
 2    -0.032    -0.021     0.999
 3   129.827    -2.575     2.889
 3     0.436    -0.131    -0.890
 3     0.028     0.990    -0.133
 3     0.899     0.033     0.436
 4   111.144    15.164    -8.849
 4     0.491    -0.852     0.180
 4     0.850     0.426    -0.308
 4     0.186     0.304     0.934
 5   109.797    23.744    18.646
 5     0.313    -0.309     0.898
 5     0.323    -0.854    -0.407
 5     0.893     0.418    -0.168
 6   126.287    24.812    44.436
 6     0.401    -0.524    -0.752
 6    -0.104     0.789    -0.605
 6     0.910     0.320     0.261
 7   111.754   -21.896    -6.617
 7     0.773     0.589     0.232
 7    -0.633     0.700     0.331
 7     0.033    -0.404     0.914
 8   111.694   -24.407    20.987
 8     0.337    -0.234     0.912
 8    -0.201    -0.964    -0.173
 8     0.920    -0.125    -0.372
 9   126.618   -32.057    47.180
 9     0.338     0.753    -0.564
 9    -0.078     0.620     0.781
 9     0.938    -0.220     0.268
 2    97.311   -18.754    59.750
 2     0.620    -0.784     0.003
 2     0.783     0.620     0.037
 2    -0.032    -0.021     0.999
 3   129.677    -2.578     3.067
 3     0.437    -0.129    -0.890
 3     0.025     0.991    -0.132
 3     0.899     0.035     0.436
 4   111.063    15.272    -8.695
 4     0.491    -0.853     0.177
 4     0.849     0.423    -0.315
 4     0.194     0.305     0.932
 5   109.670    23.796    18.823
 5     0.312    -0.306     0.899
 5     0.324    -0.856    -0.403
 5     0.893     0.417    -0.168
 6   126.159    24.889    44.612
 6     0.402    -0.529    -0.747
 6    -0.103     0.785    -0.611
 6     0.910     0.323     0.261
 7   111.637   -21.819    -6.523
 7     0.771     0.592     0.232
 7    -0.635     0.697     0.334
 7     0.036    -0.405     0.913
 8   111.519   -24.310    21.065
 8     0.335    -0.237     0.912
 8    -0.204    -0.963    -0.175
 8     0.920    -0.127    -0.371
 9   126.345   -31.956    47.308
 9     0.337     0.756    -0.561
 9    -0.078     0.616     0.784
 9     0.938    -0.221     0.266
 2    97.311   -18.704    59.698
 2     0.620    -0.785     0.004
 2     0.784     0.620     0.038
 2    -0.032    -0.020     0.999
 3   129.677    -2.503     3.296
 3     0.436    -0.129    -0.891
 3     0.023     0.991    -0.132
 3     0.899     0.036     0.435
 4   111.055    15.353    -8.537
 4     0.491    -0.854     0.172
 4     0.847     0.422    -0.321
 4     0.201     0.304     0.931
 5   109.544    23.796    18.976
 5     0.311    -0.305     0.900
 5     0.325    -0.856    -0.402
 5     0.893     0.417    -0.167
 6   126.052    24.938    44.694
 6     0.402    -0.532    -0.745
 6    -0.103     0.782    -0.615
 6     0.909     0.324     0.260
 7   111.592   -21.766    -6.478
 7     0.771     0.593     0.231
 7    -0.635     0.696     0.335
 7     0.038    -0.405     0.913
 8   111.480   -24.315    21.057
 8     0.337    -0.233     0.912
 8    -0.207    -0.964    -0.170
 8     0.918    -0.131    -0.374
 9   126.393   -32.007    47.231
 9     0.338     0.754    -0.563
 9    -0.079     0.618     0.782
 9     0.938    -0.220     0.269
 2    97.311   -18.754    59.698
 2     0.620    -0.785     0.004
 2     0.784     0.620     0.037
 2    -0.032    -0.020     0.999
 3   129.607    -2.501     3.466
 3     0.435    -0.130    -0.891
 3     0.023     0.991    -0.133
 3     0.900     0.037     0.434
 4   110.921    15.357    -8.426
 4     0.494    -0.853     0.167
 4     0.844     0.425    -0.327
 4     0.207     0.302     0.930
 5   109.535    23.865    19.174
 5     0.315    -0.317     0.894
 5     0.326    -0.849    -0.416
 5     0.891     0.423    -0.164
 6   126.204    24.938    44.749
 6     0.404    -0.525    -0.749
 6    -0.103     0.787    -0.608
 6     0.909     0.322     0.264
 7   111.537   -21.665    -6.523
 7     0.773     0.590     0.232
 7    -0.633     0.697     0.336
 7     0.036    -0.407     0.913
 8   111.628   -24.421    20.979
 8     0.345    -0.215     0.914
 8    -0.208    -0.967    -0.148
 8     0.915    -0.139    -0.378
 9   126.670   -31.962    47.117
 9     0.341     0.739    -0.581
 9    -0.081     0.639     0.765
 9     0.936    -0.214     0.278
 2    97.311   -18.704    59.750
 2     0.620    -0.785     0.003
 2     0.784     0.619     0.038
 2    -0.032    -0.021     0.999
 3   129.504    -2.349     3.921
 3     0.435    -0.138    -0.890
 3     0.024     0.989    -0.142
 3     0.900     0.040     0.433
 4   110.829    15.314    -8.280
 4     0.498    -0.853     0.155
 4     0.839     0.429    -0.335
 4     0.219     0.296     0.929
 5   109.469    23.857    19.371
 5     0.321    -0.321     0.891
 5     0.328    -0.845    -0.423
 5     0.888     0.427    -0.166
 6   126.226    24.833    44.861
 6     0.406    -0.517    -0.754
 6    -0.104     0.793    -0.600
 6     0.908     0.322     0.268
 7   111.558   -21.579    -6.474
 7     0.777     0.587     0.227
 7    -0.628     0.697     0.346
 7     0.045    -0.412     0.910
 8   111.569   -24.424    21.090
 8     0.347    -0.209     0.914
 8    -0.210    -0.967    -0.142
 8     0.914    -0.143    -0.380
 9   126.720   -31.963    47.117
 9     0.342     0.737    -0.583
 9    -0.082     0.641     0.763
 9     0.936    -0.214     0.279
 2    97.336   -18.754    59.749
 2     0.620    -0.785     0.004
 2     0.784     0.620     0.037
 2    -0.032    -0.020     0.999
 3   129.384    -2.322     4.218
 3     0.434    -0.144    -0.890
 3     0.024     0.988    -0.148
 3     0.901     0.042     0.432
 4   110.725    15.372    -8.225
 4     0.496    -0.856     0.146
 4     0.838     0.427    -0.339
 4     0.227     0.290     0.929
 5   109.294    23.856    19.449
 5     0.321    -0.321     0.891
 5     0.329    -0.844    -0.423
 5     0.888     0.429    -0.165
 6   126.137    24.831    44.950
 6     0.409    -0.518    -0.751
 6    -0.104     0.791    -0.603
 6     0.906     0.325     0.269
 7   111.500   -21.522    -6.393
 7     0.777     0.589     0.224
 7    -0.628     0.694     0.352
 7     0.052    -0.414     0.909
 8   111.344   -24.328    21.271
 8     0.343    -0.215     0.914
 8    -0.214    -0.966    -0.146
 8     0.914    -0.146    -0.378
 9   126.496   -31.937    47.296
 9     0.343     0.740    -0.578
 9    -0.082     0.637     0.766
 9     0.936    -0.216     0.278
 2    97.311   -18.704    59.750
 2     0.620    -0.785     0.003
 2     0.784     0.620     0.038
 2    -0.032    -0.021     0.999
 3   129.258    -2.321     4.395
 3     0.432    -0.146    -0.890
 3     0.025     0.988    -0.150
 3     0.901     0.042     0.430
 4   110.736    15.325    -8.081
 4     0.494    -0.858     0.139
 4     0.838     0.427    -0.339
 4     0.231     0.283     0.930
 5   109.068    23.833    19.502
 5     0.317    -0.320     0.892
 5     0.332    -0.844    -0.421
 5     0.888     0.430    -0.162
 6   125.961    24.830    45.000
 6     0.410    -0.521    -0.749
 6    -0.105     0.788    -0.606
 6     0.906     0.327     0.269
 7   111.510   -21.519    -6.327
 7     0.776     0.589     0.222
 7    -0.627     0.692     0.357
 7     0.056    -0.417     0.907
 8   111.168   -24.438    21.215
 8     0.339    -0.210     0.917
 8    -0.220    -0.965    -0.140
 8     0.915    -0.154    -0.373
 9   126.310   -31.965    47.110
 9     0.343     0.723    -0.600
 9    -0.083     0.659     0.747
 9     0.936    -0.207     0.286
 2    97.311   -18.704    59.750
 2     0.620    -0.785     0.003
 2     0.784     0.619     0.037
 2    -0.032    -0.021     0.999
 3   129.269    -2.317     4.508
 3     0.429    -0.147    -0.891
 3     0.026     0.988    -0.151
 3     0.903     0.041     0.427
 4   110.746    15.250    -8.037
 4     0.496    -0.858     0.133
 4     0.836     0.430    -0.339
 4     0.234     0.279     0.931
 5   109.168    23.863    19.295
 5     0.303    -0.328     0.895
 5     0.345    -0.837    -0.423
 5     0.888     0.437    -0.141
 6   126.167    24.886    44.945
 6     0.405    -0.492    -0.771
 6    -0.099     0.814    -0.572
 6     0.909     0.308     0.281
 7   111.516   -21.567    -6.282
 7     0.777     0.588     0.222
 7    -0.626     0.691     0.361
 7     0.058    -0.420     0.906
 8   111.187   -24.763    21.069
 8     0.336    -0.197     0.921
 8    -0.232    -0.965    -0.122
 8     0.912    -0.173    -0.371
 9   127.159   -31.558    46.626
 9     0.360     0.582    -0.729
 9    -0.093     0.800     0.592
 9     0.928    -0.146     0.342
 2    97.311   -18.704    59.749
 2     0.620    -0.785     0.004
 2     0.784     0.620     0.037
 2    -0.032    -0.020     0.999
 3   129.225    -2.339     4.603
 3     0.427    -0.148    -0.892
 3     0.028     0.988    -0.150
 3     0.904     0.039     0.425
 4   110.891    15.255    -7.980
 4     0.500    -0.857     0.126
 4     0.831     0.434    -0.346
 4     0.241     0.277     0.930
 5   109.706    24.144    19.218
 5     0.299    -0.344     0.890
 5     0.344    -0.831    -0.437
 5     0.890     0.437    -0.131
 6   127.191    24.650    44.981
 6     0.377    -0.326    -0.867
 6    -0.082     0.920    -0.382
 6     0.922     0.214     0.320
 7   111.581   -21.584    -6.173
 7     0.781     0.584     0.221
 7    -0.621     0.690     0.371
 7     0.064    -0.427     0.902
 8   111.619   -25.284    21.112
 8     0.343    -0.175     0.922
 8    -0.241    -0.966    -0.094
 8     0.907    -0.190    -0.374
 9   128.152   -31.807    46.271
 9     0.382     0.483    -0.788
 9    -0.103     0.869     0.484
 9     0.918    -0.104     0.382
 2    97.311   -18.704    59.750
 2     0.620    -0.785     0.003
 2     0.784     0.620     0.037
 2    -0.032    -0.021     0.999
 3   129.182    -2.388     4.648
 3     0.425    -0.147    -0.893
 3     0.029     0.988    -0.148
 3     0.905     0.037     0.424
 4   111.230    15.213    -8.025
 4     0.512    -0.851     0.119
 4     0.820     0.443    -0.363
 4     0.256     0.283     0.924
 5   110.295    24.308    19.191
 5     0.311    -0.363     0.878
 5     0.340    -0.820    -0.459
 5     0.887     0.442    -0.132
 6   128.094    24.146    44.563
 6     0.376    -0.213    -0.901
 6    -0.073     0.963    -0.259
 6     0.923     0.163     0.347
 7   111.657   -21.581    -6.127
 7     0.784     0.581     0.218
 7    -0.617     0.693     0.372
 7     0.065    -0.427     0.902
 8   112.201   -25.414    21.223
 8     0.361    -0.176     0.915
 8    -0.247    -0.965    -0.088
 8     0.899    -0.195    -0.392
 9   128.950   -31.643    45.902
 9     0.405     0.435    -0.804
 9    -0.107     0.896     0.431
 9     0.908    -0.089     0.410
 2    97.311   -18.704    59.749
 2     0.620    -0.785     0.004
 2     0.784     0.620     0.037
 2    -0.032    -0.020     0.999
 3   129.189    -2.487     4.667
 3     0.422    -0.143    -0.895
 3     0.030     0.989    -0.144
 3     0.906     0.034     0.421
 4   111.462    15.161    -8.032
 4     0.522    -0.845     0.117
 4     0.813     0.451    -0.369
 4     0.258     0.288     0.922
 5   111.149    24.564    19.147
 5     0.332    -0.372     0.867
 5     0.343    -0.808    -0.479
 5     0.878     0.456    -0.140
 6   129.267    24.247    44.076
 6     0.390    -0.145    -0.909
 6    -0.061     0.981    -0.182
 6     0.918     0.126     0.374
 7   111.743   -21.688    -6.114
 7     0.784     0.581     0.217
 7    -0.618     0.697     0.363
 7     0.060    -0.419     0.906
 8   112.825   -25.854    21.271
 8     0.390    -0.163     0.906
 8    -0.255    -0.965    -0.064
 8     0.885    -0.206    -0.418
 9   130.261   -31.837    45.399
 9     0.432     0.387    -0.814
 9    -0.111     0.919     0.378
 9     0.895    -0.073     0.440
 2    97.311   -18.704    59.750
 2     0.620    -0.785     0.003
 2     0.784     0.620     0.038
 2    -0.032    -0.021     0.999
 3   129.297    -2.662     4.662
 3     0.419    -0.140    -0.897
 3     0.030     0.990    -0.140
 3     0.907     0.031     0.419
 4   111.690    15.208    -8.084
 4     0.536    -0.836     0.119
 4     0.803     0.462    -0.375
 4     0.258     0.296     0.919
 5   112.397    25.248    19.132
 5     0.377    -0.354     0.855
 5     0.370    -0.789    -0.490
 5     0.849     0.501    -0.167
 6   131.629    25.533    42.887
 6     0.434    -0.111    -0.894
 6    -0.037     0.989    -0.141
 6     0.900     0.094     0.425
 7   111.742   -21.644    -6.164
 7     0.788     0.575     0.218
 7    -0.614     0.705     0.354
 7     0.050    -0.414     0.909
 8   113.852   -26.280    21.310
 8     0.431    -0.155     0.889
 8    -0.272    -0.961    -0.036
 8     0.860    -0.227    -0.457
 9   132.216   -32.399    44.371
 9     0.472     0.358    -0.806
 9    -0.121     0.931     0.343
 9     0.873    -0.065     0.483
 2    97.311   -18.704    59.750
 2     0.620    -0.785     0.003
 2     0.784     0.620     0.038
 2    -0.032    -0.021     0.999
 3   129.378    -2.659     4.630
 3     0.418    -0.141    -0.898
 3     0.032     0.989    -0.140
 3     0.908     0.029     0.418
 4   111.829    15.136    -8.213
 4     0.559    -0.819     0.127
 4     0.793     0.484    -0.369
 4     0.241     0.307     0.921
 5   114.160    26.271    18.711
 5     0.454    -0.321     0.831
 5     0.410    -0.752    -0.515
 5     0.791     0.575    -0.210
 6   135.177    27.011    40.246
 6     0.516    -0.075    -0.853
 6    -0.016     0.995    -0.098
 6     0.856     0.064     0.512
 7   111.804   -21.576    -6.350
 7     0.796     0.561     0.225
 7    -0.604     0.716     0.349
 7     0.034    -0.414     0.909
 8   115.300   -27.074    21.207
 8     0.490    -0.163     0.856
 8    -0.301    -0.953    -0.009
 8     0.818    -0.253    -0.516
 9   135.231   -33.283    42.546
 9     0.536     0.334    -0.775
 9    -0.135     0.940     0.311
 9     0.833    -0.062     0.549
 2    97.311   -18.704    59.750
 2     0.620    -0.785     0.003
 2     0.784     0.620     0.037
 2    -0.032    -0.021     0.999
 3   129.478    -2.655     4.479
 3     0.417    -0.143    -0.898
 3     0.037     0.989    -0.140
 3     0.908     0.025     0.417
 4   111.781    14.963    -8.442
 4     0.589    -0.794     0.150
 4     0.784     0.515    -0.346
 4     0.197     0.321     0.926
 5   116.104    27.340    17.892
 5     0.534    -0.266     0.802
 5     0.443    -0.721    -0.533
 5     0.720     0.640    -0.268
 6   138.882    28.545    37.060
 6     0.606    -0.051    -0.794
 6    -0.003     0.998    -0.067
 6     0.795     0.043     0.604
 7   111.843   -21.303    -6.586
 7     0.807     0.542     0.234
 7    -0.590     0.728     0.348
 7     0.018    -0.420     0.907
 8   117.101   -27.565    20.994
 8     0.558    -0.186     0.808
 8    -0.328    -0.944     0.010
 8     0.762    -0.271    -0.589
 9   138.607   -33.746    39.942
 9     0.614     0.307    -0.727
 9    -0.145     0.949     0.279
 9     0.776    -0.066     0.627
 2    97.311   -18.704    59.750
 2     0.620    -0.785     0.003
 2     0.784     0.619     0.038
 2    -0.032    -0.021     0.999
 3   129.559    -2.549     4.446
 3     0.414    -0.147    -0.898
 3     0.041     0.989    -0.143
 3     0.909     0.022     0.415
 4   111.575    14.738    -8.660
 4     0.611    -0.771     0.175
 4     0.777     0.544    -0.317
 4     0.149     0.330     0.932
 5   117.992    27.782    16.856
 5     0.608    -0.218     0.764
 5     0.454    -0.694    -0.559
 5     0.651     0.687    -0.323
 6   142.351    28.640    33.364
 6     0.696    -0.012    -0.718
 6    -0.013     0.999    -0.030
 6     0.718     0.030     0.695
 7   111.848   -21.185    -6.735
 7     0.819     0.518     0.246
 7    -0.574     0.742     0.347
 7    -0.002    -0.426     0.905
 8   119.259   -28.083    20.242
 8     0.633    -0.196     0.749
 8    -0.343    -0.938     0.044
 8     0.694    -0.285    -0.661
 9   142.187   -34.344    36.600
 9     0.692     0.279    -0.666
 9    -0.153     0.958     0.243
 9     0.705    -0.067     0.705
 2    97.311   -18.704    59.750
 2     0.620    -0.785     0.003
 2     0.784     0.620     0.037
 2    -0.032    -0.021     0.999
 3   129.658    -2.648     4.116
 3     0.415    -0.152    -0.897
 3     0.045     0.988    -0.146
 3     0.909     0.020     0.417
 4   111.376    14.430    -9.112
 4     0.635    -0.744     0.208
 4     0.767     0.574    -0.286
 4     0.093     0.341     0.935
 5   119.802    28.051    15.548
 5     0.673    -0.175     0.719
 5     0.457    -0.666    -0.589
 5     0.582     0.725    -0.369
 6   145.171    28.526    29.620
 6     0.755     0.025    -0.655
 6    -0.027     0.999     0.007
 6     0.655     0.012     0.755
 7   111.728   -20.973    -7.108
 7     0.832     0.487     0.264
 7    -0.553     0.759     0.343
 7    -0.033    -0.432     0.901
 8   121.239   -28.247    19.550
 8     0.706    -0.207     0.676
 8    -0.349    -0.934     0.078
 8     0.616    -0.291    -0.732
 9   145.727   -34.179    33.018
 9     0.763     0.249    -0.596
 9    -0.152     0.966     0.209
 9     0.628    -0.070     0.775
 2    97.263   -18.754    59.747
 2     0.620    -0.784     0.003
 2     0.784     0.620     0.037
 2    -0.031    -0.021     0.999
 3   129.707    -2.543     3.988
 3     0.413    -0.158    -0.897
 3     0.049     0.987    -0.151
 3     0.909     0.018     0.416
 4   111.040    14.153    -9.481
 4     0.651    -0.720     0.240
 4     0.757     0.599    -0.260
 4     0.043     0.351     0.935
 5   121.554    28.316    14.175
 5     0.733    -0.125     0.669
 5     0.455    -0.641    -0.618
 5     0.505     0.758    -0.413
 6   147.908    27.737    25.827
 6     0.818     0.068    -0.571
 6    -0.050     0.997     0.048
 6     0.573    -0.011     0.819
 7   111.650   -20.637    -7.371
 7     0.844     0.455     0.282
 7    -0.532     0.778     0.334
 7    -0.067    -0.432     0.899
 8   123.216   -28.620    18.405
 8     0.771    -0.221     0.596
 8    -0.352    -0.929     0.111
 8     0.530    -0.296    -0.795
 9   148.868   -33.818    28.578
 9     0.834     0.212    -0.509
 9    -0.139     0.974     0.179
 9     0.534    -0.079     0.842
 2    97.311   -18.754    59.750
 2     0.620    -0.785     0.003
 2     0.784     0.620     0.038
 2    -0.032    -0.021     0.999
 3   129.732    -2.489     3.811
 3     0.412    -0.162    -0.897
 3     0.053     0.987    -0.154
 3     0.909     0.015     0.415
 4   110.760    13.777    -9.834
 4     0.664    -0.696     0.273
 4     0.748     0.620    -0.238
 4    -0.004     0.362     0.932
 5   122.989    28.211    12.715
 5     0.782    -0.080     0.618
 5     0.446    -0.621    -0.645
 5     0.435     0.780    -0.450
 6   150.174    27.186    21.680
 6     0.865     0.099    -0.493
 6    -0.071     0.994     0.076
 6     0.497    -0.031     0.867
 7   111.537   -20.435    -7.672
 7     0.850     0.429     0.304
 7    -0.515     0.795     0.319
 7    -0.105    -0.429     0.897
 8   124.955   -28.504    17.229
 8     0.822    -0.226     0.522
 8    -0.344    -0.928     0.140
 8     0.453    -0.295    -0.841
 9   151.390   -32.711    24.546
 9     0.888     0.166    -0.428
 9    -0.112     0.982     0.149
 9     0.446    -0.085     0.891
 2    97.311   -18.704    59.750
 2     0.620    -0.785     0.003
 2     0.784     0.620     0.038
 2    -0.032    -0.021     0.999
 3   129.831    -2.488     3.633
 3     0.413    -0.163    -0.896
 3     0.055     0.986    -0.154
 3     0.909     0.014     0.416
 4   110.561    13.531   -10.066
 4     0.674    -0.673     0.304
 4     0.737     0.640    -0.216
 4    -0.049     0.370     0.927
 5   124.189    28.170    11.322
 5     0.817    -0.049     0.574
 5     0.436    -0.599    -0.672
 5     0.376     0.799    -0.469
 6   151.764    26.087    18.416
 6     0.895     0.138    -0.425
 6    -0.103     0.989     0.105
 6     0.435    -0.050     0.899
 7   111.352   -20.159    -7.976
 7     0.853     0.406     0.327
 7    -0.502     0.810     0.302
 7    -0.142    -0.422     0.895
 8   126.471   -28.358    15.995
 8     0.860    -0.236     0.452
 8    -0.337    -0.928     0.156
 8     0.382    -0.287    -0.878
 9   153.267   -32.186    20.681
 9     0.926     0.138    -0.352
 9    -0.097     0.986     0.133
 9     0.365    -0.089     0.926
 2    97.311   -18.754    59.750
 2     0.620    -0.785     0.003
 2     0.784     0.620     0.038
 2    -0.032    -0.021     0.999
 3   129.882    -2.486     3.354
 3     0.413    -0.164    -0.896
 3     0.057     0.986    -0.154
 3     0.909     0.012     0.417
 4   110.330    13.205   -10.390
 4     0.681    -0.650     0.337
 4     0.725     0.660    -0.194
 4    -0.097     0.376     0.921
 5   125.239    28.027     9.678
 5     0.847    -0.015     0.531
 5     0.428    -0.574    -0.698
 5     0.315     0.818    -0.480
 6   153.026    25.267    14.649
 6     0.920     0.172    -0.352
 6    -0.131     0.982     0.136
 6     0.369    -0.079     0.926
 7   111.218   -19.959    -8.306
 7     0.852     0.388     0.349
 7    -0.491     0.823     0.283
 7    -0.178    -0.413     0.893
 8   127.659   -28.211    14.825
 8     0.888    -0.240     0.391
 8    -0.329    -0.928     0.177
 8     0.320    -0.286    -0.903
 9   154.817   -31.398    17.186
 9     0.953     0.105    -0.283
 9    -0.075     0.990     0.115
 9     0.292    -0.088     0.952
 2    97.311   -18.704    59.750
 2     0.620    -0.785     0.003
 2     0.784     0.620     0.038
 2    -0.032    -0.021     0.999
 3   130.007    -2.536     3.151
 3     0.413    -0.164    -0.896
 3     0.058     0.986    -0.154
 3     0.909     0.011     0.417
 4   110.038    12.902   -10.729
 4     0.683    -0.627     0.373
 4     0.714     0.679    -0.167
 4    -0.149     0.381     0.912
 5   126.167    28.262     8.098
 5     0.869     0.035     0.494
 5     0.429    -0.550    -0.716
 5     0.246     0.834    -0.493
 6   154.024    24.544    10.615
 6     0.942     0.196    -0.272
 6    -0.156     0.974     0.160
 6     0.296    -0.108     0.949
 7   111.109   -19.634    -8.484
 7     0.850     0.372     0.372
 7    -0.481     0.837     0.262
 7    -0.214    -0.401     0.891
 8   128.746   -28.246    13.603
 8     0.910    -0.249     0.331
 8    -0.325    -0.924     0.199
 8     0.257    -0.289    -0.922
 9   155.751   -30.635    13.804
 9     0.974     0.073    -0.215
 9    -0.053     0.993     0.099
 9     0.221    -0.085     0.971
 2    97.336   -18.704    59.750
 2     0.620    -0.785     0.004
 2     0.784     0.619     0.038
 2    -0.032    -0.021     0.999
 3   130.081    -2.459     2.973
 3     0.412    -0.165    -0.896
 3     0.059     0.986    -0.154
 3     0.909     0.010     0.417
 4   109.873    12.585   -10.975
 4     0.683    -0.609     0.403
 4     0.705     0.693    -0.149
 4    -0.189     0.385     0.903
 5   126.916    28.320     6.138
 5     0.885     0.091     0.456
 5     0.432    -0.527    -0.732
 5     0.174     0.845    -0.505
 6   154.643    24.545     7.352
 6     0.957     0.203    -0.205
 6    -0.168     0.970     0.176
 6     0.234    -0.134     0.963
 7   110.965   -19.312    -8.722
 7     0.847     0.349     0.400
 7    -0.466     0.850     0.245
 7    -0.255    -0.394     0.883
 8   129.703   -28.386    12.165
 8     0.926    -0.263     0.269
 8    -0.325    -0.920     0.220
 8     0.189    -0.291    -0.938
 9   156.808   -30.085     9.713
 9     0.990     0.044    -0.135
 9    -0.033     0.996     0.082
 9     0.138    -0.077     0.987
 2    97.311   -18.704    59.750
 2     0.620    -0.785     0.003
 2     0.784     0.620     0.038
 2    -0.032    -0.021     0.999
 3   130.082    -2.407     2.923
 3     0.411    -0.165    -0.896
 3     0.061     0.986    -0.154
 3     0.909     0.008     0.416
 4   109.596    12.237   -11.256
 4     0.681    -0.589     0.435
 4     0.694     0.709    -0.126
 4    -0.234     0.387     0.891
 5   127.249    28.492     4.624
 5     0.892     0.135     0.430
 5     0.436    -0.503    -0.746
 5     0.115     0.854    -0.508
 6   154.985    24.442     3.662
 6     0.969     0.206    -0.134
 6    -0.179     0.965     0.193
 6     0.169    -0.163     0.972
 7   110.762   -19.214    -8.853
 7     0.842     0.333     0.424
 7    -0.455     0.860     0.229
 7    -0.289    -0.386     0.876
 8   130.661   -28.322    10.724
 8     0.940    -0.274     0.202
 8    -0.318    -0.917     0.239
 8     0.120    -0.289    -0.950
 9   157.365   -29.735     6.077
 9     0.997     0.024    -0.063
 9    -0.020     0.997     0.071
 9     0.064    -0.070     0.995
 2    97.311   -18.704    59.750
 2     0.620    -0.785     0.003
 2     0.784     0.620     0.038
 2    -0.032    -0.021     0.999
 3   130.082    -2.456     2.924
 3     0.411    -0.164    -0.896
 3     0.063     0.986    -0.152
 3     0.909     0.006     0.416
 4   109.172    11.839   -11.492
 4     0.677    -0.568     0.468
 4     0.682     0.723    -0.108
 4    -0.277     0.392     0.877
 5   127.428    28.495     3.188
 5     0.896     0.175     0.409
 5     0.440    -0.481    -0.758
 5     0.064     0.859    -0.508
 6   155.095    24.040     0.504
 6     0.975     0.210    -0.072
 6    -0.192     0.960     0.204
 6     0.112    -0.186     0.976
 7   110.356   -18.965    -9.004
 7     0.835     0.315     0.449
 7    -0.443     0.870     0.213
 7    -0.324    -0.378     0.867
 8   131.351   -28.283     9.223
 8     0.949    -0.283     0.137
 8    -0.310    -0.916     0.256
 8     0.053    -0.285    -0.957
 9   157.614   -29.107     2.165
 9     1.000     0.002     0.013
 9    -0.003     0.998     0.061
 9    -0.013    -0.061     0.998
 2    97.311   -18.704    59.750
 2     0.620    -0.785     0.003
 2     0.784     0.619     0.038
 2    -0.032    -0.021     0.999
 3   129.947    -2.536     2.812
 3     0.416    -0.161    -0.895
 3     0.064     0.987    -0.147
 3     0.907     0.004     0.421
 4   108.844    11.473   -11.753
 4     0.677    -0.545     0.495
 4     0.667     0.738    -0.100
 4    -0.311     0.397     0.863
 5   127.775    28.501     1.152
 5     0.896     0.235     0.377
 5     0.444    -0.453    -0.773
 5    -0.011     0.860    -0.510
 6   154.910    23.885    -3.363
 6     0.979     0.204    -0.000
 6    -0.199     0.954     0.224
 6     0.045    -0.220     0.974
 7   109.975   -18.821    -9.072
 7     0.825     0.300     0.478
 7    -0.435     0.878     0.198
 7    -0.360    -0.372     0.856
 8   131.849   -28.269     7.837
 8     0.953    -0.294     0.076
 8    -0.304    -0.913     0.271
 8    -0.010    -0.282    -0.959
 9   157.702   -28.332    -1.785
 9     0.995    -0.023     0.094
 9     0.017     0.998     0.054
 9    -0.095    -0.052     0.994
 2    97.311   -18.704    59.698
 2     0.620    -0.785     0.004
 2     0.784     0.620     0.037
 2    -0.032    -0.020     0.999
 3   129.863    -2.589     2.676
 3     0.420    -0.156    -0.894
 3     0.066     0.988    -0.141
 3     0.905     0.000     0.425
 4   108.541    11.133   -11.961
 4     0.672    -0.528     0.519
 4     0.655     0.750    -0.085
 4    -0.345     0.397     0.850
 5   127.850    28.368    -0.597
 5     0.891     0.288     0.350
 5     0.448    -0.436    -0.781
 5    -0.073     0.852    -0.518
 6   154.771    23.475    -7.150
 6     0.978     0.194     0.074
 6    -0.206     0.949     0.238
 6    -0.024    -0.248     0.968
 7   109.829   -18.721    -9.160
 7     0.818     0.285     0.499
 7    -0.423     0.886     0.187
 7    -0.390    -0.364     0.846
 8   132.372   -28.129     6.256
 8     0.951    -0.308     0.011
 8    -0.298    -0.912     0.282
 8    -0.076    -0.272    -0.959
 9   157.536   -27.806    -5.482
 9     0.985    -0.038     0.166
 9     0.030     0.998     0.048
 9    -0.167    -0.043     0.985
 2    97.311   -18.704    59.750
 2     0.620    -0.785     0.003
 2     0.784     0.619     0.038
 2    -0.032    -0.021     0.999
 3   129.808    -2.590     2.608
 3     0.422    -0.154    -0.893
 3     0.067     0.988    -0.138
 3     0.904    -0.002     0.427
 4   108.283    10.793   -12.191
 4     0.664    -0.512     0.545
 4     0.644     0.762    -0.069
 4    -0.380     0.397     0.836
 5   127.842    28.342    -1.564
 5     0.889     0.305     0.341
 5     0.447    -0.419    -0.790
 5    -0.099     0.855    -0.509
 6   154.354    23.319    -8.959
 6     0.975     0.193     0.109
 6    -0.215     0.947     0.239
 6    -0.057    -0.257     0.965
 7   109.575   -18.651    -9.233
 7     0.807     0.268     0.526
 7    -0.411     0.895     0.175
 7    -0.424    -0.357     0.832
 8   132.873   -28.066     4.735
 8     0.947    -0.318    -0.046
 8    -0.290    -0.908     0.300
 8    -0.137    -0.271    -0.953
 9   157.190   -27.461    -9.205
 9     0.970    -0.048     0.237
 9     0.040     0.998     0.038
 9    -0.239    -0.027     0.970
 2    97.311   -18.754    59.750
 2     0.620    -0.785     0.003
 2     0.784     0.620     0.037
 2    -0.032    -0.021     0.999
 3   129.804    -2.668     2.489
 3     0.425    -0.152    -0.892
 3     0.068     0.988    -0.136
 3     0.903    -0.004     0.430
 4   108.096    10.433   -12.340
 4     0.660    -0.496     0.564
 4     0.631     0.773    -0.059
 4    -0.407     0.395     0.823
 5   127.767    28.181    -2.716
 5     0.886     0.328     0.328
 5     0.445    -0.399    -0.802
 5    -0.132     0.856    -0.499
 6   154.041    22.695   -11.350
 6     0.968     0.197     0.155
 6    -0.230     0.944     0.234
 6    -0.100    -0.262     0.960
 7   109.121   -18.482    -9.409
 7     0.793     0.256     0.551
 7    -0.402     0.902     0.159
 7    -0.457    -0.347     0.819
 8   133.042   -28.024     3.112
 8     0.939    -0.330    -0.094
 8    -0.286    -0.905     0.316
 8    -0.189    -0.270    -0.944
 9   156.519   -27.091   -13.084
 9     0.950    -0.056     0.307
 9     0.050     0.998     0.028
 9    -0.309    -0.012     0.951
 2    97.311   -18.704    59.750
 2     0.620    -0.785     0.003
 2     0.784     0.620     0.038
 2    -0.032    -0.021     0.999
 3   129.694    -2.824     2.351
 3     0.427    -0.147    -0.892
 3     0.068     0.989    -0.130
 3     0.901    -0.005     0.432
 4   107.896    10.204   -12.451
 4     0.659    -0.480     0.579
 4     0.618     0.784    -0.053
 4    -0.429     0.393     0.813
 5   127.700    27.954    -4.183
 5     0.878     0.366     0.306
 5     0.442    -0.379    -0.813
 5    -0.182     0.850    -0.495
 6   153.658    22.303   -13.669
 6     0.960     0.196     0.198
 6    -0.240     0.942     0.234
 6    -0.141    -0.272     0.952
 7   108.803   -18.333    -9.447
 7     0.780     0.248     0.574
 7    -0.394     0.908     0.143
 7    -0.485    -0.338     0.806
 8   133.065   -28.059     1.739
 8     0.929    -0.342    -0.140
 8    -0.282    -0.900     0.331
 8    -0.239    -0.269    -0.933
 9   155.739   -26.808   -15.943
 9     0.930    -0.064     0.360
 9     0.059     0.998     0.023
 9    -0.361    -0.001     0.932
 2    97.311   -18.704    59.750
 2     0.620    -0.785     0.003
 2     0.784     0.620     0.037
 2    -0.032    -0.021     0.999
 3   129.611    -2.953     2.139
 3     0.432    -0.140    -0.891
 3     0.070     0.990    -0.122
 3     0.899    -0.010     0.438
 4   107.497     9.824   -12.560
 4     0.655    -0.468     0.593
 4     0.606     0.794    -0.043
 4    -0.451     0.387     0.804
 5   127.420    27.902    -5.696
 5     0.865     0.411     0.287
 5     0.443    -0.358    -0.822
 5    -0.235     0.838    -0.492
 6   152.836    21.947   -16.819
 6     0.948     0.181     0.261
 6    -0.246     0.938     0.244
 6    -0.201    -0.296     0.934
 7   108.426   -18.215    -9.465
 7     0.765     0.233     0.600
 7    -0.383     0.914     0.134
 7    -0.518    -0.333     0.788
 8   133.020   -27.913     0.357
 8     0.918    -0.350    -0.185
 8    -0.274    -0.899     0.342
 8    -0.286    -0.263    -0.921
 9   154.730   -26.374   -18.871
 9     0.907    -0.076     0.413
 9     0.071     0.997     0.028
 9    -0.414     0.004     0.910
 2    97.311   -18.754    59.750
 2     0.620    -0.784     0.003
 2     0.784     0.620     0.037
 2    -0.032    -0.021     0.999
 3   129.495    -2.957     1.906
 3     0.438    -0.138    -0.888
 3     0.072     0.990    -0.118
 3     0.896    -0.012     0.443
 4   107.084     9.518   -12.689
 4     0.644    -0.460     0.611
 4     0.599     0.800    -0.029
 4    -0.476     0.385     0.791
 5   127.103    27.757    -7.050
 5     0.849     0.453     0.272
 5     0.447    -0.339    -0.828
 5    -0.282     0.824    -0.491
 6   151.708    21.905   -19.824
 6     0.937     0.161     0.311
 6    -0.246     0.935     0.255
 6    -0.250    -0.316     0.915
 7   108.136   -18.218    -9.475
 7     0.750     0.221     0.623
 7    -0.375     0.918     0.125
 7    -0.545    -0.328     0.772
 8   133.015   -27.838    -0.772
 8     0.908    -0.356    -0.222
 8    -0.266    -0.897     0.351
 8    -0.324    -0.260    -0.910
 9   153.757   -25.934   -21.386
 9     0.884    -0.090     0.459
 9     0.085     0.996     0.030
 9    -0.460     0.012     0.888
 2    97.311   -18.754    59.750
 2     0.620    -0.785     0.003
 2     0.784     0.620     0.038
 2    -0.032    -0.021     0.999
 3   129.535    -2.961     1.692
 3     0.443    -0.135    -0.886
 3     0.072     0.990    -0.115
 3     0.894    -0.013     0.448
 4   106.814     9.322   -12.817
 4     0.636    -0.453     0.625
 4     0.594     0.804    -0.022
 4    -0.493     0.385     0.780
 5   126.626    27.823    -8.222
 5     0.831     0.489     0.263
 5     0.454    -0.324    -0.830
 5    -0.321     0.810    -0.491
 6   150.978    21.950   -22.047
 6     0.926     0.141     0.349
 6    -0.243     0.932     0.268
 6    -0.288    -0.333     0.898
 7   107.953   -18.143    -9.519
 7     0.736     0.211     0.643
 7    -0.367     0.922     0.118
 7    -0.569    -0.323     0.756
 8   132.996   -27.836    -1.841
 8     0.897    -0.363    -0.251
 8    -0.261    -0.895     0.361
 8    -0.356    -0.259    -0.898
 9   152.927   -25.384   -23.471
 9     0.862    -0.104     0.496
 9     0.101     0.994     0.032
 9    -0.497     0.023     0.868
 2    97.311   -18.704    59.750
 2     0.620    -0.785     0.003
 2     0.784     0.619     0.038
 2    -0.032    -0.021     0.999
 3   129.569    -2.965     1.484
 3     0.447    -0.134    -0.885
 3     0.073     0.991    -0.113
 3     0.891    -0.014     0.452
 4   106.705     9.181   -12.931
 4     0.629    -0.448     0.635
 4     0.590     0.807    -0.015
 4    -0.506     0.384     0.772
 5   126.174    27.966    -9.322
 5     0.811     0.525     0.257
 5     0.462    -0.306    -0.832
 5    -0.359     0.794    -0.491
 6   149.867    22.322   -24.165
 6     0.915     0.116     0.386
 6    -0.237     0.930     0.281
 6    -0.327    -0.349     0.878
 7   107.800   -18.090    -9.624
 7     0.723     0.202     0.660
 7    -0.360     0.926     0.110
 7    -0.590    -0.317     0.743
 8   132.919   -27.865    -2.922
 8     0.883    -0.376    -0.282
 8    -0.259    -0.890     0.375
 8    -0.392    -0.259    -0.883
 9   151.970   -25.115   -25.837
 9     0.838    -0.112     0.534
 9     0.113     0.993     0.029
 9    -0.533     0.036     0.845
 2    97.311   -18.704    59.750
 2     0.620    -0.785     0.003
 2     0.784     0.620     0.038
 2    -0.032    -0.021     0.999
 3   129.609    -2.967     1.244
 3     0.451    -0.132    -0.882
 3     0.075     0.991    -0.110
 3     0.889    -0.017     0.457
 4   106.570     8.938   -12.964
 4     0.622    -0.444     0.645
 4     0.585     0.810    -0.008
 4    -0.520     0.382     0.764
 5   125.822    27.879   -10.293
 5     0.791     0.560     0.244
 5     0.465    -0.292    -0.836
 5    -0.397     0.775    -0.492
 6   148.904    22.234   -26.400
 6     0.899     0.097     0.427
 6    -0.238     0.927     0.290
 6    -0.368    -0.363     0.856
 7   107.613   -17.965    -9.718
 7     0.707     0.191     0.680
 7    -0.349     0.931     0.101
 7    -0.614    -0.309     0.726
 8   132.707   -27.923    -4.216
 8     0.865    -0.389    -0.317
 8    -0.255    -0.885     0.389
 8    -0.432    -0.256    -0.865
 9   150.849   -24.751   -28.264
 9     0.810    -0.116     0.574
 9     0.123     0.992     0.027
 9    -0.573     0.049     0.818
 2    97.311   -18.704    59.750
 2     0.620    -0.785     0.003
 2     0.784     0.619     0.038
 2    -0.032    -0.021     0.999
 3   129.624    -3.020     1.029
 3     0.455    -0.131    -0.881
 3     0.078     0.991    -0.108
 3     0.887    -0.020     0.461
 4   106.407     8.742   -13.095
 4     0.617    -0.435     0.656
 4     0.577     0.817    -0.002
 4    -0.535     0.380     0.755
 5   125.514    27.848   -11.329
 5     0.774     0.587     0.236
 5     0.466    -0.276    -0.840
 5    -0.428     0.761    -0.488
 6   148.009    22.126   -28.205
 6     0.884     0.084     0.458
 6    -0.241     0.925     0.294
 6    -0.400    -0.371     0.838
 7   107.268   -17.820    -9.848
 7     0.689     0.180     0.702
 7    -0.339     0.936     0.092
 7    -0.641    -0.301     0.706
 8   132.469   -27.830    -5.563
 8     0.846    -0.402    -0.350
 8    -0.250    -0.879     0.406
 8    -0.471    -0.256    -0.844
 9   149.347   -24.441   -30.912
 9     0.778    -0.123     0.616
 9     0.132     0.991     0.029
 9    -0.614     0.059     0.787
 2    97.311   -18.704    59.750
 2     0.620    -0.785     0.003
 2     0.784     0.620     0.038
 2    -0.032    -0.021     0.999
 3   129.615    -3.099     0.865
 3     0.458    -0.129    -0.879
 3     0.078     0.991    -0.104
 3     0.885    -0.021     0.464
 4   106.303     8.496   -13.204
 4     0.616    -0.422     0.665
 4     0.566     0.824    -0.001
 4    -0.548     0.376     0.747
 5   125.209    27.538   -12.189
 5     0.759     0.612     0.224
 5     0.464    -0.265    -0.845
 5    -0.458     0.745    -0.485
 6   147.137    21.635   -30.207
 6     0.867     0.075     0.493
 6    -0.248     0.923     0.294
 6    -0.433    -0.377     0.819
 7   106.965   -17.717    -9.881
 7     0.675     0.175     0.717
 7    -0.330     0.940     0.081
 7    -0.660    -0.291     0.692
 8   132.077   -27.917    -6.881
 8     0.824    -0.418    -0.382
 8    -0.245    -0.871     0.425
 8    -0.510    -0.257    -0.821
 9   147.627   -24.034   -33.629
 9     0.740    -0.125     0.660
 9     0.143     0.989     0.026
 9    -0.657     0.075     0.750
 2    97.311   -18.704    59.750
 2     0.620    -0.785     0.003
 2     0.784     0.620     0.038
 2    -0.032    -0.021     0.999
 3   129.606    -3.205     0.777
 3     0.462    -0.124    -0.878
 3     0.077     0.992    -0.099
 3     0.883    -0.022     0.467
 4   106.130     8.355   -13.170
 4     0.616    -0.411     0.671
 4     0.556     0.831    -0.001
 4    -0.558     0.374     0.741
 5   124.757    27.475   -13.163
 5     0.735     0.644     0.209
 5     0.463    -0.252    -0.849
 5    -0.494     0.722    -0.484
 6   145.762    21.408   -32.197
 6     0.841     0.065     0.536
 6    -0.255     0.923     0.287
 6    -0.477    -0.378     0.793
 7   106.679   -17.514    -9.983
 7     0.659     0.166     0.733
 7    -0.318     0.945     0.071
 7    -0.681    -0.280     0.676
 8   131.748   -27.668    -7.963
 8     0.805    -0.429    -0.410
