% Calibrated with leiden_pols
% Positions are in centimeters
Data =[
 2    97.311   -18.704    59.750
 2     0.620    -0.784     0.003
 2     0.783     0.620     0.038
 2    -0.032    -0.021     0.999
 3   129.877    -2.491     2.284
 3     0.477    -0.200    -0.856
 3     0.109     0.979    -0.168
 3     0.872    -0.013     0.489
 4   111.365    15.528    -9.318
 4     0.597    -0.757     0.267
 4     0.798     0.524    -0.297
 4     0.084     0.390     0.917
 5   115.620    24.237    18.447
 5     0.512    -0.354     0.782
 5     0.243    -0.814    -0.528
 5     0.823     0.461    -0.331
 6   140.169    13.183    30.235
 6     0.815     0.281    -0.507
 6    -0.426     0.883    -0.196
 6     0.392     0.375     0.839
 7   111.574   -21.757    -7.002
 7     0.796     0.510     0.325
 7    -0.597     0.748     0.288
 7    -0.097    -0.424     0.901
 8   116.221   -24.633    21.030
 8     0.504    -0.240     0.829
 8    -0.197    -0.967    -0.160
 8     0.841    -0.083    -0.535
 9   141.641   -21.624    32.089
 9     0.910    -0.006    -0.413
 9     0.262     0.782     0.565
 9     0.320    -0.623     0.713
 2    97.311   -18.704    59.750
 2     0.620    -0.784     0.003
 2     0.784     0.620     0.038
 2    -0.032    -0.021     0.999
 3   129.976    -2.492     2.131
 3     0.478    -0.199    -0.855
 3     0.107     0.980    -0.169
 3     0.872    -0.011     0.490
 4   111.357    15.577    -9.259
 4     0.594    -0.757     0.270
 4     0.800     0.523    -0.295
 4     0.081     0.391     0.916
 5   115.675    24.315    18.442
 5     0.512    -0.355     0.782
 5     0.243    -0.813    -0.528
 5     0.824     0.461    -0.330
 6   140.121    13.183    30.283
 6     0.813     0.282    -0.509
 6    -0.428     0.882    -0.196
 6     0.393     0.377     0.838
 7   111.599   -21.757    -7.002
 7     0.797     0.509     0.325
 7    -0.597     0.749     0.288
 7    -0.097    -0.423     0.901
 8   116.195   -24.660    21.030
 8     0.503    -0.240     0.830
 8    -0.198    -0.967    -0.160
 8     0.841    -0.084    -0.534
 9   141.593   -21.623    32.086
 9     0.910    -0.005    -0.415
 9     0.262     0.782     0.565
 9     0.321    -0.624     0.713
 2    97.311   -18.754    59.750
 2     0.620    -0.784     0.004
 2     0.783     0.620     0.037
 2    -0.032    -0.021     0.999
 3   130.026    -2.493     2.105
 3     0.478    -0.199    -0.855
 3     0.105     0.980    -0.170
 3     0.872    -0.009     0.489
 4   111.358    15.629    -9.263
 4     0.593    -0.758     0.271
 4     0.801     0.521    -0.295
 4     0.082     0.392     0.916
 5   115.624    24.316    18.492
 5     0.511    -0.354     0.783
 5     0.243    -0.814    -0.527
 5     0.824     0.460    -0.331
 6   140.118    13.232    30.286
 6     0.814     0.282    -0.508
 6    -0.429     0.881    -0.198
 6     0.392     0.378     0.838
 7   111.601   -21.756    -7.031
 7     0.797     0.509     0.324
 7    -0.596     0.749     0.288
 7    -0.096    -0.424     0.901
 8   116.206   -24.658    21.038
 8     0.499    -0.239     0.833
 8    -0.197    -0.967    -0.159
 8     0.844    -0.085    -0.530
 9   141.646   -21.622    32.084
 9     0.909    -0.004    -0.416
 9     0.262     0.781     0.566
 9     0.322    -0.624     0.711
 2    97.311   -18.704    59.750
 2     0.620    -0.784     0.003
 2     0.783     0.620     0.038
 2    -0.032    -0.021     0.999
 3   129.986    -2.440     2.093
 3     0.475    -0.200    -0.857
 3     0.104     0.979    -0.171
 3     0.874    -0.009     0.486
 4   111.314    15.632    -9.170
 4     0.591    -0.760     0.271
 4     0.802     0.518    -0.297
 4     0.085     0.392     0.916
 5   115.598    24.316    18.668
 5     0.511    -0.352     0.784
 5     0.243    -0.816    -0.525
 5     0.824     0.458    -0.332
 6   140.106    13.178    30.348
 6     0.815     0.281    -0.506
 6    -0.430     0.880    -0.203
 6     0.388     0.383     0.838
 7   111.608   -21.754    -6.963
 7     0.797     0.510     0.323
 7    -0.597     0.747     0.291
 7    -0.093    -0.425     0.900
 8   116.212   -24.632    21.032
 8     0.497    -0.239     0.834
 8    -0.197    -0.967    -0.160
 8     0.845    -0.084    -0.528
 9   141.592   -21.674    32.090
 9     0.910    -0.004    -0.414
 9     0.261     0.779     0.569
 9     0.320    -0.626     0.711
 2    97.311   -18.754    59.750
 2     0.620    -0.784     0.003
 2     0.783     0.620     0.037
 2    -0.032    -0.021     0.999
 3   129.897    -2.487     2.157
 3     0.470    -0.200    -0.860
 3     0.104     0.980    -0.170
 3     0.876    -0.010     0.481
 4   111.278    15.637    -9.060
 4     0.590    -0.762     0.268
 4     0.802     0.515    -0.302
 4     0.091     0.393     0.915
 5   115.443    24.188    18.901
 5     0.513    -0.348     0.785
 5     0.244    -0.817    -0.522
 5     0.823     0.459    -0.334
 6   140.042    13.275    30.311
 6     0.817     0.279    -0.504
 6    -0.429     0.878    -0.210
 6     0.383     0.387     0.838
 7   111.621   -21.699    -6.798
 7     0.796     0.512     0.321
 7    -0.598     0.745     0.295
 7    -0.088    -0.427     0.900
 8   116.207   -24.583    21.191
 8     0.498    -0.241     0.833
 8    -0.198    -0.967    -0.161
 8     0.844    -0.085    -0.529
 9   141.590   -21.675    32.149
 9     0.911    -0.004    -0.413
 9     0.262     0.776     0.573
 9     0.318    -0.631     0.708
 2    97.311   -18.704    59.750
 2     0.620    -0.784     0.003
 2     0.783     0.620     0.038
 2    -0.032    -0.021     0.999
 3   129.847    -2.504     2.354
 3     0.462    -0.200    -0.864
 3     0.105     0.980    -0.170
 3     0.881    -0.012     0.473
 4   111.253    15.539    -8.856
 4     0.601    -0.755     0.262
 4     0.793     0.522    -0.314
 4     0.100     0.396     0.912
 5   115.274    24.483    18.897
 5     0.520    -0.333     0.786
 5     0.258    -0.816    -0.517
 5     0.814     0.472    -0.338
 6   139.745    14.660    28.469
 6     0.821     0.245    -0.516
 6    -0.480     0.786    -0.391
 6     0.309     0.568     0.762
 7   111.539   -21.701    -6.692
 7     0.797     0.512     0.319
 7    -0.597     0.748     0.290
 7    -0.090    -0.422     0.902
 8   116.443   -25.470    21.092
 8     0.498    -0.315     0.807
 8    -0.264    -0.943    -0.204
 8     0.826    -0.112    -0.553
 9   142.339   -23.590    29.977
 9     0.919     0.042    -0.392
 9     0.315     0.520     0.794
 9     0.237    -0.853     0.464
 2    97.312   -18.755    59.750
 2     0.621    -0.784     0.003
 2     0.783     0.620     0.038
 2    -0.032    -0.021     0.999
 3   129.876    -2.543     2.554
 3     0.450    -0.200    -0.870
 3     0.109     0.979    -0.169
 3     0.886    -0.020     0.462
 4   111.295    15.327    -8.887
 4     0.612    -0.747     0.259
 4     0.785     0.535    -0.311
 4     0.094     0.393     0.914
 5   114.418    27.258    17.464
 5     0.533    -0.328     0.780
 5     0.331    -0.768    -0.549
 5     0.779     0.550    -0.301
 6   138.372    15.109    22.471
 6     0.779     0.296    -0.553
 6    -0.627     0.371    -0.685
 6     0.002     0.880     0.474
 7   111.507   -21.533    -6.620
 7     0.801     0.498     0.333
 7    -0.589     0.754     0.291
 7    -0.106    -0.429     0.897
 8   117.782   -27.066    21.026
 8     0.576    -0.334     0.745
 8    -0.327    -0.930    -0.164
 8     0.749    -0.149    -0.646
 9   143.377   -22.184    24.478
 9     0.875    -0.061    -0.480
 9     0.484     0.073     0.872
 9    -0.019    -0.995     0.093
 2    97.311   -18.704    59.750
 2     0.620    -0.784     0.003
 2     0.783     0.620     0.038
 2    -0.032    -0.021     0.999
 3   129.774    -2.485     2.682
 3     0.447    -0.209    -0.870
 3     0.121     0.977    -0.172
 3     0.886    -0.028     0.462
 4   110.581    14.875    -9.299
 4     0.637    -0.719     0.279
 4     0.769     0.568    -0.292
 4     0.051     0.401     0.915
 5   116.858    29.672    14.735
 5     0.611    -0.441     0.657
 5     0.312    -0.629    -0.712
 5     0.727     0.640    -0.246
 6   137.227    11.004    19.031
 6     0.594     0.205    -0.778
 6    -0.785    -0.062    -0.616
 6    -0.175     0.977     0.124
 7   111.255   -21.376    -6.601
 7     0.814     0.426     0.394
 7    -0.552     0.780     0.296
 7    -0.181    -0.459     0.870
 8   120.993   -29.661    19.062
 8     0.729    -0.160     0.665
 8    -0.291    -0.952     0.090
 8     0.619    -0.260    -0.741
 9   143.654   -16.575    18.693
 9     0.656    -0.107    -0.747
 9     0.736    -0.126     0.665
 9    -0.165    -0.986    -0.004
 2    97.311   -18.704    59.750
 2     0.620    -0.784     0.003
 2     0.783     0.620     0.038
 2    -0.032    -0.021     0.999
 3   129.645    -2.349     2.630
 3     0.442    -0.231    -0.867
 3     0.136     0.972    -0.190
 3     0.886    -0.034     0.461
 4   110.648    14.555    -9.497
 4     0.686    -0.675     0.271
 4     0.727     0.623    -0.289
 4     0.026     0.396     0.918
 5   120.404    29.863    13.261
 5     0.690    -0.526     0.496
 5     0.239    -0.482    -0.843
 5     0.683     0.700    -0.207
 6   136.814     6.051    17.277
 6     0.381     0.207    -0.901
 6    -0.904    -0.121    -0.411
 6    -0.195     0.970     0.141
 7   111.389   -20.998    -6.942
 7     0.836     0.344     0.427
 7    -0.492     0.815     0.307
 7    -0.243    -0.467     0.850
 8   124.621   -29.908    17.064
 8     0.823     0.002     0.567
 8    -0.200    -0.935     0.294
 8     0.531    -0.355    -0.769
 9   144.018   -11.648    15.647
 9     0.465    -0.135    -0.875
 9     0.868    -0.122     0.481
 9    -0.171    -0.983     0.060
 2    97.311   -18.704    59.750
 2     0.620    -0.784     0.003
 2     0.783     0.620     0.038
 2    -0.032    -0.021     0.999
 3   129.793    -2.154     2.815
 3     0.428    -0.258    -0.866
 3     0.143     0.966    -0.217
 3     0.892    -0.031     0.450
 4   110.976    14.473    -9.525
 4     0.711    -0.657     0.249
 4     0.702     0.649    -0.293
 4     0.031     0.383     0.923
 5   122.032    29.216    12.965
 5     0.712    -0.564     0.418
 5     0.190    -0.418    -0.888
 5     0.676     0.712    -0.190
 6   136.576     3.536    17.475
 6     0.284     0.242    -0.928
 6    -0.943    -0.105    -0.316
 6    -0.174     0.964     0.198
 7   111.981   -20.770    -7.154
 7     0.854     0.298     0.426
 7    -0.449     0.836     0.314
 7    -0.263    -0.460     0.848
 8   125.997   -29.712    16.090
 8     0.838     0.093     0.537
 8    -0.152    -0.907     0.393
 8     0.523    -0.411    -0.746
 9   143.355    -9.136    16.046
 9     0.362    -0.138    -0.922
 9     0.924    -0.074     0.374
 9    -0.120    -0.988     0.101
 2    97.311   -18.704    59.750
 2     0.620    -0.784     0.003
 2     0.783     0.620     0.038
 2    -0.032    -0.021     0.999
 3   129.875    -1.787     2.813
 3     0.415    -0.276    -0.867
 3     0.141     0.961    -0.238
 3     0.899    -0.023     0.438
 4   111.092    14.529    -9.514
 4     0.712    -0.659     0.240
 4     0.700     0.650    -0.294
 4     0.037     0.378     0.925
 5   122.036    29.234    12.798
 5     0.696    -0.586     0.414
 5     0.199    -0.397    -0.896
 5     0.690     0.706    -0.160
 6   136.463     3.586    17.384
 6     0.280     0.263    -0.923
 6    -0.944    -0.098    -0.314
 6    -0.173     0.960     0.221
 7   112.261   -20.629    -6.958
 7     0.867     0.283     0.410
 7    -0.427     0.845     0.320
 7    -0.256    -0.453     0.854
 8   125.924   -29.605    16.352
 8     0.831     0.099     0.547
 8    -0.154    -0.905     0.396
 8     0.535    -0.414    -0.737
 9   143.571    -8.877    16.647
 9     0.367    -0.151    -0.918
 9     0.924    -0.056     0.378
 9    -0.109    -0.987     0.119
 2    97.311   -18.754    59.750
 2     0.620    -0.784     0.003
 2     0.784     0.620     0.038
 2    -0.032    -0.021     0.999
 3   129.903    -1.553     2.955
 3     0.406    -0.275    -0.872
 3     0.134     0.961    -0.241
 3     0.904    -0.020     0.427
 4   110.937    14.658    -9.410
 4     0.704    -0.667     0.243
 4     0.709     0.643    -0.289
 4     0.036     0.375     0.926
 5   121.635    29.733    12.424
 5     0.681    -0.584     0.441
 5     0.240    -0.391    -0.888
 5     0.691     0.711    -0.127
 6   137.503     5.464    17.071
 6     0.348     0.306    -0.886
 6    -0.924    -0.047    -0.379
 6    -0.157     0.951     0.266
 7   112.315   -20.573    -6.792
 7     0.870     0.280     0.404
 7    -0.422     0.847     0.321
 7    -0.253    -0.450     0.856
 8   125.715   -29.557    16.840
 8     0.817     0.053     0.573
 8    -0.191    -0.914     0.357
 8     0.543    -0.401    -0.737
 9   144.727   -10.317    16.682
 9     0.434    -0.165    -0.885
 9     0.893    -0.052     0.447
 9    -0.120    -0.985     0.125
 2    97.311   -18.704    59.750
 2     0.620    -0.784     0.003
 2     0.783     0.620     0.038
 2    -0.032    -0.021     0.999
 3   129.860    -1.504     2.947
 3     0.404    -0.270    -0.874
 3     0.129     0.963    -0.238
 3     0.905    -0.017     0.424
 4   110.899    14.606    -9.350
 4     0.697    -0.672     0.249
 4     0.716     0.637    -0.285
 4     0.032     0.377     0.925
 5   120.839    30.025    12.589
 5     0.673    -0.545     0.500
 5     0.283    -0.435    -0.855
 5     0.683     0.717    -0.138
 6   138.629     7.536    16.195
 6     0.433     0.353    -0.829
 6    -0.881    -0.027    -0.472
 6    -0.189     0.935     0.299
 7   112.319   -20.623    -6.773
 7     0.870     0.281     0.403
 7    -0.423     0.847     0.321
 7    -0.251    -0.450     0.857
 8   125.254   -29.486    17.276
 8     0.804    -0.017     0.594
 8    -0.236    -0.927     0.293
 8     0.545    -0.376    -0.750
 9   146.010   -12.301    16.512
 9     0.528    -0.179    -0.830
 9     0.838    -0.049     0.543
 9    -0.138    -0.983     0.124
 2    97.311   -18.704    59.750
 2     0.620    -0.784     0.003
 2     0.784     0.620     0.038
 2    -0.032    -0.021     0.999
 3   129.917    -1.556     3.016
 3     0.405    -0.262    -0.876
 3     0.124     0.965    -0.231
 3     0.906    -0.015     0.423
 4   110.794    14.559    -9.278
 4     0.689    -0.678     0.256
 4     0.724     0.628    -0.285
 4     0.032     0.382     0.923
 5   119.969    29.864    13.157
 5     0.666    -0.489     0.563
 5     0.313    -0.502    -0.806
 5     0.677     0.713    -0.181
 6   139.450     9.445    15.687
 6     0.512     0.382    -0.769
 6    -0.828    -0.020    -0.561
 6    -0.229     0.924     0.306
 7   112.239   -20.673    -6.606
 7     0.865     0.296     0.405
 7    -0.438     0.839     0.321
 7    -0.245    -0.455     0.856
 8   124.693   -29.565    17.639
 8     0.790    -0.091     0.606
 8    -0.278    -0.934     0.222
 8     0.546    -0.345    -0.763
 9   146.886   -14.851    16.252
 9     0.621    -0.183    -0.762
 9     0.766    -0.064     0.640
 9    -0.166    -0.981     0.100
 2    97.311   -18.754    59.750
 2     0.620    -0.784     0.003
 2     0.783     0.620     0.038
 2    -0.032    -0.021     0.999
 3   129.915    -1.690     2.948
 3     0.408    -0.249    -0.878
 3     0.117     0.968    -0.221
 3     0.905    -0.013     0.424
 4   110.710    14.535    -9.274
 4     0.682    -0.683     0.261
 4     0.731     0.621    -0.282
 4     0.030     0.384     0.923
 5   119.270    29.727    13.569
 5     0.657    -0.447     0.607
 5     0.336    -0.548    -0.766
 5     0.675     0.707    -0.210
 6   140.002    11.100    15.039
 6     0.579     0.403    -0.708
 6    -0.771    -0.012    -0.637
 6    -0.265     0.915     0.303
 7   112.198   -20.750    -6.510
 7     0.862     0.304     0.406
 7    -0.445     0.836     0.320
 7    -0.242    -0.456     0.856
 8   124.505   -29.386    17.963
 8     0.777    -0.143     0.613
 8    -0.307    -0.936     0.170
 8     0.550    -0.320    -0.771
 9   147.681   -16.709    16.073
 9     0.686    -0.196    -0.700
 9     0.702    -0.070     0.708
 9    -0.188    -0.978     0.089
 2    97.312   -18.755    59.750
 2     0.621    -0.784     0.003
 2     0.783     0.620     0.038
 2    -0.032    -0.021     0.999
 3   129.923    -1.744     2.942
 3     0.408    -0.238    -0.881
 3     0.110     0.971    -0.212
 3     0.906    -0.011     0.422
 4   110.604    14.564    -9.177
 4     0.673    -0.689     0.270
 4     0.739     0.611    -0.283
 4     0.030     0.390     0.920
 5   118.644    29.615    13.787
 5     0.646    -0.406     0.647
 5     0.362    -0.584    -0.727
 5     0.672     0.703    -0.230
 6   140.562    13.047    14.703
 6     0.639     0.414    -0.648
 6    -0.714     0.008    -0.699
 6    -0.285     0.910     0.301
 7   112.183   -20.748    -6.469
 7     0.860     0.311     0.404
 7    -0.451     0.833     0.319
 7    -0.238    -0.457     0.857
 8   124.115   -29.386    18.166
 8     0.763    -0.200     0.614
 8    -0.335    -0.935     0.112
 8     0.552    -0.291    -0.781
 9   148.010   -18.520    15.894
 9     0.736    -0.209    -0.644
 9     0.641    -0.091     0.762
 9    -0.218    -0.974     0.067
 2    97.311   -18.754    59.750
 2     0.620    -0.784     0.003
 2     0.783     0.620     0.038
 2    -0.032    -0.021     0.999
 3   129.976    -1.797     2.892
 3     0.408    -0.230    -0.883
 3     0.106     0.973    -0.205
 3     0.906    -0.011     0.422
 4   110.416    14.670    -9.105
 4     0.658    -0.698     0.284
 4     0.752     0.594    -0.284
 4     0.029     0.400     0.916
 5   117.686    29.159    14.410
 5     0.629    -0.329     0.704
 5     0.394    -0.646    -0.654
 5     0.670     0.689    -0.277
 6   140.854    15.887    14.324
 6     0.718     0.423    -0.552
 6    -0.620     0.028    -0.784
 6    -0.316     0.906     0.282
 7   112.054   -20.746    -6.463
 7     0.857     0.323     0.402
 7    -0.462     0.828     0.318
 7    -0.230    -0.458     0.858
 8   123.597   -29.261    18.493
 8     0.748    -0.250     0.615
 8    -0.363    -0.929     0.064
 8     0.555    -0.271    -0.786
 9   147.927   -20.331    15.326
 9     0.773    -0.236    -0.590
 9     0.585    -0.097     0.805
 9    -0.247    -0.967     0.063
 2    97.312   -18.755    59.750
 2     0.621    -0.784     0.003
 2     0.783     0.620     0.038
 2    -0.032    -0.021     0.999
 3   129.978    -1.851     2.842
 3     0.410    -0.221    -0.885
 3     0.101     0.975    -0.197
 3     0.906    -0.009     0.422
 4   110.172    14.672    -9.050
 4     0.642    -0.707     0.298
 4     0.766     0.578    -0.280
 4     0.025     0.408     0.912
 5   116.921    29.120    14.697
 5     0.617    -0.248     0.747
 5     0.431    -0.687    -0.585
 5     0.658     0.683    -0.317
 6   141.028    18.627    13.930
 6     0.776     0.431    -0.460
 6    -0.534     0.060    -0.844
 6    -0.336     0.900     0.277
 7   111.994   -20.693    -6.427
 7     0.853     0.333     0.400
 7    -0.470     0.824     0.317
 7    -0.224    -0.458     0.860
 8   123.097   -29.342    18.494
 8     0.732    -0.295     0.613
 8    -0.391    -0.920     0.025
 8     0.557    -0.258    -0.789
 9   147.778   -22.240    14.822
 9     0.803    -0.259    -0.537
 9     0.530    -0.100     0.842
 9    -0.271    -0.961     0.057
 2    97.311   -18.704    59.750
 2     0.620    -0.784     0.003
 2     0.783     0.620     0.038
 2    -0.032    -0.021     0.999
 3   129.929    -1.880     2.842
 3     0.411    -0.214    -0.886
 3     0.097     0.977    -0.191
 3     0.906    -0.008     0.422
 4   109.953    14.620    -9.088
 4     0.632    -0.711     0.307
 4     0.774     0.570    -0.274
 4     0.019     0.411     0.911
 5   116.469    29.200    14.719
 5     0.610    -0.198     0.767
 5     0.458    -0.702    -0.545
 5     0.647     0.684    -0.338
 6   140.997    20.425    13.619
 6     0.808     0.434    -0.398
 6    -0.479     0.092    -0.873
 6    -0.342     0.896     0.282
 7   112.003   -20.666    -6.489
 7     0.852     0.338     0.398
 7    -0.474     0.821     0.317
 7    -0.220    -0.459     0.861
 8   122.708   -29.267    18.674
 8     0.714    -0.330     0.616
 8    -0.413    -0.911    -0.009
 8     0.565    -0.248    -0.787
 9   147.469   -23.659    14.659
 9     0.828    -0.271    -0.491
 9     0.480    -0.108     0.870
 9    -0.289    -0.956     0.040
 2    97.311   -18.704    59.750
 2     0.620    -0.784     0.003
 2     0.783     0.620     0.038
 2    -0.032    -0.021     0.999
 3   129.930    -1.881     2.817
 3     0.412    -0.209    -0.887
 3     0.095     0.978    -0.187
 3     0.906    -0.007     0.423
 4   109.843    14.723    -9.135
 4     0.622    -0.718     0.313
 4     0.783     0.561    -0.269
 4     0.017     0.412     0.911
 5   115.824    29.265    14.889
 5     0.592    -0.158     0.790
 5     0.483    -0.716    -0.504
 5     0.645     0.680    -0.348
 6   140.797    22.152    13.766
 6     0.838     0.422    -0.344
 6    -0.424     0.110    -0.899
 6    -0.342     0.899     0.272
 7   111.902   -20.611    -6.515
 7     0.849     0.352     0.394
 7    -0.485     0.816     0.315
 7    -0.210    -0.459     0.863
 8   122.224   -29.164    18.981
 8     0.694    -0.374     0.615
 8    -0.436    -0.898    -0.055
 8     0.573    -0.230    -0.786
 9   147.290   -25.461    14.503
 9     0.854    -0.284    -0.435
 9     0.418    -0.121     0.900
 9    -0.308    -0.951     0.016
 2    97.311   -18.704    59.750
 2     0.620    -0.784     0.003
 2     0.784     0.620     0.038
 2    -0.032    -0.021     0.999
 3   129.982    -1.885     2.766
 3     0.414    -0.202    -0.887
 3     0.090     0.979    -0.181
 3     0.906    -0.005     0.424
 4   109.761    14.727    -9.083
 4     0.610    -0.726     0.317
 4     0.792     0.551    -0.263
 4     0.016     0.411     0.911
 5   115.205    29.278    15.013
 5     0.573    -0.122     0.810
 5     0.508    -0.723    -0.468
 5     0.643     0.680    -0.353
 6   140.475    23.825    13.861
 6     0.863     0.411    -0.295
 6    -0.373     0.124    -0.919
 6    -0.341     0.903     0.260
 7   111.871   -20.657    -6.536
 7     0.847     0.361     0.390
 7    -0.492     0.811     0.316
 7    -0.202    -0.460     0.865
 8   121.861   -28.987    19.194
 8     0.675    -0.417     0.609
 8    -0.457    -0.884    -0.098
 8     0.579    -0.213    -0.787
 9   146.823   -27.269    14.511
 9     0.874    -0.307    -0.376
 9     0.354    -0.124     0.927
 9    -0.331    -0.944     0.000
 2    97.311   -18.704    59.750
 2     0.620    -0.784     0.003
 2     0.783     0.620     0.038
 2    -0.032    -0.021     0.999
 3   129.978    -1.890     2.672
 3     0.416    -0.197    -0.888
 3     0.086     0.980    -0.177
 3     0.905    -0.004     0.424
 4   109.514    14.675    -9.067
 4     0.594    -0.735     0.327
 4     0.804     0.538    -0.252
 4     0.009     0.412     0.911
 5   114.565    29.456    14.876
 5     0.558    -0.068     0.827
 5     0.543    -0.724    -0.425
 5     0.628     0.686    -0.367
 6   139.983    25.945    13.486
 6     0.881     0.411    -0.234
 6    -0.319     0.150    -0.936
 6    -0.350     0.899     0.263
 7   111.956   -20.646    -6.481
 7     0.846     0.373     0.379
 7    -0.499     0.806     0.319
 7    -0.186    -0.459     0.868
 8   121.447   -28.812    19.545
 8     0.651    -0.469     0.596
 8    -0.485    -0.862    -0.149
 8     0.583    -0.192    -0.789
 9   146.345   -29.592    13.974
 9     0.891    -0.339    -0.302
 9     0.279    -0.114     0.953
 9    -0.358    -0.934    -0.006
 2    97.312   -18.755    59.750
 2     0.621    -0.784     0.003
 2     0.783     0.620     0.038
 2    -0.032    -0.021     0.999
 3   130.028    -1.943     2.647
 3     0.417    -0.191    -0.888
 3     0.083     0.981    -0.172
 3     0.905    -0.002     0.425
 4   109.087    14.573    -9.100
 4     0.575    -0.744     0.339
 4     0.818     0.523    -0.240
 4     0.001     0.415     0.909
 5   113.846    29.685    14.915
 5     0.541    -0.009     0.841
 5     0.577    -0.724    -0.379
 5     0.612     0.690    -0.386
 6   139.317    28.131    12.784
 6     0.893     0.419    -0.164
 6    -0.258     0.178    -0.950
 6    -0.369     0.890     0.267
 7   111.885   -20.589    -6.517
 7     0.842     0.391     0.371
 7    -0.511     0.799     0.317
 7    -0.173    -0.457     0.873
 8   120.961   -28.686    19.665
 8     0.628    -0.523     0.576
 8    -0.510    -0.836    -0.202
 8     0.587    -0.167    -0.792
 9   145.631   -31.452    13.658
 9     0.901    -0.365    -0.234
 9     0.206    -0.114     0.972
 9    -0.381    -0.924    -0.027
 2    97.311   -18.704    59.750
 2     0.620    -0.784     0.003
 2     0.783     0.620     0.038
 2    -0.032    -0.021     0.999
 3   130.023    -1.822     2.602
 3     0.419    -0.184    -0.889
 3     0.077     0.983    -0.168
 3     0.904     0.002     0.426
 4   108.949    14.625    -9.044
 4     0.563    -0.751     0.346
 4     0.826     0.512    -0.234
 4    -0.002     0.418     0.908
 5   113.357    29.792    14.980
 5     0.525     0.033     0.850
 5     0.599    -0.724    -0.341
 5     0.604     0.688    -0.400
 6   138.699    29.665    12.534
 6     0.902     0.417    -0.110
 6    -0.207     0.195    -0.959
 6    -0.378     0.888     0.262
 7   111.853   -20.484    -6.589
 7     0.839     0.401     0.367
 7    -0.518     0.795     0.316
 7    -0.165    -0.456     0.875
 8   120.700   -28.329    19.908
 8     0.607    -0.568     0.555
 8    -0.530    -0.810    -0.250
 8     0.592    -0.142    -0.793
 9   144.797   -33.362    13.559
 9     0.906    -0.389    -0.165
 9     0.134    -0.105     0.985
 9    -0.400    -0.915    -0.043
 2    97.261   -18.704    59.750
 2     0.620    -0.784     0.003
 2     0.783     0.620     0.038
 2    -0.032    -0.021     0.999
 3   130.043    -1.827     2.508
 3     0.422    -0.180    -0.889
 3     0.072     0.984    -0.165
 3     0.903     0.005     0.428
 4   108.792    14.680    -8.997
 4     0.550    -0.757     0.353
 4     0.835     0.499    -0.230
 4    -0.002     0.422     0.906
 5   112.882    29.699    15.106
 5     0.510     0.072     0.857
 5     0.616    -0.726    -0.305
 5     0.600     0.683    -0.415
 6   138.146    31.145    12.590
 6     0.908     0.414    -0.059
 6    -0.155     0.201    -0.967
 6    -0.389     0.888     0.247
 7   111.792   -20.433    -6.782
 7     0.834     0.413     0.365
 7    -0.528     0.789     0.312
 7    -0.159    -0.453     0.877
 8   120.401   -27.966    20.039
 8     0.585    -0.618     0.525
 8    -0.546    -0.779    -0.308
 8     0.599    -0.107    -0.793
 9   143.855   -35.101    13.412
 9     0.903    -0.419    -0.092
 9     0.055    -0.099     0.993
 9    -0.426    -0.902    -0.066
 2    97.311   -18.704    59.750
 2     0.620    -0.784     0.003
 2     0.783     0.620     0.038
 2    -0.032    -0.021     0.999
 3   130.037    -1.833     2.488
 3     0.426    -0.175    -0.887
 3     0.066     0.984    -0.162
 3     0.902     0.011     0.431
 4   108.584    14.735    -8.900
 4     0.535    -0.763     0.362
 4     0.844     0.484    -0.227
 4    -0.002     0.427     0.904
 5   112.424    29.656    15.339
 5     0.492     0.117     0.862
 5     0.636    -0.725    -0.265
 5     0.594     0.679    -0.432
 6   137.441    32.447    12.240
 6     0.910     0.414    -0.010
 6    -0.103     0.203    -0.974
 6    -0.401     0.887     0.228
 7   111.758   -20.431    -6.851
 7     0.829     0.424     0.362
 7    -0.537     0.784     0.310
 7    -0.152    -0.452     0.879
 8   120.215   -27.659    20.205
 8     0.563    -0.659     0.498
 8    -0.563    -0.747    -0.353
 8     0.604    -0.082    -0.792
 9   142.923   -36.961    13.141
 9     0.895    -0.444    -0.024
 9    -0.018    -0.089     0.996
 9    -0.445    -0.891    -0.087
 2    97.311   -18.754    59.750
 2     0.620    -0.784     0.003
 2     0.783     0.620     0.037
 2    -0.032    -0.021     0.999
 3   130.075    -1.840     2.399
 3     0.430    -0.171    -0.886
 3     0.061     0.985    -0.160
 3     0.900     0.015     0.434
 4   108.239    14.560    -8.813
 4     0.515    -0.773     0.370
 4     0.857     0.468    -0.216
 4    -0.007     0.428     0.903
 5   111.849    29.834    15.270
 5     0.473     0.155     0.867
 5     0.661    -0.713    -0.233
 5     0.582     0.683    -0.440
 6   136.704    33.880    12.010
 6     0.912     0.408     0.039
 6    -0.056     0.220    -0.974
 6    -0.407     0.886     0.223
 7   111.768   -20.431    -7.038
 7     0.824     0.435     0.361
 7    -0.546     0.779     0.307
 7    -0.148    -0.451     0.880
 8   119.964   -27.663    20.209
 8     0.542    -0.696     0.471
 8    -0.583    -0.715    -0.385
 8     0.605    -0.066    -0.793
 9   142.054   -38.582    12.918
 9     0.886    -0.462     0.033
 9    -0.079    -0.080     0.994
 9    -0.456    -0.883    -0.107
 2    97.311   -18.754    59.750
 2     0.620    -0.784     0.004
 2     0.783     0.620     0.037
 2    -0.032    -0.021     0.999
 3   130.113    -1.795     2.234
 3     0.436    -0.172    -0.883
 3     0.058     0.985    -0.162
 3     0.898     0.019     0.439
 4   107.916    14.511    -8.800
 4     0.492    -0.783     0.380
 4     0.870     0.449    -0.202
 4    -0.013     0.429     0.903
 5   111.118    30.008    15.283
 5     0.455     0.193     0.869
 5     0.685    -0.699    -0.203
 5     0.568     0.688    -0.451
 6   135.705    35.441    11.724
 6     0.912     0.399     0.091
 6    -0.011     0.248    -0.969
 6    -0.409     0.883     0.230
 7   111.648   -20.409    -7.117
 7     0.818     0.446     0.362
 7    -0.556     0.775     0.302
 7    -0.146    -0.448     0.882
 8   119.636   -27.668    20.206
 8     0.520    -0.724     0.452
 8    -0.600    -0.687    -0.410
 8     0.608    -0.058    -0.792
 9   141.240   -39.944    12.783
 9     0.876    -0.474     0.080
 9    -0.130    -0.073     0.989
 9    -0.463    -0.877    -0.126
 2    97.311   -18.754    59.750
 2     0.620    -0.784     0.004
 2     0.783     0.620     0.037
 2    -0.032    -0.021     0.999
 3   130.159    -1.805     2.038
 3     0.447    -0.171    -0.878
 3     0.056     0.985    -0.163
 3     0.893     0.024     0.449
 4   107.496    14.335    -8.791
 4     0.471    -0.791     0.389
 4     0.881     0.432    -0.190
 4    -0.018     0.432     0.901
 5   110.474    30.059    14.981
 5     0.436     0.226     0.871
 5     0.707    -0.685    -0.176
 5     0.557     0.692    -0.459
 6   134.750    36.848    11.365
 6     0.910     0.391     0.138
 6     0.032     0.266    -0.963
 6    -0.413     0.881     0.230
 7   111.506   -20.437    -7.220
 7     0.812     0.456     0.365
 7    -0.566     0.768     0.299
 7    -0.144    -0.449     0.881
 8   119.320   -27.515    20.239
 8     0.499    -0.751     0.431
 8    -0.611    -0.658    -0.439
 8     0.614    -0.044    -0.788
 9   140.181   -41.280    12.872
 9     0.865    -0.485     0.128
 9    -0.183    -0.066     0.981
 9    -0.468    -0.872    -0.146
 2    97.311   -18.704    59.750
 2     0.620    -0.784     0.003
 2     0.784     0.620     0.038
 2    -0.032    -0.021     0.999
 3   130.101    -1.763     1.848
 3     0.458    -0.173    -0.872
 3     0.057     0.984    -0.166
 3     0.887     0.026     0.461
 4   107.066    14.106    -8.821
 4     0.446    -0.801     0.399
 4     0.894     0.412    -0.172
 4    -0.027     0.434     0.901
 5   109.615    30.159    14.895
 5     0.410     0.266     0.872
 5     0.733    -0.665    -0.143
 5     0.542     0.698    -0.468
 6   133.716    38.283    10.950
 6     0.905     0.379     0.192
 6     0.083     0.285    -0.955
 6    -0.417     0.880     0.226
 7   111.316   -20.544    -7.248
 7     0.801     0.472     0.368
 7    -0.582     0.758     0.293
 7    -0.141    -0.449     0.882
 8   118.913   -27.571    20.366
 8     0.478    -0.776     0.410
 8    -0.626    -0.629    -0.461
 8     0.616    -0.037    -0.787
 9   139.098   -42.691    12.949
 9     0.851    -0.494     0.176
 9    -0.232    -0.053     0.971
 9    -0.470    -0.868    -0.160
 2    97.311   -18.754    59.749
 2     0.620    -0.784     0.004
 2     0.783     0.620     0.037
 2    -0.032    -0.020     0.999
 3   130.030    -1.769     1.696
 3     0.465    -0.174    -0.868
 3     0.058     0.984    -0.167
 3     0.883     0.027     0.468
 4   106.847    13.877    -8.882
 4     0.429    -0.808     0.403
 4     0.902     0.400    -0.159
 4    -0.033     0.432     0.901
 5   109.100    30.109    14.690
 5     0.391     0.297     0.871
 5     0.751    -0.651    -0.115
 5     0.532     0.699    -0.478
 6   132.675    39.642    10.737
 6     0.896     0.370     0.244
 6     0.135     0.295    -0.946
 6    -0.422     0.881     0.214
 7   111.325   -20.645    -7.228
 7     0.797     0.478     0.369
 7    -0.588     0.753     0.293
 7    -0.138    -0.451     0.882
 8   118.755   -27.674    20.359
 8     0.464    -0.792     0.397
 8    -0.634    -0.610    -0.476
 8     0.619    -0.031    -0.785
 9   138.633   -43.409    12.963
 9     0.843    -0.498     0.202
 9    -0.258    -0.047     0.965
 9    -0.471    -0.866    -0.168
 2    97.311   -18.754    59.750
 2     0.620    -0.784     0.004
 2     0.783     0.620     0.037
 2    -0.032    -0.021     0.999
 3   130.072    -1.776     1.479
 3     0.477    -0.181    -0.860
 3     0.063     0.983    -0.172
 3     0.877     0.027     0.480
 4   106.541    13.695    -8.956
 4     0.413    -0.813     0.411
 4     0.910     0.390    -0.143
 4    -0.044     0.433     0.900
 5   108.529    30.106    14.469
 5     0.371     0.324     0.870
 5     0.769    -0.633    -0.092
 5     0.520     0.703    -0.485
 6   131.907    40.494    10.444
 6     0.889     0.357     0.285
 6     0.175     0.311    -0.934
 6    -0.422     0.881     0.214
 7   111.169   -20.774    -7.190
 7     0.785     0.497     0.370
 7    -0.606     0.741     0.289
 7    -0.131    -0.451     0.883
 8   118.168   -27.753    20.505
 8     0.436    -0.814     0.383
 8    -0.644    -0.580    -0.499
 8     0.629    -0.029    -0.777
 9   137.347   -44.760    13.472
 9     0.834    -0.487     0.259
 9    -0.308    -0.021     0.951
 9    -0.458    -0.873    -0.168
 2    97.311   -18.704    59.750
 2     0.620    -0.784     0.003
 2     0.783     0.620     0.038
 2    -0.032    -0.021     0.999
 3   130.040    -1.833     1.338
 3     0.486    -0.186    -0.854
 3     0.067     0.982    -0.175
 3     0.871     0.028     0.490
 4   106.302    13.392    -9.125
 4     0.396    -0.820     0.413
 4     0.917     0.376    -0.131
 4    -0.048     0.431     0.901
 5   107.608    30.008    14.317
 5     0.338     0.361     0.869
 5     0.791    -0.609    -0.055
 5     0.509     0.706    -0.492
 6   130.316    42.093    10.053
 6     0.873     0.340     0.348
 6     0.242     0.316    -0.917
 6    -0.422     0.885     0.194
 7   110.864   -20.905    -7.253
 7     0.770     0.517     0.372
 7    -0.625     0.727     0.283
 7    -0.124    -0.451     0.884
 8   117.615   -27.808    20.500
 8     0.414    -0.836     0.359
 8    -0.655    -0.548    -0.521
 8     0.632    -0.020    -0.775
 9   136.255   -46.138    13.744
 9     0.815    -0.496     0.299
 9    -0.356    -0.024     0.934
 9    -0.456    -0.868    -0.196
 2    97.311   -18.704    59.750
 2     0.620    -0.784     0.003
 2     0.783     0.620     0.038
 2    -0.032    -0.021     0.999
 3   129.991    -1.965     1.242
 3     0.494    -0.185    -0.849
 3     0.071     0.982    -0.173
 3     0.866     0.025     0.498
 4   106.173    13.115    -9.298
 4     0.383    -0.828     0.409
 4     0.922     0.366    -0.122
 4    -0.049     0.424     0.904
 5   106.957    29.885    13.979
 5     0.310     0.381     0.871
 5     0.807    -0.590    -0.029
 5     0.503     0.712    -0.490
 6   129.157    43.319    10.160
 6     0.862     0.322     0.392
 6     0.298     0.303    -0.905
 6    -0.410     0.897     0.165
 7   110.683   -21.040    -7.158
 7     0.749     0.546     0.375
 7    -0.652     0.708     0.271
 7    -0.118    -0.447     0.886
 8   117.105   -27.942    20.734
 8     0.390    -0.858     0.335
 8    -0.668    -0.514    -0.538
 8     0.633    -0.015    -0.773
 9   134.954   -47.392    13.935
 9     0.796    -0.500     0.339
 9    -0.400    -0.014     0.916
 9    -0.454    -0.866    -0.211
 2    97.311   -18.754    59.750
 2     0.620    -0.784     0.003
 2     0.783     0.620     0.037
 2    -0.032    -0.021     0.999
 3   130.044    -2.071     1.224
 3     0.502    -0.183    -0.845
 3     0.076     0.983    -0.168
 3     0.861     0.020     0.508
 4   106.354    12.890    -9.524
 4     0.377    -0.837     0.397
 4     0.925     0.362    -0.115
 4    -0.048     0.410     0.911
 5   106.539    29.938    13.818
 5     0.288     0.387     0.875
 5     0.817    -0.577    -0.014
 5     0.499     0.719    -0.483
 6   128.448    44.475    10.481
 6     0.853     0.298     0.427
 6     0.345     0.290    -0.892
 6    -0.390     0.909     0.144
 7   110.520   -21.147    -7.116
 7     0.734     0.567     0.372
 7    -0.669     0.696     0.259
 7    -0.113    -0.440     0.891
 8   116.474   -28.184    20.767
 8     0.354    -0.884     0.306
 8    -0.687    -0.468    -0.556
 8     0.635    -0.014    -0.772
 9   133.314   -49.026    14.170
 9     0.771    -0.504     0.390
 9    -0.452    -0.002     0.892
 9    -0.448    -0.864    -0.229
 2    97.312   -18.704    59.699
 2     0.620    -0.784     0.004
 2     0.783     0.620     0.037
 2    -0.032    -0.021     0.999
 3   130.068    -2.257     1.084
 3     0.513    -0.176    -0.840
 3     0.078     0.984    -0.159
 3     0.855     0.016     0.518
 4   106.474    12.862    -9.589
 4     0.375    -0.840     0.392
 4     0.925     0.363    -0.109
 4    -0.051     0.403     0.913
 5   106.098    30.110    13.457
 5     0.262     0.394     0.881
 5     0.833    -0.553    -0.000
 5     0.487     0.734    -0.473
 6   127.676    45.810    10.627
 6     0.844     0.266     0.466
 6     0.391     0.290    -0.874
 6    -0.367     0.919     0.140
 7   110.301   -21.157    -7.043
 7     0.716     0.592     0.370
 7    -0.689     0.683     0.241
 7    -0.110    -0.428     0.897
 8   115.780   -28.330    20.961
 8     0.318    -0.903     0.287
 8    -0.704    -0.428    -0.567
 8     0.635    -0.022    -0.772
 9   131.536   -50.463    14.488
 9     0.742    -0.504     0.441
 9    -0.501     0.020     0.865
 9    -0.445    -0.863    -0.238
 2    97.311   -18.704    59.750
 2     0.620    -0.784     0.003
 2     0.783     0.620     0.037
 2    -0.032    -0.021     0.999
 3   130.050    -2.313     1.286
 3     0.519    -0.174    -0.837
 3     0.079     0.984    -0.155
 3     0.851     0.015     0.524
 4   106.433    12.766    -9.598
 4     0.368    -0.846     0.386
 4     0.928     0.355    -0.106
 4    -0.047     0.397     0.916
 5   105.657    30.112    13.378
 5     0.236     0.421     0.876
 5     0.846    -0.532     0.027
 5     0.477     0.734    -0.482
 6   126.449    47.000    10.669
 6     0.820     0.255     0.512
 6     0.442     0.286    -0.850
 6    -0.364     0.923     0.122
 7   110.091   -21.237    -6.918
 7     0.703     0.604     0.375
 7    -0.703     0.669     0.241
 7    -0.106    -0.433     0.895
 8   115.695   -28.302    21.065
 8     0.308    -0.915     0.259
 8    -0.708    -0.402    -0.580
 8     0.635    -0.005    -0.772
 9   130.735   -51.188    14.403
 9     0.720    -0.518     0.462
 9    -0.526     0.028     0.850
 9    -0.453    -0.855    -0.252
 2    97.311   -18.704    59.750
 2     0.620    -0.784     0.003
 2     0.784     0.620     0.038
 2    -0.032    -0.021     0.999
 3   129.978    -2.369     1.316
 3     0.526    -0.176    -0.832
 3     0.083     0.984    -0.156
 3     0.846     0.012     0.532
 4   106.408    12.642    -9.704
 4     0.363    -0.848     0.387
 4     0.931     0.350    -0.106
 4    -0.046     0.398     0.916
 5   105.441    30.011    13.313
 5     0.223     0.430     0.874
 5     0.852    -0.522     0.039
 5     0.473     0.736    -0.484
 6   125.850    47.626    10.690
 6     0.807     0.241     0.538
 6     0.470     0.289    -0.834
 6    -0.357     0.926     0.120
 7   109.980   -21.288    -6.768
 7     0.696     0.608     0.381
 7    -0.711     0.659     0.245
 7    -0.103    -0.442     0.891
 8   113.149   -28.416    19.391
 8     0.304    -0.918     0.254
