% Calibrated with leiden_pols
% Positions are in centimeters
Data =[
 2    97.311   -18.704    59.750
 2     0.620    -0.784     0.003
 2     0.783     0.620     0.038
 2    -0.032    -0.021     0.999
 3   129.877    -2.491     2.284
 3     0.477    -0.200    -0.856
 3     0.109     0.979    -0.168
 3     0.872    -0.013     0.489
 4   111.365    15.528    -9.318
 4     0.597    -0.757     0.267
 4     0.798     0.524    -0.297
 4     0.084     0.390     0.917
 5   115.620    24.237    18.447
 5     0.512    -0.354     0.782
 5     0.243    -0.814    -0.528
 5     0.823     0.461    -0.331
 6   140.169    13.183    30.235
 6     0.815     0.281    -0.507
 6    -0.426     0.883    -0.196
 6     0.392     0.375     0.839
 7   111.574   -21.757    -7.002
 7     0.796     0.510     0.325
 7    -0.597     0.748     0.288
 7    -0.097    -0.424     0.901
 8   116.221   -24.633    21.030
 8     0.504    -0.240     0.829
 8    -0.197    -0.967    -0.160
 8     0.841    -0.083    -0.535
 9   141.641   -21.624    32.089
 9     0.910    -0.006    -0.413
 9     0.262     0.782     0.565
 9     0.320    -0.623     0.713
 2    97.311   -18.704    59.750
 2     0.620    -0.784     0.003
 2     0.784     0.620     0.038
 2    -0.032    -0.021     0.999
 3   129.976    -2.492     2.131
 3     0.478    -0.199    -0.855
 3     0.107     0.980    -0.169
 3     0.872    -0.011     0.490
 4   111.357    15.577    -9.259
 4     0.594    -0.757     0.270
 4     0.800     0.523    -0.295
 4     0.081     0.391     0.916
 5   115.675    24.315    18.442
 5     0.512    -0.355     0.782
 5     0.243    -0.813    -0.528
 5     0.824     0.461    -0.330
 6   140.121    13.183    30.283
 6     0.813     0.282    -0.509
 6    -0.428     0.882    -0.196
 6     0.393     0.377     0.838
 7   111.599   -21.757    -7.002
 7     0.797     0.509     0.325
 7    -0.597     0.749     0.288
 7    -0.097    -0.423     0.901
 8   116.195   -24.660    21.030
 8     0.503    -0.240     0.830
 8    -0.198    -0.967    -0.160
 8     0.841    -0.084    -0.534
 9   141.593   -21.623    32.086
 9     0.910    -0.005    -0.415
 9     0.262     0.782     0.565
 9     0.321    -0.624     0.713
 2    97.311   -18.754    59.750
 2     0.620    -0.784     0.004
 2     0.783     0.620     0.037
 2    -0.032    -0.021     0.999
 3   130.026    -2.493     2.105
 3     0.478    -0.199    -0.855
 3     0.105     0.980    -0.170
 3     0.872    -0.009     0.489
 4   111.358    15.629    -9.263
 4     0.593    -0.758     0.271
 4     0.801     0.521    -0.295
 4     0.082     0.392     0.916
 5   115.624    24.316    18.492
 5     0.511    -0.354     0.783
 5     0.243    -0.814    -0.527
 5     0.824     0.460    -0.331
 6   140.118    13.232    30.286
 6     0.814     0.282    -0.508
 6    -0.429     0.881    -0.198
 6     0.392     0.378     0.838
 7   111.601   -21.756    -7.031
 7     0.797     0.509     0.324
 7    -0.596     0.749     0.288
 7    -0.096    -0.424     0.901
 8   116.206   -24.658    21.038
 8     0.499    -0.239     0.833
 8    -0.197    -0.967    -0.159
 8     0.844    -0.085    -0.530
 9   141.646   -21.622    32.084
 9     0.909    -0.004    -0.416
 9     0.262     0.781     0.566
 9     0.322    -0.624     0.711
 2    97.311   -18.704    59.750
 2     0.620    -0.784     0.003
 2     0.783     0.620     0.038
 2    -0.032    -0.021     0.999
 3   129.986    -2.440     2.093
 3     0.475    -0.200    -0.857
 3     0.104     0.979    -0.171
 3     0.874    -0.009     0.486
 4   111.314    15.632    -9.170
 4     0.591    -0.760     0.271
 4     0.802     0.518    -0.297
 4     0.085     0.392     0.916
 5   115.598    24.316    18.668
 5     0.511    -0.352     0.784
 5     0.243    -0.816    -0.525
 5     0.824     0.458    -0.332
 6   140.106    13.178    30.348
 6     0.815     0.281    -0.506
 6    -0.430     0.880    -0.203
 6     0.388     0.383     0.838
 7   111.608   -21.754    -6.963
 7     0.797     0.510     0.323
 7    -0.597     0.747     0.291
 7    -0.093    -0.425     0.900
 8   116.212   -24.632    21.032
 8     0.497    -0.239     0.834
 8    -0.197    -0.967    -0.160
 8     0.845    -0.084    -0.528
 9   141.592   -21.674    32.090
 9     0.910    -0.004    -0.414
 9     0.261     0.779     0.569
 9     0.320    -0.626     0.711
 2    97.311   -18.754    59.750
 2     0.620    -0.784     0.003
 2     0.783     0.620     0.037
 2    -0.032    -0.021     0.999
 3   129.897    -2.487     2.157
 3     0.470    -0.200    -0.860
 3     0.104     0.980    -0.170
 3     0.876    -0.010     0.481
 4   111.278    15.637    -9.060
 4     0.590    -0.762     0.268
 4     0.802     0.515    -0.302
 4     0.091     0.393     0.915
 5   115.443    24.188    18.901
 5     0.513    -0.348     0.785
 5     0.244    -0.817    -0.522
 5     0.823     0.459    -0.334
 6   140.042    13.275    30.311
 6     0.817     0.279    -0.504
 6    -0.429     0.878    -0.210
 6     0.383     0.387     0.838
 7   111.621   -21.699    -6.798
 7     0.796     0.512     0.321
 7    -0.598     0.745     0.295
 7    -0.088    -0.427     0.900
 8   116.207   -24.583    21.191
 8     0.498    -0.241     0.833
 8    -0.198    -0.967    -0.161
 8     0.844    -0.085    -0.529
 9   141.590   -21.675    32.149
 9     0.911    -0.004    -0.413
 9     0.262     0.776     0.573
 9     0.318    -0.631     0.708
 2    97.311   -18.704    59.750
 2     0.620    -0.784     0.003
 2     0.783     0.620     0.038
 2    -0.032    -0.021     0.999
 3   129.847    -2.504     2.354
 3     0.462    -0.200    -0.864
 3     0.105     0.980    -0.170
 3     0.881    -0.012     0.473
 4   111.253    15.539    -8.856
 4     0.601    -0.755     0.262
 4     0.793     0.522    -0.314
 4     0.100     0.396     0.912
 5   115.274    24.483    18.897
 5     0.520    -0.333     0.786
 5     0.258    -0.816    -0.517
 5     0.814     0.472    -0.338
 6   139.745    14.660    28.469
 6     0.821     0.245    -0.516
 6    -0.480     0.786    -0.391
 6     0.309     0.568     0.762
 7   111.539   -21.701    -6.692
 7     0.797     0.512     0.319
 7    -0.597     0.748     0.290
 7    -0.090    -0.422     0.902
 8   116.443   -25.470    21.092
 8     0.498    -0.315     0.807
 8    -0.264    -0.943    -0.204
 8     0.826    -0.112    -0.553
 9   142.339   -23.590    29.977
 9     0.919     0.042    -0.392
 9     0.315     0.520     0.794
 9     0.237    -0.853     0.464
 2    97.312   -18.755    59.750
 2     0.621    -0.784     0.003
 2     0.783     0.620     0.038
 2    -0.032    -0.021     0.999
 3   129.876    -2.543     2.554
 3     0.450    -0.200    -0.870
 3     0.109     0.979    -0.169
 3     0.886    -0.020     0.462
 4   111.295    15.327    -8.887
 4     0.612    -0.747     0.259
 4     0.785     0.535    -0.311
 4     0.094     0.393     0.914
 5   114.418    27.258    17.464
 5     0.533    -0.328     0.780
 5     0.331    -0.768    -0.549
 5     0.779     0.550    -0.301
 6   138.372    15.109    22.471
 6     0.779     0.296    -0.553
 6    -0.627     0.371    -0.685
 6     0.002     0.880     0.474
 7   111.507   -21.533    -6.620
 7     0.801     0.498     0.333
 7    -0.589     0.754     0.291
 7    -0.106    -0.429     0.897
 8   117.782   -27.066    21.026
 8     0.576    -0.334     0.745
 8    -0.327    -0.930    -0.164
 8     0.749    -0.149    -0.646
 9   143.377   -22.184    24.478
 9     0.875    -0.061    -0.480
 9     0.484     0.073     0.872
 9    -0.019    -0.995     0.093
 2    97.311   -18.704    59.750
 2     0.620    -0.784     0.003
 2     0.783     0.620     0.038
 2    -0.032    -0.021     0.999
 3   129.774    -2.485     2.682
 3     0.447    -0.209    -0.870
 3     0.121     0.977    -0.172
 3     0.886    -0.028     0.462
 4   110.581    14.875    -9.299
 4     0.637    -0.719     0.279
 4     0.769     0.568    -0.292
 4     0.051     0.401     0.915
 5   116.858    29.672    14.735
 5     0.611    -0.441     0.657
 5     0.312    -0.629    -0.712
 5     0.727     0.640    -0.246
