% Calibrated with leiden_pols
% Positions are in centimeters
Data =[
 2    98.007   -18.692    59.918
 2     0.999     0.037    -0.010
 2    -0.036     0.999     0.031
 2     0.011    -0.031     0.999
 3   127.997    -4.889     5.214
 3     0.598    -0.122    -0.792
 3     0.255     0.966     0.043
 3     0.760    -0.228     0.609
 4   106.666     7.082    -4.548
 4     0.474    -0.760     0.444
 4     0.849     0.528    -0.002
 4    -0.234     0.378     0.896
 5   110.594    19.868    21.176
 5     0.292    -0.197     0.936
 5     0.358    -0.885    -0.298
 5     0.887     0.422    -0.188
 6   125.650    27.967    45.477
 6     0.421    -0.738    -0.528
 6     0.088     0.613    -0.785
 6     0.903     0.284     0.322
 7   109.362   -21.815    -3.216
 7     0.378     0.912     0.160
 7    -0.925     0.365     0.104
 7     0.037    -0.187     0.981
 8   113.997   -28.240    25.697
 8     0.422     0.120     0.898
 8    -0.207    -0.952     0.225
 8     0.882    -0.281    -0.377
 9   132.342   -29.613    46.415
 9     0.564     0.430    -0.705
 9     0.093     0.814     0.572
 9     0.820    -0.389     0.419
 2    98.007   -18.692    59.918
 2     0.999     0.036    -0.010
 2    -0.036     0.999     0.031
 2     0.011    -0.031     0.999
 3   127.997    -4.838     5.214
 3     0.598    -0.123    -0.792
 3     0.255     0.966     0.043
 3     0.760    -0.228     0.608
 4   106.716     7.133    -4.548
 4     0.473    -0.761     0.443
 4     0.849     0.528    -0.001
 4    -0.234     0.377     0.896
 5   110.529    19.894    21.132
 5     0.292    -0.183     0.938
 5     0.363    -0.887    -0.286
 5     0.885     0.424    -0.193
 6   125.568    28.247    45.485
 6     0.420    -0.741    -0.524
 6     0.093     0.610    -0.787
 6     0.902     0.281     0.325
 7   109.365   -21.814    -3.194
 7     0.378     0.912     0.159
 7    -0.925     0.365     0.105
 7     0.038    -0.187     0.982
 8   113.951   -28.268    25.691
 8     0.419     0.119     0.900
 8    -0.210    -0.952     0.223
 8     0.883    -0.283    -0.374
 9   132.347   -29.689    46.409
 9     0.564     0.434    -0.703
 9     0.090     0.813     0.574
 9     0.821    -0.387     0.419
 2    98.007   -18.692    59.918
 2     0.999     0.037    -0.010
 2    -0.037     0.999     0.030
 2     0.011    -0.030     0.999
 3   127.997    -4.838     5.214
 3     0.597    -0.123    -0.793
 3     0.255     0.966     0.042
 3     0.760    -0.228     0.608
 4   106.717     7.133    -4.496
 4     0.473    -0.763     0.442
 4     0.849     0.527     0.001
 4    -0.234     0.375     0.897
 5   110.437    19.869    21.112
 5     0.289    -0.148     0.946
 5     0.380    -0.889    -0.256
 5     0.879     0.433    -0.201
 6   125.452    28.682    45.296
 6     0.422    -0.748    -0.513
 6     0.105     0.602    -0.792
 6     0.900     0.281     0.333
 7   109.365   -21.814    -3.194
 7     0.378     0.912     0.160
 7    -0.925     0.365     0.105
 7     0.038    -0.188     0.981
 8   113.888   -28.518    25.587
 8     0.412     0.102     0.905
 8    -0.232    -0.949     0.212
 8     0.881    -0.297    -0.367
 9   132.228   -30.460    46.328
 9     0.565     0.451    -0.690
 9     0.069     0.808     0.585
 9     0.822    -0.379     0.425
 2    98.007   -18.692    59.918
 2     0.999     0.036    -0.010
 2    -0.036     0.999     0.031
 2     0.011    -0.031     0.999
 3   127.950    -4.786     5.209
 3     0.596    -0.124    -0.793
 3     0.255     0.966     0.041
 3     0.761    -0.228     0.607
 4   106.639     7.133    -4.487
 4     0.469    -0.768     0.436
 4     0.851     0.525     0.009
 4    -0.236     0.366     0.900
 5   110.165    20.327    21.029
 5     0.289    -0.089     0.953
 5     0.432    -0.877    -0.212
 5     0.854     0.473    -0.215
 6   125.310    30.385    44.606
 6     0.433    -0.765    -0.477
 6     0.143     0.581    -0.801
 6     0.890     0.279     0.361
 7   109.366   -21.814    -3.193
 7     0.378     0.911     0.161
 7    -0.925     0.365     0.106
 7     0.038    -0.189     0.981
 8   113.778   -29.034    25.369
 8     0.405     0.070     0.911
 8    -0.267    -0.944     0.191
 8     0.874    -0.321    -0.364
 9   132.172   -31.952    45.881
 9     0.571     0.475    -0.669
 9     0.032     0.802     0.596
 9     0.820    -0.363     0.443
 2    98.007   -18.692    59.918
 2     0.999     0.036    -0.010
 2    -0.036     0.999     0.031
 2     0.011    -0.031     0.999
 3   127.956    -4.758     5.199
 3     0.594    -0.126    -0.795
 3     0.255     0.966     0.038
 3     0.763    -0.225     0.605
 4   106.477     7.078    -4.516
 4     0.462    -0.776     0.430
 4     0.853     0.521     0.023
 4    -0.242     0.355     0.902
 5   109.623    20.894    20.780
 5     0.275    -0.019     0.961
 5     0.487    -0.859    -0.156
 5     0.829     0.510    -0.227
 6   124.733    32.546    43.651
 6     0.438    -0.784    -0.440
 6     0.193     0.560    -0.806
 6     0.878     0.267     0.396
 7   109.313   -21.714    -3.212
 7     0.378     0.911     0.164
 7    -0.925     0.365     0.105
 7     0.036    -0.192     0.981
 8   113.638   -29.524    25.207
 8     0.399     0.042     0.916
 8    -0.301    -0.938     0.174
 8     0.866    -0.345    -0.362
 9   132.085   -33.627    45.363
 9     0.576     0.500    -0.646
 9    -0.010     0.795     0.607
 9     0.817    -0.344     0.463
 2    98.007   -18.692    59.918
 2     0.999     0.036    -0.010
 2    -0.036     0.999     0.031
 2     0.011    -0.031     0.999
 3   127.908    -4.605     5.167
 3     0.592    -0.130    -0.796
 3     0.256     0.966     0.033
 3     0.764    -0.223     0.605
 4   106.282     7.122    -4.513
 4     0.454    -0.782     0.426
 4     0.854     0.517     0.038
 4    -0.251     0.346     0.904
 5   109.179    21.707    20.409
 5     0.263     0.037     0.964
 5     0.537    -0.835    -0.115
 5     0.801     0.548    -0.240
 6   124.072    34.855    42.552
 6     0.439    -0.802    -0.405
 6     0.244     0.540    -0.806
 6     0.864     0.255     0.433
 7   109.259   -21.640    -3.179
 7     0.377     0.911     0.166
 7    -0.925     0.365     0.104
 7     0.034    -0.193     0.980
 8   113.611   -30.326    25.023
 8     0.401     0.004     0.916
 8    -0.344    -0.926     0.155
 8     0.849    -0.377    -0.370
 9   132.073   -35.485    44.699
 9     0.587     0.520    -0.621
 9    -0.051     0.789     0.612
 9     0.808    -0.328     0.489
 2    98.007   -18.692    59.917
 2     0.999     0.037    -0.010
 2    -0.036     0.999     0.031
 2     0.011    -0.030     0.999
 3   127.860    -4.527     5.060
 3     0.590    -0.134    -0.796
 3     0.257     0.966     0.028
 3     0.765    -0.221     0.604
 4   106.192     7.015    -4.593
 4     0.450    -0.786     0.425
 4     0.855     0.516     0.049
 4    -0.258     0.341     0.904
 5   109.081    22.437    20.013
 5     0.263     0.090     0.960
 5     0.582    -0.808    -0.084
 5     0.769     0.581    -0.266
 6   123.961    36.974    41.106
 6     0.451    -0.813    -0.369
 6     0.295     0.525    -0.798
 6     0.843     0.251     0.476
 7   109.198   -21.543    -3.240
 7     0.376     0.911     0.168
 7    -0.926     0.364     0.098
 7     0.029    -0.193     0.981
 8   113.779   -31.072    24.671
 8     0.407    -0.032     0.913
 8    -0.383    -0.913     0.139
 8     0.829    -0.406    -0.384
 9   132.384   -37.477    43.612
 9     0.602     0.537    -0.591
 9    -0.095     0.783     0.614
 9     0.792    -0.314     0.523
 2    98.007   -18.692    59.918
 2     0.999     0.036    -0.010
 2    -0.036     0.999     0.031
 2     0.011    -0.031     0.999
 3   127.863    -4.474     4.978
 3     0.589    -0.138    -0.797
 3     0.259     0.965     0.025
 3     0.766    -0.221     0.604
 4   106.121     6.931    -4.644
 4     0.446    -0.787     0.427
 4     0.854     0.516     0.059
 4    -0.267     0.338     0.902
 5   109.198    23.162    19.435
 5     0.270     0.121     0.955
 5     0.619    -0.781    -0.076
 5     0.737     0.612    -0.287
 6   124.162    38.955    39.473
 6     0.465    -0.818    -0.340
 6     0.339     0.519    -0.784
 6     0.817     0.250     0.519
 7   109.182   -21.474    -3.270
 7     0.374     0.912     0.168
 7    -0.927     0.364     0.091
 7     0.022    -0.190     0.981
 8   114.022   -32.002    24.249
 8     0.416    -0.064     0.907
 8    -0.427    -0.894     0.133
 8     0.802    -0.443    -0.400
 9   132.941   -39.758    42.077
 9     0.623     0.547    -0.559
 9    -0.144     0.782     0.606
 9     0.768    -0.297     0.566
 2    98.007   -18.692    59.918
 2     0.999     0.037    -0.010
 2    -0.037     0.999     0.031
 2     0.011    -0.030     0.999
 3   127.840    -4.394     4.923
 3     0.584    -0.143    -0.799
 3     0.265     0.964     0.021
 3     0.767    -0.225     0.601
 4   105.995     6.642    -4.786
 4     0.442    -0.788     0.428
 4     0.852     0.518     0.073
 4    -0.279     0.333     0.901
 5   109.309    23.563    18.911
 5     0.276     0.154     0.949
 5     0.650    -0.757    -0.066
 5     0.708     0.635    -0.309
 6   124.415    40.281    38.063
 6     0.478    -0.820    -0.316
 6     0.374     0.515    -0.771
 6     0.795     0.251     0.552
 7   109.166   -21.379    -3.377
 7     0.374     0.912     0.167
 7    -0.927     0.365     0.083
 7     0.015    -0.187     0.982
 8   114.204   -32.927    23.869
 8     0.421    -0.111     0.900
 8    -0.471    -0.875     0.112
 8     0.775    -0.471    -0.420
 9   133.330   -41.909    40.641
 9     0.640     0.565    -0.521
 9    -0.192     0.774     0.603
 9     0.744    -0.286     0.604
 2    98.007   -18.692    59.918
 2     0.999     0.036    -0.010
 2    -0.036     0.999     0.031
 2     0.011    -0.031     0.999
 3   127.865    -4.417     4.821
 3     0.583    -0.146    -0.799
 3     0.268     0.963     0.020
 3     0.767    -0.226     0.600
 4   105.950     6.456    -4.912
 4     0.439    -0.789     0.430
 4     0.851     0.518     0.083
 4    -0.288     0.329     0.899
 5   109.160    24.094    18.350
 5     0.275     0.176     0.945
 5     0.677    -0.733    -0.060
 5     0.682     0.656    -0.321
 6   124.397    41.733    36.479
 6     0.485    -0.821    -0.301
 6     0.410     0.517    -0.751
 6     0.772     0.241     0.587
 7   109.199   -21.310    -3.483
 7     0.372     0.913     0.167
 7    -0.928     0.365     0.075
 7     0.008    -0.183     0.983
 8   114.164   -33.829    23.336
 8     0.419    -0.158     0.894
 8    -0.516    -0.852     0.091
 8     0.747    -0.499    -0.438
 9   133.349   -43.907    39.329
 9     0.651     0.585    -0.484
 9    -0.239     0.762     0.601
 9     0.720    -0.276     0.636
 2    98.007   -18.717    59.918
 2     0.999     0.037    -0.010
 2    -0.037     0.999     0.031
 2     0.011    -0.031     0.999
 3   127.868    -4.337     4.792
 3     0.578    -0.151    -0.802
 3     0.275     0.961     0.018
 3     0.768    -0.231     0.597
 4   105.868     6.217    -5.074
 4     0.431    -0.793     0.431
 4     0.850     0.517     0.100
 4    -0.302     0.323     0.897
 5   108.999    24.625    17.697
 5     0.269     0.205     0.941
 5     0.708    -0.704    -0.049
 5     0.652     0.679    -0.335
 6   124.132    43.366    34.936
 6     0.485    -0.828    -0.282
 6     0.450     0.513    -0.731
 6     0.750     0.227     0.621
 7   109.281   -21.217    -3.641
 7     0.369     0.915     0.163
 7    -0.929     0.364     0.065
 7     0.001    -0.176     0.984
 8   113.980   -34.630    22.872
 8     0.410    -0.207     0.888
 8    -0.560    -0.825     0.067
 8     0.719    -0.525    -0.454
 9   132.998   -46.134    37.908
 9     0.655     0.611    -0.444
 9    -0.292     0.747     0.598
 9     0.697    -0.262     0.667
 2    98.007   -18.692    59.918
 2     0.999     0.036    -0.010
 2    -0.036     0.999     0.031
 2     0.011    -0.031     0.999
 3   127.972    -4.231     4.738
 3     0.575    -0.153    -0.804
 3     0.280     0.959     0.018
 3     0.769    -0.236     0.594
 4   105.838     6.028    -5.213
 4     0.426    -0.795     0.432
 4     0.848     0.517     0.115
 4    -0.315     0.317     0.894
 5   109.046    25.181    17.035
 5     0.268     0.231     0.935
 5     0.735    -0.677    -0.043
 5     0.623     0.699    -0.352
 6   123.995    44.769    33.266
 6     0.485    -0.832    -0.270
 6     0.486     0.513    -0.708
 6     0.727     0.212     0.653
 7   109.266   -21.148    -3.776
 7     0.366     0.916     0.161
 7    -0.931     0.361     0.058
 7    -0.005    -0.171     0.985
 8   113.798   -35.217    22.441
 8     0.400    -0.241     0.884
 8    -0.592    -0.804     0.049
 8     0.699    -0.543    -0.465
 9   132.858   -47.743    36.750
 9     0.657     0.630    -0.414
 9    -0.331     0.734     0.592
 9     0.677    -0.252     0.691
 2    98.007   -18.692    59.918
 2     0.999     0.037    -0.011
 2    -0.037     0.999     0.031
 2     0.011    -0.031     0.999
 3   127.968    -4.231     4.641
 3     0.574    -0.153    -0.804
 3     0.282     0.959     0.019
 3     0.768    -0.238     0.594
 4   105.818     5.892    -5.390
 4     0.424    -0.794     0.435
 4     0.845     0.519     0.123
 4    -0.324     0.315     0.892
 5   109.017    25.733    16.380
 5     0.269     0.250     0.930
 5     0.760    -0.649    -0.046
 5     0.592     0.719    -0.365
 6   124.190    45.787    31.596
 6     0.493    -0.829    -0.266
 6     0.512     0.523    -0.681
 6     0.703     0.199     0.682
 7   109.256   -21.002    -3.840
 7     0.362     0.918     0.158
 7    -0.932     0.359     0.052
 7    -0.009    -0.166     0.986
 8   113.715   -35.833    21.938
 8     0.397    -0.269     0.877
 8    -0.625    -0.779     0.044
 8     0.671    -0.566    -0.478
 9   132.513   -49.377    35.444
 9     0.660     0.643    -0.388
 9    -0.367     0.726     0.581
 9     0.655    -0.241     0.715
 2    98.007   -18.692    59.918
 2     0.999     0.036    -0.010
 2    -0.036     0.999     0.031
 2     0.011    -0.031     0.999
 3   128.010    -4.231     4.576
 3     0.574    -0.155    -0.804
 3     0.288     0.957     0.020
 3     0.766    -0.243     0.594
 4   105.725     5.621    -5.588
 4     0.420    -0.794     0.439
 4     0.840     0.523     0.143
 4    -0.343     0.309     0.887
 5   108.991    26.279    15.489
 5     0.270     0.278     0.922
 5     0.788    -0.614    -0.046
 5     0.553     0.739    -0.385
 6   124.023    47.130    29.673
 6     0.498    -0.833    -0.240
 6     0.550     0.518    -0.656
 6     0.670     0.194     0.716
 7   109.270   -20.981    -3.879
 7     0.361     0.919     0.156
 7    -0.932     0.358     0.047
 7    -0.013    -0.162     0.986
 8   113.842   -36.731    21.290
 8     0.396    -0.312     0.863
 8    -0.664    -0.747     0.035
 8     0.634    -0.587    -0.503
 9   132.399   -51.434    33.463
 9     0.668     0.659    -0.345
 9    -0.416     0.715     0.562
 9     0.617    -0.233     0.751
 2    98.007   -18.692    59.918
 2     0.999     0.037    -0.010
 2    -0.037     0.999     0.031
 2     0.011    -0.030     0.999
 3   128.077    -4.204     4.408
 3     0.573    -0.162    -0.803
 3     0.297     0.955     0.019
 3     0.764    -0.250     0.595
 4   105.626     5.221    -5.755
 4     0.412    -0.795     0.445
 4     0.835     0.525     0.164
 4    -0.364     0.304     0.880
 5   108.817    26.777    14.622
 5     0.262     0.304     0.916
 5     0.817    -0.575    -0.042
 5     0.514     0.759    -0.400
 6   123.745    48.503    27.606
 6     0.497    -0.840    -0.219
 6     0.585     0.510    -0.630
 6     0.640     0.185     0.745
 7   109.261   -20.984    -3.919
 7     0.361     0.919     0.156
 7    -0.932     0.359     0.043
 7    -0.017    -0.161     0.987
 8   113.859   -37.732    20.571
 8     0.395    -0.344     0.852
 8    -0.701    -0.712     0.037
 8     0.594    -0.612    -0.523
 9   132.455   -53.540    31.250
 9     0.675     0.670    -0.309
 9    -0.460     0.710     0.533
 9     0.577    -0.218     0.787
 2    98.009   -18.691    59.915
 2     0.999     0.036    -0.011
 2    -0.036     0.999     0.031
 2     0.012    -0.031     0.999
 3   128.065    -4.205     4.371
 3     0.573    -0.168    -0.802
 3     0.304     0.952     0.018
 3     0.761    -0.254     0.596
 4   105.412     4.903    -5.886
 4     0.402    -0.798     0.448
 4     0.833     0.522     0.183
 4    -0.380     0.300     0.875
 5   108.531    27.151    13.840
 5     0.256     0.331     0.908
 5     0.840    -0.541    -0.040
 5     0.478     0.773    -0.417
 6   123.293    49.595    25.843
 6     0.496    -0.846    -0.196
 6     0.619     0.503    -0.603
 6     0.609     0.177     0.773
 7   109.214   -20.943    -4.016
 7     0.360     0.919     0.157
 7    -0.932     0.360     0.032
 7    -0.027    -0.159     0.987
 8   113.954   -38.715    19.642
 8     0.394    -0.388     0.833
 8    -0.743    -0.668     0.040
 8     0.541    -0.635    -0.552
 9   132.368   -55.527    28.864
 9     0.681     0.682    -0.266
 9    -0.507     0.702     0.501
 9     0.528    -0.207     0.823
 2    98.007   -18.717    59.918
 2     0.999     0.037    -0.010
 2    -0.037     0.999     0.031
 2     0.011    -0.031     0.999
 3   128.007    -4.155     4.278
 3     0.574    -0.172    -0.801
 3     0.307     0.951     0.016
 3     0.759    -0.255     0.599
 4   105.251     4.713    -5.923
 4     0.393    -0.800     0.453
 4     0.831     0.520     0.197
 4    -0.394     0.299     0.869
 5   108.509    27.383    13.374
 5     0.257     0.349     0.901
 5     0.853    -0.520    -0.042
 5     0.454     0.779    -0.432
 6   123.175    50.338    24.450
 6     0.499    -0.847    -0.186
 6     0.638     0.503    -0.583
 6     0.587     0.172     0.791
 7   109.192   -20.850    -4.037
 7     0.360     0.919     0.161
 7    -0.932     0.361     0.022
 7    -0.037    -0.158     0.987
 8   113.934   -39.560    18.887
 8     0.390    -0.425     0.817
 8    -0.773    -0.633     0.040
 8     0.500    -0.647    -0.576
 9   132.149   -57.177    26.610
 9     0.685     0.693    -0.224
 9    -0.545     0.692     0.474
 9     0.483    -0.203     0.852
 2    98.009   -18.717    59.915
 2     0.999     0.037    -0.011
 2    -0.037     0.999     0.030
 2     0.012    -0.030     0.999
 3   127.994    -4.157     4.113
 3     0.575    -0.177    -0.798
 3     0.310     0.950     0.013
 3     0.756    -0.255     0.602
 4   105.042     4.575    -5.988
 4     0.385    -0.800     0.460
 4     0.828     0.519     0.210
 4    -0.407     0.300     0.862
 5   108.581    27.645    12.965
 5     0.263     0.364     0.893
 5     0.861    -0.507    -0.047
 5     0.436     0.781    -0.446
 6   123.445    50.725    23.279
 6     0.506    -0.843    -0.184
 6     0.649     0.513    -0.562
 6     0.567     0.165     0.806
 7   109.127   -20.830    -4.067
 7     0.361     0.918     0.165
 7    -0.931     0.363     0.017
 7    -0.044    -0.160     0.986
 8   114.113   -40.223    18.158
 8     0.392    -0.457     0.798
 8    -0.798    -0.601     0.048
 8     0.457    -0.656    -0.601
 9   132.186   -58.416    24.452
 9     0.690     0.699    -0.184
 9    -0.576     0.685     0.445
 9     0.438    -0.202     0.876
 2    97.959   -18.691    59.914
 2     0.999     0.037    -0.011
 2    -0.036     0.999     0.031
 2     0.012    -0.030     0.999
 3   127.955    -4.057     3.922
 3     0.576    -0.188    -0.795
 3     0.316     0.948     0.005
 3     0.753    -0.255     0.606
 4   104.732     4.276    -6.106
 4     0.370    -0.800     0.472
 4     0.824     0.517     0.231
 4    -0.429     0.303     0.851
 5   108.556    27.917    12.167
 5     0.272     0.392     0.878
 5     0.875    -0.481    -0.056
 5     0.401     0.784    -0.474
 6   123.553    51.236    21.840
 6     0.516    -0.838    -0.175
 6     0.662     0.521    -0.539
 6     0.543     0.162     0.824
 7   109.056   -20.784    -4.162
 7     0.369     0.912     0.177
 7    -0.928     0.373     0.013
 7    -0.055    -0.169     0.984
 8   114.405   -40.965    17.219
 8     0.397    -0.491     0.775
 8    -0.823    -0.565     0.063
 8     0.407    -0.663    -0.628
 9   132.220   -59.942    21.743
 9     0.697     0.704    -0.137
 9    -0.607     0.681     0.409
 9     0.381    -0.202     0.902
 2    98.007   -18.692    59.918
 2     0.999     0.037    -0.011
 2    -0.037     0.999     0.031
 2     0.011    -0.031     0.999
 3   127.888    -3.983     3.609
 3     0.578    -0.196    -0.792
 3     0.323     0.946     0.001
 3     0.749    -0.257     0.610
 4   104.450     4.002    -6.118
 4     0.358    -0.801     0.481
 4     0.817     0.517     0.253
 4    -0.451     0.302     0.839
 5   108.518    28.408    11.275
 5     0.273     0.430     0.860
 5     0.895    -0.442    -0.064
 5     0.353     0.787    -0.506
 6   123.554    52.429    18.852
 6     0.533    -0.837    -0.122
 6     0.694     0.515    -0.503
 6     0.484     0.183     0.856
 7   108.943   -20.787    -4.218
 7     0.375     0.908     0.186
 7    -0.925     0.380     0.010
 7    -0.062    -0.176     0.982
 8   114.685   -41.650    16.408
 8     0.405    -0.519     0.753
 8    -0.840    -0.537     0.082
 8     0.362    -0.665    -0.653
 9   132.526   -60.927    19.388
 9     0.704     0.703    -0.097
 9    -0.629     0.681     0.376
 9     0.331    -0.203     0.921
 2    98.007   -18.692    59.918
 2     0.999     0.036    -0.010
 2    -0.036     0.999     0.031
 2     0.011    -0.031     0.999
 3   127.746    -3.884     3.371
 3     0.579    -0.207    -0.788
 3     0.330     0.944    -0.005
 3     0.745    -0.258     0.615
 4   103.938     3.626    -6.210
 4     0.343    -0.799     0.494
 4     0.811     0.517     0.272
 4    -0.473     0.307     0.825
 5   108.282    28.774    10.274
 5     0.274     0.472     0.837
 5     0.912    -0.404    -0.071
 5     0.305     0.783    -0.542
 6   123.186    53.276    16.465
 6     0.541    -0.837    -0.079
 6     0.720     0.509    -0.471
 6     0.434     0.198     0.879
 7   108.682   -20.917    -4.293
 7     0.379     0.903     0.202
 7    -0.923     0.385     0.009
 7    -0.070    -0.190     0.979
 8   114.933   -42.154    15.652
 8     0.408    -0.547     0.731
 8    -0.854    -0.512     0.094
 8     0.323    -0.662    -0.676
 9   132.345   -61.883    17.348
 9     0.706     0.706    -0.058
 9    -0.648     0.677     0.348
 9     0.285    -0.208     0.936
 2    97.959   -18.717    59.915
 2     0.999     0.037    -0.011
 2    -0.037     0.999     0.030
 2     0.012    -0.030     0.999
 3   127.521    -3.872     2.891
 3     0.591    -0.219    -0.776
 3     0.338     0.941    -0.009
 3     0.732    -0.257     0.630
 4   103.295     3.275    -6.199
 4     0.324    -0.797     0.509
 4     0.806     0.514     0.293
 4    -0.496     0.315     0.809
 5   108.000    29.023     9.471
 5     0.273     0.511     0.815
 5     0.924    -0.375    -0.075
 5     0.267     0.774    -0.574
 6   122.749    53.870    14.072
 6     0.547    -0.836    -0.036
 6     0.744     0.505    -0.438
 6     0.384     0.212     0.898
 7   108.331   -21.045    -4.170
 7     0.381     0.896     0.225
 7    -0.921     0.388     0.014
 7    -0.075    -0.213     0.974
 8   114.892   -42.631    15.135
 8     0.407    -0.574     0.710
 8    -0.867    -0.488     0.102
 8     0.288    -0.657    -0.697
 9   132.125   -62.634    15.579
 9     0.705     0.709    -0.019
 9    -0.667     0.671     0.323
 9     0.242    -0.215     0.946
 2    98.007   -18.692    59.918
 2     0.999     0.037    -0.010
 2    -0.036     0.999     0.031
 2     0.011    -0.031     0.999
 3   127.266    -3.888     2.368
 3     0.605    -0.233    -0.762
 3     0.346     0.938    -0.013
 3     0.717    -0.256     0.648
 4   102.630     2.955    -6.230
 4     0.299    -0.797     0.525
 4     0.803     0.507     0.311
 4    -0.515     0.329     0.792
 5   107.555    29.003     8.989
 5     0.274     0.538     0.797
 5     0.930    -0.358    -0.079
 5     0.242     0.763    -0.599
 6   122.222    54.023    12.637
 6     0.550    -0.835    -0.018
 6     0.756     0.507    -0.413
 6     0.354     0.213     0.910
 7   107.972   -21.200    -4.185
 7     0.386     0.886     0.255
 7    -0.918     0.395     0.018
 7    -0.085    -0.241     0.967
 8   114.774   -43.102    14.552
 8     0.405    -0.592     0.696
 8    -0.875    -0.472     0.108
 8     0.265    -0.653    -0.709
 9   131.826   -63.376    14.056
 9     0.702     0.712     0.010
 9    -0.681     0.667     0.303
 9     0.209    -0.219     0.953
 2    97.957   -18.692    59.918
 2     0.999     0.037    -0.010
 2    -0.037     0.999     0.030
 2     0.011    -0.030     0.999
 3   127.036    -3.751     1.792
 3     0.618    -0.248    -0.746
 3     0.354     0.935    -0.017
 3     0.702    -0.254     0.665
 4   101.986     2.683    -6.303
 4     0.277    -0.794     0.541
 4     0.798     0.504     0.331
 4    -0.536     0.340     0.773
 5   107.311    29.110     8.281
 5     0.275     0.561     0.780
 5     0.936    -0.340    -0.086
 5     0.217     0.754    -0.620
 6   121.762    54.360    11.238
 6     0.547    -0.837    -0.013
 6     0.769     0.508    -0.387
 6     0.330     0.202     0.922
 7   107.661   -21.231    -4.254
 7     0.388     0.879     0.276
 7    -0.917     0.399     0.018
 7    -0.094    -0.261     0.961
 8   114.842   -43.372    14.019
 8     0.406    -0.615     0.676
 8    -0.883    -0.454     0.118
 8     0.234    -0.645    -0.727
 9   131.580   -63.812    12.557
 9     0.700     0.713     0.040
 9    -0.692     0.664     0.284
 9     0.176    -0.226     0.958
 2    98.007   -18.692    59.918
 2     0.999     0.037    -0.010
 2    -0.036     0.999     0.031
 2     0.011    -0.031     0.999
 3   127.005    -3.683     1.396
 3     0.625    -0.253    -0.738
 3     0.358     0.933    -0.017
 3     0.693    -0.254     0.674
 4   101.774     2.670    -6.372
 4     0.269    -0.791     0.550
 4     0.792     0.506     0.341
 4    -0.548     0.344     0.762
 5   107.218    29.434     7.426
 5     0.275     0.583     0.764
 5     0.944    -0.314    -0.100
 5     0.182     0.749    -0.637
 6   121.588    54.810     9.217
 6     0.551    -0.834     0.010
 6     0.781     0.512    -0.355
 6     0.291     0.204     0.934
 7   107.536   -21.115    -4.289
 7     0.386     0.876     0.286
 7    -0.916     0.401     0.009
 7    -0.107    -0.266     0.958
 8   114.960   -43.489    13.182
 8     0.409    -0.636     0.654
 8    -0.890    -0.436     0.131
 8     0.202    -0.636    -0.745
 9   131.316   -64.281    10.628
 9     0.698     0.712     0.076
 9    -0.703     0.661     0.260
 9     0.134    -0.235     0.963
 2    98.007   -18.692    59.918
 2     0.999     0.037    -0.010
 2    -0.036     0.999     0.031
 2     0.011    -0.031     0.999
 3   126.921    -3.586     1.223
 3     0.629    -0.256    -0.734
 3     0.356     0.934    -0.021
 3     0.691    -0.248     0.679
 4   101.622     2.610    -6.397
 4     0.265    -0.787     0.558
 4     0.787     0.510     0.346
 4    -0.557     0.347     0.754
 5   107.388    29.763     6.782
 5     0.279     0.605     0.745
 5     0.948    -0.297    -0.114
 5     0.152     0.738    -0.657
 6   121.922    54.954     7.228
 6     0.562    -0.827     0.024
 6     0.788     0.526    -0.319
 6     0.251     0.198     0.947
 7   107.411   -21.000    -4.429
 7     0.384     0.876     0.292
 7    -0.916     0.401    -0.002
 7    -0.119    -0.267     0.956
 8   115.115   -43.816    12.318
 8     0.406    -0.662     0.630
 8    -0.899    -0.413     0.146
 8     0.163    -0.626    -0.763
 9   131.073   -64.599     8.576
 9     0.695     0.709     0.114
 9    -0.713     0.661     0.233
 9     0.090    -0.244     0.966
 2    98.007   -18.692    59.918
 2     0.999     0.037    -0.010
 2    -0.036     0.999     0.031
 2     0.011    -0.031     0.999
 3   126.810    -3.591     0.997
 3     0.634    -0.264    -0.727
 3     0.350     0.936    -0.034
 3     0.689    -0.233     0.686
 4   101.402     2.469    -6.360
 4     0.254    -0.782     0.569
 4     0.780     0.513     0.356
 4    -0.571     0.354     0.741
 5   107.461    29.746     6.366
 5     0.286     0.623     0.728
 5     0.949    -0.289    -0.125
 5     0.132     0.726    -0.674
 6   121.997    55.043     6.611
 6     0.568    -0.823     0.017
 6     0.788     0.537    -0.300
 6     0.238     0.184     0.953
 7   107.256   -20.964    -4.551
 7     0.380     0.871     0.309
 7    -0.915     0.404    -0.012
 7    -0.136    -0.278     0.951
 8   115.354   -44.085    11.571
 8     0.403    -0.706     0.582
 8    -0.907    -0.391     0.153
 8     0.119    -0.590    -0.799
 9   130.693   -65.266     5.971
 9     0.685     0.702     0.192
 9    -0.727     0.653     0.211
 9     0.022    -0.284     0.958
 2    97.957   -18.717    59.918
 2     0.999     0.037    -0.010
 2    -0.037     0.999     0.030
 2     0.011    -0.030     0.999
 3   126.837    -3.649     0.713
 3     0.641    -0.269    -0.719
 3     0.349     0.936    -0.039
 3     0.683    -0.226     0.694
 4   101.227     2.308    -6.337
 4     0.250    -0.778     0.576
 4     0.776     0.517     0.362
 4    -0.579     0.356     0.733
 5   107.444    29.824     5.993
 5     0.290     0.641     0.710
 5     0.951    -0.276    -0.139
 5     0.106     0.716    -0.690
 6   122.312    54.832     4.313
 6     0.596    -0.797     0.091
 6     0.783     0.554    -0.280
 6     0.173     0.239     0.955
 7   107.190   -21.022    -4.618
 7     0.378     0.867     0.323
 7    -0.914     0.405    -0.017
 7    -0.146    -0.289     0.946
 8   115.703   -44.298    11.028
 8     0.405    -0.740     0.536
 8    -0.911    -0.379     0.164
 8     0.082    -0.555    -0.828
 9   130.415   -65.491     3.845
 9     0.677     0.686     0.266
 9    -0.735     0.648     0.198
 9    -0.036    -0.330     0.943
 2    98.007   -18.692    59.918
 2     0.999     0.037    -0.011
 2    -0.037     0.999     0.030
 2     0.011    -0.030     0.999
 3   126.809    -3.708     0.362
 3     0.649    -0.276    -0.709
 3     0.351     0.935    -0.043
 3     0.675    -0.221     0.704
 4   100.930     2.111    -6.366
 4     0.243    -0.773     0.587
 4     0.766     0.523     0.372
 4    -0.595     0.359     0.719
 5   107.622    29.995     5.209
 5     0.294     0.669     0.683
 5     0.953    -0.257    -0.158
 5     0.069     0.697    -0.713
 6   122.332    54.946     2.249
 6     0.613    -0.762     0.209
 6     0.784     0.553    -0.281
 6     0.098     0.336     0.936
 7   107.002   -21.028    -4.490
 7     0.378     0.863     0.334
 7    -0.913     0.407    -0.021
 7    -0.154    -0.297     0.942
 8   116.212   -44.514    10.239
 8     0.408    -0.779     0.476
 8    -0.912    -0.367     0.182
 8     0.034    -0.509    -0.860
 9   130.157   -65.959     1.064
 9     0.661     0.646     0.380
 9    -0.741     0.642     0.197
 9    -0.117    -0.412     0.903
 2    98.007   -18.692    59.943
 2     0.999     0.037    -0.010
 2    -0.037     0.999     0.030
 2     0.011    -0.030     0.999
 3   126.752    -3.735     0.242
 3     0.650    -0.278    -0.707
 3     0.352     0.935    -0.043
 3     0.673    -0.221     0.706
 4   100.747     1.967    -6.425
 4     0.245    -0.766     0.594
 4     0.755     0.534     0.378
 4    -0.608     0.356     0.710
 5   107.832    30.016     4.446
 5     0.298     0.693     0.655
 5     0.954    -0.241    -0.179
 5     0.034     0.679    -0.734
 6   122.217    54.875     0.604
 6     0.621    -0.714     0.323
 6     0.783     0.543    -0.304
 6     0.042     0.442     0.896
 7   106.965   -21.033    -4.521
 7     0.377     0.862     0.339
 7    -0.912     0.409    -0.026
 7    -0.160    -0.299     0.940
 8   116.961   -44.699     9.532
 8     0.411    -0.813     0.413
 8    -0.912    -0.362     0.194
 8    -0.008    -0.456    -0.890
 9   130.024   -65.952    -0.973
 9     0.646     0.585     0.491
 9    -0.742     0.633     0.222
 9    -0.181    -0.507     0.843
 2    97.957   -18.717    59.918
 2     0.999     0.037    -0.011
 2    -0.037     0.999     0.030
 2     0.011    -0.030     0.999
 3   126.723    -3.735     0.170
 3     0.650    -0.281    -0.706
 3     0.355     0.934    -0.044
 3     0.672    -0.222     0.706
 4   100.719     1.853    -6.469
 4     0.244    -0.761     0.601
 4     0.748     0.542     0.383
 4    -0.618     0.356     0.701
 5   108.056    30.100     3.955
 5     0.301     0.707     0.639
 5     0.953    -0.234    -0.191
 5     0.014     0.667    -0.745
 6   122.127    54.907    -0.545
 6     0.624    -0.649     0.435
 6     0.781     0.526    -0.335
 6    -0.012     0.549     0.835
 7   106.955   -21.088    -4.502
 7     0.378     0.859     0.345
 7    -0.911     0.412    -0.027
 7    -0.166    -0.304     0.938
 8   117.403   -44.679     9.220
 8     0.409    -0.836     0.365
 8    -0.912    -0.358     0.201
 8    -0.038    -0.416    -0.909
 9   129.481   -65.958    -2.240
 9     0.623     0.518     0.585
 9    -0.748     0.614     0.253
 9    -0.228    -0.595     0.770
 2    98.007   -18.692    59.918
 2     0.999     0.036    -0.010
 2    -0.036     0.999     0.031
 2     0.011    -0.031     0.999
 3   126.673    -3.709     0.170
 3     0.648    -0.283    -0.707
 3     0.358     0.932    -0.045
 3     0.672    -0.224     0.705
 4   100.697     1.766    -6.443
 4     0.243    -0.757     0.606
 4     0.741     0.548     0.387
 4    -0.626     0.355     0.694
 5   108.260    30.110     3.486
 5     0.302     0.719     0.626
 5     0.953    -0.225    -0.201
 5    -0.004     0.657    -0.753
 6   121.533    55.326    -1.432
 6     0.607    -0.557     0.567
 6     0.792     0.485    -0.372
 6    -0.068     0.674     0.735
 7   106.848   -20.991    -4.488
 7     0.376     0.858     0.349
 7    -0.911     0.412    -0.031
 7    -0.170    -0.306     0.937
 8   117.698   -44.575     8.870
 8     0.403    -0.857     0.321
 8    -0.913    -0.356     0.197
 8    -0.055    -0.373    -0.926
 9   128.896   -66.583    -2.727
 9     0.586     0.410     0.698
 9    -0.766     0.562     0.313
 9    -0.264    -0.719     0.643
 2    98.007   -18.692    59.918
 2     0.999     0.037    -0.010
 2    -0.036     0.999     0.031
 2     0.011    -0.031     0.999
 3   126.623    -3.735     0.119
 3     0.649    -0.283    -0.707
 3     0.357     0.933    -0.045
 3     0.672    -0.224     0.706
 4   100.559     1.761    -6.432
 4     0.242    -0.754     0.611
 4     0.738     0.551     0.389
 4    -0.630     0.357     0.690
 5   108.343    30.198     3.162
 5     0.303     0.731     0.610
 5     0.953    -0.219    -0.210
 5    -0.020     0.645    -0.763
 6   121.138    55.375    -1.946
 6     0.596    -0.458     0.659
 6     0.795     0.448    -0.408
 6    -0.109     0.768     0.631
 7   106.771   -21.096    -4.474
 7     0.370     0.857     0.357
 7    -0.913     0.407    -0.032
 7    -0.173    -0.314     0.933
 8   118.158   -44.386     8.792
 8     0.400    -0.879     0.258
 8    -0.914    -0.361     0.185
 8    -0.070    -0.310    -0.948
 9   128.565   -66.692    -3.270
 9     0.557     0.271     0.785
 9    -0.775     0.510     0.374
 9    -0.300    -0.816     0.494
 2    98.007   -18.692    59.917
 2     0.999     0.036    -0.010
 2    -0.036     0.999     0.031
 2     0.011    -0.030     0.999
 3   126.620    -3.735     0.072
 3     0.650    -0.282    -0.706
 3     0.358     0.932    -0.044
 3     0.671    -0.224     0.707
 4   100.544     1.703    -6.467
 4     0.241    -0.750     0.615
 4     0.734     0.556     0.390
 4    -0.635     0.357     0.685
 5   108.463    30.241     2.828
 5     0.301     0.740     0.600
 5     0.953    -0.214    -0.215
 5    -0.031     0.637    -0.770
 6   120.915    55.352    -2.638
 6     0.581    -0.376     0.722
 6     0.801     0.422    -0.425
 6    -0.145     0.825     0.546
 7   106.770   -21.097    -4.470
 7     0.370     0.856     0.359
 7    -0.912     0.408    -0.032
 7    -0.174    -0.316     0.932
 8   118.775   -44.304     8.513
 8     0.396    -0.897     0.192
 8    -0.913    -0.364     0.182
 8    -0.094    -0.248    -0.964
 9   128.131   -66.953    -4.342
 9     0.522     0.116     0.845
 9    -0.783     0.457     0.421
 9    -0.338    -0.881     0.330
 2    98.007   -18.692    59.918
 2     0.999     0.037    -0.011
 2    -0.037     0.999     0.030
 2     0.011    -0.030     0.999
 3   126.613    -3.788     0.029
 3     0.651    -0.283    -0.705
 3     0.358     0.932    -0.044
 3     0.669    -0.224     0.708
 4   100.536     1.649    -6.508
 4     0.241    -0.748     0.618
 4     0.731     0.559     0.391
 4    -0.638     0.357     0.682
 5   108.509    30.283     2.547
 5     0.299     0.747     0.593
 5     0.953    -0.207    -0.220
 5    -0.042     0.631    -0.775
 6   120.568    55.565    -3.167
 6     0.564    -0.309     0.765
 6     0.807     0.400    -0.434
 6    -0.172     0.863     0.475
 7   106.757   -21.051    -4.448
 7     0.370     0.854     0.365
 7    -0.911     0.411    -0.036
 7    -0.181    -0.320     0.930
 8   119.055   -44.333     7.738
 8     0.382    -0.913     0.138
 8    -0.916    -0.355     0.186
 8    -0.121    -0.198    -0.973
 9   127.319   -67.011    -5.624
 9     0.487    -0.036     0.872
 9    -0.789     0.411     0.458
 9    -0.375    -0.911     0.172
 2    97.958   -18.640    59.940
 2     0.999     0.036    -0.011
 2    -0.036     0.999     0.031
 2     0.012    -0.030     0.999
 3   126.564    -3.789     0.003
 3     0.651    -0.282    -0.704
 3     0.357     0.933    -0.043
 3     0.669    -0.224     0.708
 4   100.455     1.646    -6.501
 4     0.241    -0.747     0.620
 4     0.729     0.561     0.391
 4    -0.640     0.357     0.680
 5   108.603    30.354     2.281
 5     0.294     0.761     0.578
 5     0.954    -0.201    -0.221
 5    -0.052     0.617    -0.785
 6   120.098    55.689    -3.068
 6     0.544    -0.247     0.802
 6     0.818     0.369    -0.442
 6    -0.187     0.896     0.403
 7   106.591   -20.960    -4.416
 7     0.364     0.853     0.373
 7    -0.912     0.408    -0.044
 7    -0.190    -0.324     0.927
 8   119.055   -44.333     7.260
 8     0.366    -0.926     0.093
 8    -0.920    -0.346     0.182
 8    -0.137    -0.152    -0.979
 9   126.556   -67.463    -6.349
 9     0.455    -0.169     0.874
 9    -0.797     0.360     0.485
 9    -0.397    -0.917     0.030
 2    98.007   -18.692    59.918
 2     0.999     0.037    -0.010
 2    -0.037     0.999     0.030
 2     0.011    -0.030     0.999
 3   126.557    -3.791    -0.091
 3     0.654    -0.281    -0.702
 3     0.356     0.933    -0.042
 3     0.667    -0.222     0.711
 4   100.449     1.696    -6.501
 4     0.239    -0.745     0.623
 4     0.729     0.561     0.391
 4    -0.641     0.361     0.677
 5   108.523    30.410     2.246
 5     0.288     0.769     0.570
 5     0.956    -0.199    -0.215
 5    -0.052     0.607    -0.793
 6   119.488    56.048    -2.689
 6     0.516    -0.154     0.842
 6     0.832     0.321    -0.452
 6    -0.201     0.934     0.294
 7   106.559   -20.940    -4.473
 7     0.360     0.852     0.379
 7    -0.912     0.406    -0.048
 7    -0.195    -0.329     0.924
 8   119.305   -44.195     7.096
 8     0.354    -0.934     0.051
 8    -0.925    -0.341     0.168
 8    -0.140    -0.107    -0.984
 9   126.255   -67.781    -6.168
 9     0.432    -0.324     0.841
 9    -0.808     0.274     0.521
 9    -0.400    -0.905    -0.143
 2    97.958   -18.640    59.940
 2     0.999     0.036    -0.011
 2    -0.036     0.999     0.031
 2     0.012    -0.030     0.999
 3   126.526    -3.744    -0.160
 3     0.657    -0.281    -0.700
 3     0.354     0.934    -0.043
 3     0.665    -0.220     0.713
 4   100.393     1.746    -6.450
 4     0.236    -0.744     0.625
 4     0.730     0.560     0.391
 4    -0.642     0.364     0.675
 5   108.379    30.489     2.089
 5     0.277     0.783     0.556
 5     0.959    -0.192    -0.208
 5    -0.056     0.591    -0.804
 6   118.919    56.193    -2.986
 6     0.492    -0.069     0.868
 6     0.841     0.294    -0.453
 6    -0.224     0.953     0.203
 7   106.505   -20.841    -4.436
 7     0.358     0.851     0.384
 7    -0.912     0.406    -0.049
 7    -0.198    -0.333     0.922
 8   119.733   -43.939     7.096
 8     0.346    -0.938    -0.021
