% Calibrated with leiden_pols
% Positions are in centimeters
Data =[
 2    98.007   -18.717    59.918
 2     0.999     0.037    -0.010
 2    -0.037     0.999     0.030
 2     0.011    -0.030     0.999
 3   127.994    -4.624     4.420
 3     0.634    -0.106    -0.766
 3     0.230     0.971     0.056
 3     0.738    -0.212     0.641
 4   106.810     8.805    -3.380
 4     0.521    -0.722     0.455
 4     0.831     0.550    -0.081
 4    -0.192     0.420     0.887
 5   111.323    19.942    23.085
 5     0.314    -0.273     0.909
 5     0.282    -0.888    -0.364
 5     0.906     0.371    -0.202
 6   125.986    24.120    49.115
 6     0.193    -0.238    -0.952
 6     0.030     0.971    -0.237
 6     0.980     0.017     0.195
 7   109.015   -22.096    -2.649
 7     0.414     0.875     0.250
 7    -0.910     0.388     0.146
 7     0.031    -0.289     0.957
 8   113.507   -29.558    25.499
 8     0.375     0.390     0.840
 8    -0.125    -0.877     0.463
 8     0.918    -0.279    -0.281
 9   128.411   -26.222    48.520
 9     0.427    -0.242    -0.871
 9     0.119     0.970    -0.211
 9     0.896    -0.014     0.443
 2    98.007   -18.692    59.918
 2     0.999     0.038    -0.010
 2    -0.037     0.999     0.030
 2     0.011    -0.030     0.999
 3   128.006    -4.646     4.535
 3     0.631    -0.104    -0.769
 3     0.229     0.971     0.058
 3     0.741    -0.213     0.637
 4   106.864     8.705    -3.381
 4     0.522    -0.723     0.451
 4     0.831     0.550    -0.080
 4    -0.191     0.417     0.889
 5   111.323    19.941    23.037
 5     0.314    -0.276     0.908
 5     0.283    -0.886    -0.367
 5     0.906     0.372    -0.200
 6   125.999    24.073    49.099
 6     0.193    -0.239    -0.952
 6     0.030     0.971    -0.238
 6     0.981     0.017     0.194
 7   109.016   -22.147    -2.627
 7     0.413     0.876     0.247
 7    -0.910     0.387     0.145
 7     0.032    -0.285     0.958
 8   113.508   -29.507    25.499
 8     0.375     0.390     0.841
 8    -0.125    -0.878     0.463
 8     0.918    -0.278    -0.281
 9   128.382   -26.222    48.503
 9     0.428    -0.239    -0.871
 9     0.122     0.970    -0.207
 9     0.895    -0.018     0.445
 2    98.009   -18.691    59.915
 2     0.999     0.038    -0.011
 2    -0.037     0.999     0.031
 2     0.012    -0.030     0.999
 3   128.014    -4.695     4.577
 3     0.629    -0.102    -0.771
 3     0.229     0.971     0.059
 3     0.743    -0.214     0.635
 4   106.920     8.706    -3.386
 4     0.524    -0.724     0.449
 4     0.831     0.551    -0.081
 4    -0.189     0.415     0.890
 5   111.323    19.942    23.039
 5     0.312    -0.278     0.908
 5     0.283    -0.885    -0.369
 5     0.906     0.372    -0.198
 6   125.998    24.121    49.098
 6     0.192    -0.241    -0.951
 6     0.028     0.970    -0.240
 6     0.981     0.019     0.193
 7   109.069   -22.096    -2.659
 7     0.411     0.878     0.243
 7    -0.911     0.386     0.146
 7     0.034    -0.281     0.959
 8   113.459   -29.507    25.627
 8     0.376     0.385     0.843
 8    -0.126    -0.880     0.458
 8     0.918    -0.278    -0.282
 9   128.330   -26.144    48.643
 9     0.429    -0.231    -0.873
 9     0.129     0.972    -0.194
 9     0.894    -0.029     0.447
 2    98.009   -18.691    59.915
 2     0.999     0.038    -0.011
 2    -0.037     0.999     0.031
 2     0.012    -0.030     0.999
 3   128.014    -4.695     4.679
 3     0.629    -0.101    -0.771
 3     0.229     0.971     0.059
 3     0.743    -0.214     0.634
 4   106.923     8.682    -3.337
 4     0.524    -0.724     0.448
 4     0.830     0.551    -0.081
 4    -0.188     0.415     0.890
 5   111.331    19.892    23.035
 5     0.312    -0.282     0.907
 5     0.283    -0.884    -0.372
 5     0.907     0.373    -0.196
 6   125.948    24.070    49.047
 6     0.192    -0.242    -0.951
 6     0.028     0.970    -0.241
 6     0.981     0.019     0.193
 7   109.072   -22.044    -2.589
 7     0.410     0.880     0.239
 7    -0.911     0.385     0.145
 7     0.036    -0.278     0.960
 8   113.330   -29.485    25.687
 8     0.376     0.380     0.845
 8    -0.129    -0.882     0.453
 8     0.917    -0.279    -0.283
 9   128.327   -26.274    48.548
 9     0.431    -0.227    -0.873
 9     0.127     0.973    -0.191
 9     0.893    -0.029     0.449
 2    98.009   -18.691    59.940
 2     0.999     0.037    -0.011
 2    -0.037     0.999     0.031
 2     0.012    -0.030     0.999
 3   127.953    -4.647     4.819
 3     0.632    -0.103    -0.768
 3     0.230     0.971     0.059
 3     0.740    -0.214     0.638
 4   106.922     8.707    -3.389
 4     0.524    -0.724     0.449
 4     0.831     0.550    -0.082
 4    -0.188     0.416     0.890
 5   111.325    19.941    23.042
 5     0.312    -0.282     0.907
 5     0.283    -0.884    -0.372
 5     0.906     0.373    -0.196
 6   125.997    24.071    49.045
 6     0.193    -0.242    -0.951
 6     0.028     0.970    -0.241
 6     0.981     0.020     0.193
 7   108.996   -21.970    -2.589
 7     0.407     0.882     0.237
 7    -0.912     0.383     0.144
 7     0.036    -0.275     0.961
 8   113.275   -29.436    25.695
 8     0.378     0.376     0.846
 8    -0.130    -0.883     0.451
 8     0.916    -0.281    -0.285
 9   128.321   -26.277    48.555
 9     0.433    -0.226    -0.872
 9     0.125     0.974    -0.190
 9     0.892    -0.027     0.450
 2    98.007   -18.692    59.918
 2     0.999     0.037    -0.010
 2    -0.037     0.999     0.030
 2     0.011    -0.030     0.999
 3   127.917    -4.626     4.959
 3     0.635    -0.105    -0.765
 3     0.230     0.971     0.058
 3     0.737    -0.213     0.641
 4   106.924     8.708    -3.392
 4     0.524    -0.724     0.449
 4     0.831     0.550    -0.083
 4    -0.187     0.416     0.890
 5   111.324    19.941    23.041
 5     0.313    -0.283     0.906
 5     0.284    -0.883    -0.374
 5     0.906     0.374    -0.197
 6   125.997    24.072    49.097
 6     0.192    -0.241    -0.951
 6     0.029     0.970    -0.240
 6     0.981     0.019     0.193
 7   108.946   -21.920    -2.538
 7     0.406     0.883     0.235
 7    -0.913     0.382     0.143
 7     0.036    -0.273     0.961
 8   113.276   -29.436    25.696
 8     0.378     0.376     0.846
 8    -0.131    -0.883     0.451
 8     0.916    -0.281    -0.285
 9   128.321   -26.277    48.554
 9     0.434    -0.226    -0.872
 9     0.125     0.973    -0.191
 9     0.892    -0.026     0.451
 2    98.007   -18.718    59.918
 2     0.999     0.038    -0.010
 2    -0.038     0.999     0.030
 2     0.011    -0.030     0.999
 3   127.913    -4.652     5.014
 3     0.636    -0.106    -0.764
 3     0.231     0.971     0.058
 3     0.736    -0.213     0.643
 4   106.949     8.683    -3.392
 4     0.524    -0.724     0.449
 4     0.831     0.550    -0.083
 4    -0.187     0.416     0.890
 5   111.325    19.889    23.043
 5     0.313    -0.285     0.906
 5     0.284    -0.882    -0.375
 5     0.906     0.375    -0.196
 6   125.998    24.072    49.098
 6     0.192    -0.240    -0.951
 6     0.029     0.970    -0.239
 6     0.981     0.018     0.193
 7   108.848   -21.921    -2.540
 7     0.404     0.884     0.234
 7    -0.914     0.380     0.142
 7     0.037    -0.272     0.961
 8   113.281   -29.385    25.687
 8     0.377     0.376     0.846
 8    -0.131    -0.883     0.451
 8     0.917    -0.281    -0.284
 9   128.266   -26.178    48.561
 9     0.435    -0.227    -0.871
 9     0.125     0.973    -0.191
 9     0.891    -0.027     0.452
 2    98.007   -18.717    59.918
 2     0.999     0.038    -0.010
 2    -0.037     0.999     0.030
 2     0.011    -0.030     0.999
 3   127.810    -4.653     5.070
 3     0.637    -0.106    -0.764
 3     0.231     0.971     0.058
 3     0.735    -0.214     0.643
 4   106.929     8.685    -3.347
 4     0.524    -0.724     0.448
 4     0.831     0.549    -0.085
 4    -0.185     0.417     0.890
 5   111.326    19.889    23.044
 5     0.313    -0.286     0.905
 5     0.284    -0.882    -0.377
 5     0.906     0.375    -0.195
 6   125.999    24.072    49.099
 6     0.193    -0.240    -0.951
 6     0.029     0.970    -0.239
 6     0.981     0.018     0.194
 7   108.897   -21.870    -2.541
 7     0.404     0.884     0.233
 7    -0.914     0.380     0.142
 7     0.037    -0.271     0.962
 8   113.111   -29.462    25.219
 8     0.335     0.383     0.861
 8    -0.155    -0.879     0.451
 8     0.929    -0.284    -0.235
 9   128.311   -26.179    48.568
 9     0.437    -0.225    -0.871
 9     0.127     0.974    -0.188
 9     0.890    -0.028     0.454
 2    98.009   -18.691    59.915
 2     0.999     0.038    -0.011
 2    -0.037     0.999     0.031
 2     0.012    -0.030     0.999
 3   127.914    -4.702     5.066
 3     0.636    -0.104    -0.764
 3     0.231     0.971     0.060
 3     0.736    -0.215     0.642
 4   107.075     8.590    -3.322
 4     0.529    -0.722     0.446
 4     0.830     0.549    -0.096
 4    -0.176     0.421     0.890
 5   111.314    19.885    23.016
 5     0.313    -0.290     0.904
 5     0.291    -0.877    -0.382
 5     0.904     0.383    -0.190
 6   126.021    24.115    49.000
 6     0.199    -0.246    -0.948
 6     0.029     0.969    -0.245
 6     0.979     0.021     0.200
 7   109.013   -21.863    -2.465
 7     0.405     0.886     0.226
 7    -0.913     0.380     0.148
 7     0.045    -0.267     0.963
 8   113.008   -29.371    25.292
 8     0.318     0.374     0.871
 8    -0.164    -0.883     0.439
 8     0.933    -0.283    -0.220
 9   128.187   -26.413    48.643
 9     0.442    -0.192    -0.876
 9     0.125     0.980    -0.151
 9     0.888    -0.043     0.457
 2    98.010   -18.691    59.915
 2     0.999     0.038    -0.011
 2    -0.038     0.999     0.031
 2     0.012    -0.031     0.999
 3   127.962    -4.695     5.169
 3     0.628    -0.099    -0.772
 3     0.231     0.970     0.065
 3     0.742    -0.219     0.632
 4   107.157     8.694    -3.381
 4     0.531    -0.722     0.444
 4     0.829     0.550    -0.099
 4    -0.173     0.420     0.891
 5   111.288    19.816    22.802
 5     0.301    -0.289     0.909
 5     0.303    -0.874    -0.378
 5     0.904     0.389    -0.176
 6   125.940    24.946    48.647
 6     0.221    -0.313    -0.923
 6     0.037     0.949    -0.313
 6     0.974     0.035     0.221
 7   109.093   -21.809    -2.476
 7     0.408     0.885     0.222
 7    -0.912     0.382     0.151
 7     0.048    -0.265     0.963
 8   113.060   -29.548    25.045
 8     0.301     0.387     0.871
 8    -0.180    -0.874     0.451
 8     0.936    -0.293    -0.194
 9   128.093   -26.691    48.560
 9     0.440    -0.187    -0.878
 9     0.123     0.981    -0.147
 9     0.889    -0.043     0.455
 2    98.007   -18.692    59.918
 2     0.999     0.037    -0.010
 2    -0.037     0.999     0.030
 2     0.011    -0.030     0.999
 3   127.990    -4.735     5.081
 3     0.620    -0.099    -0.778
 3     0.232     0.971     0.061
 3     0.750    -0.218     0.625
 4   107.198     8.690    -3.402
 4     0.522    -0.737     0.428
 4     0.833     0.547    -0.075
 4    -0.180     0.396     0.900
 5   110.983    20.177    22.681
 5     0.284    -0.186     0.940
 5     0.363    -0.887    -0.285
 5     0.887     0.422    -0.184
 6   125.698    27.387    47.937
 6     0.236    -0.382    -0.893
 6     0.089     0.924    -0.371
 6     0.967     0.008     0.252
 7   109.188   -21.808    -2.526
 7     0.411     0.884     0.220
 7    -0.910     0.386     0.149
 7     0.047    -0.261     0.964
 8   113.030   -30.017    24.857
 8     0.302     0.386     0.871
 8    -0.208    -0.865     0.455
 8     0.930    -0.319    -0.181
 9   128.274   -28.073    48.205
 9     0.443    -0.182    -0.878
 9     0.095     0.983    -0.157
 9     0.891    -0.014     0.453
 2    98.007   -18.718    59.918
 2     0.999     0.038    -0.010
 2    -0.038     0.999     0.030
 2     0.011    -0.030     0.999
 3   127.983    -4.626     5.059
 3     0.611    -0.102    -0.785
 3     0.236     0.970     0.058
 3     0.755    -0.221     0.617
 4   107.108     8.582    -3.452
 4     0.520    -0.740     0.426
 4     0.833     0.550    -0.062
 4    -0.188     0.387     0.902
 5   110.693    21.041    22.139
 5     0.272    -0.107     0.956
 5     0.439    -0.870    -0.223
 5     0.856     0.480    -0.190
 6   125.521    30.274    46.552
 6     0.247    -0.418    -0.874
 6     0.151     0.908    -0.391
 6     0.957    -0.036     0.288
 7   109.180   -21.786    -2.569
 7     0.410     0.885     0.218
 7    -0.911     0.387     0.145
 7     0.044    -0.258     0.965
 8   113.414   -30.928    24.673
 8     0.325     0.353     0.877
 8    -0.254    -0.861     0.441
 8     0.911    -0.366    -0.191
 9   129.472   -30.463    46.970
 9     0.481    -0.146    -0.865
 9     0.039     0.988    -0.146
 9     0.876     0.036     0.481
 2    98.008   -18.692    59.918
 2     0.999     0.038    -0.011
 2    -0.038     0.999     0.031
 2     0.011    -0.031     0.999
 3   128.000    -4.617     5.036
 3     0.603    -0.106    -0.791
 3     0.240     0.969     0.053
 3     0.760    -0.222     0.610
 4   106.775     8.103    -3.719
 4     0.504    -0.756     0.418
 4     0.836     0.548    -0.018
 4    -0.216     0.359     0.908
 5   110.113    22.018    21.412
 5     0.266    -0.010     0.964
 5     0.517    -0.843    -0.151
 5     0.813     0.538    -0.220
 6   125.047    33.965    44.534
 6     0.274    -0.483    -0.831
 6     0.226     0.873    -0.433
 6     0.935    -0.069     0.348
 7   109.142   -21.702    -2.623
 7     0.405     0.889     0.214
 7    -0.914     0.386     0.125
 7     0.028    -0.247     0.968
 8   113.783   -32.125    24.151
 8     0.357     0.295     0.886
 8    -0.313    -0.856     0.411
 8     0.880    -0.424    -0.214
 9   130.639   -33.293    45.578
 9     0.521    -0.101    -0.848
 9    -0.019     0.991    -0.130
 9     0.853     0.083     0.514
 2    97.959   -18.717    59.915
 2     0.999     0.038    -0.011
 2    -0.038     0.999     0.030
 2     0.012    -0.030     0.999
 3   127.957    -4.535     4.893
 3     0.597    -0.118    -0.794
 3     0.246     0.968     0.041
 3     0.763    -0.220     0.607
 4   106.319     7.731    -3.954
 4     0.484    -0.767     0.421
 4     0.842     0.539     0.016
 4    -0.240     0.346     0.907
 5   109.760    23.060    20.501
 5     0.270     0.077     0.959
 5     0.585    -0.805    -0.100
 5     0.764     0.588    -0.263
 6   124.850    37.249    42.083
 6     0.310    -0.549    -0.776
 6     0.305     0.831    -0.465
 6     0.900    -0.093     0.425
 7   108.948   -21.545    -2.870
 7     0.398     0.891     0.216
 7    -0.917     0.384     0.103
 7     0.009    -0.240     0.971
 8   113.881   -32.992    23.617
 8     0.386     0.178     0.905
 8    -0.383    -0.862     0.333
 8     0.839    -0.475    -0.265
 9   131.959   -37.102    43.301
 9     0.580     0.017    -0.814
 9    -0.113     0.992    -0.060
 9     0.807     0.127     0.577
 2    98.009   -18.717    59.940
 2     0.999     0.038    -0.011
 2    -0.038     0.999     0.030
 2     0.012    -0.030     0.999
 3   127.913    -4.405     4.806
 3     0.595    -0.123    -0.794
 3     0.247     0.968     0.036
 3     0.765    -0.218     0.606
 4   106.043     7.512    -4.174
 4     0.469    -0.773     0.426
 4     0.844     0.535     0.042
 4    -0.261     0.340     0.903
 5   109.381    24.254    19.590
 5     0.266     0.162     0.950
 5     0.652    -0.756    -0.054
 5     0.710     0.633    -0.307
 6   124.546    40.435    39.580
 6     0.333    -0.599    -0.728
 6     0.371     0.793    -0.482
 6     0.866    -0.110     0.487
 7   108.733   -21.313    -3.067
 7     0.387     0.896     0.217
 7    -0.922     0.379     0.082
 7    -0.009    -0.232     0.972
 8   114.097   -33.854    22.918
 8     0.404     0.083     0.911
 8    -0.445    -0.852     0.275
 8     0.799    -0.517    -0.307
 9   132.759   -40.025    41.103
 9     0.616     0.096    -0.782
 9    -0.186     0.982    -0.025
 9     0.765     0.160     0.623
 2    98.007   -18.718    59.918
 2     0.999     0.038    -0.011
 2    -0.038     0.999     0.030
 2     0.011    -0.030     0.999
 3   127.963    -4.224     4.571
 3     0.591    -0.132    -0.796
 3     0.252     0.967     0.026
 3     0.766    -0.216     0.605
 4   105.811     7.267    -4.414
 4     0.450    -0.782     0.431
 4     0.846     0.527     0.072
 4    -0.284     0.333     0.899
 5   109.232    25.170    18.527
 5     0.264     0.230     0.936
 5     0.705    -0.709    -0.025
 5     0.658     0.667    -0.349
 6   124.310    43.459    36.579
 6     0.358    -0.650    -0.670
 6     0.447     0.749    -0.489
 6     0.820    -0.125     0.558
 7   108.869   -21.048    -3.302
 7     0.389     0.896     0.215
 7    -0.921     0.384     0.065
 7    -0.025    -0.224     0.974
 8   114.404   -34.871    22.041
 8     0.415     0.010     0.909
 8    -0.507    -0.828     0.241
 8     0.755    -0.561    -0.339
 9   133.424   -42.605    38.997
 9     0.639     0.155    -0.753
 9    -0.251     0.968    -0.014
 9     0.726     0.198     0.658
 2    98.009   -18.691    59.915
 2     0.999     0.037    -0.011
 2    -0.037     0.999     0.030
 2     0.012    -0.030     0.999
 3   128.005    -4.042     4.243
 3     0.588    -0.147    -0.796
 3     0.262     0.965     0.016
 3     0.765    -0.218     0.606
 4   105.551     6.841    -4.749
 4     0.435    -0.787     0.438
 4     0.845     0.524     0.101
 4    -0.309     0.326     0.893
 5   109.096    26.110    17.257
 5     0.263     0.277     0.924
 5     0.751    -0.660    -0.016
 5     0.605     0.698    -0.383
 6   124.113    45.832    33.774
 6     0.371    -0.677    -0.636
 6     0.503     0.722    -0.475
 6     0.781    -0.144     0.608
 7   108.823   -20.811    -3.550
 7     0.390     0.894     0.218
 7    -0.919     0.390     0.045
 7    -0.045    -0.218     0.975
 8   114.577   -36.228    20.904
 8     0.426    -0.062     0.902
 8    -0.576    -0.787     0.218
 8     0.697    -0.613    -0.372
 9   133.996   -45.887    35.878
 9     0.665     0.220    -0.714
 9    -0.329     0.944    -0.015
 9     0.671     0.245     0.700
 2    98.007   -18.692    59.918
 2     0.999     0.037    -0.010
 2    -0.037     0.999     0.030
 2     0.011    -0.030     0.999
 3   127.994    -3.814     4.073
 3     0.588    -0.156    -0.794
 3     0.268     0.963     0.009
 3     0.763    -0.218     0.608
 4   105.257     6.513    -4.949
 4     0.421    -0.788     0.449
 4     0.842     0.523     0.129
 4    -0.337     0.323     0.884
 5   108.928    27.215    15.915
 5     0.264     0.333     0.905
 5     0.800    -0.600    -0.013
 5     0.539     0.727    -0.424
 6   123.921    48.190    30.206
 6     0.392    -0.705    -0.591
 6     0.564     0.691    -0.451
 6     0.726    -0.157     0.669
 7   108.738   -20.507    -3.825
 7     0.387     0.894     0.225
 7    -0.919     0.393     0.019
 7    -0.072    -0.214     0.974
 8   114.632   -37.455    19.608
 8     0.433    -0.135     0.891
 8    -0.640    -0.743     0.198
 8     0.635    -0.656    -0.408
 9   134.097   -49.379    32.532
 9     0.684     0.288    -0.670
 9    -0.408     0.913    -0.023
 9     0.605     0.289     0.742
 2    98.009   -18.691    59.915
 2     0.999     0.037    -0.011
 2    -0.037     0.999     0.030
 2     0.012    -0.030     0.999
 3   127.942    -3.711     3.817
 3     0.587    -0.164    -0.793
 3     0.271     0.962     0.002
 3     0.763    -0.216     0.609
 4   104.912     6.260    -5.176
 4     0.406    -0.789     0.460
 4     0.838     0.523     0.157
 4    -0.365     0.321     0.874
 5   108.865    28.099    14.689
 5     0.267     0.384     0.884
 5     0.836    -0.548    -0.015
 5     0.479     0.743    -0.468
 6   123.719    50.323    27.047
 6     0.406    -0.733    -0.546
 6     0.619     0.660    -0.425
 6     0.671    -0.166     0.722
 7   108.548   -20.295    -4.051
 7     0.385     0.894     0.229
 7    -0.918     0.396     0.001
 7    -0.090    -0.211     0.973
 8   114.763   -38.576    18.345
 8     0.440    -0.215     0.872
 8    -0.697    -0.693     0.181
 8     0.566    -0.688    -0.455
 9   134.425   -52.002    28.983
 9     0.702     0.347    -0.622
 9    -0.471     0.881    -0.040
 9     0.534     0.321     0.782
 2    98.008   -18.692    59.867
 2     0.999     0.038    -0.010
 2    -0.038     0.999     0.030
 2     0.011    -0.030     0.999
 3   127.831    -3.533     3.519
 3     0.586    -0.176    -0.791
 3     0.278     0.960    -0.007
 3     0.761    -0.216     0.612
 4   104.391     5.872    -5.377
 4     0.384    -0.791     0.477
 4     0.831     0.521     0.194
 4    -0.402     0.321     0.857
 5   108.819    28.756    13.375
 5     0.274     0.427     0.861
 5     0.864    -0.502    -0.026
 5     0.421     0.752    -0.507
 6   123.874    51.696    23.817
 6     0.424    -0.745    -0.515
 6     0.662     0.643    -0.385
 6     0.618    -0.178     0.766
 7   108.483   -20.131    -4.178
 7     0.390     0.890     0.234
 7    -0.914     0.405    -0.015
 7    -0.108    -0.209     0.972
 8   115.054   -39.802    16.956
 8     0.446    -0.299     0.844
 8    -0.752    -0.636     0.172
 8     0.485    -0.711    -0.508
 9   134.546   -54.867    24.873
 9     0.716     0.416    -0.561
 9    -0.538     0.841    -0.063
 9     0.445     0.346     0.825
 2    97.959   -18.691    59.915
 2     0.999     0.037    -0.011
 2    -0.037     0.999     0.031
 2     0.012    -0.031     0.999
 3   127.780    -3.306     3.190
 3     0.587    -0.192    -0.786
 3     0.292     0.956    -0.016
 3     0.755    -0.221     0.617
 4   103.966     5.252    -5.545
 4     0.363    -0.791     0.492
 4     0.821     0.521     0.232
 4    -0.441     0.320     0.839
 5   108.759    29.240    11.973
 5     0.277     0.468     0.839
 5     0.888    -0.457    -0.039
 5     0.365     0.756    -0.543
 6   123.770    52.940    20.486
 6     0.441    -0.763    -0.472
 6     0.701     0.621    -0.349
 6     0.560    -0.177     0.809
 7   108.348   -20.017    -4.361
 7     0.393     0.887     0.241
 7    -0.911     0.412    -0.028
 7    -0.124    -0.209     0.970
 8   115.303   -40.812    15.520
 8     0.450    -0.372     0.811
 8    -0.792    -0.587     0.171
 8     0.412    -0.719    -0.559
 9   134.555   -57.421    20.747
 9     0.724     0.479    -0.497
 9    -0.591     0.802    -0.088
 9     0.356     0.357     0.863
 2    98.007   -18.692    59.918
 2     0.999     0.037    -0.010
 2    -0.037     0.999     0.030
 2     0.011    -0.030     0.999
 3   127.641    -3.365     2.775
 3     0.595    -0.205    -0.777
 3     0.302     0.953    -0.019
 3     0.745    -0.224     0.629
 4   103.338     4.584    -5.747
 4     0.338    -0.789     0.513
 4     0.811     0.521     0.267
 4    -0.478     0.326     0.816
 5   108.388    29.474    10.629
 5     0.278     0.509     0.815
 5     0.908    -0.415    -0.051
 5     0.313     0.754    -0.578
 6   123.362    53.809    17.305
 6     0.452    -0.781    -0.431
 6     0.734     0.600    -0.319
 6     0.507    -0.172     0.844
 7   108.066   -20.030    -4.484
 7     0.394     0.881     0.259
 7    -0.908     0.417    -0.038
 7    -0.141    -0.221     0.965
 8   115.594   -41.797    14.208
 8     0.455    -0.456     0.765
 8    -0.827    -0.535     0.174
 8     0.329    -0.712    -0.620
 9   134.463   -59.290    16.610
 9     0.729     0.539    -0.420
 9    -0.632     0.766    -0.115
 9     0.260     0.349     0.900
 2    98.009   -18.691    59.940
 2     0.999     0.038    -0.011
 2    -0.038     0.999     0.030
 2     0.012    -0.030     0.999
 3   127.334    -3.206     2.152
 3     0.610    -0.231    -0.758
 3     0.322     0.946    -0.030
 3     0.724    -0.226     0.651
 4   102.570     3.988    -5.994
 4     0.306    -0.786     0.537
 4     0.798     0.519     0.305
 4    -0.518     0.336     0.786
 5   108.035    29.800     9.135
 5     0.278     0.557     0.782
 5     0.928    -0.366    -0.069
 5     0.248     0.745    -0.619
 6   122.761    54.716    13.530
 6     0.465    -0.803    -0.371
 6     0.770     0.574    -0.278
 6     0.437    -0.156     0.886
 7   107.677   -20.096    -4.444
 7     0.397     0.873     0.281
 7    -0.903     0.426    -0.048
 7    -0.162    -0.235     0.958
 8   116.018   -42.709    12.399
 8     0.467    -0.521     0.714
 8    -0.851    -0.483     0.204
 8     0.238    -0.703    -0.670
 9   134.597   -60.732    11.777
 9     0.737     0.584    -0.340
 9    -0.658     0.734    -0.166
 9     0.152     0.345     0.926
 2    98.007   -18.718    59.918
 2     0.999     0.038    -0.010
 2    -0.038     0.999     0.030
 2     0.011    -0.030     0.999
 3   127.060    -3.166     1.746
 3     0.619    -0.249    -0.745
 3     0.334     0.942    -0.038
 3     0.711    -0.225     0.666
 4   101.945     3.394    -6.070
 4     0.286    -0.780     0.557
 4     0.782     0.525     0.334
 4    -0.553     0.340     0.760
 5   107.857    30.147     7.491
 5     0.281     0.600     0.749
 5     0.942    -0.320    -0.098
 5     0.181     0.733    -0.656
 6   122.391    55.417     9.783
 6     0.480    -0.818    -0.316
 6     0.798     0.557    -0.230
 6     0.364    -0.143     0.920
 7   107.324   -20.056    -4.444
 7     0.400     0.866     0.299
 7    -0.899     0.434    -0.055
 7    -0.178    -0.248     0.952
 8   116.324   -43.358    10.914
 8     0.477    -0.569     0.669
 8    -0.864    -0.445     0.237
 8     0.162    -0.691    -0.704
 9   134.703   -61.418     7.768
 9     0.742     0.613    -0.272
 9    -0.668     0.713    -0.213
 9     0.063     0.339     0.938
 2    98.007   -18.692    59.943
 2     0.999     0.037    -0.010
 2    -0.037     0.999     0.030
 2     0.011    -0.030     0.999
 3   126.909    -3.221     1.545
 3     0.622    -0.259    -0.739
 3     0.342     0.938    -0.041
 3     0.704    -0.228     0.673
 4   101.515     2.983    -6.215
 4     0.272    -0.775     0.571
 4     0.767     0.533     0.357
 4    -0.581     0.340     0.739
 5   107.815    30.282     6.358
 5     0.287     0.623     0.727
 5     0.948    -0.292    -0.124
 5     0.135     0.725    -0.675
 6   122.436    55.501     7.107
 6     0.497    -0.823    -0.274
 6     0.809     0.553    -0.197
 6     0.313    -0.124     0.941
 7   107.176   -20.192    -4.452
 7     0.401     0.859     0.317
 7    -0.896     0.440    -0.060
 7    -0.191    -0.260     0.946
 8   116.557   -43.976     9.715
 8     0.480    -0.609     0.631
 8    -0.871    -0.413     0.265
 8     0.099    -0.677    -0.729
 9   134.625   -61.987     4.566
 9     0.739     0.637    -0.219
 9    -0.673     0.695    -0.250
 9    -0.007     0.332     0.943
 2    98.007   -18.718    59.918
 2     0.999     0.038    -0.010
 2    -0.038     0.999     0.030
 2     0.011    -0.030     0.999
 3   126.762    -3.277     1.213
 3     0.625    -0.268    -0.733
 3     0.348     0.936    -0.045
 3     0.698    -0.228     0.678
 4   101.228     2.603    -6.279
 4     0.264    -0.766     0.586
 4     0.753     0.543     0.370
 4    -0.602     0.344     0.720
 5   107.982    30.243     5.338
 5     0.296     0.651     0.699
 5     0.950    -0.272    -0.150
 5     0.092     0.709    -0.699
 6   122.651    55.540     4.162
 6     0.530    -0.829    -0.179
 6     0.812     0.557    -0.173
 6     0.243    -0.053     0.968
 7   106.980   -20.252    -4.459
 7     0.401     0.852     0.335
 7    -0.893     0.446    -0.065
 7    -0.204    -0.273     0.940
 8   116.911   -44.241     8.264
 8     0.479    -0.661     0.578
 8    -0.877    -0.380     0.292
 8     0.027    -0.647    -0.762
 9   134.221   -62.433     0.371
 9     0.726     0.675    -0.128
 9    -0.679     0.676    -0.286
 9    -0.107     0.294     0.949
 2    98.007   -18.692    59.918
 2     0.999     0.038    -0.010
 2    -0.037     0.999     0.030
 2     0.011    -0.030     0.999
 3   126.697    -3.279     1.025
 3     0.626    -0.274    -0.730
 3     0.354     0.934    -0.046
 3     0.694    -0.230     0.682
 4   101.065     2.357    -6.387
 4     0.260    -0.762     0.593
 4     0.743     0.550     0.380
 4    -0.616     0.342     0.709
 5   107.842    30.427     4.337
 5     0.290     0.687     0.666
 5     0.956    -0.236    -0.172
 5     0.039     0.687    -0.726
 6   121.842    55.548     1.062
 6     0.575    -0.807     0.135
 6     0.811     0.540    -0.224
 6     0.107     0.238     0.965
 7   106.830   -20.261    -4.444
 7     0.403     0.847     0.347
 7    -0.889     0.452    -0.071
 7    -0.217    -0.280     0.935
 8   117.897   -44.357     7.419
 8     0.473    -0.760     0.445
 8    -0.879    -0.374     0.295
 8    -0.058    -0.531    -0.845
 9   132.534   -63.496    -4.366
 9     0.667     0.697     0.261
 9    -0.707     0.704    -0.072
 9    -0.234    -0.136     0.962
 2    98.007   -18.692    59.918
 2     0.999     0.038    -0.010
 2    -0.037     0.999     0.030
 2     0.011    -0.030     0.999
 3   126.564    -3.280     0.880
 3     0.627    -0.278    -0.728
 3     0.358     0.932    -0.048
 3     0.692    -0.231     0.684
 4   100.804     2.188    -6.370
 4     0.258    -0.756     0.601
 4     0.733     0.558     0.388
 4    -0.629     0.341     0.699
 5   107.818    30.665     3.335
 5     0.277     0.729     0.626
 5     0.961    -0.200    -0.193
 5    -0.016     0.655    -0.755
 6   120.597    56.219    -1.942
 6     0.561    -0.730     0.390
 6     0.827     0.501    -0.253
 6    -0.011     0.465     0.885
 7   106.751   -20.274    -4.443
 7     0.401     0.841     0.362
 7    -0.886     0.457    -0.080
 7    -0.233    -0.289     0.928
 8   118.514   -44.174     6.074
 8     0.460    -0.820     0.340
 8    -0.878    -0.364     0.310
 8    -0.130    -0.441    -0.888
 9   131.039   -63.920    -8.469
 9     0.625     0.596     0.504
 9    -0.706     0.707     0.040
 9    -0.333    -0.381     0.862
 2    98.007   -18.718    59.943
 2     0.999     0.038    -0.010
 2    -0.038     0.999     0.030
 2     0.011    -0.030     0.999
 3   126.506    -3.231     0.811
 3     0.628    -0.283    -0.725
 3     0.360     0.931    -0.051
 3     0.690    -0.229     0.686
 4   100.589     1.992    -6.324
 4     0.255    -0.750     0.611
 4     0.722     0.568     0.395
 4    -0.643     0.340     0.686
 5   107.732    30.716     2.510
 5     0.269     0.752     0.601
 5     0.962    -0.179    -0.207
 5    -0.048     0.634    -0.772
 6   119.520    56.442    -3.647
 6     0.551    -0.640     0.536
 6     0.830     0.484    -0.276
 6    -0.083     0.597     0.797
 7   106.584   -20.240    -4.423
 7     0.402     0.831     0.383
 7    -0.879     0.468    -0.091
 7    -0.255    -0.300     0.919
 8   118.811   -44.360     4.306
 8     0.437    -0.862     0.257
 8    -0.876    -0.343     0.339
 8    -0.204    -0.373    -0.905
 9   129.379   -63.751   -12.742
 9     0.567     0.490     0.662
 9    -0.701     0.708     0.076
 9    -0.432    -0.508     0.745
 2    98.007   -18.718    59.943
 2     0.999     0.038    -0.010
 2    -0.038     0.999     0.030
 2     0.011    -0.030     0.999
 3   126.444    -3.157     0.593
 3     0.629    -0.289    -0.722
 3     0.363     0.930    -0.056
 3     0.687    -0.227     0.690
 4   100.437     1.853    -6.397
 4     0.252    -0.746     0.616
 4     0.715     0.572     0.400
 4    -0.652     0.340     0.678
 5   107.645    30.819     1.863
 5     0.261     0.776     0.574
 5     0.962    -0.160    -0.221
 5    -0.080     0.611    -0.788
 6   119.019    56.510    -4.828
 6     0.538    -0.490     0.686
 6     0.828     0.462    -0.319
 6    -0.160     0.739     0.654
 7   106.452   -20.229    -4.444
 7     0.401     0.824     0.399
 7    -0.875     0.474    -0.100
 7    -0.272    -0.309     0.911
 8   119.268   -44.201     2.911
 8     0.417    -0.895     0.156
 8    -0.869    -0.343     0.358
 8    -0.267    -0.285    -0.920
 9   128.153   -63.697   -15.473
 9     0.496     0.275     0.823
 9    -0.702     0.685     0.193
 9    -0.511    -0.674     0.533
 2    97.957   -18.718    59.918
 2     0.999     0.038    -0.010
 2    -0.038     0.999     0.030
 2     0.011    -0.030     0.999
 3   126.440    -3.184     0.545
 3     0.630    -0.290    -0.720
 3     0.363     0.930    -0.057
 3     0.686    -0.226     0.691
 4   100.320     1.847    -6.331
 4     0.250    -0.742     0.622
 4     0.711     0.576     0.402
 4    -0.657     0.342     0.672
 5   107.742    30.907     1.539
 5     0.259     0.794     0.550
 5     0.961    -0.154    -0.231
 5    -0.099     0.589    -0.802
 6   118.800    56.356    -5.451
 6     0.531    -0.315     0.786
 6     0.816     0.438    -0.376
 6    -0.227     0.841     0.490
 7   106.353   -20.087    -4.452
 7     0.399     0.818     0.412
 7    -0.871     0.479    -0.107
 7    -0.285    -0.317     0.905
 8   119.819   -43.921     2.038
 8     0.408    -0.910     0.072
 8    -0.861    -0.357     0.361
 8    -0.303    -0.210    -0.930
 9   127.314   -63.431   -16.590
 9     0.445    -0.012     0.896
 9    -0.704     0.613     0.358
 9    -0.554    -0.790     0.264
 2    98.007   -18.692    59.943
 2     0.999     0.038    -0.011
 2    -0.038     0.999     0.030
 2     0.011    -0.030     0.999
 3   126.363    -3.108     0.417
 3     0.630    -0.293    -0.719
 3     0.363     0.930    -0.061
 3     0.686    -0.223     0.693
 4   100.169     1.788    -6.362
 4     0.243    -0.739     0.629
 4     0.707     0.579     0.406
 4    -0.664     0.345     0.663
 5   107.715    30.968     1.118
 5     0.257     0.807     0.531
 5     0.959    -0.147    -0.242
 5    -0.118     0.572    -0.812
 6   118.379    56.410    -6.935
 6     0.515    -0.172     0.839
 6     0.807     0.427    -0.408
 6    -0.288     0.888     0.359
 7   106.358   -20.067    -4.565
 7     0.404     0.807     0.431
 7    -0.865     0.490    -0.107
 7    -0.297    -0.330     0.896
 8   120.614   -43.420     1.386
 8     0.401    -0.916    -0.015
 8    -0.858    -0.381     0.344
 8    -0.321    -0.126    -0.939
 9   127.368   -63.297   -17.634
 9     0.405    -0.270     0.873
 9    -0.706     0.514     0.486
 9    -0.581    -0.814     0.018
 2    97.957   -18.718    59.918
 2     0.999     0.038    -0.010
 2    -0.038     0.999     0.030
 2     0.011    -0.030     0.999
 3   126.354    -2.982     0.245
 3     0.631    -0.300    -0.715
 3     0.366     0.928    -0.066
 3     0.684    -0.221     0.695
 4   100.090     1.752    -6.385
 4     0.237    -0.736     0.634
 4     0.700     0.582     0.413
 4    -0.673     0.345     0.653
 5   107.709    31.089     0.127
 5     0.248     0.832     0.495
 5     0.956    -0.128    -0.265
 5    -0.157     0.539    -0.828
 6   117.805    56.323    -8.563
 6     0.485    -0.053     0.873
 6     0.805     0.415    -0.423
 6    -0.340     0.908     0.244
 7   106.319   -20.022    -4.484
 7     0.406     0.798     0.445
 7    -0.861     0.497    -0.107
 7    -0.306    -0.340     0.889
 8   121.194   -43.104     0.962
 8     0.397    -0.914    -0.081
 8    -0.853    -0.400     0.335
 8    -0.339    -0.064    -0.939
 9   127.057   -63.376   -18.423
 9     0.376    -0.438     0.817
 9    -0.704     0.438     0.558
 9    -0.602    -0.785    -0.143
 2    97.957   -18.718    59.918
 2     0.999     0.038    -0.011
 2    -0.038     0.999     0.030
 2     0.011    -0.030     0.999
 3   126.297    -2.932     0.202
 3     0.631    -0.302    -0.714
 3     0.369     0.927    -0.066
 3     0.682    -0.222     0.696
 4    99.992     1.636    -6.376
 4     0.239    -0.732     0.638
 4     0.691     0.590     0.417
 4    -0.682     0.341     0.647
 5   107.870    31.069    -0.434
 5     0.245     0.846     0.473
 5     0.952    -0.119    -0.281
 5    -0.181     0.520    -0.835
 6   117.462    55.999    -9.681
 6     0.445     0.093     0.890
 6     0.809     0.383    -0.445
 6    -0.383     0.919     0.095
 7   106.151   -20.109    -4.435
 7     0.400     0.789     0.465
 7    -0.859     0.500    -0.110
 7    -0.319    -0.356     0.878
 8   118.941   -43.548    -2.284
 8     0.389    -0.903    -0.183
 8    -0.844    -0.429     0.322
 8    -0.369     0.029    -0.929
 9   127.158   -62.887   -19.563
 9     0.344    -0.623     0.703
 9    -0.697     0.332     0.636
 9    -0.630    -0.708    -0.319
 2    98.007   -18.718    59.943
 2     0.999     0.038    -0.010
 2    -0.038     0.999     0.030
 2     0.011    -0.030     0.999
 3   126.285    -2.987     0.092
 3     0.634    -0.303    -0.712
 3     0.371     0.926    -0.063
 3     0.678    -0.225     0.699
 4    99.891     1.379    -6.364
 4     0.243    -0.713     0.658
 4     0.671     0.613     0.416
 4    -0.700     0.340     0.627
 5   108.633    30.777    -1.405
 5     0.251     0.872     0.420
 5     0.946    -0.130    -0.296
 5    -0.203     0.472    -0.858
 6   117.719    55.893   -10.986
 6     0.404     0.233     0.884
 6     0.815     0.347    -0.464
 6    -0.415     0.908    -0.050
 7   105.850   -20.061    -4.383
 7     0.387     0.778     0.494
 7    -0.854     0.505    -0.126
 7    -0.348    -0.373     0.860
 8   119.430   -43.112    -3.424
 8     0.382    -0.879    -0.285
 8    -0.834    -0.461     0.302
 8    -0.397     0.123    -0.910
 9   126.682   -62.489   -21.200
 9     0.301    -0.795     0.527
 9    -0.689     0.200     0.696
 9    -0.659    -0.573    -0.487
 2    97.957   -18.718    59.917
 2     0.999     0.038    -0.010
 2    -0.038     0.999     0.029
 2     0.011    -0.029     0.999
 3   126.271    -3.170    -0.065
 3     0.639    -0.300    -0.708
 3     0.371     0.926    -0.057
 3     0.673    -0.227     0.703
 4    99.766     1.288    -6.382
 4     0.245    -0.705     0.666
 4     0.661     0.624     0.416
 4    -0.709     0.338     0.619
 5   108.771    30.762    -1.852
 5     0.254     0.876     0.409
 5     0.942    -0.129    -0.309
 5    -0.218     0.464    -0.858
 6   117.854    55.626   -11.773
 6     0.402     0.260     0.878
 6     0.808     0.349    -0.474
 6    -0.429     0.900    -0.070
 7   105.628   -20.087    -4.409
 7     0.375     0.764     0.524
 7    -0.847     0.512    -0.141
 7    -0.376    -0.391     0.840
 8   120.098   -42.571    -4.717
 8     0.377    -0.840    -0.391
 8    -0.823    -0.497     0.273
 8    -0.424     0.218    -0.879
 9   126.660   -62.268   -22.794
 9     0.259    -0.893     0.367
 9    -0.691     0.095     0.717
 9    -0.675    -0.439    -0.592
 2    98.007   -18.718    59.918
 2     0.999     0.038    -0.010
 2    -0.038     0.999     0.030
 2     0.011    -0.030     0.999
 3   126.251    -3.303    -0.270
 3     0.644    -0.300    -0.703
 3     0.373     0.926    -0.053
 3     0.667    -0.228     0.709
 4    99.779     1.140    -6.461
 4     0.248    -0.692     0.679
 4     0.646     0.640     0.416
 4    -0.722     0.336     0.605
 5   108.998    30.657    -2.778
 5     0.255     0.886     0.387
 5     0.935    -0.124    -0.333
 5    -0.247     0.447    -0.860
 6   117.946    55.093   -13.362
 6     0.390     0.296     0.872
 6     0.798     0.363    -0.481
 6    -0.458     0.884    -0.095
 7   105.408   -20.113    -4.390
 7     0.362     0.753     0.550
 7    -0.841     0.518    -0.156
 7    -0.402    -0.406     0.821
 8   120.339   -42.138    -6.208
 8     0.370    -0.799    -0.473
 8    -0.808    -0.528     0.260
 8    -0.458     0.286    -0.842
 9   126.237   -61.435   -24.930
 9     0.220    -0.947     0.235
 9    -0.681     0.023     0.732
 9    -0.698    -0.322    -0.639
 2    97.957   -18.692    59.943
 2     0.999     0.038    -0.010
 2    -0.038     0.999     0.030
 2     0.011    -0.030     0.999
 3   126.329    -3.566    -0.466
 3     0.653    -0.294    -0.698
 3     0.372     0.927    -0.043
 3     0.659    -0.232     0.715
 4    99.810     0.942    -6.467
 4     0.258    -0.680     0.687
 4     0.631     0.657     0.413
 4    -0.732     0.327     0.598
 5   109.309    30.348    -3.826
 5     0.252     0.900     0.355
 5     0.926    -0.119    -0.359
 5    -0.281     0.419    -0.863
 6   117.713    54.507   -15.762
 6     0.350     0.383     0.855
 6     0.790     0.369    -0.489
 6    -0.503     0.847    -0.174
 7   105.000   -20.146    -4.424
 7     0.345     0.740     0.578
 7    -0.832     0.526    -0.176
 7    -0.434    -0.420     0.797
 8   120.291   -41.569    -7.873
 8     0.360    -0.757    -0.545
