% Calibrated with leiden_pols
% Positions are in centimeters
Data =[
 2    98.007   -18.696    59.923
 2     0.999     0.046    -0.009
 2    -0.046     0.998     0.029
 2     0.010    -0.029     0.999
 3   129.200    -4.899     4.085
 3     0.610    -0.081    -0.788
 3     0.258     0.961     0.101
 3     0.749    -0.265     0.607
 4   107.304     6.534    -5.120
 4     0.545    -0.614     0.571
 4     0.669     0.729     0.145
 4    -0.506     0.303     0.807
 5   119.032    26.628    14.873
 5     0.662    -0.265     0.700
 5     0.454    -0.602    -0.657
 5     0.596     0.753    -0.279
 6   136.177     5.599    18.049
 6     0.353     0.909    -0.223
 6    -0.926     0.373     0.055
 6     0.133     0.187     0.973
 7   109.370   -20.011    -4.026
 7     0.447     0.879     0.166
 7    -0.884     0.462    -0.067
 7    -0.136    -0.117     0.984
 8   128.519   -36.096    11.745
 8     0.934     0.128     0.334
 8    -0.240    -0.469     0.850
 8     0.266    -0.874    -0.407
 9   139.426   -12.084    16.099
 9     0.138    -0.929    -0.344
 9     0.939     0.233    -0.252
 9     0.314    -0.288     0.904
 2    97.959   -18.695    59.920
 2     0.999     0.046    -0.010
 2    -0.046     0.998     0.029
 2     0.011    -0.029     0.999
 3   129.207    -4.897     4.076
 3     0.607    -0.081    -0.790
 3     0.257     0.961     0.099
 3     0.751    -0.264     0.605
 4   107.366     6.589    -5.131
 4     0.547    -0.616     0.568
 4     0.670     0.728     0.144
 4    -0.502     0.302     0.811
 5   118.982    26.627    14.848
 5     0.662    -0.265     0.701
 5     0.454    -0.602    -0.657
 5     0.596     0.753    -0.278
 6   136.176     5.599    18.150
 6     0.353     0.908    -0.225
 6    -0.926     0.373     0.054
 6     0.133     0.189     0.973
 7   109.461   -19.963    -4.044
 7     0.448     0.878     0.164
 7    -0.883     0.464    -0.072
 7    -0.139    -0.113     0.984
 8   128.570   -36.095    11.742
 8     0.933     0.130     0.334
 8    -0.240    -0.467     0.851
 8     0.267    -0.874    -0.405
 9   139.405   -12.082    16.041
 9     0.138    -0.929    -0.343
 9     0.939     0.233    -0.254
 9     0.316    -0.287     0.904
 2    97.959   -18.721    59.920
 2     0.999     0.047    -0.010
 2    -0.047     0.998     0.029
 2     0.011    -0.029     0.999
 3   129.164    -4.895     4.117
 3     0.606    -0.081    -0.792
 3     0.256     0.961     0.098
 3     0.753    -0.262     0.603
 4   107.370     6.541    -5.137
 4     0.547    -0.616     0.566
 4     0.671     0.727     0.143
 4    -0.500     0.302     0.811
 5   118.985    26.629    14.870
 5     0.661    -0.265     0.702
 5     0.454    -0.603    -0.656
 5     0.597     0.752    -0.278
 6   136.173     5.599    18.152
 6     0.354     0.907    -0.225
 6    -0.926     0.374     0.053
 6     0.132     0.189     0.973
 7   109.485   -19.963    -4.045
 7     0.449     0.878     0.162
 7    -0.882     0.465    -0.073
 7    -0.139    -0.111     0.984
 8   128.570   -36.045    11.691
 8     0.933     0.130     0.334
 8    -0.240    -0.466     0.852
 8     0.267    -0.875    -0.404
 9   139.433   -12.081    16.141
 9     0.137    -0.929    -0.345
 9     0.938     0.233    -0.255
 9     0.317    -0.289     0.903
 2    98.009   -18.695    59.920
 2     0.999     0.046    -0.010
 2    -0.046     0.998     0.029
 2     0.011    -0.029     0.999
 3   129.171    -4.892     4.236
 3     0.602    -0.080    -0.794
 3     0.257     0.961     0.098
 3     0.755    -0.263     0.600
 4   107.397     6.540    -5.136
 4     0.548    -0.617     0.565
 4     0.671     0.727     0.144
 4    -0.500     0.300     0.812
 5   118.963    26.630    14.867
 5     0.660    -0.266     0.703
 5     0.455    -0.603    -0.655
 5     0.598     0.752    -0.277
 6   136.172     5.599    18.151
 6     0.355     0.906    -0.228
 6    -0.925     0.375     0.052
 6     0.132     0.192     0.972
 7   109.536   -19.963    -4.049
 7     0.448     0.879     0.159
 7    -0.883     0.463    -0.073
 7    -0.138    -0.108     0.984
 8   128.570   -36.096    11.691
 8     0.933     0.130     0.334
 8    -0.240    -0.466     0.852
 8     0.267    -0.875    -0.404
 9   139.433   -12.132    16.141
 9     0.137    -0.928    -0.346
 9     0.938     0.233    -0.255
 9     0.317    -0.290     0.903
 2    97.959   -18.695    59.920
 2     0.999     0.046    -0.010
 2    -0.046     0.998     0.029
 2     0.011    -0.029     0.999
 3   129.179    -4.940     4.278
 3     0.600    -0.078    -0.796
 3     0.257     0.961     0.099
 3     0.757    -0.264     0.597
 4   107.448     6.489    -5.135
 4     0.549    -0.617     0.563
 4     0.670     0.728     0.145
 4    -0.500     0.298     0.813
 5   119.038    26.580    14.842
 5     0.659    -0.267     0.703
 5     0.456    -0.602    -0.656
 5     0.598     0.753    -0.276
 6   136.249     5.651    18.219
 6     0.355     0.905    -0.233
 6    -0.925     0.376     0.051
 6     0.134     0.197     0.971
 7   109.537   -20.013    -4.027
 7     0.448     0.880     0.157
 7    -0.884     0.462    -0.073
 7    -0.137    -0.106     0.985
 8   128.622   -36.121    11.739
 8     0.933     0.131     0.335
 8    -0.241    -0.466     0.851
 8     0.268    -0.875    -0.403
 9   139.411   -12.131    16.164
 9     0.137    -0.927    -0.349
 9     0.938     0.234    -0.255
 9     0.318    -0.292     0.902
 2    97.959   -18.721    59.920
 2     0.999     0.047    -0.010
 2    -0.047     0.998     0.029
 2     0.011    -0.029     0.999
 3   129.188    -4.963     4.296
 3     0.598    -0.076    -0.798
 3     0.257     0.961     0.101
 3     0.759    -0.266     0.594
 4   107.450     6.489    -5.133
 4     0.549    -0.618     0.562
 4     0.669     0.728     0.146
 4    -0.500     0.296     0.814
 5   118.984    26.630    14.845
 5     0.659    -0.265     0.703
 5     0.457    -0.602    -0.655
 5     0.597     0.753    -0.276
 6   136.301     5.652    18.267
 6     0.356     0.904    -0.234
 6    -0.925     0.377     0.052
 6     0.135     0.198     0.971
 7   109.539   -20.013    -4.029
 7     0.446     0.881     0.155
 7    -0.885     0.460    -0.073
 7    -0.136    -0.105     0.985
 8   128.617   -36.123    11.694
 8     0.933     0.129     0.335
 8    -0.242    -0.464     0.852
 8     0.266    -0.876    -0.402
 9   139.494   -12.180    16.079
 9     0.139    -0.927    -0.349
 9     0.937     0.238    -0.257
 9     0.321    -0.291     0.901
 2    97.959   -18.695    59.920
 2     0.999     0.046    -0.010
 2    -0.046     0.998     0.029
 2     0.011    -0.029     0.999
 3   129.134    -4.938     4.300
 3     0.598    -0.077    -0.798
 3     0.258     0.961     0.101
 3     0.758    -0.267     0.594
 4   107.376     6.477    -5.229
 4     0.547    -0.614     0.568
 4     0.663     0.732     0.152
 4    -0.510     0.294     0.808
 5   119.578    26.812    14.177
 5     0.686    -0.228     0.691
 5     0.470    -0.586    -0.660
 5     0.554     0.778    -0.295
 6   137.083     6.050    17.338
 6     0.362     0.904    -0.228
 6    -0.920     0.385     0.067
 6     0.148     0.186     0.971
 7   109.349   -19.895    -3.956
 7     0.441     0.883     0.156
 7    -0.886     0.457    -0.081
 7    -0.143    -0.102     0.984
 8   128.743   -35.969    11.093
 8     0.941     0.097     0.323
 8    -0.246    -0.458     0.854
 8     0.231    -0.883    -0.408
 9   140.094   -12.011    14.613
 9     0.157    -0.937    -0.312
 9     0.936     0.241    -0.254
 9     0.313    -0.253     0.915
 2    97.959   -18.695    59.920
 2     0.999     0.046    -0.010
 2    -0.046     0.998     0.029
 2     0.011    -0.029     0.999
 3   129.109    -4.938     4.173
 3     0.598    -0.079    -0.797
 3     0.260     0.960     0.101
 3     0.758    -0.268     0.595
 4   107.096     6.277    -5.342
 4     0.538    -0.609     0.583
 4     0.655     0.737     0.165
 4    -0.531     0.293     0.795
 5   119.777    26.995    13.670
 5     0.709    -0.144     0.690
 5     0.497    -0.591    -0.635
 5     0.499     0.793    -0.348
 6   138.390     7.258    14.681
 6     0.413     0.891    -0.189
 6    -0.905     0.425     0.028
 6     0.105     0.159     0.981
 7   109.204   -19.778    -3.975
 7     0.439     0.883     0.162
 7    -0.885     0.457    -0.090
 7    -0.153    -0.104     0.982
 8   128.963   -36.117     9.999
 8     0.950     0.016     0.310
 8    -0.267    -0.471     0.840
 8     0.160    -0.882    -0.443
 9   141.172   -12.304    11.599
 9     0.208    -0.947    -0.245
 9     0.939     0.263    -0.221
 9     0.274    -0.184     0.944
 2    97.959   -18.695    59.920
 2     0.999     0.046    -0.010
 2    -0.046     0.998     0.029
 2     0.011    -0.029     0.999
 3   129.002    -4.783     3.948
 3     0.595    -0.089    -0.799
 3     0.268     0.958     0.093
 3     0.757    -0.270     0.594
 4   106.851     6.134    -5.472
 4     0.525    -0.610     0.593
 4     0.652     0.736     0.180
 4    -0.547     0.292     0.784
 5   120.078    27.140    12.993
 5     0.734    -0.033     0.678
 5     0.528    -0.600    -0.601
 5     0.426     0.799    -0.424
 6   139.296     8.750    11.849
 6     0.464     0.877    -0.121
 6    -0.885     0.465    -0.023
 6     0.036     0.118     0.992
 7   109.120   -19.639    -4.003
 7     0.440     0.881     0.172
 7    -0.882     0.460    -0.102
 7    -0.169    -0.107     0.979
 8   129.276   -36.218     8.818
 8     0.953    -0.085     0.291
 8    -0.293    -0.498     0.816
 8     0.076    -0.863    -0.500
 9   142.231   -12.955     7.683
 9     0.269    -0.948    -0.169
 9     0.941     0.296    -0.161
 9     0.203    -0.116     0.972
 2    97.959   -18.721    59.920
 2     0.999     0.047    -0.010
 2    -0.047     0.998     0.029
 2     0.011    -0.029     0.999
 3   128.903    -4.702     3.738
 3     0.591    -0.099    -0.801
 3     0.276     0.957     0.085
 3     0.758    -0.271     0.593
 4   106.530     5.991    -5.552
 4     0.512    -0.610     0.605
 4     0.648     0.736     0.193
 4    -0.563     0.293     0.772
 5   120.186    27.275    12.467
 5     0.748     0.053     0.661
 5     0.551    -0.606    -0.574
 5     0.370     0.794    -0.483
 6   139.618     9.602     9.158
 6     0.493     0.868    -0.056
 6    -0.870     0.490    -0.063
 6    -0.027     0.080     0.996
 7   108.962   -19.524    -4.082
 7     0.443     0.877     0.184
 7    -0.877     0.467    -0.113
 7    -0.185    -0.112     0.976
 8   129.075   -36.513     7.642
 8     0.948    -0.159     0.275
 8    -0.318    -0.510     0.799
 8     0.014    -0.845    -0.534
 9   142.674   -13.591     4.522
 9     0.306    -0.945    -0.116
 9     0.941     0.318    -0.116
 9     0.146    -0.074     0.986
 2    97.959   -18.695    59.920
 2     0.999     0.046    -0.010
 2    -0.046     0.998     0.029
 2     0.011    -0.029     0.999
 3   128.873    -4.522     3.506
 3     0.589    -0.113    -0.800
 3     0.281     0.957     0.072
 3     0.758    -0.267     0.595
 4   106.053     5.852    -5.614
 4     0.491    -0.615     0.617
 4     0.651     0.729     0.209
 4    -0.578     0.299     0.759
 5   119.961    27.340    11.998
 5     0.753     0.132     0.644
 5     0.574    -0.609    -0.547
 5     0.319     0.782    -0.535
 6   139.672    11.308     5.930
 6     0.532     0.846    -0.033
 6    -0.837     0.520    -0.170
 6    -0.127     0.118     0.985
 7   108.709   -19.412    -4.257
 7     0.439     0.875     0.202
 7    -0.876     0.467    -0.121
 7    -0.201    -0.124     0.972
 8   128.652   -37.030     6.885
 8     0.934    -0.238     0.265
 8    -0.354    -0.533     0.768
 8    -0.042    -0.812    -0.583
 9   142.798   -14.896     1.016
 9     0.358    -0.931    -0.072
 9     0.932     0.360    -0.027
 9     0.051    -0.057     0.997
 2    97.959   -18.695    59.920
 2     0.999     0.046    -0.010
 2    -0.046     0.998     0.029
 2     0.011    -0.029     0.999
 3   128.860    -4.424     3.239
 3     0.591    -0.120    -0.798
 3     0.282     0.957     0.066
 3     0.755    -0.265     0.599
 4   105.696     5.743    -5.667
 4     0.477    -0.618     0.624
 4     0.653     0.725     0.218
 4    -0.587     0.304     0.750
 5   119.675    27.590    11.465
 5     0.749     0.205     0.630
 5     0.604    -0.603    -0.521
 5     0.273     0.771    -0.576
 6   139.810    12.909     3.764
 6     0.561     0.826    -0.049
 6    -0.805     0.531    -0.265
 6    -0.193     0.188     0.963
 7   108.459   -19.198    -4.337
 7     0.433     0.875     0.216
 7    -0.875     0.466    -0.131
 7    -0.215    -0.133     0.967
 8   128.257   -37.259     6.298
 8     0.919    -0.295     0.260
 8    -0.385    -0.543     0.746
 8    -0.079    -0.786    -0.612
 9   143.014   -16.292    -2.170
 9     0.409    -0.912    -0.038
 9     0.912     0.407     0.049
 9    -0.029    -0.055     0.998
 2    97.959   -18.721    59.920
 2     0.999     0.046    -0.010
 2    -0.046     0.998     0.029
 2     0.011    -0.029     0.999
 3   128.746    -4.352     2.894
 3     0.595    -0.126    -0.794
 3     0.283     0.957     0.060
 3     0.752    -0.261     0.605
 4   105.222     5.553    -5.783
 4     0.459    -0.621     0.635
 4     0.654     0.720     0.230
 4    -0.601     0.310     0.737
 5   119.252    27.944    10.627
 5     0.736     0.264     0.623
 5     0.637    -0.583    -0.505
 5     0.230     0.768    -0.598
 6   139.798    15.018     1.776
 6     0.596     0.798    -0.090
 6    -0.760     0.524    -0.383
 6    -0.258     0.297     0.919
 7   108.314   -18.982    -4.574
 7     0.427     0.874     0.231
 7    -0.875     0.464    -0.137
 7    -0.227    -0.144     0.963
 8   127.479   -37.846     5.742
 8     0.891    -0.367     0.266
 8    -0.439    -0.550     0.711
 8    -0.115    -0.750    -0.651
 9   143.200   -18.531    -4.699
 9     0.470    -0.882    -0.033
 9     0.875     0.462     0.142
 9    -0.110    -0.096     0.989
 2    97.959   -18.721    59.920
 2     0.999     0.047    -0.010
 2    -0.047     0.998     0.029
 2     0.011    -0.029     0.999
 3   128.592    -4.233     2.489
 3     0.602    -0.138    -0.786
 3     0.286     0.957     0.051
 3     0.745    -0.256     0.615
 4   104.836     5.418    -5.832
 4     0.444    -0.625     0.642
 4     0.655     0.715     0.243
 4    -0.611     0.313     0.727
 5   118.606    28.557     9.984
 5     0.713     0.325     0.620
 5     0.675    -0.558    -0.483
 5     0.189     0.763    -0.618
 6   139.715    17.640    -0.429
 6     0.642     0.757    -0.122
 6    -0.694     0.507    -0.511
 6    -0.325     0.412     0.851
 7   108.078   -18.864    -4.668
 7     0.419     0.874     0.245
 7    -0.877     0.460    -0.140
 7    -0.235    -0.156     0.959
 8   126.618   -38.563     5.073
 8     0.860    -0.429     0.275
 8    -0.487    -0.536     0.689
 8    -0.148    -0.727    -0.671
 9   143.257   -21.429    -7.136
 9     0.539    -0.842    -0.023
 9     0.822     0.519     0.234
 9    -0.185    -0.145     0.972
 2    97.959   -18.695    59.920
 2     0.999     0.046    -0.010
 2    -0.046     0.998     0.029
 2     0.011    -0.029     0.999
 3   128.530    -4.082     2.164
 3     0.604    -0.148    -0.783
 3     0.288     0.956     0.042
 3     0.743    -0.251     0.620
 4   104.398     5.233    -5.857
 4     0.425    -0.632     0.648
 4     0.658     0.707     0.257
 4    -0.621     0.317     0.717
 5   117.695    29.122     9.301
 5     0.687     0.383     0.617
 5     0.711    -0.533    -0.460
 5     0.152     0.754    -0.638
 6   139.602    19.924    -1.012
 6     0.682     0.715    -0.149
 6    -0.629     0.472    -0.618
 6    -0.372     0.515     0.772
 7   107.953   -18.818    -4.801
 7     0.414     0.872     0.260
 7    -0.878     0.458    -0.138
 7    -0.239    -0.171     0.956
 8   125.387   -39.530     4.945
 8     0.817    -0.496     0.292
 8    -0.550    -0.522     0.652
 8    -0.172    -0.694    -0.699
 9   143.139   -24.821    -8.632
 9     0.608    -0.794    -0.018
 9     0.747     0.564     0.352
 9    -0.270    -0.228     0.936
 2    97.959   -18.721    59.920
 2     0.999     0.047    -0.010
 2    -0.047     0.998     0.029
 2     0.011    -0.029     0.999
 3   128.378    -3.886     1.881
 3     0.609    -0.163    -0.776
 3     0.292     0.956     0.028
 3     0.737    -0.244     0.630
 4   103.912     5.001    -5.841
 4     0.405    -0.639     0.654
 4     0.663     0.698     0.270
 4    -0.629     0.325     0.706
 5   116.690    29.595     8.470
 5     0.655     0.423     0.626
 5     0.745    -0.500    -0.441
 5     0.126     0.755    -0.643
 6   139.054    22.885    -2.776
 6     0.721     0.673    -0.166
 6    -0.541     0.397    -0.741
 6    -0.433     0.624     0.650
 7   107.834   -18.873    -4.813
 7     0.403     0.874     0.271
 7    -0.883     0.449    -0.135
 7    -0.240    -0.185     0.953
 8   123.997   -40.569     4.980
 8     0.767    -0.563     0.308
 8    -0.613    -0.501     0.611
 8    -0.190    -0.658    -0.729
 9   142.436   -29.060   -10.806
 9     0.673    -0.739     0.029
 9     0.648     0.607     0.459
 9    -0.357    -0.290     0.888
 2    97.959   -18.695    59.920
 2     0.999     0.046    -0.010
 2    -0.046     0.998     0.029
 2     0.011    -0.029     0.999
 3   128.257    -3.688     1.664
 3     0.614    -0.179    -0.768
 3     0.292     0.956     0.011
 3     0.733    -0.232     0.639
 4   103.386     4.713    -5.908
 4     0.380    -0.649     0.659
 4     0.666     0.686     0.292
 4    -0.642     0.328     0.693
 5   115.329    30.124     7.709
 5     0.609     0.471     0.637
 5     0.786    -0.461    -0.411
 5     0.100     0.752    -0.652
 6   138.082    26.172    -3.740
 6     0.761     0.632    -0.143
 6    -0.433     0.333    -0.837
 6    -0.482     0.699     0.528
 7   107.741   -18.927    -4.805
 7     0.392     0.876     0.278
 7    -0.888     0.440    -0.134
 7    -0.240    -0.194     0.951
 8   122.698   -41.574     5.392
 8     0.717    -0.620     0.319
 8    -0.668    -0.480     0.568
 8    -0.199    -0.621    -0.758
 9   141.463   -33.358   -11.888
 9     0.718    -0.692     0.074
 9     0.531     0.614     0.584
 9    -0.450    -0.380     0.808
 2    97.959   -18.695    59.920
 2     0.999     0.046    -0.010
 2    -0.046     0.998     0.029
 2     0.011    -0.029     0.999
 3   128.025    -3.568     1.434
 3     0.620    -0.198    -0.759
 3     0.297     0.954    -0.006
 3     0.726    -0.222     0.651
 4   102.952     4.460    -5.848
 4     0.355    -0.661     0.661
 4     0.674     0.671     0.308
 4    -0.648     0.336     0.683
 5   114.203    30.310     7.357
 5     0.576     0.494     0.651
 5     0.812    -0.438    -0.386
 5     0.095     0.751    -0.653
 6   137.237    29.306    -3.860
 6     0.799     0.590    -0.115
 6    -0.303     0.231    -0.924
 6    -0.519     0.773     0.363
 7   107.581   -19.126    -4.781
 7     0.390     0.873     0.292
 7    -0.890     0.439    -0.124
 7    -0.237    -0.212     0.948
 8   121.278   -42.299     5.865
 8     0.661    -0.680     0.317
 8    -0.721    -0.457     0.521
 8    -0.210    -0.573    -0.792
 9   139.901   -37.848   -12.648
 9     0.753    -0.640     0.156
 9     0.402     0.634     0.660
 9    -0.521    -0.434     0.735
 2    97.959   -18.721    59.920
 2     0.999     0.047    -0.010
 2    -0.047     0.998     0.029
 2     0.011    -0.029     0.999
 3   127.831    -3.521     1.276
 3     0.622    -0.207    -0.755
 3     0.304     0.953    -0.011
 3     0.721    -0.223     0.656
 4   102.294     4.155    -5.789
 4     0.332    -0.669     0.665
 4     0.679     0.659     0.323
 4    -0.654     0.344     0.673
 5   113.013    30.483     7.232
 5     0.534     0.523     0.664
 5     0.840    -0.419    -0.346
 5     0.097     0.742    -0.663
 6   136.552    32.847    -3.265
 6     0.838     0.542    -0.062
 6    -0.148     0.117    -0.982
 6    -0.525     0.832     0.178
 7   107.311   -19.349    -4.560
 7     0.382     0.870     0.312
 7    -0.895     0.432    -0.109
 7    -0.230    -0.238     0.944
 8   119.573   -43.114     6.848
 8     0.602    -0.726     0.332
 8    -0.774    -0.428     0.467
 8    -0.197    -0.538    -0.819
 9   138.016   -43.156   -12.571
 9     0.773    -0.587     0.240
 9     0.232     0.615     0.753
 9    -0.590    -0.527     0.612
 2    97.959   -18.695    59.920
 2     0.999     0.046    -0.010
 2    -0.046     0.998     0.029
 2     0.011    -0.029     0.999
 3   127.634    -3.450     1.124
 3     0.626    -0.213    -0.750
 3     0.309     0.951    -0.011
 3     0.715    -0.225     0.661
 4   101.977     4.056    -5.789
 4     0.316    -0.678     0.664
 4     0.685     0.647     0.335
 4    -0.656     0.349     0.669
 5   111.916    30.585     7.241
 5     0.494     0.548     0.674
 5     0.863    -0.404    -0.304
 5     0.106     0.732    -0.672
 6   135.553    36.844    -1.697
 6     0.867     0.497     0.037
 6     0.028     0.026    -0.999
 6    -0.498     0.867     0.009
 7   107.165   -19.493    -4.483
 7     0.379     0.868     0.320
 7    -0.899     0.427    -0.096
 7    -0.220    -0.251     0.942
 8   118.424   -43.488     7.802
 8     0.544    -0.781     0.306
 8    -0.817    -0.410     0.405
 8    -0.191    -0.470    -0.862
 9   136.089   -48.182   -12.140
 9     0.767    -0.563     0.307
 9     0.056     0.536     0.842
 9    -0.639    -0.629     0.443
 2    97.959   -18.695    59.920
 2     0.999     0.046    -0.010
 2    -0.046     0.998     0.029
 2     0.011    -0.029     0.999
 3   127.472    -3.452     0.905
 3     0.629    -0.219    -0.746
 3     0.312     0.950    -0.015
 3     0.712    -0.223     0.666
 4   101.613     3.885    -5.748
 4     0.298    -0.687     0.663
 4     0.693     0.633     0.344
 4    -0.656     0.356     0.665
 5   111.148    30.444     7.574
 5     0.456     0.571     0.682
 5     0.881    -0.398    -0.255
 5     0.126     0.718    -0.685
 6   134.508    39.950     0.195
 6     0.874     0.466     0.139
 6     0.169    -0.022    -0.985
 6    -0.456     0.884    -0.098
 7   107.134   -19.561    -4.450
 7     0.379     0.866     0.325
 7    -0.901     0.426    -0.085
 7    -0.213    -0.261     0.942
 8   117.666   -43.709     8.551
 8     0.498    -0.816     0.292
 8    -0.848    -0.390     0.359
 8    -0.179    -0.427    -0.886
 9   134.216   -52.336   -11.052
 9     0.744    -0.552     0.375
 9    -0.099     0.464     0.880
 9    -0.660    -0.692     0.291
 2    97.959   -18.695    59.920
 2     0.999     0.046    -0.010
 2    -0.046     0.998     0.029
 2     0.011    -0.029     0.999
 3   127.232    -3.278     0.812
 3     0.631    -0.231    -0.741
 3     0.315     0.949    -0.027
 3     0.709    -0.216     0.671
 4   101.208     3.821    -5.595
 4     0.279    -0.697     0.661
 4     0.704     0.616     0.352
 4    -0.652     0.367     0.663
 5   110.043    30.265     8.172
 5     0.421     0.587     0.691
 5     0.893    -0.403    -0.201
 5     0.161     0.702    -0.694
 6   132.741    42.893     2.509
 6     0.859     0.446     0.250
 6     0.317    -0.083    -0.945
 6    -0.401     0.891    -0.213
 7   106.892   -19.676    -4.406
 7     0.380     0.863     0.333
 7    -0.903     0.424    -0.069
 7    -0.201    -0.275     0.940
 8   117.017   -43.686     9.560
 8     0.456    -0.849     0.266
 8    -0.876    -0.377     0.299
 8    -0.153    -0.370    -0.916
 9   132.334   -56.122    -8.995
 9     0.708    -0.564     0.425
 9    -0.258     0.353     0.899
 9    -0.657    -0.746     0.105
 2    97.959   -18.695    59.920
 2     0.999     0.046    -0.010
 2    -0.046     0.998     0.029
 2     0.011    -0.029     0.999
 3   126.964    -3.182     0.647
 3     0.635    -0.240    -0.734
 3     0.315     0.948    -0.038
 3     0.705    -0.207     0.677
 4   100.808     3.783    -5.544
 4     0.261    -0.709     0.655
 4     0.716     0.597     0.360
 4    -0.647     0.375     0.664
 5   109.066    30.132     8.659
 5     0.383     0.614     0.690
 5     0.904    -0.402    -0.145
 5     0.188     0.679    -0.709
 6   130.786    45.682     4.955
 6     0.830     0.432     0.352
 6     0.444    -0.132    -0.886
 6    -0.336     0.892    -0.301
 7   106.796   -19.665    -4.335
 7     0.382     0.860     0.339
 7    -0.904     0.423    -0.054
 7    -0.190    -0.286     0.939
 8   116.792   -43.295    10.922
 8     0.413    -0.887     0.205
 8    -0.902    -0.367     0.227
 8    -0.126    -0.279    -0.952
 9   130.341   -59.337    -6.612
 9     0.640    -0.620     0.453
 9    -0.404     0.230     0.885
 9    -0.653    -0.750    -0.103
 2    97.959   -18.695    59.920
 2     0.999     0.046    -0.010
 2    -0.046     0.998     0.029
 2     0.011    -0.029     0.999
 3   126.825    -2.983     0.529
 3     0.638    -0.249    -0.729
 3     0.315     0.948    -0.048
 3     0.702    -0.200     0.683
 4   100.610     3.846    -5.568
 4     0.247    -0.718     0.651
 4     0.726     0.582     0.366
 4    -0.642     0.382     0.665
 5   108.141    29.929     9.307
 5     0.345     0.630     0.695
 5     0.911    -0.402    -0.088
 5     0.224     0.664    -0.713
 6   129.037    47.338     6.835
 6     0.798     0.430     0.422
 6     0.528    -0.160    -0.834
 6    -0.291     0.889    -0.354
 7   106.665   -19.650    -4.358
 7     0.379     0.860     0.341
 7    -0.909     0.415    -0.035
 7    -0.172    -0.297     0.939
 8   116.545   -42.764    12.530
 8     0.369    -0.921     0.125
 8    -0.925    -0.351     0.145
 8    -0.089    -0.170    -0.981
 9   128.401   -60.862    -4.414
 9     0.582    -0.666     0.466
 9    -0.482     0.179     0.858
 9    -0.655    -0.724    -0.217
 2    97.959   -18.721    59.920
 2     0.999     0.047    -0.010
 2    -0.047     0.998     0.029
 2     0.011    -0.029     0.999
 3   126.724    -2.881     0.528
 3     0.639    -0.251    -0.727
 3     0.315     0.948    -0.051
 3     0.702    -0.197     0.684
 4   100.418     3.869    -5.438
 4     0.236    -0.735     0.635
 4     0.741     0.559     0.371
 4    -0.628     0.384     0.677
 5   107.231    29.729    10.074
 5     0.328     0.623     0.709
 5     0.910    -0.409    -0.063
 5     0.251     0.667    -0.702
 6   127.951    47.732     8.674
 6     0.793     0.409     0.452
 6     0.552    -0.167    -0.817
 6    -0.259     0.897    -0.358
 7   106.642   -19.783    -4.319
 7     0.376     0.862     0.339
 7    -0.914     0.404    -0.014
 7    -0.150    -0.305     0.940
 8   115.919   -42.334    13.889
 8     0.372    -0.918     0.138
 8    -0.927    -0.359     0.110
 8    -0.052    -0.169    -0.984
 9   127.539   -60.578    -1.878
 9     0.566    -0.697     0.440
 9    -0.494     0.140     0.858
 9    -0.660    -0.703    -0.265
 2    97.959   -18.721    59.920
 2     0.999     0.047    -0.010
 2    -0.047     0.998     0.029
 2     0.011    -0.029     0.999
 3   126.450    -2.711     0.549
 3     0.644    -0.260    -0.719
 3     0.317     0.946    -0.059
 3     0.696    -0.190     0.692
 4   100.119     3.877    -5.358
 4     0.226    -0.736     0.638
 4     0.748     0.550     0.370
 4    -0.624     0.394     0.675
 5   106.927    29.472    10.540
 5     0.331     0.609     0.721
 5     0.902    -0.428    -0.052
 5     0.277     0.667    -0.691
 6   127.817    47.465     9.479
 6     0.798     0.393     0.456
 6     0.550    -0.169    -0.818
 6    -0.244     0.904    -0.351
 7   106.505   -19.766    -4.193
 7     0.382     0.860     0.336
 7    -0.915     0.404     0.004
 7    -0.133    -0.310     0.941
 8   116.353   -41.292    15.478
 8     0.370    -0.925     0.090
 8    -0.929    -0.367     0.043
 8    -0.007    -0.099    -0.995
 9   126.758   -60.513    -0.595
 9     0.506    -0.769     0.389
 9    -0.521     0.086     0.849
 9    -0.687    -0.633    -0.357
 2    97.959   -18.695    59.920
 2     0.999     0.046    -0.010
 2    -0.046     0.998     0.029
 2     0.011    -0.029     0.999
 3   126.273    -2.489     0.448
 3     0.649    -0.271    -0.711
 3     0.322     0.944    -0.066
 3     0.689    -0.186     0.700
 4    99.831     3.879    -5.362
 4     0.214    -0.738     0.640
 4     0.750     0.544     0.375
 4    -0.625     0.400     0.670
 5   106.472    29.789    10.449
 5     0.327     0.630     0.703
 5     0.908    -0.415    -0.051
 5     0.259     0.656    -0.709
 6   127.226    47.592     8.597
 6     0.800     0.394     0.452
 6     0.531    -0.113    -0.840
 6    -0.280     0.912    -0.300
 7   106.393   -19.601    -4.192
 7     0.379     0.863     0.332
 7    -0.918     0.396     0.019
 7    -0.116    -0.312     0.943
 8   116.170   -40.738    16.045
 8     0.360    -0.930     0.070
 8    -0.933    -0.360     0.010
 8     0.016    -0.069    -0.997
 9   125.998   -60.934     0.095
 9     0.482    -0.786     0.387
 9    -0.552     0.071     0.831
 9    -0.680    -0.615    -0.399
 2    97.909   -18.721    59.945
 2     0.999     0.047    -0.010
 2    -0.047     0.998     0.029
 2     0.011    -0.029     0.999
 3   126.120    -2.242     0.327
 3     0.654    -0.278    -0.703
 3     0.328     0.942    -0.067
 3     0.681    -0.187     0.708
 4    99.591     3.954    -5.305
 4     0.205    -0.739     0.641
 4     0.750     0.540     0.381
 4    -0.628     0.403     0.665
 5   106.210    29.905    10.250
 5     0.324     0.642     0.695
 5     0.913    -0.404    -0.054
 5     0.246     0.652    -0.717
 6   126.602    47.974     7.799
 6     0.792     0.403     0.458
 6     0.531    -0.085    -0.843
 6    -0.301     0.911    -0.282
 7   106.183   -19.591    -4.110
 7     0.370     0.868     0.329
 7    -0.923     0.382     0.031
 7    -0.099    -0.316     0.943
 8   115.795   -40.233    16.887
 8     0.354    -0.933     0.066
 8    -0.934    -0.356    -0.026
 8     0.048    -0.053    -0.997
 9   125.310   -61.436     1.817
 9     0.466    -0.798     0.381
 9    -0.593     0.038     0.804
 9    -0.657    -0.601    -0.455
 2    97.959   -18.695    59.945
 2     0.999     0.046    -0.010
 2    -0.046     0.998     0.029
 2     0.011    -0.029     0.999
 3   125.926    -2.326     0.326
 3     0.661    -0.278    -0.697
 3     0.328     0.942    -0.064
 3     0.675    -0.187     0.714
 4    99.420     3.959    -5.242
 4     0.202    -0.739     0.643
 4     0.754     0.536     0.379
 4    -0.625     0.408     0.665
 5   106.058    29.741    10.398
 5     0.314     0.644     0.697
 5     0.914    -0.404    -0.039
 5     0.256     0.650    -0.716
 6   126.217    48.281     8.608
 6     0.784     0.386     0.485
 6     0.552    -0.080    -0.830
 6    -0.281     0.919    -0.276
 7   106.153   -19.687    -4.058
 7     0.365     0.871     0.327
 7    -0.926     0.374     0.037
 7    -0.090    -0.317     0.944
 8   115.727   -39.860    17.435
 8     0.344    -0.937     0.054
 8    -0.936    -0.347    -0.054
 8     0.069    -0.032    -0.997
 9   124.901   -61.648     3.019
 9     0.455    -0.802     0.387
 9    -0.619     0.028     0.785
 9    -0.641    -0.597    -0.483
 2    97.959   -18.695    59.920
 2     0.999     0.046    -0.010
 2    -0.046     0.998     0.029
 2     0.011    -0.029     0.999
 3   125.914    -2.280     0.368
 3     0.664    -0.277    -0.694
 3     0.328     0.942    -0.061
 3     0.671    -0.188     0.717
 4    99.425     3.961    -5.250
 4     0.202    -0.739     0.643
 4     0.755     0.535     0.377
 4    -0.623     0.410     0.666
 5   106.031    29.700    10.501
 5     0.311     0.641     0.701
 5     0.912    -0.408    -0.033
 5     0.265     0.650    -0.712
 6   126.242    48.344     9.010
 6     0.785     0.377     0.492
 6     0.558    -0.084    -0.826
 6    -0.270     0.922    -0.276
 7   106.001   -19.683    -3.983
 7     0.357     0.876     0.323
 7    -0.931     0.363     0.043
 7    -0.080    -0.316     0.945
 8   115.467   -39.621    17.888
 8     0.338    -0.939     0.054
 8    -0.937    -0.342    -0.073
 8     0.087    -0.026    -0.996
 9   124.436   -61.859     3.956
 9     0.448    -0.801     0.397
 9    -0.641     0.021     0.767
 9    -0.623    -0.598    -0.504
 2    97.959   -18.695    59.920
 2     0.999     0.046    -0.010
 2    -0.046     0.998     0.029
 2     0.011    -0.029     0.999
 3   125.803    -2.335     0.384
 3     0.668    -0.273    -0.692
 3     0.328     0.943    -0.056
 3     0.667    -0.190     0.720
 4    99.424     4.012    -5.251
 4     0.203    -0.736     0.645
 4     0.755     0.537     0.375
 4    -0.623     0.411     0.665
 5   106.070    29.743    10.443
 5     0.316     0.637     0.702
 5     0.912    -0.407    -0.041
 5     0.260     0.654    -0.710
 6   126.647    47.793     8.177
 6     0.802     0.365     0.473
 6     0.520    -0.038    -0.853
 6    -0.293     0.930    -0.220
 7   105.958   -19.683    -3.990
 7     0.352     0.878     0.322
 7    -0.932     0.358     0.044
 7    -0.077    -0.316     0.945
 8   115.380   -39.515    18.051
 8     0.337    -0.940     0.052
 8    -0.937    -0.340    -0.079
 8     0.092    -0.022    -0.995
 9   124.358   -61.929     4.213
 9     0.446    -0.800     0.400
 9    -0.649     0.019     0.760
 9    -0.616    -0.599    -0.511
 2    97.959   -18.695    59.945
 2     0.999     0.046    -0.010
 2    -0.046     0.998     0.029
 2     0.011    -0.029     0.999
 3   125.801    -2.387     0.390
 3     0.669    -0.272    -0.691
 3     0.329     0.943    -0.052
 3     0.666    -0.193     0.720
 4    99.422     3.959    -5.247
 4     0.204    -0.735     0.646
 4     0.754     0.539     0.375
 4    -0.624     0.410     0.664
 5   106.100    29.778    10.348
 5     0.329     0.631     0.702
 5     0.910    -0.409    -0.059
 5     0.250     0.659    -0.709
 6   127.311    46.752     7.533
 6     0.825     0.355     0.438
 6     0.466     0.007    -0.884
 6    -0.317     0.935    -0.160
 7   105.959   -19.734    -3.938
 7     0.351     0.879     0.322
 7    -0.933     0.357     0.043
 7    -0.077    -0.316     0.945
 8   115.627   -39.694    18.045
 8     0.351    -0.936     0.036
 8    -0.933    -0.353    -0.067
 8     0.076    -0.010    -0.997
 9   124.489   -61.154     3.234
 9     0.458    -0.773     0.438
 9    -0.601     0.093     0.794
 9    -0.655    -0.627    -0.422
 2    97.959   -18.695    59.920
 2     0.999     0.046    -0.010
 2    -0.046     0.998     0.029
 2     0.011    -0.029     0.999
 3   125.802    -2.513     0.441
 3     0.668    -0.271    -0.693
 3     0.330     0.942    -0.050
 3     0.666    -0.196     0.719
 4    99.417     3.906    -5.291
 4     0.204    -0.735     0.646
 4     0.752     0.541     0.376
 4    -0.626     0.409     0.663
 5   106.288    29.878    10.075
 5     0.353     0.598     0.719
 5     0.905    -0.414    -0.099
 5     0.239     0.686    -0.687
 6   128.606    44.381     5.832
 6     0.864     0.360     0.351
 6     0.341     0.094    -0.935
 6    -0.370     0.928    -0.042
 7   106.005   -19.758    -3.913
 7     0.356     0.877     0.320
 7    -0.931     0.362     0.043
 7    -0.078    -0.314     0.946
 8   115.811   -39.707    18.057
 8     0.379    -0.924     0.050
 8    -0.924    -0.381    -0.037
 8     0.053    -0.032    -0.998
 9   125.454   -58.552     1.185
 9     0.495    -0.724     0.479
 9    -0.475     0.236     0.848
 9    -0.727    -0.648    -0.227
 2    97.959   -18.695    59.920
 2     0.999     0.046    -0.010
 2    -0.046     0.998     0.029
 2     0.011    -0.029     0.999
 3   125.777    -2.436     0.493
 3     0.667    -0.272    -0.693
 3     0.332     0.942    -0.049
 3     0.666    -0.198     0.719
 4    99.400     3.894    -5.286
 4     0.208    -0.732     0.649
 4     0.745     0.549     0.379
 4    -0.634     0.404     0.660
 5   106.759    30.140     9.740
 5     0.382     0.598     0.705
 5     0.901    -0.410    -0.141
 5     0.205     0.689    -0.695
 6   129.664    41.924     3.226
 6     0.878     0.394     0.269
 6     0.208     0.192    -0.959
 6    -0.430     0.899     0.087
 7   106.042   -19.735    -3.926
 7     0.360     0.876     0.319
 7    -0.929     0.368     0.040
 7    -0.083    -0.311     0.947
 8   115.882   -39.719    17.925
 8     0.401    -0.913     0.067
 8    -0.915    -0.403    -0.010
 8     0.036    -0.057    -0.998
 9   125.824   -55.764    -1.126
 9     0.519    -0.684     0.513
 9    -0.333     0.391     0.858
 9    -0.787    -0.616    -0.024
 2    97.959   -18.695    59.920
 2     0.999     0.046    -0.010
 2    -0.046     0.998     0.029
 2     0.011    -0.029     0.999
 3   125.800    -2.436     0.498
 3     0.668    -0.270    -0.693
 3     0.334     0.941    -0.046
 3     0.665    -0.201     0.719
 4    99.486     3.982    -5.259
 4     0.217    -0.724     0.655
 4     0.736     0.562     0.376
 4    -0.641     0.400     0.655
 5   107.539    30.413     9.506
 5     0.427     0.595     0.680
 5     0.889    -0.412    -0.198
 5     0.162     0.690    -0.706
 6   131.097    38.565     1.320
 6     0.883     0.438     0.169
 6     0.045     0.280    -0.959
 6    -0.468     0.854     0.227
 7   105.879   -19.692    -3.881
 7     0.356     0.877     0.321
 7    -0.930     0.365     0.032
 7    -0.089    -0.310     0.946
 8   115.610   -40.016    17.715
 8     0.434    -0.895     0.100
 8    -0.901    -0.433     0.029
 8     0.018    -0.103    -0.995
 9   126.939   -52.256    -2.225
 9     0.571    -0.657     0.492
 9    -0.173     0.489     0.855
 9    -0.802    -0.573     0.165
 2    97.959   -18.695    59.945
 2     0.999     0.046    -0.010
 2    -0.046     0.998     0.029
 2     0.011    -0.029     0.999
 3   125.805    -2.565     0.628
 3     0.670    -0.258    -0.696
 3     0.329     0.943    -0.034
 3     0.665    -0.206     0.717
 4    99.620     4.154    -5.256
 4     0.234    -0.711     0.663
 4     0.730     0.579     0.362
 4    -0.641     0.400     0.655
 5   108.579    30.227     9.561
 5     0.476     0.566     0.673
 5     0.867    -0.432    -0.250
 5     0.149     0.702    -0.696
 6   132.798    34.579     0.964
 6     0.883     0.462     0.077
 6    -0.132     0.404    -0.905
 6    -0.450     0.789     0.418
 7   105.848   -19.695    -3.872
 7     0.355     0.878     0.321
 7    -0.930     0.366     0.029
 7    -0.092    -0.309     0.946
 8   115.709   -40.257    17.352
 8     0.491    -0.854     0.169
 8    -0.871    -0.485     0.081
 8     0.013    -0.187    -0.982
 9   129.296   -48.608    -2.605
 9     0.636    -0.651     0.414
 9    -0.008     0.531     0.847
 9    -0.772    -0.542     0.333
 2    97.959   -18.695    59.945
 2     0.999     0.046    -0.010
 2    -0.046     0.998     0.029
 2     0.011    -0.029     0.999
 3   125.959    -2.744     0.733
 3     0.672    -0.247    -0.698
 3     0.325     0.945    -0.022
 3     0.665    -0.212     0.716
 4   100.107     4.272    -5.295
 4     0.256    -0.698     0.669
 4     0.722     0.598     0.347
 4    -0.642     0.395     0.657
 5   109.837    29.954     9.579
 5     0.524     0.522     0.672
 5     0.838    -0.458    -0.297
 5     0.152     0.719    -0.678
 6   134.276    31.370     0.699
 6     0.872     0.489     0.006
 6    -0.255     0.464    -0.848
 6    -0.418     0.738     0.530
 7   106.035   -19.745    -3.870
 7     0.365     0.876     0.314
 7    -0.926     0.376     0.026
 7    -0.095    -0.300     0.949
 8   116.402   -40.337    16.809
 8     0.550    -0.803     0.229
 8    -0.835    -0.534     0.133
 8     0.016    -0.264    -0.964
 9   132.087   -44.729    -2.291
 9     0.693    -0.652     0.308
 9     0.151     0.549     0.822
 9    -0.705    -0.523     0.479
 2    97.959   -18.695    59.920
 2     0.999     0.046    -0.010
 2    -0.046     0.998     0.029
 2     0.011    -0.029     0.999
 3   126.237    -3.018     0.970
 3     0.669    -0.228    -0.707
 3     0.319     0.947    -0.004
 3     0.671    -0.223     0.707
 4   100.693     4.361    -5.400
 4     0.282    -0.682     0.674
 4     0.710     0.621     0.331
 4    -0.645     0.385     0.660
 5   111.133    29.904     9.606
 5     0.554     0.470     0.686
 5     0.814    -0.478    -0.331
 5     0.172     0.742    -0.648
 6   135.981    29.210     1.479
 6     0.868     0.493    -0.060
 6    -0.328     0.479    -0.814
 6    -0.373     0.726     0.577
 7   106.290   -19.749    -3.930
 7     0.369     0.877     0.308
 7    -0.924     0.382     0.018
 7    -0.102    -0.291     0.951
 8   117.266   -40.677    15.782
 8     0.614    -0.736     0.285
