% Calibrated with leiden_pols
% Positions are in centimeters
Data =[
 2    98.007   -18.696    59.923
 2     0.999     0.046    -0.009
 2    -0.046     0.998     0.029
 2     0.010    -0.029     0.999
 3   129.200    -4.899     4.085
 3     0.610    -0.081    -0.788
 3     0.258     0.961     0.101
 3     0.749    -0.265     0.607
 4   107.304     6.534    -5.120
 4     0.545    -0.614     0.571
 4     0.669     0.729     0.145
 4    -0.506     0.303     0.807
 5   119.032    26.628    14.873
 5     0.662    -0.265     0.700
 5     0.454    -0.602    -0.657
 5     0.596     0.753    -0.279
 6   136.177     5.599    18.049
 6     0.353     0.909    -0.223
 6    -0.926     0.373     0.055
 6     0.133     0.187     0.973
 7   109.370   -20.011    -4.026
 7     0.447     0.879     0.166
 7    -0.884     0.462    -0.067
 7    -0.136    -0.117     0.984
 8   128.519   -36.096    11.745
 8     0.934     0.128     0.334
 8    -0.240    -0.469     0.850
 8     0.266    -0.874    -0.407
 9   139.426   -12.084    16.099
 9     0.138    -0.929    -0.344
 9     0.939     0.233    -0.252
 9     0.314    -0.288     0.904
 2    97.959   -18.695    59.920
 2     0.999     0.046    -0.010
 2    -0.046     0.998     0.029
 2     0.011    -0.029     0.999
 3   129.207    -4.897     4.076
 3     0.607    -0.081    -0.790
 3     0.257     0.961     0.099
 3     0.751    -0.264     0.605
 4   107.366     6.589    -5.131
 4     0.547    -0.616     0.568
 4     0.670     0.728     0.144
 4    -0.502     0.302     0.811
 5   118.982    26.627    14.848
 5     0.662    -0.265     0.701
 5     0.454    -0.602    -0.657
 5     0.596     0.753    -0.278
 6   136.176     5.599    18.150
 6     0.353     0.908    -0.225
 6    -0.926     0.373     0.054
 6     0.133     0.189     0.973
 7   109.461   -19.963    -4.044
 7     0.448     0.878     0.164
 7    -0.883     0.464    -0.072
 7    -0.139    -0.113     0.984
 8   128.570   -36.095    11.742
 8     0.933     0.130     0.334
 8    -0.240    -0.467     0.851
 8     0.267    -0.874    -0.405
 9   139.405   -12.082    16.041
 9     0.138    -0.929    -0.343
 9     0.939     0.233    -0.254
 9     0.316    -0.287     0.904
 2    97.959   -18.721    59.920
 2     0.999     0.047    -0.010
 2    -0.047     0.998     0.029
 2     0.011    -0.029     0.999
 3   129.164    -4.895     4.117
 3     0.606    -0.081    -0.792
 3     0.256     0.961     0.098
 3     0.753    -0.262     0.603
 4   107.370     6.541    -5.137
 4     0.547    -0.616     0.566
 4     0.671     0.727     0.143
 4    -0.500     0.302     0.811
 5   118.985    26.629    14.870
 5     0.661    -0.265     0.702
 5     0.454    -0.603    -0.656
 5     0.597     0.752    -0.278
 6   136.173     5.599    18.152
 6     0.354     0.907    -0.225
 6    -0.926     0.374     0.053
 6     0.132     0.189     0.973
 7   109.485   -19.963    -4.045
 7     0.449     0.878     0.162
 7    -0.882     0.465    -0.073
 7    -0.139    -0.111     0.984
 8   128.570   -36.045    11.691
 8     0.933     0.130     0.334
 8    -0.240    -0.466     0.852
 8     0.267    -0.875    -0.404
 9   139.433   -12.081    16.141
 9     0.137    -0.929    -0.345
 9     0.938     0.233    -0.255
 9     0.317    -0.289     0.903
 2    98.009   -18.695    59.920
 2     0.999     0.046    -0.010
 2    -0.046     0.998     0.029
 2     0.011    -0.029     0.999
 3   129.171    -4.892     4.236
 3     0.602    -0.080    -0.794
 3     0.257     0.961     0.098
 3     0.755    -0.263     0.600
 4   107.397     6.540    -5.136
 4     0.548    -0.617     0.565
 4     0.671     0.727     0.144
 4    -0.500     0.300     0.812
 5   118.963    26.630    14.867
 5     0.660    -0.266     0.703
 5     0.455    -0.603    -0.655
 5     0.598     0.752    -0.277
 6   136.172     5.599    18.151
 6     0.355     0.906    -0.228
 6    -0.925     0.375     0.052
 6     0.132     0.192     0.972
 7   109.536   -19.963    -4.049
 7     0.448     0.879     0.159
 7    -0.883     0.463    -0.073
 7    -0.138    -0.108     0.984
 8   128.570   -36.096    11.691
 8     0.933     0.130     0.334
 8    -0.240    -0.466     0.852
 8     0.267    -0.875    -0.404
 9   139.433   -12.132    16.141
 9     0.137    -0.928    -0.346
 9     0.938     0.233    -0.255
 9     0.317    -0.290     0.903
 2    97.959   -18.695    59.920
 2     0.999     0.046    -0.010
 2    -0.046     0.998     0.029
 2     0.011    -0.029     0.999
 3   129.179    -4.940     4.278
 3     0.600    -0.078    -0.796
 3     0.257     0.961     0.099
 3     0.757    -0.264     0.597
 4   107.448     6.489    -5.135
 4     0.549    -0.617     0.563
 4     0.670     0.728     0.145
 4    -0.500     0.298     0.813
 5   119.038    26.580    14.842
 5     0.659    -0.267     0.703
 5     0.456    -0.602    -0.656
 5     0.598     0.753    -0.276
 6   136.249     5.651    18.219
 6     0.355     0.905    -0.233
 6    -0.925     0.376     0.051
 6     0.134     0.197     0.971
 7   109.537   -20.013    -4.027
 7     0.448     0.880     0.157
 7    -0.884     0.462    -0.073
 7    -0.137    -0.106     0.985
 8   128.622   -36.121    11.739
 8     0.933     0.131     0.335
 8    -0.241    -0.466     0.851
 8     0.268    -0.875    -0.403
 9   139.411   -12.131    16.164
 9     0.137    -0.927    -0.349
 9     0.938     0.234    -0.255
 9     0.318    -0.292     0.902
 2    97.959   -18.721    59.920
 2     0.999     0.047    -0.010
 2    -0.047     0.998     0.029
 2     0.011    -0.029     0.999
 3   129.188    -4.963     4.296
 3     0.598    -0.076    -0.798
 3     0.257     0.961     0.101
 3     0.759    -0.266     0.594
 4   107.450     6.489    -5.133
 4     0.549    -0.618     0.562
 4     0.669     0.728     0.146
 4    -0.500     0.296     0.814
 5   118.984    26.630    14.845
 5     0.659    -0.265     0.703
 5     0.457    -0.602    -0.655
 5     0.597     0.753    -0.276
 6   136.301     5.652    18.267
 6     0.356     0.904    -0.234
 6    -0.925     0.377     0.052
 6     0.135     0.198     0.971
 7   109.539   -20.013    -4.029
 7     0.446     0.881     0.155
 7    -0.885     0.460    -0.073
 7    -0.136    -0.105     0.985
 8   128.617   -36.123    11.694
 8     0.933     0.129     0.335
 8    -0.242    -0.464     0.852
 8     0.266    -0.876    -0.402
 9   139.494   -12.180    16.079
 9     0.139    -0.927    -0.349
 9     0.937     0.238    -0.257
 9     0.321    -0.291     0.901
 2    97.959   -18.695    59.920
 2     0.999     0.046    -0.010
 2    -0.046     0.998     0.029
 2     0.011    -0.029     0.999
 3   129.134    -4.938     4.300
 3     0.598    -0.077    -0.798
 3     0.258     0.961     0.101
 3     0.758    -0.267     0.594
 4   107.376     6.477    -5.229
 4     0.547    -0.614     0.568
 4     0.663     0.732     0.152
 4    -0.510     0.294     0.808
 5   119.578    26.812    14.177
 5     0.686    -0.228     0.691
 5     0.470    -0.586    -0.660
 5     0.554     0.778    -0.295
 6   137.083     6.050    17.338
 6     0.362     0.904    -0.228
 6    -0.920     0.385     0.067
 6     0.148     0.186     0.971
 7   109.349   -19.895    -3.956
 7     0.441     0.883     0.156
 7    -0.886     0.457    -0.081
 7    -0.143    -0.102     0.984
 8   128.743   -35.969    11.093
 8     0.941     0.097     0.323
 8    -0.246    -0.458     0.854
 8     0.231    -0.883    -0.408
 9   140.094   -12.011    14.613
 9     0.157    -0.937    -0.312
 9     0.936     0.241    -0.254
 9     0.313    -0.253     0.915
 2    97.959   -18.695    59.920
 2     0.999     0.046    -0.010
 2    -0.046     0.998     0.029
 2     0.011    -0.029     0.999
 3   129.109    -4.938     4.173
 3     0.598    -0.079    -0.797
 3     0.260     0.960     0.101
 3     0.758    -0.268     0.595
 4   107.096     6.277    -5.342
 4     0.538    -0.609     0.583
 4     0.655     0.737     0.165
 4    -0.531     0.293     0.795
 5   119.777    26.995    13.670
 5     0.709    -0.144     0.690
 5     0.497    -0.591    -0.635
 5     0.499     0.793    -0.348
