% Calibrated with leiden_pols
% Positions are in centimeters
Data =[
 2    97.959   -18.695    59.920
 2     0.999     0.046    -0.010
 2    -0.046     0.998     0.029
 2     0.011    -0.029     0.999
 3   127.307    -4.319     4.890
 3     0.657    -0.135    -0.741
 3     0.264     0.962     0.058
 3     0.706    -0.234     0.668
 4   104.869     7.371    -3.428
 4     0.485    -0.731     0.480
 4     0.783     0.607     0.134
 4    -0.390     0.311     0.866
 5   117.497    18.152    22.008
 5     0.708    -0.291     0.644
 5     0.061    -0.883    -0.465
 5     0.704     0.368    -0.608
 6   135.596     1.606    16.712
 6     0.471     0.463    -0.750
 6    -0.763    -0.212    -0.610
 6    -0.442     0.860     0.254
 7   108.280   -20.862    -2.565
 7     0.447     0.882     0.145
 7    -0.894     0.447     0.035
 7    -0.034    -0.145     0.989
 8   123.422   -27.315    24.387
 8     0.804     0.273     0.527
 8     0.033    -0.907     0.420
 8     0.593    -0.321    -0.738
 9   138.440    -7.121    24.486
 9     0.387    -0.176    -0.905
 9     0.910    -0.081     0.405
 9    -0.145    -0.981     0.129
 2    97.959   -18.695    59.920
 2     0.999     0.046    -0.010
 2    -0.046     0.998     0.029
 2     0.011    -0.029     0.999
 3   127.307    -4.319     4.890
 3     0.657    -0.135    -0.742
 3     0.264     0.963     0.059
 3     0.706    -0.235     0.668
 4   104.819     7.396    -3.427
 4     0.485    -0.731     0.480
 4     0.782     0.608     0.134
 4    -0.390     0.311     0.867
 5   117.450    18.153    22.004
 5     0.707    -0.291     0.645
 5     0.061    -0.883    -0.465
 5     0.705     0.368    -0.607
 6   135.545     1.606    16.762
 6     0.472     0.463    -0.751
 6    -0.763    -0.212    -0.610
 6    -0.442     0.861     0.253
 7   108.282   -20.862    -2.568
 7     0.447     0.882     0.144
 7    -0.894     0.447     0.035
 7    -0.033    -0.145     0.989
 8   123.375   -27.263    24.383
 8     0.804     0.274     0.528
 8     0.033    -0.907     0.421
 8     0.594    -0.321    -0.738
 9   138.441    -7.121    24.538
 9     0.388    -0.175    -0.905
 9     0.910    -0.081     0.406
 9    -0.145    -0.981     0.128
 2    98.006   -18.722    59.923
 2     0.999     0.047    -0.009
 2    -0.047     0.998     0.028
 2     0.010    -0.028     0.999
 3   127.310    -4.318     4.886
 3     0.656    -0.135    -0.742
 3     0.264     0.963     0.058
 3     0.707    -0.235     0.667
 4   104.819     7.396    -3.427
 4     0.485    -0.731     0.480
 4     0.783     0.607     0.134
 4    -0.390     0.310     0.867
 5   117.400    18.153    22.003
 5     0.706    -0.291     0.645
 5     0.060    -0.883    -0.465
 5     0.705     0.367    -0.607
 6   135.595     1.607    16.762
 6     0.472     0.463    -0.750
 6    -0.763    -0.212    -0.611
 6    -0.442     0.861     0.253
 7   108.282   -20.862    -2.569
 7     0.447     0.882     0.144
 7    -0.894     0.447     0.035
 7    -0.033    -0.144     0.989
 8   123.375   -27.263    24.383
 8     0.804     0.274     0.528
 8     0.033    -0.907     0.420
 8     0.594    -0.321    -0.738
 9   138.441    -7.121    24.538
 9     0.388    -0.176    -0.905
 9     0.910    -0.081     0.406
 9    -0.145    -0.981     0.128
 2    97.959   -18.695    59.920
 2     0.999     0.046    -0.010
 2    -0.046     0.998     0.029
 2     0.011    -0.029     0.999
 3   127.310    -4.318     4.886
 3     0.656    -0.135    -0.743
 3     0.264     0.963     0.059
 3     0.707    -0.235     0.667
 4   104.819     7.396    -3.427
 4     0.485    -0.731     0.479
 4     0.783     0.607     0.134
 4    -0.390     0.310     0.867
 5   117.400    18.127    22.055
 5     0.706    -0.292     0.645
 5     0.060    -0.883    -0.465
 5     0.705     0.367    -0.606
 6   135.593     1.606    16.764
 6     0.472     0.463    -0.750
 6    -0.762    -0.213    -0.611
 6    -0.443     0.860     0.252
 7   108.282   -20.862    -2.569
 7     0.447     0.883     0.144
 7    -0.894     0.447     0.035
 7    -0.033    -0.144     0.989
 8   123.326   -27.314    24.383
 8     0.803     0.273     0.529
 8     0.032    -0.907     0.419
 8     0.594    -0.320    -0.738
 9   138.441    -7.172    24.538
 9     0.389    -0.176    -0.904
 9     0.910    -0.082     0.407
 9    -0.145    -0.981     0.128
 2    97.959   -18.695    59.920
 2     0.999     0.046    -0.010
 2    -0.046     0.998     0.029
 2     0.011    -0.029     0.999
 3   127.261    -4.318     4.886
 3     0.656    -0.134    -0.743
 3     0.264     0.963     0.059
 3     0.707    -0.235     0.666
 4   104.872     7.372    -3.378
 4     0.485    -0.732     0.479
 4     0.783     0.607     0.134
 4    -0.389     0.309     0.868
 5   117.334    18.032    22.059
 5     0.703    -0.286     0.650
 5     0.057    -0.890    -0.453
 5     0.708     0.356    -0.610
 6   135.707     1.958    16.853
 6     0.494     0.449    -0.745
 6    -0.738    -0.236    -0.632
 6    -0.459     0.862     0.214
 7   108.382   -20.912    -2.569
 7     0.447     0.882     0.143
 7    -0.894     0.447     0.036
 7    -0.033    -0.144     0.989
 8   123.377   -27.262    24.409
 8     0.804     0.273     0.528
 8     0.033    -0.908     0.418
 8     0.594    -0.318    -0.739
 9   138.482    -7.177    24.501
 9     0.392    -0.179    -0.902
 9     0.907    -0.084     0.411
 9    -0.150    -0.980     0.129
 2    97.959   -18.695    59.920
 2     0.999     0.046    -0.010
 2    -0.046     0.998     0.029
 2     0.011    -0.029     0.999
 3   127.310    -4.318     4.912
 3     0.656    -0.135    -0.743
 3     0.263     0.963     0.058
 3     0.707    -0.234     0.667
 4   104.822     7.397    -3.378
 4     0.484    -0.732     0.478
 4     0.783     0.606     0.135
 4    -0.389     0.309     0.868
 5   117.175    17.740    22.217
 5     0.697    -0.271     0.663
 5     0.053    -0.903    -0.425
 5     0.714     0.332    -0.616
 6   135.891     2.357    16.801
 6     0.513     0.440    -0.737
 6    -0.713    -0.260    -0.651
 6    -0.478     0.860     0.180
 7   108.339   -20.909    -2.527
 7     0.449     0.882     0.143
 7    -0.893     0.449     0.039
 7    -0.030    -0.146     0.989
 8   123.314   -27.034    24.664
 8     0.808     0.268     0.524
 8     0.040    -0.913     0.406
 8     0.587    -0.307    -0.749
 9   138.627    -7.142    24.415
 9     0.407    -0.198    -0.892
 9     0.898    -0.090     0.430
 9    -0.165    -0.976     0.141
 2    97.959   -18.695    59.920
 2     0.999     0.046    -0.010
 2    -0.046     0.998     0.029
 2     0.011    -0.029     0.999
 3   127.310    -4.293     4.886
 3     0.656    -0.135    -0.743
 3     0.263     0.963     0.057
 3     0.707    -0.233     0.667
 4   104.816     7.446    -3.373
 4     0.483    -0.733     0.479
 4     0.783     0.606     0.137
 4    -0.391     0.309     0.867
 5   116.861    17.478    22.301
 5     0.692    -0.245     0.678
 5     0.058    -0.919    -0.391
 5     0.719     0.310    -0.622
 6   136.053     3.298    16.828
 6     0.544     0.452    -0.707
 6    -0.676    -0.263    -0.688
 6    -0.497     0.852     0.163
 7   108.395   -20.905    -2.536
 7     0.450     0.881     0.143
 7    -0.892     0.449     0.043
 7    -0.027    -0.147     0.989
 8   123.182   -26.780    24.869
 8     0.813     0.253     0.523
 8     0.041    -0.922     0.384
 8     0.580    -0.291    -0.761
 9   138.969    -7.663    24.169
 9     0.435    -0.204    -0.877
 9     0.883    -0.094     0.459
 9    -0.176    -0.974     0.139
 2    97.959   -18.721    59.920
 2     0.999     0.046    -0.010
 2    -0.046     0.998     0.029
 2     0.011    -0.029     0.999
 3   127.259    -4.293     4.885
 3     0.656    -0.136    -0.742
 3     0.263     0.963     0.056
 3     0.707    -0.232     0.668
 4   104.766     7.396    -3.373
 4     0.482    -0.733     0.479
 4     0.784     0.605     0.137
 4    -0.391     0.309     0.867
 5   116.644    17.367    22.342
 5     0.687    -0.219     0.692
 5     0.067    -0.930    -0.360
 5     0.723     0.294    -0.625
 6   136.239     4.507    16.771
 6     0.580     0.466    -0.668
 6    -0.638    -0.250    -0.729
 6    -0.506     0.849     0.151
 7   108.348   -20.854    -2.539
 7     0.450     0.881     0.144
 7    -0.893     0.448     0.044
 7    -0.026    -0.148     0.988
 8   122.963   -26.779    24.980
 8     0.815     0.236     0.529
 8     0.034    -0.931     0.364
 8     0.578    -0.279    -0.766
 9   139.331    -8.202    24.182
 9     0.463    -0.200    -0.864
 9     0.868    -0.094     0.487
 9    -0.179    -0.975     0.130
 2    97.959   -18.695    59.920
 2     0.999     0.046    -0.010
 2    -0.046     0.998     0.029
 2     0.011    -0.029     0.999
 3   127.306    -4.243     4.889
 3     0.657    -0.137    -0.741
 3     0.262     0.963     0.055
 3     0.706    -0.231     0.669
 4   104.767     7.448    -3.377
 4     0.481    -0.734     0.479
 4     0.784     0.604     0.137
 4    -0.390     0.310     0.867
 5   116.314    17.266    22.514
 5     0.677    -0.181     0.713
 5     0.082    -0.945    -0.318
 5     0.731     0.274    -0.625
 6   136.481     6.176    16.843
 6     0.624     0.480    -0.617
 6    -0.584    -0.238    -0.776
 6    -0.519     0.844     0.132
 7   108.404   -20.853    -2.518
 7     0.448     0.882     0.144
 7    -0.893     0.447     0.046
 7    -0.024    -0.150     0.988
 8   122.797   -26.731    25.206
 8     0.819     0.195     0.538
 8     0.013    -0.946     0.323
 8     0.573    -0.258    -0.778
 9   140.081    -9.057    24.030
 9     0.510    -0.199    -0.837
 9     0.838    -0.104     0.535
 9    -0.194    -0.974     0.114
 2    97.959   -18.695    59.920
 2     0.999     0.046    -0.010
 2    -0.046     0.998     0.029
 2     0.011    -0.029     0.999
 3   127.358    -4.192     4.833
 3     0.657    -0.139    -0.741
 3     0.261     0.964     0.052
 3     0.707    -0.228     0.669
 4   104.824     7.504    -3.391
 4     0.478    -0.736     0.479
 4     0.788     0.600     0.134
 4    -0.386     0.313     0.867
 5   116.143    17.131    22.584
 5     0.672    -0.149     0.725
 5     0.093    -0.954    -0.283
 5     0.734     0.258    -0.628
 6   136.681     7.939    16.557
 6     0.661     0.505    -0.555
 6    -0.522    -0.222    -0.823
 6    -0.539     0.834     0.117
 7   108.464   -20.798    -2.529
 7     0.448     0.882     0.145
 7    -0.894     0.445     0.051
 7    -0.020    -0.153     0.988
 8   122.727   -26.657    25.427
 8     0.826     0.143     0.544
 8    -0.009    -0.964     0.267
 8     0.563    -0.226    -0.795
 9   140.964   -10.339    23.419
 9     0.562    -0.210    -0.799
 9     0.793    -0.136     0.594
 9    -0.234    -0.968     0.090
 2    97.959   -18.695    59.920
 2     0.999     0.046    -0.010
 2    -0.046     0.998     0.029
 2     0.011    -0.029     0.999
 3   127.410    -4.141     4.777
 3     0.657    -0.138    -0.741
 3     0.259     0.964     0.050
 3     0.708    -0.225     0.670
 4   104.919     7.642    -3.371
 4     0.477    -0.739     0.475
 4     0.794     0.594     0.127
 4    -0.376     0.317     0.870
 5   115.912    17.086    22.702
 5     0.661    -0.101     0.743
 5     0.114    -0.966    -0.232
 5     0.742     0.238    -0.627
 6   136.670    10.036    16.667
 6     0.698     0.526    -0.486
 6    -0.448    -0.208    -0.869
 6    -0.559     0.824     0.091
 7   108.509   -20.792    -2.549
 7     0.445     0.883     0.147
 7    -0.895     0.441     0.060
 7    -0.012    -0.159     0.987
 8   122.467   -26.432    25.645
 8     0.831     0.077     0.550
 8    -0.041    -0.979     0.199
 8     0.554    -0.188    -0.811
 9   141.626   -12.082    22.648
 9     0.621    -0.222    -0.751
 9     0.732    -0.176     0.657
 9    -0.278    -0.959     0.053
 2    97.911   -18.694    59.942
 2     0.999     0.046    -0.011
 2    -0.046     0.998     0.029
 2     0.012    -0.029     0.999
 3   127.463    -4.116     4.772
 3     0.657    -0.138    -0.741
 3     0.256     0.965     0.047
 3     0.709    -0.221     0.669
 4   104.913     7.757    -3.383
 4     0.471    -0.744     0.474
 4     0.802     0.584     0.119
 4    -0.365     0.324     0.872
 5   115.734    17.108    22.877
 5     0.654    -0.054     0.754
 5     0.137    -0.972    -0.189
 5     0.744     0.227    -0.629
 6   136.687    12.106    16.501
 6     0.723     0.550    -0.418
 6    -0.377    -0.193    -0.906
 6    -0.578     0.813     0.068
 7   108.499   -20.790    -2.585
 7     0.438     0.885     0.151
 7    -0.899     0.434     0.066
 7    -0.007    -0.165     0.986
 8   122.189   -26.563    25.827
 8     0.832     0.002     0.554
 8    -0.084    -0.988     0.130
 8     0.548    -0.155    -0.822
 9   142.221   -14.587    22.043
 9     0.680    -0.246    -0.690
 9     0.660    -0.201     0.723
 9    -0.317    -0.948     0.026
 2    97.959   -18.695    59.920
 2     0.999     0.046    -0.010
 2    -0.046     0.998     0.029
 2     0.011    -0.029     0.999
 3   127.472    -4.064     4.657
 3     0.656    -0.136    -0.742
 3     0.251     0.967     0.045
 3     0.712    -0.216     0.668
 4   104.938     7.849    -3.373
 4     0.466    -0.750     0.469
 4     0.812     0.573     0.110
 4    -0.352     0.329     0.876
 5   115.503    17.307    22.964
 5     0.645    -0.009     0.764
 5     0.167    -0.974    -0.152
 5     0.745     0.226    -0.627
 6   136.528    14.183    16.520
 6     0.746     0.569    -0.346
 6    -0.310    -0.162    -0.937
 6    -0.589     0.806     0.055
 7   108.518   -20.762    -2.600
 7     0.430     0.889     0.153
 7    -0.902     0.424     0.073
 7    -0.000    -0.170     0.985
 8   121.620   -26.509    26.223
 8     0.823    -0.079     0.562
 8    -0.129    -0.990     0.049
 8     0.553    -0.114    -0.825
 9   142.488   -17.226    21.661
 9     0.736    -0.270    -0.621
 9     0.569    -0.251     0.783
 9    -0.367    -0.930    -0.031
 2    97.961   -18.694    59.942
 2     0.999     0.046    -0.011
 2    -0.046     0.998     0.029
 2     0.012    -0.029     0.999
 3   127.475    -3.963     4.626
 3     0.655    -0.137    -0.743
 3     0.248     0.967     0.041
 3     0.713    -0.212     0.668
 4   104.861     7.966    -3.308
 4     0.457    -0.760     0.462
 4     0.822     0.559     0.106
 4    -0.340     0.331     0.880
 5   115.197    17.626    23.029
 5     0.640     0.041     0.767
 5     0.206    -0.971    -0.119
 5     0.740     0.234    -0.630
 6   136.319    16.627    16.662
 6     0.769     0.579    -0.268
 6    -0.243    -0.122    -0.962
 6    -0.590     0.806     0.047
 7   108.537   -20.785    -2.589
 7     0.421     0.893     0.157
 7    -0.907     0.413     0.080
 7     0.007    -0.176     0.984
 8   121.073   -26.558    26.420
 8     0.811    -0.162     0.561
 8    -0.175    -0.984    -0.030
 8     0.557    -0.074    -0.827
 9   142.601   -19.756    21.475
 9     0.781    -0.298    -0.548
 9     0.475    -0.286     0.832
 9    -0.405    -0.911    -0.082
 2    97.911   -18.720    59.942
 2     0.999     0.047    -0.010
 2    -0.046     0.998     0.029
 2     0.012    -0.029     0.999
 3   127.476    -3.886     4.569
 3     0.655    -0.139    -0.743
 3     0.247     0.968     0.036
 3     0.714    -0.207     0.669
 4   104.753     7.980    -3.264
 4     0.446    -0.769     0.458
 4     0.832     0.545     0.104
 4    -0.330     0.334     0.883
 5   115.026    17.939    23.133
 5     0.637     0.094     0.765
 5     0.242    -0.967    -0.083
 5     0.731     0.238    -0.639
 6   136.107    18.659    16.561
 6     0.784     0.588    -0.197
 6    -0.181    -0.086    -0.980
 6    -0.593     0.804     0.039
 7   108.556   -20.756    -2.555
 7     0.415     0.895     0.160
 7    -0.910     0.406     0.088
 7     0.014    -0.182     0.983
 8   120.716   -26.432    26.654
 8     0.800    -0.241     0.549
 8    -0.221    -0.970    -0.103
 8     0.558    -0.039    -0.829
 9   142.645   -22.258    21.200
 9     0.815    -0.334    -0.474
 9     0.379    -0.310     0.872
 9    -0.438    -0.890    -0.126
 2    97.959   -18.695    59.920
 2     0.999     0.046    -0.010
 2    -0.046     0.998     0.030
 2     0.011    -0.029     0.999
 3   127.420    -3.710     4.520
 3     0.656    -0.146    -0.741
 3     0.247     0.968     0.028
 3     0.713    -0.202     0.671
 4   104.546     7.942    -3.193
 4     0.435    -0.779     0.451
 4     0.841     0.530     0.104
 4    -0.320     0.334     0.886
 5   114.724    18.530    23.234
 5     0.635     0.167     0.754
 5     0.292    -0.956    -0.034
 5     0.715     0.241    -0.656
 6   135.586    21.152    16.522
 6     0.796     0.592    -0.125
 6    -0.111    -0.060    -0.992
 6    -0.595     0.804     0.018
 7   108.591   -20.755    -2.636
 7     0.410     0.897     0.163
 7    -0.912     0.400     0.092
 7     0.017    -0.187     0.982
 8   120.463   -26.619    26.785
 8     0.787    -0.318     0.528
 8    -0.271    -0.948    -0.166
 8     0.553    -0.013    -0.833
 9   142.343   -24.960    20.703
 9     0.838    -0.375    -0.397
 9     0.286    -0.317     0.904
 9    -0.465    -0.871    -0.159
 2    97.959   -18.721    59.920
 2     0.999     0.046    -0.010
 2    -0.046     0.998     0.029
 2     0.011    -0.029     0.999
 3   127.411    -3.534     4.444
 3     0.657    -0.155    -0.737
 3     0.247     0.969     0.016
 3     0.712    -0.193     0.675
 4   104.379     8.002    -3.137
 4     0.425    -0.786     0.449
 4     0.849     0.518     0.104
 4    -0.314     0.337     0.887
 5   114.440    19.061    23.247
 5     0.633     0.230     0.739
 5     0.337    -0.941     0.004
 5     0.696     0.247    -0.674
 6   135.044    23.383    16.222
 6     0.799     0.599    -0.055
 6    -0.050    -0.026    -0.998
 6    -0.599     0.800     0.009
 7   108.605   -20.650    -2.648
 7     0.406     0.898     0.167
 7    -0.913     0.395     0.098
 7     0.022    -0.192     0.981
 8   117.889   -26.595    24.910
 8     0.773    -0.375     0.511
 8    -0.304    -0.927    -0.219
 8     0.556     0.014    -0.831
 9   142.172   -27.355    20.506
 9     0.851    -0.416    -0.320
 9     0.192    -0.320     0.928
 9    -0.489    -0.851    -0.192
 2    98.009   -18.695    59.920
 2     0.999     0.046    -0.010
 2    -0.046     0.998     0.029
 2     0.011    -0.029     0.999
 3   127.346    -3.385     4.351
 3     0.660    -0.165    -0.733
 3     0.246     0.969     0.003
 3     0.709    -0.182     0.680
 4   104.086     7.962    -3.030
 4     0.408    -0.798     0.444
 4     0.859     0.500     0.108
 4    -0.308     0.337     0.889
 5   113.829    19.396    23.445
 5     0.625     0.269     0.733
 5     0.366    -0.930     0.029
 5     0.689     0.250    -0.679
 6   134.192    25.654    16.565
 6     0.805     0.593     0.009
 6     0.016    -0.006    -1.000
 6    -0.593     0.805    -0.015
 7   108.672   -20.594    -2.667
 7     0.404     0.899     0.167
 7    -0.914     0.391     0.105
 7     0.029    -0.195     0.980
 8   117.601   -26.262    25.185
 8     0.755    -0.436     0.489
 8    -0.335    -0.899    -0.283
 8     0.563     0.050    -0.825
 9   141.442   -29.597    20.391
 9     0.854    -0.459    -0.244
 9     0.090    -0.332     0.939
 9    -0.512    -0.824    -0.242
 2    97.961   -18.720    59.917
 2     0.999     0.047    -0.010
 2    -0.046     0.998     0.029
 2     0.012    -0.029     0.999
 3   127.241    -3.182     4.346
 3     0.660    -0.177    -0.730
 3     0.247     0.969    -0.011
 3     0.709    -0.173     0.683
 4   103.874     7.976    -2.906
 4     0.393    -0.808     0.439
 4     0.870     0.481     0.108
 4    -0.299     0.340     0.892
 5   113.314    19.766    23.494
 5     0.609     0.308     0.731
 5     0.395    -0.917     0.057
 5     0.688     0.254    -0.680
 6   133.368    27.691    17.164
 6     0.818     0.569     0.076
 6     0.079     0.019    -0.997
 6    -0.569     0.821    -0.030
 7   108.692   -20.537    -2.688
 7     0.401     0.900     0.167
 7    -0.915     0.387     0.113
 7     0.037    -0.199     0.979
 8   117.424   -26.058    25.409
 8     0.736    -0.490     0.466
 8    -0.369    -0.869    -0.330
 8     0.567     0.071    -0.821
 9   140.811   -32.211    20.456
 9     0.854    -0.498    -0.152
 9    -0.016    -0.317     0.948
 9    -0.520    -0.807    -0.279
 2    97.959   -18.695    59.920
 2     0.999     0.046    -0.010
 2    -0.046     0.998     0.029
 2     0.011    -0.029     0.999
 3   127.209    -2.954     4.342
 3     0.660    -0.190    -0.727
 3     0.248     0.968    -0.028
 3     0.709    -0.162     0.686
 4   103.711     8.039    -2.854
 4     0.378    -0.818     0.433
 4     0.879     0.464     0.110
 4    -0.291     0.339     0.894
 5   112.566    20.261    23.629
 5     0.591     0.347     0.728
 5     0.426    -0.901     0.084
 5     0.685     0.261    -0.680
 6   132.767    29.895    18.051
 6     0.833     0.535     0.138
 6     0.147     0.026    -0.989
 6    -0.533     0.844    -0.057
 7   108.798   -20.410    -2.746
 7     0.396     0.903     0.166
 7    -0.917     0.381     0.115
 7     0.040    -0.198     0.979
 8   117.164   -26.090    25.438
 8     0.713    -0.549     0.436
 8    -0.411    -0.831    -0.373
 8     0.568     0.086    -0.819
 9   139.986   -35.016    20.711
 9     0.848    -0.527    -0.056
 9    -0.125    -0.302     0.945
 9    -0.515    -0.794    -0.322
 2    97.961   -18.694    59.942
 2     0.999     0.046    -0.011
 2    -0.046     0.998     0.029
 2     0.012    -0.029     0.999
 3   127.204    -2.827     4.337
 3     0.660    -0.202    -0.724
 3     0.249     0.967    -0.043
 3     0.709    -0.152     0.688
 4   103.493     8.048    -2.824
 4     0.365    -0.825     0.431
 4     0.886     0.449     0.110
 4    -0.285     0.342     0.895
 5   112.131    20.547    23.650
 5     0.576     0.386     0.720
 5     0.455    -0.884     0.109
 5     0.678     0.265    -0.685
 6   132.188    31.237    18.478
 6     0.837     0.518     0.177
 6     0.197     0.016    -0.980
 6    -0.511     0.855    -0.089
 7   108.752   -20.335    -2.798
 7     0.392     0.904     0.167
 7    -0.919     0.377     0.115
 7     0.041    -0.199     0.979
 8   116.914   -26.352    25.426
 8     0.691    -0.598     0.406
 8    -0.450    -0.796    -0.405
 8     0.565     0.097    -0.819
 9   138.927   -37.367    20.636
 9     0.833    -0.552     0.016
 9    -0.203    -0.279     0.939
 9    -0.514    -0.786    -0.344
 2    97.959   -18.721    59.920
 2     0.999     0.047    -0.010
 2    -0.047     0.998     0.029
 2     0.011    -0.029     0.999
 3   127.017    -2.652     4.290
 3     0.662    -0.212    -0.719
 3     0.249     0.967    -0.056
 3     0.707    -0.143     0.693
 4   103.278     8.058    -2.797
 4     0.355    -0.829     0.433
 4     0.892     0.438     0.107
 4    -0.278     0.348     0.895
 5   111.605    20.729    23.714
 5     0.565     0.414     0.713
 5     0.476    -0.870     0.128
 5     0.673     0.267    -0.689
 6   131.489    32.868    19.193
 6     0.836     0.500     0.225
 6     0.257     0.005    -0.966
 6    -0.484     0.866    -0.124
 7   108.532   -20.288    -2.841
 7     0.382     0.907     0.176
 7    -0.923     0.366     0.116
 7     0.041    -0.207     0.977
 8   116.583   -26.560    25.463
 8     0.672    -0.637     0.377
 8    -0.483    -0.764    -0.428
 8     0.561     0.105    -0.821
 9   137.864   -39.155    20.601
 9     0.817    -0.571     0.076
 9    -0.266    -0.256     0.929
 9    -0.511    -0.780    -0.361
 2    97.961   -18.720    59.917
 2     0.999     0.047    -0.010
 2    -0.046     0.998     0.029
 2     0.012    -0.029     0.999
 3   126.847    -2.608     4.181
 3     0.667    -0.218    -0.712
 3     0.248     0.966    -0.064
 3     0.702    -0.135     0.699
 4   103.121     8.096    -2.757
 4     0.346    -0.832     0.434
 4     0.899     0.425     0.098
 4    -0.267     0.356     0.895
 5   111.028    20.994    23.773
 5     0.545     0.453     0.705
 5     0.504    -0.849     0.156
 5     0.669     0.270    -0.692
 6   130.785    33.866    19.710
 6     0.833     0.485     0.264
 6     0.295     0.013    -0.955
 6    -0.467     0.874    -0.133
 7   108.302   -20.122    -2.893
 7     0.367     0.911     0.186
 7    -0.929     0.352     0.112
 7     0.036    -0.214     0.976
 8   116.228   -26.536    25.448
 8     0.656    -0.669     0.351
 8    -0.510    -0.735    -0.448
 8     0.557     0.115    -0.822
 9   137.024   -40.333    20.661
 9     0.800    -0.586     0.129
 9    -0.321    -0.235     0.917
 9    -0.507    -0.776    -0.376
 2    97.961   -18.694    59.942
 2     0.999     0.046    -0.010
 2    -0.046     0.998     0.030
 2     0.012    -0.029     0.999
 3   126.799    -2.489     4.126
 3     0.674    -0.224    -0.704
 3     0.247     0.966    -0.071
 3     0.696    -0.126     0.707
 4   102.889     8.212    -2.670
 4     0.334    -0.835     0.437
 4     0.907     0.410     0.090
 4    -0.255     0.366     0.895
 5   110.719    21.183    23.909
 5     0.528     0.497     0.688
 5     0.530    -0.827     0.190
 5     0.663     0.264    -0.700
 6   129.858    35.469    20.066
 6     0.814     0.489     0.312
 6     0.351     0.013    -0.936
 6    -0.462     0.872    -0.161
 7   107.945   -19.909    -2.859
 7     0.346     0.917     0.198
 7    -0.938     0.332     0.104
 7     0.029    -0.222     0.974
 8   116.036   -26.671    25.499
 8     0.637    -0.703     0.317
 8    -0.542    -0.700    -0.465
 8     0.549     0.124    -0.827
 9   136.017   -41.772    20.463
 9     0.775    -0.605     0.182
 9    -0.374    -0.206     0.904
 9    -0.509    -0.769    -0.385
 2    97.961   -18.694    59.917
 2     0.999     0.046    -0.010
 2    -0.046     0.998     0.030
 2     0.012    -0.029     0.999
 3   126.705    -2.404     3.822
 3     0.688    -0.223    -0.690
 3     0.243     0.967    -0.071
 3     0.683    -0.119     0.720
 4   102.855     8.351    -2.653
 4     0.328    -0.835     0.441
 4     0.912     0.401     0.080
 4    -0.245     0.376     0.894
 5   110.569    21.363    23.937
 5     0.515     0.537     0.667
 5     0.555    -0.803     0.217
 5     0.652     0.259    -0.712
 6   129.295    36.365    19.885
 6     0.796     0.498     0.342
 6     0.383     0.022    -0.923
 6    -0.468     0.866    -0.174
 7   107.592   -19.748    -2.926
 7     0.317     0.924     0.214
 7    -0.948     0.303     0.096
 7     0.023    -0.233     0.972
 8   115.883   -26.660    25.397
 8     0.622    -0.734     0.271
 8    -0.571    -0.663    -0.485
 8     0.536     0.146    -0.831
 9   134.566   -43.506    19.719
 9     0.729    -0.642     0.237
 9    -0.437    -0.170     0.883
 9    -0.527    -0.748    -0.404
 2    97.959   -18.695    59.920
 2     0.999     0.046    -0.010
 2    -0.046     0.998     0.029
 2     0.011    -0.029     0.999
 3   126.686    -2.463     3.667
 3     0.696    -0.222    -0.683
 3     0.240     0.968    -0.069
 3     0.677    -0.116     0.727
 4   102.813     8.358    -2.624
 4     0.321    -0.836     0.446
 4     0.916     0.393     0.076
 4    -0.239     0.384     0.892
 5   110.334    21.516    23.959
 5     0.505     0.564     0.653
 5     0.575    -0.784     0.233
 5     0.644     0.258    -0.720
 6   128.590    37.460    20.080
 6     0.781     0.499     0.373
 6     0.423     0.015    -0.906
 6    -0.458     0.866    -0.200
 7   107.515   -19.705    -2.939
 7     0.304     0.927     0.217
 7    -0.952     0.291     0.091
 7     0.021    -0.234     0.972
 8   115.844   -27.059    25.251
 8     0.603    -0.765     0.226
 8    -0.604    -0.624    -0.495
 8     0.520     0.162    -0.839
 9   133.528   -45.176    19.355
 9     0.694    -0.661     0.286
 9    -0.485    -0.135     0.864
 9    -0.532    -0.738    -0.415
 2    97.959   -18.695    59.920
 2     0.999     0.046    -0.010
 2    -0.046     0.998     0.029
 2     0.011    -0.029     0.999
 3   126.665    -2.367     3.513
 3     0.701    -0.226    -0.677
 3     0.243     0.967    -0.071
 3     0.671    -0.115     0.733
 4   102.578     8.284    -2.677
 4     0.311    -0.836     0.452
 4     0.919     0.385     0.079
 4    -0.240     0.391     0.888
 5   110.303    21.501    23.882
 5     0.511     0.577     0.636
 5     0.586    -0.776     0.232
 5     0.628     0.254    -0.735
 6   128.392    38.115    20.187
 6     0.767     0.514     0.384
 6     0.453    -0.010    -0.891
 6    -0.455     0.858    -0.240
 7   107.345   -19.685    -2.986
 7     0.291     0.931     0.219
 7    -0.956     0.278     0.089
 7     0.022    -0.236     0.971
 8   115.818   -27.323    25.244
 8     0.587    -0.788     0.184
 8    -0.631    -0.588    -0.506
 8     0.508     0.181    -0.842
 9   132.357   -46.716    18.988
 9     0.652    -0.682     0.332
 9    -0.538    -0.107     0.836
 9    -0.534    -0.724    -0.437
 2    97.959   -18.721    59.920
 2     0.999     0.046    -0.010
 2    -0.046     0.998     0.029
 2     0.011    -0.029     0.999
 3   126.550    -2.372     3.380
 3     0.705    -0.226    -0.673
 3     0.245     0.967    -0.068
 3     0.666    -0.117     0.737
 4   102.544     8.282    -2.721
 4     0.308    -0.835     0.455
 4     0.920     0.384     0.081
 4    -0.243     0.394     0.886
 5   110.249    21.616    23.829
 5     0.511     0.594     0.621
 5     0.602    -0.763     0.234
 5     0.613     0.254    -0.748
 6   128.204    38.347    19.954
 6     0.759     0.519     0.392
 6     0.464    -0.009    -0.886
 6    -0.457     0.854    -0.248
 7   107.182   -19.711    -2.942
 7     0.281     0.934     0.222
 7    -0.959     0.267     0.092
 7     0.026    -0.238     0.971
 8   115.825   -27.713    25.168
 8     0.576    -0.804     0.149
 8    -0.653    -0.562    -0.507
 8     0.491     0.195    -0.849
 9   131.517   -48.044    19.051
 9     0.618    -0.693     0.370
 9    -0.581    -0.085     0.810
 9    -0.530    -0.716    -0.455
 2    97.959   -18.695    59.920
 2     0.999     0.046    -0.010
 2    -0.046     0.998     0.029
 2     0.011    -0.029     0.999
 3   126.516    -2.425     3.343
 3     0.706    -0.225    -0.671
 3     0.247     0.967    -0.063
 3     0.663    -0.121     0.739
 4   102.433     8.177    -2.737
 4     0.306    -0.834     0.459
 4     0.919     0.384     0.084
 4    -0.247     0.396     0.884
 5   110.082    21.662    23.684
 5     0.503     0.615     0.607
 5     0.620    -0.747     0.242
 5     0.602     0.254    -0.756
 6   127.808    39.217    20.133
 6     0.745     0.525     0.411
 6     0.498    -0.029    -0.866
 6    -0.443     0.850    -0.283
 7   106.960   -19.766    -2.915
 7     0.272     0.936     0.222
 7    -0.962     0.258     0.090
 7     0.027    -0.238     0.971
 8   115.935   -28.521    24.967
 8     0.564    -0.819     0.106
 8    -0.682    -0.534    -0.500
 8     0.466     0.209    -0.859
 9   130.687   -50.135    18.957
 9     0.580    -0.708     0.402
 9    -0.638    -0.088     0.765
 9    -0.507    -0.700    -0.503
 2    97.959   -18.721    59.920
 2     0.999     0.047    -0.010
 2    -0.047     0.998     0.029
 2     0.011    -0.029     0.999
 3   126.356    -2.531     3.283
 3     0.710    -0.222    -0.668
 3     0.247     0.967    -0.058
 3     0.659    -0.124     0.741
 4   102.248     8.099    -2.732
 4     0.303    -0.831     0.467
 4     0.919     0.383     0.086
 4    -0.250     0.403     0.880
 5   109.981    21.791    23.648
 5     0.493     0.634     0.595
 5     0.634    -0.731     0.254
 5     0.596     0.252    -0.763
 6   127.520    39.834    20.435
 6     0.735     0.531     0.421
 6     0.526    -0.056    -0.849
 6    -0.427     0.845    -0.321
 7   106.614   -19.722    -2.907
 7     0.257     0.939     0.226
 7    -0.966     0.244     0.087
 7     0.027    -0.241     0.970
 8   115.879   -29.095    24.805
 8     0.551    -0.832     0.067
 8    -0.707    -0.508    -0.493
 8     0.444     0.224    -0.867
 9   129.727   -51.719    19.008
 9     0.543    -0.723     0.427
 9    -0.686    -0.090     0.721
 9    -0.483    -0.685    -0.545
 2    97.959   -18.695    59.920
 2     0.999     0.046    -0.010
 2    -0.046     0.998     0.029
 2     0.011    -0.029     0.999
 3   126.170    -2.561     3.198
 3     0.714    -0.219    -0.665
 3     0.246     0.968    -0.053
 3     0.655    -0.126     0.745
 4   102.065     8.098    -2.704
 4     0.300    -0.829     0.472
 4     0.920     0.382     0.086
 4    -0.252     0.408     0.877
 5   109.811    21.846    23.627
 5     0.483     0.655     0.581
 5     0.645    -0.715     0.270
 5     0.592     0.245    -0.768
 6   127.119    40.281    20.605
 6     0.725     0.535     0.432
 6     0.545    -0.062    -0.836
 6    -0.421     0.842    -0.337
 7   106.434   -19.651    -2.844
 7     0.251     0.940     0.228
 7    -0.968     0.238     0.083
 7     0.024    -0.242     0.970
 8   115.448   -29.607    24.651
 8     0.532    -0.845     0.047
 8    -0.728    -0.485    -0.485
 8     0.432     0.224    -0.873
 9   128.675   -53.009    19.143
 9     0.518    -0.721     0.460
 9    -0.718    -0.074     0.692
 9    -0.465    -0.689    -0.556
 2    97.911   -18.720    59.942
 2     0.999     0.047    -0.010
 2    -0.047     0.998     0.029
 2     0.012    -0.029     0.999
 3   126.083    -2.617     3.036
 3     0.718    -0.217    -0.661
 3     0.245     0.968    -0.051
 3     0.651    -0.125     0.748
 4   101.881     8.045    -2.728
 4     0.297    -0.826     0.479
 4     0.920     0.381     0.087
 4    -0.254     0.415     0.874
 5   109.653    21.874    23.494
 5     0.469     0.678     0.566
 5     0.662    -0.694     0.282
 5     0.584     0.242    -0.774
 6   126.728    40.891    20.872
 6     0.714     0.542     0.442
 6     0.568    -0.081    -0.819
 6    -0.408     0.836    -0.365
 7   106.329   -19.604    -2.885
 7     0.249     0.940     0.230
 7    -0.968     0.237     0.080
 7     0.021    -0.243     0.970
 8   114.987   -29.983    24.493
 8     0.509    -0.860     0.036
 8    -0.747    -0.462    -0.478
 8     0.428     0.216    -0.877
 9   127.750   -54.370    20.067
 9     0.495    -0.716     0.492
 9    -0.764    -0.088     0.640
 9    -0.415    -0.692    -0.590
 2    97.959   -18.695    59.920
 2     0.999     0.046    -0.010
 2    -0.046     0.998     0.029
 2     0.011    -0.029     0.999
 3   126.080    -2.567     3.040
 3     0.719    -0.217    -0.660
 3     0.246     0.968    -0.051
 3     0.650    -0.126     0.749
 4   101.877     8.045    -2.726
 4     0.294    -0.827     0.479
 4     0.921     0.379     0.088
 4    -0.255     0.416     0.873
 5   109.456    22.033    23.500
 5     0.451     0.702     0.551
 5     0.678    -0.671     0.299
 5     0.580     0.239    -0.779
 6   126.175    41.822    21.208
 6     0.696     0.547     0.464
 6     0.605    -0.100    -0.790
 6    -0.386     0.831    -0.401
 7   106.095   -19.536    -2.895
 7     0.240     0.943     0.228
 7    -0.970     0.229     0.074
 7     0.017    -0.240     0.971
 8   114.520   -30.407    24.478
 8     0.479    -0.877     0.018
 8    -0.765    -0.428    -0.482
 8     0.430     0.217    -0.876
 9   126.440   -55.750    21.068
 9     0.460    -0.741     0.489
 9    -0.807    -0.120     0.578
 9    -0.370    -0.661    -0.653
 2    97.959   -18.695    59.920
 2     0.999     0.046    -0.010
 2    -0.046     0.998     0.029
 2     0.011    -0.029     0.999
 3   125.848    -2.622     2.925
 3     0.723    -0.213    -0.657
 3     0.243     0.969    -0.047
 3     0.647    -0.127     0.752
 4   101.775     8.046    -2.728
 4     0.293    -0.825     0.484
 4     0.921     0.379     0.087
 4    -0.255     0.420     0.871
 5   109.269    22.070    23.470
 5     0.431     0.724     0.539
 5     0.692    -0.649     0.318
 5     0.579     0.235    -0.780
 6   125.798    42.321    21.821
 6     0.688     0.541     0.483
 6     0.631    -0.119    -0.766
 6    -0.358     0.832    -0.424
 7   105.966   -19.541    -2.933
 7     0.235     0.943     0.233
 7    -0.972     0.225     0.071
 7     0.014    -0.243     0.970
 8   113.962   -30.592    24.363
 8     0.457    -0.889     0.014
 8    -0.775    -0.406    -0.484
 8     0.436     0.210    -0.875
 9   125.453   -56.555    21.950
 9     0.439    -0.741     0.507
 9    -0.838    -0.135     0.528
 9    -0.323    -0.657    -0.681
 2    97.959   -18.695    59.920
 2     0.999     0.046    -0.010
 2    -0.046     0.998     0.029
 2     0.011    -0.029     0.999
 3   125.795    -2.624     2.929
 3     0.723    -0.212    -0.657
 3     0.242     0.969    -0.045
 3     0.646    -0.127     0.752
 4   101.593     8.046    -2.729
 4     0.286    -0.825     0.488
 4     0.923     0.373     0.089
 4    -0.256     0.424     0.868
 5   108.958    22.129    23.418
 5     0.414     0.741     0.528
 5     0.703    -0.629     0.331
 5     0.578     0.234    -0.782
 6   124.966    43.003    22.519
 6     0.672     0.546     0.500
 6     0.664    -0.146    -0.733
 6    -0.328     0.825    -0.461
 7   105.889   -19.491    -2.930
 7     0.235     0.943     0.234
 7    -0.972     0.225     0.070
 7     0.013    -0.244     0.970
 8   113.396   -30.957    24.174
 8     0.433    -0.901     0.016
 8    -0.787    -0.387    -0.481
 8     0.440     0.196    -0.876
 9   124.518   -57.332    22.840
 9     0.426    -0.724     0.542
 9    -0.865    -0.151     0.478
 9    -0.264    -0.673    -0.691
 2    97.959   -18.695    59.920
 2     0.999     0.046    -0.010
 2    -0.046     0.998     0.029
 2     0.011    -0.029     0.999
 3   125.741    -2.624     2.856
 3     0.724    -0.214    -0.656
 3     0.244     0.969    -0.046
 3     0.645    -0.127     0.753
 4   101.401     7.917    -2.820
 4     0.277    -0.825     0.493
 4     0.925     0.368     0.096
 4    -0.261     0.429     0.865
 5   108.827    22.255    23.313
 5     0.402     0.756     0.515
 5     0.716    -0.611     0.337
 5     0.570     0.233    -0.788
 6   124.335    43.953    23.080
 6     0.648     0.566     0.510
 6     0.703    -0.188    -0.686
 6    -0.292     0.803    -0.519
 7   105.833   -19.392    -3.048
 7     0.235     0.943     0.235
 7    -0.972     0.225     0.067
 7     0.010    -0.245     0.969
 8   113.100   -31.247    23.943
 8     0.409    -0.912     0.015
 8    -0.798    -0.366    -0.479
 8     0.442     0.184    -0.878
 9   123.812   -57.761    23.826
 9     0.413    -0.717     0.561
 9    -0.884    -0.167     0.436
 9    -0.219    -0.677    -0.703
 2    97.959   -18.695    59.920
 2     0.999     0.046    -0.010
 2    -0.046     0.998     0.029
 2     0.011    -0.029     0.999
 3   125.667    -2.546     2.800
 3     0.722    -0.218    -0.656
 3     0.246     0.968    -0.051
 3     0.646    -0.125     0.752
 4   101.377     7.821    -2.878
 4     0.267    -0.828     0.492
 4     0.928     0.359     0.100
 4    -0.259     0.430     0.865
 5   108.646    22.313    23.207
 5     0.389     0.769     0.507
 5     0.724    -0.596     0.349
 5     0.570     0.231    -0.788
 6   123.889    44.386    23.555
 6     0.635     0.563     0.528
 6     0.722    -0.191    -0.665
 6    -0.274     0.804    -0.528
 7   105.892   -19.272    -3.357
 7     0.234     0.943     0.235
 7    -0.972     0.227     0.059
 7     0.003    -0.243     0.970
 8   112.770   -31.249    23.739
 8     0.388    -0.921     0.020
 8    -0.804    -0.349    -0.480
 8     0.450     0.170    -0.877
 9   123.027   -58.270    24.615
 9     0.393    -0.710     0.584
 9    -0.903    -0.177     0.392
 9    -0.175    -0.681    -0.711
 2    97.961   -18.694    59.917
 2     0.999     0.046    -0.010
 2    -0.046     0.998     0.029
 2     0.012    -0.029     0.999
 3   125.678    -2.389     2.732
 3     0.718    -0.223    -0.659
 3     0.247     0.967    -0.057
 3     0.650    -0.122     0.750
 4   101.405     7.874    -2.910
 4     0.264    -0.830     0.491
 4     0.929     0.354     0.100
 4    -0.257     0.430     0.865
 5   108.400    22.374    23.247
 5     0.372     0.780     0.503
 5     0.730    -0.580     0.360
 5     0.573     0.233    -0.786
 6   123.359    44.966    24.257
 6     0.617     0.574     0.538
 6     0.748    -0.216    -0.628
 6    -0.244     0.790    -0.563
 7   106.058   -19.148    -3.477
 7     0.235     0.944     0.232
 7    -0.972     0.228     0.056
 7    -0.000    -0.239     0.971
 8   112.514   -31.278    23.593
 8     0.367    -0.930     0.020
