% Calibrated with leiden_pols
% Positions are in centimeters
Data =[
 2    97.959   -18.695    59.920
 2     0.999     0.046    -0.010
 2    -0.046     0.998     0.029
 2     0.011    -0.029     0.999
 3   127.307    -4.319     4.890
 3     0.657    -0.135    -0.741
 3     0.264     0.962     0.058
 3     0.706    -0.234     0.668
 4   104.869     7.371    -3.428
 4     0.485    -0.731     0.480
 4     0.783     0.607     0.134
 4    -0.390     0.311     0.866
 5   117.497    18.152    22.008
 5     0.708    -0.291     0.644
 5     0.061    -0.883    -0.465
 5     0.704     0.368    -0.608
 6   135.596     1.606    16.712
 6     0.471     0.463    -0.750
 6    -0.763    -0.212    -0.610
 6    -0.442     0.860     0.254
 7   108.280   -20.862    -2.565
 7     0.447     0.882     0.145
 7    -0.894     0.447     0.035
 7    -0.034    -0.145     0.989
 8   123.422   -27.315    24.387
 8     0.804     0.273     0.527
 8     0.033    -0.907     0.420
 8     0.593    -0.321    -0.738
 9   138.440    -7.121    24.486
 9     0.387    -0.176    -0.905
 9     0.910    -0.081     0.405
 9    -0.145    -0.981     0.129
 2    97.959   -18.695    59.920
 2     0.999     0.046    -0.010
 2    -0.046     0.998     0.029
 2     0.011    -0.029     0.999
 3   127.307    -4.319     4.890
 3     0.657    -0.135    -0.742
 3     0.264     0.963     0.059
 3     0.706    -0.235     0.668
 4   104.819     7.396    -3.427
 4     0.485    -0.731     0.480
 4     0.782     0.608     0.134
 4    -0.390     0.311     0.867
 5   117.450    18.153    22.004
 5     0.707    -0.291     0.645
 5     0.061    -0.883    -0.465
 5     0.705     0.368    -0.607
 6   135.545     1.606    16.762
 6     0.472     0.463    -0.751
 6    -0.763    -0.212    -0.610
 6    -0.442     0.861     0.253
 7   108.282   -20.862    -2.568
 7     0.447     0.882     0.144
 7    -0.894     0.447     0.035
 7    -0.033    -0.145     0.989
 8   123.375   -27.263    24.383
 8     0.804     0.274     0.528
 8     0.033    -0.907     0.421
 8     0.594    -0.321    -0.738
 9   138.441    -7.121    24.538
 9     0.388    -0.175    -0.905
 9     0.910    -0.081     0.406
 9    -0.145    -0.981     0.128
 2    98.006   -18.722    59.923
 2     0.999     0.047    -0.009
 2    -0.047     0.998     0.028
 2     0.010    -0.028     0.999
 3   127.310    -4.318     4.886
 3     0.656    -0.135    -0.742
 3     0.264     0.963     0.058
 3     0.707    -0.235     0.667
 4   104.819     7.396    -3.427
 4     0.485    -0.731     0.480
 4     0.783     0.607     0.134
 4    -0.390     0.310     0.867
 5   117.400    18.153    22.003
 5     0.706    -0.291     0.645
 5     0.060    -0.883    -0.465
 5     0.705     0.367    -0.607
 6   135.595     1.607    16.762
 6     0.472     0.463    -0.750
 6    -0.763    -0.212    -0.611
 6    -0.442     0.861     0.253
 7   108.282   -20.862    -2.569
 7     0.447     0.882     0.144
 7    -0.894     0.447     0.035
 7    -0.033    -0.144     0.989
 8   123.375   -27.263    24.383
 8     0.804     0.274     0.528
 8     0.033    -0.907     0.420
 8     0.594    -0.321    -0.738
 9   138.441    -7.121    24.538
 9     0.388    -0.176    -0.905
 9     0.910    -0.081     0.406
 9    -0.145    -0.981     0.128
 2    97.959   -18.695    59.920
 2     0.999     0.046    -0.010
 2    -0.046     0.998     0.029
 2     0.011    -0.029     0.999
 3   127.310    -4.318     4.886
 3     0.656    -0.135    -0.743
 3     0.264     0.963     0.059
 3     0.707    -0.235     0.667
 4   104.819     7.396    -3.427
 4     0.485    -0.731     0.479
 4     0.783     0.607     0.134
 4    -0.390     0.310     0.867
 5   117.400    18.127    22.055
 5     0.706    -0.292     0.645
 5     0.060    -0.883    -0.465
 5     0.705     0.367    -0.606
 6   135.593     1.606    16.764
 6     0.472     0.463    -0.750
 6    -0.762    -0.213    -0.611
 6    -0.443     0.860     0.252
 7   108.282   -20.862    -2.569
 7     0.447     0.883     0.144
 7    -0.894     0.447     0.035
 7    -0.033    -0.144     0.989
 8   123.326   -27.314    24.383
 8     0.803     0.273     0.529
 8     0.032    -0.907     0.419
 8     0.594    -0.320    -0.738
 9   138.441    -7.172    24.538
 9     0.389    -0.176    -0.904
 9     0.910    -0.082     0.407
 9    -0.145    -0.981     0.128
 2    97.959   -18.695    59.920
 2     0.999     0.046    -0.010
 2    -0.046     0.998     0.029
 2     0.011    -0.029     0.999
 3   127.261    -4.318     4.886
 3     0.656    -0.134    -0.743
 3     0.264     0.963     0.059
 3     0.707    -0.235     0.666
 4   104.872     7.372    -3.378
 4     0.485    -0.732     0.479
 4     0.783     0.607     0.134
 4    -0.389     0.309     0.868
 5   117.334    18.032    22.059
 5     0.703    -0.286     0.650
 5     0.057    -0.890    -0.453
 5     0.708     0.356    -0.610
 6   135.707     1.958    16.853
 6     0.494     0.449    -0.745
 6    -0.738    -0.236    -0.632
 6    -0.459     0.862     0.214
 7   108.382   -20.912    -2.569
 7     0.447     0.882     0.143
 7    -0.894     0.447     0.036
 7    -0.033    -0.144     0.989
 8   123.377   -27.262    24.409
 8     0.804     0.273     0.528
 8     0.033    -0.908     0.418
 8     0.594    -0.318    -0.739
 9   138.482    -7.177    24.501
 9     0.392    -0.179    -0.902
 9     0.907    -0.084     0.411
 9    -0.150    -0.980     0.129
 2    97.959   -18.695    59.920
 2     0.999     0.046    -0.010
 2    -0.046     0.998     0.029
 2     0.011    -0.029     0.999
 3   127.310    -4.318     4.912
 3     0.656    -0.135    -0.743
 3     0.263     0.963     0.058
 3     0.707    -0.234     0.667
 4   104.822     7.397    -3.378
 4     0.484    -0.732     0.478
 4     0.783     0.606     0.135
 4    -0.389     0.309     0.868
 5   117.175    17.740    22.217
 5     0.697    -0.271     0.663
 5     0.053    -0.903    -0.425
 5     0.714     0.332    -0.616
 6   135.891     2.357    16.801
 6     0.513     0.440    -0.737
 6    -0.713    -0.260    -0.651
 6    -0.478     0.860     0.180
 7   108.339   -20.909    -2.527
 7     0.449     0.882     0.143
 7    -0.893     0.449     0.039
 7    -0.030    -0.146     0.989
 8   123.314   -27.034    24.664
 8     0.808     0.268     0.524
 8     0.040    -0.913     0.406
 8     0.587    -0.307    -0.749
 9   138.627    -7.142    24.415
 9     0.407    -0.198    -0.892
 9     0.898    -0.090     0.430
 9    -0.165    -0.976     0.141
 2    97.959   -18.695    59.920
 2     0.999     0.046    -0.010
 2    -0.046     0.998     0.029
 2     0.011    -0.029     0.999
 3   127.310    -4.293     4.886
 3     0.656    -0.135    -0.743
 3     0.263     0.963     0.057
 3     0.707    -0.233     0.667
 4   104.816     7.446    -3.373
 4     0.483    -0.733     0.479
 4     0.783     0.606     0.137
 4    -0.391     0.309     0.867
 5   116.861    17.478    22.301
 5     0.692    -0.245     0.678
 5     0.058    -0.919    -0.391
 5     0.719     0.310    -0.622
 6   136.053     3.298    16.828
 6     0.544     0.452    -0.707
 6    -0.676    -0.263    -0.688
 6    -0.497     0.852     0.163
 7   108.395   -20.905    -2.536
 7     0.450     0.881     0.143
 7    -0.892     0.449     0.043
 7    -0.027    -0.147     0.989
 8   123.182   -26.780    24.869
 8     0.813     0.253     0.523
 8     0.041    -0.922     0.384
 8     0.580    -0.291    -0.761
 9   138.969    -7.663    24.169
 9     0.435    -0.204    -0.877
 9     0.883    -0.094     0.459
 9    -0.176    -0.974     0.139
 2    97.959   -18.721    59.920
 2     0.999     0.046    -0.010
 2    -0.046     0.998     0.029
 2     0.011    -0.029     0.999
 3   127.259    -4.293     4.885
 3     0.656    -0.136    -0.742
 3     0.263     0.963     0.056
 3     0.707    -0.232     0.668
 4   104.766     7.396    -3.373
 4     0.482    -0.733     0.479
 4     0.784     0.605     0.137
 4    -0.391     0.309     0.867
 5   116.644    17.367    22.342
 5     0.687    -0.219     0.692
 5     0.067    -0.930    -0.360
 5     0.723     0.294    -0.625
