% Calibrated with leiden_pols
% Positions are in centimeters
Data =[
 2   131.400    -4.918    10.102
 2     0.514    -0.005    -0.858
 2     0.094     0.994     0.051
 2     0.852    -0.107     0.512
 3   126.612    -5.942     4.475
 3     0.655    -0.120    -0.746
 3     0.220     0.975     0.037
 3     0.723    -0.189     0.665
 4     0.000     0.000     0.000
 4     1.000     0.000     0.000
 4     0.000     1.000     0.000
 4     0.000     0.000     1.000
 5     0.000     0.000     0.000
 5     1.000     0.000     0.000
 5     0.000     1.000     0.000
 5     0.000     0.000     1.000
 6     0.000     0.000     0.000
 6     1.000     0.000     0.000
 6     0.000     1.000     0.000
 6     0.000     0.000     1.000
 7     0.000     0.000     0.000
 7     1.000     0.000     0.000
 7     0.000     1.000     0.000
 7     0.000     0.000     1.000
 8     0.000     0.000     0.000
 8     1.000     0.000     0.000
 8     0.000     1.000     0.000
 8     0.000     0.000     1.000
 9     0.000     0.000     0.000
 9     1.000     0.000     0.000
 9     0.000     1.000     0.000
 9     0.000     0.000     1.000
 2     0.000     0.000     0.000
 2     1.000     0.000     0.000
 2     0.000     1.000     0.000
 2     0.000     0.000     1.000
 3     0.000     0.000     0.000
 3     1.000     0.000     0.000
 3     0.000     1.000     0.000
 3     0.000     0.000     1.000
 4   106.093     8.126    -2.629
 4     0.530    -0.696     0.485
 4     0.815     0.575    -0.065
 4    -0.234     0.429     0.872
 5   121.158    18.410    22.712
 5     0.773    -0.227     0.592
 5     0.214    -0.786    -0.580
 5     0.597     0.575    -0.560
 6     0.000     0.000     0.000
 6     1.000     0.000     0.000
 6     0.000     1.000     0.000
 6     0.000     0.000     1.000
 7     0.000     0.000     0.000
 7     1.000     0.000     0.000
 7     0.000     1.000     0.000
 7     0.000     0.000     1.000
 8     0.000     0.000     0.000
 8     1.000     0.000     0.000
 8     0.000     1.000     0.000
 8     0.000     0.000     1.000
 9     0.000     0.000     0.000
 9     1.000     0.000     0.000
 9     0.000     1.000     0.000
 9     0.000     0.000     1.000
 2     0.000     0.000     0.000
 2     1.000     0.000     0.000
 2     0.000     1.000     0.000
 2     0.000     0.000     1.000
 3     0.000     0.000     0.000
 3     1.000     0.000     0.000
 3     0.000     1.000     0.000
 3     0.000     0.000     1.000
 4     0.000     0.000     0.000
 4     1.000     0.000     0.000
 4     0.000     1.000     0.000
 4     0.000     0.000     1.000
 5     0.000     0.000     0.000
 5     1.000     0.000     0.000
 5     0.000     1.000     0.000
 5     0.000     0.000     1.000
 6   146.651    10.922    32.632
 6     0.788     0.264    -0.555
 6    -0.431     0.881    -0.193
 6     0.438     0.392     0.809
 7   108.088   -23.317    -2.621
 7     0.426     0.859     0.281
 7    -0.904     0.418     0.092
 7    -0.039    -0.294     0.955
 8     0.000     0.000     0.000
 8     1.000     0.000     0.000
 8     0.000     1.000     0.000
 8     0.000     0.000     1.000
 9     0.000     0.000     0.000
 9     1.000     0.000     0.000
 9     0.000     1.000     0.000
 9     0.000     0.000     1.000
 2     0.000     0.000     0.000
 2     1.000     0.000     0.000
 2     0.000     1.000     0.000
 2     0.000     0.000     1.000
 3     0.000     0.000     0.000
 3     1.000     0.000     0.000
 3     0.000     1.000     0.000
 3     0.000     0.000     1.000
 4     0.000     0.000     0.000
 4     1.000     0.000     0.000
 4     0.000     1.000     0.000
 4     0.000     0.000     1.000
 5     0.000     0.000     0.000
 5     1.000     0.000     0.000
 5     0.000     1.000     0.000
 5     0.000     0.000     1.000
 6     0.000     0.000     0.000
 6     1.000     0.000     0.000
 6     0.000     1.000     0.000
 6     0.000     0.000     1.000
 7     0.000     0.000     0.000
 7     1.000     0.000     0.000
 7     0.000     1.000     0.000
 7     0.000     0.000     1.000
 8   125.469   -26.382    23.579
 8     0.781     0.353     0.514
 8     0.028    -0.843     0.537
 8     0.624    -0.405    -0.669
 9   148.160   -16.554    33.434
 9     0.772    -0.118    -0.624
 9     0.455     0.787     0.416
 9     0.442    -0.606     0.661
 2   131.703    -5.180    10.160
 2     0.462     0.034    -0.886
 2     0.151     0.981     0.116
 2     0.873    -0.188     0.449
 3   126.615    -5.966     4.419
 3     0.654    -0.119    -0.747
 3     0.219     0.975     0.036
 3     0.724    -0.188     0.664
 4     0.000     0.000     0.000
 4     1.000     0.000     0.000
 4     0.000     1.000     0.000
 4     0.000     0.000     1.000
 5     0.000     0.000     0.000
 5     1.000     0.000     0.000
 5     0.000     1.000     0.000
 5     0.000     0.000     1.000
 6     0.000     0.000     0.000
 6     1.000     0.000     0.000
 6     0.000     1.000     0.000
 6     0.000     0.000     1.000
 7     0.000     0.000     0.000
 7     1.000     0.000     0.000
 7     0.000     1.000     0.000
 7     0.000     0.000     1.000
 8     0.000     0.000     0.000
 8     1.000     0.000     0.000
 8     0.000     1.000     0.000
 8     0.000     0.000     1.000
 9     0.000     0.000     0.000
 9     1.000     0.000     0.000
 9     0.000     1.000     0.000
 9     0.000     0.000     1.000
 2     0.000     0.000     0.000
 2     1.000     0.000     0.000
 2     0.000     1.000     0.000
 2     0.000     0.000     1.000
 3     0.000     0.000     0.000
 3     1.000     0.000     0.000
 3     0.000     1.000     0.000
 3     0.000     0.000     1.000
 4   106.018     8.126    -2.629
 4     0.530    -0.696     0.485
 4     0.815     0.575    -0.065
 4    -0.234     0.429     0.872
 5   121.156    18.407    22.717
 5     0.774    -0.229     0.590
 5     0.212    -0.785    -0.582
 5     0.596     0.576    -0.559
 6     0.000     0.000     0.000
 6     1.000     0.000     0.000
 6     0.000     1.000     0.000
 6     0.000     0.000     1.000
 7     0.000     0.000     0.000
 7     1.000     0.000     0.000
 7     0.000     1.000     0.000
 7     0.000     0.000     1.000
 8     0.000     0.000     0.000
 8     1.000     0.000     0.000
 8     0.000     1.000     0.000
 8     0.000     0.000     1.000
 9     0.000     0.000     0.000
 9     1.000     0.000     0.000
 9     0.000     1.000     0.000
 9     0.000     0.000     1.000
 2     0.000     0.000     0.000
 2     1.000     0.000     0.000
 2     0.000     1.000     0.000
 2     0.000     0.000     1.000
 3     0.000     0.000     0.000
 3     1.000     0.000     0.000
 3     0.000     1.000     0.000
 3     0.000     0.000     1.000
 4     0.000     0.000     0.000
 4     1.000     0.000     0.000
 4     0.000     1.000     0.000
 4     0.000     0.000     1.000
 5     0.000     0.000     0.000
 5     1.000     0.000     0.000
 5     0.000     1.000     0.000
 5     0.000     0.000     1.000
 6   146.604    10.922    32.730
 6     0.787     0.264    -0.557
 6    -0.432     0.881    -0.193
 6     0.439     0.392     0.808
 7   108.088   -23.317    -2.621
 7     0.426     0.859     0.282
 7    -0.904     0.418     0.091
 7    -0.039    -0.294     0.955
 8     0.000     0.000     0.000
 8     1.000     0.000     0.000
 8     0.000     1.000     0.000
 8     0.000     0.000     1.000
 9     0.000     0.000     0.000
 9     1.000     0.000     0.000
 9     0.000     1.000     0.000
 9     0.000     0.000     1.000
 2     0.000     0.000     0.000
 2     1.000     0.000     0.000
 2     0.000     1.000     0.000
 2     0.000     0.000     1.000
 3     0.000     0.000     0.000
 3     1.000     0.000     0.000
 3     0.000     1.000     0.000
 3     0.000     0.000     1.000
 4     0.000     0.000     0.000
 4     1.000     0.000     0.000
 4     0.000     1.000     0.000
 4     0.000     0.000     1.000
 5     0.000     0.000     0.000
 5     1.000     0.000     0.000
 5     0.000     1.000     0.000
 5     0.000     0.000     1.000
 6     0.000     0.000     0.000
 6     1.000     0.000     0.000
 6     0.000     1.000     0.000
 6     0.000     0.000     1.000
 7     0.000     0.000     0.000
 7     1.000     0.000     0.000
 7     0.000     1.000     0.000
 7     0.000     0.000     1.000
 8   125.465   -26.434    23.532
 8     0.781     0.355     0.513
 8     0.028    -0.842     0.539
 8     0.623    -0.406    -0.668
 9   148.161   -16.553    33.481
 9     0.772    -0.118    -0.625
 9     0.456     0.788     0.414
 9     0.443    -0.604     0.662
 2   131.634    -4.644    10.350
 2     0.445    -0.052    -0.894
 2     0.195     0.980     0.040
 2     0.874    -0.193     0.446
 3   126.620    -5.965     4.416
 3     0.653    -0.118    -0.748
 3     0.220     0.975     0.039
 3     0.725    -0.190     0.662
 4     0.000     0.000     0.000
 4     1.000     0.000     0.000
 4     0.000     1.000     0.000
 4     0.000     0.000     1.000
 5     0.000     0.000     0.000
 5     1.000     0.000     0.000
 5     0.000     1.000     0.000
 5     0.000     0.000     1.000
 6     0.000     0.000     0.000
 6     1.000     0.000     0.000
 6     0.000     1.000     0.000
 6     0.000     0.000     1.000
 7     0.000     0.000     0.000
 7     1.000     0.000     0.000
 7     0.000     1.000     0.000
 7     0.000     0.000     1.000
 8     0.000     0.000     0.000
 8     1.000     0.000     0.000
 8     0.000     1.000     0.000
 8     0.000     0.000     1.000
 9     0.000     0.000     0.000
 9     1.000     0.000     0.000
 9     0.000     1.000     0.000
 9     0.000     0.000     1.000
 2     0.000     0.000     0.000
 2     1.000     0.000     0.000
 2     0.000     1.000     0.000
 2     0.000     0.000     1.000
 3     0.000     0.000     0.000
 3     1.000     0.000     0.000
 3     0.000     1.000     0.000
 3     0.000     0.000     1.000
 4   106.094     8.075    -2.628
 4     0.530    -0.696     0.484
 4     0.814     0.576    -0.064
 4    -0.234     0.428     0.873
 5   121.106    18.407    22.718
 5     0.774    -0.229     0.590
 5     0.213    -0.784    -0.583
 5     0.596     0.577    -0.558
 6     0.000     0.000     0.000
 6     1.000     0.000     0.000
 6     0.000     1.000     0.000
 6     0.000     0.000     1.000
 7     0.000     0.000     0.000
 7     1.000     0.000     0.000
 7     0.000     1.000     0.000
 7     0.000     0.000     1.000
 8     0.000     0.000     0.000
 8     1.000     0.000     0.000
 8     0.000     1.000     0.000
 8     0.000     0.000     1.000
 9     0.000     0.000     0.000
 9     1.000     0.000     0.000
 9     0.000     1.000     0.000
 9     0.000     0.000     1.000
 2     0.000     0.000     0.000
 2     1.000     0.000     0.000
 2     0.000     1.000     0.000
 2     0.000     0.000     1.000
 3     0.000     0.000     0.000
 3     1.000     0.000     0.000
 3     0.000     1.000     0.000
 3     0.000     0.000     1.000
 4     0.000     0.000     0.000
 4     1.000     0.000     0.000
 4     0.000     1.000     0.000
 4     0.000     0.000     1.000
 5     0.000     0.000     0.000
 5     1.000     0.000     0.000
 5     0.000     1.000     0.000
 5     0.000     0.000     1.000
 6   146.653    10.923    32.730
 6     0.787     0.263    -0.557
 6    -0.432     0.881    -0.194
 6     0.439     0.393     0.807
 7   108.088   -23.317    -2.621
 7     0.425     0.860     0.281
 7    -0.904     0.418     0.091
 7    -0.039    -0.293     0.955
 8     0.000     0.000     0.000
 8     1.000     0.000     0.000
 8     0.000     1.000     0.000
 8     0.000     0.000     1.000
 9     0.000     0.000     0.000
 9     1.000     0.000     0.000
 9     0.000     1.000     0.000
 9     0.000     0.000     1.000
 2     0.000     0.000     0.000
 2     1.000     0.000     0.000
 2     0.000     1.000     0.000
 2     0.000     0.000     1.000
 3     0.000     0.000     0.000
 3     1.000     0.000     0.000
 3     0.000     1.000     0.000
 3     0.000     0.000     1.000
 4     0.000     0.000     0.000
 4     1.000     0.000     0.000
 4     0.000     1.000     0.000
 4     0.000     0.000     1.000
 5     0.000     0.000     0.000
 5     1.000     0.000     0.000
 5     0.000     1.000     0.000
 5     0.000     0.000     1.000
 6     0.000     0.000     0.000
 6     1.000     0.000     0.000
 6     0.000     1.000     0.000
 6     0.000     0.000     1.000
 7     0.000     0.000     0.000
 7     1.000     0.000     0.000
 7     0.000     1.000     0.000
 7     0.000     0.000     1.000
 8   125.514   -26.460    23.506
 8     0.782     0.355     0.512
 8     0.027    -0.840     0.541
 8     0.623    -0.409    -0.667
 9   148.161   -16.579    33.378
 9     0.772    -0.120    -0.624
 9     0.455     0.789     0.412
 9     0.443    -0.603     0.664
 2   131.646    -4.558    10.159
 2     0.426    -0.076    -0.901
 2     0.164     0.986    -0.006
 2     0.889    -0.146     0.433
 3   126.627    -5.936     4.509
 3     0.649    -0.119    -0.751
 3     0.222     0.974     0.038
 3     0.727    -0.192     0.658
 4     0.000     0.000     0.000
 4     1.000     0.000     0.000
 4     0.000     1.000     0.000
 4     0.000     0.000     1.000
 5     0.000     0.000     0.000
 5     1.000     0.000     0.000
 5     0.000     1.000     0.000
 5     0.000     0.000     1.000
 6     0.000     0.000     0.000
 6     1.000     0.000     0.000
 6     0.000     1.000     0.000
 6     0.000     0.000     1.000
 7     0.000     0.000     0.000
 7     1.000     0.000     0.000
 7     0.000     1.000     0.000
 7     0.000     0.000     1.000
 8     0.000     0.000     0.000
 8     1.000     0.000     0.000
 8     0.000     1.000     0.000
 8     0.000     0.000     1.000
 9     0.000     0.000     0.000
 9     1.000     0.000     0.000
 9     0.000     1.000     0.000
 9     0.000     0.000     1.000
 2     0.000     0.000     0.000
 2     1.000     0.000     0.000
 2     0.000     1.000     0.000
 2     0.000     0.000     1.000
 3     0.000     0.000     0.000
 3     1.000     0.000     0.000
 3     0.000     1.000     0.000
 3     0.000     0.000     1.000
 4   106.094     8.126    -2.628
 4     0.530    -0.696     0.484
 4     0.815     0.576    -0.064
 4    -0.234     0.428     0.873
 5   121.109    18.459    22.765
 5     0.774    -0.229     0.590
 5     0.213    -0.784    -0.583
 5     0.597     0.577    -0.558
 6     0.000     0.000     0.000
 6     1.000     0.000     0.000
 6     0.000     1.000     0.000
 6     0.000     0.000     1.000
 7     0.000     0.000     0.000
 7     1.000     0.000     0.000
 7     0.000     1.000     0.000
 7     0.000     0.000     1.000
 8     0.000     0.000     0.000
 8     1.000     0.000     0.000
 8     0.000     1.000     0.000
 8     0.000     0.000     1.000
 9     0.000     0.000     0.000
 9     1.000     0.000     0.000
 9     0.000     1.000     0.000
 9     0.000     0.000     1.000
 2     0.000     0.000     0.000
 2     1.000     0.000     0.000
 2     0.000     1.000     0.000
 2     0.000     0.000     1.000
 3     0.000     0.000     0.000
 3     1.000     0.000     0.000
 3     0.000     1.000     0.000
 3     0.000     0.000     1.000
 4     0.000     0.000     0.000
 4     1.000     0.000     0.000
 4     0.000     1.000     0.000
 4     0.000     0.000     1.000
 5     0.000     0.000     0.000
 5     1.000     0.000     0.000
 5     0.000     1.000     0.000
 5     0.000     0.000     1.000
 6   146.553    10.922    32.781
 6     0.787     0.264    -0.558
 6    -0.433     0.880    -0.195
 6     0.439     0.394     0.807
 7   108.137   -23.317    -2.673
 7     0.426     0.860     0.280
 7    -0.904     0.418     0.090
 7    -0.039    -0.292     0.956
 8     0.000     0.000     0.000
 8     1.000     0.000     0.000
 8     0.000     1.000     0.000
 8     0.000     0.000     1.000
 9     0.000     0.000     0.000
 9     1.000     0.000     0.000
 9     0.000     1.000     0.000
 9     0.000     0.000     1.000
 2     0.000     0.000     0.000
 2     1.000     0.000     0.000
 2     0.000     1.000     0.000
 2     0.000     0.000     1.000
 3     0.000     0.000     0.000
 3     1.000     0.000     0.000
 3     0.000     1.000     0.000
 3     0.000     0.000     1.000
 4     0.000     0.000     0.000
 4     1.000     0.000     0.000
 4     0.000     1.000     0.000
 4     0.000     0.000     1.000
 5     0.000     0.000     0.000
 5     1.000     0.000     0.000
 5     0.000     1.000     0.000
 5     0.000     0.000     1.000
 6     0.000     0.000     0.000
 6     1.000     0.000     0.000
 6     0.000     1.000     0.000
 6     0.000     0.000     1.000
 7     0.000     0.000     0.000
 7     1.000     0.000     0.000
 7     0.000     1.000     0.000
 7     0.000     0.000     1.000
 8   125.515   -26.459    23.629
 8     0.781     0.357     0.512
 8     0.028    -0.840     0.542
 8     0.624    -0.409    -0.666
 9   148.110   -16.452    33.429
 9     0.771    -0.122    -0.625
 9     0.457     0.789     0.411
 9     0.443    -0.602     0.664
 2   132.019    -4.845    10.308
 2     0.350     0.012    -0.936
 2     0.162     0.984     0.073
 2     0.922    -0.178     0.343
 3   126.677    -5.961     4.561
 3     0.649    -0.117    -0.751
 3     0.222     0.974     0.039
 3     0.727    -0.193     0.658
 4     0.000     0.000     0.000
 4     1.000     0.000     0.000
 4     0.000     1.000     0.000
 4     0.000     0.000     1.000
 5     0.000     0.000     0.000
 5     1.000     0.000     0.000
 5     0.000     1.000     0.000
 5     0.000     0.000     1.000
 6     0.000     0.000     0.000
 6     1.000     0.000     0.000
 6     0.000     1.000     0.000
 6     0.000     0.000     1.000
 7     0.000     0.000     0.000
 7     1.000     0.000     0.000
 7     0.000     1.000     0.000
 7     0.000     0.000     1.000
 8     0.000     0.000     0.000
 8     1.000     0.000     0.000
 8     0.000     1.000     0.000
 8     0.000     0.000     1.000
 9     0.000     0.000     0.000
 9     1.000     0.000     0.000
 9     0.000     1.000     0.000
 9     0.000     0.000     1.000
 2     0.000     0.000     0.000
 2     1.000     0.000     0.000
 2     0.000     1.000     0.000
 2     0.000     0.000     1.000
 3     0.000     0.000     0.000
 3     1.000     0.000     0.000
 3     0.000     1.000     0.000
 3     0.000     0.000     1.000
 4   106.095     8.075    -2.627
 4     0.531    -0.697     0.482
 4     0.814     0.577    -0.063
 4    -0.234     0.426     0.873
 5   121.153    18.380    22.722
 5     0.775    -0.230     0.589
 5     0.212    -0.783    -0.585
 5     0.595     0.578    -0.558
 6     0.000     0.000     0.000
 6     1.000     0.000     0.000
 6     0.000     1.000     0.000
 6     0.000     0.000     1.000
 7     0.000     0.000     0.000
 7     1.000     0.000     0.000
 7     0.000     1.000     0.000
 7     0.000     0.000     1.000
 8     0.000     0.000     0.000
 8     1.000     0.000     0.000
 8     0.000     1.000     0.000
 8     0.000     0.000     1.000
 9     0.000     0.000     0.000
 9     1.000     0.000     0.000
 9     0.000     1.000     0.000
 9     0.000     0.000     1.000
 2     0.000     0.000     0.000
 2     1.000     0.000     0.000
 2     0.000     1.000     0.000
 2     0.000     0.000     1.000
 3     0.000     0.000     0.000
 3     1.000     0.000     0.000
 3     0.000     1.000     0.000
 3     0.000     0.000     1.000
 4     0.000     0.000     0.000
 4     1.000     0.000     0.000
 4     0.000     1.000     0.000
 4     0.000     0.000     1.000
 5     0.000     0.000     0.000
 5     1.000     0.000     0.000
 5     0.000     1.000     0.000
 5     0.000     0.000     1.000
 6   146.603    10.871    32.781
 6     0.787     0.264    -0.558
 6    -0.433     0.880    -0.194
 6     0.439     0.394     0.807
 7   108.087   -23.342    -2.622
 7     0.426     0.861     0.279
 7    -0.904     0.418     0.090
 7    -0.039    -0.291     0.956
 8     0.000     0.000     0.000
 8     1.000     0.000     0.000
 8     0.000     1.000     0.000
 8     0.000     0.000     1.000
 9     0.000     0.000     0.000
 9     1.000     0.000     0.000
 9     0.000     1.000     0.000
 9     0.000     0.000     1.000
 2     0.000     0.000     0.000
 2     1.000     0.000     0.000
 2     0.000     1.000     0.000
 2     0.000     0.000     1.000
 3     0.000     0.000     0.000
 3     1.000     0.000     0.000
 3     0.000     1.000     0.000
 3     0.000     0.000     1.000
 4     0.000     0.000     0.000
 4     1.000     0.000     0.000
 4     0.000     1.000     0.000
 4     0.000     0.000     1.000
 5     0.000     0.000     0.000
 5     1.000     0.000     0.000
 5     0.000     1.000     0.000
 5     0.000     0.000     1.000
 6     0.000     0.000     0.000
 6     1.000     0.000     0.000
 6     0.000     1.000     0.000
 6     0.000     0.000     1.000
 7     0.000     0.000     0.000
 7     1.000     0.000     0.000
 7     0.000     1.000     0.000
 7     0.000     0.000     1.000
 8   125.512   -26.460    23.582
 8     0.781     0.357     0.511
 8     0.029    -0.839     0.543
 8     0.623    -0.410    -0.667
 9   148.158   -16.503    33.433
 9     0.772    -0.122    -0.624
 9     0.457     0.788     0.412
 9     0.442    -0.604     0.663
 2   120.623    -7.712    -1.709
 2     0.644     0.738    -0.200
 2    -0.732     0.671     0.116
 2     0.219     0.071     0.973
 3   126.706    -6.073     4.440
 3     0.659    -0.110    -0.744
 3     0.217     0.975     0.049
 3     0.720    -0.194     0.666
 4     0.000     0.000     0.000
 4     1.000     0.000     0.000
 4     0.000     1.000     0.000
 4     0.000     0.000     1.000
 5     0.000     0.000     0.000
 5     1.000     0.000     0.000
 5     0.000     1.000     0.000
 5     0.000     0.000     1.000
 6     0.000     0.000     0.000
 6     1.000     0.000     0.000
 6     0.000     1.000     0.000
 6     0.000     0.000     1.000
 7     0.000     0.000     0.000
 7     1.000     0.000     0.000
 7     0.000     1.000     0.000
 7     0.000     0.000     1.000
 8     0.000     0.000     0.000
 8     1.000     0.000     0.000
 8     0.000     1.000     0.000
 8     0.000     0.000     1.000
 9     0.000     0.000     0.000
 9     1.000     0.000     0.000
 9     0.000     1.000     0.000
 9     0.000     0.000     1.000
 2     0.000     0.000     0.000
 2     1.000     0.000     0.000
 2     0.000     1.000     0.000
 2     0.000     0.000     1.000
 3     0.000     0.000     0.000
 3     1.000     0.000     0.000
 3     0.000     1.000     0.000
 3     0.000     0.000     1.000
 4   106.193     7.946    -2.620
 4     0.533    -0.696     0.481
 4     0.812     0.580    -0.062
 4    -0.236     0.424     0.874
 5   121.148    18.454    22.681
 5     0.776    -0.230     0.587
 5     0.214    -0.780    -0.588
 5     0.593     0.582    -0.556
 6     0.000     0.000     0.000
 6     1.000     0.000     0.000
 6     0.000     1.000     0.000
 6     0.000     0.000     1.000
 7     0.000     0.000     0.000
 7     1.000     0.000     0.000
 7     0.000     1.000     0.000
 7     0.000     0.000     1.000
 8     0.000     0.000     0.000
 8     1.000     0.000     0.000
 8     0.000     1.000     0.000
 8     0.000     0.000     1.000
 9     0.000     0.000     0.000
 9     1.000     0.000     0.000
 9     0.000     1.000     0.000
 9     0.000     0.000     1.000
 2     0.000     0.000     0.000
 2     1.000     0.000     0.000
 2     0.000     1.000     0.000
 2     0.000     0.000     1.000
 3     0.000     0.000     0.000
 3     1.000     0.000     0.000
 3     0.000     1.000     0.000
 3     0.000     0.000     1.000
 4     0.000     0.000     0.000
 4     1.000     0.000     0.000
 4     0.000     1.000     0.000
 4     0.000     0.000     1.000
 5     0.000     0.000     0.000
 5     1.000     0.000     0.000
 5     0.000     1.000     0.000
 5     0.000     0.000     1.000
 6   146.603    10.972    32.730
 6     0.786     0.265    -0.558
 6    -0.434     0.880    -0.194
 6     0.439     0.394     0.807
 7   108.101   -23.439    -2.461
 7     0.424     0.861     0.279
 7    -0.905     0.414     0.096
 7    -0.033    -0.293     0.955
 8     0.000     0.000     0.000
 8     1.000     0.000     0.000
 8     0.000     1.000     0.000
 8     0.000     0.000     1.000
 9     0.000     0.000     0.000
 9     1.000     0.000     0.000
 9     0.000     1.000     0.000
 9     0.000     0.000     1.000
 2     0.000     0.000     0.000
 2     1.000     0.000     0.000
 2     0.000     1.000     0.000
 2     0.000     0.000     1.000
 3     0.000     0.000     0.000
 3     1.000     0.000     0.000
 3     0.000     1.000     0.000
 3     0.000     0.000     1.000
 4     0.000     0.000     0.000
 4     1.000     0.000     0.000
 4     0.000     1.000     0.000
 4     0.000     0.000     1.000
 5     0.000     0.000     0.000
 5     1.000     0.000     0.000
 5     0.000     1.000     0.000
 5     0.000     0.000     1.000
 6     0.000     0.000     0.000
 6     1.000     0.000     0.000
 6     0.000     1.000     0.000
 6     0.000     0.000     1.000
 7     0.000     0.000     0.000
 7     1.000     0.000     0.000
 7     0.000     1.000     0.000
 7     0.000     0.000     1.000
 8   125.508   -26.511    23.717
 8     0.783     0.356     0.510
 8     0.030    -0.841     0.540
 8     0.621    -0.408    -0.669
 9   148.176   -16.556    33.499
 9     0.772    -0.119    -0.624
 9     0.459     0.782     0.420
 9     0.438    -0.611     0.659
 2   121.043    -8.338    -1.859
 2     0.615     0.760    -0.210
 2    -0.698     0.649     0.304
 2     0.367    -0.040     0.929
 3   126.747    -6.126     4.436
 3     0.661    -0.103    -0.743
 3     0.223     0.972     0.064
 3     0.716    -0.208     0.666
 4     0.000     0.000     0.000
 4     1.000     0.000     0.000
 4     0.000     1.000     0.000
 4     0.000     0.000     1.000
 5     0.000     0.000     0.000
 5     1.000     0.000     0.000
 5     0.000     1.000     0.000
 5     0.000     0.000     1.000
 6     0.000     0.000     0.000
 6     1.000     0.000     0.000
 6     0.000     1.000     0.000
 6     0.000     0.000     1.000
 7     0.000     0.000     0.000
 7     1.000     0.000     0.000
 7     0.000     1.000     0.000
 7     0.000     0.000     1.000
 8     0.000     0.000     0.000
 8     1.000     0.000     0.000
 8     0.000     1.000     0.000
 8     0.000     0.000     1.000
 9     0.000     0.000     0.000
 9     1.000     0.000     0.000
 9     0.000     1.000     0.000
 9     0.000     0.000     1.000
 2     0.000     0.000     0.000
 2     1.000     0.000     0.000
 2     0.000     1.000     0.000
 2     0.000     0.000     1.000
 3     0.000     0.000     0.000
 3     1.000     0.000     0.000
 3     0.000     1.000     0.000
 3     0.000     0.000     1.000
 4   106.191     7.944    -2.668
 4     0.534    -0.695     0.482
 4     0.812     0.581    -0.062
 4    -0.237     0.424     0.874
 5   121.220    18.452    22.634
 5     0.777    -0.230     0.586
 5     0.214    -0.779    -0.590
 5     0.592     0.583    -0.556
 6     0.000     0.000     0.000
 6     1.000     0.000     0.000
 6     0.000     1.000     0.000
 6     0.000     0.000     1.000
 7     0.000     0.000     0.000
 7     1.000     0.000     0.000
 7     0.000     1.000     0.000
 7     0.000     0.000     1.000
 8     0.000     0.000     0.000
 8     1.000     0.000     0.000
 8     0.000     1.000     0.000
 8     0.000     0.000     1.000
 9     0.000     0.000     0.000
 9     1.000     0.000     0.000
 9     0.000     1.000     0.000
 9     0.000     0.000     1.000
 2     0.000     0.000     0.000
 2     1.000     0.000     0.000
 2     0.000     1.000     0.000
 2     0.000     0.000     1.000
 3     0.000     0.000     0.000
 3     1.000     0.000     0.000
 3     0.000     1.000     0.000
 3     0.000     0.000     1.000
 4     0.000     0.000     0.000
 4     1.000     0.000     0.000
 4     0.000     1.000     0.000
 4     0.000     0.000     1.000
 5     0.000     0.000     0.000
 5     1.000     0.000     0.000
 5     0.000     1.000     0.000
 5     0.000     0.000     1.000
 6   146.603    10.972    32.730
 6     0.786     0.264    -0.558
 6    -0.434     0.879    -0.195
 6     0.439     0.395     0.806
 7   108.151   -23.439    -2.460
 7     0.424     0.861     0.279
 7    -0.905     0.415     0.096
 7    -0.033    -0.294     0.955
 8     0.000     0.000     0.000
 8     1.000     0.000     0.000
 8     0.000     1.000     0.000
 8     0.000     0.000     1.000
 9     0.000     0.000     0.000
 9     1.000     0.000     0.000
 9     0.000     1.000     0.000
 9     0.000     0.000     1.000
 2     0.000     0.000     0.000
 2     1.000     0.000     0.000
 2     0.000     1.000     0.000
 2     0.000     0.000     1.000
 3     0.000     0.000     0.000
 3     1.000     0.000     0.000
 3     0.000     1.000     0.000
 3     0.000     0.000     1.000
 4     0.000     0.000     0.000
 4     1.000     0.000     0.000
 4     0.000     1.000     0.000
 4     0.000     0.000     1.000
 5     0.000     0.000     0.000
 5     1.000     0.000     0.000
 5     0.000     1.000     0.000
 5     0.000     0.000     1.000
 6     0.000     0.000     0.000
 6     1.000     0.000     0.000
 6     0.000     1.000     0.000
 6     0.000     0.000     1.000
 7     0.000     0.000     0.000
 7     1.000     0.000     0.000
 7     0.000     1.000     0.000
 7     0.000     0.000     1.000
 8   125.532   -26.510    23.819
 8     0.783     0.356     0.510
 8     0.031    -0.841     0.540
 8     0.621    -0.407    -0.669
 9   148.179   -16.580    33.521
 9     0.772    -0.118    -0.625
 9     0.459     0.783     0.420
 9     0.439    -0.611     0.658
 2   119.539    -8.212    -1.747
 2     0.609     0.792     0.032
 2    -0.779     0.591     0.208
 2     0.146    -0.152     0.977
 3   126.695    -6.125     4.435
 3     0.661    -0.107    -0.743
 3     0.224     0.973     0.059
 3     0.716    -0.206     0.667
 4     0.000     0.000     0.000
 4     1.000     0.000     0.000
 4     0.000     1.000     0.000
 4     0.000     0.000     1.000
 5     0.000     0.000     0.000
 5     1.000     0.000     0.000
 5     0.000     1.000     0.000
 5     0.000     0.000     1.000
 6     0.000     0.000     0.000
 6     1.000     0.000     0.000
 6     0.000     1.000     0.000
 6     0.000     0.000     1.000
 7     0.000     0.000     0.000
 7     1.000     0.000     0.000
 7     0.000     1.000     0.000
 7     0.000     0.000     1.000
 8     0.000     0.000     0.000
 8     1.000     0.000     0.000
 8     0.000     1.000     0.000
 8     0.000     0.000     1.000
 9     0.000     0.000     0.000
 9     1.000     0.000     0.000
 9     0.000     1.000     0.000
 9     0.000     0.000     1.000
 2     0.000     0.000     0.000
 2     1.000     0.000     0.000
 2     0.000     1.000     0.000
 2     0.000     0.000     1.000
 3     0.000     0.000     0.000
 3     1.000     0.000     0.000
 3     0.000     1.000     0.000
 3     0.000     0.000     1.000
 4   106.191     7.944    -2.617
 4     0.534    -0.695     0.482
 4     0.811     0.581    -0.062
 4    -0.237     0.424     0.874
 5   121.170    18.452    22.685
 5     0.777    -0.231     0.586
 5     0.214    -0.779    -0.590
 5     0.592     0.583    -0.556
 6     0.000     0.000     0.000
 6     1.000     0.000     0.000
 6     0.000     1.000     0.000
 6     0.000     0.000     1.000
 7     0.000     0.000     0.000
 7     1.000     0.000     0.000
 7     0.000     1.000     0.000
 7     0.000     0.000     1.000
 8     0.000     0.000     0.000
 8     1.000     0.000     0.000
 8     0.000     1.000     0.000
 8     0.000     0.000     1.000
 9     0.000     0.000     0.000
 9     1.000     0.000     0.000
 9     0.000     1.000     0.000
 9     0.000     0.000     1.000
 2     0.000     0.000     0.000
 2     1.000     0.000     0.000
 2     0.000     1.000     0.000
 2     0.000     0.000     1.000
 3     0.000     0.000     0.000
 3     1.000     0.000     0.000
 3     0.000     1.000     0.000
 3     0.000     0.000     1.000
 4     0.000     0.000     0.000
 4     1.000     0.000     0.000
 4     0.000     1.000     0.000
 4     0.000     0.000     1.000
 5     0.000     0.000     0.000
 5     1.000     0.000     0.000
 5     0.000     1.000     0.000
 5     0.000     0.000     1.000
 6   146.652    10.972    32.678
 6     0.786     0.264    -0.559
 6    -0.435     0.879    -0.197
 6     0.439     0.397     0.805
 7   108.149   -23.439    -2.508
 7     0.425     0.860     0.280
 7    -0.905     0.415     0.096
 7    -0.034    -0.295     0.955
 8     0.000     0.000     0.000
 8     1.000     0.000     0.000
 8     0.000     1.000     0.000
 8     0.000     0.000     1.000
 9     0.000     0.000     0.000
 9     1.000     0.000     0.000
 9     0.000     1.000     0.000
 9     0.000     0.000     1.000
 2     0.000     0.000     0.000
 2     1.000     0.000     0.000
 2     0.000     1.000     0.000
 2     0.000     0.000     1.000
 3     0.000     0.000     0.000
 3     1.000     0.000     0.000
 3     0.000     1.000     0.000
 3     0.000     0.000     1.000
 4     0.000     0.000     0.000
 4     1.000     0.000     0.000
 4     0.000     1.000     0.000
 4     0.000     0.000     1.000
 5     0.000     0.000     0.000
 5     1.000     0.000     0.000
 5     0.000     1.000     0.000
 5     0.000     0.000     1.000
 6     0.000     0.000     0.000
 6     1.000     0.000     0.000
 6     0.000     1.000     0.000
 6     0.000     0.000     1.000
 7     0.000     0.000     0.000
 7     1.000     0.000     0.000
 7     0.000     1.000     0.000
 7     0.000     0.000     1.000
 8   125.508   -26.511    23.717
 8     0.783     0.356     0.509
 8     0.030    -0.841     0.541
 8     0.621    -0.408    -0.669
 9   148.178   -16.555    33.444
 9     0.772    -0.119    -0.624
 9     0.459     0.783     0.419
 9     0.439    -0.610     0.659
 2   119.832    -6.969    -1.440
 2     0.728     0.673    -0.126
 2    -0.684     0.726    -0.074
 2     0.042     0.140     0.989
 3   126.698    -6.073     4.430
 3     0.659    -0.109    -0.744
 3     0.224     0.973     0.056
 3     0.717    -0.204     0.666
 4     0.000     0.000     0.000
 4     1.000     0.000     0.000
 4     0.000     1.000     0.000
 4     0.000     0.000     1.000
 5     0.000     0.000     0.000
 5     1.000     0.000     0.000
 5     0.000     1.000     0.000
 5     0.000     0.000     1.000
 6     0.000     0.000     0.000
 6     1.000     0.000     0.000
 6     0.000     1.000     0.000
 6     0.000     0.000     1.000
 7     0.000     0.000     0.000
 7     1.000     0.000     0.000
 7     0.000     1.000     0.000
 7     0.000     0.000     1.000
 8     0.000     0.000     0.000
 8     1.000     0.000     0.000
 8     0.000     1.000     0.000
 8     0.000     0.000     1.000
 9     0.000     0.000     0.000
 9     1.000     0.000     0.000
 9     0.000     1.000     0.000
 9     0.000     0.000     1.000
 2     0.000     0.000     0.000
 2     1.000     0.000     0.000
 2     0.000     1.000     0.000
 2     0.000     0.000     1.000
 3     0.000     0.000     0.000
 3     1.000     0.000     0.000
 3     0.000     1.000     0.000
 3     0.000     0.000     1.000
 4   106.191     7.944    -2.617
 4     0.534    -0.695     0.482
 4     0.812     0.581    -0.061
 4    -0.237     0.424     0.874
 5   121.170    18.503    22.686
 5     0.776    -0.231     0.586
 5     0.214    -0.779    -0.590
 5     0.592     0.583    -0.555
 6     0.000     0.000     0.000
 6     1.000     0.000     0.000
 6     0.000     1.000     0.000
 6     0.000     0.000     1.000
 7     0.000     0.000     0.000
 7     1.000     0.000     0.000
 7     0.000     1.000     0.000
 7     0.000     0.000     1.000
 8     0.000     0.000     0.000
 8     1.000     0.000     0.000
 8     0.000     1.000     0.000
 8     0.000     0.000     1.000
 9     0.000     0.000     0.000
 9     1.000     0.000     0.000
 9     0.000     1.000     0.000
 9     0.000     0.000     1.000
 2     0.000     0.000     0.000
 2     1.000     0.000     0.000
 2     0.000     1.000     0.000
 2     0.000     0.000     1.000
 3     0.000     0.000     0.000
 3     1.000     0.000     0.000
 3     0.000     1.000     0.000
 3     0.000     0.000     1.000
 4     0.000     0.000     0.000
 4     1.000     0.000     0.000
 4     0.000     1.000     0.000
 4     0.000     0.000     1.000
 5     0.000     0.000     0.000
 5     1.000     0.000     0.000
 5     0.000     1.000     0.000
 5     0.000     0.000     1.000
 6   146.726    10.972    32.729
 6     0.786     0.264    -0.559
 6    -0.436     0.878    -0.198
 6     0.439     0.399     0.805
 7   108.151   -23.439    -2.460
 7     0.424     0.861     0.280
 7    -0.905     0.415     0.096
 7    -0.033    -0.294     0.955
 8     0.000     0.000     0.000
 8     1.000     0.000     0.000
 8     0.000     1.000     0.000
 8     0.000     0.000     1.000
 9     0.000     0.000     0.000
 9     1.000     0.000     0.000
 9     0.000     1.000     0.000
 9     0.000     0.000     1.000
 2     0.000     0.000     0.000
 2     1.000     0.000     0.000
 2     0.000     1.000     0.000
 2     0.000     0.000     1.000
 3     0.000     0.000     0.000
 3     1.000     0.000     0.000
 3     0.000     1.000     0.000
 3     0.000     0.000     1.000
 4     0.000     0.000     0.000
 4     1.000     0.000     0.000
 4     0.000     1.000     0.000
 4     0.000     0.000     1.000
 5     0.000     0.000     0.000
 5     1.000     0.000     0.000
 5     0.000     1.000     0.000
 5     0.000     0.000     1.000
 6     0.000     0.000     0.000
 6     1.000     0.000     0.000
 6     0.000     1.000     0.000
 6     0.000     0.000     1.000
 7     0.000     0.000     0.000
 7     1.000     0.000     0.000
 7     0.000     1.000     0.000
 7     0.000     0.000     1.000
 8   125.529   -26.563    23.721
 8     0.784     0.356     0.509
 8     0.030    -0.840     0.542
 8     0.620    -0.410    -0.669
 9   148.225   -16.556    33.447
 9     0.772    -0.120    -0.624
 9     0.459     0.783     0.419
 9     0.438    -0.610     0.660
 2   122.797    -7.059    -1.104
 2     0.468     0.539    -0.700
 2    -0.784     0.619    -0.046
 2     0.408     0.570     0.712
 3   126.653    -6.072     4.445
 3     0.658    -0.111    -0.745
 3     0.223     0.973     0.051
 3     0.719    -0.200     0.665
 4     0.000     0.000     0.000
 4     1.000     0.000     0.000
 4     0.000     1.000     0.000
 4     0.000     0.000     1.000
 5     0.000     0.000     0.000
 5     1.000     0.000     0.000
 5     0.000     1.000     0.000
 5     0.000     0.000     1.000
 6     0.000     0.000     0.000
 6     1.000     0.000     0.000
 6     0.000     1.000     0.000
 6     0.000     0.000     1.000
 7     0.000     0.000     0.000
 7     1.000     0.000     0.000
 7     0.000     1.000     0.000
 7     0.000     0.000     1.000
 8     0.000     0.000     0.000
 8     1.000     0.000     0.000
 8     0.000     1.000     0.000
 8     0.000     0.000     1.000
 9     0.000     0.000     0.000
 9     1.000     0.000     0.000
 9     0.000     1.000     0.000
 9     0.000     0.000     1.000
 2     0.000     0.000     0.000
 2     1.000     0.000     0.000
 2     0.000     1.000     0.000
 2     0.000     0.000     1.000
 3     0.000     0.000     0.000
 3     1.000     0.000     0.000
 3     0.000     1.000     0.000
 3     0.000     0.000     1.000
 4   106.191     7.995    -2.617
 4     0.533    -0.695     0.482
 4     0.812     0.580    -0.062
 4    -0.237     0.424     0.874
 5   121.170    18.503    22.686
 5     0.776    -0.230     0.586
 5     0.214    -0.778    -0.590
 5     0.592     0.584    -0.555
 6     0.000     0.000     0.000
 6     1.000     0.000     0.000
 6     0.000     1.000     0.000
 6     0.000     0.000     1.000
 7     0.000     0.000     0.000
 7     1.000     0.000     0.000
 7     0.000     1.000     0.000
 7     0.000     0.000     1.000
 8     0.000     0.000     0.000
 8     1.000     0.000     0.000
