% Calibrated with leiden_pols
% Positions are in centimeters
Data =[
 2    98.008   -18.720    59.919
 2     0.999     0.044    -0.010
 2    -0.044     0.998     0.029
 2     0.011    -0.029     0.999
 3   127.450    -4.086     4.115
 3     0.627    -0.108    -0.772
 3     0.218     0.975     0.040
 3     0.748    -0.193     0.635
 4   106.016     9.235    -3.294
 4     0.507    -0.756     0.413
 4     0.839     0.542    -0.038
 4    -0.196     0.366     0.910
 5   110.993    22.070    23.037
 5     0.342    -0.383     0.858
 5     0.277    -0.832    -0.481
 5     0.898     0.402    -0.179
 6   127.241    24.104    47.987
 6     0.297    -0.208    -0.932
 6    -0.033     0.973    -0.228
 6     0.954     0.098     0.282
 7   109.036   -21.550    -3.516
 7     0.417     0.892     0.171
 7    -0.907     0.397     0.140
 7     0.057    -0.214     0.975
 8   113.410   -27.448    25.207
 8     0.373     0.193     0.907
 8    -0.153    -0.952     0.265
 8     0.915    -0.237    -0.326
 9   130.734   -28.628    46.927
 9     0.536     0.312    -0.784
 9     0.053     0.915     0.400
 9     0.842    -0.256     0.474
 2    98.008   -18.694    59.919
 2     0.999     0.044    -0.010
 2    -0.044     0.998     0.029
 2     0.011    -0.029     0.999
 3   127.443    -4.114     4.072
 3     0.628    -0.111    -0.770
 3     0.219     0.975     0.038
 3     0.746    -0.193     0.637
 4   106.015     9.235    -3.345
 4     0.506    -0.756     0.414
 4     0.839     0.542    -0.037
 4    -0.196     0.366     0.909
 5   110.938    22.067    23.045
 5     0.342    -0.384     0.857
 5     0.277    -0.831    -0.482
 5     0.897     0.403    -0.178
 6   127.291    24.103    48.012
 6     0.296    -0.210    -0.932
 6    -0.034     0.973    -0.230
 6     0.954     0.099     0.281
 7   109.089   -21.599    -3.468
 7     0.417     0.892     0.172
 7    -0.907     0.396     0.142
 7     0.058    -0.216     0.975
 8   113.349   -27.446    25.407
 8     0.380     0.183     0.907
 8    -0.151    -0.955     0.255
 8     0.912    -0.234    -0.335
 9   130.731   -28.577    46.960
 9     0.537     0.312    -0.784
 9     0.055     0.914     0.402
 9     0.841    -0.260     0.474
 2    98.008   -18.694    59.919
 2     0.999     0.043    -0.010
 2    -0.043     0.998     0.029
 2     0.011    -0.029     0.999
 3   127.486    -4.167     4.081
 3     0.631    -0.111    -0.768
 3     0.219     0.975     0.039
 3     0.744    -0.193     0.639
 4   106.063     9.209    -3.343
 4     0.508    -0.755     0.416
 4     0.839     0.543    -0.038
 4    -0.197     0.368     0.909
 5   110.938    22.117    23.046
 5     0.343    -0.385     0.857
 5     0.277    -0.830    -0.484
 5     0.897     0.403    -0.178
 6   127.340    24.154    47.986
 6     0.296    -0.212    -0.931
 6    -0.034     0.972    -0.232
 6     0.954     0.100     0.281
 7   109.018   -21.624    -3.470
 7     0.416     0.892     0.174
 7    -0.907     0.395     0.143
 7     0.059    -0.218     0.974
 8   113.342   -27.443    25.574
 8     0.386     0.177     0.905
 8    -0.149    -0.956     0.251
 8     0.910    -0.232    -0.343
 9   130.678   -28.526    47.017
 9     0.539     0.314    -0.782
 9     0.059     0.911     0.406
 9     0.840    -0.265     0.473
 2    97.958   -18.694    59.919
 2     0.999     0.044    -0.010
 2    -0.043     0.998     0.029
 2     0.011    -0.029     0.999
 3   127.425    -4.119     4.044
 3     0.633    -0.113    -0.765
 3     0.220     0.974     0.038
 3     0.741    -0.194     0.642
 4   106.062     9.209    -3.344
 4     0.508    -0.753     0.417
 4     0.838     0.544    -0.040
 4    -0.197     0.370     0.908
 5   110.913    22.066    23.019
 5     0.343    -0.385     0.856
 5     0.276    -0.830    -0.484
 5     0.897     0.403    -0.179
 6   127.240    24.204    47.935
 6     0.296    -0.214    -0.931
 6    -0.034     0.971    -0.234
 6     0.954     0.100     0.281
 7   109.018   -21.624    -3.393
 7     0.416     0.892     0.174
 7    -0.907     0.395     0.144
 7     0.059    -0.218     0.974
 8   113.337   -27.443    25.581
 8     0.389     0.175     0.904
 8    -0.149    -0.957     0.249
 8     0.909    -0.232    -0.346
 9   130.654   -28.525    47.069
 9     0.539     0.314    -0.781
 9     0.060     0.911     0.408
 9     0.840    -0.267     0.472
 2    98.008   -18.694    59.919
 2     0.999     0.044    -0.010
 2    -0.044     0.998     0.029
 2     0.011    -0.029     0.999
 3   127.425    -4.170     4.146
 3     0.634    -0.113    -0.765
 3     0.221     0.974     0.039
 3     0.741    -0.194     0.642
 4   106.065     9.209    -3.347
 4     0.509    -0.753     0.417
 4     0.838     0.544    -0.042
 4    -0.196     0.371     0.908
 5   110.944    22.068    22.962
 5     0.342    -0.386     0.856
 5     0.276    -0.830    -0.484
 5     0.898     0.402    -0.178
 6   127.238    24.152    48.009
 6     0.296    -0.215    -0.931
 6    -0.036     0.971    -0.236
 6     0.954     0.103     0.280
 7   109.020   -21.623    -3.396
 7     0.416     0.892     0.174
 7    -0.907     0.395     0.145
 7     0.060    -0.219     0.974
 8   113.273   -27.448    25.548
 8     0.367     0.183     0.912
 8    -0.154    -0.955     0.253
 8     0.917    -0.234    -0.322
 9   130.554   -28.577    47.196
 9     0.539     0.317    -0.780
 9     0.058     0.910     0.410
 9     0.840    -0.267     0.472
 2    97.958   -18.695    59.919
 2     0.999     0.044    -0.010
 2    -0.044     0.998     0.029
 2     0.011    -0.029     0.999
 3   127.375    -4.118     4.171
 3     0.633    -0.113    -0.766
 3     0.222     0.974     0.039
 3     0.741    -0.195     0.642
 4   106.171     9.211    -3.351
 4     0.511    -0.753     0.415
 4     0.837     0.544    -0.043
 4    -0.194     0.369     0.909
 5   110.964    22.074    22.947
 5     0.337    -0.393     0.855
 5     0.274    -0.828    -0.489
 5     0.901     0.399    -0.172
 6   127.212    24.150    47.982
 6     0.297    -0.216    -0.930
 6    -0.038     0.971    -0.237
 6     0.954     0.105     0.280
 7   109.116   -21.716    -3.199
 7     0.416     0.893     0.167
 7    -0.906     0.394     0.152
 7     0.070    -0.215     0.974
 8   113.338   -27.447    25.626
 8     0.360     0.185     0.914
 8    -0.154    -0.955     0.254
 8     0.920    -0.233    -0.315
 9   130.599   -28.632    47.304
 9     0.541     0.321    -0.778
 9     0.052     0.910     0.411
 9     0.839    -0.264     0.475
 2    97.958   -18.695    59.919
 2     0.999     0.044    -0.010
 2    -0.044     0.998     0.029
 2     0.011    -0.029     0.999
 3   127.484    -4.267     4.342
 3     0.630    -0.110    -0.768
 3     0.223     0.974     0.043
 3     0.743    -0.199     0.638
 4   106.359     9.061    -3.359
 4     0.515    -0.754     0.408
 4     0.835     0.547    -0.044
 4    -0.190     0.363     0.912
 5   111.015    22.072    22.901
 5     0.336    -0.401     0.852
 5     0.274    -0.824    -0.495
 5     0.901     0.400    -0.168
 6   127.211    24.226    47.981
 6     0.297    -0.218    -0.930
 6    -0.038     0.970    -0.239
 6     0.954     0.106     0.280
 7   109.226   -21.763    -3.141
 7     0.414     0.896     0.159
 7    -0.907     0.392     0.155
 7     0.076    -0.209     0.975
 8   113.276   -27.498    25.828
 8     0.366     0.176     0.913
 8    -0.155    -0.956     0.247
 8     0.917    -0.232    -0.323
 9   130.549   -28.632    47.380
 9     0.541     0.322    -0.777
 9     0.053     0.909     0.413
 9     0.839    -0.265     0.474
 2    98.006   -18.695    59.922
 2     0.999     0.044    -0.010
 2    -0.044     0.998     0.029
 2     0.010    -0.029     0.999
 3   127.638    -4.385     4.645
 3     0.622    -0.102    -0.776
 3     0.224     0.973     0.052
 3     0.750    -0.207     0.628
 4   106.913     9.068    -3.409
 4     0.528    -0.750     0.399
 4     0.830     0.555    -0.056
 4    -0.180     0.361     0.915
 5   111.048    22.019    22.448
 5     0.293    -0.429     0.854
 5     0.305    -0.805    -0.509
 5     0.906     0.410    -0.105
 6   127.058    24.209    47.894
 6     0.289    -0.231    -0.929
 6    -0.036     0.967    -0.252
 6     0.957     0.106     0.271
 7   109.537   -21.761    -3.184
 7     0.408     0.900     0.152
 7    -0.909     0.386     0.156
 7     0.082    -0.202     0.976
 8   113.179   -27.162    25.315
 8     0.305     0.186     0.934
 8    -0.168    -0.955     0.245
 8     0.937    -0.232    -0.260
 9   129.604   -29.621    47.922
 9     0.505     0.367    -0.781
 9     0.001     0.904     0.426
 9     0.863    -0.216     0.456
 2    98.008   -18.694    59.919
 2     0.999     0.044    -0.010
 2    -0.044     0.998     0.029
 2     0.011    -0.029     0.999
 3   128.203    -4.447     4.681
 3     0.609    -0.089    -0.788
 3     0.224     0.972     0.064
 3     0.760    -0.215     0.613
 4   107.926     9.220    -3.776
 4     0.546    -0.736     0.400
 4     0.819     0.569    -0.070
 4    -0.176     0.366     0.913
 5   110.609    22.094    21.716
 5     0.215    -0.403     0.889
 5     0.351    -0.818    -0.456
 5     0.911     0.411    -0.035
 6   124.833    24.932    48.304
 6     0.202    -0.295    -0.934
 6    -0.024     0.952    -0.305
 6     0.979     0.084     0.185
 7   110.237   -21.612    -3.473
 7     0.397     0.907     0.135
 7    -0.914     0.377     0.150
 7     0.085    -0.184     0.979
 8   112.308   -27.855    24.620
 8     0.241     0.216     0.946
 8    -0.192    -0.945     0.264
 8     0.951    -0.246    -0.187
 9   127.317   -30.792    48.188
 9     0.447     0.370    -0.814
 9    -0.027     0.915     0.401
 9     0.894    -0.158     0.419
 2    97.958   -18.695    59.919
 2     0.999     0.044    -0.010
 2    -0.044     0.998     0.029
 2     0.011    -0.029     0.999
 3   129.169    -4.837     4.840
 3     0.593    -0.065    -0.802
 3     0.211     0.974     0.077
 3     0.776    -0.215     0.592
 4   109.806     9.368    -4.312
 4     0.578    -0.723     0.379
 4     0.803     0.586    -0.107
 4    -0.146     0.366     0.919
 5   109.681    22.940    20.481
 5     0.112    -0.403     0.908
 5     0.396    -0.820    -0.413
 5     0.911     0.406     0.068
 6   121.570    26.181    48.322
 6     0.108    -0.370    -0.923
 6    -0.016     0.927    -0.373
 6     0.994     0.055     0.094
 7   111.220   -21.613    -3.799
 7     0.381     0.917     0.116
 7    -0.920     0.364     0.146
 7     0.092    -0.163     0.982
 8   111.336   -28.355    23.871
 8     0.157     0.238     0.958
 8    -0.209    -0.940     0.268
 8     0.965    -0.243    -0.098
 9   124.492   -31.461    48.713
 9     0.364     0.378    -0.851
 9    -0.038     0.919     0.392
 9     0.930    -0.111     0.349
 2    97.958   -18.695    59.945
 2     0.999     0.044    -0.010
 2    -0.044     0.998     0.029
 2     0.011    -0.029     0.999
 3   130.121    -4.757     5.153
 3     0.567    -0.062    -0.822
 3     0.213     0.974     0.073
 3     0.796    -0.216     0.565
 4   111.309     9.466    -4.845
 4     0.578    -0.736     0.353
 4     0.806     0.581    -0.109
 4    -0.125     0.347     0.929
 5   108.077    23.761    19.009
 5    -0.002    -0.458     0.889
 5     0.423    -0.806    -0.414
 5     0.906     0.375     0.195
 6   117.184    27.125    47.507
 6     0.029    -0.457    -0.889
 6    -0.030     0.888    -0.458
 6     0.999     0.039     0.012
 7   112.694   -21.520    -3.966
 7     0.384     0.920     0.080
 7    -0.917     0.369     0.152
 7     0.110    -0.132     0.985
 8   109.917   -28.902    22.941
 8     0.045     0.268     0.962
 8    -0.215    -0.938     0.272
 8     0.975    -0.220     0.015
 9   120.721   -31.939    49.112
 9     0.250     0.390    -0.886
 9    -0.042     0.918     0.393
 9     0.967    -0.061     0.246
 2    97.958   -18.695    59.945
 2     0.999     0.044    -0.010
 2    -0.044     0.998     0.029
 2     0.011    -0.029     0.999
 3   131.103    -4.556     5.307
 3     0.543    -0.066    -0.837
 3     0.215     0.974     0.062
 3     0.811    -0.214     0.544
 4   112.795     9.672    -5.185
 4     0.571    -0.757     0.319
 4     0.815     0.569    -0.108
 4    -0.100     0.322     0.941
 5   106.369    24.158    17.470
 5    -0.108    -0.456     0.884
 5     0.444    -0.817    -0.367
 5     0.889     0.353     0.291
 6   112.724    26.645    46.832
 6    -0.054    -0.480    -0.875
 6    -0.056     0.877    -0.477
 6     0.997     0.023    -0.075
 7   114.246   -21.408    -4.513
 7     0.373     0.927     0.042
 7    -0.919     0.363     0.155
 7     0.129    -0.097     0.987
 8   108.374   -28.538    21.887
 8    -0.068     0.258     0.964
 8    -0.210    -0.948     0.239
 8     0.975    -0.187     0.118
 9   116.814   -31.483    48.677
 9     0.143     0.422    -0.895
 9    -0.043     0.906     0.420
 9     0.989    -0.022     0.148
 2    98.006   -18.695    59.922
 2     0.999     0.044    -0.010
 2    -0.044     0.998     0.029
 2     0.010    -0.029     0.999
 3   132.059    -4.169     5.738
 3     0.513    -0.068    -0.856
 3     0.216     0.975     0.051
 3     0.831    -0.211     0.515
 4   114.153     9.929    -5.469
 4     0.557    -0.781     0.282
 4     0.827     0.552    -0.103
 4    -0.076     0.291     0.954
 5   104.820    24.137    16.064
 5    -0.223    -0.470     0.854
 5     0.445    -0.829    -0.340
 5     0.867     0.304     0.394
 6   108.252    25.893    46.055
 6    -0.147    -0.472    -0.869
 6    -0.083     0.881    -0.464
 6     0.986     0.003    -0.168
 7   115.822   -21.191    -4.859
 7     0.367     0.930     0.001
 7    -0.918     0.362     0.160
 7     0.148    -0.060     0.987
 8   107.104   -28.476    20.717
 8    -0.172     0.259     0.950
 8    -0.208    -0.953     0.222
 8     0.963    -0.160     0.218
 9   113.415   -31.601    47.788
 9     0.041     0.429    -0.902
 9    -0.042     0.903     0.427
 9     0.998     0.020     0.055
 2    97.960   -18.693    59.941
 2     0.999     0.043    -0.011
 2    -0.043     0.998     0.030
 2     0.012    -0.029     0.999
 3   132.901    -4.019     5.878
 3     0.487    -0.073    -0.870
 3     0.211     0.976     0.036
 3     0.847    -0.202     0.491
 4   115.469    10.193    -5.565
 4     0.536    -0.808     0.245
 4     0.843     0.528    -0.102
 4    -0.047     0.262     0.964
 5   103.060    23.518    14.490
 5    -0.341    -0.449     0.826
 5     0.439    -0.853    -0.282
 5     0.831     0.267     0.488
 6   105.980    25.450    46.191
 6    -0.222    -0.504    -0.834
 6    -0.105     0.863    -0.494
 6     0.969    -0.022    -0.244
 7   117.395   -20.907    -5.324
 7     0.366     0.930    -0.037
 7    -0.917     0.367     0.153
 7     0.155    -0.022     0.987
 8   106.314   -28.591    19.220
 8    -0.268     0.270     0.925
 8    -0.221    -0.952     0.214
 8     0.938    -0.147     0.315
 9   110.015   -32.726    46.349
 9    -0.054     0.420    -0.906
 9    -0.057     0.904     0.422
 9     0.997     0.074    -0.025
 2    98.008   -18.694    59.919
 2     0.999     0.044    -0.010
 2    -0.044     0.998     0.029
 2     0.011    -0.029     0.999
 3   133.957    -3.528     6.301
 3     0.453    -0.086    -0.887
 3     0.211     0.977     0.012
 3     0.866    -0.193     0.461
 4   116.748    10.458    -5.806
 4     0.499    -0.841     0.207
 4     0.866     0.490    -0.096
 4    -0.021     0.227     0.973
 5   101.643    22.706    12.645
 5    -0.459    -0.427     0.779
 5     0.421    -0.877    -0.232
 5     0.782     0.222     0.582
 6   101.386    24.688    44.244
 6    -0.286    -0.558    -0.779
 6    -0.116     0.827    -0.550
 6     0.951    -0.067    -0.302
 7   119.304   -20.720    -5.656
 7     0.363     0.928    -0.084
 7    -0.916     0.372     0.148
 7     0.168     0.023     0.985
 8   105.528   -28.556    17.736
 8    -0.364     0.267     0.892
 8    -0.227    -0.954     0.194
 8     0.903    -0.132     0.408
 9   106.276   -33.288    45.160
 9    -0.153     0.421    -0.894
 9    -0.065     0.898     0.434
 9     0.986     0.124    -0.110
 2    98.008   -18.643    59.944
 2     0.999     0.043    -0.010
 2    -0.043     0.998     0.029
 2     0.011    -0.029     0.999
 3   134.868    -3.242     6.674
 3     0.418    -0.093    -0.904
 3     0.208     0.978    -0.005
 3     0.884    -0.186     0.428
 4   118.305    10.541    -5.902
 4     0.466    -0.871     0.153
 4     0.885     0.458    -0.083
 4     0.002     0.174     0.984
 5   100.444    21.425    10.447
 5    -0.576    -0.370     0.729
 5     0.401    -0.905    -0.142
 5     0.712     0.210     0.670
 6    97.297    23.768    41.256
 6    -0.269    -0.744    -0.611
 6    -0.096     0.652    -0.752
 6     0.958    -0.144    -0.247
 7   120.855   -20.435    -5.794
 7     0.341     0.931    -0.128
 7    -0.921     0.358     0.152
 7     0.187     0.066     0.980
 8   104.788   -27.912    16.399
 8    -0.449     0.233     0.862
 8    -0.221    -0.964     0.146
 8     0.865    -0.124     0.485
 9   103.061   -33.024    43.722
 9    -0.238     0.436    -0.868
 9    -0.069     0.883     0.463
 9     0.969     0.170    -0.180
 2    98.008   -18.694    59.944
 2     0.999     0.044    -0.010
 2    -0.043     0.998     0.030
 2     0.011    -0.029     0.999
 3   135.927    -2.929     7.056
 3     0.383    -0.092    -0.919
 3     0.207     0.978    -0.012
 3     0.900    -0.186     0.394
 4   119.786    10.638    -5.966
 4     0.438    -0.892     0.105
 4     0.898     0.434    -0.066
 4     0.013     0.124     0.992
 5   100.439    20.663     8.678
 5    -0.645    -0.330     0.689
 5     0.400    -0.914    -0.064
 5     0.651     0.235     0.721
 6    95.241    23.798    38.892
 6    -0.403    -0.682    -0.610
 6    -0.123     0.701    -0.702
 6     0.906    -0.208    -0.367
 7   122.265   -20.400    -5.738
 7     0.320     0.931    -0.172
 7    -0.924     0.347     0.161
 7     0.209     0.107     0.972
 8   104.319   -27.559    15.134
 8    -0.526     0.207     0.825
 8    -0.208    -0.972     0.111
 8     0.825    -0.113     0.554
 9   100.237   -32.815    42.219
 9    -0.316     0.441    -0.840
 9    -0.065     0.873     0.483
 9     0.946     0.207    -0.247
 2    98.008   -18.694    59.945
 2     0.999     0.044    -0.010
 2    -0.044     0.998     0.029
 2     0.011    -0.029     0.999
 3   136.741    -2.953     7.315
 3     0.356    -0.088    -0.930
 3     0.208     0.978    -0.013
 3     0.911    -0.189     0.366
 4   120.940    10.346    -6.030
 4     0.429    -0.900     0.073
 4     0.903     0.425    -0.059
 4     0.022     0.091     0.995
 5   100.575    19.866     7.605
 5    -0.693    -0.319     0.646
 5     0.383    -0.923    -0.044
 5     0.610     0.217     0.762
 6    93.692    21.967    37.667
 6    -0.511    -0.525    -0.680
 6    -0.155     0.835    -0.528
 6     0.845    -0.165    -0.508
 7   123.397   -20.530    -5.891
 7     0.299     0.933    -0.202
 7    -0.929     0.332     0.161
 7     0.217     0.139     0.966
 8   103.786   -27.043    13.605
 8    -0.594     0.176     0.785
 8    -0.192    -0.979     0.074
 8     0.781    -0.107     0.615
 9    97.493   -32.209    40.174
 9    -0.389     0.437    -0.811
 9    -0.056     0.868     0.494
 9     0.920     0.237    -0.313
 2    97.958   -18.695    59.919
 2     0.999     0.044    -0.010
 2    -0.044     0.998     0.029
 2     0.011    -0.029     0.999
 3   137.345    -2.972     7.528
 3     0.321    -0.087    -0.943
 3     0.205     0.978    -0.020
 3     0.924    -0.187     0.332
 4   121.714    10.234    -6.171
 4     0.410    -0.911     0.041
 4     0.911     0.408    -0.053
 4     0.031     0.059     0.997
 5   100.490    19.445     6.205
 5    -0.737    -0.304     0.603
 5     0.376    -0.927    -0.007
 5     0.561     0.221     0.797
 6    92.197    21.568    35.570
 6    -0.556    -0.493    -0.669
 6    -0.150     0.851    -0.502
 6     0.817    -0.179    -0.548
 7   124.290   -20.435    -5.946
 7     0.284     0.932    -0.224
 7    -0.934     0.322     0.156
 7     0.218     0.164     0.962
 8   103.545   -26.830    12.081
 8    -0.651     0.159     0.742
 8    -0.196    -0.980     0.038
 8     0.733    -0.120     0.669
 9    95.306   -32.380    38.058
 9    -0.450     0.429    -0.784
 9    -0.063     0.860     0.506
 9     0.891     0.277    -0.359
 2    97.958   -18.695    59.919
 2     0.999     0.044    -0.010
 2    -0.044     0.998     0.029
 2     0.011    -0.029     0.999
 3   137.609    -2.905     7.737
 3     0.304    -0.089    -0.949
 3     0.204     0.978    -0.027
 3     0.930    -0.186     0.315
 4   122.402    10.273    -6.100
 4     0.404    -0.914     0.015
 4     0.913     0.403    -0.056
 4     0.045     0.036     0.998
 5   100.718    19.590     5.387
 5    -0.759    -0.317     0.568
 5     0.381    -0.925    -0.006
 5     0.527     0.212     0.823
 6    91.058    22.047    34.148
 6    -0.615    -0.405    -0.677
 6    -0.126     0.898    -0.422
 6     0.778    -0.175    -0.603
 7   124.863   -20.270    -6.096
 7     0.274     0.932    -0.235
 7    -0.939     0.312     0.146
 7     0.209     0.181     0.961
 8   103.221   -26.530    10.438
 8    -0.700     0.144     0.700
 8    -0.204    -0.979    -0.003
 8     0.684    -0.145     0.714
 9    93.183   -32.618    35.728
 9    -0.505     0.420    -0.754
 9    -0.076     0.848     0.524
 9     0.859     0.322    -0.397
 2    97.959   -18.694    59.919
 2     0.999     0.044    -0.010
 2    -0.044     0.998     0.030
 2     0.011    -0.030     0.999
 3   137.892    -2.845     7.898
 3     0.293    -0.087    -0.952
 3     0.197     0.980    -0.029
 3     0.935    -0.179     0.304
 4   123.166    10.466    -6.133
 4     0.400    -0.917    -0.011
 4     0.914     0.400    -0.061
 4     0.060     0.014     0.998
 5   100.776    19.556     4.403
 5    -0.786    -0.316     0.531
 5     0.380    -0.925     0.011
 5     0.487     0.210     0.847
 6    89.864    22.186    32.495
 6    -0.654    -0.375    -0.656
 6    -0.119     0.908    -0.401
 6     0.747    -0.184    -0.639
 7   125.510   -19.905    -6.170
 7     0.258     0.932    -0.254
 7    -0.945     0.298     0.134
 7     0.200     0.205     0.958
 8   102.833   -26.161     8.611
 8    -0.750     0.133     0.647
 8    -0.210    -0.977    -0.043
 8     0.627    -0.168     0.760
 9    90.912   -32.644    32.889
 9    -0.568     0.404    -0.718
 9    -0.082     0.839     0.537
 9     0.819     0.364    -0.443
 2    97.958   -18.695    59.919
 2     0.999     0.044    -0.010
 2    -0.044     0.998     0.030
 2     0.011    -0.029     0.999
 3   138.107    -2.655     8.202
 3     0.278    -0.089    -0.956
 3     0.189     0.981    -0.036
 3     0.941    -0.171     0.290
 4   123.754    10.635    -6.141
 4     0.388    -0.921    -0.041
 4     0.918     0.390    -0.064
 4     0.075    -0.013     0.997
 5   100.692    19.247     3.563
 5    -0.814    -0.307     0.493
 5     0.367    -0.930     0.026
 5     0.450     0.202     0.869
 6    88.688    21.562    30.956
 6    -0.689    -0.352    -0.634
 6    -0.131     0.920    -0.370
 6     0.713    -0.172    -0.679
 7   126.213   -19.595    -6.435
 7     0.248     0.928    -0.278
 7    -0.951     0.288     0.114
 7     0.185     0.236     0.953
 8   102.854   -26.232     6.395
 8    -0.803     0.141     0.579
 8    -0.223    -0.972    -0.072
 8     0.553    -0.187     0.812
 9    88.758   -33.033    29.388
 9    -0.635     0.365    -0.681
 9    -0.090     0.840     0.535
 9     0.767     0.401    -0.501
 2    98.009   -18.694    59.919
 2     0.999     0.044    -0.010
 2    -0.044     0.998     0.030
 2     0.011    -0.030     0.999
 3   138.374    -2.512     8.453
 3     0.262    -0.093    -0.960
 3     0.185     0.981    -0.045
 3     0.947    -0.166     0.275
 4   124.511    10.675    -6.113
 4     0.374    -0.925    -0.071
 4     0.923     0.378    -0.065
 4     0.087    -0.042     0.995
 5   100.820    18.915     2.814
 5    -0.838    -0.299     0.456
 5     0.353    -0.935     0.035
 5     0.416     0.191     0.889
 6    87.988    20.744    29.579
 6    -0.708    -0.356    -0.609
 6    -0.149     0.919    -0.365
 6     0.690    -0.168    -0.704
 7   127.251   -19.238    -6.276
 7     0.249     0.916    -0.315
 7    -0.950     0.294     0.103
 7     0.187     0.274     0.943
 8   103.274   -26.463     4.819
 8    -0.840     0.167     0.517
 8    -0.246    -0.965    -0.089
 8     0.484    -0.202     0.851
 9    87.647   -33.827    26.568
 9    -0.684     0.325    -0.652
 9    -0.106     0.841     0.530
 9     0.721     0.432    -0.541
 2    97.961   -18.694    59.917
 2     0.999     0.044    -0.011
 2    -0.044     0.998     0.030
 2     0.012    -0.030     0.999
 3   138.569    -2.253     8.992
 3     0.232    -0.100    -0.967
 3     0.192     0.979    -0.055
 3     0.953    -0.173     0.247
 4   125.135    10.610    -6.068
 4     0.358    -0.927    -0.110
 4     0.929     0.365    -0.058
 4     0.094    -0.081     0.992
 5   101.054    18.728     1.522
 5    -0.859    -0.299     0.416
 5     0.351    -0.935     0.053
 5     0.373     0.192     0.908
 6    87.200    20.708    27.418
 6    -0.743    -0.329    -0.583
 6    -0.142     0.928    -0.342
 6     0.654    -0.171    -0.737
 7   128.358   -19.228    -6.143
 7     0.252     0.901    -0.353
 7    -0.947     0.304     0.100
 7     0.197     0.308     0.930
 8   103.887   -26.931     3.575
 8    -0.862     0.195     0.468
 8    -0.268    -0.959    -0.093
 8     0.431    -0.206     0.879
 9    87.194   -34.657    24.429
 9    -0.720     0.288    -0.631
 9    -0.116     0.847     0.518
 9     0.684     0.446    -0.577
 2    97.961   -18.693    59.916
 2     0.999     0.043    -0.011
 2    -0.043     0.998     0.031
 2     0.012    -0.030     0.999
 3   138.858    -2.146     9.490
 3     0.202    -0.103    -0.974
 3     0.201     0.977    -0.062
 3     0.958    -0.183     0.219
 4   126.213    10.490    -6.065
 4     0.357    -0.921    -0.154
 4     0.929     0.368    -0.046
 4     0.099    -0.127     0.987
 5   101.758    18.856     0.170
 5    -0.876    -0.319     0.362
 5     0.366    -0.928     0.068
 5     0.314     0.192     0.929
 6    86.526    21.626    24.718
 6    -0.788    -0.294    -0.540
 6    -0.116     0.933    -0.339
 6     0.604    -0.204    -0.770
 7   129.182   -19.099    -5.942
 7     0.247     0.889    -0.386
 7    -0.947     0.306     0.096
 7     0.203     0.342     0.917
 8   104.357   -27.137     2.179
 8    -0.886     0.217     0.410
 8    -0.277    -0.956    -0.094
 8     0.371    -0.197     0.907
 9    86.158   -34.730    21.794
 9    -0.763     0.253    -0.595
 9    -0.107     0.858     0.501
 9     0.637     0.446    -0.628
 2    97.961   -18.694    59.917
 2     0.999     0.044    -0.011
 2    -0.044     0.998     0.031
 2     0.012    -0.030     0.999
 3   139.137    -2.110    10.030
 3     0.169    -0.100    -0.980
 3     0.205     0.977    -0.065
 3     0.964    -0.190     0.185
 4   127.352    10.323    -6.026
 4     0.357    -0.913    -0.198
 4     0.927     0.371    -0.040
 4     0.109    -0.169     0.979
 5   102.617    18.809    -1.222
 5    -0.890    -0.333     0.312
 5     0.377    -0.922     0.093
 5     0.257     0.200     0.945
 6    86.252    22.099    22.278
 6    -0.818    -0.288    -0.498
 6    -0.100     0.923    -0.370
 6     0.566    -0.253    -0.784
 7   130.280   -19.099    -5.793
 7     0.237     0.873    -0.425
 7    -0.948     0.302     0.093
 7     0.209     0.381     0.900
 8   105.244   -27.150     0.930
 8    -0.912     0.223     0.343
 8    -0.272    -0.957    -0.100
 8     0.306    -0.185     0.934
 9    85.587   -34.503    19.236
 9    -0.807     0.219    -0.549
 9    -0.101     0.864     0.493
 9     0.582     0.453    -0.675
 2    97.961   -18.694    59.917
 2     0.999     0.044    -0.011
 2    -0.044     0.998     0.030
 2     0.012    -0.030     0.999
 3   139.755    -2.023    10.376
 3     0.134    -0.100    -0.986
 3     0.208     0.975    -0.071
 3     0.969    -0.195     0.152
 4   128.711    10.336    -5.912
 4     0.350    -0.906    -0.237
 4     0.929     0.368    -0.035
 4     0.119    -0.208     0.971
 5   103.739    18.751    -1.983
 5    -0.904    -0.334     0.267
 5     0.370    -0.924     0.094
 5     0.215     0.184     0.959
 6    86.414    22.083    20.309
 6    -0.849    -0.269    -0.456
 6    -0.094     0.924    -0.370
 6     0.521    -0.271    -0.809
 7   131.600   -18.920    -5.534
 7     0.230     0.859    -0.457
 7    -0.949     0.301     0.088
 7     0.213     0.414     0.885
 8   106.632   -27.082     0.037
 8    -0.923     0.242     0.299
 8    -0.284    -0.953    -0.106
 8     0.259    -0.183     0.948
 9    86.332   -34.841    17.235
 9    -0.831     0.187    -0.524
 9    -0.117     0.862     0.493
 9     0.544     0.471    -0.694
 2    98.011   -18.693    59.917
 2     0.999     0.044    -0.011
 2    -0.044     0.998     0.031
 2     0.012    -0.031     0.999
 3   140.630    -1.754    11.108
 3     0.095    -0.093    -0.991
 3     0.204     0.976    -0.072
 3     0.974    -0.196     0.111
 4   130.392    10.558    -5.524
 4     0.347    -0.897    -0.273
 4     0.927     0.371    -0.042
 4     0.139    -0.238     0.961
 5   105.336    19.153    -2.509
 5    -0.910    -0.349     0.226
 5     0.374    -0.923     0.083
 5     0.180     0.160     0.970
 6    87.046    22.848    18.677
 6    -0.877    -0.234    -0.420
 6    -0.074     0.928    -0.364
 6     0.475    -0.288    -0.831
 7   133.287   -18.615    -5.370
 7     0.227     0.842    -0.490
 7    -0.950     0.302     0.078
 7     0.214     0.447     0.868
 8   108.188   -27.164    -1.003
 8    -0.930     0.268     0.252
 8    -0.303    -0.946    -0.113
 8     0.208    -0.182     0.961
 9    87.034   -35.512    15.022
 9    -0.856     0.146    -0.496
 9    -0.137     0.860     0.490
 9     0.499     0.488    -0.717
 2    97.961   -18.694    59.917
 2     0.999     0.044    -0.011
 2    -0.044     0.998     0.031
 2     0.012    -0.031     0.999
 3   141.541    -1.589    11.544
 3     0.060    -0.088    -0.994
 3     0.199     0.977    -0.075
 3     0.978    -0.193     0.076
 4   131.932    10.802    -5.273
 4     0.343    -0.889    -0.304
 4     0.927     0.373    -0.045
 4     0.153    -0.266     0.952
 5   106.476    19.227    -2.886
 5    -0.917    -0.350     0.189
 5     0.371    -0.925     0.087
 5     0.144     0.149     0.978
 6    87.456    22.985    17.215
 6    -0.902    -0.211    -0.377
 6    -0.066     0.929    -0.363
 6     0.427    -0.303    -0.852
 7   134.778   -18.158    -4.856
 7     0.222     0.822    -0.524
 7    -0.950     0.302     0.071
 7     0.217     0.482     0.849
 8   109.442   -26.669    -1.571
 8    -0.940     0.268     0.210
 8    -0.299    -0.946    -0.127
 8     0.165    -0.182     0.969
 9    87.456   -34.979    13.344
 9    -0.878     0.135    -0.459
 9    -0.134     0.852     0.506
 9     0.459     0.506    -0.730
 2    98.011   -18.693    59.917
 2     0.999     0.044    -0.011
 2    -0.044     0.998     0.030
 2     0.012    -0.030     0.999
 3   142.073    -1.442    12.217
 3     0.039    -0.081    -0.996
 3     0.197     0.978    -0.072
 3     0.979    -0.194     0.054
 4   133.070    11.122    -4.895
 4     0.333    -0.882    -0.333
 4     0.928     0.369    -0.049
 4     0.167    -0.293     0.941
 5   107.416    19.101    -3.296
 5    -0.927    -0.343     0.154
 5     0.359    -0.928     0.095
 5     0.110     0.143     0.983
 6    87.686    22.833    15.827
 6    -0.912    -0.221    -0.345
 6    -0.073     0.917    -0.393
 6     0.403    -0.333    -0.852
 7   135.520   -18.036    -4.507
 7     0.210     0.810    -0.548
 7    -0.953     0.294     0.070
 7     0.218     0.507     0.833
 8   110.207   -26.400    -2.182
 8    -0.948     0.268     0.173
 8    -0.293    -0.946    -0.137
 8     0.127    -0.181     0.975
 9    87.535   -34.895    11.769
 9    -0.896     0.116    -0.428
 9    -0.135     0.848     0.512
 9     0.422     0.517    -0.745
 2    97.961   -18.694    59.917
 2     0.999     0.045    -0.011
 2    -0.045     0.998     0.030
 2     0.012    -0.030     0.999
 3   142.411    -1.434    12.440
 3     0.033    -0.075    -0.997
 3     0.196     0.978    -0.067
 3     0.980    -0.193     0.046
 4   133.662    11.103    -4.673
 4     0.329    -0.876    -0.352
 4     0.928     0.368    -0.049
 4     0.172    -0.311     0.935
 5   107.922    19.252    -3.744
 5    -0.928    -0.352     0.123
 5     0.364    -0.926     0.099
 5     0.079     0.137     0.987
 6    87.559    23.445    14.284
 6    -0.930    -0.190    -0.314
 6    -0.051     0.913    -0.403
 6     0.364    -0.359    -0.859
 7   135.937   -17.940    -4.379
 7     0.201     0.802    -0.562
 7    -0.955     0.288     0.069
 7     0.217     0.523     0.824
 8   110.568   -26.621    -2.702
 8    -0.948     0.281     0.148
 8    -0.302    -0.941    -0.150
 8     0.097    -0.187     0.977
 9    87.509   -35.476    10.497
 9    -0.908     0.091    -0.410
 9    -0.152     0.839     0.523
 9     0.391     0.537    -0.747
 2    98.011   -18.694    59.917
 2     0.999     0.045    -0.010
 2    -0.045     0.998     0.030
 2     0.012    -0.030     0.999
 3   142.485    -1.507    12.494
 3     0.030    -0.071    -0.997
 3     0.196     0.978    -0.064
 3     0.980    -0.194     0.043
 4   133.847    10.954    -4.603
 4     0.328    -0.873    -0.361
 4     0.928     0.369    -0.048
 4     0.175    -0.319     0.931
 5   107.916    19.038    -3.886
 5    -0.927    -0.357     0.112
 5     0.368    -0.924     0.107
 5     0.065     0.140     0.988
 6    87.150    23.907    13.620
 6    -0.942    -0.162    -0.295
 6    -0.025     0.906    -0.421
 6     0.335    -0.390    -0.858
 7   135.903   -17.945    -4.370
 7     0.197     0.800    -0.566
 7    -0.957     0.283     0.067
 7     0.214     0.528     0.821
 8   110.547   -26.629    -2.849
 8    -0.949     0.283     0.139
 8    -0.303    -0.940    -0.154
 8     0.087    -0.188     0.978
 9    87.212   -35.539    10.256
 9    -0.912     0.089    -0.401
 9    -0.153     0.832     0.533
 9     0.381     0.547    -0.745
 2    97.959   -18.720    59.920
 2     0.999     0.045    -0.010
 2    -0.045     0.998     0.030
 2     0.011    -0.030     0.999
 3   142.438    -1.635    12.570
 3     0.031    -0.067    -0.997
 3     0.196     0.979    -0.060
 3     0.980    -0.194     0.043
 4   133.800    10.955    -4.605
 4     0.327    -0.873    -0.362
 4     0.928     0.368    -0.050
 4     0.176    -0.320     0.931
 5   107.806    18.990    -3.615
 5    -0.928    -0.356     0.113
 5     0.367    -0.925     0.096
 5     0.070     0.131     0.989
 6    87.108    23.909    14.138
 6    -0.940    -0.163    -0.299
 6    -0.023     0.905    -0.424
 6     0.340    -0.392    -0.855
 7   135.530   -17.892    -4.777
 7     0.191     0.810    -0.554
 7    -0.963     0.265     0.055
 7     0.191     0.522     0.831
 8   109.958   -26.008    -2.858
 8    -0.951     0.261     0.163
 8    -0.287    -0.943    -0.167
 8     0.111    -0.205     0.972
 9    87.086   -34.635    11.009
 9    -0.903     0.125    -0.411
 9    -0.139     0.821     0.554
 9     0.406     0.557    -0.724
 2    98.011   -18.694    59.917
 2     0.999     0.045    -0.011
 2    -0.045     0.998     0.030
 2     0.012    -0.030     0.999
 3   142.369    -1.698    12.349
 3     0.045    -0.059    -0.997
 3     0.191     0.980    -0.049
 3     0.980    -0.189     0.056
 4   133.690    10.959    -4.526
 4     0.330    -0.873    -0.359
 4     0.926     0.373    -0.057
 4     0.183    -0.313     0.932
 5   107.730    19.308    -3.256
 5    -0.924    -0.361     0.127
 5     0.372    -0.925     0.078
 5     0.089     0.120     0.989
 6    87.364    24.475    14.936
 6    -0.935    -0.156    -0.317
 6    -0.013     0.911    -0.411
 6     0.353    -0.380    -0.855
 7   135.068   -17.683    -5.047
 7     0.186     0.819    -0.542
 7    -0.967     0.250     0.045
 7     0.173     0.516     0.839
 8   109.684   -25.870    -3.109
 8    -0.950     0.258     0.176
 8    -0.289    -0.940    -0.181
 8     0.119    -0.223     0.968
 9    87.010   -34.898    10.709
 9    -0.898     0.125    -0.421
 9    -0.152     0.811     0.565
 9     0.412     0.571    -0.710
 2    97.961   -18.694    59.917
 2     0.999     0.045    -0.011
 2    -0.045     0.998     0.030
 2     0.012    -0.030     0.999
 3   142.287    -1.858    12.091
 3     0.055    -0.052    -0.997
 3     0.184     0.982    -0.041
 3     0.981    -0.181     0.064
 4   133.483    11.066    -4.663
 4     0.338    -0.877    -0.343
 4     0.921     0.383    -0.071
 4     0.193    -0.292     0.937
 5   107.522    19.733    -2.711
 5    -0.919    -0.366     0.147
 5     0.377    -0.924     0.057
 5     0.115     0.107     0.987
 6    87.444    24.765    16.019
 6    -0.931    -0.149    -0.332
 6    -0.007     0.919    -0.394
 6     0.364    -0.365    -0.857
 7   134.799   -17.421    -5.715
 7     0.192     0.829    -0.525
 7    -0.970     0.242     0.029
 7     0.151     0.503     0.851
 8   109.504   -25.696    -3.442
 8    -0.945     0.261     0.199
 8    -0.299    -0.934    -0.194
 8     0.135    -0.242     0.960
 9    87.290   -35.171    11.098
 9    -0.887     0.130    -0.443
 9    -0.165     0.807     0.567
 9     0.431     0.576    -0.695
 2    97.961   -18.694    59.917
 2     0.999     0.046    -0.011
 2    -0.046     0.998     0.030
 2     0.012    -0.030     0.999
 3   142.347    -1.775    11.614
 3     0.073    -0.047    -0.996
 3     0.179     0.983    -0.033
 3     0.981    -0.177     0.079
 4   133.035    11.322    -4.864
 4     0.340    -0.883    -0.324
 4     0.919     0.385    -0.083
 4     0.198    -0.269     0.942
 5   107.107    19.980    -2.240
 5    -0.917    -0.362     0.166
 5     0.373    -0.927     0.037
 5     0.140     0.096     0.985
 6    87.320    24.737    17.012
 6    -0.924    -0.157    -0.350
 6    -0.013     0.924    -0.381
 6     0.383    -0.347    -0.856
 7   134.365   -17.052    -6.242
 7     0.201     0.839    -0.505
 7    -0.970     0.240     0.014
 7     0.133     0.487     0.863
 8   109.124   -25.536    -3.202
 8    -0.936     0.263     0.232
 8    -0.311    -0.929    -0.202
 8     0.162    -0.261     0.951
 9    87.538   -35.386    11.728
 9    -0.872     0.142    -0.468
 9    -0.179     0.798     0.575
 9     0.455     0.586    -0.671
 2    97.961   -18.694    59.917
 2     0.999     0.046    -0.011
 2    -0.046     0.998     0.029
 2     0.012    -0.029     0.999
 3   142.260    -1.744    11.202
 3     0.091    -0.047    -0.995
 3     0.177     0.984    -0.030
 3     0.980    -0.173     0.098
 4   132.556    11.499    -4.924
 4     0.339    -0.888    -0.309
 4     0.919     0.383    -0.091
 4     0.199    -0.254     0.946
 5   106.626    19.996    -1.940
 5    -0.916    -0.356     0.185
 5     0.368    -0.929     0.034
 5     0.160     0.099     0.982
 6    87.067    24.402    17.876
 6    -0.915    -0.172    -0.364
 6    -0.023     0.925    -0.379
 6     0.402    -0.339    -0.851
 7   133.999   -16.880    -6.544
 7     0.206     0.845    -0.493
 7    -0.970     0.241     0.006
 7     0.124     0.476     0.870
 8   108.915   -25.579    -3.379
 8    -0.934     0.263     0.240
 8    -0.313    -0.928    -0.202
 8     0.169    -0.264     0.949
 9    87.372   -35.581    11.759
 9    -0.869     0.139    -0.474
 9    -0.183     0.800     0.570
 9     0.459     0.583    -0.670
 2    97.961   -18.694    59.917
 2     0.999     0.046    -0.011
 2    -0.046     0.998     0.029
 2     0.012    -0.029     0.999
 3   141.975    -1.581    10.949
 3     0.103    -0.053    -0.993
 3     0.174     0.984    -0.035
 3     0.979    -0.169     0.110
 4   131.964    11.546    -5.174
 4     0.339    -0.895    -0.291
 4     0.920     0.379    -0.095
 4     0.195    -0.235     0.952
 5   106.049    19.863    -1.593
 5    -0.915    -0.346     0.205
 5     0.359    -0.933     0.028
 5     0.182     0.100     0.978
 6    86.760    24.115    18.667
 6    -0.907    -0.186    -0.378
 6    -0.031     0.924    -0.381
 6     0.420    -0.334    -0.844
 7   133.463   -16.656    -6.724
 7     0.211     0.851    -0.480
 7    -0.970     0.242     0.001
 7     0.117     0.465     0.877
 8   108.307   -25.462    -3.156
 8    -0.930     0.262     0.258
