% Calibrated with leiden_pols
% Positions are in centimeters
Data =[
 2    98.008   -18.720    59.919
 2     0.999     0.044    -0.010
 2    -0.044     0.998     0.029
 2     0.011    -0.029     0.999
 3   127.450    -4.086     4.115
 3     0.627    -0.108    -0.772
 3     0.218     0.975     0.040
 3     0.748    -0.193     0.635
 4   106.016     9.235    -3.294
 4     0.507    -0.756     0.413
 4     0.839     0.542    -0.038
 4    -0.196     0.366     0.910
 5   110.993    22.070    23.037
 5     0.342    -0.383     0.858
 5     0.277    -0.832    -0.481
 5     0.898     0.402    -0.179
 6   127.241    24.104    47.987
 6     0.297    -0.208    -0.932
 6    -0.033     0.973    -0.228
 6     0.954     0.098     0.282
 7   109.036   -21.550    -3.516
 7     0.417     0.892     0.171
 7    -0.907     0.397     0.140
 7     0.057    -0.214     0.975
 8   113.410   -27.448    25.207
 8     0.373     0.193     0.907
 8    -0.153    -0.952     0.265
 8     0.915    -0.237    -0.326
 9   130.734   -28.628    46.927
 9     0.536     0.312    -0.784
 9     0.053     0.915     0.400
 9     0.842    -0.256     0.474
 2    98.008   -18.694    59.919
 2     0.999     0.044    -0.010
 2    -0.044     0.998     0.029
 2     0.011    -0.029     0.999
 3   127.443    -4.114     4.072
 3     0.628    -0.111    -0.770
 3     0.219     0.975     0.038
 3     0.746    -0.193     0.637
 4   106.015     9.235    -3.345
 4     0.506    -0.756     0.414
 4     0.839     0.542    -0.037
 4    -0.196     0.366     0.909
 5   110.938    22.067    23.045
 5     0.342    -0.384     0.857
 5     0.277    -0.831    -0.482
 5     0.897     0.403    -0.178
 6   127.291    24.103    48.012
 6     0.296    -0.210    -0.932
 6    -0.034     0.973    -0.230
 6     0.954     0.099     0.281
 7   109.089   -21.599    -3.468
 7     0.417     0.892     0.172
 7    -0.907     0.396     0.142
 7     0.058    -0.216     0.975
 8   113.349   -27.446    25.407
 8     0.380     0.183     0.907
 8    -0.151    -0.955     0.255
 8     0.912    -0.234    -0.335
 9   130.731   -28.577    46.960
 9     0.537     0.312    -0.784
 9     0.055     0.914     0.402
 9     0.841    -0.260     0.474
 2    98.008   -18.694    59.919
 2     0.999     0.043    -0.010
 2    -0.043     0.998     0.029
 2     0.011    -0.029     0.999
 3   127.486    -4.167     4.081
 3     0.631    -0.111    -0.768
 3     0.219     0.975     0.039
 3     0.744    -0.193     0.639
 4   106.063     9.209    -3.343
 4     0.508    -0.755     0.416
 4     0.839     0.543    -0.038
 4    -0.197     0.368     0.909
 5   110.938    22.117    23.046
 5     0.343    -0.385     0.857
 5     0.277    -0.830    -0.484
 5     0.897     0.403    -0.178
 6   127.340    24.154    47.986
 6     0.296    -0.212    -0.931
 6    -0.034     0.972    -0.232
 6     0.954     0.100     0.281
 7   109.018   -21.624    -3.470
 7     0.416     0.892     0.174
 7    -0.907     0.395     0.143
 7     0.059    -0.218     0.974
 8   113.342   -27.443    25.574
 8     0.386     0.177     0.905
 8    -0.149    -0.956     0.251
 8     0.910    -0.232    -0.343
 9   130.678   -28.526    47.017
 9     0.539     0.314    -0.782
 9     0.059     0.911     0.406
 9     0.840    -0.265     0.473
 2    97.958   -18.694    59.919
 2     0.999     0.044    -0.010
 2    -0.043     0.998     0.029
 2     0.011    -0.029     0.999
 3   127.425    -4.119     4.044
 3     0.633    -0.113    -0.765
 3     0.220     0.974     0.038
 3     0.741    -0.194     0.642
 4   106.062     9.209    -3.344
 4     0.508    -0.753     0.417
 4     0.838     0.544    -0.040
 4    -0.197     0.370     0.908
 5   110.913    22.066    23.019
 5     0.343    -0.385     0.856
 5     0.276    -0.830    -0.484
 5     0.897     0.403    -0.179
 6   127.240    24.204    47.935
 6     0.296    -0.214    -0.931
 6    -0.034     0.971    -0.234
 6     0.954     0.100     0.281
 7   109.018   -21.624    -3.393
 7     0.416     0.892     0.174
 7    -0.907     0.395     0.144
 7     0.059    -0.218     0.974
 8   113.337   -27.443    25.581
 8     0.389     0.175     0.904
 8    -0.149    -0.957     0.249
 8     0.909    -0.232    -0.346
 9   130.654   -28.525    47.069
 9     0.539     0.314    -0.781
 9     0.060     0.911     0.408
 9     0.840    -0.267     0.472
 2    98.008   -18.694    59.919
 2     0.999     0.044    -0.010
 2    -0.044     0.998     0.029
 2     0.011    -0.029     0.999
 3   127.425    -4.170     4.146
 3     0.634    -0.113    -0.765
 3     0.221     0.974     0.039
 3     0.741    -0.194     0.642
 4   106.065     9.209    -3.347
 4     0.509    -0.753     0.417
 4     0.838     0.544    -0.042
 4    -0.196     0.371     0.908
 5   110.944    22.068    22.962
 5     0.342    -0.386     0.856
 5     0.276    -0.830    -0.484
 5     0.898     0.402    -0.178
 6   127.238    24.152    48.009
 6     0.296    -0.215    -0.931
 6    -0.036     0.971    -0.236
 6     0.954     0.103     0.280
 7   109.020   -21.623    -3.396
 7     0.416     0.892     0.174
 7    -0.907     0.395     0.145
 7     0.060    -0.219     0.974
 8   113.273   -27.448    25.548
 8     0.367     0.183     0.912
 8    -0.154    -0.955     0.253
 8     0.917    -0.234    -0.322
 9   130.554   -28.577    47.196
 9     0.539     0.317    -0.780
 9     0.058     0.910     0.410
 9     0.840    -0.267     0.472
 2    97.958   -18.695    59.919
 2     0.999     0.044    -0.010
 2    -0.044     0.998     0.029
 2     0.011    -0.029     0.999
 3   127.375    -4.118     4.171
 3     0.633    -0.113    -0.766
 3     0.222     0.974     0.039
 3     0.741    -0.195     0.642
 4   106.171     9.211    -3.351
 4     0.511    -0.753     0.415
 4     0.837     0.544    -0.043
 4    -0.194     0.369     0.909
 5   110.964    22.074    22.947
 5     0.337    -0.393     0.855
 5     0.274    -0.828    -0.489
 5     0.901     0.399    -0.172
 6   127.212    24.150    47.982
 6     0.297    -0.216    -0.930
 6    -0.038     0.971    -0.237
 6     0.954     0.105     0.280
 7   109.116   -21.716    -3.199
 7     0.416     0.893     0.167
 7    -0.906     0.394     0.152
 7     0.070    -0.215     0.974
 8   113.338   -27.447    25.626
 8     0.360     0.185     0.914
 8    -0.154    -0.955     0.254
 8     0.920    -0.233    -0.315
 9   130.599   -28.632    47.304
 9     0.541     0.321    -0.778
 9     0.052     0.910     0.411
 9     0.839    -0.264     0.475
 2    97.958   -18.695    59.919
 2     0.999     0.044    -0.010
 2    -0.044     0.998     0.029
 2     0.011    -0.029     0.999
 3   127.484    -4.267     4.342
 3     0.630    -0.110    -0.768
 3     0.223     0.974     0.043
 3     0.743    -0.199     0.638
 4   106.359     9.061    -3.359
 4     0.515    -0.754     0.408
 4     0.835     0.547    -0.044
 4    -0.190     0.363     0.912
 5   111.015    22.072    22.901
 5     0.336    -0.401     0.852
 5     0.274    -0.824    -0.495
 5     0.901     0.400    -0.168
 6   127.211    24.226    47.981
 6     0.297    -0.218    -0.930
 6    -0.038     0.970    -0.239
 6     0.954     0.106     0.280
 7   109.226   -21.763    -3.141
 7     0.414     0.896     0.159
 7    -0.907     0.392     0.155
 7     0.076    -0.209     0.975
 8   113.276   -27.498    25.828
 8     0.366     0.176     0.913
 8    -0.155    -0.956     0.247
 8     0.917    -0.232    -0.323
 9   130.549   -28.632    47.380
 9     0.541     0.322    -0.777
 9     0.053     0.909     0.413
 9     0.839    -0.265     0.474
 2    98.006   -18.695    59.922
 2     0.999     0.044    -0.010
 2    -0.044     0.998     0.029
 2     0.010    -0.029     0.999
 3   127.638    -4.385     4.645
 3     0.622    -0.102    -0.776
 3     0.224     0.973     0.052
 3     0.750    -0.207     0.628
 4   106.913     9.068    -3.409
 4     0.528    -0.750     0.399
 4     0.830     0.555    -0.056
 4    -0.180     0.361     0.915
 5   111.048    22.019    22.448
 5     0.293    -0.429     0.854
 5     0.305    -0.805    -0.509
 5     0.906     0.410    -0.105
