% Calibrated with leiden_pols
% Positions are in centimeters
Data =[
 2    98.007   -18.696    59.923
 2     0.999     0.046    -0.010
 2    -0.046     0.998     0.029
 2     0.010    -0.029     0.999
 3   127.934    -4.468     2.959
 3     0.654    -0.114    -0.748
 3     0.225     0.973     0.048
 3     0.722    -0.200     0.662
 4   105.467     8.475    -3.416
 4     0.496    -0.718     0.489
 4     0.814     0.580     0.024
 4    -0.301     0.386     0.872
 5   113.276    18.631    23.175
 5     0.556    -0.278     0.783
 5     0.075    -0.922    -0.381
 5     0.828     0.271    -0.492
 6   133.573     6.619    20.920
 6     0.665     0.402    -0.630
 6    -0.604    -0.207    -0.770
 6    -0.440     0.892     0.105
 7   108.246   -21.212    -3.405
 7     0.396     0.895     0.202
 7    -0.918     0.389     0.077
 7    -0.010    -0.216     0.976
 8   116.685   -27.783    25.517
 8     0.650     0.089     0.755
 8    -0.069    -0.982     0.175
 8     0.757    -0.166    -0.632
 9   136.251   -13.969    26.927
 9     0.641    -0.100    -0.761
 9     0.730    -0.225     0.645
 9    -0.235    -0.969    -0.071
 2    97.959   -18.721    59.920
 2     0.999     0.046    -0.010
 2    -0.046     0.998     0.029
 2     0.011    -0.029     0.999
 3   127.884    -4.417     2.933
 3     0.653    -0.116    -0.748
 3     0.226     0.973     0.047
 3     0.722    -0.200     0.661
 4   105.333     8.524    -3.409
 4     0.493    -0.717     0.493
 4     0.815     0.579     0.026
 4    -0.304     0.388     0.870
 5   113.221    18.631    23.179
 5     0.557    -0.276     0.783
 5     0.076    -0.922    -0.379
 5     0.827     0.271    -0.493
 6   133.521     6.566    20.822
 6     0.663     0.401    -0.631
 6    -0.605    -0.209    -0.769
 6    -0.441     0.892     0.104
 7   108.196   -21.262    -3.426
 7     0.397     0.894     0.206
 7    -0.918     0.389     0.078
 7    -0.011    -0.220     0.975
 8   116.682   -27.783    25.471
 8     0.650     0.089     0.754
 8    -0.068    -0.982     0.175
 8     0.756    -0.165    -0.633
 9   136.248   -13.919    26.879
 9     0.640    -0.101    -0.762
 9     0.731    -0.224     0.644
 9    -0.236    -0.969    -0.069
 2    97.959   -18.695    59.920
 2     0.999     0.046    -0.010
 2    -0.046     0.998     0.029
 2     0.011    -0.029     0.999
 3   127.888    -4.416     2.929
 3     0.653    -0.116    -0.749
 3     0.226     0.973     0.047
 3     0.723    -0.201     0.661
 4   105.280     8.472    -3.407
 4     0.493    -0.717     0.493
 4     0.815     0.579     0.026
 4    -0.305     0.389     0.869
 5   113.266    18.680    23.159
 5     0.558    -0.275     0.783
 5     0.077    -0.922    -0.379
 5     0.826     0.271    -0.493
 6   133.569     6.617    20.799
 6     0.663     0.402    -0.631
 6    -0.604    -0.210    -0.768
 6    -0.442     0.891     0.104
 7   108.171   -21.262    -3.401
 7     0.397     0.894     0.206
 7    -0.917     0.390     0.078
 7    -0.011    -0.220     0.975
 8   116.683   -27.834    25.471
 8     0.651     0.088     0.754
 8    -0.069    -0.982     0.174
 8     0.756    -0.165    -0.633
 9   136.245   -13.920    26.882
 9     0.639    -0.103    -0.762
 9     0.731    -0.224     0.644
 9    -0.237    -0.969    -0.068
 2    97.959   -18.695    59.920
 2     0.999     0.046    -0.010
 2    -0.046     0.998     0.029
 2     0.011    -0.029     0.999
 3   127.766    -4.466     2.950
 3     0.652    -0.115    -0.750
 3     0.226     0.973     0.047
 3     0.724    -0.201     0.660
 4   105.281     8.523    -3.406
 4     0.493    -0.716     0.493
 4     0.814     0.579     0.026
 4    -0.305     0.388     0.869
 5   113.216    18.681    23.108
 5     0.557    -0.275     0.783
 5     0.078    -0.922    -0.379
 5     0.826     0.272    -0.493
 6   133.568     6.566    20.799
 6     0.663     0.402    -0.632
 6    -0.604    -0.211    -0.768
 6    -0.442     0.891     0.103
 7   108.073   -21.262    -3.353
 7     0.397     0.895     0.204
 7    -0.918     0.389     0.078
 7    -0.010    -0.219     0.976
 8   116.680   -27.834    25.526
 8     0.652     0.087     0.753
 8    -0.068    -0.982     0.173
 8     0.755    -0.164    -0.635
 9   136.243   -13.972    26.833
 9     0.640    -0.104    -0.761
 9     0.730    -0.224     0.645
 9    -0.238    -0.969    -0.067
 2    97.959   -18.695    59.920
 2     0.999     0.046    -0.010
 2    -0.046     0.998     0.030
 2     0.011    -0.029     0.999
 3   127.719    -4.464     3.047
 3     0.650    -0.116    -0.751
 3     0.227     0.973     0.046
 3     0.725    -0.201     0.658
 4   105.235     8.472    -3.407
 4     0.495    -0.717     0.490
 4     0.814     0.580     0.027
 4    -0.304     0.385     0.871
 5   113.196    18.532    23.073
 5     0.550    -0.287     0.784
 5     0.065    -0.922    -0.382
 5     0.832     0.261    -0.489
 6   133.691     6.735    20.678
 6     0.671     0.408    -0.619
 6    -0.582    -0.227    -0.781
 6    -0.459     0.884     0.086
 7   108.076   -21.260    -3.310
 7     0.398     0.895     0.202
 7    -0.917     0.390     0.079
 7    -0.008    -0.217     0.976
 8   116.829   -27.454    25.751
 8     0.663     0.080     0.744
 8    -0.061    -0.985     0.161
 8     0.745    -0.152    -0.649
 9   136.412   -13.937    26.695
 9     0.646    -0.127    -0.752
 9     0.720    -0.224     0.656
 9    -0.252    -0.966    -0.053
 2    97.959   -18.695    59.920
 2     0.999     0.046    -0.010
 2    -0.046     0.998     0.030
 2     0.011    -0.029     0.999
 3   127.697    -4.463     3.170
 3     0.648    -0.116    -0.752
 3     0.227     0.973     0.045
 3     0.726    -0.200     0.657
 4   105.289     8.473    -3.306
 4     0.495    -0.720     0.486
 4     0.814     0.579     0.029
 4    -0.303     0.382     0.873
 5   113.215    18.411    23.124
 5     0.545    -0.288     0.787
 5     0.060    -0.923    -0.380
 5     0.836     0.254    -0.486
 6   133.780     7.375    20.778
 6     0.687     0.409    -0.601
 6    -0.556    -0.236    -0.797
 6    -0.467     0.882     0.065
 7   108.083   -21.256    -3.248
 7     0.400     0.895     0.196
 7    -0.917     0.391     0.081
 7    -0.004    -0.213     0.977
 8   116.980   -27.280    25.870
 8     0.674     0.070     0.735
 8    -0.061    -0.987     0.150
 8     0.736    -0.146    -0.661
 9   136.765   -13.999    26.418
 9     0.653    -0.146    -0.743
 9     0.710    -0.221     0.668
 9    -0.262    -0.964    -0.040
 2    97.959   -18.695    59.920
 2     0.999     0.046    -0.010
 2    -0.046     0.998     0.030
 2     0.011    -0.029     0.999
 3   127.697    -4.412     3.221
 3     0.649    -0.117    -0.752
 3     0.227     0.973     0.044
 3     0.726    -0.200     0.657
 4   105.247     8.527    -3.364
 4     0.495    -0.723     0.482
 4     0.815     0.578     0.029
 4    -0.300     0.379     0.875
 5   113.076    18.377    23.124
 5     0.532    -0.281     0.799
 5     0.060    -0.928    -0.366
 5     0.844     0.243    -0.477
 6   134.061     8.636    20.818
 6     0.717     0.417    -0.559
 6    -0.509    -0.234    -0.828
 6    -0.476     0.878     0.045
 7   108.144   -21.200    -3.217
 7     0.401     0.896     0.191
 7    -0.916     0.392     0.085
 7     0.002    -0.209     0.978
 8   117.175   -27.037    26.172
 8     0.689     0.031     0.724
 8    -0.076    -0.990     0.115
 8     0.721    -0.134    -0.680
 9   137.581   -14.958    26.105
 9     0.688    -0.173    -0.704
 9     0.671    -0.216     0.709
 9    -0.275    -0.961    -0.033
 2    97.959   -18.721    59.945
 2     0.999     0.047    -0.010
 2    -0.046     0.998     0.029
 2     0.011    -0.029     0.999
 3   127.647    -4.412     3.271
 3     0.649    -0.118    -0.751
 3     0.227     0.973     0.043
 3     0.726    -0.199     0.658
 4   105.314     8.611    -3.281
 4     0.494    -0.728     0.475
 4     0.818     0.574     0.028
 4    -0.293     0.375     0.879
 5   112.961    18.383    23.170
 5     0.510    -0.265     0.818
 5     0.067    -0.936    -0.344
 5     0.857     0.230    -0.460
 6   134.464    10.199    21.195
 6     0.759     0.422    -0.495
 6    -0.447    -0.214    -0.868
 6    -0.473     0.881     0.026
 7   108.106   -21.122    -3.132
 7     0.397     0.899     0.185
 7    -0.918     0.387     0.088
 7     0.008    -0.205     0.979
 8   117.154   -26.771    26.374
 8     0.700    -0.029     0.713
 8    -0.104    -0.993     0.062
 8     0.706    -0.118    -0.698
 9   138.337   -16.478    25.794
 9     0.735    -0.198    -0.648
 9     0.614    -0.210     0.761
 9    -0.287    -0.957    -0.033
 2    97.959   -18.695    59.920
 2     0.999     0.046    -0.010
 2    -0.046     0.998     0.029
 2     0.011    -0.029     0.999
 3   127.693    -4.313     3.402
 3     0.651    -0.117    -0.750
 3     0.225     0.973     0.043
 3     0.725    -0.197     0.660
 4   105.388     8.672    -3.282
 4     0.493    -0.735     0.466
 4     0.823     0.568     0.024
 4    -0.283     0.371     0.884
 5   112.925    18.357    23.245
 5     0.500    -0.231     0.834
 5     0.090    -0.944    -0.316
 5     0.861     0.233    -0.452
 6   134.898    12.370    21.330
 6     0.795     0.435    -0.421
 6    -0.383    -0.178    -0.906
 6    -0.470     0.882     0.025
 7   108.116   -21.020    -3.120
 7     0.390     0.903     0.178
 7    -0.921     0.380     0.090
 7     0.013    -0.200     0.980
 8   117.091   -26.789    26.675
 8     0.706    -0.107     0.700
 8    -0.149    -0.989    -0.001
 8     0.692    -0.104    -0.714
 9   139.111   -18.716    25.407
 9     0.785    -0.229    -0.576
 9     0.539    -0.206     0.817
 9    -0.306    -0.951    -0.038
 2    97.959   -18.644    59.919
 2     0.999     0.046    -0.010
 2    -0.045     0.998     0.030
 2     0.011    -0.029     0.999
 3   127.693    -4.237     3.453
 3     0.651    -0.117    -0.750
 3     0.224     0.974     0.043
 3     0.725    -0.196     0.660
 4   105.406     8.732    -3.201
 4     0.488    -0.744     0.457
 4     0.828     0.560     0.025
 4    -0.275     0.366     0.889
 5   113.072    18.537    23.485
 5     0.514    -0.170     0.840
 5     0.124    -0.955    -0.269
 5     0.848     0.242    -0.470
 6   135.271    14.403    21.135
 6     0.821     0.453    -0.347
 6    -0.320    -0.138    -0.937
 6    -0.473     0.881     0.031
 7   108.127   -20.968    -3.082
 7     0.384     0.906     0.176
 7    -0.923     0.374     0.093
 7     0.018    -0.198     0.980
 8   117.225   -26.858    26.623
 8     0.710    -0.180     0.681
 8    -0.193    -0.979    -0.057
 8     0.677    -0.091    -0.730
 9   139.644   -21.140    24.672
 9     0.824    -0.265    -0.501
 9     0.457    -0.212     0.864
 9    -0.335    -0.941    -0.054
 2    97.959   -18.721    59.920
 2     0.999     0.047    -0.010
 2    -0.047     0.998     0.029
 2     0.011    -0.029     0.999
 3   127.689    -4.188     3.457
 3     0.652    -0.116    -0.749
 3     0.223     0.974     0.043
 3     0.724    -0.195     0.661
 4   105.422     8.740    -3.169
 4     0.486    -0.749     0.451
 4     0.832     0.554     0.023
 4    -0.268     0.364     0.892
 5   113.166    18.717    23.599
 5     0.528    -0.105     0.842
 5     0.161    -0.962    -0.221
 5     0.834     0.252    -0.491
 6   135.414    16.768    21.091
 6     0.843     0.467    -0.268
 6    -0.251    -0.099    -0.963
 6    -0.476     0.879     0.034
 7   108.145   -20.939    -3.001
 7     0.377     0.910     0.172
 7    -0.926     0.366     0.098
 7     0.026    -0.197     0.980
 8   117.133   -27.048    26.736
 8     0.703    -0.248     0.666
 8    -0.236    -0.965    -0.110
 8     0.671    -0.080    -0.737
 9   140.004   -23.733    24.397
 9     0.860    -0.290    -0.420
 9     0.367    -0.218     0.904
 9    -0.354    -0.932    -0.081
 2    97.959   -18.721    59.920
 2     0.999     0.046    -0.010
 2    -0.046     0.998     0.029
 2     0.011    -0.029     0.999
 3   127.690    -4.189     3.508
 3     0.652    -0.115    -0.749
 3     0.222     0.974     0.043
 3     0.724    -0.195     0.661
 4   105.487     8.699    -3.163
 4     0.478    -0.758     0.443
 4     0.838     0.544     0.026
 4    -0.261     0.359     0.896
 5   113.110    18.977    23.633
 5     0.536    -0.014     0.844
 5     0.220    -0.963    -0.155
 5     0.815     0.269    -0.513
 6   135.288    19.464    20.740
 6     0.860     0.477    -0.178
 6    -0.178    -0.046    -0.983
 6    -0.477     0.878     0.046
 7   108.167   -20.933    -3.004
 7     0.371     0.913     0.168
 7    -0.928     0.357     0.105
 7     0.036    -0.195     0.980
 8   117.062   -27.194    26.886
 8     0.690    -0.326     0.645
 8    -0.289    -0.943    -0.167
 8     0.663    -0.072    -0.745
 9   140.029   -26.960    24.112
 9     0.892    -0.317    -0.322
 9     0.262    -0.215     0.940
 9    -0.368    -0.924    -0.109
 2    97.959   -18.695    59.920
 2     0.999     0.046    -0.010
 2    -0.046     0.998     0.029
 2     0.011    -0.029     0.999
 3   127.689    -4.138     3.508
 3     0.652    -0.116    -0.749
 3     0.223     0.974     0.043
 3     0.724    -0.195     0.661
 4   105.336     8.652    -3.115
 4     0.469    -0.765     0.441
 4     0.844     0.536     0.031
 4    -0.260     0.357     0.897
 5   112.899    19.436    23.624
 5     0.538     0.072     0.839
 5     0.281    -0.955    -0.098
 5     0.794     0.288    -0.534
 6   135.004    21.904    20.485
 6     0.873     0.477    -0.103
 6    -0.120     0.006    -0.993
 6    -0.473     0.879     0.062
 7   108.185   -20.930    -2.974
 7     0.364     0.916     0.165
 7    -0.930     0.350     0.111
 7     0.044    -0.194     0.980
 8   116.793   -27.574    26.988
 8     0.669    -0.411     0.619
 8    -0.352    -0.909    -0.224
 8     0.655    -0.068    -0.753
 9   139.552   -30.289    23.719
 9     0.911    -0.347    -0.220
 9     0.156    -0.203     0.967
 9    -0.380    -0.916    -0.131
 2    97.959   -18.695    59.945
 2     0.999     0.046    -0.010
 2    -0.046     0.998     0.030
 2     0.011    -0.029     0.999
 3   127.686    -4.114     3.538
 3     0.653    -0.117    -0.748
 3     0.223     0.974     0.043
 3     0.723    -0.195     0.662
 4   105.156     8.628    -3.062
 4     0.462    -0.770     0.440
 4     0.847     0.529     0.036
 4    -0.261     0.356     0.897
 5   112.591    19.893    23.616
 5     0.535     0.136     0.833
 5     0.328    -0.943    -0.056
 5     0.778     0.304    -0.550
 6   134.854    23.744    20.576
 6     0.887     0.460    -0.047
 6    -0.076     0.044    -0.996
 6    -0.456     0.887     0.074
 7   108.119   -20.880    -2.928
 7     0.356     0.919     0.166
 7    -0.933     0.341     0.112
 7     0.047    -0.195     0.980
 8   116.473   -28.190    26.969
 8     0.646    -0.488     0.586
 8    -0.416    -0.870    -0.266
 8     0.640    -0.072    -0.765
 9   138.911   -33.578    23.643
 9     0.927    -0.357    -0.114
 9     0.052    -0.178     0.982
 9    -0.371    -0.917    -0.147
 2    97.959   -18.695    59.920
 2     0.999     0.046    -0.010
 2    -0.046     0.998     0.029
 2     0.011    -0.029     0.999
 3   127.681    -4.013     3.542
 3     0.655    -0.120    -0.746
 3     0.224     0.974     0.041
 3     0.722    -0.194     0.664
 4   104.978     8.630    -2.987
 4     0.453    -0.776     0.439
 4     0.852     0.521     0.042
 4    -0.261     0.355     0.897
 5   112.401    20.147    23.720
 5     0.531     0.185     0.826
 5     0.363    -0.931    -0.025
 5     0.765     0.313    -0.562
 6   134.665    25.428    20.749
 6     0.896     0.443     0.006
 6    -0.028     0.071    -0.997
 6    -0.443     0.893     0.076
 7   108.124   -20.829    -2.983
 7     0.353     0.920     0.167
 7    -0.934     0.338     0.115
 7     0.049    -0.197     0.979
 8   116.017   -28.674    27.026
 8     0.616    -0.556     0.558
 8    -0.471    -0.828    -0.304
 8     0.631    -0.076    -0.772
 9   138.007   -37.168    24.679
 9     0.943    -0.331     0.012
 9    -0.070    -0.162     0.984
 9    -0.324    -0.929    -0.176
 2    97.959   -18.721    59.945
 2     0.999     0.047    -0.010
 2    -0.047     0.998     0.029
 2     0.011    -0.029     0.999
 3   127.677    -3.964     3.596
 3     0.656    -0.122    -0.745
 3     0.224     0.974     0.038
 3     0.721    -0.192     0.666
 4   104.944     8.478    -2.927
 4     0.445    -0.782     0.437
 4     0.856     0.515     0.050
 4    -0.264     0.352     0.898
 5   112.058    20.547    23.663
 5     0.525     0.266     0.808
 5     0.421    -0.907     0.026
 5     0.740     0.327    -0.588
 6   133.970    27.655    20.867
 6     0.904     0.422     0.068
 6     0.037     0.082    -0.996
 6    -0.426     0.903     0.058
 7   108.222   -20.873    -2.884
 7     0.348     0.922     0.165
 7    -0.935     0.331     0.124
 7     0.059    -0.197     0.978
 8   115.757   -29.107    27.328
 8     0.583    -0.627     0.516
 8    -0.527    -0.776    -0.347
 8     0.618    -0.070    -0.783
 9   136.877   -40.611    25.029
 9     0.931    -0.339     0.135
 9    -0.192    -0.141     0.971
 9    -0.310    -0.930    -0.196
 2    97.959   -18.721    59.920
 2     0.999     0.047    -0.010
 2    -0.047     0.998     0.029
 2     0.011    -0.029     0.999
 3   127.668    -3.965     3.603
 3     0.657    -0.127    -0.743
 3     0.225     0.973     0.033
 3     0.719    -0.189     0.668
 4   104.714     8.217    -2.842
 4     0.430    -0.790     0.438
 4     0.859     0.506     0.068
 4    -0.276     0.347     0.896
 5   111.580    21.189    23.613
 5     0.512     0.365     0.777
 5     0.498    -0.864     0.077
 5     0.699     0.347    -0.625
 6   133.081    30.901    21.229
 6     0.912     0.379     0.154
 6     0.126     0.098    -0.987
 6    -0.390     0.920     0.041
 7   108.337   -20.869    -2.849
 7     0.345     0.924     0.166
 7    -0.936     0.327     0.129
 7     0.065    -0.200     0.978
 8   115.580   -29.620    27.384
 8     0.548    -0.697     0.462
 8    -0.586    -0.714    -0.383
 8     0.597    -0.060    -0.800
 9   135.325   -43.815    24.657
 9     0.899    -0.367     0.236
 9    -0.299    -0.123     0.946
 9    -0.318    -0.922    -0.220
 2    97.961   -18.694    59.942
 2     0.999     0.046    -0.011
 2    -0.046     0.998     0.030
 2     0.012    -0.029     0.999
 3   127.671    -3.937     3.643
 3     0.655    -0.133    -0.744
 3     0.226     0.974     0.024
 3     0.721    -0.184     0.668
 4   104.583     8.039    -2.887
 4     0.422    -0.796     0.435
 4     0.863     0.499     0.076
 4    -0.278     0.343     0.897
 5   111.148    21.685    23.619
 5     0.493     0.442     0.749
 5     0.557    -0.822     0.118
 5     0.668     0.359    -0.652
 6   132.279    33.408    21.741
 6     0.913     0.338     0.226
 6     0.204     0.099    -0.974
 6    -0.351     0.936     0.021
 7   108.366   -20.869    -2.798
 7     0.341     0.925     0.168
 7    -0.938     0.322     0.130
 7     0.066    -0.202     0.977
 8   115.100   -30.103    27.271
 8     0.506    -0.755     0.416
 8    -0.633    -0.653    -0.415
 8     0.586    -0.054    -0.809
 9   133.307   -46.890    24.365
 9     0.855    -0.400     0.330
 9    -0.404    -0.114     0.908
 9    -0.325    -0.909    -0.259
 2    97.961   -18.694    59.942
 2     0.999     0.046    -0.011
 2    -0.046     0.998     0.030
 2     0.012    -0.029     0.999
 3   127.609    -3.787     3.647
 3     0.656    -0.147    -0.740
 3     0.227     0.974     0.009
 3     0.719    -0.175     0.672
 4   104.324     7.992    -2.786
 4     0.408    -0.802     0.437
 4     0.869     0.487     0.082
 4    -0.279     0.346     0.896
 5   110.640    22.028    23.528
 5     0.477     0.500     0.723
 5     0.602    -0.785     0.146
 5     0.641     0.365    -0.676
 6   131.262    35.818    22.507
 6     0.905     0.309     0.292
 6     0.289     0.054    -0.956
 6    -0.311     0.949    -0.040
 7   108.347   -20.818    -2.798
 7     0.339     0.924     0.175
 7    -0.938     0.319     0.134
 7     0.067    -0.210     0.975
 8   114.982   -29.833    27.539
 8     0.481    -0.793     0.374
 8    -0.658    -0.609    -0.444
 8     0.579    -0.033    -0.814
 9   131.451   -48.997    24.454
 9     0.794    -0.454     0.403
 9    -0.505    -0.125     0.854
 9    -0.337    -0.882    -0.329
 2    97.961   -18.694    59.942
 2     0.999     0.046    -0.011
 2    -0.046     0.998     0.030
 2     0.012    -0.029     0.999
 3   127.411    -3.716     3.613
 3     0.661    -0.162    -0.733
 3     0.231     0.973    -0.006
 3     0.714    -0.166     0.680
 4   103.959     7.817    -2.888
 4     0.391    -0.806     0.443
 4     0.876     0.474     0.088
 4    -0.281     0.354     0.892
 5   109.822    22.452    23.262
 5     0.444     0.569     0.692
 5     0.654    -0.734     0.183
 5     0.612     0.371    -0.698
 6   129.947    38.014    22.992
 6     0.887     0.300     0.350
 6     0.367    -0.001    -0.930
 6    -0.280     0.954    -0.111
 7   108.176   -20.768    -2.739
 7     0.336     0.923     0.186
 7    -0.939     0.315     0.135
 7     0.066    -0.221     0.973
 8   114.784   -30.080    27.521
 8     0.456    -0.828     0.325
 8    -0.691    -0.560    -0.457
 8     0.561    -0.016    -0.828
 9   129.719   -51.079    23.994
 9     0.743    -0.478     0.468
 9    -0.575    -0.098     0.812
 9    -0.342    -0.873    -0.348
 2    97.961   -18.694    59.942
 2     0.999     0.046    -0.011
 2    -0.046     0.998     0.030
 2     0.012    -0.029     0.999
 3   127.204    -3.571     3.414
 3     0.667    -0.175    -0.724
 3     0.236     0.971    -0.017
 3     0.706    -0.160     0.689
 4   103.541     7.640    -2.959
 4     0.375    -0.810     0.450
 4     0.882     0.462     0.096
 4    -0.285     0.361     0.888
 5   109.220    22.969    22.918
 5     0.412     0.644     0.644
 5     0.709    -0.671     0.217
 5     0.572     0.367    -0.733
 6   128.356    40.105    22.548
 6     0.861     0.299     0.411
 6     0.432    -0.003    -0.902
 6    -0.269     0.954    -0.132
 7   107.846   -20.778    -2.818
 7     0.324     0.925     0.197
 7    -0.944     0.303     0.131
 7     0.061    -0.229     0.971
 8   112.177   -30.726    25.492
 8     0.438    -0.853     0.283
 8    -0.716    -0.522    -0.463
 8     0.543     0.000    -0.840
 9   128.337   -52.616    24.071
 9     0.691    -0.504     0.518
 9    -0.638    -0.089     0.765
 9    -0.339    -0.859    -0.383
 2    97.959   -18.695    59.945
 2     0.999     0.046    -0.010
 2    -0.046     0.998     0.029
 2     0.011    -0.029     0.999
 3   126.838    -3.506     3.329
 3     0.677    -0.187    -0.712
 3     0.241     0.970    -0.026
 3     0.695    -0.154     0.702
 4   103.018     7.538    -3.004
 4     0.358    -0.812     0.461
 4     0.888     0.449     0.102
 4    -0.290     0.372     0.882
 5   108.703    23.312    22.680
 5     0.392     0.685     0.613
 5     0.739    -0.632     0.233
 5     0.547     0.362    -0.755
 6   126.782    42.086    22.157
 6     0.829     0.297     0.474
 6     0.493     0.011    -0.870
 6    -0.264     0.954    -0.138
 7   107.433   -20.663    -2.837
 7     0.312     0.927     0.207
 7    -0.949     0.291     0.123
 7     0.053    -0.235     0.970
 8   112.135   -30.861    25.450
 8     0.433    -0.868     0.242
 8    -0.732    -0.495    -0.468
 8     0.526     0.026    -0.850
 9   127.374   -53.560    23.843
 9     0.654    -0.534     0.536
 9    -0.677    -0.095     0.730
 9    -0.339    -0.840    -0.424
 2    97.959   -18.695    59.920
 2     0.999     0.046    -0.010
 2    -0.046     0.998     0.030
 2     0.011    -0.029     0.999
 3   126.633    -3.335     3.130
 3     0.683    -0.200    -0.702
 3     0.248     0.968    -0.035
 3     0.687    -0.151     0.711
 4   102.626     7.338    -3.108
 4     0.338    -0.817     0.468
 4     0.895     0.433     0.109
 4    -0.292     0.382     0.877
 5   107.991    23.419    22.471
 5     0.364     0.714     0.598
 5     0.760    -0.599     0.253
 5     0.539     0.363    -0.760
 6   125.196    43.449    22.933
 6     0.798     0.297     0.523
 6     0.558    -0.043    -0.828
 6    -0.224     0.954    -0.200
 7   107.470   -20.619    -2.945
 7     0.310     0.927     0.208
 7    -0.950     0.291     0.116
 7     0.047    -0.234     0.971
 8   112.168   -30.877    25.179
 8     0.426    -0.876     0.226
 8    -0.741    -0.481    -0.468
 8     0.519     0.032    -0.854
 9   126.917   -54.076    24.083
 9     0.638    -0.535     0.554
 9    -0.703    -0.111     0.702
 9    -0.314    -0.837    -0.447
 2    97.959   -18.695    59.920
 2     0.999     0.046    -0.010
 2    -0.046     0.998     0.029
 2     0.011    -0.029     0.999
 3   126.597    -3.208     3.059
 3     0.683    -0.211    -0.700
 3     0.253     0.966    -0.045
 3     0.685    -0.147     0.713
 4   102.632     7.347    -3.150
 4     0.326    -0.822     0.466
 4     0.900     0.420     0.111
 4    -0.287     0.383     0.878
 5   107.444    23.655    22.254
 5     0.335     0.733     0.591
 5     0.776    -0.571     0.268
 5     0.535     0.369    -0.760
 6   124.000    44.718    23.680
 6     0.771     0.298     0.562
 6     0.606    -0.075    -0.792
 6    -0.194     0.951    -0.239
 7   107.567   -20.376    -3.269
 7     0.308     0.929     0.205
 7    -0.950     0.293     0.103
 7     0.036    -0.227     0.973
 8   112.035   -30.799    24.980
 8     0.402    -0.892     0.207
 8    -0.757    -0.451    -0.473
 8     0.515     0.033    -0.856
 9   126.449   -54.469    24.254
 9     0.624    -0.534     0.570
 9    -0.724    -0.122     0.678
 9    -0.292    -0.837    -0.463
 2    97.959   -18.721    59.920
 2     0.999     0.047    -0.010
 2    -0.047     0.998     0.029
 2     0.011    -0.029     0.999
 3   126.600    -3.156     3.080
 3     0.681    -0.212    -0.700
 3     0.253     0.966    -0.046
 3     0.686    -0.146     0.712
 4   102.715     7.427    -3.263
 4     0.325    -0.824     0.464
 4     0.902     0.417     0.108
 4    -0.283     0.383     0.879
 5   107.417    24.012    22.096
 5     0.315     0.747     0.585
 5     0.788    -0.549     0.277
 5     0.529     0.374    -0.762
 6   123.426    45.732    24.095
 6     0.745     0.313     0.589
 6     0.646    -0.119    -0.754
 6    -0.166     0.942    -0.291
 7   107.556   -20.157    -3.382
 7     0.298     0.933     0.199
 7    -0.954     0.285     0.095
 7     0.032    -0.218     0.975
 8   111.804   -30.819    24.879
 8     0.382    -0.905     0.187
 8    -0.769    -0.424    -0.478
 8     0.512     0.038    -0.858
 9   125.633   -54.900    24.317
 9     0.600    -0.543     0.588
 9    -0.748    -0.121     0.652
 9    -0.283    -0.831    -0.479
 2    97.961   -18.694    59.942
 2     0.999     0.046    -0.011
 2    -0.046     0.998     0.029
 2     0.012    -0.029     0.999
 3   126.632    -3.028     3.072
 3     0.680    -0.210    -0.702
 3     0.252     0.966    -0.045
 3     0.688    -0.147     0.710
 4   102.849     7.480    -3.321
 4     0.328    -0.825     0.461
 4     0.902     0.418     0.105
 4    -0.280     0.381     0.881
 5   107.438    24.261    21.943
 5     0.306     0.755     0.580
 5     0.796    -0.537     0.278
 5     0.521     0.376    -0.766
 6   123.248    46.197    23.978
 6     0.735     0.317     0.599
 6     0.658    -0.122    -0.743
 6    -0.163     0.940    -0.298
 7   107.382   -20.064    -3.477
 7     0.281     0.939     0.197
 7    -0.959     0.268     0.090
 7     0.032    -0.214     0.976
 8   111.447   -30.842    24.809
 8     0.360    -0.918     0.164
 8    -0.782    -0.394    -0.483
 8     0.508     0.045    -0.860
 9   124.312   -55.617    24.274
 9     0.566    -0.561     0.604
 9    -0.776    -0.115     0.621
 9    -0.279    -0.820    -0.500
 2    97.911   -18.720    59.942
 2     0.999     0.047    -0.011
 2    -0.047     0.998     0.029
 2     0.012    -0.029     0.999
 3   126.688    -3.053     3.172
 3     0.680    -0.204    -0.704
 3     0.251     0.967    -0.038
 3     0.689    -0.151     0.709
 4   102.943     7.477    -3.389
 4     0.332    -0.822     0.463
 4     0.900     0.423     0.105
 4    -0.283     0.382     0.880
 5   107.414    24.431    21.768
 5     0.303     0.757     0.578
 5     0.803    -0.530     0.273
 5     0.513     0.382    -0.769
 6   123.245    46.431    23.765
 6     0.730     0.322     0.602
 6     0.664    -0.126    -0.737
 6    -0.162     0.938    -0.305
 7   107.184   -20.070    -3.470
 7     0.267     0.943     0.197
 7    -0.963     0.254     0.087
 7     0.032    -0.214     0.976
 8   111.090   -31.013    24.782
 8     0.339    -0.929     0.148
 8    -0.793    -0.367    -0.486
 8     0.505     0.047    -0.862
 9   123.240   -56.201    24.372
 9     0.540    -0.575     0.614
 9    -0.796    -0.113     0.594
 9    -0.273    -0.810    -0.519
 2    97.959   -18.695    59.920
 2     0.999     0.046    -0.010
 2    -0.046     0.998     0.030
 2     0.011    -0.029     0.999
 3   126.635    -3.157     3.183
 3     0.682    -0.198    -0.704
 3     0.250     0.968    -0.029
 3     0.687    -0.157     0.709
 4   102.935     7.421    -3.378
 4     0.334    -0.819     0.466
 4     0.897     0.427     0.107
 4    -0.287     0.383     0.878
 5   107.429    24.598    21.473
 5     0.299     0.761     0.575
 5     0.811    -0.520     0.266
 5     0.502     0.387    -0.774
 6   123.087    46.823    23.538
 6     0.717     0.334     0.611
 6     0.678    -0.135    -0.722
 6    -0.159     0.932    -0.324
 7   107.087   -20.050    -3.545
 7     0.255     0.947     0.196
 7    -0.966     0.242     0.085
 7     0.033    -0.211     0.977
 8   110.613   -31.236    24.671
 8     0.313    -0.940     0.134
 8    -0.805    -0.338    -0.488
 8     0.504     0.045    -0.862
 9   122.110   -56.906    24.739
 9     0.517    -0.580     0.629
 9    -0.817    -0.115     0.566
 9    -0.256    -0.806    -0.533
 2    97.959   -18.695    59.920
 2     0.999     0.046    -0.010
 2    -0.046     0.998     0.030
 2     0.011    -0.029     0.999
 3   126.631    -3.336     3.143
 3     0.684    -0.191    -0.704
 3     0.250     0.968    -0.020
 3     0.685    -0.163     0.710
 4   102.973     7.338    -3.462
 4     0.337    -0.816     0.469
 4     0.894     0.433     0.110
 4    -0.293     0.382     0.876
 5   107.517    24.765    21.206
 5     0.296     0.767     0.569
 5     0.820    -0.510     0.260
 5     0.490     0.390    -0.780
 6   122.763    47.608    23.280
 6     0.692     0.373     0.618
 6     0.705    -0.167    -0.689
 6    -0.155     0.912    -0.379
 7   107.020   -20.077    -3.499
 7     0.246     0.949     0.195
 7    -0.969     0.233     0.085
 7     0.036    -0.210     0.977
 8   110.283   -31.349    24.633
 8     0.300    -0.945     0.127
 8    -0.811    -0.323    -0.488
 8     0.502     0.043    -0.864
 9   121.500   -57.448    25.048
 9     0.495    -0.600     0.629
 9    -0.836    -0.132     0.532
 9    -0.236    -0.789    -0.567
 2    97.911   -18.694    59.942
 2     0.999     0.046    -0.011
 2    -0.046     0.998     0.030
 2     0.012    -0.029     0.999
 3   126.598    -3.390     3.156
 3     0.686    -0.188    -0.703
 3     0.251     0.968    -0.013
 3     0.682    -0.167     0.711
 4   102.984     7.231    -3.522
 4     0.338    -0.814     0.472
 4     0.892     0.437     0.113
 4    -0.299     0.383     0.874
 5   107.484    24.936    21.005
 5     0.289     0.775     0.561
 5     0.828    -0.497     0.259
 5     0.480     0.390    -0.786
 6   122.497    47.865    23.388
 6     0.674     0.397     0.623
 6     0.725    -0.195    -0.661
 6    -0.141     0.897    -0.420
 7   106.871   -20.055    -3.497
 7     0.240     0.951     0.196
 7    -0.970     0.228     0.085
 7     0.036    -0.210     0.977
 8   110.223   -31.436    24.579
 8     0.292    -0.949     0.116
 8    -0.816    -0.311    -0.487
 8     0.498     0.048    -0.866
 9   120.953   -57.917    25.244
 9     0.474    -0.620     0.625
 9    -0.852    -0.145     0.503
 9    -0.221    -0.771    -0.598
 2    97.959   -18.695    59.920
 2     0.999     0.046    -0.010
 2    -0.046     0.998     0.029
 2     0.011    -0.029     0.999
 3   126.597    -3.417     3.162
 3     0.688    -0.186    -0.702
 3     0.251     0.968    -0.010
 3     0.681    -0.170     0.712
 4   102.905     7.153    -3.516
 4     0.338    -0.813     0.473
 4     0.891     0.438     0.115
 4    -0.301     0.383     0.873
 5   107.336    25.083    20.950
 5     0.283     0.780     0.557
 5     0.834    -0.487     0.258
 5     0.473     0.392    -0.789
 6   122.123    48.335    23.362
 6     0.660     0.403     0.634
 6     0.739    -0.197    -0.644
 6    -0.135     0.893    -0.428
 7   106.744   -20.008    -3.491
 7     0.234     0.952     0.196
 7    -0.971     0.222     0.083
 7     0.035    -0.210     0.977
 8   110.030   -31.735    24.462
 8     0.277    -0.956     0.098
 8    -0.826    -0.289    -0.484
 8     0.491     0.052    -0.869
 9   120.146   -58.444    25.407
 9     0.445    -0.642     0.624
 9    -0.870    -0.146     0.470
 9    -0.211    -0.752    -0.624
 2    97.959   -18.695    59.920
 2     0.999     0.046    -0.010
 2    -0.046     0.998     0.029
 2     0.011    -0.029     0.999
 3   126.591    -3.419     3.170
 3     0.690    -0.184    -0.700
 3     0.251     0.968    -0.007
 3     0.679    -0.171     0.714
 4   102.902     7.152    -3.514
 4     0.338    -0.813     0.474
 4     0.891     0.438     0.115
 4    -0.302     0.384     0.873
 5   107.222    25.162    20.906
 5     0.271     0.789     0.551
 5     0.840    -0.474     0.264
 5     0.470     0.391    -0.791
 6   121.443    48.947    23.837
 6     0.638     0.408     0.653
 6     0.761    -0.204    -0.616
 6    -0.118     0.890    -0.440
 7   106.612   -19.914    -3.525
 7     0.225     0.954     0.197
 7    -0.974     0.214     0.077
 7     0.031    -0.209     0.977
 8   109.840   -31.881    24.419
 8     0.263    -0.961     0.081
 8    -0.834    -0.269    -0.482
 8     0.485     0.059    -0.872
 9   119.183   -59.205    25.190
 9     0.406    -0.676     0.615
 9    -0.890    -0.139     0.434
 9    -0.208    -0.724    -0.658
 2    97.911   -18.694    59.942
 2     0.999     0.046    -0.011
 2    -0.046     0.998     0.029
 2     0.012    -0.029     0.999
 3   126.486    -3.523     3.102
 3     0.692    -0.182    -0.699
 3     0.250     0.968    -0.005
 3     0.677    -0.172     0.715
 4   102.805     7.154    -3.521
 4     0.336    -0.813     0.475
 4     0.892     0.436     0.114
 4    -0.300     0.385     0.872
 5   106.975    25.117    20.898
 5     0.262     0.794     0.548
 5     0.841    -0.467     0.273
 5     0.472     0.390    -0.791
 6   121.010    48.991    24.147
 6     0.626     0.414     0.660
 6     0.772    -0.215    -0.598
 6    -0.106     0.884    -0.455
 7   106.433   -19.844    -3.515
 7     0.216     0.956     0.197
 7    -0.976     0.205     0.072
 7     0.029    -0.208     0.978
 8   109.707   -32.046    24.267
 8     0.253    -0.965     0.064
 8    -0.839    -0.252    -0.482
 8     0.481     0.068    -0.874
 9   118.692   -59.326    25.405
 9     0.385    -0.693     0.610
 9    -0.901    -0.139     0.411
 9    -0.200    -0.708    -0.678
 2    97.961   -18.694    59.942
 2     0.999     0.046    -0.011
 2    -0.046     0.998     0.030
 2     0.012    -0.029     0.999
 3   126.408    -3.474     3.132
 3     0.694    -0.179    -0.697
 3     0.248     0.968    -0.002
 3     0.676    -0.172     0.717
 4   102.733     7.182    -3.528
 4     0.333    -0.814     0.476
 4     0.894     0.432     0.113
 4    -0.298     0.387     0.872
 5   106.932    25.122    20.937
 5     0.259     0.797     0.546
 5     0.841    -0.464     0.278
 5     0.475     0.387    -0.791
 6   120.725    49.104    24.372
 6     0.620     0.415     0.666
 6     0.778    -0.220    -0.588
 6    -0.097     0.883    -0.460
 7   106.434   -19.794    -3.514
 7     0.214     0.956     0.198
 7    -0.976     0.203     0.072
 7     0.029    -0.209     0.977
 8   109.765   -31.866    24.315
 8     0.255    -0.965     0.059
 8    -0.837    -0.251    -0.486
 8     0.483     0.074    -0.872
 9   118.706   -59.271    25.518
 9     0.383    -0.696     0.608
 9    -0.903    -0.143     0.405
 9    -0.195    -0.704    -0.682
 2    97.961   -18.694    59.917
 2     0.999     0.046    -0.010
 2    -0.046     0.998     0.029
 2     0.012    -0.029     0.999
 3   126.359    -3.474     3.132
 3     0.694    -0.179    -0.698
 3     0.249     0.968    -0.001
 3     0.676    -0.173     0.716
 4   102.732     7.183    -3.477
 4     0.332    -0.815     0.475
 4     0.895     0.431     0.113
 4    -0.298     0.388     0.872
 5   106.884    25.123    20.959
 5     0.258     0.796     0.547
 5     0.840    -0.464     0.279
 5     0.476     0.387    -0.790
 6   120.728    49.055    24.472
 6     0.620     0.414     0.666
 6     0.778    -0.222    -0.587
 6    -0.096     0.883    -0.460
 7   106.490   -19.893    -3.473
 7     0.215     0.957     0.195
 7    -0.976     0.204     0.076
 7     0.032    -0.207     0.978
 8   109.949   -31.811    24.382
 8     0.257    -0.965     0.058
 8    -0.835    -0.252    -0.489
 8     0.486     0.077    -0.870
 9   118.849   -59.137    25.806
 9     0.382    -0.699     0.604
 9    -0.905    -0.150     0.399
 9    -0.189    -0.699    -0.690
 2    97.959   -18.695    59.920
 2     0.999     0.046    -0.010
 2    -0.046     0.998     0.030
 2     0.011    -0.029     0.999
 3   126.359    -3.474     3.183
 3     0.693    -0.179    -0.698
 3     0.250     0.968    -0.001
 3     0.676    -0.174     0.716
 4   102.732     7.157    -3.477
 4     0.332    -0.815     0.475
 4     0.895     0.431     0.114
 4    -0.298     0.387     0.872
 5   106.837    25.099    20.956
 5     0.258     0.796     0.547
 5     0.840    -0.464     0.280
 5     0.477     0.387    -0.789
 6   120.682    49.057    24.517
 6     0.620     0.413     0.667
 6     0.779    -0.222    -0.587
 6    -0.094     0.883    -0.459
 7   106.519   -19.891    -3.479
 7     0.215     0.957     0.195
 7    -0.976     0.204     0.077
 7     0.034    -0.207     0.978
 8   110.029   -31.760    24.383
 8     0.256    -0.965     0.053
 8    -0.834    -0.249    -0.492
 8     0.487     0.082    -0.869
 9   118.802   -59.188    25.779
 9     0.379    -0.700     0.605
 9    -0.906    -0.148     0.397
 9    -0.188    -0.699    -0.690
 2    97.959   -18.721    59.945
 2     0.999     0.046    -0.010
 2    -0.046     0.998     0.029
 2     0.011    -0.029     0.999
 3   126.362    -3.473     3.180
 3     0.692    -0.179    -0.699
 3     0.250     0.968    -0.001
 3     0.677    -0.175     0.715
 4   102.732     7.107    -3.477
 4     0.331    -0.816     0.474
 4     0.895     0.430     0.115
 4    -0.298     0.387     0.872
 5   106.891    25.048    21.005
 5     0.259     0.795     0.548
 5     0.839    -0.466     0.279
 5     0.478     0.388    -0.788
 6   120.683    48.980    24.543
 6     0.621     0.412     0.666
 6     0.778    -0.224    -0.588
 6    -0.094     0.883    -0.460
 7   106.519   -19.891    -3.479
 7     0.215     0.957     0.195
 7    -0.976     0.204     0.078
 7     0.034    -0.207     0.978
 8   110.007   -31.809    24.379
 8     0.257    -0.965     0.053
 8    -0.834    -0.250    -0.492
 8     0.488     0.082    -0.869
 9   118.923   -59.188    25.806
 9     0.382    -0.697     0.606
 9    -0.905    -0.148     0.399
 9    -0.189    -0.701    -0.688
 2    97.961   -18.694    59.942
 2     0.999     0.046    -0.011
 2    -0.046     0.998     0.030
 2     0.012    -0.029     0.999
 3   126.415    -3.420     3.227
 3     0.691    -0.180    -0.700
 3     0.251     0.968    -0.001
 3     0.678    -0.175     0.714
 4   102.783     7.107    -3.526
 4     0.331    -0.817     0.472
 4     0.895     0.430     0.116
 4    -0.298     0.384     0.873
 5   106.825    24.997    21.004
 5     0.261     0.789     0.555
 5     0.837    -0.472     0.276
 5     0.480     0.393    -0.784
 6   121.091    48.564    24.557
 6     0.638     0.404     0.655
 6     0.764    -0.226    -0.605
 6    -0.096     0.886    -0.452
 7   106.856   -20.006    -3.381
 7     0.228     0.955     0.189
 7    -0.973     0.215     0.086
 7     0.041    -0.204     0.978
 8   110.267   -31.660    24.616
 8     0.274    -0.958     0.084
