% Calibrated with leiden_pols
% Positions are in centimeters
Data =[
 2    98.007   -18.696    59.923
 2     0.999     0.046    -0.010
 2    -0.046     0.998     0.029
 2     0.010    -0.029     0.999
 3   127.934    -4.468     2.959
 3     0.654    -0.114    -0.748
 3     0.225     0.973     0.048
 3     0.722    -0.200     0.662
 4   105.467     8.475    -3.416
 4     0.496    -0.718     0.489
 4     0.814     0.580     0.024
 4    -0.301     0.386     0.872
 5   113.276    18.631    23.175
 5     0.556    -0.278     0.783
 5     0.075    -0.922    -0.381
 5     0.828     0.271    -0.492
 6   133.573     6.619    20.920
 6     0.665     0.402    -0.630
 6    -0.604    -0.207    -0.770
 6    -0.440     0.892     0.105
 7   108.246   -21.212    -3.405
 7     0.396     0.895     0.202
 7    -0.918     0.389     0.077
 7    -0.010    -0.216     0.976
 8   116.685   -27.783    25.517
 8     0.650     0.089     0.755
 8    -0.069    -0.982     0.175
 8     0.757    -0.166    -0.632
 9   136.251   -13.969    26.927
 9     0.641    -0.100    -0.761
 9     0.730    -0.225     0.645
 9    -0.235    -0.969    -0.071
 2    97.959   -18.721    59.920
 2     0.999     0.046    -0.010
 2    -0.046     0.998     0.029
 2     0.011    -0.029     0.999
 3   127.884    -4.417     2.933
 3     0.653    -0.116    -0.748
 3     0.226     0.973     0.047
 3     0.722    -0.200     0.661
 4   105.333     8.524    -3.409
 4     0.493    -0.717     0.493
 4     0.815     0.579     0.026
 4    -0.304     0.388     0.870
 5   113.221    18.631    23.179
 5     0.557    -0.276     0.783
 5     0.076    -0.922    -0.379
 5     0.827     0.271    -0.493
 6   133.521     6.566    20.822
 6     0.663     0.401    -0.631
 6    -0.605    -0.209    -0.769
 6    -0.441     0.892     0.104
 7   108.196   -21.262    -3.426
 7     0.397     0.894     0.206
 7    -0.918     0.389     0.078
 7    -0.011    -0.220     0.975
 8   116.682   -27.783    25.471
 8     0.650     0.089     0.754
 8    -0.068    -0.982     0.175
 8     0.756    -0.165    -0.633
 9   136.248   -13.919    26.879
 9     0.640    -0.101    -0.762
 9     0.731    -0.224     0.644
 9    -0.236    -0.969    -0.069
 2    97.959   -18.695    59.920
 2     0.999     0.046    -0.010
 2    -0.046     0.998     0.029
 2     0.011    -0.029     0.999
 3   127.888    -4.416     2.929
 3     0.653    -0.116    -0.749
 3     0.226     0.973     0.047
 3     0.723    -0.201     0.661
 4   105.280     8.472    -3.407
 4     0.493    -0.717     0.493
 4     0.815     0.579     0.026
 4    -0.305     0.389     0.869
 5   113.266    18.680    23.159
 5     0.558    -0.275     0.783
 5     0.077    -0.922    -0.379
 5     0.826     0.271    -0.493
 6   133.569     6.617    20.799
 6     0.663     0.402    -0.631
 6    -0.604    -0.210    -0.768
 6    -0.442     0.891     0.104
 7   108.171   -21.262    -3.401
 7     0.397     0.894     0.206
 7    -0.917     0.390     0.078
 7    -0.011    -0.220     0.975
 8   116.683   -27.834    25.471
 8     0.651     0.088     0.754
 8    -0.069    -0.982     0.174
 8     0.756    -0.165    -0.633
 9   136.245   -13.920    26.882
 9     0.639    -0.103    -0.762
 9     0.731    -0.224     0.644
 9    -0.237    -0.969    -0.068
 2    97.959   -18.695    59.920
 2     0.999     0.046    -0.010
 2    -0.046     0.998     0.029
 2     0.011    -0.029     0.999
 3   127.766    -4.466     2.950
 3     0.652    -0.115    -0.750
 3     0.226     0.973     0.047
 3     0.724    -0.201     0.660
 4   105.281     8.523    -3.406
 4     0.493    -0.716     0.493
 4     0.814     0.579     0.026
 4    -0.305     0.388     0.869
 5   113.216    18.681    23.108
 5     0.557    -0.275     0.783
 5     0.078    -0.922    -0.379
 5     0.826     0.272    -0.493
 6   133.568     6.566    20.799
 6     0.663     0.402    -0.632
 6    -0.604    -0.211    -0.768
 6    -0.442     0.891     0.103
 7   108.073   -21.262    -3.353
 7     0.397     0.895     0.204
 7    -0.918     0.389     0.078
 7    -0.010    -0.219     0.976
 8   116.680   -27.834    25.526
 8     0.652     0.087     0.753
 8    -0.068    -0.982     0.173
 8     0.755    -0.164    -0.635
 9   136.243   -13.972    26.833
 9     0.640    -0.104    -0.761
 9     0.730    -0.224     0.645
 9    -0.238    -0.969    -0.067
 2    97.959   -18.695    59.920
 2     0.999     0.046    -0.010
 2    -0.046     0.998     0.030
 2     0.011    -0.029     0.999
 3   127.719    -4.464     3.047
 3     0.650    -0.116    -0.751
 3     0.227     0.973     0.046
 3     0.725    -0.201     0.658
 4   105.235     8.472    -3.407
 4     0.495    -0.717     0.490
 4     0.814     0.580     0.027
 4    -0.304     0.385     0.871
 5   113.196    18.532    23.073
 5     0.550    -0.287     0.784
 5     0.065    -0.922    -0.382
 5     0.832     0.261    -0.489
 6   133.691     6.735    20.678
 6     0.671     0.408    -0.619
 6    -0.582    -0.227    -0.781
 6    -0.459     0.884     0.086
 7   108.076   -21.260    -3.310
 7     0.398     0.895     0.202
 7    -0.917     0.390     0.079
 7    -0.008    -0.217     0.976
 8   116.829   -27.454    25.751
 8     0.663     0.080     0.744
 8    -0.061    -0.985     0.161
 8     0.745    -0.152    -0.649
 9   136.412   -13.937    26.695
 9     0.646    -0.127    -0.752
 9     0.720    -0.224     0.656
 9    -0.252    -0.966    -0.053
 2    97.959   -18.695    59.920
 2     0.999     0.046    -0.010
 2    -0.046     0.998     0.030
 2     0.011    -0.029     0.999
 3   127.697    -4.463     3.170
 3     0.648    -0.116    -0.752
 3     0.227     0.973     0.045
 3     0.726    -0.200     0.657
 4   105.289     8.473    -3.306
 4     0.495    -0.720     0.486
 4     0.814     0.579     0.029
 4    -0.303     0.382     0.873
 5   113.215    18.411    23.124
 5     0.545    -0.288     0.787
 5     0.060    -0.923    -0.380
 5     0.836     0.254    -0.486
 6   133.780     7.375    20.778
 6     0.687     0.409    -0.601
 6    -0.556    -0.236    -0.797
 6    -0.467     0.882     0.065
 7   108.083   -21.256    -3.248
 7     0.400     0.895     0.196
 7    -0.917     0.391     0.081
 7    -0.004    -0.213     0.977
 8   116.980   -27.280    25.870
 8     0.674     0.070     0.735
 8    -0.061    -0.987     0.150
 8     0.736    -0.146    -0.661
 9   136.765   -13.999    26.418
 9     0.653    -0.146    -0.743
 9     0.710    -0.221     0.668
 9    -0.262    -0.964    -0.040
 2    97.959   -18.695    59.920
 2     0.999     0.046    -0.010
 2    -0.046     0.998     0.030
 2     0.011    -0.029     0.999
 3   127.697    -4.412     3.221
 3     0.649    -0.117    -0.752
 3     0.227     0.973     0.044
 3     0.726    -0.200     0.657
 4   105.247     8.527    -3.364
 4     0.495    -0.723     0.482
 4     0.815     0.578     0.029
 4    -0.300     0.379     0.875
 5   113.076    18.377    23.124
 5     0.532    -0.281     0.799
 5     0.060    -0.928    -0.366
 5     0.844     0.243    -0.477
 6   134.061     8.636    20.818
 6     0.717     0.417    -0.559
 6    -0.509    -0.234    -0.828
 6    -0.476     0.878     0.045
 7   108.144   -21.200    -3.217
 7     0.401     0.896     0.191
 7    -0.916     0.392     0.085
 7     0.002    -0.209     0.978
 8   117.175   -27.037    26.172
 8     0.689     0.031     0.724
 8    -0.076    -0.990     0.115
 8     0.721    -0.134    -0.680
 9   137.581   -14.958    26.105
 9     0.688    -0.173    -0.704
 9     0.671    -0.216     0.709
 9    -0.275    -0.961    -0.033
 2    97.959   -18.721    59.945
 2     0.999     0.047    -0.010
 2    -0.046     0.998     0.029
 2     0.011    -0.029     0.999
 3   127.647    -4.412     3.271
 3     0.649    -0.118    -0.751
 3     0.227     0.973     0.043
 3     0.726    -0.199     0.658
 4   105.314     8.611    -3.281
 4     0.494    -0.728     0.475
 4     0.818     0.574     0.028
 4    -0.293     0.375     0.879
 5   112.961    18.383    23.170
 5     0.510    -0.265     0.818
 5     0.067    -0.936    -0.344
 5     0.857     0.230    -0.460
