2 	  32.66	  -6.84	  23.01
	 -0.132	  0.988	 -0.072
	 -0.991	 -0.133	 -0.015
	 -0.024	  0.069	  0.997

3 	  45.49	  -0.40	   2.18
	  0.579	  0.284	  0.764
	 -0.620	  0.762	  0.186
	 -0.529	 -0.582	  0.617

4 	  38.69	   6.24	  -2.34
	  0.645	  0.764	  0.028
	 -0.710	  0.586	  0.390
	  0.282	 -0.271	  0.920

5 	  39.08	   9.23	   9.09
	  0.514	  0.352	  0.782
	 -0.037	 -0.902	  0.430
	  0.857	 -0.250	 -0.450

6 	  47.25	  10.11	  16.59
	  0.370	  0.038	  0.928
	 -0.113	  0.993	  0.003
	 -0.922	 -0.106	  0.372

7 	  39.52	  -7.49	  -1.90
	  0.782	 -0.610	 -0.127
	  0.570	  0.782	 -0.248
	  0.251	  0.121	  0.960

8 	  40.80	 -10.05	   9.98
	  0.660	 -0.178	  0.730
	  0.029	 -0.965	 -0.261
	  0.751	  0.194	 -0.631

9 	  49.41	 -10.27	  15.01
	  0.665	  0.112	  0.738
	  0.162	  0.943	 -0.289
	 -0.729	  0.312	  0.609

2 	  32.66	  -6.84	  23.01
	 -0.131	  0.989	 -0.072
	 -0.991	 -0.133	 -0.015
	 -0.024	  0.068	  0.997

3 	  45.47	  -0.40	   2.18
	  0.578	  0.285	  0.764
	 -0.621	  0.761	  0.186
	 -0.529	 -0.583	  0.617

4 	  38.67	   6.24	  -2.34
	  0.643	  0.765	  0.027
	 -0.712	  0.585	  0.389
	  0.282	 -0.270	  0.921

5 	  39.04	   9.23	   9.12
	  0.518	  0.350	  0.780
	 -0.039	 -0.902	  0.430
	  0.854	 -0.253	 -0.454

6 	  47.27	  10.12	  16.61
	  0.374	  0.037	  0.927
	 -0.119	  0.993	  0.008
	 -0.920	 -0.114	  0.375

7 	  39.52	  -7.49	  -1.88
	  0.781	 -0.611	 -0.128
	  0.570	  0.782	 -0.249
	  0.252	  0.122	  0.960

8 	  40.80	 -10.05	   9.98
	  0.659	 -0.178	  0.730
	  0.029	 -0.965	 -0.261
	  0.751	  0.194	 -0.631

9 	  49.39	 -10.27	  15.03
	  0.665	  0.112	  0.738
	  0.160	  0.944	 -0.288
	 -0.729	  0.309	  0.610

2 	  32.64	  -6.84	  23.01
	 -0.132	  0.989	 -0.072
	 -0.991	 -0.133	 -0.015
	 -0.025	  0.069	  0.997

3 	  45.46	  -0.40	   2.18
	  0.577	  0.284	  0.765
	 -0.622	  0.761	  0.186
	 -0.530	 -0.583	  0.616

4 	  38.65	   6.21	  -2.32
	  0.644	  0.765	  0.026
	 -0.712	  0.586	  0.387
	  0.281	 -0.268	  0.921

5 	  39.06	   9.23	   9.12
	  0.522	  0.348	  0.779
	 -0.044	 -0.901	  0.432
	  0.852	 -0.260	 -0.455

6 	  47.25	  10.11	  16.58
	  0.374	  0.036	  0.927
	 -0.118	  0.993	  0.009
	 -0.920	 -0.113	  0.375

7 	  39.48	  -7.49	  -1.88
	  0.781	 -0.611	 -0.128
	  0.571	  0.782	 -0.250
	  0.252	  0.122	  0.960

8 	  40.78	 -10.07	  10.02
	  0.659	 -0.177	  0.731
	  0.033	 -0.964	 -0.264
	  0.751	  0.198	 -0.630

9 	  49.39	 -10.27	  15.01
	  0.666	  0.112	  0.737
	  0.156	  0.945	 -0.285
	 -0.729	  0.305	  0.612

2 	  32.66	  -6.84	  23.01
	 -0.132	  0.988	 -0.072
	 -0.991	 -0.133	 -0.015
	 -0.025	  0.069	  0.997

3 	  45.44	  -0.40	   2.21
	  0.574	  0.285	  0.767
	 -0.623	  0.760	  0.183
	 -0.531	 -0.584	  0.614

4 	  38.67	   6.24	  -2.32
	  0.643	  0.765	  0.027
	 -0.713	  0.585	  0.386
	  0.279	 -0.268	  0.922

5 	  39.04	   9.25	   9.16
	  0.521	  0.345	  0.780
	 -0.050	 -0.901	  0.432
	  0.852	 -0.264	 -0.452

6 	  47.23	  10.09	  16.63
	  0.369	  0.034	  0.928
	 -0.117	  0.993	  0.009
	 -0.922	 -0.112	  0.371

7 	  39.50	  -7.49	  -1.88
	  0.781	 -0.611	 -0.127
	  0.571	  0.782	 -0.248
	  0.251	  0.121	  0.960

8 	  40.76	 -10.07	  10.04
	  0.658	 -0.177	  0.731
	  0.035	 -0.964	 -0.265
	  0.752	  0.200	 -0.628

9 	  49.38	 -10.25	  15.03
	  0.666	  0.113	  0.737
	  0.155	  0.946	 -0.285
	 -0.729	  0.303	  0.613

2 	  32.66	  -6.84	  23.01
	 -0.132	  0.988	 -0.072
	 -0.991	 -0.133	 -0.015
	 -0.025	  0.069	  0.997

3 	  45.40	  -0.39	   2.25
	  0.570	  0.285	  0.770
	 -0.625	  0.760	  0.181
	 -0.534	 -0.584	  0.611

4 	  38.65	   6.26	  -2.30
	  0.642	  0.766	  0.031
	 -0.716	  0.584	  0.382
	  0.275	 -0.268	  0.923

5 	  39.04	   9.25	   9.18
	  0.521	  0.342	  0.782
	 -0.057	 -0.900	  0.431
	  0.852	 -0.269	 -0.450

6 	  47.23	  10.05	  16.66
	  0.366	  0.035	  0.930
	 -0.114	  0.993	  0.007
	 -0.923	 -0.109	  0.368

7 	  39.50	  -7.47	  -1.86
	  0.781	 -0.611	 -0.124
	  0.572	  0.782	 -0.246
	  0.247	  0.121	  0.961

8 	  40.76	 -10.05	  10.05
	  0.657	 -0.178	  0.732
	  0.035	 -0.963	 -0.266
	  0.752	  0.200	 -0.627

9 	  49.38	 -10.23	  15.05
	  0.667	  0.114	  0.736
	  0.153	  0.946	 -0.285
	 -0.729	  0.303	  0.613

2 	  32.66	  -6.84	  23.01
	 -0.132	  0.989	 -0.072
	 -0.991	 -0.133	 -0.015
	 -0.025	  0.069	  0.997

3 	  45.40	  -0.37	   2.27
	  0.569	  0.286	  0.771
	 -0.625	  0.759	  0.180
	 -0.534	 -0.584	  0.611

4 	  38.67	   6.28	  -2.29
	  0.642	  0.766	  0.032
	 -0.716	  0.584	  0.382
	  0.274	 -0.268	  0.923

5 	  39.02	   9.25	   9.18
	  0.520	  0.342	  0.782
	 -0.057	 -0.900	  0.431
	  0.852	 -0.269	 -0.449

6 	  47.18	  10.09	  16.73
	  0.361	  0.036	  0.931
	 -0.114	  0.993	  0.005
	 -0.925	 -0.108	  0.363

7 	  39.50	  -7.45	  -1.85
	  0.782	 -0.610	 -0.123
	  0.572	  0.783	 -0.245
	  0.245	  0.121	  0.962

8 	  40.73	 -10.05	  10.07
	  0.656	 -0.179	  0.733
	  0.034	 -0.963	 -0.266
	  0.754	  0.199	 -0.626

9 	  49.38	 -10.23	  15.06
	  0.668	  0.114	  0.735
	  0.152	  0.946	 -0.285
	 -0.729	  0.302	  0.614

2 	  32.66	  -6.84	  22.99
	 -0.131	  0.989	 -0.072
	 -0.991	 -0.133	 -0.015
	 -0.024	  0.069	  0.997

3 	  45.40	  -0.37	   2.29
	  0.569	  0.285	  0.771
	 -0.625	  0.760	  0.180
	 -0.534	 -0.584	  0.611

4 	  38.67	   6.28	  -2.27
	  0.643	  0.765	  0.033
	 -0.715	  0.585	  0.382
	  0.273	 -0.270	  0.923

5 	  39.02	   9.25	   9.19
	  0.517	  0.344	  0.784
	 -0.056	 -0.900	  0.432
	  0.854	 -0.267	 -0.446

6 	  47.16	  10.07	  16.72
	  0.361	  0.036	  0.931
	 -0.114	  0.993	  0.005
	 -0.925	 -0.108	  0.363

7 	  39.48	  -7.44	  -1.81
	  0.782	 -0.612	 -0.120
	  0.574	  0.782	 -0.243
	  0.242	  0.121	  0.963

8 	  40.73	 -10.07	  10.09
	  0.658	 -0.181	  0.731
	  0.035	 -0.962	 -0.270
	  0.752	  0.204	 -0.627

9 	  49.38	 -10.23	  15.05
	  0.669	  0.115	  0.734
	  0.149	  0.947	 -0.285
	 -0.728	  0.300	  0.616

2 	  32.66	  -6.84	  23.01
	 -0.132	  0.989	 -0.072
	 -0.991	 -0.133	 -0.015
	 -0.025	  0.069	  0.997

3 	  45.39	  -0.37	   2.30
	  0.571	  0.286	  0.770
	 -0.624	  0.760	  0.180
	 -0.534	 -0.583	  0.612

4 	  38.69	   6.29	  -2.23
	  0.646	  0.763	  0.035
	 -0.713	  0.586	  0.384
	  0.273	 -0.273	  0.922

5 	  39.15	   9.30	   9.21
	  0.531	  0.344	  0.774
	 -0.072	 -0.892	  0.446
	  0.844	 -0.292	 -0.450

6 	  47.51	  10.18	  16.52
	  0.392	  0.034	  0.919
	 -0.131	  0.991	  0.019
	 -0.911	 -0.129	  0.392

7 	  39.43	  -7.40	  -1.79
	  0.781	 -0.613	 -0.117
	  0.576	  0.781	 -0.242
	  0.240	  0.121	  0.963

8 	  41.08	 -10.11	  10.09
	  0.711	 -0.169	  0.682
	  0.069	 -0.949	 -0.308
	  0.699	  0.266	 -0.663

9 	  49.78	 -10.30	  14.62
	  0.690	  0.110	  0.715
	  0.129	  0.954	 -0.271
	 -0.712	  0.279	  0.644

2 	  32.66	  -6.84	  23.01
	 -0.132	  0.988	 -0.072
	 -0.991	 -0.133	 -0.016
	 -0.025	  0.069	  0.997

3 	  45.39	  -0.35	   2.30
	  0.570	  0.285	  0.770
	 -0.621	  0.763	  0.177
	 -0.537	 -0.580	  0.612

4 	  38.69	   6.33	  -2.30
	  0.638	  0.770	  0.008
	 -0.711	  0.585	  0.389
	  0.295	 -0.254	  0.921

5 	  39.73	   9.49	   9.07
	  0.595	  0.340	  0.728
	 -0.111	 -0.863	  0.494
	  0.796	 -0.374	 -0.476

6 	  48.73	  10.25	  15.43
	  0.487	  0.027	  0.872
	 -0.130	  0.990	  0.041
	 -0.863	 -0.134	  0.486

7 	  39.36	  -7.28	  -1.88
	  0.773	 -0.617	 -0.143
	  0.577	  0.779	 -0.245
	  0.262	  0.107	  0.959

8 	  41.94	 -10.30	   9.81
	  0.808	 -0.185	  0.559
	  0.031	 -0.935	 -0.354
	  0.587	  0.303	 -0.750

9 	  51.19	 -10.60	  12.88
	  0.792	  0.076	  0.605
	  0.102	  0.961	 -0.255
	 -0.602	  0.264	  0.754

2 	  32.66	  -6.84	  23.01
	 -0.131	  0.989	 -0.072
	 -0.991	 -0.133	 -0.016
	 -0.025	  0.069	  0.997

3 	  45.37	  -0.32	   2.32
	  0.564	  0.289	  0.773
	 -0.620	  0.767	  0.165
	 -0.546	 -0.573	  0.612

4 	  38.62	   6.31	  -2.44
	  0.632	  0.774	 -0.028
	 -0.705	  0.590	  0.393
	  0.321	 -0.229	  0.919

5 	  40.36	   9.62	   8.82
	  0.666	  0.322	  0.672
	 -0.132	 -0.837	  0.531
	  0.734	 -0.443	 -0.515

6 	  49.80	  10.27	  14.22
	  0.575	  0.026	  0.817
	 -0.135	  0.989	  0.062
	 -0.807	 -0.146	  0.572

7 	  39.27	  -7.15	  -2.00
	  0.767	 -0.619	 -0.169
	  0.576	  0.780	 -0.243
	  0.281	  0.089	  0.955

8 	  42.80	 -10.48	   9.21
	  0.884	 -0.203	  0.420
	 -0.024	 -0.919	 -0.394
	  0.465	  0.338	 -0.818

9 	  52.17	 -10.78	  10.83
	  0.878	  0.066	  0.474
	  0.058	  0.968	 -0.242
	 -0.476	  0.240	  0.846

2 	  32.66	  -6.84	  23.01
	 -0.131	  0.989	 -0.072
	 -0.991	 -0.133	 -0.016
	 -0.025	  0.069	  0.997

3 	  45.30	  -0.32	   2.21
	  0.550	  0.301	  0.779
	 -0.618	  0.774	  0.137
	 -0.562	 -0.556	  0.612

4 	  38.37	   6.10	  -2.78
	  0.605	  0.791	 -0.089
	 -0.711	  0.587	  0.386
	  0.357	 -0.171	  0.918

5 	  40.80	   9.56	   8.38
	  0.726	  0.331	  0.603
	 -0.081	 -0.829	  0.553
	  0.683	 -0.450	 -0.575

6 	  50.84	  10.41	  12.29
	  0.694	  0.027	  0.719
	 -0.145	  0.984	  0.102
	 -0.705	 -0.176	  0.687

7 	  39.22	  -6.98	  -2.21
	  0.761	 -0.611	 -0.219
	  0.566	  0.790	 -0.234
	  0.315	  0.054	  0.947

8 	  43.66	 -10.85	   8.37
	  0.936	 -0.225	  0.271
	 -0.083	 -0.888	 -0.452
	  0.342	  0.401	 -0.850

9 	  53.23	 -10.95	   7.84
	  0.956	  0.084	  0.279
	 -0.034	  0.983	 -0.178
	 -0.290	  0.161	  0.943

2 	  32.66	  -6.84	  23.01
	 -0.132	  0.988	 -0.072
	 -0.991	 -0.133	 -0.016
	 -0.025	  0.069	  0.997

3 	  45.23	  -0.26	   2.20
	  0.541	  0.321	  0.777
	 -0.619	  0.778	  0.109
	 -0.569	 -0.540	  0.620

4 	  38.09	   5.82	  -3.06
	  0.577	  0.805	 -0.136
	 -0.720	  0.580	  0.380
	  0.385	 -0.122	  0.914

5 	  41.01	   9.60	   8.02
	  0.766	  0.349	  0.540
	 -0.024	 -0.823	  0.567
	  0.642	 -0.447	 -0.622

6 	  51.47	  10.37	  10.23
	  0.823	  0.011	  0.567
	 -0.123	  0.979	  0.159
	 -0.554	 -0.201	  0.808

7 	  39.04	  -6.86	  -2.50
	  0.747	 -0.597	 -0.291
	  0.552	  0.802	 -0.227
	  0.369	  0.009	  0.929

8 	  44.65	 -11.44	   6.80
	  0.963	 -0.256	  0.076
	 -0.187	 -0.849	 -0.494
	  0.191	  0.462	 -0.866

9 	  53.81	 -11.23	   4.06
	  0.994	  0.093	  0.046
	 -0.089	  0.992	 -0.090
	 -0.054	  0.085	  0.995

2 	  32.66	  -6.84	  23.01
	 -0.132	  0.988	 -0.072
	 -0.991	 -0.133	 -0.016
	 -0.025	  0.069	  0.997

3 	  45.12	  -0.33	   2.06
	  0.541	  0.341	  0.768
	 -0.619	  0.780	  0.089
	 -0.570	 -0.524	  0.633

4 	  37.76	   5.48	  -3.34
	  0.543	  0.820	 -0.182
	 -0.728	  0.568	  0.384
	  0.418	 -0.076	  0.905

5 	  41.15	   9.47	   7.59
	  0.799	  0.348	  0.489
	  0.013	 -0.825	  0.565
	  0.600	 -0.446	 -0.664

6 	  51.93	   9.91	   7.65
	  0.932	 -0.029	  0.362
	 -0.054	  0.975	  0.217
	 -0.359	 -0.222	  0.906

7 	  38.81	  -6.68	  -2.81
	  0.724	 -0.575	 -0.381
	  0.534	  0.817	 -0.218
	  0.437	 -0.046	  0.898

8 	  45.51	 -11.79	   4.90
	  0.959	 -0.256	 -0.122
	 -0.281	 -0.812	 -0.512
	  0.032	  0.525	 -0.851

9 	  53.93	 -11.20	  -0.21
	  0.971	  0.120	 -0.206
	 -0.121	  0.992	  0.007
	  0.205	  0.017	  0.978

2 	  32.64	  -6.84	  23.01
	 -0.132	  0.988	 -0.072
	 -0.991	 -0.133	 -0.016
	 -0.025	  0.069	  0.997

3 	  45.02	  -0.28	   1.79
	  0.551	  0.365	  0.750
	 -0.631	  0.771	  0.087
	 -0.547	 -0.522	  0.655

4 	  37.37	   5.20	  -3.57
	  0.506	  0.831	 -0.231
	 -0.734	  0.555	  0.392
	  0.454	 -0.030	  0.890

5 	  41.52	   9.35	   6.98
	  0.848	  0.334	  0.411
	  0.039	 -0.813	  0.581
	  0.528	 -0.477	 -0.703

6 	  52.14	   9.46	   5.12
	  0.983	 -0.070	  0.170
	  0.031	  0.975	  0.218
	 -0.181	 -0.209	  0.961

7 	  38.46	  -6.47	  -3.11
	  0.691	 -0.550	 -0.470
	  0.524	  0.828	 -0.198
	  0.498	 -0.109	  0.860

8 	  46.05	 -11.88	   2.92
	  0.924	 -0.251	 -0.287
	 -0.367	 -0.788	 -0.494
	 -0.102	  0.562	 -0.821

9 	  53.28	 -10.76	  -4.31
	  0.888	  0.144	 -0.437
	 -0.120	  0.989	  0.083
	  0.444	 -0.021	  0.896

2 	  32.64	  -6.84	  23.01
	 -0.132	  0.989	 -0.072
	 -0.991	 -0.133	 -0.016
	 -0.025	  0.069	  0.997

3 	  44.89	  -0.30	   1.51
	  0.566	  0.382	  0.730
	 -0.637	  0.765	  0.093
	 -0.523	 -0.519	  0.676

4 	  37.00	   4.89	  -3.81
	  0.480	  0.832	 -0.278
	 -0.729	  0.555	  0.400
	  0.487	  0.010	  0.873

5 	  41.91	   9.30	   6.26
	  0.883	  0.335	  0.327
	  0.090	 -0.807	  0.583
	  0.460	 -0.486	 -0.743

6 	  52.05	   9.04	   2.53
	  0.992	 -0.115	 -0.042
	  0.121	  0.966	  0.226
	  0.014	 -0.229	  0.973

7 	  38.11	  -6.22	  -3.30
	  0.642	 -0.527	 -0.556
	  0.532	  0.829	 -0.171
	  0.551	 -0.186	  0.813

8 	  46.14	 -11.72	   1.05
	  0.884	 -0.239	 -0.402
	 -0.424	 -0.770	 -0.477
	 -0.196	  0.592	 -0.782

9 	  52.12	 -10.18	  -7.84
	  0.772	  0.170	 -0.613
	 -0.095	  0.983	  0.153
	  0.629	 -0.061	  0.775

2 	  32.64	  -6.84	  23.01
	 -0.131	  0.988	 -0.072
	 -0.991	 -0.133	 -0.016
	 -0.025	  0.069	  0.997

3 	  44.79	  -0.35	   1.25
	  0.588	  0.391	  0.708
	 -0.636	  0.764	  0.107
	 -0.499	 -0.514	  0.698

4 	  36.65	   4.71	  -3.88
	  0.456	  0.838	 -0.299
	 -0.731	  0.544	  0.411
	  0.507	  0.031	  0.861

5 	  41.92	   9.28	   5.94
	  0.898	  0.333	  0.286
	  0.114	 -0.806	  0.581
	  0.423	 -0.490	 -0.762

6 	  51.43	   8.40	   0.98
	  0.961	 -0.183	 -0.205
	  0.234	  0.936	  0.263
	  0.144	 -0.301	  0.943

7 	  37.71	  -6.06	  -3.46
	  0.579	 -0.492	 -0.650
	  0.539	  0.829	 -0.147
	  0.611	 -0.265	  0.746

8 	  45.95	 -11.55	  -0.93
	  0.829	 -0.225	 -0.512
	 -0.490	 -0.733	 -0.472
	 -0.269	  0.642	 -0.718

9 	  50.68	  -9.58	 -10.85
	  0.647	  0.185	 -0.740
	 -0.042	  0.977	  0.208
	  0.761	 -0.104	  0.640

2 	  32.66	  -6.84	  23.01
	 -0.131	  0.989	 -0.072
	 -0.991	 -0.133	 -0.015
	 -0.025	  0.069	  0.997

3 	  44.58	  -0.33	   0.97
	  0.617	  0.399	  0.678
	 -0.638	  0.758	  0.134
	 -0.460	 -0.516	  0.722

4 	  36.28	   4.59	  -3.85
	  0.443	  0.841	 -0.311
	 -0.725	  0.540	  0.428
	  0.528	  0.035	  0.848

5 	  41.96	   9.05	   5.71
	  0.920	  0.295	  0.257
	  0.095	 -0.807	  0.583
	  0.380	 -0.512	 -0.771

6 	  51.17	   7.38	  -0.04
	  0.918	 -0.270	 -0.290
	  0.353	  0.889	  0.292
	  0.179	 -0.370	  0.911

7 	  37.35	  -5.91	  -3.55
	  0.530	 -0.465	 -0.708
	  0.539	  0.830	 -0.142
	  0.654	 -0.307	  0.691

8 	  45.63	 -11.23	  -2.69
	  0.763	 -0.216	 -0.609
	 -0.557	 -0.697	 -0.451
	 -0.328	  0.684	 -0.652

9 	  49.13	  -8.98	 -13.32
	  0.527	  0.195	 -0.827
	  0.009	  0.972	  0.235
	  0.850	 -0.131	  0.510

2 	  32.66	  -6.84	  23.01
	 -0.132	  0.988	 -0.072
	 -0.991	 -0.133	 -0.016
	 -0.025	  0.069	  0.997

3 	  44.56	  -0.39	   0.88
	  0.639	  0.389	  0.663
	 -0.628	  0.762	  0.157
	 -0.444	 -0.517	  0.732

4 	  36.32	   4.57	  -3.88
	  0.454	  0.832	 -0.318
	 -0.716	  0.553	  0.425
	  0.530	  0.035	  0.847

5 	  42.19	   8.96	   5.54
	  0.933	  0.263	  0.245
	  0.067	 -0.797	  0.600
	  0.353	 -0.544	 -0.761

6 	  51.28	   7.14	  -0.16
	  0.913	 -0.282	 -0.294
	  0.363	  0.891	  0.272
	  0.185	 -0.355	  0.916

7 	  37.09	  -5.61	  -3.69
	  0.471	 -0.420	 -0.776
	  0.541	  0.832	 -0.122
	  0.696	 -0.362	  0.619

8 	  44.89	 -10.93	  -4.59
	  0.684	 -0.213	 -0.697
	 -0.648	 -0.615	 -0.449
	 -0.334	  0.759	 -0.559

9 	  47.50	  -8.31	 -15.49
	  0.443	  0.193	 -0.875
	  0.098	  0.960	  0.262
	  0.891	 -0.202	  0.406

2 	  32.66	  -6.84	  23.01
	 -0.132	  0.989	 -0.072
	 -0.991	 -0.133	 -0.015
	 -0.025	  0.069	  0.997

3 	  44.53	  -0.53	   0.86
	  0.658	  0.353	  0.665
	 -0.604	  0.775	  0.185
	 -0.451	 -0.523	  0.723

4 	  36.37	   4.48	  -3.90
	  0.469	  0.825	 -0.315
	 -0.709	  0.564	  0.422
	  0.526	  0.026	  0.850

5 	  42.19	   8.84	   5.52
	  0.931	  0.257	  0.257
	  0.054	 -0.797	  0.602
	  0.359	 -0.547	 -0.756

6 	  51.42	   6.71	   0.18
	  0.920	 -0.303	 -0.249
	  0.366	  0.890	  0.272
	  0.139	 -0.342	  0.929

7 	  36.83	  -5.38	  -3.83
	  0.421	 -0.396	 -0.816
	  0.536	  0.834	 -0.128
	  0.731	 -0.384	  0.564

8 	  44.23	 -10.74	  -5.89
	  0.611	 -0.214	 -0.762
	 -0.713	 -0.566	 -0.414
	 -0.343	  0.796	 -0.499

9 	  46.04	  -7.91	 -16.98
	  0.372	  0.176	 -0.911
	  0.161	  0.954	  0.251
	  0.914	 -0.240	  0.327

2 	  32.66	  -6.84	  23.01
	 -0.132	  0.988	 -0.072
	 -0.991	 -0.133	 -0.016
	 -0.025	  0.069	  0.997

3 	  44.49	  -0.49	   0.79
	  0.676	  0.342	  0.653
	 -0.594	  0.777	  0.207
	 -0.437	 -0.528	  0.728

4 	  36.25	   4.46	  -3.92
	  0.465	  0.824	 -0.324
	 -0.706	  0.566	  0.426
	  0.535	  0.030	  0.844

5 	  42.21	   8.84	   5.47
	  0.932	  0.258	  0.254
	  0.052	 -0.791	  0.609
	  0.358	 -0.554	 -0.751

6 	  51.40	   6.77	   0.11
	  0.919	 -0.304	 -0.250
	  0.367	  0.891	  0.265
	  0.142	 -0.335	  0.931

7 	  36.54	  -5.26	  -3.83
	  0.392	 -0.397	 -0.830
	  0.532	  0.834	 -0.147
	  0.750	 -0.384	  0.538

8 	  43.80	 -10.51	  -6.36
	  0.575	 -0.203	 -0.792
	 -0.735	 -0.552	 -0.393
	 -0.358	  0.808	 -0.467

9 	  45.26	  -7.66	 -17.49
	  0.342	  0.171	 -0.924
	  0.171	  0.955	  0.241
	  0.924	 -0.241	  0.298

2 	  32.66	  -6.84	  23.01
	 -0.132	  0.988	 -0.072
	 -0.991	 -0.133	 -0.016
	 -0.025	  0.069	  0.997

3 	  44.30	  -0.46	   0.77
	  0.690	  0.327	  0.645
	 -0.584	  0.779	  0.229
	 -0.428	 -0.535	  0.728

4 	  36.00	   4.46	  -3.87
	  0.460	  0.825	 -0.327
	 -0.703	  0.564	  0.434
	  0.542	  0.030	  0.839

5 	  42.10	   8.89	   5.38
	  0.936	  0.266	  0.231
	  0.070	 -0.785	  0.615
	  0.345	 -0.560	 -0.753

6 	  51.28	   6.86	  -0.12
	  0.917	 -0.299	 -0.262
	  0.366	  0.892	  0.265
	  0.155	 -0.340	  0.927

7 	  36.33	  -5.19	  -3.83
	  0.383	 -0.391	 -0.837
	  0.521	  0.839	 -0.153
	  0.762	 -0.378	  0.525

8 	  43.59	 -10.34	  -6.56
	  0.568	 -0.195	 -0.800
	 -0.739	 -0.549	 -0.391
	 -0.363	  0.812	 -0.456

9 	  44.96	  -7.54	 -17.74
	  0.339	  0.157	 -0.927
	  0.176	  0.958	  0.227
	  0.924	 -0.240	  0.297

2 	  32.66	  -6.84	  23.01
	 -0.132	  0.989	 -0.072
	 -0.991	 -0.133	 -0.015
	 -0.025	  0.069	  0.997

3 	  44.26	  -0.44	   0.79
	  0.702	  0.304	  0.643
	 -0.573	  0.778	  0.256
	 -0.423	 -0.549	  0.721

4 	  36.04	   4.50	  -3.80
	  0.464	  0.826	 -0.319
	 -0.701	  0.563	  0.437
	  0.540	  0.021	  0.841

5 	  41.98	   8.88	   5.59
	  0.930	  0.262	  0.255
	  0.057	 -0.794	  0.605
	  0.361	 -0.548	 -0.754

6 	  51.31	   6.86	   0.18
	  0.923	 -0.299	 -0.242
	  0.359	  0.894	  0.267
	  0.136	 -0.334	  0.932

7 	  36.30	  -5.12	  -3.90
	  0.379	 -0.381	 -0.843
	  0.513	  0.845	 -0.151
	  0.770	 -0.375	  0.516

8 	  43.51	 -10.04	  -6.79
	  0.556	 -0.182	 -0.811
	 -0.739	 -0.555	 -0.381
	 -0.381	  0.811	 -0.443

9 	  44.56	  -7.29	 -18.14
	  0.314	  0.145	 -0.938
	  0.147	  0.969	  0.199
	  0.938	 -0.200	  0.283

2 	  32.66	  -6.84	  23.01
	 -0.132	  0.989	 -0.072
	 -0.991	 -0.133	 -0.015
	 -0.025	  0.069	  0.997

3 	  44.28	  -0.44	   0.81
	  0.709	  0.286	  0.644
	 -0.559	  0.784	  0.268
	 -0.429	 -0.550	  0.716

4 	  36.14	   4.55	  -3.80
	  0.473	  0.823	 -0.313
	 -0.699	  0.567	  0.435
	  0.536	  0.013	  0.844

5 	  42.01	   8.82	   5.62
	  0.929	  0.257	  0.266
	  0.048	 -0.797	  0.603
	  0.367	 -0.547	 -0.752

6 	  51.35	   6.79	   0.46
	  0.929	 -0.298	 -0.220
	  0.351	  0.897	  0.268
	  0.117	 -0.327	  0.938

7 	  36.26	  -4.96	  -4.01
	  0.366	 -0.374	 -0.852
	  0.505	  0.849	 -0.156
	  0.781	 -0.373	  0.500

8 	  43.21	  -9.79	  -7.35
	  0.517	 -0.178	 -0.837
	 -0.758	 -0.551	 -0.350
	 -0.399	  0.815	 -0.420

9 	  43.84	  -7.24	 -18.70
	  0.277	  0.133	 -0.952
	  0.139	  0.974	  0.176
	  0.951	 -0.181	  0.251

2 	  32.66	  -6.84	  23.01
	 -0.132	  0.988	 -0.072
	 -0.991	 -0.133	 -0.015
	 -0.025	  0.069	  0.997

3 	  44.28	  -0.40	   0.77
	  0.717	  0.275	  0.640
	 -0.552	  0.785	  0.281
	 -0.425	 -0.556	  0.715

4 	  36.14	   4.55	  -3.81
	  0.473	  0.823	 -0.313
	 -0.699	  0.567	  0.436
	  0.536	  0.012	  0.844

5 	  42.01	   8.84	   5.62
	  0.929	  0.258	  0.265
	  0.049	 -0.796	  0.603
	  0.367	 -0.548	 -0.752

6 	  51.35	   6.82	   0.44
	  0.929	 -0.296	 -0.222
	  0.350	  0.898	  0.267
	  0.120	 -0.326	  0.938

7 	  36.07	  -4.85	  -4.01
	  0.344	 -0.381	 -0.858
	  0.503	  0.846	 -0.174
	  0.792	 -0.372	  0.483

8 	  42.82	  -9.77	  -7.58
	  0.482	 -0.181	 -0.857
	 -0.772	 -0.551	 -0.318
	 -0.414	  0.814	 -0.406

9 	  42.87	  -7.28	 -19.02
	  0.222	  0.142	 -0.964
	  0.100	  0.980	  0.168
	  0.970	 -0.135	  0.203

2 	  32.66	  -6.84	  23.01
	 -0.131	  0.988	 -0.072
	 -0.991	 -0.133	 -0.015
	 -0.025	  0.069	  0.997

3 	  44.17	  -0.44	   0.76
	  0.728	  0.265	  0.633
	 -0.544	  0.785	  0.296
	 -0.418	 -0.560	  0.715

4 	  36.04	   4.55	  -3.78
	  0.473	  0.824	 -0.312
	 -0.697	  0.566	  0.440
	  0.539	  0.009	  0.842

5 	  41.99	   8.86	   5.62
	  0.929	  0.259	  0.265
	  0.050	 -0.797	  0.602
	  0.367	 -0.547	 -0.753

6 	  51.31	   6.80	   0.42
	  0.929	 -0.296	 -0.223
	  0.350	  0.898	  0.267
	  0.121	 -0.326	  0.937

7 	  35.86	  -4.82	  -4.03
	  0.327	 -0.385	 -0.863
	  0.505	  0.843	 -0.185
	  0.799	 -0.375	  0.470

8 	  42.47	  -9.83	  -7.73
	  0.458	 -0.185	 -0.870
	 -0.784	 -0.544	 -0.298
	 -0.418	  0.818	 -0.394

9 	  42.12	  -7.15	 -19.23
	  0.176	  0.166	 -0.970
	  0.066	  0.981	  0.180
	  0.982	 -0.096	  0.161

2 	  32.66	  -6.84	  23.01
	 -0.132	  0.988	 -0.072
	 -0.991	 -0.133	 -0.016
	 -0.025	  0.069	  0.997

3 	  44.12	  -0.47	   0.70
	  0.735	  0.256	  0.627
	 -0.536	  0.786	  0.308
	 -0.415	 -0.563	  0.715

4 	  35.96	   4.59	  -3.74
	  0.472	  0.825	 -0.311
	 -0.695	  0.565	  0.445
	  0.542	  0.006	  0.840

5 	  41.96	   8.82	   5.70
	  0.930	  0.255	  0.265
	  0.050	 -0.801	  0.596
	  0.365	 -0.541	 -0.757

6 	  51.28	   6.80	   0.40
	  0.928	 -0.295	 -0.229
	  0.351	  0.898	  0.266
	  0.126	 -0.327	  0.936

7 	  35.75	  -4.80	  -3.99
	  0.313	 -0.387	 -0.867
	  0.504	  0.841	 -0.194
	  0.804	 -0.377	  0.459

8 	  42.21	  -9.88	  -7.91
	  0.431	 -0.184	 -0.883
	 -0.797	 -0.537	 -0.277
	 -0.423	  0.823	 -0.378

9 	  41.66	  -7.01	 -19.28
	  0.150	  0.183	 -0.971
	  0.076	  0.977	  0.196
	  0.986	 -0.103	  0.133

2 	  32.64	  -6.84	  23.01
	 -0.132	  0.988	 -0.072
	 -0.991	 -0.133	 -0.016
	 -0.025	  0.069	  0.997

3 	  44.09	  -0.46	   0.70
	  0.737	  0.255	  0.625
	 -0.534	  0.786	  0.310
	 -0.413	 -0.563	  0.716

4 	  35.91	   4.59	  -3.74
	  0.470	  0.825	 -0.312
	 -0.694	  0.564	  0.447
	  0.545	  0.006	  0.838

5 	  41.92	   8.84	   5.68
	  0.931	  0.254	  0.262
	  0.050	 -0.801	  0.596
	  0.362	 -0.542	 -0.758

6 	  51.22	   6.79	   0.37
	  0.927	 -0.294	 -0.233
	  0.351	  0.898	  0.264
	  0.131	 -0.327	  0.936

7 	  35.70	  -4.78	  -4.03
	  0.306	 -0.386	 -0.870
	  0.503	  0.842	 -0.197
	  0.808	 -0.377	  0.452

8 	  41.96	 -10.00	  -8.00
	  0.420	 -0.191	 -0.887
	 -0.819	 -0.500	 -0.280
	 -0.390	  0.844	 -0.367

9 	  41.55	  -6.98	 -19.37
	  0.156	  0.183	 -0.970
	  0.114	  0.973	  0.202
	  0.981	 -0.142	  0.131

2 	  32.66	  -6.84	  23.01
	 -0.132	  0.988	 -0.072
	 -0.991	 -0.133	 -0.016
	 -0.025	  0.069	  0.997

3 	  44.05	  -0.46	   0.65
	  0.740	  0.254	  0.622
	 -0.533	  0.787	  0.312
	 -0.411	 -0.563	  0.717

4 	  35.88	   4.59	  -3.73
	  0.469	  0.826	 -0.312
	 -0.693	  0.563	  0.451
	  0.548	  0.004	  0.836

5 	  41.92	   8.84	   5.66
	  0.932	  0.252	  0.260
	  0.052	 -0.803	  0.594
	  0.358	 -0.540	 -0.762

6 	  51.21	   6.80	   0.35
	  0.926	 -0.294	 -0.235
	  0.352	  0.898	  0.264
	  0.133	 -0.327	  0.935

7 	  35.63	  -4.75	  -4.03
	  0.301	 -0.382	 -0.874
	  0.501	  0.843	 -0.196
	  0.811	 -0.379	  0.445

8 	  41.92	  -9.91	  -8.07
	  0.415	 -0.192	 -0.889
	 -0.815	 -0.513	 -0.270
	 -0.404	  0.836	 -0.370

9 	  41.36	  -7.10	 -19.49
	  0.152	  0.166	 -0.974
	  0.103	  0.978	  0.182
	  0.983	 -0.128	  0.132

2 	  32.66	  -6.84	  23.01
	 -0.132	  0.989	 -0.072
	 -0.991	 -0.133	 -0.015
	 -0.025	  0.069	  0.997

3 	  44.03	  -0.47	   0.60
	  0.746	  0.250	  0.617
	 -0.528	  0.787	  0.319
	 -0.406	 -0.564	  0.719

4 	  35.88	   4.62	  -3.71
	  0.471	  0.826	 -0.311
	 -0.690	  0.564	  0.454
	  0.550	  0.000	  0.835

5 	  41.92	   8.82	   5.70
	  0.933	  0.247	  0.262
	  0.048	 -0.807	  0.588
	  0.357	 -0.536	 -0.765

6 	  51.19	   6.73	   0.35
	  0.926	 -0.296	 -0.235
	  0.353	  0.899	  0.259
	  0.135	 -0.323	  0.937

7 	  35.60	  -4.75	  -4.08
	  0.294	 -0.380	 -0.877
	  0.503	  0.842	 -0.196
	  0.813	 -0.384	  0.438

8 	  41.77	  -9.91	  -8.19
	  0.406	 -0.195	 -0.893
	 -0.824	 -0.500	 -0.266
	 -0.395	  0.844	 -0.364

9 	  41.20	  -7.10	 -19.55
	  0.151	  0.161	 -0.975
	  0.123	  0.976	  0.180
	  0.981	 -0.147	  0.128

2 	  32.64	  -6.84	  23.01
	 -0.132	  0.988	 -0.072
	 -0.991	 -0.133	 -0.015
	 -0.025	  0.069	  0.997

3 	  44.02	  -0.49	   0.56
	  0.748	  0.248	  0.615
	 -0.526	  0.787	  0.322
	 -0.404	 -0.564	  0.719

4 	  35.88	   4.62	  -3.71
	  0.473	  0.825	 -0.310
	 -0.688	  0.565	  0.455
	  0.551	 -0.002	  0.834

5 	  41.91	   8.77	   5.68
	  0.934	  0.241	  0.264
	  0.044	 -0.810	  0.585
	  0.355	 -0.535	 -0.767

6 	  51.21	   6.61	   0.35
	  0.924	 -0.301	 -0.235
	  0.357	  0.900	  0.251
	  0.136	 -0.316	  0.939

7 	  35.58	  -4.73	  -4.08
	  0.291	 -0.379	 -0.878
	  0.502	  0.842	 -0.196
	  0.814	 -0.384	  0.436

8 	  41.75	  -9.91	  -8.21
	  0.404	 -0.195	 -0.894
	 -0.826	 -0.499	 -0.264
	 -0.394	  0.844	 -0.363

9 	  41.13	  -7.14	 -19.60
	  0.148	  0.158	 -0.976
	  0.121	  0.977	  0.176
	  0.981	 -0.144	  0.126

2 	  32.64	  -6.84	  23.01
	 -0.132	  0.988	 -0.072
	 -0.991	 -0.133	 -0.015
	 -0.025	  0.069	  0.997

3 	  44.02	  -0.49	   0.54
	  0.749	  0.248	  0.614
	 -0.525	  0.787	  0.323
	 -0.404	 -0.564	  0.720

4 	  35.82	   4.59	  -3.74
	  0.470	  0.824	 -0.315
	 -0.687	  0.566	  0.456
	  0.554	  0.002	  0.832

5 	  41.91	   8.77	   5.66
	  0.934	  0.240	  0.263
	  0.042	 -0.809	  0.586
	  0.353	 -0.537	 -0.766

6 	  51.15	   6.59	   0.26
	  0.922	 -0.302	 -0.240
	  0.358	  0.901	  0.244
	  0.142	 -0.311	  0.940

7 	  35.54	  -4.73	  -4.08
	  0.290	 -0.378	 -0.879
	  0.503	  0.842	 -0.196
	  0.814	 -0.385	  0.434

8 	  41.70	  -9.93	  -8.21
	  0.402	 -0.198	 -0.894
	 -0.827	 -0.498	 -0.262
	 -0.394	  0.844	 -0.364

9 	  41.10	  -7.15	 -19.60
	  0.148	  0.156	 -0.977
	  0.117	  0.977	  0.174
	  0.982	 -0.140	  0.126

2 	  32.64	  -6.84	  23.01
	 -0.132	  0.988	 -0.072
	 -0.991	 -0.133	 -0.015
	 -0.025	  0.069	  0.997

3 	  44.00	  -0.49	   0.53
	  0.749	  0.248	  0.614
	 -0.526	  0.787	  0.322
	 -0.404	 -0.565	  0.720

4 	  35.74	   4.55	  -3.74
	  0.463	  0.826	 -0.322
	 -0.688	  0.564	  0.457
	  0.559	  0.010	  0.829

5 	  41.91	   8.79	   5.57
	  0.937	  0.242	  0.253
	  0.048	 -0.805	  0.591
	  0.346	 -0.541	 -0.766

6 	  51.10	   6.66	   0.09
	  0.921	 -0.298	 -0.251
	  0.357	  0.903	  0.238
	  0.156	 -0.309	  0.938

7 	  35.53	  -4.73	  -4.08
	  0.291	 -0.380	 -0.878
	  0.502	  0.842	 -0.198
	  0.814	 -0.384	  0.435

8 	  41.71	  -9.97	  -8.16
	  0.405	 -0.199	 -0.892
	 -0.827	 -0.497	 -0.265
	 -0.391	  0.845	 -0.366

9 	  41.26	  -7.22	 -19.46
	  0.160	  0.154	 -0.975
	  0.122	  0.977	  0.174
	  0.979	 -0.147	  0.138

2 	  32.66	  -6.84	  23.01
	 -0.132	  0.989	 -0.072
	 -0.991	 -0.133	 -0.015
	 -0.025	  0.069	  0.997

3 	  43.98	  -0.51	   0.54
	  0.750	  0.249	  0.613
	 -0.528	  0.784	  0.326
	 -0.400	 -0.568	  0.719

4 	  35.75	   4.59	  -3.71
	  0.459	  0.828	 -0.322
	 -0.689	  0.560	  0.460
	  0.561	  0.010	  0.827

5 	  41.87	   8.81	   5.64
	  0.935	  0.246	  0.255
	  0.053	 -0.809	  0.586
	  0.350	 -0.534	 -0.769

6 	  51.08	   6.82	   0.18
	  0.925	 -0.285	 -0.252
	  0.348	  0.902	  0.255
	  0.155	 -0.324	  0.933

7 	  35.53	  -4.78	  -4.06
	  0.295	 -0.386	 -0.874
	  0.505	  0.839	 -0.200
	  0.810	 -0.383	  0.443

8 	  41.75	 -10.02	  -8.07
	  0.409	 -0.203	 -0.889
	 -0.825	 -0.498	 -0.267
	 -0.389	  0.843	 -0.371

9 	  41.29	  -7.33	 -19.42
	  0.162	  0.152	 -0.975
	  0.123	  0.977	  0.173
	  0.979	 -0.148	  0.139

2 	  32.66	  -6.84	  22.99
	 -0.132	  0.988	 -0.072
	 -0.991	 -0.133	 -0.015
	 -0.025	  0.069	  0.997

3 	  43.96	  -0.51	   0.56
	  0.750	  0.249	  0.613
	 -0.528	  0.783	  0.328
	 -0.398	 -0.570	  0.719

4 	  35.74	   4.62	  -3.71
	  0.454	  0.831	 -0.322
	 -0.689	  0.556	  0.464
	  0.564	  0.011	  0.825

5 	  41.82	   8.79	   5.66
	  0.933	  0.252	  0.254
	  0.062	 -0.813	  0.579
	  0.353	 -0.525	 -0.774

6 	  51.05	   7.05	   0.14
	  0.926	 -0.271	 -0.261
	  0.339	  0.902	  0.266
	  0.163	 -0.336	  0.928

7 	  35.53	  -4.78	  -4.04
	  0.297	 -0.388	 -0.872
	  0.506	  0.839	 -0.201
	  0.810	 -0.382	  0.445

8 	  41.75	 -10.04	  -8.05
	  0.409	 -0.204	 -0.889
	 -0.826	 -0.496	 -0.267
	 -0.386	  0.844	 -0.372

9 	  41.29	  -7.37	 -19.41
	  0.160	  0.154	 -0.975
	  0.121	  0.977	  0.174
	  0.979	 -0.146	  0.137

2 	  32.66	  -6.84	  23.01
	 -0.132	  0.989	 -0.072
	 -0.991	 -0.133	 -0.015
	 -0.025	  0.069	  0.997

3 	  43.96	  -0.49	   0.54
	  0.750	  0.251	  0.611
	 -0.530	  0.782	  0.328
	 -0.396	 -0.570	  0.720

4 	  35.68	   4.59	  -3.71
	  0.442	  0.836	 -0.324
	 -0.693	  0.548	  0.469
	  0.570	  0.018	  0.821

5 	  41.70	   8.86	   5.68
	  0.929	  0.271	  0.251
	  0.083	 -0.815	  0.573
	  0.359	 -0.512	 -0.780

6 	  50.96	   7.24	   0.14
	  0.928	 -0.259	 -0.266
	  0.328	  0.906	  0.267
	  0.172	 -0.336	  0.926

7 	  35.51	  -4.80	  -4.04
	  0.297	 -0.391	 -0.871
	  0.506	  0.838	 -0.203
	  0.810	 -0.381	  0.447

8 	  41.71	 -10.11	  -8.00
	  0.408	 -0.206	 -0.889
	 -0.828	 -0.494	 -0.266
	 -0.385	  0.844	 -0.373

9 	  41.22	  -7.42	 -19.37
	  0.154	  0.161	 -0.975
	  0.120	  0.976	  0.180
	  0.980	 -0.145	  0.131

2 	  32.66	  -6.84	  23.01
	 -0.132	  0.989	 -0.072
	 -0.991	 -0.133	 -0.015
	 -0.025	  0.069	  0.997

3 	  43.93	  -0.49	   0.54
	  0.750	  0.252	  0.611
	 -0.531	  0.780	  0.330
	 -0.394	 -0.572	  0.719

4 	  35.63	   4.61	  -3.69
	  0.432	  0.843	 -0.321
	 -0.699	  0.538	  0.471
	  0.569	  0.021	  0.822

5 	  41.47	   8.95	   5.78
	  0.917	  0.306	  0.254
	  0.120	 -0.822	  0.556
	  0.379	 -0.480	 -0.791

6 	  50.73	   7.75	   0.04
	  0.932	 -0.225	 -0.284
	  0.304	  0.911	  0.277
	  0.197	 -0.345	  0.918

7 	  35.49	  -4.82	  -4.03
	  0.296	 -0.393	 -0.870
	  0.509	  0.836	 -0.205
	  0.808	 -0.382	  0.448

8 	  41.66	 -10.25	  -7.93
	  0.406	 -0.213	 -0.889
	 -0.836	 -0.479	 -0.267
	 -0.369	  0.852	 -0.372

9 	  41.19	  -7.49	 -19.34
	  0.154	  0.163	 -0.974
	  0.129	  0.974	  0.184
	  0.979	 -0.154	  0.129

2 	  32.64	  -6.84	  23.01
	 -0.132	  0.989	 -0.072
	 -0.991	 -0.133	 -0.016
	 -0.025	  0.069	  0.997

3 	  43.91	  -0.44	   0.56
	  0.748	  0.256	  0.612
	 -0.536	  0.777	  0.330
	 -0.391	 -0.575	  0.718

4 	  35.61	   4.64	  -3.69
	  0.429	  0.846	 -0.316
	 -0.702	  0.532	  0.473
	  0.569	  0.018	  0.822

5 	  41.33	   8.96	   5.92
	  0.910	  0.311	  0.272
	  0.118	 -0.826	  0.551
	  0.396	 -0.470	 -0.789

6 	  50.70	   7.82	   0.30
	  0.938	 -0.221	 -0.267
	  0.295	  0.913	  0.282
	  0.182	 -0.343	  0.921

7 	  35.47	  -4.80	  -4.03
	  0.296	 -0.392	 -0.871
	  0.507	  0.837	 -0.204
	  0.809	 -0.381	  0.446

8 	  41.66	 -10.25	  -7.93
	  0.406	 -0.213	 -0.889
	 -0.835	 -0.481	 -0.266
	 -0.371	  0.850	 -0.373

9 	  41.20	  -7.45	 -19.37
	  0.155	  0.160	 -0.975
	  0.127	  0.975	  0.180
	  0.979	 -0.152	  0.130

2 	  32.66	  -6.82	  23.01
	 -0.132	  0.988	 -0.072
	 -0.991	 -0.133	 -0.016
	 -0.025	  0.069	  0.997

3 	  43.91	  -0.37	   0.53
	  0.748	  0.260	  0.610
	 -0.539	  0.774	  0.331
	 -0.387	 -0.577	  0.719

4 	  35.60	   4.66	  -3.69
	  0.426	  0.848	 -0.314
	 -0.703	  0.529	  0.475
	  0.570	  0.018	  0.822

5 	  41.36	   8.96	   5.89
	  0.913	  0.306	  0.268
	  0.113	 -0.824	  0.555
	  0.391	 -0.477	 -0.787

6 	  50.70	   7.80	   0.35
	  0.938	 -0.224	 -0.263
	  0.296	  0.914	  0.278
	  0.177	 -0.339	  0.924

7 	  35.51	  -4.78	  -4.04
	  0.296	 -0.387	 -0.873
	  0.501	  0.841	 -0.202
	  0.812	 -0.378	  0.443

8 	  41.71	 -10.14	  -7.95
	  0.407	 -0.211	 -0.889
	 -0.831	 -0.488	 -0.265
	 -0.378	  0.847	 -0.374

9 	  41.24	  -7.40	 -19.35
	  0.157	  0.158	 -0.975
	  0.125	  0.976	  0.178
	  0.979	 -0.150	  0.133

2 	  32.64	  -6.84	  23.01
	 -0.132	  0.988	 -0.072
	 -0.991	 -0.133	 -0.016
	 -0.025	  0.069	  0.997

3 	  43.91	  -0.37	   0.53
	  0.748	  0.260	  0.610
	 -0.539	  0.774	  0.330
	 -0.387	 -0.577	  0.720

4 	  35.58	   4.66	  -3.71
	  0.425	  0.848	 -0.317
	 -0.702	  0.529	  0.476
	  0.572	  0.020	  0.820

5 	  41.38	   9.00	   5.82
	  0.916	  0.303	  0.260
	  0.114	 -0.822	  0.557
	  0.383	 -0.482	 -0.788

6 	  50.68	   7.82	   0.25
	  0.937	 -0.224	 -0.268
	  0.297	  0.914	  0.275
	  0.184	 -0.337	  0.923

7 	  35.51	  -4.78	  -4.04
	  0.296	 -0.387	 -0.873
	  0.501	  0.841	 -0.203
	  0.813	 -0.377	  0.443

8 	  41.73	 -10.14	  -7.93
	  0.409	 -0.211	 -0.888
	 -0.831	 -0.487	 -0.267
	 -0.376	  0.847	 -0.374

9 	  41.33	  -7.40	 -19.34
	  0.161	  0.157	 -0.974
	  0.127	  0.975	  0.178
	  0.979	 -0.153	  0.137

2 	  32.64	  -6.84	  23.01
	 -0.132	  0.989	 -0.072
	 -0.991	 -0.133	 -0.015
	 -0.025	  0.069	  0.997

3 	  43.91	  -0.35	   0.51
	  0.748	  0.261	  0.610
	 -0.540	  0.774	  0.330
	 -0.386	 -0.577	  0.720

4 	  35.56	   4.68	  -3.71
	  0.424	  0.848	 -0.317
	 -0.702	  0.529	  0.478
	  0.573	  0.019	  0.819

5 	  41.36	   8.98	   5.80
	  0.916	  0.299	  0.265
	  0.108	 -0.825	  0.555
	  0.385	 -0.480	 -0.788

6 	  50.66	   7.77	   0.25
	  0.936	 -0.228	 -0.268
	  0.301	  0.914	  0.273
	  0.183	 -0.336	  0.924

7 	  35.49	  -4.78	  -4.04
	  0.296	 -0.388	 -0.873
	  0.500	  0.841	 -0.204
	  0.813	 -0.377	  0.443

8 	  41.71	 -10.14	  -7.95
	  0.408	 -0.211	 -0.888
	 -0.831	 -0.489	 -0.266
	 -0.378	  0.846	 -0.375

9 	  41.27	  -7.45	 -19.35
	  0.158	  0.154	 -0.975
	  0.122	  0.977	  0.174
	  0.980	 -0.147	  0.135

2 	  32.66	  -6.82	  23.01
	 -0.132	  0.988	 -0.072
	 -0.991	 -0.134	 -0.015
	 -0.025	  0.069	  0.997

3 	  43.93	  -0.33	   0.49
	  0.748	  0.261	  0.610
	 -0.541	  0.773	  0.331
	 -0.385	 -0.577	  0.720

4 	  35.61	   4.69	  -3.71
	  0.430	  0.847	 -0.311
	 -0.698	  0.531	  0.480
	  0.572	  0.010	  0.820

5 	  41.38	   8.91	   5.91
	  0.916	  0.287	  0.278
	  0.095	 -0.833	  0.544
	  0.388	 -0.472	 -0.791

6 	  50.71	   7.65	   0.40
	  0.935	 -0.236	 -0.264
	  0.308	  0.909	  0.279
	  0.174	 -0.342	  0.923

7 	  35.49	  -4.75	  -4.10
	  0.291	 -0.384	 -0.876
	  0.505	  0.839	 -0.201
	  0.812	 -0.384	  0.438

8 	  41.68	 -10.11	  -8.00
	  0.405	 -0.211	 -0.890
	 -0.833	 -0.486	 -0.264
	 -0.376	  0.848	 -0.372

9 	  41.20	  -7.42	 -19.41
	  0.156	  0.153	 -0.976
	  0.124	  0.977	  0.173
	  0.980	 -0.148	  0.133

2 	  32.64	  -6.84	  23.01
	 -0.132	  0.988	 -0.072
	 -0.991	 -0.133	 -0.016
	 -0.025	  0.069	  0.997

3 	  43.93	  -0.35	   0.47
	  0.748	  0.258	  0.611
	 -0.539	  0.774	  0.332
	 -0.387	 -0.578	  0.718

4 	  35.63	   4.75	  -3.67
	  0.436	  0.847	 -0.304
	 -0.698	  0.531	  0.479
	  0.567	  0.003	  0.823

5 	  41.40	   8.84	   5.96
	  0.918	  0.273	  0.288
	  0.082	 -0.841	  0.535
	  0.388	 -0.467	 -0.794

6 	  50.78	   7.37	   0.53
	  0.933	 -0.254	 -0.256
	  0.322	  0.905	  0.277
	  0.161	 -0.342	  0.926

7 	  35.47	  -4.75	  -4.08
	  0.291	 -0.382	 -0.877
	  0.505	  0.840	 -0.198
	  0.812	 -0.386	  0.438

8 	  41.68	 -10.11	  -8.00
	  0.405	 -0.210	 -0.890
	 -0.833	 -0.486	 -0.264
	 -0.377	  0.848	 -0.372

9 	  41.22	  -7.40	 -19.41
	  0.155	  0.154	 -0.976
	  0.116	  0.978	  0.173
	  0.981	 -0.140	  0.134

2 	  32.66	  -6.84	  23.01
	 -0.132	  0.988	 -0.072
	 -0.991	 -0.133	 -0.015
	 -0.025	  0.069	  0.997

3 	  43.93	  -0.35	   0.44
	  0.750	  0.258	  0.609
	 -0.536	  0.776	  0.331
	 -0.388	 -0.575	  0.720

4 	  35.63	   4.76	  -3.66
	  0.438	  0.847	 -0.302
	 -0.700	  0.532	  0.476
	  0.564	  0.002	  0.826

5 	  41.40	   8.82	   6.01
	  0.917	  0.268	  0.295
	  0.076	 -0.844	  0.531
	  0.391	 -0.465	 -0.794

6 	  50.80	   7.31	   0.63
	  0.932	 -0.259	 -0.252
	  0.326	  0.903	  0.279
	  0.156	 -0.342	  0.927

7 	  35.51	  -4.76	  -4.10
	  0.293	 -0.385	 -0.875
	  0.509	  0.837	 -0.199
	  0.809	 -0.387	  0.442

8 	  41.71	 -10.20	  -7.95
	  0.407	 -0.216	 -0.888
	 -0.833	 -0.486	 -0.264
	 -0.375	  0.847	 -0.378

9 	  41.33	  -7.63	 -19.30
	  0.161	  0.144	 -0.976
	  0.109	  0.980	  0.163
	  0.981	 -0.132	  0.143

2 	  32.66	  -6.84	  23.01
	 -0.132	  0.989	 -0.072
	 -0.991	 -0.133	 -0.015
	 -0.025	  0.069	  0.997

3 	  43.95	  -0.35	   0.46
	  0.749	  0.259	  0.610
	 -0.537	  0.777	  0.328
	 -0.390	 -0.573	  0.721

4 	  35.67	   4.73	  -3.64
	  0.440	  0.846	 -0.302
	 -0.701	  0.533	  0.473
	  0.561	  0.003	  0.827

5 	  41.40	   8.81	   6.03
	  0.916	  0.266	  0.299
	  0.072	 -0.845	  0.530
	  0.393	 -0.464	 -0.793

6 	  50.82	   7.29	   0.65
	  0.933	 -0.259	 -0.251
	  0.326	  0.903	  0.279
	  0.154	 -0.342	  0.927

7 	  35.53	  -4.83	  -4.06
	  0.303	 -0.397	 -0.866
	  0.523	  0.829	 -0.197
	  0.797	 -0.393	  0.459

8 	  41.89	 -10.39	  -7.66
	  0.424	 -0.228	 -0.876
	 -0.823	 -0.500	 -0.268
	 -0.377	  0.835	 -0.400

9 	  41.64	  -8.02	 -19.09
	  0.177	  0.133	 -0.975
	  0.089	  0.984	  0.151
	  0.980	 -0.114	  0.163

2 	  32.66	  -6.84	  23.01
	 -0.132	  0.988	 -0.072
	 -0.991	 -0.133	 -0.016
	 -0.025	  0.069	  0.997

3 	  43.96	  -0.39	   0.49
	  0.747	  0.260	  0.611
	 -0.537	  0.778	  0.325
	 -0.392	 -0.571	  0.721

4 	  35.74	   4.78	  -3.64
	  0.446	  0.844	 -0.297
	 -0.702	  0.536	  0.469
	  0.555	 -0.001	  0.832

5 	  41.36	   8.77	   6.17
	  0.912	  0.265	  0.313
	  0.068	 -0.850	  0.522
	  0.404	 -0.455	 -0.793

6 	  50.89	   7.19	   0.93
	  0.936	 -0.263	 -0.234
	  0.324	  0.903	  0.282
	  0.137	 -0.340	  0.930

7 	  35.61	  -4.90	  -4.01
	  0.324	 -0.411	 -0.852
	  0.539	  0.820	 -0.191
	  0.777	 -0.398	  0.487

8 	  42.28	 -10.72	  -7.01
	  0.473	 -0.252	 -0.844
	 -0.798	 -0.529	 -0.289
	 -0.374	  0.810	 -0.451

9 	  42.61	  -8.72	 -18.46
	  0.228	  0.112	 -0.967
	  0.061	  0.990	  0.129
	  0.972	 -0.088	  0.219

2 	  32.64	  -6.84	  23.01
	 -0.132	  0.988	 -0.072
	 -0.991	 -0.133	 -0.016
	 -0.025	  0.069	  0.997

3 	  44.00	  -0.39	   0.56
	  0.740	  0.268	  0.617
	 -0.544	  0.778	  0.314
	 -0.396	 -0.568	  0.721

4 	  35.81	   4.76	  -3.62
	  0.452	  0.841	 -0.296
	 -0.703	  0.540	  0.462
	  0.549	 -0.001	  0.836

5 	  41.29	   8.77	   6.21
	  0.905	  0.266	  0.331
	  0.061	 -0.853	  0.518
	  0.420	 -0.449	 -0.788

6 	  50.96	   7.07	   1.35
	  0.943	 -0.269	 -0.196
	  0.317	  0.906	  0.282
	  0.102	 -0.328	  0.939

7 	  35.77	  -5.08	  -3.96
	  0.347	 -0.433	 -0.832
	  0.553	  0.811	 -0.191
	  0.757	 -0.394	  0.521

8 	  42.68	 -10.97	  -6.40
	  0.520	 -0.262	 -0.813
	 -0.779	 -0.536	 -0.326
	 -0.350	  0.802	 -0.483

9 	  43.79	  -9.23	 -17.77
	  0.299	  0.088	 -0.950
	  0.077	  0.990	  0.116
	  0.951	 -0.108	  0.290

2 	  32.64	  -6.84	  23.01
	 -0.132	  0.988	 -0.072
	 -0.991	 -0.133	 -0.016
	 -0.025	  0.069	  0.997

3 	  44.09	  -0.42	   0.69
	  0.728	  0.276	  0.627
	 -0.554	  0.776	  0.300
	 -0.405	 -0.566	  0.718

4 	  35.93	   4.73	  -3.66
	  0.459	  0.838	 -0.294
	 -0.705	  0.546	  0.453
	  0.540	 -0.001	  0.841

5 	  41.31	   8.75	   6.24
	  0.902	  0.266	  0.339
	  0.057	 -0.854	  0.518
	  0.427	 -0.448	 -0.785

6 	  51.05	   7.12	   1.55
	  0.947	 -0.264	 -0.182
	  0.307	  0.907	  0.286
	  0.089	 -0.327	  0.940

7 	  35.93	  -5.20	  -3.88
	  0.375	 -0.450	 -0.810
	  0.564	  0.804	 -0.185
	  0.735	 -0.387	  0.556

8 	  43.08	 -11.11	  -5.68
	  0.571	 -0.271	 -0.775
	 -0.747	 -0.564	 -0.353
	 -0.341	  0.780	 -0.524

9 	  44.82	  -9.58	 -17.00
	  0.354	  0.076	 -0.932
	  0.052	  0.993	  0.101
	  0.933	 -0.085	  0.348

2 	  32.66	  -6.84	  23.01
	 -0.132	  0.988	 -0.072
	 -0.991	 -0.133	 -0.016
	 -0.025	  0.069	  0.997

3 	  44.10	  -0.46	   0.76
	  0.719	  0.278	  0.636
	 -0.560	  0.774	  0.294
	 -0.411	 -0.568	  0.713

4 	  36.02	   4.76	  -3.66
	  0.466	  0.836	 -0.289
	 -0.707	  0.548	  0.447
	  0.532	 -0.005	  0.846

5 	  41.26	   8.70	   6.36
	  0.893	  0.268	  0.360
	  0.054	 -0.860	  0.507
	  0.446	 -0.433	 -0.783

6 	  51.08	   7.12	   1.95
	  0.953	 -0.260	 -0.152
	  0.294	  0.910	  0.292
	  0.062	 -0.323	  0.944

7 	  36.11	  -5.36	  -3.83
	  0.405	 -0.479	 -0.779
	  0.581	  0.793	 -0.185
	  0.706	 -0.377	  0.599

8 	  43.65	 -11.39	  -4.61
	  0.637	 -0.289	 -0.715
	 -0.701	 -0.602	 -0.382
	 -0.320	  0.744	 -0.586

9 	  46.12	 -10.16	 -15.73
	  0.428	  0.070	 -0.901
	  0.006	  0.996	  0.080
	  0.904	 -0.040	  0.426

2 	  32.66	  -6.84	  23.01
	 -0.132	  0.988	 -0.072
	 -0.991	 -0.133	 -0.016
	 -0.025	  0.069	  0.997

3 	  44.21	  -0.40	   0.88
	  0.701	  0.287	  0.653
	 -0.576	  0.769	  0.279
	 -0.422	 -0.571	  0.704

4 	  36.26	   4.87	  -3.64
	  0.477	  0.834	 -0.276
	 -0.712	  0.551	  0.434
	  0.514	 -0.011	  0.857

5 	  41.19	   8.77	   6.56
	  0.878	  0.275	  0.390
	  0.053	 -0.869	  0.492
	  0.474	 -0.411	 -0.778

6 	  51.26	   7.24	   2.72
