2 	  32.71	  -8.82	  22.75
	  0.714	  0.699	 -0.037
	 -0.701	  0.712	 -0.037
	  0.002	  0.052	  0.998

3 	  45.16	  -0.76	   1.28
	  0.602	 -0.064	  0.796
	 -0.034	  0.994	  0.105
	 -0.798	 -0.090	  0.596

4 	  39.32	   6.28	  -3.52
	  0.373	  0.927	  0.014
	 -0.783	  0.306	  0.542
	  0.499	 -0.213	  0.840

5 	  41.61	   9.07	   9.09
	  0.476	  0.208	  0.854
	 -0.643	 -0.582	  0.497
	  0.603	 -0.785	 -0.143

6 	  48.22	   9.97	  18.35
	  0.600	 -0.109	  0.793
	 -0.675	  0.467	  0.571
	 -0.438	 -0.875	  0.208

7 	  39.76	  -7.82	  -2.99
	  0.337	 -0.936	  0.100
	  0.918	  0.303	 -0.253
	  0.206	  0.177	  0.962

8 	  40.66	 -10.09	   9.60
	  0.497	 -0.116	  0.860
	  0.263	 -0.924	 -0.276
	  0.828	  0.361	 -0.428

9 	  47.23	 -12.71	  19.02
	  0.540	 -0.062	  0.839
	  0.822	  0.257	 -0.508
	 -0.190	  0.964	  0.188

2 	  32.71	  -8.82	  22.75
	  0.714	  0.699	 -0.037
	 -0.701	  0.712	 -0.037
	  0.002	  0.052	  0.998

3 	  45.21	  -0.76	   1.25
	  0.604	 -0.063	  0.794
	 -0.032	  0.994	  0.103
	 -0.796	 -0.088	  0.598

4 	  39.36	   6.28	  -3.55
	  0.374	  0.927	  0.012
	 -0.782	  0.307	  0.542
	  0.500	 -0.212	  0.839

5 	  41.61	   9.07	   9.07
	  0.475	  0.208	  0.855
	 -0.643	 -0.582	  0.497
	  0.604	 -0.785	 -0.142

6 	  48.22	   9.97	  18.35
	  0.597	 -0.108	  0.794
	 -0.675	  0.470	  0.568
	 -0.440	 -0.873	  0.210

7 	  39.78	  -7.82	  -3.01
	  0.336	 -0.936	  0.100
	  0.919	  0.303	 -0.252
	  0.206	  0.177	  0.962

8 	  40.68	 -10.09	   9.58
	  0.497	 -0.118	  0.859
	  0.261	 -0.925	 -0.275
	  0.828	  0.360	 -0.429

9 	  47.23	 -12.71	  19.00
	  0.540	 -0.062	  0.839
	  0.823	  0.255	 -0.508
	 -0.188	  0.964	  0.188

2 	  32.70	  -8.82	  22.75
	  0.714	  0.699	 -0.037
	 -0.701	  0.712	 -0.037
	  0.002	  0.052	  0.998

3 	  45.21	  -0.76	   1.23
	  0.604	 -0.062	  0.794
	 -0.032	  0.994	  0.101
	 -0.796	 -0.086	  0.599

4 	  39.36	   6.28	  -3.55
	  0.374	  0.927	  0.012
	 -0.782	  0.307	  0.542
	  0.500	 -0.211	  0.839

5 	  41.64	   9.07	   9.07
	  0.474	  0.208	  0.855
	 -0.644	 -0.583	  0.495
	  0.604	 -0.785	 -0.142

6 	  48.22	   9.98	  18.33
	  0.597	 -0.108	  0.795
	 -0.676	  0.470	  0.568
	 -0.440	 -0.873	  0.209

7 	  39.78	  -7.82	  -3.01
	  0.336	 -0.937	  0.100
	  0.919	  0.302	 -0.251
	  0.205	  0.176	  0.963

8 	  40.68	 -10.07	   9.60
	  0.496	 -0.117	  0.860
	  0.262	 -0.925	 -0.275
	  0.829	  0.359	 -0.428

9 	  47.25	 -12.73	  19.00
	  0.539	 -0.064	  0.839
	  0.823	  0.254	 -0.507
	 -0.187	  0.964	  0.188

2 	  32.70	  -8.82	  22.75
	  0.714	  0.699	 -0.037
	 -0.701	  0.712	 -0.037
	  0.002	  0.052	  0.998

3 	  45.21	  -0.76	   1.23
	  0.605	 -0.062	  0.794
	 -0.031	  0.994	  0.101
	 -0.796	 -0.086	  0.599

4 	  39.36	   6.28	  -3.55
	  0.374	  0.927	  0.011
	 -0.782	  0.308	  0.542
	  0.500	 -0.210	  0.840

5 	  41.64	   9.07	   9.05
	  0.475	  0.207	  0.855
	 -0.644	 -0.582	  0.496
	  0.603	 -0.785	 -0.142

6 	  48.22	   9.98	  18.33
	  0.598	 -0.108	  0.794
	 -0.675	  0.470	  0.568
	 -0.440	 -0.873	  0.209

7 	  39.76	  -7.82	  -3.01
	  0.333	 -0.937	  0.100
	  0.921	  0.300	 -0.249
	  0.203	  0.175	  0.963

8 	  40.68	 -10.07	   9.60
	  0.495	 -0.119	  0.860
	  0.261	 -0.925	 -0.276
	  0.830	  0.359	 -0.427

9 	  47.25	 -12.76	  18.98
	  0.539	 -0.066	  0.839
	  0.823	  0.254	 -0.507
	 -0.186	  0.964	  0.190

2 	  32.71	  -8.82	  22.75
	  0.714	  0.699	 -0.037
	 -0.701	  0.712	 -0.037
	  0.002	  0.052	  0.998

3 	  45.19	  -0.76	   1.25
	  0.602	 -0.064	  0.795
	 -0.030	  0.994	  0.103
	 -0.798	 -0.086	  0.597

4 	  39.36	   6.28	  -3.55
	  0.374	  0.927	  0.012
	 -0.783	  0.307	  0.541
	  0.499	 -0.211	  0.840

5 	  41.64	   9.07	   9.05
	  0.474	  0.208	  0.855
	 -0.645	 -0.581	  0.496
	  0.602	 -0.786	 -0.140

6 	  48.22	   9.98	  18.33
	  0.598	 -0.108	  0.794
	 -0.675	  0.470	  0.569
	 -0.439	 -0.874	  0.209

7 	  39.73	  -7.80	  -2.99
	  0.330	 -0.938	  0.102
	  0.922	  0.297	 -0.247
	  0.201	  0.175	  0.964

8 	  40.64	 -10.09	   9.62
	  0.495	 -0.127	  0.859
	  0.251	 -0.927	 -0.280
	  0.833	  0.352	 -0.427

9 	  47.20	 -12.85	  18.97
	  0.539	 -0.073	  0.839
	  0.826	  0.247	 -0.507
	 -0.177	  0.965	  0.192

2 	  32.70	  -8.82	  22.76
	  0.714	  0.699	 -0.037
	 -0.701	  0.712	 -0.037
	  0.002	  0.052	  0.998

3 	  45.18	  -0.77	   1.27
	  0.602	 -0.065	  0.796
	 -0.030	  0.994	  0.103
	 -0.798	 -0.086	  0.596

4 	  39.34	   6.26	  -3.55
	  0.375	  0.927	  0.014
	 -0.783	  0.307	  0.541
	  0.498	 -0.213	  0.840

5 	  41.61	   9.09	   9.05
	  0.473	  0.211	  0.855
	 -0.646	 -0.579	  0.497
	  0.603	 -0.786	 -0.137

6 	  48.22	  10.00	  18.33
	  0.599	 -0.108	  0.793
	 -0.675	  0.467	  0.571
	 -0.437	 -0.875	  0.208

7 	  39.69	  -7.80	  -2.97
	  0.328	 -0.939	  0.102
	  0.923	  0.295	 -0.247
	  0.202	  0.175	  0.964

8 	  40.64	 -10.12	   9.58
	  0.498	 -0.134	  0.856
	  0.243	 -0.927	 -0.285
	  0.833	  0.348	 -0.429

9 	  47.20	 -12.96	  18.93
	  0.539	 -0.079	  0.838
	  0.827	  0.244	 -0.506
	 -0.170	  0.966	  0.196

2 	  32.70	  -8.82	  22.75
	  0.714	  0.699	 -0.037
	 -0.701	  0.712	 -0.037
	  0.002	  0.052	  0.998

3 	  45.18	  -0.74	   1.25
	  0.600	 -0.066	  0.797
	 -0.028	  0.994	  0.103
	 -0.799	 -0.084	  0.595

4 	  39.34	   6.33	  -3.57
	  0.371	  0.928	  0.017
	 -0.785	  0.303	  0.540
	  0.497	 -0.213	  0.841

5 	  41.61	   9.11	   9.05
	  0.473	  0.210	  0.856
	 -0.644	 -0.582	  0.496
	  0.604	 -0.784	 -0.139

6 	  48.22	  10.00	  18.35
	  0.599	 -0.109	  0.793
	 -0.676	  0.465	  0.572
	 -0.436	 -0.876	  0.206

7 	  39.62	  -7.56	  -3.08
	  0.311	 -0.946	  0.096
	  0.930	  0.281	 -0.234
	  0.195	  0.162	  0.967

8 	  40.62	 -10.05	   9.53
	  0.502	 -0.137	  0.854
	  0.242	 -0.926	 -0.289
	  0.832	  0.349	 -0.431

9 	  47.18	 -13.03	  18.83
	  0.540	 -0.088	  0.837
	  0.827	  0.241	 -0.507
	 -0.162	  0.966	  0.203

2 	  32.70	  -8.82	  22.75
	  0.714	  0.699	 -0.037
	 -0.701	  0.712	 -0.037
	  0.002	  0.052	  0.998

3 	  45.21	  -0.74	   1.21
	  0.591	 -0.067	  0.804
	 -0.011	  0.996	  0.091
	 -0.807	 -0.063	  0.587

4 	  39.48	   6.35	  -3.66
	  0.378	  0.925	  0.019
	 -0.790	  0.311	  0.529
	  0.484	 -0.214	  0.848

5 	  41.70	   9.14	   8.96
	  0.469	  0.208	  0.858
	 -0.649	 -0.579	  0.493
	  0.602	 -0.787	 -0.136

6 	  48.23	   9.97	  18.32
	  0.595	 -0.110	  0.796
	 -0.677	  0.470	  0.566
	 -0.443	 -0.873	  0.205

7 	  39.64	  -7.61	  -3.04
	  0.302	 -0.948	  0.099
	  0.934	  0.273	 -0.230
	  0.191	  0.162	  0.968

8 	  40.61	 -10.11	   9.53
	  0.500	 -0.143	  0.854
	  0.231	 -0.929	 -0.289
	  0.835	  0.341	 -0.431

9 	  47.14	 -13.08	  18.83
	  0.539	 -0.092	  0.837
	  0.829	  0.237	 -0.506
	 -0.157	  0.966	  0.204

2 	  32.70	  -8.82	  22.75
	  0.714	  0.699	 -0.037
	 -0.701	  0.712	 -0.037
	  0.002	  0.052	  0.998

3 	  45.23	  -0.84	   1.25
	  0.600	 -0.064	  0.797
	 -0.015	  0.995	  0.091
	 -0.800	 -0.067	  0.596

4 	  39.46	   6.22	  -3.66
	  0.381	  0.925	  0.011
	 -0.785	  0.316	  0.533
	  0.490	 -0.211	  0.845

5 	  41.68	   9.12	   8.96
	  0.468	  0.208	  0.859
	 -0.651	 -0.578	  0.492
	  0.601	 -0.788	 -0.134

6 	  48.22	   9.98	  18.28
	  0.595	 -0.106	  0.796
	 -0.679	  0.468	  0.566
	 -0.439	 -0.874	  0.207

7 	  39.71	  -7.79	  -2.99
	  0.309	 -0.945	  0.108
	  0.932	  0.277	 -0.234
	  0.191	  0.173	  0.966

8 	  40.62	 -10.11	   9.58
	  0.495	 -0.132	  0.859
	  0.235	 -0.931	 -0.277
	  0.837	  0.338	 -0.430

9 	  47.09	 -13.04	  18.93
	  0.531	 -0.086	  0.842
	  0.833	  0.234	 -0.500
	 -0.159	  0.968	  0.196

2 	  32.71	  -8.82	  22.75
	  0.714	  0.699	 -0.037
	 -0.701	  0.712	 -0.037
	  0.002	  0.052	  0.998

3 	  45.25	  -0.84	   1.25
	  0.602	 -0.063	  0.796
	 -0.018	  0.995	  0.092
	 -0.798	 -0.070	  0.598

4 	  39.48	   6.21	  -3.66
	  0.381	  0.924	  0.011
	 -0.784	  0.316	  0.534
	  0.491	 -0.211	  0.845

5 	  41.64	   9.09	   8.89
	  0.463	  0.213	  0.860
	 -0.650	 -0.580	  0.491
	  0.606	 -0.785	 -0.129

6 	  48.22	   9.98	  18.28
	  0.596	 -0.104	  0.796
	 -0.680	  0.466	  0.566
	 -0.436	 -0.876	  0.207

7 	  39.73	  -7.80	  -3.02
	  0.310	 -0.945	  0.107
	  0.932	  0.279	 -0.232
	  0.189	  0.172	  0.967

8 	  40.68	 -10.20	   9.56
	  0.501	 -0.148	  0.853
	  0.213	 -0.934	 -0.286
	  0.840	  0.323	 -0.436

9 	  47.13	 -13.24	  18.88
	  0.534	 -0.096	  0.839
	  0.833	  0.227	 -0.503
	 -0.148	  0.969	  0.200

2 	  32.70	  -8.84	  22.75
	  0.714	  0.699	 -0.037
	 -0.701	  0.712	 -0.037
	  0.002	  0.052	  0.998

3 	  45.26	  -0.84	   1.27
	  0.597	 -0.065	  0.799
	 -0.017	  0.995	  0.093
	 -0.802	 -0.069	  0.593

4 	  39.50	   6.19	  -3.62
	  0.382	  0.924	  0.015
	 -0.785	  0.315	  0.533
	  0.489	 -0.215	  0.845

5 	  41.57	   9.16	   8.88
	  0.456	  0.225	  0.861
	 -0.651	 -0.577	  0.492
	  0.610	 -0.784	 -0.116

6 	  48.16	  10.05	  18.32
	  0.602	 -0.104	  0.791
	 -0.680	  0.455	  0.574
	 -0.425	 -0.881	  0.205

7 	  39.73	  -7.80	  -3.01
	  0.311	 -0.944	  0.107
	  0.931	  0.280	 -0.231
	  0.188	  0.171	  0.967

8 	  40.69	 -10.32	   9.53
	  0.505	 -0.187	  0.842
	  0.179	 -0.933	 -0.312
	  0.845	  0.307	 -0.438

9 	  47.16	 -13.69	  18.67
	  0.539	 -0.123	  0.833
	  0.834	  0.220	 -0.505
	 -0.127	  0.967	  0.221

2 	  32.71	  -8.82	  22.75
	  0.714	  0.699	 -0.037
	 -0.701	  0.712	 -0.037
	  0.002	  0.052	  0.998

3 	  45.25	  -0.86	   1.28
	  0.595	 -0.066	  0.801
	 -0.018	  0.995	  0.095
	 -0.804	 -0.071	  0.591

4 	  39.45	   6.13	  -3.59
	  0.382	  0.924	  0.025
	 -0.785	  0.310	  0.536
	  0.488	 -0.224	  0.843

5 	  41.41	   9.40	   8.79
	  0.444	  0.272	  0.854
	 -0.630	 -0.585	  0.511
	  0.640	 -0.763	 -0.088

6 	  48.06	  10.79	  18.14
	  0.623	 -0.061	  0.779
	 -0.691	  0.430	  0.581
	 -0.375	 -0.899	  0.227

7 	  39.71	  -7.79	  -3.06
	  0.321	 -0.942	  0.101
	  0.929	  0.293	 -0.225
	  0.182	  0.166	  0.969

8 	  40.68	 -10.71	   9.35
	  0.510	 -0.270	  0.817
	  0.098	 -0.925	 -0.366
	  0.855	  0.265	 -0.445

9 	  47.14	 -14.98	  18.02
	  0.554	 -0.198	  0.809
	  0.831	  0.201	 -0.518
	 -0.064	  0.959	  0.276

2 	  32.70	  -8.84	  22.75
	  0.714	  0.699	 -0.037
	 -0.701	  0.712	 -0.037
	  0.002	  0.052	  0.998

3 	  45.23	  -0.84	   1.30
	  0.596	 -0.065	  0.800
	 -0.024	  0.995	  0.099
	 -0.803	 -0.078	  0.591

4 	  39.25	   6.05	  -3.64
	  0.359	  0.933	  0.015
	 -0.788	  0.293	  0.540
	  0.501	 -0.205	  0.841

5 	  41.13	  10.02	   8.46
	  0.436	  0.383	  0.814
	 -0.531	 -0.622	  0.575
	  0.729	 -0.681	 -0.068

6 	  47.92	  12.83	  17.35
	  0.649	  0.075	  0.756
	 -0.714	  0.408	  0.569
	 -0.272	 -0.908	  0.320

7 	  39.67	  -7.70	  -3.18
	  0.331	 -0.941	  0.074
	  0.928	  0.310	 -0.206
	  0.171	  0.136	  0.976

8 	  40.64	 -11.37	   8.88
	  0.499	 -0.399	  0.769
	 -0.023	 -0.894	 -0.447
	  0.866	  0.204	 -0.455

9 	  47.04	 -17.05	  16.61
	  0.577	 -0.325	  0.749
	  0.815	  0.170	 -0.553
	  0.050	  0.930	  0.363

2 	  32.70	  -8.82	  22.75
	  0.714	  0.699	 -0.037
	 -0.701	  0.712	 -0.037
	  0.002	  0.052	  0.998

3 	  45.19	  -0.77	   1.27
	  0.600	 -0.060	  0.798
	 -0.028	  0.995	  0.095
	 -0.800	 -0.080	  0.595

4 	  39.04	   5.92	  -3.83
	  0.333	  0.943	 -0.004
	 -0.793	  0.281	  0.540
	  0.511	 -0.176	  0.841

5 	  40.87	  10.58	   7.95
	  0.423	  0.470	  0.774
	 -0.450	 -0.635	  0.628
	  0.789	 -0.612	 -0.057

6 	  47.71	  14.52	  16.42
	  0.663	  0.186	  0.725
	 -0.728	  0.392	  0.562
	 -0.184	 -0.899	  0.397

7 	  39.52	  -7.51	  -3.50
	  0.320	 -0.947	  0.015
	  0.934	  0.313	 -0.169
	  0.156	  0.068	  0.985

8 	  40.45	 -12.27	   8.05
	  0.474	 -0.533	  0.700
	 -0.142	 -0.832	 -0.537
	  0.869	  0.156	 -0.470

9 	  46.58	 -19.42	  14.55
	  0.579	 -0.471	  0.665
	  0.795	  0.144	 -0.589
	  0.181	  0.870	  0.458

2 	  32.70	  -8.82	  22.75
	  0.714	  0.699	 -0.037
	 -0.701	  0.712	 -0.037
	  0.002	  0.052	  0.998

3 	  45.11	  -0.67	   1.09
	  0.613	 -0.046	  0.788
	 -0.046	  0.994	  0.093
	 -0.789	 -0.093	  0.608

4 	  38.58	   5.70	  -4.04
	  0.297	  0.954	 -0.044
	 -0.786	  0.269	  0.556
	  0.542	 -0.130	  0.829

5 	  40.68	  11.09	   7.29
	  0.433	  0.553	  0.712
	 -0.343	 -0.631	  0.696
	  0.836	 -0.543	 -0.084

6 	  47.67	  16.21	  14.94
	  0.692	  0.292	  0.660
	 -0.718	  0.383	  0.581
	 -0.086	 -0.876	  0.475

7 	  39.29	  -7.31	  -3.74
	  0.294	 -0.955	 -0.034
	  0.945	  0.296	 -0.139
	  0.143	  0.009	  0.990

8 	  40.18	 -12.97	   7.22
	  0.456	 -0.634	  0.625
	 -0.226	 -0.761	 -0.608
	  0.861	  0.135	 -0.490

9 	  46.00	 -21.22	  12.50
	  0.569	 -0.588	  0.575
	  0.775	  0.148	 -0.614
	  0.278	  0.795	  0.539

2 	  32.70	  -8.82	  22.75
	  0.714	  0.699	 -0.037
	 -0.701	  0.712	 -0.037
	  0.002	  0.052	  0.998

3 	  44.95	  -0.58	   0.90
	  0.627	 -0.030	  0.778
	 -0.070	  0.993	  0.094
	 -0.776	 -0.113	  0.620

4 	  38.02	   5.48	  -4.18
	  0.264	  0.960	 -0.089
	 -0.771	  0.264	  0.579
	  0.580	 -0.084	  0.810

5 	  40.57	  11.50	   6.66
	  0.452	  0.615	  0.646
	 -0.249	 -0.609	  0.752
	  0.857	 -0.499	 -0.123

6 	  47.72	  17.40	  13.31
	  0.720	  0.373	  0.584
	 -0.694	  0.388	  0.606
	 -0.003	 -0.842	  0.539

7 	  38.95	  -7.17	  -3.92
	  0.275	 -0.958	 -0.085
	  0.944	  0.286	 -0.162
	  0.180	 -0.036	  0.983

8 	  40.08	 -13.68	   6.35
	  0.455	 -0.711	  0.535
	 -0.286	 -0.686	 -0.669
	  0.844	  0.152	 -0.515

9 	  45.81	 -22.64	  10.12
	  0.571	 -0.680	  0.460
	  0.741	  0.185	 -0.645
	  0.356	  0.709	  0.609

2 	  32.70	  -8.82	  22.75
	  0.714	  0.699	 -0.037
	 -0.701	  0.712	 -0.037
	  0.002	  0.052	  0.998

3 	  44.77	  -0.51	   0.67
	  0.641	 -0.024	  0.766
	 -0.094	  0.989	  0.109
	 -0.762	 -0.142	  0.632

4 	  37.55	   5.31	  -4.27
	  0.241	  0.963	 -0.120
	 -0.752	  0.263	  0.605
	  0.615	 -0.055	  0.786

5 	  40.46	  11.74	   6.15
	  0.471	  0.650	  0.596
	 -0.184	 -0.589	  0.786
	  0.864	 -0.478	 -0.158

6 	  47.79	  18.18	  12.06
	  0.735	  0.434	  0.521
	 -0.676	  0.398	  0.620
	  0.061	 -0.808	  0.586

7 	  38.57	  -6.94	  -4.08
	  0.266	 -0.955	 -0.131
	  0.935	  0.288	 -0.205
	  0.234	 -0.069	  0.970

8 	  40.06	 -14.08	   5.52
	  0.462	 -0.763	  0.451
	 -0.352	 -0.624	 -0.697
	  0.815	  0.163	 -0.556

9 	  45.72	 -23.45	   8.10
	  0.568	 -0.744	  0.350
	  0.698	  0.208	 -0.685
	  0.440	  0.634	  0.636

2 	  32.70	  -8.82	  22.75
	  0.714	  0.699	 -0.037
	 -0.701	  0.712	 -0.037
	  0.002	  0.052	  0.998

3 	  44.49	  -0.30	   0.35
	  0.665	 -0.013	  0.746
	 -0.121	  0.985	  0.124
	 -0.737	 -0.173	  0.653

4 	  36.86	   5.22	  -4.34
	  0.213	  0.965	 -0.155
	 -0.720	  0.261	  0.643
	  0.661	 -0.025	  0.750

5 	  40.43	  12.08	   5.61
	  0.503	  0.681	  0.531
	 -0.100	 -0.566	  0.818
	  0.859	 -0.464	 -0.218

6 	  47.99	  18.86	  10.55
	  0.760	  0.478	  0.440
	 -0.637	  0.411	  0.652
	  0.130	 -0.776	  0.617

7 	  38.09	  -6.77	  -4.17
	  0.259	 -0.952	 -0.161
	  0.920	  0.294	 -0.259
	  0.294	 -0.081	  0.952

8 	  39.94	 -14.36	   4.78
	  0.470	 -0.798	  0.376
	 -0.399	 -0.572	 -0.717
	  0.788	  0.188	 -0.586

9 	  45.39	 -24.10	   6.19
	  0.555	 -0.793	  0.251
	  0.664	  0.238	 -0.709
	  0.506	  0.559	  0.656

2 	  32.71	  -8.82	  22.75
	  0.714	  0.699	 -0.036
	 -0.701	  0.712	 -0.037
	  0.001	  0.052	  0.998

3 	  44.17	  -0.19	   0.05
	  0.691	 -0.013	  0.723
	 -0.134	  0.980	  0.144
	 -0.711	 -0.196	  0.675

4 	  36.28	   5.19	  -4.34
	  0.200	  0.962	 -0.185
	 -0.685	  0.272	  0.676
	  0.701	 -0.009	  0.712

5 	  40.50	  12.32	   5.04
	  0.543	  0.698	  0.466
	 -0.028	 -0.541	  0.840
	  0.840	 -0.468	 -0.275

6 	  48.36	  19.28	   9.02
	  0.790	  0.502	  0.351
	 -0.584	  0.437	  0.684
	  0.190	 -0.746	  0.638

7 	  37.60	  -6.50	  -4.31
	  0.237	 -0.948	 -0.210
	  0.907	  0.293	 -0.302
	  0.348	 -0.119	  0.929

8 	  39.85	 -14.62	   3.94
	  0.485	 -0.824	  0.292
	 -0.446	 -0.520	 -0.729
	  0.754	  0.223	 -0.618

9 	  45.25	 -24.49	   4.24
	  0.550	 -0.822	  0.151
	  0.621	  0.279	 -0.732
	  0.562	  0.496	  0.661

2 	  32.70	  -8.82	  22.75
	  0.714	  0.699	 -0.036
	 -0.701	  0.712	 -0.037
	  0.001	  0.052	  0.998

3 	  43.93	  -0.04	  -0.14
	  0.707	 -0.016	  0.707
	 -0.138	  0.977	  0.160
	 -0.694	 -0.210	  0.688

4 	  35.89	   5.26	  -4.34
	  0.196	  0.958	 -0.207
	 -0.654	  0.284	  0.701
	  0.730	 -0.002	  0.682

5 	  40.61	  12.59	   4.59
	  0.570	  0.708	  0.416
	  0.020	 -0.519	  0.855
	  0.821	 -0.478	 -0.310

6 	  48.69	  19.56	   7.91
	  0.810	  0.508	  0.292
	 -0.545	  0.468	  0.695
	  0.217	 -0.723	  0.656

7 	  37.27	  -6.33	  -4.38
	  0.230	 -0.943	 -0.240
	  0.889	  0.304	 -0.343
	  0.396	 -0.135	  0.908

8 	  39.90	 -14.75	   3.23
	  0.501	 -0.834	  0.230
	 -0.465	 -0.482	 -0.743
	  0.731	  0.265	 -0.628

9 	  45.35	 -24.63	   2.60
	  0.548	 -0.834	  0.071
	  0.598	  0.327	 -0.732
	  0.589	  0.443	  0.675

2 	  32.70	  -8.82	  22.75
	  0.714	  0.699	 -0.036
	 -0.701	  0.712	 -0.037
	  0.001	  0.052	  0.998

3 	  43.77	   0.07	  -0.25
	  0.714	 -0.017	  0.699
	 -0.145	  0.974	  0.170
	 -0.685	 -0.222	  0.694

4 	  35.65	   5.29	  -4.31
	  0.193	  0.956	 -0.221
	 -0.633	  0.293	  0.716
	  0.750	  0.002	  0.661

5 	  40.71	  12.76	   4.22
	  0.592	  0.718	  0.367
	  0.075	 -0.503	  0.861
	  0.803	 -0.481	 -0.351

6 	  48.97	  19.78	   6.80
	  0.830	  0.509	  0.224
	 -0.496	  0.492	  0.715
	  0.255	 -0.706	  0.661

7 	  37.12	  -6.21	  -4.43
	  0.238	 -0.935	 -0.263
	  0.869	  0.325	 -0.373
	  0.434	 -0.140	  0.890

8 	  40.10	 -14.87	   2.48
	  0.518	 -0.839	  0.165
	 -0.486	 -0.447	 -0.751
	  0.705	  0.309	 -0.638

9 	  45.62	 -24.63	   0.90
	  0.548	 -0.836	 -0.011
	  0.573	  0.382	 -0.725
	  0.613	  0.391	  0.686

2 	  32.71	  -8.82	  22.75
	  0.714	  0.699	 -0.037
	 -0.701	  0.712	 -0.037
	  0.002	  0.052	  0.998

3 	  43.65	   0.16	  -0.32
	  0.719	 -0.019	  0.695
	 -0.151	  0.972	  0.180
	 -0.679	 -0.234	  0.696

4 	  35.46	   5.33	  -4.29
	  0.191	  0.953	 -0.235
	 -0.613	  0.303	  0.729
	  0.766	  0.005	  0.642

5 	  40.83	  12.92	   3.97
	  0.606	  0.723	  0.330
	  0.114	 -0.490	  0.864
	  0.787	 -0.486	 -0.380

6 	  49.20	  19.92	   5.96
	  0.842	  0.510	  0.175
	 -0.460	  0.508	  0.728
	  0.283	 -0.694	  0.661

7 	  36.93	  -6.08	  -4.50
	  0.234	 -0.927	 -0.294
	  0.848	  0.342	 -0.405
	  0.476	 -0.155	  0.865

8 	  40.20	 -14.98	   1.79
	  0.531	 -0.840	  0.107
	 -0.509	 -0.417	 -0.753
	  0.679	  0.345	 -0.648

9 	  45.72	 -24.57	  -0.60
	  0.543	 -0.836	 -0.082
	  0.553	  0.427	 -0.715
	  0.635	  0.343	  0.691

2 	  32.70	  -8.82	  22.75
	  0.714	  0.699	 -0.037
	 -0.701	  0.712	 -0.037
	  0.002	  0.052	  0.998

3 	  43.52	   0.23	  -0.39
	  0.726	 -0.023	  0.687
	 -0.153	  0.969	  0.193
	 -0.671	 -0.245	  0.700

4 	  35.23	   5.36	  -4.22
	  0.185	  0.952	 -0.242
	 -0.596	  0.304	  0.743
	  0.781	  0.007	  0.624

5 	  40.89	  12.97	   3.81
	  0.623	  0.723	  0.297
	  0.148	 -0.482	  0.863
	  0.768	 -0.494	 -0.407

6 	  49.50	  19.76	   5.17
	  0.860	  0.495	  0.118
	 -0.408	  0.532	  0.742
	  0.305	 -0.687	  0.659

7 	  36.74	  -5.96	  -4.54
	  0.225	 -0.918	 -0.325
	  0.829	  0.355	 -0.431
	  0.511	 -0.173	  0.841

8 	  40.27	 -15.03	   1.14
	  0.541	 -0.839	  0.053
	 -0.534	 -0.390	 -0.750
	  0.652	  0.376	 -0.658

9 	  45.67	 -24.56	  -1.97
	  0.529	 -0.837	 -0.142
	  0.542	  0.460	 -0.703
	  0.656	  0.295	  0.694

2 	  32.71	  -8.82	  22.75
	  0.714	  0.699	 -0.037
	 -0.701	  0.712	 -0.038
	  0.001	  0.052	  0.998

3 	  43.40	   0.28	  -0.51
	  0.737	 -0.029	  0.675
	 -0.154	  0.966	  0.208
	 -0.659	 -0.256	  0.707

4 	  34.98	   5.36	  -4.11
	  0.182	  0.950	 -0.253
	 -0.574	  0.311	  0.757
	  0.798	  0.007	  0.602

5 	  40.94	  13.03	   3.60
	  0.637	  0.724	  0.264
	  0.179	 -0.472	  0.863
	  0.751	 -0.502	 -0.430

6 	  49.61	  19.81	   4.41
	  0.867	  0.493	  0.068
	 -0.373	  0.552	  0.746
	  0.331	 -0.673	  0.661

7 	  36.47	  -5.85	  -4.57
	  0.207	 -0.909	 -0.362
	  0.809	  0.366	 -0.459
	  0.550	 -0.199	  0.811

8 	  40.24	 -15.08	   0.39
	  0.541	 -0.841	 -0.007
	 -0.563	 -0.354	 -0.747
	  0.627	  0.408	 -0.664

9 	  45.35	 -24.54	  -3.48
	  0.502	 -0.841	 -0.204
	  0.536	  0.484	 -0.692
	  0.683	  0.238	  0.690

2 	  32.70	  -8.82	  22.75
	  0.714	  0.699	 -0.037
	 -0.701	  0.712	 -0.037
	  0.002	  0.052	  0.998

3 	  43.10	   0.33	  -0.67
	  0.754	 -0.035	  0.656
	 -0.152	  0.962	  0.225
	 -0.639	 -0.269	  0.720

4 	  34.49	   5.38	  -3.92
	  0.170	  0.950	 -0.263
	 -0.543	  0.312	  0.779
	  0.822	  0.010	  0.568

5 	  40.83	  13.11	   3.45
	  0.656	  0.724	  0.214
	  0.226	 -0.459	  0.859
	  0.720	 -0.515	 -0.464

6 	  49.76	  19.56	   3.13
	  0.887	  0.461	 -0.023
	 -0.287	  0.588	  0.756
	  0.362	 -0.664	  0.654

7 	  35.98	  -5.73	  -4.57
	  0.188	 -0.899	 -0.396
	  0.779	  0.381	 -0.497
	  0.598	 -0.216	  0.772

8 	  40.04	 -15.12	  -0.47
	  0.545	 -0.834	 -0.082
	 -0.599	 -0.318	 -0.735
	  0.588	  0.449	 -0.672

9 	  44.95	 -24.31	  -5.31
	  0.480	 -0.830	 -0.285
	  0.503	  0.524	 -0.687
	  0.722	  0.186	  0.666

2 	  32.70	  -8.82	  22.75
	  0.714	  0.699	 -0.037
	 -0.701	  0.712	 -0.038
	  0.001	  0.052	  0.998

3 	  42.84	   0.40	  -0.79
	  0.773	 -0.043	  0.633
	 -0.148	  0.958	  0.245
	 -0.617	 -0.283	  0.734

4 	  34.14	   5.41	  -3.76
	  0.163	  0.946	 -0.280
	 -0.507	  0.323	  0.799
	  0.847	  0.011	  0.531

5 	  40.76	  13.29	   3.09
	  0.666	  0.727	  0.166
	  0.267	 -0.440	  0.857
	  0.697	 -0.527	 -0.487

6 	  49.73	  19.62	   1.90
	  0.891	  0.445	 -0.087
	 -0.246	  0.635	  0.732
	  0.382	 -0.631	  0.675

7 	  35.75	  -5.61	  -4.59
	  0.179	 -0.890	 -0.419
	  0.758	  0.396	 -0.518
	  0.627	 -0.225	  0.745

8 	  39.90	 -15.03	  -1.11
	  0.542	 -0.830	 -0.131
	 -0.620	 -0.288	 -0.730
	  0.570	  0.476	 -0.669

9 	  44.68	 -24.01	  -6.64
	  0.462	 -0.818	 -0.343
	  0.511	  0.559	 -0.653
	  0.728	  0.126	  0.673

2 	  32.70	  -8.82	  22.75
	  0.714	  0.699	 -0.037
	 -0.701	  0.712	 -0.037
	  0.002	  0.052	  0.998

3 	  42.71	   0.51	  -0.86
	  0.780	 -0.044	  0.624
	 -0.151	  0.955	  0.255
	 -0.608	 -0.292	  0.738

4 	  33.98	   5.45	  -3.71
	  0.154	  0.946	 -0.284
	 -0.496	  0.322	  0.806
	  0.855	  0.017	  0.519

5 	  40.69	  13.43	   2.94
	  0.664	  0.734	  0.143
	  0.288	 -0.427	  0.857
	  0.691	 -0.528	 -0.494

6 	  49.68	  19.67	   1.39
	  0.891	  0.435	 -0.128
	 -0.208	  0.642	  0.738
	  0.404	 -0.631	  0.662

7 	  35.72	  -5.52	  -4.62
	  0.180	 -0.887	 -0.426
	  0.752	  0.403	 -0.522
	  0.634	 -0.227	  0.739

8 	  39.88	 -14.98	  -1.34
	  0.540	 -0.829	 -0.145
	 -0.626	 -0.280	 -0.728
	  0.564	  0.483	 -0.669

9 	  44.56	 -23.94	  -7.08
	  0.450	 -0.818	 -0.359
	  0.516	  0.563	 -0.645
	  0.732	  0.106	  0.672

2 	  32.70	  -8.82	  22.75
	  0.714	  0.699	 -0.037
	 -0.701	  0.712	 -0.037
	  0.002	  0.052	  0.998

3 	  42.70	   0.54	  -0.88
	  0.781	 -0.044	  0.623
	 -0.153	  0.954	  0.258
	 -0.607	 -0.296	  0.738

4 	  33.93	   5.43	  -3.71
	  0.150	  0.945	 -0.290
	 -0.492	  0.325	  0.807
	  0.857	  0.022	  0.514

5 	  40.69	  13.43	   2.81
	  0.672	  0.730	  0.122
	  0.298	 -0.417	  0.859
	  0.679	 -0.540	 -0.497

6 	  49.90	  19.18	   0.63
	  0.902	  0.391	 -0.181
	 -0.147	  0.674	  0.724
	  0.405	 -0.626	  0.666

7 	  35.67	  -5.48	  -4.62
	  0.179	 -0.884	 -0.432
	  0.745	  0.408	 -0.527
	  0.642	 -0.227	  0.731

8 	  39.85	 -14.99	  -1.53
	  0.537	 -0.829	 -0.159
	 -0.635	 -0.272	 -0.723
	  0.558	  0.488	 -0.671

9 	  44.46	 -23.94	  -7.38
	  0.441	 -0.818	 -0.370
	  0.523	  0.567	 -0.637
	  0.732	  0.088	  0.675

2 	  32.70	  -8.82	  22.75
	  0.714	  0.699	 -0.037
	 -0.701	  0.712	 -0.037
	  0.002	  0.052	  0.998

3 	  42.66	   0.53	  -0.88
	  0.782	 -0.045	  0.621
	 -0.152	  0.954	  0.260
	 -0.605	 -0.297	  0.739

4 	  33.93	   5.36	  -3.73
	  0.158	  0.940	 -0.302
	 -0.480	  0.340	  0.809
	  0.863	  0.017	  0.504

5 	  40.83	  13.38	   2.62
	  0.682	  0.724	  0.105
	  0.300	 -0.408	  0.862
	  0.667	 -0.557	 -0.494

6 	  50.13	  18.90	   0.18
	  0.908	  0.367	 -0.202
	 -0.121	  0.694	  0.710
	  0.401	 -0.619	  0.675

7 	  35.56	  -5.52	  -4.61
	  0.167	 -0.884	 -0.437
	  0.737	  0.406	 -0.540
	  0.655	 -0.232	  0.719

8 	  39.78	 -15.01	  -1.79
	  0.531	 -0.827	 -0.182
	 -0.650	 -0.259	 -0.715
	  0.545	  0.498	 -0.674

9 	  44.17	 -23.96	  -7.89
	  0.423	 -0.817	 -0.392
	  0.521	  0.571	 -0.634
	  0.744	  0.064	  0.665

2 	  32.71	  -8.82	  22.75
	  0.714	  0.699	 -0.037
	 -0.701	  0.712	 -0.038
	  0.001	  0.052	  0.998

3 	  42.64	   0.46	  -0.93
	  0.785	 -0.048	  0.618
	 -0.146	  0.954	  0.260
	 -0.603	 -0.294	  0.741

4 	  33.89	   5.33	  -3.74
	  0.161	  0.936	 -0.312
	 -0.469	  0.350	  0.811
	  0.869	  0.015	  0.495

5 	  40.94	  13.38	   2.43
	  0.687	  0.721	  0.091
	  0.306	 -0.401	  0.863
	  0.660	 -0.565	 -0.495

6 	  50.22	  18.74	  -0.12
	  0.910	  0.354	 -0.216
	 -0.107	  0.706	  0.700
	  0.401	 -0.612	  0.681

7 	  35.49	  -5.54	  -4.61
	  0.157	 -0.883	 -0.443
	  0.732	  0.404	 -0.548
	  0.663	 -0.238	  0.710

8 	  39.69	 -15.03	  -1.90
	  0.527	 -0.828	 -0.192
	 -0.656	 -0.252	 -0.711
	  0.542	  0.500	 -0.675

9 	  44.00	 -23.96	  -8.05
	  0.414	 -0.818	 -0.400
	  0.523	  0.571	 -0.633
	  0.748	  0.053	  0.661

2 	  32.70	  -8.82	  22.75
	  0.714	  0.699	 -0.037
	 -0.701	  0.712	 -0.037
	  0.002	  0.052	  0.998

3 	  42.63	   0.42	  -0.95
	  0.787	 -0.049	  0.615
	 -0.142	  0.956	  0.258
	 -0.602	 -0.290	  0.744

4 	  33.98	   5.34	  -3.76
	  0.165	  0.937	 -0.309
	 -0.469	  0.349	  0.811
	  0.868	  0.011	  0.496

5 	  40.99	  13.27	   2.51
	  0.690	  0.716	  0.107
	  0.285	 -0.404	  0.869
	  0.666	 -0.569	 -0.481

6 	  50.40	  18.70	   0.33
	  0.918	  0.356	 -0.172
	 -0.150	  0.716	  0.681
	  0.366	 -0.599	  0.712

7 	  35.58	  -5.57	  -4.57
	  0.160	 -0.886	 -0.435
	  0.735	  0.400	 -0.546
	  0.658	 -0.233	  0.716

8 	  39.71	 -15.05	  -1.76
	  0.526	 -0.832	 -0.178
	 -0.653	 -0.259	 -0.712
	  0.547	  0.490	 -0.678

9 	  44.03	 -24.10	  -7.70
	  0.409	 -0.828	 -0.383
	  0.545	  0.556	 -0.628
	  0.735	  0.049	  0.676

2 	  32.70	  -8.82	  22.73
	  0.714	  0.699	 -0.037
	 -0.701	  0.712	 -0.037
	  0.002	  0.052	  0.998

3 	  42.70	   0.39	  -0.86
	  0.775	 -0.051	  0.630
	 -0.143	  0.957	  0.252
	 -0.617	 -0.284	  0.734

4 	  34.08	   5.34	  -3.83
	  0.171	  0.934	 -0.312
	 -0.472	  0.355	  0.807
	  0.865	  0.009	  0.501

5 	  41.08	  13.29	   2.48
	  0.685	  0.719	  0.113
	  0.279	 -0.403	  0.872
	  0.673	 -0.566	 -0.476

6 	  50.40	  18.77	   0.42
	  0.918	  0.363	 -0.160
	 -0.162	  0.712	  0.683
	  0.362	 -0.601	  0.712

7 	  35.60	  -5.59	  -4.57
	  0.164	 -0.886	 -0.434
	  0.736	  0.402	 -0.544
	  0.656	 -0.231	  0.718

8 	  39.80	 -15.06	  -1.76
	  0.528	 -0.830	 -0.176
	 -0.648	 -0.259	 -0.716
	  0.551	  0.492	 -0.674

9 	  44.17	 -24.01	  -7.79
	  0.413	 -0.826	 -0.384
	  0.562	  0.560	 -0.608
	  0.720	  0.036	  0.693

2 	  32.70	  -8.82	  22.75
	  0.714	  0.699	 -0.037
	 -0.701	  0.712	 -0.038
	  0.001	  0.052	  0.998

3 	  42.70	   0.37	  -0.84
	  0.773	 -0.052	  0.632
	 -0.143	  0.957	  0.252
	 -0.619	 -0.285	  0.732

4 	  34.08	   5.34	  -3.81
	  0.175	  0.933	 -0.315
	 -0.468	  0.359	  0.807
	  0.866	  0.006	  0.499

5 	  41.13	  13.25	   2.46
	  0.690	  0.714	  0.112
	  0.273	 -0.400	  0.875
	  0.670	 -0.574	 -0.470

6 	  50.52	  18.62	   0.39
	  0.922	  0.349	 -0.165
	 -0.152	  0.721	  0.676
	  0.355	 -0.598	  0.719

7 	  35.60	  -5.59	  -4.59
	  0.164	 -0.884	 -0.438
	  0.734	  0.406	 -0.545
	  0.659	 -0.233	  0.714

8 	  39.83	 -15.05	  -1.86
	  0.531	 -0.828	 -0.182
	 -0.651	 -0.260	 -0.713
	  0.544	  0.496	 -0.676

9 	  44.09	 -24.03	  -7.89
	  0.402	 -0.832	 -0.384
	  0.578	  0.552	 -0.600
	  0.714	  0.020	  0.699

2 	  32.70	  -8.82	  22.75
	  0.714	  0.699	 -0.037
	 -0.701	  0.712	 -0.037
	  0.002	  0.052	  0.998

3 	  42.70	   0.37	  -0.86
	  0.773	 -0.053	  0.631
	 -0.141	  0.957	  0.253
	 -0.619	 -0.284	  0.732

4 	  34.14	   5.38	  -3.81
	  0.177	  0.932	 -0.317
	 -0.464	  0.362	  0.808
	  0.868	  0.004	  0.496

5 	  41.19	  13.24	   2.48
	  0.693	  0.712	  0.112
	  0.270	 -0.401	  0.875
	  0.668	 -0.577	 -0.470

6 	  50.61	  18.56	   0.35
	  0.924	  0.344	 -0.167
	 -0.147	  0.722	  0.675
	  0.353	 -0.599	  0.719

7 	  35.54	  -5.57	  -4.59
	  0.153	 -0.886	 -0.438
	  0.736	  0.397	 -0.548
	  0.659	 -0.238	  0.713

8 	  39.81	 -15.01	  -1.62
	  0.524	 -0.834	 -0.174
	 -0.685	 -0.290	 -0.668
	  0.508	  0.469	 -0.722

9 	  43.42	 -24.63	  -6.70
	  0.346	 -0.875	 -0.339
	  0.252	  0.433	 -0.865
	  0.905	  0.214	  0.368

2 	  32.70	  -8.82	  22.75
	  0.714	  0.699	 -0.037
	 -0.701	  0.712	 -0.037
	  0.002	  0.052	  0.998

3 	  42.71	   0.30	  -0.93
	  0.781	 -0.054	  0.622
	 -0.132	  0.960	  0.247
	 -0.611	 -0.274	  0.742

4 	  34.12	   5.38	  -3.80
	  0.181	  0.931	 -0.318
	 -0.456	  0.365	  0.812
	  0.872	 -0.002	  0.489

5 	  41.29	  13.11	   2.57
	  0.701	  0.703	  0.119
	  0.269	 -0.415	  0.869
	  0.661	 -0.577	 -0.479

6 	  50.77	  18.60	   1.00
	  0.899	  0.374	 -0.229
	  0.061	  0.409	  0.910
	  0.435	 -0.831	  0.346

7 	  35.53	  -5.68	  -4.48
	  0.151	 -0.895	 -0.420
	  0.738	  0.384	 -0.554
	  0.657	 -0.227	  0.719

8 	  40.34	 -14.87	  -1.05
	  0.526	 -0.831	 -0.180
	 -0.754	 -0.356	 -0.552
	  0.396	  0.426	 -0.813

9 	  43.40	 -25.10	  -5.78
	  0.275	 -0.902	 -0.334
	 -0.482	  0.175	 -0.859
	  0.835	  0.394	 -0.384

2 	  32.70	  -8.82	  22.73
	  0.714	  0.699	 -0.037
	 -0.701	  0.712	 -0.037
	  0.002	  0.052	  0.998

3 	  42.70	   0.23	  -0.95
	  0.790	 -0.055	  0.610
	 -0.119	  0.963	  0.240
	 -0.602	 -0.262	  0.754

4 	  34.05	   5.34	  -3.74
	  0.183	  0.930	 -0.319
	 -0.447	  0.367	  0.816
	  0.876	 -0.007	  0.482

5 	  41.38	  12.99	   2.62
	  0.709	  0.695	  0.119
	  0.288	 -0.439	  0.851
	  0.644	 -0.569	 -0.510

6 	  50.62	  18.81	   1.11
	  0.829	  0.461	 -0.316
	  0.349	  0.013	  0.937
	  0.438	 -0.886	 -0.149

7 	  35.31	  -5.64	  -4.46
	  0.129	 -0.892	 -0.433
	  0.728	  0.381	 -0.569
	  0.673	 -0.243	  0.698

8 	  40.36	 -14.82	  -1.20
	  0.518	 -0.832	 -0.201
	 -0.793	 -0.377	 -0.478
	  0.323	  0.406	 -0.855

9 	  43.33	 -25.15	  -5.84
	  0.227	 -0.912	 -0.341
	 -0.782	  0.041	 -0.621
	  0.584	  0.404	 -0.703

2 	  32.70	  -8.82	  22.75
	  0.714	  0.699	 -0.037
	 -0.701	  0.712	 -0.038
	  0.001	  0.052	  0.998

3 	  42.59	   0.25	  -1.00
	  0.796	 -0.061	  0.602
	 -0.111	  0.963	  0.243
	 -0.595	 -0.260	  0.760

4 	  33.93	   5.43	  -3.66
	  0.179	  0.932	 -0.315
	 -0.438	  0.361	  0.823
	  0.881	 -0.009	  0.473

5 	  41.31	  13.01	   2.71
	  0.709	  0.694	  0.122
	  0.298	 -0.451	  0.841
	  0.640	 -0.560	 -0.526

6 	  50.41	  18.95	   1.32
	  0.817	  0.479	 -0.320
	  0.376	 -0.020	  0.926
	  0.439	 -0.877	 -0.195

7 	  35.24	  -5.57	  -4.48
	  0.126	 -0.889	 -0.439
	  0.722	  0.385	 -0.574
	  0.680	 -0.245	  0.691

8 	  40.34	 -14.77	  -1.28
	  0.515	 -0.831	 -0.209
	 -0.801	 -0.381	 -0.462
	  0.305	  0.405	 -0.862

9 	  43.29	 -25.12	  -5.94
	  0.220	 -0.913	 -0.344
	 -0.803	  0.033	 -0.594
	  0.557	  0.404	 -0.725

2 	  32.70	  -8.82	  22.75
	  0.714	  0.699	 -0.037
	 -0.701	  0.712	 -0.037
	  0.002	  0.052	  0.998

3 	  42.57	   0.28	  -1.02
	  0.797	 -0.064	  0.600
	 -0.109	  0.963	  0.246
	 -0.594	 -0.262	  0.761

4 	  33.93	   5.48	  -3.64
	  0.177	  0.934	 -0.311
	 -0.438	  0.357	  0.825
	  0.882	 -0.010	  0.471

5 	  41.27	  13.03	   2.76
	  0.709	  0.694	  0.124
	  0.297	 -0.454	  0.840
	  0.640	 -0.559	 -0.527

6 	  50.45	  18.93	   1.32
	  0.819	  0.475	 -0.321
	  0.370	 -0.010	  0.929
	  0.439	 -0.879	 -0.183

7 	  35.23	  -5.52	  -4.48
	  0.127	 -0.888	 -0.442
	  0.722	  0.388	 -0.573
	  0.680	 -0.247	  0.690

8 	  40.36	 -14.73	  -1.32
	  0.516	 -0.830	 -0.211
	 -0.802	 -0.382	 -0.459
	  0.302	  0.406	 -0.863

9 	  43.35	 -25.07	  -5.98
	  0.220	 -0.912	 -0.345
	 -0.809	  0.029	 -0.587
	  0.549	  0.406	 -0.730

2 	  32.71	  -8.82	  22.75
	  0.714	  0.699	 -0.037
	 -0.701	  0.712	 -0.038
	  0.001	  0.052	  0.998

3 	  42.57	   0.32	  -1.02
	  0.798	 -0.063	  0.599
	 -0.110	  0.963	  0.247
	 -0.593	 -0.263	  0.761

4 	  33.93	   5.48	  -3.64
	  0.178	  0.933	 -0.311
	 -0.437	  0.357	  0.825
	  0.882	 -0.011	  0.471

5 	  41.31	  13.03	   2.76
	  0.710	  0.693	  0.124
	  0.297	 -0.454	  0.840
	  0.639	 -0.560	 -0.527

6 	  50.48	  18.88	   1.32
	  0.826	  0.463	 -0.322
	  0.358	  0.012	  0.933
	  0.437	 -0.886	 -0.154

7 	  35.23	  -5.50	  -4.50
	  0.128	 -0.887	 -0.444
	  0.721	  0.390	 -0.572
	  0.680	 -0.247	  0.690

8 	  40.38	 -14.71	  -1.37
	  0.517	 -0.829	 -0.213
	 -0.803	 -0.384	 -0.456
	  0.297	  0.406	 -0.864

9 	  43.37	 -25.07	  -6.01
	  0.219	 -0.913	 -0.345
	 -0.811	  0.029	 -0.584
	  0.547	  0.405	 -0.733

2 	  32.71	  -8.82	  22.75
	  0.714	  0.699	 -0.037
	 -0.701	  0.712	 -0.037
	  0.002	  0.052	  0.998

3 	  42.56	   0.30	  -1.04
	  0.799	 -0.065	  0.598
	 -0.108	  0.963	  0.247
	 -0.592	 -0.262	  0.762

4 	  33.86	   5.43	  -3.64
	  0.177	  0.930	 -0.320
	 -0.429	  0.365	  0.826
	  0.886	 -0.009	  0.464

5 	  41.31	  13.04	   2.65
	  0.712	  0.693	  0.110
	  0.304	 -0.446	  0.842
	  0.633	 -0.566	 -0.527

6 	  50.50	  18.72	   0.72
	  0.828	  0.440	 -0.348
	  0.361	  0.058	  0.931
	  0.431	 -0.896	 -0.109

7 	  35.07	  -5.55	  -4.46
	  0.119	 -0.884	 -0.452
	  0.713	  0.393	 -0.581
	  0.691	 -0.253	  0.677

8 	  40.31	 -14.78	  -1.81
	  0.518	 -0.817	 -0.253
	 -0.810	 -0.373	 -0.452
	  0.276	  0.439	 -0.855

9 	  43.22	 -24.93	  -6.96
	  0.215	 -0.897	 -0.385
	 -0.815	  0.054	 -0.577
	  0.541	  0.435	 -0.719

2 	  32.71	  -8.82	  22.75
	  0.714	  0.699	 -0.037
	 -0.701	  0.712	 -0.038
	  0.001	  0.052	  0.998

3 	  42.40	   0.21	  -1.18
	  0.812	 -0.066	  0.580
	 -0.104	  0.962	  0.253
	 -0.575	 -0.266	  0.774

4 	  33.59	   5.24	  -3.66
	  0.170	  0.921	 -0.351
	 -0.404	  0.390	  0.828
	  0.899	  0.001	  0.437

5 	  41.29	  13.08	   1.90
	  0.723	  0.689	  0.041
	  0.340	 -0.407	  0.847
	  0.602	 -0.599	 -0.528

6 	  50.52	  18.40	  -1.00
	  0.816	  0.386	 -0.429
	  0.409	  0.141	  0.901
	  0.410	 -0.911	 -0.042

7 	  34.93	  -5.64	  -4.43
	  0.108	 -0.875	 -0.471
	  0.688	  0.407	 -0.600
	  0.717	 -0.260	  0.646

8 	  40.27	 -14.80	  -2.60
	  0.518	 -0.792	 -0.325
	 -0.822	 -0.355	 -0.446
	  0.238	  0.497	 -0.834

9 	  43.05	 -24.56	  -8.77
	  0.202	 -0.863	 -0.464
	 -0.830	  0.102	 -0.548
	  0.523	  0.493	 -0.695

2 	  32.70	  -8.82	  22.75
	  0.714	  0.699	 -0.037
	 -0.701	  0.712	 -0.037
	  0.002	  0.052	  0.998

3 	  42.33	   0.19	  -1.23
	  0.815	 -0.067	  0.575
	 -0.105	  0.960	  0.260
	 -0.570	 -0.272	  0.775

4 	  33.56	   5.20	  -3.71
	  0.174	  0.912	 -0.371
	 -0.385	  0.409	  0.827
	  0.907	 -0.001	  0.421

5 	  41.48	  13.08	   1.42
	  0.735	  0.678	 -0.001
	  0.359	 -0.387	  0.849
	  0.576	 -0.625	 -0.527

6 	  50.77	  17.86	  -2.30
	  0.807	  0.325	 -0.493
	  0.461	  0.176	  0.869
	  0.371	 -0.928	 -0.007

7 	  34.91	  -5.59	  -4.50
	  0.108	 -0.867	 -0.486
	  0.679	  0.421	 -0.601
	  0.725	 -0.266	  0.635

8 	  40.27	 -14.70	  -3.22
	  0.517	 -0.773	 -0.368
	 -0.829	 -0.344	 -0.441
	  0.215	  0.533	 -0.818

9 	  43.05	 -24.13	  -9.93
	  0.195	 -0.838	 -0.510
	 -0.840	  0.127	 -0.527
	  0.509	  0.528	 -0.679

2 	  32.71	  -8.82	  22.75
	  0.714	  0.699	 -0.037
	 -0.701	  0.712	 -0.038
	  0.001	  0.052	  0.998

3 	  42.33	   0.23	  -1.25
	  0.817	 -0.071	  0.572
	 -0.104	  0.958	  0.267
	 -0.567	 -0.278	  0.775

4 	  33.56	   5.22	  -3.69
	  0.178	  0.909	 -0.376
	 -0.376	  0.415	  0.828
	  0.909	 -0.007	  0.416

5 	  41.64	  13.03	   1.25
	  0.747	  0.665	 -0.020
	  0.364	 -0.382	  0.849
	  0.558	 -0.641	 -0.526

6 	  50.99	  17.28	  -2.94
	  0.806	  0.265	 -0.529
	  0.489	  0.205	  0.847
	  0.334	 -0.942	  0.036

7 	  34.89	  -5.55	  -4.52
	  0.113	 -0.861	 -0.496
	  0.672	  0.433	 -0.600
	  0.731	 -0.266	  0.628

8 	  40.43	 -14.57	  -3.62
	  0.526	 -0.753	 -0.396
	 -0.830	 -0.350	 -0.435
	  0.189	  0.557	 -0.808

9 	  43.24	 -23.75	 -10.67
	  0.199	 -0.820	 -0.537
	 -0.851	  0.129	 -0.509
	  0.490	  0.556	 -0.672

2 	  32.70	  -8.82	  22.75
	  0.714	  0.699	 -0.037
	 -0.701	  0.712	 -0.038
	  0.001	  0.052	  0.998

3 	  42.31	   0.23	  -1.27
	  0.819	 -0.071	  0.569
	 -0.105	  0.957	  0.269
	 -0.565	 -0.280	  0.776

4 	  33.50	   5.15	  -3.74
	  0.181	  0.902	 -0.392
	 -0.361	  0.431	  0.827
	  0.915	 -0.008	  0.404

5 	  41.73	  12.97	   0.93
	  0.752	  0.657	 -0.045
	  0.375	 -0.370	  0.850
	  0.543	 -0.656	 -0.524

6 	  51.06	  16.88	  -3.74
	  0.792	  0.226	 -0.567
	  0.526	  0.219	  0.822
	  0.310	 -0.949	  0.054

7 	  34.89	  -5.59	  -4.50
	  0.119	 -0.856	 -0.503
	  0.660	  0.446	 -0.604
	  0.741	 -0.260	  0.618

8 	  40.55	 -14.45	  -3.99
	  0.534	 -0.728	 -0.430
	 -0.830	 -0.355	 -0.430
	  0.161	  0.586	 -0.794

9 	  43.33	 -23.34	 -11.58
	  0.198	 -0.793	 -0.576
	 -0.862	  0.139	 -0.487
	  0.469	  0.590	 -0.657

2 	  32.71	  -8.82	  22.75
	  0.714	  0.699	 -0.037
	 -0.701	  0.712	 -0.037
	  0.002	  0.052	  0.998

3 	  42.29	   0.21	  -1.27
	  0.820	 -0.071	  0.568
	 -0.105	  0.957	  0.270
	 -0.564	 -0.281	  0.777

4 	  33.50	   5.12	  -3.74
	  0.184	  0.899	 -0.397
	 -0.356	  0.437	  0.826
	  0.916	 -0.010	  0.400

5 	  41.87	  12.90	   0.76
	  0.763	  0.643	 -0.068
	  0.381	 -0.361	  0.851
	  0.524	 -0.675	 -0.519

6 	  51.21	  15.71	  -4.59
	  0.776	  0.118	 -0.620
	  0.585	  0.236	  0.776
	  0.237	 -0.965	  0.114

7 	  34.89	  -5.57	  -4.52
	  0.122	 -0.852	 -0.509
	  0.658	  0.453	 -0.602
	  0.743	 -0.262	  0.615

8 	  40.64	 -14.34	  -4.32
	  0.541	 -0.707	 -0.456
	 -0.829	 -0.358	 -0.429
	  0.140	  0.610	 -0.780

9 	  43.49	 -22.90	 -12.29
	  0.201	 -0.770	 -0.605
	 -0.871	  0.144	 -0.469
	  0.451	  0.619	 -0.643

2 	  32.71	  -8.82	  22.75
	  0.714	  0.699	 -0.037
	 -0.701	  0.712	 -0.037
	  0.002	  0.052	  0.998

3 	  42.29	   0.21	  -1.27
	  0.820	 -0.073	  0.567
	 -0.103	  0.957	  0.271
	 -0.563	 -0.281	  0.777

4 	  33.56	   5.15	  -3.76
	  0.190	  0.896	 -0.401
	 -0.352	  0.443	  0.824
	  0.917	 -0.016	  0.398

5 	  41.99	  12.87	   0.69
	  0.773	  0.629	 -0.078
	  0.380	 -0.359	  0.852
	  0.510	 -0.688	 -0.516

6 	  51.33	  15.13	  -5.08
	  0.760	  0.063	 -0.646
	  0.618	  0.238	  0.749
	  0.200	 -0.970	  0.141

7 	  34.91	  -5.57	  -4.55
	  0.124	 -0.849	 -0.514
	  0.655	  0.459	 -0.600
	  0.745	 -0.263	  0.612

8 	  40.75	 -14.26	  -4.62
	  0.545	 -0.690	 -0.477
	 -0.830	 -0.359	 -0.427
	  0.123	  0.628	 -0.768

9 	  43.52	 -22.62	 -12.83
	  0.200	 -0.754	 -0.625
	 -0.875	  0.151	 -0.459
	  0.443	  0.637	 -0.630

2 	  32.70	  -8.82	  22.75
	  0.714	  0.699	 -0.037
	 -0.701	  0.712	 -0.037
	  0.002	  0.052	  0.998

3 	  42.29	   0.18	  -1.27
	  0.819	 -0.078	  0.568
	 -0.098	  0.958	  0.270
	 -0.566	 -0.277	  0.776

4 	  33.56	   5.10	  -3.76
	  0.192	  0.893	 -0.407
	 -0.347	  0.449	  0.823
	  0.918	 -0.017	  0.396

5 	  42.01	  12.81	   0.65
	  0.775	  0.626	 -0.082
	  0.380	 -0.357	  0.853
	  0.507	 -0.693	 -0.513

6 	  51.38	  14.77	  -5.29
	  0.754	  0.035	 -0.656
	  0.632	  0.240	  0.736
	  0.182	 -0.971	  0.158

7 	  34.86	  -5.64	  -4.50
	  0.130	 -0.827	 -0.547
	  0.614	  0.500	 -0.610
	  0.778	 -0.257	  0.573

8 	  40.75	 -13.96	  -5.59
	  0.539	 -0.631	 -0.557
	 -0.840	 -0.352	 -0.413
	  0.064	  0.691	 -0.720

9 	  43.21	 -21.25	 -15.13
	  0.167	 -0.673	 -0.720
	 -0.903	  0.189	 -0.385
	  0.398	  0.713	 -0.577

2 	  32.70	  -8.82	  22.75
	  0.714	  0.699	 -0.037
	 -0.701	  0.712	 -0.037
	  0.002	  0.052	  0.998

3 	  42.31	   0.16	  -1.25
	  0.814	 -0.092	  0.573
	 -0.085	  0.958	  0.274
	 -0.575	 -0.272	  0.772

4 	  33.61	   5.10	  -3.76
	  0.199	  0.891	 -0.408
	 -0.342	  0.452	  0.824
	  0.919	 -0.025	  0.394

5 	  42.15	  12.71	   0.63
	  0.784	  0.615	 -0.083
	  0.374	 -0.360	  0.854
	  0.496	 -0.701	 -0.511

6 	  51.47	  14.45	  -5.38
	  0.749	  0.012	 -0.662
	  0.643	  0.234	  0.729
	  0.161	 -0.973	  0.166

7 	  34.73	  -5.45	  -4.54
	  0.128	 -0.794	 -0.594
	  0.572	  0.548	 -0.610
	  0.810	 -0.262	  0.524

8 	  40.61	 -13.39	  -6.71
	  0.519	 -0.564	 -0.642
	 -0.855	 -0.343	 -0.389
	 -0.001	  0.751	 -0.661

9 	  42.63	 -19.53	 -17.35
	  0.125	 -0.581	 -0.804
	 -0.937	  0.199	 -0.288
	  0.329	  0.787	 -0.520

2 	  32.70	  -8.82	  22.75
	  0.714	  0.699	 -0.037
	 -0.701	  0.712	 -0.037
	  0.002	  0.052	  0.998

3 	  42.28	   0.25	  -1.21
	  0.812	 -0.105	  0.574
	 -0.079	  0.955	  0.285
	 -0.579	 -0.277	  0.766

4 	  33.54	   5.20	  -3.69
	  0.199	  0.894	 -0.401
	 -0.338	  0.446	  0.829
	  0.920	 -0.030	  0.390

5 	  42.13	  12.74	   0.74
	  0.789	  0.609	 -0.081
	  0.372	 -0.368	  0.852
	  0.491	 -0.702	 -0.516

6 	  51.42	  14.33	  -5.34
