2 	  32.71	  -8.82	  22.75
	  0.714	  0.699	 -0.037
	 -0.701	  0.712	 -0.037
	  0.002	  0.052	  0.998

3 	  45.18	  -0.77	   1.51
	  0.560	 -0.109	  0.821
	 -0.034	  0.987	  0.153
	 -0.828	 -0.114	  0.549

4 	  39.39	   6.05	  -3.76
	  0.394	  0.918	  0.044
	 -0.783	  0.310	  0.539
	  0.482	 -0.247	  0.840

5 	  40.94	   9.44	   8.86
	  0.442	  0.271	  0.855
	 -0.651	 -0.560	  0.512
	  0.620	 -0.781	 -0.071

6 	  47.83	   9.97	  17.89
	  0.689	 -0.106	  0.716
	 -0.689	  0.218	  0.691
	 -0.234	 -0.969	  0.078

7 	  39.64	  -7.28	  -3.88
	  0.371	 -0.926	 -0.072
	  0.910	  0.377	 -0.172
	  0.187	 -0.002	  0.982

8 	  39.78	 -11.30	   8.14
	  0.365	 -0.267	  0.892
	  0.387	 -0.829	 -0.404
	  0.848	  0.492	 -0.198

9 	  46.58	 -12.29	  18.00
	  0.617	  0.044	  0.785
	  0.784	 -0.124	 -0.608
	  0.067	  0.992	 -0.112

2 	  32.71	  -8.82	  22.75
	  0.714	  0.699	 -0.037
	 -0.701	  0.712	 -0.037
	  0.002	  0.052	  0.998

3 	  45.16	  -0.77	   1.51
	  0.560	 -0.108	  0.821
	 -0.034	  0.987	  0.153
	 -0.828	 -0.114	  0.549

4 	  39.39	   6.03	  -3.76
	  0.394	  0.918	  0.043
	 -0.783	  0.311	  0.539
	  0.482	 -0.246	  0.841

5 	  40.94	   9.44	   8.84
	  0.442	  0.270	  0.855
	 -0.651	 -0.559	  0.512
	  0.619	 -0.782	 -0.071

6 	  47.83	   9.97	  17.89
	  0.688	 -0.106	  0.718
	 -0.690	  0.218	  0.690
	 -0.235	 -0.969	  0.078

7 	  39.66	  -7.28	  -3.88
	  0.371	 -0.926	 -0.072
	  0.909	  0.378	 -0.174
	  0.188	 -0.001	  0.982

8 	  39.80	 -11.30	   8.14
	  0.364	 -0.267	  0.892
	  0.387	 -0.829	 -0.404
	  0.848	  0.491	 -0.198

9 	  46.60	 -12.29	  18.00
	  0.618	  0.046	  0.784
	  0.783	 -0.124	 -0.609
	  0.066	  0.991	 -0.113

2 	  32.71	  -8.82	  22.75
	  0.714	  0.699	 -0.037
	 -0.701	  0.712	 -0.037
	  0.002	  0.052	  0.998

3 	  45.21	  -0.79	   1.48
	  0.562	 -0.105	  0.820
	 -0.035	  0.988	  0.150
	 -0.826	 -0.113	  0.552

4 	  39.43	   6.03	  -3.80
	  0.397	  0.917	  0.040
	 -0.782	  0.314	  0.538
	  0.482	 -0.244	  0.841

5 	  41.01	   9.46	   8.81
	  0.442	  0.271	  0.855
	 -0.654	 -0.557	  0.512
	  0.617	 -0.784	 -0.068

6 	  47.83	   9.97	  17.88
	  0.684	 -0.108	  0.721
	 -0.693	  0.224	  0.686
	 -0.240	 -0.967	  0.080

7 	  39.73	  -7.29	  -3.90
	  0.370	 -0.926	 -0.072
	  0.911	  0.376	 -0.169
	  0.184	 -0.003	  0.983

8 	  39.83	 -11.32	   8.10
	  0.361	 -0.267	  0.893
	  0.386	 -0.830	 -0.403
	  0.850	  0.489	 -0.196

9 	  46.62	 -12.29	  17.98
	  0.616	  0.047	  0.786
	  0.786	 -0.121	 -0.607
	  0.063	  0.992	 -0.111

2 	  32.71	  -8.82	  22.75
	  0.714	  0.699	 -0.037
	 -0.701	  0.712	 -0.037
	  0.002	  0.052	  0.998

3 	  45.26	  -0.79	   1.48
	  0.556	 -0.108	  0.823
	 -0.036	  0.987	  0.153
	 -0.830	 -0.115	  0.545

4 	  39.55	   6.01	  -3.85
	  0.413	  0.910	  0.040
	 -0.775	  0.326	  0.542
	  0.480	 -0.254	  0.839

5 	  41.19	   9.56	   8.54
	  0.435	  0.284	  0.854
	 -0.663	 -0.543	  0.516
	  0.613	 -0.789	 -0.047

6 	  47.95	  10.02	  17.70
	  0.672	 -0.116	  0.731
	 -0.691	  0.260	  0.674
	 -0.273	 -0.957	  0.096

7 	  39.94	  -7.28	  -4.04
	  0.388	 -0.920	 -0.059
	  0.906	  0.392	 -0.161
	  0.171	  0.009	  0.985

8 	  39.96	 -11.60	   7.70
	  0.327	 -0.289	  0.900
	  0.435	 -0.800	 -0.414
	  0.840	  0.525	 -0.135

9 	  46.62	 -12.41	  17.91
	  0.607	  0.042	  0.793
	  0.793	 -0.104	 -0.600
	  0.053	  0.994	 -0.096

2 	  32.71	  -8.82	  22.75
	  0.714	  0.699	 -0.037
	 -0.701	  0.712	 -0.037
	  0.002	  0.052	  0.998

3 	  45.39	  -0.79	   1.51
	  0.545	 -0.101	  0.832
	 -0.038	  0.989	  0.145
	 -0.837	 -0.111	  0.535

4 	  39.71	   5.98	  -3.88
	  0.400	  0.916	  0.036
	 -0.787	  0.322	  0.526
	  0.471	 -0.238	  0.849

5 	  40.61	  10.41	   7.98
	  0.350	  0.393	  0.850
	 -0.660	 -0.542	  0.520
	  0.667	 -0.742	  0.070

6 	  46.67	  12.39	  17.56
	  0.566	 -0.010	  0.824
	 -0.692	  0.540	  0.479
	 -0.455	 -0.839	  0.299

7 	  40.32	  -7.35	  -4.15
	  0.422	 -0.906	 -0.044
	  0.894	  0.423	 -0.150
	  0.155	  0.024	  0.988

8 	  39.59	 -12.23	   7.08
	  0.231	 -0.367	  0.901
	  0.460	 -0.776	 -0.432
	  0.858	  0.513	 -0.010

9 	  44.77	 -14.91	  17.77
	  0.437	 -0.066	  0.896
	  0.873	  0.271	 -0.404
	 -0.222	  0.959	  0.175

2 	  32.71	  -8.82	  22.75
	  0.714	  0.699	 -0.037
	 -0.701	  0.712	 -0.037
	  0.002	  0.052	  0.998

3 	  45.47	  -0.76	   1.69
	  0.493	 -0.063	  0.867
	 -0.028	  0.995	  0.088
	 -0.869	 -0.068	  0.489

4 	  40.41	   6.10	  -4.15
	  0.386	  0.921	  0.048
	 -0.822	  0.318	  0.472
	  0.420	 -0.221	  0.880

5 	  39.15	  11.64	   6.80
	  0.130	  0.512	  0.849
	 -0.715	 -0.545	  0.436
	  0.688	 -0.663	  0.296

6 	  42.96	  14.85	  17.56
	  0.308	  0.111	  0.944
	 -0.713	  0.685	  0.148
	 -0.634	 -0.717	  0.289

7 	  41.04	  -7.26	  -4.48
	  0.434	 -0.900	 -0.038
	  0.896	  0.436	 -0.080
	  0.088	  0.000	  0.996

8 	  38.21	 -13.13	   5.55
	  0.009	 -0.450	  0.893
	  0.563	 -0.736	 -0.376
	  0.827	  0.505	  0.247

9 	  41.13	 -16.61	  17.21
	  0.204	 -0.112	  0.972
	  0.896	  0.421	 -0.138
	 -0.397	  0.899	  0.184

2 	  32.71	  -8.82	  22.75
	  0.714	  0.699	 -0.037
	 -0.701	  0.712	 -0.037
	  0.002	  0.052	  0.998

3 	  45.63	  -0.69	   1.81
	  0.453	 -0.052	  0.890
	 -0.018	  0.997	  0.067
	 -0.891	 -0.047	  0.450

4 	  40.99	   6.22	  -4.24
	  0.369	  0.926	  0.079
	 -0.864	  0.309	  0.397
	  0.344	 -0.215	  0.914

5 	  37.79	  12.23	   5.68
	 -0.061	  0.541	  0.839
	 -0.804	 -0.526	  0.279
	  0.592	 -0.656	  0.467

6 	  39.69	  15.28	  17.35
	  0.108	  0.099	  0.989
	 -0.690	  0.724	  0.001
	 -0.717	 -0.682	  0.146

7 	  41.59	  -7.14	  -4.69
	  0.443	 -0.896	 -0.034
	  0.896	  0.443	 -0.008
	  0.022	 -0.026	  0.999

8 	  37.25	 -13.36	   4.15
	 -0.182	 -0.494	  0.850
	  0.613	 -0.733	 -0.294
	  0.769	  0.467	  0.436

9 	  38.25	 -17.47	  16.14
	  0.029	 -0.152	  0.988
	  0.901	  0.432	  0.041
	 -0.435	  0.888	  0.148

2 	  32.71	  -8.82	  22.75
	  0.714	  0.699	 -0.037
	 -0.701	  0.712	 -0.037
	  0.002	  0.052	  0.998

3 	  45.72	  -0.58	   1.90
	  0.423	 -0.056	  0.904
	 -0.008	  0.998	  0.065
	 -0.906	 -0.035	  0.421

4 	  41.27	   6.33	  -4.27
	  0.347	  0.932	  0.104
	 -0.895	  0.295	  0.335
	  0.282	 -0.210	  0.936

5 	  36.84	  12.41	   4.82
	 -0.186	  0.552	  0.812
	 -0.825	 -0.537	  0.176
	  0.534	 -0.637	  0.555

6 	  37.63	  15.38	  16.77
	 -0.010	  0.088	  0.996
	 -0.648	  0.758	 -0.075
	 -0.762	 -0.646	  0.048

7 	  41.87	  -6.96	  -4.83
	  0.441	 -0.897	 -0.036
	  0.897	  0.439	  0.040
	 -0.021	 -0.050	  0.998

8 	  36.51	 -13.27	   3.04
	 -0.300	 -0.528	  0.794
	  0.593	 -0.756	 -0.279
	  0.748	  0.387	  0.539

9 	  36.32	 -18.21	  14.89
	 -0.068	 -0.212	  0.975
	  0.905	  0.398	  0.151
	 -0.421	  0.892	  0.162

2 	  32.70	  -8.82	  22.75
	  0.714	  0.699	 -0.037
	 -0.701	  0.712	 -0.037
	  0.002	  0.052	  0.998

3 	  45.70	  -0.51	   1.97
	  0.393	 -0.052	  0.917
	 -0.003	  0.998	  0.057
	 -0.919	 -0.025	  0.392

4 	  41.33	   6.28	  -4.36
	  0.318	  0.943	  0.102
	 -0.915	  0.276	  0.295
	  0.251	 -0.187	  0.950

5 	  36.28	  12.36	   4.17
	 -0.264	  0.560	  0.785
	 -0.814	 -0.566	  0.129
	  0.517	 -0.605	  0.605

6 	  36.30	  15.59	  16.10
	 -0.095	  0.119	  0.988
	 -0.605	  0.781	 -0.154
	 -0.791	 -0.612	 -0.004

7 	  41.96	  -6.87	  -4.87
	  0.429	 -0.903	 -0.026
	  0.902	  0.427	  0.064
	 -0.048	 -0.051	  0.997

8 	  35.93	 -13.11	   2.41
	 -0.381	 -0.525	  0.760
	  0.573	 -0.780	 -0.251
	  0.725	  0.340	  0.598

9 	  34.72	 -18.46	  14.13
	 -0.158	 -0.253	  0.954
	  0.891	  0.380	  0.249
	 -0.426	  0.890	  0.164

2 	  32.70	  -8.82	  22.75
	  0.714	  0.699	 -0.037
	 -0.701	  0.712	 -0.037
	  0.002	  0.052	  0.998

3 	  45.74	  -0.53	   2.04
	  0.374	 -0.046	  0.926
	 -0.004	  0.998	  0.051
	 -0.927	 -0.023	  0.374

4 	  41.43	   6.13	  -4.46
	  0.307	  0.947	  0.092
	 -0.922	  0.271	  0.276
	  0.237	 -0.170	  0.957

5 	  36.18	  12.32	   3.74
	 -0.301	  0.567	  0.767
	 -0.820	 -0.564	  0.095
	  0.487	 -0.601	  0.634

6 	  35.67	  15.91	  15.57
	 -0.160	  0.151	  0.975
	 -0.533	  0.818	 -0.215
	 -0.831	 -0.554	 -0.052

7 	  42.05	  -6.89	  -4.85
	  0.414	 -0.910	 -0.010
	  0.908	  0.412	  0.078
	 -0.068	 -0.042	  0.997

8 	  35.53	 -12.94	   2.04
	 -0.441	 -0.511	  0.738
	  0.572	 -0.793	 -0.208
	  0.692	  0.330	  0.641

9 	  33.42	 -18.70	  13.41
	 -0.245	 -0.291	  0.925
	  0.861	  0.372	  0.345
	 -0.445	  0.881	  0.159

2 	  32.71	  -8.82	  22.75
	  0.714	  0.699	 -0.037
	 -0.701	  0.712	 -0.037
	  0.002	  0.052	  0.998

3 	  45.77	  -0.56	   2.16
	  0.349	 -0.040	  0.936
	 -0.004	  0.999	  0.044
	 -0.937	 -0.019	  0.349

4 	  41.62	   6.03	  -4.57
	  0.302	  0.950	  0.082
	 -0.930	  0.274	  0.245
	  0.211	 -0.150	  0.966

5 	  36.16	  12.41	   3.15
	 -0.336	  0.585	  0.738
	 -0.827	 -0.558	  0.066
	  0.450	 -0.588	  0.672

6 	  35.09	  16.28	  14.87
	 -0.217	  0.181	  0.959
	 -0.473	  0.840	 -0.266
	 -0.854	 -0.511	 -0.097

7 	  42.24	  -6.93	  -4.82
	  0.406	 -0.914	  0.006
	  0.909	  0.404	  0.099
	 -0.094	 -0.034	  0.995

8 	  35.54	 -12.94	   1.79
	 -0.472	 -0.515	  0.716
	  0.580	 -0.793	 -0.188
	  0.665	  0.327	  0.672

9 	  33.03	 -19.05	  12.90
	 -0.285	 -0.325	  0.901
	  0.832	  0.382	  0.401
	 -0.475	  0.865	  0.161

2 	  32.71	  -8.82	  22.75
	  0.714	  0.699	 -0.037
	 -0.701	  0.712	 -0.037
	  0.002	  0.052	  0.998

3 	  45.84	  -0.56	   2.27
	  0.331	 -0.027	  0.943
	 -0.019	  0.999	  0.035
	 -0.943	 -0.030	  0.330

4 	  41.75	   5.91	  -4.66
	  0.290	  0.954	  0.074
	 -0.937	  0.266	  0.227
	  0.197	 -0.136	  0.971

5 	  35.98	  12.27	   2.88
	 -0.371	  0.578	  0.727
	 -0.824	 -0.566	  0.029
	  0.428	 -0.588	  0.686

6 	  34.33	  16.10	  14.57
	 -0.271	  0.186	  0.944
	 -0.405	  0.868	 -0.288
	 -0.873	 -0.460	 -0.160

7 	  42.36	  -6.96	  -4.73
	  0.405	 -0.914	  0.024
	  0.908	  0.405	  0.106
	 -0.109	 -0.021	  0.994

8 	  35.47	 -12.90	   1.74
	 -0.497	 -0.500	  0.709
	  0.590	 -0.793	 -0.147
	  0.636	  0.346	  0.689

9 	  32.40	 -19.02	  12.74
	 -0.334	 -0.333	  0.881
	  0.793	  0.406	  0.454
	 -0.510	  0.851	  0.128

2 	  32.70	  -8.82	  22.75
	  0.714	  0.699	 -0.036
	 -0.701	  0.712	 -0.037
	  0.001	  0.052	  0.998

3 	  45.86	  -0.54	   2.30
	  0.321	 -0.016	  0.947
	 -0.029	  0.999	  0.026
	 -0.947	 -0.036	  0.320

4 	  41.75	   5.84	  -4.71
	  0.274	  0.959	  0.067
	 -0.944	  0.255	  0.211
	  0.186	 -0.121	  0.975

5 	  35.77	  12.20	   2.51
	 -0.403	  0.585	  0.703
	 -0.816	 -0.577	  0.013
	  0.414	 -0.570	  0.710

6 	  33.73	  16.52	  13.87
	 -0.318	  0.237	  0.918
	 -0.348	  0.871	 -0.346
	 -0.882	 -0.430	 -0.195

7 	  42.35	  -7.07	  -4.61
	  0.389	 -0.920	  0.044
	  0.914	  0.391	  0.109
	 -0.119	 -0.002	  0.993

8 	  35.16	 -12.78	   1.58
	 -0.537	 -0.485	  0.690
	  0.578	 -0.807	 -0.118
	  0.614	  0.335	  0.714

9 	  31.52	 -19.14	  12.23
	 -0.387	 -0.358	  0.849
	  0.755	  0.406	  0.515
	 -0.530	  0.841	  0.112

2 	  32.70	  -8.82	  22.75
	  0.714	  0.699	 -0.036
	 -0.701	  0.712	 -0.037
	  0.001	  0.052	  0.998

3 	  45.95	  -0.56	   2.29
	  0.313	 -0.004	  0.949
	 -0.036	  0.999	  0.016
	 -0.949	 -0.039	  0.312

4 	  41.87	   5.68	  -4.82
	  0.272	  0.961	  0.051
	 -0.946	  0.256	  0.196
	  0.176	 -0.102	  0.979

5 	  35.88	  12.27	   2.13
	 -0.415	  0.601	  0.683
	 -0.818	 -0.575	  0.009
	  0.398	 -0.555	  0.730

6 	  33.57	  16.86	  13.32
	 -0.342	  0.268	  0.901
	 -0.308	  0.874	 -0.376
	 -0.888	 -0.406	 -0.216

7 	  42.42	  -7.14	  -4.54
	  0.380	 -0.923	  0.054
	  0.917	  0.384	  0.110
	 -0.124	  0.008	  0.992

8 	  35.21	 -12.78	   1.48
	 -0.554	 -0.483	  0.677
	  0.581	 -0.808	 -0.102
	  0.597	  0.337	  0.728

9 	  31.39	 -19.42	  11.83
	 -0.412	 -0.387	  0.825
	  0.707	  0.435	  0.557
	 -0.575	  0.813	  0.093

2 	  32.70	  -8.82	  22.75
	  0.713	  0.700	 -0.036
	 -0.702	  0.712	 -0.037
	  0.001	  0.052	  0.998

3 	  46.00	  -0.54	   2.29
	  0.303	  0.004	  0.953
	 -0.038	  0.999	  0.008
	 -0.952	 -0.038	  0.303

4 	  41.96	   5.62	  -4.87
	  0.266	  0.963	  0.042
	 -0.950	  0.253	  0.183
	  0.166	 -0.089	  0.982

5 	  35.77	  12.20	   1.90
	 -0.433	  0.605	  0.668
	 -0.812	 -0.583	  0.001
	  0.390	 -0.543	  0.744

6 	  33.15	  17.07	  12.90
	 -0.370	  0.296	  0.880
	 -0.286	  0.865	 -0.412
	 -0.884	 -0.404	 -0.236

7 	  42.47	  -7.15	  -4.48
	  0.379	 -0.923	  0.058
	  0.917	  0.383	  0.111
	 -0.127	  0.012	  0.992

8 	  35.30	 -12.83	   1.42
	 -0.564	 -0.489	  0.665
	  0.590	 -0.802	 -0.090
	  0.578	  0.342	  0.740

9 	  31.24	 -19.88	  11.36
	 -0.441	 -0.432	  0.786
	  0.633	  0.471	  0.614
	 -0.636	  0.769	  0.066

2 	  32.70	  -8.82	  22.75
	  0.714	  0.699	 -0.037
	 -0.701	  0.712	 -0.037
	  0.002	  0.052	  0.998

3 	  46.05	  -0.56	   2.32
	  0.282	  0.005	  0.959
	 -0.042	  0.999	  0.007
	 -0.958	 -0.042	  0.282

4 	  42.03	   5.62	  -4.83
	  0.259	  0.965	  0.044
	 -0.953	  0.247	  0.172
	  0.155	 -0.087	  0.984

5 	  35.77	  12.18	   1.86
	 -0.443	  0.603	  0.663
	 -0.810	 -0.587	 -0.007
	  0.385	 -0.540	  0.748

6 	  33.03	  17.10	  12.78
	 -0.380	  0.303	  0.874
	 -0.278	  0.864	 -0.421
	 -0.882	 -0.403	 -0.244

7 	  42.54	  -7.14	  -4.41
	  0.377	 -0.924	  0.062
	  0.917	  0.382	  0.117
	 -0.133	  0.013	  0.991

8 	  35.26	 -12.76	   1.37
	 -0.578	 -0.484	  0.657
	  0.586	 -0.806	 -0.078
	  0.568	  0.340	  0.749

9 	  31.03	 -19.74	  11.29
	 -0.458	 -0.432	  0.777
	  0.608	  0.485	  0.628
	 -0.649	  0.760	  0.040

2 	  32.70	  -8.82	  22.75
	  0.714	  0.699	 -0.037
	 -0.701	  0.712	 -0.037
	  0.002	  0.052	  0.998

3 	  46.05	  -0.56	   2.36
	  0.283	  0.000	  0.959
	 -0.041	  0.999	  0.011
	 -0.958	 -0.043	  0.282

4 	  42.06	   5.68	  -4.76
	  0.263	  0.963	  0.052
	 -0.953	  0.251	  0.169
	  0.150	 -0.094	  0.984

5 	  35.89	  12.29	   1.99
	 -0.438	  0.601	  0.668
	 -0.816	 -0.578	 -0.015
	  0.377	 -0.552	  0.744

6 	  33.15	  17.16	  12.94
	 -0.380	  0.303	  0.874
	 -0.270	  0.868	 -0.418
	 -0.885	 -0.394	 -0.248

7 	  42.54	  -7.12	  -4.38
	  0.372	 -0.926	  0.066
	  0.919	  0.377	  0.119
	 -0.136	  0.017	  0.990

8 	  35.21	 -12.67	   1.37
	 -0.585	 -0.478	  0.655
	  0.586	 -0.807	 -0.067
	  0.561	  0.345	  0.752

9 	  30.87	 -19.67	  11.23
	 -0.469	 -0.433	  0.770
	  0.599	  0.485	  0.637
	 -0.650	  0.760	  0.031

2 	  32.71	  -8.82	  22.75
	  0.713	  0.700	 -0.037
	 -0.702	  0.712	 -0.037
	  0.002	  0.052	  0.998

3 	  46.04	  -0.53	   2.39
	  0.283	 -0.000	  0.959
	 -0.042	  0.999	  0.012
	 -0.958	 -0.044	  0.283

4 	  42.10	   5.70	  -4.75
	  0.264	  0.963	  0.054
	 -0.953	  0.251	  0.166
	  0.146	 -0.096	  0.984

5 	  35.84	  12.27	   1.95
	 -0.447	  0.601	  0.662
	 -0.813	 -0.582	 -0.021
	  0.373	 -0.548	  0.748

6 	  32.99	  17.19	  12.81
	 -0.391	  0.307	  0.868
	 -0.270	  0.863	 -0.427
	 -0.880	 -0.401	 -0.255

7 	  42.59	  -7.10	  -4.36
	  0.373	 -0.925	  0.068
	  0.917	  0.379	  0.121
	 -0.139	  0.018	  0.990

8 	  35.26	 -12.69	   1.34
	 -0.588	 -0.480	  0.651
	  0.588	 -0.806	 -0.064
	  0.556	  0.346	  0.756

9 	  30.94	 -19.71	  11.20
	 -0.469	 -0.437	  0.767
	  0.592	  0.489	  0.640
	 -0.655	  0.755	  0.028

2 	  32.70	  -8.82	  22.75
	  0.714	  0.699	 -0.037
	 -0.701	  0.712	 -0.037
	  0.002	  0.052	  0.998

3 	  46.04	  -0.51	   2.41
	  0.284	 -0.001	  0.959
	 -0.047	  0.999	  0.014
	 -0.958	 -0.049	  0.283

4 	  42.08	   5.71	  -4.75
	  0.262	  0.963	  0.056
	 -0.954	  0.249	  0.165
	  0.145	 -0.097	  0.984

5 	  35.82	  12.25	   2.00
	 -0.448	  0.598	  0.664
	 -0.812	 -0.583	 -0.022
	  0.375	 -0.550	  0.746

6 	  32.98	  17.17	  12.90
	 -0.391	  0.305	  0.868
	 -0.271	  0.863	 -0.425
	 -0.879	 -0.402	 -0.255

7 	  42.61	  -7.12	  -4.36
	  0.373	 -0.925	  0.068
	  0.917	  0.379	  0.122
	 -0.140	  0.019	  0.990

8 	  35.24	 -12.69	   1.32
	 -0.588	 -0.481	  0.650
	  0.589	 -0.806	 -0.065
	  0.555	  0.345	  0.756

9 	  30.85	 -19.74	  11.13
	 -0.473	 -0.440	  0.764
	  0.590	  0.485	  0.645
	 -0.654	  0.756	  0.030

2 	  32.70	  -8.82	  22.75
	  0.714	  0.699	 -0.037
	 -0.701	  0.712	 -0.037
	  0.002	  0.052	  0.998

3 	  46.05	  -0.51	   2.41
	  0.286	 -0.004	  0.958
	 -0.049	  0.998	  0.018
	 -0.957	 -0.053	  0.286

4 	  42.10	   5.75	  -4.71
	  0.261	  0.963	  0.061
	 -0.954	  0.248	  0.166
	  0.144	 -0.102	  0.984

5 	  35.81	  12.29	   2.11
	 -0.446	  0.595	  0.669
	 -0.812	 -0.583	 -0.024
	  0.375	 -0.554	  0.743

6 	  33.03	  17.16	  13.01
	 -0.389	  0.300	  0.871
	 -0.273	  0.865	 -0.420
	 -0.880	 -0.401	 -0.255

7 	  42.57	  -7.08	  -4.36
	  0.373	 -0.925	  0.069
	  0.917	  0.379	  0.121
	 -0.140	  0.020	  0.990

8 	  35.23	 -12.62	   1.32
	 -0.591	 -0.478	  0.649
	  0.586	 -0.808	 -0.062
	  0.555	  0.344	  0.757

9 	  30.83	 -19.67	  11.14
	 -0.474	 -0.438	  0.764
	  0.589	  0.486	  0.645
	 -0.654	  0.756	  0.027

2 	  32.70	  -8.82	  22.75
	  0.714	  0.699	 -0.037
	 -0.701	  0.712	 -0.037
	  0.002	  0.052	  0.998

3 	  46.09	  -0.47	   2.39
	  0.290	 -0.005	  0.957
	 -0.051	  0.998	  0.020
	 -0.956	 -0.055	  0.289

4 	  42.10	   5.78	  -4.68
	  0.260	  0.963	  0.063
	 -0.955	  0.246	  0.167
	  0.146	 -0.104	  0.984

5 	  35.84	  12.30	   2.14
	 -0.445	  0.594	  0.669
	 -0.813	 -0.582	 -0.024
	  0.375	 -0.555	  0.742

6 	  33.05	  17.17	  13.03
	 -0.388	  0.302	  0.871
	 -0.272	  0.865	 -0.421
	 -0.881	 -0.400	 -0.254

7 	  42.63	  -7.07	  -4.34
	  0.376	 -0.924	  0.070
	  0.916	  0.382	  0.120
	 -0.139	  0.020	  0.990

8 	  35.31	 -12.64	   1.34
	 -0.590	 -0.479	  0.649
	  0.589	 -0.806	 -0.060
	  0.552	  0.348	  0.758

9 	  30.96	 -19.71	  11.14
	 -0.474	 -0.442	  0.761
	  0.578	  0.496	  0.648
	 -0.664	  0.747	  0.020

2 	  32.71	  -8.82	  22.75
	  0.714	  0.699	 -0.037
	 -0.701	  0.712	 -0.037
	  0.002	  0.052	  0.998

3 	  46.11	  -0.46	   2.39
	  0.290	 -0.005	  0.957
	 -0.051	  0.998	  0.020
	 -0.956	 -0.055	  0.289

4 	  42.10	   5.80	  -4.68
	  0.259	  0.964	  0.063
	 -0.955	  0.245	  0.167
	  0.146	 -0.104	  0.984

5 	  35.82	  12.30	   2.20
	 -0.444	  0.593	  0.671
	 -0.812	 -0.583	 -0.022
	  0.379	 -0.555	  0.740

6 	  33.15	  17.16	  13.17
	 -0.383	  0.300	  0.874
	 -0.273	  0.867	 -0.417
	 -0.882	 -0.399	 -0.250

7 	  42.63	  -7.05	  -4.32
	  0.378	 -0.923	  0.072
	  0.915	  0.384	  0.120
	 -0.139	  0.022	  0.990

8 	  35.44	 -12.71	   1.63
	 -0.572	 -0.475	  0.668
	  0.601	 -0.797	 -0.053
	  0.558	  0.371	  0.742

9 	  31.46	 -19.58	  11.74
	 -0.450	 -0.431	  0.782
	  0.572	  0.533	  0.623
	 -0.686	  0.728	  0.006

2 	  32.71	  -8.82	  22.75
	  0.714	  0.699	 -0.037
	 -0.701	  0.712	 -0.037
	  0.002	  0.052	  0.998

3 	  46.07	  -0.46	   2.44
	  0.308	 -0.013	  0.951
	 -0.058	  0.998	  0.031
	 -0.949	 -0.065	  0.306

4 	  41.98	   5.87	  -4.55
	  0.268	  0.961	  0.062
	 -0.949	  0.252	  0.187
	  0.164	 -0.110	  0.980

5 	  36.37	  12.43	   3.06
	 -0.374	  0.591	  0.715
	 -0.834	 -0.551	  0.019
	  0.405	 -0.590	  0.698

6 	  34.89	  17.00	  14.36
	 -0.299	  0.287	  0.910
	 -0.274	  0.887	 -0.371
	 -0.914	 -0.360	 -0.187

7 	  42.61	  -7.15	  -4.25
	  0.407	 -0.910	  0.072
	  0.906	  0.412	  0.095
	 -0.118	  0.027	  0.993

8 	  36.12	 -13.04	   2.51
	 -0.487	 -0.487	  0.725
	  0.636	 -0.766	 -0.087
	  0.599	  0.419	  0.682

9 	  33.57	 -19.60	  13.22
	 -0.346	 -0.402	  0.847
	  0.614	  0.585	  0.529
	 -0.709	  0.704	  0.044

2 	  32.70	  -8.81	  22.75
	  0.713	  0.700	 -0.037
	 -0.702	  0.712	 -0.037
	  0.002	  0.052	  0.998

3 	  46.05	  -0.58	   2.50
	  0.344	 -0.053	  0.937
	 -0.067	  0.994	  0.081
	 -0.937	 -0.090	  0.339

4 	  41.99	   5.94	  -4.31
	  0.320	  0.943	  0.087
	 -0.925	  0.291	  0.243
	  0.204	 -0.158	  0.966

5 	  37.81	  12.66	   4.45
	 -0.220	  0.577	  0.786
	 -0.881	 -0.464	  0.094
	  0.419	 -0.672	  0.610

6 	  38.16	  16.37	  16.14
	 -0.154	  0.222	  0.963
	 -0.279	  0.925	 -0.258
	 -0.948	 -0.308	 -0.081

7 	  42.70	  -7.08	  -4.34
	  0.439	 -0.897	  0.053
	  0.892	  0.442	  0.093
	 -0.108	  0.007	  0.994

8 	  37.32	 -13.29	   3.66
	 -0.340	 -0.486	  0.805
	  0.673	 -0.723	 -0.152
	  0.657	  0.490	  0.573

9 	  36.97	 -18.79	  15.17
	 -0.177	 -0.315	  0.932
	  0.665	  0.659	  0.350
	 -0.725	  0.682	  0.093

2 	  32.70	  -8.82	  22.75
	  0.714	  0.699	 -0.037
	 -0.701	  0.712	 -0.037
	  0.002	  0.052	  0.998

3 	  46.05	  -0.56	   2.53
	  0.361	 -0.088	  0.928
	 -0.073	  0.990	  0.121
	 -0.930	 -0.112	  0.351

4 	  42.08	   6.10	  -4.18
	  0.362	  0.926	  0.106
	 -0.902	  0.318	  0.291
	  0.236	 -0.201	  0.951

5 	  39.09	  12.71	   5.61
	 -0.070	  0.553	  0.830
	 -0.885	 -0.418	  0.203
	  0.459	 -0.721	  0.519

6 	  41.20	  15.54	  17.37
	  0.001	  0.154	  0.988
	 -0.321	  0.936	 -0.146
	 -0.947	 -0.317	  0.051

7 	  42.71	  -6.98	  -4.45
	  0.472	 -0.881	  0.035
	  0.875	  0.473	  0.098
	 -0.105	 -0.015	  0.994

8 	  38.92	 -13.20	   4.90
	 -0.155	 -0.456	  0.876
	  0.692	 -0.683	 -0.233
	  0.704	  0.571	  0.422

9 	  40.82	 -17.65	  16.65
	  0.010	 -0.236	  0.971
	  0.700	  0.695	  0.163
	 -0.715	  0.678	  0.171

2 	  32.70	  -8.82	  22.75
	  0.714	  0.699	 -0.037
	 -0.701	  0.712	 -0.037
	  0.002	  0.052	  0.998

3 	  46.04	  -0.56	   2.46
	  0.394	 -0.099	  0.913
	 -0.081	  0.986	  0.141
	 -0.915	 -0.130	  0.381

4 	  41.87	   6.17	  -4.06
	  0.376	  0.917	  0.131
	 -0.892	  0.319	  0.320
	  0.253	 -0.237	  0.938

5 	  40.24	  12.13	   6.82
	  0.088	  0.486	  0.869
	 -0.850	 -0.418	  0.319
	  0.520	 -0.766	  0.377

6 	  44.07	  14.17	  18.12
	  0.176	  0.080	  0.981
	 -0.382	  0.924	 -0.008
	 -0.908	 -0.373	  0.193

7 	  42.54	  -7.00	  -4.46
	  0.480	 -0.877	  0.016
	  0.874	  0.479	  0.085
	 -0.084	 -0.027	  0.996

8 	  40.20	 -12.85	   5.80
	  0.018	 -0.393	  0.919
	  0.683	 -0.666	 -0.298
	  0.730	  0.633	  0.257

9 	  43.72	 -16.44	  17.31
	  0.155	 -0.179	  0.971
	  0.701	  0.713	  0.023
	 -0.700	  0.675	  0.233

2 	  32.71	  -8.82	  22.75
	  0.714	  0.699	 -0.037
	 -0.701	  0.712	 -0.037
	  0.002	  0.052	  0.998

3 	  45.98	  -0.58	   2.29
	  0.427	 -0.108	  0.897
	 -0.087	  0.983	  0.158
	 -0.900	 -0.146	  0.411

4 	  41.54	   6.26	  -3.96
	  0.371	  0.917	  0.144
	 -0.887	  0.304	  0.346
	  0.274	 -0.256	  0.927

5 	  41.04	  11.11	   7.96
	  0.229	  0.409	  0.883
	 -0.758	 -0.495	  0.424
	  0.612	 -0.765	  0.198

6 	  46.21	  12.71	  18.56
	  0.365	  0.009	  0.931
	 -0.586	  0.781	  0.218
	 -0.727	 -0.623	  0.289

7 	  41.89	  -7.15	  -4.13
	  0.454	 -0.891	  0.013
	  0.891	  0.454	  0.026
	 -0.030	  0.000	  0.999

8 	  40.50	 -12.15	   7.05
	  0.148	 -0.339	  0.929
	  0.555	 -0.749	 -0.360
	  0.819	  0.568	  0.078

9 	  45.28	 -15.59	  17.91
	  0.297	 -0.154	  0.942
	  0.780	  0.609	 -0.143
	 -0.556	  0.776	  0.298

2 	  32.71	  -8.82	  22.75
	  0.713	  0.700	 -0.037
	 -0.702	  0.712	 -0.037
	  0.002	  0.052	  0.998

3 	  45.88	  -0.65	   2.04
	  0.472	 -0.119	  0.873
	 -0.074	  0.982	  0.172
	 -0.879	 -0.146	  0.454

4 	  41.12	   6.33	  -3.74
	  0.385	  0.910	  0.156
	 -0.873	  0.303	  0.382
	  0.302	 -0.283	  0.910

5 	  41.78	  10.21	   8.56
	  0.354	  0.322	  0.878
	 -0.700	 -0.532	  0.476
	  0.621	 -0.783	  0.038

6 	  47.95	  11.18	  18.40
	  0.498	 -0.069	  0.864
	 -0.606	  0.687	  0.401
	 -0.626	 -0.720	  0.300

7 	  41.10	  -7.37	  -3.78
	  0.398	 -0.917	  0.022
	  0.917	  0.396	 -0.052
	  0.038	  0.041	  0.998

8 	  40.75	 -11.55	   7.89
	  0.276	 -0.285	  0.918
	  0.456	 -0.803	 -0.384
	  0.847	  0.523	 -0.092

9 	  46.46	 -14.61	  18.18
	  0.418	 -0.120	  0.900
	  0.828	  0.461	 -0.319
	 -0.383	  0.877	  0.291

2 	  32.70	  -8.82	  22.75
	  0.714	  0.699	 -0.037
	 -0.701	  0.712	 -0.037
	  0.002	  0.052	  0.998

3 	  45.69	  -0.72	   1.71
	  0.511	 -0.117	  0.851
	 -0.070	  0.982	  0.176
	 -0.857	 -0.150	  0.493

4 	  40.57	   6.24	  -3.81
	  0.387	  0.912	  0.136
	 -0.855	  0.299	  0.424
	  0.347	 -0.280	  0.895

5 	  42.40	   9.47	   8.70
	  0.461	  0.261	  0.848
	 -0.654	 -0.548	  0.522
	  0.602	 -0.794	 -0.082

6 	  49.24	  10.32	  17.68
	  0.600	 -0.093	  0.794
	 -0.625	  0.568	  0.535
	 -0.507	 -0.814	  0.283

7 	  40.90	  -7.52	  -3.80
	  0.404	 -0.915	  0.009
	  0.913	  0.403	 -0.060
	  0.051	  0.033	  0.998

8 	  41.43	 -11.29	   8.12
	  0.381	 -0.246	  0.891
	  0.420	 -0.814	 -0.401
	  0.825	  0.525	 -0.206

9 	  47.88	 -13.82	  17.86
	  0.539	 -0.079	  0.838
	  0.828	  0.235	 -0.508
	 -0.162	  0.968	  0.192

2 	  32.70	  -8.82	  22.75
	  0.714	  0.699	 -0.037
	 -0.701	  0.712	 -0.037
	  0.002	  0.052	  0.998

3 	  45.62	  -0.70	   1.48
	  0.542	 -0.116	  0.832
	 -0.072	  0.980	  0.182
	 -0.837	 -0.158	  0.523

4 	  40.24	   6.26	  -3.83
	  0.384	  0.914	  0.126
	 -0.843	  0.291	  0.452
	  0.378	 -0.280	  0.882

5 	  42.15	   9.40	   8.82
	  0.500	  0.242	  0.831
	 -0.610	 -0.584	  0.536
	  0.617	 -0.774	 -0.145

6 	  49.68	   9.70	  17.21
	  0.732	 -0.124	  0.670
	 -0.622	  0.286	  0.729
	 -0.286	 -0.949	  0.134

7 	  40.64	  -7.45	  -3.87
	  0.389	 -0.921	 -0.011
	  0.918	  0.389	 -0.073
	  0.071	  0.019	  0.997

8 	  41.24	 -11.11	   8.30
	  0.451	 -0.247	  0.858
	  0.324	 -0.851	 -0.413
	  0.833	  0.463	 -0.304

9 	  48.92	 -12.39	  17.21
	  0.692	  0.033	  0.720
	  0.720	  0.025	 -0.693
	 -0.045	  0.999	 -0.005

2 	  32.70	  -8.82	  22.75
	  0.714	  0.699	 -0.036
	 -0.701	  0.712	 -0.037
	  0.001	  0.052	  0.998

3 	  45.53	  -0.65	   1.34
	  0.562	 -0.117	  0.818
	 -0.061	  0.981	  0.181
	 -0.825	 -0.152	  0.544

4 	  40.01	   6.42	  -3.67
	  0.392	  0.912	  0.117
	 -0.826	  0.292	  0.483
	  0.407	 -0.285	  0.867

5 	  42.49	   9.51	   8.77
	  0.509	  0.219	  0.832
	 -0.663	 -0.518	  0.541
	  0.551	 -0.826	 -0.118

6 	  50.04	   9.02	  17.14
	  0.693	 -0.203	  0.691
	 -0.549	  0.477	  0.686
	 -0.472	 -0.853	  0.221

7 	  40.43	  -7.40	  -3.83
	  0.380	 -0.924	 -0.025
	  0.919	  0.381	 -0.098
	  0.099	  0.015	  0.995

8 	  41.31	 -11.36	   8.26
	  0.462	 -0.253	  0.850
	  0.370	 -0.817	 -0.442
	  0.808	  0.516	 -0.283

9 	  49.18	 -12.13	  16.98
	  0.691	  0.081	  0.718
	  0.695	  0.204	 -0.689
	 -0.209	  0.974	  0.085

2 	  32.70	  -8.82	  22.75
	  0.714	  0.699	 -0.036
	 -0.701	  0.712	 -0.037
	  0.001	  0.052	  0.998

3 	  45.53	  -0.65	   1.30
	  0.566	 -0.119	  0.815
	 -0.055	  0.982	  0.181
	 -0.822	 -0.147	  0.549

4 	  40.08	   6.36	  -3.78
	  0.403	  0.911	  0.090
	 -0.813	  0.310	  0.492
	  0.421	 -0.271	  0.865

5 	  42.73	   9.60	   8.68
	  0.508	  0.217	  0.833
	 -0.698	 -0.464	  0.545
	  0.506	 -0.858	 -0.085

6 	  50.20	   8.96	  17.03
	  0.678	 -0.223	  0.699
	 -0.512	  0.543	  0.665
	 -0.532	 -0.807	  0.255

7 	  40.45	  -7.47	  -3.78
	  0.377	 -0.926	 -0.023
	  0.918	  0.376	 -0.122
	  0.121	  0.024	  0.992

8 	  41.34	 -11.55	   8.26
	  0.452	 -0.254	  0.855
	  0.401	 -0.799	 -0.447
	  0.798	  0.543	 -0.260

9 	  49.08	 -12.27	  17.24
	  0.657	  0.075	  0.750
	  0.743	  0.108	 -0.660
	 -0.137	  0.991	  0.016

