2  1180.06  -49.56  70.10  
   -0.21  0.11  -0.97  
   -0.73  -0.68  0.08  
   -0.65  0.72  0.22  

3  1128.71  -38.84  -23.22  
   -0.34  0.08  -0.94  
   0.04  -0.99  -0.10  
   -0.94  -0.08  0.33  

2  1177.83  -39.29  66.08  
   -0.22  0.33  -0.92  
   -0.52  -0.84  -0.17  
   -0.83  0.44  0.36  

3  1128.71  -38.40  -23.66  
   -0.34  0.09  -0.94  
   0.04  -0.99  -0.11  
   -0.94  -0.08  0.33  

2  1174.25  -48.67  63.85  
   -0.40  0.28  -0.87  
   -0.67  -0.74  0.06  
   -0.63  0.61  0.49  

3  1127.82  -38.84  -22.32  
   -0.33  0.08  -0.94  
   0.05  -0.99  -0.11  
   -0.94  -0.08  0.32  

2  1173.36  -58.94  63.40  
   -0.45  0.09  -0.89  
   -0.72  -0.62  0.31  
   -0.52  0.78  0.35  

3  1127.82  -39.29  -22.32  
   -0.34  0.08  -0.94  
   0.05  -0.99  -0.10  
   -0.94  -0.08  0.34  

2  1179.17  -43.76  67.87  
   -0.12  0.27  -0.96  
   -0.61  -0.78  -0.15  
   -0.79  0.56  0.25  

3  1128.27  -38.84  -23.22  
   -0.34  0.08  -0.94  
   0.05  -0.99  -0.11  
   -0.94  -0.08  0.34  

2  1101.48  -41.97  -133.05  
   -0.61  0.09  -0.79  
   -0.21  -0.98  0.05  
   -0.76  0.20  0.62  

3  1126.93  -37.95  -23.22  
   -0.38  0.08  -0.92  
   0.05  -0.99  -0.11  
   -0.92  -0.09  0.37  

2  1107.28  -34.83  -124.57  
   -0.39  0.06  -0.92  
   0.08  -0.99  -0.10  
   -0.92  -0.11  0.38  

3  1126.93  -37.95  -23.22  
   -0.38  0.08  -0.92  
   0.05  -0.99  -0.11  
   -0.92  -0.09  0.38  

2  1098.35  -35.72  -135.73  
   -0.70  0.00  -0.71  
   0.03  -1.00  -0.03  
   -0.71  -0.05  0.70  

3  1126.93  -37.95  -23.22  
   -0.38  0.08  -0.92  
   0.05  -0.99  -0.11  
   -0.92  -0.09  0.38  

2  1097.01  -57.15  -127.69  
   -0.68  -0.11  -0.73  
   -0.33  -0.84  0.44  
   -0.66  0.53  0.53  

3  1126.93  -37.50  -23.22  
   -0.39  0.08  -0.92  
   0.05  -0.99  -0.11  
   -0.92  -0.09  0.38  

2  1109.51  -36.61  -117.87  
   -0.27  -0.01  -0.96  
   0.01  -1.00  0.01  
   -0.96  -0.01  0.27  

3  1126.93  -37.95  -24.11  
   -0.39  0.08  -0.92  
   0.06  -0.99  -0.11  
   -0.92  -0.09  0.38  

2  907.26  -60.28  -205.38  
   -0.24  0.74  0.62  
   -0.88  -0.44  0.18  
   0.41  -0.50  0.76  

3  1132.73  -41.52  -15.18  
   -0.32  0.06  -0.94  
   0.06  -0.99  -0.08  
   -0.94  -0.08  0.32  

2  901.01  -47.33  -201.36  
   -0.35  0.56  0.75  
   -0.90  -0.43  -0.10  
   0.27  -0.71  0.65  

3  1132.28  -41.52  -14.73  
   -0.32  0.06  -0.94  
   0.06  -0.99  -0.08  
   -0.94  -0.08  0.32  

2  922.88  -62.95  -210.29  
   -0.17  0.94  0.30  
   -0.91  -0.27  0.32  
   0.38  -0.22  0.90  

3  1131.39  -41.97  -13.84  
   -0.33  0.06  -0.94  
   0.06  -0.99  -0.09  
   -0.94  -0.08  0.32  

2  904.58  -49.11  -203.15  
   -0.22  0.70  0.68  
   -0.96  -0.29  -0.02  
   0.18  -0.66  0.73  

3  1132.28  -41.08  -15.18  
   -0.33  0.06  -0.94  
   0.06  -0.99  -0.09  
   -0.94  -0.08  0.32  

2  900.56  -47.33  -200.03  
   -0.22  0.59  0.77  
   -0.96  -0.26  -0.07  
   0.16  -0.76  0.63  

3  1131.84  -41.08  -15.63  
   -0.33  0.06  -0.94  
   0.06  -0.99  -0.09  
   -0.94  -0.08  0.32  

2  888.95  -79.92  -2.68  
   -0.15  0.29  0.94  
   -0.44  -0.88  0.20  
   0.89  -0.38  0.26  

3  1197.92  -77.69  -1.79  
   -0.13  0.01  -0.99  
   -0.04  -1.00  -0.00  
   -0.99  0.04  0.13  

2  891.63  -85.72  5.36  
   0.08  0.34  0.94  
   -0.49  -0.81  0.33  
   0.87  -0.48  0.10  

3  1197.92  -77.24  -0.45  
   -0.13  0.01  -0.99  
   -0.04  -1.00  -0.00  
   -0.99  0.04  0.13  

2  899.22  -92.87  -8.93  
   -0.09  0.67  0.73  
   -0.55  -0.65  0.53  
   0.83  -0.35  0.43  

3  1197.92  -77.24  0.00  
   -0.12  0.00  -0.99  
   -0.04  -1.00  -0.00  
   -0.99  0.04  0.12  

2  893.42  -74.56  -13.39  
   -0.51  0.22  0.83  
   -0.33  -0.94  0.04  
   0.79  -0.26  0.56  

3  1199.70  -78.13  0.89  
   -0.12  0.00  -0.99  
   -0.04  -1.00  0.00  
   -0.99  0.04  0.12  

2  892.52  -79.47  0.45  
   -0.09  0.27  0.96  
   -0.54  -0.82  0.18  
   0.84  -0.50  0.22  

3  1199.26  -78.58  1.34  
   -0.12  -0.00  -0.99  
   -0.04  -1.00  0.01  
   -0.99  0.04  0.12  

2  1103.71  -39.74  -137.07  
   -0.46  0.01  -0.89  
   -0.24  -0.97  0.11  
   -0.86  0.26  0.45  

3  1130.05  -48.22  -24.11  
   -0.39  0.08  -0.92  
   0.02  -1.00  -0.09  
   -0.92  -0.06  0.38  

2  1099.69  -36.61  -141.09  
   -0.63  0.04  -0.78  
   -0.21  -0.97  0.12  
   -0.75  0.23  0.61  

3  1130.05  -47.33  -23.22  
   -0.39  0.08  -0.92  
   0.03  -0.99  -0.09  
   -0.92  -0.06  0.38  

2  1100.14  -53.58  -131.71  
   -0.62  -0.11  -0.78  
   -0.54  -0.66  0.52  
   -0.57  0.74  0.35  

3  1130.50  -45.54  -24.56  
   -0.38  0.08  -0.92  
   0.03  -0.99  -0.10  
   -0.92  -0.06  0.38  

2  1108.62  -29.91  -125.02  
   -0.30  0.04  -0.95  
   -0.06  -1.00  -0.02  
   -0.95  0.05  0.30  

3  1130.50  -45.54  -24.56  
   -0.39  0.08  -0.92  
   0.03  -0.99  -0.10  
   -0.92  -0.06  0.38  

2  1101.48  -29.02  -141.54  
   -0.55  0.21  -0.81  
   -0.31  -0.95  -0.03  
   -0.78  0.23  0.58  

3  1130.05  -45.54  -23.66  
   -0.39  0.08  -0.92  
   0.03  -0.99  -0.10  
   -0.92  -0.07  0.38  

2  1065.31  104.48  -104.92  
   -0.51  -0.19  -0.84  
   0.02  -0.98  0.21  
   -0.86  0.09  0.50  

4  979.14  141.54  -126.36  
   0.88  0.38  0.29  
   -0.24  0.88  -0.42  
   -0.41  0.30  0.86  

2  1057.27  116.53  -112.51  
   -0.74  -0.18  -0.65  
   0.28  -0.96  -0.05  
   -0.62  -0.22  0.76  

4  980.03  142.43  -126.80  
   0.88  0.38  0.28  
   -0.24  0.87  -0.42  
   -0.40  0.31  0.86  

2  1055.04  105.82  -112.96  
   -0.76  -0.21  -0.61  
   0.12  -0.98  0.18  
   -0.64  0.06  0.77  

4  979.59  141.98  -126.36  
   0.88  0.38  0.28  
   -0.24  0.87  -0.42  
   -0.40  0.30  0.86  

2  1068.88  107.16  -104.92  
   -0.40  -0.28  -0.87  
   0.38  -0.92  0.12  
   -0.83  -0.28  0.48  

4  980.48  141.54  -126.80  
   0.88  0.38  0.28  
   -0.24  0.87  -0.42  
   -0.40  0.30  0.86  

2  1070.22  114.75  -101.35  
   -0.39  -0.26  -0.88  
   0.59  -0.81  -0.02  
   -0.71  -0.53  0.47  

4  982.27  141.09  -127.25  
   0.89  0.38  0.26  
   -0.25  0.87  -0.42  
   -0.39  0.31  0.87  

2  1042.99  131.27  -150.47  
   -0.77  0.12  -0.62  
   -0.15  -0.99  -0.01  
   -0.62  0.08  0.78  

4  982.71  139.75  -127.25  
   0.88  0.38  0.29  
   -0.24  0.88  -0.41  
   -0.41  0.30  0.86  

2  1052.36  140.64  -141.98  
   -0.59  0.06  -0.80  
   0.18  -0.96  -0.21  
   -0.78  -0.27  0.56  

4  984.05  139.30  -127.25  
   0.88  0.38  0.28  
   -0.25  0.87  -0.41  
   -0.40  0.30  0.87  

2  1041.20  137.96  -150.02  
   -0.79  0.20  -0.57  
   -0.11  -0.98  -0.19  
   -0.60  -0.09  0.80  

4  983.16  140.64  -127.25  
   0.88  0.38  0.28  
   -0.24  0.88  -0.41  
   -0.40  0.30  0.87  

2  1040.31  118.76  -149.57  
   -0.81  0.17  -0.56  
   -0.38  -0.89  0.27  
   -0.45  0.43  0.78  

4  982.71  140.20  -127.25  
   0.88  0.38  0.29  
   -0.24  0.88  -0.41  
   -0.41  0.30  0.86  

2  1049.24  115.19  -143.32  
   -0.65  -0.05  -0.76  
   -0.32  -0.89  0.33  
   -0.69  0.46  0.56  

4  983.16  139.75  -126.80  
   0.88  0.38  0.29  
   -0.24  0.88  -0.41  
   -0.41  0.30  0.86  

2  964.85  172.79  -125.91  
   -0.88  0.10  0.47  
   -0.39  -0.71  -0.58  
   0.27  -0.70  0.66  

4  1004.59  126.80  -135.73  
   0.86  0.45  0.26  
   -0.31  0.84  -0.44  
   -0.41  0.29  0.86  

2  969.76  184.40  -116.09  
   -0.89  -0.24  0.39  
   -0.19  -0.57  -0.80  
   0.41  -0.79  0.46  

4  1005.04  129.03  -135.28  
   0.86  0.44  0.26  
   -0.30  0.84  -0.44  
   -0.42  0.30  0.86  

2  960.83  178.15  -114.30  
   -0.79  -0.09  0.61  
   -0.46  -0.57  -0.68  
   0.41  -0.82  0.41  

4  1004.14  129.93  -135.28  
   0.85  0.44  0.27  
   -0.30  0.84  -0.44  
   -0.42  0.30  0.86  

2  964.85  168.32  -128.59  
   -0.86  0.19  0.48  
   -0.44  -0.76  -0.48  
   0.27  -0.62  0.73  

4  1003.70  128.14  -134.84  
   0.85  0.44  0.28  
   -0.29  0.85  -0.45  
   -0.43  0.30  0.85  

2  974.68  171.00  -130.37  
   -0.95  0.19  0.23  
   -0.29  -0.79  -0.54  
   0.08  -0.59  0.81  

4  1005.48  128.14  -135.73  
   0.86  0.44  0.27  
   -0.30  0.85  -0.44  
   -0.42  0.30  0.85  

2  872.43  29.47  -125.46  
   -0.52  0.17  0.83  
   -0.57  -0.79  -0.20  
   0.63  -0.58  0.51  

4  1013.97  132.61  -134.39  
   0.86  0.45  0.25  
   -0.31  0.84  -0.44  
   -0.41  0.30  0.86  

2  876.90  41.08  -127.25  
   -0.71  0.02  0.70  
   -0.46  -0.77  -0.44  
   0.53  -0.64  0.56  

4  1014.86  132.16  -134.39  
   0.86  0.45  0.25  
   -0.32  0.84  -0.44  
   -0.41  0.30  0.86  

2  872.43  25.90  -124.12  
   -0.40  0.32  0.86  
   -0.71  -0.70  -0.08  
   0.57  -0.65  0.50  

4  1015.31  133.05  -133.50  
   0.86  0.45  0.24  
   -0.32  0.84  -0.45  
   -0.41  0.30  0.86  

2  880.02  14.29  -131.71  
   -0.38  0.61  0.70  
   -0.72  -0.67  0.19  
   0.58  -0.43  0.69  

4  1015.75  133.50  -133.95  
   0.86  0.46  0.24  
   -0.32  0.84  -0.44  
   -0.41  0.30  0.86  

2  882.70  38.84  -132.16  
   -0.73  0.34  0.59  
   -0.61  -0.70  -0.36  
   0.29  -0.62  0.72  

4  1016.20  133.50  -133.95  
   0.86  0.46  0.24  
   -0.32  0.84  -0.45  
   -0.41  0.30  0.86  

2  876.00  92.87  29.47  
   -0.50  -0.29  0.81  
   -0.66  -0.48  -0.58  
   0.56  -0.83  0.05  

4  1031.83  113.41  -147.79  
   0.82  0.53  0.21  
   -0.41  0.80  -0.43  
   -0.40  0.27  0.88  

2  880.91  101.35  26.79  
   -0.64  -0.36  0.68  
   -0.52  -0.45  -0.73  
   0.57  -0.82  0.10  

4  1032.27  113.41  -147.34  
   0.82  0.53  0.21  
   -0.41  0.80  -0.43  
   -0.40  0.27  0.88  

2  872.88  83.05  33.04  
   -0.27  -0.25  0.93  
   -0.80  -0.48  -0.37  
   0.54  -0.84  -0.07  

4  1031.83  114.30  -147.34  
   0.82  0.53  0.21  
   -0.41  0.80  -0.43  
   -0.40  0.27  0.88  

2  874.66  76.35  14.73  
   -0.31  0.19  0.93  
   -0.81  -0.56  -0.16  
   0.49  -0.81  0.33  

4  1032.27  114.75  -147.34  
   0.82  0.53  0.21  
   -0.41  0.80  -0.43  
   -0.40  0.27  0.88  

2  882.25  101.80  20.09  
   -0.67  -0.29  0.68  
   -0.47  -0.53  -0.70  
   0.57  -0.79  0.22  

4  1032.72  114.75  -146.00  
   0.82  0.53  0.21  
   -0.41  0.80  -0.43  
   -0.40  0.27  0.88  

2  1118.44  264.77  220.12  
   0.56  0.63  -0.54  
   -0.50  -0.26  -0.82  
   -0.66  0.73  0.17  

5  1028.70  217.44  196.45  
   -0.40  0.57  0.72  
   -0.19  0.71  -0.67  
   -0.90  -0.40  -0.18  

2  1106.83  270.12  225.03  
   0.31  0.88  -0.35  
   -0.25  -0.28  -0.93  
   -0.92  0.37  0.13  

5  1027.81  216.99  198.24  
   -0.40  0.57  0.72  
   -0.18  0.72  -0.67  
   -0.90  -0.40  -0.18  

2  1105.50  267.89  219.22  
   0.18  0.92  -0.35  
   -0.33  -0.28  -0.90  
   -0.93  0.28  0.25  

5  1027.36  216.54  199.58  
   -0.40  0.57  0.72  
   -0.18  0.72  -0.67  
   -0.90  -0.40  -0.18  

2  1119.78  264.77  230.83  
   0.59  0.55  -0.60  
   -0.37  -0.48  -0.80  
   -0.72  0.69  -0.08  

5  1027.81  216.99  198.69  
   -0.40  0.56  0.72  
   -0.18  0.73  -0.66  
   -0.90  -0.39  -0.19  

2  1112.64  268.78  239.32  
   0.52  0.74  -0.42  
   -0.06  -0.46  -0.89  
   -0.85  0.49  -0.19  

5  1028.25  216.99  199.13  
   -0.39  0.57  0.72  
   -0.18  0.72  -0.67  
   -0.90  -0.39  -0.18  

2  1064.42  235.74  246.01  
   -0.01  0.65  0.76  
   0.93  -0.28  0.25  
   0.38  0.70  -0.60  

5  1076.92  278.16  150.47  
   -0.43  0.74  0.52  
   -0.34  0.40  -0.85  
   -0.84  -0.54  0.08  

2  1067.99  231.28  245.57  
   0.09  0.73  0.68  
   0.90  -0.35  0.26  
   0.43  0.59  -0.69  

5  1077.37  277.71  149.13  
   -0.42  0.73  0.53  
   -0.33  0.42  -0.84  
   -0.84  -0.53  0.07  

2  1061.74  227.71  236.64  
   -0.14  0.53  0.84  
   0.89  -0.30  0.34  
   0.43  0.79  -0.43  

5  1077.37  277.27  150.02  
   -0.43  0.73  0.53  
   -0.33  0.42  -0.85  
   -0.84  -0.54  0.06  

2  1066.20  236.19  245.12  
   0.05  0.69  0.72  
   0.91  -0.33  0.25  
   0.41  0.64  -0.65  

5  1078.71  278.16  148.68  
   -0.44  0.74  0.51  
   -0.34  0.39  -0.85  
   -0.83  -0.55  0.08  

2  1074.24  230.83  246.46  
   0.08  0.81  0.58  
   0.89  -0.32  0.33  
   0.45  0.49  -0.74  

5  1079.60  277.27  148.23  
   -0.44  0.73  0.52  
   -0.34  0.41  -0.85  
   -0.83  -0.55  0.07  

2  1355.08  140.64  180.83  
   -0.56  0.73  -0.40  
   -0.71  -0.17  0.68  
   0.43  0.66  0.61  

6  1316.24  201.81  179.93  
   0.98  0.16  -0.10  
   -0.17  0.97  -0.19  
   0.07  0.20  0.98  

2  1355.97  147.34  179.04  
   -0.57  0.71  -0.41  
   -0.77  -0.29  0.57  
   0.29  0.64  0.71  

6  1316.24  202.26  180.38  
   0.98  0.14  -0.11  
   -0.16  0.97  -0.21  
   0.07  0.22  0.97  

2  1354.19  133.50  193.33  
   -0.61  0.73  -0.30  
   -0.48  -0.03  0.88  
   0.63  0.68  0.37  

6  1318.02  202.26  180.83  
   0.98  0.13  -0.11  
   -0.16  0.96  -0.22  
   0.08  0.23  0.97  

2  1360.44  130.82  190.65  
   -0.61  0.64  -0.46  
   -0.57  0.04  0.82  
   0.54  0.76  0.35  

6  1317.58  200.92  182.61  
   0.98  0.13  -0.11  
   -0.15  0.96  -0.23  
   0.08  0.24  0.97  

2  1355.08  142.88  176.81  
   -0.67  0.68  -0.30  
   -0.66  -0.36  0.65  
   0.33  0.64  0.69  

6  1318.02  200.47  179.49  
   0.99  0.13  -0.11  
   -0.15  0.96  -0.23  
   0.07  0.25  0.97  

2  1384.10  178.15  269.23  
   0.23  0.65  -0.72  
   -0.76  -0.34  -0.56  
   -0.61  0.68  0.42  

6  1328.74  123.23  245.12  
   0.87  0.39  -0.32  
   -0.34  0.92  0.19  
   0.36  -0.05  0.93  

2  1375.62  186.18  271.02  
   -0.01  0.84  -0.53  
   -0.48  -0.48  -0.74  
   -0.88  0.24  0.41  

6  1330.08  125.02  245.57  
   0.87  0.37  -0.33  
   -0.33  0.93  0.17  
   0.36  -0.04  0.93  

2  1389.01  166.09  273.69  
   0.10  0.47  -0.87  
   -0.87  -0.38  -0.31  
   -0.48  0.79  0.38  

6  1330.52  123.68  247.35  
   0.87  0.37  -0.33  
   -0.34  0.93  0.17  
   0.37  -0.04  0.93  

2  1390.35  169.66  279.50  
   0.17  0.40  -0.90  
   -0.77  -0.51  -0.38  
   -0.61  0.76  0.22  

6  1330.97  123.68  246.91  
   0.87  0.37  -0.33  
   -0.34  0.93  0.17  
   0.37  -0.04  0.93  

2  1382.76  183.95  283.07  
   -0.07  0.71  -0.70  
   -0.40  -0.66  -0.64  
   -0.91  0.23  0.33  

6  1331.86  124.12  246.91  
   0.87  0.37  -0.33  
   -0.33  0.93  0.17  
   0.37  -0.03  0.93  

2  1093.44  -70.99  -150.91  
   0.37  -0.73  -0.57  
   0.93  0.30  0.22  
   0.01  -0.62  0.79  

3  1130.94  -44.65  -19.20  
   -0.36  0.04  -0.93  
   0.07  -1.00  -0.07  
   -0.93  -0.09  0.36  

2  1095.23  -66.53  -147.79  
   0.30  -0.70  -0.65  
   0.93  0.35  0.05  
   0.19  -0.62  0.76  

3  1130.50  -45.09  -18.75  
   -0.37  0.04  -0.93  
   0.07  -1.00  -0.07  
   -0.93  -0.09  0.36  

2  1092.10  -69.65  -152.25  
   0.41  -0.73  -0.54  
   0.91  0.39  0.16  
   0.10  -0.56  0.82  

3  1130.50  -43.76  -18.75  
   -0.37  0.04  -0.93  
   0.07  -0.99  -0.07  
   -0.93  -0.09  0.36  

2  1089.87  -79.47  -150.91  
   0.60  -0.64  -0.49  
   0.80  0.47  0.37  
   -0.01  -0.62  0.79  

3  1130.05  -43.31  -18.75  
   -0.37  0.04  -0.93  
   0.07  -0.99  -0.07  
   -0.93  -0.09  0.36  

2  1097.91  -66.53  -145.55  
   0.28  -0.67  -0.69  
   0.95  0.28  0.12  
   0.11  -0.69  0.71  

3  1130.05  -42.86  -18.31  
   -0.37  0.04  -0.93  
   0.07  -0.99  -0.08  
   -0.93  -0.09  0.36  

2  1060.40  -182.17  -110.73  
   0.55  -0.42  -0.72  
   0.50  0.86  -0.13  
   0.67  -0.29  0.68  

7  978.25  -237.98  -127.69  
   0.87  -0.44  0.20  
   0.31  0.83  0.47  
   -0.37  -0.35  0.86  

2  1065.76  -184.40  -102.24  
   0.35  -0.37  -0.86  
   0.55  0.82  -0.13  
   0.76  -0.43  0.49  

7  979.14  -238.87  -128.14  
   0.87  -0.45  0.20  
   0.31  0.82  0.47  
   -0.38  -0.35  0.86  

2  1057.72  -183.06  -114.30  
   0.63  -0.48  -0.61  
   0.53  0.84  -0.11  
   0.57  -0.26  0.78  

7  978.69  -238.87  -128.14  
   0.87  -0.45  0.20  
   0.31  0.82  0.47  
   -0.38  -0.35  0.86  

2  1060.85  -202.26  -104.92  
   0.72  -0.08  -0.68  
   0.39  0.87  0.32  
   0.57  -0.50  0.66  

7  978.69  -237.98  -127.69  
   0.87  -0.45  0.20  
   0.31  0.82  0.47  
   -0.38  -0.35  0.86  

2  1065.76  -188.42  -103.58  
   0.43  -0.31  -0.84  
   0.59  0.81  0.00  
   0.68  -0.50  0.54  

7  978.69  -237.53  -127.25  
   0.87  -0.45  0.20  
   0.31  0.82  0.47  
   -0.38  -0.35  0.86  

2  1023.79  -238.87  -153.59  
   0.56  -0.78  -0.26  
   0.82  0.50  0.27  
   -0.08  -0.37  0.92  

7  978.25  -237.98  -126.80  
   0.87  -0.43  0.23  
   0.28  0.83  0.48  
   -0.40  -0.35  0.85  

2  1032.72  -244.23  -147.34  
   0.47  -0.72  -0.51  
   0.88  0.36  0.31  
   -0.04  -0.59  0.80  

7  978.25  -238.87  -126.36  
   0.87  -0.43  0.24  
   0.27  0.83  0.48  
   -0.40  -0.36  0.84  

2  1025.13  -225.47  -155.38  
   0.25  -0.91  -0.32  
   0.96  0.28  -0.04  
   0.13  -0.29  0.95  

7  978.25  -239.32  -126.36  
   0.87  -0.42  0.24  
   0.27  0.83  0.48  
   -0.40  -0.36  0.84  

2  1019.32  -246.46  -156.72  
   0.46  -0.87  -0.15  
   0.84  0.38  0.39  
   -0.28  -0.31  0.91  

7  979.14  -238.42  -127.69  
   0.87  -0.43  0.24  
   0.28  0.83  0.48  
   -0.40  -0.35  0.84  

2  1038.97  -237.53  -144.21  
   0.33  -0.69  -0.64  
   0.94  0.26  0.20  
   0.03  -0.67  0.74  

7  978.69  -239.32  -126.36  
   0.88  -0.42  0.23  
   0.27  0.83  0.48  
   -0.40  -0.36  0.85  

2  955.48  -293.79  -87.96  
   0.15  -0.80  0.58  
   -0.07  0.58  0.81  
   -0.99  -0.16  0.04  

7  993.43  -231.73  -131.71  
   0.87  -0.45  0.21  
   0.31  0.82  0.49  
   -0.39  -0.36  0.85  

2  963.51  -297.36  -90.19  
   0.42  -0.81  0.42  
   -0.07  0.43  0.90  
   -0.91  -0.41  0.12  

7  994.32  -232.17  -130.82  
   0.86  -0.46  0.21  
   0.31  0.81  0.49  
   -0.39  -0.36  0.85  

2  955.48  -286.20  -100.91  
   0.32  -0.72  0.62  
   0.19  0.69  0.70  
   -0.93  -0.11  0.36  

7  994.32  -231.28  -131.71  
   0.86  -0.47  0.21  
   0.32  0.81  0.49  
   -0.40  -0.36  0.85  

2  946.55  -278.61  -91.98  
   0.15  -0.53  0.83  
   0.11  0.85  0.52  
   -0.98  0.02  0.19  

7  994.77  -230.39  -132.16  
   0.86  -0.46  0.21  
   0.31  0.81  0.50  
   -0.40  -0.36  0.84  

2  955.92  -294.23  -86.62  
   0.20  -0.75  0.63  
   -0.19  0.60  0.78  
   -0.96  -0.28  -0.02  

7  994.32  -231.28  -133.05  
   0.86  -0.46  0.20  
   0.32  0.81  0.49  
   -0.39  -0.36  0.85  

2  873.77  -159.39  -103.58  
   0.41  -0.16  0.90  
   0.10  0.99  0.13  
   -0.91  0.03  0.42  

7  1017.54  -239.32  -131.27  
   0.83  -0.54  0.17  
   0.40  0.77  0.50  
   -0.40  -0.34  0.85  

2  876.90  -179.49  -98.67  
   0.44  -0.40  0.80  
   -0.18  0.84  0.51  
   -0.88  -0.37  0.30  

7  1017.54  -240.21  -131.27  
   0.83  -0.54  0.17  
   0.40  0.77  0.50  
   -0.40  -0.34  0.85  

2  875.56  -153.59  -107.60  
   0.47  -0.16  0.87  
   0.26  0.96  0.03  
   -0.84  0.21  0.49  

7  1017.54  -239.76  -130.37  
   0.83  -0.53  0.17  
   0.39  0.77  0.50  
   -0.40  -0.35  0.85  

2  871.54  -140.64  -93.32  
   0.29  0.18  0.94  
   0.28  0.93  -0.26  
   -0.92  0.33  0.21  

7  1017.09  -239.32  -129.93  
   0.83  -0.53  0.17  
   0.39  0.77  0.50  
   -0.40  -0.35  0.85  

2  871.98  -174.13  -93.32  
   0.31  -0.39  0.87  
   -0.21  0.86  0.46  
   -0.93  -0.32  0.18  

7  1016.64  -239.76  -130.37  
   0.83  -0.53  0.17  
   0.39  0.77  0.50  
   -0.40  -0.35  0.85  

2  894.75  -211.19  44.65  
   -0.45  -0.32  0.83  
   0.26  0.84  0.47  
   -0.85  0.43  -0.30  

7  1047.90  -221.01  -148.68  
   0.77  -0.63  0.14  
   0.51  0.73  0.46  
   -0.39  -0.28  0.87  

2  902.79  -223.69  40.63  
   -0.32  -0.68  0.66  
   -0.04  0.70  0.71  
   -0.95  0.20  -0.25  

7  1047.90  -220.56  -150.02  
   0.76  -0.63  0.14  
   0.51  0.72  0.46  
   -0.39  -0.28  0.87  

2  898.33  -219.22  33.49  
   -0.29  -0.61  0.74  
   0.20  0.71  0.67  
   -0.94  0.34  -0.08  

7  1048.35  -220.12  -150.47  
   0.76  -0.63  0.14  
   0.51  0.72  0.46  
   -0.39  -0.28  0.88  

2  890.74  -200.92  42.42  
   -0.35  -0.07  0.93  
   0.63  0.72  0.29  
   -0.69  0.69  -0.21  

7  1048.35  -220.12  -150.47  
   0.76  -0.63  0.14  
   0.51  0.73  0.46  
   -0.39  -0.28  0.88  

2  897.88  -212.08  53.13  
   -0.64  -0.28  0.72  
   0.19  0.85  0.50  
   -0.75  0.45  -0.49  

7  1047.90  -220.12  -150.02  
   0.77  -0.63  0.14  
   0.51  0.73  0.46  
   -0.39  -0.28  0.88  

2  1089.87  -390.67  212.53  
   -0.04  -1.00  -0.02  
   0.24  -0.03  0.97  
   -0.97  0.03  0.24  

8  1028.70  -342.45  198.69  
   -0.43  -0.63  0.65  
   0.10  0.68  0.73  
   -0.90  0.38  -0.23  

2  1095.67  -388.44  210.74  
   0.25  -0.96  -0.09  
   0.28  -0.02  0.96  
   -0.93  -0.27  0.27  

8  1030.04  -342.45  198.69  
   -0.42  -0.64  0.64  
   0.10  0.67  0.73  
   -0.90  0.37  -0.22  

2  1077.37  -390.23  212.97  
   -0.13  -0.94  0.32  
   0.27  0.27  0.92  
   -0.95  0.21  0.22  

8  1030.49  -342.90  197.79  
   -0.42  -0.64  0.64  
   0.10  0.67  0.73  
   -0.90  0.37  -0.22  

2  1069.78  -390.67  230.83  
   -0.47  -0.78  0.41  
   0.01  0.46  0.89  
   -0.88  0.42  -0.21  

8  1030.04  -342.45  198.24  
   -0.42  -0.63  0.65  
   0.10  0.68  0.73  
   -0.90  0.37  -0.23  

2  1085.85  -392.46  216.99  
   0.31  -0.94  0.11  
   0.02  0.12  0.99  
   -0.95  -0.31  0.06  

8  1030.04  -341.56  198.24  
   -0.43  -0.63  0.65  
   0.10  0.68  0.73  
   -0.90  0.37  -0.23  

2  1040.76  -283.96  268.78  
   0.42  0.59  0.68  
   0.80  0.11  -0.59  
   -0.43  0.80  -0.43  

8  1046.11  -369.69  180.83  
   -0.36  -0.78  0.51  
   0.17  0.48  0.86  
   -0.92  0.39  -0.04  

2  1055.94  -283.52  274.14  
   0.56  0.71  0.42  
   0.75  -0.21  -0.63  
   -0.36  0.67  -0.65  

8  1046.56  -368.80  180.38  
   -0.36  -0.76  0.54  
   0.15  0.52  0.84  
   -0.92  0.38  -0.07  

2  1046.56  -298.25  279.05  
   -0.01  0.79  0.61  
   0.95  0.20  -0.24  
   -0.31  0.57  -0.76  

8  1048.35  -371.03  179.04  
   -0.36  -0.77  0.52  
   0.17  0.49  0.85  
   -0.92  0.40  -0.05  

2  1042.54  -285.75  263.43  
   0.36  0.57  0.74  
   0.85  0.13  -0.51  
   -0.38  0.81  -0.44  

8  1048.79  -371.03  178.15  
   -0.36  -0.78  0.51  
   0.17  0.49  0.86  
   -0.92  0.40  -0.04  

2  1052.36  -286.20  275.48  
   0.49  0.70  0.52  
   0.82  -0.16  -0.55  
   -0.30  0.69  -0.65  

8  1047.90  -370.14  179.49  
   -0.36  -0.77  0.52  
   0.16  0.50  0.85  
   -0.92  0.39  -0.05  

2  1361.78  -211.19  181.27  
   0.55  -0.82  -0.17  
   0.58  0.52  -0.63  
   0.61  0.25  0.76  

9  1323.83  -268.78  188.86  
   0.98  -0.20  -0.08  
   0.19  0.97  -0.12  
   0.10  0.10  0.99  

2  1356.87  -221.01  168.32  
   0.71  -0.70  -0.02  
   0.67  0.69  -0.29  
   0.22  0.19  0.96  

9  1325.17  -266.55  187.52  
   0.97  -0.21  -0.08  
   0.20  0.97  -0.12  
   0.10  0.10  0.99  

2  1370.26  -212.97  180.38  
   0.46  -0.83  -0.30  
   0.71  0.55  -0.44  
   0.54  -0.01  0.84  

9  1326.06  -265.21  188.42  
   0.97  -0.21  -0.08  
   0.20  0.97  -0.12  
   0.10  0.10  0.99  

2  1354.63  -201.81  192.88  
   0.34  -0.93  0.12  
   0.61  0.12  -0.78  
   0.71  0.34  0.61  

9  1327.40  -264.77  187.97  
   0.97  -0.22  -0.08  
   0.21  0.97  -0.12  
   0.10  0.10  0.99  

2  1347.94  -210.29  177.70  
   0.42  -0.83  0.36  
   0.84  0.22  -0.49  
   0.33  0.51  0.80  

9  1328.29  -263.87  187.08  
   0.97  -0.22  -0.07  
   0.21  0.97  -0.11  
   0.10  0.09  0.99  

2  1349.28  -304.95  255.84  
   0.96  -0.24  -0.17  
   0.25  0.36  0.90  
   -0.16  -0.90  0.41  

9  1309.99  -243.33  246.46  
   0.93  -0.30  -0.22  
   0.27  0.95  -0.17  
   0.26  0.10  0.96  

2  1353.74  -306.73  265.21  
   0.96  0.11  -0.26  
   0.20  0.37  0.91  
   0.19  -0.92  0.33  

9  1311.32  -243.33  245.57  
   0.93  -0.30  -0.22  
   0.27  0.95  -0.16  
   0.26  0.09  0.96  

2  1350.62  -300.93  248.69  
   0.96  -0.24  -0.10  
   0.23  0.61  0.75  
   -0.12  -0.75  0.65  

9  1312.22  -243.33  244.67  
   0.93  -0.31  -0.22  
   0.28  0.95  -0.16  
   0.26  0.09  0.96  

2  1338.56  -304.50  252.26  
   0.89  -0.39  0.24  
   0.01  0.55  0.84  
   -0.45  -0.74  0.49  

9  1312.22  -244.23  243.78  
   0.93  -0.31  -0.22  
   0.27  0.95  -0.17  
   0.26  0.09  0.96  

2  1352.40  -309.86  263.43  
   0.98  0.16  -0.14  
   0.09  0.28  0.96  
   0.19  -0.95  0.26  

9  1312.66  -243.33  244.23  
   0.93  -0.31  -0.22  
   0.27  0.95  -0.17  
   0.26  0.09  0.96  

