% Calibrated with leiden_pols
% Positions are in centimeters
Data =[
 2    97.199   -23.862    59.173
 2     0.714    -0.701     0.002
 2     0.699     0.712     0.052
 2    -0.037    -0.037     0.998
 3   130.291    -1.751     2.236
 3     0.605    -0.024    -0.795
 3    -0.128     0.984    -0.126
 3     0.785     0.178     0.592
 4   113.734    16.200    -7.728
 4     0.376    -0.798     0.472
 4     0.922     0.272    -0.274
 4     0.090     0.538     0.838
 5   119.842    26.278    20.799
 5     0.417    -0.708     0.572
 5     0.272    -0.502    -0.820
 5     0.867     0.496    -0.016
 6   138.395    22.146    42.986
 6     0.764    -0.545    -0.350
 6    -0.219     0.287    -0.931
 6     0.606     0.788     0.102
 7   115.590   -20.102    -7.094
 7     0.349     0.915     0.201
 7    -0.937     0.343     0.063
 7    -0.011    -0.210     0.977
 8   120.146   -28.539    20.917
 8     0.425     0.319     0.848
 8    -0.261    -0.853     0.450
 8     0.866    -0.412    -0.280
 9   138.530   -31.266    43.644
 9     0.712     0.694     0.105
 9     0.007    -0.160     0.987
 9     0.702    -0.702    -0.118
 2    97.199   -23.862    59.173
 2     0.714    -0.701     0.002
 2     0.699     0.712     0.052
 2    -0.037    -0.037     0.998
 3   130.294    -1.800     2.230
 3     0.604    -0.026    -0.797
 3    -0.127     0.983    -0.129
 3     0.786     0.179     0.590
 4   113.813    16.200    -7.755
 4     0.379    -0.798     0.469
 4     0.921     0.274    -0.276
 4     0.091     0.536     0.839
 5   119.846    26.282    20.793
 5     0.415    -0.707     0.575
 5     0.274    -0.504    -0.818
 5     0.868     0.495    -0.015
 6   138.401    22.199    42.929
 6     0.763    -0.546    -0.351
 6    -0.219     0.289    -0.931
 6     0.608     0.786     0.103
 7   115.534   -20.208    -7.168
 7     0.344     0.919     0.193
 7    -0.939     0.339     0.058
 7    -0.012    -0.201     0.979
 8   120.152   -28.537    20.910
 8     0.426     0.318     0.848
 8    -0.260    -0.854     0.449
 8     0.867    -0.410    -0.281
 9   138.530   -31.266    43.644
 9     0.712     0.694     0.105
 9     0.007    -0.160     0.987
 9     0.702    -0.702    -0.118
 2    97.199   -23.862    59.173
 2     0.714    -0.701     0.002
 2     0.699     0.712     0.052
 2    -0.037    -0.037     0.998
 3   130.311    -1.870     2.093
 3     0.602    -0.019    -0.798
 3    -0.122     0.986    -0.115
 3     0.789     0.166     0.591
 4   113.865    16.201    -7.860
 4     0.379    -0.798     0.469
 4     0.921     0.275    -0.276
 4     0.092     0.536     0.839
 5   119.896    26.282    20.691
 5     0.414    -0.707     0.576
 5     0.274    -0.505    -0.817
 5     0.868     0.495    -0.015
 6   138.405    22.149    42.926
 6     0.761    -0.547    -0.353
 6    -0.219     0.292    -0.930
 6     0.609     0.785     0.105
 7   115.541   -20.207    -7.125
 7     0.340     0.921     0.191
 7    -0.940     0.335     0.059
 7    -0.009    -0.200     0.980
 8   120.153   -28.535    20.910
 8     0.426     0.317     0.848
 8    -0.258    -0.856     0.447
 8     0.867    -0.409    -0.283
 9   138.530   -31.317    43.695
 9     0.712     0.694     0.106
 9     0.006    -0.161     0.987
 9     0.702    -0.702    -0.119
 2    97.199   -23.862    59.173
 2     0.714    -0.701     0.002
 2     0.699     0.712     0.052
 2    -0.037    -0.037     0.998
 3   130.463    -1.964     2.185
 3     0.592    -0.021    -0.805
 3    -0.122     0.986    -0.115
 3     0.796     0.166     0.581
 4   114.104    16.181    -7.919
 4     0.375    -0.806     0.459
 4     0.922     0.272    -0.275
 4     0.097     0.525     0.845
 5   119.193    25.515    21.057
 5     0.405    -0.667     0.629
 5     0.281    -0.562    -0.776
 5     0.870     0.490    -0.039
 6   138.181    22.145    42.916
 6     0.778    -0.542    -0.321
 6    -0.200     0.267    -0.942
 6     0.595     0.797     0.102
 7   115.528   -20.273    -7.101
 7     0.332     0.926     0.178
 7    -0.943     0.324     0.071
 7     0.009    -0.192     0.981
 8   119.694   -28.333    21.124
 8     0.423     0.271     0.865
 8    -0.266    -0.876     0.402
 8     0.866    -0.400    -0.298
 9   138.494   -31.403    43.482
 9     0.721     0.686     0.096
 9     0.006    -0.149     0.989
 9     0.692    -0.712    -0.111
 2    97.199   -23.862    59.173
 2     0.714    -0.701     0.002
 2     0.699     0.712     0.052
 2    -0.037    -0.037     0.998
 3   130.566    -1.963     2.163
 3     0.593    -0.015    -0.805
 3    -0.120     0.987    -0.106
 3     0.796     0.159     0.584
 4   114.014    16.045    -8.025
 4     0.347    -0.815     0.466
 4     0.932     0.243    -0.268
 4     0.106     0.526     0.843
 5   116.747    24.500    20.979
 5     0.372    -0.555     0.746
 5     0.314    -0.680    -0.661
 5     0.873     0.479    -0.078
 6   137.420    23.274    40.914
 6     0.845    -0.492    -0.211
 6    -0.125     0.199    -0.971
 6     0.519     0.847     0.108
 7   114.948   -20.157    -7.192
 7     0.313     0.939     0.143
 7    -0.950     0.307     0.061
 7     0.013    -0.155     0.988
 8   117.267   -29.471    20.684
 8     0.401     0.038     0.915
 8    -0.414    -0.885     0.216
 8     0.817    -0.465    -0.339
 9   139.342   -36.168    37.229
 9     0.898     0.410     0.158
 9    -0.084    -0.196     0.977
 9     0.431    -0.891    -0.141
 2    97.199   -23.862    59.173
 2     0.714    -0.701     0.002
 2     0.699     0.712     0.052
 2    -0.037    -0.037     0.998
 3   130.030    -1.967     1.935
 3     0.608    -0.018    -0.793
 3    -0.106     0.989    -0.104
 3     0.786     0.146     0.599
 4   112.735    15.734    -8.043
 4     0.316    -0.812     0.493
 4     0.944     0.218    -0.244
 4     0.090     0.542     0.835
 5   116.071    24.868    20.916
 5     0.432    -0.445     0.786
 5     0.372    -0.705    -0.603
 5     0.821     0.552    -0.139
 6   140.552    23.045    29.704
 6     0.994     0.012    -0.106
 6    -0.105     0.237    -0.966
 6     0.014     0.971     0.235
 7   113.587   -19.507    -8.333
 7     0.276     0.952     0.131
 7    -0.957     0.285    -0.054
 7    -0.089    -0.111     0.990
 8   116.085   -30.716    18.910
 8     0.424    -0.050     0.904
 8    -0.498    -0.847     0.187
 8     0.756    -0.530    -0.384
 9   140.241   -32.912    22.783
 9     0.985    -0.137    -0.105
 9     0.119     0.108     0.987
 9    -0.124    -0.985     0.120
 2    97.199   -23.862    59.173
 2     0.714    -0.701     0.002
 2     0.699     0.712     0.052
 2    -0.037    -0.037     0.998
 3   129.621    -2.072     1.649
 3     0.623    -0.004    -0.782
 3    -0.130     0.985    -0.108
 3     0.771     0.168     0.613
 4   111.688    15.221    -8.456
 4     0.359    -0.760     0.543
 4     0.932     0.267    -0.241
 4     0.038     0.592     0.804
 5   119.495    25.214    19.510
 5     0.607    -0.445     0.660
 5     0.322    -0.621    -0.714
 5     0.726     0.645    -0.234
 6   142.123    16.728    19.583
 6     0.881     0.394    -0.271
 6    -0.335     0.118    -0.934
 6    -0.334     0.911     0.233
 7   112.661   -18.725    -8.821
 7     0.279     0.954     0.109
 7    -0.953     0.289    -0.090
 7    -0.117    -0.079     0.990
 8   118.467   -30.160    18.060
 8     0.568     0.083     0.819
 8    -0.409    -0.835     0.367
 8     0.714    -0.543    -0.441
 9   141.191   -24.013    17.669
 9     0.855    -0.312    -0.420
 9     0.418    -0.065     0.905
 9    -0.306    -0.948     0.070
 2    97.199   -23.862    59.173
 2     0.714    -0.701     0.002
 2     0.699     0.712     0.052
 2    -0.037    -0.037     0.998
 3   129.120    -2.230     1.214
 3     0.644     0.015    -0.765
 3    -0.147     0.984    -0.104
 3     0.750     0.179     0.635
 4   110.755    14.685    -8.824
 4     0.401    -0.709     0.581
 4     0.916     0.316    -0.245
 4    -0.010     0.630     0.776
 5   121.631    24.503    18.337
 5     0.691    -0.450     0.566
 5     0.264    -0.571    -0.776
 5     0.672     0.686    -0.277
 6   143.572    13.315    16.392
 6     0.811     0.359    -0.469
 6    -0.420    -0.198    -0.883
 6    -0.407     0.912    -0.013
 7   111.636   -18.327    -9.555
 7     0.297     0.946     0.132
 7    -0.941     0.314    -0.129
 7    -0.163    -0.086     0.983
 8   121.368   -29.650    16.727
 8     0.700     0.200     0.686
 8    -0.288    -0.800     0.526
 8     0.653    -0.566    -0.503
 9   140.456   -17.344    12.787
 9     0.645    -0.271    -0.717
 9     0.592    -0.417     0.688
 9    -0.482    -0.868    -0.110
 2    97.199   -23.862    59.173
 2     0.714    -0.701     0.002
 2     0.699     0.712     0.052
 2    -0.037    -0.037     0.998
 3   128.733    -2.403     0.858
 3     0.653     0.034    -0.756
 3    -0.164     0.981    -0.098
 3     0.739     0.188     0.647
 4   110.341    14.409    -9.305
 4     0.439    -0.666     0.605
 4     0.897     0.361    -0.252
 4    -0.051     0.652     0.755
 5   123.768    23.839    17.180
 5     0.745    -0.493     0.450
 5     0.177    -0.503    -0.845
 5     0.643     0.709    -0.289
 6   143.132     8.259    14.187
 6     0.708     0.287    -0.650
 6    -0.557    -0.340    -0.755
 6    -0.433     0.895    -0.083
 7   111.044   -17.653   -10.025
 7     0.319     0.936     0.149
 7    -0.923     0.343    -0.174
 7    -0.214    -0.083     0.973
 8   124.601   -29.198    14.528
 8     0.782     0.357     0.511
 8    -0.161    -0.677     0.718
 8     0.602    -0.644    -0.472
 9   138.882   -10.036    10.570
 9     0.390    -0.086    -0.917
 9     0.792    -0.477     0.381
 9    -0.470    -0.875    -0.118
 2    97.174   -23.862    59.173
 2     0.714    -0.701     0.002
 2     0.699     0.712     0.052
 2    -0.037    -0.037     0.998
 3   128.422    -2.316     0.716
 3     0.660     0.034    -0.751
 3    -0.174     0.978    -0.110
 3     0.730     0.203     0.651
 4   110.126    14.351    -9.526
 4     0.477    -0.634     0.609
 4     0.875     0.400    -0.269
 4    -0.073     0.662     0.745
 5   125.098    22.746    16.460
 5     0.764    -0.555     0.331
 5     0.078    -0.428    -0.900
 5     0.641     0.713    -0.284
 6   141.604     2.929    13.065
 6     0.575     0.195    -0.796
 6    -0.689    -0.412    -0.596
 6    -0.440     0.890    -0.104
 7   110.806   -17.389   -10.285
 7     0.339     0.927     0.163
 7    -0.909     0.366    -0.196
 7    -0.241    -0.082     0.967
 8   126.302   -28.904    13.190
 8     0.808     0.432     0.401
 8    -0.098    -0.571     0.814
 8     0.581    -0.698    -0.419
 9   137.379    -6.811    11.009
 9     0.257    -0.029    -0.966
 9     0.866    -0.437     0.243
 9    -0.429    -0.899    -0.087
 2    97.174   -23.862    59.173
 2     0.714    -0.701     0.002
 2     0.699     0.712     0.052
 2    -0.037    -0.037     0.998
 3   128.332    -2.371     0.503
 3     0.664     0.031    -0.747
 3    -0.175     0.978    -0.115
 3     0.726     0.207     0.655
 4   109.882    13.912    -9.921
 4     0.488    -0.615     0.621
 4     0.867     0.425    -0.259
 4    -0.105     0.664     0.740
 5   125.968    22.711    15.467
 5     0.774    -0.580     0.255
 5     0.043    -0.353    -0.935
 5     0.632     0.734    -0.248
 6   140.600     0.729    12.107
 6     0.479     0.112    -0.871
 6    -0.756    -0.454    -0.473
 6    -0.446     0.884    -0.134
 7   110.831   -17.520   -10.272
 7     0.349     0.919     0.181
 7    -0.902     0.382    -0.201
 7    -0.254    -0.094     0.963
 8   127.562   -29.924    11.502
 8     0.819     0.479     0.315
 8    -0.089    -0.436     0.895
 8     0.566    -0.761    -0.316
 9   135.061    -6.140    10.218
 9     0.118    -0.192    -0.974
 9     0.909    -0.375     0.183
 9    -0.399    -0.907     0.130
 2    97.127   -23.861    59.119
 2     0.714    -0.701     0.001
 2     0.699     0.712     0.052
 2    -0.036    -0.037     0.998
 3   128.334    -2.545     0.369
 3     0.665     0.023    -0.747
 3    -0.171     0.978    -0.122
 3     0.727     0.208     0.654
 4   109.848    13.567   -10.055
 4     0.489    -0.609     0.626
 4     0.864     0.436    -0.250
 4    -0.121     0.662     0.738
 5   126.556    22.116    15.077
 5     0.796    -0.557     0.236
 5     0.021    -0.364    -0.931
 5     0.604     0.746    -0.279
 6   139.300    -0.609     9.042
 6     0.381     0.341    -0.861
 6    -0.773    -0.396    -0.496
 6    -0.507     0.852     0.112
 7   111.002   -17.696   -10.442
 7     0.374     0.904     0.206
 7    -0.888     0.413    -0.202
 7    -0.268    -0.107     0.957
 8   128.683   -29.703    10.709
 8     0.827     0.497     0.262
 8    -0.069    -0.374     0.925
 8     0.558    -0.783    -0.275
 9   134.303    -4.875    10.154
 9     0.017    -0.228    -0.974
 9     0.936    -0.338     0.096
 9    -0.351    -0.913     0.207
 2    97.174   -23.836    59.173
 2     0.713    -0.702     0.002
 2     0.700     0.712     0.052
 2    -0.037    -0.037     0.998
 3   128.308    -2.350     0.415
 3     0.657    -0.013    -0.754
 3    -0.157     0.975    -0.154
 3     0.737     0.219     0.639
 4   109.510    13.428   -10.023
 4     0.484    -0.597     0.641
 4     0.864     0.438    -0.244
 4    -0.135     0.672     0.728
 5   127.198    22.084    14.661
 5     0.803    -0.571     0.170
 5    -0.012    -0.302    -0.953
 5     0.595     0.763    -0.249
 6   138.238    -1.615     8.336
 6     0.306     0.434    -0.849
 6    -0.820    -0.334    -0.463
 6    -0.483     0.836     0.253
 7   111.162   -17.619   -10.451
 7     0.387     0.896     0.218
 7    -0.880     0.429    -0.202
 7    -0.275    -0.114     0.954
 8   129.084   -29.829    10.267
 8     0.821     0.516     0.240
 8    -0.065    -0.335     0.940
 8     0.566    -0.788    -0.242
 9   134.043    -4.881    10.304
 9    -0.005    -0.231    -0.973
 9     0.933    -0.351     0.079
 9    -0.360    -0.907     0.217
 2    97.199   -23.862    59.173
 2     0.713    -0.702     0.002
 2     0.700     0.712     0.052
 2    -0.037    -0.037     0.998
 3   128.205    -2.298     0.496
 3     0.659    -0.015    -0.752
 3    -0.152     0.976    -0.153
 3     0.736     0.215     0.641
 4   109.323    13.429    -9.890
 4     0.473    -0.600     0.646
 4     0.870     0.432    -0.235
 4    -0.138     0.673     0.726
 5   126.761    22.124    14.789
 5     0.793    -0.581     0.179
 5    -0.010    -0.307    -0.952
 5     0.608     0.753    -0.249
 6   138.187    -1.159     8.568
 6     0.325     0.456    -0.831
 6    -0.806    -0.328    -0.492
 6    -0.494     0.827     0.261
 7   111.215   -17.564   -10.506
 7     0.392     0.893     0.223
 7    -0.878     0.435    -0.198
 7    -0.274    -0.118     0.954
 8   129.103   -29.619    10.423
 8     0.817     0.521     0.244
 8    -0.062    -0.342     0.937
 8     0.572    -0.782    -0.247
 9   134.087    -4.508    10.625
 9    -0.011    -0.195    -0.981
 9     0.938    -0.341     0.057
 9    -0.345    -0.920     0.187
 2    97.174   -23.862    59.173
 2     0.713    -0.702     0.002
 2     0.700     0.712     0.052
 2    -0.037    -0.037     0.998
 3   128.336    -2.059     0.565
 3     0.652    -0.015    -0.758
 3    -0.146     0.979    -0.144
 3     0.744     0.204     0.636
 4   109.622    13.796    -9.971
 4     0.471    -0.607     0.641
 4     0.873     0.424    -0.239
 4    -0.127     0.672     0.729
 5   126.736    22.107    15.053
 5     0.787    -0.589     0.183
 5    -0.018    -0.319    -0.948
 5     0.617     0.742    -0.262
 6   138.236    -1.062     8.710
 6     0.332     0.454    -0.829
 6    -0.798    -0.335    -0.500
 6    -0.502     0.826     0.251
 7   111.481   -17.312   -10.729
 7     0.394     0.892     0.221
 7    -0.876     0.437    -0.202
 7    -0.277    -0.114     0.954
 8   129.089   -29.408    10.480
 8     0.809     0.530     0.254
 8    -0.065    -0.349     0.935
 8     0.584    -0.773    -0.248
 9   134.256    -4.437    10.687
 9    -0.001    -0.203    -0.979
 9     0.937    -0.342     0.070
 9    -0.349    -0.917     0.191
 2    97.174   -23.862    59.173
 2     0.714    -0.701     0.002
 2     0.699     0.712     0.052
 2    -0.037    -0.037     0.998
 3   128.523    -2.102     0.450
 3     0.649    -0.017    -0.760
 3    -0.139     0.980    -0.141
 3     0.747     0.197     0.634
 4   109.799    13.745   -10.044
 4     0.472    -0.611     0.637
 4     0.872     0.426    -0.237
 4    -0.127     0.667     0.733
 5   126.873    22.010    15.088
 5     0.783    -0.594     0.183
 5    -0.021    -0.321    -0.947
 5     0.621     0.738    -0.264
 6   138.380    -1.062     8.714
 6     0.334     0.454    -0.827
 6    -0.796    -0.335    -0.503
 6    -0.504     0.825     0.249
 7   111.881   -17.485   -10.786
 7     0.400     0.889     0.221
 7    -0.874     0.443    -0.200
 7    -0.276    -0.113     0.954
 8   129.327   -29.453    10.537
 8     0.806     0.536     0.252
 8    -0.061    -0.348     0.935
 8     0.589    -0.769    -0.248
 9   134.477    -4.514    10.773
 9    -0.003    -0.197    -0.980
 9     0.936    -0.345     0.067
 9    -0.352    -0.918     0.185
 2    97.174   -23.836    59.173
 2     0.713    -0.702     0.002
 2     0.700     0.712     0.052
 2    -0.037    -0.037     0.998
 3   128.760    -2.224     0.540
 3     0.647    -0.017    -0.762
 3    -0.136     0.981    -0.137
 3     0.750     0.192     0.632
 4   110.043    13.488   -10.157
 4     0.472    -0.613     0.635
 4     0.872     0.430    -0.232
 4    -0.131     0.662     0.737
 5   126.987    21.889    15.023
 5     0.780    -0.597     0.186
 5    -0.018    -0.319    -0.948
 5     0.625     0.735    -0.260
 6   138.584    -1.156     8.874
 6     0.341     0.449    -0.828
 6    -0.795    -0.333    -0.506
 6    -0.501     0.829     0.243
 7   112.145   -17.678   -10.811
 7     0.406     0.887     0.219
 7    -0.873     0.447    -0.193
 7    -0.269    -0.113     0.956
 8   129.555   -29.501    10.635
 8     0.805     0.537     0.252
 8    -0.059    -0.350     0.935
 8     0.590    -0.767    -0.250
 9   134.600    -4.616    10.777
 9    -0.004    -0.195    -0.981
 9     0.935    -0.347     0.065
 9    -0.353    -0.917     0.183
 2    97.199   -23.862    59.173
 2     0.713    -0.702     0.002
 2     0.700     0.712     0.052
 2    -0.037    -0.037     0.998
 3   128.851    -2.273     0.592
 3     0.640    -0.015    -0.768
 3    -0.143     0.980    -0.139
 3     0.755     0.199     0.625
 4   109.993    13.387   -10.130
 4     0.468    -0.617     0.634
 4     0.874     0.428    -0.227
 4    -0.131     0.659     0.739
 5   126.940    21.839    15.095
 5     0.779    -0.598     0.187
 5    -0.018    -0.321    -0.947
 5     0.626     0.735    -0.261
 6   138.620    -1.058     9.020
 6     0.346     0.460    -0.820
 6    -0.789    -0.332    -0.516
 6    -0.507     0.823     0.247
 7   112.199   -17.673   -10.769
 7     0.413     0.883     0.221
 7    -0.871     0.454    -0.188
 7    -0.267    -0.115     0.957
 8   129.611   -29.549    10.678
 8     0.803     0.539     0.253
 8    -0.058    -0.353     0.934
 8     0.592    -0.765    -0.252
 9   134.726    -4.562    10.822
 9    -0.011    -0.192    -0.981
 9     0.936    -0.347     0.057
 9    -0.351    -0.918     0.183
 2    97.199   -23.862    59.173
 2     0.713    -0.702     0.002
 2     0.700     0.712     0.052
 2    -0.037    -0.037     0.998
 3   128.843    -2.226     0.600
 3     0.642    -0.016    -0.767
 3    -0.145     0.979    -0.142
 3     0.753     0.202     0.626
 4   110.126    13.574   -10.113
 4     0.476    -0.620     0.625
 4     0.871     0.427    -0.240
 4    -0.118     0.658     0.743
 5   126.501    21.313    15.647
 5     0.779    -0.587     0.220
 5    -0.021    -0.376    -0.926
 5     0.626     0.717    -0.305
 6   138.984    -0.359     8.919
 6     0.385     0.501    -0.778
 6    -0.729    -0.353    -0.585
 6    -0.566     0.790     0.230
 7   112.209   -17.667   -10.730
 7     0.417     0.881     0.224
 7    -0.870     0.457    -0.182
 7    -0.263    -0.119     0.957
 8   129.178   -29.395    11.256
 8     0.805     0.518     0.287
 8    -0.067    -0.401     0.913
 8     0.589    -0.755    -0.289
 9   135.489    -4.689    10.409
 9     0.003    -0.165    -0.986
 9     0.935    -0.350     0.062
 9    -0.355    -0.922     0.152
 2    97.199   -23.862    59.173
 2     0.713    -0.702     0.002
 2     0.700     0.712     0.052
 2    -0.037    -0.037     0.998
 3   128.758    -2.228     0.555
 3     0.644    -0.023    -0.765
 3    -0.146     0.977    -0.152
 3     0.751     0.209     0.626
 4   110.087    13.576   -10.066
 4     0.478    -0.625     0.619
 4     0.871     0.428    -0.240
 4    -0.115     0.652     0.748
 5   125.775    20.875    16.121
 5     0.775    -0.571     0.270
 5    -0.016    -0.443    -0.896
 5     0.631     0.690    -0.353
 6   139.617     1.408     8.766
 6     0.470     0.490    -0.738
 6    -0.643    -0.384    -0.661
 6    -0.604     0.782     0.135
 7   112.124   -17.884   -10.540
 7     0.411     0.883     0.226
 7    -0.877     0.450    -0.166
 7    -0.248    -0.130     0.960
 8   127.663   -29.063    12.963
 8     0.792     0.484     0.371
 8    -0.077    -0.524     0.848
 8     0.605    -0.700    -0.379
 9   136.172    -6.639     9.860
 9     0.131    -0.223    -0.966
 9     0.871    -0.440     0.219
 9    -0.474    -0.870     0.136
 2    97.174   -23.862    59.173
 2     0.713    -0.702     0.002
 2     0.700     0.712     0.052
 2    -0.037    -0.037     0.998
 3   128.665    -2.328     0.647
 3     0.641    -0.024    -0.767
 3    -0.147     0.977    -0.153
 3     0.753     0.210     0.623
 4   110.076    13.595    -9.980
 4     0.466    -0.646     0.605
 4     0.879     0.413    -0.235
 4    -0.098     0.641     0.760
 5   124.542    20.662    16.977
 5     0.769    -0.526     0.364
 5     0.027    -0.541    -0.840
 5     0.638     0.656    -0.402
 6   140.777     5.316     9.049
 6     0.594     0.485    -0.647
 6    -0.506    -0.399    -0.762
 6    -0.625     0.778     0.007
 7   112.023   -18.325   -10.297
 7     0.389     0.892     0.230
 7    -0.894     0.426    -0.138
 7    -0.221    -0.152     0.963
 8   125.029   -28.987    14.997
 8     0.765     0.391     0.512
 8    -0.131    -0.683     0.717
 8     0.630    -0.617    -0.472
 9   137.301   -11.071     9.673
 9     0.324    -0.310    -0.895
 9     0.737    -0.511     0.443
 9    -0.593    -0.802     0.062
 2    97.174   -23.862    59.173
 2     0.713    -0.702     0.002
 2     0.700     0.712     0.052
 2    -0.037    -0.037     0.998
 3   128.726    -2.323     0.820
 3     0.641    -0.020    -0.768
 3    -0.141     0.979    -0.143
 3     0.755     0.199     0.625
 4   109.923    13.782    -9.589
 4     0.428    -0.680     0.596
 4     0.901     0.373    -0.220
 4    -0.073     0.630     0.772
 5   122.689    21.078    17.990
 5     0.754    -0.449     0.481
 5     0.101    -0.642    -0.759
 5     0.649     0.621    -0.439
 6   140.374    10.194     9.529
 6     0.674     0.538    -0.514
 6    -0.333    -0.396    -0.854
 6    -0.660     0.744    -0.088
 7   112.035   -18.435   -10.077
 7     0.376     0.897     0.232
 7    -0.906     0.408    -0.115
 7    -0.197    -0.167     0.966
 8   122.480   -27.573    16.936
 8     0.721     0.262     0.642
 8    -0.176    -0.826     0.533
 8     0.670    -0.498    -0.550
 9   138.020   -16.666    10.094
 9     0.508    -0.470    -0.725
 9     0.499    -0.526     0.688
 9    -0.702    -0.709    -0.032
 2    97.174   -23.862    59.173
 2     0.714    -0.701     0.002
 2     0.699     0.712     0.052
 2    -0.037    -0.037     0.998
 3   128.680    -2.087     0.893
 3     0.641    -0.027    -0.767
 3    -0.128     0.981    -0.141
 3     0.756     0.188     0.625
 4   109.553    14.216    -9.092
 4     0.369    -0.726     0.581
 4     0.929     0.308    -0.204
 4    -0.031     0.614     0.788
 5   121.073    21.128    19.136
 5     0.742    -0.340     0.579
 5     0.169    -0.740    -0.650
 5     0.649     0.580    -0.492
 6   138.621    15.187     9.539
 6     0.668     0.669    -0.334
 6    -0.152    -0.309    -0.937
 6    -0.728     0.676    -0.105
 7   111.947   -18.515    -9.619
 7     0.356     0.902     0.243
 7    -0.920     0.384    -0.079
 7    -0.165    -0.195     0.966
 8   120.721   -26.985    18.170
 8     0.679     0.110     0.726
 8    -0.249    -0.896     0.367
 8     0.690    -0.430    -0.581
 9   138.086   -23.067    10.405
 9     0.611    -0.626    -0.492
 9     0.268    -0.418     0.866
 9    -0.745    -0.659    -0.087
 2    97.199   -23.862    59.173
 2     0.713    -0.702     0.002
 2     0.700     0.712     0.052
 2    -0.037    -0.037     0.998
 3   128.757    -1.845     0.912
 3     0.636    -0.034    -0.771
 3    -0.116     0.983    -0.139
 3     0.763     0.177     0.621
 4   109.420    14.479    -8.570
 4     0.321    -0.757     0.571
 4     0.947     0.260    -0.187
 4    -0.007     0.600     0.799
 5   119.734    21.655    19.781
 5     0.721    -0.219     0.658
 5     0.263    -0.792    -0.550
 5     0.641     0.570    -0.514
 6   136.670    19.828     9.381
 6     0.635     0.766    -0.107
 6    -0.023    -0.115    -0.993
 6    -0.772     0.632    -0.054
 7   111.579   -18.581    -9.031
 7     0.317     0.918     0.237
 7    -0.939     0.339    -0.057
 7    -0.133    -0.205     0.969
 8   119.687   -26.404    19.113
 8     0.656    -0.008     0.754
 8    -0.297    -0.922     0.247
 8     0.693    -0.386    -0.608
 9   137.544   -28.611    10.734
 9     0.640    -0.736    -0.231
 9     0.037    -0.264     0.963
 9    -0.767    -0.624    -0.142
 2    97.174   -23.862    59.173
 2     0.713    -0.702     0.002
 2     0.700     0.712     0.052
 2    -0.037    -0.037     0.998
 3   128.944    -1.758     0.831
 3     0.636    -0.037    -0.771
 3    -0.099     0.987    -0.129
 3     0.765     0.157     0.624
 4   109.223    14.684    -8.263
 4     0.278    -0.776     0.568
 4     0.960     0.216    -0.173
 4     0.011     0.593     0.805
 5   117.637    22.770    20.246
 5     0.654    -0.107     0.749
 5     0.380    -0.810    -0.446
 5     0.654     0.576    -0.489
 6   134.981    24.145    10.336
 6     0.654     0.755     0.045
 6     0.066     0.006    -0.998
 6    -0.753     0.655    -0.046
 7   111.457   -18.498    -8.811
 7     0.290     0.931     0.222
 7    -0.951     0.307    -0.044
 7    -0.109    -0.199     0.974
 8   119.253   -26.848    19.382
 8     0.631    -0.128     0.765
 8    -0.376    -0.913     0.157
 8     0.678    -0.387    -0.625
 9   137.073   -34.589    11.026
 9     0.647    -0.763    -0.011
 9    -0.169    -0.153     0.974
 9    -0.743    -0.629    -0.228
 2    97.199   -23.862    59.173
 2     0.714    -0.701     0.002
 2     0.699     0.712     0.052
 2    -0.037    -0.037     0.998
 3   129.056    -1.471     0.818
 3     0.634    -0.041    -0.772
 3    -0.090     0.988    -0.126
 3     0.768     0.149     0.622
 4   109.259    14.988    -8.141
 4     0.251    -0.787     0.565
 4     0.967     0.184    -0.172
 4     0.031     0.589     0.807
 5   116.385    23.181    20.577
 5     0.599    -0.033     0.800
 5     0.440    -0.822    -0.362
 5     0.669     0.568    -0.478
 6   133.614    27.147    11.041
 6     0.647     0.745     0.162
 6     0.156     0.080    -0.985
 6    -0.747     0.662    -0.064
 7   111.315   -18.143    -8.724
 7     0.264     0.943     0.204
 7    -0.960     0.277    -0.038
 7    -0.093    -0.186     0.978
 8   119.067   -27.349    19.450
 8     0.617    -0.224     0.755
 8    -0.445    -0.890     0.101
 8     0.649    -0.398    -0.648
 9   136.382   -39.281    11.167
 9     0.629    -0.760     0.162
 9    -0.321    -0.061     0.945
 9    -0.708    -0.647    -0.282
 2    97.174   -23.862    59.173
 2     0.714    -0.701     0.002
 2     0.699     0.712     0.052
 2    -0.037    -0.037     0.998
 3   129.067    -1.266     0.805
 3     0.629    -0.040    -0.776
 3    -0.091     0.988    -0.124
 3     0.771     0.148     0.618
 4   109.060    15.313    -7.907
 4     0.226    -0.793     0.566
 4     0.973     0.155    -0.170
 4     0.047     0.589     0.806
 5   115.668    23.285    20.856
 5     0.569     0.034     0.822
 5     0.476    -0.829    -0.294
 5     0.670     0.558    -0.488
 6   132.145    29.234    11.238
 6     0.620     0.744     0.249
 6     0.225     0.136    -0.965
 6    -0.752     0.654    -0.083
 7   110.813   -17.820    -8.661
 7     0.236     0.951     0.198
 7    -0.968     0.248    -0.036
 7    -0.084    -0.183     0.979
 8   118.259   -28.622    19.076
 8     0.588    -0.341     0.734
 8    -0.550    -0.833     0.054
 8     0.593    -0.436    -0.677
 9   135.144   -43.680    10.904
 9     0.620    -0.727     0.295
 9    -0.420     0.011     0.907
 9    -0.663    -0.686    -0.299
 2    97.199   -23.862    59.173
 2     0.714    -0.701     0.002
 2     0.699     0.712     0.052
 2    -0.037    -0.037     0.998
 3   128.727    -0.939     0.637
 3     0.634    -0.048    -0.772
 3    -0.089     0.987    -0.135
 3     0.768     0.154     0.621
 4   108.455    15.373    -7.743
 4     0.199    -0.793     0.576
 4     0.979     0.130    -0.158
 4     0.050     0.595     0.802
 5   114.626    23.483    20.998
 5     0.540     0.084     0.838
 5     0.510    -0.825    -0.245
 5     0.670     0.559    -0.488
 6   130.901    30.443    11.372
 6     0.609     0.736     0.296
 6     0.255     0.172    -0.951
 6    -0.751     0.654    -0.084
 7   110.598   -17.745    -8.661
 7     0.229     0.951     0.207
 7    -0.970     0.240    -0.034
 7    -0.082    -0.193     0.977
 8   117.580   -29.851    18.700
 8     0.554    -0.432     0.713
 8    -0.628    -0.777     0.018
 8     0.546    -0.458    -0.701
 9   133.898   -47.201    11.202
 9     0.608    -0.693     0.388
 9    -0.508     0.036     0.860
 9    -0.610    -0.720    -0.330
 2    97.174   -23.862    59.173
 2     0.714    -0.701     0.002
 2     0.699     0.712     0.052
 2    -0.037    -0.037     0.998
 3   128.531    -0.865     0.505
 3     0.641    -0.058    -0.766
 3    -0.083     0.986    -0.144
 3     0.763     0.156     0.627
 4   108.038    15.271    -7.686
 4     0.185    -0.790     0.584
 4     0.981     0.120    -0.148
 4     0.046     0.601     0.798
 5   114.298    23.435    21.014
 5     0.530     0.113     0.840
 5     0.527    -0.820    -0.223
 5     0.664     0.561    -0.495
 6   130.224    31.075    11.062
 6     0.587     0.742     0.325
 6     0.275     0.194    -0.941
 6    -0.761     0.642    -0.090
 7   110.261   -17.745    -8.510
 7     0.221     0.950     0.217
 7    -0.972     0.233    -0.030
 7    -0.079    -0.204     0.975
 8   116.969   -30.654    18.393
 8     0.521    -0.486     0.703
 8    -0.679    -0.734    -0.003
 8     0.518    -0.476    -0.711
 9   132.708   -49.750    11.254
 9     0.598    -0.652     0.468
 9    -0.564     0.071     0.822
 9    -0.570    -0.755    -0.325
 2    97.174   -23.862    59.173
 2     0.714    -0.701     0.002
 2     0.699     0.712     0.052
 2    -0.037    -0.037     0.998
 3   128.401    -0.817     0.432
 3     0.641    -0.059    -0.765
 3    -0.086     0.985    -0.147
 3     0.762     0.160     0.626
 4   107.820    15.429    -7.626
 4     0.179    -0.789     0.588
 4     0.982     0.111    -0.148
 4     0.051     0.604     0.795
 5   113.996    23.494    21.131
 5     0.521     0.130     0.843
 5     0.534    -0.820    -0.204
 5     0.665     0.557    -0.497
 6   129.916    31.568    11.217
 6     0.583     0.740     0.337
 6     0.289     0.197    -0.936
 6    -0.759     0.643    -0.099
 7   110.172   -17.574    -8.530
 7     0.220     0.948     0.228
 7    -0.971     0.234    -0.036
 7    -0.088    -0.214     0.973
 8   116.588   -31.349    17.861
 8     0.494    -0.518     0.699
 8    -0.715    -0.698    -0.011
 8     0.494    -0.495    -0.714
 9   131.890   -51.754    11.506
 9     0.590    -0.609     0.533
 9    -0.617     0.085     0.781
 9    -0.521    -0.788    -0.325
 2    97.199   -23.862    59.173
 2     0.714    -0.701     0.002
 2     0.699     0.712     0.052
 2    -0.037    -0.037     0.998
 3   128.266    -0.643     0.388
 3     0.644    -0.063    -0.762
 3    -0.088     0.984    -0.155
 3     0.760     0.166     0.628
 4   107.579    15.616    -7.471
 4     0.166    -0.788     0.594
 4     0.984     0.096    -0.147
 4     0.058     0.608     0.791
 5   113.422    23.614    21.358
 5     0.501     0.166     0.850
 5     0.549    -0.819    -0.164
 5     0.669     0.549    -0.501
 6   128.674    32.597    11.557
 6     0.563     0.737     0.376
 6     0.321     0.223    -0.920
 6    -0.762     0.638    -0.112
 7   109.990   -17.301    -8.506
 7     0.217     0.946     0.241
 7    -0.972     0.233    -0.040
 7    -0.094    -0.226     0.969
 8   115.735   -31.843    17.467
 8     0.448    -0.549     0.707
 8    -0.753    -0.657    -0.033
 8     0.482    -0.518    -0.706
 9   130.201   -53.781    11.669
 9     0.566    -0.569     0.599
 9    -0.664     0.115     0.737
 9    -0.489    -0.814    -0.312
 2    97.199   -23.862    59.173
 2     0.714    -0.701     0.002
 2     0.699     0.712     0.052
 2    -0.037    -0.037     0.998
 3   128.082    -0.519     0.217
 3     0.645    -0.067    -0.761
 3    -0.088     0.983    -0.160
 3     0.758     0.170     0.629
 4   107.307    15.697    -7.353
 4     0.155    -0.788     0.596
 4     0.986     0.086    -0.142
 4     0.061     0.609     0.790
 5   113.079    23.618    21.536
 5     0.494     0.192     0.848
 5     0.558    -0.818    -0.141
 5     0.666     0.543    -0.511
 6   127.749    32.798    11.047
 6     0.525     0.755     0.393
 6     0.327     0.247    -0.911
 6    -0.786     0.607    -0.118
 7   109.633   -17.238    -8.524
 7     0.199     0.947     0.251
 7    -0.975     0.218    -0.050
 7    -0.101    -0.235     0.966
 8   114.934   -32.065    17.284
 8     0.415    -0.568     0.711
 8    -0.772    -0.632    -0.054
 8     0.480    -0.527    -0.701
 9   128.781   -54.681    11.485
 9     0.546    -0.553     0.632
 9    -0.684     0.140     0.714
 9    -0.484    -0.821    -0.301
 2    97.174   -23.862    59.173
 2     0.714    -0.701     0.002
 2     0.699     0.712     0.052
 2    -0.037    -0.037     0.998
 3   127.982    -0.545     0.115
 3     0.645    -0.064    -0.761
 3    -0.090     0.983    -0.159
 3     0.758     0.171     0.628
 4   107.363    15.748    -7.307
 4     0.160    -0.789     0.593
 4     0.985     0.089    -0.147
 4     0.063     0.608     0.791
 5   113.250    23.511    21.518
 5     0.502     0.186     0.845
 5     0.554    -0.819    -0.149
 5     0.664     0.543    -0.513
 6   127.924    32.667    11.028
 6     0.526     0.758     0.387
 6     0.323     0.242    -0.914
 6    -0.787     0.605    -0.118
 7   109.631   -17.265    -8.519
 7     0.196     0.948     0.252
 7    -0.975     0.215    -0.050
 7    -0.102    -0.236     0.966
 8   114.869   -32.038    17.270
 8     0.412    -0.570     0.713
 8    -0.772    -0.632    -0.059
 8     0.484    -0.526    -0.699
 9   128.786   -54.755    11.644
 9     0.548    -0.545     0.637
 9    -0.685     0.143     0.713
 9    -0.479    -0.826    -0.293
 2    97.174   -23.862    59.173
 2     0.714    -0.701     0.002
 2     0.699     0.712     0.052
 2    -0.037    -0.037     0.998
 3   128.076    -0.649     0.049
 3     0.647    -0.061    -0.760
 3    -0.090     0.984    -0.156
 3     0.756     0.169     0.631
 4   107.488    15.746    -7.353
 4     0.164    -0.790     0.591
 4     0.984     0.093    -0.147
 4     0.062     0.606     0.793
 5   113.296    23.612    21.422
 5     0.500     0.186     0.846
 5     0.556    -0.817    -0.149
 5     0.663     0.545    -0.512
 6   128.004    32.665    10.984
 6     0.527     0.757     0.387
 6     0.319     0.245    -0.915
 6    -0.787     0.606    -0.113
 7   109.700   -17.269    -8.560
 7     0.194     0.948     0.252
 7    -0.975     0.214    -0.054
 7    -0.105    -0.236     0.966
 8   114.845   -32.305    17.028
 8     0.403    -0.573     0.714
 8    -0.782    -0.620    -0.056
 8     0.475    -0.536    -0.697
 9   128.582   -55.122    11.129
 9     0.548    -0.536     0.645
 9    -0.681     0.162     0.713
 9    -0.486    -0.828    -0.275
 2    97.174   -23.862    59.173
 2     0.714    -0.701     0.002
 2     0.699     0.712     0.052
 2    -0.037    -0.037     0.998
 3   128.104    -0.648     0.044
 3     0.647    -0.061    -0.760
 3    -0.091     0.983    -0.156
 3     0.757     0.170     0.630
 4   107.492    15.747    -7.355
 4     0.166    -0.791     0.589
 4     0.984     0.094    -0.150
 4     0.063     0.604     0.794
 5   113.349    23.639    21.469
 5     0.499     0.188     0.846
 5     0.557    -0.817    -0.147
 5     0.664     0.545    -0.511
 6   128.005    32.664    11.037
 6     0.528     0.756     0.387
 6     0.318     0.246    -0.915
 6    -0.787     0.606    -0.111
 7   109.738   -17.249    -8.567
 7     0.193     0.948     0.255
 7    -0.975     0.214    -0.060
 7    -0.111    -0.237     0.965
 8   114.674   -32.493    16.806
 8     0.397    -0.577     0.715
 8    -0.790    -0.609    -0.053
 8     0.467    -0.544    -0.697
 9   128.487   -55.180    10.736
 9     0.548    -0.531     0.649
 9    -0.677     0.173     0.714
 9    -0.491    -0.829    -0.263
 2    97.174   -23.862    59.173
 2     0.714    -0.701     0.002
 2     0.699     0.712     0.052
 2    -0.037    -0.037     0.998
 3   128.152    -0.547     0.093
 3     0.646    -0.065    -0.761
 3    -0.093     0.982    -0.162
 3     0.757     0.175     0.628
 4   107.442    15.797    -7.304
 4     0.165    -0.792     0.588
 4     0.984     0.093    -0.149
 4     0.063     0.603     0.794
 5   113.293    23.741    21.598
 5     0.497     0.192     0.846
 5     0.559    -0.816    -0.144
 5     0.663     0.544    -0.513
 6   128.000    32.739    11.040
 6     0.527     0.757     0.387
 6     0.318     0.245    -0.915
 6    -0.788     0.605    -0.112
 7   109.732   -17.200    -8.608
 7     0.193     0.947     0.258
 7    -0.974     0.215    -0.062
 7    -0.114    -0.239     0.964
 8   114.647   -32.546    16.807
 8     0.394    -0.576     0.717
 8    -0.792    -0.608    -0.054
 8     0.467    -0.547    -0.694
 9   129.001   -53.898    10.560
 9     0.583    -0.536     0.613
 9    -0.628     0.182     0.755
 9    -0.516    -0.824    -0.229
 2    97.199   -23.862    59.173
 2     0.714    -0.701     0.002
 2     0.699     0.712     0.052
 2    -0.037    -0.037     0.998
 3   128.102    -0.600     0.170
 3     0.646    -0.062    -0.761
 3    -0.096     0.982    -0.161
 3     0.757     0.177     0.629
 4   107.596    15.818    -7.198
 4     0.181    -0.790     0.587
 4     0.981     0.107    -0.158
 4     0.062     0.604     0.794
 5   114.064    23.887    21.451
 5     0.536     0.112     0.836
 5     0.523    -0.822    -0.225
 5     0.662     0.558    -0.500
 6   130.197    30.450    11.061
 6     0.583     0.760     0.286
 6     0.241     0.174    -0.955
 6    -0.775     0.625    -0.082
 7   109.814   -17.310    -8.478
 7     0.201     0.945     0.256
 7    -0.975     0.219    -0.045
 7    -0.099    -0.241     0.965
 8   114.938   -31.511    17.694
 8     0.428    -0.518     0.742
 8    -0.745    -0.666    -0.035
 8     0.511    -0.538    -0.670
 9   132.140   -48.858    10.748
 9     0.676    -0.557     0.484
 9    -0.467     0.183     0.864
 9    -0.569    -0.810    -0.136
 2    97.124   -23.862    59.122
 2     0.713    -0.702     0.002
 2     0.700     0.712     0.052
 2    -0.037    -0.037     0.998
 3   128.247    -0.732     0.359
 3     0.648    -0.052    -0.760
 3    -0.103     0.982    -0.154
 3     0.755     0.178     0.631
 4   108.309    15.860    -7.349
 4     0.219    -0.783     0.582
 4     0.974     0.136    -0.181
 4     0.062     0.606     0.792
 5   115.360    23.620    21.211
 5     0.591    -0.042     0.806
 5     0.438    -0.823    -0.362
 5     0.677     0.567    -0.468
 6   133.122    26.126    11.778
 6     0.654     0.747     0.118
 6     0.109     0.063    -0.992
 6    -0.748     0.662    -0.040
 7   110.347   -17.567    -8.623
 7     0.235     0.939     0.249
 7    -0.968     0.250    -0.031
 7    -0.091    -0.234     0.968
 8   116.095   -30.745    17.943
 8     0.495    -0.401     0.771
