% Calibrated with leiden_pols
% Positions are in centimeters
Data =[
 2    97.199   -23.862    59.173
 2     0.714    -0.701     0.002
 2     0.699     0.712     0.052
 2    -0.037    -0.037     0.998
 3   130.291    -1.751     2.236
 3     0.605    -0.024    -0.795
 3    -0.128     0.984    -0.126
 3     0.785     0.178     0.592
 4   113.734    16.200    -7.728
 4     0.376    -0.798     0.472
 4     0.922     0.272    -0.274
 4     0.090     0.538     0.838
 5   119.842    26.278    20.799
 5     0.417    -0.708     0.572
 5     0.272    -0.502    -0.820
 5     0.867     0.496    -0.016
 6   138.395    22.146    42.986
 6     0.764    -0.545    -0.350
 6    -0.219     0.287    -0.931
 6     0.606     0.788     0.102
 7   115.590   -20.102    -7.094
 7     0.349     0.915     0.201
 7    -0.937     0.343     0.063
 7    -0.011    -0.210     0.977
 8   120.146   -28.539    20.917
 8     0.425     0.319     0.848
 8    -0.261    -0.853     0.450
 8     0.866    -0.412    -0.280
 9   138.530   -31.266    43.644
 9     0.712     0.694     0.105
 9     0.007    -0.160     0.987
 9     0.702    -0.702    -0.118
 2    97.199   -23.862    59.173
 2     0.714    -0.701     0.002
 2     0.699     0.712     0.052
 2    -0.037    -0.037     0.998
 3   130.294    -1.800     2.230
 3     0.604    -0.026    -0.797
 3    -0.127     0.983    -0.129
 3     0.786     0.179     0.590
 4   113.813    16.200    -7.755
 4     0.379    -0.798     0.469
 4     0.921     0.274    -0.276
 4     0.091     0.536     0.839
 5   119.846    26.282    20.793
 5     0.415    -0.707     0.575
 5     0.274    -0.504    -0.818
 5     0.868     0.495    -0.015
 6   138.401    22.199    42.929
 6     0.763    -0.546    -0.351
 6    -0.219     0.289    -0.931
 6     0.608     0.786     0.103
 7   115.534   -20.208    -7.168
 7     0.344     0.919     0.193
 7    -0.939     0.339     0.058
 7    -0.012    -0.201     0.979
 8   120.152   -28.537    20.910
 8     0.426     0.318     0.848
 8    -0.260    -0.854     0.449
 8     0.867    -0.410    -0.281
 9   138.530   -31.266    43.644
 9     0.712     0.694     0.105
 9     0.007    -0.160     0.987
 9     0.702    -0.702    -0.118
 2    97.199   -23.862    59.173
 2     0.714    -0.701     0.002
 2     0.699     0.712     0.052
 2    -0.037    -0.037     0.998
 3   130.311    -1.870     2.093
 3     0.602    -0.019    -0.798
 3    -0.122     0.986    -0.115
 3     0.789     0.166     0.591
 4   113.865    16.201    -7.860
 4     0.379    -0.798     0.469
 4     0.921     0.275    -0.276
 4     0.092     0.536     0.839
 5   119.896    26.282    20.691
 5     0.414    -0.707     0.576
 5     0.274    -0.505    -0.817
 5     0.868     0.495    -0.015
 6   138.405    22.149    42.926
 6     0.761    -0.547    -0.353
 6    -0.219     0.292    -0.930
 6     0.609     0.785     0.105
 7   115.541   -20.207    -7.125
 7     0.340     0.921     0.191
 7    -0.940     0.335     0.059
 7    -0.009    -0.200     0.980
 8   120.153   -28.535    20.910
 8     0.426     0.317     0.848
 8    -0.258    -0.856     0.447
 8     0.867    -0.409    -0.283
 9   138.530   -31.317    43.695
 9     0.712     0.694     0.106
 9     0.006    -0.161     0.987
 9     0.702    -0.702    -0.119
 2    97.199   -23.862    59.173
 2     0.714    -0.701     0.002
 2     0.699     0.712     0.052
 2    -0.037    -0.037     0.998
 3   130.463    -1.964     2.185
 3     0.592    -0.021    -0.805
 3    -0.122     0.986    -0.115
 3     0.796     0.166     0.581
 4   114.104    16.181    -7.919
 4     0.375    -0.806     0.459
 4     0.922     0.272    -0.275
 4     0.097     0.525     0.845
 5   119.193    25.515    21.057
 5     0.405    -0.667     0.629
 5     0.281    -0.562    -0.776
 5     0.870     0.490    -0.039
 6   138.181    22.145    42.916
 6     0.778    -0.542    -0.321
 6    -0.200     0.267    -0.942
 6     0.595     0.797     0.102
 7   115.528   -20.273    -7.101
 7     0.332     0.926     0.178
 7    -0.943     0.324     0.071
 7     0.009    -0.192     0.981
 8   119.694   -28.333    21.124
 8     0.423     0.271     0.865
 8    -0.266    -0.876     0.402
 8     0.866    -0.400    -0.298
 9   138.494   -31.403    43.482
 9     0.721     0.686     0.096
 9     0.006    -0.149     0.989
 9     0.692    -0.712    -0.111
 2    97.199   -23.862    59.173
 2     0.714    -0.701     0.002
 2     0.699     0.712     0.052
 2    -0.037    -0.037     0.998
 3   130.566    -1.963     2.163
 3     0.593    -0.015    -0.805
 3    -0.120     0.987    -0.106
 3     0.796     0.159     0.584
 4   114.014    16.045    -8.025
 4     0.347    -0.815     0.466
 4     0.932     0.243    -0.268
 4     0.106     0.526     0.843
 5   116.747    24.500    20.979
 5     0.372    -0.555     0.746
 5     0.314    -0.680    -0.661
 5     0.873     0.479    -0.078
 6   137.420    23.274    40.914
 6     0.845    -0.492    -0.211
 6    -0.125     0.199    -0.971
 6     0.519     0.847     0.108
 7   114.948   -20.157    -7.192
 7     0.313     0.939     0.143
 7    -0.950     0.307     0.061
 7     0.013    -0.155     0.988
 8   117.267   -29.471    20.684
 8     0.401     0.038     0.915
 8    -0.414    -0.885     0.216
 8     0.817    -0.465    -0.339
 9   139.342   -36.168    37.229
 9     0.898     0.410     0.158
 9    -0.084    -0.196     0.977
 9     0.431    -0.891    -0.141
 2    97.199   -23.862    59.173
 2     0.714    -0.701     0.002
 2     0.699     0.712     0.052
 2    -0.037    -0.037     0.998
 3   130.030    -1.967     1.935
 3     0.608    -0.018    -0.793
 3    -0.106     0.989    -0.104
 3     0.786     0.146     0.599
 4   112.735    15.734    -8.043
 4     0.316    -0.812     0.493
 4     0.944     0.218    -0.244
 4     0.090     0.542     0.835
 5   116.071    24.868    20.916
 5     0.432    -0.445     0.786
 5     0.372    -0.705    -0.603
 5     0.821     0.552    -0.139
 6   140.552    23.045    29.704
 6     0.994     0.012    -0.106
 6    -0.105     0.237    -0.966
 6     0.014     0.971     0.235
 7   113.587   -19.507    -8.333
 7     0.276     0.952     0.131
 7    -0.957     0.285    -0.054
 7    -0.089    -0.111     0.990
 8   116.085   -30.716    18.910
 8     0.424    -0.050     0.904
 8    -0.498    -0.847     0.187
 8     0.756    -0.530    -0.384
 9   140.241   -32.912    22.783
 9     0.985    -0.137    -0.105
 9     0.119     0.108     0.987
 9    -0.124    -0.985     0.120
 2    97.199   -23.862    59.173
 2     0.714    -0.701     0.002
 2     0.699     0.712     0.052
 2    -0.037    -0.037     0.998
 3   129.621    -2.072     1.649
 3     0.623    -0.004    -0.782
 3    -0.130     0.985    -0.108
 3     0.771     0.168     0.613
 4   111.688    15.221    -8.456
 4     0.359    -0.760     0.543
 4     0.932     0.267    -0.241
 4     0.038     0.592     0.804
 5   119.495    25.214    19.510
 5     0.607    -0.445     0.660
 5     0.322    -0.621    -0.714
 5     0.726     0.645    -0.234
 6   142.123    16.728    19.583
 6     0.881     0.394    -0.271
 6    -0.335     0.118    -0.934
 6    -0.334     0.911     0.233
 7   112.661   -18.725    -8.821
 7     0.279     0.954     0.109
 7    -0.953     0.289    -0.090
 7    -0.117    -0.079     0.990
 8   118.467   -30.160    18.060
 8     0.568     0.083     0.819
 8    -0.409    -0.835     0.367
 8     0.714    -0.543    -0.441
 9   141.191   -24.013    17.669
 9     0.855    -0.312    -0.420
 9     0.418    -0.065     0.905
 9    -0.306    -0.948     0.070
 2    97.199   -23.862    59.173
 2     0.714    -0.701     0.002
 2     0.699     0.712     0.052
 2    -0.037    -0.037     0.998
 3   129.120    -2.230     1.214
 3     0.644     0.015    -0.765
 3    -0.147     0.984    -0.104
 3     0.750     0.179     0.635
 4   110.755    14.685    -8.824
 4     0.401    -0.709     0.581
 4     0.916     0.316    -0.245
 4    -0.010     0.630     0.776
 5   121.631    24.503    18.337
 5     0.691    -0.450     0.566
 5     0.264    -0.571    -0.776
 5     0.672     0.686    -0.277
