2 	  32.71	  -7.12	  22.73
	 -0.264	  0.964	 -0.033
	 -0.965	 -0.263	  0.011
	  0.003	  0.033	  0.999

3 	  45.63	  -1.86	   2.21
	  0.337	  0.244	  0.909
	 -0.036	  0.968	 -0.248
	 -0.941	  0.050	  0.335

4 	  42.61	   4.90	  -1.83
	  0.641	  0.719	  0.267
	 -0.764	  0.564	  0.314
	  0.075	 -0.406	  0.911

5 	  41.29	   7.10	   9.02
	  0.232	  0.132	  0.964
	 -0.569	 -0.785	  0.243
	  0.790	 -0.604	 -0.105

6 	  43.82	   9.62	  17.56
	  0.209	  0.132	  0.969
	 -0.966	  0.185	  0.182
	 -0.158	 -0.974	  0.164

7 	  41.17	  -7.96	  -1.93
	  0.159	 -0.968	  0.195
	  0.916	  0.070	 -0.395
	  0.369	  0.240	  0.898

8 	  41.24	  -9.63	   9.33
	  0.412	 -0.021	  0.911
	  0.441	 -0.871	 -0.217
	  0.799	  0.489	 -0.349

9 	  44.37	 -11.60	  17.75
	  0.254	 -0.081	  0.963
	  0.966	  0.073	 -0.248
	 -0.052	  0.994	  0.095

2 	  32.70	  -7.12	  22.71
	 -0.263	  0.964	 -0.033
	 -0.965	 -0.262	  0.011
	  0.003	  0.033	  0.999

3 	  45.60	  -1.85	   2.21
	  0.339	  0.245	  0.908
	 -0.038	  0.968	 -0.248
	 -0.940	  0.050	  0.337

4 	  42.59	   4.90	  -1.83
	  0.641	  0.719	  0.267
	 -0.764	  0.564	  0.314
	  0.076	 -0.406	  0.911

5 	  41.27	   7.10	   9.02
	  0.233	  0.132	  0.963
	 -0.569	 -0.785	  0.244
	  0.790	 -0.604	 -0.107

6 	  43.82	   9.62	  17.56
	  0.211	  0.132	  0.968
	 -0.965	  0.184	  0.184
	 -0.156	 -0.974	  0.164

7 	  41.15	  -7.96	  -1.93
	  0.160	 -0.967	  0.198
	  0.915	  0.069	 -0.397
	  0.371	  0.243	  0.896

8 	  41.24	  -9.62	   9.35
	  0.415	 -0.021	  0.910
	  0.440	 -0.871	 -0.218
	  0.799	  0.488	 -0.350

9 	  44.37	 -11.62	  17.75
	  0.254	 -0.082	  0.963
	  0.966	  0.072	 -0.248
	 -0.051	  0.994	  0.095

2 	  32.71	  -7.14	  22.73
	 -0.264	  0.964	 -0.033
	 -0.965	 -0.263	  0.011
	  0.003	  0.033	  0.999

3 	  45.58	  -1.85	   2.23
	  0.340	  0.245	  0.907
	 -0.039	  0.968	 -0.248
	 -0.939	  0.049	  0.339

4 	  42.57	   4.92	  -1.81
	  0.640	  0.720	  0.268
	 -0.765	  0.561	  0.315
	  0.076	 -0.407	  0.910

5 	  41.26	   7.10	   9.02
	  0.234	  0.132	  0.963
	 -0.568	 -0.786	  0.244
	  0.790	 -0.603	 -0.108

6 	  43.80	   9.62	  17.56
	  0.212	  0.133	  0.968
	 -0.966	  0.181	  0.185
	 -0.153	 -0.974	  0.165

7 	  41.15	  -7.98	  -1.93
	  0.161	 -0.967	  0.198
	  0.915	  0.070	 -0.397
	  0.371	  0.245	  0.896

8 	  41.24	  -9.62	   9.35
	  0.415	 -0.021	  0.910
	  0.440	 -0.871	 -0.218
	  0.799	  0.489	 -0.351

9 	  44.37	 -11.60	  17.77
	  0.254	 -0.082	  0.963
	  0.966	  0.072	 -0.248
	 -0.051	  0.994	  0.095

2 	  32.70	  -7.12	  22.73
	 -0.264	  0.964	 -0.033
	 -0.965	 -0.263	  0.011
	  0.003	  0.033	  0.999

3 	  45.42	  -1.85	   2.27
	  0.349	  0.245	  0.904
	 -0.041	  0.968	 -0.247
	 -0.936	  0.049	  0.347

4 	  42.35	   4.87	  -1.81
	  0.642	  0.719	  0.263
	 -0.761	  0.559	  0.327
	  0.088	 -0.411	  0.907

5 	  41.15	   7.08	   9.07
	  0.245	  0.131	  0.961
	 -0.562	 -0.789	  0.249
	  0.791	 -0.599	 -0.119

6 	  43.79	   9.60	  17.54
	  0.223	  0.134	  0.965
	 -0.964	  0.174	  0.198
	 -0.144	 -0.975	  0.167

7 	  40.87	  -8.00	  -1.88
	  0.164	 -0.965	  0.206
	  0.907	  0.064	 -0.417
	  0.389	  0.254	  0.885

8 	  41.12	  -9.60	   9.37
	  0.428	 -0.024	  0.903
	  0.427	 -0.876	 -0.224
	  0.798	  0.480	 -0.363

9 	  44.33	 -11.62	  17.74
	  0.265	 -0.084	  0.960
	  0.963	  0.064	 -0.260
	 -0.042	  0.994	  0.096

2 	  32.71	  -7.12	  22.71
	 -0.264	  0.964	 -0.033
	 -0.965	 -0.263	  0.011
	  0.003	  0.033	  0.999

3 	  45.25	  -1.81	   2.18
	  0.366	  0.241	  0.899
	 -0.048	  0.969	 -0.241
	 -0.929	  0.045	  0.366

4 	  42.17	   4.94	  -1.78
	  0.643	  0.721	  0.257
	 -0.759	  0.555	  0.340
	  0.103	 -0.414	  0.904

5 	  41.10	   7.05	   9.09
	  0.253	  0.127	  0.959
	 -0.554	 -0.794	  0.250
	  0.795	 -0.593	 -0.129

6 	  43.72	   9.62	  17.60
	  0.228	  0.140	  0.963
	 -0.968	  0.144	  0.207
	 -0.112	 -0.979	  0.167

7 	  40.82	  -7.98	  -1.90
	  0.165	 -0.965	  0.205
	  0.905	  0.065	 -0.421
	  0.393	  0.254	  0.884

8 	  41.08	  -9.56	   9.32
	  0.420	 -0.023	  0.907
	  0.425	 -0.879	 -0.217
	  0.803	  0.475	 -0.358

9 	  44.31	 -11.60	  17.72
	  0.267	 -0.086	  0.959
	  0.963	  0.058	 -0.263
	 -0.035	  0.995	  0.097

2 	  32.70	  -7.12	  22.73
	 -0.264	  0.964	 -0.033
	 -0.965	 -0.263	  0.011
	  0.003	  0.033	  0.999

3 	  45.23	  -1.81	   2.18
	  0.365	  0.241	  0.899
	 -0.049	  0.969	 -0.241
	 -0.930	  0.044	  0.366

4 	  42.19	   4.94	  -1.72
	  0.639	  0.722	  0.262
	 -0.761	  0.547	  0.348
	  0.109	 -0.422	  0.900

5 	  41.19	   7.01	   9.04
	  0.261	  0.131	  0.956
	 -0.547	 -0.797	  0.256
	  0.797	 -0.589	 -0.135

6 	  43.91	   9.63	  17.46
	  0.231	  0.148	  0.961
	 -0.968	  0.140	  0.210
	 -0.105	 -0.979	  0.174

7 	  40.80	  -7.98	  -1.86
	  0.182	 -0.961	  0.210
	  0.897	  0.074	 -0.435
	  0.402	  0.267	  0.875

8 	  41.57	  -9.77	   9.21
	  0.411	 -0.042	  0.910
	  0.438	 -0.868	 -0.235
	  0.801	  0.494	 -0.338

9 	  45.47	 -11.90	  17.35
	  0.321	 -0.106	  0.941
	  0.947	  0.053	 -0.316
	 -0.019	  0.993	  0.115

2 	  32.70	  -7.12	  22.71
	 -0.264	  0.964	 -0.033
	 -0.965	 -0.263	  0.011
	  0.003	  0.033	  0.999

3 	  45.18	  -1.76	   2.21
	  0.370	  0.243	  0.897
	 -0.056	  0.969	 -0.240
	 -0.927	  0.038	  0.372

4 	  42.10	   5.01	  -1.56
	  0.685	  0.682	  0.256
	 -0.716	  0.566	  0.407
	  0.133	 -0.463	  0.876

5 	  42.87	   7.05	   9.07
	  0.410	  0.140	  0.901
	 -0.547	 -0.754	  0.364
	  0.732	 -0.641	 -0.232

6 	  47.07	   9.67	  16.72
	  0.392	  0.157	  0.906
	 -0.912	  0.202	  0.357
	 -0.131	 -0.966	  0.221

7 	  40.69	  -7.91	  -1.83
	  0.220	 -0.955	  0.198
	  0.868	  0.098	 -0.486
	  0.446	  0.277	  0.851

8 	  43.49	 -10.20	   8.89
	  0.581	 -0.062	  0.811
	  0.447	 -0.809	 -0.380
	  0.681	  0.583	 -0.443

9 	  48.87	 -12.22	  15.86
	  0.504	 -0.126	  0.854
	  0.860	  0.166	 -0.482
	 -0.085	  0.978	  0.191

2 	  32.70	  -7.14	  22.73
	 -0.263	  0.964	 -0.033
	 -0.965	 -0.262	  0.011
	  0.003	  0.033	  0.999

3 	  45.21	  -1.81	   2.23
	  0.392	  0.252	  0.884
	 -0.049	  0.966	 -0.255
	 -0.919	  0.057	  0.391

4 	  42.21	   4.90	  -1.56
	  0.752	  0.613	  0.240
	 -0.647	  0.613	  0.454
	  0.131	 -0.497	  0.858

5 	  45.04	   7.07	   8.51
	  0.619	  0.137	  0.773
	 -0.497	 -0.695	  0.519
	  0.611	 -0.704	 -0.362

6 	  50.78	   9.56	  14.73
	  0.594	  0.149	  0.790
	 -0.790	  0.301	  0.534
	 -0.163	 -0.941	  0.297

7 	  40.46	  -7.91	  -1.67
	  0.265	 -0.947	  0.180
	  0.825	  0.125	 -0.551
	  0.501	  0.293	  0.814

8 	  45.14	 -10.41	   8.30
	  0.743	 -0.058	  0.666
	  0.397	 -0.764	 -0.509
	  0.540	  0.641	 -0.545

9 	  51.54	 -12.32	  13.73
	  0.665	 -0.136	  0.734
	  0.741	  0.243	 -0.626
	 -0.097	  0.960	  0.263

2 	  32.70	  -7.12	  22.73
	 -0.263	  0.964	 -0.033
	 -0.965	 -0.262	  0.011
	  0.003	  0.033	  0.999

3 	  45.19	  -1.86	   2.18
	  0.411	  0.259	  0.874
	 -0.050	  0.963	 -0.263
	 -0.911	  0.064	  0.408

4 	  42.24	   4.71	  -1.78
	  0.805	  0.564	  0.184
	 -0.577	  0.669	  0.468
	  0.141	 -0.484	  0.864

5 	  46.74	   7.17	   7.37
	  0.780	  0.145	  0.608
	 -0.388	 -0.651	  0.652
	  0.492	 -0.744	 -0.453

6 	  53.56	   9.51	  12.01
	  0.761	  0.128	  0.635
	 -0.627	  0.398	  0.669
	 -0.171	 -0.907	  0.385

7 	  40.38	  -7.86	  -1.67
	  0.313	 -0.939	  0.141
	  0.792	  0.175	 -0.585
	  0.526	  0.293	  0.798

8 	  46.35	 -10.65	   7.26
	  0.856	 -0.063	  0.513
	  0.323	 -0.710	 -0.626
	  0.404	  0.701	 -0.588

9 	  53.67	 -12.45	  10.95
	  0.802	 -0.147	  0.578
	  0.594	  0.303	 -0.745
	 -0.068	  0.941	  0.332

2 	  32.71	  -7.12	  22.73
	 -0.264	  0.964	 -0.033
	 -0.965	 -0.263	  0.011
	  0.003	  0.033	  0.999

3 	  45.16	  -1.83	   2.07
	  0.430	  0.261	  0.864
	 -0.068	  0.964	 -0.258
	 -0.900	  0.053	  0.432

4 	  42.24	   4.66	  -1.93
	  0.843	  0.522	  0.127
	 -0.515	  0.715	  0.472
	  0.156	 -0.464	  0.872

5 	  47.85	   7.33	   6.15
	  0.872	  0.146	  0.467
	 -0.294	 -0.608	  0.737
	  0.392	 -0.779	 -0.488

6 	  55.23	   9.46	   9.35
	  0.861	  0.108	  0.496
	 -0.485	  0.466	  0.740
	 -0.153	 -0.877	  0.455

7 	  40.29	  -7.72	  -1.71
	  0.349	 -0.933	  0.085
	  0.761	  0.228	 -0.607
	  0.548	  0.275	  0.790

8 	  47.27	 -10.78	   6.05
	  0.925	 -0.069	  0.373
	  0.237	 -0.665	 -0.708
	  0.297	  0.744	 -0.599

9 	  54.98	 -12.45	   8.31
	  0.888	 -0.155	  0.433
	  0.459	  0.343	 -0.819
	 -0.024	  0.926	  0.377

2 	  32.70	  -7.12	  22.73
	 -0.263	  0.964	 -0.033
	 -0.965	 -0.262	  0.011
	  0.003	  0.033	  0.999

3 	  45.16	  -1.78	   1.97
	  0.448	  0.262	  0.854
	 -0.080	  0.964	 -0.255
	 -0.891	  0.046	  0.452

4 	  42.17	   4.57	  -2.14
	  0.865	  0.496	  0.067
	 -0.468	  0.752	  0.464
	  0.180	 -0.433	  0.883

5 	  48.45	   7.31	   5.20
	  0.916	  0.139	  0.377
	 -0.235	 -0.578	  0.781
	  0.327	 -0.803	 -0.497

6 	  56.14	   9.26	   7.42
	  0.914	  0.087	  0.396
	 -0.383	  0.509	  0.771
	 -0.136	 -0.855	  0.500

7 	  40.20	  -7.61	  -1.76
	  0.373	 -0.927	  0.034
	  0.734	  0.271	 -0.623
	  0.569	  0.256	  0.781

8 	  47.79	 -10.83	   5.08
	  0.962	 -0.066	  0.265
	  0.165	 -0.631	 -0.758
	  0.217	  0.772	 -0.597

9 	  55.72	 -12.41	   6.17
	  0.937	 -0.156	  0.312
	  0.349	  0.387	 -0.853
	  0.011	  0.908	  0.418

2 	  32.71	  -7.14	  22.73
	 -0.264	  0.964	 -0.033
	 -0.965	 -0.263	  0.011
	  0.003	  0.033	  0.999

3 	  45.19	  -1.74	   1.88
	  0.461	  0.262	  0.848
	 -0.088	  0.964	 -0.252
	 -0.883	  0.042	  0.466

4 	  42.17	   4.48	  -2.36
	  0.879	  0.476	  0.017
	 -0.432	  0.779	  0.454
	  0.204	 -0.408	  0.890

5 	  48.92	   7.31	   4.31
	  0.944	  0.137	  0.300
	 -0.179	 -0.551	  0.815
	  0.277	 -0.823	 -0.496

6 	  56.76	   9.04	   5.64
	  0.949	  0.065	  0.306
	 -0.292	  0.547	  0.784
	 -0.117	 -0.834	  0.539

7 	  40.17	  -7.54	  -1.79
	  0.387	 -0.922	 -0.004
	  0.717	  0.302	 -0.628
	  0.582	  0.239	  0.777

8 	  48.15	 -10.92	   4.20
	  0.983	 -0.073	  0.166
	  0.088	 -0.607	 -0.790
	  0.158	  0.791	 -0.591

9 	  56.21	 -12.43	   4.06
	  0.971	 -0.152	  0.181
	  0.228	  0.404	 -0.886
	  0.062	  0.902	  0.427

2 	  32.70	  -7.12	  22.73
	 -0.264	  0.964	 -0.033
	 -0.965	 -0.263	  0.011
	  0.003	  0.033	  0.999

3 	  45.19	  -1.72	   1.83
	  0.465	  0.262	  0.845
	 -0.089	  0.964	 -0.251
	 -0.881	  0.042	  0.472

4 	  42.08	   4.36	  -2.57
	  0.890	  0.454	 -0.028
	 -0.398	  0.806	  0.437
	  0.221	 -0.379	  0.899

5 	  49.27	   7.26	   3.34
	  0.966	  0.136	  0.220
	 -0.119	 -0.523	  0.844
	  0.230	 -0.841	 -0.489

6 	  57.25	   8.74	   3.78
	  0.976	  0.044	  0.213
	 -0.198	  0.586	  0.786
	 -0.090	 -0.809	  0.581

7 	  40.13	  -7.47	  -1.85
	  0.400	 -0.915	 -0.048
	  0.698	  0.336	 -0.633
	  0.596	  0.219	  0.772

8 	  48.38	 -11.11	   3.23
	  0.993	 -0.085	  0.077
	  0.015	 -0.569	 -0.822
	  0.114	  0.818	 -0.564

9 	  56.39	 -12.60	   1.99
	  0.985	 -0.159	  0.063
	  0.129	  0.454	 -0.881
	  0.111	  0.876	  0.468

2 	  32.70	  -7.12	  22.73
	 -0.263	  0.964	 -0.033
	 -0.965	 -0.262	  0.011
	  0.003	  0.033	  0.999

3 	  45.21	  -1.74	   1.79
	  0.469	  0.263	  0.843
	 -0.090	  0.964	 -0.251
	 -0.879	  0.042	  0.475

4 	  42.01	   4.20	  -2.74
	  0.899	  0.432	 -0.076
	 -0.368	  0.835	  0.409
	  0.240	 -0.340	  0.909

5 	  49.59	   7.24	   2.14
	  0.982	  0.140	  0.121
	 -0.040	 -0.479	  0.876
	  0.181	 -0.866	 -0.466

6 	  57.50	   8.47	   1.41
	  0.995	  0.025	  0.094
	 -0.089	  0.633	  0.769
	 -0.040	 -0.774	  0.632

7 	  40.17	  -7.40	  -1.88
	  0.416	 -0.904	 -0.102
	  0.671	  0.379	 -0.637
	  0.616	  0.195	  0.763

8 	  48.53	 -11.29	   2.09
	  0.994	 -0.105	 -0.024
	 -0.076	 -0.531	 -0.844
	  0.076	  0.841	 -0.536

9 	  56.36	 -12.78	  -0.60
	  0.981	 -0.173	 -0.085
	  0.013	  0.500	 -0.866
	  0.192	  0.848	  0.493

2 	  32.71	  -7.14	  22.73
	 -0.263	  0.964	 -0.032
	 -0.965	 -0.262	  0.010
	  0.003	  0.032	  0.999

3 	  45.23	  -1.74	   1.72
	  0.472	  0.263	  0.841
	 -0.092	  0.964	 -0.251
	 -0.877	  0.041	  0.478

4 	  41.82	   3.96	  -2.97
	  0.902	  0.409	 -0.138
	 -0.334	  0.862	  0.381
	  0.275	 -0.298	  0.914

5 	  49.71	   7.22	   0.70
	  0.989	  0.146	  0.004
	  0.060	 -0.433	  0.899
	  0.133	 -0.890	 -0.437

6 	  57.52	   8.24	  -1.34
	  0.999	  0.008	 -0.049
	  0.031	  0.672	  0.740
	  0.038	 -0.741	  0.671

7 	  40.08	  -7.35	  -1.95
	  0.429	 -0.888	 -0.167
	  0.635	  0.427	 -0.643
	  0.643	  0.169	  0.746

8 	  48.57	 -11.37	   0.79
	  0.985	 -0.117	 -0.129
	 -0.170	 -0.484	 -0.859
	  0.038	  0.867	 -0.496

9 	  56.04	 -12.71	  -3.27
	  0.956	 -0.170	 -0.237
	 -0.111	  0.542	 -0.833
	  0.271	  0.822	  0.500

2 	  32.71	  -7.12	  22.73
	 -0.264	  0.964	 -0.032
	 -0.965	 -0.263	  0.012
	  0.004	  0.032	  0.999

3 	  45.23	  -1.74	   1.63
	  0.477	  0.264	  0.838
	 -0.098	  0.963	 -0.249
	 -0.873	  0.037	  0.486

4 	  41.61	   3.78	  -3.11
	  0.898	  0.397	 -0.188
	 -0.312	  0.877	  0.365
	  0.310	 -0.271	  0.911

5 	  49.62	   7.24	  -0.35
	  0.984	  0.154	 -0.083
	  0.139	 -0.400	  0.906
	  0.106	 -0.904	 -0.415

6 	  57.22	   8.14	  -3.32
	  0.988	 -0.004	 -0.153
	  0.112	  0.698	  0.707
	  0.104	 -0.716	  0.690

7 	  40.06	  -7.26	  -2.04
	  0.438	 -0.872	 -0.220
	  0.606	  0.466	 -0.644
	  0.665	  0.149	  0.731

8 	  48.55	 -11.37	  -0.16
	  0.972	 -0.121	 -0.201
	 -0.234	 -0.450	 -0.862
	  0.014	  0.885	 -0.466

9 	  55.74	 -12.45	  -4.94
	  0.930	 -0.161	 -0.330
	 -0.186	  0.571	 -0.799
	  0.318	  0.804	  0.502

2 	  32.70	  -7.12	  22.73
	 -0.264	  0.964	 -0.031
	 -0.965	 -0.263	  0.013
	  0.005	  0.032	  0.999

3 	  45.25	  -1.69	   1.55
	  0.483	  0.268	  0.833
	 -0.110	  0.963	 -0.247
	 -0.869	  0.028	  0.494

4 	  41.41	   3.64	  -3.29
	  0.885	  0.397	 -0.242
	 -0.303	  0.886	  0.351
	  0.354	 -0.239	  0.904

5 	  49.48	   7.21	  -1.32
	  0.975	  0.156	 -0.160
	  0.207	 -0.367	  0.907
	  0.083	 -0.917	 -0.390

6 	  56.79	   7.82	  -5.29
	  0.967	 -0.031	 -0.252
	  0.197	  0.720	  0.665
	  0.161	 -0.693	  0.703

7 	  40.08	  -7.12	  -2.14
	  0.449	 -0.851	 -0.272
	  0.569	  0.505	 -0.649
	  0.691	  0.136	  0.710

8 	  48.45	 -11.34	  -1.25
	  0.951	 -0.130	 -0.279
	 -0.308	 -0.401	 -0.863
	  0.000	  0.906	 -0.422

9 	  55.16	 -12.25	  -7.03
	  0.884	 -0.147	 -0.443
	 -0.270	  0.616	 -0.740
	  0.383	  0.772	  0.506

2 	  32.70	  -7.12	  22.73
	 -0.264	  0.964	 -0.030
	 -0.965	 -0.263	  0.014
	  0.006	  0.031	  0.999

3 	  45.23	  -1.67	   1.42
	  0.496	  0.276	  0.823
	 -0.123	  0.960	 -0.250
	 -0.860	  0.023	  0.509

4 	  41.17	   3.46	  -3.45
	  0.867	  0.392	 -0.307
	 -0.284	  0.894	  0.345
	  0.410	 -0.213	  0.886

5 	  49.24	   7.12	  -2.50
	  0.955	  0.151	 -0.256
	  0.293	 -0.333	  0.896
	  0.049	 -0.931	 -0.362

6 	  56.18	   7.54	  -7.40
	  0.932	 -0.052	 -0.359
	  0.278	  0.741	  0.611
	  0.235	 -0.668	  0.705

7 	  40.01	  -7.03	  -2.23
	  0.446	 -0.836	 -0.321
	  0.533	  0.534	 -0.656
	  0.720	  0.121	  0.683

8 	  48.18	 -11.29	  -2.25
	  0.924	 -0.139	 -0.356
	 -0.383	 -0.351	 -0.855
	 -0.007	  0.926	 -0.378

9 	  54.42	 -12.02	  -8.93
	  0.830	 -0.134	 -0.542
	 -0.338	  0.653	 -0.678
	  0.447	  0.743	  0.498

2 	  32.70	  -7.12	  22.73
	 -0.264	  0.964	 -0.030
	 -0.965	 -0.263	  0.014
	  0.007	  0.031	  0.999

3 	  45.23	  -1.62	   1.25
	  0.517	  0.283	  0.807
	 -0.136	  0.958	 -0.251
	 -0.845	  0.021	  0.534

4 	  40.92	   3.34	  -3.55
	  0.847	  0.392	 -0.359
	 -0.273	  0.899	  0.340
	  0.457	 -0.191	  0.868

5 	  48.85	   7.10	  -3.53
	  0.925	  0.154	 -0.347
	  0.378	 -0.298	  0.876
	  0.031	 -0.942	 -0.334

6 	  55.32	   7.24	  -9.37
	  0.885	 -0.075	 -0.459
	  0.352	  0.754	  0.554
	  0.307	 -0.650	  0.695

7 	  39.83	  -6.86	  -2.41
	  0.436	 -0.818	 -0.376
	  0.490	  0.565	 -0.664
	  0.756	  0.105	  0.646

8 	  47.85	 -11.23	  -3.18
	  0.894	 -0.147	 -0.424
	 -0.449	 -0.314	 -0.837
	 -0.011	  0.938	 -0.347

9 	  53.53	 -11.64	 -10.62
	  0.769	 -0.109	 -0.629
	 -0.410	  0.673	 -0.615
	  0.494	  0.728	  0.475

2 	  32.70	  -7.12	  22.73
	 -0.264	  0.964	 -0.029
	 -0.965	 -0.263	  0.014
	  0.008	  0.030	  0.999

3 	  45.18	  -1.55	   1.09
	  0.534	  0.298	  0.791
	 -0.153	  0.954	 -0.258
	 -0.832	  0.017	  0.554

4 	  40.61	   3.25	  -3.67
	  0.820	  0.396	 -0.412
	 -0.266	  0.902	  0.340
	  0.507	 -0.171	  0.845

5 	  48.34	   7.07	  -4.62
	  0.883	  0.157	 -0.442
	  0.469	 -0.270	  0.841
	  0.012	 -0.950	 -0.312

6 	  54.11	   7.14	 -11.37
	  0.818	 -0.087	 -0.568
	  0.426	  0.756	  0.497
	  0.389	 -0.646	  0.656

7 	  39.74	  -6.70	  -2.53
	  0.427	 -0.800	 -0.421
	  0.451	  0.591	 -0.669
	  0.784	  0.096	  0.613

8 	  47.46	 -11.14	  -4.15
	  0.856	 -0.158	 -0.491
	 -0.516	 -0.261	 -0.816
	 -0.000	  0.952	 -0.306

9 	  52.58	 -11.34	 -12.20
	  0.704	 -0.089	 -0.704
	 -0.454	  0.708	 -0.541
	  0.550	  0.698	  0.459

2 	  32.70	  -7.12	  22.73
	 -0.264	  0.964	 -0.029
	 -0.965	 -0.263	  0.014
	  0.008	  0.030	  0.999

3 	  45.16	  -1.51	   0.95
	  0.544	  0.309	  0.780
	 -0.168	  0.950	 -0.262
	 -0.823	  0.012	  0.568

4 	  40.39	   3.15	  -3.74
	  0.797	  0.400	 -0.453
	 -0.262	  0.903	  0.339
	  0.545	 -0.153	  0.824

5 	  47.85	   7.10	  -5.47
	  0.842	  0.166	 -0.514
	  0.540	 -0.246	  0.805
	  0.007	 -0.955	 -0.297

6 	  53.14	   7.03	 -12.76
	  0.761	 -0.100	 -0.641
	  0.476	  0.759	  0.445
	  0.445	 -0.641	  0.625

7 	  39.62	  -6.57	  -2.65
	  0.418	 -0.785	 -0.458
	  0.415	  0.612	 -0.673
	  0.809	  0.091	  0.581

8 	  47.11	 -11.06	  -4.85
	  0.829	 -0.160	 -0.535
	 -0.559	 -0.224	 -0.798
	  0.007	  0.961	 -0.276

9 	  51.86	 -11.04	 -13.20
	  0.659	 -0.069	 -0.749
	 -0.488	  0.721	 -0.493
	  0.578	  0.686	  0.441

2 	  32.70	  -7.12	  22.73
	 -0.264	  0.964	 -0.029
	 -0.965	 -0.263	  0.015
	  0.008	  0.030	  0.999

3 	  45.11	  -1.46	   0.81
	  0.552	  0.325	  0.768
	 -0.188	  0.945	 -0.267
	 -0.813	  0.004	  0.582

4 	  40.17	   3.01	  -3.83
	  0.774	  0.404	 -0.487
	 -0.259	  0.904	  0.339
	  0.578	 -0.137	  0.804

5 	  47.30	   7.05	  -6.21
	  0.797	  0.166	 -0.581
	  0.604	 -0.212	  0.768
	  0.004	 -0.963	 -0.269

6 	  51.94	   6.87	 -14.08
	  0.701	 -0.106	 -0.705
	  0.506	  0.771	  0.385
	  0.507	 -0.624	  0.594

7 	  39.52	  -6.43	  -2.76
	  0.411	 -0.766	 -0.494
	  0.381	  0.636	 -0.671
	  0.829	  0.087	  0.552

8 	  46.74	 -10.90	  -5.52
	  0.798	 -0.161	 -0.581
	 -0.603	 -0.182	 -0.777
	  0.018	  0.970	 -0.243

9 	  51.03	 -10.63	 -14.22
	  0.606	 -0.046	 -0.794
	 -0.516	  0.740	 -0.431
	  0.614	  0.666	  0.424

2 	  32.70	  -7.12	  22.73
	 -0.264	  0.964	 -0.028
	 -0.965	 -0.263	  0.015
	  0.008	  0.030	  0.999

3 	  45.09	  -1.41	   0.65
	  0.564	  0.342	  0.751
	 -0.209	  0.939	 -0.272
	 -0.799	 -0.003	  0.601

4 	  39.87	   2.88	  -3.92
	  0.743	  0.411	 -0.528
	 -0.261	  0.904	  0.338
	  0.617	 -0.114	  0.778

5 	  46.56	   7.07	  -7.00
	  0.739	  0.172	 -0.651
	  0.674	 -0.164	  0.720
	  0.016	 -0.971	 -0.238

6 	  50.54	   6.79	 -15.40
	  0.630	 -0.117	 -0.768
	  0.524	  0.795	  0.305
	  0.581	 -0.590	  0.560

7 	  39.36	  -6.29	  -2.81
	  0.392	 -0.755	 -0.526
	  0.349	  0.650	 -0.675
	  0.851	  0.081	  0.518

8 	  46.16	 -10.90	  -6.13
	  0.751	 -0.177	 -0.635
	 -0.658	 -0.141	 -0.739
	  0.040	  0.974	 -0.223

9 	  49.76	 -10.55	 -15.26
	  0.534	 -0.031	 -0.845
	 -0.541	  0.758	 -0.364
	  0.658	  0.646	  0.386

2 	  32.70	  -7.12	  22.73
	 -0.263	  0.964	 -0.028
	 -0.965	 -0.262	  0.015
	  0.008	  0.030	  0.999

3 	  45.07	  -1.37	   0.44
	  0.583	  0.357	  0.729
	 -0.229	  0.933	 -0.276
	 -0.780	 -0.006	  0.625

4 	  39.53	   2.78	  -3.90
	  0.705	  0.425	 -0.567
	 -0.265	  0.900	  0.347
	  0.658	 -0.095	  0.747

5 	  45.63	   7.15	  -7.75
	  0.663	  0.191	 -0.723
	  0.747	 -0.114	  0.655
	  0.043	 -0.975	 -0.218

6 	  48.81	   6.77	 -16.68
	  0.540	 -0.129	 -0.832
	  0.542	  0.811	  0.222
	  0.651	 -0.566	  0.505

7 	  39.04	  -6.19	  -2.76
	  0.356	 -0.755	 -0.551
	  0.328	  0.652	 -0.683
	  0.875	  0.062	  0.479

8 	  45.33	 -10.99	  -6.68
	  0.694	 -0.202	 -0.691
	 -0.715	 -0.086	 -0.693
	  0.080	  0.975	 -0.204

9 	  48.27	 -10.49	 -16.19
	  0.451	 -0.016	 -0.892
	 -0.559	  0.776	 -0.292
	  0.702	  0.626	  0.339

2 	  32.70	  -7.12	  22.73
	 -0.262	  0.964	 -0.028
	 -0.965	 -0.261	  0.015
	  0.009	  0.030	  1.000

3 	  44.98	  -1.37	   0.26
	  0.600	  0.368	  0.710
	 -0.243	  0.929	 -0.279
	 -0.763	 -0.004	  0.646

4 	  39.29	   2.69	  -3.92
	  0.674	  0.436	 -0.596
	 -0.262	  0.895	  0.359
	  0.691	 -0.086	  0.718

5 	  44.81	   7.26	  -8.26
	  0.595	  0.209	 -0.775
	  0.800	 -0.068	  0.596
	  0.072	 -0.975	 -0.208

6 	  47.34	   6.82	 -17.49
	  0.466	 -0.137	 -0.874
	  0.555	  0.815	  0.164
	  0.695	 -0.558	  0.453

7 	  38.85	  -6.05	  -2.76
	  0.333	 -0.750	 -0.572
	  0.306	  0.659	 -0.687
	  0.892	  0.054	  0.449

8 	  44.72	 -10.93	  -7.10
	  0.646	 -0.211	 -0.733
	 -0.758	 -0.059	 -0.650
	  0.094	  0.976	 -0.198

9 	  47.09	 -10.42	 -16.82
	  0.387	 -0.012	 -0.922
	 -0.577	  0.777	 -0.249
	  0.724	  0.625	  0.291

2 	  32.70	  -7.12	  22.73
	 -0.261	  0.965	 -0.028
	 -0.965	 -0.260	  0.016
	  0.009	  0.030	  0.999

3 	  44.84	  -1.34	   0.14
	  0.609	  0.375	  0.698
	 -0.254	  0.926	 -0.278
	 -0.752	 -0.007	  0.659

4 	  39.06	   2.69	  -3.90
	  0.656	  0.446	 -0.609
	 -0.263	  0.890	  0.371
	  0.708	 -0.084	  0.700

5 	  44.33	   7.44	  -8.42
	  0.561	  0.225	 -0.796
	  0.823	 -0.051	  0.565
	  0.086	 -0.973	 -0.214

6 	  46.60	   6.98	 -17.77
	  0.432	 -0.139	 -0.891
	  0.563	  0.814	  0.142
	  0.710	 -0.559	  0.427

7 	  38.60	  -5.94	  -2.74
	  0.312	 -0.750	 -0.583
	  0.299	  0.660	 -0.689
	  0.902	  0.040	  0.429

8 	  44.19	 -10.90	  -7.28
	  0.615	 -0.222	 -0.756
	 -0.780	 -0.033	 -0.624
	  0.113	  0.974	 -0.193

9 	  46.34	 -10.37	 -17.10
	  0.348	  0.000	 -0.937
	 -0.591	  0.777	 -0.216
	  0.732	  0.626	  0.268

2 	  32.70	  -7.10	  22.73
	 -0.261	  0.965	 -0.028
	 -0.966	 -0.260	  0.016
	  0.009	  0.030	  0.999

3 	  44.74	  -1.32	   0.11
	  0.613	  0.376	  0.695
	 -0.258	  0.926	 -0.275
	 -0.748	 -0.010	  0.664

4 	  38.88	   2.69	  -3.87
	  0.639	  0.458	 -0.618
	 -0.265	  0.885	  0.383
	  0.723	 -0.082	  0.686

5 	  43.86	   7.59	  -8.54
	  0.529	  0.244	 -0.813
	  0.841	 -0.022	  0.540
	  0.114	 -0.969	 -0.217

6 	  45.95	   7.15	 -17.96
	  0.401	 -0.147	 -0.904
	  0.577	  0.807	  0.121
	  0.716	 -0.567	  0.405

7 	  38.48	  -5.89	  -2.69
	  0.297	 -0.752	 -0.588
	  0.292	  0.657	 -0.695
	  0.909	  0.035	  0.415

8 	  43.79	 -10.99	  -7.40
	  0.583	 -0.239	 -0.777
	 -0.801	 -0.009	 -0.598
	  0.135	  0.971	 -0.197

9 	  45.51	 -10.42	 -17.38
	  0.303	  0.006	 -0.953
	 -0.604	  0.775	 -0.183
	  0.741	  0.628	  0.236

2 	  32.70	  -7.12	  22.73
	 -0.261	  0.965	 -0.028
	 -0.966	 -0.260	  0.016
	  0.009	  0.030	  0.999

3 	  44.68	  -1.28	   0.04
	  0.621	  0.377	  0.687
	 -0.265	  0.925	 -0.271
	 -0.739	 -0.013	  0.674

4 	  38.72	   2.65	  -3.88
	  0.617	  0.469	 -0.631
	 -0.268	  0.879	  0.394
	  0.740	 -0.075	  0.668

5 	  43.42	   7.66	  -8.70
	  0.495	  0.252	 -0.831
	  0.861	 -0.012	  0.509
	  0.119	 -0.968	 -0.223

6 	  45.18	   7.28	 -18.26
	  0.362	 -0.140	 -0.922
	  0.596	  0.795	  0.110
	  0.722	 -0.586	  0.368

7 	  38.30	  -5.82	  -2.69
	  0.283	 -0.751	 -0.596
	  0.276	  0.659	 -0.699
	  0.918	  0.033	  0.394

8 	  43.33	 -10.93	  -7.61
	  0.551	 -0.244	 -0.798
	 -0.822	  0.007	 -0.570
	  0.145	  0.969	 -0.196

9 	  44.68	 -10.37	 -17.72
	  0.258	  0.014	 -0.966
	 -0.631	  0.760	 -0.155
	  0.735	  0.647	  0.202

2 	  32.70	  -7.12	  22.73
	 -0.260	  0.965	 -0.028
	 -0.966	 -0.259	  0.015
	  0.008	  0.029	  1.000

3 	  44.49	  -1.27	  -0.07
	  0.627	  0.382	  0.679
	 -0.275	  0.923	 -0.268
	 -0.730	 -0.018	  0.683

4 	  38.41	   2.62	  -3.87
	  0.606	  0.469	 -0.642
	 -0.264	  0.879	  0.395
	  0.751	 -0.071	  0.656

5 	  43.08	   7.56	  -8.82
	  0.480	  0.239	 -0.844
	  0.871	 -0.021	  0.490
	  0.099	 -0.971	 -0.219

6 	  44.67	   7.19	 -18.46
	  0.331	 -0.141	 -0.933
	  0.642	  0.759	  0.110
	  0.696	 -0.633	  0.338

7 	  38.07	  -5.80	  -2.69
	  0.276	 -0.748	 -0.603
	  0.262	  0.662	 -0.702
	  0.925	  0.036	  0.378

8 	  43.00	 -10.90	  -7.73
	  0.533	 -0.241	 -0.811
	 -0.834	  0.013	 -0.552
	  0.144	  0.970	 -0.194

9 	  44.19	 -10.28	 -17.82
	  0.235	  0.021	 -0.972
	 -0.664	  0.734	 -0.143
	  0.713	  0.677	  0.183

2 	  32.70	  -7.12	  22.73
	 -0.259	  0.965	 -0.028
	 -0.966	 -0.258	  0.016
	  0.009	  0.030	  0.999

3 	  44.31	  -1.23	  -0.14
	  0.631	  0.387	  0.672
	 -0.285	  0.921	 -0.265
	 -0.723	 -0.024	  0.690

4 	  38.18	   2.60	  -3.83
	  0.592	  0.477	 -0.650
	 -0.268	  0.876	  0.400
	  0.760	 -0.064	  0.646

5 	  42.73	   7.58	  -8.93
	  0.461	  0.240	 -0.854
	  0.882	 -0.016	  0.471
	  0.099	 -0.971	 -0.219

6 	  44.14	   7.15	 -18.56
	  0.307	 -0.148	 -0.940
	  0.671	  0.734	  0.101
	  0.678	 -0.660	  0.321

7 	  37.92	  -5.78	  -2.69
	  0.274	 -0.744	 -0.609
	  0.248	  0.666	 -0.703
	  0.929	  0.041	  0.367

8 	  42.80	 -10.86	  -7.84
	  0.520	 -0.239	 -0.820
	 -0.842	  0.018	 -0.539
	  0.143	  0.971	 -0.191

9 	  43.86	 -10.28	 -17.95
	  0.220	  0.019	 -0.975
	 -0.685	  0.715	 -0.138
	  0.697	  0.696	  0.168

2 	  32.70	  -7.12	  22.73
	 -0.259	  0.965	 -0.027
	 -0.966	 -0.258	  0.016
	  0.009	  0.029	  0.999

3 	  44.23	  -1.21	  -0.16
	  0.632	  0.388	  0.671
	 -0.292	  0.920	 -0.260
	 -0.719	 -0.031	  0.694

4 	  38.06	   2.60	  -3.81
	  0.583	  0.484	 -0.653
	 -0.271	  0.872	  0.406
	  0.766	 -0.060	  0.639

5 	  42.56	   7.63	  -8.93
	  0.453	  0.245	 -0.857
	  0.885	 -0.008	  0.465
	  0.107	 -0.969	 -0.220

6 	  44.00	   7.24	 -18.56
	  0.302	 -0.147	 -0.942
	  0.674	  0.731	  0.100
	  0.677	 -0.664	  0.317

7 	  37.90	  -5.77	  -2.69
	  0.277	 -0.740	 -0.613
	  0.240	  0.671	 -0.702
	  0.930	  0.047	  0.363

8 	  42.75	 -10.83	  -7.88
	  0.517	 -0.236	 -0.823
	 -0.845	  0.017	 -0.535
	  0.140	  0.971	 -0.190

9 	  43.84	 -10.21	 -17.96
	  0.216	  0.022	 -0.976
	 -0.698	  0.702	 -0.136
	  0.685	  0.709	  0.165

2 	  32.70	  -7.12	  22.71
	 -0.259	  0.965	 -0.027
	 -0.966	 -0.258	  0.017
	  0.010	  0.029	  1.000

3 	  44.24	  -1.18	  -0.16
	  0.632	  0.387	  0.671
	 -0.296	  0.921	 -0.255
	 -0.717	 -0.036	  0.696

4 	  38.06	   2.64	  -3.80
	  0.583	  0.487	 -0.650
	 -0.272	  0.870	  0.410
	  0.766	 -0.062	  0.640

5 	  42.57	   7.68	  -8.89
	  0.453	  0.250	 -0.855
	  0.884	 -0.007	  0.467
	  0.110	 -0.968	 -0.224

6 	  44.09	   7.42	 -18.51
	  0.306	 -0.138	 -0.942
	  0.674	  0.730	  0.110
	  0.676	 -0.667	  0.313

7 	  37.93	  -5.73	  -2.72
	  0.278	 -0.737	 -0.617
	  0.240	  0.674	 -0.698
	  0.930	  0.046	  0.364

8 	  42.82	 -10.78	  -7.91
	  0.519	 -0.233	 -0.822
	 -0.842	  0.021	 -0.538
	  0.142	  0.972	 -0.185

9 	  43.95	 -10.12	 -17.96
	  0.223	  0.029	 -0.974
	 -0.702	  0.698	 -0.138
	  0.678	  0.713	  0.173

2 	  32.70	  -7.12	  22.73
	 -0.259	  0.965	 -0.028
	 -0.966	 -0.258	  0.016
	  0.009	  0.030	  0.999

3 	  44.28	  -1.16	  -0.16
	  0.631	  0.382	  0.675
	 -0.293	  0.922	 -0.251
	 -0.720	 -0.038	  0.693

4 	  38.14	   2.69	  -3.81
	  0.588	  0.490	 -0.644
	 -0.271	  0.869	  0.414
	  0.763	 -0.069	  0.643

5 	  42.66	   7.75	  -8.84
	  0.458	  0.258	 -0.851
	  0.881	 -0.008	  0.472
	  0.115	 -0.966	 -0.231

6 	  44.17	   7.54	 -18.44
	  0.311	 -0.131	 -0.941
	  0.672	  0.731	  0.118
	  0.676	 -0.667	  0.312

7 	  37.95	  -5.73	  -2.71
	  0.276	 -0.737	 -0.617
	  0.243	  0.674	 -0.697
	  0.930	  0.042	  0.365

8 	  42.82	 -10.76	  -7.89
	  0.521	 -0.233	 -0.821
	 -0.841	  0.021	 -0.540
	  0.144	  0.972	 -0.185

9 	  44.00	 -10.16	 -17.96
	  0.225	  0.026	 -0.974
	 -0.709	  0.690	 -0.144
	  0.671	  0.721	  0.172

2 	  32.70	  -7.12	  22.73
	 -0.259	  0.965	 -0.027
	 -0.966	 -0.258	  0.016
	  0.009	  0.029	  0.999

3 	  44.28	  -1.16	  -0.14
	  0.630	  0.381	  0.676
	 -0.292	  0.923	 -0.251
	 -0.721	 -0.039	  0.692

4 	  38.14	   2.69	  -3.81
	  0.587	  0.490	 -0.644
	 -0.272	  0.868	  0.415
	  0.763	 -0.069	  0.642

5 	  42.61	   7.79	  -8.84
	  0.456	  0.260	 -0.851
	  0.881	 -0.002	  0.472
	  0.121	 -0.965	 -0.230

6 	  44.14	   7.54	 -18.47
	  0.311	 -0.134	 -0.941
	  0.670	  0.733	  0.115
	  0.677	 -0.664	  0.315

7 	  37.97	  -5.73	  -2.74
	  0.277	 -0.734	 -0.620
	  0.240	  0.677	 -0.695
	  0.930	  0.043	  0.364

8 	  42.96	 -10.72	  -7.89
	  0.530	 -0.231	 -0.816
	 -0.836	  0.016	 -0.548
	  0.140	  0.973	 -0.184

9 	  44.31	 -10.14	 -17.93
	  0.244	  0.022	 -0.970
	 -0.705	  0.690	 -0.160
	  0.668	  0.721	  0.181

2 	  32.71	  -7.12	  22.73
	 -0.259	  0.965	 -0.028
	 -0.966	 -0.258	  0.015
	  0.009	  0.030	  1.000

3 	  44.31	  -1.12	  -0.11
	  0.623	  0.384	  0.682
	 -0.295	  0.922	 -0.252
	 -0.726	 -0.043	  0.686

4 	  38.29	   2.72	  -3.87
	  0.598	  0.492	 -0.632
	 -0.279	  0.867	  0.412
	  0.752	 -0.071	  0.655

5 	  42.96	   7.82	  -8.72
	  0.483	  0.265	 -0.834
	  0.865	 -0.001	  0.501
	  0.132	 -0.964	 -0.230

6 	  44.93	   7.77	 -18.16
	  0.356	 -0.111	 -0.928
	  0.645	  0.748	  0.156
	  0.679	 -0.652	  0.335

7 	  38.16	  -5.71	  -2.85
	  0.295	 -0.726	 -0.621
	  0.246	  0.686	 -0.685
	  0.923	  0.049	  0.381

8 	  43.58	 -10.58	  -7.77
	  0.581	 -0.213	 -0.786
	 -0.803	  0.008	 -0.595
	  0.133	  0.977	 -0.167

9 	  45.69	  -9.84	 -17.53
	  0.323	  0.031	 -0.946
	 -0.684	  0.699	 -0.209
	  0.658	  0.712	  0.244

2 	  32.70	  -7.12	  22.73
	 -0.259	  0.965	 -0.029
	 -0.966	 -0.258	  0.015
	  0.008	  0.030	  0.999

3 	  44.37	  -1.12	   0.00
	  0.618	  0.379	  0.688
	 -0.288	  0.924	 -0.253
	 -0.732	 -0.041	  0.680

4 	  38.62	   2.92	  -3.87
	  0.646	  0.483	 -0.591
	 -0.277	  0.869	  0.410
	  0.712	 -0.103	  0.694

5 	  44.09	   7.91	  -8.14
	  0.581	  0.263	 -0.770
	  0.806	 -0.054	  0.589
	  0.114	 -0.963	 -0.243

6 	  47.13	   7.96	 -17.07
	  0.466	 -0.103	 -0.879
	  0.648	  0.717	  0.257
	  0.608	 -0.686	  0.399

7 	  38.29	  -5.80	  -2.85
	  0.309	 -0.738	 -0.600
	  0.275	  0.673	 -0.687
	  0.910	  0.047	  0.411

8 	  44.53	 -10.63	  -7.08
	  0.673	 -0.201	 -0.711
	 -0.731	 -0.035	 -0.682
	  0.112	  0.979	 -0.171

9 	  47.79	  -9.98	 -16.33
	  0.452	  0.017	 -0.892
	 -0.656	  0.686	 -0.315
	  0.610	  0.725	  0.319

2 	  32.71	  -7.12	  22.75
	 -0.258	  0.966	 -0.031
	 -0.966	 -0.257	  0.011
	  0.004	  0.032	  0.999

3 	  44.54	  -1.25	   0.25
	  0.611	  0.362	  0.703
	 -0.254	  0.931	 -0.260
	 -0.750	 -0.019	  0.661

4 	  39.13	   3.11	  -3.85
	  0.693	  0.476	 -0.542
	 -0.278	  0.869	  0.410
	  0.666	 -0.134	  0.733

5 	  45.44	   7.95	  -7.19
	  0.685	  0.257	 -0.681
	  0.723	 -0.128	  0.679
	  0.087	 -0.958	 -0.274

6 	  49.48	   8.12	 -15.57
	  0.576	 -0.093	 -0.812
	  0.634	  0.679	  0.369
	  0.523	 -0.725	  0.448

7 	  38.57	  -5.96	  -2.83
	  0.332	 -0.755	 -0.565
	  0.310	  0.652	 -0.691
	  0.891	  0.054	  0.450

8 	  45.47	 -10.76	  -6.17
	  0.754	 -0.193	 -0.628
	 -0.652	 -0.100	 -0.752
	  0.081	  0.976	 -0.201

9 	  49.61	 -10.35	 -14.94
	  0.560	 -0.004	 -0.829
	 -0.621	  0.662	 -0.419
	  0.555	  0.746	  0.367

2 	  32.70	  -7.12	  22.73
	 -0.258	  0.965	 -0.032
	 -0.966	 -0.257	  0.011
	  0.004	  0.033	  0.999

3 	  44.70	  -1.34	   0.47
	  0.597	  0.347	  0.723
	 -0.226	  0.937	 -0.265
	 -0.771	 -0.005	  0.637

4 	  39.57	   3.22	  -3.80
	  0.729	  0.466	 -0.501
	 -0.277	  0.870	  0.408
	  0.626	 -0.160	  0.763

5 	  46.34	   7.88	  -6.43
	  0.754	  0.247	 -0.609
	  0.652	 -0.172	  0.738
	  0.078	 -0.953	 -0.291

6 	  51.03	   8.05	 -14.36
	  0.650	 -0.097	 -0.754
	  0.609	  0.661	  0.438
	  0.462	 -0.741	  0.487

7 	  38.79	  -6.15	  -2.81
	  0.347	 -0.771	 -0.534
	  0.337	  0.633	 -0.696
	  0.875	  0.061	  0.480

8 	  46.11	 -10.92	  -5.40
	  0.805	 -0.192	 -0.561
	 -0.589	 -0.152	 -0.793
	  0.066	  0.969	 -0.236

9 	  50.87	 -10.71	 -13.75
	  0.631	 -0.019	 -0.776
	 -0.591	  0.640	 -0.491
	  0.510	  0.765	  0.392

2 	  32.71	  -7.12	  22.73
	 -0.258	  0.965	 -0.033
	 -0.966	 -0.257	  0.010
	  0.003	  0.033	  0.999

3 	  44.74	  -1.42	   0.62
	  0.588	  0.340	  0.734
	 -0.208	  0.940	 -0.270
	 -0.782	  0.006	  0.623

4 	  39.80	   3.27	  -3.74
	  0.748	  0.461	 -0.477
	 -0.278	  0.870	  0.408
	  0.604	 -0.173	  0.778

5 	  46.90	   7.84	  -5.75
	  0.803	  0.241	 -0.545
	  0.591	 -0.205	  0.780
	  0.077	 -0.949	 -0.307

6 	  52.10	   8.07	 -13.18
	  0.711	 -0.095	 -0.696
	  0.573	  0.653	  0.495
	  0.410	 -0.750	  0.519

7 	  38.90	  -6.26	  -2.81
	  0.359	 -0.783	 -0.508
	  0.354	  0.617	 -0.703
	  0.864	  0.072	  0.499

8 	  46.49	 -11.02	  -4.73
	  0.840	 -0.193	 -0.507
	 -0.540	 -0.197	 -0.818
	  0.058	  0.961	 -0.271

9 	  51.73	 -10.97	 -12.73
	  0.685	 -0.037	 -0.727
	 -0.552	  0.626	 -0.551
	  0.479	  0.776	  0.409

2 	  32.71	  -7.12	  22.71
	 -0.257	  0.966	 -0.033
	 -0.967	 -0.256	  0.011
	  0.003	  0.033	  0.999

3 	  44.79	  -1.42	   0.67
	  0.583	  0.333	  0.740
	 -0.198	  0.942	 -0.270
	 -0.788	  0.012	  0.615

4 	  39.92	   3.36	  -3.71
	  0.760	  0.461	 -0.458
	 -0.278	  0.867	  0.413
	  0.588	 -0.188	  0.787

5 	  47.27	   7.89	  -5.12
	  0.838	  0.242	 -0.489
	  0.539	 -0.227	  0.811
	  0.085	 -0.943	 -0.321

6 	  52.91	   8.16	 -12.08
	  0.760	 -0.087	 -0.644
	  0.533	  0.651	  0.541
	  0.375	 -0.753	  0.541

7 	  38.92	  -6.29	  -2.79
	  0.366	 -0.791	 -0.491
	  0.365	  0.606	 -0.706
	  0.856	  0.079	  0.510

8 	  46.78	 -11.06	  -4.13
	  0.867	 -0.191	 -0.459
	 -0.495	 -0.237	 -0.836
	  0.051	  0.952	 -0.301

9 	  52.40	 -11.18	 -11.69
	  0.732	 -0.051	 -0.679
	 -0.517	  0.609	 -0.601
	  0.447	  0.789	  0.421

2 	  32.71	  -7.12	  22.73
	 -0.257	  0.966	 -0.033
	 -0.967	 -0.256	  0.010
	  0.003	  0.033	  0.999

3 	  44.77	  -1.48	   0.77
	  0.584	  0.319	  0.746
	 -0.181	  0.947	 -0.265
	 -0.791	  0.020	  0.611

4 	  40.13	   3.50	  -3.60
	  0.782	  0.454	 -0.427
	 -0.271	  0.863	  0.426
	  0.562	 -0.218	  0.797

5 	  47.83	   7.86	  -3.99
	  0.893	  0.229	 -0.388
	  0.441	 -0.270	  0.856
	  0.092	 -0.935	 -0.342

6 	  54.28	   8.14	 -10.11
	  0.833	 -0.091	 -0.546
	  0.475	  0.625	  0.619
	  0.286	 -0.774	  0.564

7 	  38.92	  -6.36	  -2.71
	  0.368	 -0.813	 -0.451
	  0.400	  0.575	 -0.714
	  0.840	  0.082	  0.536

8 	  47.07	 -11.16	  -3.01
	  0.908	 -0.189	 -0.373
	 -0.415	 -0.308	 -0.856
	  0.047	  0.932	 -0.359

9 	  53.40	 -11.55	  -9.76
	  0.806	 -0.073	 -0.587
	 -0.441	  0.589	 -0.677
	  0.397	  0.803	  0.443

2 	  32.73	  -7.12	  22.73
	 -0.257	  0.966	 -0.032
	 -0.967	 -0.256	  0.011
	  0.003	  0.033	  0.999

3 	  44.81	  -1.55	   0.90
	  0.584	  0.298	  0.755
	 -0.156	  0.953	 -0.257
	 -0.797	  0.032	  0.603

4 	  40.43	   3.67	  -3.46
	  0.808	  0.445	 -0.386
	 -0.261	  0.857	  0.444
	  0.529	 -0.259	  0.808

5 	  48.34	   7.80	  -2.99
	  0.929	  0.214	 -0.301
	  0.357	 -0.308	  0.882
	  0.095	 -0.927	 -0.362

6 	  55.23	   8.12	  -8.24
	  0.885	 -0.092	 -0.456
	  0.413	  0.605	  0.680
	  0.214	 -0.790	  0.574

7 	  38.99	  -6.47	  -2.64
	  0.372	 -0.834	 -0.407
	  0.430	  0.542	 -0.722
	  0.823	  0.093	  0.559

8 	  47.27	 -11.37	  -1.99
	  0.934	 -0.199	 -0.296
	 -0.350	 -0.356	 -0.866
	  0.067	  0.913	 -0.402

9 	  54.09	 -12.04	  -7.95
	  0.860	 -0.099	 -0.500
	 -0.365	  0.566	 -0.739
	  0.358	  0.817	  0.452

2 	  32.71	  -7.12	  22.73
	 -0.257	  0.966	 -0.033
	 -0.967	 -0.256	  0.011
	  0.003	  0.033	  0.999

3 	  44.82	  -1.60	   1.00
	  0.582	  0.285	  0.761
	 -0.139	  0.957	 -0.254
	 -0.801	  0.042	  0.597

4 	  40.59	   3.76	  -3.27
	  0.826	  0.452	 -0.337
	 -0.274	  0.843	  0.462
	  0.494	 -0.290	  0.819

5 	  48.57	   7.88	  -1.58
	  0.960	  0.209	 -0.185
	  0.249	 -0.347	  0.904
	  0.125	 -0.914	 -0.385

6 	  56.04	   8.46	  -5.55
	  0.943	 -0.074	 -0.323
	  0.304	  0.584	  0.752
	  0.133	 -0.808	  0.574

7 	  39.01	  -6.68	  -2.44
	  0.370	 -0.869	 -0.329
	  0.479	  0.481	 -0.734
	  0.797	  0.114	  0.593

8 	  47.39	 -11.50	  -0.40
	  0.962	 -0.198	 -0.185
	 -0.255	 -0.432	 -0.865
	  0.091	  0.880	 -0.467

9 	  54.81	 -12.53	  -5.13
	  0.923	 -0.123	 -0.365
	 -0.255	  0.516	 -0.817
	  0.289	  0.847	  0.446

2 	  32.71	  -7.12	  22.73
	 -0.256	  0.966	 -0.033
	 -0.967	 -0.255	  0.010
	  0.003	  0.033	  0.999

3 	  44.91	  -1.67	   1.14
	  0.571	  0.270	  0.775
	 -0.114	  0.961	 -0.252
	 -0.813	  0.056	  0.579

4 	  40.92	   3.99	  -3.09
	  0.845	  0.461	 -0.272
	 -0.294	  0.824	  0.484
	  0.448	 -0.330	  0.831

5 	  48.78	   8.00	  -0.18
	  0.974	  0.214	 -0.069
	  0.148	 -0.383	  0.912
	  0.169	 -0.899	 -0.405

6 	  56.64	   8.81	  -2.94
	  0.981	 -0.044	 -0.190
	  0.182	  0.557	  0.810
	  0.070	 -0.829	  0.554

7 	  39.23	  -6.82	  -2.36
	  0.378	 -0.886	 -0.269
	  0.516	  0.442	 -0.734
	  0.769	  0.138	  0.623

8 	  47.51	 -11.55	   0.81
	  0.976	 -0.196	 -0.097
	 -0.182	 -0.483	 -0.856
	  0.121	  0.853	 -0.507

9 	  55.23	 -12.99	  -2.97
	  0.957	 -0.151	 -0.248
	 -0.152	  0.468	 -0.870
	  0.247	  0.870	  0.426

2 	  32.71	  -7.12	  22.75
	 -0.256	  0.966	 -0.033
	 -0.967	 -0.255	  0.010
	  0.002	  0.033	  0.999

3 	  44.98	  -1.67	   1.27
	  0.556	  0.261	  0.788
	 -0.101	  0.963	 -0.249
	 -0.825	  0.059	  0.562

4 	  41.19	   4.17	  -2.90
	  0.855	  0.479	 -0.195
	 -0.333	  0.797	  0.504
	  0.398	 -0.367	  0.841

5 	  48.69	   8.14	   1.41
	  0.975	  0.211	  0.063
	  0.033	 -0.424	  0.905
	  0.218	 -0.881	 -0.420

6 	  56.76	   9.28	   0.25
	  0.999	 -0.017	 -0.027
	  0.032	  0.529	  0.847
	  0.000	 -0.849	  0.529

7 	  39.36	  -6.94	  -2.16
	  0.376	 -0.906	 -0.196
	  0.565	  0.390	 -0.727
	  0.735	  0.162	  0.657

8 	  47.48	 -11.46	   2.21
	  0.984	 -0.177	  0.001
	 -0.097	 -0.541	 -0.836
	  0.148	  0.822	 -0.549

9 	  55.48	 -12.97	  -0.25
	  0.982	 -0.149	 -0.112
	 -0.043	  0.401	 -0.915
	  0.181	  0.903	  0.388

2 	  32.71	  -7.12	  22.75
	 -0.256	  0.966	 -0.033
	 -0.967	 -0.255	  0.010
	  0.003	  0.033	  0.999

3 	  45.05	  -1.65	   1.44
	  0.538	  0.252	  0.804
	 -0.087	  0.965	 -0.245
	 -0.839	  0.063	  0.541

4 	  41.47	   4.45	  -2.60
	  0.856	  0.507	 -0.099
	 -0.391	  0.759	  0.520
	  0.339	 -0.407	  0.848

5 	  48.34	   8.33	   3.11
	  0.954	  0.215	  0.209
	 -0.092	 -0.453	  0.886
	  0.286	 -0.865	 -0.413

6 	  56.43	   9.83	   3.59
	  0.988	  0.022	  0.152
	 -0.143	  0.497	  0.855
	 -0.057	 -0.867	  0.494

7 	  39.55	  -7.07	  -1.99
	  0.369	 -0.921	 -0.122
	  0.616	  0.340	 -0.710
	  0.697	  0.186	  0.693

8 	  47.23	 -11.41	   3.67
	  0.978	 -0.175	  0.114
	 -0.012	 -0.591	 -0.806
	  0.208	  0.787	 -0.580

9 	  55.34	 -13.13	   2.71
	  0.986	 -0.162	  0.043
	  0.096	  0.339	 -0.936
	  0.137	  0.927	  0.350

2 	  32.71	  -7.12	  22.73
	 -0.256	  0.966	 -0.033
	 -0.967	 -0.255	  0.010
	  0.002	  0.033	  0.999

3 	  45.14	  -1.69	   1.58
	  0.517	  0.243	  0.820
	 -0.068	  0.967	 -0.244
	 -0.853	  0.070	  0.516

4 	  41.70	   4.61	  -2.32
	  0.847	  0.532	 -0.004
	 -0.452	  0.720	  0.526
	  0.283	 -0.445	  0.849

5 	  47.79	   8.42	   4.61
	  0.914	  0.215	  0.344
	 -0.206	 -0.487	  0.849
	  0.351	 -0.846	 -0.401

6 	  55.60	  10.21	   6.71
	  0.945	  0.059	  0.322
	 -0.312	  0.462	  0.830
	 -0.101	 -0.884	  0.455

7 	  39.73	  -7.22	  -1.86
	  0.358	 -0.933	 -0.046
	  0.665	  0.288	 -0.689
	  0.657	  0.215	  0.722

8 	  46.72	 -11.41	   5.12
	  0.952	 -0.180	  0.249
	  0.079	 -0.641	 -0.764
	  0.296	  0.746	 -0.596

9 	  54.77	 -13.29	   5.80
	  0.961	 -0.172	  0.218
	  0.260	  0.287	 -0.922
	  0.095	  0.942	  0.320

2 	  32.71	  -7.12	  22.73
	 -0.256	  0.966	 -0.033
	 -0.967	 -0.255	  0.010
	  0.003	  0.033	  0.999

3 	  45.25	  -1.78	   1.67
	  0.500	  0.231	  0.835
	 -0.053	  0.970	 -0.238
	 -0.865	  0.075	  0.496

4 	  41.92	   4.78	  -2.06
	  0.825	  0.559	  0.084
	 -0.516	  0.681	  0.519
	  0.234	 -0.472	  0.850

5 	  46.88	   8.49	   6.10
	  0.837	  0.208	  0.506
	 -0.352	 -0.507	  0.787
	  0.421	 -0.836	 -0.352

6 	  53.98	  10.60	  10.20
	  0.847	  0.101	  0.521
	 -0.513	  0.412	  0.753
	 -0.141	 -0.904	  0.403

7 	  39.99	  -7.33	  -1.79
	  0.342	 -0.939	  0.031
	  0.727	  0.242	 -0.643
	  0.597	  0.242	  0.765

8 	  45.81	 -11.14	   6.70
	  0.884	 -0.165	  0.438
	  0.213	 -0.692	 -0.690
	  0.417	  0.702	 -0.577

9 	  53.37	 -13.15	   9.65
	  0.877	 -0.167	  0.451
	  0.479	  0.217	 -0.851
	  0.043	  0.962	  0.271

2 	  32.71	  -7.12	  22.73
	 -0.256	  0.966	 -0.033
	 -0.967	 -0.255	  0.010
	  0.003	  0.033	  0.999

3 	  45.37	  -1.76	   1.74
	  0.482	  0.236	  0.844
	 -0.053	  0.969	 -0.242
	 -0.875	  0.071	  0.479

4 	  42.15	   4.87	  -1.93
	  0.795	  0.581	  0.170
	 -0.579	  0.644	  0.499
	  0.181	 -0.496	  0.849

5 	  45.91	   8.16	   7.31
	  0.733	  0.166	  0.659
	 -0.497	 -0.532	  0.685
	  0.467	 -0.829	 -0.308

6 	  52.19	  10.32	  12.88
