2 	  32.87	  -7.07	  22.73
	  0.658	  0.752	 -0.023
	 -0.754	  0.657	 -0.018
	  0.003	  0.029	  0.999

3 	  46.79	  -2.11	   2.53
	  0.438	  0.119	  0.891
	 -0.029	  0.992	 -0.119
	 -0.899	  0.026	  0.437

4 	  42.31	   4.97	  -1.88
	  0.410	  0.895	  0.177
	 -0.892	  0.353	  0.281
	  0.190	 -0.273	  0.943

5 	  41.71	   7.54	   9.79
	  0.443	  0.226	  0.867
	 -0.367	 -0.839	  0.403
	  0.820	 -0.494	 -0.288

6 	  47.48	  10.20	  17.65
	  0.410	  0.194	  0.891
	 -0.582	  0.808	  0.088
	 -0.708	 -0.551	  0.442

7 	  41.89	  -8.56	  -1.67
	  0.498	 -0.863	  0.081
	  0.821	  0.439	 -0.364
	  0.280	  0.247	  0.927

8 	  42.49	 -11.60	   9.83
	  0.385	 -0.067	  0.920
	  0.589	 -0.750	 -0.300
	  0.712	  0.657	 -0.248

9 	  47.58	 -12.71	  17.86
	  0.333	 -0.011	  0.943
	  0.521	  0.836	 -0.170
	 -0.789	  0.544	  0.283

2 	  32.87	  -7.07	  22.75
	  0.658	  0.752	 -0.023
	 -0.754	  0.657	 -0.018
	  0.003	  0.029	  0.999

3 	  46.78	  -2.09	   2.55
	  0.437	  0.117	  0.892
	 -0.031	  0.993	 -0.116
	 -0.899	  0.023	  0.437

4 	  42.29	   4.97	  -1.88
	  0.413	  0.892	  0.180
	 -0.891	  0.354	  0.285
	  0.191	 -0.277	  0.941

5 	  41.73	   7.68	   9.76
	  0.446	  0.241	  0.862
	 -0.370	 -0.828	  0.420
	  0.817	 -0.504	 -0.280

6 	  47.51	  10.32	  17.67
	  0.407	  0.185	  0.894
	 -0.568	  0.819	  0.085
	 -0.721	 -0.539	  0.437

7 	  41.89	  -8.53	  -1.67
	  0.499	 -0.863	  0.078
	  0.820	  0.441	 -0.364
	  0.280	  0.245	  0.928

8 	  42.50	 -11.62	   9.79
	  0.389	 -0.075	  0.918
	  0.578	 -0.756	 -0.306
	  0.719	  0.648	 -0.250

9 	  47.64	 -12.78	  17.82
	  0.337	 -0.001	  0.941
	  0.541	  0.819	 -0.189
	 -0.774	  0.569	  0.276

2 	  32.87	  -7.07	  22.73
	  0.658	  0.752	 -0.023
	 -0.754	  0.657	 -0.018
	  0.003	  0.029	  0.999

3 	  46.78	  -2.09	   2.57
	  0.436	  0.115	  0.892
	 -0.034	  0.993	 -0.113
	 -0.899	  0.019	  0.437

4 	  42.29	   4.99	  -1.86
	  0.414	  0.892	  0.181
	 -0.891	  0.354	  0.285
	  0.191	 -0.279	  0.941

5 	  41.66	   7.73	   9.77
	  0.435	  0.242	  0.867
	 -0.380	 -0.825	  0.418
	  0.819	 -0.508	 -0.266

6 	  47.37	  10.21	  17.79
	  0.399	  0.175	  0.900
	 -0.571	  0.816	  0.090
	 -0.723	 -0.547	  0.423

7 	  41.91	  -8.51	  -1.69
	  0.503	 -0.861	  0.077
	  0.818	  0.444	 -0.365
	  0.281	  0.246	  0.927

8 	  42.56	 -11.55	   9.81
	  0.388	 -0.065	  0.919
	  0.590	 -0.749	 -0.301
	  0.709	  0.658	 -0.251

9 	  47.62	 -12.59	  17.91
	  0.334	  0.002	  0.942
	  0.525	  0.830	 -0.184
	 -0.786	  0.553	  0.275

2 	  32.87	  -7.05	  22.73
	  0.658	  0.752	 -0.023
	 -0.754	  0.657	 -0.018
	  0.003	  0.029	  0.999

3 	  46.78	  -2.04	   2.58
	  0.436	  0.114	  0.892
	 -0.043	  0.993	 -0.107
	 -0.899	  0.009	  0.438

4 	  42.28	   5.01	  -1.83
	  0.410	  0.893	  0.184
	 -0.892	  0.351	  0.282
	  0.188	 -0.280	  0.941

5 	  41.66	   7.54	   9.88
	  0.437	  0.208	  0.875
	 -0.397	 -0.829	  0.393
	  0.809	 -0.517	 -0.279

6 	  47.41	   9.93	  17.89
	  0.400	  0.162	  0.902
	 -0.570	  0.815	  0.101
	 -0.723	 -0.552	  0.417

7 	  41.89	  -8.51	  -1.69
	  0.500	 -0.863	  0.076
	  0.820	  0.443	 -0.363
	  0.281	  0.243	  0.928

8 	  42.50	 -11.53	   9.81
	  0.381	 -0.063	  0.922
	  0.586	 -0.755	 -0.293
	  0.716	  0.651	 -0.249

9 	  47.60	 -12.59	  17.91
	  0.323	  0.009	  0.946
	  0.495	  0.851	 -0.174
	 -0.810	  0.522	  0.269

2 	  32.87	  -7.07	  22.73
	  0.658	  0.752	 -0.023
	 -0.754	  0.657	 -0.018
	  0.003	  0.029	  0.999

3 	  46.78	  -2.06	   2.58
	  0.437	  0.113	  0.892
	 -0.039	  0.993	 -0.108
	 -0.899	  0.013	  0.438

4 	  42.28	   5.01	  -1.83
	  0.410	  0.893	  0.185
	 -0.893	  0.351	  0.281
	  0.187	 -0.280	  0.941

5 	  41.68	   7.49	   9.88
	  0.438	  0.201	  0.876
	 -0.404	 -0.828	  0.389
	  0.805	 -0.522	 -0.280

6 	  47.37	   9.91	  17.93
	  0.395	  0.159	  0.904
	 -0.576	  0.810	  0.105
	 -0.720	 -0.560	  0.410

7 	  41.89	  -8.51	  -1.69
	  0.500	 -0.862	  0.076
	  0.820	  0.443	 -0.362
	  0.280	  0.243	  0.928

8 	  42.54	 -11.51	   9.81
	  0.372	 -0.057	  0.926
	  0.594	 -0.752	 -0.284
	  0.714	  0.655	 -0.245

9 	  47.50	 -12.59	  18.02
	  0.306	  0.005	  0.952
	  0.520	  0.837	 -0.167
	 -0.802	  0.542	  0.252

2 	  32.87	  -7.07	  22.75
	  0.658	  0.752	 -0.023
	 -0.754	  0.657	 -0.018
	  0.003	  0.029	  0.999

3 	  46.78	  -2.06	   2.58
	  0.438	  0.113	  0.891
	 -0.039	  0.993	 -0.108
	 -0.898	  0.013	  0.439

4 	  42.28	   5.01	  -1.83
	  0.410	  0.893	  0.186
	 -0.893	  0.351	  0.281
	  0.187	 -0.281	  0.941

5 	  41.70	   7.52	   9.86
	  0.438	  0.204	  0.876
	 -0.398	 -0.830	  0.389
	  0.808	 -0.517	 -0.281

6 	  47.36	   9.97	  17.91
	  0.394	  0.162	  0.904
	 -0.579	  0.808	  0.104
	 -0.719	 -0.562	  0.410

7 	  41.91	  -8.49	  -1.67
	  0.501	 -0.862	  0.077
	  0.820	  0.443	 -0.362
	  0.279	  0.244	  0.928

8 	  42.54	 -11.57	   9.76
	  0.370	 -0.068	  0.927
	  0.586	 -0.757	 -0.288
	  0.722	  0.648	 -0.239

9 	  47.51	 -12.83	  17.89
	  0.309	 -0.013	  0.951
	  0.540	  0.826	 -0.160
	 -0.787	  0.559	  0.261

2 	  32.87	  -7.05	  22.73
	  0.658	  0.752	 -0.023
	 -0.754	  0.657	 -0.018
	  0.003	  0.029	  0.999

3 	  46.76	  -2.07	   2.57
	  0.438	  0.114	  0.891
	 -0.038	  0.993	 -0.110
	 -0.899	  0.015	  0.438

4 	  42.28	   5.03	  -1.83
	  0.414	  0.891	  0.187
	 -0.891	  0.353	  0.285
	  0.188	 -0.285	  0.940

5 	  41.80	   7.84	   9.70
	  0.443	  0.267	  0.856
	 -0.353	 -0.827	  0.437
	  0.826	 -0.494	 -0.271

6 	  47.62	  10.72	  17.53
	  0.411	  0.208	  0.887
	 -0.596	  0.798	  0.084
	 -0.695	 -0.561	  0.449

7 	  41.89	  -8.49	  -1.69
	  0.509	 -0.857	  0.077
	  0.813	  0.448	 -0.371
	  0.284	  0.251	  0.925

8 	  42.56	 -11.71	   9.58
	  0.373	 -0.114	  0.921
	  0.544	 -0.777	 -0.315
	  0.753	  0.617	 -0.228

9 	  47.50	 -13.41	  17.67
	  0.318	 -0.055	  0.947
	  0.579	  0.802	 -0.143
	 -0.755	  0.590	  0.285

2 	  32.87	  -7.05	  22.73
	  0.658	  0.752	 -0.023
	 -0.754	  0.657	 -0.018
	  0.003	  0.029	  0.999

3 	  46.74	  -2.06	   2.53
	  0.435	  0.116	  0.892
	 -0.036	  0.993	 -0.112
	 -0.900	  0.017	  0.436

4 	  42.26	   5.03	  -1.85
	  0.419	  0.888	  0.188
	 -0.888	  0.357	  0.289
	  0.191	 -0.288	  0.938

5 	  41.87	   8.19	   9.51
	  0.440	  0.341	  0.830
	 -0.303	 -0.815	  0.494
	  0.846	 -0.468	 -0.256

6 	  47.76	  11.64	  17.05
	  0.424	  0.259	  0.867
	 -0.612	  0.788	  0.059
	 -0.673	 -0.553	  0.492

7 	  41.92	  -8.44	  -1.74
	  0.519	 -0.852	  0.072
	  0.804	  0.457	 -0.380
	  0.292	  0.255	  0.922

8 	  42.43	 -12.11	   9.28
	  0.372	 -0.195	  0.907
	  0.503	 -0.780	 -0.372
	  0.781	  0.594	 -0.191

9 	  47.43	 -14.48	  17.12
	  0.325	 -0.124	  0.937
	  0.600	  0.793	 -0.099
	 -0.736	  0.591	  0.330

2 	  32.87	  -7.05	  22.73
	  0.658	  0.753	 -0.023
	 -0.754	  0.657	 -0.018
	  0.003	  0.029	  0.999

3 	  46.74	  -2.02	   2.53
	  0.429	  0.118	  0.895
	 -0.032	  0.993	 -0.117
	 -0.903	  0.021	  0.429

4 	  42.26	   5.08	  -1.86
	  0.421	  0.888	  0.184
	 -0.886	  0.358	  0.294
	  0.195	 -0.287	  0.938

5 	  41.94	   8.54	   9.39
	  0.448	  0.409	  0.795
	 -0.251	 -0.797	  0.550
	  0.859	 -0.445	 -0.255

6 	  47.88	  12.46	  16.61
	  0.437	  0.305	  0.846
	 -0.631	  0.775	  0.041
	 -0.648	 -0.548	  0.529

7 	  41.87	  -8.38	  -1.81
	  0.526	 -0.849	  0.057
	  0.796	  0.466	 -0.386
	  0.302	  0.248	  0.920

8 	  42.42	 -12.36	   9.04
	  0.381	 -0.250	  0.890
	  0.458	 -0.786	 -0.415
	  0.804	  0.564	 -0.185

9 	  47.48	 -15.24	  16.59
	  0.343	 -0.172	  0.923
	  0.628	  0.773	 -0.085
	 -0.705	  0.605	  0.371

2 	  32.87	  -7.05	  22.73
	  0.658	  0.753	 -0.023
	 -0.754	  0.657	 -0.018
	  0.003	  0.029	  0.999

3 	  46.72	  -2.00	   2.53
	  0.425	  0.121	  0.897
	 -0.032	  0.992	 -0.119
	 -0.905	  0.022	  0.426

4 	  42.24	   5.08	  -1.88
	  0.421	  0.889	  0.178
	 -0.885	  0.359	  0.295
	  0.199	 -0.282	  0.938

5 	  41.99	   8.61	   9.30
	  0.457	  0.431	  0.778
	 -0.234	 -0.786	  0.572
	  0.858	 -0.443	 -0.259

6 	  47.97	  12.71	  16.40
	  0.445	  0.320	  0.836
	 -0.635	  0.771	  0.037
	 -0.638	 -0.545	  0.545

7 	  41.89	  -8.38	  -1.86
	  0.531	 -0.846	  0.048
	  0.790	  0.473	 -0.391
	  0.309	  0.244	  0.919

8 	  42.45	 -12.60	   8.81
	  0.393	 -0.298	  0.870
	  0.415	 -0.787	 -0.455
	  0.822	  0.539	 -0.185

9 	  47.57	 -15.91	  16.08
	  0.362	 -0.215	  0.907
	  0.647	  0.759	 -0.074
	 -0.678	  0.610	  0.410

2 	  32.89	  -7.05	  22.73
	  0.658	  0.752	 -0.023
	 -0.754	  0.657	 -0.018
	  0.003	  0.029	  0.999

3 	  46.71	  -2.00	   2.53
	  0.421	  0.127	  0.898
	 -0.029	  0.991	 -0.128
	 -0.907	  0.028	  0.421

4 	  42.22	   5.04	  -1.95
	  0.425	  0.891	  0.161
	 -0.882	  0.366	  0.297
	  0.206	 -0.268	  0.941

5 	  42.13	   8.93	   9.05
	  0.465	  0.487	  0.739
	 -0.194	 -0.760	  0.620
	  0.864	 -0.431	 -0.260

6 	  48.29	  13.43	  15.66
	  0.472	  0.361	  0.804
	 -0.640	  0.768	  0.027
	 -0.613	 -0.524	  0.591

7 	  41.87	  -8.35	  -1.97
	  0.530	 -0.848	  0.020
	  0.784	  0.479	 -0.394
	  0.326	  0.224	  0.918

8 	  42.54	 -12.96	   8.46
	  0.415	 -0.368	  0.832
	  0.348	 -0.781	 -0.518
	  0.842	  0.503	 -0.196

9 	  47.78	 -16.91	  15.19
	  0.391	 -0.283	  0.876
	  0.675	  0.734	 -0.060
	 -0.632	  0.612	  0.476

2 	  32.87	  -7.05	  22.73
	  0.658	  0.753	 -0.023
	 -0.754	  0.657	 -0.018
	  0.003	  0.029	  0.999

3 	  46.72	  -2.00	   2.53
	  0.419	  0.132	  0.898
	 -0.027	  0.990	 -0.134
	 -0.908	  0.032	  0.418

4 	  42.19	   5.03	  -2.06
	  0.428	  0.893	  0.139
	 -0.878	  0.373	  0.300
	  0.217	 -0.250	  0.943

5 	  42.29	   9.16	   8.81
	  0.472	  0.527	  0.707
	 -0.159	 -0.739	  0.655
	  0.867	 -0.420	 -0.265

6 	  48.52	  13.99	  15.13
	  0.489	  0.393	  0.779
	 -0.649	  0.761	  0.018
	 -0.591	 -0.511	  0.624

7 	  41.84	  -8.33	  -2.06
	  0.528	 -0.849	  0.003
	  0.781	  0.483	 -0.396
	  0.336	  0.211	  0.918

8 	  42.61	 -13.29	   8.14
	  0.433	 -0.418	  0.798
	  0.297	 -0.771	 -0.563
	  0.852	  0.479	 -0.210

9 	  47.97	 -17.58	  14.48
	  0.416	 -0.329	  0.848
	  0.692	  0.719	 -0.055
	 -0.598	  0.606	  0.524

2 	  32.87	  -7.05	  22.73
	  0.658	  0.753	 -0.023
	 -0.754	  0.657	 -0.018
	  0.003	  0.029	  0.999

3 	  46.69	  -1.99	   2.53
	  0.417	  0.137	  0.898
	 -0.026	  0.990	 -0.140
	 -0.909	  0.035	  0.416

4 	  42.15	   4.97	  -2.13
	  0.429	  0.895	  0.123
	 -0.875	  0.377	  0.303
	  0.225	 -0.238	  0.945

5 	  42.38	   9.26	   8.67
	  0.479	  0.545	  0.688
	 -0.141	 -0.727	  0.672
	  0.867	 -0.418	 -0.271

6 	  48.71	  14.26	  14.75
	  0.501	  0.410	  0.762
	 -0.652	  0.758	  0.017
	 -0.575	 -0.503	  0.645

7 	  41.80	  -8.31	  -2.13
	  0.525	 -0.851	 -0.011
	  0.780	  0.485	 -0.396
	  0.344	  0.198	  0.918

8 	  42.63	 -13.45	   7.96
	  0.441	 -0.448	  0.777
	  0.264	 -0.765	 -0.588
	  0.858	  0.463	 -0.219

9 	  48.02	 -18.00	  14.04
	  0.427	 -0.356	  0.831
	  0.703	  0.708	 -0.052
	 -0.576	  0.604	  0.551

2 	  32.87	  -7.07	  22.73
	  0.658	  0.752	 -0.023
	 -0.754	  0.657	 -0.018
	  0.003	  0.029	  0.999

3 	  46.71	  -2.00	   2.51
	  0.416	  0.139	  0.898
	 -0.022	  0.989	 -0.143
	 -0.909	  0.040	  0.415

4 	  42.13	   4.96	  -2.16
	  0.431	  0.895	  0.115
	 -0.874	  0.380	  0.303
	  0.228	 -0.231	  0.946

5 	  42.47	   9.32	   8.60
	  0.486	  0.553	  0.676
	 -0.131	 -0.720	  0.681
	  0.864	 -0.419	 -0.278

6 	  48.85	  14.38	  14.50
	  0.515	  0.416	  0.749
	 -0.651	  0.759	  0.022
	 -0.565	 -0.496	  0.659

7 	  41.78	  -8.30	  -2.16
	  0.523	 -0.852	 -0.019
	  0.779	  0.486	 -0.395
	  0.348	  0.191	  0.918

8 	  42.68	 -13.54	   7.80
	  0.450	 -0.473	  0.757
	  0.233	 -0.757	 -0.610
	  0.862	  0.450	 -0.231

9 	  48.08	 -18.28	  13.66
	  0.440	 -0.380	  0.813
	  0.710	  0.702	 -0.051
	 -0.558	  0.598	  0.575

2 	  32.87	  -7.05	  22.75
	  0.658	  0.752	 -0.023
	 -0.754	  0.657	 -0.018
	  0.003	  0.029	  0.999

3 	  46.69	  -2.00	   2.51
	  0.416	  0.140	  0.898
	 -0.021	  0.989	 -0.145
	 -0.909	  0.042	  0.415

4 	  42.12	   4.92	  -2.29
	  0.430	  0.898	  0.095
	 -0.872	  0.385	  0.303
	  0.236	 -0.213	  0.948

5 	  42.52	   9.56	   8.33
	  0.489	  0.585	  0.647
	 -0.102	 -0.699	  0.708
	  0.866	 -0.412	 -0.282

6 	  49.03	  14.78	  13.92
	  0.531	  0.439	  0.724
	 -0.654	  0.756	  0.017
	 -0.546	 -0.480	  0.687

7 	  41.77	  -8.26	  -2.21
	  0.522	 -0.852	 -0.031
	  0.777	  0.489	 -0.396
	  0.354	  0.182	  0.917

8 	  42.75	 -13.73	   7.56
	  0.463	 -0.505	  0.728
	  0.199	 -0.742	 -0.640
	  0.864	  0.440	 -0.244

9 	  48.25	 -18.77	  12.97
	  0.458	 -0.414	  0.787
	  0.718	  0.694	 -0.048
	 -0.533	  0.584	  0.612

2 	  32.87	  -7.05	  22.73
	  0.658	  0.752	 -0.023
	 -0.754	  0.657	 -0.018
	  0.003	  0.029	  0.999

3 	  46.69	  -1.99	   2.48
	  0.418	  0.144	  0.897
	 -0.020	  0.988	 -0.150
	 -0.908	  0.044	  0.415

4 	  41.99	   4.82	  -2.43
	  0.430	  0.900	  0.066
	 -0.868	  0.391	  0.305
	  0.250	 -0.188	  0.950

5 	  42.61	   9.76	   8.02
	  0.495	  0.613	  0.615
	 -0.075	 -0.676	  0.733
	  0.866	 -0.408	 -0.289

6 	  49.20	  15.21	  13.22
	  0.549	  0.464	  0.694
	 -0.659	  0.752	  0.013
	 -0.521	 -0.462	  0.717

7 	  41.68	  -8.23	  -2.34
	  0.519	 -0.853	 -0.053
	  0.771	  0.494	 -0.401
	  0.369	  0.166	  0.914

8 	  42.89	 -14.04	   7.15
	  0.486	 -0.550	  0.678
	  0.147	 -0.715	 -0.683
	  0.862	  0.431	 -0.267

9 	  48.55	 -19.37	  11.99
	  0.489	 -0.455	  0.744
	  0.724	  0.688	 -0.051
	 -0.496	  0.561	  0.663

2 	  32.87	  -7.05	  22.73
	  0.658	  0.752	 -0.023
	 -0.754	  0.657	 -0.018
	  0.003	  0.029	  0.999

3 	  46.69	  -1.97	   2.41
	  0.420	  0.150	  0.895
	 -0.015	  0.987	 -0.158
	 -0.908	  0.053	  0.417

4 	  41.94	   4.75	  -2.57
	  0.431	  0.901	  0.038
	 -0.863	  0.398	  0.310
	  0.265	 -0.166	  0.950

5 	  42.75	   9.91	   7.70
	  0.504	  0.632	  0.588
	 -0.053	 -0.658	  0.751
	  0.862	 -0.409	 -0.298

6 	  49.45	  15.52	  12.55
	  0.566	  0.482	  0.668
	 -0.657	  0.753	  0.009
	 -0.505	 -0.442	  0.742

7 	  41.62	  -8.16	  -2.46
	  0.517	 -0.853	 -0.076
	  0.767	  0.500	 -0.401
	  0.381	  0.148	  0.912

8 	  43.03	 -14.20	   6.79
	  0.507	 -0.582	  0.636
	  0.106	 -0.691	 -0.715
	  0.856	  0.429	 -0.289

9 	  48.76	 -19.83	  11.11
	  0.515	 -0.488	  0.705
	  0.729	  0.682	 -0.055
	 -0.460	  0.540	  0.705

2 	  32.87	  -7.07	  22.73
	  0.658	  0.752	 -0.023
	 -0.754	  0.657	 -0.018
	  0.003	  0.029	  0.999

3 	  46.71	  -1.97	   2.34
	  0.423	  0.149	  0.894
	 -0.011	  0.987	 -0.160
	 -0.906	  0.058	  0.419

4 	  41.89	   4.73	  -2.69
	  0.430	  0.903	  0.017
	 -0.860	  0.403	  0.313
	  0.277	 -0.150	  0.949

5 	  42.91	  10.11	   7.40
	  0.515	  0.651	  0.557
	 -0.030	 -0.636	  0.771
	  0.857	 -0.413	 -0.308

6 	  49.69	  15.86	  11.92
	  0.586	  0.499	  0.638
	 -0.654	  0.756	  0.006
	 -0.484	 -0.419	  0.768

7 	  41.57	  -8.09	  -2.57
	  0.515	 -0.852	 -0.094
	  0.764	  0.505	 -0.400
	  0.390	  0.133	  0.911

8 	  43.17	 -14.40	   6.36
	  0.523	 -0.619	  0.586
	  0.056	 -0.662	 -0.747
	  0.850	  0.423	 -0.312

9 	  48.97	 -20.27	  10.09
	  0.538	 -0.528	  0.656
	  0.738	  0.672	 -0.059
	 -0.417	  0.514	  0.750

2 	  32.87	  -7.07	  22.75
	  0.658	  0.752	 -0.023
	 -0.754	  0.657	 -0.018
	  0.003	  0.029	  0.999

3 	  46.71	  -1.93	   2.29
	  0.423	  0.152	  0.893
	 -0.008	  0.986	 -0.165
	 -0.906	  0.062	  0.418

4 	  41.80	   4.61	  -2.87
	  0.429	  0.903	 -0.015
	 -0.855	  0.411	  0.315
	  0.292	 -0.122	  0.948

5 	  43.01	  10.30	   7.00
	  0.520	  0.677	  0.520
	 -0.003	 -0.608	  0.794
	  0.854	 -0.414	 -0.314

6 	  49.85	  16.22	  11.09
	  0.599	  0.523	  0.605
	 -0.658	  0.753	 -0.003
	 -0.463	 -0.394	  0.794

7 	  41.54	  -8.02	  -2.65
	  0.511	 -0.852	 -0.117
	  0.761	  0.510	 -0.400
	  0.402	  0.115	  0.908

8 	  43.29	 -14.85	   5.66
	  0.540	 -0.671	  0.508
	 -0.012	 -0.610	 -0.792
	  0.841	  0.421	 -0.338

9 	  49.10	 -21.02	   8.53
	  0.560	 -0.586	  0.586
	  0.750	  0.659	 -0.053
	 -0.362	  0.466	  0.807

2 	  32.89	  -7.05	  22.73
	  0.658	  0.752	 -0.023
	 -0.754	  0.657	 -0.018
	  0.003	  0.029	  0.999

3 	  46.67	  -1.97	   2.25
	  0.422	  0.158	  0.892
	 -0.001	  0.984	 -0.175
	 -0.907	  0.073	  0.416

4 	  41.64	   4.41	  -3.08
	  0.425	  0.904	 -0.053
	 -0.851	  0.418	  0.317
	  0.309	 -0.089	  0.947

5 	  43.07	  10.42	   6.54
	  0.530	  0.698	  0.480
	  0.025	 -0.579	  0.814
	  0.847	 -0.420	 -0.325

6 	  50.04	  16.51	  10.14
	  0.621	  0.545	  0.563
	 -0.658	  0.753	 -0.009
	 -0.434	 -0.363	  0.824

7 	  41.34	  -8.00	  -2.81
	  0.500	 -0.853	 -0.151
	  0.758	  0.514	 -0.401
	  0.421	  0.085	  0.903

8 	  43.37	 -15.35	   4.85
	  0.557	 -0.728	  0.399
	 -0.110	 -0.541	 -0.834
	  0.823	  0.421	 -0.381

9 	  49.11	 -21.94	   6.42
	  0.592	 -0.650	  0.476
	  0.761	  0.645	 -0.066
	 -0.268	  0.400	  0.876

2 	  32.89	  -7.05	  22.73
	  0.658	  0.752	 -0.023
	 -0.754	  0.657	 -0.018
	  0.003	  0.029	  0.999

3 	  46.60	  -2.02	   2.21
	  0.424	  0.159	  0.891
	  0.009	  0.983	 -0.181
	 -0.906	  0.085	  0.415

4 	  41.52	   4.25	  -3.18
	  0.428	  0.900	 -0.078
	 -0.845	  0.428	  0.320
	  0.323	 -0.070	  0.944

5 	  43.17	  10.53	   6.22
	  0.541	  0.711	  0.448
	  0.047	 -0.558	  0.828
	  0.839	 -0.428	 -0.335

6 	  50.22	  16.70	   9.40
	  0.638	  0.559	  0.530
	 -0.655	  0.755	 -0.014
	 -0.413	 -0.336	  0.846

7 	  41.17	  -7.95	  -2.87
	  0.490	 -0.854	 -0.177
	  0.758	  0.516	 -0.397
	  0.432	  0.059	  0.899

8 	  43.42	 -15.70	   3.99
	  0.571	 -0.764	  0.302
	 -0.167	 -0.468	 -0.868
	  0.804	  0.445	 -0.394

9 	  49.22	 -22.36	   4.50
	  0.619	 -0.688	  0.379
	  0.758	  0.650	 -0.057
	 -0.210	  0.322	  0.923

2 	  32.87	  -7.05	  22.73
	  0.658	  0.752	 -0.023
	 -0.754	  0.657	 -0.018
	  0.003	  0.029	  0.999

3 	  46.56	  -2.06	   2.18
	  0.425	  0.160	  0.891
	  0.014	  0.983	 -0.183
	 -0.905	  0.090	  0.415

4 	  41.40	   4.17	  -3.27
	  0.426	  0.899	 -0.102
	 -0.841	  0.434	  0.323
	  0.336	 -0.051	  0.940

5 	  43.24	  10.62	   5.91
	  0.549	  0.722	  0.420
	  0.065	 -0.538	  0.840
	  0.833	 -0.434	 -0.343

6 	  50.40	  16.79	   8.72
	  0.654	  0.569	  0.498
	 -0.651	  0.759	 -0.016
	 -0.392	 -0.312	  0.865

7 	  40.99	  -7.88	  -2.95
	  0.483	 -0.851	 -0.206
	  0.757	  0.522	 -0.392
	  0.443	  0.033	  0.896

8 	  43.58	 -15.87	   3.29
	  0.589	 -0.777	  0.223
	 -0.212	 -0.414	 -0.885
	  0.780	  0.474	 -0.408

9 	  49.41	 -22.50	   2.94
	  0.641	 -0.708	  0.296
	  0.753	  0.656	 -0.056
	 -0.158	  0.258	  0.953

2 	  32.87	  -7.05	  22.75
	  0.658	  0.752	 -0.023
	 -0.754	  0.657	 -0.018
	  0.003	  0.029	  0.999

3 	  46.51	  -2.09	   2.13
	  0.429	  0.161	  0.889
	  0.019	  0.982	 -0.188
	 -0.903	  0.097	  0.418

4 	  41.31	   4.08	  -3.34
	  0.426	  0.896	 -0.121
	 -0.837	  0.440	  0.324
	  0.345	 -0.036	  0.938

5 	  43.31	  10.67	   5.71
	  0.560	  0.727	  0.397
	  0.079	 -0.524	  0.848
	  0.825	 -0.443	 -0.351

6 	  50.52	  16.88	   8.23
	  0.667	  0.575	  0.473
	 -0.647	  0.762	 -0.017
	 -0.375	 -0.292	  0.880

7 	  40.83	  -7.80	  -2.99
	  0.472	 -0.850	 -0.235
	  0.756	  0.526	 -0.390
	  0.457	  0.006	  0.889

8 	  43.66	 -16.01	   2.58
	  0.600	 -0.786	  0.147
	 -0.261	 -0.366	 -0.893
	  0.756	  0.498	 -0.424

9 	  49.46	 -22.57	   1.37
	  0.656	 -0.724	  0.213
	  0.748	  0.660	 -0.059
	 -0.100	  0.198	  0.975

2 	  32.87	  -7.05	  22.73
	  0.658	  0.752	 -0.023
	 -0.754	  0.657	 -0.018
	  0.003	  0.029	  0.999

3 	  46.48	  -2.09	   2.09
	  0.433	  0.158	  0.887
	  0.024	  0.982	 -0.188
	 -0.901	  0.102	  0.421

4 	  41.22	   4.04	  -3.38
	  0.428	  0.894	 -0.131
	 -0.832	  0.446	  0.330
	  0.354	 -0.032	  0.934

5 	  43.40	  10.71	   5.57
	  0.569	  0.728	  0.381
	  0.090	 -0.516	  0.851
	  0.817	 -0.450	 -0.359

6 	  50.66	  16.95	   7.88
	  0.679	  0.576	  0.455
	 -0.642	  0.766	 -0.015
	 -0.361	 -0.280	  0.889

7 	  40.73	  -7.72	  -3.04
	  0.474	 -0.838	 -0.270
	  0.744	  0.544	 -0.387
	  0.473	 -0.018	  0.881

8 	  43.65	 -16.15	   1.86
	  0.596	 -0.799	  0.083
	 -0.295	 -0.314	 -0.902
	  0.747	  0.513	 -0.422

9 	  49.27	 -22.76	  -0.16
	  0.653	 -0.746	  0.132
	  0.756	  0.651	 -0.060
	 -0.042	  0.139	  0.989

2 	  32.87	  -7.05	  22.73
	  0.658	  0.752	 -0.023
	 -0.754	  0.657	 -0.018
	  0.003	  0.029	  0.999

3 	  46.46	  -2.11	   2.06
	  0.435	  0.156	  0.887
	  0.027	  0.982	 -0.186
	 -0.900	  0.105	  0.422

4 	  41.20	   4.03	  -3.39
	  0.429	  0.893	 -0.137
	 -0.830	  0.448	  0.331
	  0.358	 -0.028	  0.933

5 	  43.42	  10.74	   5.45
	  0.569	  0.733	  0.373
	  0.096	 -0.509	  0.855
	  0.816	 -0.451	 -0.360

6 	  50.71	  17.00	   7.52
	  0.680	  0.584	  0.442
	 -0.627	  0.776	 -0.064
	 -0.385	 -0.231	  0.893

7 	  40.68	  -7.68	  -3.09
	  0.468	 -0.833	 -0.294
	  0.742	  0.550	 -0.383
	  0.482	 -0.039	  0.875

8 	  43.56	 -16.21	   1.28
	  0.590	 -0.805	  0.065
	 -0.276	 -0.275	 -0.921
	  0.759	  0.525	 -0.383

9 	  49.25	 -22.76	  -0.81
	  0.629	 -0.768	  0.122
	  0.767	  0.638	  0.058
	 -0.125	  0.057	  0.990

2 	  32.87	  -7.05	  22.73
	  0.658	  0.753	 -0.023
	 -0.754	  0.657	 -0.018
	  0.003	  0.029	  0.999

3 	  46.44	  -2.13	   2.02
	  0.435	  0.155	  0.886
	  0.027	  0.982	 -0.186
	 -0.900	  0.105	  0.423

4 	  41.17	   3.99	  -3.43
	  0.427	  0.892	 -0.145
	 -0.829	  0.450	  0.333
	  0.364	 -0.021	  0.931

5 	  43.38	  10.81	   5.31
	  0.566	  0.739	  0.364
	  0.099	 -0.500	  0.860
	  0.818	 -0.451	 -0.356

6 	  50.68	  17.10	   7.45
	  0.676	  0.590	  0.441
	 -0.630	  0.773	 -0.073
	 -0.388	 -0.226	  0.893

7 	  40.66	  -7.70	  -3.13
	  0.468	 -0.833	 -0.297
	  0.741	  0.551	 -0.382
	  0.483	 -0.042	  0.874

8 	  43.56	 -16.29	   0.90
	  0.591	 -0.803	  0.075
	 -0.216	 -0.246	 -0.945
	  0.777	  0.542	 -0.318

9 	  49.78	 -22.45	  -0.98
	  0.627	 -0.762	  0.158
	  0.692	  0.639	  0.334
	 -0.359	 -0.102	  0.928

2 	  32.87	  -7.05	  22.73
	  0.658	  0.752	 -0.023
	 -0.754	  0.657	 -0.018
	  0.003	  0.029	  0.999

3 	  46.46	  -2.14	   1.97
	  0.437	  0.158	  0.885
	  0.026	  0.982	 -0.188
	 -0.899	  0.105	  0.425

4 	  41.19	   3.94	  -3.46
	  0.427	  0.891	 -0.152
	 -0.828	  0.452	  0.333
	  0.367	 -0.016	  0.930

5 	  43.40	  10.86	   5.15
	  0.563	  0.746	  0.355
	  0.098	 -0.487	  0.867
	  0.820	 -0.454	 -0.348

6 	  50.75	  17.10	   7.19
	  0.676	  0.594	  0.435
	 -0.614	  0.781	 -0.115
	 -0.411	 -0.187	  0.892

7 	  40.75	  -7.72	  -3.13
	  0.473	 -0.827	 -0.303
	  0.739	  0.559	 -0.374
	  0.481	 -0.048	  0.875

8 	  43.66	 -16.33	   0.65
	  0.592	 -0.800	  0.096
	 -0.131	 -0.213	 -0.968
	  0.795	  0.561	 -0.230

9 	  50.04	 -22.29	  -0.86
	  0.619	 -0.765	  0.176
	  0.632	  0.618	  0.466
	 -0.469	 -0.179	  0.865

2 	  32.87	  -7.05	  22.73
	  0.658	  0.752	 -0.023
	 -0.754	  0.657	 -0.018
	  0.003	  0.029	  0.999

3 	  46.51	  -2.14	   1.97
	  0.436	  0.163	  0.885
	  0.023	  0.981	 -0.192
	 -0.900	  0.104	  0.423

4 	  41.20	   3.92	  -3.50
	  0.425	  0.891	 -0.157
	 -0.828	  0.452	  0.331
	  0.367	 -0.011	  0.930

5 	  43.40	  10.88	   5.12
	  0.561	  0.748	  0.354
	  0.099	 -0.485	  0.869
	  0.822	 -0.452	 -0.346

6 	  50.73	  17.14	   7.19
	  0.676	  0.594	  0.435
	 -0.615	  0.780	 -0.113
	 -0.410	 -0.189	  0.892

7 	  40.73	  -7.72	  -3.15
	  0.473	 -0.825	 -0.309
	  0.739	  0.562	 -0.372
	  0.482	 -0.053	  0.874

8 	  43.89	 -16.28	   0.51
	  0.606	 -0.794	  0.044
	 -0.229	 -0.227	 -0.946
	  0.762	  0.563	 -0.319

9 	  50.04	 -22.31	  -1.83
	  0.634	 -0.765	  0.110
	  0.715	  0.635	  0.290
	 -0.295	 -0.106	  0.949

2 	  32.87	  -7.07	  22.75
	  0.658	  0.752	 -0.023
	 -0.754	  0.657	 -0.018
	  0.003	  0.029	  0.999

3 	  46.51	  -2.14	   1.97
	  0.435	  0.163	  0.885
	  0.023	  0.981	 -0.192
	 -0.900	  0.104	  0.423

4 	  41.20	   3.90	  -3.50
	  0.424	  0.891	 -0.158
	 -0.828	  0.452	  0.332
	  0.369	 -0.009	  0.929

5 	  43.42	  10.88	   5.08
	  0.560	  0.750	  0.352
	  0.101	 -0.483	  0.869
	  0.822	 -0.452	 -0.346

6 	  50.70	  17.21	   7.10
	  0.674	  0.599	  0.432
	 -0.623	  0.775	 -0.105
	 -0.402	 -0.196	  0.894

7 	  40.75	  -7.68	  -3.18
	  0.469	 -0.823	 -0.322
	  0.734	  0.565	 -0.376
	  0.493	 -0.061	  0.868

8 	  44.17	 -16.12	   0.44
	  0.608	 -0.793	 -0.038
	 -0.393	 -0.258	 -0.883
	  0.691	  0.551	 -0.467

9 	  49.08	 -22.80	  -2.87
	  0.612	 -0.790	 -0.023
	  0.772	  0.603	 -0.201
	  0.175	  0.106	  0.979

2 	  32.87	  -7.05	  22.73
	  0.658	  0.752	 -0.023
	 -0.754	  0.657	 -0.018
	  0.003	  0.029	  0.999

3 	  46.53	  -2.14	   1.93
	  0.435	  0.160	  0.886
	  0.025	  0.981	 -0.190
	 -0.900	  0.105	  0.423

4 	  41.17	   3.87	  -3.53
	  0.423	  0.891	 -0.164
	 -0.827	  0.453	  0.334
	  0.373	 -0.005	  0.928

5 	  43.40	  10.88	   5.03
	  0.559	  0.752	  0.348
	  0.105	 -0.481	  0.870
	  0.822	 -0.450	 -0.348

6 	  50.68	  17.23	   7.05
	  0.673	  0.602	  0.430
	 -0.627	  0.772	 -0.103
	 -0.398	 -0.198	  0.896

7 	  40.66	  -7.68	  -3.18
	  0.454	 -0.822	 -0.343
	  0.730	  0.563	 -0.387
	  0.513	 -0.075	  0.855

8 	  44.33	 -16.01	   0.28
	  0.601	 -0.791	 -0.111
	 -0.515	 -0.276	 -0.811
	  0.613	  0.545	 -0.572

9 	  48.15	 -23.01	  -3.87
	  0.573	 -0.804	 -0.160
	  0.553	  0.520	 -0.651
	  0.610	  0.285	  0.739

2 	  32.87	  -7.05	  22.73
	  0.658	  0.752	 -0.023
	 -0.754	  0.657	 -0.018
	  0.003	  0.029	  0.999

3 	  46.49	  -2.18	   1.88
	  0.440	  0.151	  0.885
	  0.031	  0.982	 -0.183
	 -0.898	  0.108	  0.427

4 	  41.13	   3.87	  -3.53
	  0.424	  0.890	 -0.165
	 -0.825	  0.454	  0.336
	  0.375	 -0.006	  0.927

5 	  43.38	  10.86	   5.04
	  0.561	  0.751	  0.348
	  0.108	 -0.484	  0.868
	  0.821	 -0.450	 -0.352

6 	  50.70	  17.21	   7.01
	  0.675	  0.600	  0.428
	 -0.627	  0.773	 -0.099
	 -0.394	 -0.199	  0.897

7 	  40.59	  -7.61	  -3.23
	  0.448	 -0.813	 -0.372
	  0.722	  0.573	 -0.388
	  0.530	 -0.095	  0.843

8 	  44.35	 -15.98	   0.00
	  0.597	 -0.790	 -0.142
	 -0.540	 -0.263	 -0.799
	  0.595	  0.553	 -0.582

9 	  47.88	 -23.03	  -4.55
	  0.550	 -0.807	 -0.217
	  0.449	  0.501	 -0.740
	  0.708	  0.309	  0.634

2 	  32.87	  -7.05	  22.73
	  0.658	  0.753	 -0.023
	 -0.754	  0.657	 -0.018
	  0.003	  0.029	  0.999

3 	  46.49	  -2.16	   1.86
	  0.442	  0.147	  0.884
	  0.033	  0.983	 -0.181
	 -0.896	  0.109	  0.429

4 	  41.12	   3.88	  -3.52
	  0.423	  0.891	 -0.168
	 -0.824	  0.454	  0.338
	  0.378	 -0.004	  0.926

5 	  43.37	  10.88	   5.03
	  0.561	  0.752	  0.346
	  0.112	 -0.482	  0.869
	  0.820	 -0.449	 -0.354

6 	  50.68	  17.23	   7.00
	  0.676	  0.600	  0.426
	 -0.627	  0.773	 -0.097
	 -0.392	 -0.200	  0.898

7 	  40.54	  -7.54	  -3.25
	  0.443	 -0.804	 -0.397
	  0.711	  0.583	 -0.391
	  0.547	 -0.110	  0.829

8 	  44.44	 -15.94	  -0.33
	  0.594	 -0.784	 -0.180
	 -0.572	 -0.253	 -0.780
	  0.567	  0.566	 -0.598

9 	  47.64	 -22.99	  -5.08
	  0.523	 -0.809	 -0.270
	  0.300	  0.469	 -0.831
	  0.800	  0.354	  0.485

2 	  32.87	  -7.07	  22.73
	  0.658	  0.752	 -0.023
	 -0.754	  0.657	 -0.018
	  0.003	  0.029	  0.999

3 	  46.46	  -2.18	   1.81
	  0.446	  0.144	  0.883
	  0.034	  0.983	 -0.178
	 -0.894	  0.109	  0.433

4 	  41.06	   3.87	  -3.53
	  0.422	  0.890	 -0.173
	 -0.822	  0.455	  0.341
	  0.384	 -0.002	  0.923

5 	  43.35	  10.88	   4.96
	  0.561	  0.754	  0.341
	  0.115	 -0.479	  0.870
	  0.819	 -0.450	 -0.355

6 	  50.66	  17.23	   6.91
	  0.677	  0.603	  0.422
	 -0.629	  0.771	 -0.097
	 -0.389	 -0.198	  0.900

7 	  40.43	  -7.54	  -3.29
	  0.432	 -0.795	 -0.426
	  0.702	  0.592	 -0.395
	  0.567	 -0.129	  0.813

8 	  44.56	 -15.89	  -0.70
	  0.591	 -0.775	 -0.225
	 -0.603	 -0.237	 -0.762
	  0.538	  0.585	 -0.606

9 	  47.41	 -22.97	  -5.82
	  0.484	 -0.809	 -0.334
	  0.101	  0.431	 -0.896
	  0.869	  0.400	  0.290

2 	  32.87	  -7.07	  22.73
	  0.658	  0.752	 -0.023
	 -0.754	  0.657	 -0.018
	  0.003	  0.029	  0.999

3 	  46.46	  -2.21	   1.79
	  0.446	  0.143	  0.883
	  0.035	  0.983	 -0.177
	 -0.894	  0.110	  0.433

4 	  41.03	   3.76	  -3.59
	  0.423	  0.888	 -0.182
	 -0.819	  0.460	  0.342
	  0.388	  0.005	  0.921

5 	  43.37	  10.85	   4.82
	  0.564	  0.757	  0.330
	  0.118	 -0.469	  0.875
	  0.817	 -0.454	 -0.354

6 	  50.70	  17.21	   6.68
	  0.682	  0.604	  0.413
	 -0.626	  0.773	 -0.101
	 -0.384	 -0.187	  0.904

7 	  40.31	  -7.49	  -3.30
	  0.419	 -0.777	 -0.469
	  0.691	  0.607	 -0.391
	  0.591	 -0.161	  0.791

8 	  44.65	 -15.80	  -1.41
	  0.591	 -0.754	 -0.286
	 -0.635	 -0.216	 -0.741
	  0.500	  0.619	 -0.606

9 	  47.32	 -22.64	  -7.07
	  0.458	 -0.787	 -0.412
	 -0.057	  0.438	 -0.897
	  0.887	  0.433	  0.157

2 	  32.87	  -7.07	  22.73
	  0.658	  0.752	 -0.023
	 -0.754	  0.657	 -0.018
	  0.003	  0.029	  0.999

3 	  46.42	  -2.25	   1.78
	  0.448	  0.139	  0.883
	  0.036	  0.984	 -0.173
	 -0.893	  0.110	  0.436

4 	  40.99	   3.71	  -3.60
	  0.424	  0.886	 -0.189
	 -0.816	  0.463	  0.344
	  0.394	  0.009	  0.919

5 	  43.38	  10.83	   4.75
	  0.568	  0.756	  0.324
	  0.121	 -0.466	  0.876
	  0.814	 -0.459	 -0.356

6 	  50.71	  17.16	   6.56
	  0.686	  0.602	  0.407
	 -0.623	  0.776	 -0.102
	 -0.381	 -0.182	  0.906

7 	  40.13	  -7.37	  -3.41
	  0.399	 -0.754	 -0.522
	  0.677	  0.625	 -0.387
	  0.620	 -0.200	  0.759

8 	  44.74	 -15.57	  -2.07
	  0.588	 -0.734	 -0.341
	 -0.671	 -0.204	 -0.713
	  0.455	  0.647	 -0.611

9 	  47.14	 -22.25	  -8.17
	  0.427	 -0.773	 -0.470
	 -0.194	  0.433	 -0.880
	  0.885	  0.464	  0.037

2 	  32.87	  -7.05	  22.73
	  0.658	  0.753	 -0.023
	 -0.754	  0.657	 -0.018
	  0.003	  0.029	  0.999

3 	  46.39	  -2.27	   1.72
	  0.453	  0.126	  0.882
	  0.038	  0.986	 -0.161
	 -0.891	  0.106	  0.442

4 	  40.92	   3.67	  -3.62
	  0.424	  0.885	 -0.193
	 -0.814	  0.464	  0.349
	  0.400	  0.010	  0.916

5 	  43.37	  10.81	   4.71
	  0.570	  0.756	  0.321
	  0.123	 -0.465	  0.877
	  0.812	 -0.460	 -0.358

6 	  50.73	  17.14	   6.45
	  0.689	  0.602	  0.403
	 -0.622	  0.776	 -0.101
	 -0.378	 -0.179	  0.908

7 	  40.03	  -7.17	  -3.52
	  0.381	 -0.728	 -0.571
	  0.665	  0.643	 -0.379
	  0.644	 -0.235	  0.727

8 	  44.72	 -15.33	  -2.90
	  0.581	 -0.708	 -0.401
	 -0.698	 -0.178	 -0.694
	  0.422	  0.682	 -0.596

9 	  47.04	 -21.71	  -9.35
	  0.408	 -0.743	 -0.530
	 -0.268	  0.460	 -0.846
	  0.875	  0.484	 -0.009

2 	  32.87	  -7.05	  22.73
	  0.658	  0.752	 -0.023
	 -0.754	  0.657	 -0.018
	  0.003	  0.029	  0.999

3 	  46.39	  -2.27	   1.67
	  0.459	  0.118	  0.880
	  0.036	  0.988	 -0.152
	 -0.888	  0.101	  0.449

4 	  40.87	   3.66	  -3.64
	  0.424	  0.884	 -0.198
	 -0.811	  0.467	  0.353
	  0.405	  0.011	  0.914

5 	  43.37	  10.81	   4.64
	  0.572	  0.757	  0.316
	  0.127	 -0.462	  0.878
	  0.810	 -0.462	 -0.360

6 	  50.75	  17.10	   6.35
	  0.693	  0.600	  0.398
	 -0.620	  0.778	 -0.099
	 -0.374	 -0.176	  0.911

7 	  39.92	  -7.08	  -3.55
	  0.364	 -0.708	 -0.605
	  0.663	  0.652	 -0.367
	  0.655	 -0.268	  0.706

8 	  44.68	 -15.12	  -3.62
	  0.574	 -0.681	 -0.454
	 -0.717	 -0.150	 -0.680
	  0.397	  0.716	 -0.574

9 	  46.83	 -21.11	 -10.63
	  0.387	 -0.705	 -0.595
	 -0.330	  0.500	 -0.800
	  0.864	  0.502	 -0.037

2 	  32.87	  -7.05	  22.73
	  0.658	  0.753	 -0.023
	 -0.754	  0.657	 -0.018
	  0.003	  0.029	  0.999

3 	  46.35	  -2.30	   1.65
	  0.471	  0.112	  0.875
	  0.034	  0.989	 -0.146
	 -0.881	  0.098	  0.462

4 	  40.80	   3.57	  -3.67
	  0.424	  0.882	 -0.208
	 -0.807	  0.471	  0.356
	  0.413	  0.017	  0.910

5 	  43.35	  10.79	   4.54
	  0.574	  0.760	  0.306
	  0.132	 -0.454	  0.881
	  0.808	 -0.465	 -0.360

6 	  50.75	  17.10	   6.10
	  0.697	  0.603	  0.387
	 -0.620	  0.778	 -0.101
	 -0.366	 -0.168	  0.915

7 	  39.80	  -7.01	  -3.62
	  0.347	 -0.687	 -0.638
	  0.659	  0.662	 -0.357
	  0.668	 -0.297	  0.681

8 	  44.60	 -14.89	  -4.29
	  0.569	 -0.651	 -0.503
	 -0.735	 -0.126	 -0.666
	  0.371	  0.748	 -0.550

9 	  46.63	 -20.44	 -11.78
	  0.372	 -0.661	 -0.652
	 -0.368	  0.543	 -0.754
	  0.855	  0.517	 -0.040

2 	  32.87	  -7.05	  22.73
	  0.658	  0.753	 -0.023
	 -0.754	  0.657	 -0.018
	  0.003	  0.029	  0.999

3 	  46.32	  -2.30	   1.58
	  0.483	  0.111	  0.868
	  0.031	  0.989	 -0.144
	 -0.875	  0.096	  0.474

4 	  40.76	   3.52	  -3.71
	  0.423	  0.880	 -0.217
	 -0.803	  0.474	  0.360
	  0.421	  0.022	  0.906

5 	  43.38	  10.81	   4.34
	  0.579	  0.762	  0.290
	  0.141	 -0.443	  0.885
	  0.803	 -0.472	 -0.364

6 	  50.84	  17.07	   5.68
	  0.708	  0.602	  0.368
	 -0.614	  0.782	 -0.103
	 -0.354	 -0.151	  0.923

7 	  39.71	  -6.91	  -3.64
	  0.334	 -0.666	 -0.667
	  0.651	  0.674	 -0.349
	  0.683	 -0.318	  0.657

8 	  44.54	 -14.64	  -4.83
	  0.561	 -0.627	 -0.541
	 -0.753	 -0.113	 -0.649
	  0.347	  0.770	 -0.535

9 	  46.46	 -19.90	 -12.67
	  0.352	 -0.628	 -0.694
	 -0.408	  0.568	 -0.714
	  0.846	  0.531	 -0.054

2 	  32.87	  -7.05	  22.75
	  0.658	  0.752	 -0.023
	 -0.754	  0.657	 -0.018
	  0.003	  0.029	  0.999

3 	  46.32	  -2.29	   1.53
	  0.490	  0.108	  0.865
	  0.029	  0.989	 -0.141
	 -0.871	  0.094	  0.481

4 	  40.75	   3.48	  -3.74
	  0.421	  0.879	 -0.223
	 -0.801	  0.475	  0.364
	  0.427	  0.025	  0.903

5 	  43.40	  10.79	   4.25
	  0.580	  0.764	  0.282
	  0.145	 -0.438	  0.887
	  0.801	 -0.474	 -0.365

6 	  50.87	  17.07	   5.50
	  0.712	  0.603	  0.359
	 -0.612	  0.783	 -0.107
	 -0.350	 -0.142	  0.926

7 	  39.67	  -6.84	  -3.69
	  0.325	 -0.654	 -0.683
	  0.647	  0.679	 -0.345
	  0.691	 -0.331	  0.643

8 	  44.46	 -14.48	  -5.20
	  0.551	 -0.614	 -0.565
	 -0.764	 -0.098	 -0.638
	  0.337	  0.783	 -0.522

9 	  46.25	 -19.55	 -13.22
	  0.338	 -0.606	 -0.720
	 -0.429	  0.586	 -0.687
	  0.841	  0.537	 -0.061

2 	  32.87	  -7.07	  22.75
	  0.658	  0.752	 -0.023
	 -0.754	  0.657	 -0.018
	  0.003	  0.029	  0.999

3 	  46.30	  -2.32	   1.49
	  0.497	  0.107	  0.861
	  0.030	  0.990	 -0.140
	 -0.867	  0.095	  0.488

4 	  40.71	   3.43	  -3.78
	  0.422	  0.877	 -0.229
	 -0.798	  0.478	  0.367
	  0.432	  0.028	  0.901

5 	  43.40	  10.79	   4.17
	  0.581	  0.765	  0.276
	  0.147	 -0.433	  0.889
	  0.800	 -0.476	 -0.364

6 	  50.91	  17.02	   5.31
	  0.716	  0.603	  0.353
	 -0.609	  0.785	 -0.111
	 -0.348	 -0.133	  0.928

7 	  39.53	  -6.87	  -3.66
	  0.310	 -0.636	 -0.707
	  0.647	  0.685	 -0.334
	  0.698	 -0.354	  0.623

8 	  44.33	 -14.20	  -5.84
	  0.542	 -0.571	 -0.616
	 -0.781	 -0.072	 -0.620
	  0.311	  0.817	 -0.485

9 	  45.88	 -18.60	 -14.50
	  0.311	 -0.540	 -0.782
	 -0.472	  0.630	 -0.617
	  0.829	  0.556	 -0.059

2 	  32.87	  -7.05	  22.73
	  0.658	  0.752	 -0.023
	 -0.754	  0.657	 -0.018
	  0.003	  0.029	  0.999

3 	  46.32	  -2.37	   1.48
	  0.502	  0.108	  0.858
	  0.027	  0.989	 -0.141
	 -0.865	  0.094	  0.494

4 	  40.73	   3.25	  -3.87
	  0.422	  0.872	 -0.245
	 -0.793	  0.486	  0.367
	  0.440	  0.040	  0.897

5 	  43.47	  10.72	   3.90
	  0.584	  0.769	  0.259
	  0.152	 -0.417	  0.896
	  0.797	 -0.484	 -0.360

6 	  51.03	  16.91	   4.90
	  0.723	  0.603	  0.336
	 -0.603	  0.788	 -0.124
	 -0.343	 -0.112	  0.932

7 	  39.45	  -6.84	  -3.69
	  0.289	 -0.609	 -0.739
	  0.648	  0.692	 -0.318
	  0.706	 -0.387	  0.593

8 	  44.05	 -13.78	  -6.70
	  0.521	 -0.518	 -0.679
	 -0.801	 -0.020	 -0.599
	  0.297	  0.855	 -0.425

9 	  45.39	 -17.35	 -15.84
	  0.278	 -0.458	 -0.845
	 -0.495	  0.688	 -0.531
	  0.826	  0.562	 -0.036

2 	  32.87	  -7.05	  22.73
	  0.658	  0.753	 -0.023
	 -0.754	  0.657	 -0.018
	  0.003	  0.029	  0.999

3 	  46.28	  -2.48	   1.41
	  0.512	  0.098	  0.853
	  0.029	  0.991	 -0.131
	 -0.859	  0.092	  0.504

4 	  40.69	   3.22	  -3.88
	  0.427	  0.869	 -0.250
	 -0.787	  0.492	  0.371
	  0.447	  0.039	  0.894

5 	  43.54	  10.71	   3.87
	  0.591	  0.765	  0.255
	  0.154	 -0.417	  0.896
	  0.792	 -0.490	 -0.363

6 	  51.12	  16.84	   4.80
	  0.728	  0.600	  0.331
	 -0.598	  0.792	 -0.124
	 -0.340	 -0.105	  0.934

7 	  39.29	  -6.66	  -3.71
	  0.270	 -0.587	 -0.763
	  0.648	  0.696	 -0.308
	  0.713	 -0.411	  0.568

8 	  43.82	 -13.43	  -7.15
	  0.507	 -0.489	 -0.710
	 -0.811	  0.008	 -0.585
	  0.293	  0.872	 -0.392

9 	  44.98	 -16.58	 -16.52
	  0.259	 -0.406	 -0.877
	 -0.502	  0.721	 -0.477
	  0.828	  0.559	 -0.019

2 	  32.87	  -7.05	  22.73
	  0.658	  0.753	 -0.023
	 -0.754	  0.657	 -0.018
	  0.003	  0.029	  0.999

3 	  46.25	  -2.43	   1.37
	  0.517	  0.093	  0.851
	  0.029	  0.991	 -0.126
	 -0.855	  0.090	  0.510

4 	  40.64	   3.29	  -3.88
	  0.428	  0.869	 -0.249
	 -0.782	  0.493	  0.379
	  0.454	  0.033	  0.890

5 	  43.56	  10.74	   3.87
	  0.595	  0.762	  0.255
	  0.154	 -0.419	  0.894
	  0.789	 -0.493	 -0.366

6 	  51.13	  16.84	   4.75
	  0.732	  0.596	  0.329
	 -0.594	  0.795	 -0.121
	 -0.337	 -0.104	  0.935

7 	  39.23	  -6.59	  -3.69
	  0.266	 -0.586	 -0.766
	  0.649	  0.695	 -0.308
	  0.713	 -0.415	  0.564

8 	  43.79	 -13.32	  -7.24
	  0.507	 -0.480	 -0.716
	 -0.813	  0.009	 -0.582
	  0.286	  0.877	 -0.385

9 	  44.96	 -16.33	 -16.63
	  0.257	 -0.392	 -0.883
	 -0.507	  0.726	 -0.465
	  0.826	  0.563	 -0.012

2 	  32.87	  -7.05	  22.73
	  0.658	  0.753	 -0.023
	 -0.754	  0.657	 -0.018
	  0.003	  0.029	  0.999

3 	  46.27	  -2.43	   1.35
	  0.519	  0.099	  0.849
	  0.029	  0.990	 -0.134
	 -0.854	  0.094	  0.511

4 	  40.62	   3.20	  -3.94
	  0.429	  0.865	 -0.261
	 -0.780	  0.499	  0.378
	  0.459	  0.042	  0.887

5 	  43.59	  10.72	   3.71
	  0.598	  0.763	  0.244
	  0.157	 -0.410	  0.898
	  0.786	 -0.499	 -0.365

6 	  51.26	  16.75	   4.48
	  0.740	  0.592	  0.318
	 -0.587	  0.799	 -0.126
	 -0.333	 -0.092	  0.938

7 	  39.22	  -6.68	  -3.67
	  0.263	 -0.588	 -0.765
	  0.649	  0.694	 -0.311
	  0.714	 -0.415	  0.563

8 	  43.80	 -13.36	  -7.24
	  0.511	 -0.469	 -0.720
	 -0.812	  0.009	 -0.583
	  0.281	  0.883	 -0.376

9 	  45.02	 -16.22	 -16.68
	  0.262	 -0.378	 -0.888
	 -0.508	  0.730	 -0.456
	  0.824	  0.566	 -0.002

2 	  32.87	  -7.05	  22.73
	  0.658	  0.752	 -0.023
	 -0.754	  0.657	 -0.018
	  0.003	  0.029	  0.999

3 	  46.21	  -2.57	   1.32
	  0.523	  0.116	  0.844
	  0.031	  0.987	 -0.155
	 -0.852	  0.107	  0.513

4 	  40.57	   2.99	  -4.06
	  0.429	  0.858	 -0.281
	 -0.774	  0.509	  0.376
	  0.467	  0.057	  0.882

5 	  43.65	  10.65	   3.39
	  0.605	  0.764	  0.223
	  0.162	 -0.392	  0.906
	  0.780	 -0.512	 -0.360

6 	  51.36	  16.59	   3.88
	  0.750	  0.591	  0.295
	 -0.579	  0.802	 -0.142
	 -0.325	 -0.063	  0.944

7 	  39.11	  -6.87	  -3.57
	  0.254	 -0.598	 -0.760
	  0.650	  0.687	 -0.325
	  0.716	 -0.412	  0.563

8 	  43.77	 -13.46	  -7.17
	  0.516	 -0.463	 -0.721
	 -0.814	 -0.001	 -0.581
	  0.269	  0.886	 -0.377

9 	  44.96	 -16.31	 -16.66
	  0.261	 -0.372	 -0.891
	 -0.512	  0.731	 -0.451
	  0.822	  0.569	 -0.002

2 	  32.87	  -7.05	  22.75
	  0.658	  0.752	 -0.023
	 -0.754	  0.657	 -0.018
	  0.003	  0.029	  0.999

3 	  46.16	  -2.65	   1.30
	  0.523	  0.131	  0.842
	  0.033	  0.984	 -0.175
	 -0.851	  0.119	  0.510

4 	  40.46	   2.74	  -4.17
	  0.426	  0.850	 -0.311
	 -0.769	  0.520	  0.372
	  0.479	  0.081	  0.874

5 	  43.63	  10.60	   2.99
	  0.606	  0.771	  0.194
	  0.178	 -0.369	  0.912
	  0.775	 -0.518	 -0.360

6 	  51.35	  16.58	   3.22
	  0.754	  0.600	  0.266
	 -0.582	  0.798	 -0.155
	 -0.308	 -0.036	  0.950

7 	  38.97	  -7.07	  -3.46
	  0.245	 -0.614	 -0.750
	  0.650	  0.677	 -0.344
	  0.720	 -0.403	  0.564

8 	  43.65	 -13.71	  -6.94
	  0.516	 -0.469	 -0.716
	 -0.815	 -0.014	 -0.579
	  0.263	  0.882	 -0.390

9 	  44.86	 -16.63	 -16.40
	  0.262	 -0.379	 -0.888
	 -0.518	  0.723	 -0.456
	  0.818	  0.575	 -0.007

2 	  32.87	  -7.05	  22.73
	  0.658	  0.752	 -0.023
	 -0.754	  0.657	 -0.018
	  0.003	  0.029	  0.999

3 	  46.09	  -2.81	   1.30
	  0.525	  0.148	  0.838
	  0.038	  0.979	 -0.198
	 -0.850	  0.135	  0.508

4 	  40.36	   2.51	  -4.24
	  0.425	  0.840	 -0.336
	 -0.761	  0.532	  0.370
	  0.491	  0.099	  0.865

5 	  43.70	  10.49	   2.62
	  0.613	  0.772	  0.164
	  0.198	 -0.350	  0.915
	  0.765	 -0.529	 -0.367

6 	  51.43	  16.42	   2.58
	  0.764	  0.600	  0.237
	 -0.580	  0.799	 -0.158
	 -0.287	 -0.015	  0.958

7 	  38.90	  -7.26	  -3.36
	  0.238	 -0.630	 -0.740
	  0.649	  0.669	 -0.362
	  0.723	 -0.394	  0.567

8 	  43.56	 -13.96	  -6.75
	  0.515	 -0.480	 -0.710
	 -0.816	 -0.021	 -0.577
	  0.263	  0.877	 -0.402

9 	  44.75	 -17.00	 -16.19
	  0.260	 -0.389	 -0.884
	 -0.518	  0.718	 -0.465
	  0.818	  0.574	 -0.016

2 	  32.87	  -7.07	  22.73
	  0.658	  0.752	 -0.023
	 -0.754	  0.657	 -0.018
	  0.003	  0.029	  0.999

3 	  46.07	  -2.88	   1.28
	  0.527	  0.152	  0.836
	  0.042	  0.978	 -0.205
	 -0.849	  0.144	  0.509

4 	  40.38	   2.46	  -4.27
	  0.428	  0.837	 -0.341
	 -0.758	  0.537	  0.370
	  0.494	  0.100	  0.863

5 	  43.75	  10.41	   2.55
	  0.619	  0.767	  0.168
	  0.190	 -0.352	  0.916
	  0.762	 -0.535	 -0.363

6 	  51.50	  16.31	   2.44
