% Calibrated with leiden_pols
% Positions are in centimeters
Data =[
 2    97.653   -19.393    59.068
 2     0.658    -0.754     0.003
 2     0.752     0.657     0.029
 2    -0.023    -0.018     0.999
 3   134.651    -6.074     4.551
 3     0.460    -0.053    -0.886
 3     0.106     0.994    -0.003
 3     0.881    -0.094     0.463
 4   121.451    11.800    -3.940
 4     0.412    -0.889     0.200
 4     0.888     0.342    -0.307
 4     0.205     0.303     0.930
 5   121.405    17.967    22.572
 5     0.378    -0.374     0.849
 5     0.178    -0.869    -0.460
 5     0.909     0.324    -0.260
 6   135.152    24.645    44.578
 6     0.410    -0.779    -0.482
 6     0.142     0.570    -0.807
 6     0.901     0.261     0.342
 7   120.819   -23.629    -3.035
 7     0.469     0.843     0.262
 7    -0.877     0.412     0.244
 7     0.098    -0.344     0.933
 8   124.135   -29.883    22.484
 8     0.301     0.619     0.726
 8    -0.057    -0.748     0.660
 8     0.952    -0.240    -0.189
 9   134.960   -32.169    44.431
 9     0.312     0.683    -0.666
 9     0.063     0.679     0.728
 9     0.948    -0.266     0.167
 2    97.653   -19.393    59.068
 2     0.658    -0.754     0.003
 2     0.752     0.657     0.029
 2    -0.023    -0.018     0.999
 3   134.651    -6.023     4.551
 3     0.460    -0.053    -0.886
 3     0.106     0.994    -0.003
 3     0.881    -0.094     0.462
 4   121.455    11.852    -3.920
 4     0.412    -0.889     0.200
 4     0.887     0.341    -0.309
 4     0.207     0.304     0.930
 5   121.404    17.969    22.571
 5     0.377    -0.372     0.850
 5     0.179    -0.870    -0.458
 5     0.909     0.323    -0.260
 6   135.025    24.722    44.578
 6     0.409    -0.781    -0.481
 6     0.144     0.568    -0.807
 6     0.901     0.260     0.342
 7   120.819   -23.629    -3.009
 7     0.469     0.844     0.263
 7    -0.878     0.412     0.244
 7     0.098    -0.344     0.933
 8   124.135   -29.883    22.484
 8     0.301     0.620     0.726
 8    -0.057    -0.747     0.661
 8     0.952    -0.240    -0.189
 9   134.960   -32.170    44.431
 9     0.310     0.683    -0.666
 9     0.062     0.680     0.727
 9     0.948    -0.264     0.167
 2    97.603   -19.342    59.068
 2     0.658    -0.754     0.003
 2     0.752     0.657     0.029
 2    -0.023    -0.018     0.999
 3   134.601    -6.023     4.601
 3     0.460    -0.053    -0.886
 3     0.106     0.994    -0.003
 3     0.881    -0.093     0.463
 4   121.433    11.803    -3.923
 4     0.412    -0.890     0.199
 4     0.887     0.341    -0.310
 4     0.208     0.304     0.929
 5   121.347    17.966    22.578
 5     0.378    -0.373     0.849
 5     0.179    -0.869    -0.459
 5     0.908     0.324    -0.261
 6   134.983    24.673    44.624
 6     0.407    -0.779    -0.486
 6     0.143     0.572    -0.805
 6     0.902     0.257     0.342
 7   120.794   -23.630    -3.034
 7     0.468     0.844     0.263
 7    -0.878     0.411     0.243
 7     0.098    -0.344     0.933
 8   124.135   -29.881    22.534
 8     0.302     0.621     0.724
 8    -0.055    -0.746     0.662
 8     0.952    -0.239    -0.190
 9   134.959   -32.118    44.430
 9     0.310     0.680    -0.670
 9     0.063     0.683     0.724
 9     0.948    -0.264     0.167
 2    97.603   -19.393    59.068
 2     0.658    -0.754     0.003
 2     0.752     0.657     0.029
 2    -0.023    -0.018     0.999
 3   134.601    -6.023     4.602
 3     0.461    -0.052    -0.886
 3     0.106     0.994    -0.003
 3     0.881    -0.094     0.463
 4   121.456    11.801    -3.920
 4     0.413    -0.889     0.199
 4     0.887     0.342    -0.310
 4     0.207     0.304     0.929
 5   121.347    17.966    22.578
 5     0.378    -0.373     0.849
 5     0.179    -0.869    -0.459
 5     0.908     0.324    -0.261
 6   134.979    24.644    44.581
 6     0.408    -0.777    -0.488
 6     0.142     0.575    -0.803
 6     0.901     0.257     0.343
 7   120.792   -23.631    -3.005
 7     0.468     0.844     0.263
 7    -0.879     0.411     0.243
 7     0.097    -0.344     0.933
 8   124.134   -29.880    22.534
 8     0.302     0.621     0.724
 8    -0.054    -0.746     0.662
 8     0.952    -0.239    -0.190
 9   135.016   -32.116    44.446
 9     0.309     0.679    -0.671
 9     0.063     0.684     0.723
 9     0.949    -0.263     0.166
 2    97.603   -19.342    59.068
 2     0.658    -0.754     0.003
 2     0.752     0.657     0.029
 2    -0.023    -0.018     0.999
 3   134.601    -6.023     4.602
 3     0.461    -0.052    -0.886
 3     0.106     0.994    -0.002
 3     0.881    -0.094     0.464
 4   121.448    11.756    -3.840
 4     0.416    -0.888     0.199
 4     0.884     0.342    -0.317
 4     0.214     0.307     0.927
 5   121.321    18.115    22.483
 5     0.382    -0.364     0.851
 5     0.190    -0.869    -0.455
 5     0.904     0.334    -0.262
 6   135.052    25.027    44.420
 6     0.407    -0.771    -0.497
 6     0.152     0.587    -0.793
 6     0.900     0.246     0.354
 7   120.814   -23.620    -2.983
 7     0.473     0.841     0.264
 7    -0.875     0.412     0.254
 7     0.106    -0.350     0.930
 8   124.173   -30.078    22.423
 8     0.302     0.615     0.729
 8    -0.070    -0.748     0.659
 8     0.951    -0.249    -0.182
 9   135.019   -32.922    44.177
 9     0.310     0.686    -0.664
 9     0.040     0.683     0.726
 9     0.950    -0.249     0.182
 2    97.603   -19.342    59.068
 2     0.658    -0.754     0.003
 2     0.752     0.657     0.029
 2    -0.023    -0.018     0.999
 3   134.597    -6.024     4.609
 3     0.461    -0.050    -0.886
 3     0.107     0.994     0.001
 3     0.880    -0.096     0.464
 4   121.495    11.711    -3.919
 4     0.423    -0.885     0.198
 4     0.878     0.345    -0.329
 4     0.223     0.313     0.923
 5   121.207    18.684    22.269
 5     0.395    -0.330     0.859
 5     0.244    -0.863    -0.441
 5     0.886     0.382    -0.260
 6   135.104    26.604    43.718
 6     0.409    -0.770    -0.497
 6     0.194     0.599    -0.774
 6     0.891     0.219     0.392
 7   120.841   -23.563    -3.035
 7     0.484     0.833     0.270
 7    -0.868     0.420     0.263
 7     0.106    -0.361     0.926
 8   124.188   -30.975    22.016
 8     0.319     0.580     0.750
 8    -0.135    -0.755     0.640
 8     0.938    -0.304    -0.162
 9   135.358   -35.275    43.159
 9     0.327     0.698    -0.643
 9    -0.021     0.680     0.729
 9     0.944    -0.222     0.235
 2    97.603   -19.393    59.067
 2     0.658    -0.754     0.003
 2     0.752     0.657     0.029
 2    -0.023    -0.017     0.999
 3   134.566    -6.017     4.542
 3     0.455    -0.044    -0.890
 3     0.111     0.994     0.008
 3     0.883    -0.103     0.456
 4   121.428    11.712    -3.928
 4     0.427    -0.883     0.196
 4     0.876     0.348    -0.333
 4     0.226     0.313     0.922
 5   121.360    19.766    22.012
 5     0.406    -0.287     0.869
 5     0.333    -0.839    -0.430
 5     0.851     0.462    -0.245
 6   135.801    29.171    42.277
 6     0.431    -0.763    -0.490
 6     0.251     0.615    -0.744
 6     0.866     0.196     0.455
 7   120.804   -23.486    -3.092
 7     0.495     0.823     0.279
 7    -0.863     0.429     0.265
 7     0.099    -0.371     0.923
 8   124.025   -31.944    21.571
 8     0.330     0.535     0.779
 8    -0.203    -0.765     0.610
 8     0.922    -0.358    -0.143
 9   135.472   -37.760    41.847
 9     0.347     0.709    -0.621
 9    -0.086     0.676     0.728
 9     0.934    -0.197     0.293
 2    97.603   -19.393    59.068
 2     0.658    -0.754     0.003
 2     0.752     0.657     0.029
 2    -0.023    -0.018     0.999
 3   134.518    -6.055     4.486
 3     0.443    -0.046    -0.895
 3     0.117     0.993     0.008
 3     0.888    -0.109     0.445
 4   121.310    11.653    -3.982
 4     0.432    -0.880     0.200
 4     0.875     0.354    -0.328
 4     0.218     0.316     0.923
 5   121.498    21.078    21.658
 5     0.422    -0.224     0.880
 5     0.432    -0.803    -0.409
 5     0.797     0.552    -0.242
