% Calibrated with leiden_pols
% Positions are in centimeters
Data =[
 2    97.653   -19.393    59.068
 2     0.658    -0.754     0.003
 2     0.752     0.657     0.029
 2    -0.023    -0.018     0.999
 3   134.651    -6.074     4.551
 3     0.460    -0.053    -0.886
 3     0.106     0.994    -0.003
 3     0.881    -0.094     0.463
 4   121.451    11.800    -3.940
 4     0.412    -0.889     0.200
 4     0.888     0.342    -0.307
 4     0.205     0.303     0.930
 5   121.405    17.967    22.572
 5     0.378    -0.374     0.849
 5     0.178    -0.869    -0.460
 5     0.909     0.324    -0.260
 6   135.152    24.645    44.578
 6     0.410    -0.779    -0.482
 6     0.142     0.570    -0.807
 6     0.901     0.261     0.342
 7   120.819   -23.629    -3.035
 7     0.469     0.843     0.262
 7    -0.877     0.412     0.244
 7     0.098    -0.344     0.933
 8   124.135   -29.883    22.484
 8     0.301     0.619     0.726
 8    -0.057    -0.748     0.660
 8     0.952    -0.240    -0.189
 9   134.960   -32.169    44.431
 9     0.312     0.683    -0.666
 9     0.063     0.679     0.728
 9     0.948    -0.266     0.167
 2    97.653   -19.393    59.068
 2     0.658    -0.754     0.003
 2     0.752     0.657     0.029
 2    -0.023    -0.018     0.999
 3   134.651    -6.023     4.551
 3     0.460    -0.053    -0.886
 3     0.106     0.994    -0.003
 3     0.881    -0.094     0.462
 4   121.455    11.852    -3.920
 4     0.412    -0.889     0.200
 4     0.887     0.341    -0.309
 4     0.207     0.304     0.930
 5   121.404    17.969    22.571
 5     0.377    -0.372     0.850
 5     0.179    -0.870    -0.458
 5     0.909     0.323    -0.260
 6   135.025    24.722    44.578
 6     0.409    -0.781    -0.481
 6     0.144     0.568    -0.807
 6     0.901     0.260     0.342
 7   120.819   -23.629    -3.009
 7     0.469     0.844     0.263
 7    -0.878     0.412     0.244
 7     0.098    -0.344     0.933
 8   124.135   -29.883    22.484
 8     0.301     0.620     0.726
 8    -0.057    -0.747     0.661
 8     0.952    -0.240    -0.189
 9   134.960   -32.170    44.431
 9     0.310     0.683    -0.666
 9     0.062     0.680     0.727
 9     0.948    -0.264     0.167
 2    97.603   -19.342    59.068
 2     0.658    -0.754     0.003
 2     0.752     0.657     0.029
 2    -0.023    -0.018     0.999
 3   134.601    -6.023     4.601
 3     0.460    -0.053    -0.886
 3     0.106     0.994    -0.003
 3     0.881    -0.093     0.463
 4   121.433    11.803    -3.923
 4     0.412    -0.890     0.199
 4     0.887     0.341    -0.310
 4     0.208     0.304     0.929
 5   121.347    17.966    22.578
 5     0.378    -0.373     0.849
 5     0.179    -0.869    -0.459
 5     0.908     0.324    -0.261
 6   134.983    24.673    44.624
 6     0.407    -0.779    -0.486
 6     0.143     0.572    -0.805
 6     0.902     0.257     0.342
 7   120.794   -23.630    -3.034
 7     0.468     0.844     0.263
 7    -0.878     0.411     0.243
 7     0.098    -0.344     0.933
 8   124.135   -29.881    22.534
 8     0.302     0.621     0.724
 8    -0.055    -0.746     0.662
 8     0.952    -0.239    -0.190
 9   134.959   -32.118    44.430
 9     0.310     0.680    -0.670
 9     0.063     0.683     0.724
 9     0.948    -0.264     0.167
 2    97.603   -19.393    59.068
 2     0.658    -0.754     0.003
 2     0.752     0.657     0.029
 2    -0.023    -0.018     0.999
 3   134.601    -6.023     4.602
 3     0.461    -0.052    -0.886
 3     0.106     0.994    -0.003
 3     0.881    -0.094     0.463
 4   121.456    11.801    -3.920
 4     0.413    -0.889     0.199
 4     0.887     0.342    -0.310
 4     0.207     0.304     0.929
 5   121.347    17.966    22.578
 5     0.378    -0.373     0.849
 5     0.179    -0.869    -0.459
 5     0.908     0.324    -0.261
 6   134.979    24.644    44.581
 6     0.408    -0.777    -0.488
 6     0.142     0.575    -0.803
 6     0.901     0.257     0.343
 7   120.792   -23.631    -3.005
 7     0.468     0.844     0.263
 7    -0.879     0.411     0.243
 7     0.097    -0.344     0.933
 8   124.134   -29.880    22.534
 8     0.302     0.621     0.724
 8    -0.054    -0.746     0.662
 8     0.952    -0.239    -0.190
 9   135.016   -32.116    44.446
 9     0.309     0.679    -0.671
 9     0.063     0.684     0.723
 9     0.949    -0.263     0.166
 2    97.603   -19.342    59.068
 2     0.658    -0.754     0.003
 2     0.752     0.657     0.029
 2    -0.023    -0.018     0.999
 3   134.601    -6.023     4.602
 3     0.461    -0.052    -0.886
 3     0.106     0.994    -0.002
 3     0.881    -0.094     0.464
 4   121.448    11.756    -3.840
 4     0.416    -0.888     0.199
 4     0.884     0.342    -0.317
 4     0.214     0.307     0.927
 5   121.321    18.115    22.483
 5     0.382    -0.364     0.851
 5     0.190    -0.869    -0.455
 5     0.904     0.334    -0.262
 6   135.052    25.027    44.420
 6     0.407    -0.771    -0.497
 6     0.152     0.587    -0.793
 6     0.900     0.246     0.354
 7   120.814   -23.620    -2.983
 7     0.473     0.841     0.264
 7    -0.875     0.412     0.254
 7     0.106    -0.350     0.930
 8   124.173   -30.078    22.423
 8     0.302     0.615     0.729
 8    -0.070    -0.748     0.659
 8     0.951    -0.249    -0.182
 9   135.019   -32.922    44.177
 9     0.310     0.686    -0.664
 9     0.040     0.683     0.726
 9     0.950    -0.249     0.182
 2    97.603   -19.342    59.068
 2     0.658    -0.754     0.003
 2     0.752     0.657     0.029
 2    -0.023    -0.018     0.999
 3   134.597    -6.024     4.609
 3     0.461    -0.050    -0.886
 3     0.107     0.994     0.001
 3     0.880    -0.096     0.464
 4   121.495    11.711    -3.919
 4     0.423    -0.885     0.198
 4     0.878     0.345    -0.329
 4     0.223     0.313     0.923
 5   121.207    18.684    22.269
 5     0.395    -0.330     0.859
 5     0.244    -0.863    -0.441
 5     0.886     0.382    -0.260
 6   135.104    26.604    43.718
 6     0.409    -0.770    -0.497
 6     0.194     0.599    -0.774
 6     0.891     0.219     0.392
 7   120.841   -23.563    -3.035
 7     0.484     0.833     0.270
 7    -0.868     0.420     0.263
 7     0.106    -0.361     0.926
 8   124.188   -30.975    22.016
 8     0.319     0.580     0.750
 8    -0.135    -0.755     0.640
 8     0.938    -0.304    -0.162
 9   135.358   -35.275    43.159
 9     0.327     0.698    -0.643
 9    -0.021     0.680     0.729
 9     0.944    -0.222     0.235
 2    97.603   -19.393    59.067
 2     0.658    -0.754     0.003
 2     0.752     0.657     0.029
 2    -0.023    -0.017     0.999
 3   134.566    -6.017     4.542
 3     0.455    -0.044    -0.890
 3     0.111     0.994     0.008
 3     0.883    -0.103     0.456
 4   121.428    11.712    -3.928
 4     0.427    -0.883     0.196
 4     0.876     0.348    -0.333
 4     0.226     0.313     0.922
 5   121.360    19.766    22.012
 5     0.406    -0.287     0.869
 5     0.333    -0.839    -0.430
 5     0.851     0.462    -0.245
 6   135.801    29.171    42.277
 6     0.431    -0.763    -0.490
 6     0.251     0.615    -0.744
 6     0.866     0.196     0.455
 7   120.804   -23.486    -3.092
 7     0.495     0.823     0.279
 7    -0.863     0.429     0.265
 7     0.099    -0.371     0.923
 8   124.025   -31.944    21.571
 8     0.330     0.535     0.779
 8    -0.203    -0.765     0.610
 8     0.922    -0.358    -0.143
 9   135.472   -37.760    41.847
 9     0.347     0.709    -0.621
 9    -0.086     0.676     0.728
 9     0.934    -0.197     0.293
 2    97.603   -19.393    59.068
 2     0.658    -0.754     0.003
 2     0.752     0.657     0.029
 2    -0.023    -0.018     0.999
 3   134.518    -6.055     4.486
 3     0.443    -0.046    -0.895
 3     0.117     0.993     0.008
 3     0.888    -0.109     0.445
 4   121.310    11.653    -3.982
 4     0.432    -0.880     0.200
 4     0.875     0.354    -0.328
 4     0.218     0.316     0.923
 5   121.498    21.078    21.658
 5     0.422    -0.224     0.880
 5     0.432    -0.803    -0.409
 5     0.797     0.552    -0.242
 6   136.473    32.132    40.598
 6     0.459    -0.765    -0.461
 6     0.318     0.619    -0.715
 6     0.829     0.181     0.526
 7   120.780   -23.439    -3.186
 7     0.507     0.812     0.291
 7    -0.857     0.441     0.264
 7     0.087    -0.382     0.919
 8   123.926   -32.970    21.088
 8     0.342     0.474     0.812
 8    -0.283    -0.772     0.568
 8     0.896    -0.424    -0.130
 9   135.719   -40.481    40.344
 9     0.369     0.725    -0.588
 9    -0.157     0.665     0.726
 9     0.916    -0.175     0.356
 2    97.603   -19.342    59.068
 2     0.658    -0.754     0.003
 2     0.753     0.657     0.029
 2    -0.023    -0.018     0.999
 3   134.490    -5.942     4.537
 3     0.434    -0.049    -0.900
 3     0.124     0.992     0.006
 3     0.892    -0.115     0.436
 4   121.222    11.690    -4.114
 4     0.434    -0.877     0.207
 4     0.878     0.360    -0.315
 4     0.202     0.318     0.926
 5   121.697    21.852    21.296
 5     0.431    -0.191     0.882
 5     0.482    -0.778    -0.403
 5     0.762     0.599    -0.243
 6   137.014    33.654    39.310
 6     0.478    -0.763    -0.444
 6     0.351     0.621    -0.697
 6     0.804     0.178     0.563
 7   120.771   -23.397    -3.288
 7     0.515     0.802     0.303
 7    -0.854     0.451     0.257
 7     0.070    -0.391     0.917
 8   123.972   -33.682    20.600
 8     0.362     0.425     0.830
 8    -0.337    -0.771     0.540
 8     0.869    -0.475    -0.136
 9   136.134   -42.418    38.863
 9     0.399     0.735    -0.555
 9    -0.206     0.655     0.723
 9     0.893    -0.173     0.411
 2    97.603   -19.393    59.068
 2     0.658    -0.754     0.003
 2     0.752     0.657     0.029
 2    -0.023    -0.018     0.999
 3   134.449    -5.940     4.483
 3     0.431    -0.040    -0.901
 3     0.125     0.992     0.016
 3     0.893    -0.121     0.433
 4   121.199    11.630    -4.238
 4     0.437    -0.874     0.212
 4     0.879     0.364    -0.308
 4     0.192     0.320     0.927
 5   121.774    22.136    21.096
 5     0.439    -0.175     0.881
 5     0.503    -0.766    -0.401
 5     0.744     0.619    -0.249
 6   137.309    34.402    38.664
 6     0.489    -0.762    -0.431
 6     0.366     0.621    -0.690
 6     0.791     0.181     0.582
 7   120.697   -23.389    -3.422
 7     0.519     0.795     0.317
 7    -0.854     0.460     0.241
 7     0.047    -0.395     0.917
 8   123.907   -33.939    20.355
 8     0.370     0.390     0.844
 8    -0.368    -0.773     0.516
 8     0.853    -0.500    -0.143
 9   136.123   -43.362    38.108
 9     0.412     0.745    -0.532
 9    -0.233     0.643     0.726
 9     0.881    -0.174     0.436
 2    97.603   -19.393    59.068
 2     0.658    -0.754     0.003
 2     0.752     0.657     0.029
 2    -0.023    -0.018     0.999
 3   134.450    -5.912     4.459
 3     0.430    -0.036    -0.902
 3     0.128     0.991     0.022
 3     0.893    -0.125     0.431
 4   121.099    11.620    -4.282
 4     0.438    -0.873     0.216
 4     0.881     0.368    -0.298
 4     0.181     0.319     0.930
 5   121.903    22.472    20.869
 5     0.445    -0.159     0.882
 5     0.525    -0.752    -0.399
 5     0.726     0.639    -0.252
 6   137.545    35.071    37.928
 6     0.501    -0.762    -0.418
 6     0.383     0.621    -0.681
 6     0.775     0.182     0.601
 7   120.667   -23.350    -3.533
 7     0.520     0.791     0.324
 7    -0.854     0.466     0.231
 7     0.033    -0.396     0.917
 8   123.824   -34.457    19.950
 8     0.375     0.356     0.857
 8    -0.405    -0.768     0.495
 8     0.833    -0.532    -0.144
 9   136.140   -44.695    37.042
 9     0.423     0.751    -0.514
 9    -0.268     0.638     0.718
 9     0.865    -0.165     0.469
 2    97.652   -19.342    59.118
 2     0.658    -0.754     0.003
 2     0.753     0.657     0.029
 2    -0.023    -0.018     0.999
 3   134.509    -5.934     4.457
 3     0.428    -0.031    -0.903
 3     0.132     0.990     0.029
 3     0.894    -0.133     0.428
 4   121.002    11.528    -4.505
 4     0.438    -0.871     0.223
 4     0.884     0.373    -0.280
 4     0.161     0.319     0.933
 5   121.943    22.976    20.461
 5     0.446    -0.134     0.885
 5     0.561    -0.729    -0.393
 5     0.697     0.671    -0.250
 6   137.800    36.239    36.571
 6     0.518    -0.762    -0.396
 6     0.411     0.621    -0.665
 6     0.750     0.182     0.633
 7   120.577   -23.416    -3.654
 7     0.520     0.786     0.336
 7    -0.854     0.471     0.218
 7     0.014    -0.399     0.916
 8   123.756   -35.263    19.479
 8     0.388     0.304     0.871
 8    -0.455    -0.759     0.466
 8     0.801    -0.576    -0.156
 9   136.209   -46.680    35.338
 9     0.445     0.764    -0.476
 9    -0.319     0.623     0.711
 9     0.836    -0.165     0.519
 2    97.603   -19.342    59.068
 2     0.658    -0.754     0.003
 2     0.752     0.657     0.029
 2    -0.023    -0.018     0.999
 3   134.463    -6.032     4.358
 3     0.425    -0.025    -0.905
 3     0.136     0.990     0.037
 3     0.894    -0.140     0.424
 4   120.878    11.331    -4.696
 4     0.440    -0.868     0.231
 4     0.887     0.380    -0.260
 4     0.139     0.318     0.937
 5   121.931    23.358    19.922
 5     0.449    -0.115     0.886
 5     0.587    -0.710    -0.389
 5     0.673     0.694    -0.252
 6   138.051    37.033    35.440
 6     0.529    -0.763    -0.380
 6     0.432     0.620    -0.652
 6     0.730     0.182     0.656
 7   120.390   -23.430    -3.777
 7     0.520     0.781     0.346
 7    -0.854     0.477     0.206
 7    -0.004    -0.402     0.915
 8   123.805   -35.772    19.092
 8     0.397     0.274     0.877
 8    -0.485    -0.749     0.451
 8     0.779    -0.603    -0.165
 9   136.408   -47.726    34.322
 9     0.458     0.770    -0.453
 9    -0.347     0.616     0.704
 9     0.818    -0.166     0.547
 2    97.603   -19.342    59.068
 2     0.658    -0.754     0.003
 2     0.752     0.657     0.029
 2    -0.023    -0.018     0.999
 3   134.463    -6.030     4.308
 3     0.425    -0.024    -0.905
 3     0.139     0.989     0.039
 3     0.894    -0.143     0.423
 4   120.599    11.186    -4.911
 4     0.437    -0.868     0.240
 4     0.892     0.382    -0.240
 4     0.116     0.318     0.941
 5   121.874    23.990    19.378
 5     0.447    -0.089     0.890
 5     0.621    -0.686    -0.379
 5     0.643     0.722    -0.252
 6   138.075    38.430    33.960
 6     0.539    -0.766    -0.357
 6     0.464     0.618    -0.632
 6     0.702     0.177     0.688
 7   120.282   -23.341    -3.806
 7     0.523     0.775     0.357
 7    -0.852     0.484     0.196
 7    -0.020    -0.406     0.913
 8   123.791   -36.260    18.623
 8     0.405     0.238     0.883
 8    -0.520    -0.736     0.434
 8     0.752    -0.634    -0.175
 9   136.534   -49.035    32.931
 9     0.472     0.777    -0.424
 9    -0.384     0.606     0.693
 9     0.793    -0.166     0.583
 2    97.603   -19.342    59.068
 2     0.658    -0.754     0.003
 2     0.753     0.657     0.029
 2    -0.023    -0.018     0.999
 3   134.559    -5.981     4.138
 3     0.426    -0.022    -0.904
 3     0.140     0.989     0.042
 3     0.893    -0.146     0.424
 4   120.438    11.174    -5.047
 4     0.434    -0.867     0.247
 4     0.895     0.383    -0.225
 4     0.101     0.318     0.942
 5   122.009    24.499    18.887
 5     0.450    -0.064     0.890
 5     0.645    -0.666    -0.374
 5     0.617     0.743    -0.259
 6   138.289    39.474    32.715
 6     0.550    -0.767    -0.337
 6     0.488     0.617    -0.615
 6     0.677     0.176     0.713
 7   120.299   -23.226    -3.991
 7     0.524     0.771     0.363
 7    -0.851     0.491     0.184
 7    -0.035    -0.405     0.913
 8   123.877   -36.772    18.050
 8     0.414     0.206     0.887
 8    -0.551    -0.719     0.423
 8     0.724    -0.663    -0.185
 9   136.780   -50.190    31.464
 9     0.488     0.778    -0.403
 9    -0.417     0.606     0.674
 9     0.766    -0.163     0.619
 2    97.603   -19.393    59.067
 2     0.658    -0.754     0.003
 2     0.753     0.657     0.029
 2    -0.023    -0.018     0.999
 3   134.591    -5.902     4.057
 3     0.425    -0.016    -0.905
 3     0.141     0.989     0.049
 3     0.894    -0.149     0.422
 4   120.339    11.055    -5.295
 4     0.433    -0.864     0.257
 4     0.898     0.387    -0.208
 4     0.080     0.320     0.943
 5   122.283    25.195    18.209
 5     0.459    -0.036     0.888
 5     0.674    -0.637    -0.374
 5     0.578     0.770    -0.269
 6   138.741    40.835    30.857
 6     0.568    -0.766    -0.310
 6     0.518     0.619    -0.587
 6     0.639     0.175     0.748
 7   120.256   -23.141    -4.109
 7     0.523     0.768     0.372
 7    -0.850     0.497     0.169
 7    -0.055    -0.404     0.912
 8   124.105   -37.307    17.562
 8     0.429     0.175     0.886
 8    -0.580    -0.699     0.417
 8     0.692    -0.693    -0.199
 9   137.264   -51.191    29.838
 9     0.514     0.775    -0.376
 9    -0.445     0.608     0.654
 9     0.733    -0.170     0.657
 2    97.653   -19.342    59.068
 2     0.658    -0.754     0.003
 2     0.753     0.657     0.029
 2    -0.023    -0.018     0.999
 3   134.598    -5.848     4.001
 3     0.421    -0.015    -0.907
 3     0.144     0.988     0.051
 3     0.895    -0.153     0.418
 4   120.315    10.919    -5.390
 4     0.433    -0.864     0.260
 4     0.899     0.391    -0.197
 4     0.069     0.318     0.945
 5   122.458    25.527    17.858
 5     0.465    -0.019     0.885
 5     0.690    -0.619    -0.376
 5     0.554     0.785    -0.275
 6   139.140    41.370    29.706
 6     0.582    -0.761    -0.294
 6     0.534     0.624    -0.568
 6     0.614     0.176     0.768
 7   120.237   -23.148    -4.209
 7     0.524     0.765     0.377
 7    -0.850     0.501     0.163
 7    -0.064    -0.405     0.911
 8   124.224   -37.679    17.346
 8     0.437     0.151     0.887
 8    -0.598    -0.688     0.410
 8     0.672    -0.709    -0.210
 9   137.574   -51.846    28.937
 9     0.528     0.773    -0.358
 9    -0.460     0.607     0.645
 9     0.713    -0.178     0.675
 2    97.603   -19.342    59.118
 2     0.658    -0.754     0.003
 2     0.752     0.657     0.029
 2    -0.023    -0.018     0.999
 3   134.660    -5.892     3.990
 3     0.416    -0.014    -0.909
 3     0.148     0.987     0.053
 3     0.897    -0.157     0.412
 4   120.293    10.784    -5.514
 4     0.432    -0.863     0.262
 4     0.900     0.393    -0.188
 4     0.059     0.316     0.947
 5   122.590    25.690    17.599
 5     0.470    -0.009     0.882
 5     0.698    -0.608    -0.378
 5     0.540     0.793    -0.280
 6   139.419    41.685    29.003
 6     0.590    -0.758    -0.286
 6     0.542     0.628    -0.556
 6     0.598     0.175     0.780
 7   120.232   -23.201    -4.255
 7     0.524     0.764     0.378
 7    -0.849     0.502     0.161
 7    -0.066    -0.404     0.911
 8   124.291   -38.055    17.079
 8     0.439     0.134     0.888
 8    -0.617    -0.674     0.406
 8     0.652    -0.726    -0.214
 9   137.712   -52.630    28.079
 9     0.537     0.775    -0.341
 9    -0.479     0.606     0.633
 9     0.694    -0.179     0.695
 2    97.603   -19.342    59.068
 2     0.658    -0.754     0.003
 2     0.753     0.657     0.029
 2    -0.023    -0.018     0.999
 3   134.667    -5.887     4.087
 3     0.412    -0.013    -0.911
 3     0.152     0.987     0.055
 3     0.898    -0.162     0.408
 4   120.138    10.493    -5.651
 4     0.430    -0.864     0.264
 4     0.902     0.396    -0.172
 4     0.045     0.311     0.949
 5   122.574    25.924    17.088
 5     0.470     0.006     0.882
 5     0.714    -0.590    -0.376
 5     0.518     0.807    -0.282
 6   139.409    42.279    27.907
 6     0.593    -0.761    -0.271
 6     0.561     0.626    -0.540
 6     0.578     0.170     0.797
 7   120.220   -23.281    -4.288
 7     0.524     0.762     0.381
 7    -0.848     0.505     0.156
 7    -0.072    -0.405     0.911
 8   124.418   -39.304    16.045
 8     0.452     0.081     0.888
 8    -0.670    -0.627     0.397
 8     0.589    -0.775    -0.229
 9   138.018   -55.071    24.649
 9     0.560     0.779    -0.291
 9    -0.543     0.603     0.582
 9     0.625    -0.170     0.760
 2    97.603   -19.342    59.068
 2     0.658    -0.754     0.003
 2     0.752     0.657     0.029
 2    -0.023    -0.018     0.999
 3   134.620    -6.013     4.038
 3     0.412    -0.005    -0.911
 3     0.154     0.986     0.064
 3     0.898    -0.167     0.407
 4   119.959    10.305    -5.742
 4     0.429    -0.863     0.268
 4     0.903     0.398    -0.161
 4     0.032     0.310     0.950
 5   122.587    26.081    16.620
 5     0.474     0.022     0.880
 5     0.726    -0.574    -0.377
 5     0.497     0.818    -0.288
 6   139.552    42.719    26.962
 6     0.599    -0.760    -0.260
 6     0.573     0.629    -0.523
 6     0.558     0.167     0.811
 7   119.804   -23.297    -4.555
 7     0.515     0.754     0.410
 7    -0.849     0.513     0.122
 7    -0.117    -0.410     0.903
 8   124.474   -40.685    14.146
 8     0.468    -0.032     0.883
 8    -0.745    -0.552     0.375
 8     0.475    -0.833    -0.283
 9   137.866   -57.673    19.680
 9     0.589     0.787    -0.189
 9    -0.623     0.587     0.515
 9     0.514    -0.188     0.836
 2    97.603   -19.342    59.068
 2     0.658    -0.754     0.003
 2     0.753     0.657     0.029
 2    -0.023    -0.018     0.999
 3   134.554    -6.143     3.905
 3     0.412     0.010    -0.911
 3     0.147     0.986     0.078
 3     0.899    -0.166     0.405
 4   119.746    10.114    -5.877
 4     0.428    -0.860     0.278
 4     0.903     0.401    -0.148
 4     0.016     0.314     0.949
 5   122.631    26.343    16.222
 5     0.476     0.035     0.878
 5     0.738    -0.559    -0.378
 5     0.478     0.828    -0.292
 6   139.639    43.233    25.870
 6     0.607    -0.758    -0.245
 6     0.587     0.631    -0.506
 6     0.536     0.165     0.827
 7   119.556   -23.166    -4.661
 7     0.509     0.750     0.423
 7    -0.849     0.517     0.104
 7    -0.140    -0.411     0.900
 8   124.571   -41.689    12.685
 8     0.479    -0.103     0.872
 8    -0.789    -0.485     0.376
 8     0.385    -0.868    -0.313
 9   137.733   -59.597    15.257
 9     0.608     0.788    -0.102
 9    -0.679     0.581     0.448
 9     0.411    -0.205     0.888
 2    97.603   -19.342    59.068
 2     0.658    -0.754     0.003
 2     0.753     0.657     0.029
 2    -0.023    -0.018     0.999
 3   134.463    -6.245     3.899
 3     0.412     0.017    -0.911
 3     0.144     0.986     0.084
 3     0.900    -0.166     0.403
 4   119.538     9.872    -5.912
 4     0.429    -0.858     0.284
 4     0.903     0.406    -0.136
 4     0.001     0.314     0.949
 5   122.538    26.405    15.809
 5     0.478     0.046     0.877
 5     0.746    -0.549    -0.378
 5     0.463     0.834    -0.297
 6   139.620    43.448    24.957
 6     0.613    -0.757    -0.233
 6     0.595     0.631    -0.495
 6     0.520     0.167     0.837
 7   119.103   -23.165    -4.708
 7     0.505     0.745     0.438
 7    -0.847     0.523     0.083
 7    -0.166    -0.413     0.895
 8   124.876   -42.693    10.775
 8     0.500    -0.160     0.851
 8    -0.818    -0.412     0.402
 8     0.286    -0.897    -0.336
 9   138.004   -60.677    10.663
 9     0.630     0.776    -0.032
 9    -0.714     0.595     0.369
 9     0.305    -0.211     0.929
 2    97.603   -19.342    59.068
 2     0.658    -0.754     0.003
 2     0.752     0.657     0.029
 2    -0.023    -0.018     0.999
 3   134.433    -6.326     3.702
 3     0.414     0.023    -0.910
 3     0.139     0.986     0.088
 3     0.899    -0.163     0.405
 4   119.335     9.787    -6.063
 4     0.426    -0.856     0.294
 4     0.904     0.406    -0.128
 4    -0.010     0.320     0.947
 5   122.554    26.444    15.539
 5     0.481     0.057     0.874
 5     0.751    -0.541    -0.378
 5     0.451     0.839    -0.303
 6   139.637    43.666    24.413
 6     0.616    -0.756    -0.225
 6     0.601     0.632    -0.487
 6     0.508     0.167     0.844
 7   118.873   -23.140    -4.906
 7     0.496     0.744     0.450
 7    -0.847     0.527     0.060
 7    -0.192    -0.410     0.891
 8   125.106   -43.228     9.069
 8     0.512    -0.202     0.835
 8    -0.833    -0.351     0.426
 8     0.207    -0.914    -0.347
 9   138.088   -61.238     6.471
 9     0.643     0.766     0.026
 9    -0.736     0.606     0.298
 9     0.212    -0.211     0.954
 2    97.603   -19.342    59.068
 2     0.658    -0.754     0.003
 2     0.752     0.657     0.029
 2    -0.023    -0.018     0.999
 3   134.440    -6.380     3.516
 3     0.416     0.030    -0.909
 3     0.131     0.987     0.093
 3     0.900    -0.158     0.406
 4   119.194     9.730    -6.197
 4     0.427    -0.854     0.301
 4     0.904     0.408    -0.123
 4    -0.017     0.323     0.946
 5   122.606    26.563    15.308
 5     0.484     0.063     0.872
 5     0.754    -0.536    -0.380
 5     0.443     0.842    -0.307
 6   139.784    43.783    23.764
 6     0.622    -0.754    -0.220
 6     0.605     0.636    -0.477
 6     0.497     0.166     0.851
 7   118.548   -22.885    -5.039
 7     0.488     0.745     0.457
 7    -0.846     0.531     0.035
 7    -0.215    -0.403     0.889
 8   125.283   -43.443     7.672
 8     0.525    -0.232     0.819
 8    -0.838    -0.309     0.450
 8     0.149    -0.922    -0.355
 9   138.337   -61.265     3.460
 9     0.655     0.754     0.062
 9    -0.742     0.623     0.245
 9     0.146    -0.206     0.967
 2    97.603   -19.342    59.068
 2     0.658    -0.754     0.003
 2     0.752     0.657     0.029
 2    -0.023    -0.018     0.999
 3   134.440    -6.433     3.439
 3     0.417     0.032    -0.909
 3     0.127     0.987     0.093
 3     0.900    -0.155     0.407
 4   119.126     9.673    -6.256
 4     0.426    -0.852     0.307
 4     0.904     0.409    -0.119
 4    -0.024     0.327     0.944
 5   122.678    26.706    15.058
 5     0.488     0.070     0.870
 5     0.757    -0.529    -0.382
 5     0.433     0.845    -0.311
 6   139.884    43.901    23.264
 6     0.626    -0.751    -0.216
 6     0.609     0.640    -0.467
 6     0.487     0.163     0.857
 7   118.457   -22.772    -5.137
 7     0.492     0.737     0.466
 7    -0.839     0.543     0.025
 7    -0.234    -0.403     0.884
 8   125.666   -43.432     6.985
 8     0.539    -0.255     0.803
 8    -0.834    -0.292     0.468
 8     0.115    -0.922    -0.370
 9   138.757   -61.011     1.961
 9     0.665     0.743     0.084
 9    -0.739     0.636     0.220
 9     0.110    -0.208     0.972
 2    97.603   -19.393    59.068
 2     0.658    -0.754     0.003
 2     0.752     0.657     0.029
 2    -0.023    -0.018     0.999
 3   134.440    -6.433     3.439
 3     0.417     0.032    -0.908
 3     0.127     0.987     0.093
 3     0.900    -0.155     0.407
 4   119.017     9.534    -6.393
 4     0.423    -0.851     0.312
 4     0.905     0.411    -0.105
 4    -0.039     0.326     0.944
 5   122.639    26.719    14.641
 5     0.489     0.080     0.869
 5     0.765    -0.518    -0.382
 5     0.419     0.851    -0.315
 6   139.946    44.066    22.476
 6     0.630    -0.750    -0.208
 6     0.616     0.642    -0.454
 6     0.472     0.160     0.866
 7   118.287   -22.614    -5.259
 7     0.489     0.737     0.469
 7    -0.835     0.549     0.006
 7    -0.253    -0.394     0.883
 8   125.757   -43.635     5.983
 8     0.548    -0.271     0.792
 8    -0.833    -0.262     0.487
 8     0.076    -0.926    -0.369
 9   138.760   -60.826    -0.454
 9     0.672     0.732     0.114
 9    -0.738     0.651     0.177
 9     0.056    -0.202     0.977
 2    97.603   -19.393    59.068
 2     0.658    -0.754     0.003
 2     0.752     0.657     0.029
 2    -0.023    -0.018     0.999
 3   134.446    -6.483     3.381
 3     0.415     0.035    -0.909
 3     0.125     0.987     0.095
 3     0.901    -0.153     0.405
 4   118.848     9.298    -6.520
 4     0.424    -0.849     0.315
 4     0.904     0.415    -0.097
 4    -0.048     0.325     0.944
 5   122.691    26.710    14.364
 5     0.491     0.085     0.867
 5     0.769    -0.510    -0.385
 5     0.410     0.855    -0.316
 6   139.994    44.158    21.851
 6     0.635    -0.747    -0.204
 6     0.619     0.646    -0.444
 6     0.461     0.158     0.872
 7   117.915   -22.574    -5.286
 7     0.473     0.744     0.474
 7    -0.834     0.550    -0.034
 7    -0.285    -0.379     0.880
 8   125.626   -43.755     4.533
 8     0.551    -0.315     0.773
 8    -0.834    -0.218     0.506
 8     0.010    -0.924    -0.381
 9   138.303   -60.694    -3.764
 9     0.673     0.719     0.178
 9    -0.739     0.661     0.122
 9    -0.029    -0.211     0.976
 2    97.603   -19.342    59.068
 2     0.658    -0.754     0.003
 2     0.752     0.657     0.029
 2    -0.023    -0.018     0.999
 3   134.346    -6.614     3.329
 3     0.416     0.038    -0.909
 3     0.119     0.988     0.096
 3     0.901    -0.149     0.406
 4   118.704     9.111    -6.572
 4     0.427    -0.847     0.320
 4     0.903     0.420    -0.091
 4    -0.057     0.327     0.943
 5   122.754    26.745    14.100
 5     0.499     0.093     0.861
 5     0.770    -0.502    -0.393
 5     0.396     0.860    -0.322
 6   140.233    44.219    21.041
 6     0.645    -0.740    -0.199
 6     0.621     0.654    -0.428
 6     0.445     0.153     0.882
 7   117.509   -22.272    -5.335
 7     0.464     0.745     0.481
 7    -0.830     0.554    -0.059
 7    -0.310    -0.371     0.874
 8   125.642   -43.698     3.672
 8     0.555    -0.324     0.766
 8    -0.831    -0.196     0.520
 8    -0.017    -0.925    -0.377
 9   138.161   -60.273    -5.572
 9     0.673     0.711     0.208
 9    -0.736     0.669     0.094
 9    -0.072    -0.214     0.973
 2    97.603   -19.342    59.068
 2     0.658    -0.754     0.003
 2     0.752     0.657     0.029
 2    -0.023    -0.018     0.999
 3   134.290    -6.567     3.258
 3     0.419     0.037    -0.907
 3     0.117     0.988     0.095
 3     0.900    -0.146     0.409
 4   118.455     9.052    -6.596
 4     0.423    -0.847     0.325
 4     0.904     0.419    -0.082
 4    -0.067     0.327     0.942
 5   122.609    27.010    13.789
 5     0.499     0.106     0.860
 5     0.779    -0.490    -0.391
 5     0.380     0.865    -0.327
 6   140.195    44.486    20.302
 6     0.648    -0.739    -0.192
 6     0.628     0.657    -0.414
 6     0.430     0.149     0.890
 7   117.424   -22.209    -5.337
 7     0.464     0.740     0.489
 7    -0.824     0.562    -0.070
 7    -0.326    -0.369     0.869
 8   125.819   -43.559     3.041
 8     0.560    -0.348     0.753
 8    -0.827    -0.185     0.530
 8    -0.044    -0.919    -0.390
 9   138.105   -60.017    -6.924
 9     0.669     0.711     0.221
 9    -0.737     0.672     0.071
 9    -0.097    -0.208     0.972
 2    97.603   -19.393    59.068
 2     0.658    -0.754     0.003
 2     0.752     0.657     0.029
 2    -0.023    -0.018     0.999
 3   134.264    -6.567     3.257
 3     0.419     0.035    -0.907
 3     0.117     0.989     0.092
 3     0.900    -0.145     0.410
 4   118.432     8.917    -6.696
 4     0.421    -0.845     0.329
 4     0.904     0.421    -0.072
 4    -0.077     0.327     0.941
 5   122.669    27.073    13.327
 5     0.499     0.113     0.859
 5     0.786    -0.476    -0.394
 5     0.365     0.872    -0.326
 6   140.251    44.726    19.421
 6     0.651    -0.737    -0.186
 6     0.637     0.661    -0.395
 6     0.412     0.141     0.900
 7   117.295   -22.081    -5.446
 7     0.459     0.740     0.493
 7    -0.817     0.568    -0.094
 7    -0.349    -0.359     0.865
 8   125.918   -43.508     1.964
 8     0.565    -0.352     0.747
 8    -0.822    -0.155     0.548
 8    -0.076    -0.923    -0.375
 9   138.006   -59.498    -8.906
 9     0.667     0.705     0.249
 9    -0.732     0.679     0.037
 9    -0.142    -0.204     0.968
 2    97.603   -19.393    59.068
 2     0.658    -0.754     0.003
 2     0.752     0.657     0.029
 2    -0.023    -0.018     0.999
 3   134.256    -6.518     3.161
 3     0.421     0.031    -0.907
 3     0.117     0.989     0.088
 3     0.899    -0.143     0.412
 4   118.231     8.908    -6.717
 4     0.419    -0.844     0.336
 4     0.904     0.422    -0.063
 4    -0.088     0.329     0.940
 5   122.591    27.191    13.150
 5     0.499     0.123     0.858
 5     0.790    -0.470    -0.393
 5     0.355     0.874    -0.331
 6   140.225    44.895    18.944
 6     0.654    -0.736    -0.179
 6     0.640     0.662    -0.388
 6     0.402     0.141     0.904
 7   117.105   -21.972    -5.465
 7     0.454     0.739     0.500
 7    -0.812     0.572    -0.110
 7    -0.367    -0.355     0.859
 8   126.001   -43.418     1.375
 8     0.568    -0.374     0.734
 8    -0.817    -0.147     0.557
 8    -0.100    -0.916    -0.388
 9   137.867   -59.169   -10.373
 9     0.662     0.702     0.267
 9    -0.729     0.683     0.014
 9    -0.171    -0.202     0.963
 2    97.603   -19.342    59.068
 2     0.658    -0.754     0.003
 2     0.753     0.657     0.029
 2    -0.023    -0.018     0.999
 3   134.251    -6.496     3.091
 3     0.425     0.030    -0.905
 3     0.116     0.989     0.088
 3     0.898    -0.143     0.416
 4   118.191     8.827    -6.779
 4     0.418    -0.842     0.341
 4     0.903     0.424    -0.059
 4    -0.094     0.332     0.938
 5   122.622    27.337    12.941
 5     0.499     0.127     0.857
 5     0.793    -0.464    -0.393
 5     0.348     0.876    -0.332
 6   140.154    45.065    18.439
 6     0.656    -0.735    -0.175
 6     0.644     0.664    -0.378
 6     0.393     0.137     0.909
 7   117.037   -21.813    -5.608
 7     0.450     0.736     0.508
 7    -0.805     0.578    -0.127
 7    -0.386    -0.351     0.852
 8   126.125   -43.257     0.585
 8     0.571    -0.388     0.725
 8    -0.811    -0.131     0.569
 8    -0.125    -0.912    -0.388
 9   137.809   -58.734   -11.524
 9     0.663     0.697     0.280
 9    -0.723     0.690    -0.006
 9    -0.196    -0.195     0.960
 2    97.603   -19.393    59.068
 2     0.658    -0.754     0.003
 2     0.752     0.657     0.029
 2    -0.023    -0.018     0.999
 3   134.315    -6.499     3.003
 3     0.427     0.029    -0.904
 3     0.116     0.989     0.087
 3     0.896    -0.143     0.418
 4   118.020     8.768    -6.857
 4     0.417    -0.841     0.347
 4     0.903     0.425    -0.052
 4    -0.103     0.334     0.936
 5   122.685    27.400    12.572
 5     0.503     0.138     0.853
 5     0.797    -0.455    -0.396
 5     0.334     0.879    -0.339
 6   140.300    45.207    17.815
 6     0.661    -0.732    -0.168
 6     0.646     0.667    -0.369
 6     0.381     0.137     0.914
 7   116.973   -21.744    -5.614
 7     0.447     0.737     0.508
 7    -0.804     0.578    -0.134
 7    -0.392    -0.349     0.850
 8   126.154   -43.187     0.312
 8     0.573    -0.396     0.718
 8    -0.808    -0.127     0.575
 8    -0.136    -0.909    -0.391
 9   137.839   -58.512   -11.932
 9     0.664     0.693     0.286
 9    -0.719     0.694    -0.011
 9    -0.205    -0.195     0.958
 2    97.603   -19.393    59.068
 2     0.658    -0.754     0.003
 2     0.752     0.657     0.029
 2    -0.023    -0.018     0.999
 3   134.363    -6.498     2.926
 3     0.428     0.027    -0.903
 3     0.117     0.989     0.085
 3     0.896    -0.142     0.420
 4   117.970     8.582    -6.953
 4     0.414    -0.841     0.349
 4     0.903     0.426    -0.041
 4    -0.114     0.332     0.936
 5   122.684    27.340    12.296
 5     0.504     0.144     0.851
 5     0.800    -0.448    -0.399
 5     0.324     0.882    -0.341
 6   140.346    45.196    17.216
 6     0.666    -0.730    -0.160
 6     0.648     0.669    -0.361
 6     0.369     0.138     0.919
 7   116.810   -21.711    -5.610
 7     0.442     0.736     0.515
 7    -0.798     0.582    -0.149
 7    -0.409    -0.345     0.844
 8   126.423   -43.023    -0.340
 8     0.577    -0.439     0.690
 8    -0.798    -0.125     0.589
 8    -0.172    -0.890    -0.421
 9   136.794   -58.666   -13.723
 9     0.631     0.642     0.443
 9    -0.727     0.684     0.046
 9    -0.273    -0.347     0.895
 2    97.603   -19.342    59.068
 2     0.658    -0.754     0.003
 2     0.752     0.657     0.029
 2    -0.023    -0.018     0.999
 3   134.306    -6.525     2.830
 3     0.430     0.022    -0.902
 3     0.118     0.990     0.080
 3     0.895    -0.141     0.423
 4   117.744     8.395    -7.102
 4     0.411    -0.840     0.356
 4     0.903     0.428    -0.032
 4    -0.125     0.333     0.934
 5   122.633    27.305    11.991
 5     0.507     0.153     0.848
 5     0.802    -0.442    -0.401
 5     0.314     0.884    -0.347
 6   140.366    45.186    16.667
 6     0.670    -0.728    -0.149
 6     0.651     0.671    -0.355
 6     0.357     0.142     0.923
 7   116.682   -21.724    -5.660
 7     0.438     0.728     0.530
 7    -0.792     0.589    -0.155
 7    -0.424    -0.352     0.833
 8   126.955   -42.692    -0.673
 8     0.581    -0.487     0.654
 8    -0.790    -0.144     0.595
 8    -0.195    -0.861    -0.467
 9   136.273   -58.689   -14.501
 9     0.598     0.502     0.629
 9    -0.731     0.660     0.170
 9    -0.330    -0.558     0.758
 2    97.603   -19.342    59.068
 2     0.658    -0.754     0.003
 2     0.752     0.657     0.029
 2    -0.023    -0.018     0.999
 3   134.349    -6.501     2.759
 3     0.432     0.018    -0.901
 3     0.118     0.990     0.076
 3     0.894    -0.140     0.426
 4   117.609     8.417    -7.091
 4     0.409    -0.840     0.357
 4     0.903     0.427    -0.028
 4    -0.129     0.334     0.933
 5   122.571    27.328    11.974
 5     0.507     0.160     0.847
 5     0.804    -0.442    -0.398
 5     0.310     0.883    -0.352
 6   140.294    45.307    16.256
 6     0.671    -0.729    -0.139
 6     0.654     0.669    -0.353
 6     0.349     0.147     0.925
 7   116.622   -21.550    -5.643
 7     0.439     0.723     0.536
 7    -0.789     0.593    -0.154
 7    -0.429    -0.355     0.830
 8   127.299   -42.436    -0.713
 8     0.584    -0.511     0.633
 8    -0.786    -0.157     0.597
 8    -0.206    -0.845    -0.492
 9   135.844   -58.893   -14.356
 9     0.568     0.355     0.745
 9    -0.740     0.614     0.273
 9    -0.361    -0.705     0.609
 2    97.603   -19.342    59.118
 2     0.658    -0.754     0.003
 2     0.752     0.657     0.029
 2    -0.023    -0.018     0.999
 3   134.286    -6.301     2.720
 3     0.435     0.011    -0.901
 3     0.120     0.990     0.070
 3     0.892    -0.139     0.429
 4   117.275     8.228    -7.206
 4     0.402    -0.840     0.364
 4     0.904     0.426    -0.014
 4    -0.143     0.334     0.931
 5   122.375    27.465    11.611
 5     0.508     0.176     0.843
 5     0.810    -0.431    -0.398
 5     0.293     0.885    -0.361
 6   140.018    45.589    15.036
 6     0.676    -0.730    -0.104
 6     0.663     0.662    -0.346
 6     0.321     0.166     0.932
 7   116.677   -21.675    -5.641
 7     0.440     0.716     0.543
 7    -0.789     0.595    -0.148
 7    -0.429    -0.364     0.826
 8   127.496   -42.427    -0.363
 8     0.582    -0.527     0.621
 8    -0.787    -0.174     0.591
 8    -0.203    -0.832    -0.515
 9   135.578   -59.389   -13.812
 9     0.549     0.314     0.776
 9    -0.757     0.578     0.303
 9    -0.354    -0.753     0.552
 2    97.603   -19.342    59.068
 2     0.658    -0.754     0.003
 2     0.752     0.657     0.029
 2    -0.023    -0.018     0.999
 3   134.332    -6.500     2.653
 3     0.435     0.009    -0.900
 3     0.128     0.989     0.072
 3     0.891    -0.147     0.429
 4   117.293     7.860    -7.367
 4     0.400    -0.840     0.367
 4     0.903     0.429     0.001
 4    -0.158     0.330     0.930
 5   122.436    27.299    11.022
 5     0.508     0.183     0.842
 5     0.815    -0.416    -0.402
 5     0.277     0.891    -0.360
 6   140.054    45.447    14.049
 6     0.680    -0.728    -0.096
 6     0.667     0.666    -0.331
 6     0.303     0.161     0.939
 7   116.668   -21.984    -5.516
 7     0.437     0.712     0.552
 7    -0.787     0.597    -0.149
 7    -0.435    -0.369     0.820
 8   127.818   -42.696    -0.800
 8     0.580    -0.556     0.598
