% Calibrated with leiden_pols
% Positions are in centimeters
Data =[
 2    97.653   -19.393    59.068
 2     0.658    -0.754     0.003
 2     0.752     0.657     0.029
 2    -0.023    -0.018     0.999
 3   134.415    -5.975     4.664
 3     0.464    -0.055    -0.884
 3     0.108     0.994    -0.005
 3     0.879    -0.094     0.467
 4   121.214    11.692    -3.708
 4     0.424    -0.879     0.218
 4     0.883     0.348    -0.314
 4     0.201     0.325     0.924
 5   122.194    18.530    22.533
 5     0.380    -0.444     0.813
 5     0.192    -0.821    -0.536
 5     0.905     0.358    -0.227
 6   136.310    23.370    44.856
 6     0.355    -0.542    -0.766
 6     0.124     0.835    -0.531
 6     0.927     0.091     0.362
 7   120.680   -23.733    -2.883
 7     0.475     0.837     0.273
 7    -0.875     0.417     0.243
 7     0.090    -0.354     0.931
 8   125.246   -29.970    22.518
 8     0.290     0.697     0.656
 8    -0.021    -0.680     0.732
 8     0.957    -0.225    -0.182
 9   135.843   -30.969    44.466
 9     0.272     0.496    -0.828
 9     0.071     0.845     0.527
 9     0.960    -0.200     0.193
 2    97.653   -19.342    59.068
 2     0.658    -0.754     0.003
 2     0.752     0.657     0.029
 2    -0.023    -0.018     0.999
 3   134.415    -5.976     4.664
 3     0.465    -0.055    -0.884
 3     0.106     0.994    -0.006
 3     0.879    -0.092     0.468
 4   121.440    11.852    -3.665
 4     0.431    -0.877     0.217
 4     0.877     0.349    -0.328
 4     0.212     0.331     0.919
 5   122.327    18.760    22.387
 5     0.375    -0.453     0.811
 5     0.197    -0.815    -0.544
 5     0.906     0.362    -0.215
 6   136.236    23.636    44.869
 6     0.343    -0.529    -0.781
 6     0.133     0.846    -0.512
 6     0.930     0.070     0.359
 7   120.776   -23.584    -2.982
 7     0.473     0.839     0.270
 7    -0.876     0.417     0.239
 7     0.089    -0.349     0.932
 8   125.292   -29.976    22.469
 8     0.288     0.697     0.657
 8    -0.025    -0.679     0.732
 8     0.957    -0.227    -0.177
 9   135.819   -31.022    44.390
 9     0.270     0.500    -0.825
 9     0.068     0.843     0.531
 9     0.960    -0.197     0.192
 2    97.603   -19.393    59.118
 2     0.658    -0.754     0.003
 2     0.752     0.657     0.029
 2    -0.023    -0.018     0.999
 3   134.510    -5.895     4.714
 3     0.457    -0.053    -0.888
 3     0.103     0.994    -0.006
 3     0.883    -0.089     0.459
 4   121.576    11.879    -3.625
 4     0.435    -0.875     0.213
 4     0.874     0.354    -0.332
 4     0.216     0.330     0.919
 5   122.724    19.097    22.389
 5     0.387    -0.460     0.801
 5     0.211    -0.800    -0.560
 5     0.897     0.385    -0.212
 6   137.019    23.803    44.674
 6     0.353    -0.488    -0.802
 6     0.138     0.871    -0.467
 6     0.925     0.052     0.373
 7   120.802   -23.506    -2.935
 7     0.474     0.839     0.268
 7    -0.876     0.418     0.240
 7     0.090    -0.348     0.933
 8   125.559   -30.091    22.402
 8     0.296     0.705     0.645
 8    -0.031    -0.667     0.743
 8     0.954    -0.240    -0.175
 9   136.349   -31.211    44.181
 9     0.279     0.492    -0.827
 9     0.062     0.848     0.524
 9     0.958    -0.196     0.204
 2    97.603   -19.342    59.068
 2     0.658    -0.754     0.003
 2     0.752     0.657     0.029
 2    -0.023    -0.018     0.999
 3   134.521    -5.892     4.701
 3     0.454    -0.053    -0.890
 3     0.102     0.995    -0.006
 3     0.885    -0.089     0.456
 4   121.632    11.853    -3.575
 4     0.440    -0.874     0.207
 4     0.871     0.359    -0.333
 4     0.217     0.327     0.919
 5   123.289    19.425    22.371
 5     0.410    -0.456     0.791
 5     0.231    -0.787    -0.571
 5     0.882     0.416    -0.217
 6   138.234    24.418    44.060
 6     0.377    -0.462    -0.806
 6     0.147     0.886    -0.436
 6     0.914     0.044     0.401
 7   120.866   -23.500    -2.903
 7     0.477     0.838     0.266
 7    -0.874     0.419     0.246
 7     0.096    -0.349     0.932
 8   126.123   -30.509    22.435
 8     0.326     0.696     0.640
 8    -0.053    -0.661     0.747
 8     0.944    -0.278    -0.178
 9   137.590   -31.856    43.554
 9     0.310     0.475    -0.826
 9     0.048     0.858     0.509
 9     0.949    -0.195     0.242
 2    97.653   -19.342    59.067
 2     0.658    -0.754     0.004
 2     0.752     0.657     0.029
 2    -0.023    -0.017     0.999
 3   134.536    -5.936     4.732
 3     0.447    -0.056    -0.893
 3     0.104     0.994    -0.010
 3     0.888    -0.089     0.450
 4   121.629    11.851    -3.619
 4     0.442    -0.873     0.206
 4     0.871     0.362    -0.331
 4     0.215     0.325     0.921
 5   124.115    19.913    22.391
 5     0.450    -0.435     0.781
 5     0.260    -0.773    -0.578
 5     0.854     0.462    -0.235
 6   140.090    24.987    43.064
 6     0.424    -0.430    -0.799
 6     0.158     0.902    -0.398
 6     0.891     0.041     0.450
 7   120.920   -23.444    -2.907
 7     0.484     0.833     0.269
 7    -0.870     0.423     0.253
 7     0.097    -0.356     0.929
 8   127.175   -30.778    22.461
 8     0.380     0.678     0.630
 8    -0.072    -0.656     0.750
 8     0.922    -0.330    -0.200
 9   139.692   -32.182    42.563
 9     0.366     0.447    -0.819
 9     0.041     0.869     0.490
 9     0.929    -0.211     0.298
 2    97.653   -19.393    59.068
 2     0.658    -0.754     0.003
 2     0.752     0.657     0.029
 2    -0.023    -0.018     0.999
 3   134.524    -5.828     4.710
 3     0.441    -0.065    -0.895
 3     0.106     0.994    -0.019
 3     0.891    -0.087     0.445
 4   121.626    11.847    -3.715
 4     0.450    -0.869     0.206
 4     0.867     0.370    -0.332
 4     0.213     0.327     0.920
 5   125.292    20.422    22.520
 5     0.514    -0.402     0.759
 5     0.292    -0.749    -0.593
 5     0.806     0.526    -0.268
 6   142.478    25.434    41.587
 6     0.492    -0.389    -0.782
 6     0.157     0.919    -0.356
 6     0.856     0.052     0.512
 7   120.859   -23.368    -2.942
 7     0.494     0.825     0.277
 7    -0.865     0.432     0.254
 7     0.091    -0.364     0.926
 8   128.224   -31.101    22.345
 8     0.444     0.656     0.612
 8    -0.089    -0.646     0.757
 8     0.891    -0.391    -0.228
 9   141.864   -32.223    41.321
 9     0.423     0.405    -0.813
 9     0.040     0.885     0.460
 9     0.905    -0.227     0.357
 2    97.603   -19.342    59.118
 2     0.658    -0.754     0.003
 2     0.752     0.657     0.029
 2    -0.023    -0.018     0.999
 3   134.378    -5.775     4.651
 3     0.438    -0.072    -0.896
 3     0.108     0.994    -0.026
 3     0.892    -0.086     0.443
 4   121.500    12.012    -3.814
 4     0.461    -0.862     0.215
 4     0.864     0.380    -0.329
 4     0.202     0.337     0.919
 5   126.607    20.623    22.403
 5     0.581    -0.369     0.727
 5     0.307    -0.727    -0.612
 5     0.754     0.578    -0.309
 6   144.972    25.599    39.918
 6     0.561    -0.364    -0.745
 6     0.154     0.929    -0.335
 6     0.813     0.073     0.576
 7   120.706   -23.221    -3.029
 7     0.504     0.814     0.290
 7    -0.860     0.443     0.251
 7     0.077    -0.375     0.923
 8   129.326   -31.502    22.078
 8     0.505     0.623     0.599
 8    -0.112    -0.639     0.760
 8     0.855    -0.451    -0.252
 9   144.139   -32.760    39.583
 9     0.488     0.380    -0.786
 9     0.028     0.893     0.448
 9     0.872    -0.241     0.425
 2    97.603   -19.393    59.118
 2     0.658    -0.754     0.003
 2     0.752     0.657     0.029
 2    -0.023    -0.018     0.999
 3   134.364    -5.744     4.562
 3     0.433    -0.073    -0.899
 3     0.110     0.993    -0.027
 3     0.894    -0.088     0.438
 4   121.397    12.075    -3.910
 4     0.470    -0.854     0.226
 4     0.862     0.388    -0.325
 4     0.190     0.347     0.918
 5   127.722    20.972    22.128
 5     0.626    -0.339     0.704
 5     0.320    -0.710    -0.625
 5     0.711     0.616    -0.336
 6   147.018    25.929    38.191
 6     0.615    -0.344    -0.710
 6     0.156     0.935    -0.316
 6     0.772     0.084     0.629
 7   120.570   -23.105    -3.153
 7     0.513     0.804     0.304
 7    -0.857     0.454     0.244
 7     0.059    -0.385     0.921
 8   129.978   -32.092    21.730
 8     0.564     0.562     0.606
 8    -0.153    -0.649     0.744
 8     0.811    -0.512    -0.280
 9   145.822   -34.065    37.690
 9     0.549     0.377    -0.747
 9    -0.000     0.892     0.449
 9     0.835    -0.246     0.490
 2    97.602   -19.342    59.118
 2     0.658    -0.754     0.003
 2     0.753     0.657     0.029
 2    -0.023    -0.018     0.999
 3   134.339    -5.734     4.437
 3     0.424    -0.065    -0.903
 3     0.114     0.993    -0.017
 3     0.898    -0.096     0.429
 4   121.364    11.985    -4.025
 4     0.480    -0.845     0.238
 4     0.859     0.398    -0.320
 4     0.176     0.357     0.917
 5   128.521    21.011    21.758
 5     0.655    -0.316     0.688
 5     0.325    -0.703    -0.631
 5     0.682     0.637    -0.358
 6   148.200    25.949    36.968
 6     0.648    -0.335    -0.685
 6     0.156     0.938    -0.309
 6     0.745     0.093     0.660
 7   120.555   -23.109    -3.256
 7     0.516     0.798     0.312
 7    -0.855     0.458     0.242
 7     0.051    -0.391     0.918
 8   130.676   -32.359    21.498
 8     0.617     0.514     0.599
 8    -0.172    -0.652     0.737
 8     0.768    -0.557    -0.313
 9   147.265   -34.641    36.265
 9     0.597     0.369    -0.713
 9    -0.013     0.892     0.450
 9     0.802    -0.260     0.538
 2    97.603   -19.393    59.068
 2     0.658    -0.754     0.003
 2     0.752     0.657     0.029
 2    -0.023    -0.018     0.999
 3   134.259    -5.726     4.419
 3     0.417    -0.061    -0.907
 3     0.118     0.993    -0.011
 3     0.901    -0.103     0.421
 4   121.180    11.919    -4.062
 4     0.489    -0.837     0.250
 4     0.857     0.406    -0.314
 4     0.161     0.367     0.916
 5   129.330    21.069    21.306
 5     0.687    -0.292     0.667
 5     0.330    -0.691    -0.642
 5     0.647     0.661    -0.379
 6   149.675    26.033    35.355
 6     0.690    -0.317    -0.652
 6     0.154     0.943    -0.294
 6     0.707     0.103     0.699
 7   120.348   -23.171    -3.305
 7     0.521     0.788     0.329
 7    -0.853     0.464     0.236
 7     0.034    -0.403     0.914
 8   131.685   -32.886    20.858
 8     0.669     0.458     0.586
 8    -0.195    -0.651     0.732
 8     0.716    -0.604    -0.347
 9   149.082   -35.512    33.863
 9     0.658     0.354    -0.665
 9    -0.031     0.895     0.444
 9     0.752    -0.272     0.600
 2    97.603   -19.393    59.068
 2     0.658    -0.754     0.003
 2     0.752     0.657     0.029
 2    -0.023    -0.018     0.999
 3   134.076    -5.805     4.308
 3     0.419    -0.053    -0.906
 3     0.121     0.992    -0.002
 3     0.899    -0.109     0.422
 4   120.887    11.902    -4.147
 4     0.497    -0.826     0.269
 4     0.856     0.414    -0.308
 4     0.144     0.383     0.912
 5   130.000    21.156    20.840
 5     0.717    -0.268     0.645
 5     0.331    -0.683    -0.650
 5     0.614     0.679    -0.401
 6   150.858    25.966    33.731
 6     0.728    -0.303    -0.616
 6     0.149     0.946    -0.286
 6     0.669     0.116     0.733
 7   119.969   -23.147    -3.490
 7     0.531     0.768     0.361
 7    -0.848     0.483     0.218
 7    -0.006    -0.421     0.906
 8   132.871   -33.343    19.781
 8     0.725     0.405     0.559
 8    -0.217    -0.635     0.740
 8     0.654    -0.658    -0.373
 9   151.150   -36.059    30.742
 9     0.721     0.322    -0.615
 9    -0.047     0.906     0.419
 9     0.691    -0.274     0.668
 2    97.603   -19.342    59.068
 2     0.658    -0.754     0.003
 2     0.752     0.657     0.029
 2    -0.023    -0.018     0.999
 3   133.948    -5.808     4.240
 3     0.423    -0.048    -0.905
 3     0.120     0.992     0.003
 3     0.898    -0.111     0.425
 4   120.757    11.941    -4.271
 4     0.505    -0.816     0.283
 4     0.853     0.421    -0.308
 4     0.132     0.396     0.908
 5   130.516    21.025    20.605
 5     0.738    -0.262     0.624
 5     0.319    -0.678    -0.661
 5     0.594     0.687    -0.417
 6   151.660    25.658    32.761
 6     0.752    -0.285    -0.595
 6     0.137     0.950    -0.280
 6     0.644     0.130     0.753
 7   119.788   -22.988    -3.588
 7     0.537     0.755     0.378
 7    -0.843     0.497     0.204
 7    -0.033    -0.428     0.903
 8   134.235   -33.753    18.604
 8     0.781     0.345     0.522
 8    -0.233    -0.613     0.753
 8     0.579    -0.711    -0.399
 9   153.629   -36.667    26.830
 9     0.789     0.282    -0.547
 9    -0.061     0.920     0.386
 9     0.611    -0.271     0.743
 2    97.603   -19.393    59.068
 2     0.658    -0.754     0.003
 2     0.752     0.657     0.029
 2    -0.023    -0.018     0.999
 3   133.775    -5.809     4.241
 3     0.423    -0.044    -0.905
 3     0.119     0.993     0.008
 3     0.898    -0.112     0.425
 4   120.563    11.932    -4.251
 4     0.510    -0.810     0.293
 4     0.851     0.425    -0.306
 4     0.124     0.404     0.906
 5   130.868    20.980    20.354
 5     0.752    -0.251     0.611
 5     0.316    -0.674    -0.666
 5     0.578     0.694    -0.429
 6   152.239    25.462    31.963
 6     0.768    -0.274    -0.580
 6     0.132     0.952    -0.274
 6     0.627     0.133     0.767
 7   119.483   -22.912    -3.703
 7     0.548     0.734     0.404
 7    -0.833     0.519     0.186
 7    -0.072    -0.438     0.895
 8   135.837   -34.104    16.812
 8     0.847     0.256     0.466
 8    -0.245    -0.591     0.768
 8     0.471    -0.765    -0.439
 9   156.076   -36.767    21.631
 9     0.868     0.225    -0.442
 9    -0.062     0.933     0.355
 9     0.491    -0.281     0.824
 2    97.603   -19.342    59.118
 2     0.658    -0.754     0.003
 2     0.752     0.657     0.029
 2    -0.023    -0.018     0.999
 3   133.641    -5.812     4.154
 3     0.426    -0.036    -0.904
 3     0.120     0.992     0.017
 3     0.896    -0.116     0.427
 4   120.212    11.914    -4.406
 4     0.515    -0.797     0.316
 4     0.851     0.431    -0.300
 4     0.104     0.422     0.900
 5   131.257    21.151    19.817
 5     0.771    -0.229     0.595
 5     0.321    -0.667    -0.671
 5     0.549     0.709    -0.442
 6   153.106    25.474    30.279
 6     0.799    -0.256    -0.545
 6     0.128     0.956    -0.261
 6     0.588     0.139     0.796
 7   119.140   -22.860    -3.732
 7     0.553     0.717     0.426
 7    -0.827     0.536     0.170
 7    -0.105    -0.445     0.889
 8   136.947   -34.367    15.010
 8     0.890     0.182     0.418
 8    -0.251    -0.569     0.782
 8     0.380    -0.802    -0.461
 9   157.394   -36.823    17.071
 9     0.918     0.181    -0.351
 9    -0.062     0.943     0.326
 9     0.390    -0.277     0.877
 2    97.603   -19.393    59.118
 2     0.658    -0.754     0.003
 2     0.752     0.657     0.029
 2    -0.023    -0.018     0.999
 3   133.452    -5.767     4.049
 3     0.433    -0.031    -0.901
 3     0.120     0.992     0.024
 3     0.893    -0.119     0.433
 4   119.896    11.897    -4.465
 4     0.521    -0.788     0.332
 4     0.849     0.437    -0.294
 4     0.087     0.434     0.896
 5   131.472    21.127    19.454
 5     0.787    -0.215     0.579
 5     0.319    -0.661    -0.678
 5     0.528     0.718    -0.453
 6   153.629    25.318    29.189
 6     0.820    -0.240    -0.520
 6     0.120     0.959    -0.254
 6     0.559     0.146     0.816
 7   118.728   -22.787    -3.814
 7     0.547     0.710     0.447
 7    -0.826     0.542     0.149
 7    -0.136    -0.449     0.882
 8   137.470   -34.571    13.478
 8     0.918     0.123     0.376
 8    -0.254    -0.546     0.798
 8     0.303    -0.829    -0.471
 9   158.281   -36.267    12.887
 9     0.958     0.118    -0.260
 9    -0.039     0.955     0.294
 9     0.283    -0.270     0.920
 2    97.603   -19.342    59.118
 2     0.658    -0.754     0.003
 2     0.752     0.657     0.029
 2    -0.023    -0.018     0.999
 3   133.290    -5.925     3.893
 3     0.439    -0.021    -0.898
 3     0.120     0.992     0.035
 3     0.890    -0.124     0.438
 4   119.682    11.652    -4.599
 4     0.530    -0.776     0.345
 4     0.845     0.448    -0.289
 4     0.070     0.444     0.892
 5   131.926    21.020    18.956
 5     0.805    -0.201     0.559
 5     0.315    -0.653    -0.688
 5     0.502     0.730    -0.464
 6   154.346    24.827    27.658
 6     0.844    -0.216    -0.490
 6     0.108     0.965    -0.240
 6     0.525     0.149     0.838
 7   118.245   -22.916    -3.774
 7     0.539     0.704     0.464
 7    -0.826     0.548     0.126
 7    -0.165    -0.450     0.876
 8   137.969   -34.838    11.501
 8     0.941     0.048     0.336
 8    -0.265    -0.516     0.814
 8     0.212    -0.855    -0.474
 9   158.470   -36.185     7.868
 9     0.986     0.069    -0.149
 9    -0.029     0.965     0.260
 9     0.161    -0.252     0.954
 2    97.603   -19.393    59.068
 2     0.658    -0.754     0.003
 2     0.752     0.657     0.029
 2    -0.023    -0.018     0.999
 3   133.152    -6.006     3.814
 3     0.445    -0.013    -0.895
 3     0.122     0.991     0.047
 3     0.887    -0.130     0.443
 4   119.394    11.637    -4.685
 4     0.533    -0.767     0.359
 4     0.844     0.454    -0.283
 4     0.054     0.453     0.889
 5   132.118    20.996    18.516
 5     0.818    -0.187     0.544
 5     0.314    -0.648    -0.693
 5     0.481     0.739    -0.472
 6   154.799    24.621    26.487
 6     0.862    -0.202    -0.465
 6     0.102     0.967    -0.232
 6     0.496     0.152     0.854
 7   117.766   -22.848    -3.763
 7     0.534     0.696     0.482
 7    -0.821     0.561     0.098
 7    -0.202    -0.447     0.870
 8   138.073   -35.145     9.005
 8     0.952    -0.048     0.300
 8    -0.285    -0.485     0.826
 8     0.106    -0.873    -0.476
 9   158.222   -36.231     1.756
 9     1.000     0.022    -0.003
 9    -0.021     0.973     0.230
 9     0.008    -0.230     0.973
 2    97.603   -19.342    59.068
 2     0.658    -0.754     0.003
 2     0.752     0.657     0.029
 2    -0.023    -0.018     0.999
 3   132.965    -6.014     3.758
 3     0.452    -0.004    -0.892
 3     0.119     0.991     0.056
 3     0.884    -0.132     0.449
 4   119.138    11.522    -4.653
 4     0.538    -0.757     0.373
 4     0.842     0.460    -0.280
 4     0.041     0.463     0.884
 5   132.393    20.922    18.143
 5     0.832    -0.176     0.527
 5     0.308    -0.644    -0.699
 5     0.462     0.744    -0.483
 6   155.352    24.313    25.292
 6     0.880    -0.184    -0.438
 6     0.091     0.970    -0.225
 6     0.466     0.157     0.870
 7   117.143   -22.587    -3.805
 7     0.525     0.690     0.500
 7    -0.814     0.576     0.058
 7    -0.247    -0.437     0.864
 8   137.591   -35.453     6.487
 8     0.950    -0.140     0.278
 8    -0.311    -0.445     0.840
 8     0.006    -0.885    -0.466
 9   156.915   -36.340    -3.505
 9     0.993     0.006     0.118
 9    -0.029     0.981     0.188
 9    -0.115    -0.192     0.975
 2    97.603   -19.342    59.068
 2     0.658    -0.754     0.003
 2     0.752     0.657     0.029
 2    -0.023    -0.018     0.999
 3   132.766    -5.976     3.638
 3     0.462     0.006    -0.887
 3     0.112     0.991     0.065
 3     0.879    -0.130     0.457
 4   118.810    11.612    -4.627
 4     0.544    -0.747     0.386
 4     0.838     0.465    -0.281
 4     0.030     0.475     0.879
 5   132.550    20.903    17.912
 5     0.842    -0.166     0.513
 5     0.302    -0.643    -0.703
 5     0.446     0.748    -0.492
 6   155.564    24.119    24.734
 6     0.889    -0.175    -0.423
 6     0.085     0.971    -0.222
 6     0.450     0.161     0.878
 7   116.408   -22.276    -3.660
 7     0.524     0.678     0.517
 7    -0.799     0.600     0.021
 7    -0.296    -0.424     0.855
 8   136.861   -35.713     4.032
 8     0.937    -0.238     0.255
 8    -0.335    -0.408     0.849
 8    -0.098    -0.882    -0.462
 9   154.805   -36.903    -9.145
 9     0.966     0.009     0.258
 9    -0.051     0.986     0.154
 9    -0.253    -0.164     0.954
 2    97.603   -19.342    59.068
 2     0.658    -0.754     0.003
 2     0.752     0.657     0.029
 2    -0.023    -0.018     0.999
 3   132.628    -6.085     3.530
 3     0.469     0.014    -0.883
 3     0.108     0.991     0.073
 3     0.876    -0.130     0.464
 4   118.630    11.549    -4.644
 4     0.547    -0.739     0.396
 4     0.837     0.471    -0.276
 4     0.017     0.481     0.876
 5   132.730    20.885    17.559
 5     0.851    -0.154     0.503
 5     0.303    -0.638    -0.708
 5     0.429     0.755    -0.497
 6   155.698    24.156    23.977
 6     0.897    -0.170    -0.408
 6     0.085     0.972    -0.218
 6     0.433     0.160     0.887
 7   115.785   -22.033    -3.593
 7     0.513     0.669     0.539
 7    -0.779     0.625    -0.035
 7    -0.360    -0.401     0.841
 8   135.737   -35.918     0.731
 8     0.908    -0.343     0.239
 8    -0.357    -0.339     0.870
 8    -0.217    -0.876    -0.431
 9   151.996   -36.699   -15.564
 9     0.913     0.017     0.407
 9    -0.063     0.993     0.094
 9    -0.402    -0.114     0.908
 2    97.603   -19.393    59.068
 2     0.658    -0.754     0.003
 2     0.752     0.657     0.029
 2    -0.023    -0.018     0.999
 3   132.514    -6.096     3.421
 3     0.478     0.020    -0.878
 3     0.100     0.992     0.077
 3     0.873    -0.125     0.471
 4   118.433    11.539    -4.674
 4     0.551    -0.730     0.407
 4     0.834     0.476    -0.276
 4     0.008     0.490     0.871
 5   133.015    20.971    17.299
 5     0.858    -0.143     0.493
 5     0.303    -0.635    -0.710
 5     0.414     0.759    -0.503
 6   155.971    24.137    22.980
 6     0.907    -0.163    -0.387
 6     0.084     0.974    -0.212
 6     0.411     0.159     0.897
 7   115.096   -21.601    -3.552
 7     0.492     0.670     0.558
 7    -0.757     0.643    -0.106
 7    -0.430    -0.371     0.823
 8   134.199   -35.701    -2.663
 8     0.867    -0.443     0.228
 8    -0.366    -0.257     0.894
 8    -0.337    -0.859    -0.385
 9   148.096   -35.867   -22.077
 9     0.839     0.040     0.543
 9    -0.060     0.998     0.014
 9    -0.541    -0.046     0.839
 2    97.603   -19.393    59.068
 2     0.658    -0.754     0.003
 2     0.752     0.657     0.029
 2    -0.023    -0.018     0.999
 3   132.469    -6.059     3.341
 3     0.487     0.027    -0.873
 3     0.087     0.993     0.079
 3     0.869    -0.115     0.481
 4   118.418    11.634    -4.609
 4     0.556    -0.723     0.413
 4     0.831     0.480    -0.277
 4     0.002     0.496     0.867
 5   133.161    20.907    17.104
 5     0.865    -0.136     0.483
 5     0.298    -0.635    -0.712
 5     0.403     0.761    -0.509
 6   156.186    23.996    22.494
 6     0.914    -0.156    -0.374
 6     0.080     0.974    -0.210
 6     0.396     0.161     0.903
 7   114.085   -21.023    -3.493
 7     0.459     0.670     0.585
 7    -0.734     0.655    -0.175
 7    -0.500    -0.349     0.791
 8   131.987   -35.397    -6.226
 8     0.807    -0.546     0.225
 8    -0.366    -0.163     0.916
 8    -0.463    -0.822    -0.331
 9   143.359   -34.426   -28.177
 9     0.744     0.070     0.664
 9    -0.038     0.997    -0.068
 9    -0.666     0.024     0.744
 2    97.603   -19.342    59.068
 2     0.658    -0.754     0.003
 2     0.752     0.657     0.029
 2    -0.023    -0.018     0.999
 3   132.275    -6.131     3.216
 3     0.504     0.034    -0.863
 3     0.075     0.994     0.083
 3     0.860    -0.107     0.498
 4   118.190    11.647    -4.528
 4     0.561    -0.713     0.423
 4     0.828     0.487    -0.275
 4    -0.010     0.504     0.863
 5   133.304    20.841    16.966
 5     0.873    -0.130     0.470
 5     0.292    -0.632    -0.717
 5     0.390     0.764    -0.514
 6   156.447    23.699    21.739
 6     0.923    -0.141    -0.358
 6     0.071     0.976    -0.204
 6     0.378     0.162     0.911
 7   113.218   -20.461    -3.416
 7     0.417     0.676     0.609
 7    -0.721     0.652    -0.232
 7    -0.554    -0.342     0.758
 8   129.588   -35.000    -8.745
 8     0.747    -0.612     0.260
 8    -0.370    -0.058     0.927
 8    -0.552    -0.788    -0.270
 9   139.300   -33.010   -31.906
 9     0.674     0.126     0.727
 9    -0.012     0.987    -0.165
 9    -0.738     0.101     0.666
 2    97.603   -19.393    59.068
 2     0.658    -0.754     0.003
 2     0.752     0.657     0.029
 2    -0.023    -0.018     0.999
 3   132.099    -6.153     3.101
 3     0.524     0.039    -0.851
 3     0.066     0.994     0.087
 3     0.849    -0.102     0.518
 4   117.928    11.681    -4.587
 4     0.566    -0.702     0.435
 4     0.824     0.496    -0.270
 4    -0.026     0.510     0.859
 5   133.456    20.870    16.541
 5     0.882    -0.120     0.455
 5     0.288    -0.627    -0.723
 5     0.371     0.769    -0.520
 6   156.630    23.477    20.864
 6     0.931    -0.128    -0.341
 6     0.064     0.979    -0.194
 6     0.358     0.158     0.920
 7   112.551   -20.132    -3.451
 7     0.379     0.683     0.626
 7    -0.715     0.644    -0.271
 7    -0.588    -0.345     0.731
 8   128.019   -34.759   -10.081
 8     0.705    -0.654     0.275
 8    -0.373    -0.013     0.927
 8    -0.603    -0.756    -0.253
 9   136.481   -32.321   -33.881
 9     0.623     0.149     0.768
 9    -0.003     0.982    -0.192
 9    -0.782     0.117     0.611
 2    97.603   -19.393    59.068
 2     0.658    -0.754     0.003
 2     0.752     0.657     0.029
 2    -0.023    -0.018     0.999
 3   131.957    -6.168     3.024
 3     0.539     0.039    -0.842
 3     0.061     0.994     0.085
 3     0.840    -0.098     0.533
 4   117.730    11.595    -4.588
 4     0.568    -0.695     0.444
 4     0.822     0.500    -0.268
 4    -0.036     0.516     0.855
 5   133.484    20.809    16.391
 5     0.887    -0.115     0.448
 5     0.286    -0.624    -0.726
 5     0.362     0.772    -0.522
 6   156.824    23.313    20.349
 6     0.937    -0.120    -0.328
 6     0.060     0.980    -0.189
 6     0.344     0.157     0.925
 7   112.167   -19.882    -3.466
 7     0.354     0.684     0.639
 7    -0.711     0.639    -0.291
 7    -0.607    -0.351     0.712
 8   127.177   -34.616   -10.818
 8     0.682    -0.675     0.281
 8    -0.371     0.011     0.928
 8    -0.630    -0.738    -0.242
 9   135.119   -31.971   -34.895
 9     0.596     0.144     0.790
 9     0.009     0.982    -0.190
 9    -0.803     0.120     0.582
 2    97.603   -19.393    59.068
 2     0.658    -0.754     0.003
 2     0.752     0.657     0.029
 2    -0.023    -0.018     0.999
 3   132.030    -6.229     2.878
 3     0.548     0.040    -0.835
 3     0.058     0.994     0.085
 3     0.834    -0.096     0.543
 4   117.707    11.536    -4.769
 4     0.570    -0.688     0.453
 4     0.821     0.504    -0.266
 4    -0.045     0.522     0.851
 5   133.735    20.747    16.067
 5     0.891    -0.109     0.440
 5     0.285    -0.620    -0.730
 5     0.352     0.777    -0.522
 6   157.047    23.096    19.633
 6     0.942    -0.110    -0.316
 6     0.054     0.982    -0.180
 6     0.330     0.151     0.931
 7   112.081   -19.830    -3.441
 7     0.339     0.680     0.651
 7    -0.703     0.642    -0.306
 7    -0.625    -0.354     0.694
 8   126.707   -34.369   -11.555
 8     0.661    -0.696     0.281
 8    -0.363     0.030     0.931
 8    -0.657    -0.717    -0.232
 9   133.703   -31.250   -36.126
 9     0.560     0.149     0.815
 9     0.024     0.980    -0.199
 9    -0.828     0.131     0.544
 2    97.603   -19.342    59.068
 2     0.658    -0.754     0.003
 2     0.752     0.657     0.029
 2    -0.023    -0.018     0.999
 3   132.058    -6.262     2.727
 3     0.556     0.039    -0.830
 3     0.056     0.995     0.084
 3     0.829    -0.094     0.550
 4   117.675    11.423    -4.859
 4     0.569    -0.683     0.461
 4     0.820     0.510    -0.257
 4    -0.059     0.523     0.849
 5   133.898    20.732    15.580
 5     0.897    -0.100     0.430
 5     0.285    -0.613    -0.736
 5     0.337     0.783    -0.522
 6   157.285    23.030    18.700
 6     0.948    -0.099    -0.301
 6     0.050     0.984    -0.167
 6     0.312     0.143     0.939
 7   111.697   -19.653    -3.446
 7     0.320     0.685     0.655
 7    -0.697     0.637    -0.326
 7    -0.641    -0.353     0.681
 8   125.959   -34.191   -12.068
 8     0.644    -0.709     0.287
 8    -0.360     0.050     0.931
 8    -0.675    -0.703    -0.223
 9   132.485   -30.735   -36.784
 9     0.543     0.157     0.825
 9     0.037     0.976    -0.213
 9    -0.839     0.147     0.523
 2    97.603   -19.342    59.118
 2     0.658    -0.754     0.003
 2     0.752     0.657     0.029
 2    -0.023    -0.018     0.999
 3   131.812    -6.319     2.626
 3     0.564     0.038    -0.825
 3     0.057     0.995     0.085
 3     0.824    -0.095     0.558
 4   117.171    11.174    -5.053
 4     0.567    -0.673     0.477
 4     0.820     0.517    -0.244
 4    -0.082     0.528     0.844
 5   133.905    20.712    15.051
 5     0.904    -0.090     0.418
 5     0.283    -0.606    -0.743
 5     0.319     0.790    -0.523
 6   157.363    22.678    17.480
 6     0.957    -0.084    -0.279
 6     0.042     0.987    -0.153
 6     0.288     0.133     0.948
 7   111.419   -19.718    -3.458
 7     0.303     0.686     0.662
 7    -0.700     0.630    -0.334
 7    -0.647    -0.362     0.671
 8   125.497   -34.277   -12.219
 8     0.636    -0.715     0.291
 8    -0.362     0.056     0.930
 8    -0.681    -0.697    -0.223
 9   131.824   -30.823   -37.013
 9     0.532     0.159     0.832
 9     0.042     0.975    -0.216
 9    -0.846     0.150     0.511
 2    97.603   -19.342    59.068
 2     0.658    -0.754     0.003
 2     0.752     0.657     0.029
 2    -0.023    -0.018     0.999
 3   131.864    -6.444     2.526
 3     0.563     0.042    -0.825
 3     0.059     0.994     0.090
 3     0.824    -0.100     0.557
 4   117.235    10.904    -5.285
 4     0.568    -0.667     0.484
 4     0.817     0.526    -0.233
 4    -0.099     0.526     0.843
 5   134.256    20.512    14.277
 5     0.912    -0.078     0.402
 5     0.281    -0.596    -0.752
 5     0.298     0.799    -0.522
 6   157.761    22.172    16.168
 6     0.964    -0.065    -0.255
 6     0.031     0.990    -0.137
 6     0.261     0.123     0.957
 7   111.391   -19.773    -3.492
 7     0.297     0.686     0.665
 7    -0.699     0.629    -0.338
 7    -0.650    -0.365     0.666
 8   125.357   -34.284   -12.347
 8     0.631    -0.720     0.290
 8    -0.361     0.058     0.930
 8    -0.687    -0.692    -0.223
 9   131.546   -30.753   -37.275
 9     0.523     0.156     0.838
 9     0.048     0.976    -0.214
 9    -0.851     0.152     0.502
 2    97.603   -19.393    59.068
 2     0.658    -0.754     0.003
 2     0.752     0.657     0.029
 2    -0.023    -0.018     0.999
 3   131.875    -6.643     2.517
 3     0.560     0.045    -0.827
 3     0.061     0.993     0.096
 3     0.826    -0.105     0.554
 4   117.093    10.708    -5.410
 4     0.570    -0.659     0.493
 4     0.813     0.537    -0.222
 4    -0.118     0.526     0.841
 5   134.513    20.417    13.771
 5     0.919    -0.066     0.390
 5     0.279    -0.591    -0.757
 5     0.280     0.804    -0.525
 6   158.001    21.790    15.011
 6     0.972    -0.048    -0.228
 6     0.019     0.991    -0.130
 6     0.232     0.121     0.965
 7   111.336   -19.829    -3.476
 7     0.292     0.686     0.666
 7    -0.698     0.628    -0.342
 7    -0.653    -0.366     0.662
 8   125.297   -34.237   -12.459
 8     0.628    -0.723     0.288
 8    -0.358     0.059     0.931
 8    -0.691    -0.688    -0.222
 9   131.296   -30.476   -37.401
 9     0.517     0.153     0.842
 9     0.057     0.975    -0.215
 9    -0.854     0.159     0.495
 2    97.603   -19.342    59.068
 2     0.658    -0.754     0.003
 2     0.753     0.657     0.029
 2    -0.023    -0.018     0.999
 3   131.875    -6.643     2.467
 3     0.560     0.045    -0.827
 3     0.062     0.993     0.097
 3     0.826    -0.106     0.553
 4   117.029    10.653    -5.444
 4     0.567    -0.660     0.495
 4     0.814     0.537    -0.216
 4    -0.124     0.525     0.841
 5   134.483    20.415    13.751
 5     0.919    -0.064     0.390
 5     0.280    -0.591    -0.756
 5     0.278     0.804    -0.525
 6   157.993    21.889    14.842
 6     0.973    -0.049    -0.225
 6     0.020     0.991    -0.130
 6     0.229     0.121     0.966
 7   111.363   -19.791    -3.562
 7     0.287     0.682     0.673
 7    -0.691     0.633    -0.348
 7    -0.663    -0.366     0.653
 8   125.250   -34.119   -12.738
 8     0.623    -0.729     0.286
 8    -0.352     0.064     0.933
 8    -0.698    -0.681    -0.217
 9   130.773   -30.258   -38.019
 9     0.503     0.154     0.850
 9     0.066     0.974    -0.219
 9    -0.861     0.167     0.479
 2    97.603   -19.342    59.068
 2     0.658    -0.754     0.003
 2     0.752     0.657     0.029
 2    -0.023    -0.018     0.999
 3   132.005    -6.667     2.437
 3     0.559     0.048    -0.828
 3     0.061     0.993     0.099
 3     0.827    -0.106     0.552
 4   117.102    10.566    -5.539
 4     0.568    -0.654     0.503
 4     0.812     0.544    -0.209
 4    -0.136     0.526     0.838
 5   134.814    20.449    13.220
 5     0.923    -0.051     0.381
 5     0.282    -0.584    -0.760
 5     0.260     0.810    -0.526
 6   158.255    21.721    13.960
 6     0.977    -0.042    -0.207
 6     0.017     0.992    -0.121
 6     0.210     0.114     0.971
 7   111.307   -19.695    -3.547
 7     0.283     0.683     0.674
 7    -0.691     0.631    -0.351
 7    -0.666    -0.366     0.650
 8   125.085   -34.049   -12.825
 8     0.620    -0.730     0.287
 8    -0.349     0.070     0.934
 8    -0.702    -0.679    -0.212
 9   130.758   -29.766   -37.944
 9     0.503     0.147     0.851
 9     0.081     0.972    -0.219
 9    -0.860     0.180     0.476
 2    97.603   -19.342    59.068
 2     0.658    -0.754     0.003
 2     0.753     0.657     0.029
 2    -0.023    -0.018     0.999
 3   131.952    -6.769     2.392
 3     0.560     0.050    -0.827
 3     0.063     0.992     0.103
 3     0.826    -0.110     0.552
 4   117.024    10.402    -5.685
 4     0.568    -0.647     0.511
 4     0.809     0.549    -0.204
 4    -0.148     0.529     0.835
 5   134.948    20.290    12.933
 5     0.926    -0.045     0.375
 5     0.281    -0.584    -0.761
 5     0.253     0.810    -0.529
 6   158.420    21.632    13.218
 6     0.981    -0.037    -0.191
 6     0.015     0.993    -0.120
 6     0.194     0.114     0.974
 7   111.260   -19.799    -3.537
 7     0.277     0.682     0.678
 7    -0.691     0.630    -0.352
 7    -0.667    -0.371     0.645
 8   125.048   -34.079   -12.886
 8     0.617    -0.733     0.286
 8    -0.347     0.071     0.935
 8    -0.706    -0.676    -0.210
 9   130.496   -29.539   -38.123
 9     0.495     0.146     0.856
 9     0.094     0.970    -0.223
 9    -0.864     0.191     0.466
 2    97.603   -19.342    59.068
 2     0.658    -0.754     0.003
 2     0.752     0.657     0.029
 2    -0.023    -0.018     0.999
 3   132.032    -6.824     2.243
 3     0.566     0.051    -0.823
 3     0.066     0.992     0.107
 3     0.821    -0.116     0.558
 4   116.843    10.255    -5.932
 4     0.565    -0.635     0.529
 4     0.807     0.556    -0.194
 4    -0.171     0.536     0.826
 5   135.235    20.316    12.143
 5     0.932    -0.024     0.362
 5     0.282    -0.578    -0.766
 5     0.227     0.816    -0.532
 6   158.543    21.601    11.498
 6     0.987    -0.027    -0.155
 6     0.010     0.994    -0.110
 6     0.157     0.106     0.982
 7   111.087   -19.805    -3.515
 7     0.268     0.678     0.684
 7    -0.692     0.629    -0.354
 7    -0.670    -0.379     0.637
 8   124.759   -34.138   -13.038
 8     0.611    -0.739     0.285
 8    -0.346     0.074     0.935
 8    -0.712    -0.670    -0.210
 9   130.175   -29.490   -38.253
 9     0.490     0.148     0.859
 9     0.100     0.969    -0.227
 9    -0.866     0.198     0.459
 2    97.603   -19.342    59.068
 2     0.658    -0.754     0.003
 2     0.752     0.657     0.029
 2    -0.023    -0.018     0.999
 3   132.017    -6.906     2.138
 3     0.572     0.055    -0.818
 3     0.066     0.991     0.113
 3     0.817    -0.119     0.563
 4   116.781    10.200    -5.919
 4     0.563    -0.633     0.533
 4     0.807     0.557    -0.191
 4    -0.176     0.537     0.824
 5   135.228    20.313    12.024
 5     0.933    -0.022     0.359
 5     0.281    -0.578    -0.766
 5     0.224     0.816    -0.533
 6   158.584    21.495    11.356
 6     0.988    -0.025    -0.152
 6     0.008     0.994    -0.111
 6     0.153     0.108     0.982
 7   111.017   -19.693    -3.600
 7     0.258     0.680     0.686
 7    -0.687     0.628    -0.365
 7    -0.679    -0.378     0.629
 8   124.504   -33.975   -13.459
 8     0.602    -0.743     0.293
 8    -0.343     0.090     0.934
 8    -0.721    -0.663    -0.201
 9   129.734   -28.932   -38.723
 9     0.482     0.157     0.862
 9     0.113     0.964    -0.241
 9    -0.869     0.214     0.445
 2    97.603   -19.342    59.068
 2     0.658    -0.754     0.003
 2     0.753     0.657     0.029
 2    -0.023    -0.018     0.999
 3   132.199    -7.034     2.033
 3     0.571     0.065    -0.818
 3     0.061     0.990     0.121
 3     0.818    -0.120     0.562
 4   117.137    10.251    -6.070
 4     0.567    -0.636     0.526
 4     0.805     0.561    -0.189
 4    -0.175     0.530     0.829
 5   135.380    20.270    11.999
 5     0.932    -0.034     0.362
 5     0.277    -0.577    -0.768
 5     0.234     0.816    -0.528
 6   158.690    21.318    11.402
 6     0.988    -0.021    -0.154
 6     0.003     0.994    -0.113
 6     0.155     0.110     0.981
 7   110.987   -19.430    -3.687
 7     0.251     0.687     0.682
 7    -0.679     0.626    -0.381
 7    -0.689    -0.368     0.623
 8   124.347   -33.683   -13.837
 8     0.596    -0.746     0.297
 8    -0.336     0.103     0.936
 8    -0.729    -0.658    -0.189
 9   129.337   -27.880   -39.128
 9     0.475     0.162     0.864
 9     0.139     0.956    -0.258
 9    -0.869     0.244     0.431
 2    97.603   -19.342    59.068
 2     0.658    -0.754     0.003
 2     0.752     0.657     0.029
 2    -0.023    -0.018     0.999
 3   132.272    -7.082     2.135
 3     0.564     0.075    -0.822
 3     0.053     0.990     0.127
 3     0.823    -0.116     0.555
 4   117.376    10.178    -6.101
 4     0.569    -0.641     0.517
 4     0.804     0.563    -0.187
 4    -0.171     0.521     0.835
 5   135.450    20.202    12.106
 5     0.930    -0.041     0.366
 5     0.277    -0.576    -0.769
 5     0.242     0.816    -0.524
 6   158.826    21.194    11.566
 6     0.987    -0.017    -0.160
 6    -0.001     0.993    -0.114
 6     0.160     0.112     0.980
 7   111.012   -19.364    -3.816
 7     0.250     0.692     0.677
 7    -0.673     0.626    -0.392
 7    -0.696    -0.358     0.622
 8   124.337   -33.560   -13.963
 8     0.596    -0.744     0.303
 8    -0.334     0.112     0.935
 8    -0.730    -0.659    -0.181
 9   129.354   -27.750   -39.188
 9     0.473     0.162     0.866
 9     0.144     0.955    -0.259
 9    -0.869     0.248     0.427
 2    97.603   -19.393    59.068
 2     0.658    -0.754     0.003
 2     0.752     0.657     0.029
 2    -0.023    -0.018     0.999
 3   132.233    -7.027     2.219
 3     0.560     0.072    -0.825
 3     0.054     0.991     0.122
 3     0.826    -0.113     0.551
 4   117.273    10.126    -6.093
 4     0.568    -0.643     0.515
 4     0.804     0.564    -0.182
 4    -0.173     0.517     0.837
 5   135.397    20.200    12.159
 5     0.930    -0.041     0.365
 5     0.276    -0.577    -0.768
 5     0.241     0.816    -0.526
 6   158.832    21.094    11.688
 6     0.987    -0.016    -0.162
 6    -0.003     0.993    -0.114
 6     0.162     0.112     0.980
 7   111.137   -19.432    -3.835
 7     0.262     0.686     0.679
 7    -0.671     0.634    -0.383
 7    -0.694    -0.356     0.626
 8   124.780   -33.543   -13.739
 8     0.613    -0.733     0.295
