% Calibrated with leiden_pols
% Positions are in centimeters
Data =[
 2    97.653   -19.393    59.068
 2     0.658    -0.754     0.003
 2     0.752     0.657     0.029
 2    -0.023    -0.018     0.999
 3   134.415    -5.975     4.664
 3     0.464    -0.055    -0.884
 3     0.108     0.994    -0.005
 3     0.879    -0.094     0.467
 4   121.214    11.692    -3.708
 4     0.424    -0.879     0.218
 4     0.883     0.348    -0.314
 4     0.201     0.325     0.924
 5   122.194    18.530    22.533
 5     0.380    -0.444     0.813
 5     0.192    -0.821    -0.536
 5     0.905     0.358    -0.227
 6   136.310    23.370    44.856
 6     0.355    -0.542    -0.766
 6     0.124     0.835    -0.531
 6     0.927     0.091     0.362
 7   120.680   -23.733    -2.883
 7     0.475     0.837     0.273
 7    -0.875     0.417     0.243
 7     0.090    -0.354     0.931
 8   125.246   -29.970    22.518
 8     0.290     0.697     0.656
 8    -0.021    -0.680     0.732
 8     0.957    -0.225    -0.182
 9   135.843   -30.969    44.466
 9     0.272     0.496    -0.828
 9     0.071     0.845     0.527
 9     0.960    -0.200     0.193
 2    97.653   -19.342    59.068
 2     0.658    -0.754     0.003
 2     0.752     0.657     0.029
 2    -0.023    -0.018     0.999
 3   134.415    -5.976     4.664
 3     0.465    -0.055    -0.884
 3     0.106     0.994    -0.006
 3     0.879    -0.092     0.468
 4   121.440    11.852    -3.665
 4     0.431    -0.877     0.217
 4     0.877     0.349    -0.328
 4     0.212     0.331     0.919
 5   122.327    18.760    22.387
 5     0.375    -0.453     0.811
 5     0.197    -0.815    -0.544
 5     0.906     0.362    -0.215
 6   136.236    23.636    44.869
 6     0.343    -0.529    -0.781
 6     0.133     0.846    -0.512
 6     0.930     0.070     0.359
 7   120.776   -23.584    -2.982
 7     0.473     0.839     0.270
 7    -0.876     0.417     0.239
 7     0.089    -0.349     0.932
 8   125.292   -29.976    22.469
 8     0.288     0.697     0.657
 8    -0.025    -0.679     0.732
 8     0.957    -0.227    -0.177
 9   135.819   -31.022    44.390
 9     0.270     0.500    -0.825
 9     0.068     0.843     0.531
 9     0.960    -0.197     0.192
 2    97.603   -19.393    59.118
 2     0.658    -0.754     0.003
 2     0.752     0.657     0.029
 2    -0.023    -0.018     0.999
 3   134.510    -5.895     4.714
 3     0.457    -0.053    -0.888
 3     0.103     0.994    -0.006
 3     0.883    -0.089     0.459
 4   121.576    11.879    -3.625
 4     0.435    -0.875     0.213
 4     0.874     0.354    -0.332
 4     0.216     0.330     0.919
 5   122.724    19.097    22.389
 5     0.387    -0.460     0.801
 5     0.211    -0.800    -0.560
 5     0.897     0.385    -0.212
 6   137.019    23.803    44.674
 6     0.353    -0.488    -0.802
 6     0.138     0.871    -0.467
 6     0.925     0.052     0.373
 7   120.802   -23.506    -2.935
 7     0.474     0.839     0.268
 7    -0.876     0.418     0.240
 7     0.090    -0.348     0.933
 8   125.559   -30.091    22.402
 8     0.296     0.705     0.645
 8    -0.031    -0.667     0.743
 8     0.954    -0.240    -0.175
 9   136.349   -31.211    44.181
 9     0.279     0.492    -0.827
 9     0.062     0.848     0.524
 9     0.958    -0.196     0.204
 2    97.603   -19.342    59.068
 2     0.658    -0.754     0.003
 2     0.752     0.657     0.029
 2    -0.023    -0.018     0.999
 3   134.521    -5.892     4.701
 3     0.454    -0.053    -0.890
 3     0.102     0.995    -0.006
 3     0.885    -0.089     0.456
 4   121.632    11.853    -3.575
 4     0.440    -0.874     0.207
 4     0.871     0.359    -0.333
 4     0.217     0.327     0.919
 5   123.289    19.425    22.371
 5     0.410    -0.456     0.791
 5     0.231    -0.787    -0.571
 5     0.882     0.416    -0.217
 6   138.234    24.418    44.060
 6     0.377    -0.462    -0.806
 6     0.147     0.886    -0.436
 6     0.914     0.044     0.401
 7   120.866   -23.500    -2.903
 7     0.477     0.838     0.266
 7    -0.874     0.419     0.246
 7     0.096    -0.349     0.932
 8   126.123   -30.509    22.435
 8     0.326     0.696     0.640
 8    -0.053    -0.661     0.747
 8     0.944    -0.278    -0.178
 9   137.590   -31.856    43.554
 9     0.310     0.475    -0.826
 9     0.048     0.858     0.509
 9     0.949    -0.195     0.242
 2    97.653   -19.342    59.067
 2     0.658    -0.754     0.004
 2     0.752     0.657     0.029
 2    -0.023    -0.017     0.999
 3   134.536    -5.936     4.732
 3     0.447    -0.056    -0.893
 3     0.104     0.994    -0.010
 3     0.888    -0.089     0.450
 4   121.629    11.851    -3.619
 4     0.442    -0.873     0.206
 4     0.871     0.362    -0.331
 4     0.215     0.325     0.921
 5   124.115    19.913    22.391
 5     0.450    -0.435     0.781
 5     0.260    -0.773    -0.578
 5     0.854     0.462    -0.235
 6   140.090    24.987    43.064
 6     0.424    -0.430    -0.799
 6     0.158     0.902    -0.398
 6     0.891     0.041     0.450
 7   120.920   -23.444    -2.907
 7     0.484     0.833     0.269
 7    -0.870     0.423     0.253
 7     0.097    -0.356     0.929
 8   127.175   -30.778    22.461
 8     0.380     0.678     0.630
 8    -0.072    -0.656     0.750
 8     0.922    -0.330    -0.200
 9   139.692   -32.182    42.563
 9     0.366     0.447    -0.819
 9     0.041     0.869     0.490
 9     0.929    -0.211     0.298
 2    97.653   -19.393    59.068
 2     0.658    -0.754     0.003
 2     0.752     0.657     0.029
 2    -0.023    -0.018     0.999
 3   134.524    -5.828     4.710
 3     0.441    -0.065    -0.895
 3     0.106     0.994    -0.019
 3     0.891    -0.087     0.445
 4   121.626    11.847    -3.715
 4     0.450    -0.869     0.206
 4     0.867     0.370    -0.332
 4     0.213     0.327     0.920
 5   125.292    20.422    22.520
 5     0.514    -0.402     0.759
 5     0.292    -0.749    -0.593
 5     0.806     0.526    -0.268
 6   142.478    25.434    41.587
 6     0.492    -0.389    -0.782
 6     0.157     0.919    -0.356
 6     0.856     0.052     0.512
 7   120.859   -23.368    -2.942
 7     0.494     0.825     0.277
 7    -0.865     0.432     0.254
 7     0.091    -0.364     0.926
 8   128.224   -31.101    22.345
 8     0.444     0.656     0.612
 8    -0.089    -0.646     0.757
 8     0.891    -0.391    -0.228
 9   141.864   -32.223    41.321
 9     0.423     0.405    -0.813
 9     0.040     0.885     0.460
 9     0.905    -0.227     0.357
 2    97.603   -19.342    59.118
 2     0.658    -0.754     0.003
 2     0.752     0.657     0.029
 2    -0.023    -0.018     0.999
 3   134.378    -5.775     4.651
 3     0.438    -0.072    -0.896
 3     0.108     0.994    -0.026
 3     0.892    -0.086     0.443
 4   121.500    12.012    -3.814
 4     0.461    -0.862     0.215
 4     0.864     0.380    -0.329
 4     0.202     0.337     0.919
 5   126.607    20.623    22.403
 5     0.581    -0.369     0.727
 5     0.307    -0.727    -0.612
 5     0.754     0.578    -0.309
 6   144.972    25.599    39.918
 6     0.561    -0.364    -0.745
 6     0.154     0.929    -0.335
 6     0.813     0.073     0.576
 7   120.706   -23.221    -3.029
 7     0.504     0.814     0.290
 7    -0.860     0.443     0.251
 7     0.077    -0.375     0.923
 8   129.326   -31.502    22.078
 8     0.505     0.623     0.599
 8    -0.112    -0.639     0.760
 8     0.855    -0.451    -0.252
 9   144.139   -32.760    39.583
 9     0.488     0.380    -0.786
 9     0.028     0.893     0.448
 9     0.872    -0.241     0.425
 2    97.603   -19.393    59.118
 2     0.658    -0.754     0.003
 2     0.752     0.657     0.029
 2    -0.023    -0.018     0.999
 3   134.364    -5.744     4.562
 3     0.433    -0.073    -0.899
 3     0.110     0.993    -0.027
 3     0.894    -0.088     0.438
 4   121.397    12.075    -3.910
 4     0.470    -0.854     0.226
 4     0.862     0.388    -0.325
 4     0.190     0.347     0.918
 5   127.722    20.972    22.128
 5     0.626    -0.339     0.704
 5     0.320    -0.710    -0.625
 5     0.711     0.616    -0.336
