% Calibrated with leiden_pols
% Positions are in centimeters
Data =[
 2    97.603   -19.393    59.118
 2     0.658    -0.754     0.003
 2     0.752     0.657     0.029
 2    -0.023    -0.018     0.999
 3   133.099    -7.747     3.201
 3     0.516     0.011    -0.856
 3     0.199     0.971     0.133
 3     0.833    -0.239     0.499
 4   116.975     7.314    -8.404
 4     0.542    -0.695     0.475
 4     0.807     0.585    -0.065
 4    -0.232     0.417     0.878
 5   133.384    19.090    11.062
 5     0.884    -0.391     0.256
 5     0.108    -0.361    -0.926
 5     0.455     0.846    -0.277
 6   140.412    -3.165     6.783
 6     0.022     0.884    -0.467
 6    -0.962    -0.109    -0.250
 6    -0.272     0.454     0.848
 7   115.215   -22.305    -5.340
 7     0.467     0.703     0.538
 7    -0.798     0.596    -0.088
 7    -0.381    -0.388     0.838
 8   136.231   -35.226     6.021
 8     0.968     0.055     0.245
 8    -0.223    -0.270     0.937
 8     0.118    -0.961    -0.249
 9   145.502   -14.475     0.222
 9     0.130    -0.958    -0.257
 9     0.991     0.124     0.039
 9    -0.007    -0.260     0.965
 2    97.653   -19.393    59.068
 2     0.658    -0.754     0.003
 2     0.753     0.657     0.029
 2    -0.023    -0.018     0.999
 3   133.144    -7.798     3.232
 3     0.516     0.010    -0.856
 3     0.200     0.970     0.133
 3     0.832    -0.240     0.499
 4   116.925     7.211    -8.400
 4     0.543    -0.696     0.473
 4     0.807     0.586    -0.063
 4    -0.233     0.415     0.879
 5   133.386    19.015    11.108
 5     0.884    -0.393     0.255
 5     0.106    -0.363    -0.926
 5     0.456     0.845    -0.279
 6   140.274    -3.351     6.752
 6     0.017     0.883    -0.469
 6    -0.960    -0.115    -0.253
 6    -0.278     0.454     0.846
 7   115.184   -22.677    -5.317
 7     0.468     0.706     0.534
 7    -0.802     0.592    -0.081
 7    -0.372    -0.389     0.842
 8   136.172   -35.449     6.367
 8     0.967     0.055     0.250
 8    -0.225    -0.286     0.932
 8     0.122    -0.957    -0.264
 9   145.531   -15.105     0.286
 9     0.139    -0.957    -0.255
 9     0.990     0.126     0.064
 9    -0.030    -0.261     0.965
 2    97.602   -19.342    59.118
 2     0.658    -0.754     0.003
 2     0.753     0.657     0.029
 2    -0.023    -0.018     0.999
 3   133.190    -7.862     3.337
 3     0.502    -0.001    -0.865
 3     0.189     0.975     0.109
 3     0.844    -0.219     0.490
 4   117.120     7.193    -8.318
 4     0.546    -0.698     0.466
 4     0.807     0.585    -0.068
 4    -0.225     0.412     0.882
 5   133.370    18.848    11.349
 5     0.878    -0.405     0.256
 5     0.101    -0.364    -0.926
 5     0.468     0.838    -0.279
 6   140.260    -3.278     7.038
 6     0.021     0.879    -0.476
 6    -0.959    -0.117    -0.257
 6    -0.282     0.462     0.841
 7   115.670   -22.638    -5.449
 7     0.482     0.699     0.530
 7    -0.796     0.600    -0.068
 7    -0.365    -0.388     0.845
 8   136.394   -35.441     6.650
 8     0.965     0.060     0.254
 8    -0.226    -0.296     0.928
 8     0.130    -0.953    -0.272
 9   145.790   -15.111     0.390
 9     0.139    -0.955    -0.262
 9     0.989     0.123     0.074
 9    -0.039    -0.269     0.962
 2    97.603   -19.393    59.068
 2     0.658    -0.754     0.003
 2     0.752     0.657     0.029
 2    -0.023    -0.018     0.999
 3   133.231    -7.734     3.350
 3     0.502    -0.007    -0.865
 3     0.197     0.974     0.107
 3     0.842    -0.225     0.490
 4   117.171     7.220    -8.373
 4     0.544    -0.699     0.466
 4     0.808     0.584    -0.068
 4    -0.224     0.413     0.882
 5   133.348    19.072    11.267
 5     0.880    -0.396     0.261
 5     0.108    -0.368    -0.923
 5     0.461     0.841    -0.282
 6   140.337    -3.150     6.964
 6     0.022     0.882    -0.471
 6    -0.959    -0.115    -0.259
 6    -0.282     0.457     0.843
 7   115.524   -22.419    -5.447
 7     0.481     0.698     0.532
 7    -0.793     0.604    -0.077
 7    -0.374    -0.385     0.843
 8   136.421   -35.270     6.327
 8     0.967     0.049     0.248
 8    -0.224    -0.295     0.929
 8     0.119    -0.954    -0.274
 9   145.549   -14.807    -0.273
 9     0.129    -0.961    -0.244
 9     0.991     0.115     0.071
 9    -0.041    -0.250     0.967
 2    97.603   -19.342    59.068
 2     0.658    -0.754     0.003
 2     0.752     0.657     0.029
 2    -0.023    -0.018     0.999
 3   133.061    -7.639     3.379
 3     0.508    -0.004    -0.861
 3     0.200     0.973     0.114
 3     0.837    -0.231     0.495
 4   116.872     7.363    -8.301
 4     0.543    -0.692     0.478
 4     0.806     0.586    -0.067
 4    -0.233     0.421     0.876
 5   133.356    19.185    11.059
 5     0.888    -0.380     0.259
 5     0.111    -0.369    -0.923
 5     0.446     0.848    -0.286
 6   140.389    -2.923     6.472
 6     0.021     0.891    -0.454
 6    -0.958    -0.112    -0.263
 6    -0.285     0.440     0.851
 7   115.286   -22.249    -5.474
 7     0.478     0.695     0.538
 7    -0.791     0.605    -0.080
 7    -0.381    -0.387     0.839
 8   136.398   -35.126     6.004
 8     0.969     0.039     0.244
 8    -0.223    -0.292     0.930
 8     0.108    -0.956    -0.274
 9   145.286   -14.501    -0.631
 9     0.113    -0.966    -0.234
 9     0.992     0.100     0.067
 9    -0.042    -0.240     0.970
 2    97.603   -19.342    59.068
 2     0.658    -0.754     0.003
 2     0.753     0.657     0.029
 2    -0.023    -0.018     0.999
 3   133.027    -7.617     3.313
 3     0.512    -0.004    -0.859
 3     0.200     0.973     0.115
 3     0.835    -0.231     0.498
 4   116.739     7.386    -8.293
 4     0.540    -0.693     0.480
 4     0.807     0.585    -0.063
 4    -0.236     0.421     0.875
 5   133.052    19.412    11.075
 5     0.890    -0.364     0.275
 5     0.126    -0.383    -0.915
 5     0.438     0.849    -0.296
 6   140.583    -2.209     6.132
 6     0.051     0.893    -0.448
 6    -0.954    -0.090    -0.286
 6    -0.296     0.441     0.847
 7   115.329   -22.199    -5.513
 7     0.482     0.689     0.544
 7    -0.788     0.610    -0.077
 7    -0.385    -0.391     0.836
 8   136.400   -34.998     6.058
 8     0.969     0.037     0.244
 8    -0.222    -0.300     0.928
 8     0.107    -0.953    -0.282
 9   146.075   -14.973    -1.282
 9     0.157    -0.931    -0.332
 9     0.984     0.117     0.133
 9    -0.086    -0.347     0.934
 2    97.603   -19.342    59.068
 2     0.658    -0.754     0.003
 2     0.753     0.657     0.029
 2    -0.023    -0.018     0.999
 3   133.026    -7.515     3.313
 3     0.512    -0.005    -0.859
 3     0.201     0.973     0.114
 3     0.835    -0.231     0.499
 4   116.733     7.385    -8.339
 4     0.537    -0.694     0.481
 4     0.809     0.584    -0.061
 4    -0.238     0.421     0.874
 5   132.956    19.438    11.162
 5     0.891    -0.351     0.289
 5     0.139    -0.395    -0.908
 5     0.432     0.849    -0.304
 6   141.029    -1.973     6.098
 6     0.078     0.869    -0.489
 6    -0.952    -0.082    -0.295
 6    -0.297     0.487     0.821
 7   115.389   -22.194    -5.575
 7     0.483     0.686     0.545
 7    -0.788     0.610    -0.071
 7    -0.381    -0.395     0.835
 8   136.338   -35.176     6.039
 8     0.965     0.041     0.258
 8    -0.235    -0.292     0.927
 8     0.114    -0.955    -0.272
 9   147.377   -15.717     0.096
 9     0.201    -0.821    -0.538
 9     0.977     0.129     0.164
 9    -0.067    -0.557     0.827
 2    97.603   -19.393    59.068
 2     0.658    -0.754     0.003
 2     0.752     0.657     0.029
 2    -0.023    -0.018     0.999
 3   133.027    -7.514     3.365
 3     0.511    -0.004    -0.860
 3     0.202     0.972     0.116
 3     0.835    -0.233     0.497
 4   116.730     7.385    -8.285
 4     0.536    -0.695     0.481
 4     0.810     0.583    -0.060
 4    -0.239     0.421     0.874
 5   132.840    19.618    11.119
 5     0.890    -0.341     0.303
 5     0.154    -0.401    -0.903
 5     0.428     0.850    -0.305
