% Calibrated with leiden_pols
% Positions are in centimeters
Data =[
 2    97.603   -19.393    59.118
 2     0.658    -0.754     0.003
 2     0.752     0.657     0.029
 2    -0.023    -0.018     0.999
 3   133.099    -7.747     3.201
 3     0.516     0.011    -0.856
 3     0.199     0.971     0.133
 3     0.833    -0.239     0.499
 4   116.975     7.314    -8.404
 4     0.542    -0.695     0.475
 4     0.807     0.585    -0.065
 4    -0.232     0.417     0.878
 5   133.384    19.090    11.062
 5     0.884    -0.391     0.256
 5     0.108    -0.361    -0.926
 5     0.455     0.846    -0.277
 6   140.412    -3.165     6.783
 6     0.022     0.884    -0.467
 6    -0.962    -0.109    -0.250
 6    -0.272     0.454     0.848
 7   115.215   -22.305    -5.340
 7     0.467     0.703     0.538
 7    -0.798     0.596    -0.088
 7    -0.381    -0.388     0.838
 8   136.231   -35.226     6.021
 8     0.968     0.055     0.245
 8    -0.223    -0.270     0.937
 8     0.118    -0.961    -0.249
 9   145.502   -14.475     0.222
 9     0.130    -0.958    -0.257
 9     0.991     0.124     0.039
 9    -0.007    -0.260     0.965
 2    97.653   -19.393    59.068
 2     0.658    -0.754     0.003
 2     0.753     0.657     0.029
 2    -0.023    -0.018     0.999
 3   133.144    -7.798     3.232
 3     0.516     0.010    -0.856
 3     0.200     0.970     0.133
 3     0.832    -0.240     0.499
 4   116.925     7.211    -8.400
 4     0.543    -0.696     0.473
 4     0.807     0.586    -0.063
 4    -0.233     0.415     0.879
 5   133.386    19.015    11.108
 5     0.884    -0.393     0.255
 5     0.106    -0.363    -0.926
 5     0.456     0.845    -0.279
 6   140.274    -3.351     6.752
 6     0.017     0.883    -0.469
 6    -0.960    -0.115    -0.253
 6    -0.278     0.454     0.846
 7   115.184   -22.677    -5.317
 7     0.468     0.706     0.534
 7    -0.802     0.592    -0.081
 7    -0.372    -0.389     0.842
 8   136.172   -35.449     6.367
 8     0.967     0.055     0.250
 8    -0.225    -0.286     0.932
 8     0.122    -0.957    -0.264
 9   145.531   -15.105     0.286
 9     0.139    -0.957    -0.255
 9     0.990     0.126     0.064
 9    -0.030    -0.261     0.965
 2    97.602   -19.342    59.118
 2     0.658    -0.754     0.003
 2     0.753     0.657     0.029
 2    -0.023    -0.018     0.999
 3   133.190    -7.862     3.337
 3     0.502    -0.001    -0.865
 3     0.189     0.975     0.109
 3     0.844    -0.219     0.490
 4   117.120     7.193    -8.318
 4     0.546    -0.698     0.466
 4     0.807     0.585    -0.068
 4    -0.225     0.412     0.882
 5   133.370    18.848    11.349
 5     0.878    -0.405     0.256
 5     0.101    -0.364    -0.926
 5     0.468     0.838    -0.279
 6   140.260    -3.278     7.038
 6     0.021     0.879    -0.476
 6    -0.959    -0.117    -0.257
 6    -0.282     0.462     0.841
 7   115.670   -22.638    -5.449
 7     0.482     0.699     0.530
 7    -0.796     0.600    -0.068
 7    -0.365    -0.388     0.845
 8   136.394   -35.441     6.650
 8     0.965     0.060     0.254
 8    -0.226    -0.296     0.928
 8     0.130    -0.953    -0.272
 9   145.790   -15.111     0.390
 9     0.139    -0.955    -0.262
 9     0.989     0.123     0.074
 9    -0.039    -0.269     0.962
 2    97.603   -19.393    59.068
 2     0.658    -0.754     0.003
 2     0.752     0.657     0.029
 2    -0.023    -0.018     0.999
 3   133.231    -7.734     3.350
 3     0.502    -0.007    -0.865
 3     0.197     0.974     0.107
 3     0.842    -0.225     0.490
 4   117.171     7.220    -8.373
 4     0.544    -0.699     0.466
 4     0.808     0.584    -0.068
 4    -0.224     0.413     0.882
 5   133.348    19.072    11.267
 5     0.880    -0.396     0.261
 5     0.108    -0.368    -0.923
 5     0.461     0.841    -0.282
 6   140.337    -3.150     6.964
 6     0.022     0.882    -0.471
 6    -0.959    -0.115    -0.259
 6    -0.282     0.457     0.843
 7   115.524   -22.419    -5.447
 7     0.481     0.698     0.532
 7    -0.793     0.604    -0.077
 7    -0.374    -0.385     0.843
 8   136.421   -35.270     6.327
 8     0.967     0.049     0.248
 8    -0.224    -0.295     0.929
 8     0.119    -0.954    -0.274
 9   145.549   -14.807    -0.273
 9     0.129    -0.961    -0.244
 9     0.991     0.115     0.071
 9    -0.041    -0.250     0.967
 2    97.603   -19.342    59.068
 2     0.658    -0.754     0.003
 2     0.752     0.657     0.029
 2    -0.023    -0.018     0.999
 3   133.061    -7.639     3.379
 3     0.508    -0.004    -0.861
 3     0.200     0.973     0.114
 3     0.837    -0.231     0.495
 4   116.872     7.363    -8.301
 4     0.543    -0.692     0.478
 4     0.806     0.586    -0.067
 4    -0.233     0.421     0.876
 5   133.356    19.185    11.059
 5     0.888    -0.380     0.259
 5     0.111    -0.369    -0.923
 5     0.446     0.848    -0.286
 6   140.389    -2.923     6.472
 6     0.021     0.891    -0.454
 6    -0.958    -0.112    -0.263
 6    -0.285     0.440     0.851
 7   115.286   -22.249    -5.474
 7     0.478     0.695     0.538
 7    -0.791     0.605    -0.080
 7    -0.381    -0.387     0.839
 8   136.398   -35.126     6.004
 8     0.969     0.039     0.244
 8    -0.223    -0.292     0.930
 8     0.108    -0.956    -0.274
 9   145.286   -14.501    -0.631
 9     0.113    -0.966    -0.234
 9     0.992     0.100     0.067
 9    -0.042    -0.240     0.970
 2    97.603   -19.342    59.068
 2     0.658    -0.754     0.003
 2     0.753     0.657     0.029
 2    -0.023    -0.018     0.999
 3   133.027    -7.617     3.313
 3     0.512    -0.004    -0.859
 3     0.200     0.973     0.115
 3     0.835    -0.231     0.498
 4   116.739     7.386    -8.293
 4     0.540    -0.693     0.480
 4     0.807     0.585    -0.063
 4    -0.236     0.421     0.875
 5   133.052    19.412    11.075
 5     0.890    -0.364     0.275
 5     0.126    -0.383    -0.915
 5     0.438     0.849    -0.296
 6   140.583    -2.209     6.132
 6     0.051     0.893    -0.448
 6    -0.954    -0.090    -0.286
 6    -0.296     0.441     0.847
 7   115.329   -22.199    -5.513
 7     0.482     0.689     0.544
 7    -0.788     0.610    -0.077
 7    -0.385    -0.391     0.836
 8   136.400   -34.998     6.058
 8     0.969     0.037     0.244
 8    -0.222    -0.300     0.928
 8     0.107    -0.953    -0.282
 9   146.075   -14.973    -1.282
 9     0.157    -0.931    -0.332
 9     0.984     0.117     0.133
 9    -0.086    -0.347     0.934
 2    97.603   -19.342    59.068
 2     0.658    -0.754     0.003
 2     0.753     0.657     0.029
 2    -0.023    -0.018     0.999
 3   133.026    -7.515     3.313
 3     0.512    -0.005    -0.859
 3     0.201     0.973     0.114
 3     0.835    -0.231     0.499
 4   116.733     7.385    -8.339
 4     0.537    -0.694     0.481
 4     0.809     0.584    -0.061
 4    -0.238     0.421     0.874
 5   132.956    19.438    11.162
 5     0.891    -0.351     0.289
 5     0.139    -0.395    -0.908
 5     0.432     0.849    -0.304
 6   141.029    -1.973     6.098
 6     0.078     0.869    -0.489
 6    -0.952    -0.082    -0.295
 6    -0.297     0.487     0.821
 7   115.389   -22.194    -5.575
 7     0.483     0.686     0.545
 7    -0.788     0.610    -0.071
 7    -0.381    -0.395     0.835
 8   136.338   -35.176     6.039
 8     0.965     0.041     0.258
 8    -0.235    -0.292     0.927
 8     0.114    -0.955    -0.272
 9   147.377   -15.717     0.096
 9     0.201    -0.821    -0.538
 9     0.977     0.129     0.164
 9    -0.067    -0.557     0.827
 2    97.603   -19.393    59.068
 2     0.658    -0.754     0.003
 2     0.752     0.657     0.029
 2    -0.023    -0.018     0.999
 3   133.027    -7.514     3.365
 3     0.511    -0.004    -0.860
 3     0.202     0.972     0.116
 3     0.835    -0.233     0.497
 4   116.730     7.385    -8.285
 4     0.536    -0.695     0.481
 4     0.810     0.583    -0.060
 4    -0.239     0.421     0.874
 5   132.840    19.618    11.119
 5     0.890    -0.341     0.303
 5     0.154    -0.401    -0.903
 5     0.428     0.850    -0.305
 6   141.518    -1.510     6.201
 6     0.107     0.846    -0.524
 6    -0.948    -0.073    -0.310
 6    -0.301     0.528     0.794
 7   115.449   -22.293    -5.582
 7     0.481     0.687     0.547
 7    -0.791     0.607    -0.067
 7    -0.378    -0.400     0.834
 8   136.044   -35.474     6.442
 8     0.961     0.046     0.271
 8    -0.245    -0.305     0.920
 8     0.125    -0.951    -0.282
 9   147.520   -16.516     0.478
 9     0.226    -0.781    -0.585
 9     0.967     0.108     0.224
 9    -0.113    -0.615     0.780
 2    97.602   -19.342    59.118
 2     0.658    -0.754     0.003
 2     0.753     0.657     0.029
 2    -0.023    -0.018     0.999
 3   133.053    -7.514     3.366
 3     0.511    -0.002    -0.860
 3     0.203     0.972     0.119
 3     0.835    -0.236     0.497
 4   116.727     7.359    -8.283
 4     0.534    -0.696     0.482
 4     0.811     0.582    -0.058
 4    -0.240     0.421     0.874
 5   132.548    19.670    11.284
 5     0.892    -0.312     0.328
 5     0.174    -0.432    -0.884
 5     0.417     0.846    -0.332
 6   141.993    -0.688     5.484
 6     0.150     0.836    -0.529
 6    -0.929    -0.064    -0.361
 6    -0.337     0.545     0.767
 7   115.492   -22.362    -5.546
 7     0.481     0.683     0.551
 7    -0.794     0.604    -0.058
 7    -0.372    -0.409     0.832
 8   135.878   -35.466     7.330
 8     0.958     0.018     0.287
 8    -0.260    -0.369     0.892
 8     0.122    -0.929    -0.349
 9   148.022   -18.259    -0.442
 9     0.294    -0.768    -0.574
 9     0.931     0.092     0.348
 9    -0.215    -0.634     0.741
 2    97.603   -19.342    59.068
 2     0.658    -0.754     0.003
 2     0.753     0.657     0.029
 2    -0.023    -0.018     0.999
 3   133.029    -7.462     3.367
 3     0.510    -0.002    -0.860
 3     0.204     0.971     0.119
 3     0.835    -0.237     0.495
 4   116.721     7.358    -8.329
 4     0.532    -0.695     0.485
 4     0.811     0.581    -0.057
 4    -0.242     0.422     0.872
 5   132.587    19.257    11.544
 5     0.898    -0.291     0.331
 5     0.166    -0.470    -0.866
 5     0.407     0.833    -0.375
 6   142.374    -0.328     4.880
 6     0.175     0.836    -0.522
 6    -0.901    -0.078    -0.424
 6    -0.396     0.543     0.740
 7   115.504   -22.410    -5.556
 7     0.478     0.685     0.552
 7    -0.798     0.600    -0.055
 7    -0.368    -0.413     0.832
 8   135.659   -35.062     8.815
 8     0.958    -0.011     0.286
 8    -0.258    -0.462     0.848
 8     0.123    -0.887    -0.446
 9   147.840   -19.982    -0.989
 9     0.335    -0.778    -0.538
 9     0.874     0.042     0.477
 9    -0.349    -0.627     0.695
 2    97.603   -19.342    59.068
 2     0.658    -0.754     0.003
 2     0.753     0.657     0.029
 2    -0.023    -0.018     0.999
 3   133.058    -7.513     3.310
 3     0.509     0.000    -0.860
 3     0.202     0.972     0.120
 3     0.836    -0.235     0.495
 4   116.774     7.358    -8.281
 4     0.533    -0.695     0.485
 4     0.811     0.581    -0.058
 4    -0.241     0.423     0.872
 5   132.604    18.947    11.905
 5     0.903    -0.272     0.334
 5     0.161    -0.505    -0.847
 5     0.398     0.819    -0.413
 6   142.466     0.437     4.011
 6     0.193     0.852    -0.489
 6    -0.870    -0.083    -0.485
 6    -0.454     0.517     0.725
 7   115.625   -22.454    -5.628
 7     0.476     0.687     0.551
 7    -0.802     0.594    -0.048
 7    -0.360    -0.419     0.833
 8   135.585   -34.172    10.578
 8     0.962    -0.046     0.268
 8    -0.246    -0.570     0.784
 8     0.116    -0.820    -0.560
 9   147.530   -22.246    -1.795
 9     0.373    -0.800    -0.477
 9     0.777    -0.012     0.625
 9    -0.506    -0.599     0.619
 2    97.603   -19.342    59.068
 2     0.658    -0.754     0.003
 2     0.753     0.657     0.029
 2    -0.023    -0.018     0.999
 3   133.112    -7.512     3.304
 3     0.509     0.000    -0.861
 3     0.200     0.972     0.119
 3     0.837    -0.233     0.495
 4   116.851     7.385    -8.284
 4     0.533    -0.695     0.485
 4     0.811     0.580    -0.058
 4    -0.240     0.423     0.872
 5   132.609    18.631    12.165
 5     0.911    -0.232     0.340
 5     0.165    -0.551    -0.818
 5     0.377     0.802    -0.464
 6   142.771     1.799     2.807
 6     0.230     0.866    -0.446
 6    -0.815    -0.079    -0.572
 6    -0.531     0.493     0.688
 7   115.639   -22.474    -5.646
 7     0.476     0.688     0.550
 7    -0.805     0.591    -0.044
 7    -0.354    -0.421     0.834
 8   135.493   -33.577    11.682
 8     0.966    -0.079     0.245
 8    -0.238    -0.637     0.733
 8     0.098    -0.767    -0.634
 9   146.692   -24.345    -2.479
 9     0.371    -0.836    -0.414
 9     0.677    -0.061     0.729
 9    -0.635    -0.546     0.545
 2    97.603   -19.342    59.068
 2     0.658    -0.754     0.003
 2     0.753     0.657     0.029
 2    -0.023    -0.018     0.999
 3   133.112    -7.513     3.303
 3     0.509     0.000    -0.861
 3     0.198     0.973     0.118
 3     0.837    -0.231     0.495
 4   116.800     7.385    -8.234
 4     0.533    -0.695     0.485
 4     0.812     0.580    -0.059
 4    -0.240     0.424     0.872
 5   132.497    18.576    12.181
 5     0.914    -0.210     0.348
 5     0.174    -0.571    -0.801
 5     0.366     0.793    -0.486
 6   142.703     2.998     2.001
 6     0.254     0.878    -0.409
 6    -0.770    -0.073    -0.632
 6    -0.585     0.473     0.659
 7   115.609   -22.518    -5.618
 7     0.476     0.689     0.548
 7    -0.809     0.586    -0.036
 7    -0.346    -0.426     0.835
 8   135.301   -32.902    12.729
 8     0.967    -0.106     0.233
 8    -0.239    -0.698     0.675
 8     0.091    -0.709    -0.700
 9   145.381   -26.517    -2.866
 9     0.341    -0.878    -0.343
 9     0.575    -0.092     0.810
 9    -0.743    -0.470     0.476
 2    97.603   -19.342    59.068
 2     0.658    -0.754     0.003
 2     0.753     0.657     0.029
 2    -0.023    -0.018     0.999
 3   133.111    -7.464     3.303
 3     0.511    -0.001    -0.860
 3     0.196     0.973     0.116
 3     0.837    -0.229     0.497
 4   116.796     7.436    -8.232
 4     0.530    -0.696     0.487
 4     0.813     0.578    -0.058
 4    -0.241     0.426     0.871
 5   132.285    18.575    12.248
 5     0.915    -0.183     0.359
 5     0.190    -0.590    -0.784
 5     0.355     0.786    -0.506
 6   142.898     4.167     1.413
 6     0.281     0.886    -0.372
 6    -0.731    -0.053    -0.678
 6    -0.621     0.461     0.634
 7   115.627   -22.512    -5.535
 7     0.474     0.691     0.548
 7    -0.813     0.581    -0.031
 7    -0.339    -0.430     0.835
 8   134.968   -32.846    13.411
 8     0.957    -0.150     0.247
 8    -0.275    -0.735     0.620
 8     0.089    -0.661    -0.745
 9   144.527   -29.168    -2.829
 9     0.345    -0.900    -0.278
 9     0.472    -0.087     0.874
 9    -0.811    -0.428     0.398
 2    97.603   -19.393    59.118
 2     0.658    -0.754     0.003
 2     0.752     0.657     0.029
 2    -0.023    -0.018     0.999
 3   133.056    -7.466     3.256
 3     0.512    -0.001    -0.859
 3     0.195     0.974     0.115
 3     0.836    -0.227     0.499
 4   116.767     7.537    -8.231
 4     0.528    -0.696     0.489
 4     0.814     0.577    -0.057
 4    -0.242     0.427     0.870
 5   132.131    18.706    12.429
 5     0.914    -0.157     0.375
 5     0.209    -0.609    -0.764
 5     0.348     0.777    -0.524
 6   142.841     5.493     0.807
 6     0.314     0.899    -0.310
 6    -0.685    -0.011    -0.727
 6    -0.658     0.438     0.613
 7   115.572   -22.558    -5.551
 7     0.469     0.693     0.550
 7    -0.819     0.573    -0.025
 7    -0.332    -0.438     0.834
 8   134.442   -32.815    14.099
 8     0.945    -0.192     0.265
 8    -0.314    -0.761     0.567
 8     0.093    -0.619    -0.780
 9   143.400   -31.692    -2.465
 9     0.338    -0.922    -0.199
 9     0.364    -0.064     0.927
 9    -0.867    -0.382     0.318
 2    97.603   -19.342    59.068
 2     0.658    -0.754     0.003
 2     0.752     0.657     0.029
 2    -0.023    -0.018     0.999
 3   133.061    -7.466     3.200
 3     0.512    -0.000    -0.859
 3     0.193     0.974     0.115
 3     0.837    -0.226     0.499
 4   116.661     7.561    -8.200
 4     0.525    -0.697     0.491
 4     0.815     0.575    -0.054
 4    -0.244     0.428     0.869
 5   131.869    18.809    12.492
 5     0.912    -0.127     0.391
 5     0.232    -0.626    -0.744
 5     0.338     0.770    -0.542
 6   142.769     6.651     0.413
 6     0.338     0.905    -0.262
 6    -0.650     0.024    -0.758
 6    -0.681     0.423     0.598
 7   115.590   -22.605    -5.488
 7     0.464     0.694     0.552
 7    -0.824     0.566    -0.020
 7    -0.326    -0.445     0.833
 8   133.956   -32.813    14.581
 8     0.932    -0.227     0.280
 8    -0.347    -0.776     0.527
 8     0.097    -0.589    -0.802
 9   142.144   -33.427    -1.998
 9     0.317    -0.942    -0.120
 9     0.294    -0.020     0.954
 9    -0.901    -0.336     0.274
 2    97.603   -19.393    59.068
 2     0.658    -0.754     0.003
 2     0.752     0.657     0.029
 2    -0.023    -0.018     0.999
 3   133.133    -7.464     2.878
 3     0.505    -0.030    -0.863
 3     0.170     0.983     0.066
 3     0.846    -0.180     0.501
 4   116.660     7.615    -8.211
 4     0.521    -0.695     0.497
 4     0.818     0.570    -0.060
 4    -0.242     0.437     0.865
 5   131.971    18.487    12.459
 5     0.911    -0.137     0.390
 5     0.222    -0.633    -0.741
 5     0.348     0.762    -0.546
 6   142.851     6.698     0.424
 6     0.341     0.905    -0.259
 6    -0.643     0.024    -0.764
 6    -0.686     0.425     0.592
 7   115.811   -22.658    -5.822
 7     0.474     0.682     0.558
 7    -0.825     0.564     0.009
 7    -0.308    -0.464     0.829
 8   133.980   -31.887    14.716
 8     0.922    -0.153     0.355
 8    -0.331    -0.788     0.519
 8     0.200    -0.597    -0.777
 9   142.003   -33.130    -0.688
 9     0.312    -0.947    -0.096
 9     0.264    -0.007     0.963
 9    -0.912    -0.323     0.251
 2    97.603   -19.393    59.068
 2     0.658    -0.754     0.003
 2     0.752     0.657     0.029
 2    -0.023    -0.018     0.999
 3   133.404    -7.263     2.554
 3     0.484    -0.026    -0.875
 3     0.185     0.979     0.074
 3     0.855    -0.199     0.478
 4   116.792     7.627    -8.497
 4     0.510    -0.699     0.503
 4     0.828     0.556    -0.066
 4    -0.234     0.449     0.861
 5   131.846    18.500    12.491
 5     0.897    -0.130     0.424
 5     0.240    -0.662    -0.710
 5     0.372     0.738    -0.563
 6   142.721     7.798     0.228
 6     0.355     0.916    -0.192
 6    -0.578     0.054    -0.812
 6    -0.735     0.397     0.550
 7   116.177   -22.584    -6.018
 7     0.474     0.684     0.556
 7    -0.824     0.566     0.005
 7    -0.311    -0.460     0.831
 8   133.701   -32.357    15.111
 8     0.910    -0.192     0.366
 8    -0.367    -0.783     0.502
 8     0.191    -0.591    -0.783
 9   141.745   -34.862    -0.314
 9     0.331    -0.942    -0.060
 9     0.210     0.015     0.977
 9    -0.920    -0.335     0.206
 2    97.603   -19.342    59.068
 2     0.658    -0.754     0.003
 2     0.752     0.657     0.029
 2    -0.023    -0.018     0.999
 3   133.367    -7.263     2.824
 3     0.483    -0.013    -0.876
 3     0.181     0.979     0.085
 3     0.857    -0.200     0.475
 4   116.869     7.868    -8.294
 4     0.505    -0.713     0.490
 4     0.834     0.547    -0.062
 4    -0.223     0.439     0.869
 5   131.065    18.196    13.367
 5     0.888    -0.087     0.452
 5     0.263    -0.711    -0.652
 5     0.378     0.698    -0.609
 6   142.151    10.008     0.585
 6     0.393     0.908    -0.147
 6    -0.491     0.074    -0.867
 6    -0.777     0.412     0.477
 7   116.065   -22.483    -5.999
 7     0.465     0.690     0.557
 7    -0.830     0.556     0.003
 7    -0.307    -0.463     0.830
 8   133.125   -32.442    15.600
 8     0.900    -0.240     0.363
 8    -0.398    -0.792     0.463
 8     0.176    -0.562    -0.808
 9   140.877   -36.145     0.136
 9     0.324    -0.946    -0.017
 9     0.166     0.041     0.985
 9    -0.931    -0.320     0.173
 2    97.603   -19.342    59.068
 2     0.658    -0.754     0.003
 2     0.753     0.657     0.029
 2    -0.023    -0.018     0.999
 3   133.352    -7.195     2.738
 3     0.489    -0.014    -0.872
 3     0.175     0.981     0.083
 3     0.854    -0.194     0.481
 4   116.753     7.949    -8.302
 4     0.499    -0.721     0.482
 4     0.838     0.541    -0.058
 4    -0.219     0.432     0.874
 5   130.569    17.950    13.890
 5     0.885    -0.037     0.464
 5     0.284    -0.747    -0.601
 5     0.368     0.664    -0.651
 6   141.327    11.312     0.540
 6     0.391     0.917    -0.088
 6    -0.428     0.098    -0.897
 6    -0.815     0.387     0.432
 7   116.125   -22.531    -5.959
 7     0.464     0.690     0.557
 7    -0.832     0.553     0.007
 7    -0.303    -0.466     0.830
 8   132.818   -32.129    16.226
 8     0.889    -0.273     0.368
 8    -0.420    -0.806     0.418
 8     0.182    -0.526    -0.831
 9   140.015   -37.324     0.873
 9     0.301    -0.953     0.030
 9     0.104     0.067     0.992
 9    -0.948    -0.295     0.122
 2    97.603   -19.342    59.068
 2     0.658    -0.754     0.003
 2     0.753     0.657     0.029
 2    -0.023    -0.018     0.999
 3   133.306    -7.143     2.833
 3     0.487    -0.015    -0.873
 3     0.175     0.981     0.081
 3     0.855    -0.193     0.480
 4   116.819     8.007    -8.111
 4     0.495    -0.730     0.472
 4     0.842     0.535    -0.054
 4    -0.213     0.423     0.880
 5   130.229    18.086    14.371
 5     0.879     0.010     0.477
 5     0.314    -0.765    -0.562
 5     0.359     0.643    -0.676
 6   140.560    12.755     0.554
 6     0.385     0.923    -0.009
 6    -0.373     0.148    -0.916
 6    -0.844     0.355     0.402
 7   116.386   -22.474    -5.878
 7     0.466     0.693     0.551
 7    -0.833     0.552     0.010
 7    -0.297    -0.463     0.834
 8   132.460   -31.941    16.718
 8     0.869    -0.310     0.385
 8    -0.452    -0.813     0.367
 8     0.199    -0.492    -0.847
 9   139.143   -38.821     1.737
 9     0.284    -0.955     0.091
 9     0.033     0.107     0.994
 9    -0.958    -0.278     0.064
 2    97.603   -19.393    59.068
 2     0.658    -0.754     0.003
 2     0.752     0.657     0.029
 2    -0.023    -0.018     0.999
 3   133.325    -7.010     3.039
 3     0.480    -0.014    -0.877
 3     0.174     0.981     0.080
 3     0.859    -0.192     0.473
 4   116.825     8.062    -8.068
 4     0.492    -0.735     0.469
 4     0.845     0.531    -0.052
 4    -0.210     0.421     0.881
 5   130.093    18.193    14.369
 5     0.874     0.026     0.484
 5     0.328    -0.768    -0.549
 5     0.357     0.639    -0.681
 6   140.397    13.576     0.600
 6     0.397     0.918     0.024
 6    -0.348     0.176    -0.921
 6    -0.849     0.356     0.390
 7   116.544   -22.522    -5.941
 7     0.465     0.696     0.548
 7    -0.835     0.548     0.011
 7    -0.293    -0.463     0.836
 8   132.386   -31.988    16.948
 8     0.861    -0.321     0.394
 8    -0.464    -0.813     0.352
 8     0.208    -0.485    -0.849
 9   138.809   -39.679     2.340
 9     0.274    -0.954     0.122
 9    -0.008     0.127     0.992
 9    -0.962    -0.272     0.028
 2    97.603   -19.342    59.068
 2     0.658    -0.754     0.003
 2     0.752     0.657     0.029
 2    -0.023    -0.018     0.999
 3   133.493    -6.902     3.015
 3     0.474    -0.013    -0.880
 3     0.174     0.981     0.079
 3     0.863    -0.191     0.468
 4   116.851     8.141    -8.070
 4     0.485    -0.741     0.466
 4     0.849     0.525    -0.047
 4    -0.209     0.418     0.883
 5   129.915    18.276    14.485
 5     0.870     0.041     0.492
 5     0.339    -0.773    -0.536
 5     0.358     0.633    -0.686
 6   140.315    14.196     0.685
 6     0.410     0.911     0.052
 6    -0.326     0.200    -0.924
 6    -0.852     0.361     0.380
 7   116.673   -22.522    -5.891
 7     0.463     0.698     0.549
 7    -0.837     0.546     0.010
 7    -0.292    -0.464     0.835
 8   132.358   -31.833    17.042
 8     0.853    -0.339     0.398
 8    -0.477    -0.814     0.330
 8     0.212    -0.471    -0.856
 9   138.623   -39.991     2.484
 9     0.269    -0.953     0.137
 9    -0.024     0.137     0.990
 9    -0.963    -0.270     0.015
 2    97.603   -19.342    59.068
 2     0.658    -0.754     0.003
 2     0.753     0.657     0.029
 2    -0.023    -0.018     0.999
 3   133.514    -6.878     2.920
 3     0.475    -0.014    -0.880
 3     0.174     0.981     0.079
 3     0.862    -0.191     0.468
 4   116.848     8.244    -8.072
 4     0.481    -0.742     0.468
 4     0.851     0.521    -0.047
 4    -0.209     0.420     0.882
 5   129.792    18.274    14.497
 5     0.869     0.057     0.490
 5     0.348    -0.776    -0.526
 5     0.351     0.627    -0.695
 6   140.003    14.781     0.552
 6     0.413     0.906     0.093
 6    -0.303     0.233    -0.924
 6    -0.859     0.352     0.371
 7   116.721   -22.472    -5.887
 7     0.461     0.697     0.551
 7    -0.837     0.546     0.010
 7    -0.293    -0.465     0.834
 8   132.298   -31.885    17.226
 8     0.842    -0.364     0.399
 8    -0.496    -0.812     0.307
 8     0.212    -0.456    -0.864
 9   138.091   -40.999     2.906
 9     0.253    -0.951     0.176
 9    -0.068     0.165     0.984
 9    -0.965    -0.260    -0.021
 2    97.603   -19.342    59.068
 2     0.658    -0.754     0.003
 2     0.753     0.657     0.029
 2    -0.023    -0.018     0.999
 3   133.618    -6.776     2.863
 3     0.475    -0.014    -0.880
 3     0.172     0.982     0.078
 3     0.863    -0.189     0.468
 4   116.855     8.326    -7.955
 4     0.473    -0.751     0.462
 4     0.857     0.512    -0.042
 4    -0.205     0.415     0.885
 5   129.343    18.516    14.930
 5     0.860     0.077     0.504
 5     0.366    -0.782    -0.504
 5     0.355     0.618    -0.701
 6   139.788    15.644     0.826
 6     0.434     0.893     0.120
 6    -0.271     0.256    -0.928
 6    -0.859     0.369     0.353
 7   116.799   -22.474    -5.862
 7     0.456     0.701     0.549
 7    -0.841     0.541     0.007
 7    -0.292    -0.464     0.835
 8   132.045   -31.934    17.383
 8     0.833    -0.374     0.409
 8    -0.508    -0.809     0.296
 8     0.220    -0.453    -0.863
 9   137.783   -41.479     3.218
 9     0.250    -0.950     0.186
 9    -0.087     0.171     0.982
 9    -0.964    -0.262    -0.039
 2    97.602   -19.342    59.118
 2     0.658    -0.754     0.003
 2     0.753     0.657     0.029
 2    -0.023    -0.018     0.999
 3   133.627    -6.697     2.851
 3     0.471    -0.013    -0.882
 3     0.171     0.982     0.077
 3     0.865    -0.188     0.465
 4   116.862     8.432    -7.911
 4     0.470    -0.755     0.459
 4     0.859     0.509    -0.042
 4    -0.202     0.413     0.887
 5   129.323    18.519    14.924
 5     0.859     0.078     0.506
 5     0.368    -0.782    -0.503
 5     0.357     0.618    -0.701
 6   139.838    15.701     0.891
 6     0.439     0.890     0.125
 6    -0.268     0.262    -0.927
 6    -0.858     0.372     0.353
 7   116.896   -22.423    -5.937
 7     0.458     0.701     0.549
 7    -0.839     0.542     0.006
 7    -0.293    -0.463     0.836
 8   132.097   -31.986    17.301
 8     0.831    -0.374     0.413
 8    -0.510    -0.807     0.298
 8     0.222    -0.458    -0.860
 9   137.924   -41.302     3.093
 9     0.255    -0.948     0.188
 9    -0.078     0.174     0.982
 9    -0.964    -0.265    -0.029
 2    97.603   -19.393    59.118
 2     0.658    -0.754     0.003
 2     0.752     0.657     0.029
 2    -0.023    -0.018     0.999
 3   133.877    -6.623     2.758
 3     0.445    -0.007    -0.896
 3     0.166     0.983     0.075
 3     0.880    -0.182     0.438
 4   117.339     8.497    -8.081
 4     0.468    -0.757     0.457
 4     0.863     0.501    -0.054
 4    -0.188     0.419     0.887
 5   129.584    18.408    14.973
 5     0.855     0.051     0.517
 5     0.355    -0.783    -0.511
 5     0.378     0.620    -0.687
 6   140.661    15.154     1.294
 6     0.464     0.881     0.094
 6    -0.288     0.250    -0.924
 6    -0.838     0.401     0.370
 7   117.309   -22.244    -6.121
 7     0.466     0.703     0.538
 7    -0.834     0.550     0.002
 7    -0.294    -0.449     0.842
 8   132.522   -32.354    16.744
 8     0.829    -0.357     0.430
 8    -0.513    -0.791     0.333
 8     0.221    -0.496    -0.839
 9   139.259   -39.790     1.299
 9     0.312    -0.926     0.213
 9     0.023     0.232     0.972
 9    -0.950    -0.298     0.094
 2    97.603   -19.393    59.068
 2     0.658    -0.754     0.003
 2     0.752     0.657     0.029
 2    -0.023    -0.018     0.999
 3   133.864    -6.701     3.126
 3     0.447    -0.017    -0.894
 3     0.169     0.983     0.066
 3     0.878    -0.181     0.442
 4   117.336     8.207    -8.110
 4     0.484    -0.749     0.455
 4     0.853     0.518    -0.054
 4    -0.194     0.413     0.889
 5   130.117    18.546    14.485
 5     0.872     0.023     0.488
 5     0.334    -0.756    -0.562
 5     0.356     0.653    -0.668
 6   141.384    13.795     0.971
 6     0.463     0.885     0.046
 6    -0.346     0.229    -0.910
 6    -0.816     0.404     0.413
 7   117.134   -22.287    -6.055
 7     0.481     0.693     0.539
 7    -0.826     0.562     0.013
 7    -0.293    -0.451     0.842
 8   133.596   -32.968    15.476
 8     0.890    -0.268     0.369
 8    -0.427    -0.775     0.466
 8     0.161    -0.572    -0.804
 9   142.218   -35.668    -0.269
 9     0.368    -0.930     0.017
 9     0.196     0.099     0.975
 9    -0.909    -0.353     0.221
 2    97.603   -19.342    59.068
 2     0.658    -0.754     0.003
 2     0.752     0.657     0.029
 2    -0.023    -0.018     0.999
 3   133.532    -6.864     3.135
 3     0.459    -0.023    -0.888
 3     0.169     0.983     0.062
 3     0.872    -0.179     0.455
 4   117.019     8.121    -8.140
 4     0.490    -0.741     0.462
 4     0.848     0.526    -0.055
 4    -0.202     0.417     0.885
 5   130.259    18.422    14.248
 5     0.884    -0.003     0.467
 5     0.310    -0.744    -0.592
 5     0.348     0.668    -0.657
 6   141.542    12.324     0.852
 6     0.449     0.894     0.003
 6    -0.402     0.206    -0.892
 6    -0.798     0.397     0.453
 7   116.737   -22.410    -5.958
 7     0.488     0.686     0.542
 7    -0.822     0.568     0.021
 7    -0.292    -0.456     0.840
 8   134.299   -32.954    14.851
 8     0.937    -0.112     0.331
 8    -0.302    -0.737     0.604
 8     0.177    -0.666    -0.724
 9   144.798   -29.949     0.083
 9     0.415    -0.894    -0.178
 9     0.423     0.020     0.904
 9    -0.805    -0.447     0.389
 2    97.603   -19.342    59.068
 2     0.658    -0.754     0.003
 2     0.752     0.657     0.029
 2    -0.023    -0.018     0.999
 3   133.275    -6.894     3.119
 3     0.466    -0.038    -0.884
 3     0.178     0.982     0.052
 3     0.866    -0.182     0.464
 4   116.788     8.064    -8.083
 4     0.498    -0.731     0.468
 4     0.842     0.534    -0.062
 4    -0.205     0.424     0.881
 5   130.593    18.226    14.183
 5     0.896    -0.055     0.440
 5     0.266    -0.727    -0.632
 5     0.354     0.684    -0.637
 6   142.119    10.465     1.167
 6     0.441     0.894    -0.075
 6    -0.466     0.158    -0.870
 6    -0.767     0.418     0.488
 7   116.719   -22.498    -5.856
 7     0.507     0.674     0.539
 7    -0.813     0.580     0.037
 7    -0.287    -0.457     0.841
 8   135.313   -31.942    14.541
 8     0.962    -0.013     0.273
 8    -0.199    -0.717     0.668
 8     0.186    -0.697    -0.692
 9   147.094   -25.030     0.738
 9     0.436    -0.846    -0.317
 9     0.568    -0.012     0.819
 9    -0.697    -0.533     0.478
 2    97.603   -19.342    59.068
 2     0.658    -0.754     0.003
 2     0.753     0.657     0.029
 2    -0.023    -0.018     0.999
 3   133.150    -6.900     3.037
 3     0.473    -0.052    -0.880
 3     0.180     0.983     0.040
 3     0.862    -0.177     0.474
 4   116.695     8.117    -8.149
 4     0.505    -0.722     0.474
 4     0.839     0.537    -0.074
 4    -0.201     0.435     0.877
 5   130.969    17.978    13.975
 5     0.906    -0.103     0.409
 5     0.225    -0.703    -0.674
 5     0.357     0.703    -0.615
 6   142.642     8.185     1.685
 6     0.422     0.894    -0.152
 6    -0.547     0.119    -0.828
 6    -0.723     0.431     0.540
 7   116.288   -22.561    -5.769
 7     0.508     0.671     0.542
 7    -0.807     0.589     0.027
 7    -0.300    -0.450     0.840
 8   136.319   -31.641    13.062
 8     0.978     0.066     0.198
 8    -0.109    -0.644     0.757
 8     0.178    -0.762    -0.623
 9   148.813   -20.152     1.661
 9     0.445    -0.810    -0.388
 9     0.730     0.078     0.675
 9    -0.518    -0.581     0.627
 2    97.603   -19.342    59.068
 2     0.658    -0.754     0.003
 2     0.753     0.657     0.029
 2    -0.023    -0.018     0.999
 3   132.947    -7.011     3.046
 3     0.483    -0.055    -0.874
 3     0.181     0.982     0.039
 3     0.856    -0.177     0.484
 4   116.509     8.006    -8.158
 4     0.513    -0.714     0.479
 4     0.833     0.547    -0.076
 4    -0.207     0.437     0.875
 5   131.361    17.658    13.631
 5     0.913    -0.155     0.378
 5     0.184    -0.671    -0.718
 5     0.365     0.725    -0.584
 6   142.962     6.208     2.005
 6     0.400     0.892    -0.216
 6    -0.612     0.085    -0.784
 6    -0.682     0.444     0.581
 7   116.089   -22.590    -5.705
 7     0.517     0.669     0.536
 7    -0.799     0.599     0.022
 7    -0.307    -0.439     0.844
 8   137.536   -30.872    11.855
 8     0.983     0.137     0.123
 8    -0.024    -0.571     0.821
 8     0.182    -0.809    -0.558
 9   149.849   -15.937     2.302
 9     0.417    -0.804    -0.430
 9     0.833     0.148     0.529
 9    -0.363    -0.576     0.732
 2    97.603   -19.342    59.068
 2     0.658    -0.754     0.003
 2     0.753     0.657     0.029
 2    -0.023    -0.018     0.999
 3   132.869    -7.188     2.941
 3     0.483    -0.065    -0.873
 3     0.181     0.983     0.028
 3     0.856    -0.173     0.486
 4   116.506     7.876    -8.255
 4     0.519    -0.707     0.482
 4     0.828     0.553    -0.080
 4    -0.209     0.440     0.872
 5   131.635    17.576    13.269
 5     0.913    -0.199     0.355
 5     0.154    -0.639    -0.753
 5     0.377     0.743    -0.553
 6   142.951     4.416     2.260
 6     0.361     0.890    -0.283
 6    -0.670     0.038    -0.739
 6    -0.649     0.455     0.611
 7   116.135   -22.569    -5.840
 7     0.526     0.666     0.531
 7    -0.789     0.613     0.013
 7    -0.316    -0.425     0.847
 8   138.406   -29.873    11.129
 8     0.981     0.182     0.064
 8     0.040    -0.520     0.854
 8     0.189    -0.835    -0.516
 9   149.959   -12.614     3.140
 9     0.359    -0.828    -0.435
 9     0.896     0.175     0.402
 9    -0.259    -0.532     0.805
 2    97.603   -19.342    59.068
 2     0.658    -0.754     0.003
 2     0.753     0.657     0.029
 2    -0.023    -0.018     0.999
 3   132.919    -7.235     2.983
 3     0.480    -0.077    -0.874
 3     0.184     0.982     0.016
 3     0.857    -0.169     0.486
 4   116.603     7.694    -8.372
 4     0.524    -0.704     0.481
 4     0.825     0.559    -0.080
 4    -0.212     0.438     0.873
 5   131.935    17.301    13.079
 5     0.908    -0.250     0.335
 5     0.123    -0.606    -0.785
 5     0.399     0.755    -0.520
 6   142.907     2.434     3.074
 6     0.323     0.876    -0.361
 6    -0.728    -0.013    -0.682
 6    -0.604     0.481     0.635
 7   116.172   -22.596    -5.914
 7     0.532     0.666     0.525
 7    -0.784     0.620     0.008
 7    -0.319    -0.416     0.851
 8   138.801   -29.373    10.713
 8     0.972     0.233     0.027
 8     0.082    -0.449     0.890
 8     0.220    -0.863    -0.455
 9   149.324   -10.196     4.658
 9     0.289    -0.858    -0.430
 9     0.946     0.188     0.253
 9    -0.140    -0.477     0.866
 2    97.603   -19.342    59.068
 2     0.658    -0.754     0.003
 2     0.753     0.657     0.029
 2    -0.023    -0.018     0.999
 3   132.941    -7.312     3.057
 3     0.480    -0.084    -0.873
 3     0.183     0.983     0.007
 3     0.857    -0.164     0.487
 4   116.837     7.567    -8.476
 4     0.531    -0.702     0.477
 4     0.821     0.564    -0.083
 4    -0.210     0.435     0.875
 5   131.967    17.327    13.205
 5     0.892    -0.316     0.324
 5     0.095    -0.569    -0.816
 5     0.442     0.759    -0.478
 6   142.492     0.769     4.405
 6     0.294     0.849    -0.442
 6    -0.781    -0.052    -0.620
 6    -0.550     0.525     0.649
 7   116.296   -22.644    -5.874
 7     0.536     0.667     0.519
 7    -0.782     0.622     0.008
 7    -0.317    -0.409     0.855
 8   139.003   -29.172    10.807
 8     0.959     0.282     0.006
 8     0.107    -0.391     0.915
 8     0.260    -0.876    -0.404
 9   148.484    -8.353     6.587
 9     0.219    -0.891    -0.400
 9     0.974     0.182     0.122
 9    -0.038    -0.415     0.908
 2    97.603   -19.342    59.068
 2     0.658    -0.754     0.003
 2     0.752     0.657     0.029
 2    -0.023    -0.018     0.999
 3   132.989    -7.312     3.106
 3     0.481    -0.090    -0.872
 3     0.182     0.983     0.000
 3     0.857    -0.160     0.489
 4   116.968     7.569    -8.480
 4     0.533    -0.703     0.474
 4     0.820     0.565    -0.084
 4    -0.208     0.432     0.876
 5   131.841    17.250    13.395
 5     0.876    -0.359     0.322
 5     0.079    -0.550    -0.831
 5     0.475     0.754    -0.454
 6   142.185    -0.005     5.442
 6     0.281     0.823    -0.496
 6    -0.802    -0.083    -0.589
 6    -0.527     0.561     0.638
 7   116.390   -22.522    -6.456
 7     0.531     0.676     0.513
 7    -0.786     0.617    -0.001
 7    -0.318    -0.402     0.858
 8   138.313   -28.231    11.652
 8     0.920     0.391     0.004
 8     0.149    -0.365     0.919
 8     0.360    -0.845    -0.393
 9   147.454    -6.827     9.007
 9     0.202    -0.790    -0.583
 9     0.976     0.112     0.178
 9    -0.077    -0.603     0.793
 2    97.603   -19.393    59.068
 2     0.658    -0.754     0.003
 2     0.752     0.657     0.029
 2    -0.023    -0.018     0.999
 3   133.290    -7.245     2.686
 3     0.483    -0.141    -0.865
 3     0.148     0.985    -0.077
 3     0.863    -0.092     0.496
 4   117.722     7.865    -8.366
 4     0.534    -0.724     0.438
 4     0.829     0.548    -0.105
 4    -0.164     0.419     0.892
 5   131.067    16.920    14.504
 5     0.810    -0.474     0.348
 5     0.039    -0.545    -0.837
 5     0.585     0.691    -0.423
 6   141.593    -0.970     8.343
 6     0.300     0.747    -0.596
 6    -0.812    -0.130    -0.567
 6    -0.501     0.652     0.568
 7   117.376   -22.482    -6.809
 7     0.554     0.682     0.480
 7    -0.783     0.620     0.021
 7    -0.283    -0.387     0.877
 8   139.107   -27.693    12.672
 8     0.883     0.468    -0.038
 8     0.198    -0.302     0.933
 8     0.425    -0.830    -0.358
 9   147.003    -5.685    12.033
 9     0.133    -0.787    -0.604
 9     0.991     0.107     0.073
 9     0.006    -0.607     0.794
 2    97.603   -19.393    59.068
 2     0.658    -0.754     0.003
 2     0.752     0.657     0.029
 2    -0.023    -0.018     0.999
 3   133.610    -6.935     3.047
 3     0.457    -0.151    -0.877
 3     0.173     0.981    -0.078
 3     0.872    -0.117     0.474
 4   118.020     8.105    -8.347
 4     0.531    -0.729     0.434
 4     0.833     0.540    -0.111
 4    -0.153     0.420     0.894
 5   130.977    17.377    14.660
 5     0.785    -0.520     0.337
 5     0.027    -0.514    -0.857
 5     0.618     0.682    -0.390
 6   141.015    -1.987    10.264
 6     0.259     0.702    -0.666
 6    -0.866    -0.138    -0.478
 6    -0.427     0.698     0.573
 7   117.782   -22.295    -6.794
 7     0.564     0.686     0.462
 7    -0.778     0.626     0.020
 7    -0.275    -0.370     0.886
 8   138.646   -26.989    13.664
 8     0.850     0.525    -0.051
