% Calibrated with leiden_pols
% Positions are in centimeters
Data =[
 2    97.003   -20.085    59.099
 2     0.418    -0.909     0.004
 2     0.908     0.417     0.030
 2    -0.029    -0.010     0.999
 3   131.151    -3.304     1.967
 3     0.514     0.061    -0.856
 3    -0.093     0.995     0.014
 3     0.853     0.072     0.517
 4   115.439    15.112    -8.367
 4     0.225    -0.903     0.365
 4     0.948     0.116    -0.295
 4     0.224     0.412     0.883
 5   119.841    21.530    19.745
 5     0.428    -0.567     0.706
 5     0.125    -0.735    -0.665
 5     0.895     0.372    -0.242
 6   135.155    23.685    46.037
 6     0.438    -0.760    -0.488
 6    -0.016     0.530    -0.845
 6     0.898     0.375     0.219
 7   115.648   -23.240    -5.867
 7     0.137     0.950     0.281
 7    -0.912     0.010     0.409
 7     0.386    -0.312     0.868
 8   118.111   -26.944    23.753
 8     0.449     0.290     0.846
 8    -0.149    -0.909     0.389
 8     0.881    -0.300    -0.364
 9   131.475   -32.487    48.139
 9     0.542     0.839    -0.059
 9    -0.090     0.123     0.988
 9     0.835    -0.530     0.142
 2    97.003   -20.085    59.047
 2     0.418    -0.909     0.005
 2     0.908     0.417     0.030
 2    -0.029    -0.009     0.999
 3   131.150    -3.305     2.018
 3     0.513     0.060    -0.856
 3    -0.094     0.995     0.013
 3     0.853     0.073     0.516
 4   115.394    15.113    -8.373
 4     0.224    -0.904     0.365
 4     0.948     0.115    -0.296
 4     0.226     0.412     0.882
 5   119.841    21.479    19.796
 5     0.428    -0.568     0.705
 5     0.125    -0.734    -0.666
 5     0.895     0.372    -0.242
 6   135.104    23.685    46.036
 6     0.438    -0.761    -0.487
 6    -0.016     0.529    -0.846
 6     0.898     0.376     0.219
 7   115.698   -23.240    -5.867
 7     0.137     0.950     0.280
 7    -0.912     0.011     0.409
 7     0.386    -0.312     0.868
 8   118.111   -26.946    23.753
 8     0.448     0.289     0.847
 8    -0.151    -0.909     0.388
 8     0.881    -0.301    -0.363
 9   131.474   -32.538    48.138
 9     0.542     0.839    -0.061
 9    -0.091     0.126     0.988
 9     0.835    -0.529     0.144
 2    97.003   -20.085    59.047
 2     0.418    -0.909     0.004
 2     0.908     0.417     0.030
 2    -0.029    -0.009     0.999
 3   131.100    -3.254     2.017
 3     0.512     0.059    -0.857
 3    -0.094     0.995     0.012
 3     0.853     0.074     0.515
 4   115.393    15.164    -8.322
 4     0.224    -0.904     0.365
 4     0.948     0.115    -0.296
 4     0.226     0.412     0.882
 5   119.835    21.528    19.803
 5     0.429    -0.568     0.705
 5     0.125    -0.734    -0.666
 5     0.894     0.373    -0.243
 6   135.104    23.685    46.035
 6     0.439    -0.761    -0.487
 6    -0.017     0.528    -0.846
 6     0.898     0.377     0.218
 7   115.697   -23.240    -5.867
 7     0.136     0.950     0.280
 7    -0.912     0.010     0.409
 7     0.386    -0.311     0.868
 8   118.107   -26.947    23.760
 8     0.449     0.288     0.847
 8    -0.152    -0.909     0.388
 8     0.880    -0.302    -0.364
 9   131.520   -32.540    48.119
 9     0.544     0.838    -0.061
 9    -0.092     0.127     0.987
 9     0.834    -0.531     0.145
 2    96.952   -20.085    59.098
 2     0.418    -0.909     0.004
 2     0.908     0.417     0.030
 2    -0.029    -0.009     0.999
 3   131.078    -3.202     2.086
 3     0.512     0.058    -0.857
 3    -0.094     0.995     0.010
 3     0.854     0.076     0.515
 4   115.354    15.253    -8.137
 4     0.223    -0.905     0.362
 4     0.944     0.108    -0.310
 4     0.241     0.411     0.879
 5   119.435    21.713    19.542
 5     0.380    -0.567     0.733
 5     0.162    -0.738    -0.653
 5     0.911     0.366    -0.188
 6   135.191    24.004    46.119
 6     0.457    -0.735    -0.509
 6    -0.003     0.564    -0.822
 6     0.889     0.375     0.255
 7   115.583   -23.071    -5.866
 7     0.145     0.949     0.280
 7    -0.905     0.012     0.425
 7     0.400    -0.315     0.860
 8   118.254   -27.117    23.381
 8     0.430     0.269     0.863
 8    -0.177    -0.911     0.371
 8     0.885    -0.311    -0.344
 9   131.270   -34.412    47.469
 9     0.536     0.845    -0.011
 9    -0.157     0.109     0.982
 9     0.829    -0.524     0.190
 2    97.003   -20.085    59.047
 2     0.418    -0.909     0.005
 2     0.908     0.417     0.030
 2    -0.029    -0.009     0.999
 3   131.016    -3.130     2.095
 3     0.514     0.051    -0.856
 3    -0.097     0.995     0.000
 3     0.852     0.083     0.516
 4   114.547    15.110    -8.205
 4     0.190    -0.913     0.361
 4     0.943     0.067    -0.326
 4     0.273     0.402     0.873
 5   118.151    22.700    19.340
 5     0.391    -0.410     0.826
 5     0.302    -0.790    -0.532
 5     0.869     0.456    -0.185
 6   134.035    31.182    44.443
 6     0.485    -0.820    -0.313
 6     0.174     0.434    -0.882
 6     0.856     0.374     0.352
 7   115.083   -22.524    -6.161
 7     0.185     0.934     0.306
 7    -0.913     0.048     0.406
 7     0.364    -0.354     0.861
 8   118.544   -29.291    22.311
 8     0.449     0.079     0.890
 8    -0.360    -0.896     0.260
 8     0.817    -0.437    -0.373
 9   130.732   -42.896    43.201
 9     0.522     0.818     0.243
 9    -0.387    -0.026     0.921
 9     0.760    -0.575     0.303
 2    97.003   -20.085    59.047
 2     0.418    -0.909     0.004
 2     0.908     0.417     0.030
 2    -0.029    -0.009     0.999
 3   130.632    -2.555     1.849
 3     0.519     0.016    -0.854
 3    -0.103     0.994    -0.045
 3     0.848     0.111     0.517
 4   112.488    14.917    -8.379
 4     0.137    -0.903     0.408
 4     0.961     0.021    -0.276
 4     0.240     0.429     0.870
 5   117.522    25.536    18.226
 5     0.450    -0.164     0.879
 5     0.480    -0.786    -0.390
 5     0.753     0.597    -0.275
 6   134.811    39.791    38.723
 6     0.576    -0.818    -0.010
 6     0.378     0.274    -0.884
 6     0.724     0.505     0.468
 7   113.449   -21.130    -6.878
 7     0.237     0.892     0.386
 7    -0.941     0.112     0.318
 7     0.240    -0.439     0.866
 8   118.535   -32.262    19.906
 8     0.472    -0.137     0.871
 8    -0.561    -0.809     0.177
 8     0.680    -0.572    -0.458
 9   129.899   -51.306    35.620
 9     0.510     0.698     0.506
 9    -0.612    -0.118     0.780
 9     0.604    -0.706     0.366
 2    97.003   -20.085    59.047
 2     0.418    -0.909     0.004
 2     0.908     0.417     0.030
 2    -0.029    -0.009     0.999
 3   129.765    -1.696     1.357
 3     0.551    -0.037    -0.834
 3    -0.111     0.987    -0.117
 3     0.827     0.157     0.539
 4   109.684    14.675    -8.468
 4     0.084    -0.876     0.475
 4     0.980    -0.014    -0.199
 4     0.181     0.482     0.857
 5   117.179    27.884    16.391
 5     0.514     0.075     0.855
 5     0.609    -0.733    -0.301
 5     0.604     0.676    -0.422
 6   134.816    46.662    31.612
 6     0.631    -0.710     0.318
 6     0.553     0.125    -0.823
 6     0.544     0.693     0.470
 7   111.414   -19.936    -7.371
 7     0.269     0.839     0.474
 7    -0.958     0.182     0.220
 7     0.098    -0.513     0.852
 8   118.243   -35.003    16.619
 8     0.491    -0.314     0.813
 8    -0.710    -0.684     0.165
 8     0.504    -0.658    -0.558
 9   127.935   -57.919    26.932
 9     0.456     0.590     0.670
 9    -0.777    -0.103     0.619
 9     0.433    -0.801     0.409
 2    96.952   -20.085    59.098
 2     0.418    -0.909     0.004
 2     0.908     0.417     0.030
 2    -0.029    -0.009     0.999
 3   128.332    -1.203     0.445
 3     0.599    -0.076    -0.797
 3    -0.114     0.977    -0.178
 3     0.793     0.197     0.576
 4   106.780    14.227    -8.431
 4     0.042    -0.840     0.541
 4     0.992    -0.031    -0.123
 4     0.120     0.542     0.831
 5   116.872    29.628    14.271
 5     0.563     0.266     0.783
 5     0.691    -0.671    -0.269
 5     0.454     0.692    -0.560
 6   135.264    50.291    23.830
 6     0.674    -0.508     0.540
 6     0.652     0.066    -0.754
 6     0.346     0.859     0.373
 7   108.695   -18.757    -7.516
 7     0.286     0.764     0.578
 7    -0.956     0.264     0.124
 7    -0.058    -0.588     0.806
 8   117.660   -37.717    12.402
 8     0.519    -0.455     0.725
 8    -0.806    -0.542     0.237
 8     0.285    -0.707    -0.646
 9   126.601   -62.670    16.310
 9     0.428     0.464     0.778
 9    -0.877     0.000     0.480
 9     0.221    -0.886     0.404
 2    97.003   -20.035    59.047
 2     0.418    -0.909     0.004
 2     0.908     0.417     0.030
 2    -0.029    -0.009     0.999
 3   127.000    -0.825    -0.210
 3     0.630    -0.098    -0.770
 3    -0.113     0.970    -0.215
 3     0.768     0.222     0.600
 4   104.448    13.995    -8.310
 4     0.031    -0.794     0.607
 4     0.998    -0.008    -0.061
 4     0.054     0.608     0.792
 5   117.080    31.125    11.508
 5     0.622     0.371     0.690
 5     0.722    -0.612    -0.322
 5     0.303     0.698    -0.647
 6   135.969    52.488    15.542
 6     0.713    -0.352     0.608
 6     0.682     0.151    -0.714
 6     0.159     0.924     0.346
 7   106.287   -17.590    -7.359
 7     0.298     0.664     0.686
 7    -0.933     0.354     0.061
 7    -0.203    -0.658     0.724
 8   117.474   -39.357     7.440
 8     0.544    -0.558     0.628
 8    -0.837    -0.414     0.356
 8     0.061    -0.719    -0.691
 9   125.949   -64.804     4.640
 9     0.413     0.349     0.842
 9    -0.911     0.165     0.377
 9    -0.009    -0.922     0.384
 2    97.002   -20.035    59.098
 2     0.418    -0.909     0.004
 2     0.908     0.417     0.030
 2    -0.029    -0.009     0.999
 3   125.735    -0.417    -0.968
 3     0.679    -0.107    -0.727
 3    -0.117     0.961    -0.249
 3     0.725     0.254     0.639
 4   102.420    13.610    -8.175
 4     0.029    -0.735     0.677
 4     0.999     0.028    -0.011
 4    -0.011     0.677     0.735
 5   117.258    32.143     8.163
 5     0.667     0.449     0.596
 5     0.729    -0.559    -0.395
 5     0.156     0.697    -0.699
 6   136.417    52.918     7.245
 6     0.736    -0.203     0.646
 6     0.677     0.238    -0.696
 6    -0.013     0.950     0.312
 7   104.526   -17.047    -6.822
 7     0.321     0.541     0.777
 7    -0.893     0.445     0.059
 7    -0.314    -0.713     0.626
 8   117.446   -40.246     2.576
 8     0.552    -0.653     0.521
 8    -0.822    -0.317     0.473
 8    -0.144    -0.688    -0.710
 9   125.060   -64.917    -6.196
 9     0.385     0.209     0.899
 9    -0.896     0.317     0.309
 9    -0.221    -0.925     0.308
 2    96.952   -20.085    59.098
 2     0.418    -0.909     0.004
 2     0.908     0.417     0.030
 2    -0.029    -0.009     0.999
 3   124.875    -0.489    -1.432
 3     0.695    -0.103    -0.713
 3    -0.123     0.958    -0.258
 3     0.708     0.266     0.652
 4   101.061    13.200    -8.042
 4     0.036    -0.684     0.729
 4     0.997     0.077     0.023
 4    -0.072     0.725     0.684
 5   117.480    32.508     5.287
 5     0.690     0.504     0.522
 5     0.723    -0.519    -0.456
 5     0.041     0.690    -0.721
 6   136.436    52.509     0.234
 6     0.738    -0.069     0.671
 6     0.656     0.303    -0.691
 6    -0.155     0.950     0.270
 7   103.223   -16.809    -6.395
 7     0.314     0.455     0.833
 7    -0.860     0.507     0.047
 7    -0.402    -0.732     0.551
 8   117.165   -40.204    -1.034
 8     0.546    -0.715     0.440
 8    -0.791    -0.265     0.550
 8    -0.276    -0.647    -0.709
 9   123.845   -64.010   -13.224
 9     0.343     0.134     0.930
 9    -0.874     0.407     0.264
 9    -0.343    -0.904     0.256
 2    96.952   -20.085    59.098
 2     0.418    -0.909     0.004
 2     0.908     0.417     0.030
 2    -0.029    -0.009     0.999
 3   124.325    -0.551    -1.702
 3     0.702    -0.094    -0.707
 3    -0.128     0.959    -0.253
 3     0.700     0.268     0.661
 4   100.224    12.842    -8.022
 4     0.057    -0.634     0.772
 4     0.990     0.133     0.038
 4    -0.127     0.762     0.635
 5   117.925    32.353     2.791
 5     0.718     0.529     0.454
 5     0.694    -0.496    -0.521
 5    -0.050     0.688    -0.722
 6   137.184    50.421    -6.289
 6     0.756    -0.001     0.656
 6     0.594     0.422    -0.683
 6    -0.275     0.907     0.320
 7   102.334   -16.847    -5.885
 7     0.310     0.397     0.864
 7    -0.836     0.546     0.049
 7    -0.453    -0.738     0.501
 8   117.976   -39.615    -3.330
 8     0.563    -0.757     0.333
 8    -0.737    -0.277     0.616
 8    -0.374    -0.592    -0.713
 9   124.799   -61.952   -18.395
 9     0.343    -0.030     0.939
 9    -0.831     0.458     0.317
 9    -0.438    -0.888     0.133
 2    97.003   -20.035    59.047
 2     0.418    -0.909     0.004
 2     0.908     0.417     0.030
 2    -0.029    -0.009     0.999
 3   123.998    -0.734    -1.892
 3     0.713    -0.091    -0.696
 3    -0.120     0.961    -0.248
 3     0.691     0.260     0.674
 4    99.659    12.202    -8.138
 4     0.071    -0.594     0.802
 4     0.980     0.190     0.055
 4    -0.185     0.782     0.595
 5   118.619    31.640     0.189
 5     0.744     0.544     0.390
 5     0.654    -0.475    -0.588
 5    -0.135     0.692    -0.708
 6   138.098    47.085   -12.127
 6     0.758     0.141     0.638
 6     0.517     0.466    -0.716
 6    -0.397     0.873     0.282
 7   102.089   -17.169    -5.768
 7     0.309     0.363     0.879
 7    -0.821     0.567     0.054
 7    -0.479    -0.739     0.473
 8   120.009   -38.430    -4.290
 8     0.581    -0.798     0.159
 8    -0.673    -0.362     0.645
 8    -0.457    -0.482    -0.748
 9   127.830   -60.128   -20.053
 9     0.325    -0.542     0.779
 9    -0.804     0.277     0.525
 9    -0.499    -0.793    -0.344
 2    97.002   -20.035    59.098
 2     0.418    -0.909     0.004
 2     0.908     0.417     0.030
 2    -0.029    -0.009     0.999
 3   123.834    -0.815    -1.912
 3     0.719    -0.082    -0.691
 3    -0.116     0.965    -0.234
 3     0.685     0.248     0.684
 4    99.519    11.984    -8.225
 4     0.093    -0.560     0.823
 4     0.970     0.235     0.051
 4    -0.223     0.794     0.565
 5   120.180    30.172    -1.632
 5     0.780     0.552     0.295
 5     0.596    -0.512    -0.619
 5    -0.190     0.658    -0.728
 6   139.886    43.911   -15.409
 6     0.731     0.549     0.409
 6     0.465     0.036    -0.884
 6    -0.498     0.835    -0.228
 7   101.985   -17.418    -5.674
 7     0.308     0.335     0.890
 7    -0.806     0.589     0.057
 7    -0.506    -0.735     0.452
 8   121.412   -37.374    -6.086
 8     0.583    -0.812     0.019
 8    -0.623    -0.431     0.653
 8    -0.522    -0.393    -0.757
 9   129.955   -58.065   -23.260
 9     0.292    -0.813     0.509
 9    -0.789     0.095     0.604
 9    -0.540    -0.575    -0.613
 2    97.002   -20.035    59.098
 2     0.418    -0.909     0.004
 2     0.908     0.417     0.030
 2    -0.029    -0.009     0.999
 3   123.808    -0.917    -1.982
 3     0.720    -0.075    -0.690
 3    -0.116     0.967    -0.226
 3     0.684     0.243     0.687
 4    99.453    11.901    -8.255
 4     0.111    -0.536     0.837
 4     0.961     0.271     0.047
 4    -0.252     0.799     0.545
 5   120.951    29.411    -3.010
 5     0.792     0.569     0.221
 5     0.563    -0.543    -0.623
 5    -0.234     0.618    -0.750
 6   139.710    42.440   -18.050
 6     0.694     0.683     0.228
 6     0.448    -0.162    -0.879
 6    -0.563     0.712    -0.418
 7   101.680   -17.302    -5.558
 7     0.299     0.307     0.903
 7    -0.783     0.620     0.048
 7    -0.545    -0.722     0.425
 8   122.064   -35.996    -8.241
 8     0.574    -0.811    -0.109
 8    -0.574    -0.493     0.653
 8    -0.583    -0.314    -0.749
 9   130.752   -55.902   -25.888
 9     0.281    -0.887     0.370
 9    -0.778     0.014     0.626
 9    -0.562    -0.461    -0.686
 2    97.003   -20.035    59.047
 2     0.418    -0.909     0.004
 2     0.908     0.417     0.030
 2    -0.029    -0.009     0.999
 3   123.649    -0.921    -2.063
 3     0.724    -0.067    -0.687
 3    -0.115     0.969    -0.216
 3     0.680     0.235     0.694
 4    99.225    11.803    -8.257
 4     0.117    -0.515     0.849
 4     0.955     0.292     0.046
 4    -0.273     0.805     0.526
 5   121.122    29.011    -3.953
 5     0.803     0.563     0.195
 5     0.534    -0.537    -0.653
 5    -0.263     0.628    -0.732
 6   139.657    40.709   -20.385
 6     0.684     0.705     0.189
 6     0.398    -0.143    -0.906
 6    -0.611     0.694    -0.378
 7   101.551   -17.321    -5.535
 7     0.302     0.292     0.907
 7    -0.766     0.641     0.048
 7    -0.567    -0.710     0.417
 8   122.562   -34.874    -9.476
 8     0.584    -0.795    -0.164
 8    -0.524    -0.523     0.672
 8    -0.619    -0.307    -0.722
 9   131.507   -53.571   -28.479
 9     0.292    -0.896     0.339
 9    -0.744     0.009     0.666
 9    -0.601    -0.444    -0.664
 2    97.003   -20.035    59.047
 2     0.418    -0.909     0.004
 2     0.908     0.417     0.030
 2    -0.029    -0.009     0.999
 3   123.624    -0.972    -2.057
 3     0.725    -0.064    -0.686
 3    -0.113     0.971    -0.209
 3     0.679     0.229     0.697
 4    99.076    11.655    -8.385
 4     0.122    -0.501     0.857
 4     0.948     0.312     0.048
 4    -0.293     0.807     0.513
 5   121.297    28.556    -4.859
 5     0.813     0.555     0.175
 5     0.503    -0.520    -0.690
 5    -0.292     0.649    -0.702
 6   139.486    37.979   -23.076
 6     0.680     0.694     0.241
 6     0.298     0.040    -0.954
 6    -0.670     0.718    -0.180
 7   101.395   -17.342    -5.515
 7     0.302     0.288     0.908
 7    -0.750     0.659     0.040
 7    -0.588    -0.694     0.415
 8   122.525   -33.984   -10.772
 8     0.602    -0.776    -0.192
 8    -0.445    -0.523     0.726
 8    -0.663    -0.352    -0.660
 9   131.365   -49.859   -32.890
 9     0.306    -0.860     0.412
 9    -0.620     0.146     0.768
 9    -0.722    -0.488    -0.489
 2    97.003   -20.035    59.047
 2     0.419    -0.908     0.004
 2     0.907     0.419     0.030
 2    -0.029    -0.009     0.999
 3   123.523    -1.100    -2.094
 3     0.728    -0.056    -0.684
 3    -0.109     0.975    -0.195
 3     0.677     0.216     0.703
 4    99.027    11.401    -8.454
 4     0.134    -0.485     0.864
 4     0.939     0.338     0.045
 4    -0.315     0.806     0.501
 5   121.489    27.860    -6.136
 5     0.822     0.548     0.157
 5     0.466    -0.487    -0.739
 5    -0.328     0.680    -0.655
 6   139.366    33.246   -26.148
 6     0.665     0.694     0.278
 6     0.132     0.257    -0.957
 6    -0.735     0.672     0.079
 7   101.355   -17.422    -5.553
 7     0.311     0.287     0.906
 7    -0.723     0.690     0.029
 7    -0.617    -0.665     0.422
 8   122.796   -32.557   -12.371
 8     0.621    -0.748    -0.235
 8    -0.347    -0.530     0.773
 8    -0.703    -0.399    -0.588
 9   131.521   -44.524   -37.259
 9     0.310    -0.869     0.390
 9    -0.469     0.216     0.855
 9    -0.827    -0.445    -0.341
 2    97.004   -20.035    59.048
 2     0.420    -0.907     0.004
 2     0.907     0.420     0.030
 2    -0.029    -0.010     0.999
 3   123.525    -1.200    -2.168
 3     0.728    -0.052    -0.684
 3    -0.106     0.976    -0.188
 3     0.677     0.209     0.705
 4    99.030    11.148    -8.625
 4     0.145    -0.473     0.870
 4     0.931     0.363     0.042
 4    -0.336     0.803     0.492
 5   121.673    27.206    -6.944
 5     0.827     0.543     0.140
 5     0.435    -0.465    -0.771
 5    -0.354     0.699    -0.621
 6   138.910    28.550   -28.713
 6     0.613     0.755     0.237
 6    -0.028     0.321    -0.947
 6    -0.789     0.572     0.218
 7   101.193   -17.317    -5.594
 7     0.313     0.292     0.904
 7    -0.705     0.709     0.016
 7    -0.636    -0.642     0.427
 8   122.578   -31.504   -13.603
 8     0.628    -0.734    -0.261
 8    -0.268    -0.516     0.812
 8    -0.730    -0.441    -0.521
 9   130.348   -39.804   -40.638
 9     0.276    -0.884     0.381
 9    -0.318     0.288     0.901
 9    -0.907    -0.369    -0.203
 2    97.004   -20.086    59.048
 2     0.421    -0.907     0.004
 2     0.906     0.420     0.030
 2    -0.029    -0.010     0.999
 3   123.533    -1.197    -2.175
 3     0.726    -0.052    -0.685
 3    -0.104     0.977    -0.184
 3     0.679     0.205     0.704
 4    99.015    11.190    -8.606
 4     0.150    -0.467     0.872
 4     0.927     0.372     0.040
 4    -0.343     0.802     0.488
 5   122.047    26.590    -7.412
 5     0.835     0.538     0.113
 5     0.405    -0.464    -0.787
 5    -0.371     0.703    -0.606
 6   138.096    24.678   -30.249
 6     0.548     0.819     0.170
 6    -0.149     0.298    -0.943
 6    -0.823     0.491     0.286
 7   100.977   -17.157    -5.621
 7     0.311     0.293     0.904
 7    -0.693     0.720     0.005
 7    -0.650    -0.629     0.427
 8   122.382   -30.924   -14.521
 8     0.632    -0.731    -0.258
 8    -0.217    -0.485     0.847
 8    -0.744    -0.480    -0.465
 9   129.665   -35.790   -42.469
 9     0.256    -0.904     0.344
 9    -0.187     0.302     0.934
 9    -0.948    -0.302    -0.093
 2    97.007   -20.085    59.045
 2     0.421    -0.907     0.004
 2     0.906     0.421     0.030
 2    -0.028    -0.010     0.999
 3   123.454    -1.225    -2.164
 3     0.728    -0.045    -0.685
 3    -0.106     0.978    -0.177
 3     0.677     0.201     0.707
 4    98.932    11.123    -8.645
 4     0.158    -0.456     0.876
 4     0.921     0.388     0.036
 4    -0.357     0.801     0.480
 5   122.371    25.664    -8.094
 5     0.842     0.531     0.086
 5     0.371    -0.458    -0.808
 5    -0.390     0.712    -0.583
 6   137.811    22.056   -31.325
 6     0.514     0.845     0.144
 6    -0.219     0.295    -0.930
 6    -0.829     0.446     0.338
 7   100.947   -17.165    -5.599
 7     0.317     0.292     0.902
 7    -0.683     0.730     0.003
 7    -0.658    -0.618     0.431
 8   122.924   -29.931   -14.830
 8     0.651    -0.710    -0.271
 8    -0.165    -0.479     0.861
 8    -0.740    -0.516    -0.429
 9   129.946   -31.288   -43.373
 9     0.247    -0.934     0.260
 9    -0.047     0.256     0.965
 9    -0.968    -0.250     0.019
 2    97.007   -20.035    59.045
 2     0.421    -0.907     0.004
 2     0.906     0.421     0.030
 2    -0.028    -0.010     0.999
 3   123.535    -1.324    -2.166
 3     0.728    -0.044    -0.685
 3    -0.102     0.980    -0.171
 3     0.678     0.193     0.709
 4    99.131    10.975    -8.775
 4     0.175    -0.450     0.876
 4     0.912     0.409     0.029
 4    -0.372     0.794     0.481
 5   123.003    24.831    -8.540
 5     0.854     0.517     0.064
 5     0.339    -0.458    -0.821
 5    -0.395     0.723    -0.567
 6   138.042    18.995   -31.820
 6     0.483     0.870     0.099
 6    -0.295     0.271    -0.916
 6    -0.824     0.412     0.388
 7   101.071   -17.222    -5.707
 7     0.321     0.291     0.901
 7    -0.674     0.738     0.002
 7    -0.665    -0.609     0.433
 8   123.326   -29.325   -15.169
 8     0.661    -0.701    -0.270
 8    -0.132    -0.461     0.877
 8    -0.738    -0.545    -0.397
 9   128.493   -26.068   -44.673
 9     0.180    -0.963     0.199
 9     0.148     0.228     0.962
 9    -0.972    -0.143     0.184
 2    97.006   -20.035    59.045
 2     0.421    -0.907     0.004
 2     0.906     0.421     0.029
 2    -0.028    -0.009     0.999
 3   123.647    -1.396    -2.125
 3     0.725    -0.040    -0.688
 3    -0.101     0.981    -0.164
 3     0.681     0.188     0.707
 4    99.235    10.973    -8.873
 4     0.181    -0.451     0.874
 4     0.910     0.412     0.024
 4    -0.372     0.791     0.484
 5   123.212    24.598    -8.484
 5     0.858     0.510     0.057
 5     0.328    -0.460    -0.825
 5    -0.394     0.727    -0.563
 6   137.419    16.668   -31.838
 6     0.437     0.896     0.073
 6    -0.376     0.259    -0.889
 6    -0.817     0.359     0.452
 7   100.899   -17.180    -5.657
 7     0.321     0.292     0.901
 7    -0.667     0.744    -0.004
 7    -0.672    -0.601     0.433
 8   123.098   -28.937   -15.402
 8     0.660    -0.711    -0.243
 8    -0.117    -0.415     0.901
 8    -0.741    -0.567    -0.358
 9   126.423   -21.601   -45.605
 9     0.103    -0.975     0.198
 9     0.305     0.221     0.926
 9    -0.947    -0.033     0.322
 2    97.006   -20.035    59.045
 2     0.421    -0.907     0.004
 2     0.906     0.421     0.029
 2    -0.028    -0.009     0.999
 3   123.545    -1.398    -2.095
 3     0.726    -0.038    -0.687
 3    -0.102     0.981    -0.162
 3     0.680     0.187     0.709
 4    99.133    10.996    -8.821
 4     0.184    -0.448     0.875
 4     0.909     0.414     0.021
 4    -0.373     0.792     0.482
 5   123.214    24.388    -8.467
 5     0.860     0.506     0.055
 5     0.320    -0.453    -0.832
 5    -0.396     0.734    -0.552
 6   136.498    14.914   -31.874
 6     0.390     0.917     0.086
 6    -0.441     0.270    -0.855
 6    -0.808     0.293     0.511
 7   100.782   -16.917    -5.642
 7     0.321     0.296     0.900
 7    -0.655     0.755    -0.015
 7    -0.684    -0.585     0.436
 8   122.755   -28.275   -16.072
 8     0.649    -0.722    -0.242
 8    -0.100    -0.394     0.913
 8    -0.754    -0.568    -0.328
 9   125.172   -19.286   -46.334
 9     0.055    -0.976     0.208
 9     0.368     0.214     0.904
 9    -0.928     0.027     0.372
 2    97.009   -20.034    59.042
 2     0.421    -0.907     0.004
 2     0.906     0.421     0.028
 2    -0.027    -0.009     0.999
 3   123.490    -1.325    -2.118
 3     0.726    -0.038    -0.686
 3    -0.105     0.980    -0.166
 3     0.679     0.192     0.708
 4    99.139    11.101    -8.778
 4     0.182    -0.448     0.875
 4     0.911     0.411     0.022
 4    -0.370     0.793     0.483
 5   123.038    24.570    -8.397
 5     0.858     0.509     0.062
 5     0.328    -0.451    -0.830
 5    -0.395     0.733    -0.554
 6   136.508    16.342   -31.760
 6     0.410     0.906     0.104
 6    -0.408     0.286    -0.867
 6    -0.816     0.311     0.488
 7   100.670   -16.794    -5.736
 7     0.322     0.298     0.899
 7    -0.651     0.758    -0.018
 7    -0.687    -0.579     0.438
 8   122.305   -28.460   -16.140
 8     0.640    -0.735    -0.225
 8    -0.130    -0.390     0.911
 8    -0.757    -0.554    -0.345
 9   125.201   -22.805   -46.565
 9     0.092    -0.958     0.273
 9     0.256     0.288     0.923
 9    -0.962    -0.014     0.272
 2    97.009   -20.034    59.042
 2     0.422    -0.907     0.004
 2     0.906     0.421     0.028
 2    -0.027    -0.009     0.999
 3   123.449    -1.053    -2.078
 3     0.729    -0.036    -0.684
 3    -0.113     0.978    -0.172
 3     0.675     0.203     0.709
 4    98.949    11.496    -8.510
 4     0.156    -0.468     0.870
 4     0.927     0.371     0.034
 4    -0.340     0.802     0.491
 5   122.094    26.245    -6.855
 5     0.845     0.521     0.122
 5     0.399    -0.461    -0.793
 5    -0.356     0.718    -0.597
 6   137.185    21.959   -29.726
 6     0.500     0.852     0.159
 6    -0.269     0.329    -0.905
 6    -0.823     0.407     0.394
 7   100.801   -16.670    -5.703
 7     0.311     0.306     0.900
 7    -0.680     0.733    -0.015
 7    -0.664    -0.608     0.435
 8   122.127   -30.526   -14.526
 8     0.639    -0.747    -0.187
 8    -0.242    -0.424     0.872
 8    -0.730    -0.513    -0.451
 9   127.552   -32.441   -43.480
 9     0.188    -0.911     0.368
 9    -0.006     0.372     0.927
 9    -0.982    -0.176     0.063
 2    97.009   -20.034    59.042
 2     0.422    -0.907     0.004
 2     0.906     0.422     0.028
 2    -0.027    -0.009     0.999
 3   123.522    -0.927    -2.029
 3     0.729    -0.039    -0.684
 3    -0.115     0.977    -0.177
 3     0.675     0.208     0.708
 4    99.150    11.561    -8.426
 4     0.122    -0.513     0.850
 4     0.951     0.305     0.048
 4    -0.285     0.802     0.525
 5   121.050    28.216    -3.939
 5     0.826     0.513     0.232
 5     0.498    -0.475    -0.725
 5    -0.262     0.715    -0.648
 6   138.826    29.327   -24.635
 6     0.641     0.714     0.282
 6    -0.069     0.420    -0.905
 6    -0.765     0.560     0.318
 7   101.444   -17.063    -5.705
 7     0.310     0.322     0.894
 7    -0.733     0.680     0.010
 7    -0.605    -0.659     0.447
 8   122.358   -33.112   -11.689
 8     0.654    -0.749    -0.108
 8    -0.369    -0.439     0.818
 8    -0.660    -0.496    -0.564
 9   130.623   -42.143   -37.964
 9     0.290    -0.825     0.488
 9    -0.280     0.413     0.865
 9    -0.915    -0.385    -0.113
 2    97.007   -20.035    59.045
 2     0.423    -0.906     0.004
 2     0.906     0.422     0.029
 2    -0.028    -0.009     0.999
 3   123.900    -0.866    -1.895
 3     0.719    -0.049    -0.694
 3    -0.114     0.976    -0.187
 3     0.685     0.213     0.695
 4    99.638    11.723    -8.539
 4     0.101    -0.562     0.821
 4     0.968     0.245     0.048
 4    -0.228     0.790     0.568
 5   120.080    29.473    -0.907
 5     0.807     0.486     0.336
 5     0.570    -0.495    -0.656
 5    -0.153     0.720    -0.676
 6   140.342    35.763   -17.724
 6     0.755     0.543     0.372
 6     0.121     0.439    -0.889
 6    -0.645     0.716     0.266
 7   102.236   -17.477    -5.754
 7     0.314     0.346     0.884
 7    -0.781     0.623     0.034
 7    -0.539    -0.701     0.466
 8   122.740   -35.180    -8.442
 8     0.664    -0.748    -0.024
 8    -0.485    -0.454     0.747
 8    -0.569    -0.485    -0.664
 9   132.433   -49.575   -31.387
 9     0.353    -0.729     0.592
 9    -0.491     0.391     0.775
 9    -0.797    -0.562    -0.220
 2    97.005   -20.036    59.099
 2     0.423    -0.906     0.004
 2     0.906     0.422     0.030
 2    -0.029    -0.010     0.999
 3   124.158    -0.905    -1.664
 3     0.709    -0.058    -0.703
 3    -0.115     0.974    -0.196
 3     0.696     0.219     0.683
 4   100.295    11.957    -8.496
 4     0.084    -0.601     0.795
 4     0.981     0.188     0.038
 4    -0.173     0.777     0.605
 5   119.366    30.317     2.206
 5     0.782     0.459     0.422
 5     0.621    -0.528    -0.579
 5    -0.043     0.715    -0.697
 6   140.785    41.552   -10.108
 6     0.815     0.358     0.459
 6     0.307     0.404    -0.860
 6    -0.492     0.842     0.221
 7   102.969   -17.769    -5.758
 7     0.317     0.383     0.867
 7    -0.823     0.565     0.051
 7    -0.470    -0.731     0.494
 8   122.778   -36.931    -4.861
 8     0.674    -0.733     0.089
 8    -0.575    -0.445     0.687
 8    -0.464    -0.515    -0.721
 9   133.500   -54.568   -24.062
 9     0.404    -0.627     0.672
 9    -0.617     0.355     0.699
 9    -0.675    -0.694    -0.243
 2    97.005   -20.036    59.099
 2     0.423    -0.906     0.004
 2     0.905     0.423     0.030
 2    -0.029    -0.010     0.999
 3   124.532    -0.844    -1.446
 3     0.701    -0.069    -0.710
 3    -0.110     0.973    -0.202
 3     0.704     0.219     0.674
 4   101.286    12.640    -8.329
 4     0.075    -0.646     0.760
 4     0.993     0.120     0.005
 4    -0.095     0.754     0.650
 5   118.591    30.652     6.475
 5     0.755     0.411     0.512
 5     0.647    -0.588    -0.484
 5     0.101     0.696    -0.709
 6   141.143    44.951     0.385
 6     0.861     0.149     0.487
 6     0.424     0.318    -0.847
 6    -0.281     0.936     0.212
 7   104.104   -17.971    -5.966
 7     0.324     0.450     0.832
 7    -0.867     0.493     0.071
 7    -0.378    -0.744     0.550
 8   123.468   -37.340     0.261
 8     0.703    -0.679     0.212
 8    -0.645    -0.484     0.591
 8    -0.298    -0.552    -0.778
 9   135.886   -58.174   -12.299
 9     0.486    -0.464     0.745
 9    -0.743     0.231     0.626
 9    -0.460    -0.855    -0.230
 2    96.955   -20.036    59.099
 2     0.423    -0.906     0.004
 2     0.906     0.422     0.030
 2    -0.029    -0.010     0.999
 3   125.432    -0.752    -0.930
 3     0.697    -0.069    -0.714
 3    -0.093     0.978    -0.185
 3     0.710     0.196     0.675
 4   103.548    13.905    -8.323
 4     0.088    -0.707     0.701
 4     0.996     0.049    -0.076
 4     0.019     0.705     0.708
 5   118.497    29.783    11.524
 5     0.719     0.314     0.620
 5     0.628    -0.674    -0.388
 5     0.296     0.668    -0.682
 6   141.321    45.762    14.365
 6     0.877    -0.144     0.458
 6     0.479     0.199    -0.855
 6     0.032     0.969     0.244
 7   106.238   -18.578    -6.324
 7     0.340     0.555     0.759
 7    -0.907     0.406     0.109
 7    -0.248    -0.725     0.642
 8   124.415   -37.000     6.780
 8     0.729    -0.576     0.372
 8    -0.682    -0.561     0.469
 8    -0.061    -0.594    -0.801
 9   138.059   -58.946     3.503
 9     0.559    -0.213     0.803
 9    -0.817     0.029     0.574
 9    -0.143    -0.977    -0.155
 2    97.004   -20.087    59.099
 2     0.423    -0.906     0.004
 2     0.906     0.422     0.030
 2    -0.029    -0.009     0.999
 3   127.129    -0.662    -0.226
 3     0.668    -0.047    -0.743
 3    -0.078     0.988    -0.132
 3     0.740     0.145     0.656
 4   107.235    15.619    -8.230
 4     0.123    -0.799     0.589
 4     0.979    -0.001    -0.205
 4     0.164     0.602     0.781
 5   117.888    27.221    17.101
 5     0.637     0.094     0.765
 5     0.526    -0.778    -0.342
 5     0.563     0.620    -0.546
 6   139.733    40.385    31.332
 6     0.818    -0.528     0.229
 6     0.364     0.167    -0.916
 6     0.445     0.832     0.328
 7   109.534   -19.493    -6.847
 7     0.356     0.687     0.634
 7    -0.933     0.301     0.197
 7    -0.055    -0.662     0.747
 8   124.560   -34.067    14.797
 8     0.715    -0.408     0.568
 8    -0.645    -0.698     0.310
 8     0.270    -0.588    -0.762
 9   138.093   -54.024    22.932
 9     0.595     0.166     0.788
 9    -0.760    -0.204     0.616
 9     0.262    -0.965     0.004
 2    96.955   -20.036    59.099
 2     0.423    -0.906     0.004
 2     0.905     0.423     0.030
 2    -0.029    -0.010     0.999
 3   128.824    -0.656     1.137
 3     0.586    -0.016    -0.810
 3    -0.102     0.990    -0.093
 3     0.803     0.137     0.578
 4   110.820    16.929    -7.575
 4     0.154    -0.871     0.467
 4     0.946    -0.006    -0.323
 4     0.284     0.492     0.823
 5   117.304    23.802    20.550
 5     0.549    -0.200     0.813
 5     0.327    -0.843    -0.426
 5     0.769     0.499    -0.398
 6   137.317    30.283    42.084
 6     0.700    -0.705    -0.124
 6     0.115     0.278    -0.953
 6     0.705     0.653     0.277
 7   113.082   -20.319    -6.939
 7     0.334     0.835     0.436
 7    -0.925     0.203     0.320
 7     0.179    -0.511     0.841
 8   122.625   -29.227    20.985
 8     0.659    -0.086     0.747
 8    -0.443    -0.848     0.292
 8     0.608    -0.523    -0.597
 9   135.970   -43.246    38.753
 9     0.604     0.647     0.471
 9    -0.486    -0.167     0.856
 9     0.632    -0.744     0.211
 2    97.005   -20.036    59.099
 2     0.424    -0.906     0.004
 2     0.905     0.423     0.030
 2    -0.029    -0.010     0.999
 3   129.563    -0.900     1.724
 3     0.563    -0.000    -0.827
 3    -0.117     0.990    -0.080
 3     0.818     0.141     0.557
 4   112.376    17.133    -7.018
 4     0.162    -0.896     0.414
 4     0.933     0.003    -0.358
 4     0.319     0.444     0.837
 5   116.699    22.455    21.478
 5     0.473    -0.405     0.784
 5     0.194    -0.820    -0.538
 5     0.859     0.405    -0.309
 6   135.015    24.887    45.516
 6     0.646    -0.758    -0.097
 6    -0.013     0.111    -0.993
 6     0.763     0.643     0.063
 7   114.809   -21.076    -6.670
 7     0.269     0.906     0.327
 7    -0.909     0.127     0.396
 7     0.318    -0.403     0.858
 8   120.341   -27.329    22.653
 8     0.568     0.310     0.764
 8    -0.201    -0.847     0.491
 8     0.798    -0.432    -0.418
 9   134.962   -33.440    45.405
 9     0.614     0.784     0.093
 9    -0.144    -0.007     0.990
 9     0.776    -0.621     0.109
 2    97.006   -20.087    59.048
 2     0.424    -0.906     0.004
 2     0.905     0.424     0.030
 2    -0.029    -0.010     0.999
 3   129.826    -0.985     2.006
 3     0.552    -0.009    -0.834
 3    -0.107     0.991    -0.082
 3     0.827     0.134     0.546
 4   112.668    16.950    -7.069
 4     0.143    -0.897     0.418
 4     0.950     0.006    -0.311
 4     0.277     0.442     0.853
 5   116.559    22.280    21.412
 5     0.441    -0.447     0.780
 5     0.161    -0.815    -0.556
 5     0.883     0.369    -0.286
 6   133.147    23.964    47.105
 6     0.604    -0.791     0.097
 6    -0.032    -0.149    -0.989
 6     0.796     0.593    -0.115
 7   115.217   -21.415    -6.323
 7     0.219     0.931     0.291
 7    -0.915     0.092     0.393
 7     0.339    -0.353     0.872
 8   119.893   -26.930    23.131
 8     0.532     0.341     0.776
 8    -0.167    -0.856     0.488
 8     0.830    -0.388    -0.398
 9   134.791   -31.741    46.107
 9     0.611     0.788     0.064
 9    -0.076    -0.024     0.997
 9     0.787    -0.615     0.045
 2    97.007   -20.088    59.049
 2     0.427    -0.905     0.004
 2     0.904     0.426     0.030
 2    -0.029    -0.010     0.999
 3   129.975    -1.281     2.067
 3     0.547     0.000    -0.837
 3    -0.100     0.993    -0.065
 3     0.831     0.119     0.543
 4   113.136    16.690    -7.146
 4     0.150    -0.902     0.406
 4     0.951     0.019    -0.308
 4     0.271     0.431     0.860
 5   116.707    22.093    21.320
 5     0.424    -0.458     0.783
 5     0.161    -0.811    -0.561
 5     0.891     0.363    -0.269
 6   132.623    24.153    47.380
 6     0.560    -0.827     0.051
 6    -0.027    -0.084    -0.996
 6     0.828     0.555    -0.070
 7   114.981   -22.013    -6.151
 7     0.180     0.939     0.294
 7    -0.921     0.055     0.384
 7     0.345    -0.339     0.875
 8   119.087   -26.978    23.411
 8     0.513     0.360     0.781
 8    -0.143    -0.860     0.488
 8     0.846    -0.362    -0.390
 9   133.396   -31.827    47.045
 9     0.592     0.803     0.066
 9    -0.072    -0.032     0.997
 9     0.802    -0.594     0.038
];