% Calibrated with leiden_pols
% Positions are in centimeters
Data =[
 2    97.003   -20.085    59.099
 2     0.418    -0.909     0.004
 2     0.908     0.417     0.030
 2    -0.029    -0.010     0.999
 3   131.151    -3.304     1.967
 3     0.514     0.061    -0.856
 3    -0.093     0.995     0.014
 3     0.853     0.072     0.517
 4   115.439    15.112    -8.367
 4     0.225    -0.903     0.365
 4     0.948     0.116    -0.295
 4     0.224     0.412     0.883
 5   119.841    21.530    19.745
 5     0.428    -0.567     0.706
 5     0.125    -0.735    -0.665
 5     0.895     0.372    -0.242
 6   135.155    23.685    46.037
 6     0.438    -0.760    -0.488
 6    -0.016     0.530    -0.845
 6     0.898     0.375     0.219
 7   115.648   -23.240    -5.867
 7     0.137     0.950     0.281
 7    -0.912     0.010     0.409
 7     0.386    -0.312     0.868
 8   118.111   -26.944    23.753
 8     0.449     0.290     0.846
 8    -0.149    -0.909     0.389
 8     0.881    -0.300    -0.364
 9   131.475   -32.487    48.139
 9     0.542     0.839    -0.059
 9    -0.090     0.123     0.988
 9     0.835    -0.530     0.142
 2    97.003   -20.085    59.047
 2     0.418    -0.909     0.005
 2     0.908     0.417     0.030
 2    -0.029    -0.009     0.999
 3   131.150    -3.305     2.018
 3     0.513     0.060    -0.856
 3    -0.094     0.995     0.013
 3     0.853     0.073     0.516
 4   115.394    15.113    -8.373
 4     0.224    -0.904     0.365
 4     0.948     0.115    -0.296
 4     0.226     0.412     0.882
 5   119.841    21.479    19.796
 5     0.428    -0.568     0.705
 5     0.125    -0.734    -0.666
 5     0.895     0.372    -0.242
 6   135.104    23.685    46.036
 6     0.438    -0.761    -0.487
 6    -0.016     0.529    -0.846
 6     0.898     0.376     0.219
 7   115.698   -23.240    -5.867
 7     0.137     0.950     0.280
 7    -0.912     0.011     0.409
 7     0.386    -0.312     0.868
 8   118.111   -26.946    23.753
 8     0.448     0.289     0.847
 8    -0.151    -0.909     0.388
 8     0.881    -0.301    -0.363
 9   131.474   -32.538    48.138
 9     0.542     0.839    -0.061
 9    -0.091     0.126     0.988
 9     0.835    -0.529     0.144
 2    97.003   -20.085    59.047
 2     0.418    -0.909     0.004
 2     0.908     0.417     0.030
 2    -0.029    -0.009     0.999
 3   131.100    -3.254     2.017
 3     0.512     0.059    -0.857
 3    -0.094     0.995     0.012
 3     0.853     0.074     0.515
 4   115.393    15.164    -8.322
 4     0.224    -0.904     0.365
 4     0.948     0.115    -0.296
 4     0.226     0.412     0.882
 5   119.835    21.528    19.803
 5     0.429    -0.568     0.705
 5     0.125    -0.734    -0.666
 5     0.894     0.373    -0.243
 6   135.104    23.685    46.035
 6     0.439    -0.761    -0.487
 6    -0.017     0.528    -0.846
 6     0.898     0.377     0.218
 7   115.697   -23.240    -5.867
 7     0.136     0.950     0.280
 7    -0.912     0.010     0.409
 7     0.386    -0.311     0.868
 8   118.107   -26.947    23.760
 8     0.449     0.288     0.847
 8    -0.152    -0.909     0.388
 8     0.880    -0.302    -0.364
 9   131.520   -32.540    48.119
 9     0.544     0.838    -0.061
 9    -0.092     0.127     0.987
 9     0.834    -0.531     0.145
 2    96.952   -20.085    59.098
 2     0.418    -0.909     0.004
 2     0.908     0.417     0.030
 2    -0.029    -0.009     0.999
 3   131.078    -3.202     2.086
 3     0.512     0.058    -0.857
 3    -0.094     0.995     0.010
 3     0.854     0.076     0.515
 4   115.354    15.253    -8.137
 4     0.223    -0.905     0.362
 4     0.944     0.108    -0.310
 4     0.241     0.411     0.879
 5   119.435    21.713    19.542
 5     0.380    -0.567     0.733
 5     0.162    -0.738    -0.653
 5     0.911     0.366    -0.188
 6   135.191    24.004    46.119
 6     0.457    -0.735    -0.509
 6    -0.003     0.564    -0.822
 6     0.889     0.375     0.255
 7   115.583   -23.071    -5.866
 7     0.145     0.949     0.280
 7    -0.905     0.012     0.425
 7     0.400    -0.315     0.860
 8   118.254   -27.117    23.381
 8     0.430     0.269     0.863
 8    -0.177    -0.911     0.371
 8     0.885    -0.311    -0.344
 9   131.270   -34.412    47.469
 9     0.536     0.845    -0.011
 9    -0.157     0.109     0.982
 9     0.829    -0.524     0.190
 2    97.003   -20.085    59.047
 2     0.418    -0.909     0.005
 2     0.908     0.417     0.030
 2    -0.029    -0.009     0.999
 3   131.016    -3.130     2.095
 3     0.514     0.051    -0.856
 3    -0.097     0.995     0.000
 3     0.852     0.083     0.516
 4   114.547    15.110    -8.205
 4     0.190    -0.913     0.361
 4     0.943     0.067    -0.326
 4     0.273     0.402     0.873
 5   118.151    22.700    19.340
 5     0.391    -0.410     0.826
 5     0.302    -0.790    -0.532
 5     0.869     0.456    -0.185
 6   134.035    31.182    44.443
 6     0.485    -0.820    -0.313
 6     0.174     0.434    -0.882
 6     0.856     0.374     0.352
 7   115.083   -22.524    -6.161
 7     0.185     0.934     0.306
 7    -0.913     0.048     0.406
 7     0.364    -0.354     0.861
 8   118.544   -29.291    22.311
 8     0.449     0.079     0.890
 8    -0.360    -0.896     0.260
 8     0.817    -0.437    -0.373
 9   130.732   -42.896    43.201
 9     0.522     0.818     0.243
 9    -0.387    -0.026     0.921
 9     0.760    -0.575     0.303
 2    97.003   -20.085    59.047
 2     0.418    -0.909     0.004
 2     0.908     0.417     0.030
 2    -0.029    -0.009     0.999
 3   130.632    -2.555     1.849
 3     0.519     0.016    -0.854
 3    -0.103     0.994    -0.045
 3     0.848     0.111     0.517
 4   112.488    14.917    -8.379
 4     0.137    -0.903     0.408
 4     0.961     0.021    -0.276
 4     0.240     0.429     0.870
 5   117.522    25.536    18.226
 5     0.450    -0.164     0.879
 5     0.480    -0.786    -0.390
 5     0.753     0.597    -0.275
 6   134.811    39.791    38.723
 6     0.576    -0.818    -0.010
 6     0.378     0.274    -0.884
 6     0.724     0.505     0.468
 7   113.449   -21.130    -6.878
 7     0.237     0.892     0.386
 7    -0.941     0.112     0.318
 7     0.240    -0.439     0.866
 8   118.535   -32.262    19.906
 8     0.472    -0.137     0.871
 8    -0.561    -0.809     0.177
 8     0.680    -0.572    -0.458
 9   129.899   -51.306    35.620
 9     0.510     0.698     0.506
 9    -0.612    -0.118     0.780
 9     0.604    -0.706     0.366
 2    97.003   -20.085    59.047
 2     0.418    -0.909     0.004
 2     0.908     0.417     0.030
 2    -0.029    -0.009     0.999
 3   129.765    -1.696     1.357
 3     0.551    -0.037    -0.834
 3    -0.111     0.987    -0.117
 3     0.827     0.157     0.539
 4   109.684    14.675    -8.468
 4     0.084    -0.876     0.475
 4     0.980    -0.014    -0.199
 4     0.181     0.482     0.857
 5   117.179    27.884    16.391
 5     0.514     0.075     0.855
 5     0.609    -0.733    -0.301
 5     0.604     0.676    -0.422
 6   134.816    46.662    31.612
 6     0.631    -0.710     0.318
 6     0.553     0.125    -0.823
 6     0.544     0.693     0.470
 7   111.414   -19.936    -7.371
 7     0.269     0.839     0.474
 7    -0.958     0.182     0.220
 7     0.098    -0.513     0.852
 8   118.243   -35.003    16.619
 8     0.491    -0.314     0.813
 8    -0.710    -0.684     0.165
 8     0.504    -0.658    -0.558
 9   127.935   -57.919    26.932
 9     0.456     0.590     0.670
 9    -0.777    -0.103     0.619
 9     0.433    -0.801     0.409
 2    96.952   -20.085    59.098
 2     0.418    -0.909     0.004
 2     0.908     0.417     0.030
 2    -0.029    -0.009     0.999
 3   128.332    -1.203     0.445
 3     0.599    -0.076    -0.797
 3    -0.114     0.977    -0.178
 3     0.793     0.197     0.576
 4   106.780    14.227    -8.431
 4     0.042    -0.840     0.541
 4     0.992    -0.031    -0.123
 4     0.120     0.542     0.831
 5   116.872    29.628    14.271
 5     0.563     0.266     0.783
 5     0.691    -0.671    -0.269
 5     0.454     0.692    -0.560
