% Calibrated with leiden_pols
% Positions are in centimeters
Data =[
 2    96.999   -20.083    59.046
 2     0.410    -0.912     0.005
 2     0.911     0.410     0.029
 2    -0.029    -0.008     0.999
 3   130.571    -2.898     2.601
 3     0.532     0.022    -0.847
 3    -0.073     0.997    -0.021
 3     0.843     0.073     0.532
 4   114.304    14.917    -7.684
 4     0.174    -0.906     0.386
 4     0.953     0.056    -0.298
 4     0.249     0.419     0.873
 5   117.134    21.827    20.166
 5     0.344    -0.557     0.758
 5     0.151    -0.763    -0.628
 5     0.927     0.329    -0.177
 6   131.216    24.618    47.412
 6     0.455    -0.864    -0.223
 6     0.042     0.266    -0.962
 6     0.889     0.428     0.156
 7   115.525   -23.297    -5.152
 7     0.153     0.958     0.242
 7    -0.902     0.036     0.429
 7     0.403    -0.284     0.870
 8   118.638   -26.852    24.622
 8     0.460     0.332     0.824
 8    -0.123    -0.895     0.427
 8     0.879    -0.298    -0.371
 9   132.464   -32.009    48.624
 9     0.547     0.836    -0.042
 9    -0.095     0.108     0.990
 9     0.831    -0.537     0.138
 2    96.999   -20.083    59.046
 2     0.410    -0.912     0.004
 2     0.911     0.410     0.030
 2    -0.029    -0.009     0.999
 3   130.622    -2.898     2.551
 3     0.533     0.023    -0.846
 3    -0.073     0.997    -0.020
 3     0.843     0.072     0.533
 4   114.473    14.963    -7.778
 4     0.182    -0.905     0.385
 4     0.952     0.063    -0.299
 4     0.246     0.421     0.873
 5   117.324    21.883    20.051
 5     0.339    -0.562     0.756
 5     0.150    -0.760    -0.631
 5     0.929     0.326    -0.173
 6   131.336    24.621    47.372
 6     0.450    -0.864    -0.235
 6     0.040     0.276    -0.959
 6     0.892     0.421     0.158
 7   115.625   -23.271    -5.148
 7     0.154     0.957     0.245
 7    -0.903     0.035     0.428
 7     0.402    -0.288     0.869
 8   118.696   -26.850    24.514
 8     0.459     0.329     0.826
 8    -0.123    -0.897     0.423
 8     0.880    -0.295    -0.371
 9   132.464   -32.009    48.624
 9     0.547     0.837    -0.042
 9    -0.095     0.108     0.990
 9     0.831    -0.537     0.138
 2    96.999   -20.083    59.097
 2     0.410    -0.912     0.005
 2     0.911     0.410     0.029
 2    -0.029    -0.008     0.999
 3   130.739    -2.900     2.436
 3     0.535     0.027    -0.844
 3    -0.073     0.997    -0.015
 3     0.841     0.070     0.535
 4   114.592    14.960    -7.794
 4     0.186    -0.904     0.385
 4     0.952     0.068    -0.298
 4     0.243     0.422     0.873
 5   117.399    21.932    20.028
 5     0.338    -0.564     0.755
 5     0.149    -0.759    -0.632
 5     0.929     0.325    -0.171
 6   131.394    24.622    47.368
 6     0.447    -0.863    -0.242
 6     0.040     0.283    -0.957
 6     0.893     0.417     0.160
 7   115.670   -23.272    -5.217
 7     0.155     0.956     0.248
 7    -0.903     0.035     0.427
 7     0.400    -0.290     0.869
 8   118.746   -26.799    24.488
 8     0.458     0.328     0.827
 8    -0.122    -0.898     0.422
 8     0.880    -0.293    -0.370
 9   132.467   -32.009    48.618
 9     0.546     0.837    -0.043
 9    -0.095     0.109     0.989
 9     0.832    -0.536     0.139
 2    96.999   -20.083    59.046
 2     0.410    -0.912     0.004
 2     0.911     0.410     0.030
 2    -0.029    -0.009     0.999
 3   130.840    -2.901     2.336
 3     0.535     0.028    -0.844
 3    -0.074     0.997    -0.014
 3     0.841     0.069     0.535
 4   114.642    15.011    -7.845
 4     0.186    -0.904     0.386
 4     0.952     0.069    -0.298
 4     0.243     0.422     0.873
 5   117.399    21.933    20.027
 5     0.337    -0.564     0.756
 5     0.149    -0.760    -0.632
 5     0.929     0.324    -0.171
 6   131.394    24.621    47.369
 6     0.447    -0.863    -0.243
 6     0.039     0.285    -0.957
 6     0.893     0.417     0.160
 7   115.721   -23.222    -5.217
 7     0.155     0.956     0.248
 7    -0.904     0.035     0.427
 7     0.400    -0.291     0.869
 8   118.751   -26.797    24.481
 8     0.458     0.329     0.827
 8    -0.121    -0.898     0.422
 8     0.881    -0.293    -0.371
 9   132.467   -32.009    48.618
 9     0.545     0.838    -0.043
 9    -0.095     0.109     0.989
 9     0.832    -0.535     0.139
 2    96.999   -20.083    59.046
 2     0.410    -0.912     0.004
 2     0.911     0.410     0.030
 2    -0.029    -0.009     0.999
 3   130.849    -2.899     2.375
 3     0.532     0.028    -0.846
 3    -0.075     0.997    -0.014
 3     0.843     0.070     0.533
 4   114.639    15.010    -7.791
 4     0.185    -0.904     0.386
 4     0.952     0.068    -0.297
 4     0.242     0.422     0.873
 5   117.349    21.933    20.026
 5     0.338    -0.563     0.756
 5     0.149    -0.760    -0.632
 5     0.929     0.324    -0.172
 6   131.393    24.623    47.393
 6     0.447    -0.864    -0.239
 6     0.040     0.281    -0.958
 6     0.893     0.418     0.159
 7   115.671   -23.273    -5.217
 7     0.154     0.956     0.249
 7    -0.903     0.034     0.427
 7     0.400    -0.291     0.869
 8   118.702   -26.797    24.507
 8     0.457     0.328     0.828
 8    -0.121    -0.898     0.421
 8     0.881    -0.292    -0.371
 9   132.467   -32.009    48.567
 9     0.546     0.837    -0.042
 9    -0.096     0.108     0.989
 9     0.832    -0.536     0.140
 2    96.999   -20.083    59.046
 2     0.410    -0.912     0.004
 2     0.911     0.410     0.030
 2    -0.029    -0.009     0.999
 3   130.752    -2.898     2.469
 3     0.531     0.027    -0.847
 3    -0.076     0.997    -0.016
 3     0.844     0.073     0.531
 4   114.473    15.014    -7.726
 4     0.181    -0.905     0.385
 4     0.952     0.063    -0.298
 4     0.246     0.420     0.873
 5   117.133    22.010    19.859
 5     0.314    -0.561     0.767
 5     0.169    -0.761    -0.625
 5     0.934     0.325    -0.143
 6   131.382    24.671    47.329
 6     0.452    -0.862    -0.237
 6     0.042     0.280    -0.958
 6     0.891     0.422     0.161
 7   115.579   -23.169    -5.150
 7     0.154     0.956     0.249
 7    -0.902     0.033     0.430
 7     0.403    -0.291     0.867
 8   119.175   -26.926    24.054
 8     0.443     0.346     0.828
 8    -0.126    -0.890     0.437
 8     0.888    -0.297    -0.350
 9   132.631   -32.444    48.197
 9     0.539     0.842    -0.033
 9    -0.107     0.103     0.989
 9     0.835    -0.529     0.145
 2    96.999   -20.083    59.046
 2     0.410    -0.912     0.004
 2     0.911     0.410     0.030
 2    -0.029    -0.009     0.999
 3   130.575    -2.851     2.416
 3     0.530     0.024    -0.847
 3    -0.081     0.996    -0.022
 3     0.844     0.080     0.530
 4   113.725    14.702    -8.236
 4     0.177    -0.904     0.389
 4     0.955     0.063    -0.289
 4     0.237     0.422     0.875
 5   118.994    23.038    18.696
 5     0.420    -0.503     0.757
 5     0.266    -0.728    -0.630
 5     0.867     0.465    -0.172
 6   137.594    28.630    42.027
 6     0.548    -0.649    -0.534
 6     0.117     0.686    -0.714
 6     0.828     0.329     0.452
 7   114.769   -22.779    -5.743
 7     0.207     0.941     0.266
 7    -0.911     0.087     0.402
 7     0.355    -0.326     0.876
 8   122.419   -28.879    23.223
 8     0.609     0.229     0.760
 8    -0.232    -0.864     0.446
 8     0.758    -0.448    -0.473
 9   139.184   -38.499    41.628
 9     0.628     0.777    -0.040
 9    -0.254     0.249     0.934
 9     0.736    -0.577     0.354
 2    96.999   -20.083    59.046
 2     0.410    -0.912     0.004
 2     0.911     0.410     0.030
 2    -0.029    -0.009     0.999
 3   130.042    -2.843     2.020
 3     0.529     0.045    -0.848
 3    -0.103     0.994    -0.012
 3     0.842     0.094     0.530
 4   111.844    13.874    -9.193
 4     0.224    -0.860     0.459
 4     0.964     0.126    -0.232
 4     0.142     0.494     0.857
 5   123.198    24.053    16.224
 5     0.667    -0.292     0.686
 5     0.340    -0.699    -0.628
 5     0.662     0.652    -0.368
