% Calibrated with leiden_pols
% Positions are in centimeters
Data =[
 2    96.999   -20.083    59.046
 2     0.410    -0.912     0.005
 2     0.911     0.410     0.029
 2    -0.029    -0.008     0.999
 3   130.571    -2.898     2.601
 3     0.532     0.022    -0.847
 3    -0.073     0.997    -0.021
 3     0.843     0.073     0.532
 4   114.304    14.917    -7.684
 4     0.174    -0.906     0.386
 4     0.953     0.056    -0.298
 4     0.249     0.419     0.873
 5   117.134    21.827    20.166
 5     0.344    -0.557     0.758
 5     0.151    -0.763    -0.628
 5     0.927     0.329    -0.177
 6   131.216    24.618    47.412
 6     0.455    -0.864    -0.223
 6     0.042     0.266    -0.962
 6     0.889     0.428     0.156
 7   115.525   -23.297    -5.152
 7     0.153     0.958     0.242
 7    -0.902     0.036     0.429
 7     0.403    -0.284     0.870
 8   118.638   -26.852    24.622
 8     0.460     0.332     0.824
 8    -0.123    -0.895     0.427
 8     0.879    -0.298    -0.371
 9   132.464   -32.009    48.624
 9     0.547     0.836    -0.042
 9    -0.095     0.108     0.990
 9     0.831    -0.537     0.138
 2    96.999   -20.083    59.046
 2     0.410    -0.912     0.004
 2     0.911     0.410     0.030
 2    -0.029    -0.009     0.999
 3   130.622    -2.898     2.551
 3     0.533     0.023    -0.846
 3    -0.073     0.997    -0.020
 3     0.843     0.072     0.533
 4   114.473    14.963    -7.778
 4     0.182    -0.905     0.385
 4     0.952     0.063    -0.299
 4     0.246     0.421     0.873
 5   117.324    21.883    20.051
 5     0.339    -0.562     0.756
 5     0.150    -0.760    -0.631
 5     0.929     0.326    -0.173
 6   131.336    24.621    47.372
 6     0.450    -0.864    -0.235
 6     0.040     0.276    -0.959
 6     0.892     0.421     0.158
 7   115.625   -23.271    -5.148
 7     0.154     0.957     0.245
 7    -0.903     0.035     0.428
 7     0.402    -0.288     0.869
 8   118.696   -26.850    24.514
 8     0.459     0.329     0.826
 8    -0.123    -0.897     0.423
 8     0.880    -0.295    -0.371
 9   132.464   -32.009    48.624
 9     0.547     0.837    -0.042
 9    -0.095     0.108     0.990
 9     0.831    -0.537     0.138
 2    96.999   -20.083    59.097
 2     0.410    -0.912     0.005
 2     0.911     0.410     0.029
 2    -0.029    -0.008     0.999
 3   130.739    -2.900     2.436
 3     0.535     0.027    -0.844
 3    -0.073     0.997    -0.015
 3     0.841     0.070     0.535
 4   114.592    14.960    -7.794
 4     0.186    -0.904     0.385
 4     0.952     0.068    -0.298
 4     0.243     0.422     0.873
 5   117.399    21.932    20.028
 5     0.338    -0.564     0.755
 5     0.149    -0.759    -0.632
 5     0.929     0.325    -0.171
 6   131.394    24.622    47.368
 6     0.447    -0.863    -0.242
 6     0.040     0.283    -0.957
 6     0.893     0.417     0.160
 7   115.670   -23.272    -5.217
 7     0.155     0.956     0.248
 7    -0.903     0.035     0.427
 7     0.400    -0.290     0.869
 8   118.746   -26.799    24.488
 8     0.458     0.328     0.827
 8    -0.122    -0.898     0.422
 8     0.880    -0.293    -0.370
 9   132.467   -32.009    48.618
 9     0.546     0.837    -0.043
 9    -0.095     0.109     0.989
 9     0.832    -0.536     0.139
 2    96.999   -20.083    59.046
 2     0.410    -0.912     0.004
 2     0.911     0.410     0.030
 2    -0.029    -0.009     0.999
 3   130.840    -2.901     2.336
 3     0.535     0.028    -0.844
 3    -0.074     0.997    -0.014
 3     0.841     0.069     0.535
 4   114.642    15.011    -7.845
 4     0.186    -0.904     0.386
 4     0.952     0.069    -0.298
 4     0.243     0.422     0.873
 5   117.399    21.933    20.027
 5     0.337    -0.564     0.756
 5     0.149    -0.760    -0.632
 5     0.929     0.324    -0.171
 6   131.394    24.621    47.369
 6     0.447    -0.863    -0.243
 6     0.039     0.285    -0.957
 6     0.893     0.417     0.160
 7   115.721   -23.222    -5.217
 7     0.155     0.956     0.248
 7    -0.904     0.035     0.427
 7     0.400    -0.291     0.869
 8   118.751   -26.797    24.481
 8     0.458     0.329     0.827
 8    -0.121    -0.898     0.422
 8     0.881    -0.293    -0.371
 9   132.467   -32.009    48.618
 9     0.545     0.838    -0.043
 9    -0.095     0.109     0.989
 9     0.832    -0.535     0.139
 2    96.999   -20.083    59.046
 2     0.410    -0.912     0.004
 2     0.911     0.410     0.030
 2    -0.029    -0.009     0.999
 3   130.849    -2.899     2.375
 3     0.532     0.028    -0.846
 3    -0.075     0.997    -0.014
 3     0.843     0.070     0.533
 4   114.639    15.010    -7.791
 4     0.185    -0.904     0.386
 4     0.952     0.068    -0.297
 4     0.242     0.422     0.873
 5   117.349    21.933    20.026
 5     0.338    -0.563     0.756
 5     0.149    -0.760    -0.632
 5     0.929     0.324    -0.172
 6   131.393    24.623    47.393
 6     0.447    -0.864    -0.239
 6     0.040     0.281    -0.958
 6     0.893     0.418     0.159
 7   115.671   -23.273    -5.217
 7     0.154     0.956     0.249
 7    -0.903     0.034     0.427
 7     0.400    -0.291     0.869
 8   118.702   -26.797    24.507
 8     0.457     0.328     0.828
 8    -0.121    -0.898     0.421
 8     0.881    -0.292    -0.371
 9   132.467   -32.009    48.567
 9     0.546     0.837    -0.042
 9    -0.096     0.108     0.989
 9     0.832    -0.536     0.140
 2    96.999   -20.083    59.046
 2     0.410    -0.912     0.004
 2     0.911     0.410     0.030
 2    -0.029    -0.009     0.999
 3   130.752    -2.898     2.469
 3     0.531     0.027    -0.847
 3    -0.076     0.997    -0.016
 3     0.844     0.073     0.531
 4   114.473    15.014    -7.726
 4     0.181    -0.905     0.385
 4     0.952     0.063    -0.298
 4     0.246     0.420     0.873
 5   117.133    22.010    19.859
 5     0.314    -0.561     0.767
 5     0.169    -0.761    -0.625
 5     0.934     0.325    -0.143
 6   131.382    24.671    47.329
 6     0.452    -0.862    -0.237
 6     0.042     0.280    -0.958
 6     0.891     0.422     0.161
 7   115.579   -23.169    -5.150
 7     0.154     0.956     0.249
 7    -0.902     0.033     0.430
 7     0.403    -0.291     0.867
 8   119.175   -26.926    24.054
 8     0.443     0.346     0.828
 8    -0.126    -0.890     0.437
 8     0.888    -0.297    -0.350
 9   132.631   -32.444    48.197
 9     0.539     0.842    -0.033
 9    -0.107     0.103     0.989
 9     0.835    -0.529     0.145
 2    96.999   -20.083    59.046
 2     0.410    -0.912     0.004
 2     0.911     0.410     0.030
 2    -0.029    -0.009     0.999
 3   130.575    -2.851     2.416
 3     0.530     0.024    -0.847
 3    -0.081     0.996    -0.022
 3     0.844     0.080     0.530
 4   113.725    14.702    -8.236
 4     0.177    -0.904     0.389
 4     0.955     0.063    -0.289
 4     0.237     0.422     0.875
 5   118.994    23.038    18.696
 5     0.420    -0.503     0.757
 5     0.266    -0.728    -0.630
 5     0.867     0.465    -0.172
 6   137.594    28.630    42.027
 6     0.548    -0.649    -0.534
 6     0.117     0.686    -0.714
 6     0.828     0.329     0.452
 7   114.769   -22.779    -5.743
 7     0.207     0.941     0.266
 7    -0.911     0.087     0.402
 7     0.355    -0.326     0.876
 8   122.419   -28.879    23.223
 8     0.609     0.229     0.760
 8    -0.232    -0.864     0.446
 8     0.758    -0.448    -0.473
 9   139.184   -38.499    41.628
 9     0.628     0.777    -0.040
 9    -0.254     0.249     0.934
 9     0.736    -0.577     0.354
 2    96.999   -20.083    59.046
 2     0.410    -0.912     0.004
 2     0.911     0.410     0.030
 2    -0.029    -0.009     0.999
 3   130.042    -2.843     2.020
 3     0.529     0.045    -0.848
 3    -0.103     0.994    -0.012
 3     0.842     0.094     0.530
 4   111.844    13.874    -9.193
 4     0.224    -0.860     0.459
 4     0.964     0.126    -0.232
 4     0.142     0.494     0.857
 5   123.198    24.053    16.224
 5     0.667    -0.292     0.686
 5     0.340    -0.699    -0.628
 5     0.662     0.652    -0.368
 6   147.033    30.370    31.836
 6     0.779    -0.474    -0.414
 6     0.150     0.778    -0.608
 6     0.609     0.412     0.677
 7   112.629   -22.131    -6.388
 7     0.320     0.867     0.382
 7    -0.923     0.195     0.329
 7     0.211    -0.458     0.863
 8   127.505   -30.794    19.143
 8     0.828     0.099     0.552
 8    -0.279    -0.781     0.557
 8     0.487    -0.616    -0.620
 9   148.989   -40.051    28.865
 9     0.845     0.535    -0.003
 9    -0.273     0.436     0.857
 9     0.459    -0.724     0.515
 2    96.999   -20.083    59.046
 2     0.410    -0.912     0.005
 2     0.911     0.410     0.030
 2    -0.029    -0.009     0.999
 3   128.762    -3.088     1.161
 3     0.572     0.047    -0.819
 3    -0.115     0.993    -0.023
 3     0.812     0.107     0.573
 4   109.483    12.829   -10.120
 4     0.298    -0.785     0.544
 4     0.954     0.219    -0.204
 4     0.041     0.579     0.814
 5   126.943    23.912    10.952
 5     0.850    -0.142     0.507
 5     0.321    -0.623    -0.712
 5     0.417     0.769    -0.485
 6   153.732    27.570    17.536
 6     0.948    -0.235    -0.217
 6     0.083     0.836    -0.542
 6     0.308     0.495     0.812
 7   109.864   -21.813    -6.549
 7     0.407     0.757     0.511
 7    -0.912     0.308     0.269
 7     0.047    -0.576     0.816
 8   130.710   -31.306    13.621
 8     0.943    -0.024     0.331
 8    -0.246    -0.720     0.648
 8     0.223    -0.693    -0.686
 9   154.170   -38.645    15.198
 9     0.957     0.281     0.076
 9    -0.231     0.573     0.786
 9     0.177    -0.769     0.614
 2    97.000   -20.083    59.047
 2     0.411    -0.912     0.004
 2     0.911     0.410     0.030
 2    -0.029    -0.009     0.999
 3   127.093    -3.414     0.108
 3     0.630     0.051    -0.775
 3    -0.110     0.993    -0.024
 3     0.768     0.101     0.632
 4   106.632    11.568   -10.501
 4     0.323    -0.704     0.633
 4     0.942     0.298    -0.148
 4    -0.084     0.645     0.759
 5   127.811    23.302     6.064
 5     0.924    -0.010     0.381
 5     0.309    -0.567    -0.764
 5     0.223     0.824    -0.521
 6   154.962    25.599     6.354
 6     0.995    -0.086    -0.050
 6     0.052     0.877    -0.477
 6     0.085     0.472     0.877
 7   107.613   -21.909    -6.324
 7     0.438     0.655     0.617
 7    -0.894     0.392     0.217
 7    -0.100    -0.646     0.756
 8   131.897   -31.126     8.911
 8     0.978    -0.128     0.161
 8    -0.205    -0.683     0.701
 8     0.021    -0.719    -0.695
 9   155.168   -37.998     4.419
 9     0.974     0.128     0.188
 9    -0.225     0.662     0.714
 9    -0.033    -0.738     0.674
 2    97.002   -20.083    59.044
 2     0.411    -0.912     0.004
 2     0.911     0.410     0.029
 2    -0.028    -0.009     0.999
 3   126.410    -3.739    -0.499
 3     0.659     0.046    -0.751
 3    -0.103     0.994    -0.029
 3     0.745     0.096     0.659
 4   105.222    10.636   -10.799
 4     0.320    -0.658     0.682
 4     0.934     0.339    -0.110
 4    -0.159     0.673     0.722
 5   127.879    23.084     2.965
 5     0.943     0.099     0.318
 5     0.318    -0.550    -0.772
 5     0.098     0.829    -0.550
 6   154.300    24.741    -2.298
 6     0.993     0.027     0.110
 6     0.032     0.867    -0.497
 6    -0.109     0.498     0.860
 7   106.461   -21.142    -6.559
 7     0.378     0.662     0.648
 7    -0.902     0.419     0.097
 7    -0.208    -0.621     0.755
 8   131.630   -31.854     5.479
 8     0.970    -0.232     0.077
 8    -0.216    -0.665     0.714
 8    -0.114    -0.710    -0.695
 9   153.934   -38.213    -4.753
 9     0.951    -0.024     0.308
 9    -0.197     0.719     0.665
 9    -0.237    -0.694     0.680
 2    96.999   -20.083    59.046
 2     0.410    -0.912     0.004
 2     0.911     0.410     0.030
 2    -0.029    -0.009     0.999
 3   125.817    -3.524    -0.966
 3     0.679     0.022    -0.734
 3    -0.095     0.994    -0.058
 3     0.728     0.109     0.677
 4   103.598    10.593   -10.262
 4     0.282    -0.628     0.726
 4     0.940     0.329    -0.080
 4    -0.189     0.705     0.683
 5   126.727    23.819     1.754
 5     0.942     0.188     0.279
 5     0.336    -0.552    -0.763
 5     0.010     0.812    -0.583
 6   151.698    23.099    -8.545
 6     0.948     0.212     0.237
 6    -0.060     0.852    -0.519
 6    -0.311     0.479     0.821
 7   105.136   -20.225    -6.507
 7     0.340     0.647     0.683
 7    -0.899     0.435     0.035
 7    -0.275    -0.626     0.729
 8   130.137   -32.805     1.643
 8     0.938    -0.344     0.034
 8    -0.249    -0.602     0.758
 8    -0.240    -0.721    -0.651
 9   150.880   -38.600   -12.952
 9     0.896    -0.115     0.430
 9    -0.186     0.781     0.594
 9    -0.403    -0.614     0.680
 2    96.999   -20.083    59.046
 2     0.410    -0.912     0.004
 2     0.911     0.410     0.030
 2    -0.029    -0.009     0.999
 3   125.140    -2.850    -1.341
 3     0.704     0.017    -0.710
 3    -0.110     0.990    -0.086
 3     0.701     0.138     0.698
 4   102.446    11.189    -9.673
 4     0.256    -0.592     0.764
 4     0.944     0.324    -0.065
 4    -0.210     0.738     0.641
 5   125.981    24.764     0.472
 5     0.931     0.277     0.238
 5     0.357    -0.559    -0.749
 5    -0.074     0.782    -0.619
 6   148.374    22.336   -14.436
 6     0.857     0.400     0.328
 6    -0.145     0.793    -0.590
 6    -0.495     0.459     0.738
 7   103.980   -19.327    -6.332
 7     0.336     0.564     0.754
 7    -0.868     0.495     0.016
 7    -0.365    -0.660     0.656
 8   128.652   -33.146    -2.280
 8     0.888    -0.459    -0.008
 8    -0.276    -0.549     0.788
 8    -0.366    -0.699    -0.615
 9   146.976   -39.299   -21.041
 9     0.808    -0.175     0.564
 9    -0.208     0.810     0.545
 9    -0.551    -0.559     0.620
 2    96.999   -20.083    59.046
 2     0.410    -0.912     0.004
 2     0.911     0.410     0.030
 2    -0.029    -0.009     0.999
 3   124.769    -2.400    -1.498
 3     0.718     0.023    -0.696
 3    -0.137     0.984    -0.109
 3     0.682     0.173     0.709
 4   101.904    11.698    -9.303
 4     0.247    -0.572     0.782
 4     0.946     0.318    -0.066
 4    -0.211     0.756     0.619
 5   125.632    24.995     0.029
 5     0.927     0.317     0.200
 5     0.354    -0.566    -0.744
 5    -0.123     0.760    -0.637
 6   145.454    19.321   -17.755
 6     0.743     0.559     0.376
 6    -0.274     0.758    -0.588
 6    -0.611     0.335     0.715
 7   103.186   -18.674    -6.250
 7     0.336     0.490     0.804
 7    -0.832     0.554     0.009
 7    -0.442    -0.672     0.594
 8   127.198   -33.143    -5.606
 8     0.837    -0.544    -0.048
 8    -0.279    -0.500     0.819
 8    -0.469    -0.673    -0.571
 9   142.816   -38.865   -27.791
 9     0.714    -0.236     0.661
 9    -0.192     0.840     0.503
 9    -0.672    -0.488     0.556
 2    96.999   -20.083    59.046
 2     0.410    -0.912     0.004
 2     0.911     0.410     0.030
 2    -0.029    -0.009     0.999
 3   124.462    -2.240    -1.540
 3     0.723     0.030    -0.691
 3    -0.153     0.981    -0.118
 3     0.673     0.190     0.713
 4   101.579    11.944    -9.061
 4     0.247    -0.556     0.794
 4     0.944     0.322    -0.068
 4    -0.219     0.766     0.604
 5   125.544    25.035    -0.442
 5     0.924     0.344     0.169
 5     0.348    -0.571    -0.744
 5    -0.159     0.746    -0.647
 6   143.535    17.658   -20.056
 6     0.661     0.635     0.408
 6    -0.339     0.730    -0.591
 6    -0.670     0.253     0.695
 7   102.513   -18.219    -6.080
 7     0.329     0.433     0.839
 7    -0.798     0.602     0.001
 7    -0.505    -0.670     0.544
 8   125.544   -33.158    -8.498
 8     0.785    -0.616    -0.066
 8    -0.278    -0.444     0.851
 8    -0.553    -0.650    -0.521
 9   139.053   -37.877   -32.966
 9     0.631    -0.252     0.738
 9    -0.172     0.879     0.440
 9    -0.757    -0.404     0.511
 2    97.002   -20.082    59.044
 2     0.410    -0.912     0.004
 2     0.911     0.410     0.029
 2    -0.028    -0.009     0.999
 3   124.314    -2.201    -1.614
 3     0.727     0.038    -0.686
 3    -0.165     0.979    -0.120
 3     0.666     0.200     0.718
 4   101.397    12.121    -8.887
 4     0.246    -0.546     0.801
 4     0.944     0.321    -0.070
 4    -0.220     0.774     0.594
 5   125.493    25.107    -0.532
 5     0.921     0.364     0.135
 5     0.340    -0.587    -0.735
 5    -0.188     0.723    -0.664
 6   140.127    15.192   -21.507
 6     0.507     0.743     0.441
 6    -0.436     0.658    -0.614
 6    -0.744     0.120     0.654
 7   101.917   -17.839    -5.832
 7     0.323     0.392     0.861
 7    -0.762     0.647    -0.009
 7    -0.561    -0.654     0.508
 8   124.115   -32.662   -11.297
 8     0.731    -0.677    -0.092
 8    -0.261    -0.399     0.878
 8    -0.631    -0.618    -0.469
 9   135.165   -36.347   -37.705
 9     0.549    -0.252     0.800
 9    -0.137     0.915     0.375
 9    -0.825    -0.314     0.468
 2    97.002   -20.083    59.044
 2     0.411    -0.912     0.004
 2     0.911     0.410     0.029
 2    -0.028    -0.009     0.999
 3   124.247    -2.133    -1.594
 3     0.730     0.042    -0.682
 3    -0.171     0.977    -0.123
 3     0.661     0.206     0.720
 4   101.205    12.216    -8.749
 4     0.249    -0.532     0.809
 4     0.942     0.328    -0.074
 4    -0.226     0.780     0.583
 5   125.479    24.795    -0.942
 5     0.920     0.377     0.105
 5     0.327    -0.592    -0.737
 5    -0.216     0.712    -0.668
 6   138.074    13.511   -23.142
 6     0.414     0.771     0.488
 6    -0.483     0.637    -0.600
 6    -0.771     0.012     0.633
 7   101.432   -17.472    -5.752
 7     0.315     0.375     0.872
 7    -0.738     0.674    -0.024
 7    -0.597    -0.636     0.489
 8   122.645   -32.450   -13.213
 8     0.687    -0.721    -0.096
 8    -0.252    -0.358     0.899
 8    -0.682    -0.594    -0.427
 9   132.172   -35.008   -40.599
 9     0.486    -0.256     0.839
 9    -0.101     0.934     0.337
 9    -0.868    -0.247     0.427
 2    96.999   -20.033    59.097
 2     0.410    -0.912     0.004
 2     0.911     0.410     0.030
 2    -0.029    -0.009     0.999
 3   124.110    -2.090    -1.636
 3     0.731     0.045    -0.681
 3    -0.180     0.975    -0.130
 3     0.658     0.218     0.720
 4   101.145    12.290    -8.693
 4     0.247    -0.527     0.813
 4     0.941     0.328    -0.073
 4    -0.229     0.783     0.577
 5   125.386    24.879    -1.129
 5     0.917     0.388     0.089
 5     0.324    -0.594    -0.736
 5    -0.233     0.704    -0.671
 6   136.473    12.862   -23.606
 6     0.337     0.799     0.501
 6    -0.516     0.599    -0.612
 6    -0.787    -0.052     0.611
 7   101.386   -17.305    -5.661
 7     0.310     0.370     0.876
 7    -0.732     0.680    -0.028
 7    -0.607    -0.633     0.481
 8   122.014   -32.351   -13.838
 8     0.665    -0.741    -0.095
 8    -0.251    -0.340     0.906
 8    -0.703    -0.579    -0.413
 9   130.602   -34.468   -41.800
 9     0.451    -0.262     0.856
 9    -0.081     0.941     0.324
 9    -0.889    -0.213     0.403
 2    97.002   -20.082    59.044
 2     0.410    -0.912     0.004
 2     0.911     0.410     0.029
 2    -0.028    -0.009     0.999
 3   124.052    -1.993    -1.629
 3     0.731     0.046    -0.681
 3    -0.186     0.973    -0.135
 3     0.656     0.225     0.720
 4   101.061    12.389    -8.585
 4     0.246    -0.524     0.816
 4     0.941     0.329    -0.071
 4    -0.232     0.785     0.574
 5   125.363    24.869    -1.234
 5     0.916     0.393     0.079
 5     0.320    -0.598    -0.735
 5    -0.242     0.698    -0.674
 6   136.184    12.675   -23.708
 6     0.323     0.805     0.501
 6    -0.524     0.590    -0.615
 6    -0.788    -0.064     0.609
 7   101.267   -17.215    -5.573
 7     0.304     0.365     0.880
 7    -0.726     0.686    -0.033
 7    -0.616    -0.629     0.473
 8   121.374   -32.256   -14.673
 8     0.639    -0.762    -0.104
 8    -0.247    -0.330     0.911
 8    -0.728    -0.556    -0.399
 9   128.733   -34.039   -43.224
 9     0.407    -0.266     0.877
 9    -0.069     0.946     0.313
 9    -0.911    -0.185     0.364
 2    97.002   -20.082    59.044
 2     0.410    -0.912     0.004
 2     0.911     0.410     0.029
 2    -0.028    -0.009     0.999
 3   124.049    -2.046    -1.625
 3     0.732     0.046    -0.680
 3    -0.188     0.973    -0.136
 3     0.655     0.227     0.720
 4   101.054    12.335    -8.628
 4     0.247    -0.521     0.817
 4     0.940     0.333    -0.072
 4    -0.235     0.786     0.572
 5   125.410    24.764    -1.329
 5     0.916     0.393     0.076
 5     0.318    -0.597    -0.736
 5    -0.244     0.699    -0.672
 6   136.115    12.142   -23.763
 6     0.313     0.811     0.497
 6    -0.537     0.580    -0.612
 6    -0.783    -0.076     0.614
 7   101.033   -17.226    -5.461
 7     0.293     0.364     0.884
 7    -0.726     0.686    -0.042
 7    -0.623    -0.630     0.464
 8   120.438   -32.342   -15.330
 8     0.610    -0.786    -0.099
 8    -0.250    -0.309     0.917
 8    -0.751    -0.536    -0.384
 9   126.739   -34.038   -44.402
 9     0.366    -0.263     0.895
 9    -0.065     0.950     0.300
 9    -0.928    -0.166     0.330
 2    96.951   -20.032    59.094
 2     0.410    -0.912     0.004
 2     0.911     0.410     0.029
 2    -0.028    -0.009     0.999
 3   123.941    -2.152    -1.645
 3     0.732     0.048    -0.680
 3    -0.194     0.970    -0.141
 3     0.653     0.235     0.719
 4   100.885    12.202    -8.561
 4     0.245    -0.516     0.821
 4     0.939     0.337    -0.069
 4    -0.242     0.787     0.566
 5   125.318    24.678    -1.507
 5     0.915     0.397     0.071
 5     0.315    -0.593    -0.741
 5    -0.252     0.700    -0.668
 6   135.150    11.663   -24.131
 6     0.276     0.817     0.507
 6    -0.555     0.565    -0.612
 6    -0.785    -0.113     0.607
 7   100.797   -17.158    -5.440
 7     0.288     0.364     0.886
 7    -0.723     0.688    -0.048
 7    -0.628    -0.627     0.461
 8   119.573   -32.199   -16.209
 8     0.581    -0.808    -0.101
 8    -0.248    -0.292     0.923
 8    -0.775    -0.511    -0.370
 9   124.874   -33.856   -45.558
 9     0.331    -0.256     0.910
 9    -0.068     0.954     0.288
 9    -0.941    -0.155     0.296
 2    96.951   -20.032    59.094
 2     0.410    -0.912     0.004
 2     0.911     0.410     0.029
 2    -0.028    -0.009     0.999
 3   123.852    -2.184    -1.681
 3     0.734     0.050    -0.678
 3    -0.201     0.969    -0.146
 3     0.649     0.242     0.720
 4   100.754    12.200    -8.558
 4     0.245    -0.511     0.824
 4     0.938     0.338    -0.069
 4    -0.244     0.790     0.562
 5   125.202    24.670    -1.640
 5     0.913     0.401     0.065
 5     0.313    -0.593    -0.742
 5    -0.259     0.698    -0.667
 6   134.766    11.476   -24.159
 6     0.259     0.824     0.505
 6    -0.563     0.552    -0.615
 6    -0.785    -0.126     0.604
 7   100.588   -16.988    -5.370
 7     0.281     0.369     0.886
 7    -0.722     0.689    -0.058
 7    -0.632    -0.624     0.459
 8   119.015   -32.066   -16.518
 8     0.568    -0.818    -0.094
 8    -0.247    -0.277     0.928
 8    -0.785    -0.505    -0.359
 9   123.938   -33.575   -46.073
 9     0.314    -0.254     0.917
 9    -0.060     0.957     0.280
 9    -0.948    -0.140     0.283
 2    97.002   -20.083    59.095
 2     0.411    -0.912     0.004
 2     0.911     0.410     0.029
 2    -0.028    -0.009     0.999
 3   123.795    -2.162    -1.724
 3     0.734     0.051    -0.678
 3    -0.204     0.968    -0.148
 3     0.647     0.246     0.720
 4   100.704    12.227    -8.486
 4     0.241    -0.510     0.826
 4     0.939     0.335    -0.067
 4    -0.243     0.792     0.560
 5   125.113    24.716    -1.655
 5     0.912     0.405     0.061
 5     0.314    -0.594    -0.741
 5    -0.264     0.695    -0.669
 6   133.881    11.231   -24.258
 6     0.224     0.826     0.519
 6    -0.577     0.540    -0.613
 6    -0.785    -0.162     0.595
 7   100.585   -16.939    -5.367
 7     0.281     0.369     0.886
 7    -0.721     0.689    -0.059
 7    -0.633    -0.623     0.460
 8   118.824   -31.997   -16.698
 8     0.562    -0.822    -0.097
 8    -0.244    -0.276     0.930
 8    -0.790    -0.499    -0.355
 9   123.465   -33.126   -46.390
 9     0.301    -0.262     0.919
 9    -0.048     0.957     0.284
 9    -0.952    -0.127     0.274
 2    97.002   -20.083    59.095
 2     0.411    -0.912     0.004
 2     0.911     0.411     0.029
 2    -0.028    -0.009     0.999
 3   123.745    -2.163    -1.725
 3     0.734     0.052    -0.677
 3    -0.206     0.967    -0.149
 3     0.647     0.248     0.720
 4   100.673    12.226    -8.431
 4     0.240    -0.508     0.827
 4     0.939     0.336    -0.067
 4    -0.245     0.793     0.558
 5   125.052    24.712    -1.747
 5     0.911     0.408     0.057
 5     0.314    -0.595    -0.740
 5    -0.268     0.692    -0.670
 6   133.934    11.208   -24.289
 6     0.225     0.826     0.518
 6    -0.578     0.539    -0.613
 6    -0.784    -0.162     0.596
 7   100.431   -16.891    -5.363
 7     0.280     0.372     0.885
 7    -0.721     0.690    -0.062
 7    -0.634    -0.621     0.461
 8   118.640   -32.003   -16.836
 8     0.557    -0.825    -0.094
 8    -0.244    -0.270     0.931
 8    -0.793    -0.496    -0.352
 9   123.070   -32.960   -46.550
 9     0.292    -0.265     0.921
 9    -0.040     0.957     0.283
 9    -0.956    -0.116     0.267
 2    97.002   -20.083    59.095
 2     0.411    -0.912     0.004
 2     0.911     0.411     0.029
 2    -0.028    -0.009     0.999
 3   123.741    -2.114    -1.721
 3     0.735     0.052    -0.677
 3    -0.206     0.967    -0.150
 3     0.646     0.249     0.721
 4   100.671    12.225    -8.480
 4     0.240    -0.507     0.828
 4     0.939     0.337    -0.066
 4    -0.246     0.793     0.557
 5   125.000    24.711    -1.745
 5     0.910     0.410     0.057
 5     0.314    -0.594    -0.740
 5    -0.269     0.692    -0.670
 6   133.935    11.156   -24.339
 6     0.224     0.827     0.517
 6    -0.579     0.538    -0.613
 6    -0.784    -0.163     0.597
 7   100.431   -16.892    -5.362
 7     0.279     0.373     0.885
 7    -0.721     0.690    -0.063
 7    -0.634    -0.620     0.461
 8   118.512   -32.030   -16.830
 8     0.557    -0.825    -0.093
 8    -0.245    -0.269     0.931
 8    -0.794    -0.496    -0.352
 9   123.011   -32.881   -46.558
 9     0.291    -0.269     0.920
 9    -0.036     0.956     0.287
 9    -0.956    -0.113     0.267
 2    97.002   -20.032    59.095
 2     0.411    -0.912     0.004
 2     0.911     0.411     0.029
 2    -0.028    -0.009     0.999
 3   123.713    -2.115    -1.717
 3     0.735     0.054    -0.677
 3    -0.207     0.967    -0.149
 3     0.645     0.249     0.721
 4   100.615    12.198    -8.475
 4     0.239    -0.506     0.829
 4     0.939     0.338    -0.065
 4    -0.248     0.793     0.556
 5   124.948    24.710    -1.792
 5     0.910     0.410     0.057
 5     0.314    -0.594    -0.741
 5    -0.270     0.692    -0.669
 6   134.162    11.244   -24.194
 6     0.237     0.824     0.516
 6    -0.579     0.545    -0.607
 6    -0.780    -0.155     0.604
 7   100.428   -16.893    -5.410
 7     0.279     0.374     0.885
 7    -0.721     0.690    -0.064
 7    -0.635    -0.620     0.462
 8   118.573   -32.077   -16.792
 8     0.559    -0.824    -0.090
 8    -0.248    -0.268     0.931
 8    -0.791    -0.498    -0.354
 9   123.143   -32.952   -46.467
 9     0.293    -0.270     0.919
 9    -0.035     0.956     0.287
 9    -0.955    -0.114     0.269
 2    97.002   -20.032    59.044
 2     0.411    -0.912     0.004
 2     0.911     0.411     0.029
 2    -0.028    -0.009     0.999
 3   123.745    -2.114    -1.673
 3     0.733     0.055    -0.678
 3    -0.208     0.967    -0.147
 3     0.647     0.249     0.720
 4   100.949    12.460    -8.503
 4     0.249    -0.512     0.822
 4     0.939     0.334    -0.077
 4    -0.236     0.791     0.564
 5   125.202    24.687    -1.401
 5     0.919     0.386     0.083
 5     0.313    -0.584    -0.748
 5    -0.240     0.714    -0.658
 6   136.656    12.036   -22.787
 6     0.323     0.818     0.480
 6    -0.552     0.571    -0.607
 6    -0.769    -0.069     0.633
 7   100.841   -16.966    -5.358
 7     0.268     0.391     0.880
 7    -0.750     0.657    -0.064
 7    -0.604    -0.644     0.469
 8   120.497   -33.665   -13.542
 8     0.640    -0.767    -0.042
 8    -0.305    -0.302     0.903
 8    -0.705    -0.566    -0.427
 9   128.312   -34.205   -41.544
 9     0.383    -0.330     0.866
 9     0.018     0.937     0.344
 9    -0.924    -0.114     0.361
 2    97.002   -20.032    59.095
 2     0.411    -0.912     0.004
 2     0.911     0.411     0.029
 2    -0.028    -0.009     0.999
 3   124.389    -2.220    -1.314
 3     0.716     0.062    -0.696
 3    -0.204     0.971    -0.125
 3     0.667     0.231     0.707
 4   102.532    12.655    -8.863
 4     0.273    -0.574     0.772
 4     0.949     0.292    -0.118
 4    -0.158     0.765     0.624
 5   125.777    24.752     2.719
 5     0.938     0.292     0.183
 5     0.334    -0.635    -0.696
 5    -0.088     0.714    -0.694
 6   141.561    14.380   -15.909
 6     0.512     0.785     0.354
 6    -0.482     0.600    -0.639
 6    -0.711     0.156     0.683
 7   102.609   -18.112    -5.729
 7     0.298     0.422     0.856
 7    -0.802     0.597    -0.015
 7    -0.518    -0.682     0.516
 8   124.480   -34.886    -7.661
 8     0.759    -0.651    -0.006
 8    -0.361    -0.427     0.829
 8    -0.541    -0.628    -0.559
 9   136.679   -36.366   -32.926
 9     0.532    -0.385     0.760
 9     0.022     0.897     0.435
 9    -0.846    -0.214     0.483
 2    96.952   -20.083    59.095
 2     0.411    -0.912     0.004
 2     0.911     0.411     0.030
 2    -0.028    -0.009     0.999
 3   125.330    -2.499    -0.750
 3     0.701     0.060    -0.711
 3    -0.193     0.975    -0.108
 3     0.686     0.212     0.695
 4   104.620    13.241    -8.697
 4     0.265    -0.663     0.700
 4     0.964     0.196    -0.178
 4    -0.020     0.722     0.691
 5   124.654    24.935     9.105
 5     0.914     0.153     0.374
 5     0.371    -0.686    -0.626
 5     0.160     0.711    -0.684
 6   145.103    17.061    -4.065
 6     0.713     0.677     0.186
 6    -0.407     0.613    -0.677
 6    -0.570     0.407     0.712
 7   104.869   -19.323    -6.063
 7     0.330     0.522     0.786
 7    -0.868     0.495     0.035
 7    -0.372    -0.694     0.616
 8   127.301   -35.764     0.902
 8     0.856    -0.502     0.124
 8    -0.433    -0.564     0.703
 8    -0.283    -0.655    -0.700
 9   144.391   -38.914   -19.065
 9     0.708    -0.417     0.574
 9    -0.002     0.807     0.587
 9    -0.707    -0.418     0.570
 2    97.002   -20.083    59.095
 2     0.412    -0.911     0.004
 2     0.911     0.411     0.029
 2    -0.028    -0.009     0.999
 3   126.613    -2.718    -0.092
 3     0.673     0.037    -0.739
 3    -0.150     0.985    -0.088
 3     0.724     0.170     0.667
 4   107.640    14.082    -8.504
 4     0.239    -0.756     0.609
 4     0.963     0.107    -0.245
 4     0.120     0.645     0.754
 5   122.527    24.425    15.292
 5     0.809     0.011     0.587
 5     0.388    -0.760    -0.521
 5     0.440     0.649    -0.620
 6   146.713    20.809     9.997
 6     0.894     0.447     0.024
 6    -0.270     0.583    -0.766
 6    -0.357     0.678     0.642
 7   107.888   -20.857    -6.323
 7     0.357     0.659     0.662
 7    -0.918     0.376     0.120
 7    -0.170    -0.651     0.739
 8   128.682   -35.132     9.465
 8     0.894    -0.323     0.311
 8    -0.448    -0.675     0.586
 8     0.021    -0.663    -0.748
 9   150.671   -40.432    -1.162
 9     0.909    -0.231     0.348
 9    -0.098     0.691     0.714
 9    -0.404    -0.684     0.607
 2    97.000   -20.033    59.098
 2     0.412    -0.911     0.004
 2     0.911     0.411     0.030
 2    -0.029    -0.010     0.999
 3   128.441    -2.814     0.571
 3     0.603     0.054    -0.796
 3    -0.122     0.992    -0.025
 3     0.788     0.112     0.605
 4   111.143    15.077    -8.119
 4     0.210    -0.841     0.499
 4     0.948     0.051    -0.312
 4     0.237     0.538     0.808
 5   118.910    22.857    19.524
 5     0.616    -0.145     0.775
 5     0.356    -0.826    -0.436
 5     0.703     0.544    -0.458
 6   144.293    22.958    25.699
 6     0.992     0.025    -0.122
 6    -0.118     0.463    -0.879
 6     0.034     0.886     0.460
 7   111.336   -21.607    -6.549
 7     0.377     0.771     0.514
 7    -0.925     0.293     0.239
 7     0.034    -0.566     0.823
 8   128.829   -32.914    15.928
 8     0.874    -0.135     0.466
 8    -0.392    -0.764     0.513
 8     0.287    -0.631    -0.721
 9   151.892   -40.609    17.126
 9     0.974     0.169     0.149
 9    -0.219     0.559     0.800
 9     0.052    -0.812     0.581
 2    96.950   -20.084    59.098
 2     0.412    -0.911     0.003
 2     0.910     0.412     0.030
 2    -0.029    -0.010     0.999
 3   129.378    -2.693     1.138
 3     0.564     0.071    -0.823
 3    -0.103     0.994     0.015
 3     0.819     0.076     0.568
 4   112.633    15.336    -8.122
 4     0.177    -0.869     0.463
 4     0.948     0.024    -0.316
 4     0.263     0.494     0.828
 5   113.598    21.138    19.474
 5     0.343    -0.319     0.884
 5     0.243    -0.879    -0.410
 5     0.907     0.354    -0.224
 6   136.165    21.421    37.313
 6     0.919    -0.391    -0.051
 6    -0.051     0.008    -0.999
 6     0.391     0.920    -0.012
 7   112.804   -22.260    -6.551
 7     0.341     0.848     0.406
 7    -0.925     0.227     0.302
 7     0.164    -0.478     0.862
 8   127.504   -31.027    19.431
 8     0.826     0.039     0.562
 8    -0.305    -0.808     0.503
 8     0.473    -0.587    -0.657
 9   149.556   -38.496    28.605
 9     0.906     0.423    -0.029
 9    -0.207     0.498     0.842
 9     0.370    -0.757     0.539
 2    96.950   -20.033    59.098
 2     0.412    -0.911     0.004
 2     0.911     0.411     0.030
 2    -0.029    -0.010     0.999
 3   129.391    -2.755     1.385
 3     0.564     0.066    -0.823
 3    -0.083     0.996     0.022
 3     0.821     0.056     0.567
 4   112.207    15.086    -7.878
 4     0.145    -0.869     0.474
 4     0.955    -0.002    -0.295
 4     0.257     0.495     0.830
 5   112.526    21.360    19.370
 5     0.291    -0.319     0.902
 5     0.262    -0.880    -0.395
 5     0.920     0.350    -0.172
 6   133.811    23.493    40.365
 6     0.855    -0.472     0.214
 6     0.010    -0.398    -0.917
 6     0.518     0.786    -0.336
 7   113.435   -22.873    -6.016
 7     0.281     0.893     0.352
 7    -0.907     0.127     0.400
 7     0.313    -0.432     0.846
 8   123.769   -29.601    22.669
 8     0.719     0.182     0.671
 8    -0.236    -0.844     0.480
 8     0.654    -0.504    -0.564
 9   143.213   -35.204    38.726
 9     0.802     0.580    -0.150
 9    -0.115     0.391     0.912
 9     0.586    -0.715     0.382
 2    96.950   -20.033    59.098
 2     0.412    -0.911     0.004
 2     0.910     0.412     0.030
 2    -0.029    -0.010     0.999
 3   129.324    -3.276     1.255
 3     0.565     0.059    -0.823
 3    -0.066     0.997     0.026
 3     0.822     0.040     0.568
 4   112.202    14.289    -8.623
 4     0.153    -0.876     0.457
 4     0.964     0.030    -0.265
 4     0.219     0.480     0.849
 5   111.703    21.261    18.175
 5     0.268    -0.318     0.910
 5     0.308    -0.867    -0.392
 5     0.913     0.384    -0.134
 6   134.439    23.591    36.514
 6     0.894    -0.437    -0.105
 6    -0.047     0.139    -0.989
 6     0.446     0.889     0.104
 7   113.442   -23.670    -5.763
 7     0.189     0.943     0.275
 7    -0.912     0.065     0.404
 7     0.363    -0.327     0.872
 8   120.024   -29.283    23.921
 8     0.611     0.270     0.746
 8    -0.190    -0.864     0.466
 8     0.768    -0.426    -0.476
 9   138.663   -33.253    43.170
 9     0.761     0.643    -0.094
 9    -0.036     0.182     0.982
 9     0.647    -0.744     0.163
 2    96.950   -20.084    59.098
 2     0.412    -0.911     0.004
 2     0.910     0.412     0.030
 2    -0.029    -0.009     0.999
 3   129.343    -3.541     0.944
 3     0.567     0.028    -0.823
 3    -0.043     0.999     0.003
 3     0.822     0.034     0.567
 4   111.754    13.562    -9.084
 4     0.130    -0.874     0.469
 4     0.973     0.021    -0.231
 4     0.192     0.486     0.852
 5   111.699    21.599    18.100
 5     0.270    -0.309     0.912
 5     0.340    -0.856    -0.389
 5     0.901     0.415    -0.125
 6   133.263    24.718    39.525
 6     0.815    -0.571    -0.102
 6    -0.023     0.141    -0.989
 6     0.578     0.808     0.103
 7   113.357   -23.892    -5.680
 7     0.158     0.937     0.313
 7    -0.910     0.015     0.413
 7     0.383    -0.350     0.855
 8   118.177   -29.042    24.020
 8     0.543     0.223     0.810
 8    -0.221    -0.893     0.391
 8     0.810    -0.391    -0.435
 9   136.383   -32.722    43.881
 9     0.765     0.640     0.071
 9    -0.039    -0.068     0.997
 9     0.643    -0.765    -0.026
 2    97.003   -20.083    59.044
 2     0.412    -0.911     0.004
 2     0.910     0.412     0.029
 2    -0.028    -0.009     0.999
 3   129.409    -3.387     1.563
 3     0.575     0.036    -0.818
 3    -0.069     0.997    -0.005
 3     0.815     0.059     0.575
 4   112.355    14.495    -7.755
 4     0.141    -0.883     0.447
 4     0.965     0.022    -0.260
 4     0.220     0.468     0.855
 5   114.285    21.675    20.011
 5     0.345    -0.350     0.872
 5     0.280    -0.848    -0.450
 5     0.896     0.398    -0.194
 6   135.596    25.301    41.305
 6     0.783    -0.610    -0.125
 6    -0.008     0.188    -0.982
 6     0.621     0.770     0.144
 7   113.269   -23.388    -5.539
 7     0.148     0.938     0.313
 7    -0.922     0.016     0.386
 7     0.357    -0.346     0.868
 8   118.731   -28.430    24.018
 8     0.554     0.235     0.799
 8    -0.210    -0.889     0.405
 8     0.805    -0.392    -0.443
 9   136.970   -32.577    44.009
 9     0.742     0.649     0.166
 9    -0.073    -0.169     0.983
 9     0.666    -0.741    -0.078
 2    97.002   -20.083    59.044
 2     0.412    -0.911     0.004
 2     0.911     0.411     0.029
 2    -0.028    -0.009     0.999
 3   129.797    -3.170     2.077
 3     0.556     0.067    -0.828
 3    -0.106     0.994     0.009
 3     0.824     0.082     0.560
 4   113.968    15.419    -7.437
 4     0.191    -0.892     0.409
 4     0.950     0.063    -0.306
 4     0.247     0.447     0.859
 5   117.833    21.595    21.005
 5     0.424    -0.426     0.801
 5     0.201    -0.817    -0.539
 5     0.883     0.388    -0.260
 6   138.458    24.656    42.717
 6     0.743    -0.632    -0.227
 6    -0.016     0.318    -0.947
 6     0.668     0.707     0.228
 7   114.258   -22.929    -5.542
 7     0.156     0.942     0.297
 7    -0.921     0.030     0.387
 7     0.356    -0.333     0.873
 8   120.436   -27.771    24.184
 8     0.570     0.300     0.767
 8    -0.164    -0.872     0.460
 8     0.805    -0.388    -0.447
 9   137.011   -32.470    45.425
 9     0.684     0.703     0.193
 9    -0.100    -0.173     0.980
 9     0.722    -0.690    -0.048
];