% Calibrated with leiden_pols
% Positions are in centimeters
Data =[
 2    97.013   -20.089    59.047
 2     0.435    -0.901     0.004
 2     0.900     0.435     0.029
 2    -0.028    -0.010     0.999
 3   127.743    -2.700    -0.066
 3     0.582     0.007    -0.813
 3    -0.162     0.981    -0.108
 3     0.797     0.195     0.572
 4   107.058    11.279   -10.836
 4     0.251    -0.680     0.689
 4     0.952     0.302    -0.048
 4    -0.175     0.668     0.722
 5   122.820    30.776     1.124
 5     0.852     0.125     0.508
 5     0.521    -0.278    -0.807
 5     0.040     0.952    -0.302
 6   131.035    10.127   -10.417
 6    -0.080     0.995    -0.058
 6    -0.922    -0.096    -0.375
 6    -0.379     0.024     0.925
 7   107.137   -18.328    -7.502
 7     0.415     0.436     0.799
 7    -0.761     0.646     0.043
 7    -0.498    -0.626     0.599
 8   122.621   -40.669    -7.327
 8     0.727    -0.516     0.453
 8    -0.531    -0.005     0.847
 8    -0.435    -0.856    -0.277
 9   129.853   -17.904   -17.107
 9     0.012    -0.971     0.239
 9     0.999     0.004    -0.035
 9     0.032     0.239     0.970
 2    97.013   -20.039    59.047
 2     0.436    -0.900     0.004
 2     0.899     0.435     0.030
 2    -0.028    -0.010     0.999
 3   127.766    -2.760    -0.285
 3     0.590     0.009    -0.807
 3    -0.166     0.980    -0.110
 3     0.790     0.198     0.580
 4   106.898    11.280   -10.809
 4     0.243    -0.677     0.695
 4     0.954     0.297    -0.043
 4    -0.177     0.673     0.717
 5   122.610    30.772     1.264
 5     0.848     0.150     0.508
 5     0.529    -0.292    -0.797
 5     0.029     0.944    -0.327
 6   130.680    10.546   -10.877
 6    -0.074     0.997    -0.018
 6    -0.914    -0.075    -0.399
 6    -0.399    -0.013     0.917
 7   106.787   -18.285    -7.448
 7     0.403     0.430     0.808
 7    -0.764     0.643     0.039
 7    -0.503    -0.634     0.588
 8   121.830   -40.867    -7.301
 8     0.701    -0.542     0.464
 8    -0.550     0.001     0.834
 8    -0.453    -0.840    -0.297
 9   129.165   -18.404   -17.724
 9     0.040    -0.958     0.282
 9     0.999     0.034    -0.029
 9     0.018     0.283     0.959
 2    97.013   -20.089    59.047
 2     0.436    -0.900     0.004
 2     0.900     0.435     0.029
 2    -0.028    -0.010     0.999
 3   127.536    -2.779    -0.455
 3     0.604     0.007    -0.797
 3    -0.176     0.976    -0.124
 3     0.777     0.215     0.591
 4   106.115    11.182   -10.450
 4     0.209    -0.671     0.712
 4     0.960     0.277    -0.021
 4    -0.183     0.688     0.702
 5   121.477    31.096     1.621
 5     0.828     0.207     0.522
 5     0.561    -0.313    -0.766
 5     0.005     0.927    -0.375
 6   129.334    11.820   -11.426
 6    -0.063     0.997     0.047
 6    -0.901    -0.036    -0.432
 6    -0.429    -0.069     0.900
 7   106.183   -18.165    -7.020
 7     0.381     0.425     0.821
 7    -0.775     0.630     0.034
 7    -0.503    -0.650     0.569
 8   119.754   -41.663    -6.977
 8     0.648    -0.572     0.504
 8    -0.598     0.027     0.801
 8    -0.471    -0.820    -0.324
 9   127.471   -19.914   -18.380
 9     0.092    -0.937     0.337
 9     0.995     0.090    -0.020
 9    -0.012     0.337     0.941
 2    97.013   -20.039    59.047
 2     0.436    -0.900     0.004
 2     0.899     0.435     0.030
 2    -0.028    -0.010     0.999
 3   127.252    -2.821    -0.649
 3     0.620    -0.001    -0.784
 3    -0.181     0.973    -0.144
 3     0.763     0.231     0.603
 4   105.344    11.132    -9.985
 4     0.154    -0.679     0.718
 4     0.973     0.229     0.009
 4    -0.171     0.697     0.696
 5   118.965    31.605     3.003
 5     0.775     0.300     0.557
 5     0.632    -0.355    -0.688
 5    -0.008     0.885    -0.464
 6   126.587    14.859   -11.919
 6    -0.030     0.987     0.158
 6    -0.862     0.055    -0.504
 6    -0.506    -0.151     0.849
 7   105.377   -18.064    -6.494
 7     0.340     0.424     0.839
 7    -0.803     0.595     0.024
 7    -0.489    -0.682     0.543
 8   116.751   -42.711    -5.177
 8     0.564    -0.612     0.558
 8    -0.689     0.024     0.723
 8    -0.456    -0.791    -0.407
 9   124.828   -22.852   -18.675
 9     0.164    -0.891     0.423
 9     0.978     0.203     0.049
 9    -0.130     0.406     0.905
 2    97.013   -20.039    59.047
 2     0.436    -0.900     0.004
 2     0.899     0.436     0.029
 2    -0.028    -0.010     0.999
 3   126.688    -2.587    -0.907
 3     0.649    -0.016    -0.761
 3    -0.175     0.970    -0.170
 3     0.740     0.243     0.626
 4   104.120    11.403    -9.325
 4     0.104    -0.681     0.725
 4     0.985     0.171     0.019
 4    -0.138     0.712     0.688
 5   117.020    31.937     4.646
 5     0.732     0.393     0.558
 5     0.681    -0.402    -0.612
 5    -0.016     0.827    -0.560
 6   123.601    17.385   -12.173
 6    -0.038     0.968     0.247
 6    -0.808     0.116    -0.578
 6    -0.589    -0.222     0.777
 7   104.172   -17.999    -5.744
 7     0.290     0.425     0.857
 7    -0.841     0.539     0.016
 7    -0.456    -0.727     0.514
 8   114.268   -43.111    -2.227
 8     0.502    -0.629     0.595
 8    -0.766    -0.004     0.642
 8    -0.401    -0.777    -0.483
 9   122.178   -25.664   -18.440
 9     0.216    -0.831     0.513
 9     0.938     0.322     0.127
 9    -0.271     0.453     0.849
 2    97.013   -20.089    59.047
 2     0.436    -0.900     0.004
 2     0.899     0.436     0.029
 2    -0.028    -0.010     0.999
 3   125.659    -2.564    -1.234
 3     0.683    -0.014    -0.731
 3    -0.169     0.970    -0.177
 3     0.710     0.244     0.659
 4   102.881    11.911    -8.570
 4     0.087    -0.659     0.747
 4     0.990     0.142     0.011
 4    -0.114     0.738     0.665
 5   116.340    31.700     5.943
 5     0.714     0.467     0.524
 5     0.700    -0.449    -0.555
 5    -0.024     0.762    -0.646
 6   121.586    19.092   -11.275
 6    -0.099     0.933     0.346
 6    -0.745     0.161    -0.646
 6    -0.659    -0.322     0.680
 7   103.273   -18.000    -5.390
 7     0.255     0.418     0.872
 7    -0.858     0.513     0.005
 7    -0.446    -0.750     0.489
 8   113.692   -42.993    -0.408
 8     0.495    -0.645     0.584
 8    -0.790    -0.055     0.610
 8    -0.361    -0.763    -0.535
 9   120.731   -26.815   -17.971
 9     0.199    -0.780     0.593
 9     0.900     0.384     0.203
 9    -0.386     0.493     0.779
 2    97.013   -20.090    59.047
 2     0.437    -0.900     0.004
 2     0.899     0.436     0.029
 2    -0.028    -0.010     0.999
 3   125.276    -2.473    -1.287
 3     0.695    -0.009    -0.719
 3    -0.167     0.971    -0.173
 3     0.699     0.239     0.673
 4   102.707    12.337    -8.280
 4     0.090    -0.656     0.750
 4     0.992     0.127    -0.008
 4    -0.091     0.744     0.661
 5   116.248    31.549     7.054
 5     0.723     0.442     0.533
 5     0.691    -0.471    -0.548
 5     0.009     0.763    -0.645
 6   122.165    19.163   -10.319
 6    -0.052     0.893     0.447
 6    -0.715     0.280    -0.641
 6    -0.698    -0.352     0.624
 7   103.338   -18.208    -5.321
 7     0.262     0.413     0.872
 7    -0.865     0.501     0.022
 7    -0.429    -0.760     0.488
 8   115.976   -42.102     1.147
 8     0.545    -0.653     0.528
 8    -0.778    -0.161     0.606
 8    -0.311    -0.740    -0.595
 9   121.388   -27.374   -18.515
 9     0.140    -0.718     0.682
 9     0.841     0.449     0.300
 9    -0.522     0.532     0.667
 2    97.013   -20.090    59.047
 2     0.437    -0.900     0.004
 2     0.899     0.436     0.029
 2    -0.028    -0.010     0.999
 3   125.358    -2.158    -1.294
 3     0.697    -0.019    -0.717
 3    -0.149     0.974    -0.170
 3     0.701     0.225     0.676
 4   102.495    12.473    -8.001
 4     0.083    -0.650     0.755
 4     0.993     0.117    -0.008
 4    -0.083     0.750     0.655
 5   116.297    31.458     7.486
 5     0.717     0.457     0.527
 5     0.697    -0.483    -0.530
 5     0.012     0.746    -0.664
 6   121.839    19.760   -10.335
 6    -0.048     0.847     0.529
 6    -0.669     0.366    -0.646
 6    -0.742    -0.385     0.550
 7   103.480   -18.316    -5.325
 7     0.266     0.409     0.873
 7    -0.871     0.489     0.037
 7    -0.412    -0.771     0.486
 8   117.128   -41.595     2.232
 8     0.558    -0.678     0.481
 8    -0.780    -0.231     0.580
 8    -0.283    -0.698    -0.657
 9   120.955   -29.786   -20.346
 9     0.090    -0.655     0.750
 9     0.728     0.557     0.398
 9    -0.679     0.511     0.527
 2    96.963   -20.090    59.098
 2     0.437    -0.900     0.003
 2     0.899     0.436     0.029
 2    -0.028    -0.010     0.999
 3   125.181    -2.028    -1.246
 3     0.698    -0.026    -0.716
 3    -0.144     0.974    -0.176
 3     0.701     0.226     0.675
 4   102.153    12.593    -7.695
 4     0.069    -0.650     0.757
 4     0.995     0.095    -0.010
 4    -0.066     0.754     0.653
 5   116.010    31.255     8.316
 5     0.697     0.502     0.513
 5     0.716    -0.505    -0.481
 5     0.017     0.702    -0.711
 6   120.485    21.191   -10.436
 6    -0.073     0.787     0.613
 6    -0.604     0.454    -0.655
 6    -0.794    -0.417     0.442
 7   103.416   -18.406    -5.234
 7     0.261     0.405     0.876
 7    -0.879     0.475     0.042
 7    -0.399    -0.781     0.480
 8   117.870   -41.132     2.931
 8     0.556    -0.715     0.426
 8    -0.784    -0.280     0.552
 8    -0.276    -0.640    -0.716
 9   119.786   -32.702   -22.101
 9     0.033    -0.636     0.771
 9     0.609     0.624     0.489
 9    -0.792     0.454     0.408
 2    96.963   -20.090    59.098
 2     0.437    -0.900     0.003
 2     0.899     0.436     0.029
 2    -0.028    -0.010     0.999
 3   124.974    -1.851    -1.195
 3     0.700    -0.036    -0.714
 3    -0.141     0.972    -0.187
 3     0.700     0.231     0.674
 4   101.950    12.734    -7.451
 4     0.059    -0.647     0.760
 4     0.997     0.079    -0.010
 4    -0.054     0.758     0.650
 5   116.201    31.084     8.831
 5     0.679     0.578     0.454
 5     0.734    -0.530    -0.424
 5    -0.004     0.620    -0.783
 6   118.378    22.223   -10.439
 6    -0.184     0.743     0.643
 6    -0.557     0.460    -0.690
 6    -0.809    -0.485     0.330
 7   103.353   -18.402    -5.190
 7     0.260     0.398     0.879
 7    -0.880     0.471     0.047
 7    -0.396    -0.787     0.473
 8   118.160   -40.838     3.101
 8     0.548    -0.735     0.401
 8    -0.791    -0.300     0.532
 8    -0.271    -0.608    -0.745
 9   119.204   -35.340   -23.134
 9     0.019    -0.640     0.768
 9     0.505     0.669     0.545
 9    -0.863     0.378     0.336
 2    96.963   -20.090    59.098
 2     0.437    -0.900     0.004
 2     0.899     0.436     0.029
 2    -0.028    -0.010     0.999
 3   124.921    -1.801    -1.190
 3     0.701    -0.036    -0.712
 3    -0.140     0.972    -0.187
 3     0.699     0.230     0.676
 4   101.932    12.926    -7.314
 4     0.054    -0.649     0.759
 4     0.998     0.065    -0.016
 4    -0.039     0.758     0.650
 5   115.969    31.074     9.329
 5     0.668     0.602     0.440
 5     0.744    -0.538    -0.395
 5    -0.001     0.590    -0.807
 6   117.642    22.691   -10.080
 6    -0.203     0.733     0.649
 6    -0.546     0.465    -0.696
 6    -0.813    -0.495     0.307
 7   103.257   -18.303    -5.180
 7     0.252     0.395     0.883
 7    -0.882     0.468     0.042
 7    -0.397    -0.791     0.466
 8   117.873   -40.890     3.029
 8     0.536    -0.744     0.400
 8    -0.800    -0.296     0.522
 8    -0.270    -0.599    -0.753
 9   118.482   -37.994   -24.251
 9     0.023    -0.678     0.735
 9     0.410     0.677     0.611
 9    -0.912     0.287     0.293
 2    96.963   -20.090    59.098
 2     0.437    -0.900     0.004
 2     0.899     0.436     0.030
 2    -0.028    -0.010     0.999
 3   124.620    -1.747    -1.371
 3     0.702    -0.044    -0.711
 3    -0.134     0.972    -0.192
 3     0.699     0.230     0.676
 4   101.394    12.796    -7.120
 4     0.044    -0.653     0.756
 4     0.998     0.062    -0.005
 4    -0.044     0.754     0.655
 5   115.411    31.201     9.287
 5     0.654     0.623     0.431
 5     0.756    -0.530    -0.382
 5    -0.010     0.575    -0.817
 6   116.740    23.051   -10.245
 6    -0.210     0.713     0.669
 6    -0.544     0.483    -0.685
 6    -0.812    -0.507     0.288
 7   102.882   -18.049    -5.297
 7     0.237     0.397     0.887
 7    -0.890     0.454     0.034
 7    -0.389    -0.797     0.461
 8   117.281   -41.002     2.614
 8     0.524    -0.756     0.393
 8    -0.803    -0.286     0.521
 8    -0.282    -0.589    -0.757
 9   117.651   -40.190   -25.413
 9     0.021    -0.710     0.703
 9     0.331     0.669     0.665
 9    -0.943     0.219     0.249
 2    96.963   -20.090    59.098
 2     0.437    -0.900     0.004
 2     0.899     0.436     0.029
 2    -0.028    -0.010     0.999
 3   124.378    -1.726    -1.401
 3     0.707    -0.044    -0.706
 3    -0.132     0.972    -0.193
 3     0.694     0.230     0.681
 4   101.155    12.741    -7.161
 4     0.042    -0.648     0.760
 4     0.998     0.064    -0.000
 4    -0.049     0.758     0.649
 5   115.260    31.242     9.232
 5     0.654     0.631     0.420
 5     0.756    -0.529    -0.384
 5    -0.020     0.568    -0.822
 6   116.373    23.002   -10.329
 6    -0.228     0.712     0.665
 6    -0.546     0.472    -0.691
 6    -0.806    -0.520     0.282
 7   102.666   -18.056    -5.261
 7     0.235     0.386     0.892
 7    -0.886     0.461     0.034
 7    -0.399    -0.799     0.450
 8   117.046   -41.034     2.331
 8     0.518    -0.761     0.393
 8    -0.805    -0.278     0.522
 8    -0.288    -0.586    -0.756
 9   117.541   -41.392   -25.610
 9     0.030    -0.725     0.688
 9     0.286     0.665     0.689
 9    -0.958     0.176     0.226
 2    96.963   -20.039    59.098
 2     0.437    -0.900     0.004
 2     0.899     0.436     0.030
 2    -0.028    -0.010     0.999
 3   124.371    -1.754    -1.393
 3     0.709    -0.045    -0.704
 3    -0.132     0.972    -0.195
 3     0.692     0.231     0.683
 4   101.158    12.693    -7.117
 4     0.039    -0.646     0.762
 4     0.998     0.061     0.001
 4    -0.047     0.760     0.647
 5   115.373    31.136     9.088
 5     0.656     0.634     0.412
 5     0.754    -0.531    -0.385
 5    -0.025     0.562    -0.826
 6   116.316    22.926   -10.433
 6    -0.239     0.711     0.662
 6    -0.546     0.465    -0.696
 6    -0.803    -0.527     0.278
 7   102.682   -18.134    -5.145
 7     0.239     0.378     0.894
 7    -0.883     0.468     0.038
 7    -0.404    -0.799     0.446
 8   117.042   -41.035     2.232
 8     0.518    -0.760     0.396
 8    -0.805    -0.276     0.524
 8    -0.289    -0.589    -0.754
 9   117.923   -42.385   -25.875
 9     0.043    -0.730     0.682
 9     0.246     0.669     0.701
 9    -0.968     0.138     0.207
 2    96.963   -20.039    59.098
 2     0.437    -0.900     0.003
 2     0.899     0.436     0.030
 2    -0.028    -0.011     0.999
 3   124.363    -1.806    -1.437
 3     0.712    -0.047    -0.702
 3    -0.132     0.971    -0.199
 3     0.690     0.234     0.684
 4   101.103    12.694    -7.168
 4     0.035    -0.644     0.764
 4     0.998     0.059     0.004
 4    -0.048     0.763     0.644
 5   115.454    31.182     8.976
 5     0.655     0.639     0.405
 5     0.755    -0.531    -0.385
 5    -0.032     0.557    -0.829
 6   116.209    22.877   -10.564
 6    -0.247     0.708     0.663
 6    -0.546     0.463    -0.697
 6    -0.800    -0.533     0.273
 7   102.591   -18.139    -5.170
 7     0.242     0.369     0.897
 7    -0.879     0.475     0.041
 7    -0.412    -0.798     0.439
 8   117.035   -41.089     2.038
 8     0.517    -0.760     0.395
 8    -0.805    -0.274     0.526
 8    -0.292    -0.589    -0.753
 9   117.943   -43.558   -26.068
 9     0.048    -0.746     0.664
 9     0.204     0.658     0.724
 9    -0.978     0.101     0.183
 2    97.013   -20.039    59.098
 2     0.437    -0.900     0.004
 2     0.899     0.436     0.029
 2    -0.028    -0.010     0.999
 3   124.358    -1.808    -1.435
 3     0.712    -0.048    -0.701
 3    -0.135     0.969    -0.204
 3     0.689     0.240     0.683
 4   101.152    12.744    -7.170
 4     0.037    -0.640     0.767
 4     0.998     0.060     0.002
 4    -0.048     0.766     0.641
 5   115.629    31.123     8.766
 5     0.656     0.646     0.391
 5     0.753    -0.532    -0.386
 5    -0.042     0.547    -0.835
 6   116.083    22.875   -10.893
 6    -0.265     0.708     0.655
 6    -0.544     0.451    -0.707
 6    -0.796    -0.543     0.267
 7   102.656   -18.141    -5.104
 7     0.245     0.363     0.899
 7    -0.875     0.482     0.044
 7    -0.417    -0.798     0.436
 8   117.002   -41.144     1.874
 8     0.514    -0.762     0.395
 8    -0.805    -0.270     0.527
 8    -0.296    -0.589    -0.752
 9   118.032   -43.850   -26.291
 9     0.048    -0.744     0.666
 9     0.194     0.661     0.724
 9    -0.980     0.094     0.175
 2    96.963   -20.090    59.098
 2     0.437    -0.900     0.004
 2     0.899     0.436     0.029
 2    -0.028    -0.010     0.999
 3   124.354    -1.810    -1.380
 3     0.712    -0.049    -0.701
 3    -0.136     0.969    -0.206
 3     0.688     0.242     0.682
 4   101.097    12.692    -7.165
 4     0.037    -0.639     0.769
 4     0.998     0.061     0.004
 4    -0.050     0.767     0.639
 5   115.671    31.120     8.644
 5     0.656     0.649     0.387
 5     0.753    -0.531    -0.387
 5    -0.045     0.544    -0.837
 6   116.039    22.927   -10.919
 6    -0.268     0.707     0.655
 6    -0.544     0.450    -0.707
 6    -0.795    -0.545     0.264
 7   102.654   -18.116    -5.101
 7     0.246     0.362     0.899
 7    -0.875     0.482     0.045
 7    -0.418    -0.797     0.435
 8   116.944   -41.147     1.733
 8     0.514    -0.763     0.394
 8    -0.804    -0.268     0.531
 8    -0.300    -0.588    -0.750
 9   118.265   -43.502   -26.245
 9     0.056    -0.754     0.655
 9     0.210     0.650     0.730
 9    -0.976     0.097     0.193
 2    96.963   -20.090    59.098
 2     0.437    -0.900     0.004
 2     0.899     0.436     0.029
 2    -0.028    -0.010     0.999
 3   124.307    -1.810    -1.334
 3     0.711    -0.048    -0.702
 3    -0.139     0.968    -0.207
 3     0.689     0.244     0.681
 4   101.265    12.787    -7.180
 4     0.046    -0.636     0.770
 4     0.997     0.071    -0.001
 4    -0.054     0.768     0.638
 5   116.054    31.278     8.157
 5     0.677     0.603     0.422
 5     0.734    -0.521    -0.435
 5    -0.042     0.604    -0.795
 6   117.976    21.910   -11.408
 6    -0.198     0.749     0.633
 6    -0.578     0.432    -0.691
 6    -0.792    -0.502     0.348
 7   102.821   -18.245    -5.156
 7     0.246     0.375     0.894
 7    -0.874     0.483     0.038
 7    -0.418    -0.791     0.447
 8   116.756   -41.476     1.433
 8     0.546    -0.714     0.440
 8    -0.779    -0.238     0.579
 8    -0.309    -0.658    -0.686
 9   122.149   -37.331   -24.991
 9     0.175    -0.748     0.640
 9     0.457     0.637     0.620
 9    -0.872     0.184     0.453
 2    96.963   -20.090    59.098
 2     0.437    -0.900     0.003
 2     0.899     0.436     0.030
 2    -0.028    -0.011     0.999
 3   124.674    -1.930    -1.270
 3     0.708    -0.047    -0.705
 3    -0.133     0.971    -0.198
 3     0.693     0.233     0.681
 4   101.839    12.606    -7.516
 4     0.072    -0.629     0.774
 4     0.994     0.107    -0.005
 4    -0.080     0.770     0.633
 5   117.075    31.071     7.223
 5     0.716     0.537     0.447
 5     0.697    -0.514    -0.501
 5    -0.039     0.669    -0.741
 6   120.790    21.026   -12.350
 6    -0.131     0.864     0.487
 6    -0.611     0.316    -0.725
 6    -0.781    -0.392     0.486
 7   103.202   -18.259    -5.287
 7     0.271     0.382     0.883
 7    -0.857     0.514     0.040
 7    -0.439    -0.768     0.466
 8   116.808   -41.760    -0.547
 8     0.579    -0.652     0.490
 8    -0.739    -0.165     0.653
 8    -0.345    -0.740    -0.577
 9   125.822   -31.358   -24.065
 9     0.272    -0.806     0.526
 9     0.683     0.546     0.485
 9    -0.678     0.227     0.699
 2    96.963   -20.090    59.047
 2     0.437    -0.900     0.004
 2     0.899     0.436     0.030
 2    -0.028    -0.010     0.999
 3   124.963    -1.924    -1.311
 3     0.705    -0.046    -0.708
 3    -0.130     0.973    -0.192
 3     0.697     0.227     0.679
 4   102.188    12.575    -7.777
 4     0.102    -0.618     0.779
 4     0.989     0.146    -0.014
 4    -0.106     0.772     0.626
 5   118.084    30.923     6.247
 5     0.746     0.487     0.455
 5     0.664    -0.507    -0.549
 5    -0.037     0.711    -0.701
 6   123.596    20.384   -13.467
 6    -0.046     0.948     0.314
 6    -0.636     0.214    -0.741
 6    -0.770    -0.234     0.593
 7   103.284   -18.058    -5.373
 7     0.287     0.382     0.878
 7    -0.833     0.552     0.033
 7    -0.472    -0.741     0.477
 8   116.986   -41.636    -2.927
 8     0.603    -0.614     0.511
 8    -0.696    -0.091     0.711
 8    -0.390    -0.784    -0.482
 9   127.906   -27.445   -23.697
 9     0.320    -0.849     0.422
 9     0.802     0.479     0.356
 9    -0.504     0.224     0.833
 2    96.963   -20.039    59.098
 2     0.437    -0.900     0.004
 2     0.899     0.436     0.030
 2    -0.028    -0.010     0.999
 3   125.092    -1.974    -1.314
 3     0.703    -0.044    -0.710
 3    -0.131     0.973    -0.189
 3     0.698     0.226     0.678
 4   102.405    12.554    -8.036
 4     0.123    -0.610     0.783
 4     0.985     0.172    -0.020
 4    -0.123     0.773     0.622
 5   118.891    30.853     5.348
 5     0.770     0.439     0.462
 5     0.636    -0.490    -0.596
 5    -0.035     0.753    -0.656
 6   125.656    19.131   -13.976
 6     0.000     0.977     0.213
 6    -0.666     0.159    -0.729
 6    -0.746    -0.142     0.651
 7   103.348   -18.023    -5.392
 7     0.300     0.380     0.875
 7    -0.816     0.576     0.029
 7    -0.493    -0.723     0.483
 8   117.333   -41.386    -4.228
 8     0.613    -0.614     0.498
 8    -0.666    -0.063     0.743
 8    -0.425    -0.786    -0.447
 9   128.618   -25.479   -24.017
 9     0.319    -0.865     0.388
 9     0.848     0.443     0.291
 9    -0.424     0.235     0.874
 2    97.013   -20.039    59.098
 2     0.437    -0.900     0.004
 2     0.899     0.436     0.030
 2    -0.028    -0.010     0.999
 3   125.182    -1.970    -1.304
 3     0.700    -0.042    -0.714
 3    -0.131     0.974    -0.185
 3     0.702     0.223     0.675
 4   102.650    12.406    -8.291
 4     0.145    -0.606     0.782
 4     0.979     0.199    -0.027
 4    -0.140     0.770     0.622
 5   119.722    30.648     4.362
 5     0.799     0.385     0.462
 5     0.600    -0.465    -0.651
 5    -0.036     0.797    -0.602
 6   127.659    17.428   -14.309
 6     0.036     0.992     0.119
 6    -0.717     0.109    -0.688
 6    -0.696    -0.060     0.716
 7   103.353   -17.985    -5.504
 7     0.309     0.381     0.872
 7    -0.804     0.593     0.026
 7    -0.508    -0.709     0.489
 8   117.815   -41.028    -5.457
 8     0.630    -0.608     0.484
 8    -0.631    -0.038     0.774
 8    -0.452    -0.793    -0.407
 9   129.431   -23.369   -23.812
 9     0.309    -0.896     0.319
 9     0.894     0.387     0.223
 9    -0.324     0.216     0.921
 2    97.013   -20.090    59.098
 2     0.437    -0.900     0.004
 2     0.899     0.436     0.029
 2    -0.028    -0.010     0.999
 3   125.345    -2.069    -1.262
 3     0.697    -0.035    -0.717
 3    -0.131     0.976    -0.174
 3     0.705     0.215     0.675
 4   103.241    12.498    -8.767
 4     0.181    -0.605     0.775
 4     0.973     0.222    -0.054
 4    -0.140     0.764     0.629
 5   120.548    30.404     4.116
 5     0.827     0.300     0.476
 5     0.562    -0.443    -0.698
 5     0.002     0.844    -0.535
 6   130.094    15.163   -13.040
 6     0.079     0.996    -0.042
 6    -0.762     0.033    -0.646
 6    -0.642     0.083     0.762
 7   103.599   -18.041    -5.669
 7     0.318     0.386     0.866
 7    -0.796     0.604     0.023
 7    -0.515    -0.697     0.500
 8   118.871   -40.567    -6.012
 8     0.663    -0.584     0.469
 8    -0.596    -0.032     0.802
 8    -0.454    -0.811    -0.369
 9   130.015   -21.086   -22.426
 9     0.258    -0.937     0.235
 9     0.938     0.301     0.172
 9    -0.232     0.176     0.956
 2    97.013   -20.039    59.098
 2     0.437    -0.900     0.004
 2     0.899     0.436     0.029
 2    -0.028    -0.010     0.999
 3   125.535    -2.146    -1.142
 3     0.692    -0.020    -0.722
 3    -0.140     0.977    -0.161
 3     0.708     0.211     0.673
 4   103.706    12.525    -8.940
 4     0.210    -0.611     0.764
 4     0.969     0.233    -0.080
 4    -0.129     0.756     0.640
 5   121.348    29.905     4.101
 5     0.850     0.235     0.472
 5     0.526    -0.432    -0.732
 5     0.032     0.871    -0.490
 6   131.412    12.998   -11.728
 6     0.081     0.991    -0.105
 6    -0.810     0.004    -0.586
 6    -0.581     0.132     0.803
 7   103.820   -18.043    -5.922
 7     0.332     0.394     0.857
 7    -0.787     0.616     0.021
 7    -0.520    -0.682     0.515
 8   119.805   -40.097    -6.333
 8     0.698    -0.550     0.460
 8    -0.564    -0.026     0.825
 8    -0.442    -0.835    -0.328
 9   131.035   -19.468   -20.711
 9     0.241    -0.951     0.193
 9     0.957     0.266     0.113
 9    -0.159     0.158     0.974
 2    97.013   -20.039    59.047
 2     0.437    -0.900     0.004
 2     0.899     0.436     0.029
 2    -0.028    -0.010     0.999
 3   125.672    -2.094    -0.924
 3     0.688    -0.013    -0.726
 3    -0.143     0.978    -0.153
 3     0.711     0.209     0.670
 4   104.095    12.584    -9.046
 4     0.226    -0.618     0.754
 4     0.967     0.233    -0.098
 4    -0.116     0.751     0.650
 5   121.647    29.881     4.755
 5     0.860     0.166     0.482
 5     0.504    -0.419    -0.755
 5     0.076     0.893    -0.444
 6   132.607    11.656    -9.418
 6     0.109     0.989    -0.096
 6    -0.844     0.041    -0.534
 6    -0.525     0.138     0.840
 7   104.438   -18.184    -6.369
 7     0.353     0.406     0.843
 7    -0.782     0.622     0.027
 7    -0.514    -0.669     0.537
 8   121.240   -39.800    -5.953
 8     0.742    -0.488     0.459
 8    -0.541    -0.033     0.840
 8    -0.395    -0.872    -0.288
 9   132.409   -18.264   -17.363
 9     0.205    -0.966     0.160
 9     0.976     0.213     0.037
 9    -0.070     0.149     0.986
 2    97.013   -20.039    59.047
 2     0.437    -0.900     0.004
 2     0.899     0.436     0.030
 2    -0.028    -0.010     0.999
 3   125.908    -2.069    -0.706
 3     0.684    -0.005    -0.730
 3    -0.150     0.978    -0.147
 3     0.714     0.210     0.667
 4   104.865    12.783    -9.105
 4     0.235    -0.637     0.734
 4     0.968     0.223    -0.116
 4    -0.090     0.738     0.669
 5   121.924    29.900     5.635
 5     0.864     0.097     0.493
 5     0.484    -0.423    -0.765
 5     0.134     0.901    -0.413
 6   132.837    10.741    -7.082
 6     0.095     0.990    -0.104
 6    -0.862     0.030    -0.505
 6    -0.497     0.137     0.857
 7   105.239   -18.238    -6.688
 7     0.372     0.431     0.822
 7    -0.787     0.616     0.033
 7    -0.493    -0.659     0.568
 8   122.850   -39.517    -4.982
 8     0.788    -0.425     0.447
 8    -0.514    -0.052     0.856
 8    -0.340    -0.904    -0.259
 9   132.058   -16.796   -14.325
 9     0.090    -0.979     0.183
 9     0.996     0.091    -0.002
 9    -0.015     0.182     0.983
 2    97.013   -20.090    59.047
 2     0.437    -0.900     0.004
 2     0.899     0.436     0.030
 2    -0.028    -0.010     0.999
 3   126.267    -1.915    -0.483
 3     0.681    -0.001    -0.732
 3    -0.151     0.978    -0.142
 3     0.716     0.207     0.666
 4   105.319    12.928    -9.204
 4     0.238    -0.653     0.719
 4     0.969     0.212    -0.128
 4    -0.069     0.727     0.683
 5   121.953    29.777     6.356
 5     0.867     0.049     0.496
 5     0.467    -0.426    -0.775
 5     0.173     0.903    -0.392
 6   132.575    10.331    -5.909
 6     0.078     0.996    -0.036
 6    -0.875     0.051    -0.481
 6    -0.478     0.069     0.876
 7   106.029   -18.431    -6.945
 7     0.388     0.456     0.802
 7    -0.800     0.598     0.047
 7    -0.458    -0.659     0.596
 8   124.319   -38.911    -3.097
 8     0.827    -0.370     0.424
 8    -0.493    -0.113     0.862
 8    -0.271    -0.922    -0.275
 9   133.085   -16.114   -12.508
 9     0.065    -0.980     0.189
 9     0.996     0.075     0.043
 9    -0.056     0.185     0.981
 2    97.013   -20.039    59.098
 2     0.437    -0.900     0.004
 2     0.899     0.436     0.029
 2    -0.028    -0.010     0.999
 3   126.404    -1.783    -0.315
 3     0.679    -0.000    -0.735
 3    -0.146     0.980    -0.135
 3     0.719     0.198     0.665
 4   105.603    13.105    -9.215
 4     0.230    -0.672     0.704
 4     0.972     0.191    -0.135
 4    -0.044     0.716     0.696
 5   121.455    29.801     7.460
 5     0.854     0.004     0.519
 5     0.468    -0.440    -0.766
 5     0.225     0.898    -0.378
 6   132.879    10.568    -3.581
 6     0.139     0.990     0.033
 6    -0.865     0.138    -0.481
 6    -0.481     0.038     0.876
 7   106.783   -18.685    -6.943
 7     0.405     0.482     0.777
 7    -0.819     0.569     0.073
 7    -0.407    -0.666     0.625
 8   125.117   -38.841    -0.988
 8     0.850    -0.301     0.433
 8    -0.492    -0.160     0.855
 8    -0.188    -0.940    -0.284
 9   133.928   -16.733    -9.970
 9     0.078    -0.985     0.152
 9     0.992     0.091     0.079
 9    -0.093     0.145     0.985
 2    97.013   -20.039    59.098
 2     0.437    -0.900     0.004
 2     0.899     0.436     0.029
 2    -0.028    -0.010     0.999
 3   126.637    -1.651    -0.092
 3     0.678     0.000    -0.735
 3    -0.140     0.981    -0.130
 3     0.721     0.191     0.665
 4   105.960    13.393    -8.775
 4     0.197    -0.709     0.677
 4     0.980     0.132    -0.146
 4     0.014     0.692     0.721
 5   119.601    29.517    10.380
 5     0.804    -0.042     0.593
 5     0.493    -0.510    -0.705
 5     0.331     0.859    -0.390
 6   132.714    12.807    -0.762
 6     0.267     0.957     0.111
 6    -0.801     0.284    -0.527
 6    -0.536     0.052     0.842
 7   107.396   -19.154    -6.594
 7     0.407     0.521     0.751
 7    -0.851     0.513     0.104
 7    -0.332    -0.682     0.651
 8   124.378   -39.485     2.368
 8     0.833    -0.263     0.486
 8    -0.544    -0.240     0.804
 8    -0.095    -0.934    -0.343
 9   134.353   -19.206    -7.519
 9     0.168    -0.977     0.132
 9     0.966     0.190     0.176
 9    -0.198     0.098     0.975
 2    97.013   -20.039    59.098
 2     0.437    -0.900     0.004
 2     0.899     0.436     0.030
 2    -0.028    -0.010     0.999
 3   126.750    -1.598    -0.005
 3     0.683    -0.012    -0.730
 3    -0.130     0.982    -0.137
 3     0.718     0.188     0.669
 4   105.593    13.454    -8.196
 4     0.132    -0.743     0.656
 4     0.989     0.055    -0.137
 4     0.066     0.667     0.742
 5   116.534    29.281    13.028
 5     0.729    -0.023     0.685
 5     0.544    -0.587    -0.599
 5     0.415     0.809    -0.415
 6   131.563    15.819     1.811
 6     0.402     0.888     0.224
 6    -0.702     0.455    -0.548
 6    -0.588     0.063     0.806
 7   107.342   -19.616    -6.030
 7     0.370     0.558     0.743
 7    -0.892     0.437     0.116
 7    -0.260    -0.705     0.659
 8   122.206   -40.046     6.580
 8     0.786    -0.242     0.569
 8    -0.618    -0.339     0.709
 8     0.022    -0.909    -0.415
 9   133.997   -22.768    -4.867
 9     0.288    -0.948     0.134
 9     0.905     0.315     0.286
 9    -0.314     0.038     0.949
 2    97.013   -20.090    59.098
 2     0.437    -0.900     0.004
 2     0.899     0.436     0.029
 2    -0.028    -0.010     0.999
 3   126.676    -1.690    -0.063
 3     0.685    -0.029    -0.728
 3    -0.115     0.982    -0.147
 3     0.719     0.184     0.669
 4   105.187    13.506    -7.876
 4     0.074    -0.769     0.634
 4     0.991    -0.014    -0.133
 4     0.111     0.638     0.761
 5   113.472    28.461    15.149
 5     0.644     0.007     0.765
 5     0.584    -0.651    -0.485
 5     0.495     0.758    -0.424
 6   129.932    18.753     4.054
 6     0.523     0.783     0.337
 6    -0.588     0.616    -0.524
 6    -0.617     0.076     0.782
 7   107.281   -19.773    -5.647
 7     0.339     0.590     0.733
 7    -0.922     0.363     0.133
 7    -0.188    -0.721     0.667
 8   118.864   -39.833    10.937
 8     0.688    -0.292     0.666
 8    -0.713    -0.444     0.542
 8     0.137    -0.847    -0.513
 9   132.398   -28.091    -2.370
 9     0.450    -0.867     0.212
 9     0.750     0.496     0.437
 9    -0.484    -0.038     0.874
 2    97.013   -20.090    59.047
 2     0.437    -0.900     0.004
 2     0.899     0.436     0.029
 2    -0.028    -0.010     0.999
 3   126.549    -1.523    -0.095
 3     0.680    -0.044    -0.732
 3    -0.098     0.984    -0.150
 3     0.726     0.174     0.664
 4   104.916    13.656    -7.766
 4     0.034    -0.778     0.627
 4     0.991    -0.054    -0.121
 4     0.128     0.626     0.769
 5   110.649    27.761    16.099
 5     0.552     0.020     0.834
 5     0.608    -0.694    -0.385
 5     0.571     0.719    -0.395
 6   128.776    21.203     6.479
 6     0.641     0.665     0.384
 6    -0.479     0.736    -0.478
 6    -0.599     0.122     0.790
 7   107.064   -19.760    -5.618
 7     0.288     0.658     0.695
 7    -0.955     0.254     0.155
 7    -0.075    -0.708     0.701
 8   114.619   -37.616    15.774
 8     0.551    -0.353     0.757
 8    -0.776    -0.548     0.310
 8     0.305    -0.759    -0.575
 9   129.736   -33.680     2.127
 9     0.617    -0.727     0.302
 9     0.483     0.652     0.584
 9    -0.621    -0.215     0.753
];