% Calibrated with leiden_pols
% Positions are in centimeters
Data =[
 2    97.013   -20.089    59.047
 2     0.435    -0.901     0.004
 2     0.900     0.435     0.029
 2    -0.028    -0.010     0.999
 3   127.743    -2.700    -0.066
 3     0.582     0.007    -0.813
 3    -0.162     0.981    -0.108
 3     0.797     0.195     0.572
 4   107.058    11.279   -10.836
 4     0.251    -0.680     0.689
 4     0.952     0.302    -0.048
 4    -0.175     0.668     0.722
 5   122.820    30.776     1.124
 5     0.852     0.125     0.508
 5     0.521    -0.278    -0.807
 5     0.040     0.952    -0.302
 6   131.035    10.127   -10.417
 6    -0.080     0.995    -0.058
 6    -0.922    -0.096    -0.375
 6    -0.379     0.024     0.925
 7   107.137   -18.328    -7.502
 7     0.415     0.436     0.799
 7    -0.761     0.646     0.043
 7    -0.498    -0.626     0.599
 8   122.621   -40.669    -7.327
 8     0.727    -0.516     0.453
 8    -0.531    -0.005     0.847
 8    -0.435    -0.856    -0.277
 9   129.853   -17.904   -17.107
 9     0.012    -0.971     0.239
 9     0.999     0.004    -0.035
 9     0.032     0.239     0.970
 2    97.013   -20.039    59.047
 2     0.436    -0.900     0.004
 2     0.899     0.435     0.030
 2    -0.028    -0.010     0.999
 3   127.766    -2.760    -0.285
 3     0.590     0.009    -0.807
 3    -0.166     0.980    -0.110
 3     0.790     0.198     0.580
 4   106.898    11.280   -10.809
 4     0.243    -0.677     0.695
 4     0.954     0.297    -0.043
 4    -0.177     0.673     0.717
 5   122.610    30.772     1.264
 5     0.848     0.150     0.508
 5     0.529    -0.292    -0.797
 5     0.029     0.944    -0.327
 6   130.680    10.546   -10.877
 6    -0.074     0.997    -0.018
 6    -0.914    -0.075    -0.399
 6    -0.399    -0.013     0.917
 7   106.787   -18.285    -7.448
 7     0.403     0.430     0.808
 7    -0.764     0.643     0.039
 7    -0.503    -0.634     0.588
 8   121.830   -40.867    -7.301
 8     0.701    -0.542     0.464
 8    -0.550     0.001     0.834
 8    -0.453    -0.840    -0.297
 9   129.165   -18.404   -17.724
 9     0.040    -0.958     0.282
 9     0.999     0.034    -0.029
 9     0.018     0.283     0.959
 2    97.013   -20.089    59.047
 2     0.436    -0.900     0.004
 2     0.900     0.435     0.029
 2    -0.028    -0.010     0.999
 3   127.536    -2.779    -0.455
 3     0.604     0.007    -0.797
 3    -0.176     0.976    -0.124
 3     0.777     0.215     0.591
 4   106.115    11.182   -10.450
 4     0.209    -0.671     0.712
 4     0.960     0.277    -0.021
 4    -0.183     0.688     0.702
 5   121.477    31.096     1.621
 5     0.828     0.207     0.522
 5     0.561    -0.313    -0.766
 5     0.005     0.927    -0.375
 6   129.334    11.820   -11.426
 6    -0.063     0.997     0.047
 6    -0.901    -0.036    -0.432
 6    -0.429    -0.069     0.900
 7   106.183   -18.165    -7.020
 7     0.381     0.425     0.821
 7    -0.775     0.630     0.034
 7    -0.503    -0.650     0.569
 8   119.754   -41.663    -6.977
 8     0.648    -0.572     0.504
 8    -0.598     0.027     0.801
 8    -0.471    -0.820    -0.324
 9   127.471   -19.914   -18.380
 9     0.092    -0.937     0.337
 9     0.995     0.090    -0.020
 9    -0.012     0.337     0.941
 2    97.013   -20.039    59.047
 2     0.436    -0.900     0.004
 2     0.899     0.435     0.030
 2    -0.028    -0.010     0.999
 3   127.252    -2.821    -0.649
 3     0.620    -0.001    -0.784
 3    -0.181     0.973    -0.144
 3     0.763     0.231     0.603
 4   105.344    11.132    -9.985
 4     0.154    -0.679     0.718
 4     0.973     0.229     0.009
 4    -0.171     0.697     0.696
 5   118.965    31.605     3.003
 5     0.775     0.300     0.557
 5     0.632    -0.355    -0.688
 5    -0.008     0.885    -0.464
 6   126.587    14.859   -11.919
 6    -0.030     0.987     0.158
 6    -0.862     0.055    -0.504
 6    -0.506    -0.151     0.849
 7   105.377   -18.064    -6.494
 7     0.340     0.424     0.839
 7    -0.803     0.595     0.024
 7    -0.489    -0.682     0.543
 8   116.751   -42.711    -5.177
 8     0.564    -0.612     0.558
 8    -0.689     0.024     0.723
 8    -0.456    -0.791    -0.407
 9   124.828   -22.852   -18.675
 9     0.164    -0.891     0.423
 9     0.978     0.203     0.049
 9    -0.130     0.406     0.905
 2    97.013   -20.039    59.047
 2     0.436    -0.900     0.004
 2     0.899     0.436     0.029
 2    -0.028    -0.010     0.999
 3   126.688    -2.587    -0.907
 3     0.649    -0.016    -0.761
 3    -0.175     0.970    -0.170
 3     0.740     0.243     0.626
 4   104.120    11.403    -9.325
 4     0.104    -0.681     0.725
 4     0.985     0.171     0.019
 4    -0.138     0.712     0.688
 5   117.020    31.937     4.646
 5     0.732     0.393     0.558
 5     0.681    -0.402    -0.612
 5    -0.016     0.827    -0.560
 6   123.601    17.385   -12.173
 6    -0.038     0.968     0.247
 6    -0.808     0.116    -0.578
 6    -0.589    -0.222     0.777
 7   104.172   -17.999    -5.744
 7     0.290     0.425     0.857
 7    -0.841     0.539     0.016
 7    -0.456    -0.727     0.514
 8   114.268   -43.111    -2.227
 8     0.502    -0.629     0.595
 8    -0.766    -0.004     0.642
 8    -0.401    -0.777    -0.483
 9   122.178   -25.664   -18.440
 9     0.216    -0.831     0.513
 9     0.938     0.322     0.127
 9    -0.271     0.453     0.849
 2    97.013   -20.089    59.047
 2     0.436    -0.900     0.004
 2     0.899     0.436     0.029
 2    -0.028    -0.010     0.999
 3   125.659    -2.564    -1.234
 3     0.683    -0.014    -0.731
 3    -0.169     0.970    -0.177
 3     0.710     0.244     0.659
 4   102.881    11.911    -8.570
 4     0.087    -0.659     0.747
 4     0.990     0.142     0.011
 4    -0.114     0.738     0.665
 5   116.340    31.700     5.943
 5     0.714     0.467     0.524
 5     0.700    -0.449    -0.555
 5    -0.024     0.762    -0.646
 6   121.586    19.092   -11.275
 6    -0.099     0.933     0.346
 6    -0.745     0.161    -0.646
 6    -0.659    -0.322     0.680
 7   103.273   -18.000    -5.390
 7     0.255     0.418     0.872
 7    -0.858     0.513     0.005
 7    -0.446    -0.750     0.489
 8   113.692   -42.993    -0.408
 8     0.495    -0.645     0.584
 8    -0.790    -0.055     0.610
 8    -0.361    -0.763    -0.535
 9   120.731   -26.815   -17.971
 9     0.199    -0.780     0.593
 9     0.900     0.384     0.203
 9    -0.386     0.493     0.779
 2    97.013   -20.090    59.047
 2     0.437    -0.900     0.004
 2     0.899     0.436     0.029
 2    -0.028    -0.010     0.999
 3   125.276    -2.473    -1.287
 3     0.695    -0.009    -0.719
 3    -0.167     0.971    -0.173
 3     0.699     0.239     0.673
 4   102.707    12.337    -8.280
 4     0.090    -0.656     0.750
 4     0.992     0.127    -0.008
 4    -0.091     0.744     0.661
 5   116.248    31.549     7.054
 5     0.723     0.442     0.533
 5     0.691    -0.471    -0.548
 5     0.009     0.763    -0.645
 6   122.165    19.163   -10.319
 6    -0.052     0.893     0.447
 6    -0.715     0.280    -0.641
 6    -0.698    -0.352     0.624
 7   103.338   -18.208    -5.321
 7     0.262     0.413     0.872
 7    -0.865     0.501     0.022
 7    -0.429    -0.760     0.488
 8   115.976   -42.102     1.147
 8     0.545    -0.653     0.528
 8    -0.778    -0.161     0.606
 8    -0.311    -0.740    -0.595
 9   121.388   -27.374   -18.515
 9     0.140    -0.718     0.682
 9     0.841     0.449     0.300
 9    -0.522     0.532     0.667
 2    97.013   -20.090    59.047
 2     0.437    -0.900     0.004
 2     0.899     0.436     0.029
 2    -0.028    -0.010     0.999
 3   125.358    -2.158    -1.294
 3     0.697    -0.019    -0.717
 3    -0.149     0.974    -0.170
 3     0.701     0.225     0.676
 4   102.495    12.473    -8.001
 4     0.083    -0.650     0.755
 4     0.993     0.117    -0.008
 4    -0.083     0.750     0.655
 5   116.297    31.458     7.486
 5     0.717     0.457     0.527
 5     0.697    -0.483    -0.530
 5     0.012     0.746    -0.664
