% Calibrated with leiden_pols
% Positions are in centimeters
Data =[
 2    97.079   -20.099    59.051
 2     0.472    -0.882     0.004
 2     0.881     0.471     0.029
 2    -0.028    -0.011     0.999
 3   128.342    -4.755     0.611
 3     0.516     0.061    -0.854
 3    -0.126     0.992    -0.006
 3     0.847     0.111     0.519
 4   109.341    10.549   -10.550
 4     0.363    -0.714     0.599
 4     0.931     0.295    -0.212
 4    -0.025     0.635     0.772
 5   129.187    20.911     9.967
 5     0.844    -0.522     0.120
 5     0.041    -0.163    -0.986
 5     0.534     0.837    -0.116
 6   134.164    -8.660    11.217
 6    -0.146     0.989     0.019
 6    -0.985    -0.143    -0.093
 6    -0.090    -0.033     0.995
 7   110.840   -22.759    -8.463
 7     0.539     0.695     0.476
 7    -0.834     0.518     0.188
 7    -0.116    -0.498     0.859
 8   135.776   -27.390     7.489
 8     0.951     0.258    -0.171
 8     0.227    -0.213     0.950
 8     0.208    -0.942    -0.260
 9   133.309    -1.034     3.149
 9    -0.407    -0.900    -0.160
 9     0.903    -0.422     0.081
 9    -0.139    -0.111     0.984
 2    97.079   -20.099    59.051
 2     0.472    -0.882     0.004
 2     0.881     0.471     0.029
 2    -0.028    -0.011     0.999
 3   128.344    -4.881     0.602
 3     0.515     0.053    -0.856
 3    -0.127     0.991    -0.016
 3     0.848     0.117     0.517
 4   109.331    10.392   -10.636
 4     0.364    -0.714     0.598
 4     0.931     0.299    -0.208
 4    -0.030     0.632     0.773
 5   129.174    20.809     9.800
 5     0.847    -0.516     0.128
 5     0.047    -0.168    -0.985
 5     0.530     0.840    -0.118
 6   134.127    -8.707    11.201
 6    -0.148     0.989     0.022
 6    -0.985    -0.146    -0.088
 6    -0.084    -0.035     0.996
 7   110.793   -22.784    -8.439
 7     0.538     0.696     0.477
 7    -0.835     0.516     0.188
 7    -0.115    -0.499     0.859
 8   135.730   -27.517     7.512
 8     0.952     0.258    -0.167
 8     0.223    -0.214     0.951
 8     0.209    -0.942    -0.260
 9   133.187    -1.320     3.138
 9    -0.406    -0.902    -0.148
 9     0.902    -0.421     0.095
 9    -0.147    -0.095     0.984
 2    97.081   -20.099    59.099
 2     0.472    -0.882     0.004
 2     0.881     0.471     0.029
 2    -0.027    -0.011     0.999
 3   128.312    -4.983     0.555
 3     0.516     0.047    -0.856
 3    -0.127     0.991    -0.022
 3     0.847     0.120     0.517
 4   109.323    10.312   -10.650
 4     0.365    -0.714     0.599
 4     0.930     0.302    -0.206
 4    -0.034     0.632     0.774
 5   129.163    20.730     9.736
 5     0.849    -0.513     0.131
 5     0.050    -0.169    -0.984
 5     0.526     0.842    -0.118
 6   134.118    -8.777    11.232
 6    -0.150     0.988     0.024
 6    -0.986    -0.148    -0.081
 6    -0.077    -0.036     0.996
 7   110.777   -22.831    -8.450
 7     0.537     0.697     0.476
 7    -0.836     0.514     0.192
 7    -0.111    -0.501     0.858
 8   135.662   -27.643     7.554
 8     0.952     0.259    -0.162
 8     0.219    -0.214     0.952
 8     0.212    -0.942    -0.259
 9   133.097    -1.502     3.045
 9    -0.404    -0.904    -0.139
 9     0.902    -0.418     0.105
 9    -0.152    -0.082     0.984
 2    97.081   -20.099    59.048
 2     0.472    -0.882     0.004
 2     0.881     0.471     0.029
 2    -0.027    -0.011     0.999
 3   128.260    -4.983     0.553
 3     0.516     0.041    -0.856
 3    -0.127     0.991    -0.029
 3     0.847     0.123     0.516
 4   109.244    10.209   -10.696
 4     0.365    -0.713     0.599
 4     0.930     0.304    -0.205
 4    -0.036     0.632     0.774
 5   129.153    20.677     9.694
 5     0.851    -0.509     0.133
 5     0.052    -0.172    -0.984
 5     0.523     0.843    -0.120
 6   134.076    -8.826    11.173
 6    -0.151     0.988     0.027
 6    -0.986    -0.149    -0.078
 6    -0.074    -0.039     0.996
 7   110.784   -22.828    -8.485
 7     0.538     0.697     0.475
 7    -0.836     0.512     0.194
 7    -0.108    -0.501     0.858
 8   135.571   -27.743     7.648
 8     0.953     0.262    -0.157
 8     0.214    -0.216     0.953
 8     0.215    -0.941    -0.260
 9   133.036    -1.531     2.926
 9    -0.403    -0.905    -0.135
 9     0.901    -0.418     0.111
 9    -0.156    -0.077     0.984
 2    97.078   -20.099    59.051
 2     0.472    -0.882     0.005
 2     0.881     0.471     0.029
 2    -0.028    -0.010     0.999
 3   128.191    -4.937     0.513
 3     0.521     0.027    -0.853
 3    -0.129     0.990    -0.047
 3     0.844     0.134     0.519
 4   109.099    10.313   -10.629
 4     0.365    -0.712     0.601
 4     0.930     0.301    -0.207
 4    -0.033     0.634     0.772
 5   128.558    20.769    10.014
 5     0.849    -0.495     0.185
 5     0.073    -0.238    -0.969
 5     0.523     0.835    -0.166
 6   133.927    -8.242    10.986
 6    -0.105     0.991     0.084
 6    -0.989    -0.095    -0.116
 6    -0.107    -0.096     0.990
 7   110.824   -22.816    -8.536
 7     0.533     0.704     0.470
 7    -0.841     0.500     0.205
 7    -0.090    -0.504     0.858
 8   134.704   -28.037     9.267
 8     0.962     0.264    -0.074
 8     0.164    -0.346     0.924
 8     0.218    -0.901    -0.375
 9   135.984    -2.812     0.262
 9    -0.262    -0.824    -0.504
 9     0.908    -0.386     0.163
 9    -0.328    -0.414     0.848
 2    97.081   -20.099    59.048
 2     0.472    -0.882     0.004
 2     0.881     0.471     0.029
 2    -0.027    -0.011     0.999
 3   128.060    -4.639     0.639
 3     0.544     0.020    -0.838
 3    -0.115     0.992    -0.051
 3     0.831     0.124     0.542
 4   108.895    10.592   -10.490
 4     0.347    -0.725     0.596
 4     0.938     0.274    -0.212
 4    -0.010     0.632     0.774
 5   126.882    21.100    11.125
 5     0.818    -0.532     0.217
 5     0.071    -0.282    -0.957
 5     0.570     0.798    -0.193
 6   133.319    -5.841     8.001
 6    -0.034     0.998     0.058
 6    -0.957    -0.015    -0.288
 6    -0.287    -0.066     0.956
 7   110.625   -22.804    -8.582
 7     0.503     0.725     0.472
 7    -0.862     0.458     0.215
 7    -0.060    -0.515     0.855
 8   133.324   -28.430    11.284
 8     0.974     0.215     0.060
 8     0.071    -0.553     0.831
 8     0.212    -0.805    -0.553
 9   140.624    -6.296    -0.145
 9     0.048    -0.783    -0.620
 9     0.872    -0.271     0.407
 9    -0.487    -0.559     0.670
 2    97.079   -20.099    59.051
 2     0.472    -0.882     0.004
 2     0.881     0.471     0.029
 2    -0.028    -0.011     0.999
 3   127.937    -4.380     0.629
 3     0.568     0.024    -0.823
 3    -0.117     0.991    -0.052
 3     0.814     0.126     0.566
 4   108.690    11.175   -10.250
 4     0.295    -0.760     0.579
 4     0.953     0.195    -0.229
 4     0.060     0.619     0.782
 5   123.395    20.787    14.081
 5     0.779    -0.502     0.377
 5     0.101    -0.492    -0.864
 5     0.619     0.711    -0.333
 6   134.515    -0.934     6.436
 6     0.174     0.970    -0.168
 6    -0.810     0.044    -0.584
 6    -0.560     0.238     0.794
 7   110.800   -22.648    -8.739
 7     0.467     0.761     0.450
 7    -0.884     0.404     0.234
 7    -0.003    -0.507     0.861
 8   131.160   -28.022    14.289
 8     0.951     0.226     0.209
 8     0.005    -0.691     0.723
 8     0.308    -0.687    -0.658
 9   144.282   -10.938     3.919
 9     0.385    -0.646    -0.665
 9     0.720    -0.243     0.647
 9    -0.577    -0.724     0.372
 2    97.081   -20.099    59.048
 2     0.472    -0.882     0.004
 2     0.881     0.471     0.029
 2    -0.027    -0.011     0.999
 3   127.982    -4.138     0.706
 3     0.574     0.018    -0.818
 3    -0.126     0.990    -0.067
 3     0.808     0.142     0.570
 4   108.718    11.860    -9.953
 4     0.235    -0.801     0.550
 4     0.963     0.115    -0.243
 4     0.131     0.587     0.799
 5   120.281    19.996    16.152
 5     0.745    -0.387     0.546
 5     0.145    -0.704    -0.694
 5     0.651     0.596    -0.468
