% Calibrated with leiden_pols
% Positions are in centimeters
Data =[
 2    97.079   -20.099    59.051
 2     0.472    -0.882     0.004
 2     0.881     0.471     0.029
 2    -0.028    -0.011     0.999
 3   128.342    -4.755     0.611
 3     0.516     0.061    -0.854
 3    -0.126     0.992    -0.006
 3     0.847     0.111     0.519
 4   109.341    10.549   -10.550
 4     0.363    -0.714     0.599
 4     0.931     0.295    -0.212
 4    -0.025     0.635     0.772
 5   129.187    20.911     9.967
 5     0.844    -0.522     0.120
 5     0.041    -0.163    -0.986
 5     0.534     0.837    -0.116
 6   134.164    -8.660    11.217
 6    -0.146     0.989     0.019
 6    -0.985    -0.143    -0.093
 6    -0.090    -0.033     0.995
 7   110.840   -22.759    -8.463
 7     0.539     0.695     0.476
 7    -0.834     0.518     0.188
 7    -0.116    -0.498     0.859
 8   135.776   -27.390     7.489
 8     0.951     0.258    -0.171
 8     0.227    -0.213     0.950
 8     0.208    -0.942    -0.260
 9   133.309    -1.034     3.149
 9    -0.407    -0.900    -0.160
 9     0.903    -0.422     0.081
 9    -0.139    -0.111     0.984
 2    97.079   -20.099    59.051
 2     0.472    -0.882     0.004
 2     0.881     0.471     0.029
 2    -0.028    -0.011     0.999
 3   128.344    -4.881     0.602
 3     0.515     0.053    -0.856
 3    -0.127     0.991    -0.016
 3     0.848     0.117     0.517
 4   109.331    10.392   -10.636
 4     0.364    -0.714     0.598
 4     0.931     0.299    -0.208
 4    -0.030     0.632     0.773
 5   129.174    20.809     9.800
 5     0.847    -0.516     0.128
 5     0.047    -0.168    -0.985
 5     0.530     0.840    -0.118
 6   134.127    -8.707    11.201
 6    -0.148     0.989     0.022
 6    -0.985    -0.146    -0.088
 6    -0.084    -0.035     0.996
 7   110.793   -22.784    -8.439
 7     0.538     0.696     0.477
 7    -0.835     0.516     0.188
 7    -0.115    -0.499     0.859
 8   135.730   -27.517     7.512
 8     0.952     0.258    -0.167
 8     0.223    -0.214     0.951
 8     0.209    -0.942    -0.260
 9   133.187    -1.320     3.138
 9    -0.406    -0.902    -0.148
 9     0.902    -0.421     0.095
 9    -0.147    -0.095     0.984
 2    97.081   -20.099    59.099
 2     0.472    -0.882     0.004
 2     0.881     0.471     0.029
 2    -0.027    -0.011     0.999
 3   128.312    -4.983     0.555
 3     0.516     0.047    -0.856
 3    -0.127     0.991    -0.022
 3     0.847     0.120     0.517
 4   109.323    10.312   -10.650
 4     0.365    -0.714     0.599
 4     0.930     0.302    -0.206
 4    -0.034     0.632     0.774
 5   129.163    20.730     9.736
 5     0.849    -0.513     0.131
 5     0.050    -0.169    -0.984
 5     0.526     0.842    -0.118
 6   134.118    -8.777    11.232
 6    -0.150     0.988     0.024
 6    -0.986    -0.148    -0.081
 6    -0.077    -0.036     0.996
 7   110.777   -22.831    -8.450
 7     0.537     0.697     0.476
 7    -0.836     0.514     0.192
 7    -0.111    -0.501     0.858
 8   135.662   -27.643     7.554
 8     0.952     0.259    -0.162
 8     0.219    -0.214     0.952
 8     0.212    -0.942    -0.259
 9   133.097    -1.502     3.045
 9    -0.404    -0.904    -0.139
 9     0.902    -0.418     0.105
 9    -0.152    -0.082     0.984
 2    97.081   -20.099    59.048
 2     0.472    -0.882     0.004
 2     0.881     0.471     0.029
 2    -0.027    -0.011     0.999
 3   128.260    -4.983     0.553
 3     0.516     0.041    -0.856
 3    -0.127     0.991    -0.029
 3     0.847     0.123     0.516
 4   109.244    10.209   -10.696
 4     0.365    -0.713     0.599
 4     0.930     0.304    -0.205
 4    -0.036     0.632     0.774
 5   129.153    20.677     9.694
 5     0.851    -0.509     0.133
 5     0.052    -0.172    -0.984
 5     0.523     0.843    -0.120
 6   134.076    -8.826    11.173
 6    -0.151     0.988     0.027
 6    -0.986    -0.149    -0.078
 6    -0.074    -0.039     0.996
 7   110.784   -22.828    -8.485
 7     0.538     0.697     0.475
 7    -0.836     0.512     0.194
 7    -0.108    -0.501     0.858
 8   135.571   -27.743     7.648
 8     0.953     0.262    -0.157
 8     0.214    -0.216     0.953
 8     0.215    -0.941    -0.260
 9   133.036    -1.531     2.926
 9    -0.403    -0.905    -0.135
 9     0.901    -0.418     0.111
 9    -0.156    -0.077     0.984
 2    97.078   -20.099    59.051
 2     0.472    -0.882     0.005
 2     0.881     0.471     0.029
 2    -0.028    -0.010     0.999
 3   128.191    -4.937     0.513
 3     0.521     0.027    -0.853
 3    -0.129     0.990    -0.047
 3     0.844     0.134     0.519
 4   109.099    10.313   -10.629
 4     0.365    -0.712     0.601
 4     0.930     0.301    -0.207
 4    -0.033     0.634     0.772
 5   128.558    20.769    10.014
 5     0.849    -0.495     0.185
 5     0.073    -0.238    -0.969
 5     0.523     0.835    -0.166
 6   133.927    -8.242    10.986
 6    -0.105     0.991     0.084
 6    -0.989    -0.095    -0.116
 6    -0.107    -0.096     0.990
 7   110.824   -22.816    -8.536
 7     0.533     0.704     0.470
 7    -0.841     0.500     0.205
 7    -0.090    -0.504     0.858
 8   134.704   -28.037     9.267
 8     0.962     0.264    -0.074
 8     0.164    -0.346     0.924
 8     0.218    -0.901    -0.375
 9   135.984    -2.812     0.262
 9    -0.262    -0.824    -0.504
 9     0.908    -0.386     0.163
 9    -0.328    -0.414     0.848
 2    97.081   -20.099    59.048
 2     0.472    -0.882     0.004
 2     0.881     0.471     0.029
 2    -0.027    -0.011     0.999
 3   128.060    -4.639     0.639
 3     0.544     0.020    -0.838
 3    -0.115     0.992    -0.051
 3     0.831     0.124     0.542
 4   108.895    10.592   -10.490
 4     0.347    -0.725     0.596
 4     0.938     0.274    -0.212
 4    -0.010     0.632     0.774
 5   126.882    21.100    11.125
 5     0.818    -0.532     0.217
 5     0.071    -0.282    -0.957
 5     0.570     0.798    -0.193
 6   133.319    -5.841     8.001
 6    -0.034     0.998     0.058
 6    -0.957    -0.015    -0.288
 6    -0.287    -0.066     0.956
 7   110.625   -22.804    -8.582
 7     0.503     0.725     0.472
 7    -0.862     0.458     0.215
 7    -0.060    -0.515     0.855
 8   133.324   -28.430    11.284
 8     0.974     0.215     0.060
 8     0.071    -0.553     0.831
 8     0.212    -0.805    -0.553
 9   140.624    -6.296    -0.145
 9     0.048    -0.783    -0.620
 9     0.872    -0.271     0.407
 9    -0.487    -0.559     0.670
 2    97.079   -20.099    59.051
 2     0.472    -0.882     0.004
 2     0.881     0.471     0.029
 2    -0.028    -0.011     0.999
 3   127.937    -4.380     0.629
 3     0.568     0.024    -0.823
 3    -0.117     0.991    -0.052
 3     0.814     0.126     0.566
 4   108.690    11.175   -10.250
 4     0.295    -0.760     0.579
 4     0.953     0.195    -0.229
 4     0.060     0.619     0.782
 5   123.395    20.787    14.081
 5     0.779    -0.502     0.377
 5     0.101    -0.492    -0.864
 5     0.619     0.711    -0.333
 6   134.515    -0.934     6.436
 6     0.174     0.970    -0.168
 6    -0.810     0.044    -0.584
 6    -0.560     0.238     0.794
 7   110.800   -22.648    -8.739
 7     0.467     0.761     0.450
 7    -0.884     0.404     0.234
 7    -0.003    -0.507     0.861
 8   131.160   -28.022    14.289
 8     0.951     0.226     0.209
 8     0.005    -0.691     0.723
 8     0.308    -0.687    -0.658
 9   144.282   -10.938     3.919
 9     0.385    -0.646    -0.665
 9     0.720    -0.243     0.647
 9    -0.577    -0.724     0.372
 2    97.081   -20.099    59.048
 2     0.472    -0.882     0.004
 2     0.881     0.471     0.029
 2    -0.027    -0.011     0.999
 3   127.982    -4.138     0.706
 3     0.574     0.018    -0.818
 3    -0.126     0.990    -0.067
 3     0.808     0.142     0.570
 4   108.718    11.860    -9.953
 4     0.235    -0.801     0.550
 4     0.963     0.115    -0.243
 4     0.131     0.587     0.799
 5   120.281    19.996    16.152
 5     0.745    -0.387     0.546
 5     0.145    -0.704    -0.694
 5     0.651     0.596    -0.468
 6   135.410     5.251     7.010
 6     0.417     0.867    -0.273
 6    -0.573     0.019    -0.818
 6    -0.706     0.497     0.505
 7   111.018   -22.606    -8.634
 7     0.422     0.808     0.411
 7    -0.903     0.336     0.265
 7     0.076    -0.484     0.872
 8   128.114   -26.896    17.539
 8     0.900     0.252     0.357
 8    -0.011    -0.803     0.595
 8     0.436    -0.540    -0.720
 9   144.582   -14.951     8.263
 9     0.572    -0.578    -0.592
 9     0.521    -0.299     0.796
 9    -0.633    -0.760     0.129
 2    97.078   -20.099    59.051
 2     0.472    -0.882     0.005
 2     0.881     0.471     0.029
 2    -0.028    -0.010     0.999
 3   127.963    -3.865     0.649
 3     0.579     0.013    -0.815
 3    -0.129     0.989    -0.076
 3     0.804     0.148     0.574
 4   108.448    12.245    -9.723
 4     0.177    -0.832     0.526
 4     0.967     0.049    -0.247
 4     0.180     0.553     0.813
 5   117.631    19.468    17.325
 5     0.696    -0.255     0.672
 5     0.206    -0.825    -0.524
 5     0.688     0.503    -0.522
 6   135.070    10.731     8.451
 6     0.557     0.809    -0.193
 6    -0.381     0.045    -0.923
 6    -0.738     0.586     0.334
 7   110.733   -22.493    -8.535
 7     0.377     0.835     0.401
 7    -0.919     0.283     0.275
 7     0.116    -0.472     0.874
 8   126.424   -26.786    18.632
 8     0.872     0.181     0.455
 8    -0.074    -0.870     0.486
 8     0.484    -0.458    -0.746
 9   144.138   -20.178     8.724
 9     0.640    -0.641    -0.435
 9     0.327    -0.280     0.900
 9    -0.695    -0.715     0.030
 2    97.078   -20.099    59.051
 2     0.472    -0.882     0.005
 2     0.881     0.471     0.029
 2    -0.028    -0.010     0.999
 3   127.950    -3.638     0.613
 3     0.585     0.009    -0.811
 3    -0.125     0.989    -0.079
 3     0.801     0.147     0.579
 4   108.269    12.643    -9.533
 4     0.122    -0.851     0.511
 4     0.969    -0.010    -0.247
 4     0.215     0.525     0.823
 5   115.766    19.341    18.249
 5     0.654    -0.137     0.744
 5     0.266    -0.880    -0.393
 5     0.708     0.455    -0.539
 6   133.370    15.667     8.902
 6     0.597     0.802    -0.037
 6    -0.206     0.110    -0.972
 6    -0.775     0.587     0.231
 7   110.449   -22.364    -8.274
 7     0.334     0.855     0.398
 7    -0.931     0.234     0.278
 7     0.144    -0.463     0.874
 8   125.265   -26.364    19.460
 8     0.853     0.090     0.514
 8    -0.130    -0.917     0.375
 8     0.505    -0.388    -0.771
 9   143.035   -25.666     8.571
 9     0.650    -0.722    -0.252
 9     0.094    -0.244     0.964
 9    -0.754    -0.648    -0.090
 2    97.081   -20.099    59.100
 2     0.472    -0.882     0.003
 2     0.881     0.471     0.030
 2    -0.027    -0.012     0.999
 3   127.744    -3.213     0.544
 3     0.596     0.003    -0.803
 3    -0.122     0.989    -0.087
 3     0.794     0.150     0.589
 4   107.790    13.056    -9.064
 4     0.072    -0.860     0.505
 4     0.968    -0.061    -0.243
 4     0.240     0.506     0.828
 5   114.355    19.058    18.861
 5     0.628    -0.027     0.777
 5     0.312    -0.907    -0.282
 5     0.713     0.419    -0.562
 6   130.678    19.361     8.814
 6     0.563     0.817     0.123
 6    -0.066     0.193    -0.979
 6    -0.824     0.542     0.163
 7   109.895   -22.062    -7.906
 7     0.297     0.867     0.399
 7    -0.941     0.195     0.277
 7     0.162    -0.458     0.874
 8   124.606   -26.193    19.789
 8     0.844    -0.001     0.536
 8    -0.187    -0.938     0.292
 8     0.502    -0.347    -0.792
 9   141.695   -30.067     8.450
 9     0.618    -0.781    -0.109
 9    -0.089    -0.201     0.975
 9    -0.781    -0.592    -0.193
 2    97.081   -20.099    59.099
 2     0.472    -0.882     0.004
 2     0.881     0.471     0.029
 2    -0.027    -0.011     0.999
 3   127.580    -2.869     0.416
 3     0.608     0.003    -0.794
 3    -0.122     0.988    -0.089
 3     0.784     0.150     0.601
 4   107.533    13.398    -8.966
 4     0.055    -0.860     0.507
 4     0.966    -0.082    -0.243
 4     0.250     0.503     0.827
 5   113.939    18.640    19.077
 5     0.628     0.027     0.778
 5     0.312    -0.924    -0.219
 5     0.712     0.381    -0.589
 6   127.577    21.079     7.871
 6     0.448     0.864     0.228
 6     0.030     0.240    -0.970
 6    -0.893     0.442     0.082
 7   109.589   -21.938    -7.647
 7     0.261     0.880     0.396
 7    -0.948     0.156     0.276
 7     0.181    -0.447     0.876
 8   124.848   -24.831    20.190
 8     0.859    -0.006     0.512
 8    -0.154    -0.957     0.246
 8     0.488    -0.291    -0.823
 9   138.681   -33.499     7.284
 9     0.429    -0.903     0.034
 9    -0.302    -0.105     0.948
 9    -0.851    -0.418    -0.317
 2    97.079   -20.099    59.051
 2     0.472    -0.882     0.004
 2     0.881     0.471     0.029
 2    -0.028    -0.011     0.999
 3   127.429    -2.696     0.256
 3     0.620     0.010    -0.784
 3    -0.114     0.990    -0.078
 3     0.776     0.137     0.615
 4   107.455    13.754    -8.811
 4     0.050    -0.861     0.505
 4     0.967    -0.085    -0.241
 4     0.250     0.500     0.828
 5   113.663    17.670    19.312
 5     0.632     0.066     0.773
 5     0.284    -0.947    -0.151
 5     0.721     0.314    -0.617
 6   124.356    21.918     7.251
 6     0.330     0.893     0.305
 6     0.101     0.287    -0.952
 6    -0.939     0.345     0.004
 7   109.122   -21.970    -7.363
 7     0.225     0.887     0.403
 7    -0.955     0.118     0.271
 7     0.193    -0.446     0.874
 8   124.499   -24.251    20.448
 8     0.862    -0.061     0.504
 8    -0.177    -0.966     0.186
 8     0.474    -0.250    -0.844
 9   135.478   -35.150     6.795
 9     0.295    -0.949     0.112
 9    -0.365    -0.003     0.931
 9    -0.883    -0.316    -0.347
 2    97.081   -20.099    59.048
 2     0.472    -0.882     0.004
 2     0.881     0.471     0.029
 2    -0.027    -0.011     0.999
 3   127.062    -2.700     0.087
 3     0.637     0.006    -0.771
 3    -0.097     0.992    -0.073
 3     0.764     0.121     0.633
 4   107.041    13.830    -8.680
 4     0.038    -0.856     0.515
 4     0.968    -0.096    -0.231
 4     0.247     0.507     0.825
 5   113.107    17.399    19.366
 5     0.615     0.124     0.778
 5     0.297    -0.951    -0.083
 5     0.730     0.282    -0.622
 6   122.598    22.528     6.919
 6     0.281     0.883     0.376
 6     0.125     0.354    -0.927
 6    -0.951     0.307    -0.011
 7   108.394   -21.975    -7.175
 7     0.181     0.896     0.405
 7    -0.960     0.072     0.269
 7     0.212    -0.438     0.873
 8   123.398   -24.351    20.807
 8     0.842    -0.155     0.516
 8    -0.238    -0.966     0.098
 8     0.484    -0.205    -0.851
 9   133.178   -37.185     6.891
 9     0.229    -0.954     0.194
 9    -0.405     0.088     0.910
 9    -0.885    -0.287    -0.365
 2    97.031   -20.099    59.100
 2     0.472    -0.882     0.003
 2     0.881     0.471     0.030
 2    -0.027    -0.012     0.999
 3   126.865    -2.933    -0.031
 3     0.647     0.007    -0.763
 3    -0.090     0.994    -0.067
 3     0.757     0.111     0.643
 4   106.762    13.756    -8.552
 4     0.026    -0.856     0.517
 4     0.968    -0.107    -0.225
 4     0.247     0.506     0.826
 5   112.634    17.026    19.411
 5     0.596     0.152     0.789
 5     0.300    -0.953    -0.043
 5     0.745     0.262    -0.613
 6   121.149    22.784     6.848
 6     0.263     0.844     0.467
 6     0.151     0.441    -0.884
 6    -0.953     0.303    -0.013
 7   108.090   -22.076    -7.093
 7     0.168     0.897     0.409
 7    -0.961     0.056     0.271
 7     0.220    -0.439     0.871
 8   123.031   -24.422    21.014
 8     0.833    -0.183     0.522
 8    -0.254    -0.965     0.067
 8     0.491    -0.188    -0.850
 9   132.687   -37.741     7.270
 9     0.223    -0.949     0.224
 9    -0.424     0.113     0.899
 9    -0.878    -0.295    -0.377
 2    97.078   -20.099    59.102
 2     0.472    -0.882     0.004
 2     0.881     0.471     0.029
 2    -0.028    -0.011     0.999
 3   126.721    -2.885    -0.085
 3     0.653     0.004    -0.757
 3    -0.086     0.994    -0.069
 3     0.752     0.110     0.649
 4   106.586    13.759    -8.453
 4     0.015    -0.855     0.518
 4     0.969    -0.116    -0.220
 4     0.248     0.505     0.827
 5   112.582    17.029    19.354
 5     0.595     0.161     0.787
 5     0.301    -0.953    -0.032
 5     0.745     0.256    -0.615
 6   120.729    23.077     6.620
 6     0.251     0.816     0.520
 6     0.162     0.494    -0.854
 6    -0.954     0.299    -0.009
 7   108.071   -22.027    -7.074
 7     0.159     0.899     0.408
 7    -0.962     0.048     0.269
 7     0.223    -0.435     0.872
 8   122.755   -24.472    21.046
 8     0.825    -0.203     0.527
 8    -0.267    -0.962     0.049
 8     0.497    -0.181    -0.848
 9   132.480   -38.242     7.484
 9     0.227    -0.944     0.241
 9    -0.436     0.123     0.891
 9    -0.871    -0.307    -0.383
 2    97.031   -20.099    59.100
 2     0.472    -0.882     0.003
 2     0.881     0.471     0.030
 2    -0.027    -0.012     0.999
 3   126.817    -2.886    -0.131
 3     0.655     0.003    -0.756
 3    -0.086     0.994    -0.071
 3     0.751     0.111     0.650
 4   106.566    13.762    -8.433
 4     0.013    -0.856     0.516
 4     0.968    -0.118    -0.221
 4     0.250     0.503     0.827
 5   112.589    17.083    19.396
 5     0.592     0.162     0.790
 5     0.301    -0.953    -0.030
 5     0.747     0.256    -0.613
 6   120.647    23.160     6.688
 6     0.256     0.807     0.532
 6     0.165     0.505    -0.847
 6    -0.952     0.304    -0.005
 7   107.845   -21.956    -7.093
 7     0.151     0.900     0.409
 7    -0.963     0.041     0.265
 7     0.222    -0.434     0.873
 8   122.531   -24.553    21.057
 8     0.822    -0.220     0.526
 8    -0.281    -0.959     0.039
 8     0.495    -0.180    -0.849
 9   132.044   -38.649     7.576
 9     0.222    -0.941     0.255
 9    -0.445     0.135     0.885
 9    -0.868    -0.310    -0.388
 2    97.081   -20.099    59.100
 2     0.472    -0.882     0.003
 2     0.881     0.471     0.030
 2    -0.027    -0.012     0.999
 3   126.652    -2.892    -0.113
 3     0.659     0.004    -0.753
 3    -0.088     0.994    -0.071
 3     0.747     0.113     0.654
 4   106.467    13.839    -8.385
 4     0.011    -0.856     0.517
 4     0.968    -0.121    -0.221
 4     0.251     0.503     0.827
 5   112.546    17.087    19.386
 5     0.589     0.164     0.791
 5     0.301    -0.953    -0.027
 5     0.749     0.254    -0.611
 6   120.448    23.311     6.693
 6     0.250     0.803     0.541
 6     0.168     0.514    -0.841
 6    -0.954     0.301    -0.008
 7   107.721   -21.908    -7.090
 7     0.146     0.900     0.411
 7    -0.964     0.036     0.263
 7     0.222    -0.435     0.873
 8   122.379   -24.530    21.065
 8     0.821    -0.228     0.524
 8    -0.287    -0.957     0.035
 8     0.493    -0.179    -0.851
 9   131.757   -38.827     7.528
 9     0.215    -0.941     0.261
 9    -0.449     0.142     0.882
 9    -0.867    -0.307    -0.391
 2    97.081   -20.099    59.099
 2     0.472    -0.882     0.004
 2     0.881     0.471     0.029
 2    -0.027    -0.011     0.999
 3   126.621    -2.844    -0.104
 3     0.660     0.005    -0.751
 3    -0.089     0.993    -0.071
 3     0.745     0.113     0.656
 4   106.394    13.840    -8.338
 4     0.011    -0.855     0.519
 4     0.968    -0.122    -0.221
 4     0.252     0.504     0.826
 5   112.554    17.115    19.377
 5     0.588     0.163     0.792
 5     0.300    -0.953    -0.027
 5     0.751     0.253    -0.610
 6   120.642    23.316     6.683
 6     0.255     0.804     0.538
 6     0.168     0.511    -0.843
 6    -0.952     0.305    -0.006
 7   107.619   -21.859    -7.061
 7     0.144     0.900     0.411
 7    -0.964     0.035     0.262
 7     0.221    -0.435     0.873
 8   122.348   -24.557    21.068
 8     0.823    -0.221     0.524
 8    -0.285    -0.958     0.042
 8     0.492    -0.184    -0.851
 9   132.274   -38.143     7.522
 9     0.241    -0.941     0.235
 9    -0.426     0.115     0.897
 9    -0.872    -0.317    -0.373
 2    97.079   -20.099    59.051
 2     0.472    -0.882     0.004
 2     0.881     0.471     0.029
 2    -0.028    -0.011     0.999
 3   126.621    -2.844    -0.104
 3     0.661     0.007    -0.751
 3    -0.090     0.993    -0.071
 3     0.745     0.114     0.657
 4   106.552    13.880    -8.361
 4     0.022    -0.857     0.515
 4     0.970    -0.107    -0.219
 4     0.243     0.504     0.828
 5   112.964    17.181    19.340
 5     0.608     0.080     0.789
 5     0.262    -0.959    -0.104
 5     0.749     0.270    -0.605
 6   124.000    21.176     7.165
 6     0.358     0.852     0.382
 6     0.096     0.373    -0.922
 6    -0.929     0.367     0.051
 7   107.755   -21.816    -7.140
 7     0.158     0.897     0.413
 7    -0.966     0.053     0.252
 7     0.204    -0.439     0.875
 8   122.559   -24.605    20.944
 8     0.837    -0.134     0.531
 8    -0.234    -0.964     0.124
 8     0.495    -0.228    -0.838
 9   134.163   -34.858     6.779
 9     0.326    -0.936     0.136
 9    -0.313     0.030     0.950
 9    -0.892    -0.352    -0.282
 2    97.081   -20.099    59.100
 2     0.472    -0.882     0.003
 2     0.881     0.471     0.030
 2    -0.027    -0.012     0.999
 3   126.760    -2.842     0.005
 3     0.656     0.009    -0.755
 3    -0.094     0.993    -0.070
 3     0.749     0.117     0.652
 4   107.065    13.955    -8.612
 4     0.064    -0.854     0.516
 4     0.973    -0.063    -0.223
 4     0.223     0.516     0.826
 5   113.833    18.060    19.056
 5     0.629    -0.089     0.772
 5     0.199    -0.942    -0.269
 5     0.751     0.323    -0.576
 6   127.885    16.790     7.597
 6     0.458     0.887     0.063
 6    -0.087     0.116    -0.989
 6    -0.885     0.447     0.130
 7   107.983   -21.752    -7.437
 7     0.167     0.895     0.413
 7    -0.969     0.070     0.238
 7     0.184    -0.439     0.879
 8   122.445   -24.871    20.687
 8     0.837    -0.060     0.545
 8    -0.190    -0.964     0.184
 8     0.514    -0.258    -0.818
 9   136.015   -30.168     6.801
 9     0.437    -0.900     0.018
 9    -0.130    -0.042     0.991
 9    -0.890    -0.435    -0.134
 2    97.081   -20.099    59.099
 2     0.472    -0.882     0.004
 2     0.881     0.471     0.029
 2    -0.027    -0.011     0.999
 3   126.940    -2.971     0.105
 3     0.653     0.019    -0.757
 3    -0.102     0.993    -0.063
 3     0.750     0.118     0.650
 4   107.596    13.648    -8.856
 4     0.101    -0.848     0.521
 4     0.974    -0.021    -0.223
 4     0.200     0.530     0.824
 5   115.071    18.857    18.500
 5     0.629    -0.255     0.735
 5     0.141    -0.892    -0.429
 5     0.764     0.373    -0.525
 6   131.454    12.271     8.813
 6     0.539     0.823    -0.183
 6    -0.284    -0.024    -0.958
 6    -0.793     0.568     0.221
 7   108.517   -21.832    -7.702
 7     0.187     0.894     0.407
 7    -0.968     0.096     0.232
 7     0.168    -0.438     0.883
 8   122.686   -25.103    20.411
 8     0.833     0.032     0.552
 8    -0.132    -0.958     0.254
 8     0.537    -0.285    -0.794
 9   137.858   -24.905     7.447
 9     0.523    -0.839    -0.162
 9     0.070    -0.143     0.987
 9    -0.849    -0.526    -0.015
 2    97.031   -20.099    59.099
 2     0.472    -0.882     0.004
 2     0.881     0.471     0.029
 2    -0.027    -0.011     0.999
 3   127.237    -3.157     0.111
 3     0.651     0.031    -0.758
 3    -0.116     0.991    -0.059
 3     0.749     0.126     0.649
 4   108.149    13.552    -9.098
 4     0.138    -0.842     0.521
 4     0.973     0.016    -0.231
 4     0.186     0.539     0.821
 5   116.855    19.687    18.064
 5     0.640    -0.404     0.655
 5     0.091    -0.805    -0.584
 5     0.763     0.434    -0.478
 6   133.994     8.526     9.955
 6     0.569     0.741    -0.361
 6    -0.433    -0.101    -0.894
 6    -0.699     0.663     0.264
 7   108.850   -21.889    -8.065
 7     0.204     0.891     0.405
 7    -0.967     0.119     0.224
 7     0.151    -0.437     0.886
 8   122.830   -25.361    20.105
 8     0.824     0.126     0.553
 8    -0.077    -0.941     0.327
 8     0.561    -0.313    -0.766
 9   139.011   -19.359     9.068
 9     0.570    -0.739    -0.368
 9     0.297    -0.228     0.925
 9    -0.766    -0.635     0.090
 2    97.031   -20.099    59.099
 2     0.472    -0.882     0.004
 2     0.881     0.471     0.029
 2    -0.027    -0.011     0.999
 3   127.361    -3.314     0.161
 3     0.650     0.037    -0.759
 3    -0.127     0.990    -0.061
 3     0.749     0.136     0.648
 4   108.363    13.541    -9.206
 4     0.158    -0.838     0.522
 4     0.971     0.036    -0.236
 4     0.179     0.544     0.819
 5   117.675    19.946    17.819
 5     0.641    -0.462     0.615
 5     0.072    -0.759    -0.645
 5     0.764     0.458    -0.454
 6   135.343     6.563    11.043
 6     0.597     0.672    -0.444
 6    -0.515    -0.100    -0.849
 6    -0.614     0.734     0.286
 7   109.218   -21.783    -8.221
 7     0.236     0.886     0.398
 7    -0.962     0.154     0.226
 7     0.139    -0.437     0.888
 8   123.335   -25.889    19.813
 8     0.817     0.223     0.532
 8    -0.032    -0.903     0.426
 8     0.575    -0.366    -0.731
 9   139.387   -14.740    10.791
 9     0.558    -0.649    -0.524
 9     0.493    -0.246     0.832
 9    -0.667    -0.720     0.182
 2    97.081   -20.099    59.048
 2     0.472    -0.882     0.004
 2     0.881     0.471     0.029
 2    -0.027    -0.011     0.999
 3   127.516    -3.211     0.227
 3     0.647     0.034    -0.762
 3    -0.128     0.990    -0.064
 3     0.751     0.139     0.645
 4   108.516    13.480    -9.230
 4     0.167    -0.834     0.525
 4     0.971     0.048    -0.233
 4     0.169     0.549     0.818
 5   118.546    20.226    17.654
 5     0.648    -0.506     0.572
 5     0.062    -0.711    -0.699
 5     0.759     0.488    -0.429
 6   136.341     4.395    12.201
 6     0.593     0.574    -0.570
 6    -0.602    -0.153    -0.781
 6    -0.534     0.804     0.254
 7   109.393   -21.569    -8.330
 7     0.259     0.878     0.402
 7    -0.956     0.173     0.237
 7     0.139    -0.446     0.884
 8   123.953   -26.335    19.235
 8     0.820     0.283     0.498
 8    -0.015    -0.858     0.512
 8     0.572    -0.428    -0.700
 9   139.848   -13.059    11.977
 9     0.560    -0.576    -0.602
 9     0.562    -0.269     0.779
 9    -0.608    -0.772     0.173
 2    97.081   -20.099    59.048
 2     0.472    -0.882     0.004
 2     0.881     0.471     0.029
 2    -0.027    -0.011     0.999
 3   127.663    -3.131     0.352
 3     0.639     0.037    -0.768
 3    -0.133     0.989    -0.063
 3     0.757     0.142     0.637
 4   108.822    13.603    -9.280
 4     0.182    -0.834     0.521
 4     0.969     0.061    -0.240
 4     0.169     0.548     0.819
 5   118.994    20.740    17.585
 5     0.636    -0.537     0.557
 5     0.063    -0.680    -0.729
 5     0.769     0.499    -0.398
 6   135.896     4.062    12.403
 6     0.542     0.513    -0.670
 6    -0.612    -0.305    -0.728
 6    -0.576     0.802     0.148
 7   109.613   -21.521    -8.548
 7     0.257     0.877     0.407
 7    -0.957     0.171     0.234
 7     0.136    -0.449     0.883
 8   123.748   -26.980    18.738
 8     0.813     0.313     0.491
 8    -0.026    -0.823     0.567
 8     0.582    -0.474    -0.661
 9   133.678   -13.122     7.396
 9     0.308    -0.944    -0.123
 9     0.644     0.112     0.756
 9    -0.700    -0.311     0.643
 2    97.078   -20.099    59.051
 2     0.472    -0.882     0.005
 2     0.881     0.471     0.029
 2    -0.028    -0.010     0.999
 3   127.585    -3.135     0.357
 3     0.640     0.042    -0.768
 3    -0.137     0.989    -0.061
 3     0.756     0.144     0.638
 4   108.746    13.700    -9.229
 4     0.196    -0.828     0.526
 4     0.966     0.071    -0.248
 4     0.168     0.556     0.814
 5   118.999    20.732    17.595
 5     0.637    -0.552     0.540
 5     0.055    -0.664    -0.745
 5     0.769     0.504    -0.392
 6   136.710     2.335    15.158
 6     0.598     0.075    -0.799
 6    -0.658    -0.524    -0.540
 6    -0.458     0.848    -0.265
 7   108.885   -21.136    -8.377
 7     0.281     0.856     0.434
 7    -0.955     0.204     0.215
 7     0.096    -0.475     0.875
 8   125.688   -27.621    16.843
 8     0.849     0.409     0.334
 8     0.035    -0.674     0.737
 8     0.526    -0.615    -0.587
 9   132.974    -9.327     5.855
 9     0.122    -0.917    -0.380
 9     0.796    -0.139     0.589
 9    -0.593    -0.373     0.714
 2    97.081   -20.099    59.048
 2     0.472    -0.882     0.004
 2     0.881     0.471     0.029
 2    -0.027    -0.011     0.999
 3   127.429    -2.985     0.308
 3     0.640     0.038    -0.768
 3    -0.140     0.988    -0.068
 3     0.755     0.150     0.637
 4   108.351    13.581    -9.415
 4     0.205    -0.816     0.541
 4     0.967     0.084    -0.240
 4     0.150     0.572     0.806
 5   120.518    21.229    16.833
 5     0.674    -0.577     0.463
 5     0.055    -0.585    -0.808
 5     0.736     0.570    -0.363
 6   137.235     0.821    14.832
 6     0.517     0.082    -0.852
 6    -0.773    -0.384    -0.505
 6    -0.366     0.920    -0.136
 7   108.847   -20.717    -8.827
 7     0.346     0.821     0.455
 7    -0.937     0.280     0.208
 7     0.044    -0.498     0.866
 8   128.252   -28.130    13.737
 8     0.863     0.480     0.156
 8     0.082    -0.438     0.895
 8     0.498    -0.760    -0.418
 9   132.507    -4.825     6.743
 9    -0.010    -0.785    -0.620
 9     0.930    -0.235     0.282
 9    -0.368    -0.573     0.732
 2    97.081   -20.099    59.048
 2     0.472    -0.882     0.004
 2     0.881     0.471     0.029
 2    -0.027    -0.011     0.999
 3   127.326    -2.621     0.339
 3     0.637     0.039    -0.770
 3    -0.131     0.990    -0.058
 3     0.760     0.137     0.635
 4   107.996    13.340    -9.789
 4     0.211    -0.811     0.546
 4     0.968     0.094    -0.233
 4     0.137     0.578     0.804
 5   121.127    21.383    16.054
 5     0.689    -0.583     0.432
 5     0.059    -0.547    -0.834
 5     0.722     0.600    -0.343
 6   137.284     0.409    14.901
 6     0.492     0.111    -0.865
 6    -0.795    -0.351    -0.495
 6    -0.356     0.930    -0.085
 7   109.221   -20.503    -9.360
 7     0.385     0.810     0.443
 7    -0.922     0.318     0.219
 7     0.037    -0.493     0.869
 8   128.773   -28.078    13.016
 8     0.858     0.497     0.128
 8     0.090    -0.392     0.916
 8     0.506    -0.774    -0.381
 9   132.438    -4.536     7.265
 9     0.033    -0.766    -0.642
 9     0.936    -0.201     0.287
 9    -0.349    -0.610     0.711
 2    97.081   -20.099    59.048
 2     0.472    -0.882     0.004
 2     0.881     0.471     0.029
 2    -0.027    -0.011     0.999
 3   127.223    -2.552     0.456
 3     0.632     0.038    -0.775
 3    -0.146     0.986    -0.071
 3     0.761     0.158     0.628
 4   108.025    13.399    -9.817
 4     0.215    -0.815     0.539
 4     0.965     0.093    -0.244
 4     0.148     0.572     0.806
 5   121.139    21.539    16.095
 5     0.685    -0.587     0.432
 5     0.060    -0.544    -0.836
 5     0.725     0.599    -0.338
 6   137.115     0.400    14.703
 6     0.483     0.137    -0.866
 6    -0.799    -0.339    -0.498
 6    -0.359     0.930    -0.055
 7   109.279   -20.474    -9.397
 7     0.384     0.811     0.441
 7    -0.922     0.316     0.222
 7     0.041    -0.492     0.869
 8   128.548   -28.022    13.214
 8     0.853     0.504     0.137
 8     0.086    -0.396     0.914
 8     0.515    -0.768    -0.380
 9   132.246    -4.698     7.291
 9     0.041    -0.771    -0.636
 9     0.932    -0.199     0.300
 9    -0.358    -0.606     0.710
 2    97.081   -20.099    59.099
 2     0.472    -0.882     0.004
 2     0.881     0.471     0.029
 2    -0.027    -0.011     0.999
 3   127.199    -2.554     0.457
 3     0.630     0.041    -0.775
 3    -0.149     0.986    -0.070
 3     0.761     0.159     0.628
 4   108.031    13.324    -9.823
 4     0.217    -0.814     0.539
 4     0.965     0.093    -0.246
 4     0.150     0.573     0.805
 5   121.121    21.542    16.087
 5     0.684    -0.588     0.433
 5     0.061    -0.544    -0.836
 5     0.727     0.598    -0.336
 6   137.012     0.395    14.643
 6     0.480     0.148    -0.865
 6    -0.799    -0.337    -0.499
 6    -0.362     0.930    -0.045
 7   109.237   -20.470    -9.461
 7     0.386     0.811     0.439
 7    -0.921     0.315     0.226
 7     0.045    -0.492     0.869
 8   128.500   -28.073    13.134
 8     0.852     0.505     0.138
 8     0.084    -0.394     0.915
 8     0.516    -0.768    -0.378
 9   132.219    -4.699     7.289
 9     0.041    -0.773    -0.633
 9     0.933    -0.197     0.301
 9    -0.358    -0.603     0.713
 2    97.081   -20.099    59.048
 2     0.472    -0.882     0.004
 2     0.881     0.471     0.029
 2    -0.027    -0.011     0.999
 3   127.207    -2.604     0.448
 3     0.628     0.043    -0.777
 3    -0.152     0.986    -0.068
 3     0.763     0.160     0.626
 4   108.033    13.325    -9.826
 4     0.216    -0.814     0.539
 4     0.965     0.092    -0.246
 4     0.151     0.573     0.805
 5   121.028    21.545    16.128
 5     0.681    -0.589     0.437
 5     0.062    -0.546    -0.835
 5     0.729     0.596    -0.336
 6   137.009     0.342    14.650
 6     0.479     0.150    -0.865
 6    -0.798    -0.337    -0.499
 6    -0.364     0.929    -0.043
 7   109.324   -20.465    -9.532
 7     0.388     0.812     0.436
 7    -0.920     0.315     0.231
 7     0.051    -0.490     0.870
 8   128.459   -28.070    13.195
 8     0.850     0.508     0.138
 8     0.084    -0.391     0.917
 8     0.520    -0.767    -0.375
 9   132.172    -4.723     7.337
 9     0.042    -0.773    -0.633
 9     0.933    -0.196     0.301
 9    -0.357    -0.603     0.713
];