% Calibrated with leiden_pols
% Positions are in centimeters
Data =[
 2    97.079   -20.099    59.051
 2     0.472    -0.882     0.004
 2     0.881     0.471     0.029
 2    -0.028    -0.011     0.999
 3   131.195    -2.163     2.839
 3     0.448    -0.032    -0.893
 3    -0.119     0.988    -0.095
 3     0.886     0.148     0.439
 4   113.956    15.093    -7.469
 4     0.105    -0.924     0.368
 4     0.942    -0.026    -0.334
 4     0.318     0.382     0.867
 5   115.598    20.998    20.593
 5     0.302    -0.497     0.814
 5     0.168    -0.812    -0.557
 5     0.938     0.304    -0.162
 6   129.472    23.902    48.212
 6     0.394    -0.815    -0.432
 6     0.031     0.475    -0.877
 6     0.918     0.330     0.210
 7   117.984   -22.824    -7.021
 7     0.255     0.949     0.183
 7    -0.906     0.169     0.387
 7     0.337    -0.265     0.903
 8   120.841   -27.424    22.424
 8     0.455     0.387     0.803
 8    -0.106    -0.871     0.478
 8     0.884    -0.302    -0.354
 9   134.709   -32.517    46.388
 9     0.495     0.766    -0.417
 9    -0.065     0.504     0.859
 9     0.866    -0.397     0.299
 2    97.081   -20.099    59.048
 2     0.472    -0.882     0.004
 2     0.881     0.471     0.029
 2    -0.027    -0.011     0.999
 3   131.144    -2.163     2.838
 3     0.448    -0.031    -0.894
 3    -0.119     0.988    -0.095
 3     0.886     0.149     0.439
 4   113.906    15.093    -7.469
 4     0.105    -0.924     0.368
 4     0.942    -0.026    -0.334
 4     0.318     0.382     0.867
 5   115.574    20.946    20.593
 5     0.303    -0.497     0.814
 5     0.167    -0.813    -0.557
 5     0.938     0.304    -0.162
 6   129.472    23.902    48.211
 6     0.395    -0.815    -0.431
 6     0.031     0.474    -0.877
 6     0.918     0.332     0.211
 7   117.934   -22.773    -7.021
 7     0.256     0.949     0.183
 7    -0.906     0.169     0.387
 7     0.337    -0.265     0.903
 8   120.836   -27.451    22.431
 8     0.457     0.387     0.802
 8    -0.107    -0.871     0.479
 8     0.883    -0.304    -0.355
 9   134.756   -32.468    46.344
 9     0.497     0.765    -0.417
 9    -0.066     0.505     0.858
 9     0.865    -0.399     0.300
 2    97.079   -20.099    59.051
 2     0.472    -0.882     0.004
 2     0.881     0.471     0.029
 2    -0.028    -0.011     0.999
 3   131.095    -2.164     2.890
 3     0.448    -0.031    -0.894
 3    -0.120     0.988    -0.094
 3     0.886     0.149     0.439
 4   113.906    15.143    -7.469
 4     0.105    -0.924     0.368
 4     0.942    -0.026    -0.334
 4     0.318     0.381     0.867
 5   115.574    20.997    20.593
 5     0.303    -0.497     0.814
 5     0.167    -0.813    -0.557
 5     0.938     0.304    -0.162
 6   129.447    23.902    48.212
 6     0.394    -0.816    -0.431
 6     0.031     0.474    -0.878
 6     0.918     0.331     0.211
 7   117.932   -22.774    -7.018
 7     0.256     0.949     0.184
 7    -0.906     0.169     0.387
 7     0.336    -0.266     0.903
 8   120.836   -27.451    22.431
 8     0.457     0.386     0.803
 8    -0.107    -0.871     0.479
 8     0.883    -0.304    -0.355
 9   134.755   -32.519    46.394
 9     0.497     0.764    -0.417
 9    -0.066     0.506     0.858
 9     0.865    -0.399     0.300
 2    97.081   -20.099    59.048
 2     0.472    -0.882     0.004
 2     0.881     0.471     0.029
 2    -0.027    -0.011     0.999
 3   131.230    -2.162     2.775
 3     0.443    -0.029    -0.896
 3    -0.120     0.989    -0.092
 3     0.888     0.148     0.434
 4   114.001    15.142    -7.514
 4     0.106    -0.923     0.369
 4     0.943    -0.025    -0.333
 4     0.316     0.382     0.868
 5   115.756    20.924    20.483
 5     0.302    -0.497     0.815
 5     0.167    -0.813    -0.557
 5     0.939     0.302    -0.161
 6   129.590    23.905    48.102
 6     0.391    -0.811    -0.443
 6     0.032     0.487    -0.870
 6     0.920     0.324     0.215
 7   118.103   -22.723    -7.165
 7     0.260     0.947     0.187
 7    -0.906     0.172     0.387
 7     0.334    -0.270     0.903
 8   121.062   -27.450    22.253
 8     0.457     0.387     0.803
 8    -0.106    -0.871     0.478
 8     0.883    -0.303    -0.356
 9   134.999   -32.519    46.222
 9     0.499     0.763    -0.420
 9    -0.065     0.509     0.856
 9     0.864    -0.398     0.302
 2    97.079   -20.099    59.051
 2     0.472    -0.882     0.004
 2     0.881     0.471     0.029
 2    -0.028    -0.011     0.999
 3   131.421    -2.157     2.678
 3     0.437    -0.031    -0.899
 3    -0.119     0.989    -0.092
 3     0.891     0.147     0.428
 4   114.174    15.141    -7.612
 4     0.106    -0.924     0.367
 4     0.943    -0.023    -0.331
 4     0.315     0.381     0.869
 5   115.829    21.072    20.145
 5     0.278    -0.507     0.817
 5     0.170    -0.811    -0.559
 5     0.945     0.293    -0.138
 6   129.642    23.904    48.054
 6     0.390    -0.808    -0.449
 6     0.032     0.493    -0.867
 6     0.920     0.322     0.217
 7   118.199   -22.773    -7.234
 7     0.263     0.946     0.190
 7    -0.906     0.174     0.386
 7     0.332    -0.274     0.902
 8   121.084   -27.448    21.498
 8     0.410     0.400     0.821
 8    -0.118    -0.868     0.480
 8     0.904    -0.293    -0.307
 9   135.149   -32.417    46.120
 9     0.498     0.761    -0.423
 9    -0.064     0.512     0.854
 9     0.864    -0.398     0.303
 2    97.079   -20.099    59.051
 2     0.472    -0.882     0.004
 2     0.881     0.471     0.029
 2    -0.028    -0.011     0.999
 3   131.582    -2.103     2.538
 3     0.434    -0.031    -0.901
 3    -0.118     0.989    -0.091
 3     0.893     0.145     0.425
 4   114.570    15.230    -7.688
 4     0.115    -0.925     0.362
 4     0.936    -0.021    -0.350
 4     0.332     0.379     0.864
 5   115.406    20.956    19.632
 5     0.218    -0.510     0.833
 5     0.173    -0.819    -0.546
 5     0.960     0.261    -0.090
 6   127.826    24.516    48.326
 6     0.349    -0.850    -0.401
 6     0.057     0.441    -0.894
 6     0.935     0.287     0.200
 7   118.337   -22.697    -7.379
 7     0.253     0.949     0.186
 7    -0.906     0.165     0.389
 7     0.338    -0.267     0.902
 8   120.019   -27.990    21.162
 8     0.357     0.369     0.859
 8    -0.161    -0.881     0.444
 8     0.920    -0.295    -0.254
 9   131.950   -34.972    46.247
 9     0.419     0.814    -0.408
 9    -0.132     0.493     0.858
 9     0.898    -0.305     0.313
 2    97.078   -20.099    59.051
 2     0.472    -0.882     0.005
 2     0.881     0.471     0.029
 2    -0.028    -0.010     0.999
 3   131.527    -2.206     2.571
 3     0.435    -0.030    -0.900
 3    -0.119     0.989    -0.090
 3     0.892     0.146     0.427
 4   114.604    15.226    -7.719
 4     0.112    -0.926     0.361
 4     0.938    -0.021    -0.344
 4     0.326     0.377     0.866
 5   115.207    21.265    19.265
 5     0.207    -0.526     0.826
 5     0.190    -0.806    -0.560
 5     0.960     0.271    -0.066
 6   127.827    24.847    47.811
 6     0.340    -0.812    -0.481
 6     0.064     0.525    -0.846
 6     0.938     0.255     0.229
 7   118.544   -22.754    -7.578
 7     0.267     0.946     0.185
 7    -0.898     0.174     0.405
 7     0.351    -0.274     0.895
 8   119.355   -29.435    19.764
 8     0.277     0.478     0.835
 8    -0.199    -0.821     0.534
 8     0.940    -0.312    -0.131
 9   129.805   -36.853    45.646
 9     0.344     0.793    -0.509
 9    -0.154     0.577     0.800
 9     0.926    -0.196     0.318
 2    97.078   -20.099    59.051
 2     0.472    -0.882     0.005
 2     0.881     0.471     0.029
 2    -0.028    -0.010     0.999
 3   131.577    -2.231     2.672
 3     0.435    -0.030    -0.900
 3    -0.118     0.989    -0.090
 3     0.892     0.145     0.426
 4   116.579    15.320    -8.610
 4     0.150    -0.934     0.324
 4     0.943     0.037    -0.331
 4     0.297     0.355     0.886
 5   114.492    25.446    16.590
 5     0.076    -0.709     0.702
 5     0.273    -0.662    -0.698
 5     0.959     0.244     0.144
