% Calibrated with leiden_pols
% Positions are in centimeters
Data =[
 2    97.079   -20.099    59.051
 2     0.472    -0.882     0.004
 2     0.881     0.471     0.029
 2    -0.028    -0.011     0.999
 3   131.195    -2.163     2.839
 3     0.448    -0.032    -0.893
 3    -0.119     0.988    -0.095
 3     0.886     0.148     0.439
 4   113.956    15.093    -7.469
 4     0.105    -0.924     0.368
 4     0.942    -0.026    -0.334
 4     0.318     0.382     0.867
 5   115.598    20.998    20.593
 5     0.302    -0.497     0.814
 5     0.168    -0.812    -0.557
 5     0.938     0.304    -0.162
 6   129.472    23.902    48.212
 6     0.394    -0.815    -0.432
 6     0.031     0.475    -0.877
 6     0.918     0.330     0.210
 7   117.984   -22.824    -7.021
 7     0.255     0.949     0.183
 7    -0.906     0.169     0.387
 7     0.337    -0.265     0.903
 8   120.841   -27.424    22.424
 8     0.455     0.387     0.803
 8    -0.106    -0.871     0.478
 8     0.884    -0.302    -0.354
 9   134.709   -32.517    46.388
 9     0.495     0.766    -0.417
 9    -0.065     0.504     0.859
 9     0.866    -0.397     0.299
 2    97.081   -20.099    59.048
 2     0.472    -0.882     0.004
 2     0.881     0.471     0.029
 2    -0.027    -0.011     0.999
 3   131.144    -2.163     2.838
 3     0.448    -0.031    -0.894
 3    -0.119     0.988    -0.095
 3     0.886     0.149     0.439
 4   113.906    15.093    -7.469
 4     0.105    -0.924     0.368
 4     0.942    -0.026    -0.334
 4     0.318     0.382     0.867
 5   115.574    20.946    20.593
 5     0.303    -0.497     0.814
 5     0.167    -0.813    -0.557
 5     0.938     0.304    -0.162
 6   129.472    23.902    48.211
 6     0.395    -0.815    -0.431
 6     0.031     0.474    -0.877
 6     0.918     0.332     0.211
 7   117.934   -22.773    -7.021
 7     0.256     0.949     0.183
 7    -0.906     0.169     0.387
 7     0.337    -0.265     0.903
 8   120.836   -27.451    22.431
 8     0.457     0.387     0.802
 8    -0.107    -0.871     0.479
 8     0.883    -0.304    -0.355
 9   134.756   -32.468    46.344
 9     0.497     0.765    -0.417
 9    -0.066     0.505     0.858
 9     0.865    -0.399     0.300
 2    97.079   -20.099    59.051
 2     0.472    -0.882     0.004
 2     0.881     0.471     0.029
 2    -0.028    -0.011     0.999
 3   131.095    -2.164     2.890
 3     0.448    -0.031    -0.894
 3    -0.120     0.988    -0.094
 3     0.886     0.149     0.439
 4   113.906    15.143    -7.469
 4     0.105    -0.924     0.368
 4     0.942    -0.026    -0.334
 4     0.318     0.381     0.867
 5   115.574    20.997    20.593
 5     0.303    -0.497     0.814
 5     0.167    -0.813    -0.557
 5     0.938     0.304    -0.162
 6   129.447    23.902    48.212
 6     0.394    -0.816    -0.431
 6     0.031     0.474    -0.878
 6     0.918     0.331     0.211
 7   117.932   -22.774    -7.018
 7     0.256     0.949     0.184
 7    -0.906     0.169     0.387
 7     0.336    -0.266     0.903
 8   120.836   -27.451    22.431
 8     0.457     0.386     0.803
 8    -0.107    -0.871     0.479
 8     0.883    -0.304    -0.355
 9   134.755   -32.519    46.394
 9     0.497     0.764    -0.417
 9    -0.066     0.506     0.858
 9     0.865    -0.399     0.300
 2    97.081   -20.099    59.048
 2     0.472    -0.882     0.004
 2     0.881     0.471     0.029
 2    -0.027    -0.011     0.999
 3   131.230    -2.162     2.775
 3     0.443    -0.029    -0.896
 3    -0.120     0.989    -0.092
 3     0.888     0.148     0.434
 4   114.001    15.142    -7.514
 4     0.106    -0.923     0.369
 4     0.943    -0.025    -0.333
 4     0.316     0.382     0.868
 5   115.756    20.924    20.483
 5     0.302    -0.497     0.815
 5     0.167    -0.813    -0.557
 5     0.939     0.302    -0.161
 6   129.590    23.905    48.102
 6     0.391    -0.811    -0.443
 6     0.032     0.487    -0.870
 6     0.920     0.324     0.215
 7   118.103   -22.723    -7.165
 7     0.260     0.947     0.187
 7    -0.906     0.172     0.387
 7     0.334    -0.270     0.903
 8   121.062   -27.450    22.253
 8     0.457     0.387     0.803
 8    -0.106    -0.871     0.478
 8     0.883    -0.303    -0.356
 9   134.999   -32.519    46.222
 9     0.499     0.763    -0.420
 9    -0.065     0.509     0.856
 9     0.864    -0.398     0.302
 2    97.079   -20.099    59.051
 2     0.472    -0.882     0.004
 2     0.881     0.471     0.029
 2    -0.028    -0.011     0.999
 3   131.421    -2.157     2.678
 3     0.437    -0.031    -0.899
 3    -0.119     0.989    -0.092
 3     0.891     0.147     0.428
 4   114.174    15.141    -7.612
 4     0.106    -0.924     0.367
 4     0.943    -0.023    -0.331
 4     0.315     0.381     0.869
 5   115.829    21.072    20.145
 5     0.278    -0.507     0.817
 5     0.170    -0.811    -0.559
 5     0.945     0.293    -0.138
 6   129.642    23.904    48.054
 6     0.390    -0.808    -0.449
 6     0.032     0.493    -0.867
 6     0.920     0.322     0.217
 7   118.199   -22.773    -7.234
 7     0.263     0.946     0.190
 7    -0.906     0.174     0.386
 7     0.332    -0.274     0.902
 8   121.084   -27.448    21.498
 8     0.410     0.400     0.821
 8    -0.118    -0.868     0.480
 8     0.904    -0.293    -0.307
 9   135.149   -32.417    46.120
 9     0.498     0.761    -0.423
 9    -0.064     0.512     0.854
 9     0.864    -0.398     0.303
 2    97.079   -20.099    59.051
 2     0.472    -0.882     0.004
 2     0.881     0.471     0.029
 2    -0.028    -0.011     0.999
 3   131.582    -2.103     2.538
 3     0.434    -0.031    -0.901
 3    -0.118     0.989    -0.091
 3     0.893     0.145     0.425
 4   114.570    15.230    -7.688
 4     0.115    -0.925     0.362
 4     0.936    -0.021    -0.350
 4     0.332     0.379     0.864
 5   115.406    20.956    19.632
 5     0.218    -0.510     0.833
 5     0.173    -0.819    -0.546
 5     0.960     0.261    -0.090
 6   127.826    24.516    48.326
 6     0.349    -0.850    -0.401
 6     0.057     0.441    -0.894
 6     0.935     0.287     0.200
 7   118.337   -22.697    -7.379
 7     0.253     0.949     0.186
 7    -0.906     0.165     0.389
 7     0.338    -0.267     0.902
 8   120.019   -27.990    21.162
 8     0.357     0.369     0.859
 8    -0.161    -0.881     0.444
 8     0.920    -0.295    -0.254
 9   131.950   -34.972    46.247
 9     0.419     0.814    -0.408
 9    -0.132     0.493     0.858
 9     0.898    -0.305     0.313
 2    97.078   -20.099    59.051
 2     0.472    -0.882     0.005
 2     0.881     0.471     0.029
 2    -0.028    -0.010     0.999
 3   131.527    -2.206     2.571
 3     0.435    -0.030    -0.900
 3    -0.119     0.989    -0.090
 3     0.892     0.146     0.427
 4   114.604    15.226    -7.719
 4     0.112    -0.926     0.361
 4     0.938    -0.021    -0.344
 4     0.326     0.377     0.866
 5   115.207    21.265    19.265
 5     0.207    -0.526     0.826
 5     0.190    -0.806    -0.560
 5     0.960     0.271    -0.066
 6   127.827    24.847    47.811
 6     0.340    -0.812    -0.481
 6     0.064     0.525    -0.846
 6     0.938     0.255     0.229
 7   118.544   -22.754    -7.578
 7     0.267     0.946     0.185
 7    -0.898     0.174     0.405
 7     0.351    -0.274     0.895
 8   119.355   -29.435    19.764
 8     0.277     0.478     0.835
 8    -0.199    -0.821     0.534
 8     0.940    -0.312    -0.131
 9   129.805   -36.853    45.646
 9     0.344     0.793    -0.509
 9    -0.154     0.577     0.800
 9     0.926    -0.196     0.318
 2    97.078   -20.099    59.051
 2     0.472    -0.882     0.005
 2     0.881     0.471     0.029
 2    -0.028    -0.010     0.999
 3   131.577    -2.231     2.672
 3     0.435    -0.030    -0.900
 3    -0.118     0.989    -0.090
 3     0.892     0.145     0.426
 4   116.579    15.320    -8.610
 4     0.150    -0.934     0.324
 4     0.943     0.037    -0.331
 4     0.297     0.355     0.886
 5   114.492    25.446    16.590
 5     0.076    -0.709     0.702
 5     0.273    -0.662    -0.698
 5     0.959     0.244     0.144
 6   122.839    28.182    46.921
 6     0.146    -0.622    -0.771
 6     0.060     0.782    -0.618
 6     0.987     0.041     0.151
 7   120.502   -22.536    -8.470
 7     0.259     0.961     0.098
 7    -0.911     0.209     0.355
 7     0.321    -0.182     0.929
 8   116.339   -33.719    15.627
 8     0.047     0.729     0.683
 8    -0.272    -0.648     0.711
 8     0.961    -0.219     0.168
 9   121.707   -38.575    43.910
 9     0.126     0.602    -0.790
 9    -0.084     0.798     0.595
 9     0.988    -0.007     0.150
 2    97.031   -20.099    59.100
 2     0.472    -0.882     0.003
 2     0.881     0.471     0.030
 2    -0.027    -0.012     0.999
 3   132.635    -2.170     3.439
 3     0.384    -0.040    -0.922
 3    -0.112     0.990    -0.089
 3     0.916     0.138     0.375
 4   119.178    15.686    -8.632
 4     0.100    -0.972     0.211
 4     0.949     0.029    -0.313
 4     0.298     0.232     0.926
 5   109.537    28.547    12.795
 5    -0.235    -0.779     0.582
 5     0.371    -0.625    -0.687
 5     0.898     0.054     0.436
 6   109.546    30.734    45.170
 6    -0.140    -0.497    -0.857
 6     0.049     0.860    -0.507
 6     0.989    -0.115    -0.097
 7   123.015   -21.981    -8.589
 7     0.221     0.975    -0.030
 7    -0.922     0.218     0.321
 7     0.319    -0.043     0.946
 8   112.559   -35.735    11.708
 8    -0.258     0.801     0.540
 8    -0.339    -0.598     0.726
 8     0.905     0.004     0.425
 9   109.820   -41.748    40.604
 9    -0.162     0.504    -0.848
 9    -0.115     0.843     0.524
 9     0.980     0.183    -0.080
 2    97.081   -20.099    59.099
 2     0.472    -0.882     0.004
 2     0.881     0.471     0.029
 2    -0.027    -0.011     0.999
 3   133.091    -1.849     3.832
 3     0.347    -0.069    -0.935
 3    -0.091     0.990    -0.107
 3     0.933     0.122     0.337
 4   119.543    15.887    -8.611
 4     0.010    -0.991     0.132
 4     0.952    -0.031    -0.304
 4     0.305     0.129     0.943
 5   104.488    26.884     9.825
 5    -0.472    -0.707     0.528
 5     0.333    -0.697    -0.635
 5     0.816    -0.124     0.564
 6    97.951    29.210    41.546
 6    -0.353    -0.412    -0.840
 6     0.046     0.889    -0.455
 6     0.934    -0.200    -0.295
 7   123.812   -21.680    -8.598
 7     0.194     0.978    -0.073
 7    -0.932     0.207     0.298
 7     0.305     0.010     0.952
 8   109.902   -35.843     8.676
 8    -0.425     0.760     0.491
 8    -0.381    -0.642     0.665
 8     0.821     0.095     0.562
 9   102.831   -45.266    36.101
 9    -0.315     0.451    -0.835
 9    -0.235     0.815     0.529
 9     0.919     0.363    -0.151
 2    97.081   -20.099    59.099
 2     0.472    -0.882     0.004
 2     0.881     0.471     0.029
 2    -0.027    -0.011     0.999
 3   132.980    -1.691     3.774
 3     0.336    -0.104    -0.936
 3    -0.068     0.989    -0.134
 3     0.939     0.109     0.325
 4   119.148    15.808    -8.782
 4    -0.041    -0.993     0.110
 4     0.956    -0.071    -0.284
 4     0.290     0.094     0.952
 5   102.873    26.087     8.482
 5    -0.530    -0.667     0.525
 5     0.333    -0.732    -0.594
 5     0.780    -0.140     0.610
 6    95.332    30.587    39.254
 6    -0.405    -0.364    -0.839
 6     0.106     0.892    -0.438
 6     0.908    -0.267    -0.323
 7   123.914   -21.408    -8.764
 7     0.182     0.979    -0.086
 7    -0.943     0.198     0.267
 7     0.277     0.032     0.960
 8   109.041   -35.863     7.157
 8    -0.479     0.745     0.464
 8    -0.413    -0.658     0.629
 8     0.774     0.110     0.623
 9   100.572   -47.447    33.471
 9    -0.367     0.405    -0.837
 9    -0.316     0.792     0.521
 9     0.875     0.456    -0.163
 2    97.031   -20.099    59.100
 2     0.472    -0.882     0.003
 2     0.881     0.471     0.030
 2    -0.027    -0.012     0.999
 3   133.100    -1.578     3.695
 3     0.330    -0.119    -0.937
 3    -0.061     0.987    -0.146
 3     0.942     0.104     0.318
 4   119.258    15.691    -9.006
 4    -0.038    -0.994     0.102
 4     0.961    -0.065    -0.267
 4     0.272     0.088     0.958
 5   103.275    26.755     7.908
 5    -0.525    -0.675     0.518
 5     0.369    -0.729    -0.576
 5     0.766    -0.111     0.632
 6    95.938    32.550    38.523
 6    -0.404    -0.345    -0.847
 6     0.149     0.889    -0.433
 6     0.902    -0.302    -0.308
 7   123.879   -21.300    -8.893
 7     0.168     0.982    -0.088
 7    -0.950     0.184     0.252
 7     0.263     0.041     0.963
 8   108.498   -35.448     6.628
 8    -0.509     0.724     0.464
 8    -0.410    -0.679     0.609
 8     0.756     0.120     0.642
 9    99.102   -47.648    32.563
 9    -0.400     0.396    -0.827
 9    -0.342     0.772     0.535
 9     0.850     0.496    -0.174
 2    97.029   -20.100    59.102
 2     0.472    -0.882     0.003
 2     0.881     0.471     0.030
 2    -0.028    -0.012     0.999
 3   133.290    -1.621     3.626
 3     0.325    -0.122    -0.938
 3    -0.057     0.987    -0.148
 3     0.944     0.101     0.314
 4   119.375    15.613    -9.125
 4    -0.038    -0.994     0.102
 4     0.962    -0.064    -0.264
 4     0.269     0.089     0.959
 5   103.124    26.375     7.764
 5    -0.532    -0.671     0.516
 5     0.360    -0.731    -0.579
 5     0.766    -0.122     0.631
 6    95.343    31.914    38.433
 6    -0.416    -0.338    -0.844
 6     0.141     0.893    -0.428
 6     0.898    -0.298    -0.324
 7   123.952   -21.358    -8.885
 7     0.155     0.984    -0.088
 7    -0.952     0.172     0.252
 7     0.262     0.044     0.964
 8   108.149   -35.107     6.464
 8    -0.536     0.709     0.458
 8    -0.393    -0.690     0.608
 8     0.746     0.146     0.648
 9    97.775   -48.074    31.602
 9    -0.432     0.373    -0.821
 9    -0.372     0.756     0.538
 9     0.822     0.538    -0.188
 2    97.081   -20.099    59.048
 2     0.472    -0.882     0.004
 2     0.881     0.471     0.029
 2    -0.027    -0.011     0.999
 3   133.362    -1.660     3.597
 3     0.317    -0.131    -0.939
 3    -0.050     0.987    -0.154
 3     0.947     0.095     0.306
 4   119.402    15.430    -9.222
 4    -0.050    -0.994     0.097
 4     0.964    -0.074    -0.255
 4     0.260     0.080     0.962
 5   102.815    26.157     7.244
 5    -0.549    -0.663     0.510
 5     0.367    -0.739    -0.565
 5     0.751    -0.123     0.648
 6    94.395    32.550    37.386
 6    -0.441    -0.309    -0.843
 6     0.170     0.893    -0.417
 6     0.881    -0.327    -0.341
 7   123.969   -21.398    -8.945
 7     0.150     0.984    -0.092
 7    -0.957     0.167     0.239
 7     0.249     0.052     0.967
 8   107.912   -35.303     5.824
 8    -0.552     0.701     0.452
 8    -0.409    -0.700     0.586
 8     0.726     0.138     0.673
 9    97.066   -49.268    30.246
 9    -0.449     0.355    -0.820
 9    -0.409     0.734     0.542
 9     0.794     0.579    -0.184
 2    97.079   -20.099    59.051
 2     0.472    -0.882     0.004
 2     0.881     0.471     0.029
 2    -0.028    -0.011     0.999
 3   133.451    -1.730     3.627
 3     0.310    -0.139    -0.941
 3    -0.048     0.986    -0.161
 3     0.949     0.094     0.298
 4   119.457    15.297    -9.320
 4    -0.056    -0.994     0.089
 4     0.966    -0.076    -0.246
 4     0.251     0.072     0.965
 5   102.839    26.175     6.965
 5    -0.553    -0.661     0.507
 5     0.375    -0.741    -0.557
 5     0.744    -0.118     0.657
 6    94.245    32.947    37.010
 6    -0.448    -0.301    -0.842
 6     0.182     0.891    -0.415
 6     0.875    -0.339    -0.345
 7   124.056   -21.379    -8.930
 7     0.146     0.984    -0.097
 7    -0.958     0.165     0.233
 7     0.244     0.058     0.968
 8   107.739   -35.139     5.634
 8    -0.563     0.692     0.452
 8    -0.408    -0.708     0.576
 8     0.719     0.140     0.680
 9    96.500   -49.238    29.893
 9    -0.463     0.352    -0.813
 9    -0.414     0.725     0.550
 9     0.784     0.591    -0.190
 2    97.078   -20.099    59.102
 2     0.472    -0.882     0.004
 2     0.881     0.471     0.029
 2    -0.028    -0.011     0.999
 3   133.458    -1.777     3.667
 3     0.307    -0.142    -0.941
 3    -0.046     0.985    -0.164
 3     0.950     0.093     0.295
 4   119.571    15.141    -9.405
 4    -0.059    -0.995     0.083
 4     0.967    -0.078    -0.241
 4     0.246     0.066     0.967
 5   102.802    26.089     6.650
 5    -0.562    -0.657     0.503
 5     0.380    -0.745    -0.549
 5     0.734    -0.118     0.668
 6    93.806    33.215    36.527
 6    -0.461    -0.291    -0.839
 6     0.193     0.889    -0.414
 6     0.866    -0.353    -0.354
 7   124.176   -21.408    -8.824
 7     0.141     0.985    -0.102
 7    -0.960     0.161     0.230
 7     0.243     0.065     0.968
 8   107.536   -34.980     5.500
 8    -0.576     0.682     0.451
 8    -0.404    -0.716     0.569
 8     0.711     0.145     0.688
 9    95.957   -49.258    29.494
 9    -0.475     0.349    -0.808
 9    -0.420     0.717     0.556
 9     0.773     0.604    -0.194
 2    97.078   -20.099    59.051
 2     0.472    -0.882     0.005
 2     0.881     0.471     0.029
 2    -0.028    -0.010     0.999
 3   133.516    -1.827     3.734
 3     0.304    -0.144    -0.942
 3    -0.047     0.985    -0.165
 3     0.951     0.093     0.293
 4   119.665    15.114    -9.394
 4    -0.059    -0.995     0.079
 4     0.968    -0.077    -0.239
 4     0.243     0.062     0.968
 5   102.821    26.137     6.610
 5    -0.564    -0.659     0.497
 5     0.381    -0.742    -0.551
 5     0.732    -0.122     0.670
 6    93.798    33.340    36.488
 6    -0.463    -0.285    -0.839
 6     0.195     0.891    -0.410
 6     0.864    -0.354    -0.357
 7   124.225   -21.409    -8.774
 7     0.139     0.984    -0.104
 7    -0.960     0.160     0.230
 7     0.243     0.068     0.967
 8   107.584   -34.981     5.576
 8    -0.576     0.683     0.449
 8    -0.403    -0.715     0.571
 8     0.711     0.148     0.687
 9    96.099   -49.182    29.669
 9    -0.475     0.336    -0.813
 9    -0.421     0.724     0.546
 9     0.772     0.602    -0.203
 2    97.081   -20.099    59.048
 2     0.472    -0.882     0.004
 2     0.881     0.471     0.029
 2    -0.027    -0.011     0.999
 3   133.466    -1.778     3.886
 3     0.306    -0.142    -0.942
 3    -0.049     0.985    -0.163
 3     0.951     0.095     0.294
 4   119.737    15.195    -9.138
 4    -0.053    -0.995     0.079
 4     0.966    -0.071    -0.247
 4     0.251     0.063     0.966
 5   103.694    26.345     8.056
 5    -0.531    -0.681     0.505
 5     0.370    -0.722    -0.585
 5     0.763    -0.123     0.634
 6    96.714    32.443    38.617
 6    -0.413    -0.268    -0.870
 6     0.170     0.916    -0.363
 6     0.895    -0.298    -0.333
 7   124.284   -21.479    -8.663
 7     0.162     0.983    -0.084
 7    -0.951     0.178     0.254
 7     0.264     0.038     0.963
 8   109.213   -34.958     8.058
 8    -0.502     0.724     0.473
 8    -0.380    -0.676     0.631
 8     0.777     0.136     0.614
 9   101.162   -47.922    33.735
 9    -0.383     0.371    -0.846
 9    -0.389     0.766     0.511
 9     0.838     0.525    -0.150
 2    97.079   -20.099    59.051
 2     0.472    -0.882     0.004
 2     0.881     0.471     0.029
 2    -0.028    -0.011     0.999
 3   133.309    -1.702     4.322
 3     0.340    -0.112    -0.934
 3    -0.078     0.986    -0.146
 3     0.937     0.122     0.326
 4   119.855    15.387    -8.721
 4     0.013    -0.994     0.109
 4     0.958    -0.019    -0.285
 4     0.285     0.108     0.952
 5   107.800    27.797    11.379
 5    -0.370    -0.776     0.510
 5     0.381    -0.628    -0.679
 5     0.847    -0.056     0.528
 6   106.450    32.977    43.006
 6    -0.260    -0.198    -0.945
 6     0.163     0.956    -0.245
 6     0.952    -0.218    -0.216
 7   124.169   -21.483    -8.970
 7     0.215     0.975    -0.057
 7    -0.934     0.222     0.280
 7     0.285    -0.008     0.958
 8   112.368   -35.194    10.295
 8    -0.345     0.768     0.540
 8    -0.391    -0.641     0.661
 8     0.853     0.016     0.521
 9   109.755   -47.620    37.060
 9    -0.215     0.486    -0.847
 9    -0.377     0.758     0.531
 9     0.901     0.434     0.019
 2    97.079   -20.099    59.051
 2     0.472    -0.882     0.004
 2     0.881     0.471     0.029
 2    -0.028    -0.011     0.999
 3   133.358    -1.755     4.448
 3     0.349    -0.052    -0.936
 3    -0.121     0.987    -0.101
 3     0.929     0.148     0.338
 4   119.792    15.860    -8.216
 4     0.104    -0.981     0.161
 4     0.939     0.043    -0.340
 4     0.327     0.187     0.926
 5   114.280    29.250    15.372
 5    -0.076    -0.810     0.581
 5     0.402    -0.558    -0.725
 5     0.912     0.178     0.369
 6   122.463    33.791    45.808
 6     0.041    -0.219    -0.975
 6     0.166     0.964    -0.209
 6     0.985    -0.153     0.075
 7   122.505   -21.099    -9.324
 7     0.300     0.953     0.043
 7    -0.908     0.271     0.320
 7     0.292    -0.136     0.946
 8   117.675   -33.999    13.926
 8    -0.044     0.760     0.649
 8    -0.361    -0.617     0.699
 8     0.932    -0.203     0.301
 9   124.028   -44.506    40.598
 9     0.108     0.650    -0.754
 9    -0.322     0.738     0.591
 9     0.941     0.180     0.287
 2    97.079   -20.099    59.051
 2     0.472    -0.882     0.004
 2     0.881     0.471     0.029
 2    -0.028    -0.011     0.999
 3   133.020    -1.839     4.285
 3     0.357    -0.005    -0.934
 3    -0.146     0.987    -0.061
 3     0.922     0.158     0.352
 4   117.455    15.726    -7.198
 4     0.150    -0.953     0.264
 4     0.921     0.037    -0.389
 4     0.360     0.301     0.883
 5   119.172    26.101    19.229
 5     0.286    -0.589     0.758
 5     0.369    -0.662    -0.651
 5     0.884     0.464     0.029
 6   135.757    31.427    45.127
 6     0.423    -0.555    -0.720
 6     0.154     0.823    -0.543
 6     0.893     0.117     0.432
 7   119.900   -21.788    -7.812
 7     0.332     0.931     0.151
 7    -0.887     0.253     0.384
 7     0.319    -0.262     0.911
 8   122.549   -30.523    19.703
 8     0.348     0.406     0.846
 8    -0.301    -0.806     0.509
 8     0.888    -0.430    -0.158
 9   135.878   -40.810    42.547
 9     0.418     0.813    -0.414
 9    -0.290     0.543     0.786
 9     0.861    -0.209     0.460
 2    97.079   -20.099    59.051
 2     0.472    -0.882     0.004
 2     0.881     0.471     0.029
 2    -0.028    -0.011     0.999
 3   132.181    -2.438     3.532
 3     0.395    -0.011    -0.919
 3    -0.146     0.986    -0.074
 3     0.907     0.163     0.388
 4   115.935    14.958    -7.855
 4     0.191    -0.931     0.312
 4     0.923     0.062    -0.378
 4     0.333     0.360     0.871
 5   122.258    22.669    19.341
 5     0.485    -0.490     0.725
 5     0.266    -0.706    -0.655
 5     0.833     0.510    -0.212
 6   141.652    26.538    42.319
 6     0.582    -0.606    -0.550
 6     0.087     0.711    -0.694
 6     0.808     0.356     0.465
 7   119.032   -22.816    -7.347
 7     0.368     0.915     0.166
 7    -0.866     0.271     0.419
 7     0.338    -0.298     0.892
 8   127.027   -29.145    20.671
 8     0.548     0.382     0.745
 8    -0.196    -0.807     0.556
 8     0.813    -0.451    -0.367
 9   142.729   -37.620    41.155
 9     0.534     0.753    -0.392
 9    -0.237     0.571     0.783
 9     0.812    -0.326     0.483
 2    97.081   -20.099    59.048
 2     0.472    -0.882     0.004
 2     0.881     0.471     0.029
 2    -0.027    -0.011     0.999
 3   131.505    -2.637     2.930
 3     0.421    -0.035    -0.906
 3    -0.129     0.987    -0.098
 3     0.898     0.158     0.411
 4   115.067    14.475    -8.302
 4     0.208    -0.916     0.342
 4     0.928     0.075    -0.363
 4     0.307     0.393     0.866
 5   124.113    20.627    19.125
 5     0.572    -0.489     0.661
 5     0.167    -0.717    -0.675
 5     0.803     0.496    -0.328
 6   144.337    23.046    41.071
 6     0.640    -0.595    -0.491
 6     0.025     0.651    -0.756
 6     0.768     0.471     0.432
 7   118.592   -22.956    -7.461
 7     0.374     0.909     0.184
 7    -0.870     0.276     0.407
 7     0.319    -0.313     0.894
 8   127.819   -27.757    20.867
 8     0.595     0.421     0.686
 8    -0.111    -0.801     0.587
 8     0.796    -0.425    -0.430
 9   143.892   -34.048    41.842
 9     0.576     0.746    -0.340
 9    -0.160     0.505     0.846
 9     0.801    -0.434     0.410
 2    97.079   -20.099    59.051
 2     0.472    -0.882     0.004
 2     0.881     0.471     0.029
 2    -0.028    -0.011     0.999
 3   131.543    -2.613     2.765
 3     0.424    -0.040    -0.905
 3    -0.127     0.986    -0.103
 3     0.896     0.158     0.413
 4   115.500    14.891    -7.775
 4     0.228    -0.903     0.365
 4     0.919     0.075    -0.386
 4     0.322     0.423     0.847
 5   125.495    20.950    19.522
 5     0.575    -0.586     0.573
 5     0.115    -0.634    -0.763
 5     0.810     0.504    -0.297
 6   146.170    19.413    41.132
 6     0.624    -0.327    -0.710
 6    -0.076     0.879    -0.470
 6     0.777     0.347     0.523
 7   118.677   -22.910    -7.406
 7     0.338     0.926     0.170
 7    -0.879     0.245     0.408
 7     0.336    -0.287     0.897
 8   127.047   -26.705    22.228
 8     0.624     0.450     0.640
 8    -0.027    -0.805     0.591
 8     0.780    -0.386    -0.491
 9   143.129   -31.336    43.421
 9     0.587     0.759    -0.286
 9    -0.093     0.409     0.906
 9     0.804    -0.506     0.311
];