2 	  32.61	  -8.40	  22.96
	 -0.014	  0.980	 -0.199
	 -1.000	 -0.016	 -0.009
	 -0.012	  0.199	  0.980

3 	  43.82	  -1.56	   3.94
	  0.580	  0.274	  0.767
	 -0.268	  0.953	 -0.139
	 -0.769	 -0.125	  0.626

4 	  39.23	   4.52	   0.53
	  0.650	  0.760	 -0.011
	 -0.746	  0.641	  0.180
	  0.144	 -0.109	  0.983

5 	  40.11	   6.01	  12.38
	  0.568	 -0.000	  0.823
	 -0.052	 -0.998	  0.036
	  0.821	 -0.064	 -0.567

6 	  49.76	   4.20	  14.13
	  0.948	 -0.314	 -0.056
	 -0.100	 -0.459	  0.883
	 -0.303	 -0.831	 -0.466

7 	  39.57	  -8.53	   0.56
	  0.752	 -0.633	 -0.182
	  0.543	  0.753	 -0.372
	  0.372	  0.181	  0.910

8 	  39.09	  -8.67	  12.38
	  0.484	  0.074	  0.871
	 -0.034	 -0.994	  0.103
	  0.874	 -0.079	 -0.479

9 	  50.01	  -8.79	  14.36
	  0.961	  0.262	  0.083
	  0.124	 -0.144	 -0.982
	 -0.246	  0.954	 -0.171

2 	  32.61	  -8.40	  22.96
	 -0.015	  0.980	 -0.200
	 -1.000	 -0.017	 -0.009
	 -0.012	  0.199	  0.980

3 	  43.80	  -1.55	   3.94
	  0.580	  0.276	  0.766
	 -0.270	  0.953	 -0.139
	 -0.769	 -0.126	  0.627

4 	  39.22	   4.52	   0.53
	  0.650	  0.760	 -0.012
	 -0.746	  0.641	  0.181
	  0.145	 -0.109	  0.983

5 	  40.13	   6.01	  12.38
	  0.568	  0.000	  0.823
	 -0.053	 -0.998	  0.037
	  0.821	 -0.065	 -0.567

6 	  49.75	   4.20	  14.15
	  0.948	 -0.313	 -0.056
	 -0.099	 -0.458	  0.883
	 -0.303	 -0.832	 -0.465

7 	  39.55	  -8.53	   0.58
	  0.752	 -0.634	 -0.181
	  0.543	  0.752	 -0.372
	  0.372	  0.182	  0.910

8 	  39.08	  -8.67	  12.38
	  0.484	  0.073	  0.872
	 -0.035	 -0.994	  0.103
	  0.874	 -0.081	 -0.479

9 	  50.01	  -8.79	  14.36
	  0.962	  0.261	  0.082
	  0.123	 -0.146	 -0.981
	 -0.244	  0.954	 -0.173

2 	  32.59	  -8.40	  22.96
	 -0.014	  0.979	 -0.200
	 -1.000	 -0.016	 -0.009
	 -0.012	  0.199	  0.980

3 	  43.80	  -1.56	   3.94
	  0.580	  0.276	  0.766
	 -0.270	  0.953	 -0.139
	 -0.769	 -0.126	  0.627

4 	  39.20	   4.50	   0.53
	  0.650	  0.760	 -0.013
	 -0.746	  0.641	  0.180
	  0.145	 -0.108	  0.983

5 	  40.11	   6.01	  12.38
	  0.568	  0.001	  0.823
	 -0.053	 -0.998	  0.037
	  0.821	 -0.065	 -0.567

6 	  49.75	   4.18	  14.12
	  0.948	 -0.314	 -0.057
	 -0.099	 -0.458	  0.883
	 -0.304	 -0.832	 -0.465

7 	  39.53	  -8.53	   0.58
	  0.752	 -0.634	 -0.180
	  0.544	  0.752	 -0.373
	  0.371	  0.182	  0.910

8 	  39.08	  -8.67	  12.39
	  0.483	  0.074	  0.872
	 -0.036	 -0.994	  0.104
	  0.875	 -0.081	 -0.478

9 	  50.01	  -8.79	  14.36
	  0.962	  0.260	  0.081
	  0.123	 -0.148	 -0.981
	 -0.243	  0.954	 -0.175

2 	  32.61	  -8.40	  22.96
	 -0.014	  0.980	 -0.200
	 -1.000	 -0.016	 -0.009
	 -0.012	  0.199	  0.980

3 	  43.77	  -1.58	   3.94
	  0.580	  0.276	  0.766
	 -0.272	  0.952	 -0.138
	 -0.768	 -0.128	  0.627

4 	  39.18	   4.50	   0.53
	  0.649	  0.760	 -0.013
	 -0.747	  0.640	  0.179
	  0.144	 -0.107	  0.984

5 	  40.11	   5.99	  12.36
	  0.568	  0.002	  0.823
	 -0.052	 -0.998	  0.038
	  0.821	 -0.065	 -0.567

6 	  49.75	   4.20	  14.10
	  0.948	 -0.312	 -0.058
	 -0.097	 -0.458	  0.884
	 -0.303	 -0.832	 -0.465

7 	  39.50	  -8.53	   0.58
	  0.752	 -0.634	 -0.179
	  0.544	  0.751	 -0.373
	  0.371	  0.183	  0.910

8 	  39.06	  -8.65	  12.39
	  0.483	  0.076	  0.872
	 -0.034	 -0.994	  0.106
	  0.875	 -0.081	 -0.477

9 	  50.01	  -8.79	  14.34
	  0.964	  0.255	  0.077
	  0.118	 -0.153	 -0.981
	 -0.239	  0.954	 -0.178

2 	  32.59	  -8.38	  22.96
	 -0.015	  0.980	 -0.200
	 -1.000	 -0.017	 -0.009
	 -0.012	  0.199	  0.980

3 	  43.75	  -1.58	   3.99
	  0.580	  0.277	  0.766
	 -0.274	  0.952	 -0.138
	 -0.767	 -0.130	  0.628

4 	  39.18	   4.48	   0.53
	  0.648	  0.761	 -0.010
	 -0.748	  0.639	  0.179
	  0.143	 -0.109	  0.984

5 	  40.08	   5.96	  12.38
	  0.568	  0.001	  0.823
	 -0.049	 -0.998	  0.035
	  0.821	 -0.060	 -0.567

6 	  49.76	   4.31	  14.06
	  0.954	 -0.291	 -0.070
	 -0.078	 -0.469	  0.880
	 -0.289	 -0.834	 -0.470

7 	  39.48	  -8.54	   0.58
	  0.754	 -0.633	 -0.175
	  0.544	  0.751	 -0.374
	  0.368	  0.187	  0.911

8 	  39.08	  -8.61	  12.41
	  0.479	  0.084	  0.873
	 -0.031	 -0.993	  0.112
	  0.877	 -0.080	 -0.474

9 	  50.01	  -9.18	  14.15
	  0.978	  0.202	  0.047
	  0.084	 -0.176	 -0.981
	 -0.190	  0.963	 -0.189

2 	  32.61	  -8.38	  22.96
	 -0.015	  0.979	 -0.200
	 -1.000	 -0.017	 -0.009
	 -0.012	  0.199	  0.980

3 	  43.72	  -1.60	   3.97
	  0.583	  0.277	  0.764
	 -0.276	  0.951	 -0.135
	 -0.764	 -0.132	  0.631

4 	  39.13	   4.46	   0.54
	  0.647	  0.762	 -0.004
	 -0.750	  0.637	  0.177
	  0.137	 -0.113	  0.984

5 	  40.01	   5.85	  12.43
	  0.568	  0.003	  0.823
	 -0.024	 -1.000	  0.019
	  0.822	 -0.031	 -0.568

6 	  49.78	   4.55	  13.94
	  0.964	 -0.252	 -0.085
	 -0.050	 -0.484	  0.874
	 -0.262	 -0.838	 -0.479

7 	  39.46	  -8.54	   0.60
	  0.753	 -0.634	 -0.173
	  0.545	  0.750	 -0.374
	  0.367	  0.188	  0.911

8 	  39.06	  -8.54	  12.43
	  0.479	  0.084	  0.874
	 -0.035	 -0.993	  0.115
	  0.877	 -0.085	 -0.473

9 	  49.94	  -9.76	  13.97
	  0.990	  0.140	  0.025
	  0.052	 -0.189	 -0.981
	 -0.133	  0.972	 -0.194

2 	  32.61	  -8.40	  22.96
	 -0.015	  0.980	 -0.200
	 -1.000	 -0.017	 -0.010
	 -0.013	  0.199	  0.980

3 	  43.68	  -1.56	   3.94
	  0.588	  0.277	  0.760
	 -0.279	  0.951	 -0.130
	 -0.759	 -0.136	  0.636

4 	  39.06	   4.50	   0.58
	  0.644	  0.765	  0.004
	 -0.753	  0.634	  0.176
	  0.132	 -0.116	  0.984

5 	  39.99	   5.77	  12.43
	  0.571	  0.000	  0.821
	 -0.008	 -1.000	  0.006
	  0.821	 -0.010	 -0.571

6 	  49.82	   4.78	  13.85
	  0.970	 -0.219	 -0.104
	 -0.019	 -0.499	  0.866
	 -0.242	 -0.839	 -0.488

7 	  39.43	  -8.53	   0.60
	  0.752	 -0.636	 -0.172
	  0.546	  0.749	 -0.375
	  0.367	  0.188	  0.911

8 	  39.04	  -8.47	  12.45
	  0.478	  0.082	  0.874
	 -0.042	 -0.992	  0.116
	  0.877	 -0.093	 -0.471

9 	  49.85	 -10.35	  13.69
	  0.998	  0.066	 -0.001
	  0.012	 -0.202	 -0.979
	 -0.065	  0.977	 -0.202

2 	  32.59	  -8.38	  22.96
	 -0.015	  0.980	 -0.200
	 -1.000	 -0.017	 -0.010
	 -0.013	  0.199	  0.980

3 	  43.66	  -1.51	   3.92
	  0.594	  0.276	  0.756
	 -0.282	  0.951	 -0.125
	 -0.754	 -0.139	  0.642

4 	  38.97	   4.54	   0.60
	  0.640	  0.768	  0.016
	 -0.758	  0.628	  0.177
	  0.126	 -0.125	  0.984

5 	  39.96	   5.68	  12.46
	  0.576	  0.000	  0.818
	  0.014	 -1.000	 -0.010
	  0.817	  0.017	 -0.576

6 	  49.87	   4.90	  13.62
	  0.973	 -0.189	 -0.129
	  0.014	 -0.512	  0.859
	 -0.228	 -0.838	 -0.496

7 	  39.38	  -8.49	   0.58
	  0.752	 -0.636	 -0.171
	  0.547	  0.748	 -0.376
	  0.367	  0.189	  0.911

8 	  39.02	  -8.44	  12.39
	  0.477	  0.079	  0.875
	 -0.053	 -0.991	  0.119
	  0.877	 -0.103	 -0.469

9 	  49.73	 -10.74	  13.52
	  1.000	  0.018	 -0.017
	 -0.012	 -0.206	 -0.978
	 -0.022	  0.978	 -0.206

2 	  32.61	  -8.38	  22.96
	 -0.015	  0.979	 -0.200
	 -1.000	 -0.017	 -0.009
	 -0.012	  0.199	  0.980

3 	  43.63	  -1.48	   3.87
	  0.598	  0.275	  0.753
	 -0.284	  0.951	 -0.122
	 -0.750	 -0.141	  0.647

4 	  38.92	   4.57	   0.63
	  0.635	  0.772	  0.022
	 -0.763	  0.622	  0.176
	  0.122	 -0.129	  0.984

5 	  39.90	   5.66	  12.50
	  0.579	  0.010	  0.815
	  0.045	 -0.999	 -0.019
	  0.813	  0.047	 -0.579

6 	  49.83	   5.08	  13.52
	  0.976	 -0.167	 -0.142
	  0.035	 -0.521	  0.853
	 -0.216	 -0.837	 -0.502

7 	  39.38	  -8.46	   0.58
	  0.754	 -0.635	 -0.168
	  0.547	  0.748	 -0.375
	  0.364	  0.191	  0.911

8 	  39.02	  -8.38	  12.41
	  0.470	  0.081	  0.879
	 -0.073	 -0.989	  0.130
	  0.879	 -0.125	 -0.459

9 	  49.59	 -11.13	  13.52
	  0.999	 -0.025	 -0.019
	 -0.024	 -0.215	 -0.976
	  0.020	  0.976	 -0.215

2 	  32.61	  -8.38	  22.96
	 -0.015	  0.979	 -0.200
	 -1.000	 -0.017	 -0.009
	 -0.012	  0.199	  0.980

3 	  43.63	  -1.42	   3.83
	  0.602	  0.277	  0.749
	 -0.286	  0.950	 -0.122
	 -0.746	 -0.141	  0.651

4 	  38.83	   4.59	   0.65
	  0.629	  0.777	  0.026
	 -0.768	  0.616	  0.174
	  0.119	 -0.130	  0.984

5 	  39.87	   5.61	  12.48
	  0.584	  0.020	  0.811
	  0.069	 -0.997	 -0.026
	  0.809	  0.071	 -0.584

6 	  49.78	   5.26	  13.32
	  0.977	 -0.135	 -0.164
	  0.068	 -0.532	  0.844
	 -0.201	 -0.836	 -0.511

7 	  39.34	  -8.42	   0.62
	  0.755	 -0.635	 -0.163
	  0.547	  0.748	 -0.376
	  0.360	  0.195	  0.912

8 	  38.97	  -8.33	  12.45
	  0.462	  0.083	  0.883
	 -0.089	 -0.986	  0.139
	  0.882	 -0.142	 -0.448

9 	  49.43	 -11.44	  13.55
	  0.997	 -0.065	 -0.021
	 -0.035	 -0.230	 -0.972
	  0.058	  0.971	 -0.232

2 	  32.59	  -8.38	  22.96
	 -0.015	  0.979	 -0.200
	 -1.000	 -0.017	 -0.009
	 -0.013	  0.200	  0.980

3 	  43.58	  -1.41	   3.76
	  0.609	  0.278	  0.743
	 -0.286	  0.950	 -0.121
	 -0.740	 -0.139	  0.658

4 	  38.78	   4.59	   0.63
	  0.626	  0.779	  0.028
	 -0.771	  0.612	  0.175
	  0.119	 -0.131	  0.984

5 	  39.83	   5.57	  12.48
	  0.587	  0.025	  0.809
	  0.083	 -0.996	 -0.030
	  0.805	  0.085	 -0.587

6 	  49.75	   5.34	  13.25
	  0.977	 -0.123	 -0.172
	  0.081	 -0.536	  0.840
	 -0.195	 -0.835	 -0.514

7 	  39.29	  -8.40	   0.63
	  0.756	 -0.635	 -0.159
	  0.548	  0.746	 -0.377
	  0.358	  0.197	  0.912

8 	  38.97	  -8.28	  12.46
	  0.456	  0.083	  0.886
	 -0.105	 -0.984	  0.146
	  0.884	 -0.160	 -0.440

9 	  49.32	 -11.71	  13.52
	  0.995	 -0.095	 -0.028
	 -0.050	 -0.236	 -0.970
	  0.086	  0.967	 -0.239

2 	  32.59	  -8.38	  22.96
	 -0.015	  0.979	 -0.200
	 -1.000	 -0.017	 -0.009
	 -0.012	  0.200	  0.980

3 	  43.56	  -1.41	   3.76
	  0.614	  0.277	  0.739
	 -0.285	  0.951	 -0.120
	 -0.736	 -0.137	  0.663

4 	  38.72	   4.61	   0.63
	  0.624	  0.781	  0.030
	 -0.772	  0.610	  0.175
	  0.119	 -0.132	  0.984

5 	  39.80	   5.52	  12.50
	  0.587	  0.032	  0.808
	  0.104	 -0.994	 -0.036
	  0.802	  0.105	 -0.587

6 	  49.73	   5.40	  13.15
	  0.978	 -0.100	 -0.181
	  0.099	 -0.543	  0.834
	 -0.182	 -0.834	 -0.521

7 	  39.27	  -8.40	   0.63
	  0.755	 -0.636	 -0.157
	  0.549	  0.745	 -0.377
	  0.357	  0.198	  0.913

8 	  38.95	  -8.23	  12.45
	  0.450	  0.079	  0.889
	 -0.125	 -0.981	  0.150
	  0.884	 -0.179	 -0.432

9 	  49.13	 -11.97	  13.52
	  0.991	 -0.130	 -0.030
	 -0.061	 -0.241	 -0.969
	  0.119	  0.961	 -0.247

2 	  32.59	  -8.38	  22.96
	 -0.015	  0.979	 -0.200
	 -1.000	 -0.017	 -0.010
	 -0.013	  0.199	  0.980

3 	  43.54	  -1.35	   3.73
	  0.618	  0.277	  0.735
	 -0.285	  0.951	 -0.118
	 -0.732	 -0.137	  0.667

4 	  38.67	   4.61	   0.65
	  0.621	  0.783	  0.033
	 -0.775	  0.607	  0.174
	  0.116	 -0.134	  0.984

5 	  39.76	   5.47	  12.52
	  0.587	  0.039	  0.809
	  0.129	 -0.991	 -0.046
	  0.799	  0.131	 -0.586

6 	  49.71	   5.55	  13.17
	  0.980	 -0.072	 -0.187
	  0.116	 -0.554	  0.824
	 -0.163	 -0.829	 -0.535

7 	  39.25	  -8.37	   0.62
	  0.754	 -0.638	 -0.157
	  0.551	  0.745	 -0.377
	  0.357	  0.198	  0.913

8 	  38.94	  -8.19	  12.45
	  0.448	  0.069	  0.891
	 -0.142	 -0.979	  0.147
	  0.882	 -0.193	 -0.429

9 	  49.04	 -12.23	  13.52
	  0.986	 -0.161	 -0.033
	 -0.073	 -0.245	 -0.967
	  0.147	  0.956	 -0.254

2 	  32.59	  -8.38	  22.96
	 -0.015	  0.979	 -0.200
	 -1.000	 -0.017	 -0.009
	 -0.012	  0.199	  0.980

3 	  43.52	  -1.32	   3.69
	  0.624	  0.271	  0.732
	 -0.283	  0.952	 -0.111
	 -0.728	 -0.138	  0.671

4 	  38.64	   4.68	   0.72
	  0.620	  0.783	  0.039
	 -0.776	  0.604	  0.180
	  0.117	 -0.142	  0.983

5 	  39.74	   5.47	  12.55
	  0.583	  0.035	  0.812
	  0.144	 -0.988	 -0.061
	  0.799	  0.152	 -0.581

6 	  49.68	   5.68	  13.11
	  0.979	 -0.047	 -0.197
	  0.136	 -0.570	  0.811
	 -0.151	 -0.820	 -0.551

7 	  39.20	  -8.28	   0.56
	  0.753	 -0.638	 -0.162
	  0.551	  0.746	 -0.374
	  0.359	  0.193	  0.913

8 	  38.90	  -8.16	  12.41
	  0.448	  0.059	  0.892
	 -0.153	 -0.978	  0.141
	  0.881	 -0.200	 -0.429

9 	  48.97	 -12.29	  13.43
	  0.983	 -0.180	 -0.036
	 -0.082	 -0.251	 -0.964
	  0.164	  0.951	 -0.262

2 	  32.59	  -8.38	  22.96
	 -0.015	  0.979	 -0.200
	 -1.000	 -0.017	 -0.009
	 -0.012	  0.199	  0.980

3 	  43.49	  -1.20	   3.64
	  0.629	  0.268	  0.730
	 -0.286	  0.952	 -0.103
	 -0.723	 -0.144	  0.675

4 	  38.53	   4.80	   0.76
	  0.613	  0.788	  0.044
	 -0.780	  0.596	  0.190
	  0.123	 -0.151	  0.981

5 	  39.71	   5.41	  12.57
	  0.585	  0.038	  0.810
	  0.171	 -0.982	 -0.078
	  0.793	  0.184	 -0.581

6 	  49.66	   5.85	  12.94
	  0.974	 -0.017	 -0.224
	  0.171	 -0.589	  0.790
	 -0.145	 -0.808	 -0.571

7 	  39.20	  -8.21	   0.51
	  0.754	 -0.635	 -0.166
	  0.548	  0.749	 -0.373
	  0.361	  0.190	  0.913

8 	  38.90	  -8.12	  12.36
	  0.447	  0.052	  0.893
	 -0.162	 -0.977	  0.138
	  0.880	 -0.206	 -0.429

9 	  48.81	 -12.64	  13.32
	  0.973	 -0.225	 -0.048
	 -0.111	 -0.279	 -0.954
	  0.201	  0.933	 -0.297

2 	  32.59	  -8.40	  22.96
	 -0.015	  0.979	 -0.200
	 -1.000	 -0.017	 -0.009
	 -0.012	  0.199	  0.980

3 	  43.45	  -1.07	   3.59
	  0.635	  0.269	  0.724
	 -0.295	  0.951	 -0.094
	 -0.714	 -0.154	  0.683

4 	  38.37	   4.87	   0.81
	  0.604	  0.795	  0.045
	 -0.786	  0.585	  0.198
	  0.131	 -0.155	  0.979

5 	  39.64	   5.36	  12.62
	  0.588	  0.050	  0.807
	  0.202	 -0.975	 -0.087
	  0.783	  0.215	 -0.583

6 	  49.61	   6.03	  12.76
	  0.970	  0.009	 -0.244
	  0.201	 -0.595	  0.778
	 -0.138	 -0.803	 -0.579

7 	  39.16	  -8.12	   0.47
	  0.757	 -0.631	 -0.172
	  0.542	  0.752	 -0.374
	  0.365	  0.190	  0.911

8 	  38.87	  -8.02	  12.30
	  0.443	  0.044	  0.895
	 -0.189	 -0.972	  0.141
	  0.876	 -0.232	 -0.423

9 	  48.52	 -13.10	  13.29
	  0.954	 -0.292	 -0.064
	 -0.167	 -0.343	 -0.924
	  0.248	  0.893	 -0.376

2 	  32.59	  -8.38	  22.96
	 -0.015	  0.979	 -0.200
	 -1.000	 -0.017	 -0.010
	 -0.013	  0.199	  0.979

3 	  43.38	  -1.02	   3.50
	  0.644	  0.269	  0.716
	 -0.301	  0.949	 -0.086
	 -0.703	 -0.160	  0.692

4 	  38.25	   4.89	   0.83
	  0.599	  0.800	  0.042
	 -0.788	  0.579	  0.207
	  0.141	 -0.158	  0.977

5 	  39.62	   5.34	  12.62
	  0.589	  0.060	  0.805
	  0.222	 -0.971	 -0.090
	  0.776	  0.232	 -0.586

6 	  49.55	   6.10	  12.59
	  0.966	  0.025	 -0.258
	  0.220	 -0.603	  0.766
	 -0.136	 -0.797	 -0.588

7 	  39.08	  -8.09	   0.42
	  0.755	 -0.630	 -0.179
	  0.538	  0.753	 -0.380
	  0.374	  0.190	  0.908

8 	  38.85	  -7.96	  12.29
	  0.443	  0.036	  0.895
	 -0.217	 -0.965	  0.146
	  0.870	 -0.259	 -0.420

9 	  48.22	 -13.45	  13.29
	  0.932	 -0.354	 -0.078
	 -0.230	 -0.411	 -0.882
	  0.280	  0.840	 -0.464

2 	  32.59	  -8.38	  22.96
	 -0.015	  0.979	 -0.200
	 -1.000	 -0.017	 -0.009
	 -0.013	  0.200	  0.979

3 	  43.28	  -0.98	   3.43
	  0.653	  0.272	  0.707
	 -0.307	  0.948	 -0.082
	 -0.693	 -0.163	  0.702

4 	  38.11	   4.89	   0.83
	  0.595	  0.802	  0.037
	 -0.789	  0.575	  0.217
	  0.153	 -0.158	  0.975

5 	  39.57	   5.36	  12.64
	  0.592	  0.070	  0.803
	  0.235	 -0.968	 -0.089
	  0.771	  0.241	 -0.590

6 	  49.50	   6.15	  12.52
	  0.963	  0.037	 -0.267
	  0.233	 -0.613	  0.755
	 -0.136	 -0.789	 -0.599

7 	  39.01	  -8.07	   0.44
	  0.754	 -0.631	 -0.180
	  0.536	  0.750	 -0.386
	  0.379	  0.195	  0.904

8 	  38.83	  -7.91	  12.29
	  0.436	  0.033	  0.899
	 -0.246	 -0.957	  0.154
	  0.865	 -0.289	 -0.410

9 	  48.04	 -13.64	  13.36
	  0.921	 -0.382	 -0.075
	 -0.246	 -0.421	 -0.873
	  0.302	  0.822	 -0.482

2 	  32.59	  -8.38	  22.96
	 -0.015	  0.979	 -0.200
	 -1.000	 -0.017	 -0.010
	 -0.013	  0.199	  0.979

3 	  43.22	  -1.00	   3.36
	  0.661	  0.274	  0.699
	 -0.309	  0.948	 -0.079
	 -0.684	 -0.163	  0.710

4 	  38.04	   4.87	   0.81
	  0.593	  0.804	  0.031
	 -0.789	  0.573	  0.222
	  0.161	 -0.156	  0.974

5 	  39.57	   5.29	  12.59
	  0.595	  0.081	  0.799
	  0.247	 -0.965	 -0.087
	  0.764	  0.249	 -0.594

6 	  49.50	   6.15	  12.43
	  0.961	  0.042	 -0.274
	  0.241	 -0.616	  0.749
	 -0.137	 -0.786	 -0.603

7 	  38.94	  -8.10	   0.42
	  0.752	 -0.633	 -0.182
	  0.534	  0.748	 -0.394
	  0.385	  0.199	  0.901

8 	  38.81	  -7.84	  12.29
	  0.432	  0.028	  0.901
	 -0.271	 -0.949	  0.159
	  0.860	 -0.313	 -0.403

9 	  47.85	 -13.90	  13.38
	  0.909	 -0.411	 -0.072
	 -0.258	 -0.417	 -0.872
	  0.328	  0.811	 -0.484

2 	  32.59	  -8.38	  22.96
	 -0.015	  0.979	 -0.200
	 -1.000	 -0.017	 -0.009
	 -0.012	  0.199	  0.980

3 	  43.21	  -1.02	   3.32
	  0.666	  0.275	  0.693
	 -0.310	  0.947	 -0.078
	 -0.678	 -0.163	  0.716

4 	  37.97	   4.83	   0.79
	  0.589	  0.807	  0.017
	 -0.790	  0.571	  0.221
	  0.169	 -0.144	  0.975

5 	  39.45	   5.22	  12.57
	  0.577	  0.106	  0.810
	  0.299	 -0.950	 -0.089
	  0.760	  0.293	 -0.580

6 	  49.34	   6.28	  12.53
	  0.963	  0.064	 -0.262
	  0.244	 -0.618	  0.747
	 -0.114	 -0.784	 -0.611

7 	  38.90	  -8.10	   0.42
	  0.751	 -0.635	 -0.182
	  0.533	  0.745	 -0.399
	  0.388	  0.203	  0.899

8 	  38.81	  -7.80	  12.30
	  0.430	  0.022	  0.902
	 -0.290	 -0.943	  0.161
	  0.855	 -0.331	 -0.399

9 	  47.74	 -14.06	  13.38
	  0.900	 -0.430	 -0.072
	 -0.267	 -0.413	 -0.870
	  0.345	  0.802	 -0.487

2 	  32.59	  -8.38	  22.96
	 -0.015	  0.979	 -0.200
	 -1.000	 -0.017	 -0.010
	 -0.013	  0.199	  0.979

3 	  43.15	  -0.97	   3.29
	  0.670	  0.279	  0.688
	 -0.315	  0.946	 -0.077
	 -0.672	 -0.166	  0.722

4 	  37.92	   4.83	   0.77
	  0.584	  0.811	  0.008
	 -0.792	  0.568	  0.221
	  0.175	 -0.135	  0.975

5 	  39.39	   5.17	  12.50
	  0.571	  0.120	  0.812
	  0.330	 -0.939	 -0.094
	  0.751	  0.322	 -0.576

6 	  49.25	   6.45	  12.52
	  0.962	  0.090	 -0.258
	  0.255	 -0.631	  0.733
	 -0.097	 -0.771	 -0.630

7 	  38.90	  -8.10	   0.42
	  0.752	 -0.633	 -0.183
	  0.530	  0.746	 -0.404
	  0.392	  0.206	  0.896

8 	  38.81	  -7.79	  12.29
	  0.428	  0.018	  0.903
	 -0.302	 -0.939	  0.162
	  0.852	 -0.342	 -0.397

9 	  47.71	 -14.08	  13.32
	  0.897	 -0.435	 -0.073
	 -0.271	 -0.413	 -0.869
	  0.348	  0.800	 -0.489

2 	  32.59	  -8.38	  22.96
	 -0.015	  0.979	 -0.200
	 -1.000	 -0.017	 -0.009
	 -0.012	  0.199	  0.980

3 	  43.14	  -0.91	   3.23
	  0.676	  0.283	  0.680
	 -0.323	  0.943	 -0.072
	 -0.662	 -0.171	  0.730

4 	  37.83	   4.87	   0.76
	  0.575	  0.818	  0.001
	 -0.797	  0.560	  0.227
	  0.185	 -0.132	  0.974

5 	  39.38	   5.20	  12.52
	  0.569	  0.129	  0.812
	  0.347	 -0.933	 -0.095
	  0.745	  0.336	 -0.576

6 	  49.24	   6.50	  12.45
	  0.960	  0.099	 -0.263
	  0.264	 -0.638	  0.723
	 -0.096	 -0.764	 -0.639

7 	  38.90	  -8.05	   0.37
	  0.752	 -0.630	 -0.192
	  0.521	  0.748	 -0.410
	  0.402	  0.208	  0.891

8 	  38.81	  -7.75	  12.25
	  0.428	  0.014	  0.903
	 -0.308	 -0.938	  0.160
	  0.849	 -0.347	 -0.397

9 	  47.67	 -14.04	  13.31
	  0.894	 -0.441	 -0.074
	 -0.280	 -0.422	 -0.862
	  0.349	  0.792	 -0.501

2 	  32.59	  -8.38	  22.96
	 -0.015	  0.979	 -0.200
	 -1.000	 -0.017	 -0.009
	 -0.012	  0.199	  0.980

3 	  43.10	  -0.84	   3.15
	  0.682	  0.286	  0.673
	 -0.329	  0.942	 -0.067
	 -0.653	 -0.176	  0.736

4 	  37.76	   4.89	   0.76
	  0.572	  0.820	 -0.002
	 -0.798	  0.556	  0.233
	  0.192	 -0.132	  0.972

5 	  39.36	   5.19	  12.50
	  0.569	  0.131	  0.811
	  0.353	 -0.931	 -0.098
	  0.742	  0.342	 -0.576

6 	  49.20	   6.57	  12.41
	  0.957	  0.112	 -0.266
	  0.274	 -0.642	  0.716
	 -0.091	 -0.758	 -0.646

7 	  38.88	  -8.03	   0.35
	  0.751	 -0.629	 -0.198
	  0.518	  0.749	 -0.413
	  0.408	  0.207	  0.889

8 	  38.79	  -7.70	  12.22
	  0.428	  0.005	  0.903
	 -0.319	 -0.935	  0.156
	  0.845	 -0.355	 -0.399

9 	  47.64	 -14.17	  13.22
	  0.882	 -0.464	 -0.080
	 -0.318	 -0.463	 -0.828
	  0.346	  0.755	 -0.556

2 	  32.59	  -8.38	  22.96
	 -0.015	  0.979	 -0.200
	 -1.000	 -0.017	 -0.009
	 -0.012	  0.199	  0.980

3 	  43.07	  -0.81	   3.09
	  0.685	  0.286	  0.669
	 -0.330	  0.942	 -0.065
	 -0.649	 -0.176	  0.740

4 	  37.69	   4.90	   0.77
	  0.568	  0.823	 -0.005
	 -0.799	  0.553	  0.237
	  0.198	 -0.131	  0.971

5 	  39.34	   5.19	  12.50
	  0.568	  0.134	  0.811
	  0.361	 -0.927	 -0.100
	  0.739	  0.350	 -0.576

6 	  49.18	   6.63	  12.46
	  0.956	  0.124	 -0.266
	  0.281	 -0.642	  0.713
	 -0.082	 -0.756	 -0.649

7 	  38.87	  -8.02	   0.32
	  0.749	 -0.630	 -0.207
	  0.516	  0.750	 -0.415
	  0.416	  0.204	  0.886

8 	  38.79	  -7.68	  12.22
	  0.424	 -0.005	  0.905
	 -0.335	 -0.930	  0.152
	  0.841	 -0.368	 -0.396

9 	  47.50	 -14.10	  13.31
	  0.877	 -0.474	 -0.073
	 -0.328	 -0.483	 -0.812
	  0.349	  0.736	 -0.579

2 	  32.61	  -8.38	  22.96
	 -0.015	  0.979	 -0.200
	 -1.000	 -0.017	 -0.009
	 -0.012	  0.200	  0.980

3 	  43.05	  -0.81	   3.06
	  0.688	  0.286	  0.667
	 -0.330	  0.942	 -0.064
	 -0.647	 -0.176	  0.742

4 	  37.67	   4.90	   0.77
	  0.567	  0.824	 -0.006
	 -0.799	  0.552	  0.238
	  0.199	 -0.130	  0.971

5 	  39.34	   5.17	  12.50
	  0.569	  0.136	  0.811
	  0.363	 -0.926	 -0.100
	  0.738	  0.351	 -0.577

6 	  49.13	   6.70	  12.38
	  0.953	  0.136	 -0.271
	  0.294	 -0.638	  0.712
	 -0.076	 -0.758	 -0.648

7 	  38.85	  -8.00	   0.30
	  0.747	 -0.630	 -0.211
	  0.515	  0.750	 -0.415
	  0.419	  0.201	  0.885

8 	  38.76	  -7.65	  12.20
	  0.421	 -0.011	  0.907
	 -0.349	 -0.925	  0.150
	  0.837	 -0.379	 -0.394

9 	  47.39	 -14.24	  13.32
	  0.867	 -0.492	 -0.074
	 -0.349	 -0.495	 -0.796
	  0.355	  0.716	 -0.601

2 	  32.59	  -8.38	  22.96
	 -0.015	  0.979	 -0.200
	 -1.000	 -0.017	 -0.009
	 -0.012	  0.200	  0.980

3 	  43.03	  -0.79	   3.04
	  0.689	  0.286	  0.666
	 -0.330	  0.942	 -0.064
	 -0.645	 -0.175	  0.743

4 	  37.67	   4.92	   0.77
	  0.566	  0.824	 -0.007
	 -0.800	  0.551	  0.239
	  0.200	 -0.130	  0.971

5 	  39.34	   5.17	  12.50
	  0.569	  0.136	  0.810
	  0.364	 -0.926	 -0.100
	  0.737	  0.352	 -0.577

6 	  49.13	   6.71	  12.36
	  0.952	  0.137	 -0.272
	  0.295	 -0.638	  0.711
	 -0.076	 -0.757	 -0.648

7 	  38.81	  -8.00	   0.28
	  0.743	 -0.635	 -0.213
	  0.519	  0.747	 -0.415
	  0.423	  0.198	  0.884

8 	  38.76	  -7.65	  12.18
	  0.419	 -0.019	  0.907
	 -0.364	 -0.919	  0.149
	  0.831	 -0.393	 -0.392

9 	  47.32	 -14.29	  13.34
	  0.860	 -0.504	 -0.077
	 -0.362	 -0.497	 -0.789
	  0.359	  0.706	 -0.610

2 	  32.59	  -8.38	  22.96
	 -0.015	  0.979	 -0.200
	 -1.000	 -0.017	 -0.009
	 -0.013	  0.200	  0.980

3 	  43.01	  -0.79	   3.04
	  0.690	  0.286	  0.665
	 -0.329	  0.942	 -0.064
	 -0.644	 -0.175	  0.744

4 	  37.65	   4.90	   0.77
	  0.565	  0.825	 -0.009
	 -0.800	  0.550	  0.239
	  0.202	 -0.129	  0.971

5 	  39.32	   5.15	  12.50
	  0.568	  0.139	  0.810
	  0.369	 -0.924	 -0.100
	  0.735	  0.356	 -0.577

6 	  49.13	   6.64	  12.32
	  0.951	  0.137	 -0.277
	  0.297	 -0.644	  0.704
	 -0.082	 -0.752	 -0.653

7 	  38.78	  -8.00	   0.28
	  0.740	 -0.638	 -0.213
	  0.523	  0.745	 -0.414
	  0.423	  0.195	  0.885

8 	  38.74	  -7.63	  12.18
	  0.419	 -0.021	  0.907
	 -0.373	 -0.916	  0.151
	  0.828	 -0.401	 -0.392

9 	  47.25	 -14.38	  13.27
	  0.853	 -0.515	 -0.084
	 -0.376	 -0.495	 -0.783
	  0.361	  0.700	 -0.616

2 	  32.59	  -8.38	  22.96
	 -0.015	  0.980	 -0.200
	 -1.000	 -0.017	 -0.009
	 -0.013	  0.199	  0.980

3 	  43.01	  -0.77	   3.01
	  0.692	  0.286	  0.662
	 -0.329	  0.942	 -0.064
	 -0.642	 -0.174	  0.746

4 	  37.60	   4.90	   0.76
	  0.560	  0.828	 -0.017
	 -0.802	  0.547	  0.238
	  0.206	 -0.120	  0.971

5 	  39.25	   5.15	  12.45
	  0.562	  0.148	  0.814
	  0.386	 -0.917	 -0.100
	  0.731	  0.370	 -0.572

6 	  49.03	   6.70	  12.34
	  0.951	  0.144	 -0.273
	  0.295	 -0.678	  0.673
	 -0.088	 -0.721	 -0.688

7 	  38.76	  -7.98	   0.30
	  0.739	 -0.640	 -0.211
	  0.525	  0.743	 -0.414
	  0.422	  0.195	  0.885

8 	  38.76	  -7.59	  12.20
	  0.420	 -0.023	  0.907
	 -0.378	 -0.913	  0.152
	  0.825	 -0.407	 -0.392

9 	  47.21	 -14.43	  13.24
	  0.848	 -0.521	 -0.092
	 -0.389	 -0.496	 -0.776
	  0.359	  0.694	 -0.624

2 	  32.59	  -8.38	  22.96
	 -0.015	  0.979	 -0.200
	 -1.000	 -0.017	 -0.009
	 -0.013	  0.200	  0.980

3 	  43.01	  -0.77	   3.02
	  0.693	  0.286	  0.662
	 -0.328	  0.942	 -0.065
	 -0.642	 -0.172	  0.747

4 	  37.60	   4.90	   0.72
	  0.558	  0.829	 -0.023
	 -0.803	  0.547	  0.238
	  0.210	 -0.115	  0.971

5 	  39.22	   5.13	  12.43
	  0.556	  0.151	  0.817
	  0.391	 -0.915	 -0.098
	  0.733	  0.374	 -0.568

6 	  49.03	   6.49	  12.29
	  0.953	  0.140	 -0.267
	  0.285	 -0.703	  0.651
	 -0.097	 -0.697	 -0.711

7 	  38.74	  -7.98	   0.30
	  0.738	 -0.641	 -0.211
	  0.526	  0.742	 -0.414
	  0.422	  0.194	  0.885

8 	  38.76	  -7.59	  12.18
	  0.420	 -0.026	  0.907
	 -0.384	 -0.911	  0.152
	  0.822	 -0.412	 -0.393

9 	  47.16	 -14.47	  13.22
	  0.844	 -0.528	 -0.094
	 -0.399	 -0.500	 -0.769
	  0.359	  0.686	 -0.632

2 	  32.59	  -8.38	  22.96
	 -0.015	  0.979	 -0.200
	 -1.000	 -0.017	 -0.009
	 -0.012	  0.199	  0.980

3 	  42.98	  -0.76	   2.99
	  0.693	  0.287	  0.661
	 -0.326	  0.943	 -0.067
	 -0.643	 -0.169	  0.747

4 	  37.60	   4.90	   0.72
	  0.558	  0.829	 -0.025
	 -0.802	  0.547	  0.238
	  0.211	 -0.113	  0.971

5 	  39.23	   5.12	  12.43
	  0.555	  0.151	  0.818
	  0.391	 -0.915	 -0.097
	  0.734	  0.374	 -0.567

6 	  49.03	   6.52	  12.27
	  0.952	  0.137	 -0.272
	  0.288	 -0.690	  0.663
	 -0.097	 -0.710	 -0.697

7 	  38.72	  -7.98	   0.30
	  0.736	 -0.643	 -0.212
	  0.528	  0.741	 -0.415
	  0.423	  0.193	  0.885

8 	  38.74	  -7.58	  12.20
	  0.419	 -0.034	  0.907
	 -0.399	 -0.905	  0.150
	  0.816	 -0.425	 -0.393

9 	  47.02	 -14.55	  13.18
	  0.831	 -0.547	 -0.098
	 -0.417	 -0.497	 -0.761
	  0.368	  0.673	 -0.641

2 	  32.59	  -8.40	  22.96
	 -0.014	  0.980	 -0.200
	 -1.000	 -0.016	 -0.009
	 -0.012	  0.199	  0.980

3 	  42.98	  -0.77	   2.99
	  0.694	  0.286	  0.660
	 -0.323	  0.944	 -0.070
	 -0.643	 -0.165	  0.747

4 	  37.58	   4.92	   0.72
	  0.557	  0.830	 -0.026
	 -0.803	  0.546	  0.237
	  0.211	 -0.112	  0.971

5 	  39.20	   5.12	  12.43
	  0.553	  0.153	  0.819
	  0.397	 -0.912	 -0.098
	  0.732	  0.380	 -0.565

6 	  49.01	   6.52	  12.27
	  0.952	  0.138	 -0.272
	  0.290	 -0.690	  0.664
	 -0.096	 -0.711	 -0.697

7 	  38.71	  -7.98	   0.28
	  0.732	 -0.648	 -0.212
	  0.533	  0.738	 -0.414
	  0.424	  0.190	  0.885

8 	  38.69	  -7.54	  12.16
	  0.416	 -0.045	  0.908
	 -0.417	 -0.897	  0.147
	  0.808	 -0.440	 -0.392

9 	  46.69	 -14.77	  13.06
	  0.807	 -0.580	 -0.110
	 -0.445	 -0.474	 -0.760
	  0.388	  0.662	 -0.641

2 	  32.59	  -8.40	  22.96
	 -0.015	  0.980	 -0.200
	 -1.000	 -0.017	 -0.009
	 -0.012	  0.199	  0.980

3 	  42.96	  -0.77	   2.97
	  0.695	  0.285	  0.660
	 -0.320	  0.944	 -0.071
	 -0.644	 -0.162	  0.748

4 	  37.58	   4.92	   0.72
	  0.556	  0.830	 -0.027
	 -0.804	  0.546	  0.236
	  0.210	 -0.110	  0.971

5 	  39.16	   5.08	  12.41
	  0.548	  0.153	  0.822
	  0.406	 -0.908	 -0.102
	  0.731	  0.389	 -0.560

6 	  48.99	   6.56	  12.25
	  0.952	  0.143	 -0.270
	  0.292	 -0.685	  0.667
	 -0.090	 -0.714	 -0.694

7 	  38.65	  -7.98	   0.30
	  0.729	 -0.652	 -0.209
	  0.538	  0.734	 -0.413
	  0.422	  0.189	  0.886

8 	  38.71	  -7.51	  12.20
	  0.415	 -0.057	  0.908
	 -0.442	 -0.885	  0.146
	  0.795	 -0.462	 -0.393

9 	  46.49	 -14.98	  12.80
	  0.775	 -0.617	 -0.137
	 -0.490	 -0.449	 -0.747
	  0.399	  0.647	 -0.650

2 	  32.59	  -8.38	  22.96
	 -0.015	  0.979	 -0.200
	 -1.000	 -0.017	 -0.010
	 -0.013	  0.200	  0.980

3 	  42.94	  -0.76	   2.94
	  0.697	  0.284	  0.658
	 -0.318	  0.945	 -0.071
	 -0.642	 -0.160	  0.750

4 	  37.56	   4.94	   0.72
	  0.555	  0.831	 -0.029
	 -0.804	  0.545	  0.236
	  0.212	 -0.108	  0.971

5 	  39.13	   5.08	  12.41
	  0.544	  0.154	  0.825
	  0.414	 -0.904	 -0.105
	  0.729	  0.399	 -0.556

6 	  48.97	   6.63	  12.34
	  0.953	  0.149	 -0.264
	  0.291	 -0.689	  0.664
	 -0.083	 -0.709	 -0.700

7 	  38.64	  -7.95	   0.28
	  0.727	 -0.654	 -0.208
	  0.540	  0.733	 -0.413
	  0.423	  0.188	  0.886

8 	  38.69	  -7.47	  12.16
	  0.415	 -0.067	  0.907
	 -0.464	 -0.873	  0.148
	  0.782	 -0.483	 -0.393

9 	  46.34	 -15.17	  12.69
	  0.745	 -0.650	 -0.149
	 -0.543	 -0.462	 -0.702
	  0.387	  0.604	 -0.697

2 	  32.59	  -8.40	  22.96
	 -0.015	  0.979	 -0.200
	 -1.000	 -0.017	 -0.010
	 -0.013	  0.199	  0.980

3 	  42.93	  -0.72	   2.94
	  0.699	  0.284	  0.656
	 -0.317	  0.945	 -0.072
	 -0.640	 -0.158	  0.751

4 	  37.53	   4.96	   0.70
	  0.553	  0.832	 -0.032
	 -0.805	  0.543	  0.237
	  0.214	 -0.106	  0.971

5 	  39.09	   5.06	  12.41
	  0.541	  0.155	  0.826
	  0.423	 -0.899	 -0.109
	  0.726	  0.409	 -0.552

6 	  48.92	   6.68	  12.36
	  0.953	  0.157	 -0.258
	  0.292	 -0.696	  0.656
	 -0.077	 -0.701	 -0.709

7 	  38.60	  -7.93	   0.26
	  0.723	 -0.659	 -0.208
	  0.545	  0.729	 -0.414
	  0.424	  0.185	  0.886

8 	  38.71	  -7.45	  12.15
	  0.417	 -0.075	  0.906
	 -0.486	 -0.861	  0.152
	  0.768	 -0.503	 -0.395

9 	  46.25	 -15.26	  12.55
	  0.723	 -0.669	 -0.172
	 -0.587	 -0.465	 -0.663
	  0.363	  0.580	 -0.729

2 	  32.59	  -8.40	  22.96
	 -0.015	  0.979	 -0.200
	 -1.000	 -0.017	 -0.010
	 -0.013	  0.200	  0.980

3 	  42.91	  -0.72	   2.88
	  0.704	  0.285	  0.650
	 -0.315	  0.946	 -0.075
	 -0.636	 -0.152	  0.756

4 	  37.49	   4.96	   0.69
	  0.552	  0.833	 -0.037
	 -0.804	  0.543	  0.241
	  0.221	 -0.103	  0.970

5 	  39.11	   5.06	  12.41
	  0.541	  0.156	  0.826
	  0.424	 -0.899	 -0.108
	  0.726	  0.409	 -0.553

6 	  48.92	   6.66	  12.36
	  0.953	  0.157	 -0.259
	  0.292	 -0.696	  0.656
	 -0.077	 -0.701	 -0.709

7 	  38.48	  -7.96	   0.32
	  0.714	 -0.667	 -0.210
	  0.551	  0.722	 -0.419
	  0.431	  0.183	  0.883

8 	  38.69	  -7.38	  12.16
	  0.416	 -0.084	  0.905
	 -0.511	 -0.845	  0.157
	  0.751	 -0.528	 -0.395

9 	  46.05	 -15.33	  12.39
	  0.702	 -0.686	 -0.191
	 -0.635	 -0.483	 -0.603
	  0.321	  0.545	 -0.774

2 	  32.59	  -8.38	  22.94
	 -0.015	  0.979	 -0.200
	 -1.000	 -0.017	 -0.009
	 -0.012	  0.199	  0.980

3 	  42.84	  -0.76	   2.85
	  0.709	  0.285	  0.644
	 -0.311	  0.947	 -0.078
	 -0.633	 -0.146	  0.760

4 	  37.42	   4.90	   0.67
	  0.552	  0.832	 -0.046
	 -0.802	  0.545	  0.243
	  0.227	 -0.098	  0.969

5 	  39.08	   5.08	  12.38
	  0.544	  0.159	  0.824
	  0.421	 -0.901	 -0.105
	  0.725	  0.404	 -0.557

6 	  48.90	   6.64	  12.23
	  0.951	  0.158	 -0.266
	  0.298	 -0.695	  0.654
	 -0.082	 -0.701	 -0.708

7 	  38.36	  -8.00	   0.32
	  0.707	 -0.673	 -0.217
	  0.552	  0.717	 -0.426
	  0.442	  0.182	  0.878

8 	  38.67	  -7.38	  12.16
	  0.417	 -0.089	  0.904
	 -0.520	 -0.839	  0.158
	  0.745	 -0.536	 -0.396

9 	  46.02	 -15.40	  12.30
	  0.694	 -0.693	 -0.196
	 -0.644	 -0.476	 -0.599
	  0.321	  0.542	 -0.776

2 	  32.59	  -8.38	  22.96
	 -0.015	  0.979	 -0.200
	 -1.000	 -0.017	 -0.009
	 -0.012	  0.199	  0.980

3 	  42.77	  -0.77	   2.81
	  0.713	  0.285	  0.641
	 -0.309	  0.948	 -0.078
	 -0.630	 -0.142	  0.763

4 	  37.37	   4.90	   0.65
	  0.552	  0.832	 -0.049
	 -0.801	  0.545	  0.245
	  0.231	 -0.096	  0.968

5 	  39.06	   5.08	  12.36
	  0.546	  0.161	  0.822
	  0.421	 -0.901	 -0.104
	  0.724	  0.403	 -0.560

6 	  48.88	   6.64	  12.20
	  0.949	  0.159	 -0.270
	  0.302	 -0.696	  0.652
	 -0.084	 -0.701	 -0.708

7 	  38.36	  -8.00	   0.32
	  0.707	 -0.673	 -0.217
	  0.551	  0.717	 -0.427
	  0.442	  0.182	  0.878

8 	  38.67	  -7.38	  12.16
	  0.416	 -0.087	  0.905
	 -0.521	 -0.838	  0.159
	  0.744	 -0.538	 -0.394

9 	  46.00	 -15.45	  12.36
	  0.692	 -0.696	 -0.192
	 -0.644	 -0.476	 -0.599
	  0.326	  0.538	 -0.777

2 	  32.59	  -8.38	  22.96
	 -0.015	  0.979	 -0.200
	 -1.000	 -0.017	 -0.009
	 -0.012	  0.199	  0.980

3 	  42.77	  -0.77	   2.81
	  0.712	  0.285	  0.641
	 -0.309	  0.948	 -0.079
	 -0.630	 -0.141	  0.763

4 	  37.39	   4.89	   0.65
	  0.552	  0.832	 -0.049
	 -0.801	  0.546	  0.244
	  0.229	 -0.096	  0.968

5 	  39.06	   5.08	  12.34
	  0.546	  0.160	  0.822
	  0.421	 -0.901	 -0.104
	  0.724	  0.403	 -0.560

6 	  48.85	   6.66	  12.20
	  0.950	  0.163	 -0.266
	  0.302	 -0.697	  0.650
	 -0.080	 -0.698	 -0.712

7 	  38.39	  -8.00	   0.32
	  0.708	 -0.672	 -0.216
	  0.551	  0.718	 -0.424
	  0.440	  0.181	  0.879

8 	  38.67	  -7.40	  12.16
	  0.414	 -0.089	  0.906
	 -0.524	 -0.837	  0.157
	  0.744	 -0.540	 -0.394

9 	  46.02	 -15.45	  12.45
	  0.695	 -0.695	 -0.182
	 -0.637	 -0.479	 -0.605
	  0.333	  0.536	 -0.776

2 	  32.59	  -8.38	  22.96
	 -0.015	  0.979	 -0.200
	 -1.000	 -0.017	 -0.009
	 -0.013	  0.199	  0.979

3 	  42.79	  -0.77	   2.79
	  0.711	  0.285	  0.642
	 -0.309	  0.948	 -0.079
	 -0.631	 -0.143	  0.762

4 	  37.41	   4.92	   0.65
	  0.550	  0.834	 -0.045
	 -0.804	  0.543	  0.241
	  0.225	 -0.097	  0.969

5 	  39.04	   5.08	  12.34
	  0.544	  0.160	  0.823
	  0.422	 -0.900	 -0.105
	  0.724	  0.405	 -0.558

6 	  48.83	   6.73	  12.29
	  0.950	  0.168	 -0.261
	  0.302	 -0.698	  0.649
	 -0.073	 -0.696	 -0.714

7 	  38.43	  -7.96	   0.32
	  0.710	 -0.670	 -0.215
	  0.552	  0.720	 -0.421
	  0.436	  0.181	  0.881

8 	  38.65	  -7.40	  12.15
	  0.410	 -0.092	  0.907
	 -0.526	 -0.836	  0.153
	  0.745	 -0.541	 -0.391

9 	  46.02	 -15.45	  12.50
	  0.697	 -0.696	 -0.175
	 -0.633	 -0.481	 -0.607
	  0.338	  0.533	 -0.776

2 	  32.59	  -8.38	  22.96
	 -0.015	  0.979	 -0.200
	 -1.000	 -0.017	 -0.009
	 -0.013	  0.199	  0.979

3 	  42.80	  -0.76	   2.81
	  0.709	  0.285	  0.645
	 -0.311	  0.947	 -0.078
	 -0.633	 -0.145	  0.760

4 	  37.42	   4.94	   0.69
	  0.547	  0.836	 -0.041
	 -0.807	  0.540	  0.238
	  0.221	 -0.097	  0.970

5 	  39.01	   5.04	  12.38
	  0.542	  0.158	  0.826
	  0.428	 -0.897	 -0.109
	  0.724	  0.412	 -0.554

6 	  48.81	   6.75	  12.29
	  0.949	  0.176	 -0.261
	  0.307	 -0.699	  0.646
	 -0.069	 -0.693	 -0.718

7 	  38.44	  -7.95	   0.30
	  0.711	 -0.669	 -0.214
	  0.552	  0.721	 -0.418
	  0.433	  0.179	  0.883

8 	  38.65	  -7.40	  12.16
	  0.408	 -0.092	  0.908
	 -0.527	 -0.836	  0.152
	  0.745	 -0.541	 -0.389

9 	  46.02	 -15.42	  12.52
	  0.697	 -0.696	 -0.173
	 -0.632	 -0.483	 -0.606
	  0.338	  0.532	 -0.776

2 	  32.59	  -8.38	  22.96
	 -0.015	  0.979	 -0.200
	 -1.000	 -0.017	 -0.009
	 -0.013	  0.199	  0.979

3 	  42.80	  -0.72	   2.85
	  0.707	  0.286	  0.647
	 -0.312	  0.947	 -0.078
	 -0.635	 -0.147	  0.758

4 	  37.42	   4.94	   0.69
	  0.545	  0.837	 -0.040
	 -0.809	  0.538	  0.236
	  0.219	 -0.097	  0.971

5 	  39.01	   5.08	  12.38
	  0.541	  0.159	  0.826
	  0.430	 -0.896	 -0.109
	  0.723	  0.414	 -0.553

6 	  48.81	   6.79	  12.32
	  0.949	  0.178	 -0.261
	  0.308	 -0.698	  0.646
	 -0.067	 -0.694	 -0.717

7 	  38.44	  -7.95	   0.30
	  0.711	 -0.670	 -0.211
	  0.555	  0.720	 -0.417
	  0.431	  0.179	  0.884

8 	  38.65	  -7.37	  12.16
	  0.406	 -0.093	  0.909
	 -0.529	 -0.835	  0.151
	  0.745	 -0.542	 -0.388

9 	  45.98	 -15.42	  12.52
	  0.696	 -0.697	 -0.172
	 -0.634	 -0.483	 -0.604
	  0.338	  0.529	 -0.778

2 	  32.59	  -8.38	  22.96
	 -0.015	  0.979	 -0.200
	 -1.000	 -0.017	 -0.009
	 -0.013	  0.199	  0.979

3 	  42.82	  -0.72	   2.87
	  0.706	  0.286	  0.647
	 -0.313	  0.947	 -0.078
	 -0.635	 -0.147	  0.758

4 	  37.42	   4.96	   0.69
	  0.544	  0.838	 -0.039
	 -0.810	  0.537	  0.235
	  0.218	 -0.097	  0.971

5 	  39.01	   5.04	  12.39
	  0.540	  0.159	  0.826
	  0.431	 -0.896	 -0.110
	  0.723	  0.415	 -0.553

6 	  48.78	   6.79	  12.29
	  0.947	  0.180	 -0.264
	  0.312	 -0.695	  0.648
	 -0.067	 -0.696	 -0.715

7 	  38.44	  -7.95	   0.30
	  0.711	 -0.671	 -0.210
	  0.556	  0.719	 -0.416
	  0.430	  0.179	  0.885

8 	  38.64	  -7.38	  12.16
	  0.405	 -0.094	  0.909
	 -0.532	 -0.833	  0.151
	  0.744	 -0.545	 -0.387

9 	  45.98	 -15.42	  12.53
	  0.694	 -0.699	 -0.173
	 -0.636	 -0.484	 -0.601
	  0.336	  0.527	 -0.780

2 	  32.59	  -8.38	  22.96
	 -0.015	  0.979	 -0.200
	 -1.000	 -0.017	 -0.010
	 -0.013	  0.199	  0.979

3 	  42.80	  -0.72	   2.85
	  0.706	  0.286	  0.647
	 -0.312	  0.947	 -0.079
	 -0.636	 -0.146	  0.758

4 	  37.42	   4.94	   0.69
	  0.544	  0.838	 -0.039
	 -0.810	  0.537	  0.234
	  0.217	 -0.096	  0.971

5 	  39.01	   5.06	  12.38
	  0.541	  0.159	  0.826
	  0.431	 -0.896	 -0.110
	  0.722	  0.416	 -0.553

6 	  48.80	   6.82	  12.27
	  0.947	  0.182	 -0.266
	  0.315	 -0.692	  0.649
	 -0.066	 -0.698	 -0.713

7 	  38.44	  -7.95	   0.30
	  0.710	 -0.673	 -0.207
	  0.558	  0.718	 -0.416
	  0.428	  0.180	  0.885

8 	  38.60	  -7.37	  12.18
	  0.402	 -0.094	  0.911
	 -0.537	 -0.830	  0.151
	  0.742	 -0.550	 -0.384

9 	  45.91	 -15.45	  12.55
	  0.687	 -0.706	 -0.172
	 -0.644	 -0.483	 -0.593
	  0.335	  0.518	 -0.787

2 	  32.59	  -8.38	  22.96
	 -0.015	  0.979	 -0.200
	 -1.000	 -0.017	 -0.010
	 -0.013	  0.199	  0.979

3 	  42.82	  -0.74	   2.87
	  0.705	  0.285	  0.649
	 -0.310	  0.947	 -0.080
	 -0.637	 -0.145	  0.756

4 	  37.42	   4.92	   0.69
	  0.545	  0.837	 -0.039
	 -0.810	  0.538	  0.233
	  0.216	 -0.096	  0.971

5 	  39.02	   5.06	  12.39
	  0.540	  0.160	  0.826
	  0.431	 -0.896	 -0.109
	  0.722	  0.415	 -0.553

6 	  48.80	   6.80	  12.25
	  0.946	  0.180	 -0.269
	  0.316	 -0.691	  0.650
	 -0.068	 -0.700	 -0.711

7 	  38.43	  -7.96	   0.32
	  0.709	 -0.674	 -0.204
	  0.561	  0.716	 -0.415
	  0.426	  0.180	  0.886

8 	  38.60	  -7.35	  12.18
	  0.402	 -0.094	  0.911
	 -0.538	 -0.829	  0.151
	  0.740	 -0.551	 -0.384

9 	  45.91	 -15.40	  12.59
	  0.688	 -0.705	 -0.173
	 -0.650	 -0.493	 -0.578
	  0.322	  0.510	 -0.797

2 	  32.59	  -8.38	  22.96
	 -0.015	  0.979	 -0.200
	 -1.000	 -0.017	 -0.009
	 -0.013	  0.199	  0.979

3 	  42.82	  -0.76	   2.88
	  0.704	  0.284	  0.650
	 -0.308	  0.948	 -0.080
	 -0.639	 -0.144	  0.755

4 	  37.44	   4.92	   0.69
	  0.547	  0.836	 -0.036
	 -0.809	  0.540	  0.232
	  0.213	 -0.098	  0.972

5 	  39.01	   5.06	  12.39
	  0.540	  0.160	  0.826
	  0.428	 -0.897	 -0.106
	  0.724	  0.411	 -0.553

6 	  48.81	   6.79	  12.23
	  0.946	  0.176	 -0.271
	  0.315	 -0.690	  0.651
	 -0.073	 -0.702	 -0.709

7 	  38.43	  -7.96	   0.32
	  0.709	 -0.675	 -0.204
	  0.562	  0.716	 -0.415
	  0.426	  0.180	  0.887

8 	  38.60	  -7.35	  12.20
	  0.401	 -0.095	  0.911
	 -0.538	 -0.829	  0.150
	  0.741	 -0.551	 -0.384

9 	  45.98	 -15.35	  12.53
	  0.695	 -0.696	 -0.178
	 -0.649	 -0.503	 -0.571
	  0.308	  0.512	 -0.802

2 	  32.59	  -8.38	  22.96
	 -0.015	  0.979	 -0.200
	 -1.000	 -0.017	 -0.009
	 -0.013	  0.199	  0.980

3 	  42.80	  -0.79	   2.92
	  0.703	  0.282	  0.652
	 -0.305	  0.949	 -0.083
	 -0.642	 -0.141	  0.753

4 	  37.49	   4.89	   0.69
	  0.551	  0.834	 -0.032
	 -0.808	  0.542	  0.229
	  0.208	 -0.100	  0.973

5 	  39.01	   5.04	  12.39
	  0.539	  0.160	  0.826
	  0.424	 -0.900	 -0.102
	  0.727	  0.405	 -0.554

6 	  48.81	   6.68	  12.22
	  0.947	  0.167	 -0.273
	  0.310	 -0.688	  0.656
	 -0.079	 -0.706	 -0.704

7 	  38.43	  -8.02	   0.33
	  0.709	 -0.676	 -0.199
	  0.565	  0.714	 -0.414
	  0.422	  0.181	  0.888

8 	  38.60	  -7.35	  12.20
	  0.401	 -0.096	  0.911
	 -0.539	 -0.829	  0.150
	  0.741	 -0.551	 -0.384

9 	  46.07	 -15.29	  12.60
	  0.705	 -0.688	 -0.173
	 -0.638	 -0.509	 -0.578
	  0.309	  0.518	 -0.797

2 	  32.61	  -8.38	  22.96
	 -0.015	  0.980	 -0.200
	 -1.000	 -0.017	 -0.009
	 -0.012	  0.199	  0.980

3 	  42.86	  -0.84	   2.92
	  0.702	  0.281	  0.654
	 -0.300	  0.950	 -0.086
	 -0.646	 -0.136	  0.751

4 	  37.58	   4.87	   0.67
	  0.556	  0.831	 -0.029
	 -0.808	  0.548	  0.214
	  0.194	 -0.096	  0.976

5 	  39.02	   5.06	  12.39
	  0.539	  0.161	  0.827
	  0.420	 -0.902	 -0.098
	  0.730	  0.401	 -0.554

6 	  48.85	   6.64	  12.27
	  0.949	  0.160	 -0.269
	  0.303	 -0.687	  0.660
	 -0.079	 -0.709	 -0.701

7 	  38.51	  -8.07	   0.37
	  0.712	 -0.676	 -0.190
	  0.569	  0.714	 -0.407
	  0.411	  0.181	  0.893

8 	  38.57	  -7.38	  12.25
	  0.399	 -0.099	  0.911
	 -0.542	 -0.828	  0.147
	  0.740	 -0.553	 -0.384

9 	  46.16	 -15.24	  12.71
	  0.721	 -0.672	 -0.169
	 -0.617	 -0.512	 -0.597
	  0.314	  0.535	 -0.784

2 	  32.59	  -8.38	  22.96
	 -0.015	  0.980	 -0.200
	 -1.000	 -0.017	 -0.009
	 -0.013	  0.199	  0.980

3 	  42.91	  -0.90	   3.01
	  0.698	  0.282	  0.658
	 -0.297	  0.950	 -0.093
	 -0.652	 -0.131	  0.747

4 	  37.63	   4.85	   0.67
	  0.558	  0.829	 -0.027
	 -0.809	  0.551	  0.205
	  0.185	 -0.093	  0.978

5 	  39.06	   5.08	  12.41
	  0.542	  0.163	  0.825
	  0.415	 -0.905	 -0.094
	  0.731	  0.393	 -0.558

6 	  48.87	   6.63	  12.29
	  0.951	  0.155	 -0.266
	  0.298	 -0.685	  0.665
	 -0.079	 -0.712	 -0.698

7 	  38.53	  -8.10	   0.42
	  0.714	 -0.675	 -0.185
	  0.572	  0.715	 -0.401
	  0.403	  0.180	  0.897

8 	  38.57	  -7.42	  12.29
	  0.402	 -0.102	  0.910
	 -0.541	 -0.828	  0.146
	  0.738	 -0.551	 -0.389

9 	  46.41	 -15.06	  12.76
	  0.745	 -0.646	 -0.166
	 -0.594	 -0.530	 -0.605
	  0.303	  0.550	 -0.779

2 	  32.59	  -8.38	  22.96
	 -0.015	  0.980	 -0.200
	 -1.000	 -0.017	 -0.009
	 -0.012	  0.199	  0.980

3 	  42.96	  -0.91	   3.08
	  0.693	  0.283	  0.662
	 -0.297	  0.950	 -0.096
	 -0.657	 -0.131	  0.743

4 	  37.69	   4.85	   0.69
	  0.561	  0.827	 -0.026
	 -0.808	  0.554	  0.197
	  0.178	 -0.089	  0.980

5 	  39.13	   5.13	  12.43
	  0.548	  0.163	  0.820
	  0.406	 -0.909	 -0.091
	  0.731	  0.383	 -0.565

6 	  48.94	   6.63	  12.27
