2 	  32.61	  -8.38	  22.96
	 -0.015	  0.979	 -0.200
	 -1.000	 -0.017	 -0.010
	 -0.013	  0.199	  0.980

3 	  44.24	  -1.09	   4.29
	  0.495	  0.321	  0.807
	 -0.313	  0.932	 -0.180
	 -0.811	 -0.164	  0.562

4 	  39.52	   4.69	   0.77
	  0.632	  0.773	  0.043
	 -0.768	  0.619	  0.164
	  0.100	 -0.137	  0.985

5 	  39.16	   7.65	  12.41
	  0.346	  0.209	  0.914
	 -0.276	 -0.909	  0.312
	  0.896	 -0.361	 -0.257

6 	  43.38	  10.09	  21.92
	  0.283	 -0.048	  0.958
	 -0.748	  0.615	  0.251
	 -0.601	 -0.787	  0.138

7 	  40.38	  -8.19	   0.95
	  0.809	 -0.576	 -0.119
	  0.503	  0.783	 -0.366
	  0.303	  0.237	  0.923

8 	  39.08	  -9.83	  12.52
	  0.276	 -0.078	  0.958
	  0.309	 -0.936	 -0.166
	  0.910	  0.342	 -0.234

9 	  44.49	 -11.02	  22.55
	  0.139	  0.020	  0.990
	  0.459	  0.884	 -0.083
	 -0.877	  0.466	  0.113

2 	  32.59	  -8.38	  22.97
	 -0.015	  0.979	 -0.200
	 -1.000	 -0.017	 -0.010
	 -0.013	  0.199	  0.980

3 	  44.24	  -1.09	   4.29
	  0.495	  0.321	  0.807
	 -0.313	  0.932	 -0.180
	 -0.810	 -0.164	  0.562

4 	  39.52	   4.71	   0.76
	  0.632	  0.774	  0.042
	 -0.769	  0.618	  0.164
	  0.100	 -0.136	  0.985

5 	  39.16	   7.65	  12.39
	  0.346	  0.208	  0.915
	 -0.277	 -0.909	  0.312
	  0.896	 -0.361	 -0.257

6 	  43.38	  10.09	  21.92
	  0.282	 -0.049	  0.958
	 -0.748	  0.614	  0.251
	 -0.601	 -0.787	  0.137

7 	  40.38	  -8.19	   0.95
	  0.809	 -0.576	 -0.118
	  0.503	  0.782	 -0.366
	  0.303	  0.237	  0.923

8 	  39.06	  -9.79	  12.52
	  0.271	 -0.078	  0.959
	  0.309	 -0.937	 -0.164
	  0.911	  0.341	 -0.230

9 	  44.49	 -11.02	  22.55
	  0.140	  0.021	  0.990
	  0.459	  0.884	 -0.084
	 -0.877	  0.466	  0.114

2 	  32.59	  -8.38	  22.96
	 -0.015	  0.979	 -0.200
	 -1.000	 -0.017	 -0.010
	 -0.013	  0.200	  0.980

3 	  44.24	  -1.09	   4.27
	  0.496	  0.322	  0.806
	 -0.313	  0.932	 -0.179
	 -0.810	 -0.164	  0.563

4 	  39.52	   4.71	   0.77
	  0.632	  0.774	  0.043
	 -0.769	  0.618	  0.163
	  0.099	 -0.136	  0.985

5 	  39.15	   7.63	  12.39
	  0.344	  0.207	  0.915
	 -0.277	 -0.909	  0.310
	  0.897	 -0.361	 -0.256

6 	  43.38	  10.07	  21.92
	  0.283	 -0.049	  0.958
	 -0.747	  0.615	  0.252
	 -0.601	 -0.787	  0.137

7 	  40.36	  -8.17	   0.97
	  0.809	 -0.575	 -0.117
	  0.503	  0.783	 -0.366
	  0.302	  0.238	  0.923

8 	  38.99	  -9.81	  12.50
	  0.262	 -0.081	  0.961
	  0.299	 -0.941	 -0.161
	  0.917	  0.330	 -0.223

9 	  44.47	 -11.00	  22.55
	  0.143	  0.023	  0.989
	  0.467	  0.880	 -0.088
	 -0.873	  0.474	  0.115

2 	  32.59	  -8.38	  22.96
	 -0.015	  0.979	 -0.200
	 -1.000	 -0.017	 -0.010
	 -0.013	  0.199	  0.979

3 	  44.24	  -1.11	   4.27
	  0.496	  0.321	  0.806
	 -0.312	  0.932	 -0.180
	 -0.810	 -0.163	  0.563

4 	  39.50	   4.69	   0.77
	  0.631	  0.774	  0.045
	 -0.769	  0.617	  0.162
	  0.098	 -0.138	  0.985

5 	  39.15	   7.65	  12.41
	  0.341	  0.208	  0.917
	 -0.277	 -0.910	  0.309
	  0.898	 -0.359	 -0.253

6 	  43.38	  10.11	  21.92
	  0.283	 -0.049	  0.958
	 -0.747	  0.615	  0.253
	 -0.601	 -0.787	  0.137

7 	  40.36	  -8.19	   0.97
	  0.809	 -0.576	 -0.114
	  0.505	  0.782	 -0.365
	  0.300	  0.238	  0.924

8 	  38.94	  -9.77	  12.50
	  0.257	 -0.085	  0.962
	  0.288	 -0.944	 -0.160
	  0.922	  0.318	 -0.218

9 	  44.42	 -11.04	  22.61
	  0.147	  0.024	  0.989
	  0.480	  0.872	 -0.093
	 -0.865	  0.488	  0.117

2 	  32.59	  -8.38	  22.96
	 -0.015	  0.979	 -0.200
	 -1.000	 -0.017	 -0.010
	 -0.013	  0.200	  0.980

3 	  44.23	  -1.07	   4.29
	  0.496	  0.323	  0.806
	 -0.313	  0.932	 -0.180
	 -0.809	 -0.163	  0.564

4 	  39.48	   4.71	   0.79
	  0.630	  0.775	  0.047
	 -0.770	  0.616	  0.163
	  0.097	 -0.140	  0.985

5 	  39.11	   7.65	  12.39
	  0.341	  0.208	  0.917
	 -0.276	 -0.910	  0.309
	  0.899	 -0.358	 -0.253

6 	  43.35	  10.07	  21.96
	  0.283	 -0.051	  0.957
	 -0.747	  0.615	  0.253
	 -0.602	 -0.787	  0.136

7 	  40.34	  -8.17	   1.00
	  0.810	 -0.576	 -0.111
	  0.506	  0.781	 -0.365
	  0.297	  0.240	  0.924

8 	  38.88	  -9.77	  12.50
	  0.248	 -0.088	  0.965
	  0.286	 -0.945	 -0.160
	  0.925	  0.316	 -0.209

9 	  44.37	 -11.07	  22.61
	  0.148	  0.024	  0.989
	  0.486	  0.869	 -0.094
	 -0.861	  0.495	  0.117

2 	  32.59	  -8.38	  22.96
	 -0.015	  0.979	 -0.200
	 -1.000	 -0.017	 -0.010
	 -0.013	  0.200	  0.980

3 	  44.23	  -1.07	   4.29
	  0.497	  0.323	  0.805
	 -0.313	  0.932	 -0.180
	 -0.809	 -0.163	  0.564

4 	  39.48	   4.68	   0.81
	  0.632	  0.773	  0.062
	 -0.770	  0.615	  0.168
	  0.092	 -0.154	  0.984

5 	  38.95	   7.77	  12.27
	  0.311	  0.232	  0.921
	 -0.271	 -0.908	  0.320
	  0.911	 -0.349	 -0.220

6 	  43.31	  10.11	  21.88
	  0.290	 -0.055	  0.955
	 -0.749	  0.608	  0.262
	 -0.596	 -0.792	  0.135

7 	  40.31	  -8.21	   1.02
	  0.809	 -0.578	 -0.103
	  0.508	  0.778	 -0.369
	  0.293	  0.246	  0.923

8 	  38.72	  -9.79	  12.43
	  0.219	 -0.100	  0.970
	  0.293	 -0.942	 -0.163
	  0.931	  0.320	 -0.177

9 	  44.19	 -11.16	  22.64
	  0.147	  0.019	  0.989
	  0.500	  0.861	 -0.091
	 -0.854	  0.508	  0.117

2 	  32.59	  -8.38	  22.96
	 -0.015	  0.979	 -0.200
	 -1.000	 -0.017	 -0.010
	 -0.013	  0.200	  0.979

3 	  44.24	  -1.07	   4.31
	  0.497	  0.322	  0.805
	 -0.313	  0.932	 -0.181
	 -0.809	 -0.162	  0.564

4 	  39.50	   4.68	   0.81
	  0.633	  0.770	  0.075
	 -0.769	  0.615	  0.172
	  0.086	 -0.167	  0.982

5 	  38.58	   7.91	  12.18
	  0.267	  0.256	  0.929
	 -0.271	 -0.905	  0.327
	  0.925	 -0.339	 -0.173

6 	  42.70	  10.11	  21.97
	  0.253	 -0.071	  0.965
	 -0.733	  0.637	  0.239
	 -0.632	 -0.767	  0.109

7 	  40.31	  -8.19	   1.04
	  0.809	 -0.580	 -0.096
	  0.510	  0.774	 -0.374
	  0.291	  0.254	  0.922

8 	  38.39	  -9.91	  12.34
	  0.184	 -0.117	  0.976
	  0.288	 -0.943	 -0.167
	  0.940	  0.312	 -0.141

9 	  43.56	 -11.39	  22.64
	  0.120	  0.005	  0.993
	  0.506	  0.860	 -0.065
	 -0.854	  0.510	  0.100

2 	  32.59	  -8.38	  22.96
	 -0.015	  0.979	 -0.200
	 -1.000	 -0.017	 -0.010
	 -0.013	  0.200	  0.979

3 	  44.23	  -1.07	   4.31
	  0.497	  0.322	  0.806
	 -0.312	  0.933	 -0.180
	 -0.810	 -0.162	  0.564

4 	  39.52	   4.68	   0.84
	  0.634	  0.768	  0.089
	 -0.770	  0.615	  0.171
	  0.076	 -0.177	  0.981

5 	  38.11	   8.07	  12.01
	  0.215	  0.276	  0.937
	 -0.283	 -0.900	  0.331
	  0.935	 -0.336	 -0.116

6 	  41.80	  10.42	  22.04
	  0.191	 -0.063	  0.979
	 -0.720	  0.669	  0.183
	 -0.667	 -0.741	  0.082

7 	  40.31	  -8.17	   1.05
	  0.807	 -0.583	 -0.086
	  0.515	  0.768	 -0.380
	  0.287	  0.263	  0.921

8 	  37.93	 -10.12	  12.09
	  0.131	 -0.145	  0.980
	  0.293	 -0.939	 -0.178
	  0.947	  0.311	 -0.081

9 	  42.73	 -11.88	  22.57
	  0.082	 -0.015	  0.996
	  0.504	  0.863	 -0.029
	 -0.860	  0.505	  0.078

2 	  32.59	  -8.38	  22.97
	 -0.015	  0.979	 -0.200
	 -1.000	 -0.017	 -0.010
	 -0.013	  0.200	  0.979

3 	  44.24	  -1.09	   4.32
	  0.496	  0.320	  0.807
	 -0.311	  0.933	 -0.179
	 -0.811	 -0.162	  0.562

4 	  39.53	   4.71	   0.83
	  0.635	  0.766	  0.101
	 -0.769	  0.615	  0.173
	  0.071	 -0.188	  0.979

5 	  37.60	   8.65	  11.58
	  0.140	  0.318	  0.938
	 -0.331	 -0.878	  0.347
	  0.933	 -0.359	 -0.017

6 	  40.66	  10.97	  21.94
	  0.091	 -0.043	  0.995
	 -0.656	  0.749	  0.092
	 -0.749	 -0.661	  0.039

7 	  40.32	  -8.17	   1.00
	  0.805	 -0.589	 -0.071
	  0.521	  0.759	 -0.389
	  0.283	  0.277	  0.918

8 	  37.39	 -10.56	  11.65
	  0.061	 -0.190	  0.980
	  0.324	 -0.925	 -0.199
	  0.944	  0.330	  0.005

9 	  41.59	 -12.59	  22.32
	  0.019	 -0.058	  0.998
	  0.469	  0.882	  0.042
	 -0.883	  0.467	  0.044

2 	  32.59	  -8.38	  22.96
	 -0.015	  0.979	 -0.200
	 -1.000	 -0.017	 -0.010
	 -0.013	  0.199	  0.980

3 	  44.19	  -1.05	   4.32
	  0.493	  0.314	  0.811
	 -0.308	  0.935	 -0.175
	 -0.814	 -0.163	  0.557

4 	  39.57	   4.73	   0.81
	  0.639	  0.761	  0.110
	 -0.766	  0.619	  0.171
	  0.061	 -0.194	  0.979

5 	  37.07	   9.32	  10.93
	  0.063	  0.354	  0.933
	 -0.427	 -0.835	  0.346
	  0.902	 -0.420	  0.099

6 	  39.36	  11.64	  21.66
	 -0.026	 -0.015	  0.999
	 -0.578	  0.816	 -0.003
	 -0.815	 -0.578	 -0.030

7 	  40.36	  -8.14	   0.93
	  0.803	 -0.593	 -0.057
	  0.529	  0.754	 -0.389
	  0.273	  0.283	  0.919

8 	  36.81	 -11.06	  11.13
	 -0.025	 -0.235	  0.971
	  0.380	 -0.901	 -0.208
	  0.924	  0.364	  0.111

9 	  40.22	 -13.45	  22.06
	 -0.065	 -0.099	  0.993
	  0.409	  0.905	  0.117
	 -0.910	  0.413	 -0.019

2 	  32.59	  -8.38	  22.96
	 -0.015	  0.979	 -0.200
	 -1.000	 -0.017	 -0.010
	 -0.013	  0.200	  0.979

3 	  44.16	  -0.98	   4.38
	  0.484	  0.307	  0.819
	 -0.301	  0.938	 -0.174
	 -0.822	 -0.163	  0.546

4 	  39.67	   4.78	   0.79
	  0.648	  0.750	  0.133
	 -0.760	  0.627	  0.167
	  0.042	 -0.210	  0.977

5 	  36.62	   9.77	  10.41
	 -0.026	  0.372	  0.927
	 -0.514	 -0.801	  0.307
	  0.857	 -0.469	  0.212

6 	  37.95	  11.79	  21.39
	 -0.138	 -0.016	  0.990
	 -0.504	  0.862	 -0.056
	 -0.853	 -0.506	 -0.127

7 	  40.39	  -8.09	   0.88
	  0.801	 -0.596	 -0.047
	  0.537	  0.752	 -0.382
	  0.262	  0.281	  0.923

8 	  36.30	 -11.57	  10.49
	 -0.108	 -0.274	  0.956
	  0.448	 -0.871	 -0.199
	  0.887	  0.407	  0.216

9 	  38.99	 -13.89	  21.73
	 -0.137	 -0.117	  0.983
	  0.333	  0.930	  0.156
	 -0.933	  0.349	 -0.089

2 	  32.59	  -8.38	  22.96
	 -0.015	  0.979	 -0.200
	 -1.000	 -0.017	 -0.009
	 -0.013	  0.199	  0.980

3 	  44.10	  -1.02	   4.43
	  0.476	  0.298	  0.827
	 -0.287	  0.942	 -0.175
	 -0.831	 -0.154	  0.534

4 	  39.76	   4.80	   0.76
	  0.653	  0.743	  0.146
	 -0.757	  0.633	  0.160
	  0.027	 -0.215	  0.976

5 	  36.12	  10.00	   9.83
	 -0.100	  0.394	  0.913
	 -0.550	 -0.787	  0.279
	  0.829	 -0.474	  0.295

6 	  36.79	  11.88	  21.02
	 -0.214	 -0.036	  0.976
	 -0.477	  0.875	 -0.073
	 -0.852	 -0.482	 -0.205

7 	  40.45	  -8.05	   0.79
	  0.802	 -0.596	 -0.044
	  0.540	  0.754	 -0.372
	  0.255	  0.275	  0.927

8 	  35.91	 -11.83	  10.07
	 -0.174	 -0.299	  0.938
	  0.478	 -0.859	 -0.185
	  0.861	  0.416	  0.292

9 	  37.93	 -14.24	  21.36
	 -0.185	 -0.121	  0.975
	  0.312	  0.933	  0.175
	 -0.932	  0.337	 -0.135

2 	  32.59	  -8.38	  22.96
	 -0.015	  0.979	 -0.200
	 -1.000	 -0.017	 -0.010
	 -0.013	  0.200	  0.980

3 	  44.09	  -0.97	   4.46
	  0.470	  0.297	  0.831
	 -0.285	  0.942	 -0.176
	 -0.835	 -0.154	  0.527

4 	  39.78	   4.85	   0.67
	  0.652	  0.744	  0.147
	 -0.758	  0.634	  0.152
	  0.020	 -0.211	  0.977

5 	  35.67	  10.16	   9.39
	 -0.158	  0.414	  0.896
	 -0.555	 -0.788	  0.266
	  0.817	 -0.455	  0.354

6 	  35.79	  12.06	  20.64
	 -0.262	 -0.036	  0.964
	 -0.478	  0.873	 -0.097
	 -0.838	 -0.487	 -0.246

7 	  40.48	  -8.02	   0.76
	  0.802	 -0.595	 -0.045
	  0.541	  0.757	 -0.366
	  0.252	  0.269	  0.929

8 	  35.54	 -11.90	   9.69
	 -0.225	 -0.321	  0.920
	  0.477	 -0.860	 -0.183
	  0.849	  0.398	  0.347

9 	  37.27	 -14.40	  21.06
	 -0.211	 -0.117	  0.970
	  0.334	  0.924	  0.184
	 -0.919	  0.363	 -0.156

2 	  32.59	  -8.38	  22.96
	 -0.015	  0.979	 -0.200
	 -1.000	 -0.017	 -0.010
	 -0.013	  0.200	  0.979

3 	  44.02	  -0.93	   4.46
	  0.464	  0.296	  0.835
	 -0.281	  0.943	 -0.178
	 -0.840	 -0.152	  0.521

4 	  39.78	   4.87	   0.60
	  0.651	  0.745	  0.147
	 -0.759	  0.635	  0.144
	  0.014	 -0.205	  0.978

5 	  35.31	  10.25	   8.88
	 -0.203	  0.434	  0.878
	 -0.562	 -0.786	  0.258
	  0.802	 -0.441	  0.403

6 	  34.89	  12.46	  20.14
	 -0.311	 -0.010	  0.950
	 -0.468	  0.872	 -0.144
	 -0.827	 -0.490	 -0.276

7 	  40.48	  -7.98	   0.69
	  0.801	 -0.596	 -0.052
	  0.543	  0.761	 -0.354
	  0.250	  0.255	  0.934

8 	  35.17	 -12.09	   9.11
	 -0.270	 -0.367	  0.890
	  0.442	 -0.868	 -0.224
	  0.855	  0.333	  0.397

9 	  36.63	 -14.98	  20.48
	 -0.199	 -0.120	  0.972
	  0.416	  0.888	  0.195
	 -0.887	  0.443	 -0.127

2 	  32.59	  -8.38	  22.97
	 -0.015	  0.979	 -0.200
	 -1.000	 -0.017	 -0.010
	 -0.013	  0.200	  0.979

3 	  44.00	  -0.84	   4.46
	  0.457	  0.296	  0.838
	 -0.278	  0.943	 -0.182
	 -0.845	 -0.150	  0.514

4 	  39.80	   4.89	   0.49
	  0.651	  0.745	  0.143
	 -0.759	  0.637	  0.134
	  0.009	 -0.196	  0.980

5 	  35.02	  10.28	   8.46
	 -0.252	  0.453	  0.855
	 -0.564	 -0.786	  0.250
	  0.786	 -0.419	  0.453

6 	  34.03	  13.06	  19.51
	 -0.361	  0.046	  0.931
	 -0.443	  0.870	 -0.215
	 -0.821	 -0.490	 -0.294

7 	  40.54	  -7.93	   0.58
	  0.801	 -0.596	 -0.061
	  0.543	  0.766	 -0.344
	  0.251	  0.243	  0.937

8 	  34.91	 -12.27	   8.54
	 -0.317	 -0.416	  0.852
	  0.428	 -0.865	 -0.262
	  0.846	  0.282	  0.452

9 	  35.74	 -16.33	  19.55
	 -0.216	 -0.204	  0.955
	  0.551	  0.782	  0.291
	 -0.806	  0.588	 -0.056

2 	  32.59	  -8.38	  22.96
	 -0.015	  0.979	 -0.200
	 -1.000	 -0.017	 -0.010
	 -0.013	  0.200	  0.979

3 	  43.96	  -0.84	   4.46
	  0.454	  0.295	  0.840
	 -0.276	  0.943	 -0.182
	 -0.847	 -0.149	  0.510

4 	  39.80	   4.89	   0.44
	  0.651	  0.745	  0.143
	 -0.759	  0.638	  0.126
	  0.002	 -0.191	  0.981

5 	  34.59	  10.27	   7.93
	 -0.308	  0.472	  0.826
	 -0.566	 -0.789	  0.240
	  0.765	 -0.394	  0.509

6 	  32.85	  13.76	  18.67
	 -0.433	  0.111	  0.894
	 -0.388	  0.873	 -0.296
	 -0.814	 -0.475	 -0.335

7 	  40.55	  -7.93	   0.51
	  0.802	 -0.594	 -0.064
	  0.543	  0.770	 -0.335
	  0.248	  0.234	  0.940

8 	  34.65	 -12.50	   7.91
	 -0.377	 -0.451	  0.808
	  0.441	 -0.855	 -0.272
	  0.814	  0.254	  0.521

9 	  34.42	 -17.75	  18.44
	 -0.330	 -0.324	  0.886
	  0.481	  0.750	  0.453
	 -0.812	  0.576	 -0.092

2 	  32.59	  -8.38	  22.96
	 -0.015	  0.979	 -0.200
	 -1.000	 -0.017	 -0.010
	 -0.013	  0.200	  0.979

3 	  43.86	  -0.81	   4.50
	  0.451	  0.296	  0.842
	 -0.274	  0.943	 -0.186
	 -0.850	 -0.146	  0.506

4 	  39.76	   4.89	   0.32
	  0.648	  0.748	  0.139
	 -0.761	  0.638	  0.112
	 -0.005	 -0.179	  0.984

5 	  34.12	  10.23	   7.33
	 -0.375	  0.479	  0.793
	 -0.567	 -0.796	  0.213
	  0.734	 -0.370	  0.569

6 	  31.57	  14.03	  17.79
	 -0.510	  0.143	  0.848
	 -0.329	  0.878	 -0.346
	 -0.795	 -0.456	 -0.401

7 	  40.59	  -7.89	   0.42
	  0.804	 -0.591	 -0.060
	  0.546	  0.775	 -0.316
	  0.234	  0.221	  0.947

8 	  34.31	 -12.71	   7.15
	 -0.453	 -0.464	  0.761
	  0.498	 -0.840	 -0.215
	  0.739	  0.281	  0.611

9 	  32.98	 -18.16	  17.54
	 -0.446	 -0.363	  0.818
	  0.333	  0.781	  0.528
	 -0.831	  0.508	 -0.227

2 	  32.57	  -8.38	  22.96
	 -0.014	  0.979	 -0.201
	 -1.000	 -0.017	 -0.010
	 -0.013	  0.200	  0.979

3 	  43.77	  -0.74	   4.50
	  0.447	  0.300	  0.843
	 -0.271	  0.943	 -0.192
	 -0.852	 -0.143	  0.503

4 	  39.74	   4.85	   0.21
	  0.644	  0.753	  0.133
	 -0.765	  0.637	  0.093
	 -0.015	 -0.162	  0.987

5 	  33.66	  10.00	   6.82
	 -0.439	  0.472	  0.764
	 -0.557	 -0.811	  0.180
	  0.704	 -0.347	  0.619

6 	  30.43	  13.87	  17.02
	 -0.578	  0.146	  0.802
	 -0.285	  0.886	 -0.366
	 -0.764	 -0.441	 -0.471

7 	  40.62	  -7.88	   0.37
	  0.799	 -0.599	 -0.046
	  0.561	  0.772	 -0.298
	  0.214	  0.212	  0.953

8 	  33.98	 -12.69	   6.50
	 -0.534	 -0.449	  0.716
	  0.516	 -0.844	 -0.144
	  0.669	  0.293	  0.683

9 	  31.55	 -17.88	  16.82
	 -0.540	 -0.349	  0.766
	  0.225	  0.817	  0.531
	 -0.811	  0.459	 -0.362

2 	  32.59	  -8.38	  22.96
	 -0.015	  0.979	 -0.200
	 -1.000	 -0.017	 -0.010
	 -0.013	  0.200	  0.979

3 	  43.73	  -0.70	   4.50
	  0.444	  0.303	  0.843
	 -0.269	  0.943	 -0.198
	 -0.855	 -0.139	  0.500

4 	  39.80	   4.87	   0.16
	  0.639	  0.758	  0.128
	 -0.769	  0.635	  0.074
	 -0.025	 -0.146	  0.989

5 	  33.42	   9.88	   6.43
	 -0.490	  0.463	  0.739
	 -0.549	 -0.822	  0.151
	  0.677	 -0.332	  0.656

6 	  29.65	  13.87	  16.35
	 -0.634	  0.162	  0.756
	 -0.229	  0.894	 -0.384
	 -0.739	 -0.417	 -0.530

7 	  40.69	  -7.86	   0.35
	  0.791	 -0.611	 -0.031
	  0.580	  0.765	 -0.280
	  0.195	  0.203	  0.959

8 	  33.73	 -12.62	   6.01
	 -0.597	 -0.437	  0.672
	  0.520	 -0.849	 -0.090
	  0.610	  0.296	  0.734

9 	  30.50	 -17.67	  16.14
	 -0.606	 -0.349	  0.715
	  0.133	  0.841	  0.524
	 -0.784	  0.413	 -0.463

2 	  32.59	  -8.38	  22.96
	 -0.015	  0.979	 -0.200
	 -1.000	 -0.017	 -0.010
	 -0.013	  0.200	  0.979

3 	  43.73	  -0.70	   4.55
	  0.438	  0.306	  0.845
	 -0.265	  0.942	 -0.205
	 -0.859	 -0.134	  0.493

4 	  39.85	   4.82	   0.11
	  0.636	  0.762	  0.120
	 -0.771	  0.634	  0.057
	 -0.033	 -0.129	  0.991

5 	  33.29	   9.79	   6.12
	 -0.520	  0.468	  0.714
	 -0.549	 -0.824	  0.141
	  0.655	 -0.319	  0.685

6 	  29.20	  14.20	  15.64
	 -0.671	  0.215	  0.709
	 -0.166	  0.889	 -0.427
	 -0.722	 -0.404	 -0.561

7 	  40.71	  -7.88	   0.37
	  0.782	 -0.623	 -0.022
	  0.596	  0.758	 -0.265
	  0.182	  0.194	  0.964

8 	  33.56	 -12.60	   5.59
	 -0.637	 -0.440	  0.633
	  0.521	 -0.851	 -0.068
	  0.568	  0.287	  0.771

9 	  29.74	 -17.77	  15.42
	 -0.647	 -0.373	  0.664
	  0.058	  0.845	  0.531
	 -0.760	  0.382	 -0.526

2 	  32.57	  -8.38	  22.96
	 -0.015	  0.979	 -0.200
	 -1.000	 -0.017	 -0.010
	 -0.013	  0.200	  0.980

3 	  43.70	  -0.67	   4.54
	  0.434	  0.310	  0.846
	 -0.263	  0.941	 -0.210
	 -0.862	 -0.132	  0.490

4 	  39.85	   4.78	   0.02
	  0.631	  0.768	  0.107
	 -0.775	  0.630	  0.041
	 -0.036	 -0.109	  0.993

5 	  33.12	   9.72	   5.77
	 -0.546	  0.476	  0.689
	 -0.548	 -0.825	  0.136
	  0.634	 -0.304	  0.711

6 	  28.72	  14.55	  14.91
	 -0.705	  0.264	  0.658
	 -0.107	  0.878	 -0.467
	 -0.701	 -0.400	 -0.591

7 	  40.73	  -7.86	   0.35
	  0.774	 -0.633	 -0.018
	  0.609	  0.752	 -0.249
	  0.171	  0.182	  0.968

8 	  33.38	 -12.53	   5.24
	 -0.671	 -0.437	  0.599
	  0.509	 -0.859	 -0.056
	  0.539	  0.268	  0.798

9 	  29.02	 -17.84	  14.80
	 -0.683	 -0.384	  0.622
	  0.015	  0.843	  0.537
	 -0.730	  0.376	 -0.570

2 	  32.59	  -8.38	  22.96
	 -0.015	  0.979	 -0.200
	 -1.000	 -0.017	 -0.009
	 -0.013	  0.199	  0.979

3 	  43.70	  -0.67	   4.55
	  0.430	  0.313	  0.847
	 -0.260	  0.941	 -0.216
	 -0.865	 -0.128	  0.486

4 	  39.85	   4.69	  -0.04
	  0.626	  0.773	  0.095
	 -0.778	  0.627	  0.022
	 -0.042	 -0.088	  0.995

5 	  32.99	   9.58	   5.47
	 -0.571	  0.476	  0.668
	 -0.542	 -0.830	  0.128
	  0.616	 -0.289	  0.732

6 	  28.32	  14.57	  14.33
	 -0.730	  0.282	  0.622
	 -0.075	  0.872	 -0.484
	 -0.679	 -0.400	 -0.616

7 	  40.69	  -7.89	   0.30
	  0.763	 -0.646	 -0.016
	  0.625	  0.744	 -0.235
	  0.164	  0.169	  0.972

8 	  33.19	 -12.39	   4.99
	 -0.699	 -0.425	  0.575
	  0.488	 -0.871	 -0.049
	  0.522	  0.246	  0.817

9 	  28.41	 -17.70	  14.36
	 -0.711	 -0.375	  0.594
	  0.011	  0.839	  0.543
	 -0.703	  0.392	 -0.593

2 	  32.57	  -8.38	  22.96
	 -0.015	  0.979	 -0.200
	 -1.000	 -0.017	 -0.009
	 -0.013	  0.199	  0.979

3 	  43.65	  -0.70	   4.57
	  0.426	  0.317	  0.847
	 -0.255	  0.940	 -0.224
	 -0.868	 -0.121	  0.482

4 	  39.85	   4.61	  -0.14
	  0.618	  0.782	  0.076
	 -0.785	  0.620	 -0.001
	 -0.047	 -0.059	  0.997

5 	  32.78	   9.37	   5.10
	 -0.602	  0.470	  0.645
	 -0.526	 -0.841	  0.122
	  0.600	 -0.266	  0.754

6 	  27.74	  14.41	  13.69
	 -0.759	  0.286	  0.585
	 -0.052	  0.869	 -0.492
	 -0.649	 -0.404	 -0.644

7 	  40.66	  -7.93	   0.33
	  0.751	 -0.659	 -0.009
	  0.641	  0.734	 -0.222
	  0.153	  0.160	  0.975

8 	  32.98	 -12.23	   4.80
	 -0.728	 -0.403	  0.554
	  0.459	 -0.887	 -0.041
	  0.508	  0.225	  0.831

9 	  27.81	 -17.44	  14.03
	 -0.738	 -0.358	  0.572
	  0.006	  0.844	  0.536
	 -0.675	  0.399	 -0.620

2 	  32.59	  -8.38	  22.96
	 -0.015	  0.979	 -0.200
	 -1.000	 -0.017	 -0.010
	 -0.013	  0.200	  0.979

3 	  43.63	  -0.74	   4.57
	  0.422	  0.323	  0.847
	 -0.251	  0.939	 -0.233
	 -0.871	 -0.114	  0.478

4 	  39.88	   4.48	  -0.21
	  0.610	  0.790	  0.060
	 -0.790	  0.612	 -0.025
	 -0.057	 -0.033	  0.998

5 	  32.66	   9.19	   4.75
	 -0.629	  0.466	  0.622
	 -0.515	 -0.849	  0.116
	  0.583	 -0.247	  0.774

6 	  27.32	  14.36	  13.04
	 -0.783	  0.300	  0.544
	 -0.022	  0.861	 -0.507
	 -0.621	 -0.409	 -0.668

7 	  40.62	  -7.96	   0.33
	  0.741	 -0.671	 -0.007
	  0.655	  0.726	 -0.209
	  0.145	  0.151	  0.978

8 	  32.84	 -12.18	   4.62
	 -0.747	 -0.394	  0.535
	  0.446	 -0.894	 -0.035
	  0.492	  0.212	  0.844

9 	  27.39	 -17.42	  13.59
	 -0.756	 -0.369	  0.540
	 -0.040	  0.850	  0.525
	 -0.653	  0.376	 -0.658

2 	  32.59	  -8.38	  22.96
	 -0.015	  0.979	 -0.200
	 -1.000	 -0.017	 -0.010
	 -0.013	  0.200	  0.979

3 	  43.61	  -0.76	   4.59
	  0.419	  0.326	  0.848
	 -0.248	  0.939	 -0.239
	 -0.874	 -0.110	  0.474

4 	  39.87	   4.43	  -0.35
	  0.604	  0.796	  0.044
	 -0.795	  0.605	 -0.038
	 -0.057	 -0.013	  0.998

5 	  32.55	   9.11	   4.52
	 -0.645	  0.467	  0.605
	 -0.509	 -0.853	  0.116
	  0.570	 -0.233	  0.787

6 	  27.05	  14.50	  12.50
	 -0.799	  0.326	  0.505
	  0.011	  0.847	 -0.531
	 -0.601	 -0.418	 -0.681

7 	  40.62	  -7.95	   0.30
	  0.735	 -0.677	 -0.011
	  0.662	  0.723	 -0.196
	  0.140	  0.136	  0.980

8 	  32.85	 -12.13	   4.36
	 -0.758	 -0.402	  0.512
	  0.446	 -0.894	 -0.042
	  0.475	  0.197	  0.857

9 	  27.19	 -17.72	  12.96
	 -0.770	 -0.407	  0.492
	 -0.094	  0.834	  0.543
	 -0.631	  0.371	 -0.681

2 	  32.59	  -8.38	  22.96
	 -0.015	  0.979	 -0.200
	 -1.000	 -0.017	 -0.010
	 -0.013	  0.200	  0.979

3 	  43.61	  -0.74	   4.57
	  0.416	  0.328	  0.848
	 -0.249	  0.938	 -0.241
	 -0.875	 -0.111	  0.471

4 	  39.87	   4.41	  -0.44
	  0.592	  0.805	  0.029
	 -0.804	  0.592	 -0.055
	 -0.062	  0.009	  0.998

5 	  32.47	   9.04	   4.20
	 -0.661	  0.469	  0.585
	 -0.500	 -0.857	  0.123
	  0.560	 -0.211	  0.801

6 	  26.74	  14.52	  11.94
	 -0.816	  0.339	  0.469
	  0.036	  0.838	 -0.544
	 -0.577	 -0.427	 -0.696

7 	  40.64	  -7.89	   0.26
	  0.735	 -0.678	 -0.014
	  0.664	  0.724	 -0.184
	  0.135	  0.125	  0.983

8 	  32.91	 -12.13	   4.11
	 -0.768	 -0.415	  0.487
	  0.454	 -0.890	 -0.042
	  0.451	  0.189	  0.872

9 	  27.09	 -18.11	  12.32
	 -0.781	 -0.446	  0.437
	 -0.154	  0.816	  0.557
	 -0.605	  0.367	 -0.706

2 	  32.59	  -8.38	  22.96
	 -0.015	  0.979	 -0.200
	 -1.000	 -0.017	 -0.010
	 -0.013	  0.199	  0.979

3 	  43.63	  -0.69	   4.55
	  0.406	  0.335	  0.850
	 -0.254	  0.935	 -0.247
	 -0.878	 -0.115	  0.464

4 	  39.94	   4.34	  -0.54
	  0.583	  0.812	  0.016
	 -0.810	  0.582	 -0.076
	 -0.071	  0.031	  0.997

5 	  32.45	   9.00	   3.83
	 -0.678	  0.475	  0.560
	 -0.494	 -0.860	  0.132
	  0.545	 -0.187	  0.817

6 	  26.58	  14.68	  11.27
	 -0.828	  0.356	  0.433
	  0.061	  0.825	 -0.561
	 -0.557	 -0.438	 -0.705

7 	  40.73	  -7.88	   0.25
	  0.734	 -0.679	 -0.015
	  0.667	  0.725	 -0.169
	  0.125	  0.114	  0.985

8 	  32.96	 -12.15	   3.94
	 -0.777	 -0.421	  0.468
	  0.457	 -0.888	 -0.041
	  0.433	  0.182	  0.883

9 	  26.98	 -18.37	  11.85
	 -0.790	 -0.468	  0.396
	 -0.185	  0.798	  0.574
	 -0.585	  0.380	 -0.717

2 	  32.59	  -8.40	  22.96
	 -0.014	  0.979	 -0.200
	 -1.000	 -0.016	 -0.010
	 -0.013	  0.199	  0.980

3 	  43.66	  -0.65	   4.59
	  0.397	  0.339	  0.853
	 -0.255	  0.933	 -0.253
	 -0.882	 -0.117	  0.457

4 	  40.03	   4.25	  -0.62
	  0.582	  0.813	  0.004
	 -0.810	  0.579	 -0.093
	 -0.078	  0.051	  0.995

5 	  32.48	   9.00	   3.60
	 -0.684	  0.489	  0.542
	 -0.499	 -0.855	  0.142
	  0.533	 -0.173	  0.828

6 	  26.61	  14.91	  10.85
	 -0.829	  0.378	  0.412
	  0.087	  0.815	 -0.573
	 -0.553	 -0.438	 -0.708

7 	  40.75	  -7.88	   0.25
	  0.730	 -0.683	 -0.014
	  0.672	  0.722	 -0.162
	  0.120	  0.109	  0.987

8 	  32.89	 -12.18	   3.78
	 -0.785	 -0.426	  0.449
	  0.457	 -0.888	 -0.044
	  0.418	  0.171	  0.892

9 	  26.77	 -18.60	  11.39
	 -0.797	 -0.489	  0.355
	 -0.216	  0.780	  0.587
	 -0.564	  0.391	 -0.727

2 	  32.57	  -8.38	  22.96
	 -0.015	  0.979	 -0.200
	 -1.000	 -0.017	 -0.010
	 -0.013	  0.199	  0.979

3 	  43.65	  -0.69	   4.59
	  0.394	  0.341	  0.853
	 -0.251	  0.933	 -0.258
	 -0.884	 -0.113	  0.453

4 	  40.04	   4.18	  -0.67
	  0.582	  0.813	 -0.007
	 -0.809	  0.578	 -0.104
	 -0.081	  0.066	  0.994

5 	  32.52	   8.98	   3.43
	 -0.686	  0.496	  0.532
	 -0.500	 -0.853	  0.151
	  0.529	 -0.162	  0.833

6 	  26.54	  14.91	  10.55
	 -0.832	  0.386	  0.398
	  0.100	  0.811	 -0.577
	 -0.546	 -0.440	 -0.713

7 	  40.68	  -7.89	   0.21
	  0.722	 -0.691	 -0.017
	  0.681	  0.716	 -0.150
	  0.116	  0.096	  0.988

8 	  32.87	 -12.16	   3.60
	 -0.791	 -0.432	  0.432
	  0.456	 -0.888	 -0.053
	  0.407	  0.155	  0.900

9 	  26.67	 -18.83	  10.93
	 -0.800	 -0.505	  0.322
	 -0.244	  0.766	  0.595
	 -0.548	  0.398	 -0.736

2 	  32.59	  -8.40	  22.96
	 -0.015	  0.979	 -0.200
	 -1.000	 -0.017	 -0.009
	 -0.013	  0.200	  0.980

3 	  43.66	  -0.72	   4.59
	  0.392	  0.342	  0.854
	 -0.245	  0.933	 -0.261
	 -0.887	 -0.107	  0.449

4 	  40.06	   4.13	  -0.74
	  0.582	  0.813	 -0.016
	 -0.809	  0.576	 -0.112
	 -0.082	  0.078	  0.993

5 	  32.50	   8.91	   3.32
	 -0.694	  0.494	  0.523
	 -0.493	 -0.856	  0.154
	  0.524	 -0.151	  0.838

6 	  26.42	  14.84	  10.37
	 -0.839	  0.383	  0.386
	  0.104	  0.809	 -0.578
	 -0.534	 -0.445	 -0.719

7 	  40.66	  -7.89	   0.21
	  0.720	 -0.693	 -0.019
	  0.684	  0.715	 -0.143
	  0.113	  0.090	  0.989

8 	  32.89	 -12.18	   3.46
	 -0.793	 -0.440	  0.420
	  0.459	 -0.886	 -0.061
	  0.399	  0.145	  0.905

9 	  26.67	 -18.95	  10.67
	 -0.800	 -0.519	  0.302
	 -0.266	  0.758	  0.596
	 -0.538	  0.396	 -0.744

2 	  32.59	  -8.40	  22.96
	 -0.015	  0.979	 -0.200
	 -1.000	 -0.017	 -0.009
	 -0.013	  0.200	  0.980

3 	  43.66	  -0.74	   4.59
	  0.388	  0.341	  0.856
	 -0.241	  0.934	 -0.263
	 -0.889	 -0.104	  0.445

4 	  40.10	   4.15	  -0.72
	  0.578	  0.815	 -0.018
	 -0.812	  0.572	 -0.116
	 -0.084	  0.082	  0.993

5 	  32.45	   8.81	   3.29
	 -0.701	  0.485	  0.522
	 -0.484	 -0.862	  0.151
	  0.524	 -0.146	  0.839

6 	  26.33	  14.62	  10.42
	 -0.843	  0.371	  0.389
	  0.096	  0.816	 -0.570
	 -0.529	 -0.443	 -0.723

7 	  40.69	  -7.88	   0.18
	  0.720	 -0.693	 -0.021
	  0.684	  0.715	 -0.140
	  0.112	  0.086	  0.990

8 	  32.89	 -12.18	   3.45
	 -0.794	 -0.442	  0.418
	  0.460	 -0.886	 -0.062
	  0.398	  0.144	  0.906

9 	  26.72	 -18.90	  10.79
	 -0.798	 -0.514	  0.316
	 -0.261	  0.766	  0.587
	 -0.544	  0.385	 -0.745

2 	  32.59	  -8.38	  22.96
	 -0.015	  0.979	 -0.200
	 -1.000	 -0.017	 -0.009
	 -0.013	  0.200	  0.980

3 	  43.66	  -0.74	   4.59
	  0.387	  0.341	  0.856
	 -0.240	  0.934	 -0.264
	 -0.890	 -0.103	  0.443

4 	  40.10	   4.17	  -0.70
	  0.577	  0.816	 -0.017
	 -0.812	  0.571	 -0.116
	 -0.085	  0.080	  0.993

5 	  32.54	   8.88	   3.64
	 -0.688	  0.479	  0.544
	 -0.486	 -0.862	  0.144
	  0.538	 -0.166	  0.826

6 	  26.74	  14.55	  11.14
	 -0.826	  0.360	  0.433
	  0.072	  0.830	 -0.553
	 -0.559	 -0.425	 -0.712

7 	  40.68	  -7.89	   0.19
	  0.721	 -0.692	 -0.022
	  0.682	  0.716	 -0.143
	  0.114	  0.088	  0.989

8 	  32.87	 -12.16	   3.92
	 -0.780	 -0.427	  0.457
	  0.458	 -0.888	 -0.047
	  0.425	  0.173	  0.888

9 	  26.95	 -18.51	  11.76
	 -0.787	 -0.492	  0.372
	 -0.226	  0.791	  0.568
	 -0.574	  0.363	 -0.734

2 	  32.59	  -8.40	  22.96
	 -0.015	  0.979	 -0.200
	 -1.000	 -0.017	 -0.009
	 -0.012	  0.199	  0.980

3 	  43.66	  -0.74	   4.59
	  0.389	  0.341	  0.856
	 -0.240	  0.934	 -0.264
	 -0.890	 -0.103	  0.445

4 	  40.11	   4.29	  -0.54
	  0.594	  0.804	  0.011
	 -0.802	  0.592	 -0.080
	 -0.071	  0.038	  0.997

5 	  32.82	   9.07	   4.38
	 -0.648	  0.472	  0.598
	 -0.507	 -0.853	  0.124
	  0.569	 -0.223	  0.791

6 	  27.63	  14.41	  12.60
	 -0.789	  0.341	  0.510
	  0.044	  0.860	 -0.507
	 -0.612	 -0.378	 -0.694

7 	  40.64	  -7.96	   0.28
	  0.729	 -0.683	 -0.033
	  0.669	  0.723	 -0.169
	  0.139	  0.101	  0.985

8 	  32.99	 -12.13	   4.71
	 -0.746	 -0.413	  0.522
	  0.468	 -0.883	 -0.029
	  0.473	  0.223	  0.852

9 	  27.67	 -18.04	  13.24
	 -0.756	 -0.464	  0.461
	 -0.177	  0.824	  0.539
	 -0.630	  0.326	 -0.705

2 	  32.59	  -8.38	  22.94
	 -0.015	  0.979	 -0.200
	 -1.000	 -0.017	 -0.009
	 -0.012	  0.199	  0.980

3 	  43.73	  -0.77	   4.66
	  0.397	  0.335	  0.854
	 -0.235	  0.937	 -0.258
	 -0.887	 -0.099	  0.451

4 	  40.17	   4.52	  -0.30
	  0.613	  0.788	  0.052
	 -0.788	  0.615	 -0.037
	 -0.061	 -0.018	  0.998

5 	  33.28	   9.37	   5.36
	 -0.589	  0.462	  0.663
	 -0.536	 -0.838	  0.108
	  0.605	 -0.292	  0.741

6 	  28.90	  14.26	  14.34
	 -0.737	  0.321	  0.594
	  0.033	  0.896	 -0.443
	 -0.675	 -0.307	 -0.671

7 	  40.68	  -8.00	   0.40
	  0.748	 -0.662	 -0.045
	  0.644	  0.740	 -0.195
	  0.162	  0.116	  0.980

8 	  33.35	 -12.30	   5.68
	 -0.679	 -0.418	  0.602
	  0.504	 -0.863	 -0.030
	  0.532	  0.283	  0.797

9 	  29.16	 -17.88	  14.94
	 -0.687	 -0.455	  0.566
	 -0.140	  0.847	  0.512
	 -0.713	  0.273	 -0.646

2 	  32.59	  -8.38	  22.96
	 -0.015	  0.979	 -0.200
	 -1.000	 -0.017	 -0.010
	 -0.013	  0.199	  0.980

3 	  43.82	  -0.86	   4.71
	  0.408	  0.329	  0.851
	 -0.234	  0.939	 -0.251
	 -0.882	 -0.097	  0.460

4 	  40.18	   4.61	  -0.07
	  0.627	  0.773	  0.090
	 -0.777	  0.629	  0.011
	 -0.048	 -0.078	  0.996

5 	  33.89	   9.67	   6.49
	 -0.504	  0.460	  0.731
	 -0.573	 -0.811	  0.116
	  0.647	 -0.360	  0.672

6 	  30.64	  14.22	  16.12
	 -0.665	  0.317	  0.676
	  0.036	  0.918	 -0.395
	 -0.746	 -0.238	 -0.622

7 	  40.68	  -8.07	   0.53
	  0.773	 -0.631	 -0.058
	  0.606	  0.764	 -0.222
	  0.184	  0.137	  0.973

8 	  34.05	 -12.57	   6.80
	 -0.573	 -0.441	  0.690
	  0.562	 -0.825	 -0.061
	  0.596	  0.354	  0.720

9 	  31.39	 -17.95	  16.65
	 -0.578	 -0.468	  0.668
	 -0.128	  0.861	  0.492
	 -0.806	  0.199	 -0.558

2 	  32.57	  -8.37	  22.96
	 -0.015	  0.979	 -0.200
	 -1.000	 -0.017	 -0.009
	 -0.013	  0.200	  0.979

3 	  43.86	  -0.88	   4.73
	  0.423	  0.326	  0.845
	 -0.245	  0.939	 -0.240
	 -0.872	 -0.105	  0.477

4 	  40.15	   4.69	   0.09
	  0.637	  0.762	  0.111
	 -0.770	  0.636	  0.051
	 -0.032	 -0.118	  0.992

5 	  34.68	   9.98	   7.49
	 -0.398	  0.462	  0.792
	 -0.614	 -0.776	  0.144
	  0.681	 -0.429	  0.593

6 	  32.61	  14.27	  17.56
	 -0.578	  0.323	  0.749
	  0.046	  0.929	 -0.366
	 -0.815	 -0.177	 -0.552

7 	  40.68	  -8.12	   0.58
	  0.792	 -0.605	 -0.074
	  0.574	  0.781	 -0.245
	  0.206	  0.151	  0.966

8 	  34.79	 -12.78	   7.77
	 -0.450	 -0.452	  0.770
	  0.596	 -0.794	 -0.119
	  0.665	  0.406	  0.627

9 	  33.73	 -17.89	  18.07
	 -0.465	 -0.468	  0.751
	 -0.095	  0.870	  0.483
	 -0.880	  0.153	 -0.449

2 	  32.59	  -8.38	  22.96
	 -0.015	  0.979	 -0.200
	 -1.000	 -0.017	 -0.010
	 -0.013	  0.200	  0.980

3 	  43.88	  -0.93	   4.73
	  0.438	  0.325	  0.838
	 -0.252	  0.939	 -0.233
	 -0.863	 -0.109	  0.493

4 	  40.13	   4.75	   0.19
	  0.652	  0.750	  0.109
	 -0.758	  0.646	  0.088
	 -0.004	 -0.140	  0.990

5 	  35.42	  10.23	   8.16
	 -0.301	  0.472	  0.828
	 -0.640	 -0.744	  0.192
	  0.707	 -0.472	  0.526

6 	  34.35	  14.41	  18.47
	 -0.502	  0.334	  0.798
	  0.063	  0.934	 -0.351
	 -0.863	 -0.125	 -0.490

7 	  40.59	  -8.09	   0.58
	  0.799	 -0.596	 -0.082
	  0.561	  0.787	 -0.256
	  0.217	  0.159	  0.963

8 	  35.42	 -12.71	   8.63
	 -0.332	 -0.445	  0.832
	  0.598	 -0.781	 -0.180
	  0.729	  0.438	  0.525

9 	  35.77	 -17.54	  19.07
	 -0.360	 -0.453	  0.815
	 -0.039	  0.880	  0.472
	 -0.932	  0.138	 -0.334

2 	  32.57	  -8.38	  22.96
	 -0.015	  0.979	 -0.200
	 -1.000	 -0.017	 -0.010
	 -0.013	  0.200	  0.979

3 	  43.89	  -1.00	   4.69
	  0.457	  0.321	  0.829
	 -0.253	  0.941	 -0.224
	 -0.853	 -0.108	  0.511

4 	  40.13	   4.76	   0.26
	  0.668	  0.737	  0.105
	 -0.744	  0.657	  0.117
	  0.017	 -0.156	  0.987

5 	  36.14	  10.44	   8.72
	 -0.217	  0.475	  0.852
	 -0.657	 -0.717	  0.233
	  0.722	 -0.510	  0.468

6 	  35.91	  14.50	  19.18
	 -0.434	  0.340	  0.834
	  0.070	  0.936	 -0.345
	 -0.898	 -0.091	 -0.430

7 	  40.48	  -8.07	   0.60
	  0.803	 -0.590	 -0.081
	  0.553	  0.789	 -0.267
	  0.221	  0.170	  0.960

8 	  36.07	 -12.60	   9.35
	 -0.221	 -0.422	  0.879
	  0.596	 -0.772	 -0.221
	  0.772	  0.475	  0.422

9 	  37.55	 -17.05	  19.90
	 -0.265	 -0.423	  0.867
	 -0.005	  0.899	  0.437
	 -0.964	  0.112	 -0.240

2 	  32.59	  -8.38	  22.96
	 -0.015	  0.979	 -0.200
	 -1.000	 -0.017	 -0.010
	 -0.013	  0.200	  0.979

3 	  43.89	  -1.07	   4.68
	  0.473	  0.322	  0.820
	 -0.258	  0.941	 -0.220
	 -0.842	 -0.107	  0.528

4 	  40.04	   4.71	   0.35
	  0.677	  0.729	  0.099
	 -0.735	  0.663	  0.141
	  0.037	 -0.169	  0.985

5 	  36.95	  10.39	   9.40
	 -0.108	  0.464	  0.879
	 -0.658	 -0.696	  0.286
	  0.745	 -0.548	  0.380

6 	  37.90	  14.17	  19.88
	 -0.335	  0.332	  0.882
	  0.052	  0.941	 -0.335
	 -0.941	 -0.067	 -0.332

7 	  40.32	  -8.12	   0.72
	  0.807	 -0.585	 -0.077
	  0.546	  0.789	 -0.281
	  0.225	  0.185	  0.957

8 	  36.62	 -12.34	  10.14
	 -0.108	 -0.394	  0.913
	  0.551	 -0.788	 -0.275
	  0.827	  0.474	  0.302

9 	  39.36	 -16.40	  20.55
	 -0.161	 -0.385	  0.908
	  0.070	  0.914	  0.400
	 -0.984	  0.127	 -0.120

2 	  32.59	  -8.38	  22.96
	 -0.015	  0.979	 -0.200
	 -1.000	 -0.017	 -0.010
	 -0.013	  0.200	  0.979

3 	  43.89	  -1.12	   4.61
	  0.493	  0.324	  0.807
	 -0.268	  0.939	 -0.214
	 -0.828	 -0.111	  0.550

4 	  39.97	   4.66	   0.42
	  0.688	  0.719	  0.097
	 -0.723	  0.669	  0.168
	  0.056	 -0.186	  0.981

5 	  37.86	  10.18	  10.14
	  0.015	  0.436	  0.899
	 -0.637	 -0.689	  0.345
	  0.770	 -0.579	  0.267

6 	  40.01	  13.54	  20.60
	 -0.224	  0.299	  0.927
	  0.019	  0.953	 -0.303
	 -0.974	 -0.050	 -0.220

7 	  40.15	  -8.17	   0.79
	  0.805	 -0.588	 -0.079
	  0.544	  0.784	 -0.297
	  0.236	  0.196	  0.952

8 	  37.27	 -12.02	  10.78
	  0.003	 -0.356	  0.934
	  0.504	 -0.807	 -0.309
	  0.863	  0.472	  0.177

9 	  40.99	 -15.66	  21.08
	 -0.066	 -0.338	  0.939
	  0.144	  0.928	  0.344
	 -0.987	  0.158	 -0.013

2 	  32.59	  -8.38	  22.96
	 -0.015	  0.979	 -0.200
	 -1.000	 -0.017	 -0.010
	 -0.013	  0.200	  0.979

3 	  43.91	  -1.23	   4.55
	  0.508	  0.321	  0.799
	 -0.274	  0.940	 -0.203
	 -0.817	 -0.116	  0.565

4 	  39.87	   4.62	   0.51
	  0.697	  0.711	  0.094
	 -0.714	  0.675	  0.187
	  0.069	 -0.198	  0.978

5 	  38.62	   9.77	  10.81
	  0.126	  0.395	  0.910
	 -0.596	 -0.703	  0.388
	  0.793	 -0.591	  0.147

6 	  41.73	  12.67	  20.97
	 -0.119	  0.251	  0.960
	 -0.044	  0.965	 -0.258
	 -0.992	 -0.073	 -0.104

7 	  40.04	  -8.14	   0.84
	  0.803	 -0.589	 -0.082
	  0.543	  0.783	 -0.302
	  0.242	  0.198	  0.949

8 	  37.86	 -11.58	  11.25
	  0.095	 -0.312	  0.945
	  0.458	 -0.829	 -0.319
	  0.884	  0.464	  0.064

9 	  42.49	 -14.70	  21.38
	  0.009	 -0.284	  0.958
	  0.202	  0.939	  0.276
	 -0.979	  0.191	  0.066

2 	  32.57	  -8.38	  22.96
	 -0.015	  0.979	 -0.200
	 -1.000	 -0.017	 -0.010
	 -0.013	  0.199	  0.979

3 	  43.95	  -1.23	   4.54
	  0.518	  0.319	  0.793
	 -0.285	  0.939	 -0.193
	 -0.807	 -0.126	  0.577

4 	  39.76	   4.62	   0.63
	  0.692	  0.716	  0.085
	 -0.717	  0.669	  0.196
	  0.084	 -0.197	  0.977

5 	  39.22	   9.28	  11.36
	  0.223	  0.363	  0.904
	 -0.499	 -0.755	  0.426
	  0.837	 -0.546	  0.012

6 	  43.10	  12.08	  21.22
	 -0.018	  0.197	  0.980
	 -0.152	  0.968	 -0.198
	 -0.988	 -0.152	  0.012

7 	  40.03	  -8.14	   0.88
	  0.804	 -0.588	 -0.085
	  0.542	  0.784	 -0.303
	  0.245	  0.198	  0.949

8 	  38.43	 -11.16	  11.64
	  0.161	 -0.272	  0.948
	  0.427	 -0.847	 -0.316
	  0.889	  0.457	 -0.021

9 	  43.61	 -13.85	  21.52
	  0.081	 -0.224	  0.971
	  0.259	  0.946	  0.196
	 -0.962	  0.236	  0.135

2 	  32.59	  -8.38	  22.96
	 -0.015	  0.979	 -0.200
	 -1.000	 -0.017	 -0.009
	 -0.012	  0.199	  0.980

3 	  43.95	  -1.16	   4.48
	  0.525	  0.322	  0.787
	 -0.294	  0.937	 -0.187
	 -0.798	 -0.134	  0.587

4 	  39.57	   4.68	   0.74
	  0.680	  0.730	  0.064
	 -0.727	  0.661	  0.184
	  0.092	 -0.172	  0.981

5 	  39.46	   8.79	  11.78
	  0.292	  0.338	  0.894
	 -0.388	 -0.813	  0.434
	  0.874	 -0.474	 -0.107

6 	  44.03	  11.48	  21.16
	  0.091	  0.126	  0.988
	 -0.289	  0.952	 -0.095
	 -0.953	 -0.277	  0.123

7 	  40.01	  -8.10	   0.90
	  0.805	 -0.586	 -0.091
	  0.538	  0.786	 -0.304
	  0.250	  0.195	  0.948

8 	  38.76	 -10.85	  11.88
	  0.228	 -0.253	  0.940
	  0.336	 -0.886	 -0.320
	  0.913	  0.389	 -0.117

9 	  44.58	 -13.43	  21.46
	  0.156	 -0.163	  0.974
	  0.368	  0.925	  0.096
	 -0.917	  0.343	  0.204

2 	  32.57	  -8.38	  22.96
	 -0.015	  0.979	 -0.200
	 -1.000	 -0.017	 -0.010
	 -0.013	  0.200	  0.979

3 	  43.93	  -1.16	   4.41
	  0.529	  0.322	  0.785
	 -0.306	  0.935	 -0.177
	 -0.791	 -0.146	  0.594

4 	  39.34	   4.64	   0.77
	  0.664	  0.747	  0.037
	 -0.742	  0.652	  0.156
	  0.092	 -0.132	  0.987

5 	  39.50	   8.42	  11.99
	  0.347	  0.324	  0.880
	 -0.281	 -0.859	  0.427
	  0.895	 -0.396	 -0.207

6 	  44.63	  11.13	  21.01
	  0.218	  0.031	  0.975
	 -0.450	  0.890	  0.072
	 -0.866	 -0.455	  0.208

7 	  39.97	  -8.09	   0.93
	  0.805	 -0.584	 -0.101
	  0.534	  0.788	 -0.305
	  0.258	  0.191	  0.947

8 	  39.08	 -10.56	  12.06
	  0.282	 -0.229	  0.931
	  0.270	 -0.913	 -0.307
	  0.920	  0.338	 -0.196

9 	  45.21	 -13.01	  21.36
	  0.209	 -0.121	  0.970
	  0.433	  0.901	  0.018
	 -0.877	  0.417	  0.241

2 	  32.59	  -8.38	  22.96
	 -0.015	  0.979	 -0.200
	 -1.000	 -0.017	 -0.010
	 -0.013	  0.200	  0.979

3 	  43.86	  -1.09	   4.36
	  0.533	  0.326	  0.780
	 -0.325	  0.931	 -0.167
	 -0.781	 -0.165	  0.602

4 	  39.09	   4.69	   0.83
	  0.645	  0.764	  0.028
	 -0.758	  0.634	  0.149
	  0.096	 -0.118	  0.988

5 	  39.48	   8.09	  12.18
	  0.386	  0.297	  0.873
	 -0.225	 -0.888	  0.401
	  0.894	 -0.352	 -0.276

6 	  44.82	  10.74	  21.01
	  0.292	 -0.005	  0.956
	 -0.533	  0.829	  0.167
	 -0.794	 -0.558	  0.240

7 	  39.94	  -8.05	   0.93
	  0.810	 -0.574	 -0.115
	  0.516	  0.793	 -0.322
	  0.276	  0.201	  0.939

8 	  39.20	 -10.35	  12.09
	  0.303	 -0.202	  0.931
	  0.283	 -0.914	 -0.291
	  0.910	  0.352	 -0.220

9 	  45.47	 -12.57	  21.39
	  0.221	 -0.096	  0.970
	  0.432	  0.901	 -0.009
	 -0.874	  0.421	  0.241

2 	  32.59	  -8.38	  22.96
	 -0.015	  0.979	 -0.200
	 -1.000	 -0.017	 -0.010
	 -0.013	  0.199	  0.979

3 	  43.75	  -1.00	   4.27
	  0.538	  0.328	  0.777
	 -0.344	  0.926	 -0.152
	 -0.770	 -0.186	  0.611

4 	  38.83	   4.71	   0.83
	  0.628	  0.777	  0.026
	 -0.772	  0.618	  0.149
	  0.100	 -0.114	  0.988

5 	  39.41	   7.82	  12.30
	  0.409	  0.267	  0.872
	 -0.206	 -0.904	  0.373
	  0.889	 -0.333	 -0.315

6 	  44.88	  10.39	  21.15
	  0.311	 -0.028	  0.950
	 -0.554	  0.806	  0.205
	 -0.772	 -0.591	  0.235

7 	  39.90	  -8.02	   0.86
	  0.813	 -0.568	 -0.127
	  0.505	  0.796	 -0.334
	  0.291	  0.207	  0.934

8 	  39.25	 -10.16	  12.09
	  0.311	 -0.176	  0.934
	  0.303	 -0.913	 -0.273
	  0.901	  0.368	 -0.231

9 	  45.58	 -12.11	  21.48
	  0.224	 -0.073	  0.972
	  0.420	  0.907	 -0.029
	 -0.879	  0.415	  0.233

