% Calibrated with leiden_pols
% Positions are in centimeters
Data =[
 2    36.388    -7.213    15.723
 2     0.952    -0.307    -0.005
 2     0.305     0.950     0.050
 2    -0.010    -0.051     0.999
 3    41.412     3.240    -2.192
 3     0.671    -0.701     0.242
 3     0.703     0.498    -0.507
 3     0.235     0.510     0.827
 4    42.082    -6.892    -1.845
 4     0.639     0.752     0.162
 4    -0.740     0.543     0.396
 4     0.210    -0.373     0.904
 5    44.277    -7.204     2.567
 5     0.379     0.187     0.906
 5    -0.155    -0.953     0.260
 5     0.912    -0.238    -0.332
 6    46.715    -8.414     7.881
 6     0.138     0.620    -0.774
 6    -0.034     0.782     0.620
 6     0.990    -0.057     0.127
 7    47.157    -1.522    -1.982
 7     0.351     0.206    -0.914
 7    -0.135     0.976     0.167
 7     0.926     0.065     0.370
 8    42.757     5.285     2.062
 8     0.280    -0.202     0.939
 8     0.305    -0.909    -0.286
 8     0.910     0.365    -0.193
 9    46.783     5.782     9.240
 9     0.278    -0.564    -0.780
 9     0.054     0.818    -0.570
 9     0.959     0.114     0.258
 2    36.388    -7.213    15.723
 2     0.952    -0.307    -0.005
 2     0.305     0.950     0.050
 2    -0.010    -0.051     0.999
 3    41.439     3.241    -2.195
 3     0.670    -0.702     0.241
 3     0.703     0.498    -0.507
 3     0.236     0.509     0.827
 4    42.059    -6.892    -1.848
 4     0.638     0.753     0.161
 4    -0.741     0.542     0.396
 4     0.211    -0.372     0.904
 5    44.277    -7.204     2.541
 5     0.379     0.186     0.907
 5    -0.155    -0.953     0.259
 5     0.912    -0.238    -0.332
 6    46.715    -8.414     7.881
 6     0.138     0.621    -0.773
 6    -0.034     0.781     0.621
 6     0.990    -0.057     0.127
 7    47.164    -1.546    -1.991
 7     0.351     0.207    -0.914
 7    -0.135     0.976     0.168
 7     0.927     0.065     0.370
 8    42.757     5.285     2.062
 8     0.280    -0.203     0.938
 8     0.305    -0.909    -0.286
 8     0.910     0.365    -0.193
 9    46.798     5.779     9.251
 9     0.279    -0.562    -0.781
 9     0.054     0.819    -0.569
 9     0.958     0.114     0.257
 2    36.387    -7.213    15.722
 2     0.952    -0.307    -0.005
 2     0.306     0.950     0.050
 2    -0.010    -0.050     0.999
 3    41.414     3.241    -2.194
 3     0.671    -0.702     0.240
 3     0.703     0.498    -0.508
 3     0.236     0.509     0.827
 4    42.061    -6.892    -1.851
 4     0.637     0.754     0.160
 4    -0.741     0.542     0.396
 4     0.212    -0.371     0.904
 5    44.278    -7.204     2.541
 5     0.379     0.185     0.907
 5    -0.156    -0.953     0.258
 5     0.912    -0.238    -0.332
 6    46.715    -8.414     7.882
 6     0.139     0.622    -0.772
 6    -0.034     0.781     0.622
 6     0.990    -0.058     0.128
 7    47.164    -1.546    -1.990
 7     0.350     0.207    -0.914
 7    -0.135     0.976     0.168
 7     0.927     0.065     0.370
 8    42.758     5.285     2.063
 8     0.280    -0.204     0.938
 8     0.305    -0.908    -0.288
 8     0.910     0.365    -0.192
 9    46.808     5.783     9.241
 9     0.277    -0.562    -0.782
 9     0.055     0.820    -0.568
 9     0.959     0.112     0.257
 2    36.387    -7.213    15.722
 2     0.952    -0.307    -0.004
 2     0.306     0.950     0.050
 2    -0.010    -0.050     0.999
 3    41.417     3.242    -2.198
 3     0.671    -0.701     0.240
 3     0.702     0.498    -0.508
 3     0.237     0.510     0.827
 4    42.105    -6.881    -1.854
 4     0.642     0.751     0.155
 4    -0.734     0.544     0.406
 4     0.220    -0.374     0.901
 5    44.320    -7.257     2.244
 5     0.317     0.191     0.929
 5    -0.177    -0.951     0.255
 5     0.931    -0.245    -0.268
 6    46.625    -8.474     7.864
 6     0.138     0.656    -0.744
 6    -0.038     0.752     0.656
 6     0.990    -0.059     0.127
 7    47.164    -1.546    -1.990
 7     0.350     0.206    -0.914
 7    -0.135     0.976     0.168
 7     0.927     0.065     0.369
 8    42.772     5.446     1.893
 8     0.222    -0.243     0.944
 8     0.324    -0.896    -0.306
 8     0.920     0.372    -0.120
 9    46.738     5.926     9.209
 9     0.297    -0.584    -0.758
 9     0.066     0.802    -0.591
 9     0.952     0.123     0.276
 2    36.388    -7.213    15.723
 2     0.952    -0.307    -0.004
 2     0.305     0.950     0.050
 2    -0.010    -0.051     0.999
 3    41.398     3.172    -2.253
 3     0.670    -0.698     0.255
 3     0.701     0.482    -0.525
 3     0.243     0.530     0.812
 4    42.243    -6.831    -1.913
 4     0.669     0.728     0.149
 4    -0.699     0.547     0.460
 4     0.253    -0.411     0.875
 5    44.030    -7.673     2.142
 5     0.248     0.129     0.960
 5    -0.287    -0.937     0.199
 5     0.925    -0.325    -0.195
 6    45.703   -10.306     7.704
 6     0.077     0.762    -0.645
 6    -0.185     0.644     0.741
 6     0.979     0.064     0.188
 7    47.124    -1.522    -1.992
 7     0.367     0.190    -0.911
 7    -0.129     0.979     0.152
 7     0.921     0.061     0.384
 8    42.150     5.927     2.144
 8     0.197    -0.057     0.978
 8     0.498    -0.854    -0.150
 8     0.844     0.517    -0.140
 9    46.276     8.462     8.829
 9     0.335    -0.739    -0.590
 9     0.288     0.671    -0.680
 9     0.897     0.057     0.435
 2    36.388    -7.213    15.723
 2     0.952    -0.307    -0.005
 2     0.305     0.950     0.050
 2    -0.010    -0.051     0.999
 3    41.129     3.119    -2.205
 3     0.666    -0.688     0.290
 3     0.716     0.481    -0.506
 3     0.208     0.543     0.812
 4    42.013    -6.859    -1.856
 4     0.661     0.731     0.166
 4    -0.714     0.546     0.438
 4     0.229    -0.408     0.883
 5    43.269    -8.871     2.356
 5     0.215    -0.011     0.976
 5    -0.515    -0.851     0.104
 5     0.829    -0.525    -0.189
 6    44.718   -13.100     6.970
 6     0.078     0.834    -0.549
 6    -0.409     0.526     0.745
 6     0.909     0.167     0.380
 7    47.043    -1.529    -2.015
 7     0.376     0.180    -0.909
 7    -0.132     0.981     0.138
 7     0.917     0.068     0.393
 8    41.408     6.580     2.241
 8     0.154     0.269     0.951
 8     0.708    -0.700     0.083
 8     0.688     0.661    -0.299
 9    45.261    11.297     7.740
 9     0.337    -0.895    -0.299
 9     0.563     0.442    -0.698
 9     0.754     0.068     0.651
 2    36.388    -7.213    15.723
 2     0.952    -0.307    -0.005
 2     0.305     0.950     0.050
 2    -0.010    -0.051     0.999
 3    40.691     2.986    -2.185
 3     0.656    -0.666     0.357
 3     0.742     0.482    -0.465
 3     0.137     0.569     0.810
 4    41.689    -6.816    -1.883
 4     0.663     0.721     0.202
 4    -0.730     0.562     0.388
 4     0.166    -0.404     0.899
 5    42.772    -9.883     2.345
 5     0.237    -0.143     0.961
 5    -0.706    -0.705     0.069
 5     0.668    -0.694    -0.268
 6    44.287   -15.497     5.485
 6     0.129     0.894    -0.432
 6    -0.621     0.409     0.668
 6     0.772     0.182     0.606
 7    46.947    -1.515    -2.102
 7     0.389     0.160    -0.907
 7    -0.138     0.984     0.114
 7     0.911     0.081     0.405
 8    40.900     7.296     2.139
 8     0.168     0.500     0.850
 8     0.862    -0.491     0.120
 8     0.478     0.713    -0.513
 9    44.502    13.282     5.983
 9     0.343    -0.936    -0.086
 9     0.753     0.328    -0.571
 9     0.561     0.132     0.817
 2    36.387    -7.213    15.722
 2     0.952    -0.307    -0.005
 2     0.306     0.950     0.050
 2    -0.010    -0.050     0.999
 3    40.230     2.818    -2.104
 3     0.640    -0.643     0.423
 3     0.767     0.494    -0.410
 3     0.054     0.585     0.808
 4    41.192    -6.763    -1.813
 4     0.662     0.698     0.273
 4    -0.747     0.587     0.310
 4     0.056    -0.409     0.910
 5    42.477   -10.600     2.198
 5     0.266    -0.341     0.902
 5    -0.841    -0.539     0.045
 5     0.471    -0.771    -0.429
