% Calibrated with leiden_pols
% Positions are in centimeters
Data =[
 2    36.388    -7.213    15.723
 2     0.952    -0.307    -0.005
 2     0.305     0.950     0.050
 2    -0.010    -0.051     0.999
 3    41.412     3.240    -2.192
 3     0.671    -0.701     0.242
 3     0.703     0.498    -0.507
 3     0.235     0.510     0.827
 4    42.082    -6.892    -1.845
 4     0.639     0.752     0.162
 4    -0.740     0.543     0.396
 4     0.210    -0.373     0.904
 5    44.277    -7.204     2.567
 5     0.379     0.187     0.906
 5    -0.155    -0.953     0.260
 5     0.912    -0.238    -0.332
 6    46.715    -8.414     7.881
 6     0.138     0.620    -0.774
 6    -0.034     0.782     0.620
 6     0.990    -0.057     0.127
 7    47.157    -1.522    -1.982
 7     0.351     0.206    -0.914
 7    -0.135     0.976     0.167
 7     0.926     0.065     0.370
 8    42.757     5.285     2.062
 8     0.280    -0.202     0.939
 8     0.305    -0.909    -0.286
 8     0.910     0.365    -0.193
 9    46.783     5.782     9.240
 9     0.278    -0.564    -0.780
 9     0.054     0.818    -0.570
 9     0.959     0.114     0.258
 2    36.388    -7.213    15.723
 2     0.952    -0.307    -0.005
 2     0.305     0.950     0.050
 2    -0.010    -0.051     0.999
 3    41.439     3.241    -2.195
 3     0.670    -0.702     0.241
 3     0.703     0.498    -0.507
 3     0.236     0.509     0.827
 4    42.059    -6.892    -1.848
 4     0.638     0.753     0.161
 4    -0.741     0.542     0.396
 4     0.211    -0.372     0.904
 5    44.277    -7.204     2.541
 5     0.379     0.186     0.907
 5    -0.155    -0.953     0.259
 5     0.912    -0.238    -0.332
 6    46.715    -8.414     7.881
 6     0.138     0.621    -0.773
 6    -0.034     0.781     0.621
 6     0.990    -0.057     0.127
 7    47.164    -1.546    -1.991
 7     0.351     0.207    -0.914
 7    -0.135     0.976     0.168
 7     0.927     0.065     0.370
 8    42.757     5.285     2.062
 8     0.280    -0.203     0.938
 8     0.305    -0.909    -0.286
 8     0.910     0.365    -0.193
 9    46.798     5.779     9.251
 9     0.279    -0.562    -0.781
 9     0.054     0.819    -0.569
 9     0.958     0.114     0.257
 2    36.387    -7.213    15.722
 2     0.952    -0.307    -0.005
 2     0.306     0.950     0.050
 2    -0.010    -0.050     0.999
 3    41.414     3.241    -2.194
 3     0.671    -0.702     0.240
 3     0.703     0.498    -0.508
 3     0.236     0.509     0.827
 4    42.061    -6.892    -1.851
 4     0.637     0.754     0.160
 4    -0.741     0.542     0.396
 4     0.212    -0.371     0.904
 5    44.278    -7.204     2.541
 5     0.379     0.185     0.907
 5    -0.156    -0.953     0.258
 5     0.912    -0.238    -0.332
 6    46.715    -8.414     7.882
 6     0.139     0.622    -0.772
 6    -0.034     0.781     0.622
 6     0.990    -0.058     0.128
 7    47.164    -1.546    -1.990
 7     0.350     0.207    -0.914
 7    -0.135     0.976     0.168
 7     0.927     0.065     0.370
 8    42.758     5.285     2.063
 8     0.280    -0.204     0.938
 8     0.305    -0.908    -0.288
 8     0.910     0.365    -0.192
 9    46.808     5.783     9.241
 9     0.277    -0.562    -0.782
 9     0.055     0.820    -0.568
 9     0.959     0.112     0.257
 2    36.387    -7.213    15.722
 2     0.952    -0.307    -0.004
 2     0.306     0.950     0.050
 2    -0.010    -0.050     0.999
 3    41.417     3.242    -2.198
 3     0.671    -0.701     0.240
 3     0.702     0.498    -0.508
 3     0.237     0.510     0.827
 4    42.105    -6.881    -1.854
 4     0.642     0.751     0.155
 4    -0.734     0.544     0.406
 4     0.220    -0.374     0.901
 5    44.320    -7.257     2.244
 5     0.317     0.191     0.929
 5    -0.177    -0.951     0.255
 5     0.931    -0.245    -0.268
 6    46.625    -8.474     7.864
 6     0.138     0.656    -0.744
 6    -0.038     0.752     0.656
 6     0.990    -0.059     0.127
 7    47.164    -1.546    -1.990
 7     0.350     0.206    -0.914
 7    -0.135     0.976     0.168
 7     0.927     0.065     0.369
 8    42.772     5.446     1.893
 8     0.222    -0.243     0.944
 8     0.324    -0.896    -0.306
 8     0.920     0.372    -0.120
 9    46.738     5.926     9.209
 9     0.297    -0.584    -0.758
 9     0.066     0.802    -0.591
 9     0.952     0.123     0.276
 2    36.388    -7.213    15.723
 2     0.952    -0.307    -0.004
 2     0.305     0.950     0.050
 2    -0.010    -0.051     0.999
 3    41.398     3.172    -2.253
 3     0.670    -0.698     0.255
 3     0.701     0.482    -0.525
 3     0.243     0.530     0.812
 4    42.243    -6.831    -1.913
 4     0.669     0.728     0.149
 4    -0.699     0.547     0.460
 4     0.253    -0.411     0.875
 5    44.030    -7.673     2.142
 5     0.248     0.129     0.960
 5    -0.287    -0.937     0.199
 5     0.925    -0.325    -0.195
 6    45.703   -10.306     7.704
 6     0.077     0.762    -0.645
 6    -0.185     0.644     0.741
 6     0.979     0.064     0.188
 7    47.124    -1.522    -1.992
 7     0.367     0.190    -0.911
 7    -0.129     0.979     0.152
 7     0.921     0.061     0.384
 8    42.150     5.927     2.144
 8     0.197    -0.057     0.978
 8     0.498    -0.854    -0.150
 8     0.844     0.517    -0.140
 9    46.276     8.462     8.829
 9     0.335    -0.739    -0.590
 9     0.288     0.671    -0.680
 9     0.897     0.057     0.435
 2    36.388    -7.213    15.723
 2     0.952    -0.307    -0.005
 2     0.305     0.950     0.050
 2    -0.010    -0.051     0.999
 3    41.129     3.119    -2.205
 3     0.666    -0.688     0.290
 3     0.716     0.481    -0.506
 3     0.208     0.543     0.812
 4    42.013    -6.859    -1.856
 4     0.661     0.731     0.166
 4    -0.714     0.546     0.438
 4     0.229    -0.408     0.883
 5    43.269    -8.871     2.356
 5     0.215    -0.011     0.976
 5    -0.515    -0.851     0.104
 5     0.829    -0.525    -0.189
 6    44.718   -13.100     6.970
 6     0.078     0.834    -0.549
 6    -0.409     0.526     0.745
 6     0.909     0.167     0.380
 7    47.043    -1.529    -2.015
 7     0.376     0.180    -0.909
 7    -0.132     0.981     0.138
 7     0.917     0.068     0.393
 8    41.408     6.580     2.241
 8     0.154     0.269     0.951
 8     0.708    -0.700     0.083
 8     0.688     0.661    -0.299
 9    45.261    11.297     7.740
 9     0.337    -0.895    -0.299
 9     0.563     0.442    -0.698
 9     0.754     0.068     0.651
 2    36.388    -7.213    15.723
 2     0.952    -0.307    -0.005
 2     0.305     0.950     0.050
 2    -0.010    -0.051     0.999
 3    40.691     2.986    -2.185
 3     0.656    -0.666     0.357
 3     0.742     0.482    -0.465
 3     0.137     0.569     0.810
 4    41.689    -6.816    -1.883
 4     0.663     0.721     0.202
 4    -0.730     0.562     0.388
 4     0.166    -0.404     0.899
 5    42.772    -9.883     2.345
 5     0.237    -0.143     0.961
 5    -0.706    -0.705     0.069
 5     0.668    -0.694    -0.268
 6    44.287   -15.497     5.485
 6     0.129     0.894    -0.432
 6    -0.621     0.409     0.668
 6     0.772     0.182     0.606
 7    46.947    -1.515    -2.102
 7     0.389     0.160    -0.907
 7    -0.138     0.984     0.114
 7     0.911     0.081     0.405
 8    40.900     7.296     2.139
 8     0.168     0.500     0.850
 8     0.862    -0.491     0.120
 8     0.478     0.713    -0.513
 9    44.502    13.282     5.983
 9     0.343    -0.936    -0.086
 9     0.753     0.328    -0.571
 9     0.561     0.132     0.817
 2    36.387    -7.213    15.722
 2     0.952    -0.307    -0.005
 2     0.306     0.950     0.050
 2    -0.010    -0.050     0.999
 3    40.230     2.818    -2.104
 3     0.640    -0.643     0.423
 3     0.767     0.494    -0.410
 3     0.054     0.585     0.808
 4    41.192    -6.763    -1.813
 4     0.662     0.698     0.273
 4    -0.747     0.587     0.310
 4     0.056    -0.409     0.910
 5    42.477   -10.600     2.198
 5     0.266    -0.341     0.902
 5    -0.841    -0.539     0.045
 5     0.471    -0.771    -0.429
 6    44.014   -17.029     3.695
 6     0.188     0.954    -0.236
 6    -0.774     0.289     0.564
 6     0.604     0.076     0.791
 7    46.831    -1.505    -2.185
 7     0.410     0.145    -0.901
 7    -0.143     0.985     0.093
 7     0.901     0.091     0.424
 8    40.498     7.907     1.650
 8     0.178     0.659     0.732
 8     0.950    -0.307     0.048
 8     0.257     0.686    -0.679
 9    43.788    14.554     3.719
 9     0.350    -0.930     0.117
 9     0.877     0.280    -0.390
 9     0.329     0.238     0.913
 2    36.388    -7.213    15.748
 2     0.952    -0.307    -0.005
 2     0.305     0.950     0.050
 2    -0.010    -0.051     0.999
 3    39.696     2.615    -1.980
 3     0.622    -0.604     0.500
 3     0.780     0.527    -0.335
 3    -0.062     0.598     0.798
 4    40.683    -6.744    -1.630
 4     0.651     0.669     0.360
 4    -0.757     0.611     0.231
 4    -0.065    -0.422     0.904
 5    42.293   -11.240     2.032
 5     0.280    -0.551     0.787
 5    -0.931    -0.355     0.081
 5     0.235    -0.755    -0.611
 6    43.401   -18.327     1.363
 6     0.229     0.971     0.064
 6    -0.905     0.188     0.382
 6     0.359    -0.147     0.921
 7    46.689    -1.517    -2.326
 7     0.434     0.140    -0.890
 7    -0.141     0.986     0.086
 7     0.889     0.088     0.448
 8    40.080     8.307     0.827
 8     0.160     0.792     0.591
 8     0.986    -0.153    -0.059
 8     0.043     0.591    -0.804
 9    42.674    15.195     1.098
 9     0.311    -0.877     0.371
 9     0.947     0.251    -0.199
 9     0.083     0.410     0.907
 2    36.388    -7.213    15.723
 2     0.952    -0.307    -0.005
 2     0.305     0.950     0.050
 2    -0.010    -0.051     0.999
 3    39.068     2.350    -1.878
 3     0.584    -0.556     0.593
 3     0.788     0.560    -0.252
 3    -0.192     0.614     0.764
 4    40.017    -6.664    -1.423
 4     0.621     0.629     0.468
 4    -0.751     0.648     0.125
 4    -0.225    -0.429     0.875
 5    42.009   -11.649     1.445
 5     0.264    -0.714     0.649
 5    -0.964    -0.196     0.174
 5     0.002    -0.672    -0.740
 6    42.487   -18.750    -0.999
 6     0.235     0.917     0.324
 6    -0.966     0.181     0.186
 6     0.113    -0.355     0.927
 7    46.530    -1.501    -2.481
 7     0.458     0.133    -0.879
 7    -0.137     0.987     0.077
 7     0.878     0.085     0.470
 8    39.507     8.545    -0.212
 8     0.114     0.888     0.446
 8     0.981    -0.030    -0.189
 8    -0.156     0.458    -0.875
 9    41.120    15.294    -1.510
 9     0.231    -0.756     0.616
 9     0.962     0.269    -0.025
 9    -0.146     0.596     0.787
 2    36.388    -7.213    15.723
 2     0.952    -0.307    -0.005
 2     0.305     0.950     0.050
 2    -0.010    -0.051     0.999
 3    38.410     2.122    -1.739
 3     0.528    -0.514     0.677
 3     0.791     0.587    -0.172
 3    -0.309     0.625     0.715
 4    39.359    -6.575    -1.190
 4     0.565     0.602     0.565
 4    -0.741     0.670     0.028
 4    -0.361    -0.435     0.824
 5    41.541   -11.771     0.908
 5     0.231    -0.799     0.556
 5    -0.960    -0.095     0.261
 5    -0.156    -0.594    -0.789
 6    41.536   -18.686    -2.631
 6     0.221     0.843     0.492
 6    -0.973     0.223     0.053
 6    -0.064    -0.489     0.868
 7    46.264    -1.513    -2.690
 7     0.486     0.136    -0.863
 7    -0.129     0.988     0.082
 7     0.864     0.071     0.498
 8    39.037     8.559    -1.071
 8     0.084     0.953     0.292
 8     0.952     0.010    -0.303
 8    -0.293     0.303    -0.907
 9    39.969    14.857    -3.426
 9     0.177    -0.551     0.818
 9     0.935     0.350     0.035
 9    -0.307     0.757     0.574
 2    36.387    -7.213    15.722
 2     0.952    -0.307    -0.005
 2     0.306     0.950     0.050
 2    -0.010    -0.050     0.999
 3    37.727     1.935    -1.579
 3     0.482    -0.453     0.751
 3     0.779     0.611    -0.132
 3    -0.400     0.648     0.647
 4    38.680    -6.532    -0.915
 4     0.513     0.561     0.651
 4    -0.723     0.690    -0.026
 4    -0.464    -0.457     0.758
 5    41.084   -11.846     0.558
 5     0.198    -0.873     0.447
 5    -0.936    -0.032     0.349
 5    -0.291    -0.486    -0.824
 6    40.476   -18.453    -3.885
 6     0.189     0.736     0.652
 6    -0.957     0.285    -0.046
 6    -0.220    -0.614     0.756
 7    45.955    -1.560    -2.831
 7     0.517     0.140    -0.845
 7    -0.129     0.988     0.084
 7     0.846     0.065     0.528
 8    38.665     8.468    -1.909
 8     0.062     0.992     0.112
 8     0.912    -0.010    -0.410
 8    -0.406     0.127    -0.905
 9    38.873    14.257    -4.999
 9     0.131    -0.261     0.957
 9     0.886     0.462     0.005
 9    -0.445     0.847     0.290
 2    36.387    -7.213    15.722
 2     0.952    -0.307    -0.005
 2     0.306     0.950     0.050
 2    -0.010    -0.050     0.999
 3    37.229     1.850    -1.446
 3     0.440    -0.396     0.806
 3     0.769     0.629    -0.111
 3    -0.464     0.669     0.581
 4    38.065    -6.449    -0.659
 4     0.446     0.540     0.714
 4    -0.714     0.695    -0.080
 4    -0.539    -0.474     0.695
 5    40.469   -11.793     0.250
 5     0.143    -0.921     0.365
 5    -0.905     0.028     0.424
 5    -0.401    -0.390    -0.829
 6    39.294   -18.083    -4.875
 6     0.138     0.648     0.750
 6    -0.929     0.346    -0.130
 6    -0.344    -0.678     0.647
 7    45.689    -1.605    -2.909
 7     0.542     0.156    -0.826
 7    -0.131     0.986     0.100
 7     0.830     0.054     0.555
 8    40.873     8.467     0.031
 8     0.042     0.999    -0.031
 8     0.869    -0.051    -0.492
 8    -0.492    -0.006    -0.870
 9    37.858    13.467    -6.362
 9     0.082    -0.011     0.996
 9     0.811     0.582    -0.059
 9    -0.579     0.813     0.056
 2    36.387    -7.213    15.722
 2     0.952    -0.307    -0.005
 2     0.306     0.950     0.050
 2    -0.010    -0.050     0.999
 3    36.791     1.773    -1.320
 3     0.408    -0.339     0.848
 3     0.754     0.648    -0.104
 3    -0.515     0.681     0.520
 4    37.505    -6.432    -0.381
 4     0.379     0.522     0.764
 4    -0.704     0.698    -0.128
 4    -0.601    -0.490     0.632
 5    40.007   -11.721     0.062
 5     0.109    -0.954     0.281
 5    -0.863     0.049     0.502
 5    -0.493    -0.297    -0.818
 6    38.468   -17.612    -5.595
 6     0.112     0.570     0.815
 6    -0.889     0.422    -0.174
 6    -0.444    -0.704     0.553
 7    45.395    -1.686    -2.955
 7     0.574     0.171    -0.802
 7    -0.137     0.984     0.111
 7     0.807     0.046     0.588
 8    40.571     8.174    -0.424
 8     0.038     0.988    -0.148
 8     0.827    -0.113    -0.551
 8    -0.561    -0.101    -0.821
 9    37.151    12.717    -7.446
 9     0.048     0.176     0.983
 9     0.745     0.651    -0.151
 9    -0.665     0.738    -0.099
 2    36.388    -7.213    15.723
 2     0.952    -0.307    -0.005
 2     0.305     0.950     0.050
 2    -0.010    -0.051     0.999
 3    36.432     1.676    -1.228
 3     0.370    -0.291     0.882
 3     0.739     0.666    -0.091
 3    -0.562     0.686     0.461
 4    37.203    -6.387    -0.176
 4     0.350     0.489     0.799
 4    -0.675     0.723    -0.146
 4    -0.649    -0.489     0.583
 5    39.652   -11.554    -0.272
 5     0.063    -0.981     0.182
 5    -0.783     0.064     0.618
 5    -0.618    -0.181    -0.765
 6    37.434   -16.675    -6.724
 6     0.055     0.457     0.888
 6    -0.800     0.551    -0.234
 6    -0.598    -0.698     0.395
 7    45.313    -1.669    -2.996
 7     0.583     0.164    -0.796
 7    -0.139     0.985     0.100
 7     0.800     0.052     0.596
 8    40.160     7.849    -0.941
 8     0.019     0.976    -0.217
 8     0.765    -0.154    -0.627
 8    -0.644    -0.153    -0.749
 9    36.140    11.536    -8.596
 9    -0.009     0.301     0.954
 9     0.628     0.746    -0.227
 9    -0.778     0.594    -0.196
 2    36.387    -7.213    15.722
 2     0.952    -0.307    -0.005
 2     0.306     0.950     0.050
 2    -0.010    -0.050     0.999
 3    36.110     1.586    -1.108
 3     0.345    -0.250     0.905
 3     0.723     0.684    -0.087
 3    -0.598     0.685     0.416
 4    36.822    -6.351     0.123
 4     0.312     0.439     0.843
 4    -0.640     0.752    -0.155
 4    -0.702    -0.491     0.515
 5    39.534   -11.185    -0.691
 5     0.066    -0.998     0.008
 5    -0.670    -0.038     0.742
 5    -0.740    -0.055    -0.671
 6    36.999   -15.224    -7.756
 6     0.065     0.319     0.945
 6    -0.639     0.741    -0.206
 6    -0.767    -0.591     0.252
 7    45.026    -1.714    -2.935
 7     0.612     0.174    -0.772
 7    -0.165     0.982     0.089
 7     0.773     0.072     0.629
 8    39.891     7.256    -1.337
 8     0.047     0.964    -0.263
 8     0.669    -0.224    -0.709
 8    -0.741    -0.142    -0.655
 9    35.605     9.699    -9.636
 9    -0.021     0.397     0.918
 9     0.457     0.821    -0.343
 9    -0.890     0.408    -0.200
 2    36.387    -7.213    15.722
 2     0.952    -0.307    -0.005
 2     0.306     0.950     0.050
 2    -0.010    -0.050     0.999
 3    35.809     1.565    -0.941
 3     0.344    -0.188     0.920
 3     0.696     0.708    -0.116
 3    -0.630     0.680     0.374
 4    36.539    -6.301     0.325
 4     0.293     0.394     0.871
 4    -0.599     0.786    -0.154
 4    -0.746    -0.477     0.465
 5    39.322   -10.754    -0.986
 5     0.103    -0.994    -0.043
 5    -0.546    -0.092     0.833
 5    -0.831    -0.062    -0.552
 6    36.923   -13.831    -8.462
 6     0.094     0.268     0.958
 6    -0.500     0.845    -0.187
 6    -0.861    -0.462     0.214
 7    44.856    -1.673    -2.846
 7     0.636     0.178    -0.752
 7    -0.183     0.980     0.076
 7     0.749     0.089     0.655
 8    39.622     6.637    -1.653
 8     0.056     0.948    -0.314
 8     0.568    -0.287    -0.772
 8    -0.821    -0.134    -0.553
 9    35.138     8.196   -10.485
 9    -0.044     0.470     0.882
 9     0.335     0.839    -0.428
 9    -0.941     0.273    -0.196
 2    36.387    -7.213    15.722
 2     0.952    -0.307    -0.005
 2     0.306     0.950     0.049
 2    -0.010    -0.050     0.999
 3    35.629     1.458    -0.922
 3     0.344    -0.137     0.929
 3     0.662     0.736    -0.137
 3    -0.666     0.662     0.344
 4    36.423    -6.347     0.443
 4     0.293     0.335     0.895
 4    -0.564     0.816    -0.121
 4    -0.772    -0.470     0.428
 5    39.375   -10.428    -1.239
 5     0.141    -0.984    -0.113
 5    -0.456    -0.165     0.875
 5    -0.879    -0.071    -0.471
 6    37.129   -12.733    -8.911
 6     0.127     0.205     0.970
 6    -0.392     0.909    -0.141
 6    -0.911    -0.363     0.196
 7    44.772    -1.681    -2.829
 7     0.647     0.176    -0.742
 7    -0.181     0.980     0.073
 7     0.740     0.087     0.666
 8    39.422     5.952    -2.093
 8     0.051     0.920    -0.390
 8     0.485    -0.362    -0.796
 8    -0.873    -0.150    -0.463
 9    34.827     7.238   -11.206
 9    -0.061     0.550     0.833
 9     0.281     0.810    -0.513
 9    -0.958     0.200    -0.206
 2    36.387    -7.213    15.722
 2     0.952    -0.307    -0.005
 2     0.306     0.950     0.049
 2    -0.010    -0.050     0.999
 3    35.466     1.330    -0.984
 3     0.344    -0.103     0.933
 3     0.629     0.763    -0.148
 3    -0.697     0.638     0.327
 4    36.301    -6.350     0.415
 4     0.296     0.285     0.911
 4    -0.521     0.848    -0.096
 4    -0.801    -0.446     0.400
 5    39.341   -10.087    -1.518
 5     0.166    -0.975    -0.147
 5    -0.371    -0.199     0.907
 5    -0.914    -0.096    -0.394
 6    37.139   -11.778    -9.368
 6     0.141     0.174     0.974
 6    -0.304     0.944    -0.125
 6    -0.942    -0.278     0.186
 7    44.766    -1.683    -2.870
 7     0.650     0.178    -0.740
 7    -0.182     0.980     0.074
 7     0.738     0.086     0.669
 8    39.419     5.397    -2.409
 8     0.063     0.909    -0.414
 8     0.400    -0.401    -0.824
 8    -0.914    -0.114    -0.386
 9    34.868     6.065   -11.793
 9    -0.048     0.568     0.822
 9     0.208     0.811    -0.546
 9    -0.977     0.141    -0.160
 2    36.388    -7.213    15.723
 2     0.952    -0.307    -0.005
 2     0.305     0.950     0.050
 2    -0.010    -0.051     0.999
 3    35.420     1.204    -1.075
 3     0.360    -0.079     0.929
 3     0.592     0.789    -0.163
 3    -0.720     0.609     0.331
 4    36.231    -6.299     0.439
 4     0.291     0.254     0.922
 4    -0.490     0.867    -0.084
 4    -0.822    -0.428     0.376
 5    39.261    -9.783    -1.773
 5     0.184    -0.969    -0.169
 5    -0.302    -0.218     0.928
 5    -0.935    -0.119    -0.332
 6    37.091   -10.858    -9.744
 6     0.157     0.162     0.974
 6    -0.222     0.967    -0.125
 6    -0.963    -0.196     0.187
 7    44.688    -1.680    -2.892
 7     0.664     0.196    -0.722
 7    -0.194     0.977     0.085
 7     0.722     0.083     0.687
 8    39.270     4.875    -2.581
 8     0.070     0.903    -0.426
 8     0.316    -0.423    -0.849
 8    -0.946    -0.076    -0.312
 9    34.548     4.921   -12.283
 9    -0.051     0.558     0.828
 9     0.124     0.826    -0.548
 9    -0.991     0.071    -0.114
 2    36.387    -7.213    15.722
 2     0.952    -0.307    -0.005
 2     0.306     0.950     0.050
 2    -0.010    -0.050     0.999
 3    35.200     1.088    -1.084
 3     0.353    -0.061     0.934
 3     0.569     0.806    -0.162
 3    -0.743     0.589     0.319
 4    36.042    -6.300     0.462
 4     0.281     0.227     0.932
 4    -0.462     0.883    -0.076
 4    -0.841    -0.410     0.353
 5    39.083    -9.520    -2.009
 5     0.212    -0.958    -0.193
 5    -0.237    -0.240     0.941
 5    -0.948    -0.153    -0.277
 6    37.101   -10.063   -10.114
 6     0.187     0.165     0.968
 6    -0.156     0.978    -0.138
 6    -0.970    -0.125     0.208
 7    44.552    -1.666    -2.891
 7     0.676     0.199    -0.711
 7    -0.194     0.977     0.088
 7     0.711     0.078     0.698
 8    39.145     4.481    -2.646
 8     0.077     0.904    -0.422
 8     0.246    -0.426    -0.870
 8    -0.966    -0.038    -0.253
 9    34.151     4.070   -12.691
 9    -0.046     0.520     0.853
 9     0.052     0.853    -0.517
 9    -0.998     0.017    -0.069
 2    36.387    -7.213    15.748
 2     0.952    -0.307    -0.005
 2     0.306     0.950     0.050
 2    -0.010    -0.050     0.999
 3    35.049     1.019    -1.085
 3     0.351    -0.061     0.934
 3     0.557     0.816    -0.156
 3    -0.753     0.575     0.321
 4    35.938    -6.282     0.501
 4     0.282     0.205     0.937
 4    -0.448     0.892    -0.061
 4    -0.849    -0.403     0.343
 5    38.993    -9.312    -2.122
 5     0.234    -0.949    -0.214
 5    -0.191    -0.259     0.947
 5    -0.953    -0.180    -0.241
 6    37.119    -9.587   -10.332
 6     0.203     0.165     0.965
 6    -0.123     0.982    -0.143
 6    -0.971    -0.089     0.220
 7    44.466    -1.644    -2.877
 7     0.678     0.200    -0.708
 7    -0.195     0.977     0.087
 7     0.708     0.078     0.701
 8    36.307     3.466    -5.542
 8     0.094     0.901    -0.424
 8     0.191    -0.432    -0.881
 8    -0.977     0.001    -0.211
 9    36.179     3.665    -9.712
 9    -0.034     0.482     0.876
 9     0.002     0.875    -0.481
 9    -1.000    -0.018    -0.033
 2    36.388    -7.213    15.723
 2     0.952    -0.307    -0.005
 2     0.305     0.950     0.050
 2    -0.010    -0.051     0.999
 3    35.055     0.984    -1.065
 3     0.360    -0.057     0.931
 3     0.547     0.821    -0.162
 3    -0.755     0.568     0.327
 4    35.881    -6.285     0.505
 4     0.281     0.208     0.937
 4    -0.446     0.892    -0.064
 4    -0.850    -0.400     0.344
 5    38.939    -9.290    -2.163
 5     0.240    -0.948    -0.210
 5    -0.185    -0.256     0.949
 5    -0.953    -0.188    -0.236
 6    37.215    -9.528   -10.408
 6     0.216     0.201     0.955
 6    -0.134     0.975    -0.175
 6    -0.967    -0.090     0.238
 7    44.452    -1.693    -2.891
 7     0.675     0.201    -0.710
 7    -0.198     0.976     0.087
 7     0.711     0.081     0.698
 8    36.319     3.363    -5.520
 8     0.098     0.900    -0.428
 8     0.181    -0.437    -0.881
 8    -0.978     0.007    -0.204
 9    36.184     3.564    -9.760
 9    -0.032     0.428     0.903
 9     0.001     0.903    -0.427
 9    -1.000    -0.017    -0.031
 2    36.388    -7.213    15.723
 2     0.952    -0.307    -0.005
 2     0.305     0.950     0.050
 2    -0.010    -0.051     0.999
 3    35.049     0.927    -1.099
 3     0.360    -0.060     0.931
 3     0.544     0.824    -0.158
 3    -0.758     0.563     0.329
 4    35.873    -6.261     0.481
 4     0.282     0.209     0.936
 4    -0.442     0.894    -0.066
 4    -0.851    -0.396     0.344
 5    38.926    -9.240    -2.195
 5     0.241    -0.948    -0.209
 5    -0.181    -0.254     0.950
 5    -0.953    -0.190    -0.232
 6    37.279    -9.475   -10.428
 6     0.220     0.223     0.949
 6    -0.140     0.970    -0.196
 6    -0.965    -0.090     0.244
 7    44.462    -1.692    -2.879
 7     0.671     0.204    -0.714
 7    -0.200     0.975     0.089
 7     0.714     0.083     0.694
 8    36.302     3.256    -5.530
 8     0.096     0.900    -0.427
 8     0.169    -0.435    -0.884
 8    -0.981     0.012    -0.192
 9    38.471     1.988    -7.973
 9    -0.036     0.393     0.919
 9    -0.008     0.919    -0.392
 9    -0.999    -0.025    -0.032
 2    36.388    -7.213    15.723
 2     0.952    -0.307    -0.005
 2     0.305     0.950     0.050
 2    -0.010    -0.051     0.999
 3    35.027     0.932    -1.085
 3     0.358    -0.062     0.931
 3     0.547     0.822    -0.156
 3    -0.756     0.566     0.328
 4    35.848    -6.257     0.471
 4     0.286     0.203     0.936
 4    -0.441     0.895    -0.059
 4    -0.850    -0.396     0.346
 5    38.929    -9.263    -2.193
 5     0.247    -0.948    -0.201
 5    -0.184    -0.248     0.951
 5    -0.951    -0.197    -0.235
 6    37.299    -9.523   -10.424
 6     0.225     0.236     0.945
 6    -0.141     0.968    -0.208
 6    -0.964    -0.087     0.251
 7    44.426    -1.696    -2.866
 7     0.673     0.204    -0.712
 7    -0.203     0.975     0.087
 7     0.711     0.085     0.697
 8    39.077     4.169    -2.586
 8     0.085     0.915    -0.396
 8     0.195    -0.403    -0.894
 8    -0.977    -0.003    -0.211
 9    36.397     3.980    -9.734
 9    -0.042     0.328     0.944
 9     0.013     0.944    -0.326
 9    -0.999    -0.005    -0.046
 2    36.387    -7.213    15.722
 2     0.952    -0.307    -0.005
 2     0.306     0.950     0.050
 2    -0.010    -0.050     0.999
 3    35.015     0.975    -1.125
 3     0.345    -0.092     0.934
 3     0.580     0.803    -0.135
 3    -0.738     0.588     0.330
 4    35.933    -6.266     0.455
 4     0.293     0.200     0.935
 4    -0.453     0.890    -0.048
 4    -0.842    -0.409     0.351
 5    39.098    -9.558    -1.951
 5     0.225    -0.960    -0.166
 5    -0.258    -0.221     0.941
 5    -0.940    -0.168    -0.296
 6    37.571   -10.815   -10.010
 6     0.213     0.276     0.937
 6    -0.280     0.936    -0.212
 6    -0.936    -0.218     0.276
 7    44.468    -1.625    -2.878
 7     0.663     0.186    -0.725
 7    -0.188     0.979     0.078
 7     0.724     0.084     0.684
 8    38.798     5.088    -2.523
 8     0.054     0.935    -0.351
 8     0.341    -0.346    -0.874
 8    -0.938    -0.072    -0.336
 9    34.617     5.713   -11.639
 9    -0.032     0.231     0.972
 9     0.204     0.954    -0.218
 9    -0.978     0.189    -0.079
 2    36.387    -7.213    15.722
 2     0.952    -0.307    -0.005
 2     0.306     0.950     0.050
 2    -0.010    -0.050     0.999
 3    34.979     1.125    -1.148
 3     0.301    -0.144     0.943
 3     0.637     0.766    -0.087
 3    -0.710     0.627     0.322
 4    36.011    -6.337     0.433
 4     0.294     0.248     0.923
 4    -0.499     0.863    -0.073
 4    -0.815    -0.439     0.378
 5    39.398   -10.173    -1.575
 5     0.231    -0.969    -0.092
 5    -0.414    -0.182     0.892
 5    -0.880    -0.168    -0.443
 6    38.112   -12.735    -9.400
 6     0.227     0.350     0.909
 6    -0.460     0.860    -0.216
 6    -0.859    -0.369     0.355
 7    44.452    -1.569    -2.911
 7     0.651     0.163    -0.742
 7    -0.163     0.984     0.072
 7     0.741     0.074     0.667
 8    38.998     6.332    -2.187
 8     0.046     0.959    -0.281
 8     0.532    -0.260    -0.806
 8    -0.845    -0.112    -0.521
 9    35.283     8.578   -10.592
 9     0.008     0.132     0.991
 9     0.429     0.895    -0.121
 9    -0.903     0.425    -0.050
 2    36.388    -7.213    15.723
 2     0.952    -0.307    -0.005
 2     0.305     0.950     0.050
 2    -0.010    -0.051     0.999
 3    35.049     1.273    -1.203
 3     0.284    -0.186     0.940
 3     0.683     0.727    -0.063
 3    -0.672     0.661     0.333
 4    36.189    -6.407     0.264
 4     0.317     0.302     0.899
 4    -0.552     0.829    -0.084
 4    -0.771    -0.469     0.430
 5    39.823   -10.853    -1.135
 5     0.247    -0.969    -0.004
 5    -0.596    -0.155     0.788
 5    -0.764    -0.192    -0.615
 6    38.888   -14.878    -8.291
 6     0.256     0.432     0.865
 6    -0.641     0.744    -0.182
 6    -0.724    -0.509     0.466
 7    44.471    -1.546    -2.945
 7     0.641     0.146    -0.754
 7    -0.144     0.987     0.067
 7     0.753     0.065     0.654
 8    39.506     7.437    -1.450
 8     0.079     0.988    -0.133
 8     0.706    -0.149    -0.693
 8    -0.704    -0.039    -0.708
 9    36.598    11.099    -8.827
 9     0.088    -0.053     0.995
 9     0.623     0.782    -0.014
 9    -0.777     0.620     0.102
 2    36.388    -7.213    15.723
 2     0.952    -0.307    -0.005
 2     0.305     0.950     0.050
 2    -0.010    -0.051     0.999
 3    35.353     1.418    -1.302
 3     0.316    -0.222     0.922
 3     0.720     0.688    -0.082
 3    -0.617     0.690     0.377
 4    36.571    -6.558    -0.077
 4     0.364     0.393     0.844
 4    -0.629     0.772    -0.089
 4    -0.687    -0.499     0.528
 5    40.204   -11.457    -0.516
 5     0.314    -0.933     0.178
 5    -0.755    -0.131     0.643
 5    -0.576    -0.336    -0.745
 6    40.240   -16.770    -6.600
 6     0.329     0.620     0.714
 6    -0.802     0.580    -0.135
 6    -0.498    -0.528     0.686
 7    44.626    -1.617    -2.930
 7     0.623     0.150    -0.768
 7    -0.126     0.988     0.089
 7     0.772     0.041     0.634
 8    37.644     7.749    -3.480
 8     0.122     0.991    -0.053
 8     0.820    -0.130    -0.558
 8    -0.559     0.025    -0.828
 9    38.003    12.779    -7.186
 9     0.159    -0.161     0.974
 9     0.766     0.642    -0.019
 9    -0.623     0.749     0.225
 2    36.388    -7.213    15.723
 2     0.952    -0.307    -0.005
 2     0.305     0.950     0.050
 2    -0.010    -0.051     0.999
 3    35.796     1.485    -1.437
 3     0.367    -0.265     0.891
 3     0.733     0.672    -0.103
 3    -0.572     0.692     0.440
 4    37.040    -6.700    -0.298
 4     0.416     0.458     0.786
 4    -0.690     0.721    -0.055
 4    -0.592    -0.520     0.615
 5    40.818   -11.645     0.247
 5     0.396    -0.857     0.330
 5    -0.846    -0.202     0.492
 5    -0.356    -0.473    -0.805
 6    41.852   -17.763    -4.342
 6     0.402     0.723     0.564
 6    -0.883     0.467     0.029
 6    -0.242    -0.508     0.825
 7    44.845    -1.663    -2.845
 7     0.608     0.155    -0.780
 7    -0.103     0.988     0.115
 7     0.787     0.010     0.615
 8    38.328     8.033    -2.598
 8     0.170     0.982     0.087
 8     0.896    -0.117    -0.428
 8    -0.410     0.150    -0.900
 9    39.446    13.939    -5.272
 9     0.231    -0.334     0.915
 9     0.866     0.497    -0.038
 9    -0.443     0.801     0.402
 2    36.388    -7.213    15.723
 2     0.952    -0.307    -0.005
 2     0.305     0.950     0.050
 2    -0.010    -0.051     0.999
 3    36.306     1.547    -1.641
 3     0.417    -0.332     0.846
 3     0.752     0.648    -0.116
 3    -0.510     0.685     0.520
 4    37.587    -6.883    -0.510
 4     0.466     0.510     0.723
 4    -0.742     0.670     0.006
 4    -0.482    -0.540     0.690
 5    41.243   -11.679     1.008
 5     0.432    -0.776     0.462
 5    -0.891    -0.285     0.353
 5    -0.143    -0.562    -0.813
 6    42.783   -18.269    -2.058
 6     0.416     0.801     0.433
 6    -0.909     0.366     0.195
 6    -0.002    -0.474     0.880
 7    45.092    -1.743    -2.746
 7     0.588     0.165    -0.793
 7    -0.096     0.986     0.133
 7     0.803    -0.002     0.595
 8    38.926     8.140    -1.779
 8     0.213     0.947     0.241
 8     0.940    -0.131    -0.313
 8    -0.265     0.292    -0.919
 9    40.746    14.549    -3.503
 9     0.297    -0.509     0.810
 9     0.914     0.394    -0.087
 9    -0.276     0.765     0.579
 2    36.388    -7.213    15.723
 2     0.952    -0.307    -0.005
 2     0.305     0.950     0.050
 2    -0.010    -0.051     0.999
 3    36.820     1.602    -1.766
 3     0.465    -0.379     0.801
 3     0.762     0.631    -0.144
 3    -0.451     0.677     0.581
 4    38.133    -7.012    -0.719
 4     0.509     0.545     0.667
 4    -0.768     0.636     0.066
 4    -0.389    -0.546     0.742
 5    41.487   -11.617     1.580
 5     0.417    -0.714     0.563
 5    -0.909    -0.335     0.247
 5     0.012    -0.614    -0.788
 6    43.113   -18.434    -0.215
 6     0.373     0.888     0.267
 6    -0.906     0.288     0.309
 6     0.198    -0.357     0.913
 7    45.312    -1.806    -2.705
 7     0.572     0.163    -0.805
 7    -0.097     0.986     0.130
 7     0.814     0.003     0.579
 8    39.341     8.154    -0.887
 8     0.238     0.884     0.405
 8     0.965    -0.169    -0.197
 8    -0.107     0.436    -0.893
 9    41.838    14.906    -1.368
 9     0.341    -0.687     0.646
 9     0.937     0.297    -0.176
 9    -0.072     0.663     0.742
 2    36.388    -7.213    15.723
 2     0.952    -0.307    -0.005
 2     0.305     0.950     0.050
 2    -0.010    -0.051     0.999
 3    37.417     1.848    -1.878
 3     0.515    -0.437     0.738
 3     0.780     0.594    -0.193
 3    -0.354     0.675     0.647
 4    38.809    -7.089    -0.968
 4     0.563     0.585     0.585
 4    -0.782     0.604     0.149
 4    -0.266    -0.541     0.797
 5    41.811   -11.220     2.147
 5     0.420    -0.587     0.693
 5    -0.881    -0.444     0.156
 5     0.216    -0.676    -0.703
 6    43.753   -17.876     1.982
 6     0.335     0.941     0.042
 6    -0.840     0.277     0.466
 6     0.426    -0.193     0.883
 7    45.596    -1.757    -2.566
 7     0.543     0.161    -0.825
 7    -0.098     0.987     0.127
 7     0.834     0.012     0.551
 8    39.680     8.125    -0.046
 8     0.243     0.765     0.599
 8     0.968    -0.234    -0.090
 8     0.070     0.600    -0.796
 9    42.808    14.949     0.837
 9     0.366    -0.868     0.337
 9     0.920     0.283    -0.270
 9     0.139     0.407     0.902
 2    36.388    -7.213    15.723
 2     0.952    -0.307    -0.005
 2     0.305     0.950     0.050
 2    -0.010    -0.051     0.999
 3    38.106     2.092    -2.031
 3     0.554    -0.504     0.664
 3     0.792     0.563    -0.234
 3    -0.257     0.655     0.710
 4    39.664    -7.133    -1.211
 4     0.619     0.633     0.465
 4    -0.779     0.571     0.257
 4    -0.102    -0.521     0.847
 5    42.213   -10.476     2.599
 5     0.399    -0.420     0.816
 5    -0.790    -0.609     0.073
 5     0.467    -0.673    -0.573
 6    44.376   -16.277     4.527
 6     0.275     0.939    -0.211
 6    -0.685     0.342     0.644
 6     0.675    -0.034     0.735
 7    45.841    -1.710    -2.404
 7     0.510     0.171    -0.843
 7    -0.101     0.985     0.138
 7     0.854     0.015     0.519
 8    40.186     7.774     0.723
 8     0.236     0.597     0.768
 8     0.922    -0.385     0.017
 8     0.306     0.704    -0.640
 9    43.859    14.184     3.584
 9     0.370    -0.929     0.021
 9     0.834     0.321    -0.449
 9     0.410     0.184     0.893
 2    36.388    -7.213    15.723
 2     0.952    -0.307    -0.005
 2     0.305     0.950     0.050
 2    -0.010    -0.051     0.999
 3    38.832     2.369    -2.185
 3     0.600    -0.554     0.577
 3     0.787     0.537    -0.303
 3    -0.142     0.636     0.758
 4    40.259    -7.109    -1.358
 4     0.643     0.664     0.383
 4    -0.766     0.554     0.326
 4     0.005    -0.503     0.864
 5    42.549    -9.704     2.648
 5     0.365    -0.235     0.901
 5    -0.659    -0.749     0.072
 5     0.658    -0.620    -0.428
 6    44.708   -14.697     5.968
 6     0.223     0.895    -0.391
 6    -0.537     0.444     0.717
 6     0.813     0.050     0.577
 7    46.110    -1.691    -2.321
 7     0.475     0.179    -0.862
 7    -0.107     0.983     0.144
 7     0.873     0.023     0.486
 8    40.648     7.255     1.276
 8     0.206     0.457     0.866
 8     0.839    -0.537     0.084
 8     0.504     0.709    -0.493
 9    44.358    12.991     5.677
 9     0.337    -0.931    -0.148
 9     0.720     0.353    -0.597
 9     0.606     0.096     0.788
 2    36.388    -7.213    15.723
 2     0.952    -0.307    -0.005
 2     0.305     0.950     0.050
 2    -0.010    -0.051     0.999
 3    39.496     2.580    -2.254
 3     0.636    -0.594     0.494
 3     0.770     0.521    -0.366
 3    -0.040     0.613     0.788
 4    40.725    -7.090    -1.466
 4     0.649     0.691     0.319
 4    -0.756     0.538     0.372
 4     0.085    -0.482     0.871
 5    42.926    -9.088     2.768
 5     0.356    -0.163     0.920
 5    -0.554    -0.830     0.067
 5     0.752    -0.534    -0.386
 6    45.189   -13.238     6.835
 6     0.210     0.871    -0.449
 6    -0.411     0.491     0.767
 6     0.887     0.024     0.458
 7    46.357    -1.694    -2.264
 7     0.441     0.190    -0.877
 7    -0.108     0.981     0.157
 7     0.891     0.026     0.453
 8    41.155     6.654     1.659
 8     0.186     0.303     0.935
 8     0.722    -0.687     0.079
 8     0.666     0.660    -0.346
 9    44.867    11.365     7.270
 9     0.303    -0.911    -0.286
 9     0.576     0.410    -0.706
 9     0.758     0.050     0.648
 2    36.388    -7.213    15.723
 2     0.952    -0.307    -0.005
 2     0.305     0.950     0.050
 2    -0.010    -0.051     0.999
 3    40.125     2.759    -2.241
 3     0.668    -0.622     0.409
 3     0.742     0.513    -0.431
 3     0.058     0.591     0.803
 4    41.118    -7.077    -1.586
 4     0.659     0.703     0.267
 4    -0.736     0.531     0.418
 4     0.152    -0.472     0.868
 5    43.382    -8.329     2.669
 5     0.365    -0.038     0.930
 5    -0.403    -0.907     0.120
 5     0.839    -0.418    -0.346
 6    45.745   -11.411     7.468
 6     0.195     0.827    -0.530
 6    -0.260     0.561     0.784
 6     0.945    -0.014     0.322
 7    46.556    -1.706    -2.219
 7     0.415     0.207    -0.886
 7    -0.110     0.978     0.176
 7     0.903     0.024     0.429
 8    41.833     6.109     1.744
 8     0.208     0.114     0.971
 8     0.577    -0.816    -0.029
 8     0.789     0.567    -0.236
 9    45.694     9.506     8.274
 9     0.303    -0.851    -0.435
 9     0.407     0.523    -0.747
 9     0.861     0.049     0.503
 2    36.388    -7.213    15.723
 2     0.952    -0.307    -0.005
 2     0.305     0.950     0.050
 2    -0.010    -0.051     0.999
 3    40.554     2.904    -2.269
 3     0.686    -0.639     0.351
 3     0.719     0.517    -0.465
 3     0.116     0.570     0.813
 4    41.314    -7.043    -1.647
 4     0.651     0.721     0.237
 4    -0.733     0.517     0.441
 4     0.195    -0.461     0.866
 5    43.662    -7.778     2.669
 5     0.385     0.038     0.922
 5    -0.292    -0.943     0.160
 5     0.875    -0.331    -0.352
 6    46.206   -10.107     7.760
 6     0.209     0.793    -0.575
 6    -0.154     0.604     0.780
 6     0.965    -0.073     0.246
 7    46.675    -1.726    -2.194
 7     0.397     0.222    -0.891
 7    -0.114     0.974     0.191
 7     0.910     0.026     0.412
 8    42.424     5.644     1.703
 8     0.235    -0.086     0.968
