% Calibrated with leiden_pols
% Positions are in centimeters
Data =[
 2    35.425    -7.148    16.023
 2     0.075    -0.997     0.004
 2     0.979     0.074     0.190
 2    -0.191    -0.011     0.982
 3    40.774     2.919    -2.282
 3     0.690    -0.652     0.316
 3     0.705     0.505    -0.497
 3     0.164     0.565     0.808
 4    41.389    -7.149    -1.578
 4     0.625     0.746     0.229
 4    -0.752     0.499     0.430
 4     0.207    -0.441     0.873
 5    43.612    -7.399     2.317
 5     0.301     0.134     0.944
 5    -0.176    -0.965     0.193
 5     0.937    -0.224    -0.267
 6    45.837    -8.478     8.008
 6     0.138     0.670    -0.731
 6    -0.006     0.737     0.674
 6     0.990    -0.087     0.105
 7    46.604    -1.656    -2.036
 7     0.408     0.172    -0.897
 7    -0.089     0.985     0.147
 7     0.908     0.020     0.417
 8    41.149     7.350     1.536
 8     0.159    -0.342     0.926
 8     0.683    -0.640    -0.352
 8     0.713     0.688     0.131
 9    46.501     8.787     7.536
 9     0.312    -0.371    -0.875
 9     0.201     0.925    -0.320
 9     0.928    -0.077     0.363
 2    35.425    -7.123    16.023
 2     0.075    -0.997     0.003
 2     0.979     0.074     0.190
 2    -0.191    -0.012     0.982
 3    40.845     2.862    -2.258
 3     0.713    -0.623     0.323
 3     0.687     0.529    -0.498
 3     0.139     0.576     0.805
 4    41.348    -7.106    -1.606
 4     0.607     0.760     0.232
 4    -0.766     0.482     0.424
 4     0.210    -0.435     0.875
 5    43.545    -7.350     2.345
 5     0.299     0.113     0.948
 5    -0.180    -0.969     0.172
 5     0.937    -0.221    -0.269
 6    45.781    -8.481     8.038
 6     0.144     0.691    -0.710
 6    -0.006     0.716     0.696
 6     0.989    -0.094     0.106
 7    46.607    -1.715    -2.033
 7     0.406     0.188    -0.894
 7    -0.099     0.982     0.161
 7     0.908     0.023     0.417
 8    41.411     7.345     1.518
 8     0.180    -0.375     0.910
 8     0.670    -0.631    -0.391
 8     0.719     0.679     0.138
 9    46.893     8.331     7.474
 9     0.325    -0.338    -0.883
 9     0.151     0.940    -0.305
 9     0.933    -0.035     0.356
 2    35.425    -7.123    16.023
 2     0.074    -0.997     0.003
 2     0.979     0.074     0.190
 2    -0.191    -0.012     0.982
 3    40.787     2.825    -2.267
 3     0.713    -0.619     0.330
 3     0.690     0.535    -0.487
 3     0.125     0.574     0.808
 4    41.398    -7.142    -1.619
 4     0.614     0.756     0.225
 4    -0.757     0.485     0.436
 4     0.221    -0.438     0.871
 5    43.567    -7.437     2.304
 5     0.290     0.137     0.947
 5    -0.183    -0.964     0.195
 5     0.939    -0.229    -0.254
 6    45.858    -8.542     8.031
 6     0.151     0.678    -0.721
 6    -0.009     0.728     0.684
 6     0.988    -0.095     0.114
 7    46.609    -1.712    -2.057
 7     0.408     0.189    -0.893
 7    -0.095     0.981     0.164
 7     0.908     0.018     0.418
 8    41.346     7.172     1.674
 8     0.191    -0.297     0.936
 8     0.674    -0.654    -0.344
 8     0.713     0.696     0.075
 9    46.657     8.326     7.679
 9     0.381    -0.393    -0.838
 9     0.141     0.919    -0.367
 9     0.913     0.021     0.405
 2    35.425    -7.123    16.023
 2     0.075    -0.997     0.004
 2     0.979     0.074     0.190
 2    -0.191    -0.011     0.982
 3    40.735     2.799    -2.245
 3     0.714    -0.616     0.335
 3     0.689     0.531    -0.493
 3     0.125     0.581     0.803
 4    41.303    -7.144    -1.597
 4     0.625     0.748     0.226
 4    -0.751     0.496     0.435
 4     0.213    -0.441     0.872
 5    43.604    -7.702     2.439
 5     0.331     0.137     0.933
 5    -0.214    -0.953     0.215
 5     0.919    -0.271    -0.286
 6    46.284    -8.990     7.916
 6     0.217     0.646    -0.733
 6    -0.029     0.753     0.655
 6     0.975    -0.119     0.181
 7    46.475    -1.755    -2.083
 7     0.428     0.192    -0.883
 7    -0.100     0.981     0.164
 7     0.898     0.018     0.439
 8    41.620     6.954     2.038
 8     0.297    -0.153     0.943
 8     0.668    -0.673    -0.319
 8     0.682     0.724    -0.098
 9    47.472     8.282     7.698
 9     0.540    -0.441    -0.718
 9     0.160     0.890    -0.425
 9     0.826     0.115     0.551
 2    35.425    -7.123    16.023
 2     0.075    -0.997     0.003
 2     0.979     0.074     0.190
 2    -0.191    -0.012     0.982
 3    40.397     2.817    -2.136
 3     0.723    -0.585     0.369
 3     0.685     0.534    -0.495
 3     0.092     0.610     0.786
 4    40.982    -7.089    -1.573
 4     0.639     0.728     0.247
 4    -0.747     0.512     0.422
 4     0.181    -0.455     0.872
 5    43.756    -7.988     2.960
 5     0.483     0.105     0.870
 5    -0.256    -0.933     0.253
 5     0.837    -0.345    -0.423
 6    47.349    -9.522     7.664
 6     0.378     0.620    -0.691
 6    -0.066     0.760     0.644
 6     0.923    -0.197     0.327
 7    46.237    -1.815    -2.096
 7     0.455     0.204    -0.867
 7    -0.118     0.978     0.167
 7     0.882     0.026     0.469
 8    42.270     6.682     2.408
 8     0.456    -0.005     0.890
 8     0.640    -0.693    -0.332
 8     0.618     0.721    -0.313
 9    48.735     7.784     7.268
 9     0.715    -0.415    -0.564
 9     0.134     0.871    -0.471
 9     0.686     0.261     0.678
 2    35.425    -7.123    16.023
 2     0.074    -0.997     0.003
 2     0.979     0.074     0.190
 2    -0.191    -0.012     0.982
 3    40.069     2.801    -1.975
 3     0.733    -0.549     0.403
 3     0.678     0.544    -0.494
 3     0.051     0.634     0.771
 4    40.672    -7.075    -1.478
 4     0.650     0.711     0.269
 4    -0.748     0.536     0.390
 4     0.134    -0.455     0.880
 5    44.035    -8.440     3.255
 5     0.626     0.069     0.776
 5    -0.301    -0.898     0.321
 5     0.719    -0.435    -0.542
 6    48.434   -10.225     6.904
 6     0.541     0.559    -0.632
 6    -0.115     0.790     0.600
 6     0.833    -0.252     0.491
 7    46.062    -1.789    -2.107
 7     0.479     0.204    -0.854
 7    -0.129     0.978     0.160
 7     0.868     0.034     0.494
 8    42.744     6.571     2.496
 8     0.597     0.124     0.793
 8     0.635    -0.676    -0.372
 8     0.490     0.726    -0.482
 9    49.676     7.613     6.125
 9     0.854    -0.337    -0.397
 9     0.124     0.873    -0.472
 9     0.505     0.353     0.787
 2    35.425    -7.123    16.023
 2     0.075    -0.997     0.004
 2     0.979     0.074     0.190
 2    -0.191    -0.011     0.982
 3    39.735     2.663    -1.848
 3     0.739    -0.502     0.451
 3     0.673     0.563    -0.478
 3    -0.014     0.656     0.753
 4    40.390    -7.088    -1.388
 4     0.657     0.696     0.290
 4    -0.749     0.557     0.359
 4     0.088    -0.453     0.887
 5    44.330    -8.797     3.411
 5     0.746     0.008     0.666
 5    -0.333    -0.862     0.382
 5     0.577    -0.507    -0.641
 6    49.351   -10.639     5.852
 6     0.692     0.488    -0.536
 6    -0.136     0.813     0.563
 6     0.709    -0.318     0.629
 7    45.967    -1.856    -2.101
 7     0.492     0.206    -0.846
 7    -0.137     0.978     0.158
 7     0.859     0.038     0.509
 8    43.059     6.581     2.239
 8     0.687     0.249     0.682
 8     0.642    -0.646    -0.412
 8     0.338     0.721    -0.603
 9    50.231     7.570     4.641
 9     0.937    -0.254    -0.239
 9     0.124     0.883    -0.452
 9     0.326     0.393     0.859
 2    35.425    -7.123    16.023
 2     0.075    -0.997     0.003
 2     0.979     0.074     0.190
 2    -0.191    -0.012     0.982
 3    39.447     2.519    -1.779
 3     0.741    -0.457     0.492
 3     0.665     0.591    -0.455
 3    -0.083     0.664     0.742
 4    40.129    -7.042    -1.256
 4     0.669     0.670     0.321
 4    -0.743     0.592     0.312
 4     0.019    -0.447     0.894
 5    44.689    -8.948     3.337
 5     0.845    -0.049     0.533
 5    -0.333    -0.828     0.451
 5     0.419    -0.558    -0.716
 6    50.196   -10.760     4.412
 6     0.823     0.388    -0.415
 6    -0.140     0.846     0.513
 6     0.549    -0.365     0.751
 7    45.957    -1.860    -2.088
 7     0.495     0.209    -0.844
 7    -0.140     0.977     0.159
 7     0.857     0.040     0.512
 8    43.314     6.598     1.795
 8     0.742     0.344     0.575
 8     0.643    -0.607    -0.467
 8     0.188     0.716    -0.671
 9    50.493     7.373     2.963
 9     0.984    -0.150    -0.095
 9     0.102     0.916    -0.389
 9     0.145     0.372     0.916
 2    35.425    -7.123    16.023
 2     0.075    -0.997     0.003
 2     0.979     0.074     0.190
 2    -0.191    -0.012     0.982
 3    39.207     2.402    -1.685
 3     0.737    -0.416     0.534
 3     0.659     0.618    -0.429
 3    -0.152     0.667     0.728
 4    39.818    -6.968    -1.071
 4     0.688     0.621     0.377
 4    -0.721     0.644     0.255
 4    -0.085    -0.447     0.890
 5    44.963    -9.257     2.842
 5     0.910    -0.126     0.394
 5    -0.340    -0.769     0.541
 5     0.235    -0.626    -0.743
 6    50.633   -10.833     2.338
 6     0.926     0.266    -0.266
 6    -0.142     0.902     0.408
 6     0.349    -0.340     0.873
 7    45.949    -1.816    -2.110
 7     0.495     0.205    -0.844
 7    -0.147     0.977     0.151
 7     0.856     0.049     0.514
 8    43.304     6.679     1.205
 8     0.764     0.458     0.456
 8     0.645    -0.561    -0.519
 8     0.018     0.689    -0.723
 9    50.228     6.960     0.883
 9     0.995    -0.006     0.101
 9     0.039     0.942    -0.333
 9    -0.093     0.336     0.937
 2    35.425    -7.123    16.023
 2     0.075    -0.997     0.003
 2     0.979     0.074     0.190
 2    -0.191    -0.012     0.982
 3    38.906     2.333    -1.584
 3     0.723    -0.373     0.582
 3     0.653     0.642    -0.401
 3    -0.224     0.670     0.707
 4    39.309    -6.858    -0.794
 4     0.670     0.586     0.457
 4    -0.711     0.682     0.168
 4    -0.214    -0.437     0.873
 5    44.893    -9.414     2.310
 5     0.932    -0.193     0.307
 5    -0.349    -0.709     0.613
 5     0.100    -0.678    -0.728
 6    50.471   -10.862     0.722
 6     0.968     0.201    -0.148
 6    -0.147     0.938     0.313
 6     0.202    -0.281     0.938
 7    45.899    -1.748    -2.090
 7     0.501     0.198    -0.843
 7    -0.153     0.978     0.139
 7     0.852     0.060     0.520
 8    43.038     6.715     0.524
 8     0.751     0.562     0.348
 8     0.643    -0.506    -0.574
 8    -0.147     0.654    -0.741
 9    49.576     6.428    -0.883
 9     0.959     0.108     0.264
 9    -0.035     0.964    -0.261
 9    -0.282     0.244     0.928
 2    35.425    -7.148    16.023
 2     0.075    -0.997     0.003
 2     0.979     0.075     0.190
 2    -0.191    -0.012     0.982
 3    38.526     2.210    -1.452
 3     0.704    -0.332     0.628
 3     0.645     0.668    -0.371
 3    -0.297     0.666     0.684
 4    38.838    -6.826    -0.546
 4     0.648     0.553     0.524
 4    -0.694     0.712     0.106
 4    -0.315    -0.432     0.845
 5    44.628    -9.688     1.677
 5     0.931    -0.280     0.232
 5    -0.361    -0.630     0.688
 5    -0.046    -0.725    -0.687
 6    49.903   -10.951    -1.212
 6     0.988     0.150     0.011
 6    -0.150     0.970     0.191
 6     0.017    -0.191     0.981
 7    45.793    -1.731    -2.107
 7     0.510     0.191    -0.839
 7    -0.155     0.979     0.128
 7     0.846     0.065     0.529
 8    42.702     6.536    -0.161
 8     0.720     0.655     0.230
 8     0.627    -0.474    -0.618
 8    -0.296     0.589    -0.751
 9    48.708     5.807    -2.532
 9     0.888     0.174     0.429
 9    -0.090     0.974    -0.202
 9    -0.451     0.144     0.880
 2    35.425    -7.123    16.023
 2     0.074    -0.997     0.003
 2     0.979     0.074     0.190
 2    -0.191    -0.012     0.982
 3    38.212     1.963    -1.380
 3     0.686    -0.293     0.666
 3     0.630     0.697    -0.343
 3    -0.364     0.655     0.662
 4    38.429    -6.796    -0.327
 4     0.624     0.504     0.597
 4    -0.658     0.750     0.055
 4    -0.420    -0.427     0.800
 5    44.104   -10.011     0.835
 5     0.896    -0.419     0.145
 5    -0.369    -0.523     0.768
 5    -0.246    -0.742    -0.624
 6    48.683   -11.106    -3.638
 6     0.961     0.139     0.238
 6    -0.156     0.986     0.054
 6    -0.227    -0.090     0.969
 7    45.713    -1.764    -2.124
 7     0.518     0.187    -0.835
 7    -0.157     0.980     0.121
 7     0.840     0.069     0.537
 8    42.380     6.202    -0.878
 8     0.669     0.739     0.082
 8     0.608    -0.481    -0.632
 8    -0.427     0.473    -0.771
 9    47.469     5.269    -4.016
 9     0.775     0.210     0.601
 9    -0.106     0.973    -0.195
 9    -0.624     0.089     0.775
 2    35.425    -7.123    16.023
 2     0.075    -0.997     0.003
 2     0.979     0.074     0.190
 2    -0.191    -0.012     0.982
 3    37.950     1.830    -1.296
 3     0.666    -0.261     0.699
 3     0.617     0.718    -0.321
 3    -0.418     0.645     0.639
 4    38.209    -6.772    -0.177
 4     0.608     0.462     0.646
 4    -0.634     0.771     0.045
 4    -0.477    -0.437     0.762
 5    43.453   -10.283     0.259
 5     0.831    -0.543     0.120
 5    -0.392    -0.421     0.818
 5    -0.393    -0.727    -0.562
 6    47.295   -11.352    -5.233
 6     0.896     0.187     0.401
 6    -0.181     0.982    -0.056
 6    -0.405    -0.023     0.914
 7    45.672    -1.741    -2.159
 7     0.524     0.180    -0.833
 7    -0.156     0.981     0.112
 7     0.837     0.071     0.542
 8    41.818     6.064    -1.510
 8     0.595     0.803    -0.029
 8     0.608    -0.473    -0.637
 8    -0.525     0.362    -0.770
 9    45.920     5.066    -5.112
 9     0.640     0.252     0.730
 9    -0.105     0.965    -0.233
 9    -0.761     0.073     0.641
 2    35.425    -7.123    16.023
 2     0.075    -0.997     0.003
 2     0.979     0.074     0.190
 2    -0.191    -0.012     0.982
 3    37.703     1.699    -1.225
 3     0.637    -0.257     0.727
 3     0.624     0.724    -0.292
 3    -0.452     0.640     0.621
 4    38.103    -6.803     0.006
 4     0.589     0.430     0.685
 4    -0.626     0.777     0.051
 4    -0.510    -0.459     0.727
 5    42.739   -10.644     0.028
 5     0.733    -0.671     0.107
 5    -0.437    -0.345     0.831
 5    -0.521    -0.656    -0.546
 6    45.524   -12.070    -6.391
 6     0.787     0.251     0.563
 6    -0.235     0.966    -0.103
 6    -0.569    -0.052     0.820
 7    45.617    -1.772    -2.178
 7     0.534     0.172    -0.828
 7    -0.155     0.982     0.103
 7     0.831     0.074     0.551
 8    41.187     6.135    -1.942
 8     0.506     0.859    -0.081
 8     0.633    -0.432    -0.642
 8    -0.586     0.274    -0.762
 9    44.413     5.163    -5.789
 9     0.516     0.252     0.823
 9    -0.077     0.966    -0.239
 9    -0.853     0.057     0.513
 2    35.425    -7.123    16.023
 2     0.075    -0.997     0.004
 2     0.979     0.074     0.190
 2    -0.191    -0.011     0.982
 3    37.496     1.624    -1.128
 3     0.615    -0.240     0.751
 3     0.625     0.728    -0.281
 3    -0.479     0.642     0.598
 4    37.803    -6.820     0.191
 4     0.540     0.424     0.728
 4    -0.627     0.778     0.012
 4    -0.561    -0.463     0.685
 5    42.146   -10.806    -0.161
 5     0.656    -0.748     0.097
 5    -0.458    -0.293     0.839
 5    -0.599    -0.595    -0.535
 6    44.275   -12.244    -7.022
 6     0.712     0.256     0.653
 6    -0.239     0.964    -0.119
 6    -0.660    -0.072     0.747
 7    45.521    -1.810    -2.200
 7     0.549     0.167    -0.820
 7    -0.157     0.983     0.094
 7     0.821     0.077     0.565
 8    40.629     6.160    -2.353
 8     0.437     0.890    -0.132
 8     0.640    -0.410    -0.650
 8    -0.632     0.200    -0.748
 9    43.080     5.260    -6.306
 9     0.409     0.281     0.872
 9    -0.054     0.957    -0.277
 9    -0.911     0.063     0.401
 2    35.438    -7.134    16.008
 2     0.111    -0.994     0.006
 2     0.975     0.111     0.192
 2    -0.193    -0.016     0.981
 3    37.166     1.546    -1.039
 3     0.580    -0.233     0.781
 3     0.633     0.731    -0.253
 3    -0.512     0.641     0.571
 4    37.685    -6.816     0.321
 4     0.529     0.386     0.756
 4    -0.614     0.788     0.028
 4    -0.586    -0.479     0.653
 5    41.787   -10.815    -0.267
 5     0.605    -0.792     0.083
 5    -0.457    -0.259     0.851
 5    -0.652    -0.553    -0.519
 6    43.421   -12.052    -7.460
 6     0.656     0.249     0.713
 6    -0.209     0.967    -0.147
 6    -0.725    -0.053     0.685
 7    45.451    -1.765    -2.223
 7     0.566     0.154    -0.811
 7    -0.150     0.985     0.082
 7     0.811     0.075     0.580
 8    39.984     6.098    -2.690
 8     0.409     0.911    -0.053
 8     0.597    -0.311    -0.740
 8    -0.690     0.271    -0.670
 9    42.452     5.039    -6.988
 9     0.404     0.272     0.877
 9    -0.089     0.962    -0.251
 9    -0.911     0.019     0.408
 2    36.356    -7.197    15.723
 2     0.930    -0.368    -0.003
 2     0.366     0.928     0.051
 2    -0.015    -0.050     0.998
 3    37.009     1.441    -1.006
 3     0.559    -0.223     0.799
 3     0.629     0.740    -0.234
 3    -0.540     0.634     0.554
 4    37.590    -6.796     0.376
 4     0.506     0.371     0.779
 4    -0.610     0.792     0.019
 4    -0.610    -0.484     0.627
 5    41.409   -10.874    -0.346
 5     0.541    -0.838     0.078
 5    -0.468    -0.222     0.856
 5    -0.699    -0.499    -0.511
 6    42.373   -12.233    -7.807
 6     0.582     0.272     0.767
 6    -0.224     0.959    -0.171
 6    -0.782    -0.073     0.618
 7    45.425    -1.775    -2.267
 7     0.572     0.157    -0.806
 7    -0.155     0.984     0.081
 7     0.805     0.078     0.587
 8    39.618     5.830    -3.097
 8     0.370     0.926    -0.081
 8     0.553    -0.288    -0.782
 8    -0.746     0.244    -0.618
 9    41.758     4.463    -7.536
 9     0.335     0.276     0.904
 9    -0.122     0.960    -0.242
 9    -0.935    -0.034     0.351
 2    36.357    -7.171    15.724
 2     0.930    -0.368    -0.003
 2     0.366     0.928     0.051
 2    -0.015    -0.051     0.998
 3    36.923     1.350    -1.010
 3     0.548    -0.191     0.814
 3     0.611     0.756    -0.235
 3    -0.571     0.626     0.531
 4    37.499    -6.746     0.403
 4     0.486     0.348     0.801
 4    -0.602     0.798     0.019
 4    -0.633    -0.492     0.597
 5    41.072   -10.878    -0.423
 5     0.461    -0.887     0.032
 5    -0.470    -0.212     0.857
 5    -0.752    -0.410    -0.515
 6    41.098   -12.261    -8.176
 6     0.481     0.243     0.842
 6    -0.211     0.964    -0.160
 6    -0.851    -0.101     0.515
 7    45.436    -1.807    -2.319
 7     0.577     0.167    -0.800
 7    -0.159     0.983     0.089
 7     0.801     0.076     0.593
 8    39.128     5.467    -3.639
 8     0.313     0.938    -0.151
 8     0.506    -0.298    -0.809
 8    -0.803     0.177    -0.567
 9    40.556     4.105    -8.008
 9     0.217     0.327     0.922
 9    -0.101     0.944    -0.307
 9    -0.971    -0.031     0.233
 2    36.335    -7.171    15.721
 2     0.931    -0.366    -0.004
 2     0.364     0.929     0.051
 2    -0.014    -0.051     0.998
 3    36.641     1.241    -0.996
 3     0.518    -0.172     0.838
 3     0.607     0.764    -0.219
 3    -0.603     0.622     0.499
 4    37.283    -6.697     0.506
 4     0.454     0.322     0.831
 4    -0.583     0.812     0.004
 4    -0.674    -0.486     0.556
 5    40.745   -10.742    -0.567
 5     0.398    -0.917    -0.020
 5    -0.458    -0.217     0.862
 5    -0.794    -0.334    -0.506
 6    40.047   -12.079    -8.433
 6     0.401     0.209     0.892
 6    -0.190     0.971    -0.144
 6    -0.896    -0.111     0.429
 7    45.288    -1.742    -2.417
 7     0.592     0.157    -0.791
 7    -0.157     0.984     0.076
 7     0.790     0.079     0.607
 8    38.590     5.490    -3.907
 8     0.267     0.949    -0.168
 8     0.504    -0.285    -0.816
 8    -0.821     0.133    -0.553
 9    39.723     4.191    -8.122
 9     0.161     0.303     0.941
 9    -0.085     0.952    -0.289
 9    -0.983    -0.038     0.175
 2    36.381    -7.204    15.713
 2     0.944    -0.330    -0.005
 2     0.328     0.943     0.046
 2    -0.009    -0.047     0.999
 3    36.336     1.231    -1.004
 3     0.479    -0.175     0.860
 3     0.619     0.761    -0.191
 3    -0.622     0.624     0.473
 4    37.037    -6.611     0.583
 4     0.428     0.290     0.856
 4    -0.563     0.826     0.002
 4    -0.707    -0.483     0.516
 5    40.376   -10.611    -0.691
 5     0.353    -0.935    -0.027
 5    -0.442    -0.191     0.876
 5    -0.825    -0.297    -0.480
 6    39.201   -11.773    -8.691
 6     0.344     0.211     0.915
 6    -0.171     0.972    -0.161
 6    -0.923    -0.101     0.371
 7    45.175    -1.699    -2.449
 7     0.605     0.148    -0.783
 7    -0.155     0.985     0.065
 7     0.781     0.081     0.619
 8    38.004     5.486    -4.194
 8     0.213     0.960    -0.181
 8     0.495    -0.265    -0.828
 8    -0.842     0.086    -0.531
 9    38.716     4.244    -8.257
 9     0.099     0.268     0.959
 9    -0.054     0.963    -0.261
 9    -0.994    -0.031     0.106
 2    36.380    -7.206    15.717
 2     0.945    -0.329    -0.005
 2     0.327     0.943     0.049
 2    -0.010    -0.049     0.999
 3    36.061     1.182    -0.977
 3     0.440    -0.176     0.880
 3     0.620     0.768    -0.156
 3    -0.649     0.615     0.447
 4    36.781    -6.499     0.658
 4     0.385     0.280     0.879
 4    -0.539     0.841    -0.032
 4    -0.749    -0.462     0.475
 5    39.930   -10.437    -0.894
 5     0.294    -0.955    -0.043
 5    -0.416    -0.167     0.894
 5    -0.860    -0.245    -0.446
 6    38.247   -11.457    -8.966
 6     0.274     0.219     0.936
 6    -0.166     0.970    -0.178
 6    -0.947    -0.106     0.302
 7    45.075    -1.627    -2.573
 7     0.613     0.144    -0.777
 7    -0.151     0.986     0.062
 7     0.775     0.079     0.627
 8    37.357     5.233    -4.732
 8     0.146     0.963    -0.230
 8     0.460    -0.270    -0.846
 8    -0.876     0.018    -0.481
 9    37.841     4.050    -8.219
 9     0.014     0.266     0.964
 9    -0.014     0.964    -0.264
 9    -1.000    -0.014     0.015
 2    36.381    -7.206    15.717
 2     0.945    -0.328    -0.005
 2     0.327     0.943     0.049
 2    -0.010    -0.050     0.999
 3    35.751     1.051    -1.064
 3     0.402    -0.173     0.899
 3     0.614     0.778    -0.126
 3    -0.679     0.603     0.419
 4    36.557    -6.438     0.676
 4     0.344     0.286     0.894
 4    -0.542     0.838    -0.059
 4    -0.767    -0.464     0.444
 5    39.529   -10.255    -1.093
 5     0.242    -0.969    -0.058
 5    -0.390    -0.151     0.908
 5    -0.888    -0.197    -0.414
 6    37.433   -11.280    -9.084
 6     0.215     0.225     0.950
 6    -0.167     0.967    -0.192
 6    -0.962    -0.117     0.245
 7    44.962    -1.635    -2.718
 7     0.629     0.148    -0.764
 7    -0.145     0.987     0.070
 7     0.764     0.067     0.641
 8    39.594     5.431    -2.241
 8     0.097     0.963    -0.254
 8     0.415    -0.270    -0.869
 8    -0.904    -0.022    -0.424
 9    38.503     3.506    -7.315
 9    -0.047     0.266     0.963
 9    -0.030     0.963    -0.266
 9    -0.999    -0.044    -0.039
 2    36.381    -7.206    15.717
 2     0.945    -0.328    -0.005
 2     0.327     0.943     0.049
 2    -0.010    -0.050     0.999
 3    35.510     0.895    -1.110
 3     0.374    -0.164     0.912
 3     0.603     0.791    -0.106
 3    -0.704     0.590     0.395
 4    36.343    -6.429     0.742
 4     0.306     0.274     0.911
 4    -0.530     0.844    -0.076
 4    -0.790    -0.461     0.404
 5    39.193   -10.202    -1.123
 5     0.186    -0.978    -0.096
 5    -0.372    -0.160     0.914
 5    -0.909    -0.134    -0.393
 6    36.692   -11.282    -8.997
 6     0.148     0.193     0.970
 6    -0.166     0.972    -0.168
 6    -0.975    -0.136     0.176
 7    44.781    -1.680    -2.814
 7     0.647     0.159    -0.746
 7    -0.149     0.985     0.080
 7     0.748     0.059     0.661
 8    39.214     5.158    -2.401
 8     0.071     0.959    -0.277
 8     0.388    -0.280    -0.878
 8    -0.919    -0.045    -0.390
 9    38.190     3.238    -7.611
 9    -0.076     0.277     0.958
 9    -0.043     0.958    -0.281
 9    -0.996    -0.065    -0.063
 2    36.381    -7.206    15.718
 2     0.945    -0.328    -0.005
 2     0.327     0.943     0.050
 2    -0.010    -0.051     0.998
 3    35.324     0.823    -1.087
 3     0.360    -0.146     0.921
 3     0.593     0.798    -0.106
 3    -0.720     0.585     0.374
 4    36.209    -6.469     0.804
 4     0.291     0.259     0.921
 4    -0.526     0.847    -0.072
 4    -0.799    -0.464     0.383
 5    39.089   -10.203    -1.124
 5     0.169    -0.980    -0.109
 5    -0.370    -0.165     0.914
 5    -0.913    -0.114    -0.390
 6    36.478   -11.354    -8.941
 6     0.127     0.182     0.975
 6    -0.172     0.972    -0.160
 6    -0.977    -0.147     0.155
 7    44.736    -1.737    -2.835
 7     0.653     0.161    -0.740
 7    -0.149     0.985     0.082
 7     0.742     0.056     0.667
 8    39.066     5.007    -2.560
 8     0.057     0.956    -0.290
 8     0.372    -0.288    -0.883
 8    -0.926    -0.058    -0.371
 9    38.046     3.073    -7.766
 9    -0.098     0.283     0.954
 9    -0.043     0.956    -0.288
 9    -0.994    -0.072    -0.083
 2    36.381    -7.206    15.718
 2     0.945    -0.328    -0.005
 2     0.327     0.943     0.050
 2    -0.010    -0.051     0.998
 3    35.251     0.727    -1.161
 3     0.349    -0.141     0.926
 3     0.582     0.807    -0.097
 3    -0.734     0.573     0.364
 4    36.182    -6.505     0.761
 4     0.287     0.231     0.929
 4    -0.511     0.857    -0.055
 4    -0.810    -0.460     0.364
 5    39.089   -10.185    -1.183
 5     0.154    -0.980    -0.126
 5    -0.361    -0.173     0.916
 5    -0.920    -0.096    -0.380
 6    36.250   -11.236    -8.956
 6     0.098     0.155     0.983
 6    -0.157     0.978    -0.139
 6    -0.983    -0.141     0.120
 7    44.691    -1.715    -2.881
 7     0.661     0.161    -0.733
 7    -0.143     0.986     0.087
 7     0.736     0.047     0.674
 8    38.791     4.848    -2.745
 8     0.039     0.954    -0.296
 8     0.351    -0.289    -0.891
 8    -0.936    -0.070    -0.344
 9    37.847     2.939    -7.974
 9    -0.118     0.282     0.952
 9    -0.044     0.956    -0.288
 9    -0.992    -0.079    -0.103
 2    36.381    -7.206    15.718
 2     0.945    -0.327    -0.005
 2     0.326     0.943     0.050
 2    -0.010    -0.051     0.998
 3    35.057     0.721    -1.223
 3     0.331    -0.136     0.934
 3     0.583     0.807    -0.089
 3    -0.742     0.574     0.346
 4    36.005    -6.480     0.777
 4     0.265     0.221     0.938
 4    -0.501     0.863    -0.062
 4    -0.824    -0.454     0.339
 5    38.776   -10.058    -1.318
 5     0.122    -0.984    -0.135
 5    -0.336    -0.168     0.927
 5    -0.934    -0.067    -0.350
 6    35.796   -11.031    -8.961
 6     0.068     0.164     0.984
 6    -0.141     0.978    -0.153
 6    -0.988    -0.128     0.090
 7    44.545    -1.723    -2.955
 7     0.667     0.165    -0.727
 7    -0.146     0.985     0.088
 7     0.730     0.047     0.681
 8    38.490     4.859    -2.809
 8     0.017     0.952    -0.308
 8     0.352    -0.292    -0.889
 8    -0.936    -0.094    -0.339
 9    37.550     3.087    -7.917
 9    -0.149     0.283     0.947
 9    -0.027     0.956    -0.290
 9    -0.989    -0.071    -0.136
 2    36.381    -7.206    15.718
 2     0.945    -0.328    -0.005
 2     0.326     0.943     0.050
 2    -0.010    -0.051     0.998
 3    34.875     0.753    -1.181
 3     0.309    -0.138     0.941
 3     0.591     0.802    -0.076
 3    -0.745     0.580     0.329
 4    35.908    -6.394     0.819
 4     0.247     0.229     0.941
 4    -0.504     0.860    -0.077
 4    -0.828    -0.455     0.328
 5    38.637   -10.009    -1.313
 5     0.101    -0.985    -0.140
 5    -0.333    -0.165     0.928
 5    -0.937    -0.047    -0.344
 6    35.553   -10.974    -8.844
 6     0.049     0.162     0.985
 6    -0.141     0.978    -0.154
 6    -0.989    -0.131     0.071
 7    44.440    -1.680    -2.970
 7     0.676     0.162    -0.720
 7    -0.145     0.986     0.084
 7     0.722     0.048     0.689
 8    38.098     4.925    -2.852
 8    -0.017     0.949    -0.315
 8     0.359    -0.287    -0.888
 8    -0.933    -0.128    -0.335
 9    37.189     3.375    -7.847
 9    -0.181     0.280     0.942
 9    -0.008     0.958    -0.286
 9    -0.984    -0.061    -0.172
 2    36.381    -7.206    15.718
 2     0.945    -0.327    -0.005
 2     0.326     0.943     0.050
 2    -0.010    -0.051     0.998
 3    34.679     0.760    -1.161
 3     0.277    -0.147     0.949
 3     0.600     0.798    -0.052
 3    -0.750     0.584     0.309
 4    35.825    -6.374     0.819
 4     0.243     0.220     0.945
 4    -0.498     0.864    -0.073
 4    -0.832    -0.453     0.319
 5    38.592    -9.983    -1.310
 5     0.099    -0.985    -0.143
 5    -0.334    -0.167     0.928
 5    -0.937    -0.045    -0.344
 6    35.520   -10.976    -8.853
 6     0.047     0.160     0.986
 6    -0.144     0.978    -0.152
 6    -0.989    -0.134     0.069
 7    44.354    -1.631    -2.982
 7     0.680     0.158    -0.716
 7    -0.143     0.986     0.080
 7     0.719     0.047     0.693
 8    37.935     4.977    -2.854
 8    -0.024     0.955    -0.297
 8     0.359    -0.267    -0.894
 8    -0.933    -0.129    -0.335
 9    37.100     3.411    -7.826
 9    -0.176     0.262     0.949
 9    -0.009     0.963    -0.267
 9    -0.984    -0.057    -0.169
 2    36.379    -7.207    15.721
 2     0.945    -0.328    -0.005
 2     0.326     0.943     0.050
 2    -0.011    -0.051     0.999
 3    34.644     0.793    -1.167
 3     0.264    -0.162     0.951
 3     0.607     0.794    -0.034
 3    -0.750     0.586     0.308
 4    35.726    -6.378     0.842
 4     0.239     0.237     0.942
 4    -0.502     0.860    -0.089
 4    -0.831    -0.452     0.324
 5    38.604    -9.999    -1.344
 5     0.130    -0.981    -0.148
 5    -0.338    -0.183     0.923
 5    -0.932    -0.069    -0.354
 6    35.884   -11.089    -9.067
 6     0.099     0.167     0.981
 6    -0.157     0.976    -0.151
 6    -0.983    -0.138     0.123
 7    44.295    -1.637    -2.924
 7     0.680     0.160    -0.716
 7    -0.151     0.985     0.075
 7     0.717     0.057     0.694
 8    38.683     5.266    -2.610
 8     0.074     0.970    -0.230
 8     0.374    -0.240    -0.896
 8    -0.924    -0.020    -0.380
 9    38.265     3.479    -7.160
 9    -0.030     0.208     0.978
 9    -0.005     0.978    -0.207
 9    -1.000    -0.014    -0.030
 2    36.381    -7.206    15.718
 2     0.945    -0.327    -0.005
 2     0.326     0.943     0.050
 2    -0.010    -0.051     0.998
 3    34.871     0.933    -1.238
 3     0.308    -0.165     0.937
 3     0.610     0.789    -0.062
 3    -0.730     0.591     0.344
 4    35.836    -6.398     0.710
 4     0.264     0.272     0.925
 4    -0.522     0.847    -0.100
 4    -0.811    -0.457     0.365
 5    38.987   -10.138    -1.445
 5     0.259    -0.963    -0.071
 5    -0.369    -0.166     0.915
 5    -0.893    -0.211    -0.397
 6    37.585   -11.167    -9.491
 6     0.265     0.244     0.933
 6    -0.184     0.962    -0.200
 6    -0.946    -0.119     0.300
 7    44.415    -1.661    -2.831
 7     0.661     0.175    -0.730
 7    -0.173     0.982     0.078
 7     0.730     0.075     0.678
 8    37.181     4.790    -4.987
 8     0.220     0.955    -0.201
 8     0.389    -0.273    -0.880
 8    -0.894     0.115    -0.431
 9    38.247     4.036    -9.528
 9     0.136     0.187     0.973
 9    -0.007     0.982    -0.185
 9    -0.991     0.015     0.133
 2    36.379    -7.207    15.721
 2     0.945    -0.328    -0.005
 2     0.326     0.943     0.050
 2    -0.011    -0.051     0.999
 3    35.318     1.051    -1.276
 3     0.377    -0.162     0.912
 3     0.606     0.787    -0.111
 3    -0.701     0.594     0.395
 4    36.090    -6.465     0.528
 4     0.317     0.289     0.903
 4    -0.540     0.837    -0.078
 4    -0.779    -0.463     0.422
 5    39.741   -10.228    -1.576
 5     0.436    -0.899     0.041
 5    -0.378    -0.141     0.915
 5    -0.817    -0.415    -0.401
 6    40.238   -10.982    -9.453
 6     0.484     0.313     0.817
 6    -0.173     0.949    -0.262
 6    -0.858    -0.015     0.513
 7    44.576    -1.748    -2.726
 7     0.643     0.182    -0.745
 7    -0.175     0.980     0.088
 7     0.746     0.073     0.661
 8    38.563     5.046    -4.309
 8     0.378     0.918    -0.119
 8     0.422    -0.284    -0.861
 8    -0.824     0.275    -0.495
 9    40.946     4.502    -8.949
 9     0.337     0.134     0.933
 9    -0.018     0.990    -0.129
 9    -0.941     0.023     0.335
 2    36.379    -7.207    15.721
 2     0.945    -0.327    -0.005
 2     0.326     0.943     0.050
 2    -0.011    -0.051     0.998
 3    35.795     1.139    -1.340
 3     0.445    -0.173     0.878
 3     0.607     0.779    -0.155
 3    -0.658     0.602     0.452
 4    36.507    -6.576     0.340
 4     0.396     0.271     0.877
 4    -0.551     0.834    -0.009
 4    -0.734    -0.480     0.479
 5    40.676   -10.382    -1.391
 5     0.568    -0.820     0.078
 5    -0.392    -0.184     0.901
 5    -0.724    -0.542    -0.426
 6    42.336   -11.088    -8.818
 6     0.630     0.290     0.720
 6    -0.154     0.956    -0.251
 6    -0.761     0.047     0.646
 7    44.768    -1.757    -2.626
 7     0.631     0.179    -0.755
 7    -0.167     0.981     0.092
 7     0.757     0.068     0.649
 8    39.751     5.279    -3.715
 8     0.505     0.861    -0.059
 8     0.447    -0.318    -0.836
 8    -0.738     0.396    -0.546
 9    43.100     4.889    -8.185
 9     0.489     0.115     0.866
 9    -0.015     0.992    -0.115
 9    -0.872     0.041     0.485
 2    36.379    -7.207    15.721
 2     0.945    -0.328    -0.005
 2     0.326     0.943     0.050
 2    -0.011    -0.051     0.999
 3    36.191     1.276    -1.373
 3     0.499    -0.180     0.848
 3     0.606     0.771    -0.193
 3    -0.619     0.610     0.494
 4    36.737    -6.679     0.300
 4     0.420     0.321     0.849
 4    -0.588     0.808    -0.014
 4    -0.691    -0.493     0.528
 5    41.646   -10.369    -0.915
 5     0.703    -0.708     0.080
 5    -0.391    -0.288     0.874
 5    -0.594    -0.645    -0.479
 6    44.515   -11.256    -7.497
 6     0.766     0.247     0.593
 6    -0.183     0.969    -0.167
 6    -0.616     0.019     0.787
 7    44.853    -1.799    -2.559
 7     0.622     0.188    -0.760
 7    -0.165     0.980     0.106
 7     0.765     0.059     0.640
 8    40.865     5.478    -2.888
 8     0.638     0.770    -0.000
 8     0.463    -0.383    -0.799
 8    -0.615     0.510    -0.601
 9    45.383     5.183    -6.710
 9     0.661     0.115     0.743
 9    -0.017     0.990    -0.130
 9    -0.750     0.074     0.656
 2    36.379    -7.207    15.721
 2     0.945    -0.328    -0.005
 2     0.326     0.943     0.050
 2    -0.011    -0.051     0.999
 3    36.575     1.440    -1.371
 3     0.549    -0.210     0.809
 3     0.620     0.751    -0.226
 3    -0.561     0.626     0.542
 4    37.202    -6.785     0.109
 4     0.503     0.329     0.799
 4    -0.614     0.787     0.062
 4    -0.608    -0.522     0.598
 5    42.842   -10.236    -0.153
 5     0.822    -0.556     0.120
 5    -0.409    -0.429     0.805
 5    -0.396    -0.712    -0.580
 6    46.989   -11.595    -5.300
 6     0.898     0.208     0.387
 6    -0.212     0.977    -0.034
 6    -0.385    -0.052     0.921
 7    45.067    -1.806    -2.442
 7     0.601     0.186    -0.778
 7    -0.165     0.980     0.105
 7     0.782     0.065     0.619
 8    42.104     5.875    -1.613
 8     0.766     0.632     0.119
 8     0.496    -0.462    -0.735
 8    -0.410     0.622    -0.667
 9    47.968     5.774    -4.248
 9     0.846     0.082     0.529
 9    -0.015     0.992    -0.123
 9    -0.534     0.098     0.839
 2    36.379    -7.207    15.721
 2     0.945    -0.327    -0.004
 2     0.326     0.943     0.050
 2    -0.011    -0.050     0.998
 3    37.352     1.769    -1.556
 3     0.615    -0.255     0.746
 3     0.636     0.719    -0.280
 3    -0.465     0.647     0.604
 4    38.019    -6.838    -0.347
 4     0.593     0.394     0.703
 4    -0.647     0.752     0.124
 4    -0.480    -0.528     0.700
 5    43.811   -10.135     0.832
 5     0.885    -0.377     0.273
 5    -0.451    -0.547     0.705
 5    -0.117    -0.747    -0.654
 6    48.919   -12.023    -2.243
 6     0.964     0.248     0.094
 6    -0.259     0.957     0.131
 6    -0.057    -0.151     0.987
 7    45.446    -1.763    -2.376
 7     0.563     0.182    -0.807
 7    -0.149     0.982     0.117
 7     0.813     0.055     0.579
 8    42.886     6.459    -0.250
 8     0.818     0.478     0.320
 8     0.551    -0.495    -0.672
 8    -0.163     0.725    -0.667
 9    49.854     6.370    -1.116
 9     0.976     0.074     0.207
 9    -0.042     0.987    -0.152
 9    -0.215     0.141     0.966
 2    36.379    -7.207    15.721
 2     0.945    -0.328    -0.005
 2     0.326     0.943     0.050
 2    -0.011    -0.051     0.999
 3    38.279     2.145    -1.672
 3     0.678    -0.333     0.656
 3     0.661     0.665    -0.346
 3    -0.321     0.668     0.670
 4    38.906    -6.877    -0.651
 4     0.663     0.485     0.570
 4    -0.691     0.689     0.217
 4    -0.288    -0.538     0.792
 5    44.238    -9.837     2.082
 5     0.865    -0.224     0.449
 5    -0.468    -0.682     0.561
 5     0.181    -0.696    -0.695
 6    49.726   -12.146     1.441
 6     0.914     0.346    -0.213
 6    -0.270     0.908     0.319
 6     0.303    -0.234     0.924
 7    45.752    -1.695    -2.285
 7     0.523     0.178    -0.834
 7    -0.134     0.983     0.125
 7     0.842     0.046     0.537
 8    42.977     6.876     1.264
 8     0.784     0.264     0.562
 8     0.601    -0.548    -0.581
 8     0.155     0.793    -0.588
 9    50.406     6.429     2.877
 9     0.975     0.049    -0.219
 9    -0.108     0.957    -0.272
 9     0.195     0.286     0.937
 2    36.379    -7.207    15.721
 2     0.945    -0.328    -0.004
 2     0.326     0.943     0.050
 2    -0.011    -0.050     0.998
 3    39.077     2.427    -1.828
 3     0.712    -0.442     0.546
 3     0.683     0.616    -0.393
 3    -0.163     0.652     0.740
 4    39.640    -7.023    -0.930
 4     0.678     0.574     0.459
 4    -0.723     0.631     0.280
 4    -0.129    -0.522     0.843
 5    44.174    -9.420     2.872
 5     0.766    -0.113     0.633
 5    -0.456    -0.789     0.410
 5     0.452    -0.603    -0.656
 6    49.260   -11.849     4.513
 6     0.755     0.485    -0.445
 6    -0.242     0.832     0.495
 6     0.609    -0.267     0.746
 7    45.922    -1.771    -2.271
 7     0.491     0.188    -0.851
 7    -0.128     0.981     0.142
 7     0.861     0.039     0.506
 8    42.870     6.792     1.998
 8     0.689     0.009     0.724
 8     0.571    -0.623    -0.534
 8     0.446     0.782    -0.435
 9    49.857     6.535     5.859
 9     0.836    -0.145    -0.529
 9    -0.063     0.932    -0.358
 9     0.545     0.331     0.769
 2    36.379    -7.207    15.721
 2     0.945    -0.328    -0.005
 2     0.326     0.943     0.050
 2    -0.011    -0.051     0.999
 3    39.695     2.639    -1.901
 3     0.726    -0.512     0.459
 3     0.686     0.582    -0.436
 3    -0.044     0.631     0.774
 4    40.260    -7.044    -1.207
 4     0.682     0.632     0.369
 4    -0.732     0.589     0.342
 4    -0.001    -0.503     0.864
 5    43.940    -8.866     3.024
 5     0.623     0.006     0.782
 5    -0.403    -0.855     0.326
 5     0.670    -0.518    -0.531
 6    48.195   -11.103     6.464
 6     0.546     0.580    -0.609
 6    -0.189     0.789     0.581
 6     0.816    -0.203     0.539
 7    46.193    -1.747    -2.217
 7     0.457     0.191    -0.869
 7    -0.127     0.981     0.148
 7     0.880     0.043     0.472
 8    42.717     6.655     2.289
 8     0.566    -0.163     0.809
