% Calibrated with leiden_pols
% Positions are in centimeters
Data =[
 2    35.425    -7.148    16.023
 2     0.075    -0.997     0.004
 2     0.979     0.074     0.190
 2    -0.191    -0.011     0.982
 3    40.774     2.919    -2.282
 3     0.690    -0.652     0.316
 3     0.705     0.505    -0.497
 3     0.164     0.565     0.808
 4    41.389    -7.149    -1.578
 4     0.625     0.746     0.229
 4    -0.752     0.499     0.430
 4     0.207    -0.441     0.873
 5    43.612    -7.399     2.317
 5     0.301     0.134     0.944
 5    -0.176    -0.965     0.193
 5     0.937    -0.224    -0.267
 6    45.837    -8.478     8.008
 6     0.138     0.670    -0.731
 6    -0.006     0.737     0.674
 6     0.990    -0.087     0.105
 7    46.604    -1.656    -2.036
 7     0.408     0.172    -0.897
 7    -0.089     0.985     0.147
 7     0.908     0.020     0.417
 8    41.149     7.350     1.536
 8     0.159    -0.342     0.926
 8     0.683    -0.640    -0.352
 8     0.713     0.688     0.131
 9    46.501     8.787     7.536
 9     0.312    -0.371    -0.875
 9     0.201     0.925    -0.320
 9     0.928    -0.077     0.363
 2    35.425    -7.123    16.023
 2     0.075    -0.997     0.003
 2     0.979     0.074     0.190
 2    -0.191    -0.012     0.982
 3    40.845     2.862    -2.258
 3     0.713    -0.623     0.323
 3     0.687     0.529    -0.498
 3     0.139     0.576     0.805
 4    41.348    -7.106    -1.606
 4     0.607     0.760     0.232
 4    -0.766     0.482     0.424
 4     0.210    -0.435     0.875
 5    43.545    -7.350     2.345
 5     0.299     0.113     0.948
 5    -0.180    -0.969     0.172
 5     0.937    -0.221    -0.269
 6    45.781    -8.481     8.038
 6     0.144     0.691    -0.710
 6    -0.006     0.716     0.696
 6     0.989    -0.094     0.106
 7    46.607    -1.715    -2.033
 7     0.406     0.188    -0.894
 7    -0.099     0.982     0.161
 7     0.908     0.023     0.417
 8    41.411     7.345     1.518
 8     0.180    -0.375     0.910
 8     0.670    -0.631    -0.391
 8     0.719     0.679     0.138
 9    46.893     8.331     7.474
 9     0.325    -0.338    -0.883
 9     0.151     0.940    -0.305
 9     0.933    -0.035     0.356
 2    35.425    -7.123    16.023
 2     0.074    -0.997     0.003
 2     0.979     0.074     0.190
 2    -0.191    -0.012     0.982
 3    40.787     2.825    -2.267
 3     0.713    -0.619     0.330
 3     0.690     0.535    -0.487
 3     0.125     0.574     0.808
 4    41.398    -7.142    -1.619
 4     0.614     0.756     0.225
 4    -0.757     0.485     0.436
 4     0.221    -0.438     0.871
 5    43.567    -7.437     2.304
 5     0.290     0.137     0.947
 5    -0.183    -0.964     0.195
 5     0.939    -0.229    -0.254
 6    45.858    -8.542     8.031
 6     0.151     0.678    -0.721
 6    -0.009     0.728     0.684
 6     0.988    -0.095     0.114
 7    46.609    -1.712    -2.057
 7     0.408     0.189    -0.893
 7    -0.095     0.981     0.164
 7     0.908     0.018     0.418
 8    41.346     7.172     1.674
 8     0.191    -0.297     0.936
 8     0.674    -0.654    -0.344
 8     0.713     0.696     0.075
 9    46.657     8.326     7.679
 9     0.381    -0.393    -0.838
 9     0.141     0.919    -0.367
 9     0.913     0.021     0.405
 2    35.425    -7.123    16.023
 2     0.075    -0.997     0.004
 2     0.979     0.074     0.190
 2    -0.191    -0.011     0.982
 3    40.735     2.799    -2.245
 3     0.714    -0.616     0.335
 3     0.689     0.531    -0.493
 3     0.125     0.581     0.803
 4    41.303    -7.144    -1.597
 4     0.625     0.748     0.226
 4    -0.751     0.496     0.435
 4     0.213    -0.441     0.872
 5    43.604    -7.702     2.439
 5     0.331     0.137     0.933
 5    -0.214    -0.953     0.215
 5     0.919    -0.271    -0.286
 6    46.284    -8.990     7.916
 6     0.217     0.646    -0.733
 6    -0.029     0.753     0.655
 6     0.975    -0.119     0.181
 7    46.475    -1.755    -2.083
 7     0.428     0.192    -0.883
 7    -0.100     0.981     0.164
 7     0.898     0.018     0.439
 8    41.620     6.954     2.038
 8     0.297    -0.153     0.943
 8     0.668    -0.673    -0.319
 8     0.682     0.724    -0.098
 9    47.472     8.282     7.698
 9     0.540    -0.441    -0.718
 9     0.160     0.890    -0.425
 9     0.826     0.115     0.551
 2    35.425    -7.123    16.023
 2     0.075    -0.997     0.003
 2     0.979     0.074     0.190
 2    -0.191    -0.012     0.982
 3    40.397     2.817    -2.136
 3     0.723    -0.585     0.369
 3     0.685     0.534    -0.495
 3     0.092     0.610     0.786
 4    40.982    -7.089    -1.573
 4     0.639     0.728     0.247
 4    -0.747     0.512     0.422
 4     0.181    -0.455     0.872
 5    43.756    -7.988     2.960
 5     0.483     0.105     0.870
 5    -0.256    -0.933     0.253
 5     0.837    -0.345    -0.423
 6    47.349    -9.522     7.664
 6     0.378     0.620    -0.691
 6    -0.066     0.760     0.644
 6     0.923    -0.197     0.327
 7    46.237    -1.815    -2.096
 7     0.455     0.204    -0.867
 7    -0.118     0.978     0.167
 7     0.882     0.026     0.469
 8    42.270     6.682     2.408
 8     0.456    -0.005     0.890
 8     0.640    -0.693    -0.332
 8     0.618     0.721    -0.313
 9    48.735     7.784     7.268
 9     0.715    -0.415    -0.564
 9     0.134     0.871    -0.471
 9     0.686     0.261     0.678
 2    35.425    -7.123    16.023
 2     0.074    -0.997     0.003
 2     0.979     0.074     0.190
 2    -0.191    -0.012     0.982
 3    40.069     2.801    -1.975
 3     0.733    -0.549     0.403
 3     0.678     0.544    -0.494
 3     0.051     0.634     0.771
 4    40.672    -7.075    -1.478
 4     0.650     0.711     0.269
 4    -0.748     0.536     0.390
 4     0.134    -0.455     0.880
 5    44.035    -8.440     3.255
 5     0.626     0.069     0.776
 5    -0.301    -0.898     0.321
 5     0.719    -0.435    -0.542
 6    48.434   -10.225     6.904
 6     0.541     0.559    -0.632
 6    -0.115     0.790     0.600
 6     0.833    -0.252     0.491
 7    46.062    -1.789    -2.107
 7     0.479     0.204    -0.854
 7    -0.129     0.978     0.160
 7     0.868     0.034     0.494
 8    42.744     6.571     2.496
 8     0.597     0.124     0.793
 8     0.635    -0.676    -0.372
 8     0.490     0.726    -0.482
 9    49.676     7.613     6.125
 9     0.854    -0.337    -0.397
 9     0.124     0.873    -0.472
 9     0.505     0.353     0.787
 2    35.425    -7.123    16.023
 2     0.075    -0.997     0.004
 2     0.979     0.074     0.190
 2    -0.191    -0.011     0.982
 3    39.735     2.663    -1.848
 3     0.739    -0.502     0.451
 3     0.673     0.563    -0.478
 3    -0.014     0.656     0.753
 4    40.390    -7.088    -1.388
 4     0.657     0.696     0.290
 4    -0.749     0.557     0.359
 4     0.088    -0.453     0.887
 5    44.330    -8.797     3.411
 5     0.746     0.008     0.666
 5    -0.333    -0.862     0.382
 5     0.577    -0.507    -0.641
 6    49.351   -10.639     5.852
 6     0.692     0.488    -0.536
 6    -0.136     0.813     0.563
 6     0.709    -0.318     0.629
 7    45.967    -1.856    -2.101
 7     0.492     0.206    -0.846
 7    -0.137     0.978     0.158
 7     0.859     0.038     0.509
 8    43.059     6.581     2.239
 8     0.687     0.249     0.682
 8     0.642    -0.646    -0.412
 8     0.338     0.721    -0.603
 9    50.231     7.570     4.641
 9     0.937    -0.254    -0.239
 9     0.124     0.883    -0.452
 9     0.326     0.393     0.859
 2    35.425    -7.123    16.023
 2     0.075    -0.997     0.003
 2     0.979     0.074     0.190
 2    -0.191    -0.012     0.982
 3    39.447     2.519    -1.779
 3     0.741    -0.457     0.492
 3     0.665     0.591    -0.455
 3    -0.083     0.664     0.742
 4    40.129    -7.042    -1.256
 4     0.669     0.670     0.321
 4    -0.743     0.592     0.312
 4     0.019    -0.447     0.894
 5    44.689    -8.948     3.337
 5     0.845    -0.049     0.533
 5    -0.333    -0.828     0.451
 5     0.419    -0.558    -0.716
