2 	  33.05	  -6.89	  22.78
	  0.141	  0.989	 -0.033
	 -0.990	  0.142	  0.002
	  0.007	  0.032	  0.999

3 	  45.63	  -0.42	   1.14
	  0.510	  0.134	  0.849
	 -0.094	  0.990	 -0.100
	 -0.855	 -0.029	  0.517

4 	  41.75	   7.15	  -1.67
	  0.744	  0.617	  0.255
	 -0.646	  0.567	  0.511
	  0.171	 -0.545	  0.821

5 	  40.99	  10.35	  10.42
	  0.255	  0.100	  0.962
	 -0.721	 -0.643	  0.256
	  0.646	 -0.758	 -0.091

6 	  45.65	  10.39	  19.39
	  0.354	 -0.062	  0.933
	 -0.664	  0.688	  0.294
	 -0.664	 -0.720	  0.201

7 	  40.48	  -6.24	  -2.74
	  0.769	 -0.590	 -0.246
	  0.424	  0.758	 -0.495
	  0.479	  0.277	  0.833

8 	  39.66	 -10.30	   8.79
	  0.209	 -0.170	  0.963
	  0.607	 -0.750	 -0.264
	  0.767	  0.639	 -0.053

9 	  44.40	 -11.65	  19.74
	  0.268	  0.123	  0.955
	  0.691	  0.667	 -0.277
	 -0.675	  0.732	  0.092

2 	  33.05	  -6.89	  22.78
	  0.141	  0.989	 -0.033
	 -0.990	  0.142	  0.002
	  0.007	  0.032	  0.999

3 	  45.63	  -0.40	   1.14
	  0.510	  0.133	  0.849
	 -0.095	  0.990	 -0.099
	 -0.855	 -0.030	  0.518

4 	  41.75	   7.17	  -1.65
	  0.744	  0.617	  0.255
	 -0.646	  0.567	  0.511
	  0.171	 -0.545	  0.820

5 	  40.99	  10.35	  10.42
	  0.255	  0.100	  0.962
	 -0.721	 -0.644	  0.256
	  0.646	 -0.758	 -0.091

6 	  45.65	  10.37	  19.37
	  0.355	 -0.063	  0.932
	 -0.663	  0.688	  0.295
	 -0.664	 -0.720	  0.201

7 	  40.48	  -6.24	  -2.74
	  0.770	 -0.589	 -0.246
	  0.423	  0.758	 -0.495
	  0.479	  0.277	  0.833

8 	  39.66	 -10.30	   8.79
	  0.209	 -0.170	  0.963
	  0.608	 -0.749	 -0.264
	  0.767	  0.639	 -0.053

9 	  44.40	 -11.65	  19.72
	  0.269	  0.123	  0.955
	  0.691	  0.668	 -0.276
	 -0.675	  0.732	  0.093

2 	  33.05	  -6.89	  22.78
	  0.141	  0.989	 -0.033
	 -0.990	  0.142	  0.002
	  0.007	  0.032	  0.999

3 	  45.65	  -0.40	   1.14
	  0.511	  0.133	  0.849
	 -0.095	  0.990	 -0.099
	 -0.854	 -0.030	  0.518

4 	  41.75	   7.17	  -1.65
	  0.744	  0.617	  0.255
	 -0.646	  0.567	  0.511
	  0.171	 -0.546	  0.820

5 	  40.99	  10.35	  10.41
	  0.254	  0.100	  0.962
	 -0.722	 -0.642	  0.255
	  0.645	 -0.759	 -0.089

6 	  45.65	  10.37	  19.37
	  0.354	 -0.063	  0.933
	 -0.662	  0.689	  0.294
	 -0.666	 -0.719	  0.201

7 	  40.50	  -6.24	  -2.74
	  0.769	 -0.589	 -0.246
	  0.423	  0.758	 -0.495
	  0.479	  0.277	  0.832

8 	  39.67	 -10.32	   8.77
	  0.210	 -0.170	  0.963
	  0.609	 -0.748	 -0.263
	  0.766	  0.641	 -0.052

9 	  44.40	 -11.65	  19.74
	  0.268	  0.123	  0.955
	  0.690	  0.669	 -0.276
	 -0.676	  0.731	  0.093

2 	  33.05	  -6.89	  22.78
	  0.141	  0.989	 -0.033
	 -0.990	  0.142	  0.002
	  0.007	  0.032	  0.999

3 	  45.65	  -0.39	   1.12
	  0.511	  0.133	  0.849
	 -0.094	  0.990	 -0.099
	 -0.854	 -0.030	  0.519

4 	  41.77	   7.17	  -1.69
	  0.745	  0.616	  0.255
	 -0.645	  0.567	  0.511
	  0.171	 -0.546	  0.820

5 	  41.01	  10.35	  10.41
	  0.254	  0.100	  0.962
	 -0.724	 -0.641	  0.256
	  0.644	 -0.760	 -0.089

6 	  45.65	  10.37	  19.39
	  0.352	 -0.063	  0.934
	 -0.662	  0.691	  0.292
	 -0.667	 -0.717	  0.200

7 	  40.48	  -6.26	  -2.74
	  0.769	 -0.589	 -0.246
	  0.423	  0.759	 -0.495
	  0.480	  0.277	  0.832

8 	  39.67	 -10.32	   8.77
	  0.209	 -0.170	  0.963
	  0.609	 -0.748	 -0.263
	  0.766	  0.640	 -0.052

9 	  44.40	 -11.65	  19.72
	  0.268	  0.123	  0.955
	  0.690	  0.669	 -0.276
	 -0.676	  0.731	  0.093

2 	  33.05	  -6.89	  22.76
	  0.141	  0.989	 -0.033
	 -0.990	  0.142	  0.002
	  0.007	  0.032	  0.999

3 	  45.67	  -0.40	   1.12
	  0.513	  0.132	  0.848
	 -0.095	  0.990	 -0.098
	 -0.853	 -0.030	  0.521

4 	  41.77	   7.17	  -1.69
	  0.745	  0.617	  0.254
	 -0.645	  0.567	  0.512
	  0.172	 -0.546	  0.820

5 	  41.01	  10.32	  10.42
	  0.254	  0.100	  0.962
	 -0.719	 -0.646	  0.255
	  0.649	 -0.755	 -0.091

6 	  45.63	  10.44	  19.39
	  0.370	 -0.055	  0.927
	 -0.696	  0.648	  0.311
	 -0.622	 -0.757	  0.200

7 	  40.48	  -6.26	  -2.74
	  0.770	 -0.589	 -0.245
	  0.422	  0.758	 -0.497
	  0.480	  0.280	  0.832

8 	  39.41	 -10.02	   8.81
	  0.203	 -0.180	  0.962
	  0.547	 -0.794	 -0.263
	  0.812	  0.579	 -0.061

9 	  44.47	 -11.90	  19.48
	  0.354	  0.103	  0.929
	  0.761	  0.548	 -0.347
	 -0.550	  0.828	  0.114

2 	  33.05	  -6.89	  22.76
	  0.141	  0.989	 -0.033
	 -0.990	  0.142	  0.002
	  0.007	  0.032	  0.999

3 	  45.63	  -0.42	   1.11
	  0.514	  0.132	  0.847
	 -0.097	  0.990	 -0.097
	 -0.852	 -0.032	  0.522

4 	  41.61	   7.07	  -1.71
	  0.732	  0.631	  0.256
	 -0.660	  0.561	  0.500
	  0.173	 -0.536	  0.826

5 	  40.69	   9.56	  10.51
	  0.345	  0.188	  0.919
	 -0.446	 -0.830	  0.335
	  0.828	 -0.523	 -0.201

6 	  47.43	  12.48	  17.63
	  0.700	  0.145	  0.699
	 -0.713	  0.205	  0.670
	 -0.048	 -0.968	  0.248

7 	  40.01	  -6.29	  -2.69
	  0.736	 -0.614	 -0.285
	  0.449	  0.758	 -0.474
	  0.508	  0.221	  0.833

8 	  39.16	 -10.39	   8.70
	  0.294	 -0.316	  0.902
	  0.282	 -0.874	 -0.397
	  0.913	  0.370	 -0.167

9 	  49.03	 -11.48	  14.66
	  0.871	  0.134	  0.473
	  0.320	  0.576	 -0.752
	 -0.374	  0.806	  0.458

2 	  33.05	  -6.89	  22.76
	  0.141	  0.989	 -0.033
	 -0.990	  0.142	  0.002
	  0.007	  0.032	  0.999

3 	  45.02	  -0.60	   0.95
	  0.549	  0.140	  0.823
	 -0.106	  0.989	 -0.099
	 -0.829	 -0.033	  0.558

4 	  40.83	   6.91	  -1.81
	  0.751	  0.635	  0.180
	 -0.621	  0.587	  0.519
	  0.225	 -0.502	  0.835

5 	  42.79	   9.70	  10.28
	  0.645	  0.215	  0.733
	 -0.290	 -0.819	  0.495
	  0.707	 -0.531	 -0.467

6 	  52.45	  10.07	  10.07
	  0.981	 -0.186	 -0.053
	  0.141	  0.499	  0.855
	 -0.134	 -0.847	  0.514

7 	  39.52	  -6.45	  -2.71
	  0.750	 -0.539	 -0.383
	  0.323	  0.804	 -0.499
	  0.577	  0.251	  0.777

8 	  42.82	 -10.88	   8.14
	  0.635	 -0.156	  0.756
	  0.491	 -0.675	 -0.551
	  0.597	  0.720	 -0.352

9 	  52.03	  -4.03	   8.14
	  0.665	  0.745	 -0.031
	 -0.672	  0.579	 -0.462
	 -0.331	  0.327	  0.885

2 	  33.05	  -6.89	  22.76
	  0.141	  0.989	 -0.033
	 -0.990	  0.142	  0.002
	  0.007	  0.032	  0.999

3 	  44.61	  -0.53	   0.65
	  0.609	  0.164	  0.776
	 -0.173	  0.982	 -0.073
	 -0.775	 -0.090	  0.626

4 	  40.66	   6.82	  -1.85
	  0.812	  0.572	  0.119
	 -0.533	  0.640	  0.553
	  0.241	 -0.513	  0.824

5 	  45.39	  10.05	   9.23
	  0.753	 -0.026	  0.657
	 -0.591	 -0.467	  0.657
	  0.290	 -0.884	 -0.367

6 	  52.96	   3.80	   9.83
	  0.631	 -0.774	  0.050
	  0.324	  0.313	  0.893
	 -0.713	 -0.544	  0.443

7 	  39.69	  -6.56	  -2.92
	  0.807	 -0.390	 -0.443
	  0.133	  0.851	 -0.508
	  0.575	  0.351	  0.739

8 	  45.19	 -10.27	   7.28
	  0.755	  0.008	  0.655
	  0.573	 -0.494	 -0.654
	  0.319	  0.869	 -0.378

9 	  52.22	  -1.44	   5.55
	  0.338	  0.926	 -0.164
	 -0.653	  0.100	 -0.751
	 -0.683	  0.357	  0.637

2 	  33.05	  -6.89	  22.76
	  0.141	  0.989	 -0.033
	 -0.990	  0.142	  0.002
	  0.007	  0.032	  0.999

3 	  44.60	  -0.60	   0.63
	  0.613	  0.161	  0.773
	 -0.200	  0.979	 -0.048
	 -0.765	 -0.124	  0.631

4 	  40.99	   6.66	  -1.93
	  0.863	  0.495	  0.096
	 -0.461	  0.695	  0.551
	  0.206	 -0.521	  0.828

5 	  47.25	   9.70	   8.03
	  0.792	 -0.102	  0.601
	 -0.608	 -0.229	  0.760
	  0.058	 -0.968	 -0.242

6 	  52.37	   0.84	   7.95
	  0.264	 -0.962	  0.062
	  0.722	  0.237	  0.650
	 -0.644	 -0.123	  0.755

7 	  39.64	  -6.50	  -3.06
	  0.784	 -0.346	 -0.515
	  0.097	  0.888	 -0.449
	  0.613	  0.301	  0.730

8 	  46.71	  -9.90	   6.03
	  0.846	  0.059	  0.530
	  0.493	 -0.464	 -0.736
	  0.202	  0.884	 -0.422

9 	  52.00	   0.26	   4.15
	  0.155	  0.974	 -0.164
	 -0.652	 -0.027	 -0.758
	 -0.744	  0.222	  0.630

2 	  33.05	  -6.89	  22.76
	  0.141	  0.989	 -0.033
	 -0.990	  0.142	  0.002
	  0.007	  0.032	  0.999

3 	  44.68	  -0.62	   0.54
	  0.630	  0.186	  0.754
	 -0.293	  0.956	  0.006
	 -0.721	 -0.224	  0.656

4 	  41.04	   6.47	  -2.25
	  0.873	  0.486	  0.036
	 -0.430	  0.734	  0.524
	  0.229	 -0.474	  0.850

5 	  47.27	   9.18	   7.61
	  0.769	 -0.149	  0.622
	 -0.640	 -0.194	  0.743
	  0.007	 -0.970	 -0.244

6 	  51.01	  -0.05	   7.80
	  0.118	 -0.993	  0.014
	  0.565	  0.077	  0.821
	 -0.817	 -0.087	  0.569

7 	  39.94	  -6.56	  -3.11
	  0.794	 -0.296	 -0.532
	  0.047	  0.901	 -0.431
	  0.607	  0.317	  0.729

8 	  47.18	  -8.91	   6.35
	  0.795	  0.212	  0.568
	  0.605	 -0.355	 -0.713
	  0.049	  0.911	 -0.410

9 	  50.70	   2.04	   4.69
	 -0.026	  0.993	 -0.116
	 -0.635	 -0.107	 -0.765
	 -0.773	  0.052	  0.632

2 	  33.05	  -6.89	  22.76
	  0.141	  0.989	 -0.033
	 -0.990	  0.142	  0.002
	  0.007	  0.032	  0.999

3 	  44.75	  -0.42	   0.49
	  0.632	  0.218	  0.744
	 -0.356	  0.934	  0.026
	 -0.690	 -0.280	  0.667

4 	  40.96	   6.42	  -2.46
	  0.862	  0.506	  0.019
	 -0.442	  0.732	  0.517
	  0.248	 -0.455	  0.855

5 	  46.62	   9.18	   7.98
	  0.714	 -0.134	  0.687
	 -0.696	 -0.245	  0.675
	  0.076	 -0.960	 -0.268

6 	  50.92	  -0.04	   8.31
	  0.189	 -0.982	  0.011
	  0.434	  0.090	  0.896
	 -0.882	 -0.162	  0.441

7 	  40.11	  -6.45	  -3.18
	  0.794	 -0.277	 -0.541
	  0.027	  0.905	 -0.424
	  0.607	  0.321	  0.727

8 	  47.37	  -8.91	   6.31
	  0.781	  0.211	  0.588
	  0.624	 -0.330	 -0.709
	  0.043	  0.920	 -0.389

9 	  50.61	   2.11	   5.19
	 -0.050	  0.995	 -0.084
	 -0.542	 -0.098	 -0.835
	 -0.839	  0.003	  0.544

2 	  33.05	  -6.89	  22.76
	  0.141	  0.989	 -0.033
	 -0.990	  0.142	  0.002
	  0.007	  0.032	  0.999

3 	  44.91	  -0.28	   0.46
	  0.631	  0.232	  0.739
	 -0.393	  0.919	  0.044
	 -0.670	 -0.317	  0.671

4 	  40.96	   6.47	  -2.44
	  0.851	  0.524	  0.025
	 -0.461	  0.724	  0.513
	  0.251	 -0.449	  0.857

5 	  46.34	   9.18	   8.24
	  0.701	 -0.129	  0.701
	 -0.702	 -0.297	  0.647
	  0.123	 -0.946	 -0.299

6 	  50.99	   0.09	   8.53
	  0.218	 -0.976	  0.003
	  0.392	  0.087	  0.916
	 -0.896	 -0.196	  0.400

7 	  40.29	  -6.35	  -3.22
	  0.798	 -0.267	 -0.541
	  0.023	  0.910	 -0.415
	  0.602	  0.318	  0.732

8 	  47.48	  -8.84	   6.31
	  0.774	  0.215	  0.595
	  0.631	 -0.324	 -0.704
	  0.040	  0.921	 -0.386

9 	  50.64	   2.18	   5.22
	 -0.054	  0.995	 -0.079
	 -0.544	 -0.096	 -0.833
	 -0.837	 -0.003	  0.547

2 	  33.05	  -6.89	  22.76
	  0.141	  0.989	 -0.033
	 -0.990	  0.142	  0.002
	  0.007	  0.032	  0.999

3 	  44.96	  -0.25	   0.44
	  0.634	  0.232	  0.737
	 -0.394	  0.918	  0.048
	 -0.667	 -0.319	  0.673

4 	  41.06	   6.52	  -2.44
	  0.854	  0.520	  0.027
	 -0.459	  0.726	  0.512
	  0.247	 -0.451	  0.858

5 	  46.39	   9.12	   8.35
	  0.696	 -0.138	  0.704
	 -0.705	 -0.313	  0.636
	  0.131	 -0.940	 -0.315

6 	  51.31	   0.14	   8.60
	  0.255	 -0.967	 -0.009
	  0.382	  0.088	  0.920
	 -0.890	 -0.235	  0.390

7 	  40.29	  -6.33	  -3.20
	  0.801	 -0.285	 -0.526
	  0.045	  0.906	 -0.422
	  0.596	  0.314	  0.739

8 	  47.04	  -8.70	   6.73
	  0.768	  0.223	  0.600
	  0.631	 -0.421	 -0.651
	  0.106	  0.879	 -0.464

9 	  51.28	   1.88	   5.15
	  0.047	  0.987	 -0.150
	 -0.586	 -0.096	 -0.805
	 -0.810	  0.124	  0.573

2 	  33.05	  -6.89	  22.76
	  0.141	  0.989	 -0.033
	 -0.990	  0.142	  0.002
	  0.007	  0.032	  0.999

3 	  45.02	  -0.25	   0.47
	  0.625	  0.229	  0.746
	 -0.376	  0.926	  0.028
	 -0.686	 -0.297	  0.664

4 	  41.12	   6.57	  -2.43
	  0.846	  0.532	  0.030
	 -0.469	  0.716	  0.517
	  0.254	 -0.452	  0.855

5 	  45.54	   8.67	   8.98
	  0.705	 -0.127	  0.697
	 -0.635	 -0.553	  0.540
	  0.318	 -0.823	 -0.470

6 	  52.72	   2.16	   7.65
	  0.559	 -0.806	 -0.192
	  0.402	  0.055	  0.914
	 -0.732	 -0.585	  0.350

7 	  40.31	  -6.43	  -3.02
	  0.799	 -0.361	 -0.481
	  0.125	  0.882	 -0.455
	  0.589	  0.303	  0.749

8 	  45.74	  -8.81	   7.68
	  0.770	  0.117	  0.627
	  0.511	 -0.702	 -0.495
	  0.384	  0.701	 -0.601

9 	  53.24	  -1.58	   4.03
	  0.458	  0.807	 -0.372
	 -0.683	  0.045	 -0.729
	 -0.579	  0.583	  0.570

2 	  33.05	  -6.89	  22.76
	  0.141	  0.989	 -0.033
	 -0.990	  0.142	  0.002
	  0.007	  0.032	  0.999

3 	  44.98	  -0.37	   0.65
	  0.591	  0.204	  0.780
	 -0.268	  0.962	 -0.050
	 -0.761	 -0.179	  0.623

4 	  41.13	   6.71	  -2.46
	  0.831	  0.551	  0.069
	 -0.500	  0.687	  0.527
	  0.244	 -0.474	  0.846

5 	  44.67	   8.47	   9.32
	  0.686	 -0.024	  0.727
	 -0.499	 -0.744	  0.445
	  0.532	 -0.666	 -0.522

6 	  53.56	   6.35	   7.93
	  0.873	 -0.400	 -0.279
	  0.325	  0.045	  0.944
	 -0.370	 -0.914	  0.165

7 	  39.81	  -6.40	  -2.95
	  0.738	 -0.474	 -0.479
	  0.255	  0.854	 -0.454
	  0.625	  0.213	  0.751

8 	  44.44	  -9.47	   7.89
	  0.744	 -0.056	  0.666
	  0.355	 -0.812	 -0.464
	  0.568	  0.580	 -0.584

9 	  54.47	  -6.17	   5.62
	  0.832	  0.480	 -0.277
	 -0.451	  0.292	 -0.844
	 -0.329	  0.827	  0.456

2 	  33.05	  -6.89	  22.76
	  0.141	  0.989	 -0.033
	 -0.990	  0.142	  0.002
	  0.007	  0.032	  0.999

3 	  44.98	  -0.60	   0.63
	  0.598	  0.167	  0.783
	 -0.170	  0.982	 -0.081
	 -0.783	 -0.085	  0.615

4 	  41.10	   6.70	  -2.57
	  0.799	  0.593	  0.097
	 -0.548	  0.652	  0.523
	  0.248	 -0.472	  0.846

5 	  43.93	   8.47	   9.53
	  0.669	  0.073	  0.739
	 -0.343	 -0.853	  0.392
	  0.661	 -0.515	 -0.546

6 	  52.73	  10.48	   8.56
	  0.954	  0.041	 -0.297
	  0.295	  0.047	  0.954
	  0.052	 -0.998	  0.032

7 	  39.23	  -6.21	  -2.92
	  0.677	 -0.580	 -0.453
	  0.385	  0.803	 -0.455
	  0.628	  0.134	  0.766

8 	  43.10	  -9.63	   8.24
	  0.706	 -0.157	  0.691
	  0.203	 -0.889	 -0.409
	  0.679	  0.428	 -0.596

9 	  53.63	 -10.41	   8.54
	  0.985	  0.002	 -0.169
	 -0.167	 -0.146	 -0.975
	 -0.027	  0.989	 -0.146

2 	  33.05	  -6.89	  22.76
	  0.141	  0.989	 -0.033
	 -0.990	  0.142	  0.002
	  0.007	  0.032	  0.999

3 	  44.86	  -0.63	   0.58
	  0.599	  0.126	  0.791
	 -0.091	  0.992	 -0.090
	 -0.796	 -0.018	  0.605

4 	  40.80	   6.89	  -2.37
	  0.731	  0.667	  0.143
	 -0.639	  0.594	  0.488
	  0.242	 -0.449	  0.860

5 	  42.98	   8.63	   9.90
	  0.634	  0.170	  0.755
	 -0.154	 -0.929	  0.337
	  0.759	 -0.328	 -0.562

6 	  50.92	  13.52	   9.86
	  0.902	  0.370	 -0.221
	  0.219	  0.051	  0.974
	  0.374	 -0.927	 -0.033

7 	  38.83	  -5.98	  -2.81
	  0.628	 -0.657	 -0.417
	  0.485	  0.749	 -0.451
	  0.609	  0.080	  0.788

8 	  41.48	  -9.60	   8.56
	  0.616	 -0.259	  0.744
	  0.040	 -0.933	 -0.357
	  0.787	  0.248	 -0.564

9 	  51.40	 -12.96	  10.60
	  0.932	 -0.357	 -0.051
	 -0.164	 -0.292	 -0.942
	  0.322	  0.887	 -0.330

2 	  33.05	  -6.89	  22.76
	  0.141	  0.989	 -0.033
	 -0.990	  0.142	  0.002
	  0.007	  0.032	  0.999

3 	  44.81	  -0.54	   0.54
	  0.591	  0.099	  0.800
	 -0.068	  0.995	 -0.073
	 -0.803	 -0.011	  0.595

4 	  40.59	   7.07	  -2.16
	  0.695	  0.695	  0.183
	 -0.682	  0.555	  0.476
	  0.230	 -0.455	  0.860

5 	  42.28	   8.75	  10.16
	  0.598	  0.234	  0.766
	 -0.025	 -0.951	  0.308
	  0.801	 -0.202	 -0.563

6 	  49.57	  14.84	  10.78
	  0.829	  0.531	 -0.173
	  0.223	 -0.028	  0.974
	  0.515	 -0.846	 -0.139

7 	  38.74	  -5.80	  -2.85
	  0.612	 -0.675	 -0.412
	  0.514	  0.734	 -0.444
	  0.603	  0.060	  0.796

8 	  40.50	  -9.46	   8.63
	  0.530	 -0.300	  0.793
	 -0.023	 -0.940	 -0.340
	  0.847	  0.161	 -0.505

9 	  50.08	 -13.59	  11.65
	  0.899	 -0.436	  0.046
	 -0.131	 -0.367	 -0.921
	  0.419	  0.822	 -0.385

2 	  33.05	  -6.89	  22.76
	  0.141	  0.989	 -0.033
	 -0.990	  0.142	  0.002
	  0.007	  0.032	  0.999

3 	  44.77	  -0.44	   0.51
	  0.588	  0.079	  0.805
	 -0.071	  0.996	 -0.047
	 -0.806	 -0.030	  0.591

4 	  40.54	   7.22	  -2.06
	  0.681	  0.701	  0.211
	 -0.699	  0.535	  0.474
	  0.220	 -0.471	  0.854

5 	  41.99	   8.77	  10.32
	  0.580	  0.272	  0.768
	  0.055	 -0.954	  0.296
	  0.812	 -0.129	 -0.568

6 	  48.88	  15.49	  10.93
	  0.784	  0.596	 -0.171
	  0.264	 -0.069	  0.962
	  0.564	 -0.799	 -0.209

7 	  38.79	  -5.64	  -3.01
	  0.602	 -0.683	 -0.414
	  0.533	  0.729	 -0.430
	  0.596	  0.039	  0.802

8 	  40.01	  -9.35	   8.51
	  0.479	 -0.314	  0.819
	 -0.031	 -0.939	 -0.342
	  0.877	  0.138	 -0.459

9 	  49.17	 -13.87	  12.34
	  0.872	 -0.473	  0.123
	 -0.074	 -0.378	 -0.923
	  0.483	  0.797	 -0.363

2 	  33.05	  -6.89	  22.76
	  0.141	  0.989	 -0.033
	 -0.990	  0.142	  0.002
	  0.007	  0.032	  0.999

3 	  44.81	  -0.28	   0.54
	  0.578	  0.062	  0.813
	 -0.069	  0.997	 -0.027
	 -0.813	 -0.041	  0.581

4 	  40.46	   7.37	  -1.99
	  0.660	  0.716	  0.227
	 -0.719	  0.515	  0.466
	  0.218	 -0.471	  0.855

5 	  41.41	   9.00	  10.41
	  0.529	  0.330	  0.782
	  0.141	 -0.943	  0.302
	  0.837	 -0.049	 -0.545

6 	  47.69	  16.37	  12.09
	  0.735	  0.676	 -0.047
	  0.208	 -0.156	  0.966
	  0.648	 -0.719	 -0.251

7 	  38.81	  -5.48	  -3.06
	  0.597	 -0.684	 -0.420
	  0.542	  0.729	 -0.419
	  0.593	  0.023	  0.804

8 	  39.73	  -9.32	   8.37
	  0.448	 -0.324	  0.833
	 -0.032	 -0.937	 -0.347
	  0.893	  0.128	 -0.431

9 	  48.81	 -13.99	  12.48
	  0.862	 -0.485	  0.147
	 -0.052	 -0.374	 -0.926
	  0.505	  0.791	 -0.346

2 	  33.05	  -6.89	  22.76
	  0.141	  0.989	 -0.033
	 -0.990	  0.142	  0.002
	  0.007	  0.032	  0.999

3 	  44.79	  -0.19	   0.56
	  0.574	  0.052	  0.817
	 -0.068	  0.997	 -0.017
	 -0.816	 -0.046	  0.576

4 	  40.45	   7.44	  -1.90
	  0.654	  0.719	  0.236
	 -0.724	  0.503	  0.471
	  0.221	 -0.479	  0.849

5 	  41.26	   8.93	  10.53
	  0.504	  0.324	  0.800
	  0.149	 -0.946	  0.289
	  0.851	 -0.026	 -0.524

6 	  47.46	  16.26	  13.13
	  0.720	  0.692	  0.050
	  0.153	 -0.227	  0.962
	  0.678	 -0.685	 -0.265

7 	  38.79	  -5.43	  -3.06
	  0.596	 -0.684	 -0.421
	  0.544	  0.728	 -0.416
	  0.592	  0.018	  0.806

8 	  39.71	  -9.30	   8.38
	  0.448	 -0.322	  0.834
	 -0.032	 -0.938	 -0.344
	  0.893	  0.127	 -0.431

9 	  48.73	 -13.99	  12.67
	  0.852	 -0.495	  0.168
	 -0.046	 -0.390	 -0.919
	  0.521	  0.776	 -0.354

2 	  33.05	  -6.89	  22.76
	  0.141	  0.989	 -0.033
	 -0.990	  0.142	  0.002
	  0.007	  0.032	  0.999

3 	  44.77	  -0.16	   0.54
	  0.579	  0.043	  0.814
	 -0.065	  0.998	 -0.007
	 -0.813	 -0.049	  0.580

4 	  40.50	   7.52	  -1.78
	  0.664	  0.706	  0.246
	 -0.717	  0.505	  0.481
	  0.216	 -0.496	  0.841

5 	  41.36	   8.86	  10.65
	  0.506	  0.303	  0.807
	  0.131	 -0.953	  0.274
	  0.852	 -0.033	 -0.522

6 	  47.53	  16.15	  13.38
	  0.722	  0.688	  0.066
	  0.147	 -0.243	  0.959
	  0.677	 -0.683	 -0.273

7 	  38.78	  -5.38	  -3.06
	  0.595	 -0.685	 -0.420
	  0.544	  0.728	 -0.417
	  0.592	  0.020	  0.805

8 	  39.69	  -9.26	   8.37
	  0.447	 -0.321	  0.835
	 -0.027	 -0.938	 -0.346
	  0.894	  0.132	 -0.428

9 	  48.66	 -13.94	  12.80
	  0.846	 -0.501	  0.180
	 -0.052	 -0.415	 -0.908
	  0.530	  0.760	 -0.376

2 	  33.05	  -6.89	  22.76
	  0.141	  0.989	 -0.033
	 -0.990	  0.142	  0.002
	  0.007	  0.032	  0.999

3 	  44.75	  -0.11	   0.54
	  0.581	  0.041	  0.812
	 -0.076	  0.997	  0.004
	 -0.810	 -0.064	  0.583

4 	  40.46	   7.56	  -1.74
	  0.661	  0.707	  0.250
	 -0.718	  0.501	  0.483
	  0.217	 -0.499	  0.839

5 	  41.24	   8.88	  10.71
	  0.498	  0.307	  0.811
	  0.145	 -0.951	  0.271
	  0.855	 -0.017	 -0.518

6 	  47.34	  16.22	  13.55
	  0.715	  0.694	  0.079
	  0.140	 -0.251	  0.958
	  0.687	 -0.674	 -0.273

7 	  38.78	  -5.36	  -3.06
	  0.597	 -0.684	 -0.419
	  0.543	  0.728	 -0.418
	  0.592	  0.022	  0.806

8 	  39.62	  -9.23	   8.31
	  0.435	 -0.322	  0.841
	 -0.017	 -0.937	 -0.349
	  0.900	  0.137	 -0.413

9 	  48.55	 -13.82	  13.03
	  0.842	 -0.497	  0.208
	 -0.040	 -0.442	 -0.896
	  0.538	  0.746	 -0.391

2 	  33.05	  -6.89	  22.76
	  0.141	  0.989	 -0.033
	 -0.990	  0.142	  0.002
	  0.007	  0.032	  0.999

3 	  44.81	  -0.11	   0.56
	  0.576	  0.042	  0.816
	 -0.079	  0.997	  0.004
	 -0.814	 -0.067	  0.577

4 	  40.55	   7.61	  -1.72
	  0.661	  0.704	  0.257
	 -0.720	  0.498	  0.482
	  0.212	 -0.505	  0.837

5 	  41.24	   8.89	  10.72
	  0.494	  0.298	  0.817
	  0.118	 -0.954	  0.276
	  0.862	 -0.039	 -0.505

6 	  47.55	  16.01	  13.62
	  0.742	  0.666	  0.081
	  0.122	 -0.251	  0.960
	  0.660	 -0.703	 -0.264

7 	  38.94	  -5.34	  -3.06
	  0.607	 -0.684	 -0.404
	  0.544	  0.728	 -0.418
	  0.581	  0.033	  0.813

8 	  39.69	  -9.28	   8.35
	  0.431	 -0.319	  0.844
	 -0.008	 -0.937	 -0.350
	  0.902	  0.144	 -0.406

9 	  49.03	 -13.43	  12.87
	  0.882	 -0.435	  0.182
	 -0.036	 -0.444	 -0.895
	  0.471	  0.783	 -0.406

2 	  33.05	  -6.89	  22.76
	  0.142	  0.989	 -0.033
	 -0.990	  0.142	  0.001
	  0.006	  0.032	  0.999

3 	  44.88	  -0.09	   0.67
	  0.577	  0.062	  0.814
	 -0.088	  0.996	 -0.014
	 -0.812	 -0.063	  0.580

4 	  40.69	   7.59	  -1.72
	  0.671	  0.697	  0.254
	 -0.712	  0.509	  0.483
	  0.208	 -0.505	  0.838

5 	  41.40	   8.95	  10.72
	  0.519	  0.251	  0.817
	 -0.004	 -0.955	  0.295
	  0.855	 -0.155	 -0.495

6 	  48.74	  14.98	  13.03
	  0.849	  0.528	  0.016
	  0.101	 -0.191	  0.976
	  0.520	 -0.827	 -0.213

7 	  39.02	  -5.43	  -3.04
	  0.626	 -0.674	 -0.392
	  0.530	  0.736	 -0.420
	  0.572	  0.055	  0.818

8 	  40.11	  -9.54	   8.37
	  0.474	 -0.308	  0.824
	  0.061	 -0.924	 -0.379
	  0.878	  0.229	 -0.420

9 	  50.34	 -11.99	  12.09
	  0.974	 -0.202	  0.095
	  0.024	 -0.326	 -0.945
	  0.222	  0.923	 -0.313

2 	  33.05	  -6.89	  22.76
	  0.141	  0.989	 -0.033
	 -0.990	  0.142	  0.002
	  0.007	  0.032	  0.999

3 	  44.89	  -0.12	   0.67
	  0.587	  0.089	  0.804
	 -0.101	  0.994	 -0.037
	 -0.803	 -0.059	  0.593

4 	  40.75	   7.54	  -1.76
	  0.686	  0.687	  0.240
	 -0.699	  0.527	  0.483
	  0.206	 -0.499	  0.842

5 	  41.78	   9.16	  10.63
	  0.572	  0.199	  0.796
	 -0.150	 -0.929	  0.339
	  0.807	 -0.312	 -0.501

6 	  50.29	  13.29	  11.92
	  0.953	  0.292	 -0.081
	  0.121	 -0.120	  0.985
	  0.278	 -0.949	 -0.150

7 	  39.16	  -5.54	  -2.95
	  0.664	 -0.641	 -0.385
	  0.490	  0.762	 -0.423
	  0.566	  0.093	  0.819

8 	  41.12	  -9.84	   8.44
	  0.570	 -0.261	  0.779
	  0.182	 -0.885	 -0.428
	  0.802	  0.385	 -0.457

9 	  52.03	  -9.49	  10.85
	  0.987	  0.158	 -0.029
	 -0.000	 -0.185	 -0.983
	 -0.162	  0.969	 -0.184

2 	  33.05	  -6.89	  22.76
	  0.141	  0.989	 -0.033
	 -0.990	  0.142	  0.001
	  0.006	  0.032	  0.999

3 	  44.91	  -0.14	   0.72
	  0.589	  0.125	  0.798
	 -0.116	  0.991	 -0.070
	 -0.799	 -0.051	  0.598

4 	  40.71	   7.40	  -1.88
	  0.698	  0.683	  0.213
	 -0.683	  0.547	  0.483
	  0.214	 -0.483	  0.849

5 	  42.17	   9.56	  10.41
	  0.621	  0.144	  0.770
	 -0.303	 -0.864	  0.403
	  0.724	 -0.482	 -0.493

6 	  51.54	  10.14	  10.56
	  0.978	 -0.135	 -0.160
	  0.161	 -0.011	  0.987
	 -0.136	 -0.991	  0.007

7 	  39.13	  -5.73	  -2.88
	  0.686	 -0.613	 -0.391
	  0.453	  0.780	 -0.431
	  0.570	  0.119	  0.812

8 	  42.33	 -10.27	   8.19
	  0.671	 -0.207	  0.711
	  0.293	 -0.808	 -0.511
	  0.681	  0.550	 -0.482

9 	  53.00	  -6.89	   9.12
	  0.853	  0.514	 -0.087
	 -0.203	  0.169	 -0.965
	 -0.484	  0.840	  0.245

2 	  33.05	  -6.89	  22.76
	  0.141	  0.989	 -0.033
	 -0.990	  0.142	  0.002
	  0.007	  0.032	  0.999

3 	  44.84	  -0.33	   0.72
	  0.599	  0.144	  0.788
	 -0.125	  0.988	 -0.087
	 -0.791	 -0.046	  0.609

4 	  40.69	   7.19	  -1.99
	  0.718	  0.669	  0.192
	 -0.664	  0.572	  0.481
	  0.212	 -0.473	  0.855

5 	  42.96	   9.81	  10.05
	  0.661	  0.073	  0.747
	 -0.448	 -0.760	  0.470
	  0.603	 -0.644	 -0.470

6 	  51.98	   7.14	   9.72
	  0.864	 -0.484	 -0.137
	  0.235	  0.138	  0.962
	 -0.452	 -0.863	  0.227

7 	  39.15	  -5.91	  -2.81
	  0.700	 -0.594	 -0.396
	  0.422	  0.792	 -0.442
	  0.577	  0.142	  0.804

8 	  42.94	 -10.27	   8.14
	  0.705	 -0.147	  0.693
	  0.371	 -0.758	 -0.537
	  0.605	  0.634	 -0.481

9 	  53.00	  -5.47	   8.30
	  0.763	  0.637	 -0.100
	 -0.348	  0.267	 -0.899
	 -0.552	  0.721	  0.419

2 	  33.05	  -6.89	  22.76
	  0.141	  0.989	 -0.033
	 -0.990	  0.142	  0.001
	  0.006	  0.032	  0.999

3 	  44.88	  -0.44	   0.72
	  0.596	  0.161	  0.786
	 -0.133	  0.986	 -0.102
	 -0.792	 -0.044	  0.608

4 	  40.78	   7.03	  -2.06
	  0.732	  0.657	  0.177
	 -0.649	  0.593	  0.476
	  0.209	 -0.464	  0.861

5 	  43.44	   9.88	   9.91
	  0.663	  0.023	  0.748
	 -0.537	 -0.681	  0.497
	  0.523	 -0.730	 -0.439

6 	  52.07	   5.82	  10.05
	  0.790	 -0.611	 -0.052
	  0.217	  0.193	  0.957
	 -0.579	 -0.766	  0.279

7 	  39.22	  -6.01	  -2.78
	  0.708	 -0.586	 -0.394
	  0.406	  0.794	 -0.451
	  0.577	  0.160	  0.800

8 	  42.91	 -10.28	   8.24
	  0.684	 -0.123	  0.719
	  0.422	 -0.738	 -0.526
	  0.597	  0.662	 -0.453

9 	  52.75	  -4.92	   9.19
	  0.726	  0.687	 -0.013
	 -0.319	  0.312	 -0.895
	 -0.617	  0.653	  0.439

2 	  33.05	  -6.89	  22.76
	  0.141	  0.989	 -0.033
	 -0.990	  0.142	  0.002
	  0.007	  0.032	  0.999

3 	  44.95	  -0.46	   0.76
	  0.584	  0.169	  0.793
	 -0.134	  0.984	 -0.113
	 -0.801	 -0.040	  0.597

4 	  40.89	   7.01	  -2.09
	  0.742	  0.651	  0.162
	 -0.638	  0.610	  0.470
	  0.207	 -0.452	  0.867

5 	  43.45	   9.90	   9.93
	  0.632	 -0.007	  0.775
	 -0.600	 -0.638	  0.482
	  0.492	 -0.769	 -0.407

6 	  51.80	   5.15	  11.07
	  0.749	 -0.658	  0.070
	  0.103	  0.214	  0.971
	 -0.657	 -0.721	  0.222

7 	  39.46	  -6.15	  -2.74
	  0.715	 -0.583	 -0.384
	  0.393	  0.790	 -0.469
	  0.578	  0.185	  0.795

8 	  42.43	 -10.23	   8.53
	  0.609	 -0.101	  0.786
	  0.488	 -0.734	 -0.472
	  0.626	  0.670	 -0.398

9 	  52.28	  -5.17	  12.06
	  0.724	  0.665	  0.180
	 -0.090	  0.345	 -0.934
	 -0.687	  0.660	  0.305

2 	  33.05	  -6.89	  22.76
	  0.141	  0.989	 -0.033
	 -0.990	  0.142	  0.002
	  0.007	  0.032	  0.999

3 	  45.02	  -0.47	   0.83
	  0.574	  0.171	  0.800
	 -0.128	  0.984	 -0.119
	 -0.809	 -0.034	  0.587

4 	  41.03	   7.00	  -2.07
	  0.750	  0.644	  0.150
	 -0.627	  0.619	  0.473
	  0.213	 -0.449	  0.868

5 	  43.40	   9.77	  10.04
	  0.605	 -0.020	  0.796
	 -0.630	 -0.624	  0.462
	  0.489	 -0.780	 -0.390

6 	  51.66	   5.01	  11.87
	  0.744	 -0.643	  0.183
	  0.095	  0.366	  0.925
	 -0.666	 -0.670	  0.328

7 	  39.60	  -6.22	  -2.69
	  0.720	 -0.588	 -0.369
	  0.385	  0.780	 -0.492
	  0.578	  0.212	  0.788

8 	  42.21	 -10.14	   8.81
	  0.575	 -0.092	  0.812
	  0.495	 -0.752	 -0.434
	  0.652	  0.651	 -0.387

9 	  51.98	  -4.89	  11.76
	  0.724	  0.672	  0.152
	 -0.214	  0.423	 -0.881
	 -0.661	  0.604	  0.444

2 	  33.05	  -6.89	  22.76
	  0.141	  0.989	 -0.033
	 -0.990	  0.142	  0.002
	  0.007	  0.032	  0.999

3 	  45.05	  -0.47	   0.88
	  0.569	  0.172	  0.804
	 -0.123	  0.984	 -0.124
	 -0.813	 -0.028	  0.581

4 	  41.04	   6.98	  -2.09
	  0.749	  0.645	  0.149
	 -0.625	  0.613	  0.484
	  0.222	 -0.456	  0.862

5 	  43.33	   9.79	  10.05
	  0.598	 -0.020	  0.801
	 -0.630	 -0.629	  0.454
	  0.496	 -0.776	 -0.389

6 	  51.61	   5.06	  11.85
	  0.745	 -0.642	  0.176
	  0.112	  0.376	  0.920
	 -0.661	 -0.666	  0.345

7 	  39.66	  -6.24	  -2.69
	  0.720	 -0.590	 -0.366
	  0.386	  0.778	 -0.496
	  0.578	  0.216	  0.787

8 	  42.15	 -10.05	   8.86
	  0.567	 -0.092	  0.818
	  0.487	 -0.764	 -0.423
	  0.665	  0.637	 -0.388

9 	  51.98	  -4.89	  11.72
	  0.722	  0.675	  0.150
	 -0.229	  0.431	 -0.873
	 -0.659	  0.596	  0.459

2 	  33.05	  -6.89	  22.76
	  0.141	  0.989	 -0.033
	 -0.990	  0.142	  0.002
	  0.007	  0.032	  0.999

3 	  45.09	  -0.47	   0.88
	  0.571	  0.169	  0.803
	 -0.120	  0.985	 -0.123
	 -0.812	 -0.026	  0.583

4 	  41.10	   6.98	  -2.09
	  0.755	  0.637	  0.153
	 -0.617	  0.612	  0.495
	  0.223	 -0.468	  0.855

5 	  43.37	   9.79	  10.05
	  0.595	 -0.023	  0.803
	 -0.636	 -0.625	  0.453
	  0.493	 -0.779	 -0.386

6 	  51.63	   5.04	  11.90
	  0.742	 -0.645	  0.182
	  0.110	  0.380	  0.918
	 -0.666	 -0.661	  0.347

7 	  39.67	  -6.22	  -2.71
	  0.721	 -0.589	 -0.364
	  0.386	  0.777	 -0.496
	  0.576	  0.217	  0.788

8 	  42.13	 -10.05	   8.86
	  0.568	 -0.088	  0.818
	  0.484	 -0.768	 -0.418
	  0.666	  0.633	 -0.394

9 	  52.00	  -4.83	  11.72
	  0.718	  0.679	  0.148
	 -0.238	  0.433	 -0.870
	 -0.660	  0.588	  0.467

