% Calibrated with leiden_pols
% Positions are in centimeters
Data =[
 2    97.053   -18.710    59.793
 2     0.504    -0.863     0.025
 2     0.859     0.505     0.078
 2    -0.080    -0.018     0.996
 3   139.280    -3.229     1.371
 3     0.398     0.026    -0.917
 3     0.158     0.983     0.096
 3     0.904    -0.183     0.387
 4   120.002    13.330   -11.476
 4     0.373    -0.887     0.272
 4     0.928     0.359    -0.099
 4    -0.010     0.289     0.957
 5   119.294    21.705    13.639
 5     0.141    -0.226     0.964
 5     0.137    -0.960    -0.245
 5     0.980     0.167    -0.104
 6   131.123    28.419    43.272
 6     0.328    -0.870    -0.369
 6    -0.023     0.383    -0.923
 6     0.944     0.311     0.105
 7   121.046   -21.236   -12.932
 7     0.405     0.895     0.183
 7    -0.911     0.380     0.156
 7     0.070    -0.230     0.970
 8   118.956   -26.718    13.587
 8     0.238     0.200     0.950
 8    -0.271    -0.926     0.263
 8     0.932    -0.320    -0.166
 9   131.669   -32.814    39.405
 9     0.234     0.731    -0.641
 9     0.064     0.646     0.760
 9     0.970    -0.219     0.104
 2    97.053   -18.710    59.793
 2     0.505    -0.863     0.025
 2     0.859     0.505     0.078
 2    -0.080    -0.018     0.996
 3   139.174    -3.281     1.327
 3     0.399     0.025    -0.917
 3     0.158     0.982     0.096
 3     0.903    -0.183     0.388
 4   119.973    13.355   -11.526
 4     0.371    -0.887     0.275
 4     0.928     0.357    -0.099
 4    -0.011     0.292     0.956
 5   119.244    21.706    13.634
 5     0.142    -0.226     0.964
 5     0.137    -0.960    -0.245
 5     0.980     0.167    -0.106
 6   131.048    28.419    43.272
 6     0.329    -0.870    -0.368
 6    -0.023     0.382    -0.924
 6     0.944     0.312     0.106
 7   120.926   -21.286   -12.857
 7     0.403     0.896     0.185
 7    -0.913     0.378     0.157
 7     0.071    -0.233     0.970
 8   118.884   -26.717    13.587
 8     0.238     0.197     0.951
 8    -0.271    -0.927     0.260
 8     0.932    -0.320    -0.168
 9   131.669   -32.712    39.431
 9     0.235     0.730    -0.641
 9     0.065     0.646     0.760
 9     0.970    -0.220     0.104
 2    97.003   -18.710    59.793
 2     0.505    -0.863     0.025
 2     0.859     0.505     0.078
 2    -0.080    -0.018     0.996
 3   139.175    -3.307     1.379
 3     0.399     0.026    -0.916
 3     0.158     0.982     0.096
 3     0.903    -0.184     0.388
 4   119.923    13.331   -11.479
 4     0.369    -0.887     0.277
 4     0.929     0.356    -0.100
 4    -0.010     0.294     0.955
 5   119.195    21.704    13.632
 5     0.144    -0.227     0.963
 5     0.137    -0.959    -0.246
 5     0.980     0.167    -0.107
 6   130.998    28.368    43.323
 6     0.329    -0.870    -0.368
 6    -0.023     0.382    -0.924
 6     0.944     0.313     0.106
 7   120.850   -21.288   -12.852
 7     0.401     0.896     0.187
 7    -0.913     0.376     0.157
 7     0.070    -0.235     0.969
 8   118.741   -26.716    13.655
 8     0.237     0.193     0.952
 8    -0.271    -0.928     0.256
 8     0.933    -0.319    -0.168
 9   131.595   -32.764    39.431
 9     0.235     0.732    -0.640
 9     0.064     0.645     0.761
 9     0.970    -0.220     0.104
 2    97.051   -18.711    59.795
 2     0.505    -0.863     0.025
 2     0.859     0.505     0.078
 2    -0.081    -0.018     0.996
 3   139.094    -3.308     1.334
 3     0.400     0.026    -0.916
 3     0.159     0.982     0.097
 3     0.902    -0.184     0.389
 4   119.822    13.281   -11.429
 4     0.368    -0.887     0.279
 4     0.929     0.354    -0.101
 4    -0.010     0.297     0.955
 5   119.170    21.704    13.683
 5     0.144    -0.226     0.963
 5     0.137    -0.960    -0.245
 5     0.980     0.167    -0.107
 6   130.940    28.418    43.332
 6     0.331    -0.870    -0.364
 6    -0.022     0.379    -0.925
 6     0.943     0.314     0.107
 7   120.803   -21.288   -12.804
 7     0.400     0.896     0.188
 7    -0.913     0.375     0.158
 7     0.071    -0.236     0.969
 8   118.741   -26.666    13.655
 8     0.237     0.193     0.952
 8    -0.271    -0.928     0.256
 8     0.933    -0.319    -0.168
 9   131.534   -32.715    39.545
 9     0.235     0.732    -0.639
 9     0.065     0.644     0.762
 9     0.969    -0.221     0.104
 2    97.053   -18.710    59.793
 2     0.505    -0.863     0.025
 2     0.859     0.505     0.078
 2    -0.080    -0.018     0.996
 3   139.094    -3.283     1.335
 3     0.401     0.025    -0.916
 3     0.159     0.982     0.097
 3     0.902    -0.185     0.390
 4   119.873    13.358   -11.484
 4     0.366    -0.887     0.281
 4     0.930     0.352    -0.101
 4    -0.009     0.298     0.954
 5   119.119    21.705    13.706
 5     0.144    -0.226     0.963
 5     0.137    -0.960    -0.245
 5     0.980     0.167    -0.108
 6   130.938    28.419    43.356
 6     0.331    -0.871    -0.363
 6    -0.021     0.377    -0.926
 6     0.943     0.314     0.106
 7   120.805   -21.160   -12.756
 7     0.400     0.896     0.188
 7    -0.913     0.375     0.159
 7     0.072    -0.235     0.969
 8   118.742   -26.615    13.655
 8     0.237     0.193     0.952
 8    -0.271    -0.928     0.256
 8     0.933    -0.318    -0.168
 9   131.534   -32.716    39.545
 9     0.236     0.732    -0.638
 9     0.064     0.644     0.762
 9     0.969    -0.221     0.105
 2    97.003   -18.710    59.793
 2     0.505    -0.863     0.025
 2     0.859     0.505     0.078
 2    -0.080    -0.018     0.996
 3   139.044    -3.283     1.334
 3     0.401     0.026    -0.916
 3     0.159     0.982     0.097
 3     0.902    -0.185     0.390
 4   119.798    13.358   -11.484
 4     0.366    -0.887     0.281
 4     0.930     0.351    -0.102
 4    -0.009     0.299     0.954
 5   119.069    21.654    13.706
 5     0.144    -0.226     0.963
 5     0.137    -0.960    -0.246
 5     0.980     0.167    -0.108
 6   130.864    28.419    43.331
 6     0.332    -0.871    -0.362
 6    -0.021     0.377    -0.926
 6     0.943     0.315     0.107
 7   120.803   -21.161   -12.753
 7     0.400     0.897     0.188
 7    -0.914     0.374     0.158
 7     0.071    -0.236     0.969
 8   118.709   -26.616    13.663
 8     0.238     0.193     0.952
 8    -0.271    -0.928     0.256
 8     0.932    -0.319    -0.168
 9   131.485   -32.666    39.494
 9     0.236     0.733    -0.638
 9     0.064     0.643     0.762
 9     0.969    -0.221     0.105
 2    97.003   -18.710    59.742
 2     0.505    -0.863     0.025
 2     0.859     0.505     0.078
 2    -0.080    -0.018     0.996
 3   139.044    -3.233     1.385
 3     0.401     0.026    -0.916
 3     0.158     0.982     0.097
 3     0.902    -0.184     0.390
 4   119.824    13.360   -11.437
 4     0.365    -0.887     0.283
 4     0.931     0.350    -0.104
 4    -0.008     0.301     0.953
 5   119.020    21.754    13.760
 5     0.144    -0.226     0.963
 5     0.137    -0.959    -0.246
 5     0.980     0.168    -0.107
 6   130.863    28.520    43.357
 6     0.332    -0.871    -0.363
 6    -0.021     0.378    -0.926
 6     0.943     0.314     0.107
 7   120.754   -21.162   -12.752
 7     0.398     0.897     0.190
 7    -0.914     0.373     0.158
 7     0.071    -0.237     0.969
 8   118.709   -26.566    13.715
 8     0.238     0.193     0.952
 8    -0.272    -0.928     0.256
 8     0.932    -0.320    -0.168
 9   131.486   -32.667    39.495
 9     0.236     0.733    -0.638
 9     0.063     0.643     0.763
 9     0.969    -0.221     0.105
 2    97.003   -18.710    59.742
 2     0.505    -0.863     0.025
 2     0.859     0.505     0.078
 2    -0.080    -0.018     0.996
 3   138.994    -3.233     1.334
 3     0.402     0.026    -0.915
 3     0.158     0.983     0.097
 3     0.902    -0.184     0.391
 4   119.803    13.412   -11.417
 4     0.365    -0.886     0.284
 4     0.931     0.350    -0.105
 4    -0.006     0.302     0.953
 5   119.019    21.704    13.709
 5     0.144    -0.228     0.963
 5     0.138    -0.959    -0.248
 5     0.980     0.168    -0.107
 6   130.864    28.519    43.357
 6     0.331    -0.869    -0.367
 6    -0.022     0.381    -0.924
 6     0.943     0.314     0.107
 7   120.754   -21.112   -12.700
 7     0.397     0.897     0.190
 7    -0.915     0.372     0.158
 7     0.071    -0.237     0.969
 8   118.709   -26.515    13.664
 8     0.238     0.193     0.952
 8    -0.272    -0.927     0.256
 8     0.932    -0.320    -0.168
 9   131.459   -32.667    39.545
 9     0.236     0.734    -0.637
 9     0.063     0.642     0.763
 9     0.969    -0.221     0.106
 2    97.003   -18.710    59.742
 2     0.505    -0.863     0.025
 2     0.859     0.505     0.078
 2    -0.080    -0.018     0.996
 3   138.994    -3.233     1.334
 3     0.402     0.026    -0.915
 3     0.158     0.982     0.097
 3     0.902    -0.184     0.391
 4   119.830    13.413   -11.421
 4     0.366    -0.886     0.285
 4     0.930     0.350    -0.107
 4    -0.005     0.304     0.952
 5   119.018    21.756    13.765
 5     0.142    -0.226     0.963
 5     0.139    -0.959    -0.246
 5     0.980     0.169    -0.105
 6   130.823    28.546    43.401
 6     0.329    -0.869    -0.369
 6    -0.022     0.384    -0.923
 6     0.944     0.312     0.108
 7   120.702   -21.062   -12.697
 7     0.397     0.897     0.191
 7    -0.915     0.371     0.157
 7     0.070    -0.237     0.969
 8   118.710   -26.516    13.665
 8     0.237     0.193     0.952
 8    -0.273    -0.927     0.256
 8     0.932    -0.320    -0.168
 9   131.460   -32.668    39.545
 9     0.236     0.734    -0.636
 9     0.062     0.642     0.764
 9     0.969    -0.220     0.106
 2    97.003   -18.710    59.793
 2     0.505    -0.863     0.025
 2     0.859     0.505     0.078
 2    -0.080    -0.018     0.996
 3   138.994    -3.233     1.334
 3     0.402     0.025    -0.915
 3     0.158     0.983     0.097
 3     0.902    -0.184     0.391
 4   119.829    13.463   -11.421
 4     0.366    -0.886     0.286
 4     0.930     0.349    -0.107
 4    -0.005     0.305     0.952
 5   118.942    21.759    13.722
 5     0.139    -0.223     0.965
 5     0.142    -0.960    -0.242
 5     0.980     0.171    -0.102
 6   130.722    28.546    43.400
 6     0.328    -0.869    -0.370
 6    -0.022     0.385    -0.923
 6     0.944     0.311     0.107
 7   120.752   -21.062   -12.748
 7     0.397     0.897     0.191
 7    -0.915     0.371     0.157
 7     0.070    -0.238     0.969
 8   118.709   -26.517    13.665
 8     0.237     0.193     0.952
 8    -0.273    -0.927     0.256
 8     0.932    -0.321    -0.167
 9   131.485   -32.668    39.545
 9     0.236     0.734    -0.637
 9     0.062     0.643     0.763
 9     0.969    -0.220     0.106
 2    97.003   -18.761    59.793
 2     0.505    -0.863     0.025
 2     0.859     0.505     0.078
 2    -0.080    -0.018     0.996
 3   138.993    -3.183     1.333
 3     0.402     0.025    -0.915
 3     0.158     0.982     0.096
 3     0.902    -0.183     0.391
 4   119.828    13.464   -11.422
 4     0.365    -0.886     0.286
 4     0.931     0.349    -0.108
 4    -0.005     0.306     0.952
 5   118.941    21.786    13.776
 5     0.138    -0.222     0.965
 5     0.143    -0.960    -0.241
 5     0.980     0.172    -0.101
 6   130.680    28.548    43.442
 6     0.326    -0.869    -0.371
 6    -0.022     0.386    -0.922
 6     0.945     0.309     0.107
 7   120.752   -21.062   -12.697
 7     0.397     0.897     0.191
 7    -0.915     0.372     0.157
 7     0.070    -0.237     0.969
 8   118.732   -26.521    13.641
 8     0.235     0.195     0.952
 8    -0.275    -0.926     0.258
 8     0.932    -0.323    -0.165
 9   131.470   -32.666    39.532
 9     0.235     0.734    -0.637
 9     0.061     0.643     0.763
 9     0.970    -0.219     0.106
 2    97.003   -18.710    59.793
 2     0.505    -0.863     0.025
 2     0.859     0.505     0.078
 2    -0.080    -0.018     0.996
 3   138.993    -3.132     1.384
 3     0.401     0.024    -0.916
 3     0.158     0.983     0.095
 3     0.902    -0.183     0.390
 4   119.831    13.515   -11.374
 4     0.365    -0.886     0.286
 4     0.931     0.349    -0.108
 4    -0.004     0.306     0.952
 5   118.941    21.786    13.727
 5     0.138    -0.222     0.965
 5     0.144    -0.960    -0.241
 5     0.980     0.172    -0.100
 6   130.681    28.599    43.341
 6     0.327    -0.869    -0.371
 6    -0.021     0.386    -0.922
 6     0.945     0.309     0.108
 7   120.798   -21.063   -12.792
 7     0.397     0.897     0.192
 7    -0.915     0.371     0.156
 7     0.068    -0.238     0.969
 8   118.732   -26.572    13.590
 8     0.235     0.195     0.952
 8    -0.276    -0.926     0.258
 8     0.932    -0.324    -0.165
 9   131.493   -32.769    39.480
 9     0.236     0.733    -0.638
 9     0.060     0.644     0.762
 9     0.970    -0.218     0.108
 2    97.003   -18.710    59.742
 2     0.505    -0.863     0.025
 2     0.859     0.505     0.078
 2    -0.080    -0.018     0.996
 3   139.043    -3.131     1.435
 3     0.400     0.024    -0.916
 3     0.158     0.983     0.095
 3     0.902    -0.183     0.390
 4   119.828    13.514   -11.371
 4     0.365    -0.885     0.287
 4     0.931     0.349    -0.108
 4    -0.005     0.307     0.952
 5   118.990    21.787    13.727
 5     0.137    -0.222     0.965
 5     0.144    -0.959    -0.241
 5     0.980     0.172    -0.100
 6   130.681    28.649    43.393
 6     0.326    -0.868    -0.374
 6    -0.022     0.388    -0.921
 6     0.945     0.308     0.108
 7   120.848   -21.037   -12.742
 7     0.398     0.897     0.192
 7    -0.915     0.373     0.155
 7     0.068    -0.238     0.969
 8   118.780   -26.573    13.591
 8     0.235     0.196     0.952
 8    -0.277    -0.925     0.259
 8     0.932    -0.325    -0.164
 9   131.593   -32.770    39.404
 9     0.236     0.732    -0.639
 9     0.059     0.645     0.761
 9     0.970    -0.218     0.109
 2    97.003   -18.710    59.742
 2     0.505    -0.863     0.025
 2     0.859     0.505     0.078
 2    -0.080    -0.018     0.996
 3   139.049    -3.130     1.378
 3     0.400     0.023    -0.916
 3     0.158     0.983     0.094
 3     0.903    -0.183     0.389
 4   119.876    13.513   -11.368
 4     0.366    -0.885     0.288
 4     0.930     0.350    -0.107
 4    -0.006     0.307     0.951
 5   119.002    21.833    13.718
 5     0.138    -0.222     0.965
 5     0.145    -0.959    -0.242
 5     0.979     0.173    -0.100
 6   130.782    28.648    43.318
 6     0.326    -0.867    -0.376
 6    -0.022     0.391    -0.920
 6     0.945     0.308     0.109
 7   120.841   -21.039   -12.835
 7     0.399     0.896     0.194
 7    -0.914     0.374     0.154
 7     0.065    -0.239     0.969
 8   118.823   -26.625    13.549
 8     0.236     0.196     0.952
 8    -0.278    -0.925     0.259
 8     0.931    -0.326    -0.164
 9   131.592   -32.900    39.403
 9     0.237     0.732    -0.639
 9     0.057     0.646     0.761
 9     0.970    -0.217     0.111
 2    97.003   -18.710    59.792
 2     0.505    -0.863     0.025
 2     0.859     0.505     0.078
 2    -0.080    -0.017     0.996
 3   139.098    -3.104     1.377
 3     0.400     0.023    -0.916
 3     0.158     0.983     0.094
 3     0.903    -0.182     0.389
 4   119.922    13.511   -11.363
 4     0.368    -0.884     0.289
 4     0.930     0.352    -0.107
 4    -0.008     0.308     0.951
 5   119.050    21.887    13.673
 5     0.136    -0.222     0.965
 5     0.148    -0.959    -0.242
 5     0.979     0.175    -0.098
 6   130.884    28.775    43.271
 6     0.324    -0.865    -0.383
 6    -0.021     0.398    -0.917
 6     0.945     0.305     0.111
 7   120.866   -21.039   -12.785
 7     0.400     0.896     0.193
 7    -0.914     0.375     0.153
 7     0.065    -0.238     0.969
 8   118.873   -26.627    13.499
 8     0.235     0.196     0.952
 8    -0.279    -0.925     0.259
 8     0.931    -0.326    -0.163
 9   131.642   -32.951    39.403
 9     0.237     0.731    -0.640
 9     0.056     0.647     0.760
 9     0.970    -0.216     0.111
 2    97.053   -18.710    59.741
 2     0.505    -0.863     0.026
 2     0.859     0.505     0.078
 2    -0.080    -0.017     0.996
 3   139.099    -3.129     1.327
 3     0.399     0.023    -0.917
 3     0.158     0.983     0.094
 3     0.903    -0.183     0.388
 4   119.966    13.508   -11.406
 4     0.371    -0.882     0.291
 4     0.928     0.356    -0.105
 4    -0.011     0.309     0.951
 5   119.057    21.851    13.300
 5     0.118    -0.221     0.968
 5     0.158    -0.958    -0.238
 5     0.980     0.181    -0.078
 6   130.744    28.776    43.034
 6     0.322    -0.863    -0.389
 6    -0.022     0.404    -0.914
 6     0.946     0.303     0.111
 7   120.911   -21.065   -12.830
 7     0.401     0.895     0.194
 7    -0.914     0.376     0.152
 7     0.063    -0.239     0.969
 8   118.725   -26.904    12.919
 8     0.193     0.204     0.960
 8    -0.293    -0.921     0.255
 8     0.936    -0.331    -0.118
 9   131.589   -33.214    39.171
 9     0.237     0.730    -0.641
 9     0.049     0.650     0.758
 9     0.970    -0.212     0.118
 2    97.003   -18.710    59.741
 2     0.505    -0.863     0.026
 2     0.859     0.505     0.078
 2    -0.080    -0.017     0.996
 3   139.180    -3.178     1.244
 3     0.396     0.024    -0.918
 3     0.158     0.983     0.094
 3     0.904    -0.183     0.385
 4   120.159    13.529   -11.521
 4     0.375    -0.880     0.290
 4     0.926     0.361    -0.102
 4    -0.015     0.307     0.951
 5   118.931    22.000    13.286
 5     0.094    -0.207     0.974
 5     0.169    -0.960    -0.221
 5     0.981     0.185    -0.056
 6   130.466    29.064    43.108
 6     0.314    -0.867    -0.386
 6    -0.018     0.401    -0.916
 6     0.949     0.294     0.111
 7   121.245   -21.118   -13.040
 7     0.407     0.892     0.197
 7    -0.912     0.383     0.148
 7     0.056    -0.240     0.969
 8   118.311   -27.835    11.841
 8     0.136     0.281     0.950
 8    -0.318    -0.896     0.311
 8     0.938    -0.345    -0.032
 9   130.452   -33.928    38.377
 9     0.194     0.698    -0.689
 9     0.038     0.696     0.716
 9     0.980    -0.166     0.109
 2    97.003   -18.710    59.742
 2     0.504    -0.863     0.025
 2     0.859     0.505     0.078
 2    -0.080    -0.018     0.996
 3   139.481    -3.040     1.259
 3     0.384     0.021    -0.923
 3     0.158     0.983     0.088
 3     0.909    -0.180     0.375
 4   120.566    13.709   -11.477
 4     0.376    -0.881     0.287
 4     0.926     0.362    -0.104
 4    -0.012     0.305     0.952
 5   118.557    22.024    12.930
 5     0.061    -0.177     0.982
 5     0.185    -0.965    -0.185
 5     0.981     0.193    -0.026
 6   129.471    29.572    42.832
 6     0.293    -0.881    -0.372
 6    -0.007     0.387    -0.922
 6     0.956     0.273     0.108
 7   122.193   -20.943   -13.453
 7     0.417     0.889     0.190
 7    -0.908     0.396     0.138
 7     0.047    -0.230     0.972
 8   117.455   -28.598    10.576
 8     0.054     0.357     0.932
 8    -0.337    -0.872     0.354
 8     0.940    -0.333     0.073
 9   127.992   -34.696    37.751
 9     0.107     0.670    -0.734
 9     0.031     0.735     0.676
 9     0.993    -0.096     0.058
 2    97.003   -18.710    59.793
 2     0.505    -0.863     0.025
 2     0.859     0.505     0.078
 2    -0.080    -0.018     0.996
 3   140.032    -2.854     1.119
 3     0.375     0.014    -0.927
 3     0.154     0.985     0.077
 3     0.914    -0.172     0.367
 4   121.579    14.234   -11.622
 4     0.373    -0.886     0.275
 4     0.927     0.355    -0.116
 4     0.005     0.298     0.954
 5   118.191    22.144    12.545
 5     0.010    -0.151     0.988
 5     0.201    -0.968    -0.150
 5     0.979     0.200     0.020
 6   128.096    30.448    42.730
 6     0.260    -0.901    -0.349
 6     0.008     0.363    -0.932
 6     0.965     0.239     0.102
 7   123.090   -20.601   -14.016
 7     0.405     0.897     0.173
 7    -0.913     0.390     0.119
 7     0.039    -0.207     0.978
 8   116.606   -28.602     9.237
 8    -0.027     0.389     0.920
 8    -0.347    -0.867     0.357
 8     0.937    -0.310     0.159
 9   125.292   -34.392    36.994
 9     0.020     0.656    -0.755
 9     0.027     0.754     0.656
 9     0.999    -0.034    -0.003
 2    97.003   -18.710    59.793
 2     0.505    -0.863     0.025
 2     0.859     0.505     0.078
 2    -0.080    -0.018     0.996
 3   140.541    -2.618     1.250
 3     0.363     0.013    -0.932
 3     0.145     0.987     0.071
 3     0.920    -0.161     0.356
 4   122.853    14.603   -11.555
 4     0.380    -0.892     0.245
 4     0.925     0.360    -0.123
 4     0.022     0.273     0.961
 5   117.995    22.627    12.341
 5    -0.051    -0.147     0.988
 5     0.213    -0.968    -0.133
 5     0.975     0.204     0.080
 6   126.560    30.954    42.614
 6     0.207    -0.913    -0.351
 6     0.015     0.362    -0.932
 6     0.978     0.188     0.088
 7   123.996   -20.217   -14.573
 7     0.370     0.915     0.158
 7    -0.928     0.359     0.098
 7     0.033    -0.183     0.982
 8   115.481   -28.743     7.541
 8    -0.112     0.386     0.915
 8    -0.367    -0.872     0.324
 8     0.923    -0.300     0.239
 9   122.736   -34.525    35.984
 9    -0.026     0.674    -0.738
 9     0.024     0.738     0.674
 9     0.999    -0.001    -0.035
 2    97.003   -18.710    59.793
 2     0.505    -0.863     0.025
 2     0.859     0.505     0.078
 2    -0.080    -0.018     0.996
 3   141.432    -2.558     1.243
 3     0.350     0.014    -0.936
 3     0.134     0.989     0.065
 3     0.927    -0.148     0.344
 4   123.860    14.869   -11.503
 4     0.378    -0.899     0.222
 4     0.925     0.358    -0.127
 4     0.034     0.253     0.967
 5   117.843    22.619    12.044
 5    -0.099    -0.127     0.987
 5     0.228    -0.968    -0.102
 5     0.969     0.215     0.124
 6   125.646    31.806    42.368
 6     0.180    -0.927    -0.327
 6     0.030     0.338    -0.941
 6     0.983     0.160     0.089
 7   124.781   -19.666   -15.453
 7     0.329     0.932     0.148
 7    -0.944     0.322     0.069
 7     0.017    -0.162     0.986
 8   114.505   -28.598     5.460
 8    -0.199     0.374     0.906
 8    -0.385    -0.880     0.278
 8     0.901    -0.294     0.319
 9   118.067   -34.052    32.486
 9    -0.090     0.686    -0.722
 9     0.009     0.725     0.688
 9     0.996     0.055    -0.071
 2    97.003   -18.710    59.793
 2     0.505    -0.863     0.025
 2     0.859     0.505     0.078
 2    -0.080    -0.018     0.996
 3   142.050    -2.786     1.178
 3     0.338     0.016    -0.941
 3     0.111     0.992     0.057
 3     0.934    -0.124     0.334
 4   124.864    15.040   -11.451
 4     0.378    -0.904     0.198
 4     0.924     0.356    -0.139
 4     0.055     0.235     0.970
 5   117.653    22.423    11.775
 5    -0.143    -0.114     0.983
 5     0.241    -0.967    -0.077
 5     0.960     0.226     0.166
 6   124.813    32.043    42.097
 6     0.159    -0.938    -0.309
 6     0.041     0.319    -0.947
 6     0.986     0.138     0.089
 7   125.733   -19.269   -16.232
 7     0.288     0.949     0.125
 7    -0.958     0.286     0.037
 7    -0.000    -0.130     0.991
 8   113.564   -28.554     3.444
 8    -0.293     0.355     0.887
 8    -0.404    -0.887     0.222
 8     0.866    -0.294     0.404
 9   115.889   -37.614    31.906
 9    -0.161     0.703    -0.693
 9    -0.025     0.698     0.715
 9     0.986     0.132    -0.095
 2    97.003   -18.710    59.793
 2     0.505    -0.863     0.025
 2     0.859     0.505     0.078
 2    -0.080    -0.018     0.996
 3   142.739    -3.013     1.198
 3     0.327     0.020    -0.945
 3     0.092     0.994     0.053
 3     0.940    -0.105     0.323
 4   126.186    15.057   -11.310
 4     0.377    -0.911     0.168
 4     0.923     0.356    -0.145
 4     0.072     0.210     0.975
 5   117.668    22.178    11.554
 5    -0.192    -0.102     0.976
 5     0.241    -0.969    -0.054
 5     0.951     0.225     0.210
 6   123.746    32.201    41.926
 6     0.115    -0.947    -0.301
 6     0.047     0.308    -0.950
 6     0.992     0.094     0.080
 7   126.496   -18.845   -16.475
 7     0.246     0.963     0.112
 7    -0.969     0.246     0.012
 7    -0.016    -0.112     0.994
 8   112.612   -28.186     1.712
 8    -0.380     0.322     0.867
 8    -0.420    -0.895     0.148
 8     0.824    -0.308     0.475
 9   112.567   -38.661    29.853
 9    -0.233     0.713    -0.661
 9    -0.053     0.669     0.741
 9     0.971     0.208    -0.118
 2    97.003   -18.710    59.793
 2     0.505    -0.863     0.025
 2     0.859     0.505     0.078
 2    -0.080    -0.018     0.996
 3   143.392    -3.239     1.261
 3     0.318     0.024    -0.948
 3     0.082     0.995     0.053
 3     0.944    -0.095     0.314
 4   127.120    14.888   -11.149
 4     0.380    -0.914     0.142
 4     0.921     0.360    -0.146
 4     0.082     0.186     0.979
 5   117.862    21.909    11.362
 5    -0.225    -0.097     0.969
 5     0.243    -0.969    -0.040
 5     0.943     0.226     0.241
 6   123.244    32.074    41.610
 6     0.085    -0.948    -0.305
 6     0.053     0.310    -0.949
 6     0.995     0.064     0.077
 7   127.113   -18.697   -16.819
 7     0.209     0.972     0.109
 7    -0.977     0.211    -0.009
 7    -0.032    -0.105     0.994
 8   112.111   -27.933     0.343
 8    -0.441     0.297     0.847
 8    -0.431    -0.898     0.091
 8     0.787    -0.325     0.523
 9   109.808   -39.575    28.021
 9    -0.312     0.691    -0.651
 9    -0.090     0.661     0.745
 9     0.945     0.291    -0.144
 2    97.003   -18.710    59.793
 2     0.505    -0.863     0.025
 2     0.859     0.505     0.078
 2    -0.080    -0.018     0.996
 3   143.797    -3.642     1.349
 3     0.310     0.030    -0.950
 3     0.072     0.996     0.055
 3     0.948    -0.086     0.307
 4   127.738    14.742   -11.033
 4     0.379    -0.917     0.128
 4     0.921     0.360    -0.147
 4     0.088     0.174     0.981
 5   118.009    21.797    11.349
 5    -0.244    -0.092     0.965
 5     0.250    -0.968    -0.029
 5     0.937     0.235     0.259
 6   123.114    32.410    41.453
 6     0.074    -0.951    -0.300
 6     0.066     0.304    -0.950
 6     0.995     0.050     0.085
 7   127.359   -18.591   -16.950
 7     0.188     0.976     0.105
 7    -0.981     0.192    -0.026
 7    -0.045    -0.098     0.994
 8   111.861   -27.846    -0.315
 8    -0.473     0.287     0.833
 8    -0.446    -0.893     0.054
 8     0.759    -0.346     0.550
 9   107.952   -40.795    26.344
 9    -0.365     0.688    -0.628
 9    -0.128     0.630     0.765
 9     0.922     0.359    -0.141
 2    97.003   -18.710    59.792
 2     0.504    -0.863     0.025
 2     0.859     0.505     0.078
 2    -0.080    -0.018     0.996
 3   144.096    -3.894     1.548
 3     0.301     0.038    -0.953
 3     0.064     0.996     0.060
 3     0.951    -0.079     0.298
 4   128.295    14.624   -10.830
 4     0.383    -0.916     0.114
 4     0.918     0.365    -0.154
 4     0.099     0.163     0.981
 5   118.112    21.607    11.315
 5    -0.261    -0.098     0.960
 5     0.253    -0.967    -0.030
 5     0.931     0.235     0.277
 6   122.733    32.503    41.432
 6     0.052    -0.952    -0.301
 6     0.071     0.304    -0.950
 6     0.996     0.028     0.083
 7   127.512   -18.479   -17.067
 7     0.174     0.979     0.102
 7    -0.983     0.178    -0.037
 7    -0.055    -0.094     0.994
 8   111.745   -27.737    -0.791
 8    -0.487     0.286     0.825
 8    -0.450    -0.892     0.044
 8     0.748    -0.349     0.563
 9   106.449   -41.154    25.464
 9    -0.417     0.662    -0.622
 9    -0.146     0.627     0.765
 9     0.897     0.410    -0.165
 2    97.003   -18.710    59.793
 2     0.505    -0.863     0.025
 2     0.859     0.505     0.078
 2    -0.080    -0.018     0.996
 3   144.287    -4.074     1.577
 3     0.297     0.044    -0.954
 3     0.056     0.996     0.063
 3     0.953    -0.072     0.294
 4   128.590    14.681   -10.672
 4     0.385    -0.917     0.106
 4     0.917     0.366    -0.160
 4     0.107     0.159     0.981
 5   117.981    21.400    11.305
 5    -0.277    -0.090     0.957
 5     0.249    -0.968    -0.019
 5     0.928     0.233     0.290
 6   122.022    32.485    41.556
 6     0.033    -0.956    -0.292
 6     0.077     0.294    -0.953
 6     0.996     0.008     0.083
 7   127.660   -18.268   -17.204
 7     0.159     0.982     0.096
 7    -0.985     0.164    -0.052
 7    -0.067    -0.087     0.994
 8   111.397   -27.358    -1.322
 8    -0.508     0.277     0.815
 8    -0.450    -0.892     0.022
 8     0.734    -0.356     0.578
 9   104.832   -41.308    24.493
 9    -0.458     0.646    -0.610
 9    -0.151     0.620     0.770
 9     0.876     0.445    -0.186
 2    97.003   -18.710    59.793
 2     0.505    -0.863     0.025
 2     0.859     0.505     0.078
 2    -0.080    -0.018     0.996
 3   144.362    -4.357     1.671
 3     0.289     0.054    -0.956
 3     0.043     0.996     0.069
 3     0.956    -0.061     0.285
 4   128.880    14.643   -10.588
 4     0.388    -0.917     0.096
 4     0.913     0.369    -0.173
 4     0.123     0.155     0.980
 5   117.686    21.188    11.246
 5    -0.298    -0.089     0.950
 5     0.241    -0.970    -0.015
 5     0.923     0.225     0.310
 6   120.871    32.185    41.595
 6     0.002    -0.955    -0.295
 6     0.073     0.294    -0.953
 6     0.997    -0.020     0.071
 7   127.447   -17.937   -17.401
 7     0.141     0.986     0.090
 7    -0.986     0.148    -0.071
 7    -0.084    -0.079     0.993
 8   110.898   -26.899    -2.002
 8    -0.526     0.265     0.808
 8    -0.455    -0.890    -0.005
 8     0.718    -0.370     0.589
 9   103.683   -41.200    23.378
 9    -0.476     0.646    -0.597
 9    -0.162     0.603     0.781
 9     0.864     0.468    -0.182
 2    97.003   -18.710    59.793
 2     0.505    -0.863     0.025
 2     0.859     0.505     0.078
 2    -0.080    -0.018     0.996
 3   144.296    -4.441     1.699
 3     0.278     0.065    -0.958
 3     0.025     0.997     0.075
 3     0.960    -0.045     0.276
 4   129.205    14.939   -10.365
 4     0.390    -0.917     0.085
 4     0.910     0.369    -0.191
 4     0.144     0.151     0.978
 5   117.359    20.975    11.245
 5    -0.323    -0.086     0.943
 5     0.233    -0.972    -0.009
 5     0.917     0.217     0.334
 6   119.805    31.863    41.905
 6    -0.023    -0.956    -0.292
 6     0.068     0.289    -0.955
 6     0.997    -0.042     0.058
 7   127.445   -17.509   -17.636
 7     0.123     0.989     0.078
 7    -0.986     0.131    -0.097
 7    -0.106    -0.065     0.992
 8   110.382   -26.522    -2.883
 8    -0.549     0.252     0.797
 8    -0.462    -0.886    -0.038
 8     0.696    -0.389     0.603
 9   102.394   -41.478    21.879
 9    -0.500     0.643    -0.580
 9    -0.176     0.580     0.795
 9     0.848     0.499    -0.177
 2    97.003   -18.685    59.793
 2     0.505    -0.863     0.025
 2     0.859     0.505     0.078
 2    -0.080    -0.018     0.996
 3   144.256    -4.756     1.648
 3     0.267     0.079    -0.960
 3     0.005     0.996     0.083
 3     0.964    -0.028     0.266
 4   129.573    15.165   -10.008
 4     0.390    -0.918     0.066
 4     0.904     0.369    -0.215
 4     0.172     0.143     0.974
 5   117.205    20.784    11.451
 5    -0.347    -0.088     0.934
 5     0.226    -0.974    -0.007
 5     0.910     0.208     0.357
 6   118.977    31.482    42.123
 6    -0.049    -0.954    -0.296
 6     0.061     0.292    -0.954
 6     0.997    -0.065     0.044
 7   127.510   -17.109   -17.965
 7     0.106     0.992     0.062
 7    -0.986     0.113    -0.125
 7    -0.131    -0.049     0.990
 8   110.140   -26.094    -3.889
 8    -0.572     0.241     0.784
 8    -0.468    -0.881    -0.071
 8     0.673    -0.407     0.617
 9   100.969   -41.521    20.150
 9    -0.535     0.634    -0.558
 9    -0.190     0.553     0.811
 9     0.823     0.540    -0.176
 2    97.003   -18.710    59.793
 2     0.505    -0.863     0.025
 2     0.859     0.505     0.078
 2    -0.080    -0.018     0.996
 3   144.323    -4.919     1.671
 3     0.258     0.089    -0.962
 3    -0.009     0.996     0.090
 3     0.966    -0.015     0.257
 4   129.833    15.226    -9.868
 4     0.394    -0.917     0.057
 4     0.900     0.372    -0.226
 4     0.186     0.140     0.972
 5   117.240    20.806    11.473
 5    -0.354    -0.088     0.931
 5     0.224    -0.974    -0.007
 5     0.908     0.206     0.365
 6   118.812    31.529    42.236
 6    -0.055    -0.953    -0.296
 6     0.061     0.293    -0.954
 6     0.996    -0.071     0.042
 7   127.571   -16.572   -18.014
 7     0.095     0.994     0.053
 7    -0.984     0.102    -0.143
 7    -0.148    -0.039     0.988
 8   109.913   -25.813    -4.465
 8    -0.590     0.235     0.772
 8    -0.472    -0.877    -0.094
 8     0.655    -0.420     0.628
 9    99.820   -41.614    18.842
 9    -0.568     0.621    -0.541
 9    -0.200     0.533     0.822
 9     0.798     0.574    -0.179
 2    97.003   -18.710    59.793
 2     0.505    -0.863     0.025
 2     0.859     0.505     0.078
 2    -0.080    -0.018     0.996
 3   144.357    -5.054     1.658
 3     0.254     0.099    -0.962
 3    -0.018     0.995     0.098
 3     0.967    -0.008     0.254
 4   130.066    15.279    -9.826
 4     0.398    -0.916     0.056
 4     0.897     0.376    -0.230
 4     0.189     0.141     0.971
 5   117.547    21.026    11.438
 5    -0.355    -0.099     0.929
 5     0.238    -0.971    -0.013
 5     0.904     0.217     0.368
 6   119.178    31.973    41.966
 6    -0.055    -0.953    -0.298
 6     0.077     0.294    -0.953
 6     0.995    -0.075     0.057
 7   127.548   -16.119   -18.295
 7     0.076     0.996     0.050
 7    -0.982     0.083    -0.166
 7    -0.170    -0.036     0.985
 8   109.669   -25.197    -5.093
 8    -0.605     0.222     0.765
 8    -0.478    -0.869    -0.126
 8     0.637    -0.442     0.631
 9    98.908   -41.530    17.598
 9    -0.583     0.625    -0.519
 9    -0.210     0.502     0.839
 9     0.785     0.598    -0.162
 2    97.053   -18.710    59.793
 2     0.505    -0.863     0.025
 2     0.859     0.505     0.078
 2    -0.080    -0.018     0.996
 3   144.508    -5.610     1.580
 3     0.250     0.124    -0.960
 3    -0.038     0.992     0.118
 3     0.967     0.006     0.253
 4   130.515    15.284    -9.852
 4     0.409    -0.911     0.053
 4     0.891     0.386    -0.240
 4     0.198     0.145     0.969
 5   117.956    21.119    11.460
 5    -0.356    -0.115     0.927
 5     0.249    -0.968    -0.024
 5     0.900     0.222     0.373
 6   119.276    32.521    41.849
 6    -0.069    -0.952    -0.297
 6     0.094     0.290    -0.952
 6     0.993    -0.093     0.069
 7   127.601   -15.539   -18.474
 7     0.057     0.997     0.044
 7    -0.980     0.065    -0.189
 7    -0.192    -0.032     0.981
 8   109.542   -24.627    -5.568
 8    -0.617     0.207     0.760
 8    -0.479    -0.865    -0.152
 8     0.625    -0.458     0.632
 9    98.287   -41.200    16.680
 9    -0.600     0.620    -0.506
 9    -0.211     0.487     0.847
 9     0.772     0.615    -0.162
 2    97.053   -18.710    59.792
 2     0.505    -0.863     0.025
 2     0.859     0.505     0.078
 2    -0.080    -0.017     0.996
 3   144.767    -5.750     1.644
 3     0.245     0.140    -0.959
 3    -0.050     0.990     0.132
 3     0.968     0.015     0.249
 4   131.211    15.237    -9.743
 4     0.419    -0.907     0.046
 4     0.884     0.396    -0.247
 4     0.205     0.144     0.968
 5   118.463    20.962    11.362
 5    -0.364    -0.122     0.923
 5     0.249    -0.968    -0.030
 5     0.897     0.219     0.382
 6   118.956    32.664    41.671
 6    -0.102    -0.946    -0.307
 6     0.105     0.297    -0.949
 6     0.989    -0.130     0.069
 7   127.820   -15.234   -18.595
 7     0.032     0.999     0.036
 7    -0.978     0.039    -0.206
 7    -0.207    -0.029     0.978
 8   109.622   -24.085    -5.976
 8    -0.631     0.186     0.753
 8    -0.472    -0.863    -0.182
 8     0.616    -0.470     0.632
 9    97.848   -40.466    16.032
 9    -0.615     0.616    -0.492
 9    -0.205     0.477     0.854
 9     0.761     0.626    -0.167
 2    97.003   -18.710    59.793
 2     0.505    -0.863     0.025
 2     0.859     0.505     0.078
 2    -0.080    -0.018     0.996
 3   145.177    -6.221     1.736
 3     0.236     0.161    -0.958
 3    -0.062     0.986     0.151
 3     0.969     0.023     0.243
 4   131.807    15.065    -9.709
 4     0.424    -0.905     0.037
 4     0.880     0.403    -0.251
 4     0.212     0.139     0.967
 5   118.890    20.879    11.218
 5    -0.373    -0.129     0.919
 5     0.251    -0.967    -0.034
 5     0.893     0.218     0.393
 6   118.798    32.783    41.586
 6    -0.126    -0.939    -0.321
 6     0.111     0.308    -0.945
 6     0.986    -0.155     0.065
 7   128.339   -14.823   -18.651
 7     0.015     1.000     0.022
 7    -0.975     0.020    -0.220
 7    -0.220    -0.019     0.975
 8   109.885   -23.520    -6.397
 8    -0.645     0.182     0.742
 8    -0.469    -0.861    -0.196
 8     0.603    -0.475     0.640
 9    97.424   -40.020    15.110
 9    -0.640     0.598    -0.483
 9    -0.202     0.475     0.856
 9     0.742     0.645    -0.183
 2    97.003   -18.710    59.793
 2     0.505    -0.863     0.025
 2     0.859     0.505     0.078
 2    -0.080    -0.018     0.996
 3   145.604    -6.304     1.823
 3     0.224     0.171    -0.959
 3    -0.071     0.984     0.159
 3     0.972     0.032     0.232
 4   132.475    15.123    -9.599
 4     0.422    -0.906     0.027
 4     0.880     0.402    -0.254
 4     0.219     0.131     0.967
 5   119.166    20.821    11.302
 5    -0.382    -0.134     0.914
 5     0.253    -0.967    -0.036
 5     0.889     0.217     0.403
 6   118.624    32.776    41.609
 6    -0.144    -0.932    -0.332
 6     0.115     0.318    -0.941
 6     0.983    -0.174     0.062
 7   128.836   -14.560   -18.665
 7     0.002     1.000     0.007
 7    -0.973     0.004    -0.231
 7    -0.231    -0.007     0.973
 8   110.184   -23.034    -6.903
 8    -0.660     0.181     0.729
 8    -0.470    -0.856    -0.213
 8     0.585    -0.484     0.651
 9    97.086   -39.654    13.958
 9    -0.666     0.578    -0.472
 9    -0.204     0.467     0.860
 9     0.717     0.669    -0.193
 2    97.003   -18.710    59.793
 2     0.505    -0.863     0.025
 2     0.859     0.505     0.078
 2    -0.080    -0.018     0.996
 3   145.871    -6.289     2.074
 3     0.210     0.178    -0.961
 3    -0.079     0.983     0.164
 3     0.974     0.041     0.221
 4   133.074    15.182    -9.416
 4     0.418    -0.908     0.014
 4     0.879     0.401    -0.257
 4     0.228     0.120     0.966
 5   119.586    20.813    11.244
 5    -0.393    -0.140     0.909
 5     0.251    -0.967    -0.041
 5     0.884     0.212     0.415
 6   118.278    32.810    41.553
 6    -0.180    -0.918    -0.352
 6     0.120     0.335    -0.934
 6     0.976    -0.210     0.050
 7   129.508   -14.166   -18.536
 7    -0.002     1.000    -0.010
 7    -0.970    -0.005    -0.241
 7    -0.241     0.009     0.970
 8   110.728   -22.674    -7.460
 8    -0.674     0.189     0.714
 8    -0.474    -0.852    -0.222
 8     0.566    -0.488     0.664
 9    96.906   -39.508    12.864
 9    -0.689     0.554    -0.467
 9    -0.208     0.466     0.859
 9     0.694     0.689    -0.206
 2    97.003   -18.684    59.793
 2     0.504    -0.863     0.025
 2     0.859     0.505     0.078
 2    -0.080    -0.018     0.996
 3   146.397    -6.121     2.411
 3     0.194     0.179    -0.964
 3    -0.087     0.982     0.165
 3     0.977     0.051     0.206
 4   133.807    15.270    -9.241
 4     0.414    -0.910    -0.005
 4     0.878     0.400    -0.262
 4     0.240     0.104     0.965
 5   119.730    20.932    11.289
 5    -0.407    -0.144     0.902
 5     0.249    -0.968    -0.042
 5     0.879     0.207     0.430
 6   117.966    32.803    41.607
 6    -0.194    -0.912    -0.361
 6     0.121     0.343    -0.931
 6     0.973    -0.224     0.044
 7   130.263   -13.866   -18.575
 7     0.001     1.000    -0.024
 7    -0.969    -0.005    -0.247
 7    -0.247     0.023     0.969
 8   111.203   -22.523    -8.074
 8    -0.691     0.205     0.693
