% Calibrated with leiden_pols
% Positions are in centimeters
Data =[
 2    97.053   -18.710    59.793
 2     0.504    -0.863     0.025
 2     0.859     0.505     0.078
 2    -0.080    -0.018     0.996
 3   139.280    -3.229     1.371
 3     0.398     0.026    -0.917
 3     0.158     0.983     0.096
 3     0.904    -0.183     0.387
 4   120.002    13.330   -11.476
 4     0.373    -0.887     0.272
 4     0.928     0.359    -0.099
 4    -0.010     0.289     0.957
 5   119.294    21.705    13.639
 5     0.141    -0.226     0.964
 5     0.137    -0.960    -0.245
 5     0.980     0.167    -0.104
 6   131.123    28.419    43.272
 6     0.328    -0.870    -0.369
 6    -0.023     0.383    -0.923
 6     0.944     0.311     0.105
 7   121.046   -21.236   -12.932
 7     0.405     0.895     0.183
 7    -0.911     0.380     0.156
 7     0.070    -0.230     0.970
 8   118.956   -26.718    13.587
 8     0.238     0.200     0.950
 8    -0.271    -0.926     0.263
 8     0.932    -0.320    -0.166
 9   131.669   -32.814    39.405
 9     0.234     0.731    -0.641
 9     0.064     0.646     0.760
 9     0.970    -0.219     0.104
 2    97.053   -18.710    59.793
 2     0.505    -0.863     0.025
 2     0.859     0.505     0.078
 2    -0.080    -0.018     0.996
 3   139.174    -3.281     1.327
 3     0.399     0.025    -0.917
 3     0.158     0.982     0.096
 3     0.903    -0.183     0.388
 4   119.973    13.355   -11.526
 4     0.371    -0.887     0.275
 4     0.928     0.357    -0.099
 4    -0.011     0.292     0.956
 5   119.244    21.706    13.634
 5     0.142    -0.226     0.964
 5     0.137    -0.960    -0.245
 5     0.980     0.167    -0.106
 6   131.048    28.419    43.272
 6     0.329    -0.870    -0.368
 6    -0.023     0.382    -0.924
 6     0.944     0.312     0.106
 7   120.926   -21.286   -12.857
 7     0.403     0.896     0.185
 7    -0.913     0.378     0.157
 7     0.071    -0.233     0.970
 8   118.884   -26.717    13.587
 8     0.238     0.197     0.951
 8    -0.271    -0.927     0.260
 8     0.932    -0.320    -0.168
 9   131.669   -32.712    39.431
 9     0.235     0.730    -0.641
 9     0.065     0.646     0.760
 9     0.970    -0.220     0.104
 2    97.003   -18.710    59.793
 2     0.505    -0.863     0.025
 2     0.859     0.505     0.078
 2    -0.080    -0.018     0.996
 3   139.175    -3.307     1.379
 3     0.399     0.026    -0.916
 3     0.158     0.982     0.096
 3     0.903    -0.184     0.388
 4   119.923    13.331   -11.479
 4     0.369    -0.887     0.277
 4     0.929     0.356    -0.100
 4    -0.010     0.294     0.955
 5   119.195    21.704    13.632
 5     0.144    -0.227     0.963
 5     0.137    -0.959    -0.246
 5     0.980     0.167    -0.107
 6   130.998    28.368    43.323
 6     0.329    -0.870    -0.368
 6    -0.023     0.382    -0.924
 6     0.944     0.313     0.106
 7   120.850   -21.288   -12.852
 7     0.401     0.896     0.187
 7    -0.913     0.376     0.157
 7     0.070    -0.235     0.969
 8   118.741   -26.716    13.655
 8     0.237     0.193     0.952
 8    -0.271    -0.928     0.256
 8     0.933    -0.319    -0.168
 9   131.595   -32.764    39.431
 9     0.235     0.732    -0.640
 9     0.064     0.645     0.761
 9     0.970    -0.220     0.104
 2    97.051   -18.711    59.795
 2     0.505    -0.863     0.025
 2     0.859     0.505     0.078
 2    -0.081    -0.018     0.996
 3   139.094    -3.308     1.334
 3     0.400     0.026    -0.916
 3     0.159     0.982     0.097
 3     0.902    -0.184     0.389
 4   119.822    13.281   -11.429
 4     0.368    -0.887     0.279
 4     0.929     0.354    -0.101
 4    -0.010     0.297     0.955
 5   119.170    21.704    13.683
 5     0.144    -0.226     0.963
 5     0.137    -0.960    -0.245
 5     0.980     0.167    -0.107
 6   130.940    28.418    43.332
 6     0.331    -0.870    -0.364
 6    -0.022     0.379    -0.925
 6     0.943     0.314     0.107
 7   120.803   -21.288   -12.804
 7     0.400     0.896     0.188
 7    -0.913     0.375     0.158
 7     0.071    -0.236     0.969
 8   118.741   -26.666    13.655
 8     0.237     0.193     0.952
 8    -0.271    -0.928     0.256
 8     0.933    -0.319    -0.168
 9   131.534   -32.715    39.545
 9     0.235     0.732    -0.639
 9     0.065     0.644     0.762
 9     0.969    -0.221     0.104
 2    97.053   -18.710    59.793
 2     0.505    -0.863     0.025
 2     0.859     0.505     0.078
 2    -0.080    -0.018     0.996
 3   139.094    -3.283     1.335
 3     0.401     0.025    -0.916
 3     0.159     0.982     0.097
 3     0.902    -0.185     0.390
 4   119.873    13.358   -11.484
 4     0.366    -0.887     0.281
 4     0.930     0.352    -0.101
 4    -0.009     0.298     0.954
 5   119.119    21.705    13.706
 5     0.144    -0.226     0.963
 5     0.137    -0.960    -0.245
 5     0.980     0.167    -0.108
 6   130.938    28.419    43.356
 6     0.331    -0.871    -0.363
 6    -0.021     0.377    -0.926
 6     0.943     0.314     0.106
 7   120.805   -21.160   -12.756
 7     0.400     0.896     0.188
 7    -0.913     0.375     0.159
 7     0.072    -0.235     0.969
 8   118.742   -26.615    13.655
 8     0.237     0.193     0.952
 8    -0.271    -0.928     0.256
 8     0.933    -0.318    -0.168
 9   131.534   -32.716    39.545
 9     0.236     0.732    -0.638
 9     0.064     0.644     0.762
 9     0.969    -0.221     0.105
 2    97.003   -18.710    59.793
 2     0.505    -0.863     0.025
 2     0.859     0.505     0.078
 2    -0.080    -0.018     0.996
 3   139.044    -3.283     1.334
 3     0.401     0.026    -0.916
 3     0.159     0.982     0.097
 3     0.902    -0.185     0.390
 4   119.798    13.358   -11.484
 4     0.366    -0.887     0.281
 4     0.930     0.351    -0.102
 4    -0.009     0.299     0.954
 5   119.069    21.654    13.706
 5     0.144    -0.226     0.963
 5     0.137    -0.960    -0.246
 5     0.980     0.167    -0.108
 6   130.864    28.419    43.331
 6     0.332    -0.871    -0.362
 6    -0.021     0.377    -0.926
 6     0.943     0.315     0.107
 7   120.803   -21.161   -12.753
 7     0.400     0.897     0.188
 7    -0.914     0.374     0.158
 7     0.071    -0.236     0.969
 8   118.709   -26.616    13.663
 8     0.238     0.193     0.952
 8    -0.271    -0.928     0.256
 8     0.932    -0.319    -0.168
 9   131.485   -32.666    39.494
 9     0.236     0.733    -0.638
 9     0.064     0.643     0.762
 9     0.969    -0.221     0.105
 2    97.003   -18.710    59.742
 2     0.505    -0.863     0.025
 2     0.859     0.505     0.078
 2    -0.080    -0.018     0.996
 3   139.044    -3.233     1.385
 3     0.401     0.026    -0.916
 3     0.158     0.982     0.097
 3     0.902    -0.184     0.390
 4   119.824    13.360   -11.437
 4     0.365    -0.887     0.283
 4     0.931     0.350    -0.104
 4    -0.008     0.301     0.953
 5   119.020    21.754    13.760
 5     0.144    -0.226     0.963
 5     0.137    -0.959    -0.246
 5     0.980     0.168    -0.107
 6   130.863    28.520    43.357
 6     0.332    -0.871    -0.363
 6    -0.021     0.378    -0.926
 6     0.943     0.314     0.107
 7   120.754   -21.162   -12.752
 7     0.398     0.897     0.190
 7    -0.914     0.373     0.158
 7     0.071    -0.237     0.969
 8   118.709   -26.566    13.715
 8     0.238     0.193     0.952
 8    -0.272    -0.928     0.256
 8     0.932    -0.320    -0.168
 9   131.486   -32.667    39.495
 9     0.236     0.733    -0.638
 9     0.063     0.643     0.763
 9     0.969    -0.221     0.105
 2    97.003   -18.710    59.742
 2     0.505    -0.863     0.025
 2     0.859     0.505     0.078
 2    -0.080    -0.018     0.996
 3   138.994    -3.233     1.334
 3     0.402     0.026    -0.915
 3     0.158     0.983     0.097
 3     0.902    -0.184     0.391
 4   119.803    13.412   -11.417
 4     0.365    -0.886     0.284
 4     0.931     0.350    -0.105
 4    -0.006     0.302     0.953
 5   119.019    21.704    13.709
 5     0.144    -0.228     0.963
 5     0.138    -0.959    -0.248
 5     0.980     0.168    -0.107
