% Calibrated with leiden_pols
% Positions are in centimeters
Data =[
 2    96.244   -22.657    59.954
 2     0.185    -0.980     0.069
 2     0.964     0.194     0.182
 2    -0.192     0.033     0.981
 3   132.389    -2.615     4.529
 3     0.346     0.142    -0.927
 3     0.149     0.968     0.203
 3     0.926    -0.208     0.313
 4   114.840    14.158    -6.904
 4     0.536    -0.825     0.177
 4     0.826     0.469    -0.313
 4     0.175     0.314     0.933
 5   114.275    20.928    19.475
 5     0.198    -0.200     0.959
 5     0.178    -0.955    -0.235
 5     0.964     0.217    -0.154
 6   128.600    25.708    44.858
 6     0.302    -0.702    -0.645
 6    -0.050     0.664    -0.746
 6     0.952     0.258     0.165
 7   119.510   -26.027    -6.380
 7     0.658     0.751     0.053
 7    -0.703     0.587     0.402
 7     0.271    -0.302     0.914
 8   116.601   -30.240    19.392
 8     0.225     0.554     0.801
 8    -0.068    -0.811     0.581
 8     0.972    -0.186    -0.145
 9   129.354   -32.350    45.490
 9     0.298     0.798    -0.523
 9     0.075     0.526     0.847
 9     0.951    -0.292     0.097
 2    96.244   -22.657    59.954
 2     0.185    -0.980     0.069
 2     0.964     0.194     0.182
 2    -0.192     0.033     0.981
 3   132.397    -2.663     4.624
 3     0.343     0.146    -0.928
 3     0.149     0.967     0.207
 3     0.927    -0.209     0.310
 4   114.843    14.158    -6.856
 4     0.537    -0.825     0.177
 4     0.825     0.469    -0.314
 4     0.176     0.314     0.932
 5   114.663    21.089    19.633
 5     0.208    -0.216     0.954
 5     0.187    -0.948    -0.256
 5     0.960     0.231    -0.157
 6   129.433    25.835    44.877
 6     0.291    -0.627    -0.722
 6    -0.044     0.745    -0.665
 6     0.955     0.225     0.189
 7   119.508   -26.078    -6.377
 7     0.659     0.750     0.054
 7    -0.702     0.588     0.402
 7     0.270    -0.303     0.914
 8   116.906   -30.372    19.355
 8     0.229     0.573     0.787
 8    -0.070    -0.797     0.600
 8     0.971    -0.193    -0.143
 9   130.242   -32.359    44.980
 9     0.302     0.752    -0.585
 9     0.072     0.594     0.801
 9     0.950    -0.284     0.125
 2    96.242   -22.658    59.957
 2     0.185    -0.980     0.069
 2     0.964     0.194     0.182
 2    -0.193     0.033     0.981
 3   132.307    -2.712     4.694
 3     0.340     0.156    -0.927
 3     0.148     0.965     0.217
 3     0.928    -0.211     0.305
 4   114.850    14.132    -6.786
 4     0.545    -0.820     0.175
 4     0.819     0.476    -0.320
 4     0.178     0.318     0.931
 5   115.229    21.287    19.833
 5     0.232    -0.235     0.944
 5     0.195    -0.939    -0.281
 5     0.953     0.249    -0.172
 6   130.708    25.252    44.602
 6     0.285    -0.509    -0.812
 6    -0.039     0.840    -0.541
 6     0.958     0.186     0.219
 7   119.471   -26.033    -6.336
 7     0.674     0.736     0.058
 7    -0.693     0.604     0.394
 7     0.255    -0.306     0.917
 8   117.707   -30.613    19.484
 8     0.252     0.601     0.758
 8    -0.074    -0.770     0.634
 8     0.965    -0.215    -0.150
 9   131.704   -32.120    44.624
 9     0.311     0.667    -0.677
 9     0.067     0.694     0.716
 9     0.948    -0.268     0.171
 2    96.242   -22.658    59.957
 2     0.185    -0.980     0.069
 2     0.964     0.194     0.182
 2    -0.193     0.033     0.981
 3   132.320    -2.789     4.740
 3     0.340     0.173    -0.924
 3     0.144     0.961     0.233
 3     0.929    -0.213     0.302
 4   114.857    14.128    -6.559
 4     0.558    -0.812     0.173
 4     0.810     0.488    -0.325
 4     0.179     0.321     0.929
 5   116.436    21.662    20.209
 5     0.283    -0.237     0.929
 5     0.210    -0.930    -0.302
 5     0.935     0.281    -0.214
 6   132.910    25.960    44.205
 6     0.314    -0.448    -0.837
 6    -0.018     0.879    -0.477
 6     0.949     0.165     0.268
 7   119.485   -25.884    -6.423
 7     0.693     0.718     0.064
 7    -0.680     0.621     0.389
 7     0.240    -0.313     0.919
 8   119.332   -30.773    19.732
 8     0.313     0.610     0.727
 8    -0.088    -0.744     0.662
 8     0.945    -0.271    -0.180
 9   134.494   -31.996    43.808
 9     0.364     0.595    -0.717
 9     0.052     0.755     0.653
 9     0.930    -0.275     0.244
 2    96.244   -22.657    59.954
 2     0.185    -0.980     0.069
 2     0.964     0.194     0.182
 2    -0.192     0.033     0.981
 3   132.251    -2.563     4.871
 3     0.342     0.191    -0.920
 3     0.143     0.957     0.251
 3     0.929    -0.218     0.300
 4   114.800    14.244    -6.367
 4     0.577    -0.798     0.176
 4     0.798     0.504    -0.330
 4     0.174     0.330     0.927
 5   118.189    21.819    20.348
 5     0.359    -0.217     0.907
 5     0.225    -0.924    -0.310
 5     0.906     0.315    -0.283
 6   136.010    26.635    42.942
 6     0.385    -0.415    -0.824
 6     0.001     0.893    -0.449
 6     0.922     0.172     0.345
 7   119.378   -25.687    -6.303
 7     0.720     0.689     0.077
 7    -0.659     0.645     0.385
 7     0.215    -0.329     0.919
 8   120.712   -30.991    19.967
 8     0.387     0.598     0.701
 8    -0.106    -0.727     0.679
 8     0.916    -0.337    -0.218
 9   137.278   -32.584    42.661
 9     0.425     0.564    -0.708
 9     0.036     0.770     0.636
 9     0.904    -0.296     0.307
 2    96.245   -22.708    59.903
 2     0.185    -0.980     0.069
 2     0.964     0.194     0.182
 2    -0.192     0.033     0.981
 3   132.243    -2.569     4.763
 3     0.347     0.206    -0.915
 3     0.141     0.953     0.268
 3     0.927    -0.223     0.302
 4   114.713    14.222    -6.393
 4     0.597    -0.781     0.185
 4     0.786     0.525    -0.325
 4     0.156     0.339     0.927
 5   119.785    22.179    20.414
 5     0.432    -0.184     0.882
 5     0.233    -0.923    -0.307
 5     0.871     0.338    -0.356
 6   138.885    27.353    41.630
 6     0.453    -0.395    -0.799
 6     0.011     0.899    -0.438
 6     0.891     0.189     0.411
 7   119.389   -25.516    -6.408
 7     0.736     0.671     0.087
 7    -0.647     0.660     0.381
 7     0.198    -0.337     0.920
 8   122.125   -31.207    19.940
 8     0.455     0.582     0.673
 8    -0.121    -0.709     0.695
 8     0.882    -0.398    -0.253
 9   140.181   -32.686    41.144
 9     0.484     0.504    -0.715
 9     0.021     0.810     0.585
 9     0.875    -0.298     0.381
 2    96.242   -22.658    59.957
 2     0.185    -0.980     0.069
 2     0.964     0.194     0.182
 2    -0.193     0.033     0.981
 3   132.148    -2.544     4.816
 3     0.348     0.218    -0.912
 3     0.141     0.949     0.281
 3     0.927    -0.227     0.300
 4   114.632    14.150    -6.347
 4     0.619    -0.762     0.191
 4     0.773     0.547    -0.321
 4     0.140     0.347     0.927
 5   121.401    22.255    20.162
 5     0.501    -0.184     0.846
 5     0.233    -0.912    -0.336
 5     0.833     0.366    -0.414
 6   141.980    26.718    39.357
 6     0.519    -0.342    -0.784
 6     0.008     0.918    -0.395
 6     0.855     0.198     0.479
 7   119.252   -25.344    -6.441
 7     0.750     0.654     0.094
 7    -0.635     0.675     0.376
 7     0.182    -0.342     0.922
 8   123.299   -31.424    19.905
 8     0.519     0.554     0.650
 8    -0.136    -0.698     0.703
 8     0.844    -0.453    -0.287
 9   142.522   -33.168    39.551
 9     0.538     0.464    -0.704
 9     0.003     0.833     0.552
 9     0.843    -0.300     0.446
 2    96.242   -22.658    59.957
 2     0.185    -0.980     0.069
 2     0.964     0.194     0.182
 2    -0.193     0.033     0.981
 3   132.016    -2.625     4.861
 3     0.351     0.233    -0.906
 3     0.141     0.944     0.298
 3     0.925    -0.233     0.299
 4   114.555    13.995    -6.453
 4     0.640    -0.741     0.204
 4     0.759     0.570    -0.313
 4     0.115     0.355     0.927
 5   123.062    22.402    19.734
 5     0.573    -0.166     0.802
 5     0.238    -0.903    -0.357
 5     0.784     0.395    -0.479
 6   144.823    26.994    37.074
 6     0.586    -0.306    -0.750
 6     0.012     0.929    -0.369
 6     0.810     0.207     0.548
 7   119.039   -25.299    -6.503
 7     0.765     0.637     0.099
 7    -0.622     0.690     0.369
 7     0.167    -0.344     0.924
 8   124.564   -31.873    19.688
 8     0.584     0.510     0.631
 8    -0.154    -0.694     0.703
 8     0.797    -0.508    -0.327
 9   144.227   -33.856    38.181
 9     0.594     0.434    -0.677
 9    -0.015     0.847     0.530
 9     0.804    -0.305     0.510
 2    96.192   -22.658    59.957
 2     0.185    -0.980     0.069
 2     0.964     0.194     0.182
 2    -0.193     0.033     0.981
 3   131.957    -2.676     4.855
 3     0.355     0.240    -0.903
 3     0.146     0.940     0.308
 3     0.923    -0.242     0.299
 4   114.342    13.733    -6.542
 4     0.661    -0.717     0.219
 4     0.745     0.596    -0.300
 4     0.084     0.361     0.928
 5   124.583    22.525    19.056
 5     0.638    -0.153     0.755
 5     0.242    -0.891    -0.385
 5     0.731     0.428    -0.531
 6   147.473    26.760    34.082
 6     0.651    -0.262    -0.713
 6     0.013     0.942    -0.334
 6     0.759     0.208     0.616
 7   118.822   -25.255    -6.455
 7     0.780     0.617     0.106
 7    -0.608     0.706     0.363
 7     0.149    -0.348     0.925
 8   125.750   -32.144    19.302
 8     0.650     0.461     0.604
 8    -0.165    -0.690     0.705
 8     0.742    -0.558    -0.372
 9   147.050   -34.213    35.560
 9     0.652     0.401    -0.643
 9    -0.026     0.860     0.509
 9     0.757    -0.316     0.572
 2    96.242   -22.658    59.957
 2     0.185    -0.980     0.069
 2     0.964     0.194     0.183
 2    -0.193     0.033     0.981
 3   131.874    -2.753     4.875
 3     0.359     0.249    -0.900
 3     0.151     0.935     0.319
 3     0.921    -0.251     0.298
 4   114.074    13.468    -6.677
 4     0.681    -0.693     0.237
 4     0.730     0.620    -0.285
 4     0.051     0.367     0.928
 5   126.111    22.411    18.067
 5     0.704    -0.133     0.697
 5     0.242    -0.879    -0.411
 5     0.667     0.458    -0.587
 6   149.807    26.603    31.277
 6     0.708    -0.220    -0.671
 6     0.011     0.953    -0.302
 6     0.706     0.206     0.677
 7   118.607   -25.225    -6.601
 7     0.802     0.583     0.128
 7    -0.587     0.730     0.350
 7     0.110    -0.356     0.928
 8   127.345   -32.369    18.731
 8     0.715     0.409     0.566
 8    -0.175    -0.680     0.712
 8     0.677    -0.609    -0.414
 9   149.861   -34.456    32.421
 9     0.717     0.359    -0.597
 9    -0.042     0.878     0.477
 9     0.695    -0.318     0.644
 2    96.242   -22.658    59.957
 2     0.185    -0.980     0.069
 2     0.964     0.194     0.182
 2    -0.193     0.033     0.981
 3   131.759    -2.908     4.799
 3     0.364     0.253    -0.896
 3     0.156     0.932     0.327
 3     0.918    -0.259     0.299
 4   113.727    13.178    -6.708
 4     0.698    -0.668     0.258
 4     0.716     0.642    -0.274
 4     0.017     0.375     0.926
 5   127.206    22.287    17.308
 5     0.755    -0.114     0.646
 5     0.237    -0.871    -0.430
 5     0.611     0.478    -0.630
 6   151.690    25.961    28.317
 6     0.761    -0.180    -0.622
 6     0.003     0.961    -0.274
 6     0.648     0.207     0.733
 7   118.286   -25.065    -6.798
 7     0.816     0.559     0.144
 7    -0.572     0.748     0.335
 7     0.080    -0.356     0.931
 8   128.612   -32.519    17.792
 8     0.777     0.347     0.524
 8    -0.180    -0.675     0.715
 8     0.602    -0.651    -0.463
 9   151.807   -34.824    29.617
 9     0.777     0.330    -0.535
 9    -0.053     0.882     0.468
 9     0.627    -0.336     0.703
 2    96.192   -22.658    59.957
 2     0.185    -0.980     0.069
 2     0.964     0.194     0.182
 2    -0.193     0.033     0.980
 3   131.669    -3.038     4.747
 3     0.370     0.260    -0.892
 3     0.161     0.927     0.337
 3     0.915    -0.268     0.302
 4   113.371    12.910    -6.779
 4     0.713    -0.642     0.281
 4     0.701     0.665    -0.259
 4    -0.021     0.382     0.924
 5   128.311    21.989    16.235
 5     0.800    -0.094     0.593
 5     0.231    -0.863    -0.449
 5     0.554     0.496    -0.669
 6   153.286    25.431    25.639
 6     0.801    -0.143    -0.582
 6    -0.007     0.969    -0.247
 6     0.599     0.202     0.775
 7   118.031   -24.959    -7.007
 7     0.831     0.531     0.165
 7    -0.555     0.767     0.322
 7     0.045    -0.359     0.932
 8   129.893   -32.382    16.864
 8     0.823     0.302     0.480
 8    -0.179    -0.665     0.725
 8     0.538    -0.683    -0.494
 9   153.995   -34.346    26.425
 9     0.826     0.289    -0.484
 9    -0.051     0.893     0.446
 9     0.561    -0.344     0.752
 2    96.242   -22.658    59.957
 2     0.185    -0.980     0.069
 2     0.964     0.194     0.182
 2    -0.193     0.033     0.980
 3   131.604    -3.093     4.772
 3     0.375     0.262    -0.889
 3     0.165     0.925     0.342
 3     0.912    -0.275     0.303
 4   113.136    12.651    -6.875
 4     0.723    -0.622     0.299
 4     0.688     0.681    -0.248
 4    -0.050     0.385     0.921
 5   129.197    21.879    15.461
 5     0.833    -0.080     0.547
 5     0.225    -0.855    -0.467
 5     0.505     0.512    -0.695
 6   154.492    25.032    23.325
 6     0.834    -0.112    -0.541
 6    -0.016     0.974    -0.225
 6     0.552     0.196     0.810
 7   117.799   -24.729    -7.313
 7     0.841     0.506     0.188
 7    -0.540     0.783     0.308
 7     0.009    -0.361     0.932
 8   130.735   -32.314    15.911
 8     0.856     0.264     0.444
 8    -0.178    -0.657     0.733
 8     0.485    -0.707    -0.515
 9   155.229   -34.033    23.729
 9     0.859     0.256    -0.443
 9    -0.049     0.903     0.427
 9     0.509    -0.346     0.788
 2    96.192   -22.658    59.958
 2     0.185    -0.980     0.069
 2     0.964     0.195     0.182
 2    -0.193     0.032     0.981
 3   131.538    -3.096     4.643
 3     0.380     0.264    -0.886
 3     0.169     0.922     0.347
 3     0.909    -0.282     0.306
 4   112.946    12.441    -6.939
 4     0.732    -0.603     0.318
 4     0.676     0.698    -0.234
 4    -0.081     0.386     0.919
 5   130.036    21.738    14.399
 5     0.866    -0.053     0.496
 5     0.221    -0.850    -0.478
 5     0.447     0.524    -0.725
 6   155.583    24.348    20.393
 6     0.867    -0.081    -0.491
 6    -0.026     0.978    -0.206
 6     0.497     0.191     0.846
 7   117.543   -24.423    -7.644
 7     0.851     0.480     0.212
 7    -0.524     0.798     0.296
 7    -0.027    -0.364     0.931
 8   131.614   -32.217    15.012
 8     0.883     0.233     0.407
 8    -0.173    -0.646     0.744
 8     0.436    -0.727    -0.530
 9   156.600   -33.538    21.113
 9     0.886     0.223    -0.406
 9    -0.046     0.914     0.403
 9     0.461    -0.339     0.820
 2    96.192   -22.658    59.958
 2     0.185    -0.980     0.069
 2     0.964     0.195     0.182
 2    -0.193     0.032     0.981
 3   131.502    -3.098     4.659
 3     0.384     0.264    -0.884
 3     0.173     0.920     0.350
 3     0.907    -0.288     0.308
 4   112.624    12.331    -6.968
 4     0.738    -0.584     0.337
 4     0.665     0.715    -0.217
 4    -0.115     0.385     0.916
 5   130.799    21.695    13.350
 5     0.896    -0.030     0.442
 5     0.218    -0.839    -0.499
 5     0.385     0.543    -0.745
 6   156.665    24.119    17.196
 6     0.899    -0.053    -0.434
 6    -0.029     0.983    -0.180
 6     0.436     0.174     0.882
 7   117.289   -24.140    -7.777
 7     0.861     0.449     0.235
 7    -0.504     0.814     0.287
 7    -0.062    -0.366     0.928
 8   132.445   -32.079    13.737
 8     0.910     0.191     0.366
 8    -0.172    -0.631     0.756
 8     0.376    -0.752    -0.542
 9   156.869   -33.870    18.298
 9     0.914     0.196    -0.354
 9    -0.054     0.925     0.375
 9     0.401    -0.324     0.857
 2    96.192   -22.658    59.958
 2     0.185    -0.980     0.069
 2     0.964     0.195     0.182
 2    -0.193     0.032     0.981
 3   131.374    -3.054     4.517
 3     0.393     0.261    -0.882
 3     0.178     0.919     0.352
 3     0.902    -0.295     0.314
 4   112.364    12.009    -7.078
 4     0.745    -0.559     0.362
 4     0.648     0.735    -0.199
 4    -0.156     0.383     0.910
 5   131.561    21.600    11.891
 5     0.923    -0.003     0.385
 5     0.213    -0.830    -0.516
 5     0.321     0.558    -0.765
 6   157.494    23.812    13.795
 6     0.927    -0.028    -0.373
 6    -0.034     0.987    -0.159
 6     0.372     0.159     0.914
 7   117.014   -23.816    -8.057
 7     0.867     0.420     0.266
 7    -0.486     0.830     0.273
 7    -0.107    -0.366     0.924
 8   133.216   -32.202    12.205
 8     0.934     0.136     0.329
 8    -0.180    -0.618     0.765
 8     0.308    -0.774    -0.553
 9   158.359   -33.422    14.329
 9     0.944     0.162    -0.288
 9    -0.056     0.936     0.346
 9     0.326    -0.311     0.893
 2    96.242   -22.658    59.957
 2     0.185    -0.980     0.069
 2     0.964     0.195     0.182
 2    -0.193     0.033     0.980
 3   131.297    -3.112     4.527
 3     0.402     0.257    -0.879
 3     0.182     0.918     0.352
 3     0.897    -0.302     0.322
 4   112.003    11.713    -7.187
 4     0.750    -0.537     0.387
 4     0.632     0.754    -0.178
 4    -0.197     0.378     0.905
 5   132.111    21.535    10.674
 5     0.943     0.022     0.332
 5     0.208    -0.819    -0.535
 5     0.260     0.573    -0.777
 6   158.007    23.661    10.585
 6     0.950    -0.007    -0.312
 6    -0.036     0.990    -0.134
 6     0.310     0.139     0.940
 7   116.624   -23.620    -8.346
 7     0.868     0.396     0.298
 7    -0.474     0.841     0.260
 7    -0.148    -0.367     0.918
 8   133.690   -32.428    10.724
 8     0.952     0.076     0.296
 8    -0.191    -0.607     0.771
 8     0.238    -0.791    -0.563
 9   158.883   -33.484    10.711
 9     0.966     0.139    -0.218
 9    -0.063     0.943     0.327
 9     0.251    -0.302     0.919
 2    96.242   -22.658    59.957
 2     0.185    -0.980     0.069
 2     0.964     0.194     0.182
 2    -0.193     0.033     0.981
 3   131.133    -3.121     4.396
 3     0.413     0.251    -0.875
 3     0.190     0.916     0.353
 3     0.890    -0.312     0.331
 4   111.577    11.447    -7.286
 4     0.751    -0.516     0.411
 4     0.617     0.769    -0.162
 4    -0.233     0.375     0.897
 5   132.564    21.358     8.926
 5     0.961     0.056     0.272
 5     0.204    -0.807    -0.555
 5     0.188     0.588    -0.786
 6   158.388    22.842     6.860
 6     0.969     0.021    -0.245
 6    -0.048     0.993    -0.106
 6     0.241     0.115     0.964
 7   115.933   -23.488    -8.542
 7     0.862     0.373     0.343
 7    -0.465     0.852     0.241
 7    -0.202    -0.368     0.908
 8   134.023   -32.653     9.211
 8     0.964     0.014     0.263
 8    -0.202    -0.600     0.774
 8     0.169    -0.800    -0.576
 9   159.223   -34.238     6.801
 9     0.982     0.125    -0.139
 9    -0.078     0.948     0.309
 9     0.170    -0.293     0.941
 2    96.242   -22.658    59.957
 2     0.185    -0.980     0.069
 2     0.964     0.195     0.182
 2    -0.193     0.033     0.981
 3   131.002    -3.256     4.283
 3     0.424     0.247    -0.871
 3     0.194     0.915     0.353
 3     0.884    -0.319     0.340
 4   111.231    11.183    -7.190
 4     0.753    -0.495     0.434
 4     0.602     0.784    -0.151
 4    -0.266     0.375     0.888
 5   132.950    21.427     7.844
 5     0.969     0.089     0.227
 5     0.206    -0.797    -0.568
 5     0.130     0.598    -0.791
 6   158.416    22.976     4.078
 6     0.981     0.028    -0.188
 6    -0.045     0.995    -0.089
 6     0.185     0.096     0.978
 7   115.361   -23.299    -8.661
 7     0.854     0.355     0.380
 7    -0.458     0.860     0.225
 7    -0.247    -0.366     0.897
 8   134.214   -32.740     7.971
 8     0.971    -0.027     0.236
 8    -0.207    -0.588     0.782
 8     0.117    -0.808    -0.577
 9   159.080   -34.187     3.739
 9     0.990     0.108    -0.083
 9    -0.081     0.956     0.282
 9     0.109    -0.273     0.955
 2    96.194   -22.708    59.954
 2     0.185    -0.980     0.069
 2     0.964     0.195     0.182
 2    -0.192     0.033     0.981
 3   130.772    -3.392     4.118
 3     0.435     0.241    -0.867
 3     0.199     0.914     0.354
 3     0.878    -0.327     0.349
 4   110.794    10.836    -7.301
 4     0.751    -0.472     0.462
 4     0.585     0.800    -0.135
 4    -0.306     0.371     0.876
 5   133.164    21.332     6.029
 5     0.976     0.127     0.173
 5     0.206    -0.783    -0.586
 5     0.061     0.608    -0.791
 6   158.280    22.559    -0.016
 6     0.993     0.042    -0.111
 6    -0.049     0.996    -0.064
 6     0.108     0.069     0.991
 7   114.955   -23.256    -8.881
 7     0.846     0.338     0.410
 7    -0.450     0.868     0.212
 7    -0.284    -0.364     0.887
 8   134.369   -33.008     6.614
 8     0.976    -0.073     0.206
 8    -0.210    -0.572     0.792
 8     0.061    -0.817    -0.574
 9   159.038   -34.415     0.829
 9     0.995     0.093    -0.026
 9    -0.083     0.962     0.259
 9     0.048    -0.256     0.965
 2    96.242   -22.658    59.958
 2     0.185    -0.980     0.069
 2     0.964     0.195     0.182
 2    -0.193     0.032     0.981
 3   130.599    -3.319     4.142
 3     0.439     0.230    -0.868
 3     0.206     0.915     0.347
 3     0.874    -0.331     0.354
 4   110.410    10.516    -7.367
 4     0.745    -0.453     0.488
 4     0.571     0.812    -0.118
 4    -0.344     0.367     0.864
 5   133.252    21.272     4.542
 5     0.978     0.161     0.128
 5     0.206    -0.771    -0.603
 5     0.002     0.617    -0.787
 6   157.983    22.461    -2.918
 6     0.997     0.048    -0.051
 6    -0.050     0.998    -0.043
 6     0.049     0.045     0.998
 7   114.559   -23.189    -8.881
 7     0.840     0.310     0.444
 7    -0.432     0.879     0.202
 7    -0.327    -0.362     0.873
 8   134.660   -33.000     5.129
 8     0.978    -0.121     0.167
 8    -0.206    -0.563     0.800
 8    -0.004    -0.818    -0.576
 9   158.946   -33.991    -2.507
 9     0.997     0.067     0.042
 9    -0.076     0.968     0.240
 9    -0.025    -0.243     0.970
 2    96.195   -22.657    59.955
 2     0.185    -0.980     0.069
 2     0.964     0.195     0.182
 2    -0.192     0.032     0.981
 3   130.503    -3.400     3.963
 3     0.446     0.223    -0.866
 3     0.210     0.915     0.344
 3     0.870    -0.336     0.361
 4   110.068    10.228    -7.400
 4     0.742    -0.434     0.510
 4     0.555     0.825    -0.106
 4    -0.375     0.362     0.853
 5   133.293    21.170     3.203
 5     0.978     0.186     0.090
 5     0.201    -0.760    -0.618
 5    -0.046     0.623    -0.781
 6   157.647    21.803    -6.032
 6     0.998     0.062     0.006
 6    -0.062     0.998    -0.021
 6    -0.007     0.021     1.000
 7   114.247   -23.042    -8.946
 7     0.834     0.284     0.472
 7    -0.414     0.889     0.195
 7    -0.365    -0.358     0.859
 8   134.887   -33.039     3.676
 8     0.978    -0.166     0.128
 8    -0.200    -0.553     0.809
 8    -0.063    -0.817    -0.573
 9   158.445   -33.995    -5.558
 9     0.993     0.047     0.104
 9    -0.070     0.972     0.224
 9    -0.091    -0.230     0.969
 2    96.242   -22.658    59.958
 2     0.185    -0.980     0.069
 2     0.964     0.195     0.182
 2    -0.193     0.032     0.981
 3   130.382    -3.354     3.961
 3     0.451     0.217    -0.866
 3     0.214     0.915     0.341
 3     0.866    -0.339     0.366
 4   109.828    10.093    -7.414
 4     0.739    -0.414     0.531
 4     0.539     0.836    -0.099
 4    -0.404     0.360     0.841
 5   133.461    21.108     1.841
 5     0.976     0.215     0.043
 5     0.193    -0.749    -0.634
 5    -0.104     0.626    -0.772
 6   157.277    21.474    -8.807
 6     0.995     0.071     0.066
 6    -0.071     0.997    -0.003
 6    -0.066    -0.002     0.998
 7   113.972   -22.766    -8.978
 7     0.826     0.265     0.496
 7    -0.400     0.898     0.185
 7    -0.397    -0.351     0.848
 8   135.065   -32.843     2.565
 8     0.975    -0.199     0.099
 8    -0.194    -0.543     0.817
 8    -0.109    -0.816    -0.568
 9   158.287   -33.109    -8.991
 9     0.986     0.021     0.166
 9    -0.056     0.977     0.205
 9    -0.158    -0.212     0.964
 2    96.242   -22.658    59.958
 2     0.185    -0.980     0.069
 2     0.964     0.195     0.182
 2    -0.193     0.032     0.981
 3   130.292    -3.409     3.877
 3     0.457     0.212    -0.864
 3     0.216     0.915     0.339
 3     0.863    -0.342     0.372
 4   109.584    10.007    -7.373
 4     0.734    -0.389     0.556
 4     0.521     0.848    -0.096
 4    -0.434     0.360     0.826
 5   133.384    20.922     0.340
 5     0.969     0.246     0.000
 5     0.188    -0.740    -0.646
 5    -0.159     0.626    -0.763
 6   156.395    20.935   -12.150
 6     0.988     0.078     0.133
 6    -0.081     0.996     0.017
 6    -0.131    -0.027     0.991
 7   113.504   -22.502    -9.183
 7     0.810     0.252     0.529
 7    -0.391     0.905     0.167
 7    -0.437    -0.342     0.832
 8   134.797   -33.030     1.276
 8     0.968    -0.238     0.079
 8    -0.198    -0.531     0.824
 8    -0.154    -0.813    -0.561
 9   157.614   -33.139   -11.540
 9     0.974     0.006     0.227
 9    -0.051     0.980     0.189
 9    -0.221    -0.196     0.955
 2    96.245   -22.657    59.955
 2     0.185    -0.980     0.068
 2     0.964     0.195     0.182
 2    -0.192     0.032     0.981
 3   130.169    -3.234     3.721
 3     0.460     0.200    -0.865
 3     0.222     0.917     0.331
 3     0.859    -0.344     0.378
 4   109.247     9.891    -7.523
 4     0.723    -0.367     0.585
 4     0.507     0.857    -0.089
 4    -0.469     0.361     0.806
 5   133.160    21.069    -1.089
 5     0.959     0.280    -0.037
 5     0.187    -0.728    -0.659
 5    -0.212     0.625    -0.751
 6   155.381    20.824   -15.257
 6     0.976     0.080     0.201
 6    -0.089     0.995     0.033
 6    -0.198    -0.051     0.979
 7   113.125   -22.257    -9.278
 7     0.795     0.238     0.557
 7    -0.381     0.912     0.153
 7    -0.471    -0.334     0.816
 8   134.609   -33.089     0.109
 8     0.959    -0.276     0.062
 8    -0.203    -0.520     0.829
 8    -0.197    -0.808    -0.555
 9   156.847   -33.083   -13.995
 9     0.961    -0.000     0.276
 9    -0.051     0.983     0.177
 9    -0.271    -0.185     0.945
 2    96.192   -22.658    59.958
 2     0.185    -0.980     0.068
 2     0.963     0.195     0.182
 2    -0.193     0.032     0.981
 3   129.983    -3.185     3.655
 3     0.463     0.191    -0.865
 3     0.226     0.918     0.323
 3     0.857    -0.346     0.382
 4   108.891     9.736    -7.453
 4     0.716    -0.350     0.603
 4     0.495     0.864    -0.087
 4    -0.492     0.361     0.792
 5   132.839    21.024    -2.294
 5     0.949     0.306    -0.066
 5     0.185    -0.718    -0.671
 5    -0.253     0.625    -0.738
 6   154.360    20.374   -17.733
 6     0.964     0.082     0.250
 6    -0.097     0.994     0.049
 6    -0.245    -0.072     0.967
 7   112.628   -22.008    -9.416
 7     0.783     0.226     0.579
 7    -0.370     0.918     0.141
 7    -0.500    -0.324     0.803
 8   134.352   -33.121    -1.019
 8     0.950    -0.309     0.045
 8    -0.205    -0.508     0.836
 8    -0.236    -0.804    -0.546
 9   155.923   -33.082   -16.367
 9     0.945    -0.007     0.326
 9    -0.050     0.985     0.166
 9    -0.323    -0.173     0.931
 2    96.195   -22.657    59.955
 2     0.185    -0.980     0.069
 2     0.964     0.195     0.182
 2    -0.192     0.032     0.981
 3   129.893    -3.189     3.519
 3     0.466     0.187    -0.865
 3     0.229     0.918     0.322
 3     0.854    -0.348     0.385
 4   108.673     9.561    -7.498
 4     0.712    -0.333     0.618
 4     0.483     0.871    -0.087
 4    -0.510     0.361     0.781
 5   132.623    20.981    -3.452
 5     0.938     0.333    -0.092
 5     0.183    -0.706    -0.684
 5    -0.292     0.625    -0.724
 6   153.579    19.982   -19.822
 6     0.953     0.081     0.292
 6    -0.104     0.992     0.064
 6    -0.285    -0.092     0.954
 7   112.278   -21.959    -9.371
 7     0.771     0.204     0.602
 7    -0.352     0.926     0.136
 7    -0.530    -0.317     0.786
 8   134.067   -32.957    -2.384
 8     0.936    -0.350     0.012
 8    -0.199    -0.502     0.841
 8    -0.289    -0.791    -0.540
 9   154.766   -32.662   -19.131
 9     0.920    -0.021     0.390
 9    -0.044     0.987     0.155
 9    -0.388    -0.160     0.907
 2    96.195   -22.657    59.955
 2     0.185    -0.980     0.069
 2     0.964     0.195     0.182
 2    -0.192     0.032     0.981
 3   129.784    -3.241     3.455
 3     0.468     0.183    -0.865
 3     0.232     0.918     0.320
 3     0.852    -0.351     0.387
 4   108.483     9.362    -7.570
 4     0.707    -0.319     0.631
 4     0.472     0.877    -0.086
 4    -0.527     0.358     0.770
 5   132.322    20.920    -4.452
 5     0.928     0.356    -0.110
 5     0.184    -0.694    -0.696
 5    -0.324     0.625    -0.710
 6   152.699    19.768   -21.790
 6     0.940     0.076     0.332
 6    -0.108     0.991     0.078
 6    -0.323    -0.109     0.940
 7   111.897   -21.759    -9.324
 7     0.759     0.178     0.625
 7    -0.330     0.934     0.133
 7    -0.561    -0.307     0.768
 8   133.865   -33.004    -4.085
 8     0.917    -0.399    -0.018
 8    -0.196    -0.487     0.851
 8    -0.348    -0.777    -0.525
 9   153.320   -32.256   -22.798
 9     0.884    -0.035     0.465
 9    -0.035     0.989     0.139
 9    -0.465    -0.140     0.874
 2    96.195   -22.658    59.955
 2     0.186    -0.980     0.068
 2     0.963     0.195     0.182
 2    -0.192     0.032     0.981
 3   129.758    -3.291     3.353
 3     0.469     0.182    -0.864
 3     0.234     0.918     0.320
 3     0.852    -0.352     0.388
 4   108.370     9.266    -7.624
 4     0.702    -0.305     0.644
 4     0.462     0.882    -0.086
 4    -0.542     0.358     0.760
 5   132.121    20.833    -5.349
 5     0.916     0.379    -0.128
 5     0.184    -0.683    -0.707
 5    -0.356     0.624    -0.696
 6   151.973    19.659   -23.563
 6     0.927     0.071     0.368
 6    -0.111     0.990     0.088
 6    -0.358    -0.122     0.926
 7   111.640   -21.484    -9.305
 7     0.745     0.157     0.648
 7    -0.308     0.943     0.125
 7    -0.591    -0.293     0.751
 8   133.447   -32.822    -5.532
 8     0.897    -0.440    -0.037
 8    -0.192    -0.462     0.866
 8    -0.398    -0.770    -0.499
 9   152.071   -31.551   -25.266
 9     0.854    -0.040     0.517
 9    -0.024     0.993     0.116
 9    -0.518    -0.112     0.848
 2    96.195   -22.658    59.955
 2     0.186    -0.980     0.069
 2     0.963     0.195     0.182
 2    -0.192     0.032     0.981
 3   129.648    -3.293     3.287
 3     0.470     0.178    -0.864
 3     0.235     0.918     0.318
 3     0.850    -0.353     0.390
 4   108.100     9.065    -7.592
 4     0.694    -0.289     0.659
 4     0.451     0.888    -0.087
 4    -0.560     0.357     0.747
 5   131.675    20.866    -6.532
 5     0.900     0.410    -0.149
 5     0.186    -0.670    -0.719
 5    -0.395     0.619    -0.679
 6   150.683    19.618   -25.574
 6     0.910     0.065     0.408
 6    -0.114     0.989     0.096
 6    -0.398    -0.134     0.907
 7   111.218   -21.209    -9.269
 7     0.730     0.145     0.667
 7    -0.294     0.949     0.114
 7    -0.617    -0.280     0.736
 8   132.894   -32.890    -6.846
 8     0.877    -0.478    -0.047
 8    -0.191    -0.437     0.879
 8    -0.441    -0.762    -0.475
 9   150.292   -31.612   -28.108
 9     0.820    -0.038     0.570
 9    -0.018     0.995     0.092
 9    -0.571    -0.086     0.816
 2    96.245   -22.657    59.955
 2     0.185    -0.980     0.069
 2     0.964     0.195     0.182
 2    -0.192     0.032     0.981
 3   129.587    -3.194     3.171
 3     0.473     0.173    -0.864
 3     0.238     0.919     0.314
 3     0.848    -0.354     0.393
 4   107.767     8.936    -7.674
 4     0.684    -0.272     0.677
 4     0.440     0.894    -0.086
 4    -0.582     0.357     0.731
 5   131.085    21.041    -7.969
 5     0.877     0.448    -0.171
 5     0.188    -0.649    -0.737
 5    -0.441     0.615    -0.654
 6   148.993    19.386   -28.095
 6     0.885     0.053     0.463
 6    -0.120     0.986     0.115
 6    -0.451    -0.158     0.879
 7   110.876   -20.957    -9.262
 7     0.714     0.135     0.687
 7    -0.282     0.953     0.106
 7    -0.641    -0.269     0.719
 8   132.404   -32.851    -7.917
 8     0.857    -0.512    -0.058
 8    -0.190    -0.418     0.888
 8    -0.479    -0.750    -0.456
 9   148.702   -31.490   -30.249
 9     0.786    -0.041     0.616
 9    -0.010     0.997     0.078
 9    -0.618    -0.067     0.783
 2    96.245   -22.658    59.955
 2     0.186    -0.980     0.069
 2     0.964     0.195     0.182
 2    -0.192     0.032     0.981
 3   129.452    -3.170     3.029
 3     0.476     0.166    -0.864
 3     0.242     0.919     0.310
 3     0.846    -0.357     0.397
 4   107.359     8.681    -7.632
 4     0.671    -0.257     0.695
 4     0.431     0.898    -0.085
 4    -0.603     0.356     0.714
 5   130.250    20.988    -9.254
 5     0.853     0.486    -0.187
 5     0.190    -0.625    -0.758
 5    -0.485     0.611    -0.625
 6   147.091    18.977   -30.593
 6     0.856     0.041     0.515
 6    -0.132     0.981     0.141
 6    -0.500    -0.189     0.845
 7   110.385   -20.861    -9.220
 7     0.695     0.123     0.708
 7    -0.272     0.957     0.101
 7    -0.666    -0.262     0.698
 8   131.714   -32.941    -9.040
 8     0.835    -0.546    -0.066
 8    -0.190    -0.398     0.897
 8    -0.516    -0.737    -0.436
 9   146.995   -31.187   -32.377
 9     0.751    -0.040     0.658
 9    -0.002     0.998     0.063
 9    -0.660    -0.049     0.750
 2    96.245   -22.657    59.955
 2     0.185    -0.980     0.069
 2     0.963     0.195     0.182
 2    -0.192     0.032     0.981
 3   129.297    -3.206     2.865
 3     0.487     0.166    -0.857
 3     0.243     0.917     0.316
 3     0.839    -0.362     0.406
 4   107.124     8.631    -7.622
 4     0.657    -0.241     0.714
 4     0.424     0.901    -0.087
 4    -0.623     0.360     0.694
 5   129.552    21.402   -10.430
 5     0.829     0.526    -0.189
 5     0.199    -0.594    -0.780
 5    -0.522     0.609    -0.597
 6   145.725    18.931   -32.690
 6     0.830     0.031     0.556
 6    -0.139     0.978     0.153
 6    -0.540    -0.205     0.816
 7   109.776   -20.715    -9.185
 7     0.674     0.122     0.728
 7    -0.268     0.959     0.087
 7    -0.688    -0.254     0.680
 8   130.720   -33.162   -10.206
 8     0.809    -0.583    -0.065
 8    -0.194    -0.370     0.908
 8    -0.554    -0.723    -0.413
 9   145.105   -30.910   -34.537
 9     0.714    -0.038     0.699
 9     0.010     0.999     0.043
 9    -0.700    -0.024     0.713
 2    96.245   -22.657    59.955
 2     0.185    -0.980     0.069
 2     0.964     0.195     0.182
 2    -0.192     0.032     0.981
 3   129.101    -3.264     2.791
 3     0.494     0.165    -0.854
 3     0.245     0.915     0.319
 3     0.834    -0.367     0.412
 4   106.825     8.509    -7.572
 4     0.645    -0.229     0.729
 4     0.419     0.904    -0.087
 4    -0.639     0.362     0.678
 5   129.137    21.376   -11.127
 5     0.814     0.545    -0.201
 5     0.201    -0.589    -0.783
 5    -0.545     0.597    -0.589
 6   144.320    19.023   -34.212
 6     0.809     0.018     0.587
 6    -0.136     0.978     0.157
 6    -0.571    -0.208     0.794
 7   109.346   -20.518    -9.199
 7     0.653     0.120     0.747
 7    -0.266     0.961     0.077
 7    -0.709    -0.249     0.660
 8   129.730   -33.436   -11.322
 8     0.781    -0.622    -0.055
 8    -0.204    -0.337     0.919
 8    -0.590    -0.707    -0.390
 9   143.030   -31.297   -36.340
 9     0.677    -0.017     0.736
 9     0.006     1.000     0.016
 9    -0.736    -0.006     0.677
 2    96.244   -22.657    59.954
 2     0.185    -0.980     0.069
 2     0.964     0.195     0.182
 2    -0.192     0.033     0.981
 3   129.087    -3.217     2.679
 3     0.498     0.161    -0.852
 3     0.246     0.915     0.317
 3     0.831    -0.368     0.416
 4   106.615     8.495    -7.589
 4     0.635    -0.222     0.740
 4     0.417     0.905    -0.087
 4    -0.650     0.364     0.667
 5   128.610    21.469   -11.835
 5     0.795     0.567    -0.215
 5     0.202    -0.582    -0.787
 5    -0.572     0.582    -0.578
 6   143.203    19.067   -35.188
 6     0.791     0.011     0.612
 6    -0.136     0.978     0.159
 6    -0.597    -0.209     0.775
 7   109.088   -20.309    -9.143
 7     0.639     0.118     0.760
 7    -0.264     0.962     0.072
 7    -0.722    -0.247     0.646
 8   129.042   -33.596   -12.038
 8     0.759    -0.649    -0.047
 8    -0.211    -0.314     0.925
 8    -0.616    -0.692    -0.376
 9   141.625   -31.159   -37.618
 9     0.647    -0.013     0.762
 9     0.016     1.000     0.004
 9    -0.763     0.009     0.647
 2    96.245   -22.657    59.955
 2     0.185    -0.980     0.069
 2     0.964     0.195     0.182
 2    -0.192     0.032     0.981
 3   129.031    -3.091     2.582
 3     0.499     0.155    -0.852
 3     0.249     0.916     0.313
 3     0.830    -0.369     0.419
 4   106.365     8.434    -7.513
 4     0.629    -0.216     0.747
 4     0.415     0.906    -0.088
 4    -0.658     0.365     0.659
 5   128.022    21.390   -12.402
 5     0.779     0.584    -0.228
 5     0.201    -0.577    -0.792
 5    -0.594     0.571    -0.567
 6   141.789    18.956   -36.279
 6     0.768     0.002     0.640
 6    -0.141     0.976     0.166
 6    -0.624    -0.218     0.750
 7   108.878   -20.254    -9.105
 7     0.623     0.114     0.773
 7    -0.263     0.962     0.069
 7    -0.736    -0.246     0.630
 8   128.357   -33.705   -12.780
 8     0.736    -0.676    -0.041
 8    -0.218    -0.293     0.931
 8    -0.641    -0.676    -0.364
 9   140.261   -30.867   -38.751
 9     0.618    -0.005     0.786
 9     0.018     1.000    -0.008
 9    -0.786     0.020     0.618
 2    96.195   -22.657    59.955
 2     0.185    -0.980     0.069
 2     0.964     0.195     0.182
 2    -0.192     0.032     0.981
 3   128.971    -3.041     2.465
 3     0.500     0.150    -0.853
 3     0.253     0.916     0.310
 3     0.828    -0.371     0.420
 4   106.100     8.291    -7.571
 4     0.617    -0.210     0.758
 4     0.411     0.907    -0.083
 4    -0.671     0.363     0.646
 5   127.418    21.455   -13.196
 5     0.756     0.612    -0.232
 5     0.203    -0.556    -0.806
 5    -0.622     0.562    -0.545
 6   140.482    18.567   -37.697
 6     0.745    -0.013     0.666
 6    -0.148     0.971     0.184
 6    -0.650    -0.236     0.723
 7   108.739   -20.162    -9.128
 7     0.617     0.112     0.779
 7    -0.263     0.962     0.069
 7    -0.742    -0.247     0.623
 8   127.721   -33.915   -13.508
 8     0.715    -0.699    -0.030
 8    -0.223    -0.267     0.937
 8    -0.663    -0.664    -0.346
 9   138.790   -31.418   -40.159
 9     0.588     0.020     0.809
 9     0.015     0.999    -0.036
 9    -0.809     0.033     0.587
 2    96.245   -22.657    59.955
 2     0.185    -0.980     0.069
 2     0.964     0.195     0.182
 2    -0.192     0.032     0.981
 3   128.912    -3.015     2.375
 3     0.499     0.145    -0.854
 3     0.260     0.915     0.308
 3     0.826    -0.376     0.419
 4   105.832     7.969    -7.549
 4     0.604    -0.204     0.770
 4     0.407     0.910    -0.079
 4    -0.685     0.360     0.633
 5   126.644    21.473   -13.977
 5     0.734     0.637    -0.235
 5     0.206    -0.539    -0.817
 5    -0.647     0.551    -0.527
 6   139.019    18.584   -38.841
 6     0.722    -0.025     0.691
 6    -0.151     0.970     0.192
 6    -0.675    -0.243     0.696
 7   108.515   -20.053    -9.073
 7     0.603     0.109     0.790
 7    -0.264     0.962     0.068
 7    -0.753    -0.250     0.609
 8   126.885   -34.100   -14.233
 8     0.691    -0.722    -0.016
