2 	  45.62	   0.02	   4.64
	  0.205	 -0.784	  0.586
	  0.210	  0.620	  0.756
	 -0.956	 -0.032	  0.292

3 	  44.61	   0.04	   2.87
	  0.214	  0.069	  0.974
	  0.170	  0.979	 -0.107
	 -0.962	  0.189	  0.198

4 	  39.36	   6.98	  -3.96
	  0.564	  0.772	  0.293
	 -0.818	  0.475	  0.324
	  0.111	 -0.423	  0.899

5 	  41.47	   8.51	   8.95
	  0.604	  0.116	  0.789
	 -0.061	 -0.980	  0.190
	  0.795	 -0.163	 -0.585

6 	  52.65	   8.58	  11.53
	  0.896	 -0.248	  0.369
	  0.034	  0.866	  0.498
	 -0.443	 -0.433	  0.784

7 	  40.18	  -7.63	  -3.85
	  0.792	 -0.604	  0.089
	  0.601	  0.745	 -0.290
	  0.109	  0.283	  0.953

8 	  41.29	  -9.05	   9.02
	  0.563	 -0.169	  0.809
	 -0.066	 -0.985	 -0.160
	  0.824	  0.036	 -0.566

9 	  53.02	  -7.89	  11.48
	  0.888	  0.376	  0.266
	 -0.144	  0.774	 -0.617
	 -0.438	  0.509	  0.741

2 	  45.42	  -0.51	   4.62
	 -0.006	 -0.781	  0.624
	  0.422	  0.564	  0.709
	 -0.906	  0.268	  0.327

3 	  44.54	  -0.04	   2.92
	  0.203	  0.070	  0.976
	  0.176	  0.978	 -0.107
	 -0.963	  0.193	  0.186

4 	  39.36	   6.91	  -4.01
	  0.571	  0.767	  0.294
	 -0.815	  0.484	  0.320
	  0.103	 -0.422	  0.901

5 	  41.48	   8.47	   8.89
	  0.604	  0.116	  0.788
	 -0.069	 -0.978	  0.196
	  0.793	 -0.173	 -0.583

6 	  52.63	   8.58	  11.53
	  0.895	 -0.246	  0.371
	  0.032	  0.867	  0.498
	 -0.444	 -0.434	  0.784

7 	  40.13	  -7.66	  -3.83
	  0.792	 -0.603	  0.092
	  0.600	  0.745	 -0.292
	  0.107	  0.286	  0.952

8 	  41.31	  -9.07	   9.02
	  0.562	 -0.166	  0.810
	 -0.063	 -0.985	 -0.158
	  0.824	  0.038	 -0.564

9 	  53.00	  -7.88	  11.46
	  0.888	  0.376	  0.264
	 -0.143	  0.773	 -0.618
	 -0.437	  0.511	  0.740

2 	  45.32	  -0.33	   4.55
	  0.236	 -0.707	  0.666
	  0.394	  0.696	  0.599
	 -0.888	  0.121	  0.443

3 	  44.38	   0.00	   3.04
	  0.174	  0.089	  0.980
	  0.111	  0.988	 -0.109
	 -0.978	  0.128	  0.161

4 	  39.32	   6.93	  -3.96
	  0.572	  0.765	  0.296
	 -0.814	  0.483	  0.323
	  0.104	 -0.426	  0.899

5 	  41.47	   8.47	   8.89
	  0.604	  0.115	  0.788
	 -0.068	 -0.978	  0.195
	  0.794	 -0.172	 -0.584

6 	  52.61	   8.56	  11.53
	  0.896	 -0.245	  0.370
	  0.030	  0.865	  0.500
	 -0.443	 -0.437	  0.783

7 	  40.13	  -7.66	  -3.83
	  0.792	 -0.603	  0.093
	  0.600	  0.745	 -0.290
	  0.106	  0.286	  0.952

8 	  41.27	  -9.05	   9.04
	  0.562	 -0.165	  0.810
	 -0.061	 -0.985	 -0.159
	  0.824	  0.040	 -0.564

9 	  53.03	  -7.86	  11.46
	  0.888	  0.375	  0.265
	 -0.142	  0.772	 -0.619
	 -0.437	  0.512	  0.740

2 	  45.46	   0.00	   4.94
	  0.159	 -0.818	  0.553
	  0.071	  0.568	  0.820
	 -0.984	 -0.091	  0.149

3 	  44.46	   0.00	   3.01
	  0.197	  0.068	  0.978
	  0.157	  0.982	 -0.100
	 -0.968	  0.174	  0.183

4 	  39.30	   6.96	  -3.94
	  0.572	  0.764	  0.298
	 -0.813	  0.482	  0.325
	  0.104	 -0.429	  0.897

5 	  41.45	   8.46	   8.95
	  0.603	  0.115	  0.789
	 -0.064	 -0.979	  0.192
	  0.795	 -0.166	 -0.584

6 	  52.61	   8.56	  11.53
	  0.897	 -0.244	  0.367
	  0.029	  0.864	  0.502
	 -0.440	 -0.440	  0.782

7 	  40.11	  -7.65	  -3.85
	  0.793	 -0.602	  0.093
	  0.600	  0.746	 -0.289
	  0.104	  0.284	  0.953

8 	  41.29	  -9.02	   9.02
	  0.562	 -0.165	  0.810
	 -0.058	 -0.985	 -0.160
	  0.824	  0.043	 -0.564

9 	  53.00	  -7.84	  11.50
	  0.888	  0.374	  0.267
	 -0.140	  0.773	 -0.619
	 -0.438	  0.512	  0.739

2 	  45.49	  -0.16	   5.03
	 -0.011	 -0.887	  0.461
	 -0.066	  0.460	  0.885
	 -0.998	 -0.021	 -0.063

3 	  44.46	   0.00	   2.97
	  0.205	  0.064	  0.976
	  0.166	  0.981	 -0.099
	 -0.964	  0.183	  0.190

4 	  39.29	   6.98	  -3.92
	  0.573	  0.763	  0.300
	 -0.813	  0.482	  0.327
	  0.105	 -0.431	  0.896

5 	  41.45	   8.47	   8.98
	  0.604	  0.115	  0.789
	 -0.062	 -0.980	  0.190
	  0.795	 -0.163	 -0.585

6 	  52.63	   8.58	  11.53
	  0.899	 -0.243	  0.364
	  0.029	  0.863	  0.505
	 -0.437	 -0.444	  0.782

7 	  40.11	  -7.61	  -3.85
	  0.793	 -0.602	  0.093
	  0.600	  0.746	 -0.287
	  0.103	  0.283	  0.953

8 	  41.29	  -9.00	   9.02
	  0.563	 -0.165	  0.809
	 -0.058	 -0.985	 -0.161
	  0.824	  0.044	 -0.565

9 	  53.02	  -7.84	  11.48
	  0.889	  0.373	  0.267
	 -0.140	  0.774	 -0.617
	 -0.437	  0.511	  0.740

2 	  43.72	  -0.12	  -2.51
	  0.344	 -0.922	  0.177
	  0.638	  0.368	  0.676
	 -0.689	 -0.120	  0.715

3 	  44.58	  -0.02	   2.78
	  0.236	  0.067	  0.969
	  0.200	  0.973	 -0.116
	 -0.951	  0.222	  0.216

4 	  39.34	   6.96	  -3.94
	  0.577	  0.763	  0.292
	 -0.808	  0.482	  0.339
	  0.118	 -0.432	  0.894

5 	  41.45	   8.47	   8.96
	  0.602	  0.118	  0.789
	 -0.059	 -0.979	  0.192
	  0.796	 -0.162	 -0.583

6 	  52.63	   8.63	  11.57
	  0.899	 -0.242	  0.365
	  0.025	  0.861	  0.508
	 -0.437	 -0.447	  0.780

7 	  40.04	  -7.63	  -3.81
	  0.792	 -0.604	  0.087
	  0.599	  0.744	 -0.296
	  0.114	  0.287	  0.951

8 	  41.27	  -9.02	   9.00
	  0.567	 -0.166	  0.807
	 -0.062	 -0.985	 -0.159
	  0.821	  0.040	 -0.569

9 	  52.98	  -7.88	  11.48
	  0.889	  0.372	  0.266
	 -0.134	  0.768	 -0.626
	 -0.438	  0.521	  0.733

2 	  43.70	  -0.54	  -2.58
	  0.205	 -0.902	  0.379
	  0.683	  0.409	  0.604
	 -0.701	  0.134	  0.700

3 	  44.56	  -0.02	   2.78
	  0.238	  0.066	  0.969
	  0.200	  0.973	 -0.115
	 -0.950	  0.221	  0.218

4 	  39.32	   7.00	  -3.94
	  0.577	  0.762	  0.292
	 -0.808	  0.480	  0.341
	  0.119	 -0.433	  0.893

5 	  41.45	   8.46	   8.96
	  0.602	  0.116	  0.790
	 -0.061	 -0.980	  0.191
	  0.796	 -0.163	 -0.583

6 	  52.63	   8.65	  11.57
	  0.900	 -0.240	  0.364
	  0.023	  0.860	  0.509
	 -0.436	 -0.450	  0.779

7 	  40.03	  -7.61	  -3.83
	  0.793	 -0.603	  0.087
	  0.598	  0.744	 -0.296
	  0.114	  0.287	  0.951

8 	  41.27	  -9.00	   9.02
	  0.566	 -0.165	  0.807
	 -0.061	 -0.985	 -0.159
	  0.822	  0.040	 -0.568

9 	  52.98	  -7.86	  11.46
	  0.889	  0.372	  0.266
	 -0.135	  0.769	 -0.625
	 -0.437	  0.520	  0.734

2 	  43.15	  -0.32	  -2.94
	  0.230	 -0.964	  0.131
	  0.887	  0.264	  0.379
	 -0.401	  0.029	  0.916

3 	  44.56	   0.00	   2.76
	  0.237	  0.065	  0.969
	  0.200	  0.973	 -0.115
	 -0.950	  0.221	  0.218

4 	  39.30	   7.01	  -3.92
	  0.577	  0.762	  0.293
	 -0.808	  0.479	  0.342
	  0.120	 -0.435	  0.892

5 	  41.45	   8.46	   8.98
	  0.603	  0.116	  0.789
	 -0.058	 -0.980	  0.189
	  0.796	 -0.160	 -0.584

6 	  52.63	   8.67	  11.55
	  0.901	 -0.238	  0.363
	  0.021	  0.859	  0.510
	 -0.434	 -0.452	  0.779

7 	  40.04	  -7.59	  -3.83
	  0.793	 -0.603	  0.086
	  0.598	  0.744	 -0.297
	  0.114	  0.287	  0.951

8 	  41.27	  -9.00	   9.00
	  0.567	 -0.166	  0.807
	 -0.061	 -0.985	 -0.160
	  0.822	  0.042	 -0.568

9 	  52.98	  -7.88	  11.46
	  0.889	  0.370	  0.267
	 -0.133	  0.770	 -0.624
	 -0.437	  0.519	  0.734

2 	  43.31	   0.14	  -2.81
	  0.440	 -0.898	 -0.001
	  0.749	  0.367	  0.551
	 -0.495	 -0.243	  0.834

3 	  44.56	   0.00	   2.78
	  0.237	  0.066	  0.969
	  0.201	  0.973	 -0.115
	 -0.950	  0.222	  0.217

4 	  39.29	   7.01	  -3.90
	  0.578	  0.761	  0.294
	 -0.807	  0.480	  0.342
	  0.119	 -0.436	  0.892

5 	  41.45	   8.46	   9.00
	  0.602	  0.115	  0.790
	 -0.057	 -0.981	  0.187
	  0.796	 -0.158	 -0.584

6 	  52.59	   8.70	  11.57
	  0.901	 -0.236	  0.363
	  0.018	  0.859	  0.512
	 -0.433	 -0.455	  0.778

7 	  40.03	  -7.59	  -3.85
	  0.793	 -0.603	  0.085
	  0.597	  0.745	 -0.297
	  0.116	  0.286	  0.951

8 	  41.27	  -8.98	   8.98
	  0.567	 -0.166	  0.807
	 -0.060	 -0.985	 -0.160
	  0.821	  0.042	 -0.569

9 	  53.00	  -7.88	  11.46
	  0.890	  0.370	  0.268
	 -0.132	  0.770	 -0.624
	 -0.437	  0.520	  0.734

2 	  44.03	  -0.21	  -2.43
	  0.190	 -0.940	  0.284
	  0.269	  0.328	  0.905
	 -0.944	 -0.095	  0.315

3 	  44.53	   0.00	   2.79
	  0.238	  0.065	  0.969
	  0.202	  0.972	 -0.115
	 -0.950	  0.223	  0.218

4 	  39.30	   7.01	  -3.90
	  0.579	  0.760	  0.295
	 -0.807	  0.481	  0.343
	  0.119	 -0.437	  0.891

5 	  41.43	   8.46	   9.00
	  0.601	  0.115	  0.791
	 -0.057	 -0.981	  0.186
	  0.797	 -0.157	 -0.583

6 	  52.61	   8.68	  11.57
	  0.901	 -0.236	  0.363
	  0.018	  0.858	  0.513
	 -0.432	 -0.456	  0.778

7 	  40.01	  -7.58	  -3.83
	  0.794	 -0.602	  0.084
	  0.597	  0.745	 -0.298
	  0.116	  0.287	  0.951

8 	  41.27	  -8.96	   9.00
	  0.567	 -0.164	  0.807
	 -0.059	 -0.985	 -0.159
	  0.821	  0.043	 -0.569

9 	  52.98	  -7.88	  11.48
	  0.890	  0.368	  0.269
	 -0.131	  0.770	 -0.624
	 -0.437	  0.520	  0.734

2 	  36.62	   0.37	  -6.79
	  0.296	 -0.801	 -0.520
	  0.588	  0.582	 -0.562
	  0.753	 -0.140	  0.643

3 	  44.68	  -0.04	   2.94
	  0.214	  0.072	  0.974
	  0.207	  0.971	 -0.117
	 -0.954	  0.227	  0.193

4 	  39.64	   6.96	  -3.96
	  0.571	  0.765	  0.297
	 -0.815	  0.485	  0.316
	  0.098	 -0.423	  0.901

5 	  41.48	   8.49	   8.98
	  0.587	  0.122	  0.800
	 -0.065	 -0.978	  0.196
	  0.806	 -0.167	 -0.567

6 	  52.63	   8.75	  11.62
	  0.901	 -0.237	  0.362
	  0.017	  0.855	  0.519
	 -0.432	 -0.462	  0.774

7 	  40.29	  -7.59	  -3.80
	  0.786	 -0.611	  0.096
	  0.610	  0.741	 -0.278
	  0.098	  0.277	  0.955

8 	  41.31	  -9.04	   9.07
	  0.557	 -0.164	  0.814
	 -0.051	 -0.985	 -0.163
	  0.829	  0.049	 -0.557

9 	  53.02	  -7.88	  11.50
	  0.891	  0.372	  0.259
	 -0.135	  0.763	 -0.632
	 -0.433	  0.529	  0.730

2 	  36.98	  -0.21	  -6.98
	  0.544	 -0.791	 -0.278
	  0.583	  0.596	 -0.553
	  0.603	  0.139	  0.785

3 	  44.70	   0.00	   3.02
	  0.204	  0.070	  0.976
	  0.206	  0.972	 -0.113
	 -0.957	  0.224	  0.184

4 	  39.73	   6.98	  -3.92
	  0.568	  0.766	  0.302
	 -0.818	  0.485	  0.308
	  0.090	 -0.422	  0.902

5 	  41.47	   8.49	   9.04
	  0.584	  0.122	  0.802
	 -0.065	 -0.978	  0.196
	  0.809	 -0.166	 -0.563

6 	  52.65	   8.74	  11.62
	  0.902	 -0.238	  0.358
	  0.018	  0.853	  0.521
	 -0.430	 -0.464	  0.774

7 	  40.34	  -7.59	  -3.78
	  0.785	 -0.611	  0.102
	  0.612	  0.742	 -0.273
	  0.091	  0.277	  0.957

8 	  41.31	  -9.05	   9.09
	  0.554	 -0.165	  0.816
	 -0.051	 -0.985	 -0.165
	  0.831	  0.050	 -0.554

9 	  53.03	  -7.86	  11.50
	  0.892	  0.373	  0.255
	 -0.137	  0.762	 -0.633
	 -0.431	  0.529	  0.730

2 	  36.63	  -0.49	  -6.26
	  0.478	 -0.719	 -0.505
	  0.144	  0.631	 -0.762
	  0.866	  0.291	  0.405

3 	  44.70	  -0.05	   3.08
	  0.198	  0.070	  0.977
	  0.208	  0.972	 -0.112
	 -0.958	  0.225	  0.178

4 	  39.76	   6.94	  -3.92
	  0.568	  0.765	  0.303
	 -0.818	  0.488	  0.304
	  0.085	 -0.421	  0.903

5 	  41.47	   8.47	   9.05
	  0.582	  0.123	  0.803
	 -0.064	 -0.978	  0.196
	  0.810	 -0.166	 -0.562

6 	  52.65	   8.75	  11.64
	  0.903	 -0.237	  0.357
	  0.017	  0.852	  0.522
	 -0.428	 -0.466	  0.774

7 	  40.38	  -7.63	  -3.74
	  0.784	 -0.611	  0.106
	  0.614	  0.741	 -0.271
	  0.087	  0.277	  0.957

8 	  41.31	  -9.05	   9.11
	  0.553	 -0.165	  0.816
	 -0.051	 -0.985	 -0.165
	  0.831	  0.049	 -0.553

9 	  53.02	  -7.91	  11.50
	  0.893	  0.372	  0.253
	 -0.137	  0.760	 -0.635
	 -0.429	  0.532	  0.730

2 	  36.54	   0.72	  -6.40
	  0.101	 -0.583	 -0.806
	  0.416	  0.760	 -0.498
	  0.903	 -0.285	  0.320

3 	  44.70	  -0.02	   3.11
	  0.196	  0.068	  0.978
	  0.207	  0.972	 -0.110
	 -0.958	  0.224	  0.176

4 	  39.78	   6.98	  -3.90
	  0.567	  0.765	  0.305
	 -0.819	  0.487	  0.302
	  0.083	 -0.421	  0.903

5 	  41.48	   8.47	   9.05
	  0.582	  0.123	  0.804
	 -0.063	 -0.979	  0.195
	  0.811	 -0.164	 -0.562

6 	  52.65	   8.77	  11.64
	  0.905	 -0.237	  0.354
	  0.017	  0.851	  0.525
	 -0.426	 -0.469	  0.774

7 	  40.39	  -7.58	  -3.74
	  0.785	 -0.610	  0.107
	  0.613	  0.743	 -0.268
	  0.084	  0.276	  0.957

8 	  41.31	  -9.02	   9.12
	  0.552	 -0.166	  0.817
	 -0.050	 -0.985	 -0.167
	  0.832	  0.051	 -0.552

9 	  53.00	  -7.89	  11.51
	  0.893	  0.372	  0.254
	 -0.136	  0.761	 -0.634
	 -0.429	  0.531	  0.730

2 	  37.04	   0.35	  -6.98
	  0.260	 -0.901	 -0.347
	  0.802	  0.402	 -0.442
	  0.537	 -0.164	  0.827

3 	  44.68	  -0.04	   3.15
	  0.193	  0.068	  0.979
	  0.208	  0.972	 -0.109
	 -0.959	  0.224	  0.174

4 	  39.81	   6.96	  -3.92
	  0.568	  0.765	  0.304
	 -0.819	  0.488	  0.301
	  0.081	 -0.420	  0.904

5 	  41.47	   8.47	   9.07
	  0.580	  0.123	  0.805
	 -0.063	 -0.979	  0.195
	  0.812	 -0.164	 -0.560

6 	  52.63	   8.77	  11.64
	  0.905	 -0.236	  0.353
	  0.016	  0.850	  0.526
	 -0.424	 -0.470	  0.774

7 	  40.41	  -7.61	  -3.74
	  0.785	 -0.610	  0.109
	  0.614	  0.743	 -0.267
	  0.082	  0.276	  0.957

8 	  41.31	  -9.04	   9.14
	  0.551	 -0.167	  0.817
	 -0.050	 -0.985	 -0.167
	  0.832	  0.051	 -0.551

9 	  53.02	  -7.89	  11.53
	  0.893	  0.371	  0.253
	 -0.137	  0.760	 -0.635
	 -0.428	  0.532	  0.730

2 	  35.86	  -0.04	  -0.35
	 -0.088	 -0.923	 -0.374
	  0.275	  0.338	 -0.900
	  0.957	 -0.182	  0.224

3 	  47.39	   0.12	   3.80
	 -0.016	  0.060	  0.998
	  0.243	  0.968	 -0.054
	 -0.970	  0.242	 -0.030

4 	  44.14	   7.28	  -4.08
	  0.466	  0.775	  0.426
	 -0.877	  0.468	  0.109
	 -0.114	 -0.425	  0.898

5 	  41.82	   8.79	   8.82
	  0.339	  0.164	  0.926
	 -0.020	 -0.983	  0.181
	  0.940	 -0.080	 -0.330

6 	  52.58	   9.04	  11.72
	  0.912	 -0.270	  0.308
	  0.056	  0.827	  0.559
	 -0.406	 -0.493	  0.769

7 	  44.40	  -7.28	  -4.08
	  0.751	 -0.617	  0.233
	  0.652	  0.748	 -0.121
	 -0.100	  0.243	  0.965

8 	  41.94	  -9.35	   8.47
	  0.338	 -0.248	  0.908
	 -0.092	 -0.969	 -0.231
	  0.936	 -0.006	 -0.350

9 	  53.07	  -7.88	  11.51
	  0.872	  0.428	  0.237
	 -0.174	  0.723	 -0.669
	 -0.458	  0.542	  0.704

2 	  36.02	  -0.84	  -0.79
	  0.325	 -0.908	 -0.265
	  0.313	  0.368	 -0.875
	  0.892	  0.201	  0.404

3 	  47.36	   0.12	   3.83
	 -0.017	  0.060	  0.998
	  0.243	  0.968	 -0.054
	 -0.970	  0.242	 -0.031

4 	  44.14	   7.24	  -4.04
	  0.467	  0.773	  0.429
	 -0.876	  0.471	  0.106
	 -0.120	 -0.426	  0.897

5 	  41.80	   8.75	   8.84
	  0.339	  0.163	  0.926
	 -0.020	 -0.983	  0.180
	  0.940	 -0.079	 -0.330

6 	  52.56	   9.04	  11.74
	  0.914	 -0.268	  0.306
	  0.054	  0.826	  0.561
	 -0.403	 -0.497	  0.769

7 	  44.38	  -7.28	  -4.06
	  0.751	 -0.617	  0.235
	  0.652	  0.749	 -0.119
	 -0.103	  0.243	  0.964

8 	  41.91	  -9.33	   8.51
	  0.337	 -0.249	  0.908
	 -0.093	 -0.969	 -0.231
	  0.937	 -0.006	 -0.350

9 	  53.07	  -7.88	  11.51
	  0.873	  0.427	  0.235
	 -0.174	  0.723	 -0.669
	 -0.455	  0.543	  0.705

2 	  35.89	  -0.74	   0.12
	  0.206	 -0.876	 -0.437
	 -0.034	  0.439	 -0.898
	  0.978	  0.200	  0.061

3 	  47.32	   0.16	   3.88
	 -0.020	  0.059	  0.998
	  0.241	  0.969	 -0.053
	 -0.970	  0.240	 -0.033

4 	  44.16	   7.28	  -4.03
	  0.466	  0.771	  0.432
	 -0.876	  0.471	  0.103
	 -0.124	 -0.427	  0.896

5 	  41.80	   8.75	   8.86
	  0.338	  0.162	  0.927
	 -0.019	 -0.984	  0.179
	  0.940	 -0.078	 -0.330

6 	  52.54	   9.05	  11.74
	  0.915	 -0.266	  0.303
	  0.052	  0.824	  0.563
	 -0.400	 -0.500	  0.768

7 	  44.40	  -7.24	  -4.04
	  0.751	 -0.616	  0.238
	  0.652	  0.749	 -0.116
	 -0.107	  0.242	  0.964

8 	  41.91	  -9.32	   8.53
	  0.336	 -0.249	  0.908
	 -0.094	 -0.968	 -0.231
	  0.937	 -0.007	 -0.349

9 	  53.07	  -7.86	  11.53
	  0.874	  0.426	  0.233
	 -0.174	  0.722	 -0.669
	 -0.454	  0.544	  0.705

2 	  35.84	   0.54	  -0.02
	 -0.243	 -0.747	 -0.619
	  0.307	  0.546	 -0.779
	  0.920	 -0.380	  0.096

3 	  47.30	   0.14	   3.90
	 -0.021	  0.058	  0.998
	  0.242	  0.969	 -0.052
	 -0.970	  0.241	 -0.035

4 	  44.14	   7.29	  -4.01
	  0.467	  0.770	  0.434
	 -0.875	  0.473	  0.101
	 -0.127	 -0.428	  0.895

5 	  41.80	   8.74	   8.88
	  0.339	  0.162	  0.927
	 -0.019	 -0.984	  0.178
	  0.940	 -0.078	 -0.331

6 	  52.54	   9.05	  11.76
	  0.915	 -0.266	  0.302
	  0.052	  0.823	  0.565
	 -0.399	 -0.502	  0.768

7 	  44.38	  -7.22	  -4.03
	  0.751	 -0.615	  0.240
	  0.651	  0.750	 -0.115
	 -0.109	  0.242	  0.964

8 	  41.91	  -9.32	   8.56
	  0.336	 -0.250	  0.908
	 -0.095	 -0.968	 -0.231
	  0.937	 -0.009	 -0.349

9 	  53.07	  -7.86	  11.53
	  0.875	  0.425	  0.233
	 -0.174	  0.723	 -0.668
	 -0.453	  0.544	  0.706

2 	  36.00	   0.35	  -0.74
	 -0.042	 -0.858	 -0.512
	  0.513	  0.421	 -0.748
	  0.857	 -0.294	  0.423

3 	  47.30	   0.18	   3.92
	 -0.022	  0.058	  0.998
	  0.242	  0.969	 -0.052
	 -0.970	  0.241	 -0.035

4 	  44.16	   7.29	  -3.99
	  0.467	  0.769	  0.436
	 -0.875	  0.474	  0.100
	 -0.130	 -0.428	  0.894

5 	  41.80	   8.75	   8.89
	  0.337	  0.161	  0.927
	 -0.019	 -0.984	  0.178
	  0.941	 -0.078	 -0.328

6 	  52.56	   9.07	  11.76
	  0.916	 -0.266	  0.301
	  0.052	  0.822	  0.567
	 -0.398	 -0.504	  0.766

7 	  44.40	  -7.22	  -4.01
	  0.750	 -0.615	  0.241
	  0.651	  0.750	 -0.113
	 -0.111	  0.242	  0.964

8 	  41.89	  -9.30	   8.58
	  0.334	 -0.250	  0.908
	 -0.095	 -0.968	 -0.231
	  0.937	 -0.009	 -0.348

9 	  53.07	  -7.86	  11.48
	  0.876	  0.423	  0.230
	 -0.175	  0.724	 -0.667
	 -0.449	  0.544	  0.708

2 	  44.40	   1.48	  -2.62
	  0.396	 -0.834	  0.383
	  0.470	  0.543	  0.695
	 -0.788	 -0.095	  0.607

3 	  45.16	   0.00	   2.71
	  0.219	  0.065	  0.973
	  0.234	  0.965	 -0.117
	 -0.947	  0.253	  0.196

4 	  40.24	   7.14	  -4.08
	  0.580	  0.758	  0.297
	 -0.809	  0.495	  0.315
	  0.092	 -0.424	  0.901

5 	  41.41	   8.68	   8.96
	  0.540	  0.138	  0.830
	 -0.030	 -0.983	  0.183
	  0.841	 -0.124	 -0.527

6 	  52.49	   9.14	  11.69
	  0.907	 -0.231	  0.352
	  0.005	  0.842	  0.539
	 -0.421	 -0.488	  0.765

7 	  40.48	  -7.44	  -4.10
	  0.781	 -0.620	  0.066
	  0.612	  0.743	 -0.269
	  0.117	  0.251	  0.961

8 	  41.36	  -9.11	   8.70
	  0.539	 -0.183	  0.822
	 -0.059	 -0.982	 -0.180
	  0.839	  0.049	 -0.541

9 	  53.02	  -7.98	  11.48
	  0.882	  0.380	  0.278
	 -0.114	  0.744	 -0.658
	 -0.457	  0.549	  0.699

2 	  44.35	   1.25	  -2.57
	  0.314	 -0.825	  0.470
	  0.548	  0.562	  0.619
	 -0.775	  0.063	  0.629

3 	  45.12	   0.00	   2.78
	  0.216	  0.065	  0.974
	  0.236	  0.964	 -0.117
	 -0.947	  0.255	  0.193

4 	  40.24	   7.14	  -4.08
	  0.581	  0.757	  0.299
	 -0.809	  0.496	  0.314
	  0.090	 -0.425	  0.901

5 	  41.40	   8.67	   9.00
	  0.540	  0.137	  0.830
	 -0.031	 -0.983	  0.182
	  0.841	 -0.124	 -0.527

6 	  52.49	   9.16	  11.69
	  0.908	 -0.229	  0.350
	  0.003	  0.841	  0.541
	 -0.418	 -0.490	  0.764

7 	  40.46	  -7.44	  -4.06
	  0.781	 -0.621	  0.069
	  0.614	  0.742	 -0.268
	  0.115	  0.252	  0.961

8 	  41.36	  -9.09	   8.74
	  0.540	 -0.183	  0.821
	 -0.059	 -0.982	 -0.179
	  0.839	  0.048	 -0.542

9 	  53.03	  -7.96	  11.50
	  0.883	  0.379	  0.276
	 -0.114	  0.744	 -0.658
	 -0.455	  0.550	  0.700

2 	  44.03	   1.39	  -2.83
	  0.507	 -0.798	  0.325
	  0.586	  0.597	  0.548
	 -0.632	 -0.088	  0.770

3 	  45.05	   0.00	   2.81
	  0.212	  0.064	  0.975
	  0.237	  0.964	 -0.115
	 -0.948	  0.256	  0.189

4 	  40.20	   7.17	  -4.04
	  0.579	  0.756	  0.303
	 -0.810	  0.495	  0.314
	  0.088	 -0.428	  0.900

5 	  41.40	   8.63	   9.04
	  0.541	  0.135	  0.830
	 -0.031	 -0.983	  0.180
	  0.840	 -0.123	 -0.528

6 	  52.45	   9.12	  11.71
	  0.909	 -0.228	  0.348
	  0.002	  0.839	  0.544
	 -0.416	 -0.494	  0.763

7 	  40.46	  -7.42	  -4.06
	  0.781	 -0.620	  0.071
	  0.614	  0.743	 -0.267
	  0.113	  0.252	  0.961

8 	  41.33	  -9.05	   8.74
	  0.541	 -0.184	  0.821
	 -0.060	 -0.982	 -0.180
	  0.839	  0.048	 -0.542

9 	  53.03	  -7.93	  11.48
	  0.884	  0.378	  0.276
	 -0.114	  0.745	 -0.657
	 -0.454	  0.550	  0.701

2 	  44.46	   1.72	  -2.51
	  0.369	 -0.875	  0.313
	  0.284	  0.427	  0.859
	 -0.885	 -0.228	  0.406

3 	  45.02	   0.04	   2.83
	  0.211	  0.061	  0.975
	  0.237	  0.965	 -0.112
	 -0.948	  0.255	  0.188

4 	  40.15	   7.21	  -4.01
	  0.578	  0.756	  0.307
	 -0.812	  0.492	  0.316
	  0.088	 -0.432	  0.898

5 	  41.36	   8.61	   9.07
	  0.544	  0.131	  0.829
	 -0.031	 -0.984	  0.176
	  0.838	 -0.121	 -0.531

6 	  52.45	   9.16	  11.71
	  0.911	 -0.227	  0.345
	  0.000	  0.837	  0.547
	 -0.413	 -0.499	  0.762

7 	  40.45	  -7.38	  -4.06
	  0.781	 -0.620	  0.070
	  0.614	  0.743	 -0.266
	  0.112	  0.251	  0.961

8 	  41.34	  -9.02	   8.74
	  0.541	 -0.184	  0.820
	 -0.059	 -0.981	 -0.182
	  0.839	  0.050	 -0.542

9 	  53.03	  -7.93	  11.46
	  0.884	  0.377	  0.276
	 -0.113	  0.746	 -0.656
	 -0.453	  0.548	  0.702

2 	  44.58	   1.56	  -2.04
	  0.196	 -0.930	  0.310
	  0.164	  0.343	  0.925
	 -0.967	 -0.130	  0.219

3 	  45.02	   0.00	   2.85
	  0.210	  0.061	  0.976
	  0.239	  0.964	 -0.112
	 -0.948	  0.257	  0.188

4 	  40.17	   7.19	  -4.01
	  0.579	  0.755	  0.307
	 -0.811	  0.493	  0.314
	  0.086	 -0.431	  0.898

5 	  41.38	   8.61	   9.07
	  0.543	  0.131	  0.829
	 -0.032	 -0.984	  0.176
	  0.839	 -0.122	 -0.530

6 	  52.47	   9.19	  11.74
	  0.911	 -0.225	  0.345
	 -0.001	  0.837	  0.547
	 -0.412	 -0.500	  0.762

7 	  40.45	  -7.38	  -4.08
	  0.781	 -0.620	  0.070
	  0.614	  0.743	 -0.266
	  0.112	  0.251	  0.961

8 	  41.36	  -9.02	   8.74
	  0.541	 -0.184	  0.820
	 -0.059	 -0.982	 -0.181
	  0.839	  0.049	 -0.542

9 	  53.07	  -7.91	  11.44
	  0.885	  0.376	  0.274
	 -0.115	  0.746	 -0.655
	 -0.451	  0.548	  0.704

2 	  41.98	   4.39	  -3.09
	  0.483	 -0.614	  0.625
	  0.673	  0.716	  0.182
	 -0.559	  0.332	  0.759

3 	  44.88	   0.09	   2.87
	  0.208	  0.059	  0.976
	  0.222	  0.969	 -0.106
	 -0.953	  0.239	  0.188

4 	  40.06	   6.98	  -4.03
	  0.621	  0.739	  0.262
	 -0.783	  0.567	  0.256
	  0.041	 -0.364	  0.930

5 	  41.38	   8.54	   8.89
	  0.570	  0.122	  0.812
	 -0.059	 -0.980	  0.188
	  0.819	 -0.156	 -0.552

6 	  52.51	   9.19	  11.67
	  0.908	 -0.218	  0.357
	 -0.023	  0.826	  0.563
	 -0.418	 -0.520	  0.745

7 	  40.38	  -7.38	  -4.10
	  0.787	 -0.613	  0.071
	  0.607	  0.750	 -0.260
	  0.106	  0.248	  0.963

8 	  41.38	  -8.98	   8.74
	  0.548	 -0.179	  0.816
	 -0.047	 -0.982	 -0.184
	  0.835	  0.062	 -0.547

9 	  53.09	  -7.91	  11.48
	  0.884	  0.377	  0.276
	 -0.111	  0.743	 -0.660
	 -0.454	  0.553	  0.698

2 	  42.08	   4.27	  -3.01
	  0.374	 -0.575	  0.727
	  0.688	  0.698	  0.198
	 -0.622	  0.426	  0.656

3 	  44.88	   0.11	   2.88
	  0.206	  0.060	  0.976
	  0.219	  0.970	 -0.106
	 -0.954	  0.236	  0.186

4 	  40.13	   6.93	  -4.06
	  0.610	  0.749	  0.257
	 -0.792	  0.570	  0.219
	  0.017	 -0.338	  0.941

5 	  41.36	   8.53	   8.91
	  0.569	  0.122	  0.813
	 -0.060	 -0.980	  0.189
	  0.820	 -0.156	 -0.551

6 	  52.49	   9.19	  11.67
	  0.907	 -0.218	  0.359
	 -0.024	  0.826	  0.563
	 -0.420	 -0.520	  0.744

7 	  40.41	  -7.38	  -4.06
	  0.787	 -0.613	  0.073
	  0.608	  0.750	 -0.260
	  0.104	  0.248	  0.963

8 	  41.36	  -9.00	   8.77
	  0.547	 -0.179	  0.818
	 -0.046	 -0.982	 -0.183
	  0.836	  0.062	 -0.545

9 	  53.09	  -7.93	  11.51
	  0.885	  0.376	  0.275
	 -0.111	  0.742	 -0.661
	 -0.453	  0.555	  0.698

2 	  41.94	   4.41	  -3.16
	  0.497	 -0.683	  0.535
	  0.680	  0.689	  0.247
	 -0.538	  0.241	  0.808

3 	  44.84	   0.11	   2.94
	  0.200	  0.062	  0.978
	  0.221	  0.969	 -0.107
	 -0.954	  0.238	  0.180

4 	  40.08	   6.98	  -4.04
	  0.618	  0.740	  0.264
	 -0.785	  0.563	  0.257
	  0.042	 -0.366	  0.929

5 	  41.36	   8.54	   8.91
	  0.569	  0.123	  0.813
	 -0.059	 -0.980	  0.190
	  0.820	 -0.156	 -0.550

6 	  52.49	   9.21	  11.69
	  0.907	 -0.218	  0.359
	 -0.025	  0.825	  0.564
	 -0.419	 -0.521	  0.743

7 	  40.43	  -7.38	  -4.03
	  0.786	 -0.613	  0.077
	  0.609	  0.750	 -0.257
	  0.099	  0.249	  0.963

8 	  41.34	  -9.00	   8.79
	  0.546	 -0.179	  0.818
	 -0.047	 -0.982	 -0.183
	  0.836	  0.061	 -0.545

9 	  53.07	  -7.91	  11.53
	  0.885	  0.376	  0.273
	 -0.111	  0.740	 -0.663
	 -0.451	  0.557	  0.697

2 	  42.13	   4.48	  -2.99
	  0.474	 -0.640	  0.604
	  0.559	  0.749	  0.354
	 -0.680	  0.170	  0.713

3 	  44.82	   0.09	   2.97
	  0.197	  0.062	  0.978
	  0.222	  0.969	 -0.106
	 -0.955	  0.238	  0.177

4 	  40.17	   6.94	  -4.01
	  0.617	  0.738	  0.271
	 -0.787	  0.577	  0.219
	  0.006	 -0.349	  0.937

5 	  41.38	   8.53	   8.93
	  0.568	  0.122	  0.813
	 -0.060	 -0.980	  0.189
	  0.820	 -0.156	 -0.550

6 	  52.47	   9.21	  11.67
	  0.909	 -0.217	  0.356
	 -0.025	  0.824	  0.565
	 -0.416	 -0.523	  0.744

7 	  40.43	  -7.37	  -4.03
	  0.786	 -0.613	  0.079
	  0.610	  0.750	 -0.254
	  0.096	  0.248	  0.964

8 	  41.34	  -8.98	   8.79
	  0.546	 -0.180	  0.818
	 -0.048	 -0.982	 -0.184
	  0.836	  0.061	 -0.545

9 	  53.05	  -7.88	  11.53
	  0.886	  0.376	  0.271
	 -0.111	  0.740	 -0.663
	 -0.450	  0.557	  0.697

2 	  42.26	   4.32	  -2.72
	  0.333	 -0.581	  0.743
	  0.566	  0.753	  0.334
	 -0.754	  0.309	  0.579

3 	  44.81	   0.09	   3.01
	  0.194	  0.061	  0.979
	  0.221	  0.969	 -0.105
	 -0.956	  0.236	  0.175

4 	  40.18	   6.94	  -4.01
	  0.618	  0.737	  0.274
	 -0.786	  0.583	  0.203
	 -0.010	 -0.341	  0.940

5 	  41.34	   8.54	   8.96
	  0.568	  0.122	  0.814
	 -0.060	 -0.980	  0.189
	  0.821	 -0.156	 -0.549

6 	  52.47	   9.21	  11.69
	  0.910	 -0.216	  0.354
	 -0.025	  0.823	  0.567
	 -0.414	 -0.524	  0.744

7 	  40.45	  -7.37	  -4.03
	  0.786	 -0.612	  0.081
	  0.611	  0.750	 -0.253
	  0.093	  0.248	  0.964

8 	  41.34	  -9.02	   8.81
	  0.544	 -0.181	  0.819
	 -0.049	 -0.982	 -0.184
	  0.837	  0.060	 -0.543

9 	  53.07	  -7.89	  11.53
	  0.886	  0.375	  0.270
	 -0.111	  0.739	 -0.664
	 -0.450	  0.558	  0.697

2 	  42.19	   6.12	  -3.80
	  0.492	 -0.750	  0.441
	  0.603	  0.660	  0.448
	 -0.628	  0.045	  0.777

3 	  44.86	   0.14	   3.02
	  0.196	  0.057	  0.979
	  0.213	  0.972	 -0.099
	 -0.957	  0.227	  0.178

4 	  40.03	   7.01	  -3.88
	  0.609	  0.737	  0.292
	 -0.793	  0.570	  0.215
	 -0.008	 -0.363	  0.932

5 	  41.29	   8.54	   9.07
	  0.570	  0.121	  0.812
	 -0.050	 -0.982	  0.181
	  0.820	 -0.144	 -0.554

6 	  52.42	   9.28	  11.78
	  0.912	 -0.213	  0.349
	 -0.031	  0.816	  0.577
	 -0.408	 -0.538	  0.738

7 	  40.52	  -7.31	  -4.06
	  0.789	 -0.609	  0.078
	  0.607	  0.755	 -0.248
	  0.092	  0.243	  0.965

8 	  41.36	  -8.98	   8.77
	  0.543	 -0.183	  0.819
	 -0.048	 -0.981	 -0.188
	  0.838	  0.063	 -0.541

9 	  53.05	  -7.93	  11.51
	  0.886	  0.375	  0.273
	 -0.107	  0.738	 -0.666
	 -0.451	  0.560	  0.694

2 	  42.45	   5.71	  -3.52
	  0.311	 -0.695	  0.648
	  0.599	  0.673	  0.434
	 -0.738	  0.253	  0.625

3 	  44.84	   0.09	   3.08
	  0.190	  0.059	  0.980
	  0.214	  0.971	 -0.100
	 -0.958	  0.229	  0.172

4 	  40.10	   6.98	  -3.90
	  0.611	  0.735	  0.292
	 -0.791	  0.575	  0.208
	 -0.015	 -0.359	  0.933

5 	  41.33	   8.53	   9.04
	  0.569	  0.124	  0.813
	 -0.052	 -0.981	  0.186
	  0.820	 -0.148	 -0.552

6 	  52.44	   9.26	  11.76
	  0.913	 -0.213	  0.349
	 -0.030	  0.816	  0.577
	 -0.407	 -0.537	  0.739

7 	  40.52	  -7.37	  -4.03
	  0.787	 -0.611	  0.084
	  0.610	  0.752	 -0.248
	  0.088	  0.247	  0.965

8 	  41.34	  -9.00	   8.82
	  0.541	 -0.182	  0.821
	 -0.048	 -0.981	 -0.186
	  0.839	  0.061	 -0.540

9 	  53.03	  -7.95	  11.58
	  0.887	  0.374	  0.269
	 -0.106	  0.734	 -0.671
	 -0.449	  0.566	  0.691

2 	  41.96	   5.73	  -3.69
	  0.568	 -0.650	  0.505
	  0.679	  0.717	  0.156
	 -0.464	  0.254	  0.849

3 	  44.82	   0.09	   3.09
	  0.187	  0.061	  0.980
	  0.215	  0.971	 -0.102
	 -0.958	  0.229	  0.169

4 	  40.10	   6.94	  -3.90
	  0.616	  0.733	  0.289
	 -0.788	  0.575	  0.221
	 -0.004	 -0.364	  0.931

5 	  41.31	   8.53	   9.05
	  0.568	  0.125	  0.813
	 -0.052	 -0.981	  0.187
	  0.821	 -0.149	 -0.550

6 	  52.42	   9.28	  11.74
	  0.913	 -0.212	  0.347
	 -0.030	  0.816	  0.577
	 -0.405	 -0.538	  0.739

7 	  40.54	  -7.37	  -3.99
	  0.787	 -0.611	  0.087
	  0.611	  0.752	 -0.247
	  0.085	  0.247	  0.965

8 	  41.34	  -9.00	   8.84
	  0.541	 -0.181	  0.821
	 -0.048	 -0.982	 -0.185
	  0.839	  0.060	 -0.540

9 	  53.02	  -7.95	  11.58
	  0.888	  0.374	  0.267
	 -0.107	  0.732	 -0.672
	 -0.448	  0.568	  0.690

2 	  41.73	   6.15	  -4.43
	  0.741	 -0.654	  0.149
	  0.594	  0.743	  0.309
	 -0.313	 -0.141	  0.939

3 	  44.81	   0.11	   3.16
	  0.183	  0.059	  0.981
	  0.215	  0.971	 -0.099
	 -0.959	  0.229	  0.166

4 	  40.08	   6.93	  -3.88
	  0.617	  0.730	  0.293
	 -0.787	  0.577	  0.218
	 -0.010	 -0.366	  0.931

5 	  41.31	   8.54	   9.09
	  0.567	  0.124	  0.814
	 -0.052	 -0.981	  0.185
	  0.822	 -0.147	 -0.550

6 	  52.42	   9.26	  11.79
	  0.914	 -0.213	  0.346
	 -0.030	  0.814	  0.580
	 -0.405	 -0.541	  0.737

7 	  40.55	  -7.33	  -3.99
	  0.787	 -0.610	  0.088
	  0.611	  0.753	 -0.244
	  0.082	  0.245	  0.966

8 	  41.34	  -8.98	   8.86
	  0.540	 -0.182	  0.821
	 -0.048	 -0.981	 -0.186
	  0.840	  0.061	 -0.539

9 	  53.00	  -7.93	  11.64
	  0.887	  0.374	  0.269
	 -0.105	  0.732	 -0.673
	 -0.449	  0.569	  0.689

2 	  42.33	   6.22	  -3.92
	  0.497	 -0.816	  0.295
	  0.558	  0.561	  0.611
	 -0.664	 -0.139	  0.734

3 	  44.81	   0.11	   3.13
	  0.183	  0.059	  0.981
	  0.215	  0.971	 -0.099
	 -0.959	  0.229	  0.165

4 	  40.10	   6.94	  -3.88
	  0.627	  0.718	  0.301
	 -0.779	  0.592	  0.209
	 -0.028	 -0.366	  0.930

5 	  41.29	   8.54	   9.11
	  0.567	  0.124	  0.814
	 -0.052	 -0.981	  0.185
	  0.822	 -0.147	 -0.551

6 	  52.42	   9.26	  11.81
	  0.914	 -0.213	  0.345
	 -0.031	  0.813	  0.581
	 -0.404	 -0.542	  0.736

7 	  40.55	  -7.33	  -3.99
	  0.787	 -0.610	  0.088
	  0.611	  0.753	 -0.243
	  0.081	  0.245	  0.966

8 	  41.36	  -8.98	   8.84
	  0.541	 -0.182	  0.821
	 -0.048	 -0.981	 -0.186
	  0.840	  0.061	 -0.539

9 	  53.03	  -7.93	  11.62
	  0.888	  0.374	  0.268
	 -0.106	  0.733	 -0.672
	 -0.448	  0.568	  0.690

2 	  38.60	   8.67	  -3.62
	  0.139	 -0.336	 -0.932
	  0.920	  0.392	 -0.004
	  0.367	 -0.856	  0.363

3 	  44.93	  -0.16	   3.15
	  0.180	  0.077	  0.981
	  0.236	  0.964	 -0.119
	 -0.955	  0.253	  0.155

4 	  40.11	   6.80	  -4.03
	  0.597	  0.766	  0.237
	 -0.794	  0.524	  0.308
	  0.112	 -0.372	  0.921

5 	  41.41	   8.49	   8.91
	  0.562	  0.145	  0.814
	 -0.051	 -0.976	  0.209
	  0.825	 -0.159	 -0.542

6 	  52.49	   9.25	  11.72
	  0.908	 -0.214	  0.359
	 -0.031	  0.823	  0.567
	 -0.417	 -0.526	  0.741

7 	  40.57	  -7.65	  -3.83
	  0.780	 -0.617	  0.103
	  0.620	  0.742	 -0.254
	  0.080	  0.262	  0.962

8 	  41.33	  -9.09	   9.04
	  0.542	 -0.168	  0.823
	 -0.049	 -0.984	 -0.169
	  0.839	  0.051	 -0.542

9 	  53.03	  -8.07	  11.62
	  0.894	  0.375	  0.245
	 -0.109	  0.713	 -0.693
	 -0.435	  0.593	  0.678

2 	  38.90	   8.35	  -4.11
	  0.393	 -0.574	 -0.719
	  0.893	  0.425	  0.149
	  0.220	 -0.700	  0.679

3 	  44.91	  -0.11	   3.16
	  0.179	  0.073	  0.981
	  0.235	  0.965	 -0.116
	 -0.955	  0.252	  0.155

4 	  40.08	   6.84	  -4.01
	  0.592	  0.769	  0.240
	 -0.797	  0.515	  0.315
	  0.118	 -0.379	  0.918

5 	  41.38	   8.51	   8.96
	  0.562	  0.143	  0.815
	 -0.049	 -0.977	  0.205
	  0.826	 -0.155	 -0.542

6 	  52.51	   9.25	  11.72
	  0.910	 -0.214	  0.356
	 -0.030	  0.821	  0.570
	 -0.414	 -0.530	  0.740

7 	  40.55	  -7.61	  -3.85
	  0.780	 -0.617	  0.102
	  0.620	  0.743	 -0.251
	  0.079	  0.259	  0.962

8 	  41.31	  -9.05	   9.04
	  0.542	 -0.170	  0.823
	 -0.048	 -0.984	 -0.172
	  0.839	  0.054	 -0.542

9 	  53.03	  -8.07	  11.62
	  0.893	  0.375	  0.248
	 -0.109	  0.716	 -0.690
	 -0.436	  0.589	  0.680

2 	  38.48	   7.91	  -4.17
	  0.677	 -0.478	 -0.560
	  0.621	  0.779	  0.087
	  0.394	 -0.407	  0.824

3 	  44.88	  -0.05	   3.20
	  0.177	  0.071	  0.981
	  0.233	  0.966	 -0.112
	 -0.956	  0.249	  0.154

4 	  40.01	   6.80	  -3.94
	  0.588	  0.770	  0.248
	 -0.800	  0.508	  0.319
	  0.120	 -0.386	  0.914

5 	  41.38	   8.51	   9.00
	  0.562	  0.140	  0.815
	 -0.047	 -0.978	  0.201
	  0.826	 -0.151	 -0.543

6 	  52.49	   9.26	  11.71
	  0.912	 -0.213	  0.351
	 -0.030	  0.818	  0.574
	 -0.410	 -0.534	  0.740

7 	  40.55	  -7.52	  -3.85
	  0.782	 -0.615	  0.101
	  0.618	  0.745	 -0.248
	  0.077	  0.257	  0.963

8 	  41.33	  -9.05	   9.00
	  0.543	 -0.174	  0.821
	 -0.048	 -0.983	 -0.176
	  0.838	  0.056	 -0.543

9 	  53.07	  -8.02	  11.64
	  0.893	  0.375	  0.250
	 -0.109	  0.719	 -0.687
	 -0.437	  0.586	  0.682

2 	  37.90	   8.02	  -3.96
	  0.547	 -0.260	 -0.795
	  0.418	  0.908	 -0.009
	  0.724	 -0.328	  0.606

3 	  44.86	  -0.02	   3.20
	  0.177	  0.069	  0.981
	  0.232	  0.966	 -0.111
	 -0.956	  0.247	  0.155

4 	  39.92	   6.86	  -3.92
	  0.581	  0.775	  0.247
	 -0.803	  0.497	  0.328
	  0.131	 -0.390	  0.911

5 	  41.38	   8.51	   9.02
	  0.564	  0.138	  0.814
	 -0.046	 -0.979	  0.198
	  0.824	 -0.150	 -0.546

6 	  52.47	   9.25	  11.74
	  0.911	 -0.214	  0.351
	 -0.030	  0.817	  0.576
	 -0.410	 -0.536	  0.738

7 	  40.55	  -7.49	  -3.85
	  0.783	 -0.614	  0.100
	  0.617	  0.747	 -0.247
	  0.077	  0.255	  0.964

8 	  41.33	  -9.04	   9.00
	  0.544	 -0.175	  0.821
	 -0.048	 -0.983	 -0.177
	  0.837	  0.057	 -0.543

9 	  53.07	  -8.00	  11.62
	  0.892	  0.375	  0.252
	 -0.109	  0.719	 -0.686
	 -0.439	  0.584	  0.682

2 	  38.13	   8.72	  -3.67
	  0.501	 -0.105	 -0.859
	  0.631	  0.723	  0.280
	  0.592	 -0.682	  0.429

3 	  44.84	  -0.04	   3.20
	  0.178	  0.068	  0.982
	  0.232	  0.966	 -0.109
	 -0.956	  0.247	  0.156

4 	  39.90	   6.94	  -3.94
	  0.580	  0.776	  0.244
	 -0.802	  0.493	  0.337
	  0.141	 -0.392	  0.909

5 	  41.36	   8.51	   9.04
	  0.566	  0.137	  0.813
	 -0.046	 -0.979	  0.197
	  0.823	 -0.149	 -0.548

6 	  52.44	   9.28	  11.74
	  0.912	 -0.213	  0.350
	 -0.031	  0.816	  0.577
	 -0.408	 -0.537	  0.738

7 	  40.52	  -7.49	  -3.85
	  0.783	 -0.613	  0.100
	  0.616	  0.748	 -0.246
	  0.076	  0.254	  0.964

8 	  41.33	  -9.00	   8.96
	  0.545	 -0.175	  0.820
	 -0.048	 -0.983	 -0.178
	  0.837	  0.058	 -0.544

9 	  53.05	  -7.98	  11.64
	  0.892	  0.375	  0.253
	 -0.109	  0.720	 -0.685
	 -0.440	  0.583	  0.683

2 	  34.54	   2.30	  -2.88
	  0.497	 -0.713	 -0.494
	  0.218	  0.654	 -0.725
	  0.839	  0.253	  0.481

3 	  44.88	   0.04	   3.30
	  0.163	  0.059	  0.985
	  0.242	  0.965	 -0.098
	 -0.956	  0.254	  0.143

4 	  40.31	   7.17	  -3.92
	  0.616	  0.743	  0.262
	 -0.785	  0.548	  0.290
	  0.071	 -0.384	  0.920

5 	  41.40	   8.70	   9.07
	  0.548	  0.135	  0.826
	 -0.055	 -0.979	  0.196
	  0.835	 -0.152	 -0.529

6 	  52.51	   9.39	  11.81
	  0.915	 -0.223	  0.336
	 -0.027	  0.799	  0.601
	 -0.403	 -0.559	  0.724

7 	  40.66	  -7.31	  -3.88
	  0.783	 -0.613	  0.100
	  0.617	  0.752	 -0.230
	  0.065	  0.242	  0.968

8 	  41.34	  -8.98	   8.98
	  0.540	 -0.183	  0.821
	 -0.045	 -0.981	 -0.190
	  0.840	  0.065	 -0.538

9 	  53.07	  -8.00	  11.62
	  0.893	  0.371	  0.255
	 -0.107	  0.724	 -0.681
	 -0.438	  0.581	  0.686

2 	  34.59	   2.09	  -2.90
	  0.589	 -0.713	 -0.380
	  0.233	  0.601	 -0.765
	  0.773	  0.362	  0.520

3 	  44.86	   0.05	   3.34
	  0.161	  0.057	  0.985
	  0.243	  0.965	 -0.096
	 -0.957	  0.254	  0.141

4 	  40.29	   7.21	  -3.92
	  0.613	  0.745	  0.262
	 -0.786	  0.545	  0.291
	  0.073	 -0.385	  0.920

5 	  41.38	   8.70	   9.09
	  0.547	  0.135	  0.826
	 -0.054	 -0.979	  0.195
	  0.835	 -0.151	 -0.528

6 	  52.51	   9.40	  11.78
	  0.916	 -0.223	  0.333
	 -0.026	  0.797	  0.603
	 -0.400	 -0.562	  0.724

7 	  40.68	  -7.29	  -3.90
	  0.784	 -0.612	  0.100
	  0.617	  0.753	 -0.228
	  0.064	  0.241	  0.968

8 	  41.34	  -8.98	   8.96
	  0.540	 -0.184	  0.821
	 -0.045	 -0.981	 -0.190
	  0.840	  0.066	 -0.538

9 	  53.03	  -7.98	  11.62
	  0.892	  0.372	  0.256
	 -0.107	  0.724	 -0.681
	 -0.439	  0.580	  0.686

2 	  34.44	   2.23	  -2.48
	  0.517	 -0.662	 -0.542
	  0.072	  0.665	 -0.743
	  0.852	  0.345	  0.392

3 	  44.86	   0.05	   3.32
	  0.162	  0.057	  0.985
	  0.243	  0.965	 -0.096
	 -0.956	  0.255	  0.143

4 	  40.29	   7.19	  -3.92
	  0.613	  0.746	  0.261
	 -0.787	  0.544	  0.290
	  0.074	 -0.383	  0.921

5 	  41.40	   8.68	   9.11
	  0.546	  0.134	  0.827
	 -0.055	 -0.979	  0.194
	  0.835	 -0.151	 -0.528

6 	  52.51	   9.40	  11.79
	  0.916	 -0.222	  0.334
	 -0.027	  0.796	  0.604
	 -0.400	 -0.562	  0.723

7 	  40.66	  -7.29	  -3.90
	  0.784	 -0.612	  0.100
	  0.617	  0.753	 -0.229
	  0.064	  0.241	  0.968

8 	  41.34	  -8.96	   8.96
	  0.541	 -0.184	  0.820
	 -0.045	 -0.981	 -0.191
	  0.840	  0.066	 -0.539

9 	  53.05	  -7.98	  11.57
	  0.893	  0.372	  0.254
	 -0.109	  0.725	 -0.680
	 -0.437	  0.580	  0.687

2 	  34.24	   2.79	  -2.34
	  0.149	 -0.677	 -0.721
	  0.139	  0.736	 -0.662
	  0.979	 -0.002	  0.204

3 	  44.86	   0.05	   3.34
	  0.162	  0.058	  0.985
	  0.242	  0.965	 -0.097
	 -0.957	  0.254	  0.142

4 	  40.29	   7.15	  -3.94
	  0.614	  0.745	  0.260
	 -0.785	  0.547	  0.290
	  0.074	 -0.382	  0.921

5 	  41.40	   8.68	   9.09
	  0.548	  0.134	  0.826
	 -0.055	 -0.979	  0.195
	  0.834	 -0.152	 -0.529

6 	  52.49	   9.39	  11.79
	  0.916	 -0.222	  0.335
	 -0.029	  0.795	  0.605
	 -0.401	 -0.564	  0.722

7 	  40.66	  -7.29	  -3.88
	  0.784	 -0.612	  0.101
	  0.617	  0.753	 -0.229
	  0.064	  0.242	  0.968

8 	  41.34	  -8.98	   8.98
	  0.541	 -0.184	  0.821
	 -0.045	 -0.981	 -0.190
	  0.840	  0.065	 -0.539

9 	  53.07	  -8.02	  11.62
	  0.893	  0.371	  0.254
	 -0.107	  0.724	 -0.682
	 -0.437	  0.581	  0.686

2 	  34.49	   3.04	  -3.06
	  0.356	 -0.715	 -0.602
	  0.502	  0.690	 -0.522
	  0.788	 -0.116	  0.604

3 	  44.86	   0.07	   3.32
	  0.162	  0.058	  0.985
	  0.242	  0.965	 -0.097
	 -0.957	  0.254	  0.142

4 	  40.29	   7.19	  -3.94
	  0.614	  0.745	  0.260
	 -0.786	  0.547	  0.289
	  0.073	 -0.382	  0.921

5 	  41.38	   8.68	   9.09
	  0.547	  0.133	  0.826
	 -0.054	 -0.979	  0.193
	  0.835	 -0.151	 -0.529

6 	  52.47	   9.39	  11.83
	  0.916	 -0.222	  0.334
	 -0.031	  0.792	  0.610
	 -0.400	 -0.569	  0.718

7 	  40.64	  -7.29	  -3.88
	  0.784	 -0.612	  0.101
	  0.616	  0.753	 -0.229
	  0.064	  0.242	  0.968

8 	  41.33	  -9.00	   8.96
	  0.541	 -0.185	  0.820
	 -0.047	 -0.980	 -0.191
	  0.839	  0.065	 -0.539

9 	  53.07	  -7.98	  11.62
	  0.893	  0.371	  0.255
	 -0.107	  0.724	 -0.681
	 -0.438	  0.581	  0.686

2 	  33.17	   4.55	   2.39
	 -0.348	 -0.908	 -0.232
	 -0.017	  0.254	 -0.967
	  0.937	 -0.333	 -0.104

3 	  44.95	   0.02	   3.25
	  0.169	  0.063	  0.983
	  0.241	  0.965	 -0.104
	 -0.955	  0.255	  0.148

4 	  40.34	   7.10	  -3.97
	  0.619	  0.743	  0.253
	 -0.782	  0.555	  0.284
	  0.070	 -0.374	  0.925

5 	  41.41	   8.67	   9.02
	  0.549	  0.136	  0.824
	 -0.052	 -0.979	  0.197
	  0.834	 -0.151	 -0.531

6 	  52.51	   9.42	  11.81
	  0.916	 -0.219	  0.337
	 -0.041	  0.783	  0.620
	 -0.400	 -0.582	  0.708

7 	  40.64	  -7.38	  -3.87
	  0.784	 -0.612	  0.099
	  0.616	  0.751	 -0.237
	  0.071	  0.246	  0.966

8 	  41.34	  -9.00	   9.02
	  0.540	 -0.180	  0.822
	 -0.045	 -0.982	 -0.186
	  0.840	  0.063	 -0.538

9 	  53.05	  -8.03	  11.62
	  0.893	  0.372	  0.252
	 -0.106	  0.718	 -0.688
	 -0.437	  0.588	  0.681

2 	  33.22	   4.01	   2.06
	 -0.037	 -0.985	 -0.165
	  0.086	  0.161	 -0.983
	  0.995	 -0.050	  0.079

3 	  44.93	   0.02	   3.25
	  0.168	  0.063	  0.984
	  0.243	  0.964	 -0.104
	 -0.955	  0.257	  0.146

4 	  40.36	   7.10	  -3.99
	  0.621	  0.741	  0.254
	 -0.781	  0.556	  0.285
	  0.070	 -0.375	  0.924

5 	  41.40	   8.67	   9.04
	  0.548	  0.137	  0.825
	 -0.051	 -0.979	  0.196
	  0.835	 -0.149	 -0.530

6 	  52.51	   9.44	  11.85
	  0.916	 -0.219	  0.337
	 -0.041	  0.783	  0.620
	 -0.400	 -0.582	  0.708

7 	  40.64	  -7.37	  -3.85
	  0.784	 -0.613	  0.100
	  0.617	  0.750	 -0.236
	  0.069	  0.247	  0.966

8 	  41.33	  -9.00	   9.00
	  0.540	 -0.181	  0.822
	 -0.046	 -0.981	 -0.186
	  0.840	  0.062	 -0.539

9 	  53.02	  -8.05	  11.64
	  0.894	  0.371	  0.252
	 -0.104	  0.718	 -0.688
	 -0.437	  0.589	  0.680

2 	  33.29	   3.71	   2.51
	  0.094	 -0.957	 -0.274
	 -0.217	  0.249	 -0.944
	  0.971	  0.148	 -0.184

3 	  44.91	   0.04	   3.29
	  0.166	  0.061	  0.984
	  0.244	  0.964	 -0.101
	 -0.955	  0.257	  0.145

4 	  40.34	   7.14	  -3.96
	  0.620	  0.740	  0.257
	 -0.781	  0.555	  0.286
	  0.069	 -0.379	  0.923

5 	  41.38	   8.68	   9.07
	  0.547	  0.136	  0.826
	 -0.049	 -0.980	  0.194
	  0.835	 -0.147	 -0.530

6 	  52.47	   9.46	  11.83
	  0.917	 -0.218	  0.333
	 -0.041	  0.781	  0.623
	 -0.396	 -0.585	  0.707

7 	  40.64	  -7.31	  -3.85
	  0.784	 -0.612	  0.101
	  0.617	  0.752	 -0.233
	  0.067	  0.245	  0.967

8 	  41.34	  -8.98	   9.00
	  0.541	 -0.183	  0.821
	 -0.046	 -0.981	 -0.189
	  0.839	  0.064	 -0.539

9 	  53.02	  -8.00	  11.64
	  0.893	  0.372	  0.253
	 -0.106	  0.719	 -0.687
	 -0.438	  0.586	  0.682

2 	  33.29	   4.62	   2.72
	 -0.397	 -0.857	 -0.329
	 -0.163	  0.418	 -0.893
	  0.903	 -0.301	 -0.306

3 	  44.89	   0.05	   3.30
	  0.164	  0.061	  0.984
	  0.245	  0.964	 -0.101
	 -0.955	  0.258	  0.143

4 	  40.34	   7.15	  -3.94
	  0.622	  0.738	  0.261
	 -0.780	  0.557	  0.284
	  0.064	 -0.380	  0.922

5 	  41.40	   8.67	   9.07
	  0.547	  0.135	  0.826
	 -0.050	 -0.980	  0.193
	  0.835	 -0.147	 -0.529

6 	  52.47	   9.49	  11.83
