2 	  32.61	  -7.42	  22.75
	 -0.195	  0.980	 -0.034
	 -0.981	 -0.194	  0.009
	  0.004	  0.034	  0.999

3 	  45.23	  -1.65	   1.42
	  0.457	 -0.254	  0.852
	  0.043	  0.963	  0.264
	 -0.888	 -0.084	  0.451

4 	  40.68	   6.01	  -3.85
	  0.505	  0.843	  0.186
	 -0.851	  0.449	  0.271
	  0.146	 -0.295	  0.944

5 	  39.46	   8.98	   9.76
	  0.270	  0.206	  0.941
	 -0.314	 -0.905	  0.286
	  0.911	 -0.371	 -0.179

6 	  45.74	   9.30	  18.02
	  0.449	  0.024	  0.893
	 -0.285	  0.951	  0.117
	 -0.847	 -0.307	  0.433

7 	  39.99	  -9.42	  -2.72
	  0.292	 -0.844	  0.450
	  0.916	  0.112	 -0.384
	  0.273	  0.525	  0.806

8 	  38.46	 -11.29	   9.18
	  0.131	 -0.133	  0.982
	  0.336	 -0.927	 -0.169
	  0.933	  0.352	 -0.077

9 	  44.05	 -12.36	  20.57
	  0.317	  0.001	  0.948
	  0.603	  0.772	 -0.200
	 -0.736	  0.632	  0.242

2 	  32.59	  -7.42	  22.75
	 -0.195	  0.980	 -0.034
	 -0.981	 -0.194	  0.009
	  0.004	  0.034	  0.999

3 	  45.23	  -1.65	   1.39
	  0.459	 -0.252	  0.852
	  0.042	  0.964	  0.263
	 -0.888	 -0.085	  0.452

4 	  40.69	   5.99	  -3.87
	  0.506	  0.843	  0.184
	 -0.851	  0.450	  0.271
	  0.145	 -0.294	  0.944

5 	  39.52	   8.96	   9.72
	  0.271	  0.205	  0.940
	 -0.316	 -0.905	  0.286
	  0.910	 -0.373	 -0.179

6 	  45.76	   9.28	  17.98
	  0.448	  0.024	  0.894
	 -0.279	  0.953	  0.114
	 -0.850	 -0.300	  0.433

7 	  39.99	  -9.42	  -2.76
	  0.293	 -0.844	  0.449
	  0.916	  0.113	 -0.385
	  0.275	  0.524	  0.806

8 	  38.50	 -11.29	   9.14
	  0.132	 -0.130	  0.982
	  0.334	 -0.928	 -0.167
	  0.933	  0.349	 -0.078

9 	  44.07	 -12.38	  20.55
	  0.317	  0.001	  0.948
	  0.601	  0.774	 -0.199
	 -0.737	  0.631	  0.243

2 	  32.59	  -7.42	  22.75
	 -0.196	  0.980	 -0.034
	 -0.981	 -0.195	  0.009
	  0.003	  0.034	  0.999

3 	  45.28	  -1.67	   1.34
	  0.460	 -0.252	  0.851
	  0.041	  0.964	  0.263
	 -0.887	 -0.086	  0.454

4 	  40.69	   5.98	  -3.90
	  0.507	  0.843	  0.181
	 -0.850	  0.452	  0.272
	  0.147	 -0.292	  0.945

5 	  39.55	   8.98	   9.69
	  0.271	  0.205	  0.940
	 -0.318	 -0.903	  0.287
	  0.909	 -0.376	 -0.179

6 	  45.77	   9.26	  17.96
	  0.448	  0.025	  0.893
	 -0.275	  0.955	  0.110
	 -0.851	 -0.295	  0.435

7 	  40.01	  -9.44	  -2.78
	  0.295	 -0.843	  0.449
	  0.915	  0.113	 -0.388
	  0.276	  0.525	  0.805

8 	  38.50	 -11.29	   9.14
	  0.133	 -0.130	  0.982
	  0.333	 -0.928	 -0.167
	  0.933	  0.349	 -0.079

9 	  44.09	 -12.38	  20.53
	  0.317	  0.001	  0.948
	  0.601	  0.774	 -0.199
	 -0.737	  0.631	  0.242

2 	  32.59	  -7.42	  22.75
	 -0.195	  0.980	 -0.034
	 -0.981	 -0.194	  0.009
	  0.003	  0.034	  0.999

3 	  45.28	  -1.67	   1.34
	  0.460	 -0.252	  0.851
	  0.042	  0.964	  0.263
	 -0.887	 -0.086	  0.453

4 	  40.69	   5.98	  -3.92
	  0.507	  0.843	  0.180
	 -0.849	  0.452	  0.272
	  0.148	 -0.291	  0.945

5 	  39.55	   8.96	   9.69
	  0.271	  0.206	  0.940
	 -0.318	 -0.903	  0.287
	  0.909	 -0.376	 -0.178

6 	  45.84	   9.14	  17.91
	  0.458	  0.018	  0.889
	 -0.231	  0.968	  0.099
	 -0.859	 -0.251	  0.447

7 	  39.99	  -9.44	  -2.76
	  0.294	 -0.843	  0.450
	  0.915	  0.112	 -0.387
	  0.276	  0.525	  0.805

8 	  38.48	 -11.29	   9.16
	  0.131	 -0.131	  0.983
	  0.333	 -0.928	 -0.167
	  0.934	  0.349	 -0.078

9 	  44.07	 -12.36	  20.55
	  0.315	  0.002	  0.949
	  0.602	  0.773	 -0.199
	 -0.737	  0.632	  0.241

2 	  32.59	  -7.42	  22.73
	 -0.195	  0.980	 -0.034
	 -0.981	 -0.194	  0.009
	  0.003	  0.034	  0.999

3 	  45.25	  -1.67	   1.37
	  0.457	 -0.253	  0.852
	  0.042	  0.964	  0.263
	 -0.888	 -0.084	  0.451

4 	  40.68	   5.98	  -3.90
	  0.506	  0.843	  0.181
	 -0.850	  0.451	  0.271
	  0.147	 -0.292	  0.945

5 	  39.41	   8.93	   9.74
	  0.265	  0.210	  0.941
	 -0.297	 -0.911	  0.286
	  0.918	 -0.354	 -0.179

6 	  45.51	   9.72	  18.12
	  0.427	  0.054	  0.902
	 -0.467	  0.869	  0.166
	 -0.776	 -0.490	  0.396

7 	  39.99	  -9.44	  -2.74
	  0.293	 -0.842	  0.454
	  0.917	  0.112	 -0.383
	  0.272	  0.528	  0.804

8 	  38.41	 -11.25	   9.11
	  0.111	 -0.143	  0.983
	  0.327	 -0.929	 -0.171
	  0.938	  0.340	 -0.056

9 	  44.07	 -12.41	  20.55
	  0.323	 -0.001	  0.946
	  0.604	  0.770	 -0.203
	 -0.732	  0.635	  0.248

2 	  32.59	  -7.42	  22.75
	 -0.195	  0.980	 -0.034
	 -0.981	 -0.194	  0.009
	  0.004	  0.034	  0.999

3 	  45.23	  -1.65	   1.41
	  0.456	 -0.252	  0.853
	  0.041	  0.964	  0.262
	 -0.889	 -0.085	  0.450

4 	  40.68	   5.98	  -3.92
	  0.497	  0.845	  0.197
	 -0.856	  0.438	  0.274
	  0.146	 -0.305	  0.941

5 	  39.20	   8.68	   9.67
	  0.267	  0.254	  0.929
	 -0.174	 -0.936	  0.305
	  0.948	 -0.243	 -0.206

6 	  45.33	  11.23	  17.75
	  0.426	  0.171	  0.888
	 -0.735	  0.640	  0.225
	 -0.534	 -0.746	  0.397

7 	  40.13	  -9.44	  -2.53
	  0.320	 -0.791	  0.522
	  0.918	  0.123	 -0.377
	  0.234	  0.599	  0.765

8 	  38.55	 -11.36	   9.09
	  0.092	 -0.243	  0.966
	  0.179	 -0.950	 -0.255
	  0.979	  0.196	 -0.044

9 	  44.49	 -15.06	  19.65
	  0.370	 -0.181	  0.911
	  0.778	  0.596	 -0.194
	 -0.513	  0.779	  0.359

2 	  32.59	  -7.44	  22.75
	 -0.195	  0.980	 -0.034
	 -0.981	 -0.194	  0.009
	  0.003	  0.034	  0.999

3 	  45.23	  -1.65	   1.41
	  0.458	 -0.246	  0.854
	  0.038	  0.965	  0.258
	 -0.888	 -0.086	  0.452

4 	  40.57	   5.87	  -3.99
	  0.471	  0.857	  0.206
	 -0.873	  0.420	  0.246
	  0.125	 -0.296	  0.947

5 	  39.55	   9.19	   9.39
	  0.304	  0.422	  0.854
	  0.065	 -0.904	  0.423
	  0.950	 -0.073	 -0.302

6 	  45.53	  14.40	  16.35
	  0.435	  0.376	  0.818
	 -0.853	  0.464	  0.238
	 -0.295	 -0.801	  0.521

7 	  40.25	  -9.46	  -2.67
	  0.336	 -0.763	  0.552
	  0.917	  0.131	 -0.377
	  0.215	  0.633	  0.743

8 	  38.58	 -12.50	   8.51
	  0.099	 -0.448	  0.888
	 -0.012	 -0.894	 -0.449
	  0.995	  0.033	 -0.094

9 	  44.14	 -18.97	  17.56
	  0.353	 -0.415	  0.838
	  0.854	  0.509	 -0.106
	 -0.387	  0.753	  0.532

2 	  32.59	  -7.42	  22.75
	 -0.195	  0.980	 -0.034
	 -0.981	 -0.194	  0.009
	  0.003	  0.034	  0.999

3 	  45.25	  -1.69	   1.37
	  0.460	 -0.247	  0.852
	  0.040	  0.965	  0.259
	 -0.887	 -0.085	  0.453

4 	  40.48	   5.78	  -4.20
	  0.465	  0.864	  0.195
	 -0.878	  0.419	  0.232
	  0.119	 -0.279	  0.953

5 	  39.83	  10.67	   8.53
	  0.315	  0.598	  0.736
	  0.214	 -0.801	  0.560
	  0.925	 -0.019	 -0.380

6 	  45.65	  17.37	  13.96
	  0.444	  0.540	  0.714
	 -0.873	  0.444	  0.204
	 -0.210	 -0.714	  0.667

7 	  40.15	  -9.44	  -2.92
	  0.320	 -0.767	  0.556
	  0.924	  0.122	 -0.363
	  0.210	  0.630	  0.748

8 	  38.04	 -13.59	   7.51
	  0.076	 -0.603	  0.794
	 -0.128	 -0.796	 -0.592
	  0.989	 -0.057	 -0.137

9 	  43.05	 -22.01	  15.05
	  0.329	 -0.589	  0.738
	  0.897	  0.439	 -0.049
	 -0.299	  0.678	  0.671

2 	  32.59	  -7.42	  22.75
	 -0.195	  0.980	 -0.034
	 -0.981	 -0.194	  0.009
	  0.003	  0.034	  0.999

3 	  45.21	  -1.85	   1.16
	  0.463	 -0.256	  0.848
	  0.051	  0.963	  0.263
	 -0.885	 -0.079	  0.459

4 	  40.29	   5.62	  -4.39
	  0.463	  0.869	  0.175
	 -0.877	  0.419	  0.236
	  0.131	 -0.263	  0.956

5 	  39.87	  11.62	   7.65
	  0.325	  0.686	  0.651
	  0.275	 -0.727	  0.630
	  0.905	 -0.026	 -0.424

6 	  45.62	  19.05	  12.04
	  0.444	  0.633	  0.633
	 -0.877	  0.452	  0.162
	 -0.187	 -0.628	  0.755

7 	  39.97	  -9.47	  -3.29
	  0.337	 -0.784	  0.522
	  0.911	  0.132	 -0.390
	  0.237	  0.607	  0.759

8 	  37.78	 -14.40	   6.45
	  0.056	 -0.704	  0.708
	 -0.188	 -0.704	 -0.685
	  0.980	 -0.095	 -0.172

9 	  42.70	 -23.92	  12.57
	  0.324	 -0.705	  0.631
	  0.893	  0.448	  0.042
	 -0.316	  0.550	  0.773

2 	  32.59	  -7.42	  22.75
	 -0.196	  0.980	 -0.034
	 -0.981	 -0.195	  0.009
	  0.003	  0.034	  0.999

3 	  45.04	  -1.97	   0.86
	  0.475	 -0.264	  0.839
	  0.066	  0.962	  0.265
	 -0.878	 -0.071	  0.474

4 	  39.85	   5.48	  -4.61
	  0.461	  0.875	  0.149
	 -0.870	  0.411	  0.271
	  0.176	 -0.254	  0.951

5 	  39.96	  12.23	   6.77
	  0.337	  0.761	  0.553
	  0.386	 -0.647	  0.658
	  0.859	 -0.009	 -0.511

6 	  45.30	  20.48	  10.07
	  0.425	  0.721	  0.547
	 -0.901	  0.395	  0.178
	 -0.090	 -0.569	  0.817

7 	  39.74	  -9.40	  -3.71
	  0.385	 -0.797	  0.465
	  0.880	  0.165	 -0.446
	  0.279	  0.580	  0.765

8 	  37.74	 -15.03	   5.43
	  0.063	 -0.776	  0.628
	 -0.243	 -0.622	 -0.744
	  0.968	 -0.106	 -0.228

9 	  42.56	 -25.38	  10.11
	  0.328	 -0.787	  0.522
	  0.911	  0.409	  0.045
	 -0.252	  0.462	  0.850

2 	  32.59	  -7.42	  22.75
	 -0.196	  0.980	 -0.034
	 -0.981	 -0.195	  0.009
	  0.004	  0.034	  0.999

3 	  44.86	  -1.99	   0.47
	  0.498	 -0.268	  0.824
	  0.076	  0.961	  0.266
	 -0.864	 -0.071	  0.499

4 	  39.45	   5.48	  -4.75
	  0.467	  0.875	  0.127
	 -0.855	  0.410	  0.318
	  0.226	 -0.257	  0.939

5 	  39.97	  12.76	   6.05
	  0.328	  0.812	  0.483
	  0.474	 -0.583	  0.660
	  0.818	  0.012	 -0.575

6 	  44.75	  21.57	   8.51
	  0.382	  0.785	  0.487
	 -0.924	  0.332	  0.189
	 -0.014	 -0.523	  0.852

7 	  39.43	  -9.28	  -4.15
	  0.403	 -0.814	  0.417
	  0.857	  0.176	 -0.483
	  0.320	  0.552	  0.769

8 	  37.63	 -15.29	   4.73
	  0.067	 -0.810	  0.583
	 -0.292	 -0.574	 -0.765
	  0.954	 -0.119	 -0.275

9 	  42.43	 -25.95	   8.53
	  0.335	 -0.825	  0.454
	  0.921	  0.389	  0.027
	 -0.202	  0.410	  0.890

2 	  32.59	  -7.42	  22.75
	 -0.195	  0.980	 -0.034
	 -0.981	 -0.194	  0.009
	  0.003	  0.034	  0.999

3 	  44.63	  -1.93	   0.00
	  0.531	 -0.277	  0.800
	  0.088	  0.958	  0.274
	 -0.842	 -0.075	  0.533

4 	  38.95	   5.55	  -4.89
	  0.474	  0.874	  0.107
	 -0.835	  0.407	  0.370
	  0.280	 -0.264	  0.923

5 	  39.92	  13.17	   5.45
	  0.324	  0.840	  0.434
	  0.520	 -0.540	  0.662
	  0.792	  0.011	 -0.611

6 	  44.51	  22.27	   7.33
	  0.369	  0.818	  0.440
	 -0.929	  0.307	  0.206
	  0.033	 -0.485	  0.874

7 	  39.11	  -9.14	  -4.52
	  0.423	 -0.832	  0.360
	  0.829	  0.193	 -0.525
	  0.367	  0.520	  0.771

8 	  37.56	 -15.40	   4.20
	  0.075	 -0.831	  0.551
	 -0.327	 -0.542	 -0.774
	  0.942	 -0.122	 -0.312

9 	  42.47	 -26.21	   7.33
	  0.350	 -0.847	  0.399
	  0.924	  0.381	  0.000
	 -0.154	  0.370	  0.916

2 	  32.59	  -7.42	  22.75
	 -0.195	  0.980	 -0.034
	 -0.981	 -0.194	  0.009
	  0.004	  0.034	  0.999

3 	  44.49	  -1.92	  -0.26
	  0.552	 -0.283	  0.784
	  0.097	  0.956	  0.277
	 -0.828	 -0.078	  0.555

4 	  38.72	   5.55	  -5.01
	  0.484	  0.871	  0.085
	 -0.818	  0.415	  0.398
	  0.312	 -0.262	  0.913

5 	  40.18	  13.38	   4.90
	  0.350	  0.849	  0.394
	  0.541	 -0.526	  0.656
	  0.766	 -0.016	 -0.642

6 	  44.91	  22.48	   6.29
	  0.394	  0.829	  0.395
	 -0.918	  0.335	  0.212
	  0.043	 -0.447	  0.893

7 	  38.88	  -9.07	  -4.87
	  0.436	 -0.842	  0.317
	  0.804	  0.207	 -0.556
	  0.403	  0.497	  0.768

8 	  37.74	 -15.63	   3.66
	  0.099	 -0.849	  0.518
	 -0.356	 -0.516	 -0.779
	  0.929	 -0.107	 -0.354

9 	  42.89	 -26.51	   5.98
	  0.373	 -0.863	  0.340
	  0.918	  0.395	 -0.004
	 -0.133	  0.314	  0.940

2 	  32.59	  -7.42	  22.76
	 -0.195	  0.980	 -0.034
	 -0.981	 -0.194	  0.009
	  0.004	  0.034	  0.999

3 	  44.35	  -1.99	  -0.51
	  0.560	 -0.304	  0.771
	  0.117	  0.950	  0.289
	 -0.820	 -0.073	  0.567

4 	  38.60	   5.62	  -5.04
	  0.500	  0.862	  0.079
	 -0.800	  0.425	  0.423
	  0.332	 -0.275	  0.902

5 	  40.43	  13.52	   4.78
	  0.374	  0.851	  0.369
	  0.561	 -0.523	  0.642
	  0.740	 -0.033	 -0.671

6 	  45.30	  22.54	   5.87
	  0.423	  0.828	  0.367
	 -0.904	  0.351	  0.244
	  0.073	 -0.436	  0.897

7 	  38.67	  -8.95	  -5.17
	  0.445	 -0.851	  0.279
	  0.785	  0.221	 -0.578
	  0.431	  0.476	  0.766

8 	  37.81	 -15.70	   3.27
	  0.120	 -0.865	  0.487
	 -0.374	 -0.493	 -0.785
	  0.920	 -0.088	 -0.382

9 	  43.07	 -26.63	   4.85
	  0.398	 -0.871	  0.286
	  0.917	  0.389	 -0.091
	 -0.033	  0.299	  0.954

2 	  32.59	  -7.42	  22.75
	 -0.196	  0.980	 -0.034
	 -0.981	 -0.195	  0.010
	  0.004	  0.034	  0.999

3 	  44.26	  -1.86	  -0.67
	  0.571	 -0.314	  0.758
	  0.119	  0.946	  0.302
	 -0.812	 -0.082	  0.577

4 	  38.41	   5.78	  -4.99
	  0.501	  0.862	  0.081
	 -0.794	  0.419	  0.440
	  0.345	 -0.285	  0.894

5 	  40.48	  13.38	   5.08
	  0.388	  0.843	  0.372
	  0.584	 -0.536	  0.609
	  0.715	 -0.019	 -0.699

6 	  45.21	  22.38	   6.36
	  0.448	  0.816	  0.365
	 -0.808	  0.193	  0.556
	  0.386	 -0.544	  0.745

7 	  38.62	  -8.86	  -5.17
	  0.455	 -0.846	  0.277
	  0.778	  0.227	 -0.585
	  0.433	  0.482	  0.762

8 	  38.11	 -15.45	   3.71
	  0.147	 -0.856	  0.495
	 -0.412	 -0.508	 -0.756
	  0.899	 -0.092	 -0.427

9 	  42.47	 -26.72	   5.75
	  0.426	 -0.872	  0.240
	  0.606	  0.074	 -0.792
	  0.676	  0.482	  0.558

2 	  32.59	  -7.42	  22.75
	 -0.196	  0.980	 -0.034
	 -0.981	 -0.195	  0.010
	  0.004	  0.034	  0.999

3 	  44.24	  -1.85	  -0.65
	  0.579	 -0.312	  0.753
	  0.115	  0.946	  0.304
	 -0.807	 -0.090	  0.583

4 	  38.32	   5.75	  -4.99
	  0.494	  0.866	  0.078
	 -0.796	  0.414	  0.441
	  0.351	 -0.280	  0.894

5 	  40.92	  12.88	   5.50
	  0.401	  0.845	  0.353
	  0.667	 -0.533	  0.521
	  0.631	  0.027	 -0.775

6 	  44.98	  22.27	   6.70
	  0.474	  0.812	  0.340
	 -0.430	 -0.127	  0.894
	  0.770	 -0.569	  0.286

7 	  38.60	  -9.04	  -4.94
	  0.460	 -0.834	  0.304
	  0.778	  0.213	 -0.591
	  0.429	  0.508	  0.747

8 	  38.65	 -15.17	   4.62
	  0.219	 -0.824	  0.522
	 -0.448	 -0.560	 -0.697
	  0.867	 -0.081	 -0.491

9 	  43.42	 -26.10	   6.59
	  0.469	 -0.867	  0.167
	  0.025	 -0.176	 -0.984
	  0.883	  0.465	 -0.061

2 	  32.59	  -7.42	  22.75
	 -0.196	  0.980	 -0.034
	 -0.981	 -0.195	  0.010
	  0.004	  0.034	  0.999

3 	  44.19	  -1.86	  -0.69
	  0.592	 -0.303	  0.747
	  0.112	  0.948	  0.296
	 -0.798	 -0.092	  0.595

4 	  38.18	   5.64	  -5.01
	  0.490	  0.869	  0.066
	 -0.795	  0.414	  0.443
	  0.358	 -0.270	  0.894

5 	  41.27	  12.64	   5.62
	  0.435	  0.830	  0.347
	  0.694	 -0.554	  0.459
	  0.576	  0.041	 -0.816

6 	  45.51	  21.90	   6.66
	  0.530	  0.793	  0.300
	 -0.191	 -0.236	  0.953
	  0.827	 -0.562	  0.025

7 	  38.58	  -9.14	  -4.75
	  0.469	 -0.824	  0.319
	  0.772	  0.207	 -0.600
	  0.429	  0.527	  0.733

8 	  39.30	 -15.17	   4.96
	  0.281	 -0.806	  0.521
	 -0.473	 -0.588	 -0.656
	  0.835	 -0.062	 -0.546

9 	  44.65	 -25.82	   6.35
	  0.514	 -0.852	  0.097
	 -0.139	 -0.193	 -0.971
	  0.847	  0.486	 -0.216

2 	  32.59	  -7.42	  22.75
	 -0.195	  0.980	 -0.034
	 -0.981	 -0.194	  0.009
	  0.003	  0.034	  0.999

3 	  44.19	  -1.92	  -0.70
	  0.595	 -0.298	  0.746
	  0.115	  0.950	  0.289
	 -0.796	 -0.087	  0.599

4 	  38.16	   5.57	  -5.06
	  0.492	  0.869	  0.057
	 -0.792	  0.418	  0.444
	  0.362	 -0.264	  0.894

5 	  41.50	  12.55	   5.47
	  0.440	  0.836	  0.327
	  0.719	 -0.545	  0.430
	  0.540	  0.046	 -0.841

6 	  45.47	  21.97	   6.40
	  0.519	  0.805	  0.287
	 -0.148	 -0.248	  0.957
	  0.842	 -0.539	 -0.011

7 	  38.44	  -9.26	  -4.73
	  0.474	 -0.825	  0.307
	  0.758	  0.204	 -0.619
	  0.449	  0.526	  0.722

8 	  39.76	 -15.50	   4.66
	  0.333	 -0.820	  0.465
	 -0.514	 -0.571	 -0.640
	  0.791	 -0.026	 -0.610

9 	  45.05	 -26.17	   5.24
	  0.505	 -0.862	  0.030
	 -0.215	 -0.157	 -0.964
	  0.837	  0.480	 -0.262

2 	  32.59	  -7.42	  22.75
	 -0.195	  0.980	 -0.034
	 -0.981	 -0.194	  0.009
	  0.003	  0.034	  0.999

3 	  44.03	  -2.14	  -0.83
	  0.596	 -0.302	  0.744
	  0.146	  0.952	  0.269
	 -0.789	 -0.052	  0.611

4 	  38.11	   5.50	  -5.10
	  0.523	  0.851	  0.036
	 -0.766	  0.450	  0.459
	  0.376	 -0.268	  0.887

5 	  42.03	  12.90	   4.76
	  0.464	  0.853	  0.237
	  0.753	 -0.520	  0.403
	  0.469	 -0.008	 -0.883

6 	  46.05	  22.29	   4.34
	  0.546	  0.823	  0.156
	 -0.026	 -0.169	  0.985
	  0.838	 -0.541	 -0.071

7 	  37.42	  -9.32	  -4.13
	  0.519	 -0.845	  0.129
	  0.583	  0.240	 -0.776
	  0.625	  0.478	  0.616

8 	  41.47	 -15.47	   4.41
	  0.502	 -0.803	  0.321
	 -0.647	 -0.594	 -0.478
	  0.576	  0.032	 -0.817

9 	  47.18	 -25.86	   2.71
	  0.514	 -0.845	 -0.150
	 -0.479	 -0.133	 -0.868
	  0.717	  0.516	 -0.468

2 	  32.59	  -7.42	  22.75
	 -0.195	  0.980	 -0.034
	 -0.981	 -0.194	  0.009
	  0.003	  0.034	  0.999

3 	  43.86	  -2.21	  -1.05
	  0.620	 -0.294	  0.727
	  0.177	  0.955	  0.236
	 -0.764	 -0.018	  0.644

4 	  37.81	   5.24	  -5.38
	  0.531	  0.846	 -0.033
	 -0.732	  0.478	  0.486
	  0.428	 -0.234	  0.873

5 	  42.66	  13.34	   3.20
	  0.522	  0.848	  0.086
	  0.774	 -0.513	  0.370
	  0.360	 -0.127	 -0.924

6 	  46.90	  22.34	   0.46
	  0.597	  0.798	 -0.085
	  0.106	  0.027	  0.994
	  0.796	 -0.602	 -0.067

7 	  37.20	  -9.35	  -4.11
	  0.537	 -0.843	 -0.025
	  0.437	  0.303	 -0.847
	  0.722	  0.443	  0.531

8 	  42.66	 -16.01	   2.94
	  0.574	 -0.802	  0.161
	 -0.688	 -0.579	 -0.437
	  0.445	  0.140	 -0.884

9 	  48.13	 -26.02	  -1.05
	  0.497	 -0.806	 -0.321
	 -0.578	 -0.030	 -0.816
	  0.651	  0.590	 -0.478

2 	  32.59	  -7.42	  22.75
	 -0.195	  0.980	 -0.034
	 -0.981	 -0.194	  0.009
	  0.004	  0.034	  0.999

3 	  43.80	  -2.30	  -1.11
	  0.622	 -0.294	  0.725
	  0.180	  0.955	  0.233
	 -0.762	 -0.015	  0.647

4 	  37.63	   4.99	  -5.55
	  0.534	  0.841	 -0.084
	 -0.709	  0.499	  0.498
	  0.462	 -0.206	  0.862

5 	  43.17	  13.62	   1.83
	  0.562	  0.827	 -0.033
	  0.770	 -0.508	  0.386
	  0.303	 -0.242	 -0.921

6 	  47.55	  21.87	  -2.55
	  0.626	  0.739	 -0.249
	  0.168	  0.186	  0.968
	  0.763	 -0.646	 -0.006

7 	  36.95	  -9.28	  -4.32
	  0.511	 -0.847	 -0.145
	  0.350	  0.359	 -0.865
	  0.785	  0.391	  0.479

8 	  43.05	 -16.49	   1.20
	  0.586	 -0.810	  0.006
	 -0.740	 -0.538	 -0.403
	  0.331	  0.232	 -0.914

9 	  47.74	 -26.21	  -4.62
	  0.432	 -0.778	 -0.457
	 -0.647	  0.087	 -0.757
	  0.632	  0.621	 -0.464

2 	  32.59	  -7.42	  22.76
	 -0.195	  0.980	 -0.032
	 -0.981	 -0.194	  0.011
	  0.006	  0.032	  0.999

3 	  43.70	  -2.43	  -1.23
	  0.609	 -0.318	  0.727
	  0.209	  0.948	  0.240
	 -0.766	  0.005	  0.643

4 	  37.58	   4.92	  -5.61
	  0.548	  0.828	 -0.121
	 -0.678	  0.524	  0.515
	  0.491	 -0.200	  0.848

5 	  43.84	  13.64	   0.79
	  0.608	  0.785	 -0.117
	  0.756	 -0.528	  0.386
	  0.242	 -0.324	 -0.915

6 	  48.38	  20.92	  -4.99
	  0.652	  0.649	 -0.390
	  0.252	  0.303	  0.919
	  0.717	 -0.696	  0.037

7 	  36.81	  -9.21	  -4.55
	  0.481	 -0.845	 -0.235
	  0.287	  0.404	 -0.868
	  0.829	  0.350	  0.436

8 	  43.29	 -16.82	  -0.53
	  0.590	 -0.796	 -0.134
	 -0.770	 -0.505	 -0.390
	  0.244	  0.333	 -0.911

9 	  47.39	 -25.70	  -8.28
	  0.371	 -0.705	 -0.604
	 -0.706	  0.210	 -0.676
	  0.608	  0.675	 -0.419

2 	  32.61	  -7.40	  22.73
	 -0.089	  0.995	 -0.031
	 -0.996	 -0.088	  0.011
	  0.009	  0.031	  0.999

3 	  43.63	  -2.55	  -1.30
	  0.600	 -0.335	  0.726
	  0.232	  0.941	  0.244
	 -0.767	  0.022	  0.641

4 	  37.53	   4.82	  -5.73
	  0.558	  0.810	 -0.179
	 -0.636	  0.555	  0.535
	  0.534	 -0.185	  0.825

5 	  44.44	  13.48	  -0.42
	  0.643	  0.737	 -0.206
	  0.746	 -0.544	  0.383
	  0.171	 -0.400	 -0.900

6 	  48.81	  19.60	  -7.66
	  0.645	  0.531	 -0.549
	  0.373	  0.411	  0.832
	  0.671	 -0.738	  0.070

7 	  36.60	  -9.18	  -4.68
	  0.466	 -0.839	 -0.281
	  0.249	  0.428	 -0.869
	  0.849	  0.334	  0.408

8 	  43.54	 -16.75	  -1.74
	  0.606	 -0.759	 -0.238
	 -0.779	 -0.505	 -0.370
	  0.161	  0.410	 -0.898

9 	  47.23	 -24.68	 -10.95
	  0.327	 -0.621	 -0.712
	 -0.757	  0.279	 -0.590
	  0.568	  0.730	 -0.379

2 	  32.61	  -7.40	  22.75
	 -0.052	  0.998	 -0.031
	 -0.999	 -0.051	  0.010
	  0.009	  0.030	  0.999

3 	  43.56	  -2.57	  -1.32
	  0.596	 -0.343	  0.726
	  0.245	  0.938	  0.244
	 -0.766	  0.031	  0.643

4 	  37.44	   4.71	  -5.78
	  0.569	  0.792	 -0.222
	 -0.594	  0.582	  0.555
	  0.570	 -0.184	  0.801

5 	  44.89	  13.27	  -1.41
	  0.665	  0.694	 -0.275
	  0.738	 -0.555	  0.383
	  0.114	 -0.458	 -0.882

6 	  48.97	  18.51	  -9.60
	  0.622	  0.437	 -0.650
	  0.456	  0.475	  0.753
	  0.642	 -0.760	  0.098

7 	  36.56	  -9.14	  -4.68
	  0.462	 -0.834	 -0.301
	  0.233	  0.441	 -0.867
	  0.856	  0.330	  0.398

8 	  43.79	 -16.61	  -2.46
	  0.617	 -0.727	 -0.300
	 -0.779	 -0.511	 -0.364
	  0.112	  0.459	 -0.881

9 	  47.14	 -23.85	 -12.55
	  0.294	 -0.557	 -0.777
	 -0.794	  0.312	 -0.523
	  0.536	  0.768	 -0.351

2 	  32.61	  -7.40	  22.75
	 -0.047	  0.998	 -0.031
	 -0.999	 -0.047	  0.009
	  0.008	  0.030	  0.999

3 	  43.54	  -2.58	  -1.34
	  0.594	 -0.349	  0.725
	  0.254	  0.936	  0.243
	 -0.764	  0.038	  0.644

4 	  37.37	   4.64	  -5.87
	  0.570	  0.776	 -0.267
	 -0.554	  0.603	  0.573
	  0.607	 -0.179	  0.774

5 	  45.14	  13.10	  -2.32
	  0.668	  0.661	 -0.341
	  0.741	 -0.554	  0.378
	  0.062	 -0.505	 -0.861

6 	  48.73	  17.58	 -11.37
	  0.578	  0.360	 -0.732
	  0.517	  0.536	  0.667
	  0.638	 -0.760	  0.124

7 	  36.44	  -9.07	  -4.75
	  0.452	 -0.826	 -0.337
	  0.205	  0.463	 -0.862
	  0.868	  0.320	  0.379

8 	  43.91	 -16.38	  -3.45
	  0.621	 -0.689	 -0.373
	 -0.781	 -0.510	 -0.360
	  0.057	  0.515	 -0.855

9 	  46.90	 -22.71	 -14.41
	  0.261	 -0.486	 -0.834
	 -0.811	  0.361	 -0.461
	  0.529	  0.793	 -0.302

2 	  32.61	  -7.38	  22.76
	 -0.043	  0.998	 -0.031
	 -0.999	 -0.042	  0.009
	  0.009	  0.030	  0.999

3 	  43.49	  -2.58	  -1.39
	  0.592	 -0.355	  0.723
	  0.266	  0.933	  0.241
	 -0.762	  0.049	  0.646

4 	  37.23	   4.61	  -5.89
	  0.571	  0.761	 -0.306
	 -0.514	  0.622	  0.590
	  0.641	 -0.180	  0.746

5 	  45.33	  12.94	  -3.27
	  0.667	  0.622	 -0.409
	  0.744	 -0.548	  0.381
	  0.013	 -0.559	 -0.829

6 	  48.29	  16.29	 -13.22
	  0.516	  0.246	 -0.820
	  0.583	  0.604	  0.543
	  0.635	 -0.753	  0.168

7 	  36.26	  -8.96	  -4.82
	  0.439	 -0.818	 -0.371
	  0.180	  0.484	 -0.856
	  0.880	  0.310	  0.359

8 	  43.89	 -16.12	  -4.29
	  0.620	 -0.651	 -0.439
	 -0.785	 -0.503	 -0.362
	  0.014	  0.569	 -0.822

9 	  46.37	 -21.50	 -16.12
	  0.212	 -0.403	 -0.890
	 -0.824	  0.417	 -0.382
	  0.530	  0.811	 -0.246

2 	  32.59	  -7.42	  22.75
	 -0.024	  0.999	 -0.030
	 -1.000	 -0.024	  0.008
	  0.008	  0.030	  0.999

3 	  43.44	  -2.58	  -1.42
	  0.592	 -0.363	  0.719
	  0.277	  0.930	  0.241
	 -0.758	  0.055	  0.650

4 	  37.14	   4.57	  -5.91
	  0.571	  0.745	 -0.344
	 -0.473	  0.640	  0.605
	  0.672	 -0.184	  0.717

5 	  45.56	  12.60	  -4.10
	  0.669	  0.578	 -0.467
	  0.742	 -0.551	  0.380
	 -0.038	 -0.601	 -0.798

6 	  48.08	  15.15	 -14.47
	  0.468	  0.163	 -0.868
	  0.630	  0.629	  0.455
	  0.625	 -0.756	  0.190

7 	  36.11	  -8.88	  -4.82
	  0.426	 -0.809	 -0.405
	  0.158	  0.507	 -0.847
	  0.891	  0.297	  0.344

8 	  43.86	 -15.79	  -5.26
	  0.615	 -0.600	 -0.511
	 -0.788	 -0.493	 -0.368
	 -0.032	  0.629	 -0.777

9 	  45.81	 -20.00	 -17.89
	  0.162	 -0.309	 -0.937
	 -0.838	  0.460	 -0.295
	  0.525	  0.830	 -0.186

2 	  32.61	  -7.38	  22.75
	  0.008	  0.999	 -0.030
	 -1.000	  0.008	  0.008
	  0.009	  0.029	  0.999

3 	  43.40	  -2.60	  -1.46
	  0.590	 -0.372	  0.716
	  0.289	  0.926	  0.243
	 -0.755	  0.062	  0.652

4 	  37.07	   4.55	  -5.92
	  0.570	  0.729	 -0.378
	 -0.429	  0.656	  0.620
	  0.701	 -0.192	  0.687

5 	  45.76	  12.29	  -4.94
	  0.664	  0.537	 -0.520
	  0.742	 -0.561	  0.367
	 -0.096	 -0.630	 -0.771

6 	  47.76	  14.33	 -15.57
	  0.420	  0.110	 -0.901
	  0.663	  0.643	  0.383
	  0.627	 -0.754	  0.194

7 	  35.98	  -8.74	  -4.87
	  0.414	 -0.798	 -0.438
	  0.136	  0.530	 -0.837
	  0.900	  0.286	  0.328

8 	  43.80	 -15.31	  -6.19
	  0.607	 -0.547	 -0.576
	 -0.790	 -0.490	 -0.368
	 -0.083	  0.679	 -0.730

9 	  45.26	 -18.54	 -19.21
	  0.114	 -0.234	 -0.966
	 -0.859	  0.466	 -0.213
	  0.502	  0.851	 -0.150

2 	  32.61	  -7.38	  22.75
	  0.020	  0.999	 -0.029
	 -1.000	  0.021	  0.007
	  0.008	  0.028	  0.999

3 	  43.35	  -2.48	  -1.49
	  0.591	 -0.381	  0.711
	  0.297	  0.922	  0.249
	 -0.752	  0.064	  0.656

4 	  36.95	   4.61	  -5.96
	  0.564	  0.716	 -0.411
	 -0.393	  0.669	  0.630
	  0.727	 -0.194	  0.658

5 	  45.81	  12.01	  -6.06
	  0.651	  0.480	 -0.587
	  0.743	 -0.558	  0.368
	 -0.153	 -0.676	 -0.721

6 	  47.02	  12.81	 -17.21
	  0.342	  0.002	 -0.940
	  0.701	  0.667	  0.252
	  0.632	 -0.742	  0.222

7 	  35.77	  -8.51	  -4.89
	  0.406	 -0.776	 -0.482
	  0.087	  0.558	 -0.825
	  0.909	  0.294	  0.294

8 	  43.66	 -14.66	  -7.08
	  0.594	 -0.485	 -0.641
	 -0.793	 -0.487	 -0.365
	 -0.137	  0.726	 -0.674

9 	  44.40	 -16.68	 -20.64
	  0.049	 -0.131	 -0.990
	 -0.870	  0.481	 -0.106
	  0.491	  0.865	 -0.093

2 	  32.62	  -7.38	  22.75
	  0.022	  0.999	 -0.028
	 -1.000	  0.022	  0.008
	  0.009	  0.027	  0.999

3 	  43.28	  -2.48	  -1.60
	  0.589	 -0.394	  0.705
	  0.313	  0.915	  0.252
	 -0.746	  0.071	  0.662

4 	  36.79	   4.50	  -6.03
	  0.560	  0.692	 -0.455
	 -0.338	  0.691	  0.638
	  0.757	 -0.204	  0.620

5 	  45.81	  11.34	  -7.31
	  0.628	  0.417	 -0.656
	  0.748	 -0.556	  0.362
	 -0.217	 -0.718	 -0.661

6 	  46.27	  11.23	 -18.65
	  0.267	 -0.088	 -0.960
	  0.727	  0.673	  0.138
	  0.638	 -0.732	  0.239

7 	  35.40	  -8.33	  -4.94
	  0.389	 -0.752	 -0.533
	  0.040	  0.591	 -0.805
	  0.920	  0.291	  0.260

8 	  43.31	 -14.03	  -8.07
	  0.572	 -0.417	 -0.706
	 -0.799	 -0.479	 -0.365
	 -0.188	  0.772	 -0.607

9 	  43.21	 -14.61	 -21.88
	 -0.026	 -0.011	 -1.000
	 -0.870	  0.493	  0.018
	  0.494	  0.869	 -0.025

2 	  32.62	  -7.37	  22.75
	  0.022	  0.999	 -0.021
	 -1.000	  0.023	  0.009
	  0.010	  0.020	  1.000

3 	  43.15	  -2.51	  -1.65
	  0.583	 -0.414	  0.699
	  0.329	  0.906	  0.263
	 -0.744	  0.075	  0.663

4 	  36.63	   4.48	  -6.06
	  0.554	  0.675	 -0.487
	 -0.293	  0.706	  0.645
	  0.779	 -0.215	  0.588

5 	  45.70	  10.88	  -8.35
	  0.604	  0.354	 -0.714
	  0.754	 -0.544	  0.368
	 -0.260	 -0.760	 -0.596

6 	  45.47	   9.77	 -19.72
	  0.199	 -0.183	 -0.963
	  0.734	  0.678	  0.020
	  0.653	 -0.709	  0.265

7 	  35.19	  -8.12	  -5.01
	  0.372	 -0.735	 -0.567
	  0.017	  0.616	 -0.787
	  0.928	  0.283	  0.242

8 	  43.12	 -13.41	  -8.72
	  0.551	 -0.360	 -0.752
	 -0.802	 -0.476	 -0.359
	 -0.231	  0.802	 -0.551

9 	  42.24	 -12.57	 -22.57
	 -0.100	  0.113	 -0.989
	 -0.860	  0.489	  0.144
	  0.500	  0.865	  0.046

2 	  32.62	  -7.37	  22.75
	  0.021	  0.999	 -0.018
	 -1.000	  0.022	  0.008
	  0.008	  0.017	  1.000

3 	  43.14	  -2.44	  -1.71
	  0.580	 -0.430	  0.692
	  0.333	  0.900	  0.281
	 -0.745	  0.066	  0.664

4 	  36.54	   4.52	  -6.05
	  0.548	  0.666	 -0.506
	 -0.272	  0.713	  0.645
	  0.791	 -0.216	  0.571

5 	  45.58	  10.53	  -9.05
	  0.581	  0.307	 -0.753
	  0.758	 -0.540	  0.364
	 -0.298	 -0.783	 -0.547

6 	  44.86	   8.70	 -20.30
	  0.148	 -0.251	 -0.957
	  0.736	  0.674	 -0.066
	  0.664	 -0.693	  0.280

7 	  35.12	  -7.96	  -5.08
	  0.369	 -0.719	 -0.589
	  0.006	  0.636	 -0.772
	  0.929	  0.281	  0.239

8 	  43.12	 -13.04	  -8.95
	  0.548	 -0.330	 -0.768
	 -0.797	 -0.485	 -0.360
	 -0.256	  0.809	 -0.529

9 	  42.13	 -11.79	 -22.55
	 -0.116	  0.152	 -0.982
	 -0.868	  0.465	  0.175
	  0.483	  0.872	  0.076

2 	  32.61	  -7.38	  22.75
	  0.022	  0.999	 -0.030
	 -1.000	  0.023	  0.006
	  0.007	  0.029	  0.999

3 	  43.12	  -2.32	  -1.72
	  0.588	 -0.435	  0.682
	  0.327	  0.898	  0.292
	 -0.741	  0.051	  0.669

4 	  36.44	   4.55	  -6.03
	  0.536	  0.667	 -0.517
	 -0.268	  0.714	  0.647
	  0.801	 -0.209	  0.561

5 	  45.47	  10.44	  -9.28
	  0.572	  0.289	 -0.768
	  0.761	 -0.538	  0.363
	 -0.311	 -0.791	 -0.527

6 	  44.60	   8.16	 -20.41
	  0.126	 -0.296	 -0.947
	  0.735	  0.668	 -0.113
	  0.669	 -0.681	  0.297

7 	  35.24	  -8.03	  -5.03
	  0.382	 -0.723	 -0.575
	  0.014	  0.627	 -0.779
	  0.924	  0.290	  0.250

8 	  43.40	 -13.06	  -8.68
	  0.566	 -0.332	 -0.754
	 -0.781	 -0.508	 -0.362
	 -0.265	  0.794	 -0.547

9 	  42.57	 -12.01	 -22.39
	 -0.104	  0.140	 -0.985
	 -0.880	  0.448	  0.157
	  0.464	  0.883	  0.075

2 	  32.61	  -7.38	  22.75
	  0.022	  0.999	 -0.031
	 -1.000	  0.023	  0.004
	  0.005	  0.030	  0.999

3 	  43.17	  -2.36	  -1.72
	  0.589	 -0.432	  0.682
	  0.324	  0.900	  0.291
	 -0.741	  0.048	  0.669

4 	  36.51	   4.48	  -6.06
	  0.537	  0.663	 -0.521
	 -0.266	  0.718	  0.642
	  0.801	 -0.207	  0.561

5 	  45.58	  10.14	  -9.46
	  0.569	  0.268	 -0.777
	  0.756	 -0.542	  0.366
	 -0.326	 -0.795	 -0.511

6 	  44.51	   7.54	 -20.57
	  0.102	 -0.329	 -0.939
	  0.740	  0.655	 -0.151
	  0.667	 -0.679	  0.307

7 	  35.28	  -8.07	  -5.04
	  0.383	 -0.724	 -0.574
	  0.019	  0.627	 -0.779
	  0.923	  0.287	  0.254

8 	  43.44	 -13.08	  -8.67
	  0.567	 -0.332	 -0.753
	 -0.781	 -0.508	 -0.364
	 -0.264	  0.794	 -0.547

9 	  42.52	 -11.94	 -22.39
	 -0.112	  0.155	 -0.982
	 -0.873	  0.456	  0.172
	  0.474	  0.876	  0.083

2 	  32.61	  -7.38	  22.75
	  0.022	  0.999	 -0.032
	 -1.000	  0.023	  0.004
	  0.005	  0.031	  0.999

3 	  43.17	  -2.37	  -1.71
	  0.589	 -0.434	  0.682
	  0.326	  0.899	  0.292
	 -0.741	  0.049	  0.670

4 	  36.44	   4.45	  -6.05
	  0.534	  0.656	 -0.532
	 -0.255	  0.725	  0.640
	  0.806	 -0.207	  0.554

5 	  45.42	   9.93	  -9.79
	  0.551	  0.245	 -0.798
	  0.763	 -0.535	  0.361
	 -0.341	 -0.807	 -0.481

6 	  43.98	   7.01	 -20.87
	  0.071	 -0.361	 -0.930
	  0.729	  0.654	 -0.200
	  0.682	 -0.664	  0.305

7 	  35.24	  -8.05	  -5.03
	  0.382	 -0.724	 -0.575
	  0.020	  0.628	 -0.778
	  0.924	  0.286	  0.254

8 	  43.42	 -13.08	  -8.65
	  0.568	 -0.332	 -0.753
	 -0.780	 -0.509	 -0.363
	 -0.265	  0.793	 -0.548

9 	  42.45	 -11.88	 -22.32
	 -0.120	  0.165	 -0.979
	 -0.873	  0.451	  0.183
	  0.472	  0.877	  0.088

2 	  32.61	  -7.38	  22.76
	  0.022	  0.999	 -0.033
	 -1.000	  0.023	  0.004
	  0.005	  0.032	  0.999

3 	  43.12	  -2.36	  -1.71
	  0.597	 -0.433	  0.675
	  0.327	  0.899	  0.289
	 -0.734	  0.048	  0.677

4 	  36.35	   4.38	  -6.05
	  0.528	  0.651	 -0.546
	 -0.250	  0.732	  0.634
	  0.812	 -0.198	  0.548

5 	  45.23	   9.70	 -10.11
	  0.534	  0.229	 -0.814
	  0.772	 -0.524	  0.358
	 -0.347	 -0.819	 -0.456

6 	  43.63	   6.57	 -21.04
	  0.053	 -0.377	 -0.925
	  0.720	  0.655	 -0.228
	  0.692	 -0.655	  0.302

7 	  35.23	  -8.09	  -5.01
	  0.382	 -0.725	 -0.573
	  0.020	  0.626	 -0.779
	  0.924	  0.286	  0.254

8 	  43.40	 -13.13	  -8.61
	  0.568	 -0.331	 -0.754
	 -0.779	 -0.512	 -0.361
	 -0.269	  0.792	 -0.548

9 	  42.38	 -11.87	 -22.31
	 -0.125	  0.173	 -0.977
	 -0.873	  0.448	  0.192
	  0.471	  0.877	  0.094

2 	  32.62	  -7.38	  22.75
	  0.022	  0.999	 -0.033
	 -1.000	  0.023	  0.003
	  0.005	  0.032	  0.999

3 	  43.10	  -2.44	  -1.71
	  0.600	 -0.437	  0.670
	  0.334	  0.897	  0.288
	 -0.729	  0.051	  0.683

4 	  36.30	   4.31	  -6.03
	  0.529	  0.644	 -0.553
	 -0.246	  0.739	  0.627
	  0.812	 -0.196	  0.549

5 	  45.16	   9.46	 -10.32
	  0.527	  0.209	 -0.823
	  0.775	 -0.517	  0.363
	 -0.353	 -0.829	 -0.435

6 	  43.47	   6.10	 -21.16
	  0.044	 -0.400	 -0.915
	  0.715	  0.651	 -0.253
	  0.698	 -0.644	  0.311

7 	  35.21	  -8.12	  -4.99
	  0.381	 -0.726	 -0.572
	  0.022	  0.625	 -0.780
	  0.924	  0.285	  0.254

8 	  43.40	 -13.17	  -8.56
	  0.569	 -0.333	 -0.752
	 -0.779	 -0.513	 -0.361
	 -0.268	  0.791	 -0.550

9 	  42.36	 -11.95	 -22.25
	 -0.128	  0.170	 -0.977
	 -0.877	  0.440	  0.192
	  0.463	  0.881	  0.092

2 	  32.62	  -7.38	  22.75
	  0.022	  0.999	 -0.033
	 -1.000	  0.023	  0.004
	  0.005	  0.032	  0.999

3 	  43.10	  -2.44	  -1.69
	  0.600	 -0.436	  0.670
	  0.332	  0.898	  0.288
	 -0.729	  0.049	  0.683

4 	  36.32	   4.25	  -6.03
	  0.527	  0.644	 -0.554
	 -0.251	  0.740	  0.623
	  0.812	 -0.189	  0.552

5 	  45.16	   9.46	 -10.32
	  0.526	  0.210	 -0.824
	  0.775	 -0.516	  0.363
	 -0.352	 -0.829	 -0.435

6 	  43.54	   6.19	 -21.16
	  0.046	 -0.387	 -0.921
	  0.716	  0.655	 -0.242
	  0.698	 -0.648	  0.303

7 	  35.37	  -8.23	  -4.94
	  0.396	 -0.729	 -0.558
	  0.033	  0.619	 -0.784
	  0.917	  0.292	  0.270

8 	  43.72	 -13.32	  -8.17
	  0.588	 -0.342	 -0.733
	 -0.766	 -0.528	 -0.368
	 -0.263	  0.777	 -0.572

9 	  43.10	 -12.25	 -21.74
	 -0.097	  0.161	 -0.982
	 -0.878	  0.450	  0.162
	  0.468	  0.878	  0.096

2 	  32.62	  -7.38	  22.76
	  0.022	  0.999	 -0.033
	 -1.000	  0.023	  0.003
	  0.005	  0.032	  0.999

3 	  43.22	  -2.43	  -1.46
	  0.602	 -0.420	  0.679
	  0.309	  0.906	  0.289
	 -0.738	  0.035	  0.674

4 	  36.46	   4.24	  -5.94
	  0.537	  0.656	 -0.530
	 -0.278	  0.730	  0.624
	  0.797	 -0.188	  0.574

5 	  45.33	  10.04	  -9.47
	  0.560	  0.281	 -0.779
	  0.783	 -0.485	  0.388
	 -0.271	 -0.827	 -0.492

6 	  44.72	   7.75	 -20.34
	  0.148	 -0.306	 -0.941
	  0.676	  0.724	 -0.132
	  0.724	 -0.616	  0.309

7 	  35.84	  -8.46	  -4.73
	  0.423	 -0.760	 -0.493
	  0.101	  0.580	 -0.808
	  0.900	  0.292	  0.322

8 	  44.37	 -14.03	  -6.70
	  0.642	 -0.416	 -0.644
	 -0.744	 -0.545	 -0.388
	 -0.192	  0.727	 -0.659

9 	  44.98	 -14.48	 -20.32
	  0.014	  0.052	 -0.999
	 -0.865	  0.501	  0.015
	  0.502	  0.863	  0.050

2 	  32.62	  -7.38	  22.75
	  0.022	  0.999	 -0.033
	 -1.000	  0.023	  0.004
	  0.005	  0.032	  0.999

3 	  43.51	  -2.43	  -1.48
	  0.616	 -0.375	  0.692
	  0.283	  0.926	  0.250
	 -0.736	  0.040	  0.675

4 	  36.67	   4.34	  -5.89
	  0.519	  0.706	 -0.482
	 -0.345	  0.688	  0.638
	  0.782	 -0.165	  0.600

5 	  45.09	  11.37	  -8.24
	  0.543	  0.431	 -0.720
	  0.812	 -0.488	  0.319
	 -0.216	 -0.758	 -0.615

6 	  44.63	  11.62	 -19.46
	  0.195	 -0.040	 -0.980
	  0.621	  0.778	  0.087
	  0.762	 -0.624	  0.171

7 	  36.11	  -8.60	  -4.62
	  0.409	 -0.795	 -0.447
	  0.160	  0.545	 -0.823
	  0.898	  0.265	  0.350

8 	  44.09	 -15.03	  -5.64
	  0.622	 -0.534	 -0.572
	 -0.774	 -0.528	 -0.349
	 -0.117	  0.660	 -0.742

9 	  44.93	 -17.28	 -19.05
	  0.057	 -0.091	 -0.994
	 -0.810	  0.578	 -0.098
	  0.585	  0.809	 -0.044

2 	  32.62	  -7.38	  22.75
	  0.022	  0.999	 -0.033
	 -1.000	  0.023	  0.004
	  0.005	  0.032	  0.999

3 	  43.33	  -2.39	  -1.58
	  0.641	 -0.350	  0.682
	  0.274	  0.935	  0.223
	 -0.717	  0.042	  0.695

4 	  36.28	   4.52	  -5.62
	  0.505	  0.742	 -0.440
	 -0.377	  0.648	  0.662
	  0.777	 -0.169	  0.606

5 	  44.33	  12.34	  -7.05
	  0.519	  0.539	 -0.663
	  0.833	 -0.492	  0.251
	 -0.193	 -0.683	 -0.705

6 	  44.24	  14.80	 -17.86
	  0.234	  0.193	 -0.953
	  0.576	  0.764	  0.292
	  0.787	 -0.613	  0.065

7 	  35.65	  -8.65	  -4.39
	  0.367	 -0.831	 -0.418
	  0.208	  0.511	 -0.834
	  0.906	  0.219	  0.360

8 	  43.08	 -15.93	  -4.29
	  0.584	 -0.654	 -0.480
	 -0.811	 -0.491	 -0.318
	 -0.029	  0.575	 -0.818

9 	  44.24	 -20.13	 -17.12
	  0.096	 -0.250	 -0.964
	 -0.749	  0.621	 -0.233
	  0.658	  0.741	 -0.130

2 	  32.62	  -7.38	  22.75
	  0.022	  0.999	 -0.033
	 -1.000	  0.023	  0.004
	  0.005	  0.032	  0.999

3 	  43.14	  -2.41	  -1.72
	  0.662	 -0.339	  0.668
	  0.274	  0.939	  0.206
	 -0.699	  0.046	  0.714

4 	  36.12	   4.68	  -5.41
	  0.508	  0.766	 -0.394
	 -0.408	  0.616	  0.673
	  0.759	 -0.181	  0.625

5 	  43.95	  13.04	  -5.84
	  0.518	  0.622	 -0.586
	  0.846	 -0.472	  0.247
	 -0.124	 -0.625	 -0.771

6 	  44.63	  16.91	 -16.01
	  0.309	  0.344	 -0.887
	  0.505	  0.733	  0.456
	  0.810	 -0.584	  0.051

7 	  35.58	  -8.67	  -4.31
	  0.358	 -0.847	 -0.394
	  0.229	  0.488	 -0.842
	  0.905	  0.211	  0.368

8 	  42.52	 -16.47	  -2.88
	  0.555	 -0.751	 -0.357
	 -0.830	 -0.469	 -0.303
	  0.060	  0.464	 -0.884

9 	  44.16	 -22.55	 -14.64
	  0.153	 -0.411	 -0.899
	 -0.690	  0.609	 -0.391
	  0.711	  0.676	 -0.193

2 	  32.62	  -7.40	  22.75
	  0.022	  0.999	 -0.033
	 -1.000	  0.023	  0.004
	  0.005	  0.032	  0.999

3 	  43.12	  -2.43	  -1.76
	  0.670	 -0.337	  0.661
	  0.274	  0.940	  0.203
	 -0.692	  0.044	  0.721

4 	  36.16	   4.80	  -5.33
	  0.516	  0.778	 -0.358
	 -0.436	  0.597	  0.673
	  0.738	 -0.191	  0.647

5 	  43.95	  13.36	  -4.62
	  0.537	  0.672	 -0.510
	  0.840	 -0.480	  0.252
	 -0.076	 -0.564	 -0.822

6 	  45.26	  18.18	 -14.31
	  0.367	  0.436	 -0.822
	  0.463	  0.684	  0.564
	  0.811	 -0.582	  0.049

7 	  35.61	  -8.72	  -4.24
	  0.371	 -0.860	 -0.350
	  0.258	  0.457	 -0.851
	  0.892	  0.225	  0.391

8 	  42.21	 -16.59	  -1.46
	  0.546	 -0.806	 -0.229
	 -0.823	 -0.466	 -0.324
	  0.155	  0.365	 -0.917

9 	  44.63	 -24.10	 -11.95
	  0.232	 -0.532	 -0.815
	 -0.616	  0.570	 -0.544
	  0.757	  0.623	 -0.197

2 	  32.62	  -7.38	  22.75
	  0.022	  0.999	 -0.033
	 -1.000	  0.022	  0.004
	  0.005	  0.032	  0.999

3 	  43.17	  -2.36	  -1.65
	  0.668	 -0.330	  0.666
	  0.264	  0.943	  0.203
	 -0.697	  0.039	  0.716

4 	  36.32	   4.92	  -5.27
	  0.528	  0.786	 -0.319
	 -0.473	  0.584	  0.659
	  0.706	 -0.197	  0.680

5 	  44.03	  13.54	  -3.55
	  0.562	  0.701	 -0.439
	  0.827	 -0.488	  0.278
	 -0.020	 -0.520	 -0.854

6 	  45.98	  18.97	 -12.67
	  0.430	  0.494	 -0.755
	  0.402	  0.647	  0.647
	  0.812	 -0.577	  0.080

7 	  35.91	  -8.79	  -4.18
	  0.403	 -0.870	 -0.284
	  0.305	  0.420	 -0.854
	  0.862	  0.258	  0.435

8 	  42.05	 -16.51	   0.32
	  0.542	 -0.838	 -0.061
	 -0.795	 -0.488	 -0.359
	  0.272	  0.243	 -0.931

9 	  45.56	 -25.42	  -8.03
	  0.339	 -0.666	 -0.665
	 -0.510	  0.467	 -0.722
	  0.795	  0.578	 -0.180

2 	  32.62	  -7.38	  22.75
	  0.022	  0.999	 -0.033
	 -1.000	  0.023	  0.004
	  0.005	  0.032	  0.999

3 	  43.33	  -2.32	  -1.41
	  0.662	 -0.308	  0.683
	  0.243	  0.950	  0.194
	 -0.710	  0.036	  0.703

4 	  36.54	   4.92	  -5.29
	  0.537	  0.792	 -0.290
	 -0.510	  0.578	  0.637
	  0.673	 -0.194	  0.714

5 	  44.05	  13.61	  -2.57
	  0.570	  0.735	 -0.368
	  0.821	 -0.490	  0.293
	  0.035	 -0.469	 -0.882

6 	  46.67	  19.90	 -10.72
	  0.489	  0.583	 -0.649
	  0.313	  0.580	  0.752
	  0.817	 -0.566	  0.103

7 	  36.28	  -8.95	  -3.97
	  0.445	 -0.875	 -0.189
	  0.366	  0.370	 -0.854
	  0.817	  0.310	  0.485

8 	  41.99	 -16.17	   2.02
	  0.549	 -0.831	  0.089
	 -0.748	 -0.536	 -0.391
	  0.373	  0.148	 -0.916

9 	  46.48	 -25.89	  -4.39
	  0.433	 -0.743	 -0.509
	 -0.411	  0.344	 -0.844
	  0.806	  0.571	 -0.154

2 	  32.62	  -7.38	  22.75
	  0.022	  0.999	 -0.033
	 -1.000	  0.023	  0.003
	  0.005	  0.032	  0.999

3 	  43.45	  -2.30	  -1.16
	  0.651	 -0.287	  0.702
	  0.216	  0.957	  0.191
	 -0.729	  0.026	  0.685

4 	  36.81	   4.94	  -5.24
	  0.546	  0.801	 -0.245
	 -0.556	  0.565	  0.609
	  0.627	 -0.197	  0.753

5 	  44.00	  13.66	  -1.39
	  0.583	  0.760	 -0.286
	  0.805	 -0.495	  0.328
	  0.108	 -0.422	 -0.900

6 	  47.30	  20.55	  -8.53
	  0.545	  0.637	 -0.545
	  0.238	  0.509	  0.827
	  0.806	 -0.577	  0.127

7 	  36.58	  -9.04	  -3.83
	  0.476	 -0.872	 -0.116
	  0.413	  0.337	 -0.846
	  0.777	  0.354	  0.520

8 	  41.91	 -15.75	   3.23
	  0.549	 -0.812	  0.199
	 -0.704	 -0.577	 -0.414
	  0.453	  0.087	 -0.887

9 	  47.06	 -25.91	  -1.04
	  0.492	 -0.797	 -0.349
	 -0.375	  0.172	 -0.911
	  0.790	  0.576	 -0.210

2 	  32.62	  -7.38	  22.75
	  0.022	  0.999	 -0.033
	 -1.000	  0.023	  0.004
	  0.005	  0.032	  0.999

3 	  43.59	  -2.23	  -0.93
	  0.636	 -0.280	  0.719
	  0.199	  0.959	  0.198
	 -0.746	  0.016	  0.666

4 	  37.05	   5.06	  -5.17
	  0.552	  0.812	 -0.190
	 -0.599	  0.543	  0.588
	  0.581	 -0.211	  0.786

5 	  43.96	  13.64	   0.04
	  0.580	  0.792	 -0.190
	  0.801	 -0.512	  0.311
	  0.150	 -0.333	 -0.931

6 	  47.55	  21.34	  -5.99
	  0.574	  0.709	 -0.409
	  0.149	  0.403	  0.903
	  0.806	 -0.578	  0.129

7 	  36.88	  -9.05	  -3.88
	  0.498	 -0.865	 -0.058
	  0.465	  0.322	 -0.825
	  0.733	  0.383	  0.562

8 	  41.34	 -15.42	   4.11
	  0.498	 -0.804	  0.323
	 -0.656	 -0.593	 -0.467
	  0.569	  0.020	 -0.822

9 	  47.55	 -25.21	   1.28
	  0.609	 -0.780	 -0.146
	  0.289	  0.389	 -0.875
	  0.740	  0.490	  0.461

2 	  32.62	  -7.38	  22.75
	  0.022	  0.999	 -0.033
	 -1.000	  0.023	  0.004
	  0.005	  0.032	  0.999

3 	  43.73	  -2.07	  -0.70
	  0.623	 -0.271	  0.733
	  0.164	  0.962	  0.216
	 -0.765	 -0.015	  0.644

4 	  37.27	   5.29	  -4.94
	  0.548	  0.830	 -0.103
	 -0.657	  0.503	  0.562
	  0.519	 -0.241	  0.820

5 	  43.37	  13.76	   1.85
	  0.581	  0.812	 -0.058
	  0.754	 -0.510	  0.413
	  0.307	 -0.284	 -0.908

6 	  48.36	  21.59	  -2.48
	  0.605	  0.780	 -0.161
	 -0.643	  0.595	  0.482
	  0.476	 -0.189	  0.859

7 	  37.46	  -9.11	  -3.69
	  0.536	 -0.840	  0.082
	  0.558	  0.279	 -0.781
	  0.634	  0.464	  0.618

8 	  41.08	 -14.70	   5.27
	  0.482	 -0.716	  0.505
	 -0.474	 -0.698	 -0.537
	  0.737	  0.020	 -0.676

9 	  49.36	 -23.06	   5.80
	  0.644	 -0.732	  0.223
	  0.742	  0.668	  0.049
	 -0.185	  0.133	  0.974

2 	  32.62	  -7.38	  22.75
	  0.022	  0.999	 -0.033
	 -1.000	  0.023	  0.003
	  0.005	  0.032	  0.999

3 	  44.02	  -1.93	  -0.67
	  0.622	 -0.258	  0.739
	  0.132	  0.965	  0.226
	 -0.772	 -0.043	  0.634

4 	  37.55	   5.36	  -4.97
	  0.547	  0.834	 -0.074
	 -0.676	  0.491	  0.549
	  0.495	 -0.250	  0.832

5 	  43.22	  14.13	   1.79
	  0.586	  0.810	 -0.023
	  0.710	 -0.499	  0.497
	  0.392	 -0.308	 -0.866

6 	  48.85	  21.29	  -2.51
