2 	  32.59	  -7.42	  22.75
	 -0.193	  0.980	 -0.034
	 -0.981	 -0.192	  0.009
	  0.003	  0.034	  0.999

3 	  45.21	  -1.81	   1.09
	  0.467	 -0.272	  0.841
	  0.053	  0.958	  0.280
	 -0.883	 -0.087	  0.461

4 	  40.68	   6.01	  -3.92
	  0.518	  0.832	  0.199
	 -0.844	  0.457	  0.280
	  0.142	 -0.314	  0.939

5 	  40.01	   8.86	   9.84
	  0.310	  0.180	  0.933
	 -0.327	 -0.902	  0.281
	  0.894	 -0.391	 -0.220

6 	  46.39	   9.42	  17.96
	  0.437	  0.050	  0.898
	 -0.377	  0.917	  0.130
	 -0.818	 -0.394	  0.419

7 	  39.87	  -9.46	  -2.87
	  0.317	 -0.846	  0.429
	  0.899	  0.123	 -0.421
	  0.303	  0.519	  0.799

8 	  39.45	 -11.32	   9.18
	  0.219	 -0.110	  0.969
	  0.326	 -0.928	 -0.178
	  0.920	  0.354	 -0.167

9 	  45.65	 -12.20	  20.09
	  0.362	 -0.007	  0.932
	  0.498	  0.847	 -0.185
	 -0.791	  0.528	  0.308

2 	  32.59	  -7.42	  22.75
	 -0.193	  0.980	 -0.035
	 -0.981	 -0.192	  0.009
	  0.003	  0.035	  0.999

3 	  45.21	  -1.81	   1.11
	  0.464	 -0.273	  0.843
	  0.054	  0.958	  0.280
	 -0.884	 -0.085	  0.459

4 	  40.69	   6.03	  -3.92
	  0.518	  0.831	  0.201
	 -0.844	  0.458	  0.279
	  0.140	 -0.315	  0.939

5 	  40.01	   8.88	   9.84
	  0.309	  0.180	  0.934
	 -0.325	 -0.903	  0.280
	  0.895	 -0.389	 -0.220

6 	  46.37	   9.44	  18.00
	  0.436	  0.050	  0.898
	 -0.383	  0.914	  0.133
	 -0.815	 -0.401	  0.417

7 	  39.83	  -9.44	  -2.85
	  0.312	 -0.847	  0.430
	  0.901	  0.120	 -0.418
	  0.303	  0.517	  0.801

8 	  39.39	 -11.32	   9.21
	  0.219	 -0.111	  0.969
	  0.326	 -0.928	 -0.179
	  0.920	  0.354	 -0.166

9 	  45.62	 -12.18	  20.11
	  0.361	 -0.007	  0.932
	  0.502	  0.844	 -0.186
	 -0.789	  0.533	  0.307

2 	  32.59	  -7.42	  22.75
	 -0.193	  0.980	 -0.035
	 -0.981	 -0.193	  0.009
	  0.003	  0.035	  0.999

3 	  45.21	  -1.79	   1.12
	  0.458	 -0.274	  0.845
	  0.055	  0.958	  0.281
	 -0.887	 -0.083	  0.453

4 	  40.71	   6.05	  -3.92
	  0.518	  0.830	  0.203
	 -0.844	  0.458	  0.278
	  0.138	 -0.316	  0.938

5 	  39.99	   8.88	   9.88
	  0.308	  0.180	  0.934
	 -0.328	 -0.902	  0.279
	  0.894	 -0.391	 -0.219

6 	  46.37	   9.46	  18.00
	  0.435	  0.048	  0.899
	 -0.385	  0.913	  0.135
	 -0.815	 -0.403	  0.416

7 	  39.83	  -9.42	  -2.87
	  0.311	 -0.847	  0.431
	  0.901	  0.119	 -0.416
	  0.302	  0.517	  0.801

8 	  39.41	 -11.30	   9.21
	  0.218	 -0.112	  0.969
	  0.328	 -0.928	 -0.180
	  0.920	  0.356	 -0.165

9 	  45.60	 -12.20	  20.13
	  0.360	 -0.007	  0.933
	  0.504	  0.843	 -0.186
	 -0.788	  0.534	  0.306

2 	  32.59	  -7.42	  22.75
	 -0.193	  0.980	 -0.034
	 -0.981	 -0.192	  0.009
	  0.003	  0.034	  0.999

3 	  45.19	  -1.78	   1.14
	  0.456	 -0.274	  0.846
	  0.054	  0.958	  0.281
	 -0.888	 -0.083	  0.452

4 	  40.75	   6.06	  -3.88
	  0.517	  0.831	  0.205
	 -0.845	  0.457	  0.276
	  0.135	 -0.317	  0.939

5 	  39.99	   8.88	   9.90
	  0.307	  0.179	  0.934
	 -0.327	 -0.903	  0.279
	  0.895	 -0.390	 -0.218

6 	  46.35	   9.46	  18.04
	  0.435	  0.047	  0.899
	 -0.388	  0.911	  0.138
	 -0.813	 -0.407	  0.415

7 	  39.83	  -9.40	  -2.85
	  0.310	 -0.848	  0.431
	  0.902	  0.119	 -0.414
	  0.300	  0.517	  0.802

8 	  39.38	 -11.27	   9.23
	  0.218	 -0.113	  0.969
	  0.330	 -0.927	 -0.180
	  0.919	  0.358	 -0.163

9 	  45.60	 -12.20	  20.14
	  0.360	 -0.008	  0.933
	  0.505	  0.843	 -0.185
	 -0.788	  0.535	  0.306

2 	  32.59	  -7.44	  22.75
	 -0.193	  0.980	 -0.034
	 -0.981	 -0.192	  0.009
	  0.003	  0.034	  0.999

3 	  45.19	  -1.78	   1.18
	  0.456	 -0.274	  0.847
	  0.055	  0.958	  0.280
	 -0.889	 -0.081	  0.451

4 	  40.71	   6.08	  -3.87
	  0.516	  0.831	  0.208
	 -0.846	  0.456	  0.274
	  0.133	 -0.318	  0.939

5 	  39.96	   8.88	   9.91
	  0.307	  0.179	  0.934
	 -0.324	 -0.904	  0.278
	  0.896	 -0.387	 -0.219

6 	  46.35	   9.47	  18.05
	  0.435	  0.046	  0.899
	 -0.391	  0.910	  0.140
	 -0.812	 -0.411	  0.414

7 	  39.83	  -9.40	  -2.83
	  0.306	 -0.848	  0.433
	  0.904	  0.117	 -0.411
	  0.298	  0.517	  0.802

8 	  39.38	 -11.29	   9.23
	  0.217	 -0.114	  0.969
	  0.330	 -0.926	 -0.181
	  0.919	  0.358	 -0.163

9 	  45.58	 -12.22	  20.16
	  0.359	 -0.008	  0.933
	  0.510	  0.839	 -0.187
	 -0.785	  0.541	  0.304

2 	  32.59	  -7.42	  22.75
	 -0.193	  0.980	 -0.034
	 -0.981	 -0.192	  0.009
	  0.003	  0.034	  0.999

3 	  45.18	  -1.79	   1.20
	  0.455	 -0.274	  0.847
	  0.056	  0.958	  0.279
	 -0.889	 -0.080	  0.451

4 	  40.68	   6.03	  -3.83
	  0.509	  0.828	  0.235
	 -0.853	  0.447	  0.268
	  0.116	 -0.337	  0.934

5 	  40.29	   8.91	   9.91
	  0.356	  0.207	  0.911
	 -0.292	 -0.902	  0.317
	  0.888	 -0.377	 -0.261

6 	  47.41	   9.84	  17.28
	  0.522	  0.070	  0.850
	 -0.363	  0.920	  0.146
	 -0.773	 -0.384	  0.505

7 	  39.80	  -9.53	  -2.72
	  0.319	 -0.835	  0.449
	  0.907	  0.130	 -0.401
	  0.276	  0.535	  0.798

8 	  40.55	 -11.51	   9.53
	  0.346	 -0.135	  0.928
	  0.323	 -0.912	 -0.252
	  0.881	  0.385	 -0.271

9 	  48.29	 -12.55	  19.11
	  0.474	 -0.025	  0.880
	  0.434	  0.876	 -0.208
	 -0.769	  0.478	  0.425

2 	  32.61	  -7.42	  22.75
	 -0.193	  0.980	 -0.034
	 -0.981	 -0.192	  0.009
	  0.004	  0.034	  0.999

3 	  45.09	  -1.88	   1.09
	  0.477	 -0.266	  0.838
	  0.058	  0.960	  0.272
	 -0.877	 -0.081	  0.473

4 	  40.52	   5.91	  -3.94
	  0.514	  0.827	  0.226
	 -0.849	  0.451	  0.277
	  0.127	 -0.334	  0.934

5 	  42.24	   9.63	   9.44
	  0.553	  0.291	  0.780
	 -0.192	 -0.868	  0.458
	  0.811	 -0.402	 -0.425

6 	  51.01	  10.69	  14.19
	  0.750	  0.100	  0.653
	 -0.196	  0.977	  0.076
	 -0.632	 -0.186	  0.752

7 	  39.69	  -9.58	  -2.60
	  0.370	 -0.807	  0.461
	  0.884	  0.152	 -0.442
	  0.287	  0.571	  0.769

8 	  42.73	 -11.85	   9.25
	  0.584	 -0.183	  0.791
	  0.216	 -0.904	 -0.368
	  0.783	  0.385	 -0.488

9 	  52.47	 -12.74	  15.96
	  0.712	 -0.039	  0.701
	  0.339	  0.894	 -0.294
	 -0.616	  0.445	  0.650

2 	  32.59	  -7.42	  22.75
	 -0.193	  0.980	 -0.034
	 -0.981	 -0.192	  0.009
	  0.003	  0.034	  0.999

3 	  45.12	  -1.95	   0.93
	  0.491	 -0.268	  0.828
	  0.067	  0.960	  0.271
	 -0.869	 -0.078	  0.489

4 	  40.54	   5.77	  -4.10
	  0.535	  0.819	  0.206
	 -0.833	  0.470	  0.292
	  0.143	 -0.328	  0.934

5 	  44.10	   9.93	   8.74
	  0.700	  0.314	  0.641
	 -0.109	 -0.841	  0.530
	  0.706	 -0.439	 -0.555

6 	  53.30	  10.88	  11.39
	  0.874	  0.099	  0.476
	 -0.148	  0.987	  0.066
	 -0.463	 -0.129	  0.877

7 	  39.74	  -9.65	  -2.72
	  0.411	 -0.797	  0.442
	  0.864	  0.184	 -0.469
	  0.293	  0.574	  0.764

8 	  44.47	 -12.13	   8.40
	  0.729	 -0.205	  0.653
	  0.152	 -0.882	 -0.445
	  0.668	  0.422	 -0.612

9 	  54.97	 -12.99	  12.90
	  0.833	 -0.066	  0.550
	  0.261	  0.922	 -0.285
	 -0.489	  0.380	  0.785

2 	  32.59	  -7.42	  22.75
	 -0.193	  0.980	 -0.034
	 -0.981	 -0.192	  0.009
	  0.003	  0.034	  0.999

3 	  45.09	  -2.00	   0.90
	  0.495	 -0.273	  0.824
	  0.075	  0.959	  0.272
	 -0.865	 -0.073	  0.495

4 	  40.52	   5.71	  -4.11
	  0.550	  0.812	  0.195
	 -0.822	  0.484	  0.300
	  0.150	 -0.325	  0.933

5 	  45.19	   9.77	   8.23
	  0.788	  0.297	  0.539
	 -0.059	 -0.836	  0.546
	  0.613	 -0.461	 -0.642

6 	  54.62	  10.37	   9.35
	  0.939	  0.063	  0.337
	 -0.104	  0.989	  0.106
	 -0.327	 -0.136	  0.935

7 	  39.76	  -9.60	  -2.83
	  0.454	 -0.790	  0.411
	  0.839	  0.224	 -0.495
	  0.299	  0.570	  0.765

8 	  45.62	 -12.36	   7.44
	  0.809	 -0.215	  0.547
	  0.121	 -0.851	 -0.511
	  0.576	  0.478	 -0.663

9 	  56.55	 -12.92	  10.32
	  0.902	 -0.069	  0.426
	  0.188	  0.951	 -0.246
	 -0.389	  0.302	  0.870

2 	  32.59	  -7.42	  22.75
	 -0.193	  0.980	 -0.035
	 -0.981	 -0.192	  0.009
	  0.003	  0.035	  0.999

3 	  45.04	  -2.04	   0.90
	  0.511	 -0.288	  0.809
	  0.086	  0.954	  0.285
	 -0.855	 -0.077	  0.512

4 	  40.31	   5.71	  -4.04
	  0.564	  0.806	  0.178
	 -0.803	  0.486	  0.345
	  0.192	 -0.338	  0.921

5 	  46.23	   9.49	   7.56
	  0.858	  0.280	  0.429
	  0.005	 -0.842	  0.539
	  0.513	 -0.460	 -0.724

6 	  55.58	   9.97	   7.14
	  0.981	  0.041	  0.191
	 -0.068	  0.988	  0.140
	 -0.183	 -0.151	  0.971

7 	  39.85	  -9.49	  -2.88
	  0.498	 -0.778	  0.384
	  0.810	  0.259	 -0.526
	  0.310	  0.572	  0.759

8 	  46.56	 -12.32	   6.66
	  0.868	 -0.208	  0.450
	  0.082	 -0.835	 -0.543
	  0.490	  0.508	 -0.709

9 	  57.73	 -12.60	   7.86
	  0.956	 -0.054	  0.288
	  0.124	  0.965	 -0.230
	 -0.266	  0.256	  0.929

2 	  32.59	  -7.42	  22.75
	 -0.193	  0.980	 -0.034
	 -0.981	 -0.192	  0.009
	  0.003	  0.034	  0.999

3 	  45.02	  -2.02	   0.90
	  0.511	 -0.289	  0.809
	  0.088	  0.954	  0.285
	 -0.855	 -0.074	  0.513

4 	  40.20	   5.62	  -4.18
	  0.573	  0.807	  0.141
	 -0.791	  0.498	  0.355
	  0.217	 -0.315	  0.924

5 	  46.76	   9.37	   6.96
	  0.892	  0.265	  0.366
	  0.023	 -0.836	  0.549
	  0.452	 -0.481	 -0.751

6 	  56.02	   9.60	   5.71
	  0.993	  0.010	  0.114
	 -0.027	  0.989	  0.143
	 -0.112	 -0.145	  0.983

7 	  39.90	  -9.53	  -3.01
	  0.542	 -0.771	  0.333
	  0.770	  0.297	 -0.565
	  0.337	  0.563	  0.755

8 	  47.37	 -12.45	   5.68
	  0.910	 -0.206	  0.359
	  0.049	 -0.808	 -0.587
	  0.411	  0.551	 -0.726

9 	  58.68	 -12.23	   5.20
	  0.987	 -0.029	  0.156
	  0.051	  0.988	 -0.143
	 -0.151	  0.149	  0.977

2 	  32.59	  -7.44	  22.75
	 -0.193	  0.980	 -0.034
	 -0.981	 -0.192	  0.009
	  0.003	  0.034	  0.999

3 	  44.98	  -2.02	   0.88
	  0.511	 -0.290	  0.809
	  0.090	  0.954	  0.285
	 -0.855	 -0.073	  0.513

4 	  39.92	   5.52	  -4.31
	  0.582	  0.807	  0.103
	 -0.771	  0.506	  0.387
	  0.261	 -0.304	  0.916

5 	  47.41	   9.25	   5.99
	  0.930	  0.244	  0.276
	  0.045	 -0.819	  0.572
	  0.365	 -0.519	 -0.773

6 	  56.48	   9.02	   3.76
	  0.999	 -0.029	  0.018
	  0.027	  0.991	  0.128
	 -0.021	 -0.127	  0.991

7 	  39.97	  -9.44	  -3.16
	  0.588	 -0.760	  0.276
	  0.719	  0.334	 -0.610
	  0.372	  0.557	  0.743

8 	  48.20	 -12.32	   4.45
	  0.949	 -0.192	  0.250
	  0.000	 -0.793	 -0.609
	  0.315	  0.577	 -0.753

9 	  59.29	 -11.71	   2.36
	  1.000	 -0.005	  0.007
	  0.005	  0.996	 -0.090
	 -0.006	  0.089	  0.996

2 	  32.59	  -7.44	  22.75
	 -0.193	  0.980	 -0.034
	 -0.981	 -0.192	  0.009
	  0.003	  0.034	  0.999

3 	  44.93	  -2.00	   0.84
	  0.511	 -0.291	  0.808
	  0.090	  0.954	  0.286
	 -0.855	 -0.073	  0.514

4 	  39.73	   5.38	  -4.48
	  0.599	  0.799	  0.052
	 -0.741	  0.527	  0.416
	  0.306	 -0.288	  0.907

5 	  48.08	   9.23	   4.78
	  0.957	  0.232	  0.172
	  0.083	 -0.793	  0.603
	  0.277	 -0.563	 -0.779

6 	  56.79	   8.60	   1.39
	  0.993	 -0.065	 -0.099
	  0.074	  0.993	  0.092
	  0.092	 -0.098	  0.991

7 	  39.99	  -9.42	  -3.36
	  0.636	 -0.746	  0.197
	  0.648	  0.378	 -0.661
	  0.419	  0.548	  0.723

8 	  48.87	 -12.34	   3.02
	  0.975	 -0.181	  0.123
	 -0.062	 -0.768	 -0.638
	  0.210	  0.614	 -0.761

9 	  59.57	 -11.21	  -1.20
	  0.983	  0.035	 -0.182
	 -0.043	  0.998	 -0.036
	  0.181	  0.040	  0.983

2 	  32.59	  -7.42	  22.75
	 -0.193	  0.980	 -0.034
	 -0.981	 -0.192	  0.009
	  0.003	  0.034	  0.999

3 	  44.93	  -2.04	   0.72
	  0.517	 -0.291	  0.805
	  0.094	  0.954	  0.285
	 -0.851	 -0.072	  0.520

4 	  39.66	   5.29	  -4.59
	  0.613	  0.790	  0.010
	 -0.713	  0.546	  0.439
	  0.342	 -0.277	  0.898

5 	  48.59	   9.30	   3.71
	  0.969	  0.234	  0.081
	  0.137	 -0.777	  0.615
	  0.207	 -0.584	 -0.785

6 	  56.88	   8.42	  -0.72
	  0.974	 -0.086	 -0.207
	  0.101	  0.993	  0.061
	  0.201	 -0.077	  0.976

7 	  39.78	  -9.37	  -3.55
	  0.658	 -0.744	  0.120
	  0.588	  0.406	 -0.699
	  0.472	  0.531	  0.703

8 	  48.96	 -12.39	   2.07
	  0.982	 -0.183	  0.045
	 -0.109	 -0.747	 -0.655
	  0.153	  0.639	 -0.754

9 	  59.20	 -10.72	  -3.52
	  0.945	  0.086	 -0.316
	 -0.089	  0.996	  0.015
	  0.318	  0.008	  0.948

2 	  32.61	  -7.42	  22.75
	 -0.193	  0.980	 -0.034
	 -0.981	 -0.193	  0.009
	  0.004	  0.034	  0.999

3 	  44.89	  -2.06	   0.58
	  0.523	 -0.297	  0.798
	  0.104	  0.952	  0.286
	 -0.846	 -0.067	  0.529

4 	  39.52	   5.22	  -4.68
	  0.619	  0.785	 -0.023
	 -0.692	  0.559	  0.456
	  0.372	 -0.266	  0.889

5 	  48.74	   9.26	   3.18
	  0.972	  0.232	  0.042
	  0.158	 -0.773	  0.614
	  0.175	 -0.590	 -0.788

6 	  56.79	   8.07	  -1.95
	  0.956	 -0.111	 -0.271
	  0.128	  0.991	  0.040
	  0.265	 -0.070	  0.962

7 	  39.74	  -9.40	  -3.66
	  0.671	 -0.739	  0.065
	  0.543	  0.428	 -0.722
	  0.507	  0.520	  0.687

8 	  49.15	 -12.46	   1.16
	  0.982	 -0.185	 -0.031
	 -0.159	 -0.731	 -0.664
	  0.100	  0.657	 -0.747

9 	  58.85	 -10.46	  -5.33
	  0.909	  0.107	 -0.403
	 -0.095	  0.994	  0.057
	  0.408	 -0.020	  0.913

2 	  32.59	  -7.42	  22.75
	 -0.193	  0.980	 -0.034
	 -0.981	 -0.193	  0.009
	  0.004	  0.034	  0.999

3 	  44.88	  -2.09	   0.42
	  0.524	 -0.307	  0.794
	  0.115	  0.949	  0.291
	 -0.844	 -0.062	  0.532

4 	  39.43	   5.17	  -4.76
	  0.631	  0.773	 -0.061
	 -0.663	  0.578	  0.476
	  0.405	 -0.260	  0.876

5 	  49.18	   9.05	   2.14
	  0.975	  0.218	 -0.040
	  0.196	 -0.767	  0.611
	  0.103	 -0.603	 -0.791

6 	  56.79	   7.88	  -3.59
	  0.932	 -0.113	 -0.344
	  0.135	  0.990	  0.036
	  0.338	 -0.076	  0.938

7 	  39.60	  -9.33	  -3.90
	  0.674	 -0.738	 -0.031
	  0.477	  0.466	 -0.745
	  0.566	  0.487	  0.665

8 	  49.36	 -12.39	  -0.30
	  0.976	 -0.178	 -0.128
	 -0.217	 -0.707	 -0.673
	  0.029	  0.684	 -0.729

9 	  58.48	 -10.37	  -7.73
	  0.867	  0.096	 -0.489
	 -0.073	  0.995	  0.072
	  0.495	 -0.034	  0.868

2 	  32.59	  -7.42	  22.75
	 -0.193	  0.980	 -0.033
	 -0.981	 -0.192	  0.010
	  0.005	  0.033	  0.999

3 	  44.79	  -2.13	   0.32
	  0.521	 -0.317	  0.793
	  0.127	  0.947	  0.295
	 -0.845	 -0.054	  0.533

4 	  39.29	   5.12	  -4.82
	  0.644	  0.758	 -0.104
	 -0.625	  0.598	  0.502
	  0.444	 -0.258	  0.858

5 	  49.48	   8.91	   1.09
	  0.971	  0.203	 -0.126
	  0.238	 -0.762	  0.602
	  0.026	 -0.614	 -0.789

6 	  56.48	   7.54	  -5.64
	  0.886	 -0.131	 -0.443
	  0.150	  0.989	  0.004
	  0.440	 -0.065	  0.895

7 	  39.46	  -9.30	  -4.06
	  0.675	 -0.732	 -0.098
	  0.418	  0.487	 -0.767
	  0.609	  0.476	  0.634

8 	  49.32	 -12.39	  -1.32
	  0.961	 -0.182	 -0.206
	 -0.274	 -0.689	 -0.671
	 -0.020	  0.702	 -0.712

9 	  57.71	 -10.21	  -9.98
	  0.804	  0.109	 -0.584
	 -0.068	  0.993	  0.097
	  0.592	 -0.045	  0.804

2 	  32.59	  -7.42	  22.75
	 -0.193	  0.980	 -0.032
	 -0.981	 -0.192	  0.011
	  0.006	  0.032	  0.999

3 	  44.70	  -2.14	   0.19
	  0.519	 -0.322	  0.792
	  0.137	  0.945	  0.295
	 -0.844	 -0.045	  0.534

4 	  39.08	   5.03	  -4.89
	  0.650	  0.745	 -0.153
	 -0.583	  0.616	  0.530
	  0.490	 -0.255	  0.833

5 	  49.55	   9.09	  -0.37
	  0.950	  0.207	 -0.234
	  0.310	 -0.723	  0.617
	 -0.042	 -0.659	 -0.751

6 	  55.67	   7.17	  -8.17
	  0.812	 -0.173	 -0.557
	  0.152	  0.984	 -0.090
	  0.566	 -0.006	  0.824

7 	  39.15	  -9.23	  -4.22
	  0.660	 -0.733	 -0.166
	  0.375	  0.512	 -0.772
	  0.651	  0.447	  0.612

8 	  48.96	 -12.52	  -2.64
	  0.930	 -0.198	 -0.310
	 -0.361	 -0.651	 -0.667
	 -0.070	  0.732	 -0.678

9 	  56.16	 -10.23	 -12.69
	  0.707	  0.113	 -0.698
	 -0.043	  0.991	  0.123
	  0.708	 -0.063	  0.704

2 	  32.59	  -7.42	  22.76
	 -0.193	  0.980	 -0.031
	 -0.981	 -0.192	  0.012
	  0.007	  0.031	  0.999

3 	  44.53	  -2.11	   0.07
	  0.523	 -0.324	  0.788
	  0.146	  0.945	  0.292
	 -0.840	 -0.038	  0.542

4 	  38.74	   5.06	  -4.87
	  0.653	  0.731	 -0.199
	 -0.534	  0.629	  0.565
	  0.539	 -0.263	  0.800

5 	  49.31	   9.35	  -1.67
	  0.915	  0.221	 -0.339
	  0.391	 -0.696	  0.602
	 -0.104	 -0.682	 -0.724

6 	  54.49	   7.29	 -10.34
	  0.727	 -0.187	 -0.660
	  0.131	  0.981	 -0.139
	  0.676	  0.019	  0.736

7 	  38.74	  -9.05	  -4.25
	  0.645	 -0.732	 -0.219
	  0.323	  0.520	 -0.791
	  0.693	  0.439	  0.571

8 	  48.41	 -12.66	  -3.30
	  0.886	 -0.243	 -0.394
	 -0.447	 -0.669	 -0.594
	 -0.121	  0.701	 -0.702

9 	  54.25	 -10.27	 -14.66
	  0.578	  0.136	 -0.804
	 -0.032	  0.988	  0.150
	  0.816	 -0.066	  0.574

2 	  32.59	  -7.42	  22.75
	 -0.193	  0.980	 -0.031
	 -0.981	 -0.192	  0.013
	  0.008	  0.031	  0.999

3 	  44.30	  -2.07	  -0.25
	  0.547	 -0.329	  0.769
	  0.169	  0.944	  0.283
	 -0.820	 -0.025	  0.572

4 	  38.27	   5.03	  -4.96
	  0.645	  0.718	 -0.263
	 -0.472	  0.643	  0.602
	  0.603	 -0.265	  0.753

5 	  48.83	   9.53	  -3.23
	  0.862	  0.238	 -0.447
	  0.478	 -0.674	  0.562
	 -0.169	 -0.698	 -0.696

6 	  52.88	   7.24	 -12.85
	  0.615	 -0.201	 -0.762
	  0.101	  0.978	 -0.181
	  0.783	  0.038	  0.620

7 	  38.18	  -9.05	  -4.54
	  0.610	 -0.730	 -0.307
	  0.241	  0.540	 -0.806
	  0.755	  0.418	  0.505

8 	  47.85	 -12.76	  -4.69
	  0.841	 -0.249	 -0.479
	 -0.516	 -0.633	 -0.577
	 -0.161	  0.732	 -0.662

9 	  52.52	 -10.02	 -16.72
	  0.490	  0.151	 -0.858
	 -0.002	  0.984	  0.178
	  0.872	 -0.089	  0.481

2 	  32.59	  -7.42	  22.75
	 -0.193	  0.980	 -0.028
	 -0.981	 -0.192	  0.013
	  0.008	  0.029	  0.999

3 	  44.03	  -2.16	  -0.63
	  0.571	 -0.333	  0.750
	  0.189	  0.942	  0.276
	 -0.799	 -0.016	  0.600

4 	  37.71	   4.83	  -5.06
	  0.629	  0.701	 -0.335
	 -0.403	  0.662	  0.631
	  0.666	 -0.263	  0.698

5 	  48.13	   9.58	  -5.06
	  0.787	  0.244	 -0.566
	  0.567	 -0.646	  0.511
	 -0.243	 -0.722	 -0.647

6 	  50.70	   7.03	 -15.35
	  0.477	 -0.227	 -0.849
	  0.060	  0.971	 -0.232
	  0.878	  0.064	  0.473

7 	  37.53	  -8.96	  -4.71
	  0.571	 -0.720	 -0.394
	  0.152	  0.564	 -0.812
	  0.807	  0.403	  0.432

8 	  46.95	 -12.66	  -6.17
	  0.779	 -0.241	 -0.579
	 -0.588	 -0.604	 -0.538
	 -0.222	  0.758	 -0.613

9 	  50.24	  -9.77	 -18.84
	  0.377	  0.160	 -0.912
	  0.027	  0.982	  0.187
	  0.926	 -0.098	  0.365

2 	  32.57	  -7.40	  22.75
	 -0.201	  0.979	 -0.018
	 -0.979	 -0.201	  0.014
	  0.011	  0.019	  1.000

3 	  43.80	  -2.25	  -0.98
	  0.580	 -0.352	  0.734
	  0.224	  0.936	  0.272
	 -0.784	  0.006	  0.621

4 	  37.30	   4.75	  -5.20
	  0.601	  0.692	 -0.400
	 -0.342	  0.674	  0.654
	  0.723	 -0.257	  0.641

5 	  47.27	   9.83	  -6.75
	  0.690	  0.259	 -0.675
	  0.660	 -0.611	  0.438
	 -0.302	 -0.747	 -0.593

6 	  47.99	   6.75	 -17.61
	  0.297	 -0.272	 -0.915
	  0.006	  0.958	 -0.288
	  0.955	  0.081	  0.283

7 	  36.79	  -8.75	  -4.80
	  0.503	 -0.725	 -0.471
	  0.087	  0.584	 -0.807
	  0.860	  0.365	  0.357

8 	  45.77	 -12.76	  -7.40
	  0.694	 -0.263	 -0.670
	 -0.672	 -0.573	 -0.469
	 -0.263	  0.775	 -0.575

9 	  47.23	  -9.74	 -20.58
	  0.228	  0.178	 -0.957
	  0.065	  0.977	  0.202
	  0.971	 -0.110	  0.209

2 	  32.57	  -7.40	  22.75
	 -0.202	  0.979	 -0.017
	 -0.979	 -0.201	  0.014
	  0.012	  0.018	  1.000

3 	  43.59	  -2.30	  -1.27
	  0.595	 -0.375	  0.710
	  0.258	  0.926	  0.274
	 -0.762	  0.019	  0.647

4 	  36.79	   4.59	  -5.36
	  0.565	  0.678	 -0.470
	 -0.284	  0.694	  0.661
	  0.775	 -0.240	  0.584

5 	  46.14	   9.90	  -8.42
	  0.578	  0.263	 -0.773
	  0.732	 -0.586	  0.346
	 -0.365	 -0.765	 -0.531

6 	  45.35	   6.63	 -19.37
	  0.138	 -0.284	 -0.949
	 -0.054	  0.953	 -0.296
	  0.989	  0.093	  0.115

7 	  36.19	  -8.65	  -4.83
	  0.450	 -0.724	 -0.522
	  0.041	  0.601	 -0.798
	  0.892	  0.338	  0.300

8 	  44.84	 -12.90	  -8.14
	  0.628	 -0.277	 -0.727
	 -0.721	 -0.558	 -0.410
	 -0.295	  0.781	 -0.551

9 	  45.07	  -9.49	 -21.41
	  0.116	  0.210	 -0.971
	  0.084	  0.971	  0.223
	  0.990	 -0.109	  0.093

2 	  32.57	  -7.40	  22.73
	 -0.202	  0.979	 -0.016
	 -0.979	 -0.201	  0.014
	  0.012	  0.018	  1.000

3 	  43.33	  -2.39	  -1.60
	  0.620	 -0.382	  0.685
	  0.289	  0.922	  0.255
	 -0.731	  0.039	  0.682

4 	  36.33	   4.46	  -5.45
	  0.537	  0.668	 -0.515
	 -0.246	  0.707	  0.663
	  0.807	 -0.230	  0.543

5 	  45.14	   9.98	  -9.39
	  0.494	  0.275	 -0.824
	  0.772	 -0.574	  0.270
	 -0.402	 -0.770	 -0.496

6 	  43.29	   6.61	 -20.16
	  0.029	 -0.290	 -0.957
	 -0.139	  0.946	 -0.292
	  0.990	  0.142	 -0.014

7 	  35.67	  -8.47	  -4.83
	  0.408	 -0.728	 -0.552
	  0.015	  0.609	 -0.793
	  0.913	  0.314	  0.260

8 	  44.05	 -12.99	  -8.51
	  0.579	 -0.288	 -0.762
	 -0.754	 -0.545	 -0.366
	 -0.313	  0.786	 -0.533

9 	  43.07	  -9.19	 -21.57
	  0.006	  0.266	 -0.964
	  0.124	  0.956	  0.266
	  0.992	 -0.121	 -0.028

2 	  32.59	  -7.42	  22.75
	 -0.199	  0.979	 -0.026
	 -0.980	 -0.198	  0.014
	  0.010	  0.027	  0.999

3 	  43.15	  -2.36	  -1.76
	  0.632	 -0.384	  0.673
	  0.300	  0.922	  0.245
	 -0.716	  0.046	  0.697

4 	  36.02	   4.46	  -5.43
	  0.514	  0.669	 -0.536
	 -0.226	  0.708	  0.669
	  0.827	 -0.223	  0.515

5 	  44.56	  10.16	  -9.74
	  0.433	  0.293	 -0.852
	  0.789	 -0.581	  0.199
	 -0.440	 -0.758	 -0.482

6 	  41.77	   6.52	 -20.30
	 -0.082	 -0.312	 -0.947
	 -0.207	  0.934	 -0.290
	  0.975	  0.172	 -0.141

7 	  35.37	  -8.42	  -4.78
	  0.381	 -0.729	 -0.568
	 -0.003	  0.614	 -0.789
	  0.924	  0.303	  0.232

8 	  43.61	 -13.10	  -8.74
	  0.540	 -0.293	 -0.789
	 -0.775	 -0.539	 -0.329
	 -0.332	  0.789	 -0.518

9 	  41.54	  -8.56	 -21.52
	 -0.106	  0.331	 -0.938
	  0.205	  0.930	  0.306
	  0.973	 -0.160	 -0.167

2 	  32.57	  -7.40	  22.75
	 -0.199	  0.979	 -0.027
	 -0.980	 -0.198	  0.014
	  0.010	  0.028	  0.999

3 	  43.01	  -2.36	  -1.90
	  0.649	 -0.387	  0.655
	  0.309	  0.920	  0.240
	 -0.697	  0.046	  0.716

4 	  35.68	   4.41	  -5.45
	  0.492	  0.666	 -0.560
	 -0.211	  0.715	  0.667
	  0.845	 -0.210	  0.491

5 	  43.89	  10.12	 -10.37
	  0.376	  0.283	 -0.882
	  0.808	 -0.566	  0.162
	 -0.456	 -0.774	 -0.440

6 	  40.59	   6.17	 -20.69
	 -0.137	 -0.335	 -0.932
	 -0.239	  0.924	 -0.297
	  0.961	  0.182	 -0.207

7 	  35.14	  -8.26	  -4.82
	  0.361	 -0.720	 -0.593
	 -0.019	  0.630	 -0.777
	  0.932	  0.292	  0.214

8 	  43.24	 -12.97	  -9.02
	  0.518	 -0.289	 -0.805
	 -0.786	 -0.532	 -0.314
	 -0.339	  0.795	 -0.502

9 	  40.90	  -8.31	 -21.62
	 -0.137	  0.343	 -0.929
	  0.200	  0.928	  0.314
	  0.970	 -0.143	 -0.196

2 	  32.57	  -7.40	  22.75
	 -0.197	  0.980	 -0.025
	 -0.980	 -0.196	  0.014
	  0.010	  0.027	  0.999

3 	  42.89	  -2.27	  -2.00
	  0.664	 -0.385	  0.641
	  0.311	  0.921	  0.233
	 -0.681	  0.044	  0.730

4 	  35.49	   4.36	  -5.48
	  0.473	  0.665	 -0.578
	 -0.201	  0.719	  0.665
	  0.858	 -0.199	  0.473

5 	  43.44	  10.12	 -10.69
	  0.340	  0.285	 -0.896
	  0.819	 -0.558	  0.132
	 -0.464	 -0.779	 -0.422

6 	  39.83	   6.17	 -20.90
	 -0.171	 -0.330	 -0.928
	 -0.256	  0.925	 -0.282
	  0.951	  0.189	 -0.243

7 	  34.93	  -8.21	  -4.78
	  0.354	 -0.713	 -0.606
	 -0.039	  0.636	 -0.771
	  0.934	  0.296	  0.197

8 	  43.00	 -12.87	  -9.14
	  0.506	 -0.286	 -0.813
	 -0.790	 -0.532	 -0.304
	 -0.349	  0.796	 -0.495

9 	  40.36	  -8.14	 -21.64
	 -0.155	  0.352	 -0.923
	  0.205	  0.925	  0.319
	  0.966	 -0.140	 -0.216

2 	  32.57	  -7.40	  22.75
	 -0.197	  0.980	 -0.025
	 -0.980	 -0.196	  0.015
	  0.011	  0.026	  1.000

3 	  42.80	  -2.32	  -2.07
	  0.668	 -0.390	  0.633
	  0.323	  0.919	  0.227
	 -0.672	  0.052	  0.739

4 	  35.37	   4.31	  -5.50
	  0.468	  0.661	 -0.586
	 -0.195	  0.724	  0.661
	  0.862	 -0.196	  0.467

5 	  43.21	  10.09	 -10.83
	  0.323	  0.286	 -0.902
	  0.823	 -0.555	  0.118
	 -0.469	 -0.780	 -0.414

6 	  39.46	   6.10	 -20.97
	 -0.187	 -0.332	 -0.924
	 -0.267	  0.923	 -0.278
	  0.945	  0.194	 -0.261

7 	  34.70	  -8.16	  -4.73
	  0.334	 -0.718	 -0.611
	 -0.035	  0.638	 -0.769
	  0.942	  0.278	  0.188

8 	  42.59	 -13.04	  -9.16
	  0.486	 -0.302	 -0.820
	 -0.806	 -0.519	 -0.286
	 -0.341	  0.799	 -0.495

9 	  39.81	  -8.35	 -21.55
	 -0.173	  0.353	 -0.919
	  0.223	  0.923	  0.313
	  0.959	 -0.151	 -0.238

2 	  32.57	  -7.42	  22.75
	 -0.197	  0.980	 -0.026
	 -0.981	 -0.196	  0.015
	  0.011	  0.027	  0.999

3 	  42.68	  -2.39	  -2.09
	  0.674	 -0.394	  0.624
	  0.334	  0.916	  0.219
	 -0.660	  0.060	  0.749

4 	  35.21	   4.31	  -5.48
	  0.464	  0.657	 -0.594
	 -0.184	  0.727	  0.662
	  0.867	 -0.198	  0.458

5 	  42.98	  10.09	 -10.92
	  0.305	  0.290	 -0.907
	  0.824	 -0.558	  0.097
	 -0.480	 -0.777	 -0.408

6 	  39.02	   6.19	 -21.01
	 -0.210	 -0.327	 -0.922
	 -0.273	  0.924	 -0.265
	  0.939	  0.196	 -0.284

7 	  34.63	  -8.17	  -4.66
	  0.331	 -0.724	 -0.606
	 -0.030	  0.633	 -0.773
	  0.943	  0.274	  0.188

8 	  42.54	 -13.10	  -9.07
	  0.488	 -0.307	 -0.817
	 -0.805	 -0.522	 -0.283
	 -0.342	  0.795	 -0.501

9 	  39.83	  -8.49	 -21.53
	 -0.169	  0.343	 -0.924
	  0.221	  0.926	  0.304
	  0.960	 -0.153	 -0.232

2 	  32.57	  -7.40	  22.75
	 -0.197	  0.980	 -0.028
	 -0.980	 -0.196	  0.015
	  0.010	  0.029	  0.999

3 	  42.64	  -2.39	  -2.11
	  0.677	 -0.396	  0.620
	  0.338	  0.915	  0.217
	 -0.655	  0.062	  0.753

4 	  35.23	   4.27	  -5.50
	  0.462	  0.656	 -0.596
	 -0.183	  0.728	  0.660
	  0.867	 -0.196	  0.457

5 	  42.94	  10.09	 -10.95
	  0.301	  0.293	 -0.907
	  0.825	 -0.558	  0.093
	 -0.481	 -0.776	 -0.408

6 	  39.02	   6.19	 -21.01
	 -0.211	 -0.325	 -0.922
	 -0.278	  0.924	 -0.263
	  0.937	  0.201	 -0.285

7 	  34.59	  -8.16	  -4.66
	  0.326	 -0.725	 -0.606
	 -0.021	  0.635	 -0.772
	  0.945	  0.265	  0.192

8 	  42.49	 -13.17	  -9.02
	  0.489	 -0.314	 -0.813
	 -0.807	 -0.517	 -0.284
	 -0.334	  0.795	 -0.506

9 	  39.88	  -8.60	 -21.46
	 -0.162	  0.341	 -0.926
	  0.236	  0.924	  0.300
	  0.958	 -0.170	 -0.230

2 	  32.59	  -7.42	  22.75
	 -0.196	  0.980	 -0.028
	 -0.981	 -0.195	  0.014
	  0.009	  0.029	  0.999

3 	  42.70	  -2.46	  -1.95
	  0.671	 -0.393	  0.629
	  0.326	  0.917	  0.227
	 -0.668	  0.051	  0.743

4 	  35.42	   4.32	  -5.45
	  0.481	  0.664	 -0.573
	 -0.204	  0.720	  0.663
	  0.853	 -0.203	  0.482

5 	  43.56	  10.21	 -10.37
	  0.375	  0.298	 -0.878
	  0.823	 -0.544	  0.165
	 -0.430	 -0.784	 -0.448

6 	  41.08	   6.31	 -20.46
	 -0.077	 -0.328	 -0.942
	 -0.254	  0.920	 -0.300
	  0.964	  0.216	 -0.154

7 	  35.02	  -8.30	  -4.45
	  0.386	 -0.756	 -0.529
	  0.080	  0.599	 -0.797
	  0.919	  0.265	  0.292

8 	  43.82	 -13.50	  -7.07
	  0.628	 -0.342	 -0.699
	 -0.739	 -0.546	 -0.396
	 -0.248	  0.764	 -0.595

9 	  44.10	  -9.35	 -19.44
	  0.058	  0.307	 -0.950
	  0.144	  0.938	  0.314
	  0.988	 -0.155	  0.010

2 	  32.59	  -7.42	  22.75
	 -0.196	  0.980	 -0.032
	 -0.981	 -0.195	  0.011
	  0.006	  0.032	  0.999

3 	  43.35	  -2.30	  -1.44
	  0.645	 -0.354	  0.677
	  0.269	  0.934	  0.233
	 -0.716	  0.031	  0.697

4 	  36.49	   4.48	  -5.47
	  0.524	  0.685	 -0.506
	 -0.288	  0.701	  0.652
	  0.802	 -0.196	  0.564

5 	  45.79	  10.44	  -8.47
	  0.571	  0.307	 -0.761
	  0.770	 -0.522	  0.366
	 -0.288	 -0.795	 -0.534

6 	  46.42	   6.91	 -18.67
	  0.208	 -0.288	 -0.935
	 -0.178	  0.928	 -0.326
	  0.962	  0.234	  0.141

7 	  36.88	  -8.86	  -4.41
	  0.522	 -0.766	 -0.375
	  0.209	  0.541	 -0.814
	  0.827	  0.346	  0.443

8 	  46.63	 -13.29	  -4.32
	  0.798	 -0.325	 -0.507
	 -0.577	 -0.657	 -0.485
	 -0.177	  0.679	 -0.712

9 	  49.96	  -9.86	 -16.49
	  0.321	  0.245	 -0.915
	  0.005	  0.964	  0.265
	  0.948	 -0.091	  0.305

2 	  32.59	  -7.42	  22.75
	 -0.195	  0.980	 -0.033
	 -0.981	 -0.194	  0.010
	  0.004	  0.033	  0.999

3 	  44.24	  -2.25	  -0.79
	  0.582	 -0.322	  0.747
	  0.181	  0.946	  0.267
	 -0.793	 -0.021	  0.608

4 	  37.86	   4.80	  -5.38
	  0.595	  0.700	 -0.396
	 -0.378	  0.677	  0.631
	  0.710	 -0.226	  0.666

5 	  48.01	  10.53	  -5.19
	  0.771	  0.312	 -0.555
	  0.620	 -0.573	  0.536
	 -0.153	 -0.756	 -0.636

6 	  51.26	   7.49	 -14.54
	  0.489	 -0.267	 -0.830
	 -0.053	  0.940	 -0.338
	  0.871	  0.212	  0.443

7 	  38.11	  -9.00	  -4.03
	  0.611	 -0.768	 -0.190
	  0.377	  0.493	 -0.784
	  0.696	  0.407	  0.591

8 	  47.88	 -12.74	  -0.70
	  0.924	 -0.296	 -0.240
	 -0.380	 -0.750	 -0.541
	 -0.021	  0.591	 -0.807

9 	  54.74	  -9.97	 -10.97
	  0.625	  0.196	 -0.756
	 -0.116	  0.979	  0.165
	  0.774	 -0.020	  0.632

2 	  32.59	  -7.42	  22.75
	 -0.195	  0.980	 -0.034
	 -0.981	 -0.194	  0.010
	  0.004	  0.034	  0.999

3 	  44.65	  -2.06	  -0.19
	  0.544	 -0.292	  0.787
	  0.120	  0.955	  0.271
	 -0.831	 -0.054	  0.554

4 	  38.57	   4.89	  -5.29
	  0.634	  0.715	 -0.293
	 -0.480	  0.661	  0.576
	  0.607	 -0.225	  0.762

5 	  48.43	  10.79	  -2.02
	  0.881	  0.346	 -0.320
	  0.470	 -0.591	  0.655
	  0.037	 -0.729	 -0.684

6 	  54.04	   8.10	 -10.02
	  0.721	 -0.242	 -0.650
	  0.025	  0.944	 -0.328
	  0.693	  0.224	  0.685

7 	  39.02	  -9.28	  -3.76
	  0.648	 -0.761	 -0.036
	  0.483	  0.446	 -0.753
	  0.589	  0.471	  0.656

8 	  48.36	 -12.30	   2.04
	  0.969	 -0.246	 -0.004
	 -0.210	 -0.817	 -0.537
	  0.129	  0.521	 -0.844

9 	  57.48	 -10.20	  -5.77
	  0.836	  0.136	 -0.532
	 -0.136	  0.990	  0.046
	  0.535	  0.027	  0.844

2 	  32.59	  -7.42	  22.75
	 -0.196	  0.980	 -0.034
	 -0.981	 -0.195	  0.010
	  0.004	  0.034	  0.999

3 	  44.89	  -2.07	   0.19
	  0.511	 -0.282	  0.812
	  0.089	  0.957	  0.276
	 -0.855	 -0.070	  0.513

4 	  39.16	   4.99	  -5.22
	  0.666	  0.720	 -0.194
	 -0.551	  0.649	  0.525
	  0.505	 -0.243	  0.828

5 	  48.59	  10.56	   0.25
	  0.929	  0.344	 -0.136
	  0.337	 -0.632	  0.698
	  0.154	 -0.694	 -0.703

6 	  55.85	   8.61	  -6.08
	  0.872	 -0.166	 -0.460
	  0.059	  0.969	 -0.241
	  0.487	  0.187	  0.853

7 	  39.29	  -9.26	  -3.55
	  0.640	 -0.765	  0.074
	  0.570	  0.407	 -0.713
	  0.516	  0.498	  0.696

8 	  48.06	 -11.95	   3.59
	  0.966	 -0.207	  0.154
	 -0.091	 -0.833	 -0.546
	  0.241	  0.513	 -0.824

9 	  58.61	 -10.51	  -1.53
	  0.956	  0.070	 -0.285
	 -0.094	  0.993	 -0.064
	  0.280	  0.083	  0.956

2 	  32.57	  -7.42	  22.75
	 -0.195	  0.980	 -0.034
	 -0.981	 -0.194	  0.009
	  0.004	  0.034	  0.999

3 	  44.91	  -2.00	   0.32
	  0.504	 -0.278	  0.818
	  0.082	  0.958	  0.275
	 -0.860	 -0.072	  0.505

4 	  39.32	   5.17	  -5.08
	  0.674	  0.724	 -0.144
	 -0.577	  0.638	  0.510
	  0.463	 -0.261	  0.847

5 	  48.62	  10.20	   1.65
	  0.951	  0.308	 -0.035
	  0.244	 -0.674	  0.697
	  0.191	 -0.671	 -0.716

6 	  56.43	   8.60	  -3.66
	  0.932	 -0.121	 -0.340
	  0.069	  0.984	 -0.166
	  0.355	  0.135	  0.925

7 	  39.34	  -9.28	  -3.45
	  0.631	 -0.763	  0.141
	  0.617	  0.383	 -0.687
	  0.471	  0.520	  0.712

8 	  47.72	 -11.57	   4.59
	  0.952	 -0.169	  0.254
	 -0.010	 -0.850	 -0.527
	  0.305	  0.499	 -0.811

9 	  58.75	 -10.62	   1.23
	  0.992	  0.033	 -0.121
	 -0.050	  0.989	 -0.135
	  0.116	  0.138	  0.984

2 	  32.57	  -7.42	  22.75
	 -0.195	  0.980	 -0.034
	 -0.981	 -0.194	  0.009
	  0.004	  0.034	  0.999

3 	  44.86	  -1.97	   0.46
	  0.496	 -0.277	  0.823
	  0.080	  0.958	  0.275
	 -0.865	 -0.071	  0.497

4 	  39.62	   5.31	  -4.92
	  0.691	  0.718	 -0.079
	 -0.599	  0.630	  0.495
	  0.406	 -0.295	  0.865

5 	  48.39	   9.95	   3.15
	  0.954	  0.283	  0.102
	  0.130	 -0.695	  0.707
	  0.271	 -0.661	 -0.700

6 	  56.95	   8.65	  -0.54
	  0.983	 -0.101	 -0.154
	  0.082	  0.989	 -0.125
	  0.166	  0.113	  0.979

7 	  39.39	  -9.28	  -3.32
	  0.608	 -0.766	  0.211
	  0.669	  0.349	 -0.656
	  0.429	  0.539	  0.724

8 	  47.20	 -11.16	   5.64
	  0.923	 -0.129	  0.360
	  0.071	 -0.868	 -0.491
	  0.376	  0.479	 -0.793

9 	  58.48	 -10.48	   4.36
	  0.998	  0.016	  0.059
	 -0.005	  0.981	 -0.192
	 -0.061	  0.190	  0.979

2 	  32.59	  -7.42	  22.73
	 -0.196	  0.980	 -0.035
	 -0.981	 -0.194	  0.009
	  0.004	  0.035	  0.999

3 	  44.95	  -1.93	   0.65
	  0.469	 -0.282	  0.837
	  0.078	  0.957	  0.279
	 -0.880	 -0.066	  0.470

4 	  40.04	   5.57	  -4.61
	  0.692	  0.721	 -0.001
	 -0.638	  0.612	  0.468
	  0.339	 -0.324	  0.883

5 	  48.13	   9.74	   4.78
	  0.940	  0.251	  0.231
	  0.030	 -0.736	  0.676
	  0.340	 -0.629	 -0.699

6 	  57.04	   8.91	   3.04
	  0.997	 -0.056	  0.044
	  0.058	  0.996	 -0.057
	 -0.041	  0.060	  0.997

7 	  39.64	  -9.25	  -3.41
	  0.578	 -0.772	  0.262
	  0.715	  0.325	 -0.619
	  0.394	  0.545	  0.740

8 	  46.63	 -10.95	   6.40
	  0.854	 -0.110	  0.507
	  0.161	 -0.874	 -0.459
	  0.495	  0.472	 -0.730

9 	  57.76	 -10.60	   8.44
	  0.935	 -0.027	  0.354
	  0.107	  0.971	 -0.211
	 -0.338	  0.236	  0.911

2 	  32.59	  -7.42	  22.76
	 -0.196	  0.980	 -0.034
	 -0.981	 -0.195	  0.009
	  0.003	  0.034	  0.999

3 	  45.11	  -1.92	   0.69
	  0.468	 -0.289	  0.835
	  0.068	  0.954	  0.292
	 -0.881	 -0.081	  0.466

4 	  40.38	   5.70	  -4.52
	  0.677	  0.734	  0.052
	 -0.676	  0.592	  0.438
	  0.292	 -0.332	  0.897

5 	  47.51	   9.53	   6.15
	  0.896	  0.225	  0.383
	 -0.086	 -0.759	  0.645
	  0.437	 -0.610	 -0.661

6 	  56.60	   9.05	   6.70
	  0.958	  0.006	  0.284
	  0.016	  0.997	 -0.078
	 -0.284	  0.077	  0.955

7 	  39.90	  -9.30	  -3.36
	  0.560	 -0.765	  0.319
	  0.747	  0.298	 -0.594
	  0.359	  0.570	  0.738

8 	  46.02	 -10.65	   7.21
	  0.774	 -0.078	  0.628
	  0.234	 -0.887	 -0.397
	  0.590	  0.452	 -0.669

9 	  56.74	 -10.27	  11.32
	  0.853	 -0.021	  0.522
	  0.162	  0.960	 -0.226
	 -0.497	  0.278	  0.822

2 	  32.59	  -7.44	  22.75
	 -0.195	  0.980	 -0.034
	 -0.981	 -0.194	  0.009
	  0.004	  0.034	  0.999

3 	  45.21	  -1.86	   0.70
	  0.468	 -0.294	  0.833
	  0.061	  0.951	  0.301
	 -0.881	 -0.090	  0.463

4 	  40.62	   5.77	  -4.38
	  0.657	  0.746	  0.102
	 -0.713	  0.572	  0.405
	  0.245	 -0.339	  0.908

5 	  46.48	   9.19	   7.52
	  0.831	  0.213	  0.514
	 -0.144	 -0.811	  0.567
	  0.538	 -0.544	 -0.644

6 	  55.41	   9.28	   9.74
	  0.890	  0.048	  0.454
	 -0.053	  0.998	 -0.001
	 -0.453	 -0.025	  0.891

7 	  39.97	  -9.26	  -3.30
	  0.527	 -0.770	  0.359
	  0.780	  0.271	 -0.564
	  0.338	  0.577	  0.744

8 	  45.40	 -10.62	   7.72
	  0.730	 -0.060	  0.680
	  0.275	 -0.887	 -0.371
	  0.627	  0.456	 -0.631

9 	  55.67	 -10.32	  13.04
	  0.789	 -0.024	  0.613
	  0.180	  0.964	 -0.194
	 -0.587	  0.264	  0.765

2 	  32.59	  -7.44	  22.75
	 -0.195	  0.980	 -0.034
	 -0.981	 -0.194	  0.009
	  0.004	  0.034	  0.999

3 	  45.25	  -1.83	   0.77
	  0.468	 -0.296	  0.833
	  0.062	  0.951	  0.303
	 -0.882	 -0.090	  0.463

4 	  40.68	   5.94	  -4.15
	  0.630	  0.760	  0.157
	 -0.751	  0.544	  0.375
	  0.200	 -0.354	  0.913

5 	  45.21	   9.11	   8.67
	  0.752	  0.238	  0.614
	 -0.128	 -0.862	  0.490
	  0.647	 -0.446	 -0.619

6 	  53.89	  10.02	  12.13
	  0.810	  0.117	  0.575
	 -0.174	  0.984	  0.043
	 -0.561	 -0.136	  0.817

7 	  39.97	  -9.23	  -3.27
	  0.490	 -0.777	  0.396
	  0.811	  0.239	 -0.534
	  0.321	  0.582	  0.747

8 	  44.10	 -10.79	   8.28
	  0.629	 -0.078	  0.774
	  0.317	 -0.883	 -0.344
	  0.712	  0.460	 -0.530

9 	  53.49	 -10.69	  15.43
	  0.683	 -0.032	  0.729
	  0.196	  0.970	 -0.142
	 -0.703	  0.240	  0.669

2 	  32.59	  -7.42	  22.75
	 -0.195	  0.980	 -0.035
	 -0.981	 -0.194	  0.009
	  0.003	  0.035	  0.999

3 	  45.21	  -1.78	   0.93
	  0.469	 -0.298	  0.831
	  0.061	  0.950	  0.306
	 -0.881	 -0.093	  0.464

4 	  40.69	   6.12	  -3.94
	  0.593	  0.781	  0.197
	 -0.789	  0.512	  0.340
	  0.165	 -0.357	  0.919

5 	  43.44	   9.32	   9.42
	  0.624	  0.238	  0.744
	 -0.215	 -0.864	  0.455
	  0.752	 -0.442	 -0.488

6 	  51.36	  10.11	  14.96
	  0.680	  0.105	  0.725
	 -0.175	  0.984	  0.022
	 -0.712	 -0.142	  0.687

7 	  39.97	  -9.18	  -3.16
	  0.422	 -0.786	  0.452
	  0.864	  0.197	 -0.463
	  0.274	  0.585	  0.763

8 	  42.40	 -10.62	   8.95
	  0.512	 -0.064	  0.856
	  0.292	 -0.925	 -0.242
	  0.809	  0.372	 -0.455

9 	  50.80	 -11.71	  17.51
	  0.599	 -0.031	  0.800
	  0.533	  0.762	 -0.367
	 -0.602	  0.643	  0.473

2 	  32.59	  -7.44	  22.75
	 -0.195	  0.980	 -0.034
	 -0.981	 -0.194	  0.009
	  0.004	  0.034	  0.999

3 	  45.14	  -1.71	   1.07
	  0.469	 -0.298	  0.831
	  0.062	  0.950	  0.306
	 -0.881	 -0.093	  0.464

4 	  40.71	   6.26	  -3.78
	  0.572	  0.792	  0.212
	 -0.804	  0.490	  0.336
	  0.162	 -0.363	  0.917

5 	  41.61	   8.96	   9.91
	  0.475	  0.208	  0.855
	 -0.254	 -0.898	  0.358
	  0.843	 -0.385	 -0.374

6 	  48.81	   9.72	  16.82
	  0.568	  0.077	  0.819
	 -0.259	  0.962	  0.088
	 -0.782	 -0.261	  0.566

7 	  39.96	  -9.12	  -2.99
	  0.377	 -0.815	  0.441
	  0.880	  0.166	 -0.445
	  0.290	  0.555	  0.779

8 	  41.31	 -10.90	   9.14
	  0.431	 -0.124	  0.893
	  0.228	 -0.944	 -0.239
	  0.874	  0.305	 -0.378

9 	  49.01	 -12.41	  18.51
	  0.534	 -0.063	  0.843
	  0.495	  0.832	 -0.249
	 -0.690	  0.547	  0.475

2 	  32.59	  -7.42	  22.75
	 -0.195	  0.980	 -0.034
	 -0.981	 -0.194	  0.009
	  0.003	  0.034	  0.999

3 	  45.18	  -1.53	   1.21
	  0.463	 -0.279	  0.841
	  0.050	  0.956	  0.289
	 -0.885	 -0.092	  0.456

4 	  40.69	   6.36	  -3.71
	  0.542	  0.813	  0.213
	 -0.824	  0.462	  0.329
	  0.169	 -0.354	  0.920

5 	  40.18	   9.18	   9.88
	  0.346	  0.202	  0.916
	 -0.310	 -0.898	  0.312
	  0.887	 -0.391	 -0.247

6 	  46.74	   9.42	  17.65
	  0.506	  0.014	  0.862
	 -0.258	  0.956	  0.136
	 -0.824	 -0.292	  0.486

7 	  39.99	  -9.11	  -2.83
	  0.339	 -0.829	  0.445
	  0.899	  0.145	 -0.413
	  0.278	  0.540	  0.794

8 	  39.59	 -11.14	   9.16
	  0.251	 -0.139	  0.958
	  0.297	 -0.931	 -0.211
	  0.922	  0.337	 -0.191

9 	  45.67	 -12.32	  19.99
	  0.376	 -0.035	  0.926
	  0.443	  0.885	 -0.144
	 -0.816	  0.462	  0.347

2 	  32.59	  -7.42	  22.75
	 -0.195	  0.980	 -0.034
	 -0.981	 -0.194	  0.009
	  0.003	  0.034	  0.999

3 	  45.21	  -1.49	   1.27
	  0.455	 -0.260	  0.851
	  0.042	  0.961	  0.271
	 -0.889	 -0.088	  0.448

4 	  40.69	   6.26	  -3.81
	  0.523	  0.829	  0.196
	 -0.836	  0.453	  0.309
	  0.168	 -0.326	  0.930

5 	  39.36	   9.14	   9.65
	  0.269	  0.224	  0.937
	 -0.292	 -0.908	  0.299
	  0.918	 -0.353	 -0.179

6 	  45.60	   9.56	  17.86
	  0.454	  0.019	  0.890
	 -0.314	  0.939	  0.139
	 -0.834	 -0.342	  0.432

7 	  39.97	  -9.23	  -2.81
	  0.322	 -0.837	  0.442
	  0.906	  0.135	 -0.401
	  0.276	  0.529	  0.802

8 	  38.57	 -11.18	   9.05
	  0.158	 -0.140	  0.977
	  0.295	 -0.938	 -0.181
	  0.942	  0.317	 -0.106

9 	  44.40	 -12.36	  20.23
	  0.346	 -0.020	  0.938
	  0.521	  0.835	 -0.173
	 -0.783	  0.546	  0.299

2 	  32.59	  -7.42	  22.75
	 -0.195	  0.980	 -0.034
	 -0.981	 -0.194	  0.009
	  0.004	  0.034	  0.999

3 	  45.21	  -1.53	   1.25
	  0.455	 -0.252	  0.854
	  0.042	  0.964	  0.262
	 -0.889	 -0.084	  0.449

4 	  40.61	   6.19	  -3.88
	  0.516	  0.836	  0.183
	 -0.839	  0.451	  0.304
	  0.172	 -0.311	  0.935

5 	  39.36	   9.14	   9.62
	  0.262	  0.226	  0.938
	 -0.290	 -0.909	  0.298
	  0.921	 -0.349	 -0.172

6 	  45.58	   9.53	  17.82
	  0.451	  0.018	  0.892
	 -0.293	  0.947	  0.128
	 -0.843	 -0.319	  0.433

7 	  39.97	  -9.26	  -2.87
	  0.316	 -0.844	  0.434
	  0.905	  0.130	 -0.404
	  0.285	  0.520	  0.805

8 	  38.50	 -11.23	   8.93
	  0.141	 -0.141	  0.980
	  0.321	 -0.930	 -0.179
	  0.937	  0.339	 -0.085

9 	  44.12	 -12.34	  20.25
	  0.331	 -0.012	  0.943
	  0.581	  0.790	 -0.191
	 -0.746	  0.609	  0.268

