% Calibrated with leiden_pols
% Positions are in centimeters
Data =[
 2    96.825   -19.300    58.972
 2    -0.256    -0.967     0.003
 2     0.966    -0.255     0.033
 2    -0.033     0.011     0.999
 3   133.215    -5.718     3.271
 3     0.353    -0.020    -0.935
 3     0.218     0.974     0.061
 3     0.909    -0.226     0.348
 4   123.912    11.568    -3.732
 4     0.664    -0.746     0.057
 4     0.683     0.573    -0.453
 4     0.305     0.339     0.890
 5   122.707    17.195    20.142
 5     0.207    -0.549     0.811
 5     0.143    -0.802    -0.578
 5     0.968     0.234    -0.086
 6   128.167    23.978    42.527
 6     0.183    -0.981    -0.067
 6     0.155     0.095    -0.984
 6     0.970     0.170     0.167
 7   119.784   -22.473    -3.428
 7     0.131     0.927     0.352
 7    -0.964     0.036     0.262
 7     0.230    -0.373     0.899
 8   122.271   -25.146    22.365
 8     0.414     0.433     0.802
 8    -0.024    -0.874     0.483
 8     0.910    -0.219    -0.350
 9   130.007   -30.165    43.270
 9     0.278     0.960     0.017
 9    -0.075     0.002     0.997
 9     0.957    -0.278     0.072
 2    96.775   -19.300    59.023
 2    -0.256    -0.967     0.002
 2     0.966    -0.255     0.033
 2    -0.033     0.010     0.999
 3   133.289    -5.719     3.118
 3     0.354    -0.022    -0.935
 3     0.217     0.974     0.060
 3     0.909    -0.225     0.350
 4   123.979    11.515    -3.800
 4     0.664    -0.746     0.059
 4     0.684     0.573    -0.451
 4     0.302     0.340     0.890
 5   122.707    17.195    20.064
 5     0.207    -0.549     0.812
 5     0.142    -0.803    -0.578
 5     0.968     0.233    -0.087
 6   128.180    23.980    42.417
 6     0.182    -0.981    -0.071
 6     0.154     0.098    -0.983
 6     0.971     0.167     0.167
 7   119.881   -22.423    -3.451
 7     0.133     0.927     0.350
 7    -0.964     0.039     0.261
 7     0.229    -0.372     0.899
 8   122.376   -25.145    22.306
 8     0.411     0.437     0.802
 8    -0.024    -0.873     0.486
 8     0.911    -0.218    -0.348
 9   130.066   -30.162    43.259
 9     0.276     0.961     0.015
 9    -0.074     0.004     0.997
 9     0.958    -0.276     0.071
 2    96.775   -19.300    59.023
 2    -0.256    -0.967     0.003
 2     0.966    -0.255     0.033
 2    -0.033     0.010     0.999
 3   133.346    -5.717     3.111
 3     0.353    -0.021    -0.935
 3     0.217     0.974     0.061
 3     0.910    -0.225     0.348
 4   123.978    11.566    -3.851
 4     0.663    -0.746     0.060
 4     0.684     0.572    -0.452
 4     0.302     0.341     0.890
 5   122.707    17.196    20.068
 5     0.204    -0.549     0.812
 5     0.143    -0.803    -0.578
 5     0.968     0.232    -0.084
 6   128.180    23.980    42.417
 6     0.182    -0.981    -0.072
 6     0.154     0.099    -0.983
 6     0.971     0.167     0.167
 7   119.878   -22.474    -3.448
 7     0.133     0.928     0.349
 7    -0.965     0.040     0.260
 7     0.228    -0.371     0.900
 8   122.375   -25.145    22.306
 8     0.411     0.436     0.802
 8    -0.024    -0.873     0.486
 8     0.911    -0.218    -0.347
 9   130.015   -30.164    43.259
 9     0.275     0.961     0.015
 9    -0.075     0.004     0.997
 9     0.958    -0.276     0.072
 2    96.775   -19.300    59.023
 2    -0.256    -0.967     0.003
 2     0.966    -0.255     0.033
 2    -0.033     0.010     0.999
 3   133.352    -5.664     3.155
 3     0.351    -0.020    -0.936
 3     0.217     0.974     0.061
 3     0.911    -0.225     0.346
 4   123.983    11.569    -3.857
 4     0.661    -0.748     0.060
 4     0.685     0.570    -0.453
 4     0.304     0.340     0.889
 5   122.767    17.225    20.057
 5     0.203    -0.550     0.812
 5     0.143    -0.802    -0.578
 5     0.969     0.231    -0.083
 6   128.181    23.979    42.468
 6     0.182    -0.981    -0.074
 6     0.153     0.100    -0.983
 6     0.971     0.167     0.167
 7   119.903   -22.424    -3.449
 7     0.133     0.928     0.348
 7    -0.964     0.040     0.260
 7     0.228    -0.370     0.900
 8   122.381   -25.144    22.298
 8     0.410     0.438     0.802
 8    -0.024    -0.872     0.487
 8     0.912    -0.218    -0.346
 9   130.015   -30.163    43.259
 9     0.276     0.961     0.015
 9    -0.075     0.004     0.997
 9     0.958    -0.276     0.072
 2    96.775   -19.300    59.023
 2    -0.256    -0.967     0.002
 2     0.966    -0.255     0.033
 2    -0.033     0.010     0.999
 3   133.401    -5.663     3.206
 3     0.349    -0.021    -0.937
 3     0.218     0.974     0.060
 3     0.911    -0.225     0.345
 4   123.985    11.621    -3.809
 4     0.660    -0.749     0.059
 4     0.686     0.569    -0.453
 4     0.305     0.339     0.889
 5   122.767    17.225    20.057
 5     0.203    -0.551     0.811
 5     0.143    -0.802    -0.579
 5     0.969     0.231    -0.083
 6   128.182    23.977    42.520
 6     0.182    -0.980    -0.079
 6     0.152     0.105    -0.983
 6     0.971     0.166     0.167
 7   119.905   -22.423    -3.452
 7     0.133     0.928     0.347
 7    -0.964     0.040     0.261
 7     0.229    -0.369     0.900
 8   122.331   -25.146    22.299
 8     0.408     0.436     0.804
 8    -0.026    -0.873     0.485
 8     0.912    -0.218    -0.344
 9   130.017   -30.163    43.259
 9     0.277     0.961     0.016
 9    -0.075     0.003     0.997
 9     0.958    -0.277     0.071
 2    96.775   -19.300    59.023
 2    -0.256    -0.967     0.003
 2     0.966    -0.255     0.033
 2    -0.033     0.010     0.999
 3   133.351    -5.663     3.257
 3     0.349    -0.021    -0.937
 3     0.218     0.974     0.059
 3     0.911    -0.225     0.344
 4   123.969    11.660    -3.667
 4     0.661    -0.748     0.067
 4     0.677     0.556    -0.481
 4     0.322     0.363     0.874
 5   122.559    17.401    19.967
 5     0.201    -0.548     0.813
 5     0.162    -0.799    -0.577
 5     0.966     0.246    -0.070
 6   127.897    24.875    42.161
 6     0.169    -0.981    -0.099
 6     0.170     0.126    -0.977
 6     0.970     0.148     0.186
 7   119.938   -22.346    -3.347
 7     0.144     0.923     0.357
 7    -0.957     0.037     0.287
 7     0.252    -0.383     0.888
 8   122.537   -25.784    21.412
 8     0.316     0.363     0.878
 8    -0.092    -0.908     0.406
 8     0.944    -0.208    -0.252
 9   129.123   -33.465    42.524
 9     0.219     0.974     0.053
 9    -0.163    -0.019     0.987
 9     0.962    -0.225     0.153
 2    96.775   -19.300    59.023
 2    -0.256    -0.967     0.003
 2     0.966    -0.255     0.033
 2    -0.033     0.010     0.999
 3   133.356    -5.581     3.277
 3     0.343    -0.024    -0.939
 3     0.223     0.973     0.056
 3     0.912    -0.229     0.339
 4   123.585    11.480    -3.663
 4     0.645    -0.760     0.086
 4     0.698     0.539    -0.470
 4     0.311     0.362     0.878
 5   121.117    20.345    18.864
 5     0.189    -0.433     0.882
 5     0.359    -0.806    -0.470
 5     0.914     0.403     0.004
 6   126.326    32.007    39.115
 6     0.161    -0.986    -0.037
 6     0.347     0.090    -0.934
 6     0.924     0.138     0.355
 7   120.107   -22.398    -3.266
 7     0.145     0.923     0.355
 7    -0.957     0.040     0.285
 7     0.250    -0.381     0.890
 8   121.992   -29.251    20.767
 8     0.323     0.221     0.921
 8    -0.300    -0.899     0.319
 8     0.898    -0.378    -0.223
 9   128.153   -40.815    39.854
 9     0.228     0.961     0.158
 9    -0.341    -0.073     0.937
 9     0.912    -0.267     0.311
 2    96.775   -19.300    59.023
 2    -0.256    -0.967     0.003
 2     0.966    -0.255     0.033
 2    -0.033     0.011     0.999
 3   133.371    -5.524     3.367
 3     0.337    -0.020    -0.941
 3     0.224     0.972     0.060
 3     0.914    -0.232     0.332
 4   123.474    11.393    -3.673
 4     0.644    -0.759     0.099
 4     0.704     0.538    -0.462
 4     0.297     0.366     0.881
 5   120.355    22.879    17.485
 5     0.190    -0.349     0.918
 5     0.517    -0.760    -0.395
 5     0.835     0.547     0.036
 6   125.754    37.800    35.347
 6     0.166    -0.986    -0.016
 6     0.488     0.095    -0.868
 6     0.857     0.136     0.496
 7   120.015   -22.293    -3.165
 7     0.148     0.919     0.366
 7    -0.957     0.039     0.288
 7     0.251    -0.392     0.885
 8   121.432   -31.573    20.235
 8     0.335     0.098     0.937
 8    -0.444    -0.861     0.248
 8     0.830    -0.499    -0.246
 9   127.658   -45.711    37.092
 9     0.240     0.950     0.198
 9    -0.463    -0.067     0.884
 9     0.853    -0.303     0.424
 2    96.775   -19.300    59.023
 2    -0.256    -0.967     0.003
 2     0.966    -0.255     0.033
 2    -0.033     0.011     0.999
 3   133.372    -5.573     3.420
 3     0.336    -0.016    -0.942
 3     0.226     0.972     0.065
 3     0.914    -0.235     0.330
 4   123.275    11.077    -3.911
 4     0.657    -0.743     0.127
 4     0.709     0.552    -0.439
 4     0.256     0.378     0.890
 5   119.835    24.781    15.653
 5     0.195    -0.301     0.934
 5     0.631    -0.691    -0.353
 5     0.751     0.657     0.055
 6   125.542    41.848    31.178
 6     0.177    -0.984    -0.021
 6     0.591     0.122    -0.798
 6     0.787     0.129     0.602
 7   119.812   -22.225    -3.031
 7     0.155     0.908     0.389
 7    -0.960     0.044     0.276
 7     0.234    -0.416     0.878
 8   121.139   -34.058    18.927
 8     0.339     0.019     0.941
 8    -0.573    -0.789     0.222
 8     0.746    -0.614    -0.256
 9   127.116   -50.972    32.773
 9     0.243     0.947     0.210
 9    -0.591    -0.027     0.805
 9     0.769    -0.320     0.554
 2    96.775   -19.300    59.023
 2    -0.256    -0.967     0.003
 2     0.966    -0.255     0.033
 2    -0.033     0.010     0.999
 3   133.429    -5.623     3.362
 3     0.335    -0.012    -0.942
 3     0.224     0.972     0.067
 3     0.915    -0.234     0.328
 4   123.096    10.783    -4.237
 4     0.668    -0.728     0.154
 4     0.713     0.568    -0.410
 4     0.211     0.383     0.899
 5   119.428    26.599    13.471
 5     0.195    -0.250     0.949
 5     0.736    -0.602    -0.308
 5     0.648     0.758     0.067
 6   125.273    45.734    26.176
 6     0.185    -0.983    -0.015
 6     0.694     0.141    -0.707
 6     0.695     0.120     0.707
 7   119.675   -21.936    -3.106
 7     0.176     0.892     0.417
 7    -0.964     0.069     0.256
 7     0.201    -0.447     0.872
 8   120.943   -36.643    16.845
 8     0.342    -0.015     0.939
 8    -0.687    -0.687     0.239
 8     0.641    -0.727    -0.246
 9   127.231   -55.753    27.065
 9     0.254     0.949     0.187
 9    -0.711     0.052     0.701
 9     0.656    -0.311     0.688
 2    96.775   -19.300    59.023
 2    -0.256    -0.967     0.003
 2     0.966    -0.255     0.033
 2    -0.033     0.011     0.999
 3   133.435    -5.623     3.252
 3     0.335    -0.011    -0.942
 3     0.222     0.973     0.068
 3     0.916    -0.232     0.328
 4   122.721    10.496    -4.629
 4     0.681    -0.708     0.190
 4     0.717     0.594    -0.364
 4     0.145     0.383     0.912
 5   119.121    28.127    10.806
 5     0.203    -0.202     0.958
 5     0.824    -0.494    -0.278
 5     0.528     0.846     0.065
 6   125.370    48.874    20.158
 6     0.206    -0.979     0.007
 6     0.784     0.160    -0.600
 6     0.585     0.129     0.800
 7   119.326   -21.692    -3.264
 7     0.204     0.863     0.462
 7    -0.969     0.112     0.218
 7     0.137    -0.492     0.859
 8   120.946   -39.086    13.769
 8     0.364    -0.079     0.928
 8    -0.795    -0.546     0.265
 8     0.485    -0.834    -0.261
 9   127.368   -59.780    19.864
 9     0.275     0.935     0.226
 9    -0.819     0.105     0.563
 9     0.503    -0.339     0.794
 2    96.775   -19.300    59.023
 2    -0.256    -0.967     0.003
 2     0.966    -0.255     0.033
 2    -0.033     0.011     0.999
 3   133.446    -5.531     3.007
 3     0.343    -0.015    -0.939
 3     0.214     0.975     0.062
 3     0.914    -0.223     0.337
 4   122.256     9.884    -5.218
 4     0.698    -0.678     0.236
 4     0.714     0.629    -0.304
 4     0.058     0.379     0.923
 5   119.286    29.286     7.916
 5     0.233    -0.110     0.966
 5     0.893    -0.370    -0.256
 5     0.385     0.922     0.012
 6   125.901    51.212    13.759
 6     0.245    -0.967     0.073
 6     0.859     0.182    -0.478
 6     0.448     0.180     0.875
 7   119.112   -21.264    -3.490
 7     0.238     0.830     0.505
 7    -0.968     0.161     0.189
 7     0.077    -0.534     0.842
 8   121.131   -40.668    10.620
 8     0.378    -0.124     0.917
 8    -0.859    -0.416     0.297
 8     0.345    -0.901    -0.264
 9   127.627   -62.096    12.534
 9     0.290     0.927     0.240
 9    -0.890     0.169     0.423
 9     0.352    -0.335     0.873
 2    96.775   -19.300    59.023
 2    -0.256    -0.967     0.003
 2     0.966    -0.255     0.033
 2    -0.033     0.010     0.999
 3   133.532    -5.460     2.791
 3     0.348    -0.020    -0.937
 3     0.214     0.975     0.059
 3     0.912    -0.222     0.344
 4   121.863     9.352    -5.746
 4     0.684    -0.679     0.269
 4     0.729     0.639    -0.244
 4    -0.006     0.362     0.932
 5   119.015    29.793     5.137
 5     0.228    -0.040     0.973
 5     0.937    -0.265    -0.230
 5     0.266     0.963    -0.023
 6   125.257    52.357     7.863
 6     0.247    -0.962     0.123
 6     0.912     0.187    -0.365
 6     0.328     0.201     0.923
 7   119.009   -20.884    -3.735
 7     0.255     0.798     0.547
 7    -0.967     0.210     0.142
 7    -0.001    -0.565     0.825
 8   120.840   -41.639     7.485
 8     0.364    -0.160     0.917
 8    -0.906    -0.290     0.309
 8     0.217    -0.943    -0.250
 9   126.603   -63.436     6.388
 9     0.268     0.922     0.281
 9    -0.937     0.180     0.296
 9     0.224    -0.341     0.912
 2    96.775   -19.300    59.023
 2    -0.256    -0.967     0.003
 2     0.966    -0.255     0.033
 2    -0.033     0.010     0.999
 3   133.791    -5.245     2.347
 3     0.363    -0.033    -0.931
 3     0.215     0.975     0.050
 3     0.906    -0.219     0.361
 4   121.170     8.738    -6.289
 4     0.670    -0.667     0.330
 4     0.735     0.656    -0.169
 4    -0.103     0.354     0.929
 5   118.583    30.001     2.656
 5     0.216     0.077     0.973
 5     0.966    -0.163    -0.201
 5     0.143     0.983    -0.110
 6   123.963    52.830     1.969
 6     0.243    -0.931     0.275
 6     0.952     0.175    -0.249
 6     0.185     0.321     0.928
 7   118.802   -20.430    -4.015
 7     0.273     0.754     0.600
 7    -0.958     0.266     0.099
 7    -0.084    -0.601     0.794
 8   121.002   -41.922     4.669
 8     0.368    -0.212     0.905
 8    -0.924    -0.189     0.331
 8     0.102    -0.959    -0.265
 9   126.534   -63.614     0.481
 9     0.271     0.898     0.348
 9    -0.958     0.215     0.188
 9     0.096    -0.382     0.918
 2    96.777   -19.350    59.020
 2    -0.256    -0.967     0.003
 2     0.966    -0.255     0.032
 2    -0.032     0.011     0.999
 3   133.686    -5.211     2.061
 3     0.384    -0.036    -0.923
 3     0.223     0.973     0.055
 3     0.896    -0.228     0.381
 4   120.825     8.141    -6.810
 4     0.650    -0.669     0.363
 4     0.744     0.656    -0.125
 4    -0.154     0.349     0.923
 5   118.520    29.936     0.581
 5     0.214     0.118     0.970
 5     0.974    -0.094    -0.203
 5     0.068     0.989    -0.135
 6   123.569    52.588    -1.836
 6     0.244    -0.919     0.313
 6     0.964     0.194    -0.179
 6     0.105     0.344     0.932
 7   118.719   -19.999    -4.441
 7     0.276     0.726     0.631
 7    -0.949     0.308     0.058
 7    -0.152    -0.615     0.773
 8   121.085   -41.898     2.501
 8     0.366    -0.220     0.904
 8    -0.930    -0.126     0.346
 8     0.038    -0.967    -0.250
 9   126.360   -63.270    -2.920
 9     0.263     0.893     0.367
 9    -0.964     0.231     0.124
 9     0.027    -0.385     0.922
 2    96.777   -19.299    59.020
 2    -0.256    -0.967     0.003
 2     0.966    -0.255     0.032
 2    -0.032     0.011     0.999
 3   133.754    -4.929     1.880
 3     0.409    -0.047    -0.911
 3     0.237     0.969     0.057
 3     0.881    -0.240     0.407
 4   120.335     7.557    -7.345
 4     0.616    -0.672     0.414
 4     0.756     0.649    -0.070
 4    -0.221     0.355     0.907
 5   118.317    29.672    -0.475
 5     0.194     0.259     0.946
 5     0.981    -0.029    -0.192
 5    -0.022     0.965    -0.259
 6   120.854    52.079    -4.434
 6     0.194    -0.665     0.723
 6     0.979     0.170    -0.103
 6    -0.055     0.727     0.682
 7   118.428   -19.622    -4.300
 7     0.273     0.689     0.672
 7    -0.942     0.331     0.041
 7    -0.194    -0.645     0.739
 8   122.124   -41.393     2.951
 8     0.376    -0.420     0.827
 8    -0.925    -0.126     0.356
 8    -0.044    -0.899    -0.435
 9   124.822   -63.096    -2.777
 9     0.233     0.418     0.879
 9    -0.971     0.142     0.188
 9    -0.049    -0.897     0.437
 2    96.777   -19.299    59.020
 2    -0.256    -0.967     0.003
 2     0.966    -0.255     0.033
 2    -0.032     0.011     0.999
 3   133.740    -4.848     1.730
 3     0.433    -0.066    -0.899
 3     0.256     0.965     0.052
 3     0.864    -0.253     0.434
 4   119.738     7.311    -7.228
 4     0.603    -0.649     0.466
 4     0.751     0.657    -0.057
 4    -0.268     0.383     0.882
 5   119.132    29.319    -0.404
 5     0.211     0.443     0.872
 5     0.975    -0.028    -0.220
 5    -0.072     0.896    -0.437
 6   120.489    51.754    -4.446
 6     0.168    -0.362     0.918
 6     0.979     0.170    -0.111
 6    -0.118     0.917     0.381
 7   118.392   -19.618    -4.075
 7     0.270     0.682     0.681
 7    -0.944     0.325     0.045
 7    -0.191    -0.655     0.730
 8   122.959   -41.291     4.341
 8     0.378    -0.529     0.761
 8    -0.924    -0.159     0.347
 8    -0.062    -0.834    -0.547
 9   124.611   -63.364    -0.304
 9     0.196    -0.020     0.980
 9    -0.979     0.048     0.197
 9    -0.051    -0.999    -0.009
 2    96.777   -19.299    59.020
 2    -0.256    -0.967     0.003
 2     0.966    -0.255     0.033
 2    -0.032     0.011     0.999
 3   133.671    -4.969     1.656
 3     0.455    -0.081    -0.887
 3     0.264     0.963     0.048
 3     0.850    -0.257     0.460
 4   118.971     6.908    -7.172
 4     0.603    -0.603     0.525
 4     0.733     0.675    -0.068
 4    -0.313     0.424     0.848
 5   120.031    29.075     0.239
 5     0.230     0.594     0.771
 5     0.969    -0.067    -0.236
 5    -0.088     0.801    -0.591
 6   121.027    51.501    -2.832
 6     0.159    -0.065     0.985
 6     0.979     0.138    -0.149
 6    -0.127     0.988     0.085
 7   117.694   -19.555    -3.608
 7     0.227     0.647     0.729
 7    -0.954     0.298     0.030
 7    -0.198    -0.702     0.683
 8   124.128   -40.962     5.704
 8     0.375    -0.717     0.590
 8    -0.922    -0.217     0.320
 8    -0.101    -0.663    -0.741
 9   125.432   -63.118     2.020
 9     0.175    -0.446     0.879
 9    -0.984    -0.040     0.172
 9    -0.040    -0.894    -0.443
 2    96.775   -19.300    59.023
 2    -0.256    -0.967     0.003
 2     0.966    -0.255     0.033
 2    -0.033     0.010     0.999
 3   133.403    -5.003     1.318
 3     0.491    -0.104    -0.865
 3     0.260     0.965     0.033
 3     0.831    -0.242     0.500
 4   118.429     6.969    -7.029
 4     0.606    -0.571     0.557
 4     0.726     0.679    -0.094
 4    -0.325     0.460     0.825
 5   120.520    28.919     0.970
 5     0.245     0.653     0.718
 5     0.966    -0.105    -0.232
 5    -0.076     0.750    -0.656
 6   121.419    51.578    -1.454
 6     0.158     0.054     0.986
 6     0.980     0.109    -0.163
 6    -0.116     0.992    -0.035
 7   117.033   -19.446    -3.182
 7     0.183     0.614     0.768
 7    -0.961     0.276     0.007
 7    -0.209    -0.739     0.640
 8   124.717   -40.491     6.477
 8     0.370    -0.806     0.463
 8    -0.922    -0.256     0.291
 8    -0.117    -0.533    -0.837
 9   125.852   -62.866     3.755
 9     0.161    -0.620     0.770
 9    -0.987    -0.085     0.134
 9    -0.017    -0.780    -0.623
 2    96.775   -19.300    59.023
 2    -0.256    -0.967     0.003
 2     0.966    -0.255     0.033
 2    -0.033     0.010     0.999
 3   133.216    -5.079     1.158
 3     0.516    -0.112    -0.849
 3     0.255     0.966     0.029
 3     0.817    -0.233     0.527
 4   118.091     6.958    -7.006
 4     0.601    -0.555     0.578
 4     0.725     0.680    -0.100
 4    -0.337     0.478     0.810
 5   120.405    28.874     1.028
 5     0.240     0.678     0.695
 5     0.968    -0.108    -0.226
 5    -0.078     0.726    -0.682
 6   120.976    51.633    -1.390
 6     0.138     0.107     0.985
 6     0.983     0.110    -0.149
 6    -0.124     0.988    -0.089
 7   116.620   -19.188    -3.111
 7     0.154     0.596     0.788
 7    -0.962     0.271    -0.018
 7    -0.225    -0.756     0.615
 8   124.165   -40.364     6.510
 8     0.342    -0.836     0.430
 8    -0.932    -0.242     0.270
 8    -0.123    -0.492    -0.861
 9   124.699   -62.853     4.087
 9     0.114    -0.686     0.720
 9    -0.993    -0.069     0.086
 9    -0.009    -0.724    -0.688
 2    96.775   -19.300    59.023
 2    -0.256    -0.967     0.003
 2     0.966    -0.255     0.033
 2    -0.033     0.011     0.999
 3   133.240    -5.042     1.084
 3     0.530    -0.109    -0.841
 3     0.246     0.969     0.030
 3     0.811    -0.223     0.539
 4   118.139     7.139    -7.018
 4     0.598    -0.553     0.583
 4     0.728     0.676    -0.106
 4    -0.335     0.487     0.805
 5   120.530    29.019     1.393
 5     0.232     0.684     0.692
 5     0.970    -0.114    -0.211
 5    -0.065     0.720    -0.690
 6   120.819    51.892    -0.246
 6     0.119     0.121     0.985
 6     0.988     0.086    -0.130
 6    -0.100     0.989    -0.109
 7   116.494   -18.969    -3.083
 7     0.135     0.590     0.796
 7    -0.964     0.264    -0.033
 7    -0.230    -0.763     0.604
 8   123.524   -40.187     6.540
 8     0.313    -0.845     0.434
 8    -0.943    -0.223     0.246
 8    -0.112    -0.485    -0.867
 9   123.607   -62.746     4.684
 9     0.084    -0.690     0.721
 9    -0.996    -0.066     0.047
 9     0.016    -0.721    -0.691
 2    96.775   -19.300    59.023
 2    -0.256    -0.967     0.003
 2     0.966    -0.255     0.033
 2    -0.033     0.010     0.999
 3   133.181    -4.946     1.068
 3     0.536    -0.108    -0.838
 3     0.242     0.969     0.031
 3     0.809    -0.220     0.545
 4   117.883     7.258    -6.825
 4     0.591    -0.541     0.601
 4     0.730     0.673    -0.113
 4    -0.344     0.504     0.791
 5   120.393    29.204     0.561
 5     0.238     0.681     0.693
 5     0.966    -0.090    -0.242
 5    -0.103     0.726    -0.679
 6   120.956    51.837    -3.020
 6     0.130     0.106     0.986
 6     0.980     0.139    -0.144
 6    -0.152     0.984    -0.086
 7   116.386   -19.075    -2.949
 7     0.154     0.564     0.812
 7    -0.956     0.292    -0.022
 7    -0.250    -0.773     0.583
 8   123.420   -40.742     4.443
 8     0.324    -0.827     0.461
 8    -0.926    -0.178     0.332
 8    -0.193    -0.534    -0.823
 9   123.776   -63.023    -0.793
 9     0.098    -0.644     0.760
 9    -0.990     0.016     0.137
 9    -0.100    -0.765    -0.635
 2    96.775   -19.300    59.023
 2    -0.256    -0.967     0.003
 2     0.966    -0.255     0.033
 2    -0.033     0.010     0.999
 3   132.920    -4.871     0.964
 3     0.538    -0.120    -0.834
 3     0.266     0.963     0.034
 3     0.800    -0.241     0.550
 4   117.289     6.814    -6.901
 4     0.600    -0.490     0.635
 4     0.695     0.709    -0.110
 4    -0.397     0.506     0.765
 5   121.254    29.097    -2.782
 5     0.294     0.692     0.660
 5     0.926    -0.035    -0.373
 5    -0.235     0.720    -0.651
 6   123.398    50.485   -10.181
 6     0.212     0.116     0.970
 6     0.925     0.296    -0.237
 6    -0.314     0.948    -0.044
 7   115.968   -18.887    -2.866
 7     0.189     0.516     0.836
 7    -0.928     0.371    -0.020
 7    -0.321    -0.772     0.548
 8   124.005   -40.454    -0.098
 8     0.379    -0.813     0.444
 8    -0.855    -0.125     0.501
 8    -0.353    -0.569    -0.743
 9   125.384   -61.158    -9.898
 9     0.155    -0.635     0.759
 9    -0.942     0.139     0.303
 9    -0.298    -0.760    -0.575
 2    96.777   -19.299    59.071
 2    -0.256    -0.967     0.003
 2     0.966    -0.255     0.033
 2    -0.032     0.011     0.999
 3   132.737    -4.718     0.899
 3     0.536    -0.126    -0.835
 3     0.273     0.961     0.032
 3     0.798    -0.246     0.549
 4   116.996     6.708    -6.868
 4     0.629    -0.425     0.653
 4     0.646     0.750    -0.136
 4    -0.432     0.507     0.745
 5   122.856    28.578    -5.961
 5     0.372     0.704     0.607
 5     0.858    -0.011    -0.512
 5    -0.354     0.710    -0.608
 6   126.541    48.147   -16.639
 6     0.298     0.157     0.942
 6     0.839     0.429    -0.335
 6    -0.455     0.889    -0.003
 7   115.612   -18.136    -3.076
 7     0.212     0.460     0.862
 7    -0.887     0.459    -0.028
 7    -0.409    -0.760     0.506
 8   124.497   -39.173    -3.833
 8     0.405    -0.822     0.401
 8    -0.784    -0.087     0.614
 8    -0.470    -0.562    -0.680
 9   126.337   -58.441   -16.499
 9     0.182    -0.657     0.735
 9    -0.883     0.222     0.411
 9    -0.433    -0.721    -0.539
 2    96.779   -19.298    59.017
 2    -0.257    -0.967     0.004
 2     0.966    -0.256     0.032
 2    -0.031     0.012     0.999
 3   132.725    -4.463     0.729
 3     0.536    -0.138    -0.833
 3     0.281     0.959     0.023
 3     0.796    -0.247     0.552
 4   116.628     6.711    -6.889
 4     0.641    -0.380     0.668
 4     0.611     0.777    -0.145
 4    -0.465     0.500     0.729
 5   123.686    27.453    -8.744
 5     0.413     0.734     0.542
 5     0.790     0.007    -0.611
 5    -0.453     0.679    -0.576
 6   128.016    45.023   -22.171
 6     0.340     0.220     0.915
 6     0.748     0.529    -0.402
 6    -0.570     0.819     0.017
 7   115.225   -17.869    -3.211
 7     0.225     0.422     0.878
 7    -0.858     0.513    -0.027
 7    -0.462    -0.747     0.477
 8   124.863   -37.780    -6.798
 8     0.439    -0.817     0.376
 8    -0.704    -0.053     0.707
 8    -0.558    -0.575    -0.598
 9   127.438   -55.040   -22.134
 9     0.218    -0.660     0.722
 9    -0.806     0.296     0.510
 9    -0.550    -0.690    -0.467
 2    96.778   -19.298    59.016
 2    -0.257    -0.967     0.005
 2     0.966    -0.256     0.031
 2    -0.031     0.013     0.999
 3   132.463    -4.186     0.463
 3     0.537    -0.160    -0.829
 3     0.302     0.953     0.013
 3     0.788    -0.258     0.559
 4   116.261     6.188    -7.316
 4     0.651    -0.330     0.685
 4     0.562     0.814    -0.143
 4    -0.511     0.478     0.714
 5   124.138    26.125   -11.574
 5     0.440     0.750     0.496
 5     0.716     0.040    -0.695
 5    -0.542     0.659    -0.520
 6   128.913    41.578   -27.265
 6     0.366     0.256     0.896
 6     0.653     0.617    -0.440
 6    -0.663     0.744     0.060
 7   115.078   -17.551    -3.504
 7     0.246     0.384     0.890
 7    -0.821     0.570    -0.019
 7    -0.515    -0.726     0.455
 8   125.393   -36.095    -9.417
 8     0.478    -0.808     0.346
 8    -0.614    -0.026     0.788
 8    -0.628    -0.589    -0.509
 9   128.854   -51.147   -26.790
 9     0.258    -0.659     0.711
 9    -0.720     0.359     0.591
 9    -0.645    -0.661    -0.381
 2    96.780   -19.297    59.013
 2    -0.257    -0.967     0.007
 2     0.966    -0.256     0.031
 2    -0.030     0.014     0.999
 3   132.507    -4.019     0.192
 3     0.546    -0.182    -0.818
 3     0.317     0.948     0.002
 3     0.775    -0.261     0.575
 4   115.972     6.105    -7.415
 4     0.655    -0.309     0.691
 4     0.536     0.832    -0.139
 4    -0.532     0.461     0.709
 5   124.727    24.351   -14.078
 5     0.480     0.761     0.439
 5     0.618     0.060    -0.782
 5    -0.622     0.646    -0.441
 6   130.237    36.883   -31.779
 6     0.412     0.294     0.865
 6     0.518     0.706    -0.482
 6    -0.750     0.644     0.139
 7   114.859   -17.103    -3.714
 7     0.268     0.350     0.898
 7    -0.782     0.622    -0.010
 7    -0.562    -0.700     0.440
 8   126.214   -33.794   -11.839
 8     0.518    -0.803     0.295
 8    -0.505    -0.009     0.863
 8    -0.690    -0.595    -0.410
 9   130.267   -46.114   -31.178
 9     0.303    -0.668     0.684
 9    -0.608     0.417     0.673
 9    -0.734    -0.616    -0.281
 2    96.783   -19.296    59.010
 2    -0.256    -0.967     0.007
 2     0.966    -0.255     0.031
 2    -0.029     0.014     0.999
 3   132.351    -3.721    -0.015
 3     0.552    -0.203    -0.810
 3     0.321     0.946    -0.016
 3     0.769    -0.251     0.587
 4   115.566     6.204    -7.455
 4     0.672    -0.285     0.684
 4     0.502     0.853    -0.140
 4    -0.544     0.437     0.715
 5   125.705    22.235   -15.853
 5     0.532     0.782     0.326
 5     0.490     0.027    -0.870
 5    -0.690     0.622    -0.369
 6   131.803    31.074   -35.413
 6     0.447     0.408     0.801
 6     0.348     0.743    -0.568
 6    -0.824     0.529     0.190
 7   114.669   -16.790    -3.872
 7     0.284     0.330     0.900
 7    -0.759     0.650     0.002
 7    -0.586    -0.684     0.435
 8   126.777   -32.288   -13.041
 8     0.552    -0.797     0.246
 8    -0.429    -0.020     0.902
 8    -0.714    -0.604    -0.353
 9   131.527   -42.351   -33.504
 9     0.339    -0.681     0.654
 9    -0.504     0.453     0.732
 9    -0.794    -0.575    -0.189
 2    96.757   -19.296    59.010
 2    -0.257    -0.967     0.008
 2     0.966    -0.256     0.031
 2    -0.029     0.015     0.999
 3   131.995    -3.679    -0.191
 3     0.560    -0.218    -0.800
 3     0.324     0.945    -0.029
 3     0.762    -0.244     0.599
 4   114.843     5.807    -7.487
 4     0.686    -0.253     0.683
 4     0.458     0.877    -0.137
 4    -0.565     0.407     0.717
 5   126.112    19.297   -17.646
 5     0.557     0.812     0.175
 5     0.348    -0.038    -0.936
 5    -0.753     0.583    -0.304
 6   132.035    24.628   -38.649
 6     0.439     0.545     0.721
 6     0.180     0.728    -0.657
 6    -0.880     0.416     0.219
 7   113.860   -16.859    -3.863
 7     0.292     0.298     0.908
 7    -0.736     0.676     0.015
 7    -0.611    -0.673     0.417
 8   126.538   -30.887   -14.127
 8     0.572    -0.798     0.189
 8    -0.353    -0.032     0.935
 8    -0.740    -0.602    -0.300
 9   131.268   -38.373   -36.013
 9     0.354    -0.709     0.615
 9    -0.381     0.488     0.782
 9    -0.854    -0.509    -0.099
 2    96.757   -19.296    59.010
 2    -0.256    -0.967     0.008
 2     0.966    -0.255     0.031
 2    -0.029     0.015     0.999
 3   131.246    -3.744    -0.550
 3     0.573    -0.235    -0.786
 3     0.329     0.943    -0.041
 3     0.750    -0.236     0.617
 4   113.653     5.516    -7.450
 4     0.686    -0.230     0.691
 4     0.430     0.892    -0.132
 4    -0.587     0.388     0.711
 5   125.768    17.309   -18.645
 5     0.566     0.821     0.072
 5     0.253    -0.090    -0.963
 5    -0.784     0.563    -0.259
 6   131.490    19.855   -40.372
 6     0.424     0.642     0.646
 6     0.044     0.692    -0.716
 6    -0.905     0.329     0.262
 7   113.015   -16.926    -3.964
 7     0.296     0.266     0.917
 7    -0.716     0.697     0.030
 7    -0.632    -0.666     0.396
 8   126.142   -30.038   -15.019
 8     0.583    -0.797     0.157
 8    -0.301    -0.032     0.953
 8    -0.754    -0.603    -0.259
 9   131.092   -35.653   -37.441
 9     0.361    -0.736     0.578
 9    -0.290     0.498     0.815
 9    -0.886    -0.459    -0.035
 2    96.757   -19.296    59.010
 2    -0.256    -0.967     0.008
 2     0.966    -0.255     0.030
 2    -0.029     0.015     0.999
 3   130.440    -3.806    -0.831
 3     0.583    -0.249    -0.774
 3     0.327     0.943    -0.055
 3     0.743    -0.222     0.631
 4   112.630     5.369    -7.484
 4     0.684    -0.216     0.697
 4     0.417     0.899    -0.133
 4    -0.598     0.381     0.704
 5   125.435    16.008   -18.960
 5     0.581     0.814     0.000
 5     0.190    -0.134    -0.973
 5    -0.792     0.564    -0.233
 6   131.412    16.837   -40.932
 6     0.418     0.702     0.583
 6    -0.040     0.649    -0.756
 6    -0.908     0.292     0.296
 7   112.542   -17.176    -4.272
 7     0.330     0.227     0.916
 7    -0.690     0.720     0.070
 7    -0.645    -0.655     0.394
 8   126.852   -28.347   -15.846
 8     0.622    -0.780     0.073
 8    -0.199    -0.067     0.978
 8    -0.757    -0.623    -0.196
 9   132.151   -30.728   -39.143
 9     0.385    -0.776     0.504
 9    -0.144     0.485     0.860
 9    -0.912    -0.403     0.074
 2    96.757   -19.296    59.010
 2    -0.256    -0.967     0.008
 2     0.966    -0.255     0.030
 2    -0.029     0.015     0.999
 3   129.914    -3.761    -1.198
 3     0.587    -0.269    -0.764
 3     0.331     0.940    -0.075
 3     0.738    -0.209     0.640
 4   111.817     5.175    -7.500
 4     0.686    -0.202     0.699
 4     0.402     0.905    -0.134
 4    -0.606     0.373     0.702
 5   125.467    14.527   -19.445
 5     0.590     0.804    -0.072
 5     0.119    -0.173    -0.978
 5    -0.798     0.568    -0.198
 6   131.349    13.160   -41.529
 6     0.401     0.762     0.514
 6    -0.144     0.601    -0.784
 6    -0.905     0.239     0.347
 7   112.062   -17.179    -4.336
 7     0.344     0.218     0.913
 7    -0.675     0.733     0.079
 7    -0.652    -0.644     0.399
 8   126.809   -27.130   -16.490
 8     0.635    -0.771     0.037
 8    -0.132    -0.059     0.989
 8    -0.761    -0.634    -0.140
 9   132.116   -27.075   -40.010
 9     0.389    -0.796     0.469
 9    -0.034     0.493     0.868
 9    -0.921    -0.352     0.163
 2    96.782   -19.296    59.061
 2    -0.256    -0.967     0.008
 2     0.966    -0.255     0.030
 2    -0.029     0.015     0.999
 3   129.505    -3.813    -1.404
 3     0.588    -0.284    -0.758
 3     0.331     0.938    -0.092
 3     0.737    -0.197     0.645
 4   111.416     5.067    -7.540
 4     0.689    -0.195     0.698
 4     0.395     0.908    -0.137
 4    -0.608     0.370     0.702
 5   125.470    13.615   -19.467
 5     0.605     0.788    -0.116
 5     0.074    -0.199    -0.977
 5    -0.793     0.582    -0.179
 6   131.598    10.673   -41.557
 6     0.393     0.800     0.458
 6    -0.221     0.561    -0.797
 6    -0.893     0.213     0.394
 7   111.597   -17.187    -4.491
 7     0.356     0.213     0.910
 7    -0.660     0.746     0.083
 7    -0.662    -0.630     0.406
 8   126.782   -25.880   -17.129
 8     0.646    -0.763     0.002
 8    -0.067    -0.052     0.996
 8    -0.760    -0.644    -0.085
 9   131.988   -23.288   -40.778
 9     0.383    -0.823     0.424
 9     0.080     0.483     0.870
 9    -0.920    -0.298     0.250
 2    96.785   -19.346    59.007
 2    -0.256    -0.967     0.008
 2     0.966    -0.255     0.029
 2    -0.028     0.015     0.999
 3   128.931    -3.595    -1.619
 3     0.598    -0.297    -0.745
 3     0.326     0.938    -0.110
 3     0.732    -0.178     0.657
 4   110.581     5.064    -7.436
 4     0.685    -0.193     0.703
 4     0.398     0.906    -0.140
 4    -0.610     0.375     0.697
 5   125.019    13.318   -19.491
 5     0.608     0.782    -0.138
 5     0.048    -0.208    -0.977
 5    -0.792     0.587    -0.164
 6   130.844     8.620   -41.552
 6     0.370     0.831     0.419
 6    -0.304     0.531    -0.790
 6    -0.878     0.165     0.446
 7   111.049   -17.118    -4.439
 7     0.359     0.203     0.911
 7    -0.650     0.755     0.088
 7    -0.670    -0.624     0.402
 8   126.368   -25.072   -17.443
 8     0.644    -0.765    -0.021
 8    -0.026    -0.047     0.998
 8    -0.765    -0.642    -0.051
 9   130.897   -20.620   -41.462
 9     0.354    -0.850     0.393
 9     0.170     0.469     0.865
 9    -0.919    -0.239     0.310
 2    96.785   -19.346    59.058
 2    -0.256    -0.967     0.008
 2     0.966    -0.255     0.029
 2    -0.028     0.014     0.999
 3   128.593    -3.599    -1.736
 3     0.601    -0.301    -0.741
 3     0.325     0.938    -0.115
 3     0.729    -0.172     0.661
 4   110.216     5.057    -7.395
 4     0.682    -0.189     0.707
 4     0.396     0.907    -0.141
 4    -0.615     0.376     0.693
 5   124.758    12.994   -19.575
 5     0.607     0.782    -0.145
 5     0.027    -0.201    -0.979
 5    -0.794     0.590    -0.143
 6   130.567     6.507   -41.644
 6     0.341     0.862     0.377
 6    -0.385     0.491    -0.781
 6    -0.857     0.121     0.498
 7   110.704   -17.075    -4.439
 7     0.359     0.198     0.912
 7    -0.642     0.761     0.088
 7    -0.677    -0.618     0.400
 8   126.231   -24.591   -17.744
 8     0.644    -0.764    -0.026
 8    -0.001    -0.032     0.999
 8    -0.765    -0.644    -0.022
 9   130.807   -18.883   -41.693
 9     0.345    -0.861     0.374
 9     0.226     0.461     0.857
 9    -0.911    -0.212     0.352
 2    96.757   -19.296    59.010
 2    -0.256    -0.967     0.008
 2     0.966    -0.255     0.030
 2    -0.029     0.015     0.999
 3   128.406    -3.502    -1.827
 3     0.606    -0.304    -0.736
 3     0.325     0.937    -0.117
 3     0.726    -0.169     0.666
 4   109.896     5.159    -7.250
 4     0.683    -0.185     0.706
 4     0.395     0.906    -0.146
 4    -0.613     0.379     0.693
 5   124.658    12.811   -19.463
 5     0.612     0.776    -0.153
 5     0.012    -0.200    -0.980
 5    -0.791     0.597    -0.131
 6   130.570     5.676   -41.520
 6     0.333     0.874     0.354
 6    -0.420     0.472    -0.775
 6    -0.844     0.109     0.523
 7   110.513   -17.030    -4.524
 7     0.360     0.194     0.913
 7    -0.637     0.766     0.089
 7    -0.682    -0.613     0.399
 8   126.124   -24.006   -17.986
 8     0.642    -0.766    -0.042
 8     0.024    -0.033     0.999
 8    -0.766    -0.642    -0.003
 9   130.508   -17.851   -41.824
 9     0.339    -0.870     0.362
 9     0.249     0.452     0.856
 9    -0.907    -0.200     0.368
 2    96.757   -19.296    59.010
 2    -0.256    -0.967     0.008
 2     0.966    -0.255     0.030
 2    -0.029     0.015     0.999
 3   128.213    -3.435    -1.884
 3     0.613    -0.304    -0.730
 3     0.321     0.939    -0.119
 3     0.721    -0.162     0.673
 4   109.711     5.180    -7.242
 4     0.682    -0.181     0.708
 4     0.394     0.906    -0.150
 4    -0.616     0.381     0.689
 5   124.572    12.575   -19.553
 5     0.612     0.774    -0.163
 5    -0.001    -0.203    -0.979
 5    -0.790     0.599    -0.123
 6   130.394     4.915   -41.505
 6     0.323     0.885     0.337
 6    -0.444     0.454    -0.772
 6    -0.836     0.100     0.539
 7   110.283   -17.032    -4.515
 7     0.359     0.192     0.913
 7    -0.635     0.767     0.088
 7    -0.684    -0.612     0.397
 8   125.873   -23.705   -18.161
 8     0.637    -0.769    -0.052
 8     0.038    -0.033     0.998
 8    -0.769    -0.639     0.008
 9   129.950   -17.027   -41.967
 9     0.328    -0.878     0.350
 9     0.270     0.440     0.856
 9    -0.905    -0.186     0.380
 2    96.757   -19.296    59.010
 2    -0.256    -0.967     0.008
 2     0.966    -0.255     0.030
 2    -0.029     0.015     0.999
 3   127.978    -3.489    -1.923
 3     0.617    -0.304    -0.727
 3     0.322     0.939    -0.118
 3     0.718    -0.161     0.676
 4   109.406     5.151    -7.234
 4     0.681    -0.180     0.710
 4     0.393     0.907    -0.147
 4    -0.618     0.379     0.688
 5   124.383    12.338   -19.536
 5     0.613     0.772    -0.167
 5    -0.012    -0.200    -0.979
 5    -0.790     0.603    -0.113
 6   130.240     3.934   -41.382
 6     0.313     0.895     0.320
 6    -0.475     0.438    -0.763
 6    -0.823     0.087     0.561
 7   110.085   -17.082    -4.464
 7     0.360     0.187     0.914
 7    -0.634     0.767     0.093
 7    -0.684    -0.613     0.395
 8   125.626   -23.607   -18.181
 8     0.634    -0.771    -0.057
