% Calibrated with leiden_pols
% Positions are in centimeters
Data =[
 2    96.825   -19.300    58.972
 2    -0.256    -0.967     0.003
 2     0.966    -0.255     0.033
 2    -0.033     0.011     0.999
 3   133.215    -5.718     3.271
 3     0.353    -0.020    -0.935
 3     0.218     0.974     0.061
 3     0.909    -0.226     0.348
 4   123.912    11.568    -3.732
 4     0.664    -0.746     0.057
 4     0.683     0.573    -0.453
 4     0.305     0.339     0.890
 5   122.707    17.195    20.142
 5     0.207    -0.549     0.811
 5     0.143    -0.802    -0.578
 5     0.968     0.234    -0.086
 6   128.167    23.978    42.527
 6     0.183    -0.981    -0.067
 6     0.155     0.095    -0.984
 6     0.970     0.170     0.167
 7   119.784   -22.473    -3.428
 7     0.131     0.927     0.352
 7    -0.964     0.036     0.262
 7     0.230    -0.373     0.899
 8   122.271   -25.146    22.365
 8     0.414     0.433     0.802
 8    -0.024    -0.874     0.483
 8     0.910    -0.219    -0.350
 9   130.007   -30.165    43.270
 9     0.278     0.960     0.017
 9    -0.075     0.002     0.997
 9     0.957    -0.278     0.072
 2    96.775   -19.300    59.023
 2    -0.256    -0.967     0.002
 2     0.966    -0.255     0.033
 2    -0.033     0.010     0.999
 3   133.289    -5.719     3.118
 3     0.354    -0.022    -0.935
 3     0.217     0.974     0.060
 3     0.909    -0.225     0.350
 4   123.979    11.515    -3.800
 4     0.664    -0.746     0.059
 4     0.684     0.573    -0.451
 4     0.302     0.340     0.890
 5   122.707    17.195    20.064
 5     0.207    -0.549     0.812
 5     0.142    -0.803    -0.578
 5     0.968     0.233    -0.087
 6   128.180    23.980    42.417
 6     0.182    -0.981    -0.071
 6     0.154     0.098    -0.983
 6     0.971     0.167     0.167
 7   119.881   -22.423    -3.451
 7     0.133     0.927     0.350
 7    -0.964     0.039     0.261
 7     0.229    -0.372     0.899
 8   122.376   -25.145    22.306
 8     0.411     0.437     0.802
 8    -0.024    -0.873     0.486
 8     0.911    -0.218    -0.348
 9   130.066   -30.162    43.259
 9     0.276     0.961     0.015
 9    -0.074     0.004     0.997
 9     0.958    -0.276     0.071
 2    96.775   -19.300    59.023
 2    -0.256    -0.967     0.003
 2     0.966    -0.255     0.033
 2    -0.033     0.010     0.999
 3   133.346    -5.717     3.111
 3     0.353    -0.021    -0.935
 3     0.217     0.974     0.061
 3     0.910    -0.225     0.348
 4   123.978    11.566    -3.851
 4     0.663    -0.746     0.060
 4     0.684     0.572    -0.452
 4     0.302     0.341     0.890
 5   122.707    17.196    20.068
 5     0.204    -0.549     0.812
 5     0.143    -0.803    -0.578
 5     0.968     0.232    -0.084
 6   128.180    23.980    42.417
 6     0.182    -0.981    -0.072
 6     0.154     0.099    -0.983
 6     0.971     0.167     0.167
 7   119.878   -22.474    -3.448
 7     0.133     0.928     0.349
 7    -0.965     0.040     0.260
 7     0.228    -0.371     0.900
 8   122.375   -25.145    22.306
 8     0.411     0.436     0.802
 8    -0.024    -0.873     0.486
 8     0.911    -0.218    -0.347
 9   130.015   -30.164    43.259
 9     0.275     0.961     0.015
 9    -0.075     0.004     0.997
 9     0.958    -0.276     0.072
 2    96.775   -19.300    59.023
 2    -0.256    -0.967     0.003
 2     0.966    -0.255     0.033
 2    -0.033     0.010     0.999
 3   133.352    -5.664     3.155
 3     0.351    -0.020    -0.936
 3     0.217     0.974     0.061
 3     0.911    -0.225     0.346
 4   123.983    11.569    -3.857
 4     0.661    -0.748     0.060
 4     0.685     0.570    -0.453
 4     0.304     0.340     0.889
 5   122.767    17.225    20.057
 5     0.203    -0.550     0.812
 5     0.143    -0.802    -0.578
 5     0.969     0.231    -0.083
 6   128.181    23.979    42.468
 6     0.182    -0.981    -0.074
 6     0.153     0.100    -0.983
 6     0.971     0.167     0.167
 7   119.903   -22.424    -3.449
 7     0.133     0.928     0.348
 7    -0.964     0.040     0.260
 7     0.228    -0.370     0.900
 8   122.381   -25.144    22.298
 8     0.410     0.438     0.802
 8    -0.024    -0.872     0.487
 8     0.912    -0.218    -0.346
 9   130.015   -30.163    43.259
 9     0.276     0.961     0.015
 9    -0.075     0.004     0.997
 9     0.958    -0.276     0.072
 2    96.775   -19.300    59.023
 2    -0.256    -0.967     0.002
 2     0.966    -0.255     0.033
 2    -0.033     0.010     0.999
 3   133.401    -5.663     3.206
 3     0.349    -0.021    -0.937
 3     0.218     0.974     0.060
 3     0.911    -0.225     0.345
 4   123.985    11.621    -3.809
 4     0.660    -0.749     0.059
 4     0.686     0.569    -0.453
 4     0.305     0.339     0.889
 5   122.767    17.225    20.057
 5     0.203    -0.551     0.811
 5     0.143    -0.802    -0.579
 5     0.969     0.231    -0.083
 6   128.182    23.977    42.520
 6     0.182    -0.980    -0.079
 6     0.152     0.105    -0.983
 6     0.971     0.166     0.167
 7   119.905   -22.423    -3.452
 7     0.133     0.928     0.347
 7    -0.964     0.040     0.261
 7     0.229    -0.369     0.900
 8   122.331   -25.146    22.299
 8     0.408     0.436     0.804
 8    -0.026    -0.873     0.485
 8     0.912    -0.218    -0.344
 9   130.017   -30.163    43.259
 9     0.277     0.961     0.016
 9    -0.075     0.003     0.997
 9     0.958    -0.277     0.071
 2    96.775   -19.300    59.023
 2    -0.256    -0.967     0.003
 2     0.966    -0.255     0.033
 2    -0.033     0.010     0.999
 3   133.351    -5.663     3.257
 3     0.349    -0.021    -0.937
 3     0.218     0.974     0.059
 3     0.911    -0.225     0.344
 4   123.969    11.660    -3.667
 4     0.661    -0.748     0.067
 4     0.677     0.556    -0.481
 4     0.322     0.363     0.874
 5   122.559    17.401    19.967
 5     0.201    -0.548     0.813
 5     0.162    -0.799    -0.577
 5     0.966     0.246    -0.070
 6   127.897    24.875    42.161
 6     0.169    -0.981    -0.099
 6     0.170     0.126    -0.977
 6     0.970     0.148     0.186
 7   119.938   -22.346    -3.347
 7     0.144     0.923     0.357
 7    -0.957     0.037     0.287
 7     0.252    -0.383     0.888
 8   122.537   -25.784    21.412
 8     0.316     0.363     0.878
 8    -0.092    -0.908     0.406
 8     0.944    -0.208    -0.252
 9   129.123   -33.465    42.524
 9     0.219     0.974     0.053
 9    -0.163    -0.019     0.987
 9     0.962    -0.225     0.153
 2    96.775   -19.300    59.023
 2    -0.256    -0.967     0.003
 2     0.966    -0.255     0.033
 2    -0.033     0.010     0.999
 3   133.356    -5.581     3.277
 3     0.343    -0.024    -0.939
 3     0.223     0.973     0.056
 3     0.912    -0.229     0.339
 4   123.585    11.480    -3.663
 4     0.645    -0.760     0.086
 4     0.698     0.539    -0.470
 4     0.311     0.362     0.878
 5   121.117    20.345    18.864
 5     0.189    -0.433     0.882
 5     0.359    -0.806    -0.470
 5     0.914     0.403     0.004
 6   126.326    32.007    39.115
 6     0.161    -0.986    -0.037
 6     0.347     0.090    -0.934
 6     0.924     0.138     0.355
 7   120.107   -22.398    -3.266
 7     0.145     0.923     0.355
 7    -0.957     0.040     0.285
 7     0.250    -0.381     0.890
 8   121.992   -29.251    20.767
 8     0.323     0.221     0.921
 8    -0.300    -0.899     0.319
 8     0.898    -0.378    -0.223
 9   128.153   -40.815    39.854
 9     0.228     0.961     0.158
 9    -0.341    -0.073     0.937
 9     0.912    -0.267     0.311
 2    96.775   -19.300    59.023
 2    -0.256    -0.967     0.003
 2     0.966    -0.255     0.033
 2    -0.033     0.011     0.999
 3   133.371    -5.524     3.367
 3     0.337    -0.020    -0.941
 3     0.224     0.972     0.060
 3     0.914    -0.232     0.332
 4   123.474    11.393    -3.673
 4     0.644    -0.759     0.099
 4     0.704     0.538    -0.462
 4     0.297     0.366     0.881
 5   120.355    22.879    17.485
 5     0.190    -0.349     0.918
 5     0.517    -0.760    -0.395
 5     0.835     0.547     0.036
