% Calibrated with leiden_pols
% Positions are in centimeters
Data =[
 2    96.550   -19.381    58.967
 2    -0.466    -0.885     0.004
 2     0.884    -0.465     0.034
 2    -0.030     0.018     0.999
 3   132.923    -5.261     4.463
 3     0.301    -0.035    -0.953
 3     0.253     0.966     0.045
 3     0.919    -0.255     0.300
 4   124.302    11.715    -2.635
 4     0.686    -0.726     0.047
 4     0.642     0.574    -0.508
 4     0.342     0.378     0.860
 5   123.042    17.132    21.948
 5     0.290    -0.452     0.845
 5     0.158    -0.847    -0.505
 5     0.944     0.278    -0.173
 6   130.730    23.950    43.502
 6     0.256    -0.963    -0.090
 6     0.128     0.123    -0.984
 6     0.958     0.240     0.153
 7   121.808   -22.951    -2.196
 7     0.196     0.906     0.375
 7    -0.940     0.065     0.333
 7     0.278    -0.418     0.865
 8   125.107   -25.614    23.722
 8     0.426     0.506     0.751
 8     0.008    -0.831     0.554
 8     0.905    -0.229    -0.357
 9   132.978   -29.844    44.589
 9     0.288     0.957    -0.026
 9    -0.062     0.042     0.997
 9     0.955    -0.285     0.069
 2    96.551   -19.381    58.967
 2    -0.465    -0.886     0.004
 2     0.885    -0.464     0.034
 2    -0.030     0.018     0.999
 3   132.924    -5.261     4.463
 3     0.302    -0.035    -0.953
 3     0.253     0.966     0.044
 3     0.919    -0.255     0.300
 4   124.247    11.714    -2.629
 4     0.686    -0.726     0.047
 4     0.643     0.574    -0.507
 4     0.340     0.378     0.861
 5   123.067    17.133    21.897
 5     0.288    -0.451     0.847
 5     0.157    -0.849    -0.503
 5     0.944     0.276    -0.172
 6   130.721    23.949    43.463
 6     0.258    -0.963    -0.088
 6     0.131     0.122    -0.984
 6     0.957     0.241     0.156
 7   121.756   -22.952    -2.193
 7     0.196     0.906     0.376
 7    -0.941     0.065     0.331
 7     0.277    -0.418     0.865
 8   125.076   -25.563    23.729
 8     0.427     0.507     0.750
 8     0.010    -0.830     0.556
 8     0.904    -0.229    -0.358
 9   133.000   -29.848    44.589
 9     0.288     0.957    -0.029
 9    -0.065     0.046     0.997
 9     0.955    -0.285     0.073
 2    96.550   -19.381    59.017
 2    -0.466    -0.885     0.004
 2     0.884    -0.465     0.034
 2    -0.030     0.018     0.999
 3   132.936    -5.267     4.349
 3     0.307    -0.036    -0.951
 3     0.252     0.966     0.045
 3     0.917    -0.254     0.306
 4   124.298    11.765    -2.684
 4     0.687    -0.725     0.048
 4     0.642     0.574    -0.509
 4     0.341     0.380     0.860
 5   123.075    17.137    21.818
 5     0.284    -0.451     0.847
 5     0.160    -0.848    -0.504
 5     0.945     0.277    -0.167
 6   130.722    23.950    43.414
 6     0.259    -0.962    -0.089
 6     0.133     0.123    -0.983
 6     0.957     0.242     0.158
 7   121.703   -22.953    -2.236
 7     0.196     0.904     0.380
 7    -0.941     0.064     0.330
 7     0.275    -0.422     0.864
 8   125.076   -25.614    23.704
 8     0.428     0.507     0.750
 8     0.010    -0.831     0.555
 8     0.904    -0.230    -0.359
 9   132.997   -29.850    44.537
 9     0.287     0.957    -0.033
 9    -0.066     0.051     0.996
 9     0.955    -0.283     0.076
 2    96.550   -19.381    59.017
 2    -0.466    -0.885     0.004
 2     0.884    -0.465     0.034
 2    -0.030     0.018     0.999
 3   132.936    -5.268     4.297
 3     0.309    -0.036    -0.950
 3     0.251     0.967     0.045
 3     0.917    -0.253     0.308
 4   124.402    11.886    -2.512
 4     0.685    -0.727     0.046
 4     0.630     0.559    -0.538
 4     0.365     0.398     0.841
 5   124.606    17.149    21.570
 5     0.298    -0.452     0.841
 5     0.188    -0.836    -0.515
 5     0.936     0.311    -0.163
 6   132.504    24.783    42.842
 6     0.272    -0.960    -0.077
 6     0.175     0.125    -0.977
 6     0.946     0.252     0.200
 7   121.700   -22.872    -2.306
 7     0.209     0.898     0.386
 7    -0.939     0.074     0.334
 7     0.272    -0.432     0.859
 8   126.831   -26.497    23.206
 8     0.446     0.497     0.746
 8    -0.031    -0.823     0.566
 8     0.894    -0.275    -0.351
 9   136.543   -31.510    43.177
 9     0.352     0.934    -0.067
 9    -0.102     0.106     0.989
 9     0.930    -0.341     0.131
 2    96.550   -19.381    58.967
 2    -0.466    -0.885     0.004
 2     0.884    -0.465     0.034
 2    -0.030     0.018     0.999
 3   132.942    -5.242     4.340
 3     0.309    -0.035    -0.950
 3     0.249     0.967     0.045
 3     0.918    -0.251     0.308
 4   124.262    11.755    -2.540
 4     0.721    -0.692     0.054
 4     0.599     0.581    -0.549
 4     0.347     0.428     0.834
 5   128.097    18.035    21.485
 5     0.472    -0.401     0.787
 5     0.234    -0.802    -0.548
 5     0.850     0.441    -0.284
 6   140.217    26.131    39.815
 6     0.456    -0.885    -0.108
 6     0.203     0.217    -0.954
 6     0.866     0.413     0.278
 7   121.419   -22.635    -2.306
 7     0.255     0.875     0.413
 7    -0.933     0.110     0.340
 7     0.253    -0.471     0.845
 8   130.764   -27.919    22.962
 8     0.647     0.438     0.626
 8    -0.078    -0.777     0.623
 8     0.758    -0.452    -0.469
 9   144.448   -33.337    38.612
 9     0.558     0.824    -0.095
 9    -0.143     0.205     0.968
 9     0.817    -0.527     0.232
 2    96.549   -19.381    59.017
 2    -0.466    -0.885     0.004
 2     0.884    -0.465     0.035
 2    -0.030     0.019     0.999
 3   132.516    -5.221     4.380
 3     0.340    -0.036    -0.940
 3     0.254     0.965     0.055
 3     0.905    -0.258     0.337
 4   123.921    11.361    -3.023
 4     0.786    -0.614     0.079
 4     0.555     0.644    -0.526
 4     0.272     0.457     0.846
 5   132.852    18.322    19.681
 5     0.700    -0.311     0.645
 5     0.236    -0.750    -0.616
 5     0.673     0.584    -0.452
 6   149.106    26.073    33.466
 6     0.685    -0.720    -0.117
 6     0.187     0.325    -0.926
 6     0.704     0.613     0.358
 7   120.546   -22.290    -2.500
 7     0.299     0.846     0.444
 7    -0.930     0.152     0.333
 7     0.215    -0.511     0.831
 8   134.740   -28.625    20.701
 8     0.820     0.341     0.461
 8    -0.084    -0.723     0.684
 8     0.565    -0.601    -0.565
 9   151.672   -33.485    31.341
 9     0.754     0.652    -0.076
 9    -0.156     0.286     0.945
 9     0.637    -0.701     0.319
 2    96.550   -19.330    58.966
 2    -0.466    -0.885     0.004
 2     0.884    -0.465     0.035
 2    -0.030     0.019     0.999
 3   132.139    -5.117     4.374
 3     0.364    -0.043    -0.930
 3     0.269     0.961     0.061
 3     0.891    -0.273     0.361
 4   123.579    10.862    -3.642
 4     0.842    -0.531     0.101
 4     0.504     0.706    -0.497
 4     0.192     0.469     0.862
 5   136.278    17.656    16.776
 5     0.837    -0.247     0.491
 5     0.193    -0.705    -0.681
 5     0.513     0.665    -0.543
 6   154.542    23.959    26.770
 6     0.826    -0.551    -0.124
 6     0.135     0.403    -0.904
 6     0.547     0.731     0.408
 7   119.988   -22.073    -2.567
 7     0.344     0.818     0.461
 7    -0.922     0.203     0.327
 7     0.175    -0.537     0.824
 8   137.292   -28.420    18.026
 8     0.908     0.269     0.321
 8    -0.057    -0.678     0.732
 8     0.414    -0.684    -0.601
 9   155.775   -32.735    24.529
 9     0.868     0.496    -0.038
 9    -0.144     0.320     0.936
 9     0.475    -0.807     0.350
 2    96.550   -19.330    59.017
 2    -0.466    -0.885     0.004
 2     0.884    -0.465     0.035
 2    -0.030     0.019     0.999
 3   131.983    -5.075     4.236
 3     0.375    -0.049    -0.926
 3     0.276     0.959     0.062
 3     0.885    -0.280     0.372
 4   123.237    10.387    -4.216
 4     0.875    -0.471     0.114
 4     0.465     0.754    -0.464
 4     0.132     0.458     0.879
 5   138.441    17.145    13.730
 5     0.910    -0.190     0.369
 5     0.160    -0.660    -0.733
 5     0.382     0.727    -0.571
