% Calibrated with leiden_pols
% Positions are in centimeters
Data =[
 2    96.550   -19.381    58.967
 2    -0.466    -0.885     0.004
 2     0.884    -0.465     0.034
 2    -0.030     0.018     0.999
 3   132.923    -5.261     4.463
 3     0.301    -0.035    -0.953
 3     0.253     0.966     0.045
 3     0.919    -0.255     0.300
 4   124.302    11.715    -2.635
 4     0.686    -0.726     0.047
 4     0.642     0.574    -0.508
 4     0.342     0.378     0.860
 5   123.042    17.132    21.948
 5     0.290    -0.452     0.845
 5     0.158    -0.847    -0.505
 5     0.944     0.278    -0.173
 6   130.730    23.950    43.502
 6     0.256    -0.963    -0.090
 6     0.128     0.123    -0.984
 6     0.958     0.240     0.153
 7   121.808   -22.951    -2.196
 7     0.196     0.906     0.375
 7    -0.940     0.065     0.333
 7     0.278    -0.418     0.865
 8   125.107   -25.614    23.722
 8     0.426     0.506     0.751
 8     0.008    -0.831     0.554
 8     0.905    -0.229    -0.357
 9   132.978   -29.844    44.589
 9     0.288     0.957    -0.026
 9    -0.062     0.042     0.997
 9     0.955    -0.285     0.069
 2    96.551   -19.381    58.967
 2    -0.465    -0.886     0.004
 2     0.885    -0.464     0.034
 2    -0.030     0.018     0.999
 3   132.924    -5.261     4.463
 3     0.302    -0.035    -0.953
 3     0.253     0.966     0.044
 3     0.919    -0.255     0.300
 4   124.247    11.714    -2.629
 4     0.686    -0.726     0.047
 4     0.643     0.574    -0.507
 4     0.340     0.378     0.861
 5   123.067    17.133    21.897
 5     0.288    -0.451     0.847
 5     0.157    -0.849    -0.503
 5     0.944     0.276    -0.172
 6   130.721    23.949    43.463
 6     0.258    -0.963    -0.088
 6     0.131     0.122    -0.984
 6     0.957     0.241     0.156
 7   121.756   -22.952    -2.193
 7     0.196     0.906     0.376
 7    -0.941     0.065     0.331
 7     0.277    -0.418     0.865
 8   125.076   -25.563    23.729
 8     0.427     0.507     0.750
 8     0.010    -0.830     0.556
 8     0.904    -0.229    -0.358
 9   133.000   -29.848    44.589
 9     0.288     0.957    -0.029
 9    -0.065     0.046     0.997
 9     0.955    -0.285     0.073
 2    96.550   -19.381    59.017
 2    -0.466    -0.885     0.004
 2     0.884    -0.465     0.034
 2    -0.030     0.018     0.999
 3   132.936    -5.267     4.349
 3     0.307    -0.036    -0.951
 3     0.252     0.966     0.045
 3     0.917    -0.254     0.306
 4   124.298    11.765    -2.684
 4     0.687    -0.725     0.048
 4     0.642     0.574    -0.509
 4     0.341     0.380     0.860
 5   123.075    17.137    21.818
 5     0.284    -0.451     0.847
 5     0.160    -0.848    -0.504
 5     0.945     0.277    -0.167
 6   130.722    23.950    43.414
 6     0.259    -0.962    -0.089
 6     0.133     0.123    -0.983
 6     0.957     0.242     0.158
 7   121.703   -22.953    -2.236
 7     0.196     0.904     0.380
 7    -0.941     0.064     0.330
 7     0.275    -0.422     0.864
 8   125.076   -25.614    23.704
 8     0.428     0.507     0.750
 8     0.010    -0.831     0.555
 8     0.904    -0.230    -0.359
 9   132.997   -29.850    44.537
 9     0.287     0.957    -0.033
 9    -0.066     0.051     0.996
 9     0.955    -0.283     0.076
 2    96.550   -19.381    59.017
 2    -0.466    -0.885     0.004
 2     0.884    -0.465     0.034
 2    -0.030     0.018     0.999
 3   132.936    -5.268     4.297
 3     0.309    -0.036    -0.950
 3     0.251     0.967     0.045
 3     0.917    -0.253     0.308
 4   124.402    11.886    -2.512
 4     0.685    -0.727     0.046
 4     0.630     0.559    -0.538
 4     0.365     0.398     0.841
 5   124.606    17.149    21.570
 5     0.298    -0.452     0.841
 5     0.188    -0.836    -0.515
 5     0.936     0.311    -0.163
 6   132.504    24.783    42.842
 6     0.272    -0.960    -0.077
 6     0.175     0.125    -0.977
 6     0.946     0.252     0.200
 7   121.700   -22.872    -2.306
 7     0.209     0.898     0.386
 7    -0.939     0.074     0.334
 7     0.272    -0.432     0.859
 8   126.831   -26.497    23.206
 8     0.446     0.497     0.746
 8    -0.031    -0.823     0.566
 8     0.894    -0.275    -0.351
 9   136.543   -31.510    43.177
 9     0.352     0.934    -0.067
 9    -0.102     0.106     0.989
 9     0.930    -0.341     0.131
 2    96.550   -19.381    58.967
 2    -0.466    -0.885     0.004
 2     0.884    -0.465     0.034
 2    -0.030     0.018     0.999
 3   132.942    -5.242     4.340
 3     0.309    -0.035    -0.950
 3     0.249     0.967     0.045
 3     0.918    -0.251     0.308
 4   124.262    11.755    -2.540
 4     0.721    -0.692     0.054
 4     0.599     0.581    -0.549
 4     0.347     0.428     0.834
 5   128.097    18.035    21.485
 5     0.472    -0.401     0.787
 5     0.234    -0.802    -0.548
 5     0.850     0.441    -0.284
 6   140.217    26.131    39.815
 6     0.456    -0.885    -0.108
 6     0.203     0.217    -0.954
 6     0.866     0.413     0.278
 7   121.419   -22.635    -2.306
 7     0.255     0.875     0.413
 7    -0.933     0.110     0.340
 7     0.253    -0.471     0.845
 8   130.764   -27.919    22.962
 8     0.647     0.438     0.626
 8    -0.078    -0.777     0.623
 8     0.758    -0.452    -0.469
 9   144.448   -33.337    38.612
 9     0.558     0.824    -0.095
 9    -0.143     0.205     0.968
 9     0.817    -0.527     0.232
 2    96.549   -19.381    59.017
 2    -0.466    -0.885     0.004
 2     0.884    -0.465     0.035
 2    -0.030     0.019     0.999
 3   132.516    -5.221     4.380
 3     0.340    -0.036    -0.940
 3     0.254     0.965     0.055
 3     0.905    -0.258     0.337
 4   123.921    11.361    -3.023
 4     0.786    -0.614     0.079
 4     0.555     0.644    -0.526
 4     0.272     0.457     0.846
 5   132.852    18.322    19.681
 5     0.700    -0.311     0.645
 5     0.236    -0.750    -0.616
 5     0.673     0.584    -0.452
 6   149.106    26.073    33.466
 6     0.685    -0.720    -0.117
 6     0.187     0.325    -0.926
 6     0.704     0.613     0.358
 7   120.546   -22.290    -2.500
 7     0.299     0.846     0.444
 7    -0.930     0.152     0.333
 7     0.215    -0.511     0.831
 8   134.740   -28.625    20.701
 8     0.820     0.341     0.461
 8    -0.084    -0.723     0.684
 8     0.565    -0.601    -0.565
 9   151.672   -33.485    31.341
 9     0.754     0.652    -0.076
 9    -0.156     0.286     0.945
 9     0.637    -0.701     0.319
 2    96.550   -19.330    58.966
 2    -0.466    -0.885     0.004
 2     0.884    -0.465     0.035
 2    -0.030     0.019     0.999
 3   132.139    -5.117     4.374
 3     0.364    -0.043    -0.930
 3     0.269     0.961     0.061
 3     0.891    -0.273     0.361
 4   123.579    10.862    -3.642
 4     0.842    -0.531     0.101
 4     0.504     0.706    -0.497
 4     0.192     0.469     0.862
 5   136.278    17.656    16.776
 5     0.837    -0.247     0.491
 5     0.193    -0.705    -0.681
 5     0.513     0.665    -0.543
 6   154.542    23.959    26.770
 6     0.826    -0.551    -0.124
 6     0.135     0.403    -0.904
 6     0.547     0.731     0.408
 7   119.988   -22.073    -2.567
 7     0.344     0.818     0.461
 7    -0.922     0.203     0.327
 7     0.175    -0.537     0.824
 8   137.292   -28.420    18.026
 8     0.908     0.269     0.321
 8    -0.057    -0.678     0.732
 8     0.414    -0.684    -0.601
 9   155.775   -32.735    24.529
 9     0.868     0.496    -0.038
 9    -0.144     0.320     0.936
 9     0.475    -0.807     0.350
 2    96.550   -19.330    59.017
 2    -0.466    -0.885     0.004
 2     0.884    -0.465     0.035
 2    -0.030     0.019     0.999
 3   131.983    -5.075     4.236
 3     0.375    -0.049    -0.926
 3     0.276     0.959     0.062
 3     0.885    -0.280     0.372
 4   123.237    10.387    -4.216
 4     0.875    -0.471     0.114
 4     0.465     0.754    -0.464
 4     0.132     0.458     0.879
 5   138.441    17.145    13.730
 5     0.910    -0.190     0.369
 5     0.160    -0.660    -0.733
 5     0.382     0.727    -0.571
 6   157.923    22.635    19.864
 6     0.914    -0.392    -0.110
 6     0.097     0.469    -0.877
 6     0.394     0.791     0.468
 7   119.688   -21.738    -2.636
 7     0.402     0.780     0.480
 7    -0.908     0.272     0.317
 7     0.117    -0.563     0.818
 8   139.290   -28.527    14.648
 8     0.966     0.166     0.197
 8    -0.046    -0.644     0.764
 8     0.254    -0.747    -0.614
 9   158.583   -32.388    16.661
 9     0.947     0.321     0.020
 9    -0.144     0.365     0.919
 9     0.287    -0.874     0.393
 2    96.547   -19.331    59.020
 2    -0.466    -0.885     0.004
 2     0.884    -0.465     0.035
 2    -0.031     0.019     0.999
 3   131.854    -5.031     4.139
 3     0.381    -0.055    -0.923
 3     0.282     0.957     0.059
 3     0.880    -0.283     0.380
 4   122.868     9.837    -4.733
 4     0.900    -0.416     0.134
 4     0.430     0.796    -0.425
 4     0.070     0.439     0.895
 5   139.706    16.842    10.564
 5     0.952    -0.117     0.281
 5     0.151    -0.620    -0.770
 5     0.264     0.776    -0.573
 6   159.758    21.382    13.471
 6     0.965    -0.249    -0.080
 6     0.065     0.524    -0.849
 6     0.252     0.814     0.523
 7   119.178   -21.647    -2.730
 7     0.435     0.746     0.507
 7    -0.899     0.325     0.291
 7     0.053    -0.582     0.811
 8   139.937   -28.972    11.709
 8     0.990     0.078     0.117
 8    -0.047    -0.603     0.796
 8     0.133    -0.794    -0.593
 9   159.355   -32.793     9.805
 9     0.982     0.171     0.081
 9    -0.147     0.417     0.897
 9     0.119    -0.893     0.435
 2    96.547   -19.331    59.020
 2    -0.466    -0.885     0.004
 2     0.884    -0.465     0.035
 2    -0.031     0.019     0.999
 3   131.753    -5.040     3.991
 3     0.391    -0.061    -0.918
 3     0.285     0.956     0.058
 3     0.875    -0.285     0.391
 4   122.351     9.320    -5.215
 4     0.913    -0.373     0.164
 4     0.406     0.824    -0.393
 4     0.011     0.425     0.905
 5   140.132    16.974     7.956
 5     0.973    -0.048     0.225
 5     0.156    -0.581    -0.798
 5     0.168     0.812    -0.558
 6   160.363    20.958     7.651
 6     0.991    -0.128    -0.036
 6     0.044     0.573    -0.819
 6     0.125     0.810     0.573
 7   118.768   -21.239    -2.811
 7     0.464     0.703     0.541
 7    -0.885     0.383     0.260
 7    -0.024    -0.599     0.800
 8   140.261   -29.162     8.213
 8     0.998    -0.010     0.060
 8    -0.056    -0.548     0.835
 8     0.025    -0.836    -0.547
 9   159.412   -32.713     2.636
 9     0.988     0.042     0.150
 9    -0.152     0.474     0.867
 9    -0.035    -0.879     0.475
 2    96.550   -19.381    58.967
 2    -0.466    -0.885     0.004
 2     0.884    -0.465     0.034
 2    -0.030     0.018     0.999
 3   131.591    -4.984     3.515
 3     0.414    -0.084    -0.906
 3     0.287     0.957     0.043
 3     0.864    -0.278     0.420
 4   121.481     8.809    -5.734
 4     0.919    -0.329     0.218
 4     0.387     0.853    -0.350
 4    -0.071     0.406     0.911
 5   140.294    17.091     3.836
 5     0.985     0.061     0.157
 5     0.166    -0.520    -0.838
 5     0.030     0.852    -0.522
 6   160.034    20.311    -0.617
 6     0.998     0.027     0.055
 6     0.026     0.630    -0.776
 6    -0.056     0.776     0.628
 7   118.314   -20.989    -3.219
 7     0.491     0.649     0.583
 7    -0.864     0.447     0.229
 7    -0.111    -0.615     0.779
 8   140.113   -29.287     4.236
 8     0.993    -0.114     0.010
 8    -0.065    -0.487     0.871
 8    -0.094    -0.866    -0.491
 9   158.158   -32.380    -5.302
 9     0.965    -0.105     0.240
 9    -0.148     0.536     0.831
 9    -0.215    -0.838     0.502
 2    96.620   -19.306    59.004
 2    -0.442    -0.897     0.010
 2     0.896    -0.441     0.032
 2    -0.026     0.022     0.999
 3   131.650    -5.023     3.203
 3     0.428    -0.096    -0.899
 3     0.289     0.956     0.036
 3     0.856    -0.276     0.436
 4   120.889     8.158    -6.192
 4     0.918    -0.293     0.267
 4     0.370     0.873    -0.318
 4    -0.140     0.390     0.910
 5   140.092    16.902     0.450
 5     0.982     0.154     0.107
 5     0.168    -0.471    -0.866
 5    -0.083     0.869    -0.488
 6   159.233    19.557    -6.681
 6     0.982     0.128     0.134
 6     0.017     0.659    -0.752
 6    -0.185     0.741     0.645
 7   118.043   -20.785    -3.467
 7     0.504     0.607     0.616
 7    -0.844     0.494     0.202
 7    -0.182    -0.622     0.761
 8   139.828   -29.331     1.362
 8     0.982    -0.187    -0.015
 8    -0.070    -0.439     0.895
 8    -0.173    -0.879    -0.445
 9   157.255   -31.663   -10.265
 9     0.937    -0.190     0.295
 9    -0.136     0.577     0.804
 9    -0.322    -0.794     0.516
 2    96.643   -19.340    59.003
 2    -0.399    -0.917     0.009
 2     0.916    -0.398     0.031
 2    -0.026     0.020     0.999
 3   131.693    -5.085     2.927
 3     0.441    -0.108    -0.891
 3     0.288     0.957     0.027
 3     0.850    -0.270     0.453
 4   120.339     7.519    -6.527
 4     0.911    -0.270     0.313
 4     0.362     0.886    -0.290
 4    -0.199     0.376     0.904
 5   139.800    16.466    -1.945
 5     0.974     0.214     0.072
 5     0.161    -0.435    -0.886
 5    -0.159     0.874    -0.458
 6   158.018    18.674   -11.203
 6     0.960     0.206     0.187
 6    -0.007     0.687    -0.726
 6    -0.278     0.696     0.662
 7   117.977   -20.412    -3.842
 7     0.523     0.563     0.641
 7    -0.819     0.539     0.194
 7    -0.237    -0.626     0.742
 8   139.550   -29.162    -1.083
 8     0.969    -0.244    -0.027
 8    -0.072    -0.387     0.919
 8    -0.234    -0.889    -0.393
 9   155.887   -30.742   -15.094
 9     0.899    -0.272     0.344
 9    -0.105     0.627     0.770
 9    -0.424    -0.729     0.537
 2    96.653   -19.319    59.002
 2    -0.379    -0.926     0.009
 2     0.925    -0.377     0.031
 2    -0.026     0.019     0.999
 3   131.655    -4.967     2.682
 3     0.451    -0.126    -0.884
 3     0.294     0.955     0.015
 3     0.843    -0.267     0.467
 4   119.646     7.114    -6.802
 4     0.898    -0.258     0.358
 4     0.360     0.895    -0.261
 4    -0.253     0.363     0.896
 5   139.025    16.191    -4.630
 5     0.956     0.291     0.038
 5     0.156    -0.393    -0.906
 5    -0.249     0.872    -0.421
 6   156.207    17.429   -16.739
 6     0.919     0.306     0.251
 6    -0.048     0.715    -0.696
 6    -0.392     0.629     0.672
 7   117.844   -20.038    -3.987
 7     0.522     0.531     0.669
 7    -0.805     0.562     0.183
 7    -0.280    -0.634     0.720
 8   138.676   -29.544    -3.602
 8     0.946    -0.325    -0.012
 8    -0.101    -0.327     0.939
 8    -0.309    -0.887    -0.343
 9   153.819   -30.388   -19.299
 9     0.847    -0.341     0.411
 9    -0.086     0.671     0.734
 9    -0.524    -0.659     0.540
 2    96.706   -19.320    59.002
 2    -0.374    -0.928     0.010
 2     0.927    -0.372     0.031
 2    -0.026     0.019     0.999
 3   131.655    -4.800     2.455
 3     0.460    -0.145    -0.876
 3     0.305     0.952     0.004
 3     0.833    -0.270     0.482
 4   118.692     6.597    -7.119
 4     0.874    -0.247     0.419
 4     0.364     0.902    -0.231
 4    -0.320     0.354     0.878
 5   137.553    16.106    -7.554
 5     0.920     0.390     0.020
 5     0.165    -0.343    -0.925
 5    -0.354     0.854    -0.380
 6   153.176    16.713   -22.116
 6     0.861     0.385     0.336
 6    -0.068     0.737    -0.670
 6    -0.505     0.555     0.661
 7   117.277   -19.727    -4.176
 7     0.506     0.498     0.705
 7    -0.797     0.581     0.161
 7    -0.330    -0.643     0.690
 8   137.737   -29.599    -4.986
 8     0.924    -0.383    -0.002
 8    -0.122    -0.297     0.947
 8    -0.362    -0.875    -0.322
 9   151.630   -30.292   -22.595
 9     0.797    -0.400     0.457
 9    -0.065     0.690     0.717
 9    -0.600    -0.603     0.525
 2    96.656   -19.320    59.002
 2    -0.373    -0.928     0.010
 2     0.927    -0.372     0.031
 2    -0.026     0.019     0.999
 3   131.411    -4.638     2.151
 3     0.476    -0.166    -0.864
 3     0.322     0.946    -0.003
 3     0.818    -0.277     0.503
 4   117.434     6.133    -7.290
 4     0.842    -0.249     0.480
 4     0.378     0.904    -0.197
 4    -0.385     0.347     0.854
 5   135.558    16.280   -10.335
 5     0.872     0.489     0.024
 5     0.184    -0.281    -0.942
 5    -0.453     0.826    -0.335
 6   149.390    15.984   -27.088
 6     0.785     0.463     0.415
 6    -0.109     0.757    -0.641
 6    -0.610     0.460     0.645
 7   116.623   -19.463    -4.147
 7     0.488     0.464     0.740
 7    -0.788     0.597     0.145
 7    -0.375    -0.655     0.656
 8   136.335   -29.950    -6.832
 8     0.892    -0.452     0.014
 8    -0.143    -0.251     0.957
 8    -0.429    -0.856    -0.289
 9   148.733   -29.904   -26.100
 9     0.733    -0.459     0.507
 9    -0.037     0.712     0.697
 9    -0.679    -0.531     0.506
 2    96.708   -19.321    59.002
 2    -0.370    -0.929     0.010
 2     0.929    -0.368     0.030
 2    -0.026     0.019     0.999
 3   131.199    -4.512     1.739
 3     0.502    -0.187    -0.845
 3     0.333     0.942    -0.010
 3     0.798    -0.278     0.535
 4   116.428     5.782    -7.344
 4     0.811    -0.251     0.530
 4     0.389     0.905    -0.169
 4    -0.437     0.342     0.831
 5   133.730    16.082   -12.450
 5     0.827     0.563     0.013
 5     0.181    -0.244    -0.953
 5    -0.533     0.790    -0.304
 6   146.237    15.241   -30.816
 6     0.719     0.508     0.478
 6    -0.128     0.768    -0.625
 6    -0.682     0.389     0.617
 7   115.903   -18.956    -4.086
 7     0.463     0.427     0.777
 7    -0.776     0.617     0.123
 7    -0.428    -0.661     0.616
 8   134.693   -29.877    -8.840
 8     0.852    -0.523     0.033
 8    -0.159    -0.197     0.967
 8    -0.499    -0.829    -0.252
 9   145.520   -29.288   -29.515
 9     0.663    -0.503     0.559
 9    -0.016     0.732     0.677
 9    -0.748    -0.458     0.478
 2    96.663   -19.323    59.002
 2    -0.360    -0.933     0.010
 2     0.932    -0.359     0.031
 2    -0.026     0.019     0.999
 3   131.024    -4.355     1.289
 3     0.523    -0.204    -0.828
 3     0.344     0.938    -0.013
 3     0.780    -0.279     0.560
 4   115.558     5.383    -7.440
 4     0.781    -0.250     0.573
 4     0.396     0.906    -0.147
 4    -0.483     0.341     0.806
 5   131.734    15.776   -14.528
 5     0.769     0.639     0.006
 5     0.180    -0.206    -0.962
 5    -0.614     0.740    -0.274
 6   142.410    14.767   -34.270
 6     0.642     0.547     0.542
 6    -0.137     0.772    -0.617
 6    -0.754     0.323     0.570
 7   115.174   -18.573    -4.137
 7     0.432     0.389     0.814
 7    -0.766     0.633     0.105
 7    -0.475    -0.669     0.571
 8   133.095   -29.875   -10.635
 8     0.809    -0.585     0.053
 8    -0.174    -0.151     0.973
 8    -0.561    -0.797    -0.225
 9   142.481   -28.915   -32.309
 9     0.601    -0.522     0.611
 9    -0.011     0.753     0.654
 9    -0.799    -0.400     0.446
 2    96.728   -19.280    59.004
 2    -0.325    -0.946     0.010
 2     0.945    -0.324     0.031
 2    -0.027     0.018     0.999
 3   130.826    -4.375     0.835
 3     0.541    -0.223    -0.812
 3     0.355     0.934    -0.018
 3     0.762    -0.279     0.584
 4   114.565     4.986    -7.468
 4     0.750    -0.246     0.615
 4     0.401     0.906    -0.129
 4    -0.526     0.343     0.778
 5   129.612    15.868   -16.160
 5     0.708     0.706     0.025
 5     0.189    -0.155    -0.969
 5    -0.680     0.691    -0.244
 6   138.719    14.255   -36.930
 6     0.569     0.565     0.606
 6    -0.153     0.788    -0.591
 6    -0.808     0.244     0.532
 7   114.638   -18.327    -4.107
 7     0.414     0.357     0.838
 7    -0.754     0.649     0.095
 7    -0.510    -0.672     0.537
 8   131.570   -29.643   -12.113
 8     0.761    -0.646     0.061
 8    -0.180    -0.117     0.977
 8    -0.623    -0.754    -0.205
 9   139.062   -28.348   -34.966
 9     0.519    -0.567     0.648
 9     0.015     0.756     0.649
 9    -0.855    -0.327     0.398
 2    96.741   -19.336    59.004
 2    -0.299    -0.955     0.010
 2     0.954    -0.297     0.030
 2    -0.027     0.017     0.999
 3   130.709    -4.190     0.502
 3     0.557    -0.242    -0.796
 3     0.367     0.929    -0.024
 3     0.745    -0.279     0.605
 4   113.761     4.861    -7.392
 4     0.713    -0.257     0.653
 4     0.425     0.898    -0.113
 4    -0.557     0.357     0.749
 5   127.265    16.464   -17.436
 5     0.643     0.764     0.059
 5     0.216    -0.107    -0.970
 5    -0.735     0.636    -0.234
 6   134.778    14.911   -39.087
 6     0.495     0.593     0.643
 6    -0.153     0.781    -0.602
 6    -0.855     0.198     0.474
 7   113.701   -17.932    -3.936
 7     0.379     0.340     0.861
 7    -0.754     0.652     0.074
 7    -0.537    -0.678     0.503
 8   129.095   -29.550   -13.412
 8     0.700    -0.709     0.085
 8    -0.196    -0.075     0.978
 8    -0.686    -0.701    -0.192
 9   134.825   -28.267   -37.196
 9     0.442    -0.580     0.690
 9     0.009     0.767     0.637
 9    -0.897    -0.274     0.341
 2    96.749   -19.289    59.004
 2    -0.282    -0.959     0.010
 2     0.959    -0.281     0.030
 2    -0.027     0.017     0.999
 3   130.249    -4.058     0.084
 3     0.575    -0.253    -0.779
 3     0.370     0.928    -0.026
 3     0.729    -0.273     0.627
 4   112.791     4.991    -7.333
 4     0.682    -0.254     0.687
 4     0.442     0.890    -0.112
 4    -0.583     0.379     0.718
 5   125.126    17.006   -18.165
 5     0.585     0.806     0.083
 5     0.241    -0.076    -0.967
 5    -0.774     0.586    -0.239
 6   131.621    15.777   -40.195
 6     0.440     0.591     0.682
 6    -0.138     0.789    -0.594
 6    -0.887     0.166     0.426
 7   112.886   -17.461    -3.868
 7     0.346     0.324     0.880
 7    -0.750     0.659     0.052
 7    -0.564    -0.679     0.471
 8   127.313   -29.281   -14.418
 8     0.658    -0.745     0.111
 8    -0.203    -0.033     0.979
 8    -0.725    -0.666    -0.172
 9   132.261   -27.557   -38.460
 9     0.390    -0.599     0.705
 9     0.031     0.768     0.635
 9    -0.920    -0.224     0.316
 2    96.750   -19.342    59.007
 2    -0.276    -0.961     0.009
 2     0.960    -0.275     0.030
 2    -0.028     0.016     0.999
 3   129.788    -4.047    -0.233
 3     0.588    -0.259    -0.767
 3     0.369     0.928    -0.028
 3     0.719    -0.267     0.641
 4   112.234     5.060    -7.215
 4     0.670    -0.253     0.698
 4     0.448     0.886    -0.110
 4    -0.591     0.387     0.707
 5   124.282    17.249   -18.313
 5     0.569     0.817     0.093
 5     0.248    -0.063    -0.967
 5    -0.784     0.573    -0.239
 6   130.572    15.931   -40.496
 6     0.425     0.597     0.686
 6    -0.141     0.787    -0.597
 6    -0.894     0.155     0.415
 7   112.469   -17.272    -3.841
 7     0.335     0.311     0.889
 7    -0.745     0.664     0.048
 7    -0.576    -0.680     0.454
 8   126.518   -29.183   -14.819
 8     0.636    -0.762     0.121
 8    -0.208    -0.017     0.978
 8    -0.743    -0.647    -0.169
 9   130.682   -27.462   -39.224
 9     0.360    -0.609     0.712
 9     0.035     0.767     0.637
 9    -0.932    -0.203     0.294
 2    96.753   -19.291    59.004
 2    -0.274    -0.962     0.009
 2     0.961    -0.273     0.029
 2    -0.027     0.016     0.999
 3   129.765    -3.953    -0.438
 3     0.595    -0.262    -0.760
 3     0.369     0.928    -0.029
 3     0.713    -0.263     0.649
 4   111.952     4.968    -7.220
 4     0.653    -0.248     0.716
 4     0.452     0.885    -0.107
 4    -0.608     0.393     0.690
 5   123.369    17.329   -18.769
 5     0.538     0.837     0.097
 5     0.257    -0.053    -0.965
 5    -0.803     0.544    -0.244
 6   128.780    16.524   -41.165
 6     0.392     0.600     0.703
 6    -0.117     0.785    -0.604
 6    -0.913     0.152     0.374
 7   112.333   -17.179    -3.780
 7     0.328     0.299     0.896
 7    -0.742     0.668     0.049
 7    -0.584    -0.682     0.441
 8   126.008   -29.153   -15.099
 8     0.616    -0.778     0.119
 8    -0.210    -0.017     0.978
 8    -0.759    -0.628    -0.173
 9   129.501   -27.741   -39.583
 9     0.334    -0.637     0.700
 9     0.028     0.745     0.663
 9    -0.942    -0.200     0.263
 2    96.752   -19.292    59.007
 2    -0.271    -0.963     0.009
 2     0.962    -0.270     0.030
 2    -0.028     0.016     0.999
 3   129.580    -4.005    -0.654
 3     0.597    -0.267    -0.758
 3     0.374     0.926    -0.030
 3     0.710    -0.266     0.652
 4   111.648     4.857    -7.245
 4     0.644    -0.246     0.725
 4     0.453     0.885    -0.103
 4    -0.617     0.395     0.680
 5   122.834    17.319   -18.944
 5     0.524     0.845     0.106
 5     0.260    -0.041    -0.965
 5    -0.811     0.533    -0.241
 6   128.240    16.511   -41.309
 6     0.382     0.600     0.709
 6    -0.117     0.787    -0.602
 6    -0.917     0.145     0.367
 7   112.162   -17.280    -3.778
 7     0.327     0.295     0.898
 7    -0.743     0.667     0.051
 7    -0.584    -0.684     0.437
 8   125.917   -29.252   -15.029
 8     0.618    -0.777     0.120
 8    -0.213    -0.018     0.977
 8    -0.757    -0.629    -0.176
 9   129.795   -28.066   -39.302
 9     0.338    -0.645     0.690
 9     0.026     0.736     0.674
 9    -0.941    -0.208     0.263
 2    96.753   -19.292    59.007
 2    -0.271    -0.963     0.009
 2     0.962    -0.270     0.030
 2    -0.028     0.015     0.999
 3   129.596    -3.896    -0.573
 3     0.588    -0.269    -0.764
 3     0.377     0.925    -0.034
 3     0.715    -0.269     0.644
 4   111.847     4.968    -7.219
 4     0.650    -0.250     0.718
 4     0.455     0.884    -0.105
 4    -0.609     0.395     0.688
 5   123.217    17.409   -18.795
 5     0.534     0.838     0.110
 5     0.262    -0.041    -0.964
 5    -0.803     0.544    -0.241
 6   128.928    16.651   -41.050
 6     0.394     0.612     0.692
 6    -0.119     0.775    -0.617
 6    -0.912     0.159     0.374
 7   112.358   -17.227    -3.783
 7     0.333     0.294     0.896
 7    -0.740     0.669     0.055
 7    -0.584    -0.682     0.440
 8   126.312   -29.293   -14.877
 8     0.624    -0.772     0.120
 8    -0.215    -0.022     0.976
 8    -0.751    -0.635    -0.180
 9   130.289   -27.952   -39.199
 9     0.344    -0.650     0.682
 9     0.029     0.729     0.680
 9    -0.938    -0.214     0.267
 2    96.753   -19.293    59.058
 2    -0.270    -0.963     0.009
 2     0.962    -0.269     0.030
 2    -0.028     0.015     0.999
 3   129.681    -3.868    -0.510
 3     0.586    -0.269    -0.766
 3     0.376     0.925    -0.036
 3     0.718    -0.267     0.642
 4   111.905     4.997    -7.229
 4     0.652    -0.250     0.716
 4     0.455     0.883    -0.107
 4    -0.606     0.396     0.689
 5   123.271    17.461   -18.773
 5     0.536     0.837     0.109
 5     0.262    -0.043    -0.964
 5    -0.802     0.546    -0.242
 6   128.945    16.778   -41.009
 6     0.394     0.621     0.684
 6    -0.117     0.766    -0.628
 6    -0.912     0.165     0.371
 7   112.402   -17.227    -3.803
 7     0.335     0.292     0.896
 7    -0.738     0.671     0.057
 7    -0.586    -0.681     0.440
 8   126.259   -29.193   -14.873
 8     0.623    -0.773     0.118
 8    -0.214    -0.023     0.976
 8    -0.752    -0.634    -0.180
 9   129.920   -27.885   -39.406
 9     0.338    -0.653     0.682
 9     0.029     0.728     0.682
 9    -0.941    -0.209     0.262
 2    96.753   -19.343    59.007
 2    -0.270    -0.963     0.008
 2     0.962    -0.269     0.030
 2    -0.028     0.015     0.999
 3   129.598    -3.768    -0.527
 3     0.587    -0.272    -0.763
 3     0.377     0.925    -0.038
 3     0.716    -0.266     0.645
 4   111.338     5.091    -7.056
 4     0.635    -0.254     0.730
 4     0.466     0.878    -0.102
 4    -0.616     0.405     0.676
 5   122.198    17.777   -18.943
 5     0.510     0.852     0.116
 5     0.272    -0.032    -0.962
 5    -0.816     0.522    -0.248
 6   127.083    17.247   -41.377
 6     0.365     0.622     0.698
 6    -0.111     0.769    -0.627
 6    -0.924     0.150     0.346
 7   111.822   -17.011    -3.633
 7     0.320     0.282     0.904
 7    -0.738     0.672     0.051
 7    -0.594    -0.684     0.423
 8   124.988   -29.177   -15.199
 8     0.593    -0.794     0.130
 8    -0.223    -0.006     0.974
 8    -0.773    -0.607    -0.181
 9   128.009   -28.001   -39.940
 9     0.306    -0.657     0.693
 9     0.022     0.729     0.681
 9    -0.952    -0.191     0.234
 2    96.753   -19.293    59.058
 2    -0.270    -0.963     0.009
 2     0.962    -0.269     0.030
 2    -0.028     0.015     0.999
 3   129.155    -3.608    -0.710
 3     0.603    -0.278    -0.748
 3     0.374     0.926    -0.041
 3     0.704    -0.256     0.662
 4   110.826     5.184    -6.961
 4     0.622    -0.248     0.743
 4     0.471     0.875    -0.104
 4    -0.625     0.414     0.661
 5   121.296    17.973   -18.978
 5     0.491     0.863     0.119
 5     0.280    -0.027    -0.960
 5    -0.825     0.504    -0.255
 6   125.908    17.527   -41.451
 6     0.349     0.629     0.700
 6    -0.105     0.764    -0.634
 6    -0.932     0.146     0.329
 7   111.283   -16.748    -3.529
 7     0.305     0.273     0.912
 7    -0.736     0.675     0.044
 7    -0.605    -0.685     0.406
 8   123.978   -29.127   -15.503
 8     0.571    -0.809     0.138
 8    -0.228     0.005     0.974
 8    -0.788    -0.587    -0.181
 9   126.528   -28.157   -40.292
 9     0.284    -0.659     0.701
 9     0.014     0.730     0.681
 9    -0.959    -0.182     0.213
 2    96.753   -19.293    59.007
 2    -0.270    -0.963     0.008
 2     0.962    -0.269     0.030
 2    -0.028     0.015     1.000
 3   128.864    -3.692    -0.920
 3     0.611    -0.276    -0.743
 3     0.371     0.927    -0.037
 3     0.699    -0.254     0.668
 4   110.264     5.070    -6.828
 4     0.611    -0.242     0.754
 4     0.471     0.876    -0.102
 4    -0.636     0.417     0.649
 5   120.471    17.959   -19.177
 5     0.473     0.873     0.119
 5     0.281    -0.022    -0.959
 5    -0.835     0.487    -0.256
 6   124.710    17.545   -41.792
 6     0.326     0.644     0.696
 6    -0.103     0.752    -0.648
 6    -0.940     0.138     0.308
 7   110.859   -16.807    -3.502
 7     0.291     0.270     0.917
 7    -0.738     0.673     0.036
 7    -0.609    -0.688     0.395
 8   123.155   -29.273   -15.620
 8     0.554    -0.820     0.146
 8    -0.233     0.015     0.972
 8    -0.799    -0.572    -0.183
 9   125.341   -28.329   -40.521
 9     0.265    -0.664     0.703
 9     0.013     0.728     0.683
 9    -0.964    -0.170     0.198
 2    96.753   -19.293    59.007
 2    -0.270    -0.963     0.009
 2     0.962    -0.269     0.030
 2    -0.028     0.015     0.999
 3   128.716    -3.751    -1.069
 3     0.618    -0.276    -0.737
 3     0.371     0.927    -0.034
 3     0.692    -0.253     0.675
 4   110.070     5.066    -6.867
 4     0.604    -0.241     0.760
 4     0.473     0.875    -0.099
 4    -0.641     0.419     0.642
 5   120.097    18.057   -19.219
 5     0.464     0.877     0.123
 5     0.285    -0.017    -0.958
 5    -0.839     0.480    -0.258
 6   124.303    17.586   -41.896
 6     0.319     0.648     0.696
 6    -0.104     0.750    -0.651
 6    -0.942     0.133     0.303
 7   110.630   -16.687    -3.456
 7     0.284     0.268     0.920
 7    -0.737     0.674     0.031
 7    -0.613    -0.688     0.389
 8   122.792   -29.336   -15.712
 8     0.543    -0.825     0.153
 8    -0.238     0.024     0.971
 8    -0.805    -0.564    -0.183
 9   124.664   -28.419   -40.619
 9     0.253    -0.666     0.704
 9     0.013     0.728     0.683
 9    -0.967    -0.162     0.191
 2    96.753   -19.293    59.007
 2    -0.270    -0.963     0.009
 2     0.962    -0.269     0.030
 2    -0.028     0.016     0.999
 3   128.616    -3.752    -1.121
 3     0.619    -0.276    -0.736
 3     0.370     0.928    -0.035
 3     0.692    -0.251     0.676
 4   109.962     5.064    -6.863
 4     0.601    -0.243     0.762
 4     0.475     0.874    -0.098
 4    -0.643     0.421     0.640
 5   119.866    18.112   -19.227
 5     0.460     0.878     0.129
 5     0.290    -0.011    -0.957
 5    -0.839     0.477    -0.260
 6   124.114    17.710   -41.896
 6     0.317     0.647     0.697
 6    -0.101     0.750    -0.651
 6    -0.943     0.135     0.299
 7   110.536   -16.762    -3.456
 7     0.281     0.266     0.922
 7    -0.739     0.672     0.031
 7    -0.612    -0.691     0.385
 8   122.746   -29.411   -15.609
 8     0.543    -0.826     0.151
 8    -0.239     0.020     0.971
 8    -0.805    -0.563    -0.186
 9   124.619   -28.646   -40.473
 9     0.252    -0.680     0.692
 9     0.013     0.714     0.697
 9    -0.968    -0.165     0.186
 2    96.753   -19.293    59.007
 2    -0.270    -0.963     0.008
 2     0.962    -0.269     0.030
 2    -0.028     0.015     0.999
 3   128.591    -3.801    -1.120
 3     0.617    -0.277    -0.737
 3     0.373     0.926    -0.034
 3     0.692    -0.255     0.675
 4   109.908     4.884    -6.905
 4     0.599    -0.245     0.763
 4     0.474     0.875    -0.092
 4    -0.645     0.417     0.640
 5   119.868    17.930   -19.288
 5     0.461     0.877     0.136
 5     0.287    -0.003    -0.958
 5    -0.840     0.480    -0.254
 6   124.233    17.438   -41.981
 6     0.323     0.642     0.699
 6    -0.104     0.755    -0.645
 6    -0.941     0.134     0.307
 7   110.697   -16.958    -3.426
 7     0.285     0.266     0.921
 7    -0.742     0.669     0.036
 7    -0.607    -0.693     0.388
 8   122.941   -29.632   -15.447
 8     0.546    -0.824     0.149
 8    -0.243     0.015     0.970
 8    -0.801    -0.566    -0.193
 9   124.985   -28.995   -40.296
 9     0.258    -0.679     0.691
 9     0.006     0.713     0.699
 9    -0.966    -0.175     0.185
 2    96.751   -19.293    59.010
 2    -0.270    -0.963     0.007
 2     0.962    -0.268     0.031
 2    -0.029     0.014     0.999
 3   128.674    -3.848    -1.076
 3     0.614    -0.276    -0.740
 3     0.375     0.926    -0.033
 3     0.694    -0.258     0.671
 4   110.066     4.836    -6.960
 4     0.600    -0.249     0.760
 4     0.474     0.875    -0.089
 4    -0.643     0.414     0.643
 5   120.003    17.883   -19.346
 5     0.463     0.875     0.139
 5     0.288    -0.000    -0.957
 5    -0.838     0.484    -0.253
 6   124.364    17.443   -41.965
 6     0.327     0.640     0.700
 6    -0.104     0.756    -0.643
 6    -0.940     0.135     0.310
 7   110.772   -16.982    -3.432
 7     0.288     0.267     0.920
 7    -0.742     0.669     0.038
 7    -0.606    -0.693     0.390
 8   123.048   -29.680   -15.379
 8     0.548    -0.823     0.149
 8    -0.245     0.013     0.969
 8    -0.799    -0.568    -0.194
 9   125.176   -29.120   -40.249
 9     0.261    -0.678     0.691
 9     0.003     0.713     0.698
 9    -0.965    -0.178     0.185
 2    96.750   -19.295    59.013
 2    -0.269    -0.963     0.007
 2     0.963    -0.268     0.031
 2    -0.030     0.014     0.999
 3   128.726    -3.795    -1.080
 3     0.611    -0.278    -0.742
 3     0.377     0.925    -0.035
 3     0.695    -0.259     0.670
 4   110.065     4.838    -6.986
 4     0.599    -0.252     0.760
 4     0.477     0.874    -0.087
 4    -0.643     0.414     0.644
 5   120.010    17.965   -19.304
 5     0.464     0.874     0.145
 5     0.292     0.004    -0.956
 5    -0.836     0.486    -0.253
 6   124.442    17.549   -41.925
 6     0.329     0.639     0.700
 6    -0.103     0.757    -0.642
 6    -0.939     0.137     0.312
 7   110.823   -16.980    -3.489
 7     0.290     0.267     0.919
 7    -0.741     0.670     0.039
 7    -0.605    -0.693     0.392
 8   123.407   -29.618   -15.370
 8     0.560    -0.815     0.151
 8    -0.241     0.014     0.970
 8    -0.792    -0.580    -0.189
 9   126.305   -28.840   -40.017
 9     0.283    -0.673     0.686
 9     0.009     0.714     0.697
 9    -0.959    -0.190     0.205
 2    96.750   -19.295    59.014
 2    -0.269    -0.963     0.006
 2     0.963    -0.268     0.031
 2    -0.030     0.013     0.999
 3   128.759    -3.835    -0.937
 3     0.601    -0.272    -0.752
 3     0.377     0.925    -0.031
 3     0.704    -0.266     0.658
 4   110.710     5.224    -7.178
 4     0.630    -0.256     0.734
 4     0.476     0.872    -0.106
 4    -0.613     0.416     0.671
 5   122.092    18.358   -18.465
 5     0.521     0.843     0.134
 5     0.302    -0.036    -0.952
 5    -0.798     0.537    -0.274
 6   128.417    18.727   -40.349
 6     0.402     0.636     0.664
 6    -0.074     0.740    -0.665
 6    -0.913     0.217     0.342
 7   111.368   -17.137    -3.747
 7     0.310     0.287     0.906
 7    -0.747     0.663     0.045
 7    -0.588    -0.691     0.420
 8   126.453   -29.600   -14.095
 8     0.662    -0.738     0.128
 8    -0.233    -0.040     0.972
 8    -0.712    -0.673    -0.198
 9   133.012   -29.162   -37.443
 9     0.430    -0.639     0.642
 9    -0.017     0.702     0.709
 9    -0.903    -0.314     0.289
 2    96.748   -19.295    59.017
 2    -0.269    -0.963     0.004
 2     0.962    -0.268     0.032
 2    -0.031     0.012     0.999
 3   129.471    -4.036    -0.262
 3     0.578    -0.247    -0.779
 3     0.371     0.928    -0.018
 3     0.727    -0.279     0.627
 4   112.633     5.570    -7.463
 4     0.690    -0.271     0.671
 4     0.471     0.871    -0.134
 4    -0.549     0.409     0.729
 5   126.259    18.559   -16.579
 5     0.638     0.760     0.122
 5     0.302    -0.102    -0.948
 5    -0.708     0.642    -0.295
 6   135.566    19.548   -36.866
 6     0.534     0.620     0.580
 6    -0.057     0.706    -0.703
 6    -0.843     0.342     0.411
 7   112.878   -17.668    -4.062
 7     0.356     0.324     0.876
 7    -0.758     0.648     0.068
 7    -0.546    -0.689     0.476
 8   130.352   -29.584   -11.822
 8     0.766    -0.637     0.084
 8    -0.207    -0.120     0.971
 8    -0.608    -0.761    -0.224
 9   139.954   -29.289   -33.354
 9     0.572    -0.605     0.561
 9    -0.022     0.666     0.742
 9    -0.820    -0.436     0.366
 2    96.746   -19.296    59.019
 2    -0.269    -0.963     0.004
 2     0.962    -0.268     0.033
 2    -0.032     0.012     0.999
 3   130.116    -4.211     0.480
 3     0.552    -0.218    -0.805
 3     0.361     0.932    -0.003
 3     0.751    -0.290     0.593
 4   114.113     5.978    -7.381
 4     0.733    -0.283     0.619
 4     0.465     0.871    -0.153
 4    -0.496     0.400     0.770
 5   129.382    18.677   -14.331
 5     0.729     0.674     0.119
 5     0.299    -0.159    -0.941
 5    -0.615     0.721    -0.318
 6   140.567    19.940   -33.356
 6     0.632     0.588     0.513
 6    -0.047     0.681    -0.726
 6    -0.774     0.436     0.457
 7   113.759   -18.202    -4.242
 7     0.386     0.360     0.849
 7    -0.775     0.625     0.087
 7    -0.500    -0.692     0.520
 8   132.720   -29.783    -9.578
 8     0.828    -0.557     0.059
 8    -0.200    -0.195     0.960
 8    -0.523    -0.807    -0.273
 9   144.128   -30.287   -29.703
 9     0.664    -0.558     0.501
 9    -0.053     0.630     0.773
 9    -0.746    -0.540     0.389
 2    96.744   -19.297    59.023
 2    -0.268    -0.964     0.003
 2     0.963    -0.267     0.033
 2    -0.033     0.011     0.999
 3   130.249    -4.381     0.853
 3     0.545    -0.205    -0.813
 3     0.354     0.934     0.003
 3     0.759    -0.290     0.581
 4   114.901     6.052    -7.410
 4     0.762    -0.274     0.587
 4     0.449     0.875    -0.177
 4    -0.466     0.398     0.790
 5   131.465    18.269   -12.650
 5     0.790     0.604     0.103
 5     0.280    -0.206    -0.938
 5    -0.546     0.769    -0.332
 6   144.372    19.564   -30.155
 6     0.704     0.560     0.441
 6    -0.050     0.655    -0.752
 6    -0.708     0.508     0.489
 7   114.101   -18.687    -4.128
 7     0.408     0.385     0.828
 7    -0.792     0.599     0.111
 7    -0.454    -0.702     0.549
 8   134.044   -29.802    -7.365
 8     0.872    -0.489     0.032
