2 	  32.84	  -8.19	  22.75
	  0.842	  0.538	 -0.023
	 -0.540	  0.840	 -0.044
	 -0.003	  0.049	  0.999

3 	  43.24	  -0.74	   1.85
	  0.313	  0.272	  0.909
	 -0.069	  0.962	 -0.265
	 -0.947	  0.020	  0.319

4 	  39.27	   4.99	  -3.66
	  0.746	  0.623	 -0.236
	 -0.585	  0.781	  0.216
	  0.320	 -0.023	  0.947

5 	  42.75	   9.42	   1.86
	  0.672	  0.507	  0.539
	 -0.508	 -0.216	  0.834
	  0.540	 -0.834	  0.111

6 	  48.09	   2.37	   1.55
	 -0.105	 -0.971	 -0.216
	  0.969	 -0.148	  0.197
	 -0.224	 -0.189	  0.956

7 	  37.79	  -7.01	  -2.81
	  0.693	 -0.697	 -0.186
	  0.601	  0.700	 -0.386
	  0.400	  0.156	  0.903

8 	  43.29	 -11.92	   0.79
	  0.818	 -0.505	  0.272
	  0.336	  0.036	 -0.941
	  0.466	  0.862	  0.199

9 	  48.08	  -3.01	   0.63
	 -0.046	  0.996	  0.075
	 -0.965	 -0.025	 -0.260
	 -0.257	 -0.084	  0.963

2 	  32.84	  -8.17	  22.75
	  0.842	  0.538	 -0.024
	 -0.540	  0.840	 -0.044
	 -0.002	  0.049	  0.998

3 	  43.24	  -0.74	   1.85
	  0.313	  0.269	  0.911
	 -0.070	  0.963	 -0.261
	 -0.947	  0.018	  0.320

4 	  39.27	   5.01	  -3.64
	  0.744	  0.625	 -0.235
	 -0.587	  0.780	  0.217
	  0.319	 -0.024	  0.947

5 	  42.71	   9.44	   1.88
	  0.672	  0.510	  0.536
	 -0.504	 -0.218	  0.836
	  0.545	 -0.831	  0.110

6 	  48.11	   2.41	   1.51
	 -0.102	 -0.971	 -0.217
	  0.970	 -0.145	  0.195
	 -0.221	 -0.191	  0.956

7 	  37.79	  -7.01	  -2.81
	  0.692	 -0.697	 -0.188
	  0.600	  0.700	 -0.388
	  0.402	  0.156	  0.902

8 	  43.26	 -11.97	   0.69
	  0.813	 -0.521	  0.259
	  0.317	  0.023	 -0.948
	  0.489	  0.853	  0.184

9 	  48.22	  -3.20	   0.14
	 -0.014	  0.999	  0.049
	 -0.974	 -0.002	 -0.227
	 -0.226	 -0.051	  0.973

2 	  32.82	  -8.17	  22.73
	  0.842	  0.538	 -0.023
	 -0.540	  0.840	 -0.044
	 -0.003	  0.049	  0.999

3 	  43.28	  -0.70	   1.78
	  0.311	  0.270	  0.911
	 -0.061	  0.962	 -0.265
	 -0.949	  0.027	  0.315

4 	  39.11	   5.01	  -3.64
	  0.729	  0.632	 -0.261
	 -0.591	  0.774	  0.227
	  0.346	 -0.012	  0.938

5 	  42.50	   9.58	   1.72
	  0.678	  0.540	  0.498
	 -0.434	 -0.255	  0.864
	  0.595	 -0.801	  0.060

6 	  48.46	   3.52	  -0.05
	 -0.021	 -0.946	 -0.324
	  0.993	 -0.058	  0.105
	 -0.119	 -0.319	  0.940

7 	  37.85	  -7.01	  -2.79
	  0.697	 -0.693	 -0.182
	  0.588	  0.698	 -0.409
	  0.411	  0.178	  0.894

8 	  42.98	 -12.08	   1.41
	  0.776	 -0.545	  0.317
	  0.304	 -0.117	 -0.945
	  0.552	  0.830	  0.074

9 	  48.53	  -4.52	  -1.74
	  0.097	  0.964	 -0.248
	 -0.987	  0.061	 -0.147
	 -0.127	  0.258	  0.958

2 	  32.82	  -8.17	  22.73
	  0.842	  0.538	 -0.024
	 -0.540	  0.840	 -0.044
	 -0.002	  0.049	  0.998

3 	  43.29	  -0.58	   1.71
	  0.302	  0.270	  0.914
	 -0.050	  0.962	 -0.269
	 -0.952	  0.035	  0.303

4 	  38.95	   5.06	  -3.64
	  0.706	  0.650	 -0.282
	 -0.605	  0.760	  0.239
	  0.371	  0.001	  0.928

5 	  42.50	   9.62	   1.83
	  0.707	  0.527	  0.471
	 -0.327	 -0.350	  0.878
	  0.629	 -0.773	 -0.077

6 	  48.57	   4.73	  -2.09
	 -0.014	 -0.852	 -0.523
	  1.000	 -0.001	 -0.025
	  0.020	 -0.523	  0.852

7 	  37.88	  -6.94	  -2.87
	  0.688	 -0.698	 -0.197
	  0.581	  0.692	 -0.428
	  0.435	  0.180	  0.882

8 	  42.93	 -11.90	   2.07
	  0.770	 -0.529	  0.355
	  0.196	 -0.334	 -0.922
	  0.607	  0.779	 -0.154

9 	  48.64	  -6.49	  -4.17
	  0.145	  0.791	 -0.594
	 -0.989	  0.120	 -0.082
	  0.006	  0.599	  0.801

2 	  32.80	  -8.17	  22.73
	  0.842	  0.538	 -0.023
	 -0.540	  0.840	 -0.044
	 -0.003	  0.049	  0.999

3 	  43.33	  -0.53	   1.62
	  0.298	  0.259	  0.919
	 -0.049	  0.965	 -0.257
	 -0.953	  0.031	  0.300

4 	  38.83	   5.24	  -3.55
	  0.694	  0.655	 -0.298
	 -0.600	  0.755	  0.263
	  0.398	 -0.005	  0.917

5 	  42.57	   9.56	   1.93
	  0.737	  0.495	  0.459
	 -0.269	 -0.410	  0.871
	  0.620	 -0.766	 -0.170

6 	  48.60	   5.77	  -3.02
	 -0.009	 -0.778	 -0.628
	  0.996	  0.050	 -0.076
	  0.090	 -0.626	  0.775

7 	  37.85	  -6.80	  -3.08
	  0.681	 -0.695	 -0.230
	  0.568	  0.700	 -0.432
	  0.462	  0.164	  0.871

8 	  43.03	 -11.51	   2.23
	  0.787	 -0.499	  0.363
	  0.128	 -0.444	 -0.887
	  0.604	  0.744	 -0.287

9 	  48.02	  -8.17	  -5.59
	  0.083	  0.578	 -0.812
	 -0.986	  0.163	  0.016
	  0.141	  0.799	  0.584

2 	  32.82	  -8.17	  22.73
	  0.842	  0.538	 -0.024
	 -0.540	  0.840	 -0.044
	 -0.002	  0.049	  0.999

3 	  43.31	  -0.35	   1.35
	  0.348	  0.243	  0.905
	 -0.089	  0.970	 -0.227
	 -0.933	 -0.002	  0.359

4 	  38.41	   5.54	  -3.38
	  0.650	  0.694	 -0.309
	 -0.628	  0.719	  0.298
	  0.430	 -0.000	  0.903

5 	  42.24	   9.81	   2.16
	  0.748	  0.487	  0.451
	 -0.215	 -0.467	  0.858
	  0.629	 -0.737	 -0.245

6 	  48.48	   7.21	  -3.66
	  0.059	 -0.672	 -0.738
	  0.977	  0.192	 -0.096
	  0.206	 -0.715	  0.668

7 	  37.71	  -6.57	  -3.32
	  0.676	 -0.688	 -0.265
	  0.558	  0.712	 -0.426
	  0.482	  0.140	  0.865

8 	  43.10	 -11.07	   2.29
	  0.809	 -0.465	  0.359
	  0.076	 -0.523	 -0.849
	  0.583	  0.713	 -0.389

9 	  47.44	  -9.56	  -6.35
	  0.021	  0.394	 -0.919
	 -0.958	  0.270	  0.094
	  0.285	  0.878	  0.383

2 	  32.82	  -8.17	  22.73
	  0.842	  0.538	 -0.024
	 -0.540	  0.840	 -0.044
	 -0.002	  0.049	  0.999

3 	  43.26	  -0.16	   1.18
	  0.381	  0.228	  0.896
	 -0.133	  0.972	 -0.192
	 -0.916	 -0.046	  0.400

4 	  38.14	   5.89	  -3.20
	  0.615	  0.735	 -0.285
	 -0.655	  0.677	  0.335
	  0.440	 -0.020	  0.897

5 	  41.99	   9.93	   2.57
	  0.755	  0.459	  0.468
	 -0.190	 -0.532	  0.825
	  0.629	 -0.711	 -0.316

6 	  48.81	   9.09	  -4.29
	  0.111	 -0.498	 -0.860
	  0.987	  0.153	  0.038
	  0.112	 -0.853	  0.509

7 	  37.72	  -6.35	  -3.53
	  0.659	 -0.691	 -0.296
	  0.567	  0.715	 -0.408
	  0.494	  0.101	  0.863

8 	  42.96	 -11.02	   2.32
	  0.789	 -0.491	  0.368
	  0.026	 -0.573	 -0.819
	  0.613	  0.656	 -0.440

9 	  46.97	 -11.06	  -6.43
	 -0.009	  0.246	 -0.969
	 -0.931	  0.352	  0.098
	  0.365	  0.903	  0.226

2 	  32.82	  -8.17	  22.73
	  0.842	  0.538	 -0.024
	 -0.540	  0.840	 -0.044
	 -0.002	  0.049	  0.999

3 	  43.29	  -0.02	   1.09
	  0.384	  0.219	  0.897
	 -0.150	  0.973	 -0.174
	 -0.912	 -0.067	  0.406

4 	  38.02	   6.06	  -3.11
	  0.585	  0.764	 -0.273
	 -0.683	  0.645	  0.343
	  0.439	 -0.015	  0.898

5 	  41.84	  10.07	   2.74
	  0.764	  0.449	  0.464
	 -0.152	 -0.574	  0.804
	  0.628	 -0.684	 -0.371

6 	  48.90	  10.51	  -4.27
	  0.145	 -0.347	 -0.927
	  0.989	  0.073	  0.127
	  0.023	 -0.935	  0.354

7 	  37.63	  -6.21	  -3.69
	  0.633	 -0.707	 -0.315
	  0.595	  0.705	 -0.386
	  0.495	  0.057	  0.866

8 	  42.77	 -11.00	   2.34
	  0.781	 -0.508	  0.363
	 -0.042	 -0.623	 -0.781
	  0.623	  0.595	 -0.508

9 	  46.18	 -12.22	  -6.66
	 -0.080	  0.130	 -0.988
	 -0.898	  0.421	  0.128
	  0.433	  0.897	  0.083

2 	  32.82	  -8.17	  22.73
	  0.842	  0.538	 -0.024
	 -0.540	  0.840	 -0.044
	 -0.002	  0.049	  0.999

3 	  43.24	   0.09	   0.97
	  0.391	  0.203	  0.898
	 -0.171	  0.974	 -0.147
	 -0.905	 -0.095	  0.414

4 	  37.79	   6.21	  -2.99
	  0.566	  0.782	 -0.260
	 -0.696	  0.621	  0.359
	  0.443	 -0.022	  0.896

5 	  41.61	  10.20	   2.92
	  0.761	  0.453	  0.464
	 -0.131	 -0.595	  0.793
	  0.636	 -0.663	 -0.394

6 	  48.85	  11.39	  -4.31
	  0.167	 -0.273	 -0.948
	  0.985	  0.082	  0.149
	  0.036	 -0.958	  0.283

7 	  37.56	  -6.05	  -3.83
	  0.615	 -0.717	 -0.328
	  0.616	  0.696	 -0.368
	  0.493	  0.025	  0.870

8 	  42.64	 -10.93	   2.29
	  0.777	 -0.518	  0.358
	 -0.081	 -0.647	 -0.758
	  0.624	  0.559	 -0.545

9 	  45.79	 -12.97	  -6.75
	 -0.108	  0.051	 -0.993
	 -0.884	  0.452	  0.119
	  0.455	  0.890	 -0.003

2 	  32.82	  -8.17	  22.73
	  0.842	  0.538	 -0.024
	 -0.540	  0.840	 -0.044
	 -0.002	  0.049	  0.999

3 	  43.19	   0.14	   0.90
	  0.392	  0.194	  0.899
	 -0.181	  0.974	 -0.132
	 -0.902	 -0.110	  0.417

4 	  37.69	   6.28	  -2.94
	  0.555	  0.790	 -0.262
	 -0.699	  0.613	  0.368
	  0.452	 -0.021	  0.892

5 	  41.57	  10.16	   2.95
	  0.781	  0.438	  0.445
	 -0.107	 -0.611	  0.784
	  0.616	 -0.659	 -0.431

6 	  48.80	  12.34	  -4.38
	  0.173	 -0.165	 -0.971
	  0.985	  0.036	  0.169
	  0.005	 -0.986	  0.170

7 	  37.44	  -6.08	  -3.88
	  0.598	 -0.731	 -0.328
	  0.636	  0.681	 -0.361
	  0.489	  0.007	  0.872

8 	  42.42	 -10.99	   2.37
	  0.764	 -0.530	  0.369
	 -0.108	 -0.668	 -0.736
	  0.637	  0.522	 -0.567

9 	  45.63	 -13.85	  -6.54
	 -0.106	 -0.013	 -0.994
	 -0.924	  0.370	  0.093
	  0.367	  0.929	 -0.051

2 	  32.82	  -8.17	  22.73
	  0.842	  0.538	 -0.024
	 -0.540	  0.840	 -0.044
	 -0.002	  0.049	  0.999

3 	  43.10	   0.16	   0.81
	  0.400	  0.179	  0.899
	 -0.192	  0.975	 -0.110
	 -0.897	 -0.128	  0.424

4 	  37.48	   6.36	  -2.81
	  0.534	  0.809	 -0.244
	 -0.718	  0.586	  0.374
	  0.447	 -0.025	  0.894

5 	  41.24	  10.23	   3.20
	  0.773	  0.445	  0.453
	 -0.083	 -0.638	  0.765
	  0.630	 -0.628	 -0.457

6 	  48.39	  12.97	  -4.10
	  0.165	 -0.118	 -0.979
	  0.986	  0.052	  0.159
	  0.031	 -0.992	  0.126

7 	  37.34	  -5.94	  -3.96
	  0.584	 -0.734	 -0.347
	  0.642	  0.678	 -0.356
	  0.497	 -0.014	  0.867

8 	  42.35	 -10.88	   2.37
	  0.762	 -0.533	  0.369
	 -0.131	 -0.685	 -0.717
	  0.634	  0.497	 -0.591

9 	  45.51	 -14.92	  -6.54
	 -0.105	 -0.126	 -0.986
	 -0.944	  0.323	  0.059
	  0.312	  0.938	 -0.153

2 	  32.82	  -8.17	  22.73
	  0.842	  0.538	 -0.024
	 -0.540	  0.840	 -0.044
	 -0.002	  0.049	  0.999

3 	  43.05	   0.28	   0.77
	  0.402	  0.173	  0.899
	 -0.198	  0.975	 -0.100
	 -0.894	 -0.138	  0.426

4 	  37.30	   6.50	  -2.72
	  0.514	  0.826	 -0.230
	 -0.735	  0.562	  0.379
	  0.444	 -0.026	  0.896

5 	  40.97	  10.37	   3.39
	  0.759	  0.458	  0.462
	 -0.062	 -0.657	  0.751
	  0.649	 -0.598	 -0.470

6 	  48.20	  13.73	  -3.76
	  0.181	 -0.052	 -0.982
	  0.983	  0.034	  0.179
	  0.023	 -0.998	  0.059

7 	  37.12	  -5.80	  -3.99
	  0.541	 -0.764	 -0.351
	  0.680	  0.643	 -0.351
	  0.495	 -0.049	  0.867

8 	  42.01	 -10.85	   2.51
	  0.743	 -0.553	  0.377
	 -0.205	 -0.724	 -0.658
	  0.637	  0.412	 -0.651

9 	  45.19	 -16.91	  -5.87
	 -0.115	 -0.315	 -0.942
	 -0.974	  0.222	  0.045
	  0.195	  0.923	 -0.332

2 	  32.82	  -8.17	  22.73
	  0.842	  0.539	 -0.024
	 -0.540	  0.840	 -0.044
	 -0.002	  0.050	  0.998

3 	  43.03	   0.35	   0.72
	  0.404	  0.173	  0.898
	 -0.198	  0.975	 -0.100
	 -0.894	 -0.137	  0.427

4 	  37.23	   6.50	  -2.72
	  0.505	  0.834	 -0.221
	 -0.742	  0.550	  0.382
	  0.441	 -0.029	  0.897

5 	  40.82	  10.35	   3.48
	  0.750	  0.466	  0.469
	 -0.058	 -0.661	  0.748
	  0.659	 -0.587	 -0.469

6 	  48.36	  14.33	  -3.30
	  0.242	  0.007	 -0.970
	  0.970	  0.026	  0.242
	  0.026	 -1.000	  0.002

7 	  37.05	  -5.89	  -3.94
	  0.510	 -0.794	 -0.331
	  0.713	  0.605	 -0.354
	  0.481	 -0.056	  0.875

8 	  41.66	 -10.92	   2.92
	  0.712	 -0.566	  0.416
	 -0.231	 -0.747	 -0.623
	  0.664	  0.347	 -0.662

9 	  45.37	 -18.40	  -4.36
	 -0.066	 -0.483	 -0.873
	 -0.996	  0.089	  0.027
	  0.064	  0.872	 -0.486

2 	  32.80	  -8.17	  22.73
	  0.842	  0.539	 -0.024
	 -0.540	  0.840	 -0.044
	 -0.002	  0.050	  0.999

3 	  43.03	   0.33	   0.63
	  0.408	  0.179	  0.895
	 -0.190	  0.976	 -0.110
	 -0.893	 -0.125	  0.432

4 	  37.20	   6.45	  -2.72
	  0.489	  0.848	 -0.205
	 -0.761	  0.529	  0.374
	  0.426	 -0.027	  0.904

5 	  40.57	  10.42	   3.60
	  0.727	  0.485	  0.486
	 -0.046	 -0.672	  0.739
	  0.686	 -0.559	 -0.466

6 	  48.45	  14.94	  -2.74
	  0.292	  0.071	 -0.954
	  0.957	 -0.019	  0.290
	  0.000	 -0.998	 -0.072

7 	  37.16	  -5.98	  -3.87
	  0.496	 -0.813	 -0.303
	  0.732	  0.579	 -0.358
	  0.467	 -0.045	  0.883

8 	  41.38	 -10.92	   3.30
	  0.676	 -0.573	  0.464
	 -0.218	 -0.757	 -0.616
	  0.704	  0.315	 -0.636

9 	  45.62	 -19.20	  -2.92
	  0.000	 -0.579	 -0.815
	 -0.998	  0.053	 -0.038
	  0.065	  0.814	 -0.577

2 	  32.80	  -8.17	  22.73
	  0.842	  0.539	 -0.024
	 -0.540	  0.840	 -0.044
	 -0.002	  0.050	  0.999

3 	  43.07	   0.33	   0.62
	  0.406	  0.181	  0.895
	 -0.188	  0.975	 -0.113
	 -0.895	 -0.123	  0.430

4 	  37.25	   6.49	  -2.72
	  0.484	  0.854	 -0.189
	 -0.771	  0.518	  0.370
	  0.415	 -0.033	  0.909

5 	  40.48	  10.41	   3.78
	  0.714	  0.483	  0.507
	 -0.053	 -0.686	  0.726
	  0.699	 -0.544	 -0.464

6 	  48.67	  15.38	  -2.14
	  0.343	  0.128	 -0.930
	  0.939	 -0.045	  0.339
	 -0.001	 -0.991	 -0.134

7 	  37.18	  -6.03	  -3.87
	  0.485	 -0.825	 -0.291
	  0.744	  0.563	 -0.358
	  0.460	 -0.043	  0.887

8 	  41.08	 -11.04	   3.50
	  0.646	 -0.584	  0.490
	 -0.204	 -0.752	 -0.627
	  0.735	  0.305	 -0.605

9 	  45.62	 -19.74	  -2.13
	  0.047	 -0.631	 -0.774
	 -0.996	  0.033	 -0.087
	  0.080	  0.776	 -0.625

2 	  32.82	  -8.17	  22.75
	  0.842	  0.538	 -0.024
	 -0.540	  0.840	 -0.044
	 -0.002	  0.049	  0.999

3 	  43.10	   0.35	   0.62
	  0.404	  0.181	  0.896
	 -0.188	  0.976	 -0.113
	 -0.895	 -0.122	  0.428

4 	  37.27	   6.47	  -2.79
	  0.480	  0.858	 -0.184
	 -0.779	  0.512	  0.360
	  0.404	 -0.029	  0.914

5 	  40.38	  10.41	   3.80
	  0.702	  0.488	  0.518
	 -0.059	 -0.687	  0.724
	  0.710	 -0.538	 -0.454

6 	  48.76	  15.82	  -1.78
	  0.380	  0.173	 -0.909
	  0.925	 -0.056	  0.375
	  0.011	 -0.984	 -0.179

7 	  37.18	  -6.05	  -3.85
	  0.479	 -0.830	 -0.285
	  0.751	  0.556	 -0.357
	  0.455	 -0.043	  0.889

8 	  40.92	 -11.04	   3.66
	  0.628	 -0.590	  0.507
	 -0.207	 -0.755	 -0.623
	  0.750	  0.286	 -0.596

9 	  45.53	 -20.00	  -1.69
	  0.060	 -0.654	 -0.754
	 -0.993	  0.035	 -0.109
	  0.097	  0.757	 -0.646

2 	  32.82	  -8.17	  22.75
	  0.842	  0.538	 -0.024
	 -0.540	  0.840	 -0.043
	 -0.002	  0.049	  0.999

3 	  43.10	   0.33	   0.63
	  0.404	  0.181	  0.896
	 -0.189	  0.975	 -0.114
	 -0.896	 -0.123	  0.428

4 	  37.25	   6.47	  -2.76
	  0.467	  0.867	 -0.172
	 -0.792	  0.496	  0.356
	  0.395	 -0.030	  0.918

5 	  40.18	  10.39	   3.88
	  0.688	  0.495	  0.530
	 -0.048	 -0.699	  0.713
	  0.724	 -0.515	 -0.458

6 	  48.57	  16.05	  -1.49
	  0.384	  0.192	 -0.903
	  0.923	 -0.053	  0.380
	  0.022	 -0.980	 -0.196

7 	  37.21	  -6.01	  -3.81
	  0.469	 -0.839	 -0.275
	  0.764	  0.541	 -0.351
	  0.444	 -0.046	  0.894

8 	  40.71	 -11.07	   3.80
	  0.609	 -0.600	  0.518
	 -0.222	 -0.756	 -0.615
	  0.762	  0.259	 -0.593

9 	  45.05	 -20.32	  -1.23
	  0.038	 -0.677	 -0.735
	 -0.992	  0.060	 -0.107
	  0.116	  0.734	 -0.669

2 	  32.82	  -8.19	  22.75
	  0.842	  0.538	 -0.024
	 -0.540	  0.840	 -0.044
	 -0.002	  0.049	  0.999

3 	  43.10	   0.37	   0.63
	  0.404	  0.186	  0.895
	 -0.190	  0.975	 -0.118
	 -0.895	 -0.122	  0.429

4 	  37.18	   6.45	  -2.78
	  0.454	  0.876	 -0.159
	 -0.806	  0.480	  0.347
	  0.381	 -0.029	  0.924

5 	  39.97	  10.39	   4.01
	  0.670	  0.505	  0.544
	 -0.040	 -0.708	  0.705
	  0.742	 -0.493	 -0.454

6 	  48.46	  16.49	  -0.93
	  0.413	  0.237	 -0.879
	  0.910	 -0.063	  0.410
	  0.039	 -0.970	 -0.240

7 	  37.16	  -6.05	  -3.78
	  0.463	 -0.848	 -0.258
	  0.774	  0.529	 -0.349
	  0.432	 -0.038	  0.901

8 	  40.57	 -11.09	   3.87
	  0.604	 -0.603	  0.520
	 -0.225	 -0.755	 -0.616
	  0.765	  0.255	 -0.592

9 	  45.26	 -20.90	  -0.47
	  0.086	 -0.749	 -0.656
	 -0.987	  0.027	 -0.160
	  0.137	  0.662	 -0.736

2 	  32.82	  -8.19	  22.73
	  0.842	  0.538	 -0.024
	 -0.540	  0.840	 -0.043
	 -0.002	  0.049	  0.999

3 	  43.08	   0.32	   0.63
	  0.407	  0.186	  0.894
	 -0.178	  0.976	 -0.124
	 -0.896	 -0.108	  0.430

4 	  37.25	   6.42	  -2.79
	  0.466	  0.871	 -0.156
	 -0.801	  0.490	  0.345
	  0.377	 -0.036	  0.925

5 	  40.04	  10.32	   4.01
	  0.672	  0.498	  0.548
	 -0.055	 -0.705	  0.707
	  0.739	 -0.504	 -0.447

6 	  48.78	  16.44	  -0.65
	  0.447	  0.255	 -0.857
	  0.895	 -0.099	  0.435
	  0.022	 -0.963	 -0.271

7 	  37.02	  -6.01	  -3.85
	  0.455	 -0.852	 -0.258
	  0.782	  0.521	 -0.342
	  0.426	 -0.047	  0.903

8 	  40.39	 -11.21	   3.73
	  0.610	 -0.620	  0.493
	 -0.245	 -0.739	 -0.627
	  0.753	  0.262	 -0.603

9 	  45.33	 -21.45	   0.25
	  0.121	 -0.804	 -0.582
	 -0.980	 -0.005	 -0.197
	  0.155	  0.595	 -0.789

2 	  32.82	  -8.19	  22.73
	  0.842	  0.538	 -0.024
	 -0.540	  0.840	 -0.043
	 -0.002	  0.049	  0.999

3 	  43.07	   0.28	   0.67
	  0.408	  0.186	  0.893
	 -0.170	  0.977	 -0.127
	 -0.897	 -0.099	  0.430

4 	  37.21	   6.40	  -2.81
	  0.469	  0.869	 -0.156
	 -0.799	  0.492	  0.344
	  0.377	 -0.036	  0.925

5 	  40.03	  10.28	   4.01
	  0.672	  0.502	  0.544
	 -0.056	 -0.699	  0.712
	  0.739	 -0.508	 -0.442

6 	  48.67	  16.00	  -0.91
	  0.428	  0.212	 -0.878
	  0.904	 -0.100	  0.415
	 -0.003	 -0.973	 -0.232

7 	  37.05	  -6.12	  -3.78
	  0.468	 -0.850	 -0.242
	  0.776	  0.526	 -0.346
	  0.422	 -0.026	  0.906

8 	  40.45	 -11.16	   3.80
	  0.608	 -0.622	  0.493
	 -0.247	 -0.739	 -0.627
	  0.755	  0.259	 -0.602

9 	  45.40	 -20.43	  -1.00
	  0.109	 -0.682	 -0.723
	 -0.979	  0.051	 -0.196
	  0.169	  0.730	 -0.662

2 	  32.82	  -8.19	  22.73
	  0.842	  0.538	 -0.024
	 -0.540	  0.840	 -0.044
	 -0.002	  0.049	  0.999

3 	  43.05	   0.23	   0.74
	  0.408	  0.195	  0.891
	 -0.159	  0.977	 -0.142
	 -0.899	 -0.083	  0.429

4 	  37.28	   6.21	  -2.88
	  0.489	  0.854	 -0.177
	 -0.783	  0.519	  0.343
	  0.385	 -0.030	  0.922

5 	  40.25	  10.14	   3.74
	  0.688	  0.508	  0.517
	 -0.059	 -0.673	  0.737
	  0.724	 -0.537	 -0.434

6 	  48.76	  14.31	  -1.93
	  0.379	  0.039	 -0.924
	  0.923	 -0.090	  0.373
	 -0.072	 -0.995	 -0.068

7 	  37.14	  -6.21	  -3.71
	  0.512	 -0.828	 -0.228
	  0.741	  0.560	 -0.369
	  0.434	  0.020	  0.901

8 	  41.04	 -11.09	   3.55
	  0.662	 -0.601	  0.448
	 -0.206	 -0.721	 -0.662
	  0.720	  0.346	 -0.601

9 	  46.16	 -17.77	  -3.60
	  0.099	 -0.383	 -0.918
	 -0.987	  0.080	 -0.140
	  0.127	  0.921	 -0.368

2 	  32.84	  -8.19	  22.73
	  0.842	  0.538	 -0.024
	 -0.540	  0.840	 -0.044
	 -0.002	  0.049	  0.999

3 	  43.15	   0.04	   0.79
	  0.419	  0.205	  0.884
	 -0.147	  0.976	 -0.157
	 -0.896	 -0.064	  0.439

4 	  37.49	   5.96	  -3.06
	  0.526	  0.826	 -0.202
	 -0.755	  0.563	  0.336
	  0.392	 -0.024	  0.919

5 	  40.66	   9.97	   3.38
	  0.708	  0.499	  0.499
	 -0.093	 -0.636	  0.766
	  0.700	 -0.588	 -0.405

6 	  49.08	  12.34	  -2.67
	  0.329	 -0.141	 -0.933
	  0.933	 -0.107	  0.344
	 -0.151	 -0.984	  0.099

7 	  37.27	  -6.35	  -3.69
	  0.552	 -0.803	 -0.225
	  0.707	  0.594	 -0.384
	  0.442	  0.053	  0.895

8 	  41.57	 -11.29	   3.18
	  0.718	 -0.565	  0.406
	 -0.110	 -0.669	 -0.735
	  0.687	  0.483	 -0.543

9 	  47.39	 -13.76	  -5.29
	  0.134	  0.060	 -0.989
	 -0.990	  0.056	 -0.130
	  0.047	  0.996	  0.068

2 	  32.82	  -8.17	  22.75
	  0.842	  0.538	 -0.024
	 -0.540	  0.840	 -0.044
	 -0.002	  0.049	  0.999

3 	  43.19	  -0.05	   0.88
	  0.420	  0.214	  0.882
	 -0.141	  0.975	 -0.171
	 -0.897	 -0.052	  0.439

4 	  37.74	   5.84	  -3.20
	  0.558	  0.802	 -0.214
	 -0.733	  0.596	  0.326
	  0.390	 -0.026	  0.920

5 	  40.94	   9.83	   3.20
	  0.712	  0.484	  0.509
	 -0.140	 -0.614	  0.777
	  0.689	 -0.623	 -0.370

6 	  49.15	  10.44	  -2.67
	  0.278	 -0.320	 -0.906
	  0.939	 -0.109	  0.325
	 -0.206	 -0.940	  0.272

7 	  37.41	  -6.40	  -3.62
	  0.579	 -0.782	 -0.229
	  0.685	  0.619	 -0.384
	  0.443	  0.066	  0.894

8 	  41.96	 -11.69	   2.39
	  0.750	 -0.557	  0.357
	  0.009	 -0.531	 -0.847
	  0.662	  0.638	 -0.394

9 	  48.67	  -9.93	  -5.31
	  0.187	  0.478	 -0.858
	 -0.979	  0.012	 -0.206
	 -0.089	  0.877	  0.471

2 	  32.80	  -8.17	  22.73
	  0.842	  0.539	 -0.024
	 -0.540	  0.840	 -0.044
	 -0.002	  0.050	  0.999

3 	  43.29	  -0.16	   1.00
	  0.412	  0.217	  0.884
	 -0.131	  0.975	 -0.179
	 -0.902	 -0.042	  0.430

4 	  38.00	   5.73	  -3.30
	  0.583	  0.783	 -0.214
	 -0.721	  0.620	  0.309
	  0.376	 -0.026	  0.926

5 	  41.13	   9.76	   3.09
	  0.702	  0.480	  0.526
	 -0.187	 -0.590	  0.785
	  0.689	 -0.648	 -0.325

6 	  48.99	   9.14	  -2.29
	  0.238	 -0.477	 -0.846
	  0.957	 -0.031	  0.286
	 -0.164	 -0.877	  0.451

7 	  37.60	  -6.49	  -3.59
	  0.604	 -0.763	 -0.229
	  0.665	  0.641	 -0.382
	  0.439	  0.079	  0.895

8 	  42.28	 -11.99	   1.86
	  0.763	 -0.559	  0.324
	  0.076	 -0.422	 -0.903
	  0.642	  0.713	 -0.281

9 	  49.18	  -8.00	  -4.48
	  0.188	  0.684	 -0.705
	 -0.965	 -0.007	 -0.262
	 -0.185	  0.728	  0.660

2 	  32.80	  -8.17	  22.75
	  0.842	  0.539	 -0.024
	 -0.540	  0.840	 -0.044
	 -0.003	  0.050	  0.998

3 	  43.40	  -0.25	   1.14
	  0.397	  0.216	  0.892
	 -0.116	  0.976	 -0.185
	 -0.911	 -0.030	  0.411

4 	  38.34	   5.68	  -3.34
	  0.610	  0.766	 -0.201
	 -0.711	  0.641	  0.290
	  0.352	 -0.034	  0.935

5 	  41.33	   9.69	   3.11
	  0.688	  0.475	  0.548
	 -0.240	 -0.567	  0.788
	  0.686	 -0.672	 -0.277

6 	  48.78	   8.09	  -1.90
	  0.176	 -0.588	 -0.790
	  0.976	 -0.000	  0.217
	 -0.128	 -0.809	  0.574

7 	  37.74	  -6.61	  -3.50
	  0.612	 -0.760	 -0.218
	  0.659	  0.642	 -0.391
	  0.438	  0.095	  0.894

8 	  42.29	 -12.22	   1.76
	  0.750	 -0.581	  0.318
	  0.103	 -0.373	 -0.922
	  0.654	  0.724	 -0.220

9 	  49.32	  -7.54	  -3.92
	  0.195	  0.774	 -0.602
	 -0.952	  0.002	 -0.305
	 -0.235	  0.632	  0.738

2 	  32.80	  -8.17	  22.73
	  0.842	  0.538	 -0.023
	 -0.540	  0.840	 -0.044
	 -0.003	  0.049	  0.999

3 	  43.45	  -0.39	   1.27
	  0.383	  0.215	  0.898
	 -0.101	  0.976	 -0.192
	 -0.918	 -0.017	  0.396

4 	  38.53	   5.54	  -3.38
	  0.626	  0.755	 -0.193
	 -0.707	  0.654	  0.268
	  0.329	 -0.032	  0.943

5 	  41.34	   9.63	   3.11
	  0.657	  0.487	  0.575
	 -0.292	 -0.541	  0.789
	  0.696	 -0.685	 -0.214

6 	  48.50	   6.96	  -1.21
	  0.115	 -0.682	 -0.722
	  0.979	 -0.043	  0.197
	 -0.166	 -0.730	  0.663

7 	  37.78	  -6.70	  -3.41
	  0.613	 -0.760	 -0.216
	  0.658	  0.642	 -0.393
	  0.438	  0.099	  0.893

8 	  42.33	 -12.50	   1.23
	  0.750	 -0.605	  0.266
	  0.133	 -0.256	 -0.958
	  0.648	  0.753	 -0.112

9 	  48.83	  -6.17	  -2.88
	  0.120	  0.921	 -0.371
	 -0.948	 -0.005	 -0.318
	 -0.295	  0.389	  0.873

2 	  32.82	  -8.19	  22.75
	  0.842	  0.538	 -0.023
	 -0.540	  0.840	 -0.044
	 -0.003	  0.049	  0.999

3 	  43.45	  -0.56	   1.48
	  0.373	  0.214	  0.903
	 -0.083	  0.977	 -0.199
	 -0.924	 -0.000	  0.381

4 	  38.83	   5.43	  -3.38
	  0.652	  0.738	 -0.170
	 -0.701	  0.673	  0.236
	  0.289	 -0.035	  0.956

5 	  41.36	   9.70	   3.04
	  0.610	  0.504	  0.612
	 -0.404	 -0.469	  0.785
	  0.684	 -0.725	 -0.084

6 	  48.06	   5.17	   0.42
	  0.062	 -0.832	 -0.551
	  0.994	  0.002	  0.108
	 -0.089	 -0.554	  0.827

7 	  37.79	  -6.80	  -3.30
	  0.618	 -0.757	 -0.214
	  0.659	  0.646	 -0.384
	  0.429	  0.096	  0.898

8 	  42.52	 -12.57	   0.77
	  0.761	 -0.602	  0.241
	  0.199	 -0.137	 -0.970
	  0.617	  0.787	  0.015

9 	  48.38	  -5.01	  -1.28
	  0.040	  0.988	 -0.146
	 -0.966	  0.002	 -0.258
	 -0.254	  0.151	  0.955

2 	  32.80	  -8.17	  22.73
	  0.842	  0.538	 -0.023
	 -0.540	  0.840	 -0.044
	 -0.002	  0.049	  0.999

3 	  43.47	  -0.65	   1.58
	  0.371	  0.211	  0.904
	 -0.075	  0.977	 -0.198
	 -0.926	  0.005	  0.377

4 	  39.18	   5.38	  -3.34
	  0.675	  0.723	 -0.145
	 -0.693	  0.688	  0.214
	  0.255	 -0.044	  0.966

5 	  41.52	   9.76	   2.97
	  0.582	  0.511	  0.632
	 -0.501	 -0.388	  0.773
	  0.643	 -0.765	  0.030

6 	  47.87	   4.36	   1.56
	  0.040	 -0.903	 -0.428
	  0.993	 -0.012	  0.117
	 -0.111	 -0.430	  0.896

7 	  37.93	  -6.82	  -3.27
	  0.631	 -0.747	 -0.209
	  0.656	  0.657	 -0.371
	  0.415	  0.097	  0.904

8 	  42.71	 -12.52	   0.62
	  0.761	 -0.599	  0.249
	  0.280	 -0.043	 -0.959
	  0.585	  0.800	  0.134

9 	  47.85	  -4.29	   0.60
	 -0.002	  0.999	  0.030
	 -0.996	  0.001	 -0.087
	 -0.087	 -0.030	  0.996

2 	  32.82	  -8.17	  22.75
	  0.842	  0.538	 -0.024
	 -0.540	  0.840	 -0.044
	 -0.002	  0.049	  0.999

3 	  43.52	  -0.76	   1.81
	  0.360	  0.206	  0.910
	 -0.082	  0.978	 -0.190
	 -0.930	 -0.006	  0.368

4 	  39.46	   5.31	  -3.36
	  0.707	  0.692	 -0.143
	 -0.667	  0.720	  0.191
	  0.236	 -0.040	  0.971

5 	  41.98	   9.86	   2.69
	  0.586	  0.522	  0.619
	 -0.571	 -0.277	  0.772
	  0.577	 -0.805	  0.135

6 	  47.72	   3.45	   2.81
	 -0.026	 -0.965	 -0.259
	  0.993	 -0.054	  0.101
	 -0.112	 -0.255	  0.960

7 	  37.97	  -6.82	  -3.23
	  0.646	 -0.735	 -0.203
	  0.649	  0.670	 -0.360
	  0.402	  0.101	  0.910

8 	  43.08	 -12.20	   0.46
	  0.788	 -0.563	  0.248
	  0.332	  0.050	 -0.942
	  0.519	  0.824	  0.226

9 	  47.48	  -3.57	   1.85
	 -0.064	  0.983	  0.168
	 -0.996	 -0.075	  0.056
	  0.068	 -0.165	  0.984

2 	  32.80	  -8.17	  22.73
	  0.842	  0.538	 -0.023
	 -0.540	  0.840	 -0.044
	 -0.003	  0.049	  0.999

3 	  43.56	  -0.81	   1.93
	  0.355	  0.211	  0.911
	 -0.102	  0.977	 -0.188
	 -0.930	 -0.026	  0.367

4 	  39.73	   5.20	  -3.39
	  0.725	  0.673	 -0.146
	 -0.651	  0.738	  0.176
	  0.227	 -0.033	  0.973

5 	  42.24	   9.88	   2.57
	  0.584	  0.532	  0.613
	 -0.589	 -0.243	  0.770
	  0.561	 -0.810	  0.171

6 	  47.97	   3.20	   3.34
	 -0.028	 -0.983	 -0.179
	  0.994	 -0.047	  0.101
	 -0.108	 -0.175	  0.978

7 	  38.16	  -6.84	  -3.25
	  0.659	 -0.726	 -0.195
	  0.642	  0.678	 -0.357
	  0.391	  0.110	  0.913

8 	  43.28	 -12.09	   0.56
	  0.793	 -0.549	  0.263
	  0.355	  0.064	 -0.933
	  0.496	  0.833	  0.245

9 	  47.71	  -3.41	   2.27
	 -0.059	  0.979	  0.193
	 -0.996	 -0.069	  0.047
	  0.059	 -0.190	  0.980

2 	  32.82	  -8.17	  22.73
	  0.842	  0.538	 -0.024
	 -0.540	  0.840	 -0.043
	 -0.001	  0.049	  0.999

3 	  43.68	  -0.83	   2.00
	  0.341	  0.210	  0.916
	 -0.110	  0.977	 -0.184
	 -0.933	 -0.038	  0.356

4 	  39.85	   5.17	  -3.43
	  0.729	  0.668	 -0.147
	 -0.647	  0.743	  0.172
	  0.224	 -0.031	  0.974

5 	  42.26	   9.90	   2.53
	  0.576	  0.542	  0.611
	 -0.587	 -0.248	  0.771
	  0.572	 -0.801	  0.175

6 	  47.87	   3.36	   3.25
	 -0.033	 -0.982	 -0.186
	  0.994	 -0.051	  0.095
	 -0.103	 -0.182	  0.978

7 	  38.30	  -6.80	  -3.29
	  0.667	 -0.720	 -0.192
	  0.636	  0.684	 -0.356
	  0.388	  0.115	  0.914

8 	  43.38	 -12.06	   0.69
	  0.787	 -0.549	  0.281
	  0.365	  0.048	 -0.929
	  0.497	  0.834	  0.238

9 	  47.67	  -3.41	   2.07
	 -0.063	  0.986	  0.155
	 -0.997	 -0.068	  0.023
	  0.033	 -0.154	  0.987

2 	  32.82	  -8.19	  22.73
	  0.842	  0.538	 -0.024
	 -0.540	  0.840	 -0.044
	 -0.002	  0.049	  0.999

3 	  43.75	  -0.74	   2.02
	  0.330	  0.206	  0.921
	 -0.112	  0.977	 -0.179
	 -0.938	 -0.044	  0.344

4 	  39.94	   5.26	  -3.39
	  0.726	  0.673	 -0.138
	 -0.652	  0.738	  0.172
	  0.219	 -0.035	  0.975

5 	  42.26	  10.02	   2.48
	  0.570	  0.552	  0.608
	 -0.584	 -0.252	  0.771
	  0.581	 -0.793	  0.179

6 	  47.53	   3.66	   2.83
	 -0.077	 -0.969	 -0.236
	  0.989	 -0.104	  0.103
	 -0.125	 -0.225	  0.966

7 	  38.37	  -6.75	  -3.29
	  0.668	 -0.719	 -0.191
	  0.635	  0.685	 -0.356
	  0.387	  0.116	  0.914

8 	  43.49	 -11.92	   0.95
	  0.789	 -0.533	  0.305
	  0.374	  0.023	 -0.927
	  0.488	  0.846	  0.216

9 	  47.36	  -3.25	   1.81
	 -0.122	  0.987	  0.100
	 -0.992	 -0.120	 -0.032
	 -0.020	 -0.103	  0.994

