2 	  32.68	  -8.35	  22.66
	  0.088	  0.978	 -0.190
	 -0.996	  0.087	 -0.016
	  0.002	  0.190	  0.982

3 	  43.56	  -0.63	   1.99
	  0.282	  0.195	  0.939
	 -0.070	  0.980	 -0.183
	 -0.957	 -0.014	  0.289

4 	  40.20	   6.52	  -1.60
	  0.496	  0.754	  0.431
	 -0.861	  0.490	  0.132
	 -0.112	 -0.437	  0.892

5 	  38.43	   8.72	   6.77
	  0.045	  0.183	  0.982
	 -0.774	 -0.615	  0.149
	  0.632	 -0.766	  0.114

6 	  43.31	  10.79	  19.53
	  0.514	  0.064	  0.855
	 -0.703	  0.605	  0.374
	 -0.497	 -0.791	  0.356

7 	  39.34	  -7.96	  -1.83
	  0.574	 -0.777	  0.256
	  0.811	  0.497	 -0.308
	  0.112	  0.385	  0.916

8 	  38.79	 -10.62	   7.86
	  0.185	 -0.021	  0.982
	  0.880	 -0.442	 -0.175
	  0.438	  0.896	 -0.064

9 	  43.86	 -11.67	  19.95
	  0.424	  0.006	  0.905
	  0.729	  0.591	 -0.344
	 -0.541	  0.804	  0.245

2 	  32.66	  -8.35	  22.66
	  0.088	  0.978	 -0.190
	 -0.996	  0.087	 -0.016
	  0.001	  0.190	  0.982

3 	  43.42	  -0.49	   1.95
	  0.293	  0.190	  0.937
	 -0.086	  0.981	 -0.172
	 -0.952	 -0.030	  0.304

4 	  39.92	   6.66	  -1.49
	  0.491	  0.757	  0.430
	 -0.866	  0.477	  0.148
	 -0.094	 -0.446	  0.890

5 	  38.23	   8.75	   6.89
	  0.056	  0.173	  0.983
	 -0.761	 -0.630	  0.154
	  0.646	 -0.757	  0.097

6 	  43.28	  10.78	  19.58
	  0.510	  0.068	  0.857
	 -0.707	  0.602	  0.371
	 -0.494	 -0.793	  0.355

7 	  38.99	  -7.91	  -1.90
	  0.555	 -0.796	  0.243
	  0.822	  0.479	 -0.308
	  0.128	  0.370	  0.920

8 	  38.41	 -10.51	   7.80
	  0.191	 -0.017	  0.981
	  0.857	 -0.484	 -0.175
	  0.478	  0.874	 -0.078

9 	  43.56	 -11.64	  19.93
	  0.426	 -0.003	  0.904
	  0.734	  0.586	 -0.342
	 -0.533	  0.808	  0.251

2 	  32.68	  -8.35	  22.66
	  0.088	  0.978	 -0.190
	 -0.996	  0.087	 -0.016
	  0.002	  0.190	  0.982

3 	  43.29	  -0.62	   1.97
	  0.313	  0.185	  0.931
	 -0.073	  0.982	 -0.171
	 -0.947	 -0.015	  0.320

4 	  39.83	   6.57	  -1.46
	  0.505	  0.755	  0.418
	 -0.859	  0.487	  0.157
	 -0.086	 -0.439	  0.894

5 	  38.27	   8.74	   6.87
	  0.063	  0.170	  0.983
	 -0.768	 -0.621	  0.156
	  0.638	 -0.765	  0.092

6 	  43.26	  10.81	  19.58
	  0.503	  0.074	  0.861
	 -0.703	  0.616	  0.355
	 -0.508	 -0.782	  0.362

7 	  38.90	  -8.00	  -1.79
	  0.556	 -0.796	  0.239
	  0.819	  0.476	 -0.319
	  0.140	  0.374	  0.917

8 	  38.48	 -10.65	   7.95
	  0.200	 -0.018	  0.979
	  0.859	 -0.478	 -0.184
	  0.472	  0.878	 -0.080

9 	  43.79	 -11.65	  19.97
	  0.437	  0.004	  0.899
	  0.710	  0.613	 -0.345
	 -0.556	  0.788	  0.264

2 	  32.66	  -8.35	  22.66
	  0.088	  0.978	 -0.190
	 -0.996	  0.087	 -0.016
	  0.002	  0.190	  0.982

3 	  43.33	  -0.70	   1.93
	  0.313	  0.193	  0.930
	 -0.069	  0.981	 -0.181
	 -0.947	 -0.007	  0.320

4 	  39.94	   6.45	  -1.58
	  0.515	  0.755	  0.406
	 -0.853	  0.498	  0.154
	 -0.087	 -0.426	  0.901

5 	  38.29	   8.65	   6.66
	  0.054	  0.189	  0.980
	 -0.758	 -0.631	  0.163
	  0.650	 -0.752	  0.110

6 	  43.24	  10.79	  19.41
	  0.496	  0.077	  0.865
	 -0.682	  0.651	  0.331
	 -0.542	 -0.752	  0.375

7 	  38.87	  -8.12	  -1.78
	  0.552	 -0.798	  0.242
	  0.821	  0.470	 -0.323
	  0.144	  0.377	  0.915

8 	  38.34	 -10.63	   7.95
	  0.196	 -0.014	  0.980
	  0.845	 -0.504	 -0.176
	  0.497	  0.863	 -0.087

9 	  43.45	 -11.69	  20.06
	  0.426	  0.005	  0.904
	  0.733	  0.585	 -0.346
	 -0.535	  0.809	  0.245

2 	  32.68	  -8.35	  22.66
	  0.088	  0.978	 -0.190
	 -0.996	  0.087	 -0.016
	  0.002	  0.190	  0.982

3 	  43.37	  -0.74	   1.88
	  0.316	  0.194	  0.929
	 -0.067	  0.981	 -0.183
	 -0.947	 -0.004	  0.322

4 	  39.92	   6.43	  -1.58
	  0.505	  0.763	  0.402
	 -0.859	  0.491	  0.145
	 -0.087	 -0.419	  0.904

5 	  38.16	   8.63	   6.73
	  0.037	  0.188	  0.981
	 -0.743	 -0.651	  0.152
	  0.668	 -0.735	  0.116

6 	  42.94	  10.86	  19.51
	  0.485	  0.076	  0.871
	 -0.690	  0.647	  0.325
	 -0.542	 -0.757	  0.366

7 	  38.85	  -8.12	  -1.71
	  0.555	 -0.796	  0.243
	  0.819	  0.472	 -0.325
	  0.144	  0.379	  0.914

8 	  38.34	 -10.62	   8.05
	  0.194	 -0.005	  0.981
	  0.854	 -0.490	 -0.171
	  0.482	  0.871	 -0.091

9 	  43.49	 -11.65	  20.11
	  0.427	  0.006	  0.904
	  0.735	  0.580	 -0.349
	 -0.531	  0.812	  0.243

2 	  32.66	  -8.35	  22.66
	  0.088	  0.978	 -0.190
	 -0.996	  0.087	 -0.016
	  0.002	  0.190	  0.982

3 	  43.26	  -0.72	   1.93
	  0.330	  0.193	  0.924
	 -0.075	  0.981	 -0.179
	 -0.941	 -0.010	  0.337

4 	  39.80	   6.43	  -1.51
	  0.504	  0.764	  0.403
	 -0.860	  0.488	  0.148
	 -0.085	 -0.421	  0.903

5 	  38.09	   8.63	   6.82
	  0.047	  0.185	  0.981
	 -0.744	 -0.649	  0.157
	  0.667	 -0.737	  0.108

6 	  43.08	  10.81	  19.53
	  0.492	  0.057	  0.869
	 -0.666	  0.669	  0.330
	 -0.565	 -0.738	  0.368

7 	  38.71	  -8.12	  -1.62
	  0.560	 -0.793	  0.239
	  0.814	  0.473	 -0.336
	  0.153	  0.383	  0.911

8 	  38.34	 -10.62	   8.12
	  0.209	 -0.007	  0.978
	  0.858	 -0.479	 -0.186
	  0.470	  0.877	 -0.094

9 	  43.68	 -11.64	  20.11
	  0.439	  0.006	  0.898
	  0.715	  0.604	 -0.352
	 -0.549	  0.795	  0.260

2 	  32.66	  -8.35	  22.66
	  0.088	  0.978	 -0.190
	 -0.996	  0.087	 -0.016
	  0.002	  0.190	  0.982

3 	  43.15	  -0.70	   1.99
	  0.339	  0.189	  0.922
	 -0.080	  0.982	 -0.172
	 -0.938	 -0.016	  0.347

4 	  39.73	   6.47	  -1.42
	  0.506	  0.761	  0.405
	 -0.859	  0.488	  0.154
	 -0.081	 -0.427	  0.901

5 	  38.04	   8.65	   6.91
	  0.053	  0.181	  0.982
	 -0.745	 -0.648	  0.159
	  0.666	 -0.739	  0.100

6 	  43.19	  10.79	  19.56
	  0.506	  0.047	  0.861
	 -0.654	  0.672	  0.346
	 -0.565	 -0.737	  0.371

7 	  38.65	  -8.07	  -1.60
	  0.561	 -0.794	  0.236
	  0.813	  0.473	 -0.339
	  0.157	  0.382	  0.910

8 	  38.29	 -10.62	   8.10
	  0.212	 -0.015	  0.977
	  0.854	 -0.483	 -0.192
	  0.475	  0.875	 -0.089

9 	  43.68	 -11.64	  20.07
	  0.442	  0.006	  0.897
	  0.713	  0.605	 -0.354
	 -0.549	  0.794	  0.262

2 	  32.68	  -8.35	  22.64
	  0.089	  0.978	 -0.190
	 -0.996	  0.088	 -0.016
	  0.002	  0.190	  0.982

3 	  43.14	  -0.67	   2.06
	  0.336	  0.186	  0.923
	 -0.092	  0.982	 -0.166
	 -0.937	 -0.029	  0.347

4 	  39.71	   6.50	  -1.37
	  0.505	  0.758	  0.412
	 -0.859	  0.488	  0.154
	 -0.085	 -0.432	  0.898

5 	  38.06	   8.68	   6.98
	  0.055	  0.178	  0.982
	 -0.751	 -0.641	  0.158
	  0.658	 -0.746	  0.099

6 	  43.22	  10.78	  19.58
	  0.511	  0.044	  0.858
	 -0.652	  0.672	  0.351
	 -0.564	 -0.737	  0.373

7 	  38.69	  -8.03	  -1.60
	  0.564	 -0.792	  0.236
	  0.811	  0.476	 -0.339
	  0.156	  0.382	  0.911

8 	  38.34	 -10.60	   8.10
	  0.207	 -0.015	  0.978
	  0.860	 -0.474	 -0.189
	  0.467	  0.880	 -0.085

9 	  43.66	 -11.65	  20.07
	  0.441	  0.005	  0.897
	  0.713	  0.606	 -0.352
	 -0.550	  0.793	  0.263

2 	  32.66	  -8.35	  22.66
	  0.089	  0.978	 -0.190
	 -0.996	  0.088	 -0.016
	  0.002	  0.190	  0.982

3 	  43.12	  -0.65	   2.09
	  0.336	  0.187	  0.923
	 -0.097	  0.981	 -0.165
	 -0.937	 -0.034	  0.348

4 	  39.73	   6.50	  -1.35
	  0.505	  0.757	  0.413
	 -0.859	  0.489	  0.153
	 -0.087	 -0.433	  0.897

5 	  38.06	   8.68	   7.00
	  0.056	  0.177	  0.982
	 -0.755	 -0.637	  0.158
	  0.654	 -0.750	  0.099

6 	  43.22	  10.78	  19.58
	  0.513	  0.044	  0.857
	 -0.651	  0.671	  0.354
	 -0.562	 -0.738	  0.373

7 	  38.67	  -8.03	  -1.58
	  0.564	 -0.791	  0.236
	  0.811	  0.477	 -0.340
	  0.157	  0.383	  0.910

8 	  38.32	 -10.62	   8.12
	  0.208	 -0.015	  0.978
	  0.859	 -0.475	 -0.190
	  0.468	  0.879	 -0.086

9 	  43.65	 -11.64	  20.09
	  0.441	  0.005	  0.897
	  0.712	  0.607	 -0.352
	 -0.551	  0.792	  0.263

2 	  32.66	  -8.35	  22.66
	  0.089	  0.978	 -0.190
	 -0.996	  0.088	 -0.016
	  0.002	  0.190	  0.982

3 	  43.12	  -0.67	   2.09
	  0.336	  0.190	  0.922
	 -0.098	  0.981	 -0.167
	 -0.937	 -0.034	  0.348

4 	  39.67	   6.49	  -1.35
	  0.507	  0.756	  0.413
	 -0.858	  0.489	  0.157
	 -0.084	 -0.434	  0.897

5 	  38.04	   8.67	   7.01
	  0.058	  0.177	  0.982
	 -0.755	 -0.637	  0.159
	  0.654	 -0.750	  0.097

6 	  43.22	  10.76	  19.58
	  0.515	  0.045	  0.856
	 -0.652	  0.670	  0.354
	 -0.561	 -0.738	  0.375

7 	  38.64	  -8.03	  -1.58
	  0.565	 -0.791	  0.235
	  0.810	  0.477	 -0.342
	  0.158	  0.384	  0.910

8 	  38.30	 -10.62	   8.12
	  0.209	 -0.016	  0.978
	  0.858	 -0.476	 -0.191
	  0.469	  0.879	 -0.085

9 	  43.65	 -11.65	  20.09
	  0.440	  0.005	  0.897
	  0.712	  0.608	 -0.350
	 -0.552	  0.791	  0.264

2 	  32.66	  -8.35	  22.66
	  0.088	  0.978	 -0.190
	 -0.996	  0.087	 -0.016
	  0.001	  0.190	  0.982

3 	  43.10	  -0.67	   2.07
	  0.338	  0.189	  0.922
	 -0.093	  0.981	 -0.168
	 -0.937	 -0.029	  0.349

4 	  39.67	   6.50	  -1.35
	  0.507	  0.757	  0.412
	 -0.858	  0.488	  0.159
	 -0.082	 -0.435	  0.897

5 	  38.02	   8.67	   7.01
	  0.059	  0.175	  0.983
	 -0.754	 -0.638	  0.159
	  0.655	 -0.750	  0.095

6 	  43.24	  10.76	  19.58
	  0.516	  0.044	  0.855
	 -0.648	  0.674	  0.354
	 -0.564	 -0.735	  0.376

7 	  38.64	  -8.03	  -1.58
	  0.566	 -0.791	  0.234
	  0.809	  0.477	 -0.342
	  0.159	  0.383	  0.910

8 	  38.30	 -10.63	   8.10
	  0.210	 -0.017	  0.978
	  0.858	 -0.476	 -0.192
	  0.469	  0.879	 -0.084

9 	  43.65	 -11.65	  20.07
	  0.441	  0.004	  0.897
	  0.709	  0.611	 -0.350
	 -0.554	  0.789	  0.266

2 	  32.68	  -8.35	  22.66
	  0.088	  0.978	 -0.190
	 -0.996	  0.087	 -0.016
	  0.002	  0.190	  0.982

3 	  43.10	  -0.67	   2.06
	  0.339	  0.188	  0.921
	 -0.090	  0.981	 -0.168
	 -0.937	 -0.025	  0.349

4 	  39.66	   6.50	  -1.35
	  0.507	  0.756	  0.412
	 -0.858	  0.487	  0.160
	 -0.081	 -0.435	  0.896

5 	  38.02	   8.67	   7.01
	  0.060	  0.174	  0.983
	 -0.753	 -0.639	  0.159
	  0.656	 -0.749	  0.092

6 	  43.26	  10.78	  19.58
	  0.518	  0.043	  0.854
	 -0.647	  0.674	  0.356
	 -0.564	 -0.735	  0.377

7 	  38.62	  -8.03	  -1.58
	  0.565	 -0.791	  0.233
	  0.809	  0.477	 -0.343
	  0.160	  0.382	  0.910

8 	  38.29	 -10.63	   8.10
	  0.212	 -0.018	  0.977
	  0.856	 -0.479	 -0.194
	  0.472	  0.877	 -0.086

9 	  43.65	 -11.65	  20.07
	  0.442	  0.004	  0.897
	  0.709	  0.612	 -0.350
	 -0.555	  0.788	  0.266

2 	  32.68	  -8.35	  22.66
	  0.088	  0.978	 -0.190
	 -0.996	  0.087	 -0.016
	  0.002	  0.190	  0.982

3 	  43.07	  -0.69	   2.04
	  0.343	  0.191	  0.919
	 -0.088	  0.981	 -0.172
	 -0.935	 -0.022	  0.353

4 	  39.62	   6.49	  -1.37
	  0.509	  0.757	  0.410
	 -0.858	  0.487	  0.163
	 -0.077	 -0.435	  0.897

5 	  38.02	   8.65	   7.00
	  0.067	  0.172	  0.983
	 -0.755	 -0.635	  0.162
	  0.653	 -0.752	  0.088

6 	  43.28	  10.72	  19.53
	  0.518	  0.042	  0.854
	 -0.631	  0.695	  0.345
	 -0.582	 -0.716	  0.386

7 	  38.58	  -8.05	  -1.58
	  0.564	 -0.792	  0.232
	  0.809	  0.474	 -0.347
	  0.164	  0.384	  0.908

8 	  38.27	 -10.63	   8.12
	  0.218	 -0.017	  0.976
	  0.853	 -0.482	 -0.198
	  0.474	  0.875	 -0.091

9 	  43.70	 -11.65	  20.06
	  0.447	  0.003	  0.894
	  0.700	  0.623	 -0.349
	 -0.562	  0.780	  0.276

2 	  32.68	  -8.35	  22.66
	  0.088	  0.978	 -0.190
	 -0.996	  0.087	 -0.016
	  0.002	  0.190	  0.982

3 	  43.05	  -0.69	   2.02
	  0.346	  0.193	  0.918
	 -0.087	  0.981	 -0.174
	 -0.935	 -0.020	  0.355

4 	  39.59	   6.47	  -1.39
	  0.510	  0.757	  0.407
	 -0.857	  0.488	  0.165
	 -0.075	 -0.434	  0.898

5 	  38.00	   8.65	   7.01
	  0.068	  0.172	  0.983
	 -0.755	 -0.636	  0.163
	  0.653	 -0.752	  0.087

6 	  43.28	  10.72	  19.53
	  0.519	  0.043	  0.854
	 -0.632	  0.694	  0.346
	 -0.580	 -0.716	  0.387

7 	  38.55	  -8.05	  -1.56
	  0.564	 -0.792	  0.232
	  0.809	  0.474	 -0.348
	  0.166	  0.384	  0.908

8 	  38.23	 -10.63	   8.12
	  0.218	 -0.018	  0.976
	  0.851	 -0.485	 -0.199
	  0.477	  0.874	 -0.090

9 	  43.70	 -11.65	  20.06
	  0.446	  0.003	  0.895
	  0.699	  0.624	 -0.348
	 -0.563	  0.779	  0.276

2 	  32.66	  -8.35	  22.66
	  0.088	  0.978	 -0.190
	 -0.996	  0.087	 -0.016
	  0.001	  0.190	  0.982

3 	  43.05	  -0.69	   2.00
	  0.347	  0.191	  0.918
	 -0.083	  0.981	 -0.173
	 -0.934	 -0.016	  0.356

4 	  39.57	   6.50	  -1.37
	  0.508	  0.759	  0.406
	 -0.858	  0.487	  0.163
	 -0.074	 -0.432	  0.898

5 	  38.13	   8.67	   7.08
	  0.092	  0.164	  0.982
	 -0.763	 -0.622	  0.175
	  0.640	 -0.765	  0.069

6 	  43.68	  10.69	  19.41
	  0.532	  0.038	  0.846
	 -0.608	  0.714	  0.348
	 -0.593	 -0.697	  0.403

7 	  38.57	  -8.02	  -1.62
	  0.568	 -0.792	  0.224
	  0.806	  0.479	 -0.348
	  0.168	  0.377	  0.910

8 	  38.43	 -10.74	   7.98
	  0.230	 -0.035	  0.972
	  0.855	 -0.469	 -0.219
	  0.464	  0.882	 -0.078

9 	  44.46	 -11.79	  19.58
	  0.475	  0.002	  0.880
	  0.647	  0.677	 -0.349
	 -0.600	  0.733	  0.320

2 	  32.66	  -8.35	  22.66
	  0.089	  0.978	 -0.190
	 -0.996	  0.088	 -0.017
	  0.001	  0.190	  0.982

3 	  43.07	  -0.67	   1.99
	  0.346	  0.188	  0.919
	 -0.084	  0.982	 -0.170
	 -0.935	 -0.018	  0.355

4 	  39.53	   6.50	  -1.37
	  0.550	  0.744	  0.379
	 -0.833	  0.521	  0.184
	 -0.061	 -0.417	  0.907

5 	  39.13	   8.79	   7.07
	  0.245	  0.208	  0.947
	 -0.742	 -0.589	  0.320
	  0.625	 -0.780	  0.011

6 	  47.07	  10.41	  17.75
	  0.681	  0.005	  0.732
	 -0.440	  0.802	  0.402
	 -0.588	 -0.595	  0.548

7 	  38.46	  -7.91	  -1.92
	  0.601	 -0.784	  0.156
	  0.773	  0.520	 -0.363
	  0.203	  0.339	  0.918

8 	  39.69	 -11.09	   7.44
	  0.425	 -0.152	  0.892
	  0.739	 -0.511	 -0.438
	  0.524	  0.845	 -0.105

9 	  48.64	 -12.34	  16.45
	  0.702	 -0.037	  0.711
	  0.446	  0.802	 -0.397
	 -0.557	  0.594	  0.580

2 	  32.66	  -8.35	  22.66
	  0.088	  0.977	 -0.191
	 -0.996	  0.087	 -0.016
	  0.001	  0.191	  0.982

3 	  43.07	  -0.70	   1.86
	  0.339	  0.193	  0.920
	 -0.075	  0.981	 -0.178
	 -0.938	 -0.009	  0.347

4 	  39.50	   6.26	  -1.88
	  0.653	  0.717	  0.243
	 -0.757	  0.603	  0.253
	  0.035	 -0.349	  0.936

5 	  40.69	   8.98	   6.22
	  0.471	  0.253	  0.845
	 -0.654	 -0.544	  0.525
	  0.594	 -0.799	 -0.091

6 	  51.31	  10.34	  13.66
	  0.878	 -0.060	  0.475
	 -0.170	  0.888	  0.426
	 -0.448	 -0.457	  0.768

7 	  38.25	  -7.75	  -2.34
	  0.641	 -0.766	  0.053
	  0.722	  0.577	 -0.382
	  0.262	  0.283	  0.922

8 	  41.62	 -11.41	   6.21
	  0.685	 -0.216	  0.696
	  0.530	 -0.509	 -0.678
	  0.502	  0.833	 -0.234

9 	  53.05	 -11.81	  10.97
	  0.922	 -0.008	  0.385
	  0.146	  0.932	 -0.332
	 -0.356	  0.363	  0.861

2 	  32.68	  -8.35	  22.66
	  0.088	  0.978	 -0.190
	 -0.996	  0.087	 -0.016
	  0.002	  0.190	  0.982

3 	  43.07	  -0.76	   1.76
	  0.343	  0.197	  0.918
	 -0.072	  0.980	 -0.184
	 -0.937	 -0.003	  0.349

4 	  39.38	   5.99	  -2.43
	  0.733	  0.676	  0.074
	 -0.663	  0.686	  0.300
	  0.152	 -0.269	  0.951

5 	  42.06	   8.95	   5.13
	  0.640	  0.237	  0.730
	 -0.579	 -0.477	  0.661
	  0.507	 -0.845	 -0.168

6 	  53.89	   9.40	   9.88
	  0.949	 -0.142	  0.281
	  0.028	  0.926	  0.375
	 -0.314	 -0.350	  0.882

7 	  38.11	  -7.47	  -2.74
	  0.660	 -0.750	 -0.040
	  0.691	  0.627	 -0.361
	  0.296	  0.210	  0.932

8 	  42.93	 -11.21	   4.83
	  0.833	 -0.190	  0.520
	  0.383	 -0.481	 -0.789
	  0.400	  0.856	 -0.328

9 	  54.93	 -10.95	   6.56
	  0.990	  0.034	  0.138
	  0.003	  0.965	 -0.261
	 -0.143	  0.259	  0.955

2 	  32.68	  -8.35	  22.66
	  0.088	  0.978	 -0.190
	 -0.996	  0.087	 -0.016
	  0.002	  0.190	  0.982

3 	  42.98	  -0.77	   1.62
	  0.359	  0.201	  0.911
	 -0.066	  0.979	 -0.191
	 -0.931	  0.008	  0.364

4 	  39.11	   5.78	  -2.79
	  0.763	  0.641	 -0.082
	 -0.590	  0.742	  0.319
	  0.266	 -0.195	  0.944

5 	  42.86	   8.86	   4.13
	  0.752	  0.216	  0.623
	 -0.501	 -0.428	  0.752
	  0.430	 -0.877	 -0.214

6 	  55.12	   8.42	   6.21
	  0.967	 -0.243	  0.079
	  0.207	  0.926	  0.316
	 -0.150	 -0.290	  0.945

7 	  37.86	  -7.28	  -2.94
	  0.664	 -0.739	 -0.116
	  0.673	  0.658	 -0.337
	  0.325	  0.146	  0.934

8 	  43.65	 -11.04	   3.57
	  0.908	 -0.152	  0.390
	  0.298	 -0.421	 -0.857
	  0.295	  0.894	 -0.337

9 	  55.81	 -10.05	   3.13
	  0.996	  0.075	 -0.047
	 -0.084	  0.971	 -0.223
	  0.029	  0.225	  0.974

2 	  32.66	  -8.35	  22.66
	  0.088	  0.978	 -0.190
	 -0.996	  0.087	 -0.016
	  0.001	  0.190	  0.982

3 	  42.86	  -0.70	   1.58
	  0.372	  0.215	  0.902
	 -0.082	  0.976	 -0.200
	 -0.925	  0.000	  0.381

4 	  38.72	   5.54	  -3.04
	  0.765	  0.610	 -0.208
	 -0.540	  0.782	  0.311
	  0.353	 -0.126	  0.927

5 	  43.31	   8.67	   3.11
	  0.831	  0.179	  0.526
	 -0.434	 -0.384	  0.815
	  0.348	 -0.906	 -0.242

6 	  55.62	   8.00	   3.71
	  0.964	 -0.265	 -0.031
	  0.264	  0.931	  0.253
	 -0.038	 -0.251	  0.967

7 	  37.76	  -7.17	  -2.99
	  0.667	 -0.730	 -0.149
	  0.664	  0.673	 -0.325
	  0.338	  0.118	  0.933

8 	  43.86	 -10.83	   3.11
	  0.929	 -0.131	  0.344
	  0.268	 -0.402	 -0.876
	  0.253	  0.906	 -0.339

9 	  55.97	  -9.70	   2.18
	  0.992	  0.079	 -0.092
	 -0.098	  0.972	 -0.215
	  0.073	  0.221	  0.972

2 	  32.66	  -8.35	  22.66
	  0.089	  0.978	 -0.190
	 -0.996	  0.088	 -0.016
	  0.002	  0.190	  0.982

3 	  42.80	  -0.70	   1.60
	  0.365	  0.227	  0.903
	 -0.094	  0.974	 -0.208
	 -0.926	 -0.009	  0.376

4 	  38.64	   5.41	  -3.16
	  0.756	  0.609	 -0.239
	 -0.539	  0.786	  0.303
	  0.373	 -0.101	  0.922

5 	  43.22	   8.67	   2.90
	  0.838	  0.197	  0.509
	 -0.415	 -0.377	  0.828
	  0.356	 -0.905	 -0.234

6 	  55.60	   8.10	   3.25
	  0.963	 -0.265	 -0.037
	  0.267	  0.943	  0.198
	 -0.017	 -0.200	  0.979

7 	  37.78	  -7.15	  -2.99
	  0.667	 -0.729	 -0.153
	  0.663	  0.674	 -0.326
	  0.341	  0.116	  0.932

8 	  43.66	 -11.16	   3.04
	  0.925	 -0.187	  0.330
	  0.230	 -0.416	 -0.880
	  0.301	  0.890	 -0.343

9 	  55.83	 -10.46	   1.69
	  0.992	  0.046	 -0.119
	 -0.070	  0.978	 -0.196
	  0.108	  0.201	  0.974

2 	  32.66	  -8.35	  22.66
	  0.088	  0.978	 -0.190
	 -0.996	  0.087	 -0.016
	  0.002	  0.190	  0.982

3 	  42.82	  -0.70	   1.60
	  0.365	  0.224	  0.903
	 -0.091	  0.974	 -0.206
	 -0.927	 -0.007	  0.375

4 	  38.36	   5.36	  -3.23
	  0.719	  0.647	 -0.256
	 -0.576	  0.759	  0.302
	  0.390	 -0.071	  0.918

5 	  42.56	   9.28	   2.78
	  0.810	  0.320	  0.490
	 -0.354	 -0.401	  0.844
	  0.469	 -0.857	 -0.213

6 	  54.95	  10.34	   3.04
	  0.989	 -0.144	 -0.036
	  0.148	  0.974	  0.168
	  0.011	 -0.171	  0.985

7 	  37.71	  -7.10	  -3.02
	  0.653	 -0.739	 -0.165
	  0.672	  0.665	 -0.326
	  0.351	  0.102	  0.931

8 	  42.87	 -12.08	   2.76
	  0.887	 -0.345	  0.307
	  0.144	 -0.425	 -0.894
	  0.439	  0.836	 -0.328

9 	  54.72	 -13.96	   1.02
	  0.978	 -0.147	 -0.149
	  0.120	  0.977	 -0.175
	  0.171	  0.152	  0.973

2 	  32.66	  -8.35	  22.66
	  0.089	  0.978	 -0.190
	 -0.996	  0.088	 -0.017
	  0.001	  0.190	  0.982

3 	  42.82	  -0.56	   1.55
	  0.352	  0.237	  0.905
	 -0.097	  0.971	 -0.217
	 -0.931	 -0.012	  0.365

4 	  38.02	   5.27	  -3.41
	  0.641	  0.718	 -0.272
	 -0.660	  0.696	  0.284
	  0.394	 -0.003	  0.919

5 	  41.41	  10.12	   2.46
	  0.731	  0.492	  0.473
	 -0.267	 -0.433	  0.861
	  0.630	 -0.754	 -0.187

6 	  53.30	  14.22	   3.02
	  0.995	  0.099	  0.003
	 -0.098	  0.987	  0.122
	  0.009	 -0.122	  0.992

7 	  37.81	  -7.08	  -3.06
	  0.636	 -0.753	 -0.169
	  0.682	  0.651	 -0.332
	  0.360	  0.096	  0.928

8 	  41.57	 -13.27	   2.34
	  0.778	 -0.563	  0.279
	  0.036	 -0.403	 -0.914
	  0.628	  0.721	 -0.294

9 	  52.08	 -18.84	   0.46
	  0.885	 -0.438	 -0.157
	  0.418	  0.896	 -0.147
	  0.206	  0.066	  0.976

2 	  32.66	  -8.35	  22.66
	  0.088	  0.978	 -0.190
	 -0.996	  0.087	 -0.016
	  0.001	  0.190	  0.982

3 	  42.86	  -0.42	   1.46
	  0.339	  0.240	  0.909
	 -0.127	  0.969	 -0.209
	 -0.932	 -0.044	  0.359

4 	  37.76	   5.31	  -3.50
	  0.572	  0.778	 -0.261
	 -0.729	  0.627	  0.274
	  0.378	  0.033	  0.925

5 	  40.25	  10.65	   2.41
	  0.629	  0.610	  0.481
	 -0.209	 -0.465	  0.860
	  0.750	 -0.641	 -0.166

6 	  51.24	  17.14	   3.39
	  0.953	  0.301	  0.031
	 -0.303	  0.944	  0.129
	  0.009	 -0.132	  0.991

7 	  38.00	  -7.12	  -3.04
	  0.631	 -0.760	 -0.155
	  0.688	  0.640	 -0.341
	  0.359	  0.108	  0.927

8 	  40.20	 -13.87	   2.30
	  0.629	 -0.717	  0.300
	  0.004	 -0.384	 -0.923
	  0.778	  0.581	 -0.239

9 	  48.85	 -22.43	   1.11
	  0.728	 -0.677	 -0.103
	  0.663	  0.734	 -0.147
	  0.178	  0.040	  0.983

2 	  32.66	  -8.35	  22.66
	  0.088	  0.978	 -0.191
	 -0.996	  0.087	 -0.016
	  0.001	  0.190	  0.982

3 	  42.93	  -0.30	   1.39
	  0.322	  0.241	  0.915
	 -0.170	  0.966	 -0.196
	 -0.931	 -0.092	  0.352

4 	  37.67	   5.26	  -3.59
	  0.528	  0.811	 -0.250
	 -0.776	  0.580	  0.248
	  0.347	  0.063	  0.936

5 	  39.59	  10.83	   2.39
	  0.556	  0.656	  0.510
	 -0.210	 -0.484	  0.849
	  0.805	 -0.578	 -0.131

6 	  49.82	  18.70	   4.32
	  0.890	  0.439	  0.118
	 -0.453	  0.880	  0.142
	 -0.042	 -0.180	  0.983

7 	  38.18	  -7.19	  -3.02
	  0.626	 -0.768	 -0.139
	  0.691	  0.627	 -0.359
	  0.363	  0.129	  0.923

8 	  39.08	 -13.99	   2.39
	  0.492	 -0.801	  0.341
	  0.008	 -0.388	 -0.922
	  0.870	  0.456	 -0.185

9 	  46.20	 -24.17	   1.93
	  0.598	 -0.800	 -0.050
	  0.788	  0.596	 -0.150
	  0.152	  0.050	  0.987

2 	  32.66	  -8.35	  22.66
	  0.089	  0.978	 -0.190
	 -0.996	  0.088	 -0.017
	  0.001	  0.190	  0.982

3 	  42.94	  -0.23	   1.35
	  0.313	  0.240	  0.918
	 -0.181	  0.964	 -0.192
	 -0.933	 -0.106	  0.344

4 	  37.63	   5.22	  -3.66
	  0.512	  0.821	 -0.253
	 -0.792	  0.564	  0.233
	  0.335	  0.080	  0.939

5 	  39.23	  10.95	   2.27
	  0.520	  0.687	  0.507
	 -0.201	 -0.480	  0.854
	  0.831	 -0.545	 -0.112

6 	  49.24	  19.27	   4.24
	  0.866	  0.486	  0.118
	 -0.500	  0.853	  0.151
	 -0.027	 -0.190	  0.981

7 	  38.06	  -7.17	  -2.97
	  0.610	 -0.781	 -0.134
	  0.703	  0.611	 -0.364
	  0.366	  0.127	  0.921

8 	  38.44	 -13.96	   2.46
	  0.437	 -0.826	  0.356
	  0.021	 -0.387	 -0.922
	  0.899	  0.410	 -0.152

9 	  44.98	 -24.68	   2.23
	  0.547	 -0.836	 -0.038
	  0.824	  0.544	 -0.155
	  0.153	  0.054	  0.986

2 	  32.66	  -8.35	  22.66
	  0.089	  0.978	 -0.190
	 -0.996	  0.088	 -0.017
	  0.001	  0.190	  0.982

3 	  42.91	  -0.26	   1.35
	  0.313	  0.240	  0.919
	 -0.180	  0.965	 -0.192
	 -0.933	 -0.105	  0.345

4 	  37.62	   5.19	  -3.64
	  0.512	  0.823	 -0.245
	 -0.793	  0.562	  0.234
	  0.331	  0.074	  0.940

5 	  39.18	  10.90	   2.37
	  0.510	  0.682	  0.524
	 -0.221	 -0.487	  0.845
	  0.832	 -0.546	 -0.099

6 	  48.92	  19.39	   4.94
	  0.844	  0.511	  0.164
	 -0.535	  0.827	  0.172
	 -0.047	 -0.233	  0.971

7 	  38.04	  -7.22	  -2.94
	  0.605	 -0.786	 -0.127
	  0.707	  0.604	 -0.368
	  0.367	  0.132	  0.921

8 	  38.29	 -13.87	   2.88
	  0.424	 -0.812	  0.401
	  0.046	 -0.423	 -0.905
	  0.905	  0.401	 -0.142

9 	  44.79	 -24.61	   3.57
	  0.540	 -0.841	  0.028
	  0.828	  0.525	 -0.196
	  0.153	  0.129	  0.979

2 	  32.66	  -8.35	  22.66
	  0.089	  0.978	 -0.190
	 -0.996	  0.088	 -0.017
	  0.001	  0.190	  0.982

3 	  42.96	  -0.33	   1.48
	  0.326	  0.228	  0.917
	 -0.166	  0.969	 -0.183
	 -0.931	 -0.093	  0.353

4 	  37.90	   5.45	  -3.41
	  0.517	  0.842	 -0.153
	 -0.807	  0.538	  0.240
	  0.286	 -0.001	  0.958

5 	  39.16	  10.63	   3.32
	  0.470	  0.632	  0.616
	 -0.285	 -0.553	  0.782
	  0.836	 -0.543	 -0.080

6 	  48.48	  18.76	   8.10
	  0.808	  0.495	  0.320
	 -0.578	  0.772	  0.264
	 -0.117	 -0.398	  0.910

7 	  38.18	  -7.37	  -2.74
	  0.602	 -0.795	 -0.073
	  0.717	  0.578	 -0.388
	  0.351	  0.182	  0.918

8 	  38.44	 -13.11	   4.41
	  0.426	 -0.699	  0.574
	  0.148	 -0.573	 -0.806
	  0.892	  0.428	 -0.141

9 	  45.44	 -22.61	   8.65
	  0.585	 -0.748	  0.312
	  0.811	  0.540	 -0.224
	 -0.000	  0.384	  0.923

2 	  32.66	  -8.35	  22.66
	  0.089	  0.978	 -0.190
	 -0.996	  0.088	 -0.017
	  0.001	  0.190	  0.982

3 	  43.08	  -0.40	   1.63
	  0.341	  0.208	  0.917
	 -0.155	  0.974	 -0.164
	 -0.927	 -0.086	  0.364

4 	  38.43	   5.82	  -2.97
	  0.526	  0.850	  0.022
	 -0.831	  0.508	  0.225
	  0.180	 -0.137	  0.974

5 	  38.85	   9.97	   4.75
	  0.378	  0.517	  0.768
	 -0.433	 -0.636	  0.639
	  0.819	 -0.573	 -0.017

6 	  47.39	  16.59	  12.60
	  0.749	  0.390	  0.535
	 -0.609	  0.724	  0.324
	 -0.263	 -0.568	  0.780

7 	  38.36	  -7.58	  -2.41
	  0.605	 -0.796	  0.019
	  0.732	  0.546	 -0.407
	  0.314	  0.260	  0.913

8 	  38.53	 -11.88	   6.19
	  0.403	 -0.465	  0.788
	  0.365	 -0.709	 -0.604
	  0.840	  0.529	 -0.116

9 	  45.63	 -18.63	  14.20
	  0.597	 -0.525	  0.607
	  0.791	  0.514	 -0.332
	 -0.140	  0.678	  0.722

2 	  32.68	  -8.35	  22.66
	  0.088	  0.978	 -0.190
	 -0.996	  0.087	 -0.016
	  0.002	  0.190	  0.982

3 	  43.21	  -0.49	   1.78
	  0.350	  0.194	  0.916
	 -0.144	  0.977	 -0.153
	 -0.926	 -0.078	  0.370

4 	  38.88	   6.21	  -2.34
	  0.526	  0.825	  0.206
	 -0.848	  0.488	  0.205
	  0.068	 -0.283	  0.957

5 	  38.43	   9.18	   5.92
	  0.265	  0.342	  0.901
	 -0.618	 -0.659	  0.429
	  0.741	 -0.670	  0.037

6 	  45.42	  13.38	  16.79
	  0.639	  0.231	  0.734
	 -0.673	  0.631	  0.385
	 -0.378	 -0.738	  0.559

7 	  38.50	  -7.63	  -2.23
	  0.596	 -0.798	  0.092
	  0.758	  0.520	 -0.394
	  0.267	  0.304	  0.914

8 	  38.62	 -10.55	   7.21
	  0.369	 -0.177	  0.912
	  0.591	 -0.713	 -0.376
	  0.718	  0.677	 -0.158

9 	  45.02	 -14.36	  17.82
	  0.547	 -0.269	  0.792
	  0.822	  0.351	 -0.447
	 -0.161	  0.896	  0.413

2 	  32.66	  -8.35	  22.66
	  0.089	  0.978	 -0.190
	 -0.996	  0.088	 -0.017
	  0.001	  0.190	  0.982

3 	  43.21	  -0.46	   1.86
	  0.353	  0.184	  0.917
	 -0.147	  0.979	 -0.141
	 -0.924	 -0.084	  0.371

4 	  39.01	   6.40	  -2.00
	  0.525	  0.794	  0.306
	 -0.851	  0.485	  0.200
	  0.010	 -0.366	  0.930

5 	  38.32	   8.70	   6.49
	  0.200	  0.180	  0.963
	 -0.770	 -0.579	  0.267
	  0.607	 -0.794	  0.023

6 	  44.44	  11.04	  18.30
	  0.588	  0.114	  0.800
	 -0.709	  0.552	  0.439
	 -0.396	 -0.824	  0.406

7 	  38.53	  -7.65	  -2.13
	  0.588	 -0.798	  0.133
	  0.776	  0.510	 -0.371
	  0.228	  0.321	  0.919

8 	  38.55	 -10.14	   7.63
	  0.307	 -0.029	  0.951
	  0.742	 -0.619	 -0.257
	  0.597	  0.784	 -0.168

9 	  44.58	 -12.15	  19.09
	  0.516	 -0.097	  0.851
	  0.818	  0.353	 -0.454
	 -0.260	  0.929	  0.261

2 	  32.68	  -8.35	  22.66
	  0.089	  0.978	 -0.190
	 -0.996	  0.088	 -0.016
	  0.002	  0.190	  0.982

3 	  43.15	  -0.49	   1.86
	  0.358	  0.188	  0.914
	 -0.139	  0.979	 -0.148
	 -0.923	 -0.074	  0.376

4 	  39.08	   6.38	  -2.00
	  0.532	  0.785	  0.315
	 -0.847	  0.492	  0.202
	  0.003	 -0.375	  0.927

5 	  38.29	   8.61	   6.50
	  0.185	  0.166	  0.969
	 -0.792	 -0.558	  0.246
	  0.582	 -0.812	  0.028

6 	  44.46	  10.42	  18.30
	  0.597	  0.069	  0.799
	 -0.665	  0.602	  0.442
	 -0.454	 -0.793	  0.406

7 	  38.43	  -7.84	  -1.99
	  0.575	 -0.802	  0.159
	  0.789	  0.492	 -0.367
	  0.216	  0.336	  0.916

8 	  38.36	 -10.14	   7.88
	  0.295	 -0.011	  0.955
	  0.735	 -0.636	 -0.234
	  0.611	  0.771	 -0.179

9 	  44.40	 -11.69	  19.48
	  0.512	 -0.047	  0.858
	  0.809	  0.363	 -0.461
	 -0.293	  0.929	  0.224

2 	  32.68	  -8.35	  22.66
	  0.088	  0.978	 -0.190
	 -0.996	  0.087	 -0.016
	  0.001	  0.190	  0.982

3 	  43.12	  -0.63	   1.88
	  0.361	  0.205	  0.909
	 -0.116	  0.978	 -0.175
	 -0.925	 -0.042	  0.377

4 	  39.09	   6.26	  -2.04
	  0.538	  0.783	  0.313
	 -0.843	  0.502	  0.194
	 -0.005	 -0.368	  0.929

5 	  38.25	   8.58	   6.45
	  0.177	  0.177	  0.968
	 -0.788	 -0.564	  0.247
	  0.590	 -0.806	  0.040

6 	  44.38	  10.44	  18.28
	  0.597	  0.066	  0.799
	 -0.657	  0.614	  0.438
	 -0.465	 -0.784	  0.410

7 	  38.39	  -8.00	  -1.85
	  0.569	 -0.803	  0.175
	  0.794	  0.483	 -0.368
	  0.211	  0.349	  0.913

8 	  38.36	 -10.27	   7.95
	  0.295	 -0.011	  0.955
	  0.741	 -0.628	 -0.236
	  0.604	  0.777	 -0.177

9 	  44.40	 -11.72	  19.55
	  0.509	 -0.037	  0.859
	  0.800	  0.390	 -0.456
	 -0.322	  0.919	  0.228

2 	  32.66	  -8.35	  22.66
	  0.088	  0.978	 -0.190
	 -0.996	  0.087	 -0.016
	  0.002	  0.190	  0.982

3 	  43.10	  -0.72	   1.92
	  0.360	  0.210	  0.909
	 -0.110	  0.977	 -0.183
	 -0.927	 -0.034	  0.374

4 	  39.16	   6.15	  -2.06
	  0.542	  0.778	  0.318
	 -0.840	  0.509	  0.185
	 -0.019	 -0.368	  0.930

5 	  38.29	   8.54	   6.43
	  0.171	  0.178	  0.969
	 -0.792	 -0.560	  0.242
	  0.586	 -0.809	  0.045

6 	  44.37	  10.44	  18.28
	  0.595	  0.067	  0.800
	 -0.659	  0.613	  0.436
	 -0.465	 -0.785	  0.409

7 	  38.41	  -8.05	  -1.85
	  0.571	 -0.802	  0.175
	  0.793	  0.483	 -0.371
	  0.213	  0.350	  0.912

8 	  38.37	 -10.32	   7.91
	  0.288	 -0.011	  0.957
	  0.758	 -0.608	 -0.235
	  0.585	  0.793	 -0.166

9 	  44.58	 -11.83	  19.44
	  0.510	 -0.033	  0.859
	  0.783	  0.434	 -0.445
	 -0.363	  0.898	  0.247

2 	  32.66	  -8.35	  22.66
	  0.089	  0.978	 -0.190
	 -0.996	  0.088	 -0.017
	  0.001	  0.190	  0.982

3 	  43.12	  -0.72	   1.93
	  0.353	  0.201	  0.914
	 -0.111	  0.979	 -0.173
	 -0.929	 -0.041	  0.367

4 	  39.25	   6.21	  -1.93
	  0.544	  0.777	  0.316
	 -0.839	  0.514	  0.178
	 -0.025	 -0.362	  0.932

5 	  38.74	   8.75	   6.50
	  0.247	  0.223	  0.943
	 -0.769	 -0.548	  0.330
	  0.591	 -0.806	  0.037

6 	  46.35	  10.83	  17.33
	  0.662	  0.048	  0.747
	 -0.518	  0.752	  0.408
	 -0.544	 -0.656	  0.523

7 	  38.37	  -7.88	  -2.06
	  0.586	 -0.799	  0.134
	  0.776	  0.506	 -0.377
	  0.234	  0.325	  0.916

8 	  39.06	 -11.29	   7.17
	  0.381	 -0.201	  0.902
	  0.693	 -0.584	 -0.422
	  0.612	  0.786	 -0.083

9 	  47.13	 -14.85	  16.44
	  0.642	 -0.211	  0.736
	  0.675	  0.611	 -0.413
	 -0.366	  0.761	  0.535

2 	  32.66	  -8.35	  22.66
	  0.089	  0.978	 -0.190
	 -0.996	  0.088	 -0.016
	  0.002	  0.190	  0.982

3 	  43.14	  -0.70	   1.90
	  0.344	  0.192	  0.919
	 -0.105	  0.980	 -0.166
	 -0.933	 -0.039	  0.357

4 	  39.02	   5.94	  -2.36
	  0.605	  0.780	  0.161
	 -0.793	  0.570	  0.217
	  0.077	 -0.260	  0.962

5 	  39.96	   9.35	   5.54
	  0.454	  0.381	  0.805
	 -0.581	 -0.559	  0.591
	  0.677	 -0.735	 -0.032

6 	  50.48	  12.74	  12.64
	  0.865	  0.095	  0.493
	 -0.286	  0.900	  0.329
	 -0.413	 -0.426	  0.805

7 	  38.23	  -7.65	  -2.46
	  0.620	 -0.784	  0.013
	  0.725	  0.567	 -0.390
	  0.299	  0.251	  0.920

8 	  40.39	 -12.76	   5.29
	  0.610	 -0.473	  0.636
	  0.367	 -0.543	 -0.755
	  0.703	  0.693	 -0.158

9 	  50.70	 -18.28	   9.23
	  0.844	 -0.409	  0.347
	  0.522	  0.774	 -0.359
	 -0.123	  0.483	  0.867

2 	  32.66	  -8.35	  22.66
	  0.088	  0.978	 -0.191
	 -0.996	  0.087	 -0.016
	  0.001	  0.190	  0.982

3 	  43.12	  -0.72	   1.79
	  0.342	  0.201	  0.918
	 -0.092	  0.979	 -0.181
	 -0.935	 -0.022	  0.353

4 	  38.76	   5.52	  -3.01
	  0.649	  0.757	 -0.075
	 -0.725	  0.644	  0.243
	  0.233	 -0.104	  0.967

5 	  41.15	   9.95	   3.74
	  0.618	  0.482	  0.621
	 -0.419	 -0.468	  0.777
	  0.667	 -0.740	 -0.088

6 	  52.61	  14.17	   7.52
	  0.953	  0.155	  0.261
	 -0.219	  0.947	  0.234
	 -0.211	 -0.281	  0.936

7 	  38.18	  -7.44	  -2.76
	  0.638	 -0.767	 -0.069
	  0.694	  0.612	 -0.378
	  0.332	  0.194	  0.923

8 	  41.10	 -13.36	   3.55
	  0.709	 -0.568	  0.418
	  0.137	 -0.471	 -0.871
	  0.692	  0.674	 -0.256

9 	  51.38	 -20.00	   4.32
	  0.847	 -0.523	  0.093
	  0.517	  0.772	 -0.370
	  0.121	  0.362	  0.924

2 	  32.66	  -8.35	  22.66
	  0.088	  0.978	 -0.190
	 -0.996	  0.087	 -0.016
	  0.002	  0.190	  0.982

3 	  43.14	  -0.60	   1.67
	  0.325	  0.233	  0.916
	 -0.085	  0.972	 -0.218
	 -0.942	 -0.008	  0.335

4 	  38.51	   5.26	  -3.53
	  0.639	  0.737	 -0.221
	 -0.699	  0.676	  0.233
	  0.322	  0.005	  0.947

5 	  41.43	  10.28	   2.50
	  0.674	  0.528	  0.516
	 -0.309	 -0.434	  0.846
	  0.672	 -0.728	 -0.130

6 	  52.86	  15.66	   4.71
	  0.953	  0.260	  0.155
	 -0.287	  0.940	  0.186
	 -0.098	 -0.222	  0.970

7 	  38.16	  -7.33	  -2.83
	  0.644	 -0.758	 -0.104
	  0.685	  0.632	 -0.363
	  0.341	  0.163	  0.926

8 	  41.27	 -13.62	   2.72
	  0.729	 -0.597	  0.334
	  0.074	 -0.417	 -0.906
	  0.681	  0.685	 -0.260

9 	  51.19	 -20.85	   2.14
	  0.812	 -0.584	 -0.003
	  0.545	  0.758	 -0.358
	  0.212	  0.290	  0.933

2 	  32.66	  -8.35	  22.66
	  0.088	  0.978	 -0.191
	 -0.996	  0.087	 -0.016
	  0.001	  0.190	  0.982

3 	  43.10	  -0.56	   1.53
	  0.330	  0.251	  0.910
	 -0.104	  0.967	 -0.231
	 -0.938	 -0.018	  0.345

4 	  38.25	   5.13	  -3.66
	  0.615	  0.746	 -0.253
	 -0.709	  0.664	  0.236
	  0.345	  0.034	  0.938

5 	  41.12	  10.35	   2.27
	  0.661	  0.559	  0.500
	 -0.291	 -0.425	  0.857
	  0.693	 -0.711	 -0.119

6 	  52.58	  15.84	   4.27
	  0.956	  0.260	  0.134
	 -0.282	  0.943	  0.177
	 -0.081	 -0.208	  0.975

7 	  38.16	  -7.31	  -2.83
	  0.653	 -0.748	 -0.116
	  0.675	  0.644	 -0.359
	  0.344	  0.156	  0.926

8 	  40.92	 -13.94	   2.21
	  0.700	 -0.644	  0.309
	  0.083	 -0.357	 -0.930
	  0.709	  0.676	 -0.197

9 	  50.68	 -21.32	   1.32
	  0.805	 -0.591	 -0.050
	  0.556	  0.782	 -0.281
	  0.207	  0.200	  0.957

2 	  32.66	  -8.35	  22.66
	  0.088	  0.977	 -0.191
	 -0.996	  0.087	 -0.016
	  0.001	  0.191	  0.982

3 	  43.17	  -0.49	   1.44
	  0.330	  0.256	  0.908
	 -0.130	  0.965	 -0.226
	 -0.935	 -0.043	  0.351

4 	  38.11	   5.04	  -3.73
	  0.584	  0.768	 -0.262
	 -0.737	  0.637	  0.226
	  0.342	  0.060	  0.938

5 	  40.46	  10.58	   2.11
	  0.610	  0.617	  0.496
	 -0.255	 -0.442	  0.860
	  0.751	 -0.650	 -0.113

6 	  51.33	  17.37	   4.20
	  0.921	  0.359	  0.149
	 -0.378	  0.918	  0.121
	 -0.093	 -0.168	  0.981

7 	  38.21	  -7.29	  -2.90
	  0.638	 -0.758	 -0.131
	  0.683	  0.636	 -0.358
	  0.355	  0.138	  0.924

8 	  39.76	 -14.27	   1.90
	  0.588	 -0.761	  0.276
	  0.016	 -0.331	 -0.944
	  0.809	  0.558	 -0.183

9 	  47.71	 -23.77	   0.60
	  0.665	 -0.743	 -0.076
	  0.709	  0.658	 -0.255
	  0.242	  0.116	  0.963

2 	  32.68	  -8.33	  22.66
	  0.088	  0.977	 -0.191
	 -0.996	  0.087	 -0.016
	  0.001	  0.191	  0.982

3 	  43.08	  -0.40	   1.35
	  0.320	  0.252	  0.913
	 -0.144	  0.965	 -0.217
	 -0.937	 -0.062	  0.345

4 	  37.79	   5.04	  -3.76
	  0.541	  0.797	 -0.269
	 -0.769	  0.597	  0.228
	  0.343	  0.083	  0.935

5 	  39.60	  10.90	   1.95
	  0.541	  0.686	  0.487
	 -0.221	 -0.444	  0.868
	  0.812	 -0.577	 -0.089

6 	  49.43	  19.27	   4.03
	  0.851	  0.502	  0.153
	 -0.519	  0.848	  0.102
	 -0.079	 -0.167	  0.983

7 	  38.06	  -7.21	  -2.95
	  0.610	 -0.779	 -0.145
	  0.699	  0.615	 -0.364
	  0.373	  0.120	  0.920

8 	  38.25	 -14.29	   1.63
	  0.430	 -0.856	  0.286
	  0.008	 -0.314	 -0.950
	  0.903	  0.410	 -0.128

9 	  43.70	 -25.66	   0.69
	  0.466	 -0.882	 -0.064
	  0.854	  0.466	 -0.231
	  0.237	  0.052	  0.970

2 	  32.68	  -8.33	  22.66
	  0.088	  0.977	 -0.191
	 -0.996	  0.087	 -0.016
	  0.002	  0.191	  0.982

3 	  43.01	  -0.35	   1.27
	  0.304	  0.250	  0.919
	 -0.164	  0.964	 -0.209
	 -0.939	 -0.087	  0.333

4 	  37.53	   4.87	  -3.88
	  0.490	  0.828	 -0.271
	 -0.810	  0.548	  0.208
	  0.322	  0.117	  0.939

5 	  38.46	  11.02	   1.69
	  0.435	  0.757	  0.487
	 -0.212	 -0.441	  0.872
	  0.875	 -0.482	 -0.032

6 	  47.14	  20.76	   4.01
	  0.764	  0.625	  0.160
	 -0.643	  0.758	  0.107
	 -0.055	 -0.185	  0.981

7 	  37.93	  -7.15	  -3.08
	  0.584	 -0.797	 -0.155
	  0.716	  0.595	 -0.365
	  0.383	  0.102	  0.918

8 	  36.93	 -14.08	   1.30
	  0.289	 -0.906	  0.308
	  0.038	 -0.312	 -0.949
	  0.956	  0.286	 -0.056

9 	  40.29	 -26.58	   0.65
	  0.285	 -0.957	 -0.055
	  0.930	  0.288	 -0.226
	  0.234	  0.012	  0.972

2 	  32.66	  -8.35	  22.66
	  0.089	  0.977	 -0.190
	 -0.996	  0.088	 -0.017
	  0.001	  0.190	  0.982

3 	  42.98	  -0.37	   1.28
	  0.292	  0.242	  0.925
	 -0.164	  0.965	 -0.202
	 -0.943	 -0.093	  0.321

4 	  37.34	   4.75	  -3.74
	  0.438	  0.872	 -0.217
	 -0.861	  0.476	  0.178
	  0.259	  0.109	  0.959

5 	  37.30	  10.85	   2.07
	  0.316	  0.787	  0.530
	 -0.227	 -0.481	  0.847
	  0.921	 -0.387	  0.026

6 	  44.77	  21.55	   5.38
	  0.681	  0.699	  0.218
	 -0.729	  0.675	  0.112
	 -0.069	 -0.236	  0.969

7 	  37.78	  -7.07	  -3.13
	  0.553	 -0.821	 -0.144
	  0.746	  0.564	 -0.354
	  0.372	  0.088	  0.924

8 	  35.96	 -13.68	   1.60
	  0.187	 -0.915	  0.357
	  0.027	 -0.359	 -0.933
	  0.982	  0.184	 -0.042

9 	  37.92	 -26.63	   1.86
	  0.166	 -0.986	 -0.005
	  0.953	  0.161	 -0.256
	  0.254	  0.036	  0.966

2 	  32.66	  -8.35	  22.66
	  0.088	  0.977	 -0.191
	 -0.996	  0.087	 -0.017
	  0.001	  0.191	  0.982

3 	  43.03	  -0.35	   1.34
	  0.292	  0.225	  0.929
	 -0.157	  0.970	 -0.186
	 -0.944	 -0.092	  0.318

4 	  37.41	   5.03	  -3.41
	  0.383	  0.918	 -0.096
	 -0.907	  0.394	  0.146
	  0.172	  0.031	  0.984

5 	  36.35	  10.48	   3.09
	  0.183	  0.743	  0.644
	 -0.245	 -0.600	  0.761
	  0.952	 -0.297	  0.072

6 	  42.21	  21.36	   8.96
	  0.554	  0.729	  0.401
	 -0.822	  0.555	  0.125
	 -0.133	 -0.399	  0.907

7 	  37.76	  -7.07	  -3.01
	  0.531	 -0.842	 -0.095
	  0.778	  0.528	 -0.339
	  0.336	  0.105	  0.936

8 	  35.60	 -13.10	   3.13
	  0.143	 -0.844	  0.516
	  0.064	 -0.513	 -0.856
	  0.988	  0.155	 -0.019

9 	  37.28	 -25.73	   6.52
	  0.134	 -0.962	  0.238
	  0.960	  0.066	 -0.271
	  0.246	  0.264	  0.932

2 	  32.66	  -8.35	  22.66
	  0.089	  0.977	 -0.190
	 -0.996	  0.088	 -0.017
	  0.001	  0.190	  0.982

3 	  43.05	  -0.32	   1.51
	  0.308	  0.204	  0.929
	 -0.142	  0.975	 -0.169
	 -0.941	 -0.080	  0.328

4 	  37.63	   5.54	  -2.95
	  0.349	  0.935	  0.052
	 -0.931	  0.340	  0.130
	  0.104	 -0.094	  0.990

5 	  36.19	   9.84	   4.52
	  0.124	  0.609	  0.783
	 -0.339	 -0.716	  0.610
	  0.932	 -0.341	  0.118

6 	  41.87	  18.97	  13.11
	  0.531	  0.599	  0.599
	 -0.815	  0.555	  0.165
	 -0.236	 -0.576	  0.782

7 	  37.92	  -7.40	  -2.57
	  0.532	 -0.847	 -0.002
	  0.798	  0.502	 -0.333
	  0.283	  0.175	  0.943

8 	  36.44	 -12.25	   5.38
	  0.228	 -0.639	  0.734
	  0.195	 -0.710	 -0.677
	  0.954	  0.297	 -0.037

9 	  40.55	 -22.11	  12.94
	  0.318	 -0.760	  0.567
	  0.948	  0.234	 -0.217
	  0.032	  0.606	  0.795

2 	  32.66	  -8.35	  22.66
	  0.089	  0.978	 -0.190
	 -0.996	  0.088	 -0.016
	  0.002	  0.190	  0.982

3 	  43.15	  -0.40	   1.69
	  0.336	  0.198	  0.920
	 -0.135	  0.977	 -0.162
	 -0.932	 -0.069	  0.355

4 	  38.21	   6.03	  -2.43
	  0.400	  0.894	  0.202
	 -0.915	  0.377	  0.140
	  0.049	 -0.241	  0.969

5 	  37.07	   9.25	   5.66
	  0.168	  0.438	  0.883
	 -0.475	 -0.749	  0.461
	  0.864	 -0.496	  0.083

6 	  43.58	  15.49	  16.01
	  0.589	  0.380	  0.713
	 -0.736	  0.618	  0.276
	 -0.338	 -0.687	  0.643

7 	  38.43	  -7.75	  -1.99
	  0.587	 -0.798	  0.136
	  0.776	  0.507	 -0.374
	  0.230	  0.325	  0.917

8 	  37.79	 -11.11	   7.08
	  0.309	 -0.335	  0.890
	  0.461	 -0.766	 -0.448
	  0.832	  0.548	 -0.082

9 	  43.79	 -16.54	  17.47
	  0.490	 -0.386	  0.781
	  0.862	  0.345	 -0.370
	 -0.129	  0.855	  0.502

2 	  32.66	  -8.35	  22.66
	  0.089	  0.978	 -0.190
	 -0.996	  0.088	 -0.016
	  0.002	  0.190	  0.982

3 	  43.28	  -0.46	   1.83
	  0.348	  0.199	  0.916
	 -0.141	  0.977	 -0.159
	 -0.927	 -0.074	  0.367

4 	  38.79	   6.24	  -2.02
	  0.471	  0.828	  0.303
	 -0.882	  0.443	  0.158
	 -0.003	 -0.342	  0.940

5 	  37.99	   8.77	   6.38
	  0.214	  0.250	  0.944
	 -0.700	 -0.636	  0.326
	  0.682	 -0.730	  0.039

6 	  44.63	  12.01	  17.74
	  0.615	  0.162	  0.771
	 -0.664	  0.636	  0.394
	 -0.430	 -0.753	  0.498

7 	  38.65	  -7.80	  -1.92
	  0.608	 -0.774	  0.176
	  0.771	  0.523	 -0.363
	  0.189	  0.356	  0.915

8 	  38.62	 -10.41	   7.75
	  0.310	 -0.070	  0.948
	  0.759	 -0.582	 -0.291
	  0.573	  0.810	 -0.127

9 	  45.07	 -12.11	  19.05
	  0.557	 -0.060	  0.828
	  0.790	  0.347	 -0.505
	 -0.262	  0.935	  0.240

2 	  32.66	  -8.35	  22.66
	  0.089	  0.978	 -0.190
	 -0.996	  0.088	 -0.016
	  0.002	  0.190	  0.982

3 	  43.28	  -0.49	   1.88
	  0.350	  0.194	  0.916
	 -0.153	  0.977	 -0.149
	 -0.924	 -0.088	  0.371

4 	  38.87	   6.31	  -1.93
	  0.487	  0.806	  0.335
	 -0.873	  0.458	  0.167
	 -0.019	 -0.374	  0.927

5 	  38.06	   8.56	   6.66
	  0.186	  0.161	  0.969
	 -0.790	 -0.562	  0.244
	  0.585	 -0.811	  0.023

6 	  44.42	  10.51	  18.26
	  0.629	  0.076	  0.773
	 -0.680	  0.539	  0.497
	 -0.383	 -0.837	  0.392

7 	  38.55	  -7.86	  -1.90
	  0.594	 -0.782	  0.185
	  0.785	  0.514	 -0.345
	  0.175	  0.350	  0.920

8 	  38.62	 -10.27	   7.89
	  0.304	 -0.031	  0.952
	  0.785	 -0.558	 -0.269
	  0.540	  0.829	 -0.145

9 	  44.84	 -11.58	  19.42
	  0.547	 -0.012	  0.836
	  0.807	  0.272	 -0.523
	 -0.225	  0.961	  0.159

2 	  32.68	  -8.35	  22.66
	  0.088	  0.978	 -0.190
	 -0.996	  0.087	 -0.016
	  0.002	  0.190	  0.982

3 	  43.19	  -0.54	   1.90
	  0.355	  0.195	  0.914
	 -0.144	  0.977	 -0.154
	 -0.924	 -0.076	  0.375

4 	  38.85	   6.29	  -1.93
	  0.490	  0.803	  0.338
	 -0.872	  0.462	  0.163
	 -0.025	 -0.375	  0.927

5 	  38.07	   8.56	   6.61
	  0.190	  0.173	  0.966
	 -0.788	 -0.561	  0.255
	  0.586	 -0.809	  0.030

6 	  44.44	  10.49	  18.28
