2 	  32.78	  -6.80	  22.99
	  0.620	  0.784	 -0.032
	 -0.784	  0.620	 -0.021
	  0.004	  0.038	  0.999

3 	  44.30	  -0.51	   2.37
	  0.437	  0.047	  0.898
	 -0.170	  0.985	  0.031
	 -0.883	 -0.166	  0.439

4 	  37.83	   6.63	  -3.13
	  0.467	  0.850	  0.243
	 -0.865	  0.382	  0.325
	  0.183	 -0.362	  0.914

5 	  36.40	   9.11	   9.21
	  0.327	  0.309	  0.893
	 -0.236	 -0.888	  0.394
	  0.915	 -0.339	 -0.217

6 	  42.70	  10.58	  19.04
	  0.513	 -0.058	  0.856
	 -0.755	  0.445	  0.482
	 -0.409	 -0.894	  0.184

7 	  38.07	  -7.88	  -2.85
	  0.772	 -0.635	  0.027
	  0.578	  0.684	 -0.444
	  0.263	  0.358	  0.896

8 	  37.23	  -8.89	   9.32
	  0.308	 -0.220	  0.925
	 -0.399	 -0.913	 -0.085
	  0.864	 -0.343	 -0.369

9 	  43.65	 -12.73	  19.44
	  0.414	 -0.085	  0.906
	  0.855	  0.378	 -0.356
	 -0.312	  0.922	  0.229

2 	  32.77	  -6.80	  22.99
	  0.620	  0.784	 -0.032
	 -0.784	  0.620	 -0.021
	  0.004	  0.038	  0.999

3 	  44.31	  -0.51	   2.39
	  0.437	  0.047	  0.898
	 -0.170	  0.985	  0.031
	 -0.883	 -0.166	  0.438

4 	  37.86	   6.61	  -3.13
	  0.470	  0.848	  0.246
	 -0.864	  0.384	  0.326
	  0.182	 -0.366	  0.912

5 	  36.40	   9.12	   9.18
	  0.326	  0.311	  0.893
	 -0.239	 -0.887	  0.396
	  0.915	 -0.342	 -0.215

6 	  42.70	  10.58	  19.00
	  0.513	 -0.059	  0.856
	 -0.753	  0.448	  0.482
	 -0.413	 -0.892	  0.185

7 	  38.09	  -7.88	  -2.83
	  0.773	 -0.634	  0.028
	  0.577	  0.684	 -0.446
	  0.263	  0.360	  0.895

8 	  37.21	  -8.93	   9.33
	  0.313	 -0.233	  0.921
	 -0.395	 -0.914	 -0.097
	  0.864	 -0.333	 -0.378

9 	  43.72	 -12.74	  19.37
	  0.418	 -0.081	  0.905
	  0.845	  0.400	 -0.355
	 -0.333	  0.913	  0.235

2 	  32.77	  -6.80	  22.99
	  0.620	  0.783	 -0.032
	 -0.784	  0.620	 -0.021
	  0.003	  0.038	  0.999

3 	  44.31	  -0.51	   2.37
	  0.437	  0.047	  0.898
	 -0.170	  0.985	  0.030
	 -0.883	 -0.166	  0.438

4 	  37.88	   6.61	  -3.13
	  0.475	  0.843	  0.250
	 -0.861	  0.387	  0.329
	  0.181	 -0.372	  0.910

5 	  36.44	   9.14	   9.14
	  0.325	  0.313	  0.892
	 -0.247	 -0.883	  0.399
	  0.913	 -0.350	 -0.210

6 	  42.73	  10.60	  19.00
	  0.509	 -0.063	  0.858
	 -0.747	  0.464	  0.477
	 -0.428	 -0.884	  0.189

7 	  38.06	  -7.88	  -2.81
	  0.773	 -0.633	  0.029
	  0.576	  0.683	 -0.449
	  0.264	  0.364	  0.893

8 	  37.16	  -8.98	   9.28
	  0.311	 -0.244	  0.919
	 -0.391	 -0.914	 -0.110
	  0.866	 -0.325	 -0.379

9 	  43.75	 -12.73	  19.30
	  0.423	 -0.075	  0.903
	  0.833	  0.422	 -0.355
	 -0.355	  0.903	  0.241

2 	  32.77	  -6.80	  22.99
	  0.620	  0.784	 -0.032
	 -0.784	  0.620	 -0.021
	  0.004	  0.038	  0.999

3 	  44.31	  -0.53	   2.39
	  0.436	  0.047	  0.898
	 -0.168	  0.985	  0.029
	 -0.884	 -0.164	  0.438

4 	  37.90	   6.61	  -3.13
	  0.479	  0.841	  0.252
	 -0.859	  0.389	  0.332
	  0.181	 -0.376	  0.908

5 	  36.44	   9.26	   9.00
	  0.303	  0.324	  0.896
	 -0.262	 -0.876	  0.405
	  0.916	 -0.357	 -0.181

6 	  42.75	  10.58	  18.91
	  0.506	 -0.071	  0.859
	 -0.734	  0.487	  0.472
	 -0.453	 -0.870	  0.194

7 	  38.07	  -7.86	  -2.81
	  0.776	 -0.630	  0.029
	  0.570	  0.682	 -0.459
	  0.269	  0.373	  0.888

8 	  37.09	  -9.16	   9.21
	  0.300	 -0.268	  0.915
	 -0.384	 -0.912	 -0.141
	  0.873	 -0.309	 -0.377

9 	  43.70	 -12.96	  19.20
	  0.414	 -0.083	  0.906
	  0.797	  0.513	 -0.318
	 -0.439	  0.854	  0.279

2 	  32.77	  -6.82	  22.99
	  0.620	  0.783	 -0.032
	 -0.784	  0.620	 -0.021
	  0.004	  0.038	  0.999

3 	  44.31	  -0.54	   2.39
	  0.436	  0.047	  0.899
	 -0.165	  0.986	  0.027
	 -0.885	 -0.160	  0.437

4 	  37.93	   6.57	  -3.13
	  0.495	  0.827	  0.266
	 -0.850	  0.397	  0.345
	  0.180	 -0.397	  0.900

5 	  36.46	   9.63	   8.72
	  0.281	  0.332	  0.900
	 -0.322	 -0.851	  0.414
	  0.904	 -0.406	 -0.133

6 	  42.75	  10.51	  18.81
	  0.466	 -0.094	  0.880
	 -0.663	  0.621	  0.418
	 -0.586	 -0.778	  0.227

7 	  38.09	  -7.86	  -2.81
	  0.780	 -0.624	  0.029
	  0.563	  0.682	 -0.467
	  0.271	  0.381	  0.884

8 	  36.90	  -9.58	   8.98
	  0.258	 -0.305	  0.916
	 -0.341	 -0.917	 -0.210
	  0.904	 -0.258	 -0.340

9 	  43.15	 -13.50	  19.18
	  0.375	 -0.109	  0.920
	  0.775	  0.581	 -0.247
	 -0.508	  0.806	  0.303

2 	  32.77	  -6.82	  22.99
	  0.620	  0.783	 -0.032
	 -0.784	  0.620	 -0.021
	  0.003	  0.037	  0.999

3 	  44.33	  -0.56	   2.41
	  0.433	  0.047	  0.900
	 -0.161	  0.986	  0.025
	 -0.887	 -0.156	  0.435

4 	  38.02	   6.56	  -3.18
	  0.506	  0.818	  0.272
	 -0.846	  0.409	  0.342
	  0.169	 -0.404	  0.899

5 	  36.19	  10.02	   8.47
	  0.247	  0.348	  0.904
	 -0.385	 -0.821	  0.421
	  0.889	 -0.453	 -0.069

6 	  42.10	  10.78	  18.90
	  0.390	 -0.105	  0.915
	 -0.573	  0.750	  0.330
	 -0.721	 -0.653	  0.233

7 	  38.09	  -7.88	  -2.81
	  0.780	 -0.625	  0.028
	  0.563	  0.682	 -0.466
	  0.272	  0.380	  0.884

8 	  36.60	 -10.23	   8.70
	  0.214	 -0.343	  0.915
	 -0.276	 -0.919	 -0.280
	  0.937	 -0.193	 -0.291

9 	  42.64	 -14.17	  19.00
	  0.319	 -0.144	  0.937
	  0.692	  0.711	 -0.126
	 -0.648	  0.688	  0.326

2 	  32.77	  -6.80	  22.99
	  0.620	  0.784	 -0.032
	 -0.784	  0.620	 -0.021
	  0.003	  0.038	  0.999

3 	  44.33	  -0.60	   2.43
	  0.429	  0.047	  0.902
	 -0.157	  0.987	  0.023
	 -0.890	 -0.152	  0.431

4 	  38.06	   6.54	  -3.18
	  0.505	  0.819	  0.272
	 -0.848	  0.411	  0.335
	  0.163	 -0.401	  0.901

5 	  35.86	  10.42	   8.17
	  0.204	  0.370	  0.906
	 -0.436	 -0.795	  0.422
	  0.876	 -0.481	 -0.002

6 	  41.41	  10.97	  18.95
	  0.296	 -0.096	  0.950
	 -0.440	  0.869	  0.225
	 -0.848	 -0.485	  0.215

7 	  38.14	  -7.86	  -2.87
	  0.783	 -0.621	  0.022
	  0.559	  0.689	 -0.461
	  0.271	  0.373	  0.887

8 	  36.28	 -10.86	   8.26
	  0.191	 -0.346	  0.918
	 -0.129	 -0.937	 -0.326
	  0.973	 -0.056	 -0.224

9 	  42.12	 -14.40	  18.91
	  0.268	 -0.162	  0.949
	  0.550	  0.835	 -0.014
	 -0.791	  0.526	  0.313

2 	  32.77	  -6.80	  22.99
	  0.620	  0.783	 -0.032
	 -0.784	  0.620	 -0.021
	  0.003	  0.038	  0.999

3 	  44.35	  -0.60	   2.46
	  0.426	  0.045	  0.903
	 -0.156	  0.987	  0.024
	 -0.891	 -0.151	  0.427

4 	  38.13	   6.57	  -3.22
	  0.503	  0.818	  0.278
	 -0.852	  0.415	  0.319
	  0.145	 -0.398	  0.906

5 	  35.53	  10.88	   7.77
	  0.155	  0.385	  0.910
	 -0.513	 -0.756	  0.407
	  0.844	 -0.530	  0.080

6 	  40.52	  11.06	  19.00
	  0.206	 -0.091	  0.974
	 -0.278	  0.949	  0.148
	 -0.938	 -0.301	  0.170

7 	  38.20	  -7.86	  -2.95
	  0.786	 -0.617	  0.016
	  0.555	  0.696	 -0.455
	  0.270	  0.367	  0.890

8 	  35.84	 -11.21	   7.96
	  0.168	 -0.349	  0.922
	 -0.012	 -0.936	 -0.352
	  0.985	  0.048	 -0.162

9 	  41.26	 -14.47	  18.97
	  0.222	 -0.163	  0.961
	  0.424	  0.904	  0.055
	 -0.878	  0.395	  0.270

2 	  32.77	  -6.80	  22.99
	  0.620	  0.783	 -0.032
	 -0.784	  0.620	 -0.021
	  0.003	  0.038	  0.999

3 	  44.37	  -0.60	   2.48
	  0.424	  0.042	  0.905
	 -0.152	  0.988	  0.025
	 -0.893	 -0.148	  0.425

4 	  38.14	   6.57	  -3.23
	  0.500	  0.820	  0.278
	 -0.855	  0.418	  0.305
	  0.134	 -0.391	  0.910

5 	  35.05	  11.18	   7.37
	  0.100	  0.403	  0.909
	 -0.560	 -0.733	  0.386
	  0.822	 -0.548	  0.152

6 	  39.39	  11.32	  18.97
	  0.131	 -0.073	  0.989
	 -0.143	  0.985	  0.091
	 -0.981	 -0.153	  0.119

7 	  38.20	  -7.82	  -3.02
	  0.784	 -0.621	  0.013
	  0.562	  0.701	 -0.438
	  0.262	  0.350	  0.899

8 	  35.35	 -11.41	   7.63
	  0.115	 -0.359	  0.926
	  0.028	 -0.931	 -0.364
	  0.993	  0.068	 -0.098

9 	  40.18	 -14.59	  19.00
	  0.170	 -0.173	  0.970
	  0.356	  0.929	  0.104
	 -0.919	  0.327	  0.219

2 	  32.77	  -6.80	  22.99
	  0.620	  0.783	 -0.032
	 -0.784	  0.620	 -0.021
	  0.003	  0.038	  0.999

3 	  44.35	  -0.58	   2.48
	  0.422	  0.038	  0.905
	 -0.145	  0.989	  0.026
	 -0.895	 -0.142	  0.423

4 	  38.18	   6.57	  -3.29
	  0.490	  0.828	  0.271
	 -0.862	  0.415	  0.289
	  0.127	 -0.376	  0.918

5 	  34.61	  11.44	   6.93
	  0.041	  0.426	  0.904
	 -0.585	 -0.723	  0.367
	  0.810	 -0.543	  0.220

6 	  38.32	  11.69	  18.84
	  0.072	 -0.054	  0.996
	 -0.070	  0.996	  0.058
	 -0.995	 -0.074	  0.068

7 	  38.18	  -7.82	  -3.08
	  0.779	 -0.627	  0.015
	  0.574	  0.703	 -0.419
	  0.252	  0.335	  0.908

8 	  34.88	 -11.55	   7.33
	  0.059	 -0.366	  0.928
	  0.068	 -0.927	 -0.370
	  0.996	  0.085	 -0.031

9 	  39.08	 -14.87	  18.90
	  0.119	 -0.187	  0.975
	  0.308	  0.940	  0.143
	 -0.944	  0.284	  0.169

2 	  32.77	  -6.80	  22.99
	  0.620	  0.784	 -0.032
	 -0.784	  0.620	 -0.021
	  0.004	  0.038	  0.999

3 	  44.37	  -0.60	   2.48
	  0.423	  0.034	  0.905
	 -0.135	  0.990	  0.026
	 -0.896	 -0.134	  0.424

4 	  38.25	   6.57	  -3.34
	  0.482	  0.834	  0.268
	 -0.868	  0.414	  0.274
	  0.118	 -0.365	  0.923

5 	  34.22	  11.58	   6.50
	 -0.015	  0.448	  0.893
	 -0.596	 -0.721	  0.352
	  0.802	 -0.527	  0.278

6 	  37.34	  12.09	  18.63
	  0.020	 -0.029	  0.999
	 -0.046	  0.998	  0.029
	 -0.999	 -0.046	  0.018

7 	  38.16	  -7.82	  -3.13
	  0.772	 -0.635	  0.017
	  0.586	  0.702	 -0.405
	  0.245	  0.323	  0.914

8 	  34.47	 -11.64	   7.07
	  0.014	 -0.378	  0.926
	  0.076	 -0.923	 -0.378
	  0.997	  0.076	  0.015

9 	  38.29	 -15.10	  18.79
	  0.081	 -0.203	  0.976
	  0.286	  0.942	  0.172
	 -0.955	  0.265	  0.135

2 	  32.77	  -6.82	  22.99
	  0.620	  0.783	 -0.032
	 -0.784	  0.620	 -0.021
	  0.003	  0.037	  0.999

3 	  44.37	  -0.60	   2.48
	  0.425	  0.032	  0.905
	 -0.130	  0.991	  0.025
	 -0.896	 -0.128	  0.425

4 	  38.32	   6.56	  -3.45
	  0.475	  0.838	  0.267
	 -0.873	  0.411	  0.261
	  0.109	 -0.358	  0.927

5 	  33.87	  11.64	   6.12
	 -0.064	  0.463	  0.884
	 -0.604	 -0.723	  0.335
	  0.794	 -0.512	  0.326

6 	  36.47	  12.45	  18.33
	 -0.023	 -0.008	  1.000
	 -0.038	  0.999	  0.007
	 -0.999	 -0.038	 -0.024

7 	  38.18	  -7.82	  -3.15
	  0.766	 -0.642	  0.026
	  0.598	  0.697	 -0.395
	  0.236	  0.318	  0.918

8 	  34.12	 -11.64	   6.86
	 -0.030	 -0.386	  0.922
	  0.071	 -0.921	 -0.383
	  0.997	  0.054	  0.055

9 	  37.46	 -15.31	  18.70
	  0.045	 -0.215	  0.975
	  0.284	  0.939	  0.194
	 -0.958	  0.268	  0.103

2 	  32.77	  -6.82	  22.99
	  0.620	  0.783	 -0.032
	 -0.784	  0.620	 -0.021
	  0.004	  0.037	  0.999

3 	  44.38	  -0.62	   2.46
	  0.425	  0.032	  0.904
	 -0.123	  0.992	  0.023
	 -0.897	 -0.121	  0.425

4 	  38.39	   6.54	  -3.55
	  0.468	  0.842	  0.266
	 -0.877	  0.407	  0.254
	  0.105	 -0.353	  0.930

5 	  33.57	  11.57	   5.78
	 -0.110	  0.466	  0.878
	 -0.606	 -0.732	  0.312
	  0.788	 -0.498	  0.363

6 	  35.65	  12.45	  18.16
	 -0.067	 -0.009	  0.998
	 -0.043	  0.999	  0.006
	 -0.997	 -0.043	 -0.068

7 	  38.16	  -7.80	  -3.18
	  0.757	 -0.652	  0.032
	  0.611	  0.691	 -0.386
	  0.229	  0.312	  0.922

8 	  33.68	 -11.53	   6.63
	 -0.077	 -0.388	  0.918
	  0.052	 -0.922	 -0.385
	  0.995	  0.019	  0.091

9 	  36.54	 -15.35	  18.56
	  0.008	 -0.220	  0.975
	  0.299	  0.931	  0.207
	 -0.954	  0.290	  0.073

2 	  32.77	  -6.80	  22.99
	  0.620	  0.783	 -0.032
	 -0.784	  0.620	 -0.021
	  0.004	  0.037	  0.999

3 	  44.40	  -0.65	   2.43
	  0.427	  0.030	  0.904
	 -0.115	  0.993	  0.021
	 -0.897	 -0.113	  0.427

4 	  38.46	   6.54	  -3.59
	  0.461	  0.845	  0.269
	 -0.881	  0.402	  0.247
	  0.100	 -0.352	  0.931

5 	  33.29	  11.46	   5.48
	 -0.159	  0.459	  0.874
	 -0.607	 -0.744	  0.280
	  0.778	 -0.486	  0.397

6 	  34.82	  12.29	  17.98
	 -0.109	 -0.021	  0.994
	 -0.051	  0.998	  0.016
	 -0.993	 -0.049	 -0.110

7 	  38.16	  -7.80	  -3.23
	  0.744	 -0.667	  0.039
	  0.629	  0.681	 -0.373
	  0.222	  0.302	  0.927

8 	  33.22	 -11.37	   6.33
	 -0.133	 -0.383	  0.914
	  0.029	 -0.923	 -0.383
	  0.990	 -0.024	  0.134

9 	  35.40	 -15.28	  18.42
	 -0.044	 -0.219	  0.974
	  0.318	  0.922	  0.221
	 -0.947	  0.319	  0.029

2 	  32.77	  -6.80	  22.99
	  0.620	  0.783	 -0.032
	 -0.784	  0.620	 -0.021
	  0.003	  0.037	  0.999

3 	  44.44	  -0.67	   2.43
	  0.426	  0.026	  0.904
	 -0.104	  0.994	  0.020
	 -0.898	 -0.103	  0.427

4 	  38.58	   6.52	  -3.71
	  0.452	  0.849	  0.271
	 -0.887	  0.396	  0.238
	  0.095	 -0.348	  0.932

5 	  32.99	  11.32	   5.19
	 -0.210	  0.450	  0.868
	 -0.604	 -0.758	  0.247
	  0.769	 -0.472	  0.431

6 	  33.94	  12.13	  17.74
	 -0.153	 -0.029	  0.988
	 -0.060	  0.998	  0.020
	 -0.986	 -0.056	 -0.155

7 	  38.16	  -7.80	  -3.32
	  0.729	 -0.682	  0.046
	  0.649	  0.670	 -0.359
	  0.214	  0.292	  0.932

8 	  32.78	 -11.16	   5.98
	 -0.192	 -0.379	  0.905
	  0.010	 -0.923	 -0.385
	  0.981	 -0.065	  0.181

9 	  34.24	 -15.22	  18.12
	 -0.099	 -0.224	  0.969
	  0.324	  0.914	  0.244
	 -0.941	  0.339	 -0.018

2 	  32.77	  -6.80	  22.99
	  0.620	  0.783	 -0.032
	 -0.784	  0.620	 -0.021
	  0.003	  0.037	  0.999

3 	  44.46	  -0.67	   2.41
	  0.426	  0.024	  0.904
	 -0.098	  0.995	  0.019
	 -0.900	 -0.097	  0.426

4 	  38.67	   6.52	  -3.80
	  0.439	  0.857	  0.270
	 -0.894	  0.387	  0.227
	  0.090	 -0.341	  0.936

5 	  32.70	  11.13	   4.87
	 -0.258	  0.442	  0.859
	 -0.596	 -0.772	  0.218
	  0.760	 -0.456	  0.463

6 	  33.19	  11.94	  17.46
	 -0.190	 -0.036	  0.981
	 -0.070	  0.997	  0.022
	 -0.979	 -0.065	 -0.193

7 	  38.21	  -7.80	  -3.41
	  0.715	 -0.697	  0.056
	  0.669	  0.658	 -0.345
	  0.203	  0.285	  0.937

8 	  32.40	 -11.00	   5.61
	 -0.255	 -0.374	  0.892
	 -0.006	 -0.921	 -0.388
	  0.967	 -0.104	  0.232

9 	  33.12	 -15.22	  17.77
	 -0.151	 -0.229	  0.961
	  0.331	  0.905	  0.268
	 -0.931	  0.359	 -0.061

2 	  32.77	  -6.80	  22.99
	  0.620	  0.783	 -0.032
	 -0.784	  0.620	 -0.021
	  0.003	  0.038	  0.999

3 	  44.47	  -0.69	   2.43
	  0.423	  0.022	  0.906
	 -0.095	  0.995	  0.020
	 -0.901	 -0.095	  0.423

4 	  38.74	   6.49	  -3.83
	  0.426	  0.862	  0.273
	 -0.901	  0.377	  0.215
	  0.083	 -0.338	  0.937

5 	  32.47	  10.95	   4.64
	 -0.294	  0.436	  0.850
	 -0.583	 -0.787	  0.202
	  0.757	 -0.436	  0.486

6 	  32.59	  11.79	  17.23
	 -0.214	 -0.039	  0.976
	 -0.089	  0.996	  0.020
	 -0.973	 -0.083	 -0.217

7 	  38.27	  -7.80	  -3.48
	  0.704	 -0.707	  0.062
	  0.682	  0.650	 -0.335
	  0.196	  0.278	  0.940

8 	  32.06	 -10.83	   5.22
	 -0.308	 -0.377	  0.873
	 -0.028	 -0.914	 -0.405
	  0.951	 -0.149	  0.271

9 	  32.17	 -15.31	  17.33
	 -0.187	 -0.237	  0.953
	  0.359	  0.887	  0.291
	 -0.914	  0.396	 -0.081

2 	  32.77	  -6.82	  22.99
	  0.620	  0.783	 -0.032
	 -0.784	  0.620	 -0.021
	  0.003	  0.037	  0.999

3 	  44.49	  -0.70	   2.43
	  0.422	  0.021	  0.906
	 -0.094	  0.995	  0.021
	 -0.902	 -0.094	  0.422

4 	  38.79	   6.47	  -3.85
	  0.417	  0.867	  0.274
	 -0.906	  0.370	  0.208
	  0.079	 -0.335	  0.939

5 	  32.20	  10.79	   4.38
	 -0.336	  0.428	  0.838
	 -0.567	 -0.803	  0.182
	  0.751	 -0.414	  0.513

6 	  31.89	  11.67	  16.95
	 -0.244	 -0.042	  0.969
	 -0.107	  0.994	  0.016
	 -0.964	 -0.100	 -0.248

7 	  38.30	  -7.75	  -3.55
	  0.694	 -0.717	  0.063
	  0.695	  0.644	 -0.319
	  0.188	  0.266	  0.945

8 	  31.78	 -10.65	   4.78
	 -0.360	 -0.379	  0.852
	 -0.048	 -0.905	 -0.423
	  0.932	 -0.193	  0.307

9 	  31.13	 -15.40	  16.82
	 -0.225	 -0.253	  0.941
	  0.379	  0.867	  0.323
	 -0.898	  0.429	 -0.099

2 	  32.77	  -6.80	  22.99
	  0.620	  0.784	 -0.032
	 -0.784	  0.620	 -0.021
	  0.003	  0.038	  0.999

3 	  44.49	  -0.72	   2.46
	  0.420	  0.017	  0.907
	 -0.094	  0.995	  0.025
	 -0.903	 -0.095	  0.420

4 	  38.85	   6.49	  -3.85
	  0.404	  0.871	  0.278
	 -0.912	  0.361	  0.194
	  0.069	 -0.332	  0.940

5 	  31.96	  10.62	   4.15
	 -0.374	  0.417	  0.828
	 -0.558	 -0.815	  0.159
	  0.741	 -0.403	  0.537

6 	  31.13	  11.50	  16.73
	 -0.281	 -0.047	  0.958
	 -0.109	  0.994	  0.016
	 -0.954	 -0.100	 -0.284

7 	  38.43	  -7.77	  -3.66
	  0.689	 -0.721	  0.072
	  0.706	  0.645	 -0.293
	  0.165	  0.253	  0.953

8 	  31.55	 -10.56	   4.36
	 -0.409	 -0.375	  0.832
	 -0.048	 -0.901	 -0.430
	  0.911	 -0.216	  0.350

9 	  30.22	 -15.43	  16.31
	 -0.278	 -0.267	  0.922
	  0.361	  0.861	  0.358
	 -0.890	  0.433	 -0.143

2 	  32.77	  -6.80	  22.99
	  0.620	  0.784	 -0.032
	 -0.784	  0.620	 -0.021
	  0.003	  0.038	  0.999

3 	  44.49	  -0.70	   2.46
	  0.417	  0.011	  0.908
	 -0.098	  0.995	  0.032
	 -0.903	 -0.103	  0.416

4 	  38.87	   6.50	  -3.85
	  0.391	  0.875	  0.284
	 -0.918	  0.352	  0.181
	  0.058	 -0.332	  0.941

5 	  31.75	  10.49	   4.06
	 -0.404	  0.402	  0.822
	 -0.550	 -0.825	  0.133
	  0.731	 -0.398	  0.554

6 	  30.55	  11.32	  16.54
	 -0.313	 -0.050	  0.948
	 -0.099	  0.995	  0.020
	 -0.945	 -0.088	 -0.316

7 	  38.58	  -7.68	  -3.71
	  0.689	 -0.719	  0.087
	  0.711	  0.649	 -0.269
	  0.137	  0.248	  0.959

8 	  31.45	 -10.39	   4.01
	 -0.448	 -0.371	  0.813
	 -0.044	 -0.900	 -0.434
	  0.893	 -0.230	  0.387

9 	  29.51	 -15.45	  15.82
	 -0.322	 -0.277	  0.905
	  0.349	  0.854	  0.385
	 -0.880	  0.439	 -0.179

2 	  32.77	  -6.80	  22.99
	  0.620	  0.784	 -0.032
	 -0.784	  0.620	 -0.021
	  0.003	  0.038	  0.999

3 	  44.49	  -0.65	   2.53
	  0.413	  0.006	  0.910
	 -0.104	  0.994	  0.040
	 -0.905	 -0.111	  0.411

4 	  38.88	   6.56	  -3.81
	  0.380	  0.878	  0.290
	 -0.924	  0.343	  0.170
	  0.050	 -0.333	  0.942

5 	  31.64	  10.44	   3.97
	 -0.424	  0.394	  0.815
	 -0.544	 -0.831	  0.119
	  0.724	 -0.392	  0.567

6 	  30.11	  11.29	  16.42
	 -0.336	 -0.048	  0.940
	 -0.094	  0.995	  0.017
	 -0.937	 -0.083	 -0.339

7 	  38.69	  -7.65	  -3.81
	  0.685	 -0.722	  0.096
	  0.718	  0.649	 -0.249
	  0.117	  0.240	  0.964

8 	  31.32	 -10.25	   3.69
	 -0.486	 -0.368	  0.793
	 -0.045	 -0.896	 -0.442
	  0.873	 -0.250	  0.419

9 	  28.78	 -15.52	  15.28
	 -0.368	 -0.292	  0.883
	  0.355	  0.833	  0.423
	 -0.859	  0.469	 -0.203

2 	  32.77	  -6.82	  22.99
	  0.620	  0.784	 -0.032
	 -0.784	  0.620	 -0.021
	  0.003	  0.038	  0.999

3 	  44.51	  -0.63	   2.57
	  0.411	  0.002	  0.911
	 -0.107	  0.993	  0.046
	 -0.905	 -0.116	  0.408

4 	  38.94	   6.61	  -3.80
	  0.370	  0.881	  0.295
	 -0.928	  0.336	  0.160
	  0.042	 -0.333	  0.942

5 	  31.55	  10.42	   3.83
	 -0.442	  0.393	  0.806
	 -0.545	 -0.831	  0.106
	  0.712	 -0.393	  0.581

6 	  29.69	  11.43	  16.21
	 -0.368	 -0.034	  0.929
	 -0.083	  0.996	  0.003
	 -0.926	 -0.075	 -0.370

7 	  38.78	  -7.56	  -3.87
	  0.680	 -0.726	  0.103
	  0.726	  0.648	 -0.227
	  0.098	  0.229	  0.968

8 	  31.24	 -10.12	   3.38
	 -0.519	 -0.371	  0.770
	 -0.041	 -0.889	 -0.456
	  0.854	 -0.268	  0.446

9 	  28.05	 -15.71	  14.66
	 -0.419	 -0.319	  0.850
	  0.337	  0.814	  0.472
	 -0.843	  0.484	 -0.234

2 	  32.77	  -6.80	  22.99
	  0.620	  0.784	 -0.032
	 -0.784	  0.620	 -0.021
	  0.003	  0.038	  0.999

3 	  44.49	  -0.60	   2.58
	  0.407	 -0.001	  0.913
	 -0.109	  0.993	  0.049
	 -0.907	 -0.119	  0.404

4 	  39.01	   6.63	  -3.81
	  0.361	  0.883	  0.299
	 -0.932	  0.332	  0.144
	  0.028	 -0.331	  0.943

5 	  31.45	  10.42	   3.64
	 -0.466	  0.391	  0.794
	 -0.544	 -0.834	  0.091
	  0.698	 -0.389	  0.601

6 	  29.16	  11.51	  15.91
	 -0.400	 -0.025	  0.916
	 -0.077	  0.997	 -0.006
	 -0.913	 -0.073	 -0.401

7 	  38.87	  -7.54	  -3.90
	  0.677	 -0.728	  0.111
	  0.731	  0.648	 -0.210
	  0.080	  0.223	  0.971

8 	  31.17	 -10.05	   3.18
	 -0.541	 -0.369	  0.755
	 -0.036	 -0.888	 -0.459
	  0.840	 -0.275	  0.467

9 	  27.69	 -15.66	  14.33
	 -0.452	 -0.328	  0.830
	  0.286	  0.828	  0.482
	 -0.845	  0.455	 -0.280

2 	  32.77	  -6.82	  22.99
	  0.620	  0.783	 -0.032
	 -0.784	  0.620	 -0.021
	  0.003	  0.038	  0.999

3 	  44.51	  -0.58	   2.64
	  0.404	 -0.003	  0.915
	 -0.110	  0.992	  0.051
	 -0.908	 -0.121	  0.400

4 	  39.06	   6.61	  -3.85
	  0.349	  0.887	  0.301
	 -0.937	  0.325	  0.129
	  0.016	 -0.327	  0.945

5 	  31.27	  10.30	   3.45
	 -0.492	  0.382	  0.782
	 -0.533	 -0.843	  0.076
	  0.688	 -0.380	  0.618

6 	  28.63	  11.36	  15.63
	 -0.427	 -0.031	  0.904
	 -0.079	  0.997	 -0.003
	 -0.901	 -0.073	 -0.428

7 	  39.01	  -7.52	  -3.88
	  0.677	 -0.725	  0.124
	  0.733	  0.651	 -0.195
	  0.060	  0.223	  0.973

8 	  31.20	 -10.04	   3.09
	 -0.555	 -0.359	  0.750
	 -0.028	 -0.894	 -0.448
	  0.831	 -0.269	  0.486

9 	  27.54	 -15.42	  14.27
	 -0.465	 -0.323	  0.824
	  0.233	  0.853	  0.466
	 -0.854	  0.409	 -0.322

2 	  32.77	  -6.80	  22.99
	  0.620	  0.783	 -0.032
	 -0.784	  0.620	 -0.021
	  0.003	  0.038	  0.999

3 	  44.51	  -0.56	   2.67
	  0.401	 -0.003	  0.916
	 -0.113	  0.992	  0.052
	 -0.909	 -0.124	  0.398

4 	  39.08	   6.61	  -3.85
	  0.337	  0.891	  0.302
	 -0.941	  0.318	  0.114
	  0.005	 -0.323	  0.946

5 	  31.17	  10.23	   3.25
	 -0.514	  0.379	  0.769
	 -0.528	 -0.847	  0.064
	  0.676	 -0.374	  0.635

6 	  28.27	  11.32	  15.33
	 -0.449	 -0.029	  0.893
	 -0.074	  0.997	 -0.005
	 -0.890	 -0.068	 -0.450

7 	  39.08	  -7.58	  -3.88
	  0.676	 -0.724	  0.135
	  0.735	  0.651	 -0.188
	  0.048	  0.226	  0.973

8 	  31.17	 -10.02	   2.99
	 -0.567	 -0.355	  0.743
	 -0.019	 -0.897	 -0.442
	  0.824	 -0.265	  0.501

9 	  27.32	 -15.35	  14.12
	 -0.482	 -0.323	  0.814
	  0.197	  0.865	  0.460
	 -0.854	  0.382	 -0.353

2 	  32.77	  -6.82	  22.99
	  0.620	  0.783	 -0.032
	 -0.784	  0.620	 -0.021
	  0.003	  0.038	  0.999

3 	  44.49	  -0.56	   2.71
	  0.399	 -0.000	  0.917
	 -0.116	  0.992	  0.050
	 -0.910	 -0.126	  0.395

4 	  39.15	   6.56	  -3.88
	  0.332	  0.894	  0.300
	 -0.943	  0.317	  0.100
	 -0.005	 -0.317	  0.948

5 	  31.17	  10.25	   3.02
	 -0.524	  0.388	  0.758
	 -0.534	 -0.843	  0.062
	  0.663	 -0.372	  0.649

6 	  28.04	  11.51	  14.99
	 -0.472	 -0.014	  0.881
	 -0.057	  0.998	 -0.016
	 -0.880	 -0.058	 -0.472

7 	  39.13	  -7.58	  -3.87
	  0.673	 -0.725	  0.144
	  0.739	  0.650	 -0.178
	  0.035	  0.226	  0.973

8 	  31.11	  -9.98	   2.85
	 -0.584	 -0.350	  0.732
	 -0.016	 -0.897	 -0.441
	  0.811	 -0.269	  0.519

9 	  26.93	 -15.26	  13.89
	 -0.506	 -0.322	  0.800
	  0.172	  0.871	  0.460
	 -0.845	  0.370	 -0.385

2 	  32.77	  -6.80	  22.99
	  0.620	  0.783	 -0.032
	 -0.784	  0.620	 -0.021
	  0.003	  0.038	  0.999

3 	  44.49	  -0.56	   2.76
	  0.395	  0.002	  0.918
	 -0.116	  0.992	  0.047
	 -0.911	 -0.125	  0.392

4 	  39.27	   6.50	  -3.96
	  0.331	  0.896	  0.296
	 -0.943	  0.320	  0.085
	 -0.019	 -0.308	  0.951

5 	  31.22	  10.30	   2.79
	 -0.539	  0.396	  0.743
	 -0.541	 -0.839	  0.056
	  0.646	 -0.372	  0.667

6 	  27.76	  11.76	  14.62
	 -0.502	  0.005	  0.865
	 -0.047	  0.998	 -0.034
	 -0.863	 -0.058	 -0.501

7 	  39.22	  -7.63	  -3.85
	  0.664	 -0.731	  0.155
	  0.747	  0.644	 -0.165
	  0.020	  0.225	  0.974

8 	  31.06	  -9.95	   2.65
	 -0.604	 -0.345	  0.718
	 -0.013	 -0.897	 -0.442
	  0.797	 -0.276	  0.537

9 	  26.58	 -15.22	  13.54
	 -0.531	 -0.324	  0.783
	  0.154	  0.871	  0.465
	 -0.833	  0.367	 -0.413

2 	  32.77	  -6.82	  22.99
	  0.620	  0.783	 -0.032
	 -0.784	  0.620	 -0.021
	  0.003	  0.037	  0.999

3 	  44.53	  -0.60	   2.87
	  0.384	  0.004	  0.923
	 -0.113	  0.992	  0.042
	 -0.916	 -0.121	  0.382

4 	  39.43	   6.45	  -3.97
	  0.327	  0.897	  0.296
	 -0.944	  0.322	  0.066
	 -0.036	 -0.301	  0.953

5 	  31.22	  10.28	   2.53
	 -0.558	  0.401	  0.726
	 -0.541	 -0.840	  0.048
	  0.629	 -0.366	  0.686

6 	  27.35	  11.94	  14.24
	 -0.537	  0.020	  0.843
	 -0.046	  0.997	 -0.053
	 -0.843	 -0.067	 -0.535

7 	  39.36	  -7.61	  -3.85
	  0.659	 -0.733	  0.166
	  0.751	  0.643	 -0.148
	  0.001	  0.223	  0.975

8 	  31.10	  -9.95	   2.46
	 -0.622	 -0.348	  0.701
	 -0.003	 -0.894	 -0.447
	  0.783	 -0.281	  0.555

9 	  26.31	 -15.29	  13.13
	 -0.554	 -0.335	  0.762
	  0.128	  0.870	  0.475
	 -0.822	  0.360	 -0.440

2 	  32.77	  -6.80	  22.99
	  0.620	  0.783	 -0.032
	 -0.784	  0.620	 -0.021
	  0.003	  0.038	  0.999

3 	  44.56	  -0.63	   2.94
	  0.375	  0.005	  0.927
	 -0.111	  0.993	  0.040
	 -0.920	 -0.118	  0.373

4 	  39.53	   6.43	  -4.01
	  0.319	  0.900	  0.297
	 -0.946	  0.318	  0.051
	 -0.048	 -0.298	  0.953

5 	  31.18	  10.23	   2.37
	 -0.577	  0.399	  0.712
	 -0.536	 -0.843	  0.038
	  0.616	 -0.360	  0.700

6 	  27.00	  11.97	  13.90
	 -0.564	  0.025	  0.825
	 -0.049	  0.997	 -0.063
	 -0.824	 -0.076	 -0.561

7 	  39.48	  -7.61	  -3.88
	  0.656	 -0.734	  0.172
	  0.754	  0.643	 -0.135
	 -0.011	  0.218	  0.975

8 	  31.10	  -9.95	   2.27
	 -0.636	 -0.354	  0.686
	  0.002	 -0.890	 -0.456
	  0.772	 -0.289	  0.566

9 	  26.09	 -15.43	  12.76
	 -0.575	 -0.347	  0.741
	  0.111	  0.864	  0.491
	 -0.811	  0.364	 -0.458

2 	  32.77	  -6.82	  22.99
	  0.620	  0.783	 -0.032
	 -0.784	  0.620	 -0.021
	  0.003	  0.038	  0.999

3 	  44.58	  -0.62	   2.97
	  0.371	  0.005	  0.928
	 -0.113	  0.993	  0.039
	 -0.922	 -0.119	  0.369

4 	  39.59	   6.43	  -3.99
	  0.311	  0.902	  0.299
	 -0.949	  0.313	  0.041
	 -0.056	 -0.297	  0.953

5 	  31.15	  10.20	   2.27
	 -0.585	  0.401	  0.704
	 -0.535	 -0.844	  0.036
	  0.609	 -0.355	  0.709

6 	  26.86	  12.04	  13.71
	 -0.576	  0.032	  0.816
	 -0.047	  0.996	 -0.073
	 -0.816	 -0.080	 -0.573

7 	  39.55	  -7.59	  -3.88
	  0.654	 -0.736	  0.175
	  0.756	  0.642	 -0.126
	 -0.020	  0.215	  0.976

8 	  31.06	  -9.93	   2.07
	 -0.647	 -0.363	  0.671
	  0.007	 -0.882	 -0.470
	  0.762	 -0.300	  0.573

9 	  25.86	 -15.59	  12.36
	 -0.591	 -0.361	  0.721
	  0.099	  0.855	  0.509
	 -0.801	  0.372	 -0.469

2 	  32.77	  -6.82	  22.99
	  0.621	  0.783	 -0.032
	 -0.784	  0.620	 -0.021
	  0.003	  0.038	  0.999

3 	  44.60	  -0.58	   3.01
	  0.365	  0.005	  0.931
	 -0.112	  0.993	  0.038
	 -0.924	 -0.118	  0.363

4 	  39.66	   6.42	  -3.99
	  0.307	  0.903	  0.299
	 -0.950	  0.311	  0.034
	 -0.062	 -0.295	  0.953

5 	  31.18	  10.23	   2.06
	 -0.595	  0.412	  0.690
	 -0.538	 -0.842	  0.038
	  0.596	 -0.348	  0.723

6 	  26.68	  12.29	  13.41
	 -0.591	  0.045	  0.805
	 -0.041	  0.995	 -0.086
	 -0.805	 -0.084	 -0.587

7 	  39.60	  -7.56	  -3.96
	  0.646	 -0.743	  0.175
	  0.762	  0.638	 -0.109
	 -0.031	  0.204	  0.978

8 	  31.03	  -9.88	   1.81
	 -0.661	 -0.369	  0.653
	  0.007	 -0.873	 -0.487
	  0.750	 -0.318	  0.579

9 	  25.59	 -15.66	  11.92
	 -0.607	 -0.370	  0.703
	  0.088	  0.848	  0.522
	 -0.790	  0.378	 -0.482

2 	  32.77	  -6.80	  22.99
	  0.620	  0.783	 -0.032
	 -0.784	  0.620	 -0.021
	  0.003	  0.038	  0.999

3 	  44.61	  -0.63	   3.04
	  0.356	  0.002	  0.934
	 -0.109	  0.993	  0.038
	 -0.928	 -0.115	  0.354

4 	  39.78	   6.38	  -4.06
	  0.297	  0.907	  0.298
	 -0.952	  0.306	  0.016
	 -0.076	 -0.289	  0.954

5 	  31.18	  10.25	   1.74
	 -0.614	  0.421	  0.668
	 -0.535	 -0.844	  0.040
	  0.581	 -0.333	  0.743

6 	  26.40	  12.48	  12.94
	 -0.615	  0.059	  0.786
	 -0.039	  0.994	 -0.105
	 -0.787	 -0.095	 -0.609

7 	  39.71	  -7.54	  -4.01
	  0.638	 -0.748	  0.179
	  0.768	  0.633	 -0.092
	 -0.045	  0.197	  0.979

8 	  31.06	  -9.83	   1.60
	 -0.677	 -0.373	  0.634
	  0.008	 -0.865	 -0.501
	  0.736	 -0.334	  0.589

9 	  25.35	 -15.70	  11.48
	 -0.625	 -0.378	  0.683
	  0.079	  0.839	  0.537
	 -0.777	  0.390	 -0.495

2 	  32.77	  -6.82	  22.99
	  0.620	  0.783	 -0.032
	 -0.784	  0.620	 -0.021
	  0.003	  0.038	  0.999

3 	  44.65	  -0.63	   3.09
	  0.348	  0.002	  0.937
	 -0.109	  0.993	  0.038
	 -0.931	 -0.115	  0.346

4 	  39.85	   6.33	  -4.08
	  0.286	  0.911	  0.296
	 -0.954	  0.299	  0.003
	 -0.086	 -0.283	  0.955

5 	  31.13	  10.18	   1.53
	 -0.628	  0.424	  0.653
	 -0.528	 -0.848	  0.043
	  0.572	 -0.318	  0.756

6 	  26.12	  12.55	  12.59
	 -0.630	  0.067	  0.773
	 -0.043	  0.991	 -0.121
	 -0.775	 -0.110	 -0.622

7 	  39.78	  -7.52	  -4.03
	  0.633	 -0.752	  0.183
	  0.771	  0.631	 -0.077
	 -0.058	  0.190	  0.980

8 	  31.04	  -9.86	   1.34
	 -0.690	 -0.384	  0.613
	  0.010	 -0.853	 -0.522
	  0.724	 -0.354	  0.592

9 	  25.14	 -15.94	  10.95
	 -0.638	 -0.394	  0.661
	  0.071	  0.825	  0.560
	 -0.766	  0.405	 -0.499

2 	  32.77	  -6.82	  22.99
	  0.620	  0.783	 -0.032
	 -0.784	  0.620	 -0.021
	  0.003	  0.038	  0.999

3 	  44.65	  -0.63	   3.11
	  0.343	  0.001	  0.939
	 -0.108	  0.993	  0.038
	 -0.933	 -0.114	  0.341

4 	  39.87	   6.28	  -4.11
	  0.279	  0.914	  0.293
	 -0.956	  0.293	 -0.005
	 -0.090	 -0.279	  0.956

5 	  31.08	  10.12	   1.41
	 -0.634	  0.427	  0.645
	 -0.525	 -0.850	  0.046
	  0.568	 -0.309	  0.763

6 	  26.00	  12.59	  12.38
	 -0.638	  0.073	  0.766
	 -0.045	  0.990	 -0.131
	 -0.768	 -0.118	 -0.629

7 	  39.80	  -7.49	  -4.06
	  0.630	 -0.755	  0.179
	  0.773	  0.630	 -0.069
	 -0.061	  0.182	  0.981

8 	  31.01	  -9.88	   1.18
	 -0.695	 -0.391	  0.603
	  0.011	 -0.844	 -0.536
	  0.719	 -0.366	  0.591

9 	  25.03	 -16.08	  10.67
	 -0.645	 -0.403	  0.649
	  0.067	  0.816	  0.573
	 -0.761	  0.413	 -0.500

2 	  32.77	  -6.80	  22.99
	  0.620	  0.783	 -0.032
	 -0.784	  0.620	 -0.021
	  0.003	  0.038	  0.999

3 	  44.63	  -0.67	   3.11
	  0.337	 -0.001	  0.941
	 -0.105	  0.994	  0.038
	 -0.936	 -0.111	  0.334

4 	  39.87	   6.28	  -4.13
	  0.277	  0.915	  0.292
	 -0.957	  0.291	 -0.006
	 -0.090	 -0.278	  0.956

5 	  31.11	  10.16	   1.28
	 -0.640	  0.433	  0.635
	 -0.528	 -0.848	  0.046
	  0.558	 -0.306	  0.771

6 	  25.95	  12.73	  12.16
	 -0.650	  0.083	  0.755
	 -0.034	  0.990	 -0.138
	 -0.759	 -0.115	 -0.640

7 	  39.78	  -7.47	  -4.13
	  0.626	 -0.760	  0.174
	  0.776	  0.627	 -0.057
	 -0.066	  0.171	  0.983

8 	  30.94	  -9.86	   1.00
	 -0.703	 -0.397	  0.591
	  0.011	 -0.836	 -0.548
	  0.711	 -0.379	  0.592

9 	  24.82	 -16.14	  10.34
	 -0.658	 -0.410	  0.632
	  0.062	  0.807	  0.587
	 -0.751	  0.425	 -0.506

2 	  32.77	  -6.80	  22.99
	  0.620	  0.784	 -0.032
	 -0.784	  0.620	 -0.021
	  0.003	  0.038	  0.999

3 	  44.65	  -0.76	   3.13
	  0.329	 -0.004	  0.944
	 -0.099	  0.994	  0.038
	 -0.939	 -0.106	  0.326

4 	  39.96	   6.22	  -4.15
	  0.278	  0.915	  0.292
	 -0.956	  0.294	 -0.013
	 -0.098	 -0.276	  0.956

5 	  31.18	  10.18	   1.12
	 -0.644	  0.441	  0.625
	 -0.532	 -0.845	  0.049
	  0.550	 -0.301	  0.779

6 	  25.91	  12.87	  11.94
	 -0.661	  0.091	  0.744
	 -0.030	  0.988	 -0.148
	 -0.749	 -0.120	 -0.651

7 	  39.83	  -7.49	  -4.17
	  0.621	 -0.763	  0.176
	  0.779	  0.624	 -0.047
	 -0.075	  0.167	  0.983

8 	  30.97	  -9.83	   0.86
	 -0.713	 -0.397	  0.578
	  0.013	 -0.832	 -0.555
	  0.701	 -0.388	  0.599

9 	  24.70	 -16.15	  10.07
	 -0.669	 -0.412	  0.618
	  0.055	  0.802	  0.595
	 -0.741	  0.432	 -0.514

2 	  32.77	  -6.82	  22.99
	  0.620	  0.783	 -0.032
	 -0.784	  0.620	 -0.021
	  0.003	  0.038	  0.999

3 	  44.67	  -0.74	   3.16
	  0.320	 -0.002	  0.947
	 -0.099	  0.994	  0.035
	 -0.942	 -0.105	  0.318

4 	  40.04	   6.17	  -4.18
	  0.272	  0.918	  0.287
	 -0.956	  0.291	 -0.027
	 -0.109	 -0.268	  0.957

5 	  31.15	  10.12	   0.84
	 -0.658	  0.448	  0.605
	 -0.527	 -0.848	  0.055
	  0.538	 -0.283	  0.794

6 	  25.65	  12.99	  11.48
	 -0.679	  0.102	  0.726
	 -0.030	  0.985	 -0.167
	 -0.733	 -0.135	 -0.666

7 	  39.94	  -7.47	  -4.13
	  0.620	 -0.763	  0.183
	  0.779	  0.625	 -0.036
	 -0.088	  0.165	  0.982

8 	  31.01	  -9.84	   0.77
	 -0.720	 -0.400	  0.568
	  0.019	 -0.829	 -0.559
	  0.694	 -0.392	  0.604

9 	  24.63	 -16.21	   9.84
	 -0.677	 -0.419	  0.604
	  0.045	  0.796	  0.603
	 -0.734	  0.435	 -0.521

2 	  32.77	  -6.82	  22.99
	  0.620	  0.783	 -0.032
	 -0.784	  0.620	 -0.021
	  0.003	  0.037	  0.999

3 	  44.67	  -0.74	   3.20
	  0.313	  0.002	  0.950
	 -0.101	  0.994	  0.031
	 -0.944	 -0.106	  0.311

4 	  40.08	   6.08	  -4.29
	  0.263	  0.924	  0.278
	 -0.958	  0.285	 -0.038
	 -0.115	 -0.256	  0.960

5 	  31.13	  10.11	   0.58
	 -0.666	  0.458	  0.589
	 -0.524	 -0.849	  0.068
	  0.531	 -0.263	  0.805

6 	  25.52	  13.18	  11.09
	 -0.687	  0.117	  0.717
	 -0.028	  0.982	 -0.188
	 -0.726	 -0.149	 -0.672

7 	  39.99	  -7.49	  -4.11
	  0.619	 -0.763	  0.186
	  0.780	  0.625	 -0.031
	 -0.093	  0.164	  0.982

8 	  31.04	  -9.84	   0.70
	 -0.724	 -0.404	  0.558
	  0.022	 -0.823	 -0.567
	  0.689	 -0.398	  0.605

9 	  24.56	 -16.31	   9.65
	 -0.683	 -0.427	  0.592
	  0.040	  0.788	  0.614
	 -0.729	  0.443	 -0.521

2 	  32.77	  -6.80	  22.99
	  0.620	  0.783	 -0.032
	 -0.784	  0.620	 -0.021
	  0.003	  0.038	  0.999

3 	  44.68	  -0.74	   3.18
	  0.308	  0.005	  0.951
	 -0.103	  0.994	  0.027
	 -0.946	 -0.107	  0.307

4 	  40.08	   6.01	  -4.36
	  0.258	  0.928	  0.266
	 -0.959	  0.279	 -0.045
	 -0.116	 -0.244	  0.963

5 	  31.10	  10.09	   0.35
	 -0.667	  0.474	  0.575
	 -0.525	 -0.847	  0.089
	  0.529	 -0.242	  0.813

6 	  25.47	  13.46	  10.76
	 -0.691	  0.138	  0.710
	 -0.025	  0.976	 -0.214
	 -0.723	 -0.166	 -0.671

7 	  39.97	  -7.49	  -4.15
	  0.617	 -0.765	  0.185
	  0.781	  0.623	 -0.028
	 -0.094	  0.161	  0.982

8 	  30.96	  -9.83	   0.58
	 -0.730	 -0.411	  0.547
	  0.020	 -0.812	 -0.583
	  0.683	 -0.415	  0.600

9 	  24.42	 -16.44	   9.37
	 -0.690	 -0.438	  0.576
	  0.038	  0.773	  0.633
	 -0.722	  0.459	 -0.517

2 	  32.77	  -6.82	  22.99
	  0.620	  0.783	 -0.032
	 -0.784	  0.620	 -0.021
	  0.003	  0.038	  0.999

3 	  44.65	  -0.76	   3.20
	  0.305	  0.006	  0.952
	 -0.103	  0.994	  0.026
	 -0.947	 -0.106	  0.304

4 	  40.01	   5.92	  -4.45
	  0.254	  0.933	  0.256
	 -0.960	  0.274	 -0.047
	 -0.114	 -0.234	  0.965

5 	  30.97	  10.05	   0.18
	 -0.672	  0.482	  0.562
	 -0.520	 -0.848	  0.106
	  0.528	 -0.221	  0.820

6 	  25.28	  13.61	  10.51
	 -0.696	  0.150	  0.702
	 -0.027	  0.971	 -0.235
	 -0.718	 -0.183	 -0.672

7 	  39.90	  -7.45	  -4.17
	  0.611	 -0.770	  0.181
	  0.786	  0.618	 -0.023
	 -0.094	  0.156	  0.983

8 	  30.87	  -9.76	   0.53
	 -0.734	 -0.412	  0.541
	  0.010	 -0.802	 -0.597
	  0.679	 -0.432	  0.593

9 	  24.26	 -16.40	   9.25
	 -0.696	 -0.439	  0.568
	  0.045	  0.763	  0.645
	 -0.717	  0.474	 -0.512

2 	  32.77	  -6.80	  22.99
	  0.620	  0.783	 -0.032
	 -0.784	  0.620	 -0.021
	  0.003	  0.038	  0.999

3 	  44.60	  -0.76	   3.15
	  0.308	  0.007	  0.951
	 -0.102	  0.994	  0.025
	 -0.946	 -0.105	  0.307

4 	  39.92	   5.91	  -4.48
	  0.249	  0.935	  0.250
	 -0.962	  0.268	 -0.045
	 -0.110	 -0.230	  0.967

5 	  30.94	  10.04	   0.18
	 -0.672	  0.481	  0.562
	 -0.517	 -0.849	  0.109
	  0.530	 -0.218	  0.819

6 	  25.24	  13.59	  10.51
	 -0.696	  0.150	  0.702
	 -0.028	  0.971	 -0.236
	 -0.717	 -0.184	 -0.672

7 	  39.83	  -7.45	  -4.18
	  0.609	 -0.773	  0.179
	  0.788	  0.615	 -0.024
	 -0.092	  0.155	  0.983

8 	  30.83	  -9.72	   0.58
	 -0.732	 -0.410	  0.545
	  0.007	 -0.803	 -0.595
	  0.681	 -0.432	  0.591

9 	  24.28	 -16.35	   9.39
	 -0.694	 -0.437	  0.573
	  0.049	  0.765	  0.642
	 -0.719	  0.473	 -0.509

2 	  32.77	  -6.80	  22.99
	  0.620	  0.783	 -0.032
	 -0.784	  0.620	 -0.021
	  0.003	  0.038	  0.999

3 	  44.58	  -0.74	   3.13
	  0.314	  0.008	  0.949
	 -0.102	  0.994	  0.025
	 -0.944	 -0.105	  0.313

4 	  39.87	   5.92	  -4.48
	  0.246	  0.936	  0.250
	 -0.963	  0.264	 -0.042
	 -0.105	 -0.231	  0.967

5 	  30.87	   9.98	   0.25
	 -0.673	  0.476	  0.566
	 -0.510	 -0.853	  0.109
	  0.535	 -0.216	  0.817

6 	  25.08	  13.52	  10.55
	 -0.702	  0.150	  0.696
	 -0.030	  0.970	 -0.240
	 -0.711	 -0.189	 -0.677

7 	  39.80	  -7.44	  -4.18
	  0.609	 -0.773	  0.177
	  0.788	  0.615	 -0.026
	 -0.089	  0.156	  0.984

8 	  30.81	  -9.70	   0.60
	 -0.732	 -0.408	  0.546
	  0.004	 -0.803	 -0.595
	  0.682	 -0.434	  0.589

9 	  24.22	 -16.35	   9.32
	 -0.697	 -0.439	  0.567
	  0.047	  0.761	  0.647
	 -0.715	  0.478	 -0.510

2 	  32.77	  -6.80	  22.99
	  0.620	  0.783	 -0.032
	 -0.784	  0.620	 -0.021
	  0.003	  0.038	  0.999

3 	  44.56	  -0.72	   3.09
	  0.319	  0.008	  0.948
	 -0.103	  0.994	  0.025
	 -0.942	 -0.105	  0.318

4 	  39.81	   5.94	  -4.48
	  0.241	  0.938	  0.250
	 -0.965	  0.259	 -0.041
	 -0.103	 -0.232	  0.967

5 	  30.78	   9.95	   0.19
	 -0.678	  0.474	  0.561
	 -0.506	 -0.855	  0.112
	  0.534	 -0.208	  0.820

6 	  24.96	  13.52	  10.46
	 -0.707	  0.153	  0.690
	 -0.029	  0.969	 -0.245
	 -0.706	 -0.193	 -0.681

7 	  39.80	  -7.45	  -4.18
	  0.609	 -0.773	  0.177
	  0.788	  0.615	 -0.026
	 -0.089	  0.155	  0.984

8 	  30.83	  -9.70	   0.56
	 -0.734	 -0.411	  0.540
	  0.005	 -0.799	 -0.601
	  0.679	 -0.438	  0.589

9 	  24.19	 -16.40	   9.19
	 -0.700	 -0.443	  0.560
	  0.043	  0.756	  0.652
	 -0.713	  0.481	 -0.510

2 	  32.77	  -6.80	  22.99
	  0.620	  0.783	 -0.032
	 -0.784	  0.620	 -0.021
	  0.003	  0.038	  0.999

3 	  44.54	  -0.70	   3.09
	  0.321	  0.008	  0.947
	 -0.104	  0.994	  0.026
	 -0.941	 -0.107	  0.320

4 	  39.81	   5.96	  -4.46
	  0.239	  0.938	  0.252
	 -0.966	  0.257	 -0.040
	 -0.102	 -0.234	  0.967

5 	  30.76	   9.95	   0.25
	 -0.678	  0.471	  0.563
	 -0.504	 -0.857	  0.110
	  0.535	 -0.209	  0.818

6 	  24.96	  13.50	  10.51
	 -0.708	  0.152	  0.689
	 -0.029	  0.969	 -0.244
	 -0.705	 -0.193	 -0.682

7 	  39.81	  -7.44	  -4.18
	  0.609	 -0.773	  0.177
	  0.787	  0.616	 -0.025
	 -0.090	  0.155	  0.984

8 	  30.83	  -9.69	   0.56
	 -0.734	 -0.414	  0.539
	  0.006	 -0.797	 -0.604
	  0.680	 -0.440	  0.587

9 	  24.24	 -16.45	   9.19
	 -0.698	 -0.447	  0.559
	  0.044	  0.753	  0.656
	 -0.714	  0.482	 -0.507

2 	  32.77	  -6.80	  22.99
	  0.620	  0.784	 -0.032
	 -0.784	  0.620	 -0.021
	  0.003	  0.038	  0.999

3 	  44.53	  -0.67	   3.09
	  0.325	  0.008	  0.945
	 -0.107	  0.994	  0.028
	 -0.939	 -0.110	  0.324

4 	  39.69	   6.05	  -4.39
	  0.237	  0.937	  0.256
	 -0.967	  0.254	 -0.035
	 -0.098	 -0.240	  0.966

5 	  30.73	  10.09	   0.58
	 -0.669	  0.466	  0.579
	 -0.510	 -0.854	  0.099
	  0.541	 -0.229	  0.809

6 	  25.21	  13.50	  11.00
	 -0.689	  0.147	  0.709
	 -0.032	  0.972	 -0.233
	 -0.724	 -0.184	 -0.665

7 	  39.71	  -7.37	  -4.13
	  0.614	 -0.770	  0.171
	  0.785	  0.619	 -0.036
	 -0.079	  0.156	  0.984

8 	  30.81	  -9.74	   0.91
	 -0.711	 -0.417	  0.567
	  0.001	 -0.806	 -0.591
	  0.703	 -0.420	  0.573

9 	  24.75	 -16.42	  10.04
	 -0.664	 -0.443	  0.603
	  0.074	  0.763	  0.642
	 -0.744	  0.471	 -0.473

2 	  32.77	  -6.80	  22.99
	  0.620	  0.784	 -0.032
	 -0.784	  0.620	 -0.021
	  0.003	  0.038	  0.999

3 	  44.51	  -0.62	   3.13
	  0.333	  0.005	  0.943
	 -0.109	  0.993	  0.033
	 -0.937	 -0.114	  0.331

4 	  39.55	   6.17	  -4.22
	  0.254	  0.928	  0.272
	 -0.964	  0.266	 -0.008
	 -0.080	 -0.261	  0.962

5 	  30.80	  10.27	   1.07
	 -0.637	  0.468	  0.612
	 -0.527	 -0.844	  0.098
	  0.563	 -0.260	  0.785

6 	  25.77	  13.54	  11.83
	 -0.652	  0.142	  0.745
	 -0.033	  0.976	 -0.216
	 -0.758	 -0.165	 -0.631

7 	  39.53	  -7.33	  -4.11
	  0.619	 -0.769	  0.157
	  0.783	  0.618	 -0.059
	 -0.052	  0.160	  0.985

8 	  30.81	  -9.79	   1.28
	 -0.687	 -0.417	  0.596
	 -0.005	 -0.817	 -0.577
	  0.727	 -0.399	  0.558

9 	  25.21	 -16.40	  10.72
	 -0.632	 -0.441	  0.637
	  0.096	  0.771	  0.629
	 -0.769	  0.458	 -0.446

2 	  32.77	  -6.80	  22.99
	  0.620	  0.783	 -0.032
	 -0.784	  0.620	 -0.021
	  0.003	  0.038	  0.999

3 	  44.47	  -0.58	   3.11
	  0.345	  0.006	  0.938
	 -0.110	  0.993	  0.034
	 -0.932	 -0.115	  0.343

4 	  39.43	   6.28	  -4.15
	  0.267	  0.922	  0.280
	 -0.962	  0.274	  0.014
	 -0.064	 -0.273	  0.960

5 	  30.83	  10.39	   1.42
	 -0.614	  0.470	  0.633
	 -0.535	 -0.838	  0.104
	  0.580	 -0.275	  0.767

6 	  26.19	  13.61	  12.38
	 -0.623	  0.142	  0.769
	 -0.038	  0.977	 -0.211
	 -0.782	 -0.160	 -0.603

7 	  39.43	  -7.31	  -4.06
	  0.623	 -0.768	  0.149
	  0.781	  0.619	 -0.078
	 -0.032	  0.165	  0.985

8 	  30.88	  -9.86	   1.63
	 -0.663	 -0.420	  0.619
	 -0.005	 -0.825	 -0.565
	  0.748	 -0.378	  0.545

9 	  25.70	 -16.49	  11.34
	 -0.602	 -0.441	  0.665
	  0.113	  0.778	  0.618
	 -0.790	  0.447	 -0.419

2 	  32.77	  -6.80	  22.99
	  0.620	  0.783	 -0.032
	 -0.784	  0.620	 -0.021
	  0.003	  0.038	  0.999

3 	  44.47	  -0.60	   3.09
	  0.352	  0.008	  0.936
	 -0.110	  0.993	  0.032
	 -0.929	 -0.115	  0.350

4 	  39.32	   6.28	  -4.06
	  0.283	  0.916	  0.283
	 -0.958	  0.284	  0.037
	 -0.046	 -0.281	  0.958

5 	  31.01	  10.48	   1.88
	 -0.577	  0.478	  0.662
	 -0.547	 -0.828	  0.122
	  0.607	 -0.292	  0.739

6 	  27.07	  13.59	  13.17
	 -0.570	  0.139	  0.809
	 -0.044	  0.979	 -0.200
	 -0.820	 -0.149	 -0.552

7 	  39.38	  -7.38	  -3.99
	  0.630	 -0.762	  0.147
	  0.776	  0.622	 -0.103
	 -0.013	  0.179	  0.983

8 	  31.04	 -10.05	   2.09
	 -0.631	 -0.420	  0.652
	 -0.007	 -0.838	 -0.546
	  0.776	 -0.349	  0.525

9 	  26.47	 -16.51	  12.22
	 -0.559	 -0.435	  0.705
	  0.136	  0.791	  0.596
	 -0.818	  0.429	 -0.384

2 	  32.77	  -6.82	  22.99
	  0.620	  0.783	 -0.032
	 -0.784	  0.620	 -0.021
	  0.003	  0.038	  0.999

3 	  44.49	  -0.62	   3.09
	  0.361	  0.018	  0.932
	 -0.117	  0.993	  0.026
	 -0.925	 -0.119	  0.360

4 	  39.18	   6.28	  -3.94
	  0.311	  0.906	  0.285
	 -0.950	  0.303	  0.074
	 -0.020	 -0.294	  0.956

5 	  31.22	  10.62	   2.48
	 -0.525	  0.491	  0.696
	 -0.563	 -0.813	  0.149
	  0.639	 -0.313	  0.702

6 	  28.16	  13.68	  14.06
