% Calibrated with leiden_pols
% Positions are in centimeters
Data =[
 2    98.455   -22.423    59.337
 2     0.824    -0.568    -0.009
 2     0.566     0.821     0.051
 2    -0.020    -0.049     0.998
 3   128.772    -3.814    -2.353
 3     0.536    -0.323    -0.781
 3     0.354     0.924    -0.137
 3     0.766    -0.203     0.609
 4   114.879    18.083    -8.898
 4     0.519    -0.738     0.432
 4     0.780     0.203    -0.591
 4     0.349     0.643     0.681
 5   108.941    28.409    14.612
 5    -0.251    -0.680     0.689
 5     0.371    -0.725    -0.581
 5     0.894     0.110     0.434
 6   112.518    33.011    41.375
 6    -0.152    -0.399    -0.904
 6     0.145     0.896    -0.420
 6     0.978    -0.196    -0.079
 7   112.651   -21.663    -9.621
 7     0.681     0.542     0.493
 7    -0.731     0.466     0.498
 7     0.040    -0.699     0.713
 8   108.186   -32.047    11.289
 8    -0.194     0.789     0.582
 8    -0.344    -0.611     0.713
 8     0.918    -0.062     0.390
 9   109.197   -36.823    38.588
 9    -0.118     0.473    -0.873
 9    -0.031     0.877     0.479
 9     0.992     0.083    -0.089
 2    98.455   -22.423    59.337
 2     0.824    -0.568    -0.009
 2     0.566     0.821     0.051
 2    -0.020    -0.049     0.998
 3   128.508    -3.891    -2.303
 3     0.536    -0.308    -0.787
 3     0.351     0.927    -0.123
 3     0.767    -0.211     0.605
 4   114.782    18.084    -8.849
 4     0.517    -0.741     0.429
 4     0.781     0.204    -0.590
 4     0.350     0.639     0.684
 5   108.897    28.410    14.655
 5    -0.249    -0.681     0.688
 5     0.370    -0.724    -0.582
 5     0.895     0.110     0.432
 6   112.888    32.910    41.300
 6    -0.141    -0.397    -0.907
 6     0.143     0.898    -0.415
 6     0.979    -0.189    -0.071
 7   112.467   -21.590    -9.635
 7     0.683     0.540     0.493
 7    -0.730     0.469     0.496
 7     0.036    -0.699     0.714
 8   108.379   -32.384    11.022
 8    -0.183     0.794     0.579
 8    -0.359    -0.602     0.713
 8     0.915    -0.078     0.396
 9   110.084   -37.441    38.067
 9    -0.099     0.464    -0.881
 9    -0.048     0.881     0.469
 9     0.994     0.089    -0.066
 2    98.455   -22.423    59.337
 2     0.824    -0.568    -0.009
 2     0.566     0.821     0.051
 2    -0.020    -0.049     0.998
 3   128.553    -3.893    -2.426
 3     0.539    -0.308    -0.785
 3     0.350     0.928    -0.123
 3     0.766    -0.209     0.607
 4   114.741    18.125    -8.957
 4     0.529    -0.732     0.429
 4     0.776     0.213    -0.593
 4     0.343     0.646     0.681
 5   109.371    28.590    14.671
 5    -0.232    -0.685     0.691
 5     0.372    -0.719    -0.587
 5     0.898     0.121     0.422
 6   113.618    33.013    41.256
 6    -0.129    -0.396    -0.909
 6     0.142     0.900    -0.411
 6     0.981    -0.183    -0.060
 7   112.550   -21.541    -9.821
 7     0.691     0.530     0.493
 7    -0.722     0.478     0.500
 7     0.029    -0.700     0.712
 8   108.781   -32.571    10.843
 8    -0.172     0.799     0.575
 8    -0.366    -0.594     0.716
 8     0.914    -0.088     0.395
 9   110.625   -37.617    37.958
 9    -0.093     0.458    -0.884
 9    -0.051     0.884     0.463
 9     0.994     0.089    -0.060
 2    98.452   -22.398    59.339
 2     0.823    -0.568    -0.009
 2     0.567     0.821     0.052
 2    -0.021    -0.049     0.998
 3   128.763    -3.899    -2.790
 3     0.545    -0.308    -0.781
 3     0.349     0.928    -0.121
 3     0.762    -0.207     0.613
 4   114.931    18.068    -9.094
 4     0.537    -0.728     0.429
 4     0.773     0.221    -0.594
 4     0.338     0.649     0.681
 5   109.867    28.569    14.595
 5    -0.224    -0.688     0.690
 5     0.371    -0.715    -0.592
 5     0.901     0.124     0.416
 6   114.301    32.865    41.166
 6    -0.120    -0.389    -0.913
 6     0.139     0.904    -0.403
 6     0.983    -0.176    -0.054
 7   112.621   -21.542    -9.892
 7     0.691     0.529     0.494
 7    -0.722     0.479     0.498
 7     0.027    -0.700     0.712
 8   109.112   -32.660    10.839
 8    -0.164     0.799     0.578
 8    -0.369    -0.594     0.715
 8     0.914    -0.096     0.392
 9   111.305   -37.740    37.839
 9    -0.080     0.461    -0.884
 9    -0.054     0.883     0.465
 9     0.995     0.085    -0.047
 2    98.503   -22.423    59.339
 2     0.824    -0.568    -0.009
 2     0.566     0.821     0.052
 2    -0.021    -0.049     0.998
 3   128.834    -3.951    -2.811
 3     0.546    -0.309    -0.779
 3     0.349     0.928    -0.122
 3     0.761    -0.206     0.614
 4   114.921    18.013    -9.107
 4     0.537    -0.727     0.429
 4     0.774     0.223    -0.591
 4     0.334     0.649     0.682
 5   109.794    28.765    14.489
 5    -0.224    -0.687     0.691
 5     0.381    -0.715    -0.587
 5     0.897     0.131     0.422
 6   114.252    33.263    41.064
 6    -0.121    -0.388    -0.913
 6     0.147     0.903    -0.403
 6     0.981    -0.184    -0.052
 7   112.666   -21.594    -9.936
 7     0.691     0.528     0.495
 7    -0.723     0.480     0.497
 7     0.025    -0.701     0.712
 8   109.141   -32.654    10.887
 8    -0.160     0.799     0.580
 8    -0.372    -0.593     0.714
 8     0.914    -0.101     0.392
 9   111.442   -37.831    37.843
 9    -0.079     0.460    -0.884
 9    -0.056     0.883     0.464
 9     0.995     0.087    -0.044
 2    98.502   -22.423    59.339
 2     0.823    -0.568    -0.009
 2     0.567     0.821     0.052
 2    -0.021    -0.049     0.998
 3   128.756    -3.901    -2.865
 3     0.548    -0.314    -0.776
 3     0.346     0.928    -0.129
 3     0.761    -0.199     0.617
 4   114.719    18.168    -9.088
 4     0.532    -0.726     0.437
 4     0.778     0.214    -0.590
 4     0.335     0.653     0.678
 5   109.573    28.574    14.758
 5    -0.224    -0.678     0.700
 5     0.365    -0.724    -0.584
 5     0.903     0.125     0.410
 6   114.150    32.669    41.364
 6    -0.114    -0.398    -0.910
 6     0.129     0.902    -0.411
 6     0.985    -0.166    -0.052
 7   112.567   -21.427   -10.030
 7     0.690     0.525     0.500
 7    -0.724     0.485     0.490
 7     0.014    -0.699     0.714
 8   109.074   -32.475    10.702
 8    -0.160     0.797     0.582
 8    -0.371    -0.595     0.713
 8     0.915    -0.102     0.391
 9   111.389   -37.554    37.661
 9    -0.077     0.462    -0.884
 9    -0.054     0.883     0.466
 9     0.995     0.084    -0.044
 2    98.452   -22.423    59.339
 2     0.823    -0.568    -0.009
 2     0.567     0.821     0.052
 2    -0.021    -0.049     0.998
 3   128.764    -3.621    -2.932
 3     0.547    -0.317    -0.776
 3     0.341     0.929    -0.138
 3     0.764    -0.190     0.616
 4   114.671    18.374    -8.945
 4     0.531    -0.724     0.443
 4     0.777     0.208    -0.593
 4     0.337     0.658     0.672
 5   109.718    28.604    14.909
 5    -0.216    -0.677     0.704
 5     0.362    -0.725    -0.586
 5     0.906     0.128     0.402
 6   114.493    32.746    41.413
 6    -0.108    -0.399    -0.911
 6     0.129     0.902    -0.411
 6     0.986    -0.162    -0.046
 7   112.709   -21.158   -10.220
 7     0.693     0.518     0.503
 7    -0.721     0.496     0.482
 7     0.000    -0.696     0.717
 8   109.729   -32.448    10.476
 8    -0.140     0.801     0.582
 8    -0.382    -0.586     0.714
 8     0.913    -0.123     0.388
 9   112.822   -37.600    37.320
 9    -0.054     0.458    -0.888
 9    -0.063     0.885     0.460
 9     0.996     0.082    -0.020
 2    98.454   -22.422    59.336
 2     0.823    -0.568    -0.010
 2     0.567     0.821     0.051
 2    -0.020    -0.049     0.998
 3   128.764    -3.493    -2.940
 3     0.546    -0.324    -0.773
 3     0.340     0.928    -0.147
 3     0.765    -0.183     0.617
 4   114.671    18.477    -8.950
 4     0.527    -0.724     0.446
 4     0.779     0.203    -0.592
 4     0.338     0.659     0.671
 5   109.294    28.601    14.709
 5    -0.229    -0.672     0.704
 5     0.364    -0.730    -0.578
 5     0.903     0.124     0.411
