% Calibrated with leiden_pols
% Positions are in centimeters
Data =[
 2    98.455   -22.423    59.337
 2     0.824    -0.568    -0.009
 2     0.566     0.821     0.051
 2    -0.020    -0.049     0.998
 3   128.772    -3.814    -2.353
 3     0.536    -0.323    -0.781
 3     0.354     0.924    -0.137
 3     0.766    -0.203     0.609
 4   114.879    18.083    -8.898
 4     0.519    -0.738     0.432
 4     0.780     0.203    -0.591
 4     0.349     0.643     0.681
 5   108.941    28.409    14.612
 5    -0.251    -0.680     0.689
 5     0.371    -0.725    -0.581
 5     0.894     0.110     0.434
 6   112.518    33.011    41.375
 6    -0.152    -0.399    -0.904
 6     0.145     0.896    -0.420
 6     0.978    -0.196    -0.079
 7   112.651   -21.663    -9.621
 7     0.681     0.542     0.493
 7    -0.731     0.466     0.498
 7     0.040    -0.699     0.713
 8   108.186   -32.047    11.289
 8    -0.194     0.789     0.582
 8    -0.344    -0.611     0.713
 8     0.918    -0.062     0.390
 9   109.197   -36.823    38.588
 9    -0.118     0.473    -0.873
 9    -0.031     0.877     0.479
 9     0.992     0.083    -0.089
 2    98.455   -22.423    59.337
 2     0.824    -0.568    -0.009
 2     0.566     0.821     0.051
 2    -0.020    -0.049     0.998
 3   128.508    -3.891    -2.303
 3     0.536    -0.308    -0.787
 3     0.351     0.927    -0.123
 3     0.767    -0.211     0.605
 4   114.782    18.084    -8.849
 4     0.517    -0.741     0.429
 4     0.781     0.204    -0.590
 4     0.350     0.639     0.684
 5   108.897    28.410    14.655
 5    -0.249    -0.681     0.688
 5     0.370    -0.724    -0.582
 5     0.895     0.110     0.432
 6   112.888    32.910    41.300
 6    -0.141    -0.397    -0.907
 6     0.143     0.898    -0.415
 6     0.979    -0.189    -0.071
 7   112.467   -21.590    -9.635
 7     0.683     0.540     0.493
 7    -0.730     0.469     0.496
 7     0.036    -0.699     0.714
 8   108.379   -32.384    11.022
 8    -0.183     0.794     0.579
 8    -0.359    -0.602     0.713
 8     0.915    -0.078     0.396
 9   110.084   -37.441    38.067
 9    -0.099     0.464    -0.881
 9    -0.048     0.881     0.469
 9     0.994     0.089    -0.066
 2    98.455   -22.423    59.337
 2     0.824    -0.568    -0.009
 2     0.566     0.821     0.051
 2    -0.020    -0.049     0.998
 3   128.553    -3.893    -2.426
 3     0.539    -0.308    -0.785
 3     0.350     0.928    -0.123
 3     0.766    -0.209     0.607
 4   114.741    18.125    -8.957
 4     0.529    -0.732     0.429
 4     0.776     0.213    -0.593
 4     0.343     0.646     0.681
 5   109.371    28.590    14.671
 5    -0.232    -0.685     0.691
 5     0.372    -0.719    -0.587
 5     0.898     0.121     0.422
 6   113.618    33.013    41.256
 6    -0.129    -0.396    -0.909
 6     0.142     0.900    -0.411
 6     0.981    -0.183    -0.060
 7   112.550   -21.541    -9.821
 7     0.691     0.530     0.493
 7    -0.722     0.478     0.500
 7     0.029    -0.700     0.712
 8   108.781   -32.571    10.843
 8    -0.172     0.799     0.575
 8    -0.366    -0.594     0.716
 8     0.914    -0.088     0.395
 9   110.625   -37.617    37.958
 9    -0.093     0.458    -0.884
 9    -0.051     0.884     0.463
 9     0.994     0.089    -0.060
 2    98.452   -22.398    59.339
 2     0.823    -0.568    -0.009
 2     0.567     0.821     0.052
 2    -0.021    -0.049     0.998
 3   128.763    -3.899    -2.790
 3     0.545    -0.308    -0.781
 3     0.349     0.928    -0.121
 3     0.762    -0.207     0.613
 4   114.931    18.068    -9.094
 4     0.537    -0.728     0.429
 4     0.773     0.221    -0.594
 4     0.338     0.649     0.681
 5   109.867    28.569    14.595
 5    -0.224    -0.688     0.690
 5     0.371    -0.715    -0.592
 5     0.901     0.124     0.416
 6   114.301    32.865    41.166
 6    -0.120    -0.389    -0.913
 6     0.139     0.904    -0.403
 6     0.983    -0.176    -0.054
 7   112.621   -21.542    -9.892
 7     0.691     0.529     0.494
 7    -0.722     0.479     0.498
 7     0.027    -0.700     0.712
 8   109.112   -32.660    10.839
 8    -0.164     0.799     0.578
 8    -0.369    -0.594     0.715
 8     0.914    -0.096     0.392
 9   111.305   -37.740    37.839
 9    -0.080     0.461    -0.884
 9    -0.054     0.883     0.465
 9     0.995     0.085    -0.047
 2    98.503   -22.423    59.339
 2     0.824    -0.568    -0.009
 2     0.566     0.821     0.052
 2    -0.021    -0.049     0.998
 3   128.834    -3.951    -2.811
 3     0.546    -0.309    -0.779
 3     0.349     0.928    -0.122
 3     0.761    -0.206     0.614
 4   114.921    18.013    -9.107
 4     0.537    -0.727     0.429
 4     0.774     0.223    -0.591
 4     0.334     0.649     0.682
 5   109.794    28.765    14.489
 5    -0.224    -0.687     0.691
 5     0.381    -0.715    -0.587
 5     0.897     0.131     0.422
 6   114.252    33.263    41.064
 6    -0.121    -0.388    -0.913
 6     0.147     0.903    -0.403
 6     0.981    -0.184    -0.052
 7   112.666   -21.594    -9.936
 7     0.691     0.528     0.495
 7    -0.723     0.480     0.497
 7     0.025    -0.701     0.712
 8   109.141   -32.654    10.887
 8    -0.160     0.799     0.580
 8    -0.372    -0.593     0.714
 8     0.914    -0.101     0.392
 9   111.442   -37.831    37.843
 9    -0.079     0.460    -0.884
 9    -0.056     0.883     0.464
 9     0.995     0.087    -0.044
 2    98.502   -22.423    59.339
 2     0.823    -0.568    -0.009
 2     0.567     0.821     0.052
 2    -0.021    -0.049     0.998
 3   128.756    -3.901    -2.865
 3     0.548    -0.314    -0.776
 3     0.346     0.928    -0.129
 3     0.761    -0.199     0.617
 4   114.719    18.168    -9.088
 4     0.532    -0.726     0.437
 4     0.778     0.214    -0.590
 4     0.335     0.653     0.678
 5   109.573    28.574    14.758
 5    -0.224    -0.678     0.700
 5     0.365    -0.724    -0.584
 5     0.903     0.125     0.410
 6   114.150    32.669    41.364
 6    -0.114    -0.398    -0.910
 6     0.129     0.902    -0.411
 6     0.985    -0.166    -0.052
 7   112.567   -21.427   -10.030
 7     0.690     0.525     0.500
 7    -0.724     0.485     0.490
 7     0.014    -0.699     0.714
 8   109.074   -32.475    10.702
 8    -0.160     0.797     0.582
 8    -0.371    -0.595     0.713
 8     0.915    -0.102     0.391
 9   111.389   -37.554    37.661
 9    -0.077     0.462    -0.884
 9    -0.054     0.883     0.466
 9     0.995     0.084    -0.044
 2    98.452   -22.423    59.339
 2     0.823    -0.568    -0.009
 2     0.567     0.821     0.052
 2    -0.021    -0.049     0.998
 3   128.764    -3.621    -2.932
 3     0.547    -0.317    -0.776
 3     0.341     0.929    -0.138
 3     0.764    -0.190     0.616
 4   114.671    18.374    -8.945
 4     0.531    -0.724     0.443
 4     0.777     0.208    -0.593
 4     0.337     0.658     0.672
 5   109.718    28.604    14.909
 5    -0.216    -0.677     0.704
 5     0.362    -0.725    -0.586
 5     0.906     0.128     0.402
 6   114.493    32.746    41.413
 6    -0.108    -0.399    -0.911
 6     0.129     0.902    -0.411
 6     0.986    -0.162    -0.046
 7   112.709   -21.158   -10.220
 7     0.693     0.518     0.503
 7    -0.721     0.496     0.482
 7     0.000    -0.696     0.717
 8   109.729   -32.448    10.476
 8    -0.140     0.801     0.582
 8    -0.382    -0.586     0.714
 8     0.913    -0.123     0.388
 9   112.822   -37.600    37.320
 9    -0.054     0.458    -0.888
 9    -0.063     0.885     0.460
 9     0.996     0.082    -0.020
 2    98.454   -22.422    59.336
 2     0.823    -0.568    -0.010
 2     0.567     0.821     0.051
 2    -0.020    -0.049     0.998
 3   128.764    -3.493    -2.940
 3     0.546    -0.324    -0.773
 3     0.340     0.928    -0.147
 3     0.765    -0.183     0.617
 4   114.671    18.477    -8.950
 4     0.527    -0.724     0.446
 4     0.779     0.203    -0.592
 4     0.338     0.659     0.671
 5   109.294    28.601    14.709
 5    -0.229    -0.672     0.704
 5     0.364    -0.730    -0.578
 5     0.903     0.124     0.411
 6   113.564    32.869    41.411
 6    -0.127    -0.401    -0.907
 6     0.132     0.899    -0.416
 6     0.983    -0.173    -0.062
 7   112.614   -21.158   -10.122
 7     0.689     0.521     0.504
 7    -0.724     0.494     0.481
 7     0.002    -0.696     0.717
 8   109.140   -32.165    10.788
 8    -0.156     0.794     0.587
 8    -0.366    -0.599     0.713
 8     0.917    -0.104     0.383
 9   111.503   -37.036    37.813
 9    -0.071     0.468    -0.881
 9    -0.045     0.881     0.471
 9     0.996     0.074    -0.043
 2    98.452   -22.398    59.339
 2     0.823    -0.568    -0.009
 2     0.567     0.821     0.052
 2    -0.021    -0.049     0.998
 3   128.699    -3.624    -2.786
 3     0.550    -0.320    -0.773
 3     0.346     0.927    -0.136
 3     0.760    -0.193     0.620
 4   114.750    18.352    -9.051
 4     0.525    -0.728     0.441
 4     0.780     0.205    -0.590
 4     0.339     0.654     0.676
 5   109.344    28.398    14.650
 5    -0.239    -0.677     0.696
 5     0.358    -0.727    -0.586
 5     0.903     0.109     0.416
 6   113.412    32.468    41.377
 6    -0.134    -0.391    -0.911
 6     0.127     0.904    -0.407
 6     0.983    -0.172    -0.072
 7   112.415   -21.281    -9.944
 7     0.682     0.529     0.505
 7    -0.731     0.481     0.483
 7     0.012    -0.698     0.715
 8   108.834   -31.995    11.067
 8    -0.162     0.790     0.591
 8    -0.354    -0.606     0.712
 8     0.921    -0.094     0.378
 9   111.066   -36.739    38.188
 9    -0.076     0.473    -0.878
 9    -0.037     0.878     0.476
 9     0.996     0.069    -0.050
 2    98.452   -22.398    59.339
 2     0.823    -0.568    -0.009
 2     0.567     0.821     0.052
 2    -0.021    -0.049     0.998
 3   128.515    -3.679    -2.721
 3     0.553    -0.317    -0.772
 3     0.346     0.928    -0.131
 3     0.757    -0.195     0.622
 4   114.575    18.427    -8.875
 4     0.527    -0.726     0.443
 4     0.779     0.204    -0.592
 4     0.339     0.656     0.673
 5   109.588    28.924    14.944
 5    -0.221    -0.681     0.698
 5     0.372    -0.721    -0.585
 5     0.901     0.130     0.412
 6   114.178    33.716    41.638
 6    -0.132    -0.365    -0.922
 6     0.155     0.910    -0.383
 6     0.979    -0.194    -0.064
 7   112.242   -21.204    -9.846
 7     0.682     0.530     0.505
 7    -0.731     0.481     0.483
 7     0.013    -0.698     0.715
 8   109.146   -32.012    11.023
 8    -0.156     0.802     0.576
 8    -0.362    -0.589     0.723
 8     0.919    -0.096     0.382
 9   111.854   -36.804    38.066
 9    -0.080     0.429    -0.900
 9    -0.047     0.900     0.433
 9     0.995     0.077    -0.052
 2    98.452   -22.398    59.339
 2     0.823    -0.568    -0.009
 2     0.567     0.821     0.052
 2    -0.021    -0.049     0.998
 3   128.575    -3.370    -2.641
 3     0.550    -0.326    -0.770
 3     0.344     0.927    -0.145
 3     0.761    -0.186     0.621
 4   114.430    18.771    -8.058
 4     0.549    -0.699     0.460
 4     0.766     0.201    -0.609
 4     0.333     0.686     0.646
 5   113.007    29.942    16.484
 5    -0.100    -0.697     0.711
 5     0.393    -0.684    -0.615
 5     0.914     0.218     0.342
 6   121.092    35.073    41.923
 6    -0.016    -0.309    -0.951
 6     0.190     0.932    -0.306
 6     0.981    -0.186     0.043
 7   112.308   -20.903    -9.579
 7     0.699     0.509     0.503
 7    -0.715     0.499     0.489
 7    -0.002    -0.701     0.712
 8   112.666   -33.092    11.994
 8    -0.017     0.832     0.555
 8    -0.398    -0.515     0.759
 8     0.917    -0.208     0.339
 9   119.882   -37.890    37.657
 9     0.053     0.327    -0.943
 9    -0.092     0.942     0.322
 9     0.994     0.069     0.080
 2    98.452   -22.398    59.339
 2     0.823    -0.568    -0.009
 2     0.567     0.821     0.052
 2    -0.021    -0.049     0.998
 3   128.226    -3.513    -2.908
 3     0.563    -0.326    -0.760
 3     0.351     0.926    -0.134
 3     0.747    -0.192     0.635
 4   114.185    18.390    -8.357
 4     0.627    -0.617     0.477
 4     0.729     0.251    -0.635
 4     0.272     0.746     0.607
 5   120.320    30.632    16.137
 5     0.202    -0.660     0.725
 5     0.427    -0.607    -0.670
 5     0.882     0.443     0.160
 6   134.919    35.757    38.069
 6     0.260    -0.225    -0.939
 6     0.235     0.958    -0.165
 6     0.936    -0.178     0.301
 7   111.638   -21.396    -9.052
 7     0.712     0.460     0.531
 7    -0.701     0.500     0.507
 7    -0.032    -0.733     0.679
 8   119.528   -33.907    12.706
 8     0.295     0.778     0.556
 8    -0.412    -0.421     0.808
 8     0.862    -0.467     0.196
 9   133.869   -37.503    34.944
 9     0.343     0.203    -0.917
 9    -0.103     0.978     0.179
 9     0.933     0.032     0.356
 2    98.455   -22.423    59.337
 2     0.824    -0.568    -0.010
 2     0.566     0.821     0.051
 2    -0.020    -0.049     0.998
 3   128.071    -3.626    -3.273
 3     0.571    -0.338    -0.750
 3     0.370     0.919    -0.131
 3     0.732    -0.203     0.649
 4   113.588    17.799    -9.773
 4     0.717    -0.465     0.520
 4     0.680     0.305    -0.666
 4     0.150     0.831     0.534
 5   127.975    28.970    12.017
 5     0.540    -0.527     0.658
 5     0.393    -0.532    -0.748
 5     0.744     0.662    -0.080
 6   148.110    32.097    27.756
 6     0.563    -0.129    -0.816
 6     0.206     0.979    -0.014
 6     0.800    -0.160     0.578
 7   111.675   -21.496    -9.341
 7     0.713     0.420     0.561
 7    -0.694     0.534     0.482
 7    -0.097    -0.733     0.672
 8   126.520   -33.061    11.330
 8     0.598     0.592     0.542
 8    -0.374    -0.391     0.840
 8     0.709    -0.704    -0.013
 9   146.475   -35.059    27.298
 9     0.618     0.116    -0.777
 9    -0.080     0.993     0.087
 9     0.782     0.008     0.623
 2    98.454   -22.422    59.336
 2     0.823    -0.568    -0.010
 2     0.567     0.821     0.051
 2    -0.020    -0.049     0.998
 3   127.869    -3.988    -3.679
 3     0.576    -0.326    -0.751
 3     0.382     0.917    -0.103
 3     0.722    -0.228     0.652
 4   112.659    16.428   -11.569
 4     0.762    -0.317     0.565
 4     0.646     0.410    -0.644
 4    -0.028     0.855     0.516
 5   133.552    26.801     5.589
 5     0.781    -0.347     0.521
 5     0.346    -0.453    -0.821
 5     0.520     0.821    -0.235
 6   156.474    28.269    14.463
 6     0.787    -0.047    -0.615
 6     0.168     0.976     0.137
 6     0.593    -0.213     0.776
 7   111.156   -21.865    -9.829
 7     0.708     0.386     0.593
 7    -0.685     0.579     0.441
 7    -0.173    -0.718     0.674
 8   131.677   -31.527     8.095
 8     0.818     0.357     0.451
 8    -0.296    -0.410     0.862
 8     0.493    -0.839    -0.230
 9   154.576   -31.394    16.906
 9     0.822     0.030    -0.569
 9    -0.012     0.999     0.040
 9     0.569    -0.025     0.821
 2    98.454   -22.422    59.336
 2     0.823    -0.568    -0.010
 2     0.567     0.821     0.051
 2    -0.020    -0.049     0.998
 3   127.447    -4.540    -4.187
 3     0.590    -0.326    -0.740
 3     0.403     0.911    -0.078
 3     0.699    -0.253     0.668
 4   110.915    14.578   -12.868
 4     0.757    -0.212     0.618
 4     0.627     0.499    -0.598
 4    -0.182     0.840     0.510
 5   135.384    24.673    -0.497
 5     0.899    -0.171     0.404
 5     0.307    -0.410    -0.858
 5     0.312     0.896    -0.317
 6   158.984    25.199     2.996
 6     0.909    -0.033    -0.415
 6     0.137     0.965     0.220
 6     0.392    -0.259     0.883
 7   110.460   -22.574    -9.847
 7     0.724     0.321     0.611
 7    -0.644     0.632     0.431
 7    -0.248    -0.705     0.664
 8   134.277   -31.045     4.255
 8     0.931     0.154     0.332
 8    -0.239    -0.429     0.870
 8     0.277    -0.890    -0.363
 9   158.048   -29.432     6.511
 9     0.937    -0.031    -0.348
 9     0.038     0.999     0.017
 9     0.347    -0.027     0.937
 2    98.454   -22.422    59.336
 2     0.823    -0.568    -0.010
 2     0.567     0.821     0.051
 2    -0.020    -0.049     0.998
 3   126.677    -5.516    -4.704
 3     0.623    -0.358    -0.697
 3     0.410     0.906    -0.097
 3     0.666    -0.225     0.710
 4   109.514    13.196   -13.209
 4     0.742    -0.150     0.654
 4     0.614     0.543    -0.573
 4    -0.270     0.826     0.495
 5   135.268    23.110    -3.152
 5     0.931    -0.093     0.352
 5     0.287    -0.406    -0.867
 5     0.223     0.909    -0.353
 6   158.835    23.184    -2.191
 6     0.949    -0.033    -0.312
 6     0.113     0.964     0.239
 6     0.293    -0.265     0.919
 7   108.850   -23.141    -9.479
 7     0.693     0.255     0.674
 7    -0.648     0.631     0.427
 7    -0.317    -0.733     0.602
 8   134.255   -30.757     1.983
 8     0.963     0.045     0.264
 8    -0.218    -0.439     0.871
 8     0.156    -0.897    -0.414
 9   157.996   -28.710     1.206
 9     0.971    -0.052    -0.232
 9     0.055     0.998     0.012
 9     0.231    -0.023     0.972
 2    98.454   -22.422    59.362
 2     0.823    -0.568    -0.010
 2     0.567     0.821     0.051
 2    -0.020    -0.049     0.998
 3   126.705    -5.938    -5.343
 3     0.641    -0.381    -0.668
 3     0.398     0.907    -0.133
 3     0.656    -0.180     0.732
 4   109.817    12.644   -13.657
 4     0.737    -0.138     0.661
 4     0.609     0.557    -0.564
 4    -0.291     0.819     0.494
 5   135.658    22.744    -4.108
 5     0.934    -0.078     0.350
 5     0.290    -0.407    -0.866
 5     0.209     0.910    -0.358
 6   159.070    22.890    -3.306
 6     0.955    -0.032    -0.294
 6     0.108     0.963     0.245
 6     0.275    -0.268     0.924
 7   109.879   -22.984    -9.732
 7     0.694     0.245     0.676
 7    -0.646     0.627     0.436
 7    -0.317    -0.739     0.594
 8   135.203   -30.699     1.788
 8     0.960     0.044     0.276
 8    -0.227    -0.452     0.862
 8     0.163    -0.891    -0.425
 9   158.827   -28.886     1.019
 9     0.971    -0.047    -0.235
 9     0.049     0.999     0.008
 9     0.234    -0.018     0.972
 2    98.454   -22.422    59.336
 2     0.823    -0.568    -0.010
 2     0.567     0.821     0.051
 2    -0.020    -0.049     0.998
 3   129.038    -5.596    -5.902
 3     0.634    -0.364    -0.684
 3     0.395     0.910    -0.116
 3     0.665    -0.196     0.720
 4   112.973    13.235   -14.982
 4     0.751    -0.154     0.643
 4     0.597     0.574    -0.560
 4    -0.283     0.804     0.522
 5   138.525    23.134    -4.425
 5     0.929    -0.120     0.352
 5     0.278    -0.402    -0.872
 5     0.245     0.908    -0.341
 6   161.793    22.616    -2.948
 6     0.946     0.001    -0.326
 6     0.090     0.960     0.262
 6     0.312    -0.280     0.908
 7   111.435   -22.013   -10.460
 7     0.684     0.275     0.676
 7    -0.664     0.618     0.420
 7    -0.302    -0.737     0.604
 8   136.207   -30.396     1.369
 8     0.950     0.032     0.310
 8    -0.261    -0.463     0.846
 8     0.170    -0.886    -0.432
 9   159.660   -29.648     0.629
 9     0.969    -0.007    -0.248
 9     0.007     1.000     0.003
 9     0.247    -0.002     0.969
 2    98.452   -22.423    59.339
 2     0.823    -0.568    -0.009
 2     0.567     0.821     0.052
 2    -0.021    -0.049     0.998
 3   129.349    -4.624    -6.204
 3     0.633    -0.339    -0.697
 3     0.364     0.923    -0.117
 3     0.683    -0.179     0.707
 4   113.218    14.557   -15.112
 4     0.762    -0.132     0.633
 4     0.575     0.586    -0.571
 4    -0.297     0.799     0.522
 5   139.357    23.203    -5.322
 5     0.952    -0.099     0.290
 5     0.228    -0.402    -0.886
 5     0.204     0.910    -0.361
 6   162.553    21.364    -5.298
 6     0.965     0.037    -0.259
 6     0.036     0.963     0.265
 6     0.258    -0.268     0.929
 7   110.143   -20.620   -10.846
 7     0.670     0.242     0.701
 7    -0.651     0.646     0.399
 7    -0.357    -0.724     0.590
 8   135.731   -29.245    -1.309
 8     0.963    -0.040     0.266
 8    -0.257    -0.428     0.866
 8     0.079    -0.903    -0.423
 9   159.163   -28.423    -4.071
 9     0.985    -0.011    -0.169
 9     0.003     0.999    -0.046
 9     0.169     0.046     0.984
 2    98.455   -22.423    59.337
 2     0.824    -0.568    -0.010
 2     0.566     0.821     0.052
 2    -0.020    -0.049     0.998
 3   127.911    -4.314    -6.648
 3     0.651    -0.356    -0.672
 3     0.346     0.925    -0.152
 3     0.675    -0.134     0.725
 4   110.803    14.516   -14.706
 4     0.740    -0.094     0.666
 4     0.581     0.587    -0.563
 4    -0.339     0.803     0.489
 5   137.810    22.557    -6.524
 5     0.967    -0.044     0.250
 5     0.208    -0.425    -0.880
 5     0.145     0.904    -0.402
 6   160.884    20.254    -8.238
 6     0.983     0.038    -0.181
 6     0.009     0.968     0.249
 6     0.184    -0.249     0.951
 7   108.760   -21.114   -10.869
 7     0.670     0.185     0.719
 7    -0.621     0.671     0.406
 7    -0.407    -0.718     0.564
 8   135.357   -28.632    -3.378
 8     0.979    -0.092     0.180
 8    -0.202    -0.412     0.888
 8    -0.008    -0.906    -0.422
 9   158.583   -26.173    -8.676
 9     0.995    -0.063    -0.076
 9     0.055     0.994    -0.087
 9     0.080     0.083     0.993
 2    98.452   -22.398    59.339
 2     0.823    -0.568    -0.010
 2     0.567     0.821     0.052
 2    -0.021    -0.049     0.998
 3   127.344    -4.784    -7.110
 3     0.663    -0.376    -0.649
 3     0.341     0.921    -0.184
 3     0.666    -0.099     0.738
 4   109.945    13.979   -14.563
 4     0.725    -0.088     0.683
 4     0.593     0.582    -0.555
 4    -0.349     0.808     0.474
 5   137.042    22.303    -6.600
 5     0.965    -0.031     0.258
 5     0.219    -0.438    -0.871
 5     0.140     0.898    -0.417
 6   160.240    20.291    -8.833
 6     0.985     0.028    -0.168
 6     0.013     0.971     0.235
 6     0.168    -0.236     0.957
 7   108.791   -21.530   -11.046
 7     0.673     0.164     0.721
 7    -0.605     0.682     0.410
 7    -0.425    -0.712     0.558
 8   135.531   -28.822    -4.130
 8     0.981    -0.107     0.161
 8    -0.191    -0.407     0.893
 8    -0.030    -0.907    -0.420
 9   158.521   -25.911   -10.016
 9     0.996    -0.073    -0.050
 9     0.067     0.993    -0.099
 9     0.056     0.096     0.994
 2    98.452   -22.398    59.339
 2     0.823    -0.568    -0.009
 2     0.567     0.821     0.052
 2    -0.021    -0.049     0.998
 3   127.642    -4.952    -7.122
 3     0.654    -0.398    -0.645
 3     0.354     0.912    -0.203
 3     0.668    -0.095     0.737
 4   109.809    13.213   -14.827
 4     0.703    -0.106     0.703
 4     0.611     0.594    -0.522
 4    -0.363     0.797     0.482
 5   136.660    22.613    -6.943
 5     0.958    -0.007     0.285
 5     0.253    -0.440    -0.861
 5     0.131     0.898    -0.421
 6   159.905    21.048    -9.266
 6     0.987     0.005    -0.161
 6     0.032     0.973     0.226
 6     0.157    -0.231     0.960
 7   109.313   -22.045   -10.863
 7     0.686     0.162     0.709
 7    -0.599     0.679     0.424
 7    -0.413    -0.715     0.563
 8   136.014   -28.866    -3.878
 8     0.982    -0.106     0.154
 8    -0.185    -0.421     0.888
 8    -0.029    -0.901    -0.433
 9   158.925   -25.684    -9.991
 9     0.995    -0.085    -0.040
 9     0.081     0.992    -0.091
 9     0.047     0.088     0.995
 2    98.452   -22.398    59.339
 2     0.823    -0.568    -0.009
 2     0.567     0.821     0.052
 2    -0.021    -0.049     0.998
 3   127.419    -4.947    -6.904
 3     0.648    -0.412    -0.642
 3     0.361     0.906    -0.216
 3     0.670    -0.092     0.736
 4   109.005    12.879   -14.573
 4     0.685    -0.116     0.719
 4     0.626     0.599    -0.499
 4    -0.373     0.792     0.482
 5   135.774    22.873    -6.774
 5     0.953     0.006     0.302
 5     0.273    -0.447    -0.851
 5     0.130     0.894    -0.429
 6   159.130    21.856    -9.277
 6     0.987    -0.011    -0.157
 6     0.046     0.974     0.219
 6     0.150    -0.225     0.963
 7   108.723   -22.101   -10.634
 7     0.687     0.149     0.711
 7    -0.592     0.682     0.429
 7    -0.421    -0.716     0.556
 8   135.639   -28.593    -3.924
 8     0.984    -0.111     0.141
 8    -0.175    -0.419     0.891
 8    -0.040    -0.901    -0.432
 9   158.480   -25.138   -10.556
 9     0.995    -0.099    -0.020
 9     0.096     0.990    -0.095
 9     0.029     0.093     0.995
 2    98.452   -22.398    59.339
 2     0.823    -0.568    -0.009
 2     0.567     0.821     0.052
 2    -0.021    -0.049     0.998
 3   126.918    -4.957    -7.068
 3     0.657    -0.423    -0.626
 3     0.356     0.903    -0.236
 3     0.664    -0.068     0.743
 4   108.204    12.736   -14.403
 4     0.671    -0.102     0.734
 4     0.629     0.601    -0.493
 4    -0.391     0.793     0.467
 5   135.148    22.905    -7.055
 5     0.955     0.027     0.297
 5     0.276    -0.449    -0.849
 5     0.110     0.893    -0.437
 6   158.373    21.862   -10.203
 6     0.991    -0.019    -0.134
 6     0.048     0.975     0.214
 6     0.126    -0.221     0.967
 7   108.193   -22.166   -10.578
 7     0.681     0.131     0.720
 7    -0.588     0.684     0.431
 7    -0.437    -0.717     0.543
 8   135.285   -28.355    -4.492
 8     0.984    -0.127     0.120
 8    -0.163    -0.417     0.894
 8    -0.064    -0.900    -0.431
 9   158.127   -24.620   -11.545
 9     0.994    -0.107     0.002
 9     0.106     0.989    -0.100
 9     0.008     0.100     0.995
 2    98.452   -22.398    59.339
 2     0.823    -0.568    -0.010
 2     0.567     0.821     0.052
 2    -0.021    -0.049     0.998
 3   126.504    -4.910    -7.113
 3     0.661    -0.431    -0.616
 3     0.355     0.901    -0.247
 3     0.661    -0.055     0.747
 4   107.731    12.675   -14.303
 4     0.669    -0.092     0.738
 4     0.626     0.603    -0.493
 4    -0.400     0.792     0.460
 5   134.867    22.471    -7.135
 5     0.957     0.029     0.288
 5     0.268    -0.464    -0.844
 5     0.108     0.885    -0.453
 6   157.943    21.418   -10.533
 6     0.992    -0.017    -0.122
 6     0.041     0.979     0.195
 6     0.115    -0.200     0.973
 7   107.888   -22.169   -10.513
 7     0.680     0.122     0.723
 7    -0.585     0.684     0.435
 7    -0.441    -0.719     0.536
 8   135.170   -27.999    -4.554
 8     0.986    -0.126     0.102
 8    -0.147    -0.421     0.895
 8    -0.070    -0.898    -0.434
 9   157.927   -23.888   -11.957
 9     0.992    -0.120     0.013
 9     0.120     0.987    -0.101
 9    -0.001     0.102     0.995
 2    98.454   -22.397    59.362
 2     0.823    -0.568    -0.010
 2     0.567     0.821     0.051
 2    -0.020    -0.049     0.998
 3   126.502    -4.912    -7.165
 3     0.662    -0.431    -0.615
 3     0.351     0.901    -0.252
 3     0.661    -0.049     0.748
 4   107.967    12.677   -14.332
 4     0.673    -0.095     0.733
 4     0.623     0.605    -0.495
 4    -0.397     0.790     0.466
 5   135.048    22.329    -6.861
 5     0.957     0.017     0.290
 5     0.265    -0.466    -0.844
 5     0.120     0.884    -0.451
 6   158.031    21.269   -10.246
 6     0.992    -0.013    -0.126
 6     0.037     0.981     0.188
 6     0.121    -0.193     0.974
 7   108.173   -22.163   -10.534
 7     0.683     0.128     0.719
 7    -0.586     0.683     0.435
 7    -0.435    -0.719     0.542
 8   135.338   -28.019    -4.399
 8     0.987    -0.120     0.107
 8    -0.148    -0.422     0.894
 8    -0.062    -0.898    -0.435
 9   158.038   -23.935   -11.843
 9     0.993    -0.119     0.008
 9     0.119     0.987    -0.102
 9     0.004     0.103     0.995
 2    98.452   -22.398    59.339
 2     0.823    -0.569    -0.009
 2     0.567     0.821     0.052
 2    -0.021    -0.049     0.998
 3   126.801    -4.903    -7.071
 3     0.656    -0.436    -0.619
 3     0.350     0.899    -0.261
 3     0.669    -0.046     0.741
 4   108.213    12.662   -14.353
 4     0.673    -0.109     0.732
 4     0.629     0.604    -0.488
 4    -0.389     0.789     0.475
 5   135.102    22.394    -6.542
 5     0.954     0.008     0.300
 5     0.269    -0.469    -0.841
 5     0.133     0.883    -0.451
 6   158.232    21.432    -9.598
 6     0.990    -0.014    -0.140
 6     0.040     0.982     0.182
 6     0.134    -0.188     0.973
 7   108.129   -22.027   -10.788
 7     0.680     0.120     0.723
 7    -0.577     0.696     0.427
 7    -0.452    -0.708     0.542
 8   135.339   -27.967    -5.371
 8     0.984    -0.148     0.092
 8    -0.146    -0.412     0.899
 8    -0.095    -0.899    -0.427
 9   157.954   -23.897   -12.748
 9     0.993    -0.115     0.022
 9     0.116     0.987    -0.108
 9    -0.010     0.110     0.994
 2    98.452   -22.398    59.339
 2     0.823    -0.569    -0.009
 2     0.567     0.821     0.052
 2    -0.021    -0.049     0.998
 3   126.782    -4.835    -7.340
 3     0.666    -0.450    -0.597
 3     0.330     0.893    -0.303
 3     0.668     0.005     0.743
 4   107.889    12.314   -14.521
 4     0.659    -0.109     0.744
 4     0.631     0.618    -0.469
 4    -0.409     0.778     0.476
 5   134.951    22.382    -7.036
 5     0.954     0.016     0.298
 5     0.272    -0.455    -0.847
 5     0.121     0.890    -0.440
 6   158.238    21.384    -9.822
 6     0.990    -0.016    -0.141
 6     0.045     0.978     0.201
 6     0.134    -0.207     0.969
 7   107.539   -21.444   -11.170
 7     0.653     0.073     0.754
 7    -0.541     0.741     0.396
 7    -0.530    -0.667     0.524
 8   133.898   -28.276   -11.308
 8     0.926    -0.376     0.019
 8    -0.180    -0.395     0.901
 8    -0.331    -0.838    -0.434
 9   153.251   -25.116   -26.959
 9     0.946    -0.052     0.321
 9     0.085     0.992    -0.096
 9    -0.313     0.116     0.942
 2    98.452   -22.398    59.339
 2     0.823    -0.569    -0.009
 2     0.567     0.821     0.052
 2    -0.021    -0.049     0.998
 3   126.611    -4.342    -7.645
 3     0.683    -0.435    -0.589
 3     0.289     0.898    -0.328
 3     0.671     0.053     0.739
 4   108.327    13.238   -14.275
 4     0.677    -0.122     0.726
 4     0.635     0.595    -0.493
 4    -0.372     0.794     0.479
 5   135.224    22.461    -5.617
 5     0.956    -0.026     0.291
 5     0.245    -0.474    -0.845
 5     0.160     0.880    -0.448
 6   158.553    21.052    -7.789
 6     0.985     0.011    -0.173
 6     0.024     0.980     0.196
 6     0.171    -0.199     0.965
 7   106.526   -20.220   -11.182
 7     0.616     0.041     0.786
 7    -0.521     0.769     0.369
 7    -0.590    -0.637     0.495
 8   130.836   -28.975   -15.502
 8     0.832    -0.554     0.020
 8    -0.242    -0.330     0.912
 8    -0.498    -0.765    -0.409
 9   146.999   -26.820   -35.761
 9     0.850     0.017     0.526
 9     0.046     0.993    -0.111
 9    -0.524     0.116     0.843
 2    98.452   -22.398    59.339
 2     0.823    -0.569    -0.009
 2     0.567     0.821     0.052
 2    -0.021    -0.049     0.998
 3   126.404    -3.963    -7.674
 3     0.684    -0.427    -0.593
 3     0.270     0.901    -0.336
 3     0.677     0.070     0.731
 4   108.441    13.903   -13.955
 4     0.683    -0.140     0.717
 4     0.645     0.575    -0.502
 4    -0.343     0.806     0.482
 5   135.174    22.846    -4.463
 5     0.951    -0.054     0.303
 5     0.240    -0.487    -0.840
 5     0.192     0.872    -0.451
 6   158.589    21.153    -5.835
 6     0.978     0.027    -0.207
 6     0.014     0.981     0.190
 6     0.208    -0.191     0.960
 7   106.205   -19.408   -11.405
 7     0.584     0.022     0.811
 7    -0.510     0.788     0.345
 7    -0.631    -0.615     0.472
 8   128.542   -29.739   -18.669
 8     0.745    -0.665     0.053
 8    -0.280    -0.239     0.929
 8    -0.605    -0.708    -0.365
 9   142.382   -28.088   -41.397
 9     0.772     0.092     0.628
 9     0.009     0.987    -0.160
 9    -0.635     0.128     0.761
 2    98.452   -22.398    59.339
 2     0.823    -0.569    -0.009
 2     0.567     0.821     0.052
 2    -0.021    -0.049     0.998
 3   126.628    -3.690    -7.559
 3     0.689    -0.413    -0.598
 3     0.263     0.908    -0.323
 3     0.675     0.065     0.734
 4   108.703    14.279   -13.953
 4     0.682    -0.156     0.714
 4     0.654     0.565    -0.502
 4    -0.326     0.810     0.487
 5   135.264    23.141    -3.876
 5     0.948    -0.068     0.311
 5     0.239    -0.492    -0.836
 5     0.209     0.868    -0.452
 6   158.777    21.395    -4.893
 6     0.974     0.029    -0.224
 6     0.014     0.982     0.187
 6     0.225    -0.188     0.956
 7   105.803   -18.402   -11.585
 7     0.545     0.010     0.838
 7    -0.498     0.808     0.313
 7    -0.674    -0.589     0.445
 8   126.051   -30.029   -21.050
 8     0.657    -0.749     0.083
 8    -0.305    -0.163     0.938
 8    -0.688    -0.642    -0.336
 9   137.337   -28.738   -45.711
 9     0.685     0.152     0.712
 9    -0.011     0.980    -0.201
 9    -0.728     0.129     0.673
 2    98.452   -22.398    59.339
 2     0.823    -0.569    -0.009
 2     0.567     0.821     0.052
 2    -0.021    -0.049     0.998
 3   126.412    -3.849    -7.463
 3     0.713    -0.360    -0.603
 3     0.272     0.933    -0.232
 3     0.645     0.002     0.763
 4   108.959    14.874   -13.869
 4     0.692    -0.152     0.706
 4     0.651     0.553    -0.519
 4    -0.312     0.819     0.481
 5   135.499    23.227    -3.433
 5     0.948    -0.084     0.307
 5     0.226    -0.502    -0.834
 5     0.223     0.861    -0.458
 6   158.986    21.404    -3.996
 6     0.970     0.039    -0.238
 6     0.006     0.983     0.181
 6     0.240    -0.180     0.954
 7   104.810   -17.831   -11.302
 7     0.505     0.019     0.863
 7    -0.516     0.808     0.284
 7    -0.692    -0.589     0.417
 8   124.376   -30.290   -21.368
 8     0.627    -0.771     0.112
 8    -0.329    -0.133     0.935
 8    -0.705    -0.623    -0.337
 9   135.478   -29.437   -46.365
 9     0.664     0.176     0.727
 9    -0.025     0.976    -0.217
 9    -0.747     0.125     0.651
 2    98.452   -22.398    59.339
 2     0.823    -0.569    -0.009
 2     0.567     0.821     0.052
 2    -0.021    -0.049     0.998
 3   126.287    -3.903    -7.457
 3     0.717    -0.351    -0.605
 3     0.266     0.936    -0.226
 3     0.644     0.002     0.764
 4   108.762    14.583   -13.941
 4     0.691    -0.146     0.708
 4     0.647     0.560    -0.517
 4    -0.322     0.815     0.480
 5   135.539    23.093    -3.519
 5     0.950    -0.082     0.300
 5     0.221    -0.500    -0.837
 5     0.218     0.862    -0.458
 6   158.984    21.147    -4.039
 6     0.971     0.045    -0.235
 6    -0.001     0.982     0.183
 6     0.238    -0.180     0.954
 7   104.853   -17.868   -11.490
 7     0.500     0.006     0.865
 7    -0.505     0.814     0.286
 7    -0.703    -0.580     0.411
 8   124.227   -30.207   -22.012
 8     0.614    -0.783     0.099
 8    -0.319    -0.131     0.939
 8    -0.722    -0.608    -0.330
 9   134.724   -29.230   -47.355
 9     0.648     0.180     0.740
 9    -0.022     0.975    -0.220
 9    -0.761     0.126     0.635
 2    98.502   -22.398    59.339
 2     0.823    -0.569    -0.009
 2     0.567     0.821     0.052
 2    -0.021    -0.049     0.998
 3   126.218    -4.034    -7.626
 3     0.720    -0.363    -0.594
 3     0.267     0.932    -0.243
 3     0.640     0.016     0.767
 4   108.376    14.272   -13.909
 4     0.674    -0.148     0.724
 4     0.658     0.564    -0.499
 4    -0.335     0.812     0.477
 5   135.126    23.090    -3.708
 5     0.949    -0.075     0.305
 5     0.230    -0.494    -0.838
 5     0.213     0.866    -0.453
 6   158.705    21.172    -4.333
 6     0.972     0.042    -0.232
 6     0.005     0.980     0.194
 6     0.235    -0.193     0.953
 7   103.883   -17.038   -11.690
 7     0.464     0.010     0.886
 7    -0.491     0.835     0.247
 7    -0.738    -0.549     0.392
 8   121.624   -29.764   -23.821
 8     0.545    -0.828     0.129
 8    -0.316    -0.061     0.947
 8    -0.776    -0.557    -0.295
 9   130.255   -28.564   -50.158
 9     0.588     0.233     0.775
 9    -0.030     0.963    -0.269
 9    -0.809     0.135     0.571
 2    98.502   -22.398    59.339
 2     0.823    -0.569    -0.009
 2     0.567     0.821     0.052
 2    -0.021    -0.049     0.998
 3   125.561    -3.639    -7.504
 3     0.729    -0.356    -0.587
 3     0.245     0.933    -0.260
 3     0.639     0.046     0.766
 4   108.387    15.533   -13.063
 4     0.698    -0.153     0.699
 4     0.656     0.526    -0.541
 4    -0.286     0.836     0.467
 5   134.917    23.066    -1.812
 5     0.947    -0.114     0.301
 5     0.200    -0.522    -0.828
 5     0.250     0.845    -0.473
 6   158.445    20.631    -1.496
 6     0.961     0.074    -0.266
 6    -0.027     0.984     0.173
 6     0.273    -0.162     0.948
 7   103.172   -16.340   -11.352
 7     0.454     0.009     0.891
 7    -0.490     0.838     0.241
 7    -0.744    -0.546     0.385
 8   120.990   -29.365   -23.594
 8     0.546    -0.825     0.142
 8    -0.316    -0.045     0.947
 8    -0.776    -0.563    -0.286
 9   129.872   -28.026   -49.903
 9     0.590     0.238     0.772
 9    -0.020     0.959    -0.282
 9    -0.807     0.150     0.569
 2    98.502   -22.398    59.339
 2     0.823    -0.568    -0.009
 2     0.567     0.821     0.052
 2    -0.021    -0.049     0.998
 3   125.359    -3.433    -7.201
 3     0.726    -0.351    -0.594
 3     0.236     0.935    -0.262
 3     0.646     0.050     0.760
 4   108.604    15.851   -12.931
 4     0.709    -0.159     0.687
 4     0.652     0.518    -0.554
 4    -0.269     0.840     0.470
 5   135.048    22.980    -1.030
 5     0.944    -0.138     0.299
 5     0.186    -0.526    -0.829
 5     0.271     0.839    -0.472
 6   158.573    20.057    -0.306
 6     0.955     0.096    -0.282
 6    -0.046     0.982     0.176
 6     0.293    -0.158     0.943
 7   103.442   -16.394   -11.571
 7     0.451     0.010     0.892
 7    -0.490     0.839     0.238
 7    -0.746    -0.544     0.383
 8   121.050   -29.515   -23.701
 8     0.545    -0.825     0.148
 8    -0.322    -0.042     0.946
 8    -0.774    -0.563    -0.289
 9   130.103   -28.535   -49.953
 9     0.595     0.251     0.764
 9    -0.039     0.958    -0.285
 9    -0.803     0.140     0.579
 2    98.502   -22.398    59.339
 2     0.823    -0.568    -0.009
 2     0.567     0.821     0.052
 2    -0.021    -0.049     0.998
 3   125.763    -3.603    -7.394
 3     0.720    -0.365    -0.592
 3     0.243     0.929    -0.275
 3     0.649     0.054     0.758
 4   108.927    15.344   -13.373
 4     0.703    -0.174     0.690
 4     0.657     0.528    -0.537
 4    -0.272     0.831     0.485
 5   135.076    23.148    -1.283
 5     0.937    -0.144     0.318
 5     0.204    -0.512    -0.833
 5     0.282     0.846    -0.452
 6   158.684    20.515     0.287
 6     0.948     0.089    -0.307
 6    -0.027     0.979     0.199
 6     0.317    -0.183     0.931
 7   103.669   -16.019   -12.164
 7     0.438     0.028     0.898
 7    -0.474     0.856     0.204
 7    -0.764    -0.515     0.389
 8   120.656   -29.050   -25.031
 8     0.521    -0.836     0.171
 8    -0.307     0.003     0.951
 8    -0.796    -0.549    -0.255
 9   129.178   -28.152   -51.407
 9     0.587     0.298     0.753
 9    -0.058     0.943    -0.328
 9    -0.807     0.149     0.570
 2    98.502   -22.398    59.339
 2     0.823    -0.568    -0.009
 2     0.567     0.821     0.052
 2    -0.021    -0.049     0.998
 3   126.014    -3.459    -7.782
 3     0.727    -0.368    -0.583
 3     0.238     0.927    -0.286
 3     0.643     0.069     0.761
 4   109.328    15.633   -13.403
 4     0.707    -0.181     0.684
 4     0.657     0.524    -0.542
 4    -0.261     0.832     0.488
 5   135.285    23.238    -0.917
 5     0.933    -0.155     0.325
 5     0.203    -0.516    -0.832
 5     0.296     0.842    -0.451
 6   158.860    20.575     0.711
 6     0.944     0.091    -0.318
 6    -0.026     0.979     0.199
 6     0.328    -0.182     0.927
 7   103.498   -15.405   -12.415
 7     0.429     0.027     0.903
 7    -0.461     0.866     0.193
 7    -0.777    -0.499     0.384
 8   119.685   -28.378   -25.900
 8     0.489    -0.856     0.168
