% Calibrated with leiden_pols
% Positions are in centimeters
Data =[
 2    98.402   -22.389    59.340
 2     0.753    -0.659     0.012
 2     0.656     0.751     0.059
 2    -0.047    -0.038     0.998
 3   127.616    -6.045    -5.831
 3     0.629    -0.310    -0.714
 3     0.371     0.925    -0.072
 3     0.682    -0.220     0.696
 4   108.076    10.928   -13.800
 4     0.582    -0.367     0.726
 4     0.798     0.424    -0.426
 4    -0.152     0.827     0.539
 5   121.483    31.483     0.771
 5     0.555    -0.493     0.671
 5     0.628    -0.281    -0.725
 5     0.545     0.823     0.153
 6   141.637    16.916    11.802
 6     0.607     0.700    -0.380
 6    -0.589     0.714     0.378
 6     0.533    -0.007     0.844
 7   106.280   -20.816   -12.908
 7     0.579     0.319     0.750
 7    -0.643     0.744     0.180
 7    -0.501    -0.587     0.636
 8   119.448   -42.794   -11.067
 8     0.649     0.052     0.759
 8    -0.750     0.210     0.627
 8    -0.127    -0.976     0.175
 9   137.831   -25.242   -11.285
 9     0.562    -0.679     0.477
 9     0.789     0.265    -0.551
 9     0.248     0.684     0.684
 2    98.404   -22.388    59.337
 2     0.753    -0.659     0.011
 2     0.656     0.751     0.059
 2    -0.046    -0.038     0.998
 3   127.035    -6.470    -5.503
 3     0.643    -0.294    -0.708
 3     0.388     0.920    -0.028
 3     0.660    -0.257     0.705
 4   107.854    10.546   -13.855
 4     0.590    -0.355     0.726
 4     0.788     0.448    -0.421
 4    -0.176     0.820     0.543
 5   121.561    31.218     0.399
 5     0.562    -0.494     0.665
 5     0.630    -0.266    -0.729
 5     0.536     0.828     0.161
 6   141.969    16.403    11.791
 6     0.623     0.698    -0.355
 6    -0.567     0.713     0.411
 6     0.538    -0.056     0.839
 7   106.036   -21.711   -11.587
 7     0.569     0.350     0.744
 7    -0.690     0.695     0.202
 7    -0.446    -0.628     0.637
 8   118.687   -43.726    -7.828
 8     0.631     0.058     0.773
 8    -0.774     0.118     0.622
 8    -0.055    -0.991     0.119
 9   137.178   -26.806    -8.934
 9     0.583    -0.674     0.458
 9     0.791     0.343    -0.503
 9     0.183     0.654     0.733
 2    98.402   -22.389    59.340
 2     0.753    -0.659     0.012
 2     0.656     0.751     0.059
 2    -0.047    -0.038     0.998
 3   127.285    -7.171    -4.691
 3     0.632    -0.253    -0.733
 3     0.406     0.912     0.037
 3     0.660    -0.321     0.679
 4   108.553     9.770   -14.096
 4     0.594    -0.394     0.702
 4     0.787     0.461    -0.408
 4    -0.163     0.795     0.583
 5   121.126    30.366     1.011
 5     0.524    -0.510     0.685
 5     0.642    -0.292    -0.708
 5     0.559     0.809     0.173
 6   142.147    17.083    13.116
 6     0.626     0.662    -0.417
 6    -0.527     0.748     0.400
 6     0.574    -0.032     0.816
 7   106.419   -22.664   -10.660
 7     0.567     0.365     0.738
 7    -0.717     0.660     0.224
 7    -0.406    -0.656     0.636
 8   118.640   -44.328    -6.087
 8     0.623     0.091     0.777
 8    -0.782     0.080     0.618
 8    -0.007    -0.993     0.120
 9   137.489   -27.856    -6.848
 9     0.599    -0.679     0.429
 9     0.780     0.373    -0.499
 9     0.180     0.632     0.752
 2    98.405   -22.388    59.338
 2     0.754    -0.658     0.012
 2     0.655     0.752     0.058
 2    -0.046    -0.038     0.998
 3   127.196    -7.784    -4.201
 3     0.636    -0.210    -0.743
 3     0.405     0.909     0.091
 3     0.656    -0.360     0.662
 4   110.224     9.514   -15.223
 4     0.666    -0.329     0.671
 4     0.715     0.537    -0.447
 4    -0.214     0.776     0.592
 5   126.764    28.745    -0.576
 5     0.612    -0.604     0.513
 5     0.556    -0.131    -0.820
 5     0.562     0.785     0.255
 6   145.465    13.544    13.916
 6     0.534     0.750    -0.395
 6    -0.549     0.659     0.515
 6     0.643    -0.060     0.761
 7   106.073   -22.355   -10.407
 7     0.546     0.400     0.736
 7    -0.744     0.635     0.207
 7    -0.385    -0.661     0.644
 8   117.588   -44.394    -4.903
 8     0.595     0.093     0.798
 8    -0.803     0.045     0.593
 8     0.019    -0.995     0.101
 9   136.753   -28.467    -6.422
 9     0.619    -0.670     0.415
 9     0.769     0.408    -0.489
 9     0.159     0.620     0.767
 2    98.405   -22.388    59.338
 2     0.754    -0.658     0.012
 2     0.655     0.752     0.058
 2    -0.046    -0.038     0.998
 3   127.221    -8.112    -4.178
 3     0.639    -0.195    -0.745
 3     0.389     0.916     0.095
 3     0.663    -0.351     0.660
 4   109.372     9.403   -14.419
 4     0.622    -0.355     0.699
 4     0.759     0.490    -0.427
 4    -0.192     0.796     0.573
 5   123.981    28.847     1.590
 5     0.569    -0.562     0.602
 5     0.574    -0.252    -0.778
 5     0.589     0.787     0.179
 6   143.343    13.726    14.318
 6     0.585     0.732    -0.352
 6    -0.563     0.676     0.475
 6     0.583    -0.081     0.807
 7   105.887   -22.938   -10.267
 7     0.552     0.388     0.738
 7    -0.737     0.640     0.215
 7    -0.390    -0.663     0.639
 8   117.601   -44.792    -4.848
 8     0.601     0.119     0.790
 8    -0.799     0.049     0.599
 8     0.032    -0.992     0.124
 9   136.810   -28.804    -5.662
 9     0.617    -0.685     0.393
 9     0.765     0.406    -0.496
 9     0.181     0.605     0.774
 2    98.405   -22.388    59.338
 2     0.754    -0.658     0.012
 2     0.656     0.752     0.058
 2    -0.046    -0.038     0.998
 3   127.014    -7.960    -4.072
 3     0.641    -0.183    -0.746
 3     0.376     0.921     0.099
 3     0.668    -0.344     0.659
 4   108.939    10.291   -13.502
 4     0.612    -0.363     0.704
 4     0.773     0.463    -0.433
 4    -0.169     0.809     0.562
 5   123.693    29.031     3.767
 5     0.583    -0.530     0.618
 5     0.552    -0.301    -0.777
 5     0.597     0.793     0.117
 6   143.668    13.498    15.163
 6     0.621     0.713    -0.329
 6    -0.583     0.698     0.414
 6     0.523    -0.067     0.848
 7   105.697   -22.266   -10.423
 7     0.542     0.399     0.740
 7    -0.741     0.641     0.197
 7    -0.396    -0.655     0.643
 8   117.065   -44.349    -5.170
 8     0.587     0.137     0.798
 8    -0.809     0.062     0.584
 8     0.030    -0.989     0.146
 9   136.626   -28.686    -5.475
 9     0.626    -0.690     0.369
 9     0.752     0.408    -0.515
 9     0.206     0.598     0.773
 2    98.405   -22.388    59.338
 2     0.754    -0.658     0.012
 2     0.656     0.752     0.058
 2    -0.046    -0.038     0.998
 3   126.917    -7.832    -4.067
 3     0.643    -0.180    -0.745
 3     0.355     0.931     0.084
 3     0.678    -0.319     0.662
 4   108.462    11.126   -12.267
 4     0.603    -0.384     0.700
 4     0.788     0.420    -0.449
 4    -0.122     0.822     0.555
 5   125.016    27.892     5.857
 5     0.642    -0.532     0.554
 5     0.470    -0.297    -0.830
 5     0.606     0.793     0.059
 6   144.171    10.996    15.726
 6     0.626     0.726    -0.286
 6    -0.614     0.683     0.396
 6     0.481    -0.073     0.873
 7   105.489   -22.019   -10.434
 7     0.550     0.380     0.743
 7    -0.727     0.655     0.203
 7    -0.410    -0.653     0.637
 8   117.591   -43.864    -5.509
 8     0.609     0.131     0.782
 8    -0.792     0.074     0.605
 8     0.021    -0.989     0.148
 9   136.705   -27.660    -5.671
 9     0.605    -0.701     0.382
 9     0.767     0.385    -0.510
 9     0.211     0.599     0.771
 2    98.405   -22.388    59.338
 2     0.754    -0.658     0.012
 2     0.656     0.752     0.058
 2    -0.046    -0.038     0.998
 3   127.156    -7.238    -4.151
 3     0.633    -0.196    -0.749
 3     0.360     0.931     0.062
 3     0.685    -0.309     0.659
 4   108.787    11.183   -12.711
 4     0.606    -0.401     0.688
 4     0.787     0.424    -0.446
 4    -0.114     0.811     0.572
 5   123.951    29.312     4.049
 5     0.615    -0.504     0.608
 5     0.529    -0.307    -0.790
 5     0.584     0.807     0.077
