% Calibrated with leiden_pols
% Positions are in centimeters
Data =[
 2    98.402   -22.389    59.340
 2     0.753    -0.659     0.012
 2     0.656     0.751     0.059
 2    -0.047    -0.038     0.998
 3   127.616    -6.045    -5.831
 3     0.629    -0.310    -0.714
 3     0.371     0.925    -0.072
 3     0.682    -0.220     0.696
 4   108.076    10.928   -13.800
 4     0.582    -0.367     0.726
 4     0.798     0.424    -0.426
 4    -0.152     0.827     0.539
 5   121.483    31.483     0.771
 5     0.555    -0.493     0.671
 5     0.628    -0.281    -0.725
 5     0.545     0.823     0.153
 6   141.637    16.916    11.802
 6     0.607     0.700    -0.380
 6    -0.589     0.714     0.378
 6     0.533    -0.007     0.844
 7   106.280   -20.816   -12.908
 7     0.579     0.319     0.750
 7    -0.643     0.744     0.180
 7    -0.501    -0.587     0.636
 8   119.448   -42.794   -11.067
 8     0.649     0.052     0.759
 8    -0.750     0.210     0.627
 8    -0.127    -0.976     0.175
 9   137.831   -25.242   -11.285
 9     0.562    -0.679     0.477
 9     0.789     0.265    -0.551
 9     0.248     0.684     0.684
 2    98.404   -22.388    59.337
 2     0.753    -0.659     0.011
 2     0.656     0.751     0.059
 2    -0.046    -0.038     0.998
 3   127.035    -6.470    -5.503
 3     0.643    -0.294    -0.708
 3     0.388     0.920    -0.028
 3     0.660    -0.257     0.705
 4   107.854    10.546   -13.855
 4     0.590    -0.355     0.726
 4     0.788     0.448    -0.421
 4    -0.176     0.820     0.543
 5   121.561    31.218     0.399
 5     0.562    -0.494     0.665
 5     0.630    -0.266    -0.729
 5     0.536     0.828     0.161
 6   141.969    16.403    11.791
 6     0.623     0.698    -0.355
 6    -0.567     0.713     0.411
 6     0.538    -0.056     0.839
 7   106.036   -21.711   -11.587
 7     0.569     0.350     0.744
 7    -0.690     0.695     0.202
 7    -0.446    -0.628     0.637
 8   118.687   -43.726    -7.828
 8     0.631     0.058     0.773
 8    -0.774     0.118     0.622
 8    -0.055    -0.991     0.119
 9   137.178   -26.806    -8.934
 9     0.583    -0.674     0.458
 9     0.791     0.343    -0.503
 9     0.183     0.654     0.733
 2    98.402   -22.389    59.340
 2     0.753    -0.659     0.012
 2     0.656     0.751     0.059
 2    -0.047    -0.038     0.998
 3   127.285    -7.171    -4.691
 3     0.632    -0.253    -0.733
 3     0.406     0.912     0.037
 3     0.660    -0.321     0.679
 4   108.553     9.770   -14.096
 4     0.594    -0.394     0.702
 4     0.787     0.461    -0.408
 4    -0.163     0.795     0.583
 5   121.126    30.366     1.011
 5     0.524    -0.510     0.685
 5     0.642    -0.292    -0.708
 5     0.559     0.809     0.173
 6   142.147    17.083    13.116
 6     0.626     0.662    -0.417
 6    -0.527     0.748     0.400
 6     0.574    -0.032     0.816
 7   106.419   -22.664   -10.660
 7     0.567     0.365     0.738
 7    -0.717     0.660     0.224
 7    -0.406    -0.656     0.636
 8   118.640   -44.328    -6.087
 8     0.623     0.091     0.777
 8    -0.782     0.080     0.618
 8    -0.007    -0.993     0.120
 9   137.489   -27.856    -6.848
 9     0.599    -0.679     0.429
 9     0.780     0.373    -0.499
 9     0.180     0.632     0.752
 2    98.405   -22.388    59.338
 2     0.754    -0.658     0.012
 2     0.655     0.752     0.058
 2    -0.046    -0.038     0.998
 3   127.196    -7.784    -4.201
 3     0.636    -0.210    -0.743
 3     0.405     0.909     0.091
 3     0.656    -0.360     0.662
 4   110.224     9.514   -15.223
 4     0.666    -0.329     0.671
 4     0.715     0.537    -0.447
 4    -0.214     0.776     0.592
 5   126.764    28.745    -0.576
 5     0.612    -0.604     0.513
 5     0.556    -0.131    -0.820
 5     0.562     0.785     0.255
 6   145.465    13.544    13.916
 6     0.534     0.750    -0.395
 6    -0.549     0.659     0.515
 6     0.643    -0.060     0.761
 7   106.073   -22.355   -10.407
 7     0.546     0.400     0.736
 7    -0.744     0.635     0.207
 7    -0.385    -0.661     0.644
 8   117.588   -44.394    -4.903
 8     0.595     0.093     0.798
 8    -0.803     0.045     0.593
 8     0.019    -0.995     0.101
 9   136.753   -28.467    -6.422
 9     0.619    -0.670     0.415
 9     0.769     0.408    -0.489
 9     0.159     0.620     0.767
 2    98.405   -22.388    59.338
 2     0.754    -0.658     0.012
 2     0.655     0.752     0.058
 2    -0.046    -0.038     0.998
 3   127.221    -8.112    -4.178
 3     0.639    -0.195    -0.745
 3     0.389     0.916     0.095
 3     0.663    -0.351     0.660
 4   109.372     9.403   -14.419
 4     0.622    -0.355     0.699
 4     0.759     0.490    -0.427
 4    -0.192     0.796     0.573
 5   123.981    28.847     1.590
 5     0.569    -0.562     0.602
 5     0.574    -0.252    -0.778
 5     0.589     0.787     0.179
 6   143.343    13.726    14.318
 6     0.585     0.732    -0.352
 6    -0.563     0.676     0.475
 6     0.583    -0.081     0.807
 7   105.887   -22.938   -10.267
 7     0.552     0.388     0.738
 7    -0.737     0.640     0.215
 7    -0.390    -0.663     0.639
 8   117.601   -44.792    -4.848
 8     0.601     0.119     0.790
 8    -0.799     0.049     0.599
 8     0.032    -0.992     0.124
 9   136.810   -28.804    -5.662
 9     0.617    -0.685     0.393
 9     0.765     0.406    -0.496
 9     0.181     0.605     0.774
 2    98.405   -22.388    59.338
 2     0.754    -0.658     0.012
 2     0.656     0.752     0.058
 2    -0.046    -0.038     0.998
 3   127.014    -7.960    -4.072
 3     0.641    -0.183    -0.746
 3     0.376     0.921     0.099
 3     0.668    -0.344     0.659
 4   108.939    10.291   -13.502
 4     0.612    -0.363     0.704
 4     0.773     0.463    -0.433
 4    -0.169     0.809     0.562
 5   123.693    29.031     3.767
 5     0.583    -0.530     0.618
 5     0.552    -0.301    -0.777
 5     0.597     0.793     0.117
 6   143.668    13.498    15.163
 6     0.621     0.713    -0.329
 6    -0.583     0.698     0.414
 6     0.523    -0.067     0.848
 7   105.697   -22.266   -10.423
 7     0.542     0.399     0.740
 7    -0.741     0.641     0.197
 7    -0.396    -0.655     0.643
 8   117.065   -44.349    -5.170
 8     0.587     0.137     0.798
 8    -0.809     0.062     0.584
 8     0.030    -0.989     0.146
 9   136.626   -28.686    -5.475
 9     0.626    -0.690     0.369
 9     0.752     0.408    -0.515
 9     0.206     0.598     0.773
 2    98.405   -22.388    59.338
 2     0.754    -0.658     0.012
 2     0.656     0.752     0.058
 2    -0.046    -0.038     0.998
 3   126.917    -7.832    -4.067
 3     0.643    -0.180    -0.745
 3     0.355     0.931     0.084
 3     0.678    -0.319     0.662
 4   108.462    11.126   -12.267
 4     0.603    -0.384     0.700
 4     0.788     0.420    -0.449
 4    -0.122     0.822     0.555
 5   125.016    27.892     5.857
 5     0.642    -0.532     0.554
 5     0.470    -0.297    -0.830
 5     0.606     0.793     0.059
 6   144.171    10.996    15.726
 6     0.626     0.726    -0.286
 6    -0.614     0.683     0.396
 6     0.481    -0.073     0.873
 7   105.489   -22.019   -10.434
 7     0.550     0.380     0.743
 7    -0.727     0.655     0.203
 7    -0.410    -0.653     0.637
 8   117.591   -43.864    -5.509
 8     0.609     0.131     0.782
 8    -0.792     0.074     0.605
 8     0.021    -0.989     0.148
 9   136.705   -27.660    -5.671
 9     0.605    -0.701     0.382
 9     0.767     0.385    -0.510
 9     0.211     0.599     0.771
 2    98.405   -22.388    59.338
 2     0.754    -0.658     0.012
 2     0.656     0.752     0.058
 2    -0.046    -0.038     0.998
 3   127.156    -7.238    -4.151
 3     0.633    -0.196    -0.749
 3     0.360     0.931     0.062
 3     0.685    -0.309     0.659
 4   108.787    11.183   -12.711
 4     0.606    -0.401     0.688
 4     0.787     0.424    -0.446
 4    -0.114     0.811     0.572
 5   123.951    29.312     4.049
 5     0.615    -0.504     0.608
 5     0.529    -0.307    -0.790
 5     0.584     0.807     0.077
 6   143.739    13.409    13.990
 6     0.616     0.697    -0.371
 6    -0.611     0.716     0.335
 6     0.496     0.019     0.866
 7   106.681   -22.003   -10.774
 7     0.562     0.376     0.737
 7    -0.723     0.655     0.217
 7    -0.401    -0.656     0.639
 8   118.512   -43.698    -4.592
 8     0.599     0.152     0.786
 8    -0.797     0.023     0.603
 8     0.073    -0.988     0.134
 9   137.840   -27.978    -4.821
 9     0.625    -0.684     0.382
 9     0.767     0.447    -0.456
 9     0.143     0.576     0.803
 2    98.405   -22.388    59.338
 2     0.754    -0.658     0.012
 2     0.656     0.752     0.058
 2    -0.046    -0.038     0.998
 3   127.909    -7.015    -4.196
 3     0.607    -0.213    -0.766
 3     0.400     0.914     0.064
 3     0.686    -0.346     0.639
 4   108.592    10.391   -13.387
 4     0.559    -0.420     0.715
 4     0.817     0.422    -0.391
 4    -0.138     0.803     0.578
 5   122.127    29.384     3.550
 5     0.582    -0.419     0.698
 5     0.577    -0.393    -0.715
 5     0.573     0.818     0.012
 6   143.457    15.436    10.599
 6     0.704     0.603    -0.381
 6    -0.599     0.787     0.139
 6     0.380     0.128     0.914
 7   107.154   -22.537   -10.434
 7     0.570     0.377     0.730
 7    -0.742     0.618     0.260
 7    -0.353    -0.690     0.632
 8   118.213   -42.585     1.398
 8     0.562     0.038     0.826
 8    -0.789    -0.276     0.548
 8     0.249    -0.960    -0.126
 9   136.167   -30.347    -5.422
 9     0.689    -0.533     0.497
 9     0.696     0.672    -0.245
 9    -0.202     0.513     0.832
 2    98.355   -22.388    59.338
 2     0.754    -0.658     0.012
 2     0.656     0.752     0.058
 2    -0.046    -0.038     0.998
 3   127.083    -6.258    -4.404
 3     0.607    -0.232    -0.760
 3     0.410     0.910     0.052
 3     0.680    -0.344     0.647
 4   106.602    11.069   -12.404
 4     0.529    -0.391     0.753
 4     0.838     0.376    -0.394
 4    -0.130     0.840     0.526
 5   121.057    28.611     5.552
 5     0.637    -0.262     0.727
 5     0.536    -0.527    -0.658
 5     0.554     0.808    -0.196
 6   142.277    14.822     6.309
 6     0.755     0.631    -0.182
 6    -0.651     0.754    -0.089
 6     0.079     0.183     0.979
 7   106.070   -21.906   -10.323
 7     0.560     0.371     0.741
 7    -0.750     0.606     0.263
 7    -0.352    -0.703     0.617
 8   117.399   -41.111     3.247
 8     0.552    -0.079     0.830
 8    -0.785    -0.386     0.484
 8     0.282    -0.919    -0.275
 9   133.779   -31.118    -7.555
 9     0.673    -0.442     0.598
 9     0.646     0.738    -0.184
 9    -0.359     0.509     0.780
 2    98.355   -22.388    59.338
 2     0.754    -0.658     0.012
 2     0.656     0.752     0.058
 2    -0.046    -0.038     0.998
 3   126.578    -5.690    -4.927
 3     0.623    -0.250    -0.743
 3     0.396     0.917     0.025
 3     0.674    -0.310     0.669
 4   105.631    11.834   -11.271
 4     0.505    -0.378     0.776
 4     0.859     0.306    -0.410
 4    -0.083     0.874     0.478
 5   120.124    27.981     7.694
 5     0.643    -0.227     0.733
 5     0.498    -0.603    -0.621
 5     0.581     0.764    -0.276
 6   140.549    14.762     6.881
 6     0.752     0.646    -0.131
 6    -0.655     0.713    -0.247
 6    -0.067     0.270     0.960
 7   105.635   -21.267   -10.503
 7     0.550     0.376     0.746
 7    -0.750     0.614     0.244
 7    -0.367    -0.694     0.620
 8   116.404   -40.473     3.547
 8     0.528    -0.081     0.845
 8    -0.793    -0.402     0.457
 8     0.302    -0.912    -0.277
 9   133.070   -31.680    -7.081
 9     0.696    -0.422     0.585
 9     0.613     0.768    -0.177
 9    -0.374     0.481     0.791
 2    98.405   -22.388    59.338
 2     0.754    -0.658     0.012
 2     0.656     0.752     0.058
 2    -0.046    -0.038     0.998
 3   126.508    -4.758    -5.418
 3     0.637    -0.258    -0.727
 3     0.344     0.938    -0.028
 3     0.689    -0.233     0.686
 4   106.299    14.765    -7.352
 4     0.537    -0.388     0.750
 4     0.837     0.132    -0.531
 4     0.105     0.912     0.395
 5   121.622    24.948    15.000
 5     0.677    -0.250     0.693
 5     0.309    -0.757    -0.573
 5     0.667     0.603    -0.436
 6   140.146    12.038    10.202
 6     0.688     0.716    -0.125
 6    -0.651     0.532    -0.540
 6    -0.321     0.451     0.833
 7   104.886   -20.114    -9.913
 7     0.518     0.401     0.756
 7    -0.775     0.593     0.216
 7    -0.362    -0.698     0.618
 8   114.641   -39.407     4.699
 8     0.476    -0.133     0.869
 8    -0.818    -0.430     0.381
 8     0.323    -0.893    -0.314
 9   131.418   -32.552    -6.737
 9     0.727    -0.356     0.590
 9     0.552     0.809    -0.196
 9    -0.407     0.468     0.783
 2    98.405   -22.388    59.338
 2     0.754    -0.658     0.012
 2     0.656     0.752     0.058
 2    -0.046    -0.038     0.998
 3   126.452    -4.363    -5.627
 3     0.650    -0.238    -0.723
 3     0.306     0.951    -0.035
 3     0.695    -0.199     0.690
 4   106.927    15.537    -7.508
 4     0.586    -0.358     0.727
 4     0.806     0.168    -0.567
 4     0.080     0.918     0.386
 5   123.083    25.706    13.454
 5     0.714    -0.254     0.654
 5     0.305    -0.727    -0.614
 5     0.630     0.637    -0.442
 6   140.986    12.097     7.907
 6     0.659     0.746    -0.098
 6    -0.689     0.547    -0.475
 6    -0.301     0.379     0.875
 7   104.750   -19.554    -9.979
 7     0.501     0.408     0.763
 7    -0.778     0.598     0.191
 7    -0.379    -0.690     0.617
 8   114.490   -39.063     4.788
 8     0.469    -0.191     0.862
 8    -0.831    -0.426     0.358
 8     0.299    -0.885    -0.358
 9   130.291   -33.112    -7.834
 9     0.705    -0.305     0.644
 9     0.525     0.829    -0.187
 9    -0.477     0.469     0.742
 2    98.405   -22.388    59.338
 2     0.754    -0.658     0.012
 2     0.656     0.752     0.058
 2    -0.046    -0.038     0.998
 3   126.464    -4.120    -5.645
 3     0.656    -0.234    -0.718
 3     0.343     0.939     0.010
 3     0.672    -0.253     0.696
 4   106.290    15.176    -8.644
 4     0.568    -0.307     0.764
 4     0.823     0.230    -0.519
 4    -0.017     0.923     0.383
 5   124.298    27.031    10.571
 5     0.769    -0.138     0.625
 5     0.363    -0.710    -0.602
 5     0.526     0.690    -0.497
 6   141.676    13.510     2.740
 6     0.636     0.771     0.028
 6    -0.678     0.576    -0.457
 6    -0.369     0.271     0.889
 7   104.574   -19.179    -9.576
 7     0.491     0.425     0.761
 7    -0.798     0.569     0.197
 7    -0.350    -0.704     0.618
 8   113.159   -38.417     5.805
 8     0.434    -0.200     0.878
 8    -0.837    -0.451     0.311
 8     0.334    -0.870    -0.363
 9   129.028   -33.904    -6.788
 9     0.733    -0.267     0.629
 9     0.477     0.855    -0.198
 9    -0.485     0.444     0.752
 2    98.405   -22.388    59.338
 2     0.754    -0.658     0.012
 2     0.656     0.752     0.058
 2    -0.046    -0.038     0.998
 3   126.478    -4.135    -5.596
 3     0.673    -0.194    -0.714
 3     0.306     0.951     0.032
 3     0.673    -0.241     0.699
 4   107.389    16.311    -8.034
 4     0.616    -0.304     0.728
 4     0.787     0.212    -0.578
 4     0.021     0.929     0.369
 5   125.511    26.377    11.749
 5     0.777    -0.214     0.593
 5     0.292    -0.712    -0.638
 5     0.558     0.669    -0.491
 6   141.870    11.479     4.579
 6     0.587     0.809    -0.030
 6    -0.723     0.507    -0.469
 6    -0.365     0.296     0.883
 7   103.866   -18.097    -9.610
 7     0.441     0.468     0.766
 7    -0.824     0.549     0.139
 7    -0.356    -0.693     0.627
 8   111.758   -37.028     7.486
 8     0.379    -0.336     0.862
 8    -0.856    -0.481     0.188
 8     0.351    -0.810    -0.469
 9   124.031   -36.414    -8.055
 9     0.648    -0.081     0.757
 9     0.339     0.920    -0.195
 9    -0.681     0.384     0.623
 2    98.405   -22.388    59.338
 2     0.754    -0.658     0.012
 2     0.656     0.752     0.058
 2    -0.046    -0.038     0.998
 3   126.007    -3.918    -5.732
 3     0.682    -0.213    -0.701
 3     0.312     0.949     0.017
 3     0.661    -0.231     0.713
 4   106.254    16.052    -8.016
 4     0.602    -0.289     0.745
 4     0.798     0.205    -0.566
 4     0.010     0.935     0.353
 5   124.571    26.416    11.414
 5     0.783    -0.176     0.596
 5     0.309    -0.722    -0.618
 5     0.539     0.668    -0.512
 6   140.768    12.222     3.336
 6     0.592     0.806     0.015
 6    -0.705     0.527    -0.474
 6    -0.390     0.269     0.880
 7   103.886   -19.279    -8.919
 7     0.469     0.438     0.767
 7    -0.827     0.522     0.208
 7    -0.309    -0.732     0.607
 8   119.839   -31.468    12.351
 8     0.574    -0.618     0.539
 8    -0.718    -0.695    -0.031
 8     0.393    -0.369    -0.842
 9   118.866   -39.323    -5.974
 9     0.102    -0.072     0.992
 9     0.032     0.997     0.069
 9    -0.994     0.026     0.104
 2    98.405   -22.388    59.338
 2     0.754    -0.658     0.012
 2     0.656     0.752     0.058
 2    -0.046    -0.038     0.998
 3   125.778    -3.972    -5.782
 3     0.679    -0.268    -0.685
 3     0.360     0.932    -0.006
 3     0.640    -0.243     0.728
 4   105.025    14.964    -8.233
 4     0.550    -0.296     0.781
 4     0.835     0.202    -0.511
 4    -0.007     0.933     0.357
 5   122.571    26.741    11.332
 5     0.761    -0.124     0.636
 5     0.364    -0.730    -0.577
 5     0.536     0.672    -0.512
 6   139.315    13.860     2.753
 6     0.617     0.785     0.044
 6    -0.668     0.553    -0.497
 6    -0.415     0.277     0.866
 7   104.843   -20.520    -8.215
 7     0.547     0.386     0.743
 7    -0.802     0.495     0.332
 7    -0.240    -0.778     0.580
 8   123.141   -26.445    14.082
 8     0.672    -0.587     0.454
 8    -0.572    -0.798    -0.186
 8     0.471    -0.134    -0.871
 9   122.196   -39.445    -0.990
 9    -0.019    -0.424     0.906
 9    -0.153     0.896     0.416
 9    -0.988    -0.130    -0.082
 2    98.405   -22.388    59.338
 2     0.754    -0.658     0.012
 2     0.656     0.752     0.058
 2    -0.046    -0.038     0.998
 3   126.027    -2.742    -5.710
 3     0.667    -0.290    -0.688
 3     0.361     0.931    -0.041
 3     0.652    -0.221     0.724
 4   104.782    15.878    -7.546
 4     0.515    -0.320     0.796
 4     0.856     0.152    -0.493
 4     0.036     0.935     0.352
 5   121.899    27.177    12.783
 5     0.750    -0.087     0.655
 5     0.362    -0.776    -0.517
 5     0.553     0.625    -0.551
 6   138.390    16.019     3.482
 6     0.616     0.786     0.055
 6    -0.616     0.524    -0.588
 6    -0.491     0.328     0.807
 7   105.288   -18.870    -9.064
 7     0.537     0.410     0.737
 7    -0.812     0.487     0.320
 7    -0.228    -0.771     0.595
 8   118.634   -25.561    14.878
 8     0.495    -0.613     0.617
 8    -0.607    -0.751    -0.258
 8     0.621    -0.247    -0.743
 9   119.775   -39.669     1.017
 9     0.201    -0.223     0.954
 9    -0.198     0.945     0.262
 9    -0.959    -0.240     0.146
 2    98.404   -22.388    59.337
 2     0.753    -0.659     0.011
 2     0.656     0.751     0.059
 2    -0.046    -0.038     0.998
 3   126.583    -1.730    -5.429
 3     0.651    -0.260    -0.715
 3     0.327     0.943    -0.043
 3     0.684    -0.206     0.698
 4   105.593    16.980    -7.340
 4     0.510    -0.347     0.787
 4     0.857     0.125    -0.500
 4     0.074     0.929     0.360
 5   121.829    27.462    13.594
 5     0.735    -0.101     0.670
 5     0.349    -0.792    -0.500
 5     0.581     0.602    -0.548
 6   138.477    16.495     4.529
 6     0.621     0.783     0.011
 6    -0.608     0.491    -0.624
 6    -0.494     0.380     0.782
 7   105.532   -18.292    -9.501
 7     0.513     0.448     0.732
 7    -0.830     0.474     0.292
 7    -0.216    -0.758     0.615
 8   118.730   -25.221    14.905
 8     0.485    -0.605     0.633
 8    -0.597    -0.756    -0.265
 8     0.639    -0.249    -0.727
 9   120.733   -39.770     1.441
 9     0.161    -0.418     0.894
 9    -0.198     0.874     0.444
 9    -0.967    -0.247     0.057
 2    98.405   -22.388    59.338
 2     0.754    -0.658     0.012
 2     0.656     0.752     0.058
 2    -0.046    -0.038     0.998
 3   127.172    -2.404    -5.604
 3     0.640    -0.286    -0.714
 3     0.350     0.934    -0.059
 3     0.683    -0.212     0.698
 4   105.952    15.890    -8.237
 4     0.501    -0.351     0.791
 4     0.864     0.157    -0.477
 4     0.043     0.923     0.381
 5   122.603    26.830    12.384
 5     0.749    -0.077     0.658
 5     0.362    -0.785    -0.502
 5     0.555     0.614    -0.561
 6   138.036    16.057     1.999
 6     0.573     0.817     0.059
 6    -0.597     0.467    -0.652
 6    -0.560     0.337     0.756
 7   107.475   -19.806    -9.767
 7     0.595     0.396     0.699
 7    -0.778     0.500     0.379
 7    -0.200    -0.770     0.606
 8   121.564   -25.005    14.469
 8     0.573    -0.507     0.645
 8    -0.529    -0.828    -0.181
 8     0.625    -0.237    -0.742
 9   124.491   -38.182     0.626
 9     0.190    -0.502     0.844
 9    -0.156     0.833     0.530
 9    -0.969    -0.231     0.079
 2    98.404   -22.388    59.337
 2     0.753    -0.659     0.011
 2     0.656     0.751     0.059
 2    -0.046    -0.038     0.998
 3   127.448    -1.883    -5.675
 3     0.624    -0.320    -0.714
 3     0.371     0.924    -0.088
 3     0.687    -0.211     0.695
 4   105.557    16.237    -7.885
 4     0.473    -0.379     0.796
 4     0.877     0.119    -0.465
 4     0.081     0.917     0.388
 5   122.296    25.191    13.838
 5     0.764    -0.047     0.643
 5     0.312    -0.845    -0.432
 5     0.564     0.531    -0.632
 6   136.651    16.355     2.668
 6     0.546     0.835     0.060
 6    -0.528     0.399    -0.750
 6    -0.651     0.377     0.659
 7   106.876   -19.001    -9.704
 7     0.586     0.397     0.706
 7    -0.784     0.496     0.372
 7    -0.202    -0.772     0.602
 8   117.433   -25.276    14.981
 8     0.434    -0.530     0.729
 8    -0.574    -0.785    -0.229
 8     0.694    -0.319    -0.645
 9   121.668   -38.845     2.077
 9     0.332    -0.358     0.873
 9    -0.159     0.891     0.424
 9    -0.930    -0.279     0.238
 2    98.405   -22.388    59.338
 2     0.754    -0.658     0.012
 2     0.656     0.752     0.058
 2    -0.046    -0.038     0.998
 3   126.801    -1.809    -5.314
 3     0.630    -0.277    -0.726
 3     0.338     0.938    -0.064
 3     0.699    -0.206     0.684
 4   105.522    16.615    -7.565
 4     0.491    -0.399     0.775
 4     0.863     0.104    -0.493
 4     0.115     0.911     0.395
 5   121.033    25.250    14.711
 5     0.721    -0.128     0.682
 5     0.292    -0.837    -0.463
 5     0.628     0.533    -0.567
 6   136.929    15.437     5.423
 6     0.596     0.801    -0.050
 6    -0.565     0.376    -0.734
 6    -0.570     0.465     0.677
 7   106.095   -19.094    -9.467
 7     0.548     0.425     0.721
 7    -0.813     0.473     0.339
 7    -0.198    -0.772     0.604
 8   115.753   -25.601    15.220
 8     0.369    -0.578     0.729
 8    -0.595    -0.748    -0.292
 8     0.714    -0.326    -0.619
 9   119.956   -40.212     2.868
 9     0.338    -0.316     0.887
 9    -0.198     0.897     0.393
 9    -0.920    -0.307     0.240
 2    98.405   -22.388    59.337
 2     0.754    -0.658     0.012
 2     0.655     0.752     0.058
 2    -0.046    -0.037     0.998
 3   126.988    -2.796    -5.279
 3     0.629    -0.254    -0.735
 3     0.340     0.939    -0.032
 3     0.699    -0.230     0.677
 4   105.941    15.648    -8.286
 4     0.498    -0.403     0.768
 4     0.863     0.142    -0.484
 4     0.086     0.904     0.418
 5   121.422    25.325    13.724
 5     0.714    -0.153     0.684
 5     0.307    -0.809    -0.499
 5     0.629     0.567    -0.532
 6   137.526    14.428     4.781
 6     0.590     0.806    -0.059
 6    -0.605     0.394    -0.691
 6    -0.534     0.442     0.720
 7   106.428   -19.676    -9.605
 7     0.544     0.430     0.721
 7    -0.817     0.469     0.336
 7    -0.194    -0.771     0.606
 8   116.594   -26.182    14.919
 8     0.386    -0.584     0.714
 8    -0.599    -0.747    -0.287
 8     0.701    -0.318    -0.638
 9   120.281   -40.828     2.045
 9     0.305    -0.322     0.897
 9    -0.197     0.900     0.389
 9    -0.932    -0.294     0.210
 2    98.405   -22.388    59.337
 2     0.754    -0.658     0.012
 2     0.655     0.752     0.058
 2    -0.046    -0.037     0.998
 3   126.861    -2.240    -5.578
 3     0.629    -0.284    -0.724
 3     0.347     0.935    -0.064
 3     0.695    -0.211     0.687
 4   104.216    15.421    -8.018
 4     0.430    -0.349     0.833
 4     0.903     0.159    -0.399
 4     0.006     0.923     0.383
 5   120.850    27.167    12.240
 5     0.755     0.034     0.654
 5     0.407    -0.807    -0.427
 5     0.513     0.589    -0.624
 6   135.267    18.920     0.180
 6     0.560     0.812     0.165
 6    -0.526     0.502    -0.686
 6    -0.640     0.297     0.708
 7   106.148   -18.831   -10.325
 7     0.552     0.419     0.721
 7    -0.797     0.519     0.308
 7    -0.246    -0.745     0.620
 8   117.926   -26.251    13.697
 8     0.448    -0.591     0.672
 8    -0.625    -0.743    -0.237
 8     0.640    -0.313    -0.702
 9   120.421   -39.742    -0.349
 9     0.229    -0.384     0.895
 9    -0.145     0.896     0.420
 9    -0.963    -0.225     0.148
 2    98.405   -22.338    59.337
 2     0.754    -0.658     0.012
 2     0.655     0.752     0.058
 2    -0.046    -0.037     0.998
 3   126.411    -0.412    -6.264
 3     0.625    -0.341    -0.704
 3     0.352     0.926    -0.134
 3     0.696    -0.165     0.697
 4   102.171    15.420    -7.228
 4     0.318    -0.334     0.887
 4     0.948     0.091    -0.305
 4     0.020     0.938     0.345
 5   118.624    27.848    13.225
 5     0.734     0.193     0.652
 5     0.474    -0.832    -0.287
 5     0.487     0.520    -0.701
 6   132.323    23.432    -0.296
 6     0.562     0.786     0.257
 6    -0.391     0.526    -0.755
 6    -0.729     0.324     0.602
 7   106.433   -17.624   -11.476
 7     0.561     0.431     0.707
 7    -0.778     0.566     0.271
 7    -0.284    -0.702     0.653
 8   117.717   -25.926    12.465
 8     0.423    -0.612     0.670
 8    -0.653    -0.716    -0.242
 8     0.628    -0.335    -0.702
 9   119.811   -39.541    -1.775
 9     0.233    -0.378     0.896
 9    -0.137     0.899     0.414
 9    -0.963    -0.218     0.157
 2    98.405   -22.338    59.337
 2     0.754    -0.658     0.012
 2     0.655     0.752     0.058
 2    -0.046    -0.037     0.998
 3   126.656     0.385    -6.781
 3     0.617    -0.331    -0.715
 3     0.338     0.930    -0.137
 3     0.710    -0.157     0.685
 4   102.398    15.837    -7.463
 4     0.290    -0.350     0.891
 4     0.957     0.082    -0.279
 4     0.024     0.933     0.359
 5   118.096    28.409    13.340
 5     0.712     0.200     0.673
 5     0.486    -0.832    -0.268
 5     0.506     0.518    -0.689
 6   132.440    24.256     0.257
 6     0.578     0.785     0.225
 6    -0.373     0.498    -0.783
 6    -0.726     0.368     0.580
 7   106.848   -17.300   -11.568
 7     0.552     0.461     0.695
 7    -0.794     0.544     0.270
 7    -0.253    -0.701     0.666
 8   116.706   -25.401    12.975
 8     0.366    -0.619     0.696
 8    -0.653    -0.702    -0.281
 8     0.662    -0.352    -0.661
 9   119.414   -39.799    -0.386
 9     0.263    -0.396     0.880
 9    -0.168     0.879     0.445
 9    -0.950    -0.264     0.165
 2    98.405   -22.388    59.337
 2     0.754    -0.658     0.012
 2     0.655     0.752     0.058
 2    -0.046    -0.037     0.998
 3   127.927    -0.430    -5.996
 3     0.598    -0.282    -0.751
 3     0.346     0.935    -0.074
 3     0.723    -0.216     0.656
 4   105.239    16.226    -8.856
 4     0.361    -0.419     0.833
 4     0.932     0.130    -0.338
 4     0.032     0.898     0.437
 5   120.107    27.749    12.875
 5     0.695     0.052     0.717
 5     0.423    -0.837    -0.348
 5     0.581     0.545    -0.604
 6   135.818    21.353     2.048
 6     0.618     0.783     0.065
 6    -0.451     0.422    -0.786
 6    -0.644     0.456     0.614
 7   108.532   -17.863   -11.578
 7     0.555     0.470     0.687
 7    -0.806     0.507     0.303
 7    -0.206    -0.722     0.660
 8   117.158   -24.840    13.324
 8     0.328    -0.600     0.730
 8    -0.615    -0.721    -0.316
 8     0.716    -0.346    -0.605
 9   120.967   -40.207     1.225
 9     0.317    -0.368     0.875
 9    -0.221     0.868     0.443
 9    -0.922    -0.333     0.193
 2    98.405   -22.388    59.337
 2     0.754    -0.658     0.012
 2     0.655     0.752     0.058
 2    -0.046    -0.037     0.998
 3   129.320    -0.993    -5.628
 3     0.580    -0.275    -0.768
 3     0.353     0.932    -0.065
 3     0.734    -0.234     0.637
 4   107.328    16.325    -9.748
 4     0.395    -0.441     0.806
 4     0.917     0.150    -0.367
 4     0.040     0.884     0.464
 5   121.951    27.324    12.379
 5     0.697     0.000     0.717
 5     0.394    -0.836    -0.382
 5     0.598     0.549    -0.583
 6   137.578    20.163     1.831
 6     0.607     0.795     0.005
 6    -0.481     0.374    -0.792
 6    -0.632     0.477     0.610
 7   108.928   -17.669   -11.530
 7     0.553     0.475     0.685
 7    -0.812     0.491     0.315
 7    -0.187    -0.730     0.656
 8   118.042   -24.282    13.799
 8     0.356    -0.599     0.718
 8    -0.601    -0.734    -0.315
 8     0.715    -0.319    -0.621
 9   121.005   -40.060     2.140
 9     0.266    -0.389     0.883
 9    -0.251     0.856     0.451
 9    -0.931    -0.340     0.129
 2    98.404   -22.388    59.337
 2     0.753    -0.659     0.011
 2     0.656     0.751     0.059
 2    -0.046    -0.038     0.998
 3   128.326    -0.878    -5.147
 3     0.588    -0.288    -0.757
 3     0.364     0.928    -0.069
 3     0.722    -0.235     0.650
 4   105.610    16.175    -8.568
 4     0.381    -0.413     0.828
 4     0.924     0.132    -0.358
 4     0.038     0.901     0.432
 5   121.223    26.202    13.546
 5     0.731     0.056     0.679
 5     0.376    -0.865    -0.333
 5     0.568     0.499    -0.654
 6   135.351    20.542     1.177
 6     0.564     0.822     0.074
 6    -0.411     0.359    -0.838
 6    -0.716     0.441     0.541
 7   107.204   -18.274   -10.633
 7     0.539     0.470     0.699
 7    -0.817     0.491     0.300
 7    -0.203    -0.733     0.648
 8   119.695   -24.683    14.152
 8     0.468    -0.622     0.629
 8    -0.598    -0.745    -0.292
 8     0.650    -0.240    -0.720
 9   120.981   -40.763     1.166
 9     0.116    -0.534     0.838
 9    -0.244     0.802     0.545
 9    -0.963    -0.267    -0.037
 2    98.405   -22.388    59.338
 2     0.754    -0.658     0.012
 2     0.656     0.752     0.058
 2    -0.046    -0.038     0.998
 3   126.601    -0.576    -6.275
 3     0.632    -0.342    -0.696
 3     0.379     0.919    -0.106
 3     0.676    -0.197     0.710
 4   102.445    15.354    -7.239
 4     0.295    -0.337     0.894
 4     0.955     0.080    -0.285
 4     0.023     0.938     0.345
 5   119.611    25.766    13.898
 5     0.767     0.194     0.611
 5     0.414    -0.878    -0.241
 5     0.490     0.438    -0.754
 6   130.781    23.251    -1.024
 6     0.462     0.865     0.197
 6    -0.297     0.360    -0.884
 6    -0.836     0.350     0.423
 7   105.343   -18.253    -9.951
 7     0.488     0.469     0.736
 7    -0.838     0.485     0.246
 7    -0.242    -0.737     0.630
 8   120.473   -25.334    13.709
 8     0.499    -0.743     0.449
 8    -0.663    -0.659    -0.355
 8     0.559    -0.120    -0.820
 9   116.882   -42.752     0.422
 9    -0.181    -0.683     0.707
 9    -0.260     0.727     0.635
 9    -0.948    -0.068    -0.309
 2    98.405   -22.388    59.338
 2     0.754    -0.658     0.012
 2     0.656     0.752     0.058
 2    -0.046    -0.038     0.998
 3   125.718    -0.759    -7.344
 3     0.682    -0.322    -0.659
 3     0.369     0.926    -0.067
 3     0.631    -0.198     0.749
 4   101.529    15.036    -6.797
 4     0.264    -0.337     0.903
 4     0.963     0.040    -0.266
 4     0.053     0.940     0.335
 5   118.734    24.161    14.887
 5     0.757     0.267     0.597
 5     0.414    -0.902    -0.123
 5     0.505     0.340    -0.793
 6   129.669    24.117    -0.009
 6     0.469     0.857     0.214
 6    -0.209     0.343    -0.915
 6    -0.858     0.384     0.340
 7   104.765   -18.364    -9.592
 7     0.471     0.459     0.753
 7    -0.854     0.450     0.259
 7    -0.220    -0.766     0.604
 8   118.787   -24.739    14.504
 8     0.463    -0.728     0.508
 8    -0.642    -0.669    -0.373
 8     0.610    -0.153    -0.776
 9   117.437   -42.724     2.051
 9    -0.094    -0.729     0.678
 9    -0.303     0.670     0.677
 9    -0.948    -0.142    -0.284
 2    98.405   -22.388    59.338
 2     0.754    -0.658     0.012
 2     0.656     0.752     0.058
 2    -0.046    -0.038     0.998
 3   126.297    -0.907    -6.762
 3     0.656    -0.311    -0.689
 3     0.377     0.924    -0.056
 3     0.654    -0.223     0.722
 4   102.303    14.835    -7.781
 4     0.269    -0.386     0.883
 4     0.962     0.074    -0.260
 4     0.034     0.919     0.391
 5   118.232    24.808    14.190
 5     0.720     0.206     0.662
 5     0.422    -0.888    -0.182
 5     0.550     0.410    -0.727
 6   131.446    23.373     0.486
 6     0.552     0.815     0.174
 6    -0.271     0.373    -0.888
 6    -0.789     0.443     0.426
 7   106.200   -18.841    -9.714
 7     0.510     0.475     0.717
 7    -0.843     0.442     0.306
 7    -0.171    -0.761     0.626
 8   116.817   -27.927    13.785
 8     0.401    -0.632     0.664
 8    -0.696    -0.680    -0.227
 8     0.595    -0.371    -0.712
 9   120.199   -41.435    -1.557
 9     0.191    -0.724     0.663
 9    -0.066     0.664     0.744
 9    -0.979    -0.185     0.079
 2    98.405   -22.388    59.337
 2     0.754    -0.658     0.012
 2     0.655     0.752     0.058
 2    -0.046    -0.037     0.998
 3   127.296    -1.592    -6.522
 3     0.633    -0.267    -0.727
 3     0.387     0.922    -0.001
 3     0.670    -0.281     0.686
 4   103.654    14.156    -9.451
 4     0.320    -0.386     0.865
 4     0.946     0.180    -0.269
 4    -0.053     0.904     0.423
 5   118.971    28.135    10.152
 5     0.705     0.117     0.700
 5     0.500    -0.782    -0.371
 5     0.503     0.612    -0.610
 6   134.645    21.071    -1.855
 6     0.605     0.794     0.061
 6    -0.516     0.450    -0.729
 6    -0.606     0.409     0.682
 7   107.057   -19.624    -9.763
 7     0.543     0.438     0.717
 7    -0.810     0.497     0.311
 7    -0.220    -0.749     0.624
 8   115.878   -37.784     6.098
 8     0.468    -0.268     0.842
 8    -0.826    -0.472     0.309
 8     0.314    -0.840    -0.442
 9   129.196   -34.726   -10.122
 9     0.461    -0.829     0.316
 9     0.558     0.548     0.623
 9    -0.689    -0.111     0.716
 2    98.405   -22.388    59.338
 2     0.754    -0.658     0.012
 2     0.656     0.752     0.058
 2    -0.046    -0.038     0.998
 3   127.702    -2.380    -6.322
 3     0.607    -0.275    -0.746
 3     0.411     0.911     0.001
 3     0.679    -0.308     0.666
 4   104.033    12.770   -10.899
 4     0.342    -0.362     0.868
 4     0.928     0.270    -0.253
 4    -0.144     0.892     0.428
 5   119.067    30.185     6.201
 5     0.695     0.051     0.717
 5     0.569    -0.649    -0.505
 5     0.439     0.759    -0.480
 6   135.631    19.074    -3.611
 6     0.603     0.797     0.034
 6    -0.651     0.517    -0.556
 6    -0.461     0.312     0.831
 7   107.473   -20.093    -9.992
 7     0.575     0.389     0.720
 7    -0.767     0.563     0.308
 7    -0.286    -0.729     0.621
 8   117.776   -40.597     0.711
 8     0.552    -0.085     0.829
 8    -0.820    -0.236     0.522
 8     0.151    -0.968    -0.200
 9   133.754   -29.156   -10.849
 9     0.474    -0.867     0.154
 9     0.789     0.496     0.361
 9    -0.390    -0.049     0.920
 2    98.405   -22.388    59.338
 2     0.754    -0.658     0.012
 2     0.656     0.752     0.058
 2    -0.046    -0.038     0.998
 3   127.846    -2.604    -6.089
 3     0.600    -0.287    -0.747
 3     0.423     0.905    -0.006
 3     0.678    -0.313     0.664
 4   104.258    12.513   -11.310
 4     0.357    -0.351     0.865
 4     0.918     0.299    -0.258
 4    -0.169     0.887     0.429
 5   119.197    30.965     4.516
 5     0.692     0.006     0.722
 5     0.589    -0.584    -0.558
 5     0.417     0.812    -0.409
 6   136.464    17.922    -3.518
 6     0.610     0.792     0.024
 6    -0.715     0.563    -0.413
 6    -0.341     0.234     0.910
 7   107.136   -20.182   -10.130
 7     0.577     0.364     0.731
 7    -0.745     0.600     0.289
 7    -0.334    -0.712     0.618
 8   118.698   -41.266    -3.109
 8     0.604     0.054     0.795
 8    -0.794    -0.046     0.606
 8     0.069    -0.997     0.015
 9   136.491   -26.154    -8.983
 9     0.486    -0.874     0.027
 9     0.867     0.485     0.110
 9    -0.110    -0.029     0.994
 2    98.405   -22.388    59.338
 2     0.754    -0.658     0.012
 2     0.656     0.752     0.058
 2    -0.046    -0.038     0.998
 3   127.493    -2.962    -5.959
 3     0.603    -0.288    -0.745
 3     0.421     0.906    -0.008
 3     0.677    -0.309     0.667
 4   104.253    12.269   -11.539
 4     0.381    -0.345     0.858
 4     0.908     0.315    -0.276
 4    -0.176     0.884     0.433
 5   119.089    31.195     3.686
 5     0.681    -0.077     0.729
 5     0.590    -0.532    -0.607
 5     0.433     0.843    -0.317
 6   137.172    16.616    -1.653
 6     0.615     0.787    -0.055
 6    -0.760     0.573    -0.305
 6    -0.210     0.228     0.951
 7   106.895   -20.656   -10.428
 7     0.586     0.333     0.739
 7    -0.725     0.624     0.293
 7    -0.363    -0.707     0.607
 8   119.715   -41.351    -4.655
 8     0.643     0.141     0.753
 8    -0.763     0.035     0.645
 8     0.063    -0.989     0.129
 9   138.178   -24.861    -6.365
 9     0.477    -0.877    -0.056
 9     0.876     0.479    -0.045
 9     0.065    -0.028     0.997
 2    98.405   -22.388    59.338
 2     0.754    -0.658     0.012
 2     0.656     0.752     0.058
 2    -0.046    -0.038     0.998
 3   127.098    -3.622    -5.729
 3     0.603    -0.280    -0.748
 3     0.420     0.907     0.001
 3     0.677    -0.315     0.664
 4   104.628    11.988   -12.074
 4     0.427    -0.346     0.836
 4     0.884     0.349    -0.308
 4    -0.187     0.870     0.454
 5   119.596    31.716     2.094
 5     0.673    -0.194     0.715
 5     0.593    -0.437    -0.676
 5     0.441     0.878    -0.180
 6   137.928    15.153     0.296
 6     0.588     0.797    -0.137
 6    -0.808     0.571    -0.144
 6    -0.038     0.194     0.980
 7   106.545   -20.917   -10.620
 7     0.588     0.318     0.744
 7    -0.717     0.630     0.297
 7    -0.375    -0.708     0.598
 8   119.963   -41.419    -4.252
 8     0.656     0.225     0.720
 8    -0.745     0.046     0.665
 8     0.116    -0.973     0.197
 9   138.585   -24.463    -3.482
 9     0.477    -0.876    -0.066
 9     0.866     0.481    -0.135
 9     0.149     0.007     0.989
 2    98.404   -22.388    59.337
 2     0.753    -0.659     0.011
 2     0.656     0.751     0.059
 2    -0.046    -0.038     0.998
 3   126.943    -4.206    -5.202
 3     0.607    -0.257    -0.753
 3     0.410     0.911     0.021
 3     0.680    -0.322     0.658
 4   105.641    12.298   -12.218
 4     0.481    -0.363     0.799
 4     0.862     0.363    -0.354
 4    -0.162     0.858     0.486
 5   120.667    31.237     2.830
 5     0.671    -0.278     0.688
 5     0.560    -0.418    -0.714
 5     0.485     0.864    -0.127
 6   138.550    13.567     2.742
 6     0.553     0.811    -0.192
 6    -0.833     0.545    -0.095
 6     0.026     0.211     0.977
 7   106.076   -21.172   -10.096
 7     0.583     0.330     0.742
 7    -0.736     0.602     0.311
 7    -0.344    -0.727     0.593
 8   119.905   -41.042    -1.711
 8     0.661     0.262     0.703
