% Calibrated with leiden_pols
% Positions are in centimeters
Data =[
 2    98.432   -22.329    59.308
 2     0.757    -0.654     0.001
 2     0.652     0.755     0.054
 2    -0.035    -0.042     0.998
 3   130.161    -4.111    -0.814
 3     0.439    -0.184    -0.880
 3     0.397     0.917     0.008
 3     0.805    -0.354     0.475
 4   115.226    17.090    -8.025
 4     0.471    -0.752     0.464
 4     0.808     0.157    -0.566
 4     0.353     0.641     0.681
 5   116.153    20.937    19.175
 5     0.031    -0.357     0.934
 5     0.166    -0.919    -0.356
 5     0.985     0.165     0.031
 6   124.586    26.956    44.155
 6     0.129    -0.871    -0.477
 6     0.099     0.487    -0.867
 6     0.986     0.062     0.146
 7   113.022   -22.382    -7.634
 7     0.660     0.578     0.481
 7    -0.745     0.416     0.521
 7     0.102    -0.701     0.705
 8   116.061   -26.795    18.055
 8     0.150     0.320     0.936
 8    -0.260    -0.900     0.349
 8     0.954    -0.295    -0.051
 9   125.189   -33.015    42.985
 9     0.265     0.736    -0.626
 9    -0.072     0.659     0.746
 9     0.961    -0.151     0.226
 2    98.432   -22.329    59.308
 2     0.757    -0.654     0.001
 2     0.652     0.755     0.054
 2    -0.035    -0.042     0.998
 3   130.214    -4.109    -0.768
 3     0.438    -0.184    -0.880
 3     0.398     0.917     0.008
 3     0.806    -0.354     0.475
 4   115.276    17.116    -8.025
 4     0.471    -0.752     0.463
 4     0.808     0.157    -0.567
 4     0.353     0.640     0.681
 5   116.204    20.986    19.184
 5     0.030    -0.365     0.931
 5     0.167    -0.916    -0.364
 5     0.985     0.165     0.034
 6   124.638    26.955    44.105
 6     0.129    -0.868    -0.483
 6     0.098     0.493    -0.863
 6     0.986     0.062     0.146
 7   113.075   -22.431    -7.638
 7     0.661     0.578     0.479
 7    -0.743     0.416     0.524
 7     0.103    -0.702     0.704
 8   116.050   -26.829    17.967
 8     0.147     0.322     0.935
 8    -0.263    -0.899     0.350
 8     0.953    -0.297    -0.047
 9   125.081   -33.088    42.961
 9     0.260     0.734    -0.630
 9    -0.072     0.663     0.744
 9     0.963    -0.147     0.223
 2    98.432   -22.329    59.359
 2     0.757    -0.654     0.001
 2     0.652     0.755     0.054
 2    -0.035    -0.042     0.998
 3   130.329    -4.163    -0.887
 3     0.442    -0.189    -0.877
 3     0.397     0.917     0.003
 3     0.804    -0.350     0.480
 4   115.484    17.115    -8.029
 4     0.479    -0.750     0.457
 4     0.803     0.164    -0.572
 4     0.355     0.640     0.681
 5   116.304    21.112    19.078
 5     0.025    -0.376     0.926
 5     0.167    -0.912    -0.375
 5     0.985     0.163     0.041
 6   124.661    26.908    44.098
 6     0.123    -0.859    -0.501
 6     0.096     0.509    -0.854
 6     0.987     0.054     0.142
 7   113.248   -22.376    -7.794
 7     0.668     0.573     0.476
 7    -0.737     0.420     0.529
 7     0.103    -0.703     0.703
 8   116.195   -26.987    17.792
 8     0.144     0.329     0.933
 8    -0.266    -0.896     0.356
 8     0.953    -0.298    -0.042
 9   125.175   -33.270    42.779
 9     0.256     0.730    -0.636
 9    -0.074     0.668     0.738
 9     0.963    -0.140     0.224
 2    98.432   -22.329    59.308
 2     0.757    -0.654     0.001
 2     0.652     0.755     0.054
 2    -0.035    -0.042     0.998
 3   130.494    -4.217    -1.031
 3     0.445    -0.194    -0.874
 3     0.396     0.918    -0.000
 3     0.802    -0.347     0.485
 4   115.661    17.164    -8.029
 4     0.485    -0.749     0.453
 4     0.799     0.168    -0.576
 4     0.355     0.641     0.680
 5   116.298    21.341    18.949
 5     0.012    -0.402     0.916
 5     0.171    -0.901    -0.398
 5     0.985     0.160     0.058
 6   124.607    26.819    43.958
 6     0.110    -0.838    -0.537
 6     0.094     0.544    -0.833
 6     0.989     0.038     0.136
 7   113.420   -22.475    -7.869
 7     0.674     0.569     0.473
 7    -0.732     0.424     0.533
 7     0.102    -0.704     0.702
 8   116.305   -27.121    17.626
 8     0.143     0.335     0.931
 8    -0.269    -0.893     0.361
 8     0.952    -0.302    -0.037
 9   125.306   -33.448    42.588
 9     0.255     0.725    -0.643
 9    -0.076     0.674     0.732
 9     0.964    -0.136     0.226
 2    98.432   -22.329    59.359
 2     0.757    -0.654    -0.000
 2     0.652     0.755     0.055
 2    -0.035    -0.043     0.998
 3   130.697    -4.216    -1.113
 3     0.446    -0.194    -0.874
 3     0.395     0.918    -0.002
 3     0.803    -0.345     0.486
 4   115.992    17.162    -8.108
 4     0.495    -0.746     0.448
 4     0.792     0.176    -0.583
 4     0.356     0.642     0.678
 5   116.487    22.312    18.407
 5    -0.007    -0.495     0.869
 5     0.179    -0.856    -0.485
 5     0.984     0.151     0.095
 6   124.830    26.591    43.815
 6     0.078    -0.748    -0.661
 6     0.082     0.664    -0.742
 6     0.993     0.001     0.111
 7   114.182   -22.462    -8.179
 7     0.684     0.567     0.459
 7    -0.721     0.431     0.542
 7     0.110    -0.702     0.703
 8   116.757   -27.455    17.104
 8     0.127     0.354     0.927
 8    -0.277    -0.885     0.375
 8     0.952    -0.303    -0.014
 9   125.290   -33.857    42.213
 9     0.234     0.714    -0.663
 9    -0.082     0.691     0.717
 9     0.969    -0.111     0.218
 2    98.435   -22.328    59.306
 2     0.757    -0.654    -0.000
 2     0.652     0.755     0.055
 2    -0.034    -0.043     0.998
 3   131.643    -4.091    -1.117
 3     0.420    -0.197    -0.886
 3     0.398     0.917    -0.014
 3     0.815    -0.348     0.462
 4   117.346    17.160    -8.502
 4     0.502    -0.751     0.430
 4     0.789     0.192    -0.583
 4     0.355     0.631     0.689
 5   116.375    25.080    17.338
 5    -0.087    -0.711     0.698
 5     0.224    -0.697    -0.681
 5     0.971     0.097     0.220
 6   123.011    27.105    43.642
 6    -0.018    -0.500    -0.866
 6     0.070     0.863    -0.500
 6     0.997    -0.071     0.019
 7   115.951   -22.544    -8.509
 7     0.705     0.573     0.418
 7    -0.693     0.435     0.574
 7     0.147    -0.695     0.703
 8   117.236   -28.838    16.160
 8     0.082     0.509     0.857
 8    -0.289    -0.811     0.509
 8     0.954    -0.289     0.080
 9   124.605   -33.943    41.700
 9     0.150     0.564    -0.813
 9    -0.060     0.825     0.560
 9     0.987    -0.034     0.157
 2    98.435   -22.328    59.306
 2     0.757    -0.654    -0.000
 2     0.652     0.755     0.055
 2    -0.034    -0.043     0.998
 3   132.201    -3.857    -0.808
 3     0.382    -0.205    -0.901
 3     0.404     0.913    -0.035
 3     0.830    -0.352     0.431
 4   118.143    17.161    -8.759
 4     0.489    -0.768     0.415
 4     0.798     0.202    -0.567
 4     0.352     0.608     0.711
 5   114.501    27.057    15.930
 5    -0.199    -0.777     0.598
 5     0.278    -0.630    -0.725
 5     0.940     0.022     0.341
 6   118.636    28.853    43.159
 6    -0.118    -0.406    -0.906
 6     0.085     0.905    -0.416
 6     0.989    -0.127    -0.073
 7   116.775   -22.601    -8.898
 7     0.716     0.578     0.392
 7    -0.678     0.445     0.585
 7     0.163    -0.684     0.710
 8   116.505   -30.939    14.605
 8     0.004     0.732     0.682
 8    -0.288    -0.652     0.701
 8     0.958    -0.199     0.208
 9   121.188   -33.775    40.977
 9     0.007     0.304    -0.953
 9    -0.027     0.952     0.304
 9     1.000     0.024     0.014
 2    98.383   -22.329    59.309
 2     0.757    -0.654    -0.000
 2     0.652     0.755     0.055
 2    -0.035    -0.043     0.998
 3   132.375    -3.862    -0.761
 3     0.361    -0.199    -0.911
 3     0.402     0.914    -0.040
 3     0.841    -0.353     0.410
 4   118.646    17.060    -9.212
 4     0.478    -0.791     0.383
 4     0.792     0.199    -0.577
 4     0.380     0.578     0.721
 5   112.440    27.885    14.379
 5    -0.289    -0.768     0.572
 5     0.314    -0.640    -0.701
 5     0.904    -0.023     0.426
