% Calibrated with leiden_pols
% Positions are in centimeters
Data =[
 2    98.432   -22.329    59.308
 2     0.757    -0.654     0.001
 2     0.652     0.755     0.054
 2    -0.035    -0.042     0.998
 3   130.161    -4.111    -0.814
 3     0.439    -0.184    -0.880
 3     0.397     0.917     0.008
 3     0.805    -0.354     0.475
 4   115.226    17.090    -8.025
 4     0.471    -0.752     0.464
 4     0.808     0.157    -0.566
 4     0.353     0.641     0.681
 5   116.153    20.937    19.175
 5     0.031    -0.357     0.934
 5     0.166    -0.919    -0.356
 5     0.985     0.165     0.031
 6   124.586    26.956    44.155
 6     0.129    -0.871    -0.477
 6     0.099     0.487    -0.867
 6     0.986     0.062     0.146
 7   113.022   -22.382    -7.634
 7     0.660     0.578     0.481
 7    -0.745     0.416     0.521
 7     0.102    -0.701     0.705
 8   116.061   -26.795    18.055
 8     0.150     0.320     0.936
 8    -0.260    -0.900     0.349
 8     0.954    -0.295    -0.051
 9   125.189   -33.015    42.985
 9     0.265     0.736    -0.626
 9    -0.072     0.659     0.746
 9     0.961    -0.151     0.226
 2    98.432   -22.329    59.308
 2     0.757    -0.654     0.001
 2     0.652     0.755     0.054
 2    -0.035    -0.042     0.998
 3   130.214    -4.109    -0.768
 3     0.438    -0.184    -0.880
 3     0.398     0.917     0.008
 3     0.806    -0.354     0.475
 4   115.276    17.116    -8.025
 4     0.471    -0.752     0.463
 4     0.808     0.157    -0.567
 4     0.353     0.640     0.681
 5   116.204    20.986    19.184
 5     0.030    -0.365     0.931
 5     0.167    -0.916    -0.364
 5     0.985     0.165     0.034
 6   124.638    26.955    44.105
 6     0.129    -0.868    -0.483
 6     0.098     0.493    -0.863
 6     0.986     0.062     0.146
 7   113.075   -22.431    -7.638
 7     0.661     0.578     0.479
 7    -0.743     0.416     0.524
 7     0.103    -0.702     0.704
 8   116.050   -26.829    17.967
 8     0.147     0.322     0.935
 8    -0.263    -0.899     0.350
 8     0.953    -0.297    -0.047
 9   125.081   -33.088    42.961
 9     0.260     0.734    -0.630
 9    -0.072     0.663     0.744
 9     0.963    -0.147     0.223
 2    98.432   -22.329    59.359
 2     0.757    -0.654     0.001
 2     0.652     0.755     0.054
 2    -0.035    -0.042     0.998
 3   130.329    -4.163    -0.887
 3     0.442    -0.189    -0.877
 3     0.397     0.917     0.003
 3     0.804    -0.350     0.480
 4   115.484    17.115    -8.029
 4     0.479    -0.750     0.457
 4     0.803     0.164    -0.572
 4     0.355     0.640     0.681
 5   116.304    21.112    19.078
 5     0.025    -0.376     0.926
 5     0.167    -0.912    -0.375
 5     0.985     0.163     0.041
 6   124.661    26.908    44.098
 6     0.123    -0.859    -0.501
 6     0.096     0.509    -0.854
 6     0.987     0.054     0.142
 7   113.248   -22.376    -7.794
 7     0.668     0.573     0.476
 7    -0.737     0.420     0.529
 7     0.103    -0.703     0.703
 8   116.195   -26.987    17.792
 8     0.144     0.329     0.933
 8    -0.266    -0.896     0.356
 8     0.953    -0.298    -0.042
 9   125.175   -33.270    42.779
 9     0.256     0.730    -0.636
 9    -0.074     0.668     0.738
 9     0.963    -0.140     0.224
 2    98.432   -22.329    59.308
 2     0.757    -0.654     0.001
 2     0.652     0.755     0.054
 2    -0.035    -0.042     0.998
 3   130.494    -4.217    -1.031
 3     0.445    -0.194    -0.874
 3     0.396     0.918    -0.000
 3     0.802    -0.347     0.485
 4   115.661    17.164    -8.029
 4     0.485    -0.749     0.453
 4     0.799     0.168    -0.576
 4     0.355     0.641     0.680
 5   116.298    21.341    18.949
 5     0.012    -0.402     0.916
 5     0.171    -0.901    -0.398
 5     0.985     0.160     0.058
 6   124.607    26.819    43.958
 6     0.110    -0.838    -0.537
 6     0.094     0.544    -0.833
 6     0.989     0.038     0.136
 7   113.420   -22.475    -7.869
 7     0.674     0.569     0.473
 7    -0.732     0.424     0.533
 7     0.102    -0.704     0.702
 8   116.305   -27.121    17.626
 8     0.143     0.335     0.931
 8    -0.269    -0.893     0.361
 8     0.952    -0.302    -0.037
 9   125.306   -33.448    42.588
 9     0.255     0.725    -0.643
 9    -0.076     0.674     0.732
 9     0.964    -0.136     0.226
 2    98.432   -22.329    59.359
 2     0.757    -0.654    -0.000
 2     0.652     0.755     0.055
 2    -0.035    -0.043     0.998
 3   130.697    -4.216    -1.113
 3     0.446    -0.194    -0.874
 3     0.395     0.918    -0.002
 3     0.803    -0.345     0.486
 4   115.992    17.162    -8.108
 4     0.495    -0.746     0.448
 4     0.792     0.176    -0.583
 4     0.356     0.642     0.678
 5   116.487    22.312    18.407
 5    -0.007    -0.495     0.869
 5     0.179    -0.856    -0.485
 5     0.984     0.151     0.095
 6   124.830    26.591    43.815
 6     0.078    -0.748    -0.661
 6     0.082     0.664    -0.742
 6     0.993     0.001     0.111
 7   114.182   -22.462    -8.179
 7     0.684     0.567     0.459
 7    -0.721     0.431     0.542
 7     0.110    -0.702     0.703
 8   116.757   -27.455    17.104
 8     0.127     0.354     0.927
 8    -0.277    -0.885     0.375
 8     0.952    -0.303    -0.014
 9   125.290   -33.857    42.213
 9     0.234     0.714    -0.663
 9    -0.082     0.691     0.717
 9     0.969    -0.111     0.218
 2    98.435   -22.328    59.306
 2     0.757    -0.654    -0.000
 2     0.652     0.755     0.055
 2    -0.034    -0.043     0.998
 3   131.643    -4.091    -1.117
 3     0.420    -0.197    -0.886
 3     0.398     0.917    -0.014
 3     0.815    -0.348     0.462
 4   117.346    17.160    -8.502
 4     0.502    -0.751     0.430
 4     0.789     0.192    -0.583
 4     0.355     0.631     0.689
 5   116.375    25.080    17.338
 5    -0.087    -0.711     0.698
 5     0.224    -0.697    -0.681
 5     0.971     0.097     0.220
 6   123.011    27.105    43.642
 6    -0.018    -0.500    -0.866
 6     0.070     0.863    -0.500
 6     0.997    -0.071     0.019
 7   115.951   -22.544    -8.509
 7     0.705     0.573     0.418
 7    -0.693     0.435     0.574
 7     0.147    -0.695     0.703
 8   117.236   -28.838    16.160
 8     0.082     0.509     0.857
 8    -0.289    -0.811     0.509
 8     0.954    -0.289     0.080
 9   124.605   -33.943    41.700
 9     0.150     0.564    -0.813
 9    -0.060     0.825     0.560
 9     0.987    -0.034     0.157
 2    98.435   -22.328    59.306
 2     0.757    -0.654    -0.000
 2     0.652     0.755     0.055
 2    -0.034    -0.043     0.998
 3   132.201    -3.857    -0.808
 3     0.382    -0.205    -0.901
 3     0.404     0.913    -0.035
 3     0.830    -0.352     0.431
 4   118.143    17.161    -8.759
 4     0.489    -0.768     0.415
 4     0.798     0.202    -0.567
 4     0.352     0.608     0.711
 5   114.501    27.057    15.930
 5    -0.199    -0.777     0.598
 5     0.278    -0.630    -0.725
 5     0.940     0.022     0.341
 6   118.636    28.853    43.159
 6    -0.118    -0.406    -0.906
 6     0.085     0.905    -0.416
 6     0.989    -0.127    -0.073
 7   116.775   -22.601    -8.898
 7     0.716     0.578     0.392
 7    -0.678     0.445     0.585
 7     0.163    -0.684     0.710
 8   116.505   -30.939    14.605
 8     0.004     0.732     0.682
 8    -0.288    -0.652     0.701
 8     0.958    -0.199     0.208
 9   121.188   -33.775    40.977
 9     0.007     0.304    -0.953
 9    -0.027     0.952     0.304
 9     1.000     0.024     0.014
 2    98.383   -22.329    59.309
 2     0.757    -0.654    -0.000
 2     0.652     0.755     0.055
 2    -0.035    -0.043     0.998
 3   132.375    -3.862    -0.761
 3     0.361    -0.199    -0.911
 3     0.402     0.914    -0.040
 3     0.841    -0.353     0.410
 4   118.646    17.060    -9.212
 4     0.478    -0.791     0.383
 4     0.792     0.199    -0.577
 4     0.380     0.578     0.721
 5   112.440    27.885    14.379
 5    -0.289    -0.768     0.572
 5     0.314    -0.640    -0.701
 5     0.904    -0.023     0.426
 6   114.766    30.001    41.844
 6    -0.178    -0.428    -0.886
 6     0.086     0.890    -0.447
 6     0.980    -0.157    -0.122
 7   117.129   -22.747    -9.275
 7     0.720     0.581     0.380
 7    -0.674     0.453     0.584
 7     0.168    -0.676     0.717
 8   114.523   -33.095    12.925
 8    -0.110     0.868     0.485
 8    -0.309    -0.493     0.813
 8     0.944    -0.060     0.323
 9   114.713   -35.805    40.349
 9    -0.146     0.121    -0.982
 9    -0.028     0.991     0.127
 9     0.989     0.045    -0.141
 2    98.383   -22.329    59.309
 2     0.757    -0.654    -0.000
 2     0.652     0.755     0.055
 2    -0.035    -0.043     0.998
 3   132.370    -4.080    -0.724
 3     0.351    -0.174    -0.920
 3     0.394     0.918    -0.023
 3     0.849    -0.356     0.390
 4   119.365    16.989    -9.646
 4     0.461    -0.822     0.336
 4     0.786     0.202    -0.584
 4     0.412     0.532     0.739
 5   109.967    28.445    12.167
 5    -0.400    -0.734     0.548
 5     0.347    -0.675    -0.651
 5     0.848    -0.070     0.525
 6   109.386    31.821    39.736
 6    -0.278    -0.430    -0.859
 6     0.117     0.872    -0.475
 6     0.953    -0.234    -0.192
 7   117.408   -22.605    -9.800
 7     0.714     0.594     0.371
 7    -0.681     0.465     0.566
 7     0.164    -0.656     0.736
 8   112.216   -33.930    11.026
 8    -0.231     0.871     0.432
 8    -0.342    -0.489     0.803
 8     0.911     0.038     0.411
 9   109.070   -37.345    38.526
 9    -0.265     0.119    -0.957
 9    -0.052     0.989     0.138
 9     0.963     0.086    -0.256
 2    98.435   -22.328    59.306
 2     0.757    -0.654    -0.000
 2     0.652     0.755     0.055
 2    -0.034    -0.043     0.998
 3   132.486    -3.828    -0.647
 3     0.326    -0.164    -0.931
 3     0.386     0.922    -0.027
 3     0.863    -0.352     0.363
 4   119.542    17.078   -10.057
 4     0.417    -0.854     0.313
 4     0.794     0.175    -0.582
 4     0.442     0.490     0.750
 5   107.381    28.280    10.021
 5    -0.499    -0.682     0.536
 5     0.358    -0.724    -0.589
 5     0.789    -0.102     0.605
 6   104.089    32.653    37.355
 6    -0.372    -0.407    -0.834
 6     0.140     0.864    -0.484
 6     0.917    -0.297    -0.265
 7   117.943   -22.571   -10.246
 7     0.716     0.605     0.350
 7    -0.676     0.476     0.562
 7     0.174    -0.638     0.749
 8   109.856   -34.178     9.371
 8    -0.346     0.847     0.403
 8    -0.354    -0.516     0.780
 8     0.868     0.127     0.479
 9   103.498   -38.019    36.806
 9    -0.372     0.136    -0.918
 9    -0.054     0.984     0.168
 9     0.927     0.112    -0.359
 2    98.435   -22.328    59.306
 2     0.757    -0.654    -0.000
 2     0.652     0.755     0.055
 2    -0.034    -0.043     0.998
 3   132.556    -3.779    -0.640
 3     0.300    -0.137    -0.944
 3     0.377     0.926    -0.014
 3     0.876    -0.352     0.329
 4   119.306    17.028   -10.270
 4     0.370    -0.881     0.296
 4     0.808     0.148    -0.570
 4     0.458     0.449     0.766
 5   105.395    27.579     8.503
 5    -0.566    -0.639     0.521
 5     0.350    -0.758    -0.550
 5     0.746    -0.129     0.653
 6   100.179    32.558    35.349
 6    -0.448    -0.363    -0.817
 6     0.151     0.870    -0.469
 6     0.881    -0.334    -0.336
 7   118.308   -22.458   -10.375
 7     0.706     0.632     0.321
 7    -0.680     0.477     0.556
 7     0.198    -0.610     0.766
 8   107.633   -33.897     7.674
 8    -0.453     0.800     0.394
 8    -0.351    -0.566     0.746
 8     0.820     0.199     0.536
 9    98.701   -37.948    34.549
 9    -0.461     0.173    -0.870
 9    -0.045     0.975     0.218
 9     0.886     0.140    -0.442
 2    98.385   -22.328    59.306
 2     0.757    -0.654    -0.000
 2     0.652     0.755     0.055
 2    -0.034    -0.043     0.998
 3   132.603    -3.715    -0.584
 3     0.287    -0.117    -0.951
 3     0.368     0.929    -0.003
 3     0.884    -0.350     0.309
 4   119.200    16.892   -10.460
 4     0.332    -0.900     0.282
 4     0.820     0.127    -0.557
 4     0.466     0.416     0.781
 5   104.084    27.243     7.307
 5    -0.612    -0.606     0.508
 5     0.343    -0.782    -0.520
 5     0.712    -0.144     0.686
 6    97.251    32.445    33.747
 6    -0.512    -0.301    -0.804
 6     0.158     0.887    -0.433
 6     0.844    -0.349    -0.406
 7   118.568   -22.405   -10.830
 7     0.682     0.670     0.293
 7    -0.697     0.475     0.537
 7     0.221    -0.570     0.791
 8   105.773   -34.148     5.447
 8    -0.545     0.759     0.356
 8    -0.375    -0.600     0.706
 8     0.749     0.251     0.612
 9    94.180   -39.509    31.072
 9    -0.550     0.170    -0.817
 9    -0.075     0.965     0.251
 9     0.831     0.199    -0.518
 2    98.435   -22.379    59.357
 2     0.757    -0.654    -0.000
 2     0.652     0.755     0.055
 2    -0.034    -0.043     0.998
 3   132.655    -3.648    -0.433
 3     0.269    -0.099    -0.958
 3     0.359     0.933     0.005
 3     0.893    -0.346     0.286
 4   119.262    16.651   -10.693
 4     0.301    -0.916     0.267
 4     0.829     0.113    -0.547
 4     0.471     0.386     0.793
 5   103.162    26.858     6.194
 5    -0.648    -0.581     0.492
 5     0.344    -0.800    -0.491
 5     0.679    -0.149     0.718
 6    94.705    32.705    31.883
 6    -0.577    -0.240    -0.780
 6     0.178     0.896    -0.407
 6     0.797    -0.374    -0.474
 7   118.926   -22.330   -10.968
 7     0.670     0.693     0.267
 7    -0.705     0.482     0.520
 7     0.231    -0.536     0.811
 8   105.375   -34.786     3.884
 8    -0.588     0.741     0.324
 8    -0.411    -0.619     0.670
 8     0.697     0.261     0.668
 9    92.749   -41.308    28.792
 9    -0.588     0.163    -0.792
 9    -0.111     0.953     0.279
 9     0.801     0.252    -0.543
 2    98.435   -22.379    59.306
 2     0.757    -0.654    -0.000
 2     0.652     0.755     0.055
 2    -0.034    -0.043     0.998
 3   132.859    -3.634    -0.232
 3     0.254    -0.094    -0.963
 3     0.359     0.933     0.004
 3     0.898    -0.348     0.270
 4   119.589    16.488   -10.907
 4     0.270    -0.933     0.239
 4     0.834     0.103    -0.541
 4     0.480     0.345     0.806
 5   102.546    26.365     4.930
 5    -0.689    -0.555     0.467
 5     0.343    -0.817    -0.464
 5     0.638    -0.160     0.753
 6    92.757    32.668    29.936
 6    -0.626    -0.229    -0.746
 6     0.186     0.884    -0.428
 6     0.757    -0.406    -0.511
 7   119.244   -22.376   -11.004
 7     0.664     0.704     0.252
 7    -0.708     0.482     0.516
 7     0.242    -0.521     0.818
 8   105.067   -34.364     3.857
 8    -0.611     0.721     0.327
 8    -0.388    -0.632     0.670
 8     0.690     0.282     0.666
 9    91.986   -40.109    28.847
 9    -0.602     0.184    -0.777
 9    -0.083     0.953     0.290
 9     0.794     0.239    -0.558
 2    98.435   -22.379    59.357
 2     0.757    -0.654    -0.000
 2     0.652     0.755     0.055
 2    -0.034    -0.043     0.998
 3   132.981    -3.732    -0.066
 3     0.247    -0.084    -0.965
 3     0.365     0.930     0.013
 3     0.897    -0.357     0.260
 4   119.993    16.311   -11.222
 4     0.262    -0.941     0.215
 4     0.837     0.110    -0.535
 4     0.479     0.320     0.817
 5   102.541    26.392     3.946
 5    -0.703    -0.554     0.447
 5     0.362    -0.819    -0.444
 5     0.612    -0.150     0.776
 6    92.081    33.754    28.299
 6    -0.651    -0.208    -0.730
 6     0.220     0.869    -0.443
 6     0.727    -0.450    -0.519
 7   119.297   -22.570   -10.897
 7     0.643     0.727     0.239
 7    -0.718     0.465     0.518
 7     0.266    -0.505     0.821
 8   104.183   -34.296     3.199
 8    -0.651     0.691     0.314
 8    -0.379    -0.654     0.655
 8     0.658     0.307     0.687
 9    89.293   -40.540    27.071
 9    -0.656     0.186    -0.732
 9    -0.090     0.943     0.321
 9     0.749     0.276    -0.602
 2    98.435   -22.328    59.306
 2     0.757    -0.654    -0.000
 2     0.652     0.755     0.055
 2    -0.034    -0.043     0.998
 3   133.017    -4.024     0.163
 3     0.233    -0.058    -0.971
 3     0.363     0.931     0.032
 3     0.902    -0.361     0.238
 4   120.187    15.979   -11.277
 4     0.255    -0.946     0.200
 4     0.842     0.115    -0.526
 4     0.475     0.302     0.826
 5   102.411    26.325     3.368
 5    -0.713    -0.550     0.436
 5     0.372    -0.823    -0.429
 5     0.594    -0.143     0.791
 6    91.247    33.960    27.569
 6    -0.675    -0.191    -0.713
 6     0.230     0.863    -0.449
 6     0.701    -0.468    -0.538
 7   119.563   -22.545   -11.009
 7     0.628     0.746     0.223
 7    -0.727     0.460     0.509
 7     0.277    -0.481     0.831
 8   104.110   -34.199     2.543
 8    -0.671     0.677     0.303
 8    -0.384    -0.666     0.639
 8     0.634     0.313     0.706
 9    88.749   -40.920    25.906
 9    -0.679     0.182    -0.711
 9    -0.104     0.935     0.339
 9     0.727     0.304    -0.616
 2    98.432   -22.329    59.308
 2     0.757    -0.654     0.001
 2     0.652     0.755     0.054
 2    -0.035    -0.042     0.998
 3   133.082    -3.889     0.322
 3     0.224    -0.059    -0.973
 3     0.361     0.932     0.026
 3     0.905    -0.357     0.230
 4   120.119    16.088   -11.210
 4     0.239    -0.951     0.197
 4     0.844     0.103    -0.526
 4     0.479     0.292     0.827
 5   102.117    26.093     3.468
 5    -0.722    -0.539     0.434
 5     0.362    -0.828    -0.427
 5     0.589    -0.151     0.793
 6    90.879    33.678    27.598
 6    -0.683    -0.187    -0.706
 6     0.225     0.865    -0.447
 6     0.695    -0.465    -0.549
 7   119.757   -22.393   -11.059
 7     0.630     0.746     0.215
 7    -0.725     0.467     0.506
 7     0.276    -0.475     0.835
 8   104.339   -34.374     2.269
 8    -0.670     0.682     0.294
 8    -0.399    -0.665     0.631
 8     0.625     0.305     0.718
 9    88.471   -41.887    25.071
 9    -0.693     0.167    -0.701
 9    -0.134     0.926     0.353
 9     0.708     0.339    -0.620
 2    98.385   -22.328    59.306
 2     0.757    -0.654    -0.000
 2     0.652     0.755     0.055
 2    -0.034    -0.043     0.998
 3   133.092    -3.785     0.308
 3     0.221    -0.064    -0.973
 3     0.358     0.933     0.020
 3     0.907    -0.354     0.229
 4   120.067    16.140   -11.210
 4     0.234    -0.951     0.200
 4     0.846     0.097    -0.524
 4     0.479     0.292     0.828
 5   101.935    26.092     3.345
 5    -0.723    -0.537     0.435
 5     0.364    -0.830    -0.422
 5     0.587    -0.147     0.796
 6    90.590    33.895    27.242
 6    -0.693    -0.177    -0.699
 6     0.233     0.862    -0.449
 6     0.682    -0.474    -0.557
 7   119.796   -22.365   -11.188
 7     0.624     0.754     0.204
 7    -0.728     0.466     0.503
 7     0.284    -0.462     0.840
 8   103.879   -34.252     1.728
 8    -0.691     0.663     0.288
 8    -0.398    -0.681     0.615
 8     0.604     0.309     0.734
 9    87.346   -41.900    24.138
 9    -0.716     0.170    -0.677
 9    -0.134     0.918     0.373
 9     0.685     0.357    -0.635
 2    98.433   -22.329    59.309
 2     0.757    -0.654    -0.000
 2     0.652     0.755     0.055
 2    -0.035    -0.043     0.998
 3   133.106    -3.831     0.346
 3     0.217    -0.055    -0.975
 3     0.355     0.934     0.026
 3     0.909    -0.352     0.222
 4   120.107    16.035   -11.322
 4     0.232    -0.953     0.196
 4     0.848     0.100    -0.520
 4     0.475     0.287     0.831
 5   102.010    26.033     2.889
 5    -0.726    -0.538     0.429
 5     0.372    -0.831    -0.413
 5     0.578    -0.141     0.803
 6    90.201    34.283    26.456
 6    -0.708    -0.161    -0.688
 6     0.248     0.855    -0.456
 6     0.661    -0.493    -0.565
 7   119.819   -22.387   -11.348
 7     0.612     0.766     0.196
 7    -0.734     0.457     0.502
 7     0.295    -0.452     0.842
 8   103.577   -34.202     1.268
 8    -0.707     0.650     0.280
 8    -0.395    -0.690     0.607
 8     0.587     0.318     0.744
 9    86.528   -41.959    23.343
 9    -0.735     0.167    -0.657
 9    -0.133     0.914     0.382
 9     0.664     0.369    -0.650
 2    98.433   -22.329    59.309
 2     0.757    -0.654    -0.000
 2     0.652     0.755     0.055
 2    -0.035    -0.043     0.998
 3   133.163    -3.956     0.340
 3     0.216    -0.049    -0.975
 3     0.354     0.934     0.032
 3     0.910    -0.352     0.219
 4   120.159    15.959   -11.372
 4     0.234    -0.953     0.193
 4     0.848     0.103    -0.520
 4     0.475     0.285     0.832
 5   102.305    26.148     3.497
 5    -0.715    -0.543     0.441
 5     0.369    -0.828    -0.421
 5     0.593    -0.138     0.792
 6    91.436    34.127    27.618
 6    -0.683    -0.174    -0.709
 6     0.245     0.860    -0.447
 6     0.688    -0.479    -0.545
 7   119.783   -22.393   -11.245
 7     0.628     0.749     0.209
 7    -0.727     0.469     0.502
 7     0.278    -0.467     0.839
 8   104.290   -34.375     2.205
 8    -0.672     0.676     0.303
 8    -0.401    -0.676     0.619
 8     0.623     0.294     0.724
 9    89.002   -42.200    25.230
 9    -0.685     0.178    -0.707
 9    -0.143     0.918     0.370
 9     0.714     0.355    -0.603
 2    98.435   -22.379    59.306
 2     0.757    -0.654    -0.000
 2     0.652     0.755     0.055
 2    -0.034    -0.043     0.998
 3   132.986    -3.756     0.105
 3     0.246    -0.084    -0.966
 3     0.363     0.931     0.012
 3     0.898    -0.354     0.259
 4   119.637    16.301   -11.199
 4     0.270    -0.934     0.235
 4     0.841     0.110    -0.530
 4     0.469     0.340     0.815
 5   102.917    26.448     5.059
 5    -0.672    -0.560     0.485
 5     0.366    -0.820    -0.440
 5     0.644    -0.118     0.755
 6    94.137    33.950    30.205
 6    -0.620    -0.204    -0.757
 6     0.232     0.874    -0.426
 6     0.749    -0.440    -0.495
 7   119.269   -22.637   -10.929
 7     0.667     0.702     0.250
 7    -0.708     0.492     0.506
 7     0.233    -0.514     0.825
 8   105.758   -35.188     4.039
 8    -0.587     0.734     0.340
 8    -0.429    -0.639     0.639
 8     0.686     0.229     0.690
 9    93.954   -43.572    28.309
 9    -0.586     0.172    -0.792
 9    -0.174     0.928     0.329
 9     0.792     0.330    -0.514
 2    98.385   -22.328    59.306
 2     0.757    -0.654    -0.000
 2     0.652     0.755     0.055
 2    -0.034    -0.043     0.998
 3   132.644    -3.887    -0.166
 3     0.276    -0.127    -0.953
 3     0.378     0.925    -0.013
 3     0.883    -0.357     0.303
 4   119.295    16.447   -10.824
 4     0.341    -0.898     0.278
 4     0.823     0.143    -0.549
 4     0.453     0.416     0.788
 5   105.169    27.429     7.582
 5    -0.577    -0.616     0.537
 5     0.385    -0.784    -0.486
 5     0.720    -0.073     0.689
 6   100.061    34.505    33.911
 6    -0.503    -0.214    -0.837
 6     0.238     0.897    -0.372
 6     0.830    -0.387    -0.401
 7   118.518   -22.843   -10.470
 7     0.709     0.633     0.310
 7    -0.685     0.515     0.515
 7     0.167    -0.577     0.799
 8   108.982   -36.326     6.727
 8    -0.421     0.811     0.406
 8    -0.469    -0.578     0.668
 8     0.776     0.090     0.623
 9   103.218   -44.844    32.638
 9    -0.400     0.166    -0.901
 9    -0.209     0.941     0.266
 9     0.892     0.295    -0.342
 2    98.435   -22.328    59.306
 2     0.757    -0.654    -0.000
 2     0.652     0.755     0.055
 2    -0.034    -0.043     0.998
 3   132.174    -3.935    -0.591
 3     0.329    -0.191    -0.925
 3     0.396     0.916    -0.047
 3     0.857    -0.352     0.377
 4   118.755    16.655   -10.504
 4     0.435    -0.840     0.325
 4     0.792     0.185    -0.581
 4     0.428     0.510     0.746
 5   108.917    28.249    11.146
 5    -0.405    -0.670     0.623
 5     0.393    -0.742    -0.543
 5     0.825     0.025     0.563
 6   109.510    34.224    38.221
 6    -0.308    -0.245    -0.919
 6     0.224     0.920    -0.321
 6     0.924    -0.305    -0.229
 7   117.801   -22.933    -9.935
 7     0.747     0.565     0.353
 7    -0.649     0.503     0.570
 7     0.144    -0.654     0.742
 8   113.311   -36.115    10.108
 8    -0.194     0.857     0.478
 8    -0.449    -0.511     0.733
 8     0.872    -0.072     0.483
 9   113.821   -43.011    36.591
 9    -0.177     0.168    -0.970
 9    -0.179     0.963     0.199
 9     0.967     0.208    -0.141
 2    98.435   -22.328    59.357
 2     0.757    -0.654    -0.000
 2     0.652     0.755     0.055
 2    -0.034    -0.043     0.998
 3   131.830    -4.043    -0.878
 3     0.363    -0.222    -0.906
 3     0.407     0.911    -0.060
 3     0.838    -0.348     0.420
 4   118.599    16.671   -10.280
 4     0.491    -0.799     0.350
 4     0.771     0.210    -0.601
 4     0.406     0.564     0.718
 5   112.870    27.838    13.670
 5    -0.241    -0.678     0.695
 5     0.368    -0.726    -0.581
 5     0.898     0.115     0.424
 6   117.367    32.706    40.556
 6    -0.152    -0.283    -0.947
 6     0.194     0.931    -0.309
 6     0.969    -0.231    -0.087
 7   117.039   -22.938    -9.530
 7     0.747     0.558     0.362
 7    -0.644     0.473     0.601
 7     0.164    -0.682     0.712
 8   116.103   -34.456    12.811
 8    -0.024     0.829     0.559
 8    -0.388    -0.523     0.759
 8     0.921    -0.198     0.334
 9   121.135   -39.052    38.938
 9    -0.008     0.203    -0.979
 9    -0.114     0.972     0.203
 9     0.993     0.112     0.015
 2    98.385   -22.328    59.306
 2     0.757    -0.654    -0.000
 2     0.652     0.755     0.055
 2    -0.034    -0.043     0.998
 3   131.484    -4.067    -0.949
 3     0.385    -0.235    -0.893
 3     0.418     0.906    -0.057
 3     0.822    -0.353     0.446
 4   118.152    16.752   -10.113
 4     0.512    -0.776     0.370
 4     0.765     0.217    -0.606
 4     0.389     0.593     0.704
 5   116.009    26.938    15.571
 5    -0.090    -0.629     0.772
 5     0.336    -0.749    -0.571
 5     0.937     0.207     0.279
 6   124.239    31.381    41.436
 6    -0.005    -0.341    -0.940
 6     0.171     0.926    -0.336
 6     0.985    -0.164     0.053
 7   116.249   -22.940    -9.044
 7     0.741     0.558     0.373
 7    -0.650     0.461     0.603
 7     0.165    -0.689     0.705
 8   119.236   -33.149    14.726
 8     0.142     0.790     0.597
 8    -0.340    -0.527     0.778
 8     0.929    -0.313     0.194
 9   128.612   -35.864    39.877
 9     0.164     0.196    -0.967
 9    -0.065     0.980     0.188
 9     0.984     0.031     0.173
 2    98.383   -22.329    59.309
 2     0.757    -0.654    -0.000
 2     0.652     0.755     0.055
 2    -0.035    -0.043     0.998
 3   131.275    -4.067    -1.223
 3     0.411    -0.265    -0.873
 3     0.429     0.899    -0.069
 3     0.804    -0.347     0.483
 4   117.083    16.626    -9.710
 4     0.533    -0.740     0.412
 4     0.762     0.209    -0.611
 4     0.366     0.639     0.675
 5   119.503    25.707    17.053
 5     0.096    -0.528     0.844
 5     0.317    -0.788    -0.527
 5     0.943     0.317     0.093
 6   131.628    30.554    40.936
 6     0.185    -0.427    -0.886
 6     0.167     0.901    -0.398
 6     0.968    -0.077     0.236
 7   115.404   -23.105    -8.287
 7     0.739     0.550     0.389
 7    -0.656     0.457     0.600
 7     0.152    -0.699     0.698
 8   122.090   -31.648    16.589
 8     0.320     0.672     0.669
 8    -0.306    -0.595     0.742
 8     0.897    -0.441     0.016
 9   135.525   -33.839    39.425
 9     0.360     0.255    -0.897
 9    -0.029     0.964     0.262
 9     0.932    -0.069     0.355
 2    98.445   -22.325    59.295
 2     0.758    -0.654    -0.006
 2     0.652     0.755     0.055
 2    -0.030    -0.046     0.998
 3   130.996    -4.214    -1.462
 3     0.432    -0.266    -0.862
 3     0.433     0.898    -0.059
 3     0.790    -0.349     0.503
 4   116.459    16.507    -9.259
 4     0.569    -0.693     0.443
 4     0.753     0.224    -0.617
 4     0.328     0.684     0.650
 5   122.839    25.346    17.067
 5     0.258    -0.509     0.822
 5     0.308    -0.762    -0.568
 5     0.915     0.399    -0.039
 6   137.624    29.234    38.994
 6     0.316    -0.324    -0.893
 6     0.157     0.945    -0.286
 6     0.935    -0.051     0.348
 7   114.536   -23.247    -7.840
 7     0.731     0.549     0.406
 7    -0.668     0.451     0.591
 7     0.141    -0.703     0.696
 8   123.881   -30.478    17.412
 8     0.432     0.578     0.693
 8    -0.273    -0.648     0.710
 8     0.859    -0.495    -0.122
 9   139.227   -32.237    38.403
 9     0.465     0.265    -0.845
 9     0.001     0.954     0.299
 9     0.885    -0.141     0.443
 2    98.446   -22.375    59.296
 2     0.758    -0.654    -0.006
 2     0.652     0.755     0.055
 2    -0.030    -0.047     0.998
 3   130.530    -4.309    -1.812
 3     0.452    -0.260    -0.854
 3     0.435     0.898    -0.042
 3     0.778    -0.354     0.518
 4   115.469    16.314    -9.226
 4     0.587    -0.652     0.482
 4     0.758     0.232    -0.609
 4     0.285     0.721     0.630
 5   123.796    25.406    16.887
 5     0.336    -0.496     0.802
 5     0.308    -0.746    -0.590
 5     0.890     0.443    -0.098
 6   139.519    28.953    37.771
 6     0.377    -0.297    -0.878
 6     0.156     0.954    -0.255
 6     0.913    -0.042     0.405
 7   113.689   -23.367    -7.584
 7     0.735     0.529     0.426
 7    -0.668     0.456     0.587
 7     0.116    -0.716     0.688
 8   124.229   -30.163    17.554
 8     0.470     0.553     0.688
 8    -0.259    -0.658     0.705
 8     0.843    -0.510    -0.166
 9   140.124   -31.542    37.983
 9     0.496     0.261    -0.829
 9     0.013     0.951     0.307
 9     0.868    -0.163     0.468
 2    98.448   -22.324    59.293
 2     0.758    -0.653    -0.007
 2     0.651     0.756     0.054
 2    -0.029    -0.047     0.998
 3   129.866    -4.196    -2.005
 3     0.465    -0.274    -0.843
 3     0.438     0.896    -0.048
 3     0.769    -0.348     0.536
 4   114.420    16.309    -9.087
 4     0.582    -0.643     0.500
 4     0.764     0.221    -0.605
 4     0.278     0.733     0.620
 5   122.832    25.287    16.972
 5     0.328    -0.501     0.802
 5     0.298    -0.750    -0.589
 5     0.896     0.431    -0.096
 6   138.264    28.710    38.211
 6     0.360    -0.307    -0.881
 6     0.147     0.951    -0.270
 6     0.921    -0.034     0.387
 7   113.148   -23.225    -7.375
 7     0.731     0.526     0.436
 7    -0.674     0.455     0.582
 7     0.107    -0.719     0.686
 8   123.362   -29.671    17.853
 8     0.454     0.538     0.711
 8    -0.256    -0.685     0.681
 8     0.853    -0.490    -0.173
 9   138.893   -31.409    38.581
 9     0.482     0.293    -0.827
 9     0.010     0.940     0.339
 9     0.875    -0.172     0.449
 2    98.448   -22.324    59.344
 2     0.758    -0.653    -0.007
 2     0.651     0.756     0.054
 2    -0.029    -0.047     0.998
 3   129.696    -4.146    -1.832
 3     0.466    -0.269    -0.844
 3     0.435     0.898    -0.046
 3     0.770    -0.346     0.535
 4   114.316    16.420    -8.833
 4     0.575    -0.651     0.497
 4     0.766     0.214    -0.606
 4     0.287     0.728     0.621
 5   122.406    25.073    17.278
 5     0.314    -0.509     0.802
 5     0.289    -0.753    -0.590
 5     0.904     0.416    -0.088
 6   137.574    28.490    38.769
 6     0.347    -0.312    -0.885
 6     0.140     0.949    -0.279
 6     0.927    -0.028     0.372
 7   112.956   -23.103    -7.248
 7     0.719     0.535     0.443
 7    -0.686     0.447     0.574
 7     0.109    -0.717     0.688
 8   122.689   -29.703    17.954
 8     0.438     0.526     0.731
 8    -0.267    -0.699     0.662
 8     0.858    -0.484    -0.166
 9   138.001   -31.892    38.951
 9     0.473     0.317    -0.824
 9    -0.003     0.933     0.357
 9     0.881    -0.167     0.441
 2    98.448   -22.324    59.293
 2     0.758    -0.653    -0.007
 2     0.651     0.756     0.054
 2    -0.029    -0.047     0.998
 3   129.537    -4.246    -1.692
 3     0.467    -0.257    -0.847
 3     0.428     0.902    -0.036
 3     0.773    -0.346     0.531
 4   114.429    16.474    -8.720
 4     0.576    -0.652     0.494
 4     0.763     0.213    -0.609
 4     0.292     0.727     0.620
 5   122.412    25.024    17.398
 5     0.312    -0.511     0.802
 5     0.287    -0.754    -0.590
 5     0.905     0.413    -0.087
 6   137.556    28.390    38.939
 6     0.345    -0.311    -0.886
 6     0.138     0.950    -0.279
 6     0.928    -0.027     0.369
 7   112.802   -23.108    -7.240
 7     0.715     0.538     0.448
 7    -0.691     0.444     0.570
 7     0.107    -0.717     0.689
 8   122.539   -29.808    17.905
 8     0.436     0.522     0.734
 8    -0.272    -0.701     0.658
 8     0.858    -0.486    -0.163
 9   137.766   -32.248    38.931
 9     0.467     0.326    -0.823
 9    -0.011     0.931     0.362
 9     0.884    -0.160     0.438
];