2 	  32.68	  -8.33	  22.66
	  0.088	  0.977	 -0.191
	 -0.996	  0.087	 -0.016
	  0.002	  0.191	  0.982

3 	  43.24	  -0.67	   1.90
	  0.344	  0.201	  0.917
	 -0.086	  0.979	 -0.183
	 -0.935	 -0.016	  0.354

4 	  39.11	   6.17	  -2.04
	  0.565	  0.784	  0.257
	 -0.825	  0.530	  0.198
	  0.019	 -0.324	  0.946

5 	  38.78	   8.96	   6.28
	  0.251	  0.267	  0.930
	 -0.743	 -0.564	  0.361
	  0.622	 -0.781	  0.058

6 	  46.37	  10.46	  17.19
	  0.639	  0.017	  0.769
	 -0.382	  0.875	  0.297
	 -0.669	 -0.483	  0.565

7 	  38.55	  -7.72	  -2.23
	  0.576	 -0.807	  0.132
	  0.792	  0.511	 -0.333
	  0.201	  0.296	  0.933

8 	  38.18	 -10.78	   7.19
	  0.206	 -0.067	  0.976
	  0.854	 -0.475	 -0.213
	  0.478	  0.877	 -0.040

9 	  43.26	 -11.65	  19.53
	  0.395	  0.029	  0.918
	  0.707	  0.630	 -0.321
	 -0.591	  0.774	  0.228

2 	  32.68	  -8.33	  22.66
	  0.088	  0.977	 -0.191
	 -0.996	  0.087	 -0.016
	  0.002	  0.191	  0.982

3 	  43.33	  -0.63	   1.93
	  0.337	  0.185	  0.923
	 -0.079	  0.982	 -0.168
	 -0.938	 -0.017	  0.345

4 	  39.25	   6.28	  -1.99
	  0.557	  0.782	  0.280
	 -0.831	  0.526	  0.180
	 -0.007	 -0.333	  0.943

5 	  38.78	   8.91	   6.40
	  0.215	  0.226	  0.950
	 -0.787	 -0.537	  0.305
	  0.580	 -0.812	  0.063

6 	  45.04	  10.83	  18.19
	  0.523	  0.062	  0.849
	 -0.438	  0.876	  0.203
	 -0.733	 -0.476	  0.486

7 	  38.53	  -7.73	  -2.20
	  0.554	 -0.821	  0.141
	  0.811	  0.493	 -0.316
	  0.190	  0.289	  0.938

8 	  38.44	 -10.74	   7.38
	  0.239	 -0.064	  0.969
	  0.847	 -0.474	 -0.240
	  0.475	  0.878	 -0.059

9 	  44.63	 -12.02	  19.00
	  0.471	 -0.022	  0.881
	  0.648	  0.688	 -0.327
	 -0.602	  0.723	  0.338

2 	  32.66	  -8.35	  22.66
	  0.088	  0.977	 -0.191
	 -0.996	  0.087	 -0.016
	  0.001	  0.191	  0.982

3 	  43.33	  -0.58	   1.83
	  0.348	  0.189	  0.918
	 -0.095	  0.981	 -0.167
	 -0.933	 -0.029	  0.359

4 	  39.18	   6.31	  -1.97
	  0.565	  0.779	  0.272
	 -0.825	  0.528	  0.202
	  0.013	 -0.338	  0.941

5 	  39.06	   8.96	   6.49
	  0.282	  0.239	  0.929
	 -0.756	 -0.541	  0.368
	  0.592	 -0.806	  0.029

6 	  46.53	  10.49	  17.51
	  0.604	  0.031	  0.796
	 -0.359	  0.903	  0.237
	 -0.712	 -0.428	  0.556

7 	  38.53	  -7.68	  -2.25
	  0.597	 -0.793	  0.124
	  0.776	  0.531	 -0.341
	  0.205	  0.299	  0.932

8 	  39.55	 -10.83	   7.22
	  0.371	 -0.096	  0.924
	  0.812	 -0.449	 -0.372
	  0.451	  0.888	 -0.089

9 	  47.14	 -11.69	  17.81
	  0.563	 -0.044	  0.825
	  0.461	  0.846	 -0.267
	 -0.689	  0.529	  0.496

2 	  32.68	  -8.35	  22.66
	  0.088	  0.977	 -0.191
	 -0.996	  0.087	 -0.016
	  0.001	  0.191	  0.982

3 	  43.33	  -0.54	   1.81
	  0.348	  0.192	  0.917
	 -0.102	  0.980	 -0.167
	 -0.932	 -0.035	  0.360

4 	  39.15	   6.26	  -2.04
	  0.606	  0.768	  0.208
	 -0.793	  0.560	  0.241
	  0.068	 -0.311	  0.948

5 	  40.01	   8.98	   6.22
	  0.412	  0.263	  0.872
	 -0.687	 -0.539	  0.486
	  0.599	 -0.799	 -0.041

6 	  49.32	  10.67	  15.61
	  0.732	  0.013	  0.680
	 -0.286	  0.913	  0.290
	 -0.619	 -0.407	  0.672

7 	  38.46	  -7.52	  -2.44
	  0.628	 -0.775	  0.068
	  0.740	  0.568	 -0.358
	  0.239	  0.275	  0.931

8 	  41.20	 -10.99	   6.54
	  0.587	 -0.145	  0.796
	  0.682	 -0.442	 -0.582
	  0.437	  0.885	 -0.161

9 	  51.17	 -11.55	  14.34
	  0.758	 -0.050	  0.649
	  0.270	  0.931	 -0.244
	 -0.593	  0.360	  0.720

2 	  32.68	  -8.33	  22.64
	  0.088	  0.977	 -0.191
	 -0.996	  0.087	 -0.016
	  0.002	  0.190	  0.982

3 	  43.35	  -0.51	   1.76
	  0.353	  0.197	  0.914
	 -0.105	  0.980	 -0.171
	 -0.930	 -0.035	  0.366

4 	  39.02	   5.98	  -2.50
	  0.674	  0.738	  0.030
	 -0.713	  0.639	  0.288
	  0.193	 -0.216	  0.957

5 	  41.45	   9.19	   5.04
	  0.602	  0.314	  0.734
	 -0.563	 -0.486	  0.668
	  0.568	 -0.815	 -0.116

6 	  52.82	  10.74	  11.02
	  0.901	 -0.035	  0.431
	 -0.107	  0.948	  0.300
	 -0.419	 -0.318	  0.850

7 	  38.27	  -7.22	  -2.83
	  0.648	 -0.760	 -0.039
	  0.705	  0.619	 -0.345
	  0.287	  0.196	  0.938

8 	  42.79	 -11.09	   4.94
	  0.788	 -0.189	  0.586
	  0.470	 -0.430	 -0.770
	  0.398	  0.882	 -0.250

9 	  54.49	 -11.25	   8.98
	  0.930	 -0.033	  0.367
	  0.113	  0.973	 -0.200
	 -0.350	  0.228	  0.908

2 	  32.68	  -8.33	  22.64
	  0.088	  0.977	 -0.191
	 -0.996	  0.087	 -0.016
	  0.002	  0.191	  0.982

3 	  43.24	  -0.51	   1.62
	  0.364	  0.217	  0.905
	 -0.099	  0.976	 -0.195
	 -0.927	 -0.018	  0.376

4 	  38.65	   5.59	  -3.15
	  0.696	  0.690	 -0.198
	 -0.627	  0.718	  0.302
	  0.352	 -0.087	  0.932

5 	  42.57	   9.33	   3.20
	  0.758	  0.335	  0.559
	 -0.432	 -0.387	  0.814
	  0.491	 -0.858	 -0.150

6 	  54.91	  10.21	   5.68
	  0.978	 -0.107	  0.176
	  0.067	  0.974	  0.216
	 -0.195	 -0.201	  0.960

7 	  38.02	  -6.93	  -3.20
	  0.653	 -0.741	 -0.156
	  0.679	  0.664	 -0.313
	  0.336	  0.099	  0.936

8 	  43.79	 -11.06	   3.08
	  0.903	 -0.185	  0.387
	  0.295	 -0.387	 -0.873
	  0.312	  0.903	 -0.295

9 	  56.04	 -10.78	   3.74
	  0.995	 -0.003	  0.096
	  0.017	  0.988	 -0.152
	 -0.095	  0.152	  0.984

2 	  32.68	  -8.35	  22.64
	  0.088	  0.978	 -0.190
	 -0.996	  0.087	 -0.016
	  0.002	  0.190	  0.982

3 	  43.14	  -0.46	   1.44
	  0.358	  0.255	  0.898
	 -0.102	  0.966	 -0.235
	 -0.928	 -0.008	  0.372

4 	  38.32	   5.12	  -3.80
	  0.681	  0.628	 -0.375
	 -0.567	  0.777	  0.274
	  0.465	  0.025	  0.885

5 	  43.15	   9.12	   1.49
	  0.850	  0.322	  0.417
	 -0.321	 -0.313	  0.894
	  0.419	 -0.893	 -0.163

6 	  55.69	   9.47	   1.23
	  0.987	 -0.161	 -0.014
	  0.161	  0.980	  0.117
	 -0.005	 -0.118	  0.993

7 	  37.88	  -6.80	  -3.41
	  0.644	 -0.725	 -0.245
	  0.667	  0.688	 -0.285
	  0.375	  0.020	  0.926

8 	  44.30	 -11.04	   1.53
	  0.959	 -0.164	  0.229
	  0.161	 -0.344	 -0.925
	  0.230	  0.924	 -0.304

9 	  56.50	 -10.37	  -0.30
	  0.995	  0.024	 -0.101
	 -0.035	  0.993	 -0.107
	  0.098	  0.109	  0.989

2 	  32.68	  -8.35	  22.66
	  0.088	  0.978	 -0.190
	 -0.996	  0.087	 -0.016
	  0.002	  0.190	  0.982

3 	  43.01	  -0.58	   1.20
	  0.365	  0.300	  0.881
	 -0.131	  0.953	 -0.272
	 -0.922	 -0.016	  0.386

4 	  37.79	   4.57	  -4.24
	  0.638	  0.599	 -0.484
	 -0.557	  0.792	  0.248
	  0.533	  0.111	  0.839

5 	  42.94	   8.96	   0.19
	  0.887	  0.350	  0.300
	 -0.214	 -0.265	  0.940
	  0.410	 -0.898	 -0.161

6 	  55.23	   9.02	  -1.99
	  0.960	 -0.220	 -0.174
	  0.234	  0.970	  0.062
	  0.156	 -0.098	  0.983

7 	  37.53	  -6.82	  -3.55
	  0.635	 -0.706	 -0.314
	  0.657	  0.707	 -0.263
	  0.408	 -0.039	  0.912

8 	  44.35	 -10.97	   0.07
	  0.987	 -0.135	  0.088
	  0.046	 -0.290	 -0.956
	  0.154	  0.947	 -0.280

9 	  56.14	  -9.97	  -4.20
	  0.960	  0.040	 -0.276
	 -0.060	  0.996	 -0.060
	  0.273	  0.072	  0.959

2 	  32.66	  -8.35	  22.66
	  0.088	  0.977	 -0.190
	 -0.996	  0.087	 -0.016
	  0.002	  0.190	  0.982

3 	  42.75	  -0.54	   0.72
	  0.403	  0.320	  0.857
	 -0.174	  0.946	 -0.272
	 -0.899	 -0.040	  0.436

4 	  36.98	   4.31	  -4.43
	  0.579	  0.591	 -0.561
	 -0.558	  0.789	  0.257
	  0.596	  0.164	  0.786

5 	  42.38	   8.95	  -0.76
	  0.904	  0.372	  0.209
	 -0.127	 -0.236	  0.963
	  0.408	 -0.898	 -0.167

6 	  54.51	   8.86	  -4.22
	  0.935	 -0.229	 -0.272
	  0.246	  0.969	  0.027
	  0.259	 -0.090	  0.962

7 	  37.20	  -6.71	  -3.66
	  0.635	 -0.685	 -0.355
	  0.632	  0.726	 -0.271
	  0.444	 -0.052	  0.894

8 	  44.17	 -10.81	  -1.11
	  0.993	 -0.118	 -0.024
	 -0.049	 -0.218	 -0.975
	  0.110	  0.969	 -0.222

9 	  55.41	  -9.09	  -6.96
	  0.909	  0.099	 -0.403
	 -0.110	  0.994	 -0.000
	  0.402	  0.041	  0.915

2 	  32.68	  -8.33	  22.66
	  0.088	  0.977	 -0.191
	 -0.996	  0.087	 -0.016
	  0.001	  0.191	  0.982

3 	  42.57	  -0.53	   0.42
	  0.428	  0.336	  0.839
	 -0.198	  0.940	 -0.277
	 -0.883	 -0.047	  0.468

4 	  36.49	   4.11	  -4.54
	  0.535	  0.583	 -0.611
	 -0.564	  0.785	  0.257
	  0.630	  0.207	  0.748

5 	  41.96	   8.95	  -1.35
	  0.908	  0.392	  0.145
	 -0.061	 -0.220	  0.973
	  0.414	 -0.893	 -0.177

6 	  53.72	   9.16	  -6.06
	  0.903	 -0.224	 -0.367
	  0.244	  0.970	  0.006
	  0.357	 -0.092	  0.929

7 	  36.97	  -6.75	  -3.66
	  0.629	 -0.678	 -0.380
	  0.617	  0.733	 -0.287
	  0.473	 -0.053	  0.879

8 	  43.91	 -10.88	  -1.95
	  0.985	 -0.123	 -0.116
	 -0.139	 -0.196	 -0.971
	  0.096	  0.973	 -0.210

9 	  54.47	  -9.11	  -9.21
	  0.856	  0.097	 -0.507
	 -0.101	  0.994	  0.024
	  0.507	  0.026	  0.861

2 	  32.66	  -8.35	  22.66
	  0.089	  0.978	 -0.190
	 -0.996	  0.088	 -0.016
	  0.002	  0.190	  0.982

3 	  42.43	  -0.51	   0.21
	  0.444	  0.342	  0.828
	 -0.220	  0.937	 -0.270
	 -0.869	 -0.062	  0.491

4 	  36.18	   4.06	  -4.54
	  0.511	  0.579	 -0.635
	 -0.559	  0.784	  0.267
	  0.654	  0.218	  0.724

5 	  41.75	   8.91	  -1.56
	  0.914	  0.389	  0.114
	 -0.026	 -0.227	  0.974
	  0.405	 -0.893	 -0.198

6 	  53.33	   9.12	  -6.86
	  0.880	 -0.234	 -0.414
	  0.269	  0.963	  0.026
	  0.394	 -0.132	  0.909

7 	  36.67	  -6.66	  -3.67
	  0.621	 -0.672	 -0.403
	  0.604	  0.738	 -0.300
	  0.500	 -0.057	  0.864

8 	  43.26	 -10.99	  -2.99
	  0.962	 -0.154	 -0.225
	 -0.244	 -0.123	 -0.962
	  0.120	  0.980	 -0.156

9 	  52.86	  -9.14	 -11.88
	  0.776	  0.102	 -0.622
	 -0.059	  0.994	  0.092
	  0.629	 -0.038	  0.776

2 	  32.66	  -8.35	  22.66
	  0.089	  0.978	 -0.190
	 -0.996	  0.088	 -0.017
	  0.001	  0.190	  0.982

3 	  42.19	  -0.54	   0.05
	  0.472	  0.362	  0.804
	 -0.234	  0.930	 -0.283
	 -0.851	 -0.054	  0.523

4 	  35.63	   3.78	  -4.54
	  0.474	  0.566	 -0.674
	 -0.563	  0.783	  0.262
	  0.677	  0.255	  0.690

5 	  41.22	   8.82	  -2.04
	  0.912	  0.407	  0.051
	  0.028	 -0.187	  0.982
	  0.410	 -0.894	 -0.182

6 	  52.54	   9.14	  -8.12
	  0.855	 -0.224	 -0.467
	  0.259	  0.966	  0.007
	  0.453	 -0.122	  0.882

7 	  36.25	  -6.61	  -3.62
	  0.596	 -0.682	 -0.424
	  0.607	  0.728	 -0.318
	  0.526	 -0.068	  0.847

8 	  42.35	 -11.13	  -3.97
	  0.924	 -0.194	 -0.330
	 -0.342	 -0.030	 -0.939
	  0.172	  0.980	 -0.094

9 	  51.05	  -9.23	 -14.04
	  0.690	  0.114	 -0.714
	 -0.016	  0.989	  0.147
	  0.724	 -0.095	  0.683

2 	  32.66	  -8.35	  22.66
	  0.089	  0.977	 -0.191
	 -0.996	  0.088	 -0.017
	  0.001	  0.191	  0.982

3 	  42.05	  -0.53	  -0.04
	  0.479	  0.383	  0.789
	 -0.240	  0.922	 -0.303
	 -0.845	 -0.044	  0.533

4 	  35.30	   3.57	  -4.55
	  0.427	  0.575	 -0.698
	 -0.596	  0.759	  0.261
	  0.680	  0.305	  0.667

5 	  40.54	   9.05	  -2.37
	  0.878	  0.478	  0.000
	  0.096	 -0.179	  0.979
	  0.469	 -0.859	 -0.203

6 	  51.52	  10.20	  -9.09
	  0.837	 -0.175	 -0.518
	  0.204	  0.979	 -0.008
	  0.511	 -0.095	  0.854

7 	  36.12	  -6.50	  -3.62
	  0.580	 -0.684	 -0.442
	  0.598	  0.726	 -0.339
	  0.553	 -0.067	  0.830

8 	  41.82	 -11.23	  -4.62
	  0.885	 -0.239	 -0.400
	 -0.406	  0.027	 -0.914
	  0.229	  0.971	 -0.073

9 	  49.87	  -9.33	 -15.38
	  0.630	  0.114	 -0.768
	  0.032	  0.984	  0.176
	  0.776	 -0.139	  0.615

2 	  32.68	  -8.33	  22.66
	  0.088	  0.977	 -0.191
	 -0.996	  0.087	 -0.016
	  0.001	  0.191	  0.982

3 	  41.99	  -0.39	  -0.09
	  0.479	  0.388	  0.787
	 -0.249	  0.920	 -0.303
	 -0.842	 -0.050	  0.537

4 	  35.12	   3.67	  -4.50
	  0.406	  0.590	 -0.698
	 -0.613	  0.742	  0.272
	  0.679	  0.317	  0.662

5 	  40.27	   9.23	  -2.39
	  0.869	  0.494	 -0.013
	  0.117	 -0.182	  0.976
	  0.480	 -0.850	 -0.217

6 	  51.17	  10.72	  -9.28
	  0.830	 -0.152	 -0.537
	  0.191	  0.981	  0.012
	  0.527	 -0.109	  0.842

7 	  36.02	  -6.35	  -3.67
	  0.580	 -0.678	 -0.451
	  0.590	  0.731	 -0.342
	  0.562	 -0.068	  0.824

8 	  41.55	 -11.13	  -4.85
	  0.875	 -0.258	 -0.409
	 -0.407	  0.068	 -0.911
	  0.263	  0.964	 -0.045

9 	  49.71	  -9.05	 -15.49
	  0.632	  0.137	 -0.762
	  0.049	  0.974	  0.219
	  0.773	 -0.180	  0.608

2 	  32.66	  -8.35	  22.66
	  0.089	  0.978	 -0.190
	 -0.996	  0.088	 -0.016
	  0.002	  0.190	  0.982

3 	  41.91	  -0.30	  -0.14
	  0.485	  0.392	  0.782
	 -0.259	  0.918	 -0.301
	 -0.836	 -0.056	  0.546

4 	  34.95	   3.60	  -4.54
	  0.396	  0.587	 -0.706
	 -0.617	  0.739	  0.269
	  0.681	  0.329	  0.654

5 	  40.08	   9.23	  -2.55
	  0.866	  0.499	 -0.035
	  0.137	 -0.171	  0.976
	  0.481	 -0.849	 -0.216

6 	  50.73	  10.63	  -9.79
	  0.809	 -0.165	 -0.564
	  0.214	  0.976	  0.017
	  0.551	 -0.131	  0.824

7 	  35.89	  -6.35	  -3.67
	  0.580	 -0.679	 -0.450
	  0.585	  0.731	 -0.350
	  0.567	 -0.061	  0.821

8 	  41.40	 -11.20	  -4.87
	  0.868	 -0.266	 -0.419
	 -0.414	  0.078	 -0.907
	  0.274	  0.960	 -0.043

9 	  49.45	  -9.05	 -15.59
	  0.626	  0.146	 -0.766
	  0.053	  0.971	  0.231
	  0.779	 -0.188	  0.598

2 	  32.66	  -8.35	  22.66
	  0.088	  0.977	 -0.190
	 -0.996	  0.087	 -0.016
	  0.002	  0.190	  0.982

3 	  41.78	  -0.33	  -0.21
	  0.491	  0.402	  0.772
	 -0.268	  0.913	 -0.306
	 -0.829	 -0.056	  0.556

4 	  34.75	   3.50	  -4.54
	  0.386	  0.582	 -0.716
	 -0.615	  0.740	  0.271
	  0.688	  0.335	  0.643

5 	  39.87	   9.19	  -2.69
	  0.862	  0.503	 -0.054
	  0.153	 -0.157	  0.976
	  0.483	 -0.850	 -0.212

6 	  50.48	  10.56	 -10.11
	  0.799	 -0.168	 -0.578
	  0.216	  0.976	  0.008
	  0.565	 -0.127	  0.815

7 	  35.75	  -6.40	  -3.64
	  0.574	 -0.686	 -0.447
	  0.589	  0.725	 -0.357
	  0.569	 -0.058	  0.820

8 	  41.19	 -11.29	  -4.83
	  0.863	 -0.277	 -0.422
	 -0.416	  0.084	 -0.905
	  0.287	  0.957	 -0.042

9 	  49.32	  -9.19	 -15.59
	  0.625	  0.141	 -0.768
	  0.062	  0.970	  0.232
	  0.778	 -0.197	  0.597

2 	  32.66	  -8.35	  22.66
	  0.089	  0.978	 -0.190
	 -0.996	  0.088	 -0.017
	  0.001	  0.190	  0.982

3 	  41.71	  -0.37	  -0.28
	  0.500	  0.409	  0.763
	 -0.278	  0.910	 -0.308
	 -0.821	 -0.057	  0.568

4 	  34.65	   3.39	  -4.59
	  0.385	  0.561	 -0.733
	 -0.594	  0.758	  0.269
	  0.706	  0.331	  0.625

5 	  40.03	   8.89	  -3.09
	  0.883	  0.464	 -0.062
	  0.135	 -0.127	  0.983
	  0.448	 -0.876	 -0.175

6 	  50.59	  10.23	 -10.62
	  0.783	 -0.137	 -0.607
	  0.275	  0.952	  0.134
	  0.563	 -0.268	  0.781

7 	  35.56	  -6.50	  -3.64
	  0.562	 -0.688	 -0.459
	  0.584	  0.723	 -0.369
	  0.586	 -0.060	  0.808

8 	  40.90	 -11.30	  -5.12
	  0.852	 -0.273	 -0.447
	 -0.435	  0.110	 -0.894
	  0.293	  0.956	 -0.025

9 	  48.69	  -9.30	 -16.17
	  0.604	  0.128	 -0.786
	  0.087	  0.969	  0.227
	  0.792	 -0.209	  0.573

2 	  32.66	  -8.35	  22.66
	  0.089	  0.978	 -0.190
	 -0.996	  0.088	 -0.017
	  0.001	  0.190	  0.982

3 	  41.64	  -0.47	  -0.37
	  0.511	  0.413	  0.754
	 -0.281	  0.909	 -0.308
	 -0.813	 -0.054	  0.579

4 	  34.56	   3.25	  -4.62
	  0.383	  0.549	 -0.742
	 -0.591	  0.763	  0.261
	  0.711	  0.338	  0.616

5 	  39.97	   8.75	  -3.22
	  0.886	  0.457	 -0.074
	  0.145	 -0.124	  0.981
	  0.440	 -0.881	 -0.176

6 	  50.45	  10.00	 -10.95
	  0.784	 -0.151	 -0.602
	  0.237	  0.969	  0.060
	  0.577	 -0.185	  0.795

7 	  35.24	  -6.35	  -3.73
	  0.502	 -0.694	 -0.516
	  0.576	  0.713	 -0.399
	  0.646	 -0.096	  0.757

8 	  39.96	 -11.25	  -6.06
	  0.770	 -0.285	 -0.570
	 -0.552	  0.153	 -0.820
	  0.321	  0.946	 -0.039

9 	  45.58	  -9.33	 -18.70
	  0.435	  0.117	 -0.893
	  0.138	  0.970	  0.197
	  0.889	 -0.211	  0.405

2 	  32.68	  -8.35	  22.66
	  0.089	  0.978	 -0.190
	 -0.996	  0.088	 -0.016
	  0.002	  0.190	  0.982

3 	  41.57	  -0.54	  -0.39
	  0.524	  0.401	  0.751
	 -0.263	  0.915	 -0.306
	 -0.811	 -0.037	  0.584

4 	  34.54	   3.29	  -4.61
	  0.390	  0.545	 -0.742
	 -0.585	  0.768	  0.259
	  0.712	  0.333	  0.618

5 	  39.90	   8.77	  -3.29
	  0.885	  0.458	 -0.080
	  0.148	 -0.114	  0.982
	  0.441	 -0.881	 -0.169

6 	  50.43	  10.04	 -10.97
	  0.791	 -0.136	 -0.597
	  0.216	  0.975	  0.058
	  0.576	 -0.170	  0.799

7 	  34.89	  -6.01	  -3.85
	  0.448	 -0.681	 -0.579
	  0.537	  0.723	 -0.435
	  0.715	 -0.116	  0.689

8 	  38.90	 -10.92	  -7.00
	  0.665	 -0.288	 -0.689
	 -0.659	  0.208	 -0.723
	  0.352	  0.934	 -0.052

9 	  42.38	  -8.79	 -20.60
	  0.264	  0.145	 -0.953
	  0.175	  0.964	  0.196
	  0.948	 -0.220	  0.228

2 	  32.66	  -8.35	  22.66
	  0.088	  0.978	 -0.190
	 -0.996	  0.087	 -0.016
	  0.002	  0.190	  0.982

3 	  41.48	  -0.53	  -0.47
	  0.551	  0.387	  0.739
	 -0.253	  0.921	 -0.295
	 -0.796	 -0.024	  0.604

4 	  34.42	   3.38	  -4.57
	  0.388	  0.552	 -0.738
	 -0.585	  0.766	  0.267
	  0.713	  0.327	  0.619

5 	  39.80	   8.88	  -3.22
	  0.882	  0.465	 -0.075
	  0.145	 -0.118	  0.982
	  0.448	 -0.877	 -0.171

6 	  50.31	  10.53	 -10.72
	  0.801	 -0.104	 -0.589
	  0.175	  0.983	  0.059
	  0.575	 -0.146	  0.804

7 	  34.59	  -5.77	  -3.96
	  0.398	 -0.668	 -0.629
	  0.492	  0.734	 -0.468
	  0.775	 -0.123	  0.620

8 	  38.07	 -10.69	  -7.58
	  0.566	 -0.285	 -0.773
	 -0.745	  0.225	 -0.628
	  0.354	  0.931	 -0.085

9 	  39.57	  -8.67	 -21.67
	  0.099	  0.145	 -0.984
	  0.190	  0.968	  0.163
	  0.977	 -0.203	  0.068

2 	  32.68	  -8.35	  22.66
	  0.089	  0.978	 -0.190
	 -0.996	  0.088	 -0.016
	  0.002	  0.190	  0.982

3 	  41.43	  -0.56	  -0.53
	  0.572	  0.382	  0.726
	 -0.252	  0.923	 -0.289
	 -0.782	 -0.017	  0.623

4 	  34.40	   3.38	  -4.59
	  0.389	  0.546	 -0.742
	 -0.576	  0.772	  0.268
	  0.719	  0.323	  0.614

5 	  39.78	   8.89	  -3.27
	  0.880	  0.469	 -0.075
	  0.145	 -0.115	  0.983
	  0.452	 -0.876	 -0.169

6 	  50.27	  10.53	 -10.86
	  0.799	 -0.099	 -0.593
	  0.170	  0.984	  0.060
	  0.580	 -0.144	  0.801

7 	  34.40	  -5.80	  -3.96
	  0.374	 -0.680	 -0.630
	  0.478	  0.723	 -0.498
	  0.795	 -0.115	  0.596

8 	  37.62	 -10.78	  -7.65
	  0.519	 -0.290	 -0.804
	 -0.780	  0.225	 -0.584
	  0.351	  0.930	 -0.109

9 	  38.46	  -8.89	 -21.78
	  0.041	  0.139	 -0.989
	  0.194	  0.970	  0.144
	  0.980	 -0.199	  0.012

2 	  32.66	  -8.35	  22.66
	  0.089	  0.978	 -0.190
	 -0.996	  0.088	 -0.016
	  0.002	  0.190	  0.982

3 	  41.33	  -0.65	  -0.56
	  0.580	  0.388	  0.716
	 -0.255	  0.921	 -0.294
	 -0.774	 -0.012	  0.632

4 	  34.26	   3.22	  -4.59
	  0.383	  0.531	 -0.756
	 -0.571	  0.779	  0.259
	  0.727	  0.332	  0.601

5 	  39.64	   8.72	  -3.52
	  0.879	  0.465	 -0.102
	  0.166	 -0.099	  0.981
	  0.447	 -0.879	 -0.164

6 	  49.87	  10.12	 -11.57
	  0.775	 -0.119	 -0.620
	  0.180	  0.983	  0.030
	  0.608	 -0.130	  0.782

7 	  34.31	  -5.82	  -3.90
	  0.367	 -0.692	 -0.622
	  0.477	  0.713	 -0.514
	  0.799	 -0.108	  0.591

8 	  37.46	 -10.85	  -7.61
	  0.502	 -0.299	 -0.811
	 -0.791	  0.221	 -0.570
	  0.350	  0.928	 -0.126

9 	  37.97	  -9.04	 -21.78
	  0.009	  0.137	 -0.990
	  0.189	  0.972	  0.137
	  0.982	 -0.189	 -0.017

2 	  32.66	  -8.35	  22.66
	  0.089	  0.978	 -0.190
	 -0.996	  0.088	 -0.017
	  0.001	  0.190	  0.982

3 	  41.26	  -0.60	  -0.63
	  0.577	  0.402	  0.710
	 -0.266	  0.915	 -0.303
	 -0.773	 -0.014	  0.634

4 	  34.05	   3.08	  -4.64
	  0.367	  0.522	 -0.770
	 -0.581	  0.775	  0.249
	  0.727	  0.356	  0.587

5 	  39.36	   8.67	  -3.80
	  0.871	  0.471	 -0.139
	  0.197	 -0.077	  0.977
	  0.450	 -0.879	 -0.159

6 	  49.38	  10.00	 -12.25
	  0.747	 -0.134	 -0.651
	  0.185	  0.983	  0.005
	  0.641	 -0.120	  0.757

7 	  34.24	  -5.85	  -3.87
	  0.368	 -0.697	 -0.615
	  0.469	  0.710	 -0.525
	  0.803	 -0.096	  0.588

8 	  37.30	 -10.90	  -7.59
	  0.487	 -0.309	 -0.817
	 -0.798	  0.222	 -0.560
	  0.355	  0.924	 -0.138

9 	  37.55	  -9.09	 -21.78
	 -0.007	  0.140	 -0.990
	  0.207	  0.969	  0.136
	  0.978	 -0.204	 -0.036

2 	  32.66	  -8.35	  22.66
	  0.089	  0.977	 -0.191
	 -0.996	  0.088	 -0.016
	  0.002	  0.191	  0.982

3 	  41.22	  -0.60	  -0.65
	  0.578	  0.403	  0.709
	 -0.264	  0.915	 -0.306
	 -0.773	 -0.010	  0.634

4 	  34.05	   3.09	  -4.66
	  0.365	  0.527	 -0.767
	 -0.586	  0.770	  0.251
	  0.724	  0.358	  0.589

5 	  39.27	   8.75	  -3.76
	  0.864	  0.484	 -0.136
	  0.199	 -0.082	  0.976
	  0.462	 -0.871	 -0.168

6 	  49.32	  10.20	 -12.13
	  0.753	 -0.125	 -0.646
	  0.169	  0.985	  0.002
	  0.638	 -0.105	  0.762

7 	  34.07	  -5.68	  -3.90
	  0.333	 -0.699	 -0.633
	  0.470	  0.704	 -0.532
	  0.818	 -0.121	  0.563

8 	  36.77	 -10.79	  -7.73
	  0.433	 -0.314	 -0.845
	 -0.825	  0.240	 -0.512
	  0.364	  0.918	 -0.155

9 	  35.98	  -8.88	 -21.94
	 -0.091	  0.157	 -0.983
	  0.206	  0.969	  0.136
	  0.974	 -0.191	 -0.121

2 	  32.66	  -8.35	  22.66
	  0.090	  0.977	 -0.190
	 -0.996	  0.089	 -0.017
	  0.001	  0.190	  0.982

3 	  41.15	  -0.62	  -0.70
	  0.595	  0.392	  0.702
	 -0.254	  0.919	 -0.301
	 -0.764	  0.001	  0.646

4 	  33.96	   3.11	  -4.64
	  0.367	  0.530	 -0.764
	 -0.586	  0.769	  0.253
	  0.723	  0.355	  0.592

5 	  39.18	   8.77	  -3.69
	  0.862	  0.488	 -0.133
	  0.198	 -0.085	  0.976
	  0.466	 -0.869	 -0.169

6 	  49.29	  10.34	 -12.04
	  0.760	 -0.116	 -0.639
	  0.156	  0.988	  0.001
	  0.633	 -0.097	  0.768

7 	  33.89	  -5.64	  -3.83
	  0.313	 -0.714	 -0.627
	  0.465	  0.690	 -0.555
	  0.828	 -0.118	  0.547

8 	  36.47	 -10.85	  -7.66
	  0.399	 -0.328	 -0.856
	 -0.841	  0.242	 -0.484
	  0.367	  0.913	 -0.179

9 	  35.16	  -9.14	 -21.85
	 -0.142	  0.153	 -0.978
	  0.199	  0.972	  0.124
	  0.969	 -0.177	 -0.169

2 	  32.66	  -8.35	  22.66
	  0.091	  0.977	 -0.191
	 -0.996	  0.090	 -0.016
	  0.002	  0.191	  0.981

3 	  41.13	  -0.62	  -0.74
	  0.595	  0.393	  0.700
	 -0.252	  0.919	 -0.303
	 -0.764	  0.005	  0.645

4 	  33.94	   3.08	  -4.68
	  0.361	  0.537	 -0.763
	 -0.600	  0.759	  0.251
	  0.715	  0.367	  0.595

5 	  39.08	   8.81	  -3.69
	  0.855	  0.501	 -0.133
	  0.203	 -0.087	  0.975
	  0.477	 -0.861	 -0.176

6 	  49.18	  10.51	 -12.04
	  0.761	 -0.109	 -0.640
	  0.146	  0.989	  0.002
	  0.634	 -0.091	  0.767

7 	  33.93	  -5.62	  -3.87
	  0.302	 -0.715	 -0.630
	  0.458	  0.688	 -0.562
	  0.836	 -0.119	  0.535

8 	  36.40	 -10.92	  -7.65
	  0.374	 -0.342	 -0.862
	 -0.852	  0.241	 -0.465
	  0.368	  0.908	 -0.201

9 	  34.89	  -9.37	 -21.67
	 -0.194	  0.163	 -0.967
	  0.189	  0.974	  0.126
	  0.962	 -0.159	 -0.220

2 	  32.66	  -8.35	  22.66
	  0.092	  0.977	 -0.191
	 -0.996	  0.091	 -0.017
	  0.001	  0.191	  0.981

3 	  41.20	  -0.60	  -0.69
	  0.590	  0.392	  0.705
	 -0.253	  0.919	 -0.302
	 -0.767	  0.000	  0.641

4 	  34.12	   3.15	  -4.68
	  0.376	  0.544	 -0.750
	 -0.598	  0.760	  0.253
	  0.709	  0.353	  0.610

5 	  39.32	   8.81	  -3.52
	  0.862	  0.495	 -0.107
	  0.180	 -0.102	  0.978
	  0.473	 -0.863	 -0.177

6 	  49.59	  10.42	 -11.55
	  0.776	 -0.124	 -0.619
	  0.167	  0.986	  0.006
	  0.611	 -0.104	  0.784

7 	  34.19	  -5.77	  -3.87
	  0.344	 -0.719	 -0.604
	  0.460	  0.689	 -0.559
	  0.819	 -0.086	  0.567

8 	  37.02	 -11.20	  -7.31
	  0.427	 -0.375	 -0.823
	 -0.821	  0.222	 -0.527
	  0.381	  0.900	 -0.213

9 	  36.90	  -9.28	 -21.27
	 -0.109	  0.218	 -0.970
	  0.200	  0.960	  0.194
	  0.973	 -0.173	 -0.149

2 	  32.66	  -8.35	  22.66
	  0.092	  0.977	 -0.192
	 -0.996	  0.091	 -0.017
	  0.001	  0.192	  0.981

3 	  41.33	  -0.62	  -0.54
	  0.572	  0.399	  0.716
	 -0.250	  0.916	 -0.313
	 -0.782	  0.000	  0.623

4 	  34.35	   3.16	  -4.73
	  0.394	  0.547	 -0.738
	 -0.596	  0.763	  0.249
	  0.700	  0.341	  0.627

5 	  39.60	   8.79	  -3.34
	  0.871	  0.485	 -0.077
	  0.150	 -0.114	  0.982
	  0.468	 -0.867	 -0.172

6 	  50.20	  10.14	 -10.92
	  0.797	 -0.148	 -0.586
	  0.189	  0.982	  0.005
	  0.577	 -0.110	  0.809

7 	  34.51	  -5.96	  -3.90
	  0.406	 -0.707	 -0.579
	  0.471	  0.705	 -0.530
	  0.783	 -0.057	  0.619

8 	  38.13	 -11.51	  -6.79
	  0.546	 -0.399	 -0.737
	 -0.744	  0.175	 -0.645
	  0.386	  0.900	 -0.201

9 	  40.46	 -10.04	 -20.41
	  0.074	  0.191	 -0.979
	  0.187	  0.961	  0.203
	  0.979	 -0.199	  0.035

2 	  32.66	  -8.35	  22.66
	  0.093	  0.977	 -0.192
	 -0.995	  0.092	 -0.017
	  0.001	  0.192	  0.981

3 	  41.45	  -0.65	  -0.40
	  0.562	  0.396	  0.725
	 -0.245	  0.918	 -0.313
	 -0.791	 -0.001	  0.612

4 	  34.68	   3.25	  -4.75
	  0.422	  0.556	 -0.716
	 -0.593	  0.766	  0.246
	  0.686	  0.320	  0.653

5 	  40.03	   8.77	  -2.94
	  0.881	  0.471	 -0.022
	  0.097	 -0.136	  0.986
	  0.462	 -0.871	 -0.166

6 	  51.01	  10.02	  -9.86
	  0.828	 -0.159	 -0.537
	  0.196	  0.980	  0.009
	  0.528	 -0.108	  0.842

7 	  34.96	  -6.21	  -3.87
	  0.483	 -0.701	 -0.524
	  0.505	  0.712	 -0.487
	  0.715	 -0.030	  0.698

8 	  39.55	 -11.95	  -5.45
	  0.693	 -0.438	 -0.572
	 -0.618	  0.049	 -0.785
	  0.373	  0.897	 -0.237

9 	  44.86	 -11.53	 -17.96
	  0.323	  0.104	 -0.940
	  0.117	  0.981	  0.151
	  0.939	 -0.160	  0.304

2 	  32.66	  -8.35	  22.66
	  0.094	  0.977	 -0.192
	 -0.995	  0.092	 -0.018
	  0.001	  0.192	  0.981

3 	  41.71	  -0.72	  -0.25
	  0.550	  0.386	  0.740
	 -0.237	  0.922	 -0.307
	 -0.802	 -0.007	  0.598

4 	  35.17	   3.36	  -4.80
	  0.460	  0.572	 -0.679
	 -0.598	  0.765	  0.241
	  0.657	  0.294	  0.693

5 	  40.45	   8.75	  -2.44
	  0.882	  0.468	  0.046
	  0.042	 -0.177	  0.983
	  0.469	 -0.865	 -0.176

6 	  51.86	   9.86	  -8.33
	  0.859	 -0.193	 -0.473
	  0.231	  0.973	  0.019
	  0.459	 -0.122	  0.879

7 	  35.44	  -6.45	  -3.81
	  0.545	 -0.715	 -0.438
	  0.581	  0.698	 -0.418
	  0.605	 -0.026	  0.796

8 	  40.87	 -12.27	  -3.20
	  0.814	 -0.463	 -0.350
	 -0.474	 -0.180	 -0.862
	  0.336	  0.868	 -0.366

9 	  48.46	 -12.27	 -13.89
	  0.516	  0.096	 -0.851
	 -0.016	  0.994	  0.106
	  0.857	 -0.044	  0.513

2 	  32.66	  -8.35	  22.66
	  0.094	  0.977	 -0.192
	 -0.996	  0.093	 -0.017
	  0.002	  0.192	  0.981

3 	  41.92	  -0.72	  -0.02
	  0.539	  0.373	  0.755
	 -0.223	  0.927	 -0.301
	 -0.813	 -0.006	  0.583

4 	  35.65	   3.67	  -4.73
	  0.503	  0.613	 -0.609
	 -0.607	  0.752	  0.257
	  0.616	  0.240	  0.750

5 	  40.80	   8.86	  -1.41
	  0.874	  0.456	  0.164
	 -0.057	 -0.240	  0.969
	  0.482	 -0.856	 -0.184

6 	  52.80	   9.86	  -5.68
	  0.907	 -0.204	 -0.368
	  0.248	  0.966	  0.071
	  0.344	 -0.153	  0.926

7 	  35.61	  -6.57	  -3.76
	  0.547	 -0.730	 -0.410
	  0.630	  0.681	 -0.373
	  0.552	 -0.054	  0.832

8 	  41.61	 -12.01	  -0.84
	  0.900	 -0.428	 -0.077
	 -0.246	 -0.354	 -0.902
	  0.359	  0.832	 -0.424

9 	  51.93	 -12.38	  -8.40
	  0.760	  0.036	 -0.649
	 -0.082	  0.996	 -0.035
	  0.646	  0.074	  0.759

2 	  32.66	  -8.35	  22.66
	  0.093	  0.977	 -0.192
	 -0.996	  0.092	 -0.017
	  0.002	  0.192	  0.981

3 	  42.15	  -0.70	   0.19
	  0.524	  0.349	  0.777
	 -0.205	  0.937	 -0.284
	 -0.827	 -0.010	  0.562

4 	  36.32	   4.11	  -4.62
	  0.557	  0.655	 -0.510
	 -0.620	  0.736	  0.269
	  0.553	  0.166	  0.816

5 	  41.22	   8.95	  -0.19
	  0.852	  0.422	  0.309
	 -0.194	 -0.297	  0.935
	  0.487	 -0.856	 -0.172

6 	  53.74	   9.86	  -2.21
	  0.959	 -0.189	 -0.211
	  0.225	  0.961	  0.162
	  0.173	 -0.202	  0.964

7 	  36.16	  -6.82	  -3.67
	  0.573	 -0.742	 -0.347
	  0.640	  0.670	 -0.376
	  0.512	 -0.007	  0.858

8 	  42.24	 -11.50	   1.41
	  0.931	 -0.325	  0.162
	 -0.024	 -0.501	 -0.865
	  0.363	  0.802	 -0.475

9 	  54.12	 -12.11	  -2.44
	  0.934	 -0.020	 -0.356
	 -0.046	  0.983	 -0.174
	  0.354	  0.176	  0.918

2 	  32.66	  -8.35	  22.66
	  0.094	  0.977	 -0.192
	 -0.995	  0.092	 -0.018
	  0.001	  0.192	  0.981

3 	  42.50	  -0.77	   0.53
	  0.501	  0.304	  0.810
	 -0.188	  0.952	 -0.242
	 -0.846	 -0.031	  0.533

4 	  37.23	   4.62	  -4.31
	  0.621	  0.697	 -0.357
	 -0.642	  0.714	  0.280
	  0.451	  0.055	  0.891

5 	  41.50	   8.89	   1.53
	  0.788	  0.369	  0.492
	 -0.356	 -0.380	  0.854
	  0.503	 -0.847	 -0.169

6 	  54.09	   9.74	   2.60
	  0.983	 -0.182	 -0.001
	  0.175	  0.942	  0.287
	 -0.051	 -0.283	  0.958

7 	  36.90	  -7.12	  -3.46
	  0.588	 -0.771	 -0.243
	  0.652	  0.630	 -0.422
	  0.480	  0.089	  0.873

8 	  42.22	 -11.11	   3.53
	  0.881	 -0.260	  0.396
	  0.181	 -0.589	 -0.787
	  0.438	  0.764	 -0.472

9 	  54.40	 -11.43	   3.57
	  0.999	 -0.001	 -0.049
	 -0.011	  0.973	 -0.231
	  0.048	  0.230	  0.972

2 	  32.66	  -8.35	  22.66
	  0.094	  0.977	 -0.192
	 -0.996	  0.093	 -0.017
	  0.002	  0.192	  0.981

3 	  42.86	  -0.72	   0.95
	  0.464	  0.257	  0.847
	 -0.169	  0.965	 -0.202
	 -0.870	 -0.049	  0.491

4 	  38.16	   5.26	  -3.85
	  0.656	  0.736	 -0.164
	 -0.687	  0.673	  0.273
	  0.312	 -0.067	  0.948

5 	  41.19	   8.93	   3.36
	  0.658	  0.324	  0.679
	 -0.527	 -0.449	  0.722
	  0.541	 -0.832	 -0.125

6 	  53.10	   9.46	   7.93
	  0.951	 -0.186	  0.246
	  0.086	  0.926	  0.367
	 -0.297	 -0.330	  0.896

7 	  37.39	  -7.35	  -3.13
	  0.589	 -0.799	 -0.118
	  0.684	  0.571	 -0.455
	  0.431	  0.187	  0.882

8 	  41.22	 -10.83	   5.31
	  0.746	 -0.234	  0.623
	  0.370	 -0.632	 -0.680
	  0.554	  0.737	 -0.386

9 	  52.75	 -11.06	   9.30
	  0.964	  0.010	  0.265
	  0.062	  0.961	 -0.268
	 -0.258	  0.275	  0.926

2 	  32.66	  -8.35	  22.66
	  0.094	  0.977	 -0.192
	 -0.996	  0.093	 -0.017
	  0.002	  0.192	  0.981

3 	  43.03	  -0.74	   1.18
	  0.440	  0.221	  0.870
	 -0.147	  0.974	 -0.175
	 -0.886	 -0.051	  0.460

4 	  38.64	   5.64	  -3.27
	  0.646	  0.763	 -0.005
	 -0.739	  0.628	  0.243
	  0.189	 -0.154	  0.970

5 	  40.52	   8.89	   4.68
	  0.523	  0.284	  0.803
	 -0.648	 -0.481	  0.590
	  0.556	 -0.828	 -0.067

6 	  51.22	   9.21	  12.06
	  0.870	 -0.168	  0.464
	 -0.027	  0.922	  0.386
	 -0.493	 -0.351	  0.796

7 	  37.69	  -7.54	  -2.78
	  0.581	 -0.814	 -0.015
	  0.725	  0.526	 -0.443
	  0.369	  0.246	  0.896

8 	  40.18	 -10.58	   6.45
	  0.605	 -0.193	  0.772
	  0.507	 -0.655	 -0.560
	  0.615	  0.730	 -0.298

9 	  50.64	 -10.74	  13.08
	  0.879	  0.018	  0.477
	  0.145	  0.941	 -0.305
	 -0.455	  0.338	  0.824

2 	  32.66	  -8.35	  22.66
	  0.094	  0.977	 -0.192
	 -0.996	  0.093	 -0.017
	  0.002	  0.192	  0.981

3 	  43.15	  -0.74	   1.41
	  0.414	  0.203	  0.887
	 -0.122	  0.978	 -0.168
	 -0.902	 -0.038	  0.430

4 	  38.94	   5.92	  -2.65
	  0.613	  0.780	  0.129
	 -0.786	  0.583	  0.207
	  0.086	 -0.228	  0.970

5 	  39.55	   8.89	   5.59
	  0.382	  0.273	  0.883
	 -0.713	 -0.522	  0.468
	  0.590	 -0.807	 -0.005

6 	  48.59	   9.77	  15.36
	  0.778	 -0.101	  0.620
	 -0.297	  0.811	  0.504
	 -0.554	 -0.577	  0.600

7 	  37.86	  -7.66	  -2.51
	  0.566	 -0.822	  0.057
	  0.760	  0.494	 -0.422
	  0.319	  0.282	  0.904

8 	  39.02	 -10.42	   7.08
	  0.455	 -0.153	  0.877
	  0.614	 -0.661	 -0.432
	  0.647	  0.734	 -0.206

9 	  47.62	 -11.74	  16.28
	  0.751	  0.008	  0.660
	  0.561	  0.519	 -0.645
	 -0.351	  0.853	  0.386

2 	  32.66	  -8.35	  22.66
	  0.093	  0.977	 -0.192
	 -0.996	  0.092	 -0.017
	  0.002	  0.192	  0.981

3 	  43.15	  -0.67	   1.56
	  0.401	  0.200	  0.894
	 -0.104	  0.979	 -0.173
	 -0.910	 -0.024	  0.413

4 	  38.92	   6.19	  -2.23
	  0.552	  0.800	  0.233
	 -0.833	  0.518	  0.193
	  0.033	 -0.301	  0.953

5 	  38.57	   8.77	   6.21
	  0.249	  0.227	  0.941
	 -0.729	 -0.596	  0.336
	  0.638	 -0.769	  0.018

6 	  45.93	  10.56	  17.19
	  0.714	  0.030	  0.699
	 -0.646	  0.413	  0.641
	 -0.273	 -0.909	  0.316

7 	  38.04	  -7.75	  -2.21
	  0.571	 -0.813	  0.110
	  0.770	  0.484	 -0.414
	  0.284	  0.322	  0.903

8 	  38.21	 -10.42	   7.31
	  0.320	 -0.118	  0.940
	  0.705	 -0.634	 -0.318
	  0.634	  0.763	 -0.119

9 	  45.14	 -11.71	  18.49
	  0.621	  0.033	  0.782
	  0.733	  0.330	 -0.594
	 -0.281	  0.942	  0.182

2 	  32.68	  -8.35	  22.66
	  0.093	  0.977	 -0.192
	 -0.996	  0.092	 -0.017
	  0.002	  0.192	  0.981

3 	  43.21	  -0.54	   1.62
	  0.385	  0.204	  0.900
	 -0.103	  0.978	 -0.179
	 -0.917	 -0.024	  0.397

4 	  39.15	   6.35	  -2.06
	  0.523	  0.796	  0.305
	 -0.853	  0.493	  0.172
	 -0.014	 -0.351	  0.936

5 	  37.97	   8.72	   6.31
	  0.121	  0.208	  0.970
	 -0.713	 -0.662	  0.230
	  0.691	 -0.720	  0.069

6 	  43.52	  10.78	  18.60
	  0.544	  0.052	  0.837
	 -0.728	  0.528	  0.437
	 -0.423	 -0.846	  0.325

7 	  38.14	  -7.84	  -2.02
	  0.554	 -0.815	  0.172
	  0.797	  0.459	 -0.392
	  0.241	  0.354	  0.903

8 	  37.41	 -10.05	   7.59
	  0.225	 -0.067	  0.972
	  0.638	 -0.743	 -0.199
	  0.736	  0.665	 -0.124

9 	  42.96	 -11.83	  19.76
	  0.472	 -0.006	  0.881
	  0.836	  0.320	 -0.444
	 -0.284	  0.946	  0.155

2 	  32.68	  -8.35	  22.66
	  0.093	  0.977	 -0.192
	 -0.996	  0.092	 -0.017
	  0.002	  0.192	  0.981

3 	  43.26	  -0.54	   1.60
	  0.365	  0.207	  0.907
	 -0.081	  0.978	 -0.191
	 -0.928	 -0.004	  0.373

4 	  39.30	   6.40	  -2.04
	  0.511	  0.797	  0.320
	 -0.859	  0.485	  0.163
	 -0.026	 -0.359	  0.933

5 	  37.71	   8.82	   6.03
	  0.038	  0.218	  0.975
	 -0.716	 -0.675	  0.179
	  0.698	 -0.704	  0.130

6 	  42.42	  10.83	  18.97
	  0.451	  0.061	  0.890
	 -0.739	  0.586	  0.332
	 -0.504	 -0.806	  0.309

7 	  38.37	  -8.00	  -1.90
	  0.567	 -0.799	  0.201
	  0.797	  0.470	 -0.379
	  0.208	  0.375	  0.903

8 	  37.53	 -11.16	   7.35
	  0.124	 -0.105	  0.986
	  0.866	 -0.474	 -0.159
	  0.484	  0.874	  0.032

9 	  42.08	 -12.08	  20.04
	  0.375	  0.078	  0.923
	  0.738	  0.579	 -0.346
	 -0.565	  0.809	  0.159

2 	  32.66	  -8.35	  22.66
	  0.094	  0.977	 -0.192
	 -0.996	  0.093	 -0.017
	  0.002	  0.192	  0.981

3 	  43.21	  -0.62	   1.62
	  0.362	  0.215	  0.907
	 -0.061	  0.976	 -0.208
	 -0.931	  0.020	  0.365

4 	  39.34	   6.35	  -2.13
	  0.515	  0.800	  0.307
	 -0.857	  0.489	  0.162
	 -0.021	 -0.347	  0.938

5 	  37.79	   8.86	   6.03
	  0.030	  0.229	  0.973
	 -0.754	 -0.633	  0.172
	  0.656	 -0.739	  0.154

6 	  42.49	  10.72	  18.98
	  0.434	  0.043	  0.899
	 -0.674	  0.679	  0.290
	 -0.601	 -0.731	  0.324

7 	  38.34	  -8.10	  -1.83
	  0.560	 -0.805	  0.196
	  0.800	  0.465	 -0.379
	  0.214	  0.369	  0.904

8 	  37.49	 -10.81	   7.61
	  0.117	 -0.031	  0.993
	  0.864	 -0.490	 -0.117
	  0.490	  0.871	 -0.030

9 	  41.94	 -11.72	  20.37
	  0.361	  0.037	  0.931
	  0.802	  0.498	 -0.329
	 -0.480	  0.865	  0.149

2 	  32.68	  -8.35	  22.66
	  0.093	  0.977	 -0.192
	 -0.996	  0.092	 -0.017
	  0.002	  0.192	  0.981

3 	  43.22	  -0.69	   1.69
	  0.370	  0.223	  0.901
	 -0.078	  0.974	 -0.210
	 -0.926	  0.007	  0.378

4 	  39.32	   6.22	  -2.13
	  0.517	  0.799	  0.306
	 -0.856	  0.492	  0.161
	 -0.023	 -0.346	  0.938

5 	  37.88	   8.79	   6.08
	  0.039	  0.224	  0.974
	 -0.775	 -0.609	  0.170
	  0.631	 -0.761	  0.150

6 	  42.59	  10.69	  19.00
	  0.430	  0.045	  0.901
	 -0.664	  0.693	  0.279
	 -0.615	 -0.717	  0.328

7 	  38.48	  -8.24	  -1.81
	  0.569	 -0.800	  0.189
	  0.793	  0.474	 -0.384
	  0.217	  0.369	  0.904

8 	  37.88	 -10.74	   7.77
	  0.152	  0.009	  0.988
	  0.876	 -0.464	 -0.130
	  0.458	  0.885	 -0.078

9 	  42.54	 -11.76	  20.32
	  0.391	  0.016	  0.920
	  0.820	  0.449	 -0.355
	 -0.423	  0.892	  0.161

2 	  32.66	  -8.35	  22.66
	  0.093	  0.977	 -0.192
	 -0.996	  0.092	 -0.017
	  0.002	  0.192	  0.981

3 	  43.24	  -0.74	   1.76
	  0.365	  0.230	  0.902
	 -0.083	  0.973	 -0.215
	 -0.928	  0.003	  0.373

4 	  39.36	   6.12	  -2.18
	  0.515	  0.799	  0.310
	 -0.856	  0.493	  0.153
	 -0.031	 -0.345	  0.938

5 	  37.92	   8.72	   6.03
	  0.042	  0.222	  0.974
	 -0.788	 -0.592	  0.168
	  0.614	 -0.775	  0.150

6 	  42.64	  10.60	  18.97
	  0.429	  0.047	  0.902
	 -0.658	  0.702	  0.274
	 -0.623	 -0.709	  0.331

7 	  38.57	  -8.26	  -1.79
	  0.574	 -0.796	  0.192
	  0.791	  0.480	 -0.379
	  0.209	  0.369	  0.905

8 	  38.32	 -10.51	   7.95
	  0.185	  0.074	  0.980
	  0.897	 -0.420	 -0.138
	  0.401	  0.904	 -0.144

9 	  42.93	 -11.67	  20.37
	  0.388	 -0.020	  0.921
	  0.819	  0.466	 -0.333
	 -0.427	  0.883	  0.196

2 	  32.66	  -8.35	  22.66
	  0.093	  0.977	 -0.192
	 -0.996	  0.092	 -0.017
	  0.002	  0.192	  0.981

3 	  43.28	  -0.74	   1.88
	  0.350	  0.233	  0.907
	 -0.098	  0.972	 -0.213
	 -0.932	 -0.015	  0.363

4 	  39.45	   6.10	  -2.14
	  0.515	  0.795	  0.322
	 -0.856	  0.496	  0.144
	 -0.046	 -0.350	  0.936

5 	  37.97	   8.75	   6.10
	  0.040	  0.217	  0.975
	 -0.802	 -0.575	  0.161
	  0.596	 -0.789	  0.151

6 	  42.66	  10.60	  19.05
	  0.429	  0.041	  0.902
	 -0.656	  0.701	  0.278
	 -0.624	 -0.709	  0.328

7 	  38.69	  -8.23	  -1.83
	  0.566	 -0.799	  0.201
	  0.802	  0.478	 -0.358
	  0.190	  0.364	  0.912

8 	  38.13	 -10.30	   8.00
	  0.177	  0.085	  0.980
	  0.878	 -0.463	 -0.119
	  0.444	  0.882	 -0.157

9 	  42.38	 -11.72	  20.50
	  0.371	 -0.050	  0.927
	  0.861	  0.394	 -0.322
	 -0.353	  0.917	  0.188

2 	  32.68	  -8.35	  22.64
	  0.093	  0.977	 -0.192
	 -0.996	  0.092	 -0.017
	  0.002	  0.192	  0.981

3 	  43.35	  -0.72	   1.97
	  0.335	  0.231	  0.913
	 -0.103	  0.972	 -0.209
	 -0.937	 -0.024	  0.349

4 	  39.52	   6.12	  -2.07
	  0.515	  0.791	  0.330
	 -0.856	  0.499	  0.137
	 -0.057	 -0.353	  0.934

5 	  38.02	   8.75	   6.15
	  0.037	  0.214	  0.976
	 -0.808	 -0.568	  0.156
	  0.588	 -0.794	  0.152

6 	  42.66	  10.60	  19.12
	  0.430	  0.035	  0.902
	 -0.656	  0.700	  0.282
	 -0.624	 -0.711	  0.324

7 	  38.74	  -8.21	  -1.81
	  0.563	 -0.798	  0.213
	  0.807	  0.475	 -0.351
	  0.178	  0.369	  0.912

8 	  38.18	 -10.32	   8.00
	  0.177	  0.083	  0.980
	  0.882	 -0.455	 -0.121
	  0.436	  0.887	 -0.153

9 	  42.64	 -11.62	  20.39
	  0.381	 -0.038	  0.923
	  0.822	  0.472	 -0.318
	 -0.427	  0.879	  0.210

