% Calibrated with leiden_pols
% Positions are in centimeters
Data =[
 2    97.619   -19.428    59.121
 2     0.687    -0.727     0.003
 2     0.726     0.686     0.029
 2    -0.022    -0.019     0.999
 3   125.835    -2.132     0.144
 3     0.286     0.075    -0.956
 3     0.160     0.979     0.124
 3     0.945    -0.188     0.267
 4   109.761    12.125   -16.044
 4     0.543    -0.611     0.578
 4     0.800     0.583    -0.135
 4    -0.254     0.535     0.805
 5   122.980    29.727     5.628
 5    -0.759     0.042     0.650
 5    -0.485     0.629    -0.607
 5    -0.434    -0.776    -0.458
 6   132.646    10.433    -4.952
 6     0.122     0.984     0.128
 6    -0.972     0.145    -0.184
 6    -0.200    -0.103     0.974
 7   104.334   -16.688   -10.920
 7     0.136     0.554     0.821
 7    -0.927     0.363    -0.092
 7    -0.350    -0.749     0.562
 8   125.043   -35.555   -10.633
 8     0.899    -0.089     0.429
 8    -0.402     0.226     0.887
 8    -0.175    -0.970     0.168
 9   134.390   -11.855    -5.429
 9     0.112    -0.703     0.702
 9     0.905    -0.219    -0.364
 9     0.410     0.676     0.612
 2    97.619   -19.428    59.121
 2     0.687    -0.727     0.003
 2     0.726     0.686     0.029
 2    -0.022    -0.019     0.999
 3   125.606    -1.923    -0.141
 3     0.307     0.033    -0.951
 3     0.168     0.982     0.088
 3     0.936    -0.188     0.296
 4   108.650    12.281   -16.024
 4     0.513    -0.613     0.602
 4     0.818     0.560    -0.127
 4    -0.259     0.557     0.788
 5   122.150    29.474     6.425
 5    -0.740    -0.147     0.657
 5    -0.551     0.693    -0.465
 5    -0.387    -0.706    -0.593
 6   133.592    13.692    -8.215
 6     0.260     0.956     0.137
 6    -0.894     0.292    -0.339
 6    -0.364    -0.035     0.931
 7   104.142   -17.065   -10.165
 7     0.129     0.537     0.833
 7    -0.938     0.337    -0.073
 7    -0.320    -0.773     0.547
 8   121.768   -38.088    -8.954
 8     0.787    -0.244     0.566
 8    -0.565     0.083     0.821
 8    -0.247    -0.966    -0.072
 9   135.957   -15.752   -11.996
 9     0.394    -0.631     0.670
 9     0.910     0.165    -0.378
 9     0.128     0.758     0.639
 2    97.619   -19.428    59.121
 2     0.687    -0.727     0.003
 2     0.726     0.686     0.029
 2    -0.022    -0.019     0.999
 3   125.528    -1.760    -0.456
 3     0.324    -0.002    -0.946
 3     0.170     0.984     0.057
 3     0.930    -0.180     0.319
 4   107.917    12.422   -15.875
 4     0.485    -0.621     0.617
 4     0.837     0.533    -0.120
 4    -0.254     0.574     0.777
 5   121.517    29.288     7.087
 5    -0.704    -0.297     0.645
 5    -0.607     0.723    -0.330
 5    -0.368    -0.624    -0.689
 6   133.845    18.214   -10.958
 6     0.380     0.905     0.190
 6    -0.746     0.422    -0.515
 6    -0.546     0.054     0.836
 7   104.212   -17.485    -9.278
 7     0.107     0.529     0.842
 7    -0.956     0.287    -0.059
 7    -0.273    -0.798     0.536
 8   118.102   -40.344    -4.600
 8     0.625    -0.403     0.670
 8    -0.756    -0.096     0.647
 8    -0.195    -0.910    -0.363
 9   135.438   -25.954   -17.955
 9     0.639    -0.486     0.601
 9     0.710     0.668    -0.215
 9    -0.296     0.563     0.769
 2    97.619   -19.428    59.070
 2     0.687    -0.727     0.003
 2     0.726     0.686     0.029
 2    -0.022    -0.019     0.999
 3   125.526    -1.767    -0.768
 3     0.334    -0.020    -0.943
 3     0.171     0.984     0.040
 3     0.927    -0.175     0.332
 4   107.284    12.389   -15.804
 4     0.448    -0.635     0.630
 4     0.859     0.500    -0.106
 4    -0.248     0.588     0.769
 5   120.825    28.085     8.563
 5    -0.648    -0.464     0.605
 5    -0.659     0.738    -0.142
 5    -0.381    -0.490    -0.783
 6   133.252    25.267   -12.768
 6     0.496     0.818     0.290
 6    -0.464     0.532    -0.708
 6    -0.734     0.216     0.643
 7   104.099   -18.054    -8.453
 7     0.077     0.534     0.842
 7    -0.974     0.221    -0.052
 7    -0.214    -0.816     0.536
 8   115.108   -41.245    -0.291
 8     0.484    -0.514     0.710
 8    -0.870    -0.194     0.452
 8    -0.094    -0.836    -0.539
 9   131.436   -38.381   -20.122
 9     0.695    -0.341     0.638
 9     0.382     0.920     0.071
 9    -0.609     0.194     0.767
 2    97.619   -19.428    59.070
 2     0.687    -0.727     0.003
 2     0.726     0.686     0.029
 2    -0.022    -0.019     0.999
 3   125.337    -1.862    -1.009
 3     0.355    -0.040    -0.934
 3     0.176     0.984     0.025
 3     0.918    -0.173     0.356
 4   106.430    12.223   -15.866
 4     0.405    -0.646     0.648
 4     0.879     0.468    -0.082
 4    -0.250     0.603     0.757
 5   119.536    27.693     9.398
 5    -0.585    -0.588     0.561
 5    -0.709     0.704    -0.002
 5    -0.394    -0.398    -0.828
 6   132.109    33.551   -12.447
 6     0.591     0.739     0.324
 6    -0.135     0.486    -0.863
 6    -0.795     0.466     0.387
 7   104.019   -18.353    -7.931
 7     0.067     0.548     0.834
 7    -0.984     0.176    -0.038
 7    -0.168    -0.818     0.550
 8   113.468   -41.057     2.861
 8     0.379    -0.614     0.694
 8    -0.925    -0.244     0.288
 8    -0.008    -0.751    -0.659
 9   126.383   -50.251   -18.452
 9     0.628    -0.294     0.724
 9    -0.018     0.921     0.386
 9    -0.778    -0.256     0.571
 2    97.619   -19.428    59.070
 2     0.687    -0.727     0.003
 2     0.726     0.686     0.029
 2    -0.022    -0.019     0.999
 3   125.172    -1.699    -1.337
 3     0.369    -0.065    -0.927
 3     0.172     0.985    -0.000
 3     0.913    -0.160     0.374
 4   105.855    12.377   -15.959
 4     0.351    -0.671     0.653
 4     0.905     0.421    -0.054
 4    -0.239     0.610     0.755
 5   117.458    27.334    10.774
 5    -0.509    -0.667     0.545
 5    -0.745     0.657     0.109
 5    -0.431    -0.350    -0.831
 6   129.827    39.277    -9.762
 6     0.628     0.679     0.381
 6     0.103     0.411    -0.905
 6    -0.771     0.608     0.188
 7   104.051   -18.420    -7.765
 7     0.060     0.568     0.821
 7    -0.987     0.155    -0.035
 7    -0.148    -0.808     0.570
 8   111.690   -40.623     4.869
 8     0.288    -0.657     0.698
 8    -0.956    -0.243     0.164
 8     0.063    -0.714    -0.696
 9   121.911   -57.103   -14.423
 9     0.543    -0.294     0.789
 9    -0.286     0.817     0.498
 9    -0.790    -0.496     0.359
 2    97.619   -19.428    59.070
 2     0.687    -0.727     0.003
 2     0.726     0.686     0.029
 2    -0.022    -0.019     0.999
 3   125.093    -1.582    -1.631
 3     0.379    -0.090    -0.921
 3     0.167     0.985    -0.027
 3     0.910    -0.144     0.389
 4   105.343    12.581   -15.910
 4     0.310    -0.686     0.658
 4     0.924     0.380    -0.038
 4    -0.224     0.620     0.751
 5   115.584    26.521    12.264
 5    -0.452    -0.721     0.527
 5    -0.752     0.624     0.210
 5    -0.480    -0.301    -0.823
 6   127.199    42.639    -6.866
 6     0.621     0.664     0.419
 6     0.267     0.322    -0.908
 6    -0.737     0.675     0.022
 7   103.820   -18.455    -7.490
 7     0.058     0.585     0.808
 7    -0.991     0.133    -0.026
 7    -0.123    -0.800     0.588
 8   110.418   -39.885     6.721
 8     0.230    -0.683     0.693
 8    -0.965    -0.248     0.075
 8     0.121    -0.687    -0.716
 9   117.996   -61.371   -10.271
 9     0.437    -0.362     0.825
 9    -0.478     0.683     0.550
 9    -0.762    -0.634     0.126
 2    97.619   -19.428    59.070
 2     0.687    -0.727     0.003
 2     0.726     0.686     0.029
 2    -0.022    -0.019     0.999
 3   124.830    -1.467    -1.884
 3     0.393    -0.113    -0.913
 3     0.165     0.985    -0.050
 3     0.905    -0.131     0.405
 4   104.486    12.572   -15.710
 4     0.270    -0.693     0.669
 4     0.938     0.346    -0.019
 4    -0.218     0.632     0.743
 5   114.213    26.175    13.003
 5    -0.415    -0.755     0.510
 5    -0.764     0.591     0.255
 5    -0.494    -0.283    -0.822
