% Calibrated with leiden_pols
% Positions are in centimeters
Data =[
 2    97.619   -19.428    59.121
 2     0.687    -0.727     0.003
 2     0.726     0.686     0.029
 2    -0.022    -0.019     0.999
 3   125.835    -2.132     0.144
 3     0.286     0.075    -0.956
 3     0.160     0.979     0.124
 3     0.945    -0.188     0.267
 4   109.761    12.125   -16.044
 4     0.543    -0.611     0.578
 4     0.800     0.583    -0.135
 4    -0.254     0.535     0.805
 5   122.980    29.727     5.628
 5    -0.759     0.042     0.650
 5    -0.485     0.629    -0.607
 5    -0.434    -0.776    -0.458
 6   132.646    10.433    -4.952
 6     0.122     0.984     0.128
 6    -0.972     0.145    -0.184
 6    -0.200    -0.103     0.974
 7   104.334   -16.688   -10.920
 7     0.136     0.554     0.821
 7    -0.927     0.363    -0.092
 7    -0.350    -0.749     0.562
 8   125.043   -35.555   -10.633
 8     0.899    -0.089     0.429
 8    -0.402     0.226     0.887
 8    -0.175    -0.970     0.168
 9   134.390   -11.855    -5.429
 9     0.112    -0.703     0.702
 9     0.905    -0.219    -0.364
 9     0.410     0.676     0.612
 2    97.619   -19.428    59.121
 2     0.687    -0.727     0.003
 2     0.726     0.686     0.029
 2    -0.022    -0.019     0.999
 3   125.606    -1.923    -0.141
 3     0.307     0.033    -0.951
 3     0.168     0.982     0.088
 3     0.936    -0.188     0.296
 4   108.650    12.281   -16.024
 4     0.513    -0.613     0.602
 4     0.818     0.560    -0.127
 4    -0.259     0.557     0.788
 5   122.150    29.474     6.425
 5    -0.740    -0.147     0.657
 5    -0.551     0.693    -0.465
 5    -0.387    -0.706    -0.593
 6   133.592    13.692    -8.215
 6     0.260     0.956     0.137
 6    -0.894     0.292    -0.339
 6    -0.364    -0.035     0.931
 7   104.142   -17.065   -10.165
 7     0.129     0.537     0.833
 7    -0.938     0.337    -0.073
 7    -0.320    -0.773     0.547
 8   121.768   -38.088    -8.954
 8     0.787    -0.244     0.566
 8    -0.565     0.083     0.821
 8    -0.247    -0.966    -0.072
 9   135.957   -15.752   -11.996
 9     0.394    -0.631     0.670
 9     0.910     0.165    -0.378
 9     0.128     0.758     0.639
 2    97.619   -19.428    59.121
 2     0.687    -0.727     0.003
 2     0.726     0.686     0.029
 2    -0.022    -0.019     0.999
 3   125.528    -1.760    -0.456
 3     0.324    -0.002    -0.946
 3     0.170     0.984     0.057
 3     0.930    -0.180     0.319
 4   107.917    12.422   -15.875
 4     0.485    -0.621     0.617
 4     0.837     0.533    -0.120
 4    -0.254     0.574     0.777
 5   121.517    29.288     7.087
 5    -0.704    -0.297     0.645
 5    -0.607     0.723    -0.330
 5    -0.368    -0.624    -0.689
 6   133.845    18.214   -10.958
 6     0.380     0.905     0.190
 6    -0.746     0.422    -0.515
 6    -0.546     0.054     0.836
 7   104.212   -17.485    -9.278
 7     0.107     0.529     0.842
 7    -0.956     0.287    -0.059
 7    -0.273    -0.798     0.536
 8   118.102   -40.344    -4.600
 8     0.625    -0.403     0.670
 8    -0.756    -0.096     0.647
 8    -0.195    -0.910    -0.363
 9   135.438   -25.954   -17.955
 9     0.639    -0.486     0.601
 9     0.710     0.668    -0.215
 9    -0.296     0.563     0.769
 2    97.619   -19.428    59.070
 2     0.687    -0.727     0.003
 2     0.726     0.686     0.029
 2    -0.022    -0.019     0.999
 3   125.526    -1.767    -0.768
 3     0.334    -0.020    -0.943
 3     0.171     0.984     0.040
 3     0.927    -0.175     0.332
 4   107.284    12.389   -15.804
 4     0.448    -0.635     0.630
 4     0.859     0.500    -0.106
 4    -0.248     0.588     0.769
 5   120.825    28.085     8.563
 5    -0.648    -0.464     0.605
 5    -0.659     0.738    -0.142
 5    -0.381    -0.490    -0.783
 6   133.252    25.267   -12.768
 6     0.496     0.818     0.290
 6    -0.464     0.532    -0.708
 6    -0.734     0.216     0.643
 7   104.099   -18.054    -8.453
 7     0.077     0.534     0.842
 7    -0.974     0.221    -0.052
 7    -0.214    -0.816     0.536
 8   115.108   -41.245    -0.291
 8     0.484    -0.514     0.710
 8    -0.870    -0.194     0.452
 8    -0.094    -0.836    -0.539
 9   131.436   -38.381   -20.122
 9     0.695    -0.341     0.638
 9     0.382     0.920     0.071
 9    -0.609     0.194     0.767
 2    97.619   -19.428    59.070
 2     0.687    -0.727     0.003
 2     0.726     0.686     0.029
 2    -0.022    -0.019     0.999
 3   125.337    -1.862    -1.009
 3     0.355    -0.040    -0.934
 3     0.176     0.984     0.025
 3     0.918    -0.173     0.356
 4   106.430    12.223   -15.866
 4     0.405    -0.646     0.648
 4     0.879     0.468    -0.082
 4    -0.250     0.603     0.757
 5   119.536    27.693     9.398
 5    -0.585    -0.588     0.561
 5    -0.709     0.704    -0.002
 5    -0.394    -0.398    -0.828
 6   132.109    33.551   -12.447
 6     0.591     0.739     0.324
 6    -0.135     0.486    -0.863
 6    -0.795     0.466     0.387
 7   104.019   -18.353    -7.931
 7     0.067     0.548     0.834
 7    -0.984     0.176    -0.038
 7    -0.168    -0.818     0.550
 8   113.468   -41.057     2.861
 8     0.379    -0.614     0.694
 8    -0.925    -0.244     0.288
 8    -0.008    -0.751    -0.659
 9   126.383   -50.251   -18.452
 9     0.628    -0.294     0.724
 9    -0.018     0.921     0.386
 9    -0.778    -0.256     0.571
 2    97.619   -19.428    59.070
 2     0.687    -0.727     0.003
 2     0.726     0.686     0.029
 2    -0.022    -0.019     0.999
 3   125.172    -1.699    -1.337
 3     0.369    -0.065    -0.927
 3     0.172     0.985    -0.000
 3     0.913    -0.160     0.374
 4   105.855    12.377   -15.959
 4     0.351    -0.671     0.653
 4     0.905     0.421    -0.054
 4    -0.239     0.610     0.755
 5   117.458    27.334    10.774
 5    -0.509    -0.667     0.545
 5    -0.745     0.657     0.109
 5    -0.431    -0.350    -0.831
 6   129.827    39.277    -9.762
 6     0.628     0.679     0.381
 6     0.103     0.411    -0.905
 6    -0.771     0.608     0.188
 7   104.051   -18.420    -7.765
 7     0.060     0.568     0.821
 7    -0.987     0.155    -0.035
 7    -0.148    -0.808     0.570
 8   111.690   -40.623     4.869
 8     0.288    -0.657     0.698
 8    -0.956    -0.243     0.164
 8     0.063    -0.714    -0.696
 9   121.911   -57.103   -14.423
 9     0.543    -0.294     0.789
 9    -0.286     0.817     0.498
 9    -0.790    -0.496     0.359
 2    97.619   -19.428    59.070
 2     0.687    -0.727     0.003
 2     0.726     0.686     0.029
 2    -0.022    -0.019     0.999
 3   125.093    -1.582    -1.631
 3     0.379    -0.090    -0.921
 3     0.167     0.985    -0.027
 3     0.910    -0.144     0.389
 4   105.343    12.581   -15.910
 4     0.310    -0.686     0.658
 4     0.924     0.380    -0.038
 4    -0.224     0.620     0.751
 5   115.584    26.521    12.264
 5    -0.452    -0.721     0.527
 5    -0.752     0.624     0.210
 5    -0.480    -0.301    -0.823
 6   127.199    42.639    -6.866
 6     0.621     0.664     0.419
 6     0.267     0.322    -0.908
 6    -0.737     0.675     0.022
 7   103.820   -18.455    -7.490
 7     0.058     0.585     0.808
 7    -0.991     0.133    -0.026
 7    -0.123    -0.800     0.588
 8   110.418   -39.885     6.721
 8     0.230    -0.683     0.693
 8    -0.965    -0.248     0.075
 8     0.121    -0.687    -0.716
 9   117.996   -61.371   -10.271
 9     0.437    -0.362     0.825
 9    -0.478     0.683     0.550
 9    -0.762    -0.634     0.126
 2    97.619   -19.428    59.070
 2     0.687    -0.727     0.003
 2     0.726     0.686     0.029
 2    -0.022    -0.019     0.999
 3   124.830    -1.467    -1.884
 3     0.393    -0.113    -0.913
 3     0.165     0.985    -0.050
 3     0.905    -0.131     0.405
 4   104.486    12.572   -15.710
 4     0.270    -0.693     0.669
 4     0.938     0.346    -0.019
 4    -0.218     0.632     0.743
 5   114.213    26.175    13.003
 5    -0.415    -0.755     0.510
 5    -0.764     0.591     0.255
 5    -0.494    -0.283    -0.822
 6   124.897    45.949    -4.862
 6     0.592     0.666     0.455
 6     0.407     0.239    -0.881
 6    -0.695     0.706    -0.129
 7   103.588   -18.502    -7.418
 7     0.053     0.593     0.803
 7    -0.992     0.122    -0.025
 7    -0.113    -0.795     0.595
 8   110.180   -39.590     7.273
 8     0.209    -0.720     0.662
 8    -0.969    -0.245     0.038
 8     0.135    -0.649    -0.748
 9   114.857   -64.894    -7.651
 9     0.280    -0.516     0.811
 9    -0.645     0.525     0.554
 9    -0.711    -0.677    -0.186
 2    97.619   -19.428    59.070
 2     0.687    -0.727     0.003
 2     0.726     0.686     0.029
 2    -0.022    -0.019     0.999
 3   124.756    -1.203    -2.250
 3     0.408    -0.136    -0.903
 3     0.164     0.984    -0.073
 3     0.898    -0.119     0.423
 4   103.639    12.538   -15.654
 4     0.217    -0.700     0.680
 4     0.952     0.305     0.011
 4    -0.216     0.645     0.733
 5   112.639    26.058    13.432
 5    -0.374    -0.789     0.490
 5    -0.776     0.554     0.300
 5    -0.507    -0.267    -0.819
 6   121.804    49.589    -2.761
 6     0.547     0.679     0.491
 6     0.549     0.151    -0.821
 6    -0.631     0.718    -0.290
 7   103.437   -18.279    -7.668
 7     0.044     0.618     0.785
 7    -0.993     0.111    -0.032
 7    -0.107    -0.778     0.618
 8   108.928   -38.978     7.798
 8     0.168    -0.722     0.672
 8    -0.971    -0.236    -0.012
 8     0.167    -0.651    -0.740
 9   111.721   -66.941    -3.143
 9     0.180    -0.583     0.794
 9    -0.787     0.399     0.469
 9    -0.590    -0.708    -0.386
 2    97.619   -19.428    59.070
 2     0.687    -0.727     0.003
 2     0.726     0.686     0.029
 2    -0.022    -0.019     0.999
 3   124.571    -0.911    -2.657
 3     0.420    -0.152    -0.895
 3     0.161     0.983    -0.091
 3     0.893    -0.106     0.437
 4   103.116    12.635   -15.690
 4     0.174    -0.709     0.683
 4     0.963     0.267     0.032
 4    -0.206     0.652     0.729
 5   110.866    25.681    14.158
 5    -0.323    -0.807     0.496
 5    -0.773     0.525     0.354
 5    -0.546    -0.269    -0.793
 6   119.413    52.608     1.945
 6     0.512     0.677     0.529
 6     0.709     0.014    -0.704
 6    -0.485     0.735    -0.473
 7   103.408   -18.058    -8.033
 7     0.032     0.637     0.770
 7    -0.994     0.100    -0.042
 7    -0.104    -0.764     0.636
 8   108.515   -38.266     8.371
 8     0.140    -0.751     0.646
 8    -0.969    -0.239    -0.069
 8     0.206    -0.616    -0.760
 9   108.660   -68.877     2.806
 9     0.030    -0.679     0.734
 9    -0.937     0.237     0.256
 9    -0.349    -0.694    -0.629
 2    97.619   -19.428    59.070
 2     0.687    -0.727     0.003
 2     0.726     0.686     0.029
 2    -0.022    -0.019     0.999
 3   124.602    -0.742    -2.957
 3     0.427    -0.168    -0.889
 3     0.153     0.982    -0.111
 3     0.891    -0.089     0.444
 4   102.782    12.708   -15.678
 4     0.138    -0.720     0.680
 4     0.971     0.232     0.049
 4    -0.193     0.653     0.732
 5   109.537    25.114    14.816
 5    -0.286    -0.807     0.518
 5    -0.760     0.519     0.391
 5    -0.584    -0.281    -0.761
 6   117.243    54.400     5.746
 6     0.469     0.646     0.604
 6     0.812    -0.046    -0.581
 6    -0.347     0.762    -0.545
 7   103.305   -17.836    -8.347
 7     0.022     0.654     0.756
 7    -0.995     0.091    -0.050
 7    -0.101    -0.751     0.652
 8   107.730   -37.835     8.701
 8     0.112    -0.764     0.635
 8    -0.970    -0.223    -0.100
 8     0.218    -0.605    -0.766
 9   106.370   -68.938     7.118
 9    -0.041    -0.693     0.720
 9    -0.984     0.154     0.091
 9    -0.175    -0.704    -0.688
 2    97.619   -19.427    59.070
 2     0.686    -0.728     0.003
 2     0.727     0.685     0.029
 2    -0.022    -0.019     0.999
 3   124.533    -0.574    -3.094
 3     0.435    -0.172    -0.885
 3     0.147     0.982    -0.118
 3     0.888    -0.080     0.451
 4   102.524    12.901   -15.609
 4     0.119    -0.726     0.677
 4     0.976     0.210     0.054
 4    -0.182     0.655     0.733
 5   108.618    24.681    15.536
 5    -0.252    -0.818     0.519
 5    -0.741     0.507     0.441
 5    -0.623    -0.273    -0.733
 6   115.407    55.449     9.768
 6     0.422     0.618     0.665
 6     0.880    -0.101    -0.463
 6    -0.219     0.779    -0.585
 7   103.084   -17.603    -8.322
 7     0.010     0.669     0.743
 7    -0.996     0.069    -0.049
 7    -0.084    -0.740     0.667
 8   106.928   -37.258     9.220
 8     0.086    -0.768     0.635
 8    -0.970    -0.209    -0.121
 8     0.226    -0.606    -0.763
 9   104.488   -68.378    10.088
 9    -0.087    -0.672     0.736
 9    -0.994     0.106    -0.024
 9    -0.062    -0.733    -0.676
 2    97.619   -19.428    59.070
 2     0.687    -0.727     0.003
 2     0.726     0.686     0.029
 2    -0.022    -0.019     0.999
 3   124.498    -0.302    -3.169
 3     0.441    -0.176    -0.881
 3     0.139     0.982    -0.126
 3     0.887    -0.067     0.456
 4   102.336    13.331   -15.459
 4     0.094    -0.736     0.670
 4     0.982     0.178     0.058
 4    -0.162     0.653     0.740
 5   107.624    24.206    16.397
 5    -0.223    -0.829     0.514
 5    -0.726     0.492     0.480
 5    -0.651    -0.266    -0.711
 6   113.796    55.622    12.039
 6     0.390     0.612     0.690
 6     0.906    -0.124    -0.402
 6    -0.161     0.781    -0.602
 7   103.167   -17.394    -8.349
 7     0.016     0.677     0.735
 7    -0.997     0.067    -0.040
 7    -0.077    -0.732     0.676
 8   106.947   -36.950     9.453
 8     0.081    -0.771     0.632
 8    -0.969    -0.208    -0.131
 8     0.233    -0.602    -0.763
 9   104.482   -67.970    11.586
 9    -0.094    -0.662     0.744
 9    -0.996     0.073    -0.064
 9    -0.012    -0.746    -0.665
 2    97.619   -19.428    59.070
 2     0.687    -0.727     0.003
 2     0.726     0.686     0.029
 2    -0.022    -0.019     0.999
 3   124.441    -0.127    -3.165
 3     0.442    -0.180    -0.879
 3     0.137     0.981    -0.132
 3     0.886    -0.063     0.458
 4   102.166    13.388   -15.368
 4     0.081    -0.741     0.667
 4     0.984     0.165     0.064
 4    -0.158     0.651     0.742
 5   107.461    24.084    16.478
 5    -0.224    -0.829     0.513
 5    -0.730     0.490     0.476
 5    -0.646    -0.268    -0.715
 6   115.083    54.266     9.010
 6     0.465     0.572     0.677
 6     0.835    -0.029    -0.549
 6    -0.295     0.819    -0.490
 7   103.175   -17.514    -8.194
 7     0.023     0.683     0.730
 7    -0.997     0.067    -0.032
 7    -0.071    -0.727     0.682
 8   106.982   -37.375     9.136
 8     0.123    -0.712     0.692
 8    -0.969    -0.237    -0.072
 8     0.215    -0.661    -0.718
 9   107.741   -68.424     6.508
 9     0.071    -0.536     0.842
 9    -0.970     0.159     0.181
 9    -0.230    -0.829    -0.508
 2    97.619   -19.428    59.121
 2     0.687    -0.727     0.003
 2     0.726     0.686     0.029
 2    -0.022    -0.019     0.999
 3   124.438    -0.127    -3.079
 3     0.444    -0.177    -0.879
 3     0.141     0.982    -0.126
 3     0.885    -0.069     0.460
 4   102.416    13.311   -15.449
 4     0.124    -0.726     0.677
 4     0.977     0.209     0.046
 4    -0.175     0.655     0.735
 5   109.439    25.119    15.636
 5    -0.302    -0.791     0.533
 5    -0.745     0.543     0.386
 5    -0.595    -0.281    -0.753
 6   119.919    50.481     2.367
 6     0.570     0.579     0.585
 6     0.626     0.155    -0.763
 6    -0.532     0.800    -0.274
 7   103.269   -17.515    -8.009
 7     0.027     0.682     0.730
 7    -0.997     0.072    -0.031
 7    -0.074    -0.727     0.682
 8   107.604   -37.745     8.629
 8     0.150    -0.693     0.706
 8    -0.971    -0.238    -0.028
 8     0.187    -0.681    -0.708
 9   112.022   -66.340    -0.691
 9     0.248    -0.565     0.788
 9    -0.809     0.327     0.488
 9    -0.533    -0.757    -0.375
 2    97.619   -19.428    59.070
 2     0.687    -0.727     0.003
 2     0.726     0.686     0.029
 2    -0.022    -0.018     0.999
 3   124.605    -0.178    -2.833
 3     0.446    -0.171    -0.879
 3     0.146     0.982    -0.116
 3     0.883    -0.077     0.463
 4   102.777    13.371   -15.479
 4     0.187    -0.698     0.691
 4     0.961     0.274     0.017
 4    -0.201     0.661     0.722
 5   112.166    26.003    14.546
 5    -0.406    -0.743     0.534
 5    -0.738     0.610     0.288
 5    -0.539    -0.277    -0.795
 6   124.296    45.999    -2.409
 6     0.624     0.604     0.497
 6     0.408     0.288    -0.865
 6    -0.666     0.743    -0.067
 7   103.219   -17.463    -7.723
 7     0.031     0.676     0.736
 7    -0.997     0.076    -0.029
 7    -0.076    -0.733     0.676
 8   108.686   -38.103     8.446
 8     0.216    -0.662     0.718
 8    -0.964    -0.262     0.047
 8     0.156    -0.702    -0.694
 9   116.833   -61.728    -5.941
 9     0.390    -0.629     0.673
 9    -0.557     0.420     0.715
 9    -0.733    -0.653    -0.187
 2    97.619   -19.428    59.070
 2     0.687    -0.727     0.003
 2     0.726     0.686     0.029
 2    -0.022    -0.018     0.999
 3   124.722    -0.303    -2.537
 3     0.447    -0.170    -0.879
 3     0.154     0.982    -0.110
 3     0.881    -0.086     0.464
 4   103.550    13.381   -15.540
 4     0.240    -0.691     0.682
 4     0.949     0.313    -0.017
 4    -0.202     0.651     0.731
 5   114.093    25.567    14.466
 5    -0.482    -0.678     0.557
 5    -0.693     0.682     0.230
 5    -0.536    -0.275    -0.798
 6   127.593    41.226    -3.860
 6     0.650     0.621     0.439
 6     0.245     0.373    -0.894
 6    -0.719     0.688     0.090
 7   103.581   -17.627    -7.519
 7     0.047     0.673     0.738
 7    -0.996     0.083    -0.013
 7    -0.070    -0.735     0.674
 8   110.360   -38.340     8.747
 8     0.293    -0.621     0.727
 8    -0.945    -0.305     0.120
 8     0.147    -0.722    -0.676
 9   122.124   -55.834    -8.007
 9     0.511    -0.684     0.521
 9    -0.289     0.434     0.853
 9    -0.809    -0.586     0.024
 2    97.619   -19.428    59.070
 2     0.687    -0.727     0.003
 2     0.726     0.686     0.029
 2    -0.022    -0.019     0.999
 3   125.020    -0.424    -2.270
 3     0.444    -0.171    -0.880
 3     0.166     0.980    -0.106
 3     0.880    -0.100     0.463
 4   103.980    13.419   -15.491
 4     0.270    -0.688     0.674
 4     0.940     0.338    -0.030
 4    -0.207     0.642     0.738
 5   115.082    25.596    14.165
 5    -0.526    -0.626     0.577
 5    -0.667     0.723     0.177
 5    -0.528    -0.291    -0.797
 6   129.584    36.337    -5.037
 6     0.660     0.656     0.366
 6     0.055     0.442    -0.895
 6    -0.749     0.611     0.255
 7   103.868   -17.841    -7.249
 7     0.066     0.676     0.734
 7    -0.996     0.090     0.007
 7    -0.062    -0.732     0.679
 8   112.429   -38.497     8.995
 8     0.399    -0.572     0.718
 8    -0.908    -0.353     0.222
 8     0.127    -0.740    -0.659
 9   127.079   -48.590    -8.913
 9     0.578    -0.752     0.316
 9     0.007     0.392     0.920
 9    -0.816    -0.529     0.232
 2    97.619   -19.428    59.070
 2     0.687    -0.727     0.003
 2     0.726     0.686     0.029
 2    -0.022    -0.019     0.999
 3   125.013    -0.469    -2.033
 3     0.442    -0.181    -0.879
 3     0.178     0.977    -0.111
 3     0.879    -0.108     0.464
 4   104.273    13.460   -15.387
 4     0.307    -0.676     0.670
 4     0.929     0.365    -0.057
 4    -0.206     0.640     0.740
 5   115.934    24.906    14.341
 5    -0.586    -0.532     0.613
 5    -0.605     0.789     0.105
 5    -0.539    -0.309    -0.783
 6   130.835    31.635    -5.199
 6     0.631     0.709     0.314
 6    -0.090     0.468    -0.879
 6    -0.770     0.526     0.359
 7   104.035   -17.961    -7.181
 7     0.087     0.677     0.730
 7    -0.994     0.104     0.020
 7    -0.063    -0.728     0.682
 8   114.501   -38.402     8.831
 8     0.498    -0.515     0.699
 8    -0.860    -0.393     0.323
 8     0.109    -0.762    -0.638
 9   130.633   -42.407    -9.316
 9     0.583    -0.801     0.134
 9     0.234     0.327     0.915
 9    -0.777    -0.501     0.380
 2    97.619   -19.428    59.070
 2     0.687    -0.727     0.003
 2     0.726     0.686     0.029
 2    -0.022    -0.019     0.999
 3   125.166    -0.514    -1.811
 3     0.438    -0.193    -0.879
 3     0.183     0.975    -0.122
 3     0.880    -0.109     0.462
 4   104.734    13.577   -15.341
 4     0.356    -0.664     0.658
 4     0.912     0.397    -0.092
 4    -0.200     0.633     0.747
 5   116.937    24.347    14.701
 5    -0.645    -0.400     0.652
 5    -0.525     0.851     0.002
 5    -0.555    -0.341    -0.758
 6   133.272    26.088    -4.454
 6     0.630     0.744     0.220
 6    -0.278     0.482    -0.831
 6    -0.724     0.463     0.510
 7   104.198   -18.018    -7.144
 7     0.102     0.679     0.727
 7    -0.992     0.127     0.021
 7    -0.078    -0.723     0.686
 8   115.901   -38.904     7.225
 8     0.570    -0.449     0.689
 8    -0.819    -0.378     0.432
 8     0.066    -0.810    -0.582
 9   133.968   -36.858    -9.521
 9     0.604    -0.797     0.016
 9     0.452     0.363     0.814
 9    -0.655    -0.483     0.581
 2    97.619   -19.428    59.070
 2     0.687    -0.727     0.003
 2     0.726     0.686     0.029
 2    -0.022    -0.018     0.999
 3   125.315    -0.684    -1.604
 3     0.430    -0.186    -0.884
 3     0.183     0.976    -0.115
 3     0.884    -0.114     0.453
 4   105.755    13.519   -15.390
 4     0.404    -0.665     0.629
 4     0.894     0.431    -0.118
 4    -0.193     0.610     0.768
 5   116.496    24.799    14.641
 5    -0.638    -0.231     0.734
 5    -0.475     0.869    -0.140
 5    -0.606    -0.438    -0.664
 6   136.075    21.116    -0.839
 6     0.686     0.726     0.054
 6    -0.461     0.492    -0.739
 6    -0.563     0.480     0.672
 7   104.540   -18.309    -7.209
 7     0.122     0.680     0.723
 7    -0.987     0.158     0.018
 7    -0.102    -0.716     0.690
 8   117.070   -39.772     4.754
 8     0.636    -0.293     0.714
 8    -0.769    -0.302     0.562
 8     0.051    -0.907    -0.417
 9   137.967   -30.741    -6.604
 9     0.646    -0.760    -0.085
 9     0.679     0.522     0.513
 9    -0.347    -0.387     0.854
 2    97.619   -19.428    59.070
 2     0.687    -0.727     0.003
 2     0.726     0.686     0.029
 2    -0.022    -0.019     0.999
 3   125.560    -1.294    -1.003
 3     0.404    -0.158    -0.901
 3     0.186     0.978    -0.087
 3     0.895    -0.133     0.424
 4   107.089    13.216   -15.676
 4     0.439    -0.680     0.588
 4     0.880     0.456    -0.129
 4    -0.181     0.574     0.798
 5   115.698    25.226    14.311
 5    -0.585    -0.076     0.808
 5    -0.458     0.852    -0.251
 5    -0.669    -0.517    -0.533
 6   136.418    16.821     2.915
 6     0.690     0.724     0.024
 6    -0.622     0.609    -0.492
 6    -0.370     0.324     0.870
 7   105.108   -18.844    -7.560
 7     0.157     0.669     0.726
 7    -0.980     0.198     0.028
 7    -0.126    -0.716     0.686
 8   119.240   -40.435     1.706
 8     0.708    -0.160     0.689
 8    -0.706    -0.191     0.681
 8     0.023    -0.969    -0.248
 9   139.374   -24.553    -3.925
 9     0.554    -0.832     0.023
 9     0.832     0.554     0.016
 9    -0.026     0.010     0.999
 2    97.619   -19.428    59.070
 2     0.687    -0.727     0.003
 2     0.726     0.686     0.029
 2    -0.022    -0.018     0.999
 3   125.810    -1.751    -0.431
 3     0.377    -0.128    -0.918
 3     0.189     0.980    -0.058
 3     0.906    -0.152     0.393
 4   108.551    12.968   -15.924
 4     0.472    -0.689     0.550
 4     0.865     0.479    -0.142
 4    -0.166     0.543     0.822
 5   115.734    25.556    13.929
 5    -0.536     0.020     0.844
 5    -0.460     0.832    -0.310
 5    -0.708    -0.554    -0.437
 6   136.870    14.575     5.278
 6     0.663     0.749    -0.029
 6    -0.715     0.620    -0.321
 6    -0.223     0.233     0.946
 7   105.683   -18.889    -8.599
 7     0.158     0.676     0.720
 7    -0.971     0.238    -0.011
 7    -0.179    -0.697     0.694
 8   121.391   -40.113    -0.611
 8     0.769    -0.026     0.639
 8    -0.637    -0.106     0.763
 8     0.048    -0.994    -0.098
 9   139.672   -20.234    -0.327
 9     0.438    -0.886     0.156
 9     0.879     0.386    -0.277
 9     0.186     0.257     0.948
 2    97.619   -19.428    59.070
 2     0.687    -0.727     0.003
 2     0.726     0.686     0.029
 2    -0.022    -0.019     0.999
 3   126.151    -2.219     0.022
 3     0.361    -0.058    -0.931
 3     0.187     0.982     0.012
 3     0.913    -0.178     0.365
 4   110.556    12.549   -16.571
 4     0.525    -0.668     0.528
 4     0.835     0.524    -0.167
 4    -0.165     0.528     0.832
 5   116.661    26.301    12.302
 5    -0.498     0.144     0.856
 5    -0.475     0.781    -0.406
 5    -0.726    -0.608    -0.320
 6   136.902    12.514     6.308
 6     0.588     0.807    -0.051
 6    -0.802     0.574    -0.163
 6    -0.103     0.136     0.985
 7   106.329   -18.953    -9.841
 7     0.157     0.660     0.735
 7    -0.960     0.275    -0.042
 7    -0.229    -0.699     0.677
 8   124.141   -39.070    -1.767
 8     0.831     0.098     0.547
 8    -0.546    -0.036     0.837
 8     0.101    -0.995     0.023
 9   138.519   -16.803     2.262
 9     0.282    -0.893     0.352
 9     0.914     0.139    -0.378
 9     0.289     0.428     0.856
 2    97.619   -19.428    59.070
 2     0.687    -0.727     0.003
 2     0.726     0.686     0.029
 2    -0.022    -0.019     0.999
 3   126.484    -2.748     0.201
 3     0.358    -0.001    -0.934
 3     0.185     0.980     0.069
 3     0.915    -0.198     0.351
 4   111.768    11.837   -17.090
 4     0.536    -0.672     0.511
 4     0.827     0.537    -0.161
 4    -0.166     0.509     0.844
 5   116.267    26.708    11.076
 5    -0.448     0.199     0.872
 5    -0.509     0.746    -0.429
 5    -0.735    -0.635    -0.233
 6   136.393    12.216     7.519
 6     0.573     0.810    -0.127
 6    -0.819     0.562    -0.115
 6    -0.022     0.169     0.985
 7   106.610   -19.011   -10.266
 7     0.154     0.635     0.757
 7    -0.957     0.285    -0.045
 7    -0.245    -0.718     0.652
 8   125.387   -38.518    -2.181
 8     0.857     0.127     0.499
 8    -0.502    -0.007     0.865
 8     0.113    -0.992     0.057
 9   137.856   -15.349     2.172
 9     0.208    -0.882     0.423
 9     0.930     0.045    -0.364
 9     0.302     0.469     0.830
 2    97.619   -19.428    59.121
 2     0.687    -0.727     0.003
 2     0.726     0.686     0.029
 2    -0.022    -0.019     0.999
 3   126.557    -2.851     0.211
 3     0.360     0.010    -0.933
 3     0.187     0.979     0.083
 3     0.914    -0.204     0.351
 4   112.035    11.870   -17.056
 4     0.534    -0.680     0.504
 4     0.830     0.533    -0.160
 4    -0.159     0.503     0.849
 5   115.845    26.889    10.971
 5    -0.429     0.185     0.885
 5    -0.520     0.751    -0.407
 5    -0.739    -0.634    -0.226
 6   135.848    12.555     6.910
 6     0.560     0.818    -0.131
 6    -0.828     0.547    -0.124
 6    -0.030     0.177     0.983
 7   106.259   -18.616   -10.230
 7     0.137     0.624     0.769
 7    -0.958     0.280    -0.058
 7    -0.252    -0.729     0.636
 8   125.221   -38.242    -2.391
 8     0.861     0.121     0.493
 8    -0.496    -0.003     0.868
 8     0.106    -0.993     0.057
 9   137.382   -14.900     2.199
 9     0.202    -0.882     0.426
 9     0.934     0.043    -0.353
 9     0.293     0.468     0.833
 2    97.619   -19.428    59.121
 2     0.687    -0.727     0.003
 2     0.726     0.686     0.029
 2    -0.022    -0.019     0.999
 3   126.481    -2.801     0.160
 3     0.360     0.008    -0.933
 3     0.186     0.979     0.080
 3     0.914    -0.202     0.351
 4   111.957    12.094   -16.879
 4     0.542    -0.669     0.510
 4     0.825     0.538    -0.171
 4    -0.160     0.513     0.843
 5   116.326    26.895    11.200
 5    -0.444     0.175     0.879
 5    -0.513     0.755    -0.408
 5    -0.735    -0.632    -0.245
 6   136.536    12.460     6.953
 6     0.569     0.805    -0.170
 6    -0.822     0.550    -0.147
 6    -0.026     0.223     0.974
 7   105.600   -18.242    -9.949
 7     0.095     0.635     0.767
 7    -0.967     0.242    -0.082
 7    -0.237    -0.734     0.636
 8   124.065   -37.822    -0.699
 8     0.846     0.176     0.503
 8    -0.505    -0.037     0.862
 8     0.170    -0.984     0.057
 9   136.372   -14.570     4.585
 9     0.220    -0.903     0.370
 9     0.935     0.086    -0.343
 9     0.278     0.421     0.863
 2    97.619   -19.428    59.070
 2     0.687    -0.727     0.003
 2     0.726     0.686     0.029
 2    -0.022    -0.019     0.999
 3   126.386    -2.723     0.151
 3     0.358     0.003    -0.934
 3     0.186     0.979     0.074
 3     0.915    -0.201     0.350
 4   111.857    12.544   -16.806
 4     0.559    -0.650     0.516
 4     0.813     0.549    -0.189
 4    -0.160     0.525     0.835
 5   116.925    27.072    11.489
 5    -0.462     0.181     0.869
 5    -0.500     0.756    -0.422
 5    -0.732    -0.629    -0.259
 6   136.816    12.204     7.098
 6     0.560     0.808    -0.183
 6    -0.828     0.540    -0.149
 6    -0.023     0.233     0.972
 7   105.184   -18.076    -9.305
 7     0.079     0.639     0.764
 7    -0.974     0.213    -0.077
 7    -0.212    -0.739     0.640
 8   123.219   -37.690     1.076
 8     0.824     0.217     0.523
 8    -0.520    -0.076     0.850
 8     0.224    -0.973     0.050
 9   135.976   -15.047     6.638
 9     0.256    -0.910     0.328
 9     0.928     0.137    -0.344
 9     0.269     0.392     0.880
];