2 	  33.17	  -8.26	  22.83
	  0.824	  0.566	 -0.020
	 -0.568	  0.822	 -0.049
	 -0.010	  0.051	  0.998

3 	  45.12	  -2.00	  -0.04
	  0.507	  0.383	  0.771
	 -0.237	  0.922	 -0.305
	 -0.829	 -0.027	  0.558

4 	  41.40	   6.66	  -4.73
	  0.747	  0.647	  0.151
	 -0.500	  0.395	  0.770
	  0.440	 -0.651	  0.618

5 	  46.11	  10.60	   4.04
	  0.473	  0.642	  0.603
	 -0.072	 -0.655	  0.751
	  0.878	 -0.398	 -0.264

6 	  53.93	   9.47	  -0.93
	  0.772	 -0.373	 -0.514
	  0.614	  0.643	  0.456
	  0.161	 -0.668	  0.726

7 	  38.41	  -8.12	  -3.71
	  0.625	 -0.777	  0.078
	  0.586	  0.399	 -0.705
	  0.517	  0.486	  0.704

8 	  39.39	 -10.55	   8.02
	  0.305	 -0.205	  0.930
	  0.528	 -0.777	 -0.342
	  0.794	  0.594	 -0.128

9 	  49.17	  -8.96	  10.60
	  0.951	  0.302	  0.056
	 -0.137	  0.577	 -0.805
	 -0.277	  0.759	  0.588

2 	  33.17	  -8.26	  22.83
	  0.824	  0.566	 -0.019
	 -0.568	  0.821	 -0.049
	 -0.010	  0.051	  0.998

3 	  45.07	  -1.99	   0.04
	  0.503	  0.384	  0.774
	 -0.234	  0.922	 -0.307
	 -0.833	 -0.026	  0.552

4 	  41.40	   6.66	  -4.73
	  0.747	  0.647	  0.150
	 -0.499	  0.396	  0.770
	  0.441	 -0.651	  0.618

5 	  46.09	  10.60	   4.04
	  0.473	  0.642	  0.603
	 -0.073	 -0.655	  0.752
	  0.878	 -0.398	 -0.263

6 	  53.93	   9.47	  -0.93
	  0.772	 -0.373	 -0.514
	  0.614	  0.644	  0.455
	  0.162	 -0.668	  0.726

7 	  38.39	  -8.09	  -3.69
	  0.624	 -0.777	  0.079
	  0.589	  0.401	 -0.702
	  0.515	  0.484	  0.707

8 	  39.38	 -10.53	   8.02
	  0.307	 -0.204	  0.930
	  0.527	 -0.777	 -0.343
	  0.794	  0.594	 -0.130

9 	  49.15	  -8.98	  10.60
	  0.952	  0.301	  0.055
	 -0.136	  0.577	 -0.805
	 -0.275	  0.760	  0.588

2 	  33.17	  -8.26	  22.83
	  0.824	  0.566	 -0.020
	 -0.568	  0.821	 -0.049
	 -0.010	  0.051	  0.998

3 	  45.05	  -1.97	   0.09
	  0.500	  0.383	  0.776
	 -0.232	  0.922	 -0.308
	 -0.835	 -0.025	  0.549

4 	  41.40	   6.68	  -4.73
	  0.747	  0.648	  0.148
	 -0.499	  0.398	  0.769
	  0.441	 -0.649	  0.620

5 	  46.09	  10.60	   4.04
	  0.472	  0.643	  0.603
	 -0.073	 -0.655	  0.752
	  0.879	 -0.398	 -0.263

6 	  53.93	   9.47	  -0.93
	  0.773	 -0.372	 -0.514
	  0.614	  0.644	  0.456
	  0.162	 -0.668	  0.726

7 	  38.36	  -8.07	  -3.67
	  0.621	 -0.780	  0.079
	  0.591	  0.400	 -0.701
	  0.515	  0.482	  0.709

8 	  39.36	 -10.51	   8.03
	  0.308	 -0.205	  0.929
	  0.525	 -0.778	 -0.344
	  0.794	  0.593	 -0.131

9 	  49.13	  -8.98	  10.58
	  0.953	  0.298	  0.052
	 -0.137	  0.576	 -0.806
	 -0.272	  0.762	  0.587

2 	  33.17	  -8.26	  22.83
	  0.824	  0.566	 -0.020
	 -0.568	  0.822	 -0.049
	 -0.010	  0.051	  0.998

3 	  45.02	  -1.97	   0.11
	  0.498	  0.384	  0.777
	 -0.231	  0.922	 -0.310
	 -0.837	 -0.025	  0.547

4 	  41.40	   6.66	  -4.73
	  0.748	  0.647	  0.147
	 -0.499	  0.399	  0.769
	  0.440	 -0.649	  0.620

5 	  46.09	  10.60	   4.04
	  0.472	  0.643	  0.603
	 -0.073	 -0.654	  0.752
	  0.879	 -0.398	 -0.262

6 	  53.93	   9.46	  -0.93
	  0.773	 -0.370	 -0.514
	  0.612	  0.647	  0.454
	  0.166	 -0.666	  0.727

7 	  38.36	  -8.07	  -3.67
	  0.621	 -0.779	  0.079
	  0.592	  0.400	 -0.700
	  0.515	  0.482	  0.709

8 	  39.36	 -10.51	   8.03
	  0.309	 -0.205	  0.929
	  0.526	 -0.778	 -0.344
	  0.794	  0.594	 -0.132

9 	  49.13	  -8.98	  10.58
	  0.953	  0.297	  0.052
	 -0.136	  0.575	 -0.807
	 -0.271	  0.763	  0.587

2 	  33.17	  -8.26	  22.83
	  0.824	  0.566	 -0.020
	 -0.568	  0.822	 -0.049
	 -0.010	  0.051	  0.998

3 	  45.02	  -1.97	   0.12
	  0.497	  0.384	  0.777
	 -0.230	  0.922	 -0.311
	 -0.837	 -0.024	  0.546

4 	  41.41	   6.66	  -4.73
	  0.747	  0.648	  0.146
	 -0.499	  0.400	  0.769
	  0.441	 -0.647	  0.621

5 	  46.11	  10.60	   4.04
	  0.470	  0.644	  0.603
	 -0.074	 -0.653	  0.753
	  0.880	 -0.398	 -0.260

6 	  53.96	   9.58	  -0.97
	  0.772	 -0.374	 -0.514
	  0.620	  0.619	  0.482
	  0.138	 -0.691	  0.709

7 	  38.37	  -8.09	  -3.67
	  0.621	 -0.779	  0.080
	  0.592	  0.400	 -0.700
	  0.514	  0.482	  0.709

8 	  39.38	 -10.53	   8.05
	  0.309	 -0.204	  0.929
	  0.528	 -0.776	 -0.344
	  0.792	  0.595	 -0.132

9 	  49.13	  -8.98	  10.58
	  0.953	  0.297	  0.052
	 -0.136	  0.575	 -0.807
	 -0.271	  0.763	  0.586

2 	  33.17	  -8.26	  22.83
	  0.824	  0.566	 -0.020
	 -0.568	  0.822	 -0.049
	 -0.010	  0.051	  0.998

3 	  45.02	  -1.99	   0.11
	  0.500	  0.383	  0.776
	 -0.229	  0.923	 -0.310
	 -0.836	 -0.022	  0.549

4 	  41.41	   6.66	  -4.73
	  0.747	  0.648	  0.147
	 -0.499	  0.399	  0.769
	  0.441	 -0.648	  0.620

5 	  46.11	  10.60	   4.04
	  0.469	  0.645	  0.603
	 -0.075	 -0.653	  0.753
	  0.880	 -0.398	 -0.258

6 	  53.96	   9.54	  -0.97
	  0.772	 -0.374	 -0.514
	  0.620	  0.620	  0.481
	  0.139	 -0.690	  0.710

7 	  38.36	  -8.10	  -3.69
	  0.624	 -0.777	  0.079
	  0.589	  0.401	 -0.702
	  0.515	  0.484	  0.707

8 	  39.39	 -10.53	   8.02
	  0.309	 -0.204	  0.929
	  0.529	 -0.776	 -0.345
	  0.792	  0.597	 -0.131

9 	  49.17	  -8.98	  10.58
	  0.953	  0.298	  0.054
	 -0.135	  0.575	 -0.807
	 -0.273	  0.763	  0.586

2 	  33.17	  -8.26	  22.83
	  0.824	  0.566	 -0.020
	 -0.568	  0.821	 -0.049
	 -0.010	  0.051	  0.998

3 	  45.07	  -2.00	   0.05
	  0.503	  0.381	  0.775
	 -0.228	  0.923	 -0.308
	 -0.834	 -0.021	  0.551

4 	  41.41	   6.66	  -4.73
	  0.748	  0.647	  0.147
	 -0.498	  0.398	  0.770
	  0.441	 -0.650	  0.619

5 	  46.11	  10.60	   4.03
	  0.469	  0.645	  0.604
	 -0.075	 -0.653	  0.753
	  0.880	 -0.397	 -0.258

6 	  53.93	   9.46	  -0.91
	  0.776	 -0.370	 -0.512
	  0.610	  0.648	  0.456
	  0.164	 -0.666	  0.728

7 	  38.41	  -8.10	  -3.71
	  0.626	 -0.776	  0.080
	  0.588	  0.401	 -0.702
	  0.514	  0.486	  0.707

8 	  39.41	 -10.53	   8.00
	  0.305	 -0.203	  0.930
	  0.528	 -0.777	 -0.342
	  0.793	  0.595	 -0.129

9 	  49.15	  -8.98	  10.60
	  0.953	  0.297	  0.057
	 -0.132	  0.574	 -0.808
	 -0.274	  0.764	  0.584

