% Calibrated with leiden_pols
% Positions are in centimeters
Data =[
 2    99.184   -21.962    59.175
 2     0.556    -0.832     0.000
 2     0.830     0.554     0.057
 2    -0.047    -0.032     0.998
 3   111.379    -3.700     2.420
 3     0.412    -0.239     0.879
 3    -0.085     0.951     0.298
 3    -0.907    -0.197     0.372
 4   121.974    10.009    -8.093
 4     0.530    -0.804     0.273
 4     0.844     0.527    -0.087
 4    -0.073     0.275     0.958
 5   141.480    29.076    18.586
 5     0.801    -0.010    -0.601
 5    -0.196     0.939    -0.283
 5     0.566     0.343     0.748
 6   117.692    27.103    15.204
 6    -0.436     0.071     0.897
 6    -0.717     0.576    -0.393
 6    -0.544    -0.815    -0.201
 7   121.355   -15.712    -7.836
 7     0.709     0.673     0.210
 7    -0.639     0.739    -0.213
 7    -0.298     0.017     0.954
 8   141.624   -30.245    15.414
 8     0.940    -0.243    -0.241
 8     0.312     0.891     0.329
 8     0.134    -0.383     0.913
 9   115.187   -32.705    14.570
 9    -0.454    -0.202     0.869
 9     0.640     0.605     0.473
 9    -0.620     0.770    -0.146
 2    99.185   -21.961    59.201
 2     0.556    -0.832    -0.001
 2     0.830     0.554     0.057
 2    -0.047    -0.034     0.998
 3   111.281    -3.701     2.473
 3     0.412    -0.240     0.879
 3    -0.086     0.950     0.299
 3    -0.907    -0.198     0.371
 4   121.973    10.009    -8.068
 4     0.531    -0.803     0.274
 4     0.844     0.528    -0.088
 4    -0.073     0.277     0.957
 5   141.522    29.114    18.541
 5     0.814    -0.021    -0.581
 5    -0.190     0.933    -0.307
 5     0.548     0.359     0.754
 6   117.810    26.881    15.511
 6    -0.440     0.053     0.896
 6    -0.715     0.584    -0.384
 6    -0.543    -0.810    -0.220
 7   121.292   -15.709    -7.768
 7     0.708     0.675     0.211
 7    -0.643     0.738    -0.206
 7    -0.294     0.011     0.955
 8   141.581   -30.319    15.384
 8     0.948    -0.236    -0.217
 8     0.298     0.890     0.345
 8     0.111    -0.390     0.913
 9   115.047   -32.422    15.013
 9    -0.459    -0.182     0.870
 9     0.635     0.617     0.463
 9    -0.621     0.765    -0.168
 2    99.184   -21.962    59.175
 2     0.556    -0.832     0.000
 2     0.830     0.554     0.057
 2    -0.047    -0.032     0.998
 3   111.107    -3.703     2.561
 3     0.409    -0.244     0.879
 3    -0.087     0.949     0.303
 3    -0.908    -0.200     0.367
 4   121.853    10.061    -7.978
 4     0.534    -0.799     0.279
 4     0.843     0.528    -0.097
 4    -0.070     0.286     0.955
 5   141.747    29.030    18.243
 5     0.842    -0.029    -0.540
 5    -0.186     0.920    -0.345
 5     0.506     0.389     0.768
 6   117.854    26.592    16.221
 6    -0.453     0.014     0.892
 6    -0.711     0.598    -0.370
 6    -0.538    -0.802    -0.261
 7   121.042   -15.756    -7.503
 7     0.702     0.682     0.210
 7    -0.652     0.731    -0.196
 7    -0.286     0.001     0.958
 8   141.311   -30.873    15.006
 8     0.965    -0.222    -0.137
 8     0.258     0.885     0.388
 8     0.035    -0.409     0.911
 9   114.987   -32.019    15.885
 9    -0.474    -0.127     0.872
 9     0.631     0.641     0.435
 9    -0.614     0.756    -0.224
 2    99.184   -21.961    59.201
 2     0.555    -0.832    -0.000
 2     0.830     0.553     0.057
 2    -0.047    -0.033     0.998
 3   111.034    -3.705     2.675
 3     0.407    -0.250     0.879
 3    -0.088     0.947     0.309
 3    -0.909    -0.203     0.363
 4   121.637    10.118    -7.871
 4     0.530    -0.800     0.282
 4     0.845     0.523    -0.104
 4    -0.064     0.293     0.953
 5   141.840    29.519    17.309
 5     0.913    -0.065    -0.403
 5    -0.153     0.860    -0.490
 5     0.378     0.506     0.773
 6   118.331    25.883    17.641
 6    -0.479    -0.084     0.874
 6    -0.711     0.621    -0.330
 6    -0.515    -0.779    -0.357
 7   120.862   -15.977    -7.178
 7     0.692     0.692     0.206
 7    -0.669     0.721    -0.178
 7    -0.271    -0.015     0.962
 8   140.897   -31.643    13.745
 8     0.973    -0.231     0.013
 8     0.201     0.873     0.443
 8    -0.113    -0.430     0.896
 9   115.287   -31.335    17.101
 9    -0.506    -0.041     0.862
 9     0.623     0.673     0.397
 9    -0.596     0.738    -0.315
 2    99.184   -21.961    59.201
 2     0.555    -0.832    -0.000
 2     0.830     0.553     0.057
 2    -0.047    -0.033     0.998
 3   110.868    -3.789     2.830
 3     0.399    -0.260     0.879
 3    -0.085     0.944     0.317
 3    -0.913    -0.201     0.355
 4   121.475    10.202    -7.542
 4     0.526    -0.801     0.286
 4     0.848     0.516    -0.114
 4    -0.056     0.302     0.951
 5   141.846    30.207    15.521
 5     0.971    -0.045    -0.234
 5    -0.107     0.793    -0.601
 5     0.212     0.607     0.764
 6   118.834    25.543    18.461
 6    -0.505    -0.183     0.844
 6    -0.720     0.627    -0.295
 6    -0.475    -0.757    -0.448
 7   120.847   -16.106    -7.051
 7     0.685     0.698     0.208
 7    -0.677     0.715    -0.173
 7    -0.269    -0.021     0.963
 8   140.401   -32.531    11.951
 8     0.957    -0.249     0.152
 8     0.153     0.873     0.461
 8    -0.246    -0.419     0.874
 9   115.654   -30.929    17.557
 9    -0.531     0.022     0.847
 9     0.627     0.682     0.374
 9    -0.570     0.730    -0.376
 2    99.184   -21.961    59.201
 2     0.555    -0.832    -0.000
 2     0.830     0.553     0.057
 2    -0.047    -0.033     0.998
 3   110.840    -3.843     2.924
 3     0.394    -0.267     0.880
 3    -0.085     0.942     0.323
 3    -0.915    -0.202     0.348
 4   121.298    10.154    -7.446
 4     0.519    -0.804     0.291
 4     0.853     0.508    -0.115
 4    -0.055     0.307     0.949
 5   141.358    31.136    13.937
 5     0.994    -0.019    -0.110
 5    -0.060     0.736    -0.675
 5     0.093     0.676     0.730
 6   119.219    25.490    18.754
 6    -0.520    -0.246     0.819
 6    -0.732     0.620    -0.279
 6    -0.440    -0.745    -0.501
 7   120.627   -16.209    -6.994
 7     0.681     0.702     0.213
 7    -0.682     0.712    -0.168
 7    -0.269    -0.030     0.962
 8   139.536   -33.331    10.095
 8     0.916    -0.273     0.297
 8     0.104     0.870     0.478
 8    -0.387    -0.409     0.826
 9   116.365   -30.584    17.931
 9    -0.564     0.091     0.821
 9     0.629     0.691     0.355
 9    -0.535     0.717    -0.446
 2    99.187   -21.961    59.198
 2     0.556    -0.832    -0.000
 2     0.830     0.554     0.057
 2    -0.046    -0.033     0.998
 3   110.789    -3.897     2.995
 3     0.388    -0.276     0.879
 3    -0.085     0.939     0.332
 3    -0.917    -0.204     0.341
 4   121.225    10.131    -7.429
 4     0.517    -0.805     0.294
 4     0.854     0.505    -0.118
 4    -0.053     0.312     0.948
 5   141.196    31.102    12.371
 5     0.998     0.043    -0.034
 5    -0.055     0.708    -0.705
 5    -0.007     0.705     0.708
 6   119.656    25.499    18.788
 6    -0.538    -0.282     0.795
 6    -0.737     0.614    -0.281
 6    -0.410    -0.737    -0.537
 7   120.627   -16.238    -6.984
 7     0.677     0.704     0.218
 7    -0.684     0.709    -0.167
 7    -0.271    -0.036     0.961
 8   138.951   -34.265     8.905
 8     0.881    -0.270     0.392
 8     0.046     0.869     0.489
 8    -0.471    -0.414     0.779
 9   116.813   -30.291    18.037
 9    -0.576     0.137     0.806
 9     0.637     0.692     0.337
 9    -0.512     0.708    -0.486
 2    99.184   -21.962    59.175
 2     0.556    -0.832     0.000
 2     0.830     0.554     0.057
 2    -0.047    -0.032     0.998
 3   110.837    -3.929     3.015
 3     0.385    -0.279     0.880
 3    -0.088     0.938     0.336
 3    -0.919    -0.206     0.337
 4   121.225    10.132    -7.433
 4     0.516    -0.804     0.297
 4     0.855     0.503    -0.120
 4    -0.052     0.316     0.947
 5   141.081    31.531    11.417
 5     0.996     0.080     0.021
 5    -0.039     0.681    -0.732
 5    -0.073     0.728     0.681
