% Calibrated with leiden_pols
% Positions are in centimeters
Data =[
 2    99.184   -21.962    59.175
 2     0.556    -0.832     0.000
 2     0.830     0.554     0.057
 2    -0.047    -0.032     0.998
 3   111.379    -3.700     2.420
 3     0.412    -0.239     0.879
 3    -0.085     0.951     0.298
 3    -0.907    -0.197     0.372
 4   121.974    10.009    -8.093
 4     0.530    -0.804     0.273
 4     0.844     0.527    -0.087
 4    -0.073     0.275     0.958
 5   141.480    29.076    18.586
 5     0.801    -0.010    -0.601
 5    -0.196     0.939    -0.283
 5     0.566     0.343     0.748
 6   117.692    27.103    15.204
 6    -0.436     0.071     0.897
 6    -0.717     0.576    -0.393
 6    -0.544    -0.815    -0.201
 7   121.355   -15.712    -7.836
 7     0.709     0.673     0.210
 7    -0.639     0.739    -0.213
 7    -0.298     0.017     0.954
 8   141.624   -30.245    15.414
 8     0.940    -0.243    -0.241
 8     0.312     0.891     0.329
 8     0.134    -0.383     0.913
 9   115.187   -32.705    14.570
 9    -0.454    -0.202     0.869
 9     0.640     0.605     0.473
 9    -0.620     0.770    -0.146
 2    99.185   -21.961    59.201
 2     0.556    -0.832    -0.001
 2     0.830     0.554     0.057
 2    -0.047    -0.034     0.998
 3   111.281    -3.701     2.473
 3     0.412    -0.240     0.879
 3    -0.086     0.950     0.299
 3    -0.907    -0.198     0.371
 4   121.973    10.009    -8.068
 4     0.531    -0.803     0.274
 4     0.844     0.528    -0.088
 4    -0.073     0.277     0.957
 5   141.522    29.114    18.541
 5     0.814    -0.021    -0.581
 5    -0.190     0.933    -0.307
 5     0.548     0.359     0.754
 6   117.810    26.881    15.511
 6    -0.440     0.053     0.896
 6    -0.715     0.584    -0.384
 6    -0.543    -0.810    -0.220
 7   121.292   -15.709    -7.768
 7     0.708     0.675     0.211
 7    -0.643     0.738    -0.206
 7    -0.294     0.011     0.955
 8   141.581   -30.319    15.384
 8     0.948    -0.236    -0.217
 8     0.298     0.890     0.345
 8     0.111    -0.390     0.913
 9   115.047   -32.422    15.013
 9    -0.459    -0.182     0.870
 9     0.635     0.617     0.463
 9    -0.621     0.765    -0.168
 2    99.184   -21.962    59.175
 2     0.556    -0.832     0.000
 2     0.830     0.554     0.057
 2    -0.047    -0.032     0.998
 3   111.107    -3.703     2.561
 3     0.409    -0.244     0.879
 3    -0.087     0.949     0.303
 3    -0.908    -0.200     0.367
 4   121.853    10.061    -7.978
 4     0.534    -0.799     0.279
 4     0.843     0.528    -0.097
 4    -0.070     0.286     0.955
 5   141.747    29.030    18.243
 5     0.842    -0.029    -0.540
 5    -0.186     0.920    -0.345
 5     0.506     0.389     0.768
 6   117.854    26.592    16.221
 6    -0.453     0.014     0.892
 6    -0.711     0.598    -0.370
 6    -0.538    -0.802    -0.261
 7   121.042   -15.756    -7.503
 7     0.702     0.682     0.210
 7    -0.652     0.731    -0.196
 7    -0.286     0.001     0.958
 8   141.311   -30.873    15.006
 8     0.965    -0.222    -0.137
 8     0.258     0.885     0.388
 8     0.035    -0.409     0.911
 9   114.987   -32.019    15.885
 9    -0.474    -0.127     0.872
 9     0.631     0.641     0.435
 9    -0.614     0.756    -0.224
 2    99.184   -21.961    59.201
 2     0.555    -0.832    -0.000
 2     0.830     0.553     0.057
 2    -0.047    -0.033     0.998
 3   111.034    -3.705     2.675
 3     0.407    -0.250     0.879
 3    -0.088     0.947     0.309
 3    -0.909    -0.203     0.363
 4   121.637    10.118    -7.871
 4     0.530    -0.800     0.282
 4     0.845     0.523    -0.104
 4    -0.064     0.293     0.953
 5   141.840    29.519    17.309
 5     0.913    -0.065    -0.403
 5    -0.153     0.860    -0.490
 5     0.378     0.506     0.773
 6   118.331    25.883    17.641
 6    -0.479    -0.084     0.874
 6    -0.711     0.621    -0.330
 6    -0.515    -0.779    -0.357
 7   120.862   -15.977    -7.178
 7     0.692     0.692     0.206
 7    -0.669     0.721    -0.178
 7    -0.271    -0.015     0.962
 8   140.897   -31.643    13.745
 8     0.973    -0.231     0.013
 8     0.201     0.873     0.443
 8    -0.113    -0.430     0.896
 9   115.287   -31.335    17.101
 9    -0.506    -0.041     0.862
 9     0.623     0.673     0.397
 9    -0.596     0.738    -0.315
 2    99.184   -21.961    59.201
 2     0.555    -0.832    -0.000
 2     0.830     0.553     0.057
 2    -0.047    -0.033     0.998
 3   110.868    -3.789     2.830
 3     0.399    -0.260     0.879
 3    -0.085     0.944     0.317
 3    -0.913    -0.201     0.355
 4   121.475    10.202    -7.542
 4     0.526    -0.801     0.286
 4     0.848     0.516    -0.114
 4    -0.056     0.302     0.951
 5   141.846    30.207    15.521
 5     0.971    -0.045    -0.234
 5    -0.107     0.793    -0.601
 5     0.212     0.607     0.764
 6   118.834    25.543    18.461
 6    -0.505    -0.183     0.844
 6    -0.720     0.627    -0.295
 6    -0.475    -0.757    -0.448
 7   120.847   -16.106    -7.051
 7     0.685     0.698     0.208
 7    -0.677     0.715    -0.173
 7    -0.269    -0.021     0.963
 8   140.401   -32.531    11.951
 8     0.957    -0.249     0.152
 8     0.153     0.873     0.461
 8    -0.246    -0.419     0.874
 9   115.654   -30.929    17.557
 9    -0.531     0.022     0.847
 9     0.627     0.682     0.374
 9    -0.570     0.730    -0.376
 2    99.184   -21.961    59.201
 2     0.555    -0.832    -0.000
 2     0.830     0.553     0.057
 2    -0.047    -0.033     0.998
 3   110.840    -3.843     2.924
 3     0.394    -0.267     0.880
 3    -0.085     0.942     0.323
 3    -0.915    -0.202     0.348
 4   121.298    10.154    -7.446
 4     0.519    -0.804     0.291
 4     0.853     0.508    -0.115
 4    -0.055     0.307     0.949
 5   141.358    31.136    13.937
 5     0.994    -0.019    -0.110
 5    -0.060     0.736    -0.675
 5     0.093     0.676     0.730
 6   119.219    25.490    18.754
 6    -0.520    -0.246     0.819
 6    -0.732     0.620    -0.279
 6    -0.440    -0.745    -0.501
 7   120.627   -16.209    -6.994
 7     0.681     0.702     0.213
 7    -0.682     0.712    -0.168
 7    -0.269    -0.030     0.962
 8   139.536   -33.331    10.095
 8     0.916    -0.273     0.297
 8     0.104     0.870     0.478
 8    -0.387    -0.409     0.826
 9   116.365   -30.584    17.931
 9    -0.564     0.091     0.821
 9     0.629     0.691     0.355
 9    -0.535     0.717    -0.446
 2    99.187   -21.961    59.198
 2     0.556    -0.832    -0.000
 2     0.830     0.554     0.057
 2    -0.046    -0.033     0.998
 3   110.789    -3.897     2.995
 3     0.388    -0.276     0.879
 3    -0.085     0.939     0.332
 3    -0.917    -0.204     0.341
 4   121.225    10.131    -7.429
 4     0.517    -0.805     0.294
 4     0.854     0.505    -0.118
 4    -0.053     0.312     0.948
 5   141.196    31.102    12.371
 5     0.998     0.043    -0.034
 5    -0.055     0.708    -0.705
 5    -0.007     0.705     0.708
 6   119.656    25.499    18.788
 6    -0.538    -0.282     0.795
 6    -0.737     0.614    -0.281
 6    -0.410    -0.737    -0.537
 7   120.627   -16.238    -6.984
 7     0.677     0.704     0.218
 7    -0.684     0.709    -0.167
 7    -0.271    -0.036     0.961
 8   138.951   -34.265     8.905
 8     0.881    -0.270     0.392
 8     0.046     0.869     0.489
 8    -0.471    -0.414     0.779
 9   116.813   -30.291    18.037
 9    -0.576     0.137     0.806
 9     0.637     0.692     0.337
 9    -0.512     0.708    -0.486
 2    99.184   -21.962    59.175
 2     0.556    -0.832     0.000
 2     0.830     0.554     0.057
 2    -0.047    -0.032     0.998
 3   110.837    -3.929     3.015
 3     0.385    -0.279     0.880
 3    -0.088     0.938     0.336
 3    -0.919    -0.206     0.337
 4   121.225    10.132    -7.433
 4     0.516    -0.804     0.297
 4     0.855     0.503    -0.120
 4    -0.052     0.316     0.947
 5   141.081    31.531    11.417
 5     0.996     0.080     0.021
 5    -0.039     0.681    -0.732
 5    -0.073     0.728     0.681
 6   120.197    25.554    18.812
 6    -0.546    -0.314     0.777
 6    -0.743     0.608    -0.277
 6    -0.386    -0.729    -0.564
 7   120.498   -16.295    -6.970
 7     0.670     0.709     0.221
 7    -0.690     0.703    -0.168
 7    -0.274    -0.039     0.960
 8   138.318   -35.001     8.453
 8     0.859    -0.264     0.442
 8     0.000     0.859     0.508
 8    -0.511    -0.438     0.739
 9   116.958   -30.097    18.145
 9    -0.581     0.160     0.799
 9     0.641     0.694     0.326
 9    -0.502     0.701    -0.505
 2    99.185   -21.962    59.175
 2     0.556    -0.832    -0.000
 2     0.830     0.554     0.057
 2    -0.047    -0.033     0.998
 3   110.841    -3.929     3.019
 3     0.383    -0.280     0.880
 3    -0.089     0.937     0.336
 3    -0.919    -0.207     0.334
 4   121.249    10.132    -7.385
 4     0.518    -0.802     0.302
 4     0.854     0.504    -0.125
 4    -0.052     0.322     0.945
 5   140.984    31.762    10.541
 5     0.991     0.116     0.066
 5    -0.026     0.652    -0.758
 5    -0.131     0.749     0.649
 6   120.676    25.626    18.884
 6    -0.556    -0.339     0.760
 6    -0.745     0.607    -0.276
 6    -0.368    -0.719    -0.588
 7   120.496   -16.349    -7.011
 7     0.666     0.712     0.224
 7    -0.693     0.700    -0.169
 7    -0.276    -0.042     0.960
 8   138.194   -35.276     7.949
 8     0.829    -0.298     0.476
 8    -0.020     0.831     0.552
 8    -0.558    -0.469     0.684
 9   117.429   -29.942    18.212
 9    -0.598     0.177     0.782
 9     0.635     0.698     0.328
 9    -0.488     0.693    -0.530
 2    99.185   -21.962    59.201
 2     0.556    -0.832    -0.001
 2     0.830     0.554     0.057
 2    -0.047    -0.033     0.998
 3   110.732    -3.936     3.095
 3     0.376    -0.284     0.882
 3    -0.089     0.936     0.339
 3    -0.922    -0.206     0.327
 4   121.117    10.132    -7.335
 4     0.513    -0.801     0.311
 4     0.856     0.500    -0.127
 4    -0.053     0.330     0.942
 5   140.568    32.497     9.884
 5     0.984     0.132     0.118
 5     0.016     0.600    -0.800
 5    -0.176     0.789     0.588
 6   120.818    25.520    19.066
 6    -0.557    -0.365     0.748
 6    -0.751     0.603    -0.266
 6    -0.354    -0.710    -0.608
 7   120.334   -16.306    -7.038
 7     0.662     0.712     0.232
 7    -0.693     0.700    -0.171
 7    -0.283    -0.047     0.958
 8   137.775   -36.057     7.438
 8     0.797    -0.334     0.507
 8    -0.073     0.776     0.623
 8    -0.599    -0.535     0.595
 9   117.770   -29.813    18.146
 9    -0.607     0.201     0.770
 9     0.641     0.696     0.323
 9    -0.470     0.689    -0.550
 2    99.185   -21.962    59.175
 2     0.556    -0.832    -0.000
 2     0.830     0.554     0.057
 2    -0.047    -0.033     0.998
 3   110.719    -3.914     3.106
 3     0.373    -0.287     0.883
 3    -0.086     0.936     0.340
 3    -0.924    -0.203     0.324
 4   121.041    10.135    -7.294
 4     0.509    -0.801     0.317
 4     0.859     0.494    -0.131
 4    -0.051     0.338     0.939
 5   140.280    32.883     9.633
 5     0.978     0.149     0.146
 5     0.037     0.567    -0.823
 5    -0.205     0.810     0.549
 6   120.950    25.485    19.157
 6    -0.559    -0.382     0.738
 6    -0.755     0.599    -0.263
 6    -0.343    -0.703    -0.622
 7   120.251   -16.234    -7.025
 7     0.661     0.713     0.235
 7    -0.693     0.699    -0.173
 7    -0.287    -0.048     0.956
 8   137.738   -36.236     7.037
 8     0.773    -0.376     0.516
 8    -0.085     0.740     0.664
 8    -0.629    -0.558     0.540
 9   118.154   -29.787    18.039
 9    -0.618     0.216     0.756
 9     0.641     0.693     0.327
 9    -0.454     0.687    -0.567
 2    99.185   -21.962    59.201
 2     0.556    -0.832    -0.001
 2     0.830     0.554     0.057
 2    -0.047    -0.033     0.998
 3   110.657    -3.998     3.181
 3     0.366    -0.292     0.884
 3    -0.085     0.935     0.343
 3    -0.927    -0.201     0.318
 4   120.848    10.082    -7.281
 4     0.501    -0.803     0.325
 4     0.863     0.488    -0.126
 4    -0.057     0.343     0.937
 5   139.918    32.532     8.414
 5     0.962     0.212     0.171
 5     0.017     0.581    -0.813
 5    -0.272     0.785     0.556
 6   121.131    25.607    18.987
 6    -0.568    -0.401     0.720
 6    -0.757     0.594    -0.268
 6    -0.321    -0.697    -0.640
 7   120.140   -16.315    -6.954
 7     0.659     0.712     0.243
 7    -0.692     0.700    -0.174
 7    -0.293    -0.053     0.954
 8   137.513   -36.465     6.247
 8     0.729    -0.435     0.534
 8    -0.086     0.710     0.695
 8    -0.679    -0.553     0.480
 9   118.833   -29.690    18.041
 9    -0.642     0.238     0.729
 9     0.637     0.693     0.335
 9    -0.426     0.680    -0.597
 2    99.185   -21.962    59.201
 2     0.556    -0.832    -0.000
 2     0.830     0.554     0.057
 2    -0.047    -0.033     0.998
 3   110.569    -4.108     3.281
 3     0.358    -0.295     0.886
 3    -0.084     0.935     0.345
 3    -0.930    -0.197     0.310
 4   120.699    10.085    -7.118
 4     0.498    -0.801     0.335
 4     0.866     0.481    -0.134
 4    -0.054     0.356     0.932
 5   139.604    31.999     7.502
 5     0.941     0.281     0.192
 5    -0.009     0.584    -0.811
 5    -0.339     0.761     0.553
 6   121.405    25.573    19.299
 6    -0.582    -0.417     0.700
 6    -0.754     0.598    -0.271
 6    -0.305    -0.684    -0.661
 7   120.013   -16.370    -6.894
 7     0.656     0.715     0.246
 7    -0.695     0.697    -0.174
 7    -0.295    -0.056     0.953
 8   137.153   -36.153     5.812
 8     0.689    -0.491     0.538
 8    -0.083     0.680     0.726
 8    -0.720    -0.545     0.427
 9   119.208   -29.536    18.163
 9    -0.659     0.250     0.710
 9     0.630     0.698     0.339
 9    -0.411     0.671    -0.616
 2    99.185   -21.962    59.201
 2     0.556    -0.832    -0.000
 2     0.830     0.554     0.057
 2    -0.047    -0.033     0.998
 3   110.456    -4.111     3.396
 3     0.352    -0.301     0.886
 3    -0.080     0.934     0.348
 3    -0.932    -0.193     0.304
 4   120.479    10.269    -7.059
 4     0.490    -0.803     0.340
 4     0.870     0.473    -0.138
 4    -0.049     0.363     0.930
 5   139.190    31.745     7.048
 5     0.924     0.324     0.203
 5    -0.026     0.583    -0.812
 5    -0.381     0.745     0.547
 6   121.423    25.656    19.489
 6    -0.586    -0.427     0.691
 6    -0.753     0.600    -0.268
 6    -0.300    -0.676    -0.671
 7   119.933   -16.322    -6.888
 7     0.654     0.716     0.246
 7    -0.695     0.696    -0.177
 7    -0.297    -0.054     0.953
 8   136.904   -36.003     5.313
 8     0.666    -0.516     0.544
 8    -0.069     0.679     0.728
 8    -0.743    -0.522     0.416
 9   119.460   -29.519    18.075
 9    -0.665     0.256     0.702
 9     0.631     0.695     0.344
 9    -0.399     0.672    -0.624
 2    99.185   -21.962    59.175
 2     0.556    -0.832    -0.000
 2     0.830     0.554     0.057
 2    -0.047    -0.033     0.998
 3   110.396    -4.018     3.541
 3     0.345    -0.306     0.887
 3    -0.072     0.934     0.349
 3    -0.936    -0.184     0.301
 4   120.285    10.505    -6.852
 4     0.482    -0.805     0.347
 4     0.875     0.461    -0.144
 4    -0.043     0.372     0.927
 5   138.631    31.601     6.735
 5     0.907     0.357     0.223
 5    -0.032     0.585    -0.810
 5    -0.419     0.728     0.543
 6   121.297    25.641    20.010
 6    -0.589    -0.443     0.678
 6    -0.752     0.604    -0.259
 6    -0.295    -0.662    -0.688
 7   119.744   -16.252    -6.794
 7     0.652     0.717     0.248
 7    -0.694     0.695    -0.184
 7    -0.303    -0.052     0.951
 8   136.468   -35.581     4.803
 8     0.632    -0.558     0.543
 8    -0.054     0.663     0.744
 8    -0.773    -0.499     0.387
 9   119.619   -29.366    18.070
 9    -0.679     0.266     0.685
 9     0.627     0.694     0.352
 9    -0.382     0.668    -0.638
 2    99.184   -21.961    59.175
 2     0.555    -0.832    -0.000
 2     0.830     0.553     0.057
 2    -0.047    -0.033     0.998
 3   110.143    -3.898     3.681
 3     0.339    -0.309     0.889
 3    -0.065     0.935     0.349
 3    -0.939    -0.176     0.297
 4   120.023    10.690    -6.650
 4     0.478    -0.806     0.352
 4     0.878     0.453    -0.153
 4    -0.035     0.381     0.923
 5   138.181    31.394     6.759
 5     0.896     0.380     0.229
 5    -0.041     0.583    -0.810
 5    -0.442     0.717     0.539
 6   121.126    25.592    20.269
 6    -0.591    -0.448     0.673
 6    -0.751     0.609    -0.255
 6    -0.296    -0.655    -0.694
 7   119.538   -16.155    -6.733
 7     0.650     0.718     0.249
 7    -0.695     0.694    -0.187
 7    -0.306    -0.051     0.950
 8   136.181   -35.353     4.585
 8     0.607    -0.580     0.547
 8    -0.047     0.657     0.750
 8    -0.793    -0.481     0.370
 9   119.754   -29.175    18.169
 9    -0.688     0.271     0.673
 9     0.621     0.698     0.354
 9    -0.375     0.662    -0.649
 2    99.187   -21.961    59.198
 2     0.556    -0.832    -0.001
 2     0.830     0.554     0.056
 2    -0.046    -0.033     0.998
 3   110.037    -3.951     3.790
 3     0.334    -0.312     0.890
 3    -0.063     0.934     0.350
 3    -0.940    -0.173     0.292
 4   119.844    10.718    -6.525
 4     0.471    -0.808     0.355
 4     0.881     0.447    -0.152
 4    -0.035     0.383     0.922
 5   137.856    31.484     6.662
 5     0.891     0.388     0.238
 5    -0.039     0.584    -0.810
 5    -0.452     0.713     0.536
 6   121.014    25.549    20.356
 6    -0.589    -0.457     0.669
 6    -0.754     0.607    -0.249
 6    -0.292    -0.650    -0.700
 7   119.420   -16.204    -6.635
 7     0.650     0.718     0.250
 7    -0.696     0.693    -0.183
 7    -0.304    -0.055     0.951
 8   136.093   -35.265     4.872
 8     0.594    -0.596     0.545
 8    -0.053     0.643     0.762
 8    -0.803    -0.480     0.349
 9   119.873   -29.066    18.384
 9    -0.694     0.276     0.665
 9     0.615     0.707     0.349
 9    -0.374     0.651    -0.660
 2    99.184   -21.987    59.201
 2     0.556    -0.832    -0.001
 2     0.830     0.554     0.057
 2    -0.047    -0.033     0.998
 3   109.955    -3.957     3.885
 3     0.329    -0.313     0.891
 3    -0.063     0.934     0.351
 3    -0.942    -0.172     0.287
 4   119.665    10.717    -6.473
 4     0.470    -0.807     0.359
 4     0.882     0.445    -0.152
 4    -0.036     0.387     0.921
 5   137.599    31.419     6.548
 5     0.884     0.399     0.245
 5    -0.038     0.582    -0.811
 5    -0.465     0.708     0.530
 6   120.974    25.477    20.529
 6    -0.591    -0.464     0.663
 6    -0.753     0.609    -0.246
 6    -0.290    -0.644    -0.707
 7   119.200   -16.334    -6.502
 7     0.645     0.722     0.254
 7    -0.701     0.689    -0.180
 7    -0.304    -0.062     0.950
 8   135.726   -35.385     4.937
 8     0.578    -0.607     0.549
 8    -0.062     0.635     0.768
 8    -0.814    -0.477     0.328
 9   119.802   -28.931    18.540
 9    -0.698     0.286     0.657
 9     0.613     0.712     0.342
 9    -0.370     0.641    -0.672
 2    99.185   -21.962    59.201
 2     0.556    -0.832    -0.000
 2     0.830     0.554     0.057
 2    -0.047    -0.033     0.998
 3   109.636    -3.967     4.087
 3     0.321    -0.316     0.893
 3    -0.061     0.934     0.351
 3    -0.945    -0.167     0.280
 4   119.311    10.768    -6.351
 4     0.467    -0.805     0.367
 4     0.883     0.441    -0.156
 4    -0.036     0.396     0.917
 5   137.266    31.458     6.581
 5     0.878     0.407     0.253
 5    -0.034     0.578    -0.814
 5    -0.477     0.706     0.522
 6   120.804    25.429    20.737
 6    -0.591    -0.470     0.658
 6    -0.753     0.613    -0.239
 6    -0.291    -0.635    -0.714
 7   118.894   -16.288    -6.360
 7     0.642     0.722     0.260
 7    -0.702     0.688    -0.180
 7    -0.308    -0.067     0.949
 8   135.545   -35.338     4.904
 8     0.573    -0.612     0.549
 8    -0.062     0.631     0.771
 8    -0.817    -0.476     0.322
 9   119.798   -28.878    18.665
 9    -0.701     0.285     0.654
 9     0.609     0.715     0.342
 9    -0.370     0.638    -0.674
 2    99.185   -21.962    59.201
 2     0.556    -0.832    -0.000
 2     0.830     0.554     0.057
 2    -0.047    -0.033     0.998
 3   109.475    -3.867     4.142
 3     0.318    -0.316     0.894
 3    -0.058     0.934     0.351
 3    -0.946    -0.164     0.279
 4   119.140    10.897    -6.259
 4     0.466    -0.805     0.369
 4     0.884     0.439    -0.159
 4    -0.033     0.399     0.915
 5   137.043    31.589     6.846
 5     0.880     0.403     0.253
 5    -0.029     0.575    -0.817
 5    -0.474     0.711     0.518
 6   120.541    25.374    20.962
 6    -0.588    -0.469     0.662
 6    -0.752     0.615    -0.233
 6    -0.298    -0.633    -0.713
 7   118.894   -16.287    -6.361
 7     0.644     0.720     0.261
 7    -0.700     0.690    -0.179
 7    -0.308    -0.067     0.948
 8   135.625   -35.054     5.019
 8     0.577    -0.616     0.540
 8    -0.058     0.625     0.776
 8    -0.815    -0.478     0.324
 9   119.735   -28.754    18.729
 9    -0.705     0.275     0.655
 9     0.602     0.718     0.348
 9    -0.374     0.639    -0.671
 2    99.185   -21.962    59.175
 2     0.556    -0.832    -0.000
 2     0.830     0.554     0.057
 2    -0.047    -0.033     0.998
 3   109.473    -3.867     4.140
 3     0.318    -0.317     0.894
 3    -0.057     0.934     0.351
 3    -0.946    -0.163     0.279
 4   119.091    10.897    -6.258
 4     0.466    -0.805     0.368
 4     0.884     0.439    -0.159
 4    -0.033     0.398     0.916
 5   137.001    31.541     6.914
 5     0.881     0.402     0.251
 5    -0.030     0.575    -0.817
 5    -0.471     0.712     0.519
 6   120.436    25.320    20.969
 6    -0.588    -0.467     0.663
 6    -0.752     0.616    -0.233
 6    -0.300    -0.634    -0.711
 7   118.839   -16.263    -6.355
 7     0.645     0.718     0.263
 7    -0.699     0.692    -0.179
 7    -0.310    -0.068     0.948
 8   135.621   -35.052     4.939
 8     0.577    -0.619     0.539
 8    -0.054     0.625     0.777
 8    -0.815    -0.476     0.325
 9   119.688   -28.754    18.676
 9    -0.705     0.275     0.654
 9     0.603     0.717     0.349
 9    -0.373     0.640    -0.671
 2    99.187   -21.986    59.173
 2     0.556    -0.832    -0.001
 2     0.830     0.554     0.057
 2    -0.046    -0.033     0.998
 3   109.452    -3.868     4.144
 3     0.319    -0.316     0.894
 3    -0.059     0.934     0.351
 3    -0.946    -0.165     0.279
 4   119.085    10.819    -6.300
 4     0.464    -0.807     0.367
 4     0.885     0.438    -0.154
 4    -0.036     0.395     0.917
 5   136.872    31.591     6.788
 5     0.881     0.400     0.253
 5    -0.028     0.576    -0.817
 5    -0.472     0.713     0.518
 6   120.266    25.426    20.748
 6    -0.582    -0.472     0.665
 6    -0.757     0.610    -0.231
 6    -0.296    -0.637    -0.710
 7   118.817   -16.287    -6.358
 7     0.645     0.719     0.262
 7    -0.699     0.692    -0.178
 7    -0.309    -0.068     0.948
 8   135.448   -35.158     4.962
 8     0.572    -0.623     0.538
 8    -0.060     0.619     0.781
 8    -0.818    -0.479     0.315
 9   119.669   -28.802    18.719
 9    -0.703     0.282     0.654
 9     0.606     0.717     0.343
 9    -0.371     0.638    -0.674
 2    99.187   -21.961    59.173
 2     0.556    -0.832    -0.001
 2     0.830     0.554     0.056
 2    -0.046    -0.033     0.998
 3   109.414    -3.917     4.142
 3     0.320    -0.317     0.893
 3    -0.062     0.933     0.352
 3    -0.945    -0.168     0.279
 4   119.033    10.768    -6.348
 4     0.463    -0.808     0.366
 4     0.885     0.438    -0.152
 4    -0.037     0.394     0.918
 5   136.724    31.662     6.675
 5     0.877     0.406     0.257
 5    -0.022     0.567    -0.822
 5    -0.479     0.716     0.507
 6   120.379    25.432    20.731
 6    -0.583    -0.477     0.660
 6    -0.758     0.609    -0.231
 6    -0.291    -0.634    -0.715
 7   118.774   -16.336    -6.366
 7     0.644     0.720     0.261
 7    -0.701     0.691    -0.176
 7    -0.306    -0.069     0.949
 8   135.190   -35.431     4.942
 8     0.553    -0.640     0.537
 8    -0.074     0.602     0.793
 8    -0.830    -0.478     0.284
 9   119.705   -28.741    18.769
 9    -0.706     0.292     0.646
 9     0.606     0.719     0.338
 9    -0.365     0.630    -0.684
 2    99.187   -21.986    59.173
 2     0.556    -0.832    -0.001
 2     0.830     0.554     0.057
 2    -0.046    -0.033     0.998
 3   109.369    -3.969     4.197
 3     0.319    -0.317     0.893
 3    -0.064     0.933     0.353
 3    -0.945    -0.169     0.278
 4   118.951    10.688    -6.289
 4     0.466    -0.805     0.370
 4     0.884     0.441    -0.153
 4    -0.040     0.397     0.916
 5   136.738    31.515     6.371
 5     0.868     0.421     0.263
 5    -0.027     0.567    -0.823
 5    -0.495     0.708     0.504
 6   120.600    25.387    20.637
 6    -0.591    -0.481     0.650
 6    -0.755     0.611    -0.235
 6    -0.284    -0.629    -0.723
 7   118.600   -16.441    -6.258
 7     0.640     0.723     0.262
 7    -0.705     0.687    -0.176
 7    -0.307    -0.072     0.949
 8   135.036   -35.541     4.907
 8     0.542    -0.650     0.537
 8    -0.080     0.593     0.800
 8    -0.836    -0.476     0.268
 9   119.767   -28.783    18.746
 9    -0.708     0.302     0.640
 9     0.608     0.720     0.334
 9    -0.359     0.625    -0.692
 2    99.134   -21.961    59.201
 2     0.555    -0.832    -0.000
 2     0.830     0.553     0.057
 2    -0.047    -0.033     0.998
 3   109.265    -3.977     4.297
 3     0.314    -0.316     0.895
 3    -0.066     0.933     0.352
 3    -0.947    -0.169     0.272
 4   118.819    10.712    -6.236
 4     0.465    -0.802     0.376
 4     0.884     0.440    -0.153
 4    -0.042     0.403     0.913
 5   136.560    31.552     6.056
 5     0.861     0.431     0.271
 5    -0.028     0.570    -0.821
 5    -0.507     0.700     0.503
 6   120.664    25.495    20.618
 6    -0.593    -0.486     0.645
 6    -0.756     0.609    -0.237
 6    -0.278    -0.627    -0.727
 7   118.369   -16.445    -6.242
 7     0.637     0.723     0.270
 7    -0.706     0.686    -0.175
 7    -0.311    -0.078     0.947
 8   134.833   -35.507     4.672
 8     0.524    -0.668     0.531
 8    -0.080     0.579     0.810
 8    -0.848    -0.467     0.248
 9   119.972   -28.712    18.675
 9    -0.715     0.312     0.626
 9     0.607     0.719     0.337
 9    -0.345     0.620    -0.703
 2    99.185   -21.962    59.201
 2     0.556    -0.832    -0.000
 2     0.830     0.554     0.057
 2    -0.047    -0.033     0.998
 3   108.943    -3.988     4.485
 3     0.304    -0.321     0.897
 3    -0.063     0.932     0.355
 3    -0.951    -0.165     0.263
 4   118.481    10.759    -6.204
 4     0.464    -0.798     0.387
 4     0.885     0.438    -0.155
 4    -0.046     0.413     0.909
 5   136.086    31.693     5.294
 5     0.842     0.453     0.293
 5    -0.027     0.577    -0.816
 5    -0.538     0.679     0.499
 6   120.755    25.690    20.562
 6    -0.595    -0.502     0.630
 6    -0.760     0.604    -0.238
 6    -0.261    -0.619    -0.739
 7   118.130   -16.403    -6.190
 7     0.634     0.722     0.278
 7    -0.704     0.687    -0.178
 7    -0.319    -0.083     0.944
 8   134.731   -35.443     4.427
 8     0.512    -0.676     0.534
 8    -0.077     0.580     0.809
 8    -0.855    -0.455     0.243
 9   120.039   -28.599    18.599
 9    -0.721     0.316     0.617
 9     0.605     0.719     0.341
 9    -0.337     0.619    -0.709
 2    99.185   -21.962    59.175
 2     0.556    -0.832    -0.000
 2     0.830     0.554     0.057
 2    -0.047    -0.033     0.998
 3   108.891    -3.988     4.510
 3     0.301    -0.323     0.897
 3    -0.062     0.932     0.356
 3    -0.951    -0.163     0.261
 4   118.409    10.811    -6.161
 4     0.463    -0.798     0.389
 4     0.885     0.436    -0.157
 4    -0.044     0.416     0.907
 5   136.051    31.742     5.429
 5     0.841     0.454     0.297
 5    -0.024     0.576    -0.816
 5    -0.541     0.679     0.496
 6   120.704    25.588    20.646
 6    -0.595    -0.503     0.629
 6    -0.759     0.606    -0.235
 6    -0.263    -0.616    -0.741
 7   118.075   -16.354    -6.184
 7     0.634     0.722     0.279
 7    -0.704     0.687    -0.180
 7    -0.321    -0.082     0.943
 8   134.672   -35.447     4.309
 8     0.509    -0.677     0.534
 8    -0.076     0.580     0.809
 8    -0.857    -0.452     0.243
 9   120.121   -28.646    18.489
 9    -0.722     0.318     0.616
 9     0.606     0.718     0.342
 9    -0.334     0.619    -0.710
 2    99.184   -21.961    59.175
 2     0.555    -0.832    -0.000
 2     0.830     0.553     0.057
 2    -0.047    -0.033     0.998
 3   108.812    -3.991     4.495
 3     0.300    -0.326     0.897
 3    -0.062     0.931     0.359
 3    -0.952    -0.163     0.259
 4   118.233    10.814    -6.216
 4     0.457    -0.800     0.390
 4     0.888     0.431    -0.156
 4    -0.043     0.417     0.907
 5   135.820    31.636     5.414
 5     0.839     0.456     0.300
 5    -0.024     0.579    -0.814
 5    -0.544     0.676     0.497
 6   120.524    25.510    20.655
 6    -0.594    -0.503     0.630
 6    -0.759     0.607    -0.231
 6    -0.266    -0.615    -0.741
 7   118.047   -16.304    -6.181
 7     0.634     0.721     0.280
 7    -0.703     0.688    -0.180
 7    -0.322    -0.082     0.943
 8   134.620   -35.345     4.333
 8     0.510    -0.678     0.533
 8    -0.074     0.580     0.810
 8    -0.857    -0.452     0.244
 9   120.044   -28.596    18.543
 9    -0.721     0.317     0.617
 9     0.606     0.718     0.341
 9    -0.335     0.619    -0.709
 2    99.185   -21.962    59.175
 2     0.556    -0.832    -0.000
 2     0.830     0.554     0.057
 2    -0.047    -0.033     0.998
 3   108.726    -4.019     4.532
 3     0.300    -0.327     0.896
 3    -0.067     0.930     0.361
 3    -0.952    -0.168     0.257
 4   118.095    10.757    -6.224
 4     0.458    -0.798     0.392
 4     0.887     0.435    -0.151
 4    -0.049     0.416     0.907
 5   135.724    31.635     5.267
 5     0.838     0.456     0.300
 5    -0.028     0.583    -0.811
 5    -0.544     0.672     0.502
 6   120.478    25.535    20.523
 6    -0.597    -0.501     0.629
 6    -0.758     0.608    -0.235
 6    -0.264    -0.616    -0.741
 7   117.917   -16.449    -6.021
 7     0.635     0.720     0.281
 7    -0.705     0.688    -0.170
 7    -0.315    -0.090     0.944
 8   134.646   -35.273     5.013
 8     0.528    -0.673     0.521
 8    -0.079     0.570     0.816
 8    -0.845    -0.471     0.247
 9   119.513   -28.496    19.088
 9    -0.717     0.302     0.630
 9     0.599     0.728     0.333
 9    -0.357     0.616    -0.701
 2    99.185   -21.962    59.175
 2     0.556    -0.832    -0.000
 2     0.830     0.554     0.057
 2    -0.047    -0.033     0.998
 3   108.654    -4.072     4.587
 3     0.298    -0.322     0.899
 3    -0.069     0.932     0.356
 3    -0.952    -0.168     0.256
 4   118.230    10.629    -6.151
 4     0.468    -0.795     0.388
 4     0.882     0.443    -0.156
 4    -0.047     0.415     0.908
 5   136.228    31.067     6.146
 5     0.862     0.428     0.274
 5    -0.036     0.589    -0.807
 5    -0.506     0.685     0.523
 6   120.300    25.131    20.939
 6    -0.597    -0.481     0.644
 6    -0.749     0.620    -0.230
 6    -0.289    -0.619    -0.729
 7   117.981   -16.571    -5.988
 7     0.635     0.721     0.278
 7    -0.708     0.686    -0.165
 7    -0.309    -0.091     0.946
 8   134.907   -35.206     5.704
 8     0.569    -0.643     0.516
 8    -0.071     0.584     0.807
 8    -0.819    -0.495     0.285
 9   118.882   -28.711    19.220
 9    -0.704     0.282     0.652
 9     0.598     0.729     0.332
 9    -0.382     0.624    -0.681
 2    99.185   -21.962    59.175
 2     0.556    -0.832    -0.000
 2     0.830     0.554     0.057
 2    -0.047    -0.033     0.998
 3   108.836    -4.068     4.438
 3     0.305    -0.308     0.901
 3    -0.071     0.936     0.344
 3    -0.950    -0.169     0.264
 4   118.558    10.637    -6.224
 4     0.472    -0.800     0.373
 4     0.881     0.444    -0.161
 4    -0.037     0.404     0.913
 5   136.443    31.127     7.108
 5     0.889     0.381     0.255
 5    -0.025     0.595    -0.803
 5    -0.457     0.708     0.539
 6   119.926    24.725    21.244
 6    -0.580    -0.467     0.670
 6    -0.748     0.628    -0.211
 6    -0.322    -0.622    -0.712
 7   118.220   -16.613    -6.147
 7     0.638     0.724     0.265
 7    -0.709     0.685    -0.166
 7    -0.300    -0.081     0.950
 8   135.779   -34.847     6.507
 8     0.641    -0.586     0.499
 8    -0.070     0.599     0.795
 8    -0.764    -0.545     0.342
 9   118.254   -28.593    19.285
 9    -0.688     0.240     0.685
 9     0.587     0.739     0.331
 9    -0.426     0.630    -0.649
 2    99.185   -21.962    59.175
 2     0.556    -0.832    -0.001
 2     0.830     0.554     0.057
 2    -0.047    -0.033     0.998
 3   108.925    -4.103     4.154
 3     0.319    -0.301     0.899
 3    -0.070     0.938     0.338
 3    -0.945    -0.170     0.278
 4   118.616    10.515    -6.356
 4     0.467    -0.806     0.365
 4     0.883     0.440    -0.157
 4    -0.034     0.395     0.917
 5   136.620    30.887     8.790
 5     0.926     0.310     0.217
 5    -0.009     0.589    -0.807
 5    -0.378     0.746     0.548
 6   118.941    24.012    21.675
 6    -0.559    -0.433     0.708
 6    -0.735     0.653    -0.182
 6    -0.384    -0.621    -0.682
 7   118.402   -16.505    -6.472
 7     0.644     0.721     0.258
 7    -0.706     0.688    -0.163
 7    -0.295    -0.077     0.952
 8   137.944   -33.465     9.210
 8     0.787    -0.469     0.406
 8    -0.049     0.602     0.795
 8    -0.615    -0.646     0.451
 9   117.054   -28.316    19.795
 9    -0.669     0.111     0.735
 9     0.522     0.774     0.358
 9    -0.529     0.623    -0.576
 2    99.187   -21.961    59.198
 2     0.556    -0.832    -0.000
 2     0.830     0.554     0.057
 2    -0.046    -0.033     0.998
 3   108.834    -4.093     4.113
 3     0.326    -0.295     0.898
 3    -0.061     0.941     0.331
 3    -0.943    -0.163     0.289
 4   118.691    10.549    -6.388
 4     0.471    -0.805     0.363
 4     0.881     0.440    -0.169
 4    -0.023     0.399     0.916
 5   137.332    30.064    11.598
 5     0.965     0.214     0.151
 5    -0.014     0.618    -0.786
 5    -0.261     0.756     0.599
 6   118.249    23.100    22.655
 6    -0.545    -0.377     0.750
 6    -0.701     0.694    -0.161
 6    -0.460    -0.613    -0.641
 7   118.463   -16.446    -6.667
 7     0.649     0.716     0.258
 7    -0.703     0.693    -0.156
 7    -0.290    -0.080     0.953
 8   140.184   -31.178    13.064
 8     0.916    -0.332     0.228
 8     0.029     0.617     0.785
 8    -0.400    -0.714     0.576
 9   116.052   -28.266    19.969
 9    -0.637    -0.028     0.771
 9     0.458     0.790     0.406
 9    -0.620     0.612    -0.491
 2    99.187   -21.986    59.173
 2     0.556    -0.832    -0.000
 2     0.830     0.554     0.057
 2    -0.046    -0.033     0.998
 3   108.804    -4.041     4.226
 3     0.325    -0.299     0.897
 3    -0.050     0.942     0.332
 3    -0.944    -0.153     0.291
 4   118.736    10.833    -6.288
 4     0.479    -0.800     0.364
 4     0.877     0.442    -0.183
 4    -0.014     0.406     0.913
 5   138.587    29.183    14.349
 5     0.993     0.107     0.047
 5    -0.039     0.686    -0.726
 5    -0.110     0.719     0.685
 6   117.960    22.691    23.419
 6    -0.533    -0.309     0.789
 6    -0.661     0.733    -0.160
 6    -0.529    -0.606    -0.593
 7   118.506   -16.253    -6.779
 7     0.651     0.710     0.270
 7    -0.695     0.700    -0.163
 7    -0.304    -0.081     0.949
 8   141.780   -29.137    17.055
 8     0.979    -0.203     0.030
 8     0.124     0.704     0.699
 8    -0.162    -0.680     0.714
 9   115.860   -28.544    20.153
 9    -0.604    -0.147     0.785
 9     0.406     0.789     0.458
 9    -0.686     0.595    -0.417
 2    99.185   -21.962    59.201
 2     0.556    -0.832    -0.000
 2     0.830     0.554     0.057
 2    -0.047    -0.033     0.998
 3   108.903    -3.990     4.520
 3     0.319    -0.325     0.890
 3    -0.040     0.934     0.355
 3    -0.947    -0.149     0.284
 4   119.096    11.371    -6.099
 4     0.502    -0.787     0.361
 4     0.865     0.455    -0.209
 4     0.000     0.416     0.908
 5   140.213    28.440    18.796
 5     0.992    -0.037    -0.117
 5    -0.050     0.747    -0.664
 5     0.112     0.664     0.738
 6   117.923    22.048    24.426
 6    -0.518    -0.204     0.831
 6    -0.594     0.784    -0.179
 6    -0.615    -0.586    -0.527
 7   119.410   -16.667    -6.438
 7     0.661     0.693     0.290
 7    -0.689     0.712    -0.131
 7    -0.297    -0.113     0.948
 8   142.826   -28.127    20.765
 8     0.987    -0.113    -0.118
 8     0.162     0.707     0.689
 8     0.006    -0.698     0.715
 9   116.148   -28.673    21.116
 9    -0.573    -0.229     0.789
 9     0.352     0.799     0.486
 9    -0.740     0.555    -0.377
 2    99.185   -21.962    59.175
 2     0.556    -0.832    -0.000
 2     0.830     0.554     0.057
 2    -0.047    -0.033     0.998
 3   109.512    -3.974     4.883
 3     0.326    -0.339     0.883
 3    -0.027     0.930     0.366
 3    -0.945    -0.143     0.294
 4   120.238    12.278    -5.391
 4     0.548    -0.761     0.350
 4     0.835     0.479    -0.268
 4     0.037     0.438     0.897
 5   141.549    26.475    23.140
 5     0.968    -0.097    -0.232
 5    -0.098     0.703    -0.705
 5     0.231     0.704     0.670
 6   118.528    21.187    26.623
 6    -0.525    -0.115     0.843
 6    -0.498     0.845    -0.195
 6    -0.690    -0.522    -0.501
 7   120.815   -17.587    -5.855
 7     0.691     0.672     0.266
 7    -0.682     0.728    -0.069
 7    -0.239    -0.133     0.961
 8   142.970   -26.448    23.864
 8     0.968    -0.110    -0.227
 8     0.238     0.677     0.697
 8     0.077    -0.727     0.680
 9   116.009   -28.892    22.587
 9    -0.528    -0.312     0.792
 9     0.284     0.812     0.507
 9    -0.800     0.492    -0.340
 2    99.185   -21.962    59.175
 2     0.556    -0.832    -0.000
 2     0.830     0.554     0.057
 2    -0.047    -0.033     0.998
 3   109.859    -3.765     5.077
 3     0.338    -0.221     0.915
 3     0.007     0.973     0.232
 3    -0.941    -0.072     0.330
 4   121.241    12.876    -4.640
 4     0.585    -0.740     0.336
 4     0.808     0.495    -0.317
 4     0.068     0.456     0.886
 5   141.783    22.654    25.884
 5     0.942    -0.035    -0.334
 5    -0.232     0.647    -0.728
 5     0.241     0.761     0.599
 6   118.275    20.346    28.522
 6    -0.523    -0.015     0.853
 6    -0.392     0.892    -0.224
 6    -0.756    -0.452    -0.472
 7   122.573   -18.507    -5.223
 7     0.738     0.643     0.205
 7    -0.655     0.755    -0.009
 7    -0.160    -0.127     0.979
 8   142.610   -24.225    25.748
 8     0.930    -0.182    -0.323
 8     0.357     0.651     0.671
 8     0.088    -0.737     0.667
 9   115.754   -29.401    23.724
 9    -0.469    -0.405     0.787
 9     0.215     0.810     0.543
 9    -0.857     0.423    -0.292
 2    99.185   -21.962    59.175
 2     0.556    -0.832    -0.000
 2     0.830     0.554     0.057
 2    -0.047    -0.033     0.998
 3   110.129    -4.120     4.788
 3     0.347    -0.114     0.931
 3     0.024     0.993     0.112
 3    -0.938    -0.016     0.348
 4   122.389    13.335    -3.816
 4     0.621    -0.716     0.319
 4     0.779     0.521    -0.348
 4     0.084     0.464     0.881
 5   141.672    20.020    27.317
 5     0.914     0.043    -0.404
 5    -0.330     0.652    -0.684
 5     0.233     0.757     0.607
 6   117.960    19.916    29.625
 6    -0.479     0.066     0.876
 6    -0.320     0.916    -0.243
 6    -0.817    -0.396    -0.417
 7   124.000   -19.153    -4.786
 7     0.780     0.610     0.141
 7    -0.620     0.783     0.045
 7    -0.083    -0.122     0.989
 8   142.029   -23.172    27.542
 8     0.899    -0.168    -0.408
