% Calibrated with leiden_pols
% Positions are in centimeters
Data =[
 2    98.742   -22.393    59.166
 2     0.562    -0.828     0.000
 2     0.826     0.561     0.054
 2    -0.044    -0.031     0.998
 3   112.727    -0.782    -2.011
 3     0.360     0.089     0.929
 3    -0.133     0.990    -0.043
 3    -0.924    -0.109     0.368
 4   128.527    18.126   -13.134
 4     0.698    -0.715     0.042
 4     0.619     0.571    -0.540
 4     0.361     0.403     0.841
 5   147.428    28.562    36.800
 5     0.332    -0.183    -0.925
 5    -0.097     0.969    -0.228
 5     0.938     0.166     0.303
 6   127.333    26.972    19.003
 6    -0.139     0.705     0.696
 6    -0.255     0.653    -0.712
 6    -0.957    -0.275     0.091
 7   128.568   -18.975   -12.643
 7     0.705     0.672     0.228
 7    -0.693     0.583     0.424
 7     0.153    -0.457     0.876
 8   145.134   -28.862    35.726
 8     0.393     0.422    -0.819
 8     0.153     0.847     0.508
 8     0.907    -0.323     0.268
 9   122.615   -30.948    15.716
 9    -0.186    -0.695     0.695
 9     0.239     0.654     0.717
 9    -0.953     0.298     0.046
 2    98.739   -22.343    59.169
 2     0.562    -0.827     0.000
 2     0.826     0.561     0.054
 2    -0.045    -0.031     0.998
 3   112.681    -0.781    -2.018
 3     0.360     0.090     0.928
 3    -0.134     0.990    -0.044
 3    -0.923    -0.108     0.369
 4   128.524    18.125   -13.182
 4     0.698    -0.715     0.043
 4     0.619     0.571    -0.539
 4     0.360     0.403     0.841
 5   147.428    28.562    36.800
 5     0.332    -0.183    -0.925
 5    -0.097     0.969    -0.228
 5     0.938     0.166     0.303
 6   127.335    26.973    19.004
 6    -0.139     0.705     0.696
 6    -0.254     0.654    -0.712
 6    -0.957    -0.275     0.090
 7   128.566   -18.976   -12.640
 7     0.705     0.671     0.229
 7    -0.693     0.583     0.424
 7     0.152    -0.458     0.876
 8   145.134   -28.862    35.726
 8     0.393     0.422    -0.819
 8     0.153     0.847     0.508
 8     0.907    -0.323     0.268
 9   122.615   -30.948    15.716
 9    -0.186    -0.694     0.696
 9     0.239     0.654     0.716
 9    -0.953     0.298     0.046
 2    98.741   -22.393    59.192
 2     0.562    -0.828     0.000
 2     0.826     0.561     0.054
 2    -0.044    -0.031     0.998
 3   112.732    -0.781    -2.017
 3     0.360     0.089     0.928
 3    -0.134     0.990    -0.043
 3    -0.923    -0.109     0.369
 4   128.526    18.126   -13.185
 4     0.697    -0.715     0.043
 4     0.619     0.570    -0.540
 4     0.361     0.404     0.840
 5   147.419    28.559    36.807
 5     0.334    -0.188    -0.923
 5    -0.099     0.967    -0.235
 5     0.937     0.170     0.304
 6   127.310    26.947    19.055
 6    -0.139     0.704     0.697
 6    -0.254     0.654    -0.711
 6    -0.957    -0.275     0.090
 7   128.568   -19.026   -12.643
 7     0.704     0.672     0.228
 7    -0.693     0.582     0.425
 7     0.153    -0.457     0.876
 8   145.005   -28.914    35.811
 8     0.393     0.427    -0.816
 8     0.154     0.843     0.513
 8     0.906    -0.326     0.266
 9   122.489   -30.899    15.866
 9    -0.184    -0.690     0.701
 9     0.238     0.659     0.712
 9    -0.953     0.297     0.044
 2    98.742   -22.342    59.166
 2     0.562    -0.828     0.000
 2     0.826     0.560     0.054
 2    -0.044    -0.031     0.998
 3   112.684    -0.831    -1.965
 3     0.360     0.088     0.929
 3    -0.134     0.990    -0.041
 3    -0.923    -0.110     0.368
 4   128.486    18.079   -13.096
 4     0.696    -0.717     0.042
 4     0.618     0.568    -0.543
 4     0.365     0.404     0.838
 5   147.384    28.582    36.812
 5     0.337    -0.195    -0.921
 5    -0.101     0.965    -0.243
 5     0.936     0.175     0.305
 6   127.213    26.948    19.108
 6    -0.140     0.703     0.698
 6    -0.255     0.655    -0.711
 6    -0.957    -0.276     0.089
 7   128.506   -19.024   -12.479
 7     0.701     0.676     0.226
 7    -0.695     0.578     0.427
 7     0.158    -0.457     0.875
 8   144.997   -28.919    35.878
 8     0.398     0.435    -0.810
 8     0.152     0.838     0.522
 8     0.904    -0.330     0.268
 9   122.335   -30.873    15.988
 9    -0.185    -0.687     0.704
 9     0.238     0.663     0.709
 9    -0.953     0.298     0.042
 2    98.742   -22.342    59.166
 2     0.562    -0.828     0.000
 2     0.826     0.561     0.054
 2    -0.044    -0.031     0.998
 3   112.634    -0.834    -1.953
 3     0.358     0.084     0.930
 3    -0.135     0.990    -0.038
 3    -0.924    -0.112     0.366
 4   128.392    18.133   -12.980
 4     0.694    -0.719     0.042
 4     0.618     0.564    -0.547
 4     0.368     0.406     0.836
 5   147.324    28.632    36.869
 5     0.340    -0.201    -0.919
 5    -0.101     0.963    -0.250
 5     0.935     0.178     0.306
 6   127.165    26.947    19.162
 6    -0.141     0.702     0.698
 6    -0.255     0.656    -0.710
 6    -0.957    -0.276     0.088
 7   128.455   -19.024   -12.428
 7     0.701     0.677     0.226
 7    -0.695     0.578     0.427
 7     0.158    -0.456     0.875
 8   144.948   -28.919    35.929
 8     0.398     0.436    -0.809
 8     0.152     0.837     0.524
 8     0.904    -0.330     0.267
 9   122.311   -30.822    15.989
 9    -0.185    -0.686     0.704
 9     0.238     0.663     0.708
 9    -0.953     0.297     0.042
 2    98.741   -22.342    59.192
 2     0.562    -0.828    -0.000
 2     0.826     0.560     0.055
 2    -0.044    -0.031     0.998
 3   112.633    -0.782    -1.903
 3     0.358     0.083     0.930
 3    -0.134     0.990    -0.037
 3    -0.924    -0.112     0.365
 4   128.372    18.135   -13.037
 4     0.693    -0.720     0.042
 4     0.619     0.563    -0.548
 4     0.370     0.406     0.835
 5   147.266    28.629    36.877
 5     0.340    -0.204    -0.918
 5    -0.102     0.962    -0.253
 5     0.934     0.180     0.306
 6   127.091    26.896    19.188
 6    -0.141     0.702     0.699
 6    -0.255     0.656    -0.710
 6    -0.957    -0.276     0.088
 7   128.460   -18.972   -12.434
 7     0.700     0.677     0.225
 7    -0.695     0.577     0.427
 7     0.160    -0.455     0.875
 8   144.899   -28.970    35.955
 8     0.398     0.438    -0.808
 8     0.151     0.836     0.525
 8     0.904    -0.330     0.266
 9   122.312   -30.823    16.040
 9    -0.184    -0.686     0.705
 9     0.238     0.664     0.708
 9    -0.953     0.297     0.042
 2    98.742   -22.342    59.166
 2     0.562    -0.828     0.000
 2     0.826     0.561     0.054
 2    -0.044    -0.031     0.998
 3   112.634    -0.782    -1.953
 3     0.358     0.082     0.930
 3    -0.134     0.990    -0.036
 3    -0.924    -0.113     0.365
 4   128.374    18.136   -12.990
 4     0.692    -0.721     0.043
 4     0.619     0.561    -0.549
 4     0.371     0.406     0.835
 5   147.214    28.629    36.875
 5     0.341    -0.207    -0.917
 5    -0.103     0.961    -0.256
 5     0.934     0.183     0.306
 6   127.090    26.898    19.237
 6    -0.140     0.702     0.699
 6    -0.255     0.656    -0.710
 6    -0.957    -0.276     0.088
 7   128.411   -18.971   -12.387
 7     0.700     0.678     0.223
 7    -0.695     0.577     0.427
 7     0.161    -0.454     0.876
 8   144.874   -28.970    36.006
 8     0.399     0.439    -0.807
 8     0.152     0.835     0.527
 8     0.904    -0.332     0.267
 9   122.264   -30.824    16.068
 9    -0.183    -0.686     0.705
 9     0.238     0.664     0.708
 9    -0.953     0.297     0.043
 2    98.741   -22.342    59.192
 2     0.562    -0.828     0.000
 2     0.826     0.561     0.054
 2    -0.044    -0.031     0.998
 3   112.683    -0.782    -1.954
 3     0.358     0.082     0.930
 3    -0.134     0.990    -0.035
 3    -0.924    -0.112     0.365
 4   128.376    18.137   -12.942
 4     0.691    -0.722     0.042
 4     0.619     0.560    -0.549
 4     0.372     0.406     0.834
 5   147.214    28.629    36.926
 5     0.341    -0.208    -0.917
 5    -0.103     0.961    -0.258
 5     0.934     0.183     0.306
 6   127.088    26.948    19.287
 6    -0.140     0.702     0.699
 6    -0.255     0.656    -0.709
 6    -0.957    -0.277     0.089
 7   128.463   -18.970   -12.390
 7     0.700     0.679     0.222
 7    -0.695     0.577     0.427
 7     0.162    -0.453     0.876
 8   144.874   -28.919    36.006
 8     0.400     0.439    -0.807
 8     0.152     0.835     0.527
 8     0.904    -0.332     0.267
 9   122.264   -30.773    16.068
 9    -0.184    -0.686     0.705
 9     0.239     0.664     0.708
 9    -0.953     0.297     0.043
 2    98.742   -22.393    59.192
 2     0.562    -0.827     0.000
 2     0.825     0.561     0.054
 2    -0.044    -0.031     0.998
 3   112.726    -0.735    -1.948
 3     0.356     0.087     0.930
 3    -0.134     0.990    -0.041
 3    -0.925    -0.110     0.364
 4   128.383    18.140   -13.130
 4     0.689    -0.724     0.041
 4     0.620     0.558    -0.551
 4     0.375     0.405     0.833
 5   147.799    29.170    36.256
 5     0.366    -0.210    -0.906
 5    -0.084     0.963    -0.258
 5     0.927     0.171     0.335
 6   127.060    27.133    18.048
 6    -0.111     0.678     0.728
 6    -0.352     0.658    -0.665
 6    -0.930    -0.328     0.167
 7   128.545   -18.829   -12.438
 7     0.703     0.680     0.209
 7    -0.689     0.578     0.437
 7     0.177    -0.451     0.874
 8   146.601   -31.176    34.301
 8     0.501     0.495    -0.712
 8     0.102     0.781     0.613
 8     0.859    -0.380     0.341
 9   122.527   -30.944    15.615
 9    -0.239    -0.607     0.759
 9     0.302     0.696     0.650
 9    -0.923     0.384     0.018
 2    98.739   -22.343    59.195
 2     0.562    -0.827     0.000
 2     0.826     0.561     0.054
 2    -0.045    -0.031     0.998
 3   112.512    -0.741    -1.915
 3     0.348     0.072     0.934
 3    -0.137     0.990    -0.025
 3    -0.927    -0.120     0.355
 4   127.655    18.092   -13.456
 4     0.666    -0.744     0.052
 4     0.650     0.543    -0.532
 4     0.366     0.388     0.845
 5   152.440    34.848    30.349
 5     0.647    -0.408    -0.646
 5     0.026     0.857    -0.513
 5     0.762     0.314     0.565
 6   128.389    28.492    16.898
 6    -0.272     0.509     0.818
 6    -0.403     0.711    -0.575
 6    -0.874    -0.484     0.013
 7   127.994   -18.711   -12.580
 7     0.707     0.672     0.218
 7    -0.687     0.582     0.434
 7     0.165    -0.457     0.874
 8   152.155   -34.646    28.086
 8     0.728     0.414    -0.548
 8     0.034     0.774     0.630
 8     0.684    -0.478     0.551
 9   124.789   -31.765    14.030
 9    -0.386    -0.471     0.795
 9     0.412     0.682     0.603
 9    -0.825     0.559    -0.069
 2    98.717   -22.393    59.166
 2     0.562    -0.827     0.000
 2     0.825     0.561     0.054
 2    -0.044    -0.031     0.998
 3   112.037    -0.685    -1.571
 3     0.331     0.064     0.941
 3    -0.134     0.991    -0.020
 3    -0.934    -0.120     0.336
 4   126.770    17.835   -13.588
 4     0.672    -0.736     0.081
 4     0.661     0.547    -0.514
 4     0.333     0.399     0.854
 5   158.132    34.588    22.759
 5     0.870    -0.340    -0.358
 5     0.008     0.734    -0.678
 5     0.492     0.587     0.642
 6   132.364    28.443    15.283
 6    -0.475     0.411     0.781
 6    -0.394     0.694    -0.601
 6    -0.787    -0.591    -0.167
 7   126.271   -18.431   -12.797
 7     0.713     0.646     0.273
 7    -0.693     0.592     0.411
 7     0.104    -0.482     0.870
 8   157.476   -34.906    18.944
 8     0.906     0.205    -0.370
 8     0.073     0.786     0.614
 8     0.417    -0.583     0.696
 9   127.687   -32.467    11.118
 9    -0.556    -0.342     0.760
 9     0.472     0.622     0.623
 9    -0.685     0.704    -0.185
 2    98.742   -22.393    59.166
 2     0.562    -0.827     0.000
 2     0.825     0.561     0.054
 2    -0.044    -0.031     0.998
 3   111.471    -0.655    -1.330
 3     0.315     0.067     0.947
 3    -0.143     0.989    -0.023
 3    -0.938    -0.128     0.321
 4   125.772    17.132   -14.014
 4     0.700    -0.702     0.130
 4     0.664     0.573    -0.479
 4     0.261     0.422     0.868
 5   162.241    33.034    11.979
 5     0.979    -0.113    -0.170
 5    -0.033     0.732    -0.681
 5     0.201     0.671     0.712
 6   135.729    28.511    11.132
 6    -0.648     0.297     0.704
 6    -0.417     0.635    -0.648
 6    -0.637    -0.714    -0.289
 7   124.647   -18.377   -12.888
 7     0.713     0.612     0.343
 7    -0.701     0.609     0.371
 7     0.018    -0.505     0.863
 8   159.891   -35.131     7.824
 8     0.991    -0.077    -0.112
 8     0.130     0.753     0.647
 8     0.034    -0.653     0.754
 9   130.009   -33.493     6.893
 9    -0.674    -0.173     0.720
 9     0.541     0.547     0.637
 9    -0.503     0.819    -0.276
 2    98.739   -22.394    59.195
 2     0.562    -0.827     0.000
 2     0.826     0.561     0.054
 2    -0.045    -0.031     0.998
 3   111.090    -0.899    -1.143
 3     0.301     0.052     0.952
 3    -0.143     0.990    -0.009
 3    -0.943    -0.134     0.306
 4   124.549    16.270   -14.495
 4     0.723    -0.663     0.195
 4     0.668     0.597    -0.444
 4     0.178     0.451     0.874
 5   163.222    32.020     1.850
 5     0.997     0.068    -0.019
 5    -0.064     0.781    -0.623
 5    -0.027     0.621     0.782
 6   137.378    28.956     6.626
 6    -0.749     0.177     0.641
 6    -0.450     0.573    -0.682
 6    -0.487    -0.800    -0.351
 7   123.239   -18.138   -12.973
 7     0.694     0.596     0.407
 7    -0.718     0.610     0.331
 7    -0.051    -0.522     0.851
 8   158.672   -35.962    -0.676
 8     0.970    -0.239     0.042
 8     0.156     0.750     0.644
 8    -0.186    -0.617     0.764
 9   129.827   -33.795     4.797
 9    -0.685    -0.042     0.727
 9     0.597     0.540     0.592
 9    -0.417     0.840    -0.346
 2    98.714   -22.394    59.169
 2     0.562    -0.827     0.000
 2     0.826     0.561     0.054
 2    -0.045    -0.031     0.998
 3   110.663    -0.823    -0.891
 3     0.280     0.048     0.959
 3    -0.139     0.990    -0.010
 3    -0.950    -0.130     0.284
 4   123.437    15.950   -14.626
 4     0.726    -0.646     0.237
 4     0.674     0.603    -0.426
 4     0.132     0.469     0.873
 5   162.533    31.471    -3.901
 5     0.984     0.163     0.069
 5    -0.094     0.814    -0.574
 5    -0.150     0.557     0.816
 6   137.419    29.199     4.337
 6    -0.785     0.115     0.610
 6    -0.468     0.535    -0.702
 6    -0.406    -0.837    -0.367
 7   122.181   -17.738   -13.074
 7     0.674     0.583     0.455
 7    -0.731     0.615     0.295
 7    -0.107    -0.530     0.840
 8   157.053   -36.429    -6.601
 8     0.935    -0.322     0.152
 8     0.170     0.779     0.603
 8    -0.312    -0.538     0.783
 9   129.599   -34.350     1.554
 9    -0.675     0.071     0.734
 9     0.667     0.484     0.566
 9    -0.315     0.872    -0.375
 2    98.739   -22.394    59.195
 2     0.562    -0.827     0.000
 2     0.826     0.561     0.054
 2    -0.045    -0.031     0.998
 3   110.457    -0.664    -0.667
 3     0.264     0.054     0.963
 3    -0.132     0.991    -0.019
 3    -0.955    -0.122     0.268
 4   122.791    15.901   -14.707
 4     0.727    -0.633     0.267
 4     0.679     0.603    -0.419
 4     0.104     0.485     0.867
 5   161.463    31.196    -8.654
 5     0.962     0.228     0.153
 5    -0.115     0.839    -0.532
 5    -0.249     0.494     0.833
 6   137.515    29.553     1.744
 6    -0.807     0.040     0.590
 6    -0.497     0.493    -0.713
 6    -0.318    -0.869    -0.379
 7   121.135   -17.324   -13.273
 7     0.655     0.559     0.512
 7    -0.734     0.630     0.252
 7    -0.181    -0.540     0.821
 8   155.336   -36.179   -13.998
 8     0.883    -0.383     0.275
 8     0.206     0.837     0.504
 8    -0.422    -0.390     0.818
 9   129.855   -34.730    -2.444
 9    -0.691     0.183     0.699
 9     0.701     0.404     0.587
 9    -0.175     0.896    -0.407
 2    98.742   -22.342    59.192
 2     0.562    -0.827     0.000
 2     0.825     0.561     0.054
 2    -0.044    -0.031     0.998
 3   110.163    -0.844    -0.360
 3     0.244     0.060     0.968
 3    -0.131     0.991    -0.028
 3    -0.961    -0.120     0.249
 4   121.708    15.355   -14.842
 4     0.725    -0.618     0.307
 4     0.686     0.608    -0.398
 4     0.059     0.498     0.864
 5   159.670    30.444   -14.245
 5     0.921     0.299     0.252
 5    -0.146     0.861    -0.485
 5    -0.360     0.412     0.837
 6   137.224    29.763    -1.156
 6    -0.829    -0.048     0.558
 6    -0.519     0.440    -0.732
 6    -0.210    -0.897    -0.391
 7   120.052   -17.284   -13.278
 7     0.637     0.522     0.569
 7    -0.729     0.646     0.224
 7    -0.251    -0.556     0.791
 8   153.088   -35.175   -20.987
 8     0.806    -0.434     0.408
 8     0.249     0.866     0.429
 8    -0.537    -0.247     0.806
 9   130.387   -34.765    -5.870
 9    -0.714     0.276     0.644
 9     0.698     0.343     0.628
 9    -0.048     0.898    -0.437
 2    98.742   -22.393    59.192
 2     0.563    -0.827     0.000
 2     0.825     0.561     0.054
 2    -0.044    -0.031     0.998
 3   109.910    -0.935    -0.083
 3     0.230     0.058     0.971
 3    -0.130     0.991    -0.029
 3    -0.964    -0.120     0.236
 4   120.776    15.014   -14.906
 4     0.721    -0.600     0.349
 4     0.693     0.612    -0.380
 4     0.015     0.514     0.856
 5   157.580    28.849   -19.631
 5     0.864     0.373     0.344
 5    -0.199     0.871    -0.445
 5    -0.462     0.318     0.827
 6   137.111    29.717    -4.283
 6    -0.851    -0.140     0.507
 6    -0.518     0.386    -0.763
 6    -0.089    -0.912    -0.401
 7   119.360   -17.135   -13.182
 7     0.621     0.487     0.617
 7    -0.720     0.664     0.201
 7    -0.312    -0.567     0.761
 8   150.611   -32.845   -26.384
 8     0.708    -0.493     0.512
 8     0.326     0.864     0.380
 8    -0.626    -0.104     0.770
 9   130.825   -34.409    -8.417
 9    -0.720     0.346     0.602
 9     0.692     0.300     0.656
 9     0.046     0.889    -0.455
 2    98.742   -22.393    59.192
 2     0.562    -0.827     0.000
 2     0.825     0.561     0.054
 2    -0.044    -0.031     0.998
 3   109.734    -1.048     0.148
 3     0.222     0.061     0.973
 3    -0.124     0.991    -0.034
 3    -0.967    -0.114     0.228
 4   119.742    14.657   -14.972
 4     0.708    -0.576     0.410
 4     0.704     0.615    -0.353
 4    -0.049     0.537     0.841
 5   154.980    27.556   -24.920
 5     0.794     0.429     0.437
 5    -0.237     0.872    -0.424
 5    -0.559     0.237     0.793
 6   136.758    29.794    -6.993
 6    -0.858    -0.232     0.460
 6    -0.514     0.349    -0.783
 6     0.021    -0.908    -0.418
 7   118.582   -17.127   -13.079
 7     0.597     0.462     0.657
 7    -0.719     0.670     0.182
 7    -0.356    -0.580     0.731
 8   148.086   -31.351   -30.223
 8     0.634    -0.501     0.596
 8     0.370     0.865     0.333
 8    -0.679     0.007     0.730
 9   130.567   -34.127   -10.822
 9    -0.723     0.417     0.551
 9     0.675     0.263     0.688
 9     0.142     0.870    -0.471
 2    98.742   -22.393    59.166
 2     0.562    -0.827     0.000
 2     0.825     0.561     0.054
 2    -0.044    -0.031     0.998
 3   109.481    -1.186     0.461
 3     0.215     0.059     0.974
 3    -0.124     0.992    -0.033
 3    -0.969    -0.114     0.221
 4   118.692    14.339   -14.902
 4     0.693    -0.556     0.462
 4     0.714     0.614    -0.333
 4    -0.098     0.559     0.822
 5   152.773    27.176   -28.353
 5     0.748     0.437     0.507
 5    -0.243     0.882    -0.398
 5    -0.618     0.179     0.763
 6   136.033    29.727    -8.937
 6    -0.846    -0.301     0.441
 6    -0.525     0.325    -0.787
 6     0.093    -0.897    -0.432
 7   117.806   -17.069   -13.109
 7     0.573     0.442     0.692
 7    -0.717     0.677     0.161
 7    -0.398    -0.588     0.703
 8   146.004   -30.406   -33.693
 8     0.588    -0.467     0.667
 8     0.381     0.880     0.278
 8    -0.714     0.090     0.691
 9   130.286   -33.909   -13.309
 9    -0.707     0.480     0.521
 9     0.668     0.212     0.712
 9     0.232     0.851    -0.470
 2    98.739   -22.343    59.195
 2     0.562    -0.827     0.000
 2     0.826     0.561     0.054
 2    -0.045    -0.031     0.998
 3   109.359    -1.320     0.661
 3     0.210     0.056     0.976
 3    -0.125     0.992    -0.030
 3    -0.970    -0.115     0.216
 4   118.035    14.007   -15.054
 4     0.686    -0.537     0.494
 4     0.716     0.617    -0.325
 4    -0.130     0.575     0.806
 5   150.699    26.658   -31.341
 5     0.707     0.436     0.565
 5    -0.248     0.891    -0.373
 5    -0.663     0.126     0.735
 6   135.468    29.550   -10.892
 6    -0.831    -0.359     0.425
 6    -0.532     0.294    -0.794
 6     0.160    -0.886    -0.434
 7   117.362   -17.072   -13.033
 7     0.553     0.424     0.718
 7    -0.717     0.680     0.151
 7    -0.425    -0.597     0.679
 8   144.141   -30.156   -36.303
 8     0.544    -0.442     0.719
 8     0.372     0.888     0.261
 8    -0.752     0.126     0.643
 9   130.164   -33.676   -14.583
 9    -0.694     0.523     0.496
 9     0.662     0.192     0.724
 9     0.284     0.830    -0.478
 2    98.739   -22.343    59.195
 2     0.562    -0.827     0.000
 2     0.826     0.561     0.054
 2    -0.045    -0.031     0.998
 3   109.150    -1.428     0.874
 3     0.203     0.056     0.977
 3    -0.128     0.991    -0.031
 3    -0.971    -0.119     0.208
 4   117.353    13.709   -15.027
 4     0.678    -0.524     0.517
 4     0.719     0.617    -0.319
 4    -0.152     0.587     0.794
 5   149.601    26.454   -32.686
 5     0.689     0.432     0.590
 5    -0.246     0.896    -0.363
 5    -0.682     0.107     0.720
 6   134.870    29.472   -11.638
 6    -0.820    -0.385     0.424
 6    -0.542     0.285    -0.790
 6     0.183    -0.877    -0.442
 7   116.894   -17.113   -12.976
 7     0.540     0.411     0.735
 7    -0.718     0.679     0.148
 7    -0.439    -0.609     0.661
 8   142.913   -30.002   -37.414
 8     0.519    -0.443     0.736
 8     0.371     0.886     0.269
 8    -0.770     0.134     0.620
 9   129.763   -33.592   -15.545
 9    -0.683     0.553     0.480
 9     0.660     0.184     0.728
 9     0.314     0.813    -0.489
 2    98.716   -22.342    59.192
 2     0.562    -0.827    -0.000
 2     0.826     0.561     0.054
 2    -0.044    -0.031     0.998
 3   109.000    -1.437     0.971
 3     0.195     0.060     0.979
 3    -0.127     0.991    -0.036
 3    -0.972    -0.117     0.201
 4   116.956    13.694   -14.989
 4     0.673    -0.510     0.538
 4     0.720     0.615    -0.318
 4    -0.169     0.601     0.780
 5   148.515    26.421   -33.722
 5     0.668     0.442     0.607
 5    -0.246     0.891    -0.374
 5    -0.703     0.103     0.700
 6   134.559    29.488   -12.154
 6    -0.815    -0.404     0.417
 6    -0.544     0.283    -0.790
 6     0.200    -0.870    -0.449
 7   116.467   -16.825   -13.069
 7     0.530     0.398     0.749
 7    -0.715     0.682     0.144
 7    -0.455    -0.613     0.646
 8   141.416   -29.439   -38.791
 8     0.485    -0.452     0.754
 8     0.380     0.879     0.280
 8    -0.788     0.151     0.594
 9   129.442   -33.280   -16.378
 9    -0.673     0.577     0.463
 9     0.654     0.173     0.736
 9     0.345     0.798    -0.493
 2    98.716   -22.393    59.166
 2     0.562    -0.827    -0.000
 2     0.826     0.561     0.054
 2    -0.044    -0.031     0.998
 3   108.858    -1.294     1.147
 3     0.189     0.063     0.980
 3    -0.123     0.991    -0.041
 3    -0.974    -0.113     0.195
 4   116.529    13.789   -14.895
 4     0.667    -0.502     0.552
 4     0.723     0.612    -0.319
 4    -0.178     0.610     0.771
 5   147.771    26.626   -34.029
 5     0.654     0.458     0.611
 5    -0.247     0.882    -0.394
 5    -0.716     0.109     0.686
 6   134.211    29.674   -12.190
 6    -0.812    -0.415     0.410
 6    -0.543     0.284    -0.790
 6     0.211    -0.864    -0.455
 7   116.081   -16.658   -12.979
 7     0.520     0.390     0.761
 7    -0.718     0.681     0.140
 7    -0.464    -0.619     0.633
 8   140.330   -29.379   -39.466
 8     0.464    -0.454     0.766
 8     0.381     0.877     0.287
 8    -0.800     0.159     0.575
 9   128.986   -33.188   -16.766
 9    -0.659     0.596     0.460
 9     0.659     0.164     0.733
 9     0.361     0.785    -0.501
 2    98.714   -22.343    59.169
 2     0.562    -0.827     0.000
 2     0.826     0.561     0.054
 2    -0.045    -0.031     0.998
 3   108.686    -1.226     1.249
 3     0.182     0.066     0.981
 3    -0.123     0.991    -0.044
 3    -0.975    -0.113     0.189
 4   116.259    13.783   -14.829
 4     0.663    -0.499     0.561
 4     0.725     0.610    -0.316
 4    -0.185     0.615     0.765
 5   147.151    26.608   -34.391
 5     0.641     0.466     0.618
 5    -0.253     0.879    -0.398
 5    -0.725     0.100     0.677
 6   133.889    29.783   -12.413
 6    -0.811    -0.424     0.404
 6    -0.540     0.277    -0.795
 6     0.225    -0.862    -0.453
 7   115.857   -16.663   -12.911
 7     0.512     0.386     0.768
 7    -0.721     0.678     0.140
 7    -0.467    -0.625     0.624
 8   139.538   -29.570   -39.740
 8     0.450    -0.454     0.774
 8     0.378     0.876     0.292
 8    -0.809     0.162     0.562
 9   128.705   -33.233   -16.844
 9    -0.649     0.608     0.459
 9     0.666     0.164     0.727
 9     0.367     0.777    -0.510
 2    98.714   -22.394    59.169
 2     0.562    -0.827     0.000
 2     0.826     0.561     0.054
 2    -0.045    -0.031     0.998
 3   108.641    -1.234     1.325
 3     0.177     0.068     0.982
 3    -0.124     0.991    -0.047
 3    -0.976    -0.114     0.184
 4   116.013    13.804   -14.738
 4     0.658    -0.493     0.571
 4     0.728     0.608    -0.315
 4    -0.192     0.621     0.758
 5   146.736    26.649   -34.794
 5     0.634     0.465     0.626
 5    -0.253     0.881    -0.394
 5    -0.731     0.093     0.672
 6   133.606    29.801   -12.804
 6    -0.796    -0.441     0.416
 6    -0.560     0.272    -0.783
 6     0.231    -0.855    -0.463
 7   115.803   -16.565   -12.950
 7     0.509     0.384     0.771
 7    -0.721     0.678     0.138
 7    -0.470    -0.627     0.621
 8   139.221   -29.426   -40.180
 8     0.446    -0.451     0.777
 8     0.374     0.878     0.293
 8    -0.813     0.161     0.556
 9   128.723   -33.021   -17.127
 9    -0.644     0.619     0.452
 9     0.667     0.165     0.726
 9     0.374     0.768    -0.518
 2    98.716   -22.393    59.166
 2     0.562    -0.827    -0.000
 2     0.826     0.561     0.054
 2    -0.044    -0.031     0.998
 3   108.643    -1.242     1.350
 3     0.173     0.069     0.982
 3    -0.126     0.991    -0.048
 3    -0.977    -0.115     0.181
 4   115.701    13.668   -14.785
 4     0.649    -0.488     0.586
 4     0.733     0.606    -0.308
 4    -0.205     0.628     0.749
 5   145.816    26.814   -35.667
 5     0.626     0.450     0.645
 5    -0.238     0.889    -0.385
 5    -0.743     0.089     0.659
 6   133.292    29.693   -13.319
 6    -0.786    -0.460     0.415
 6    -0.568     0.268    -0.778
 6     0.246    -0.847    -0.471
 7   115.747   -16.567   -12.940
 7     0.509     0.380     0.773
 7    -0.719     0.680     0.139
 7    -0.473    -0.627     0.618
 8   139.015   -29.185   -40.796
 8     0.435    -0.466     0.775
 8     0.369     0.872     0.316
 8    -0.822     0.150     0.546
 9   129.109   -32.613   -17.664
 9    -0.656     0.628     0.421
 9     0.645     0.176     0.743
 9     0.392     0.758    -0.520
 2    98.717   -22.393    59.166
 2     0.562    -0.827     0.000
 2     0.825     0.561     0.054
 2    -0.044    -0.031     0.998
 3   108.648    -1.249     1.432
 3     0.167     0.077     0.983
 3    -0.132     0.990    -0.055
 3    -0.977    -0.121     0.176
 4   115.515    13.461   -14.821
 4     0.655    -0.456     0.605
 4     0.719     0.618    -0.315
 4    -0.231     0.640     0.731
 5   145.080    26.149   -37.259
 5     0.603     0.452     0.665
 5    -0.233     0.888    -0.389
 5    -0.763     0.080     0.637
 6   133.671    28.854   -14.767
 6    -0.791    -0.491     0.367
 6    -0.540     0.276    -0.795
 6     0.288    -0.826    -0.483
 7   115.604   -16.571   -12.976
 7     0.513     0.374     0.773
 7    -0.712     0.688     0.140
 7    -0.479    -0.622     0.619
 8   138.806   -27.673   -42.420
 8     0.389    -0.540     0.750
 8     0.378     0.832     0.403
 8    -0.840     0.128     0.523
 9   129.871   -31.677   -18.613
 9    -0.680     0.636     0.366
 9     0.598     0.193     0.778
 9     0.423     0.747    -0.511
 2    98.717   -22.393    59.166
 2     0.562    -0.827     0.000
 2     0.825     0.561     0.054
 2    -0.044    -0.031     0.998
 3   108.609    -1.211     1.468
 3     0.159     0.091     0.983
 3    -0.135     0.988    -0.070
 3    -0.978    -0.122     0.170
 4   115.346    13.388   -14.899
 4     0.663    -0.428     0.616
 4     0.706     0.629    -0.323
 4    -0.250     0.648     0.718
 5   144.831    25.415   -38.733
 5     0.587     0.462     0.672
 5    -0.217     0.882    -0.412
 5    -0.780     0.096     0.614
 6   133.912    28.248   -15.485
 6    -0.802    -0.498     0.331
 6    -0.515     0.297    -0.804
 6     0.302    -0.815    -0.494
 7   115.286   -16.578   -12.899
 7     0.514     0.367     0.776
 7    -0.706     0.693     0.140
 7    -0.487    -0.620     0.615
 8   138.589   -27.533   -43.294
 8     0.377    -0.555     0.746
 8     0.348     0.826     0.439
 8    -0.858     0.095     0.500
 9   130.102   -31.080   -19.302
 9    -0.691     0.648     0.322
 9     0.566     0.208     0.797
 9     0.449     0.733    -0.510
 2    98.742   -22.393    59.166
 2     0.562    -0.827     0.000
 2     0.825     0.561     0.054
 2    -0.044    -0.031     0.998
 3   108.523    -1.322     1.586
 3     0.151     0.098     0.983
 3    -0.143     0.987    -0.077
 3    -0.978    -0.129     0.163
 4   115.151    13.174   -14.951
 4     0.665    -0.418     0.620
 4     0.700     0.635    -0.323
 4    -0.259     0.648     0.714
 5   144.686    25.182   -39.054
 5     0.584     0.462     0.675
 5    -0.211     0.881    -0.417
 5    -0.784     0.102     0.608
 6   133.744    27.918   -15.747
 6    -0.804    -0.498     0.327
 6    -0.511     0.297    -0.807
 6     0.305    -0.815    -0.492
 7   114.922   -16.739   -12.767
 7     0.508     0.362     0.782
 7    -0.704     0.695     0.136
 7    -0.495    -0.621     0.607
 8   138.205   -27.001   -43.738
 8     0.367    -0.550     0.755
 8     0.355     0.828     0.430
 8    -0.860     0.112     0.495
 9   129.960   -31.039   -19.691
 9    -0.695     0.649     0.311
 9     0.550     0.202     0.810
 9     0.463     0.733    -0.497
 2    98.742   -22.393    59.192
 2     0.562    -0.827     0.000
 2     0.825     0.561     0.054
 2    -0.044    -0.031     0.998
 3   108.326    -1.410     1.689
 3     0.143     0.100     0.984
 3    -0.149     0.986    -0.079
 3    -0.979    -0.135     0.156
 4   114.872    13.021   -14.919
 4     0.662    -0.421     0.621
 4     0.702     0.635    -0.320
 4    -0.261     0.647     0.715
 5   144.687    25.160   -38.909
 5     0.587     0.461     0.674
 5    -0.209     0.881    -0.417
 5    -0.783     0.105     0.609
 6   133.587    27.832   -15.448
 6    -0.805    -0.487     0.339
 6    -0.517     0.295    -0.804
 6     0.291    -0.822    -0.489
 7   114.732   -16.745   -12.748
 7     0.508     0.359     0.784
 7    -0.701     0.700     0.133
 7    -0.501    -0.617     0.606
 8   138.430   -26.297   -43.897
 8     0.385    -0.538     0.754
 8     0.363     0.835     0.409
 8    -0.848     0.117     0.513
 9   129.780   -30.720   -19.998
 9    -0.692     0.642     0.330
 9     0.556     0.184     0.810
 9     0.459     0.744    -0.484
 2    98.714   -22.394    59.169
 2     0.562    -0.827     0.000
 2     0.826     0.561     0.054
 2    -0.045    -0.031     0.998
 3   108.277    -1.410     1.690
 3     0.141     0.100     0.985
 3    -0.147     0.986    -0.079
 3    -0.979    -0.134     0.154
 4   114.927    13.076   -14.929
 4     0.659    -0.425     0.622
 4     0.706     0.632    -0.318
 4    -0.258     0.648     0.716
 5   144.638    25.238   -38.687
 5     0.588     0.461     0.672
 5    -0.207     0.881    -0.419
 5    -0.782     0.108     0.610
 6   133.520    27.958   -15.306
 6    -0.801    -0.484     0.353
 6    -0.526     0.289    -0.800
 6     0.285    -0.826    -0.485
 7   114.742   -16.648   -12.734
 7     0.509     0.358     0.783
 7    -0.697     0.704     0.131
 7    -0.506    -0.612     0.607
 8   138.449   -26.223   -44.021
 8     0.385    -0.536     0.756
 8     0.363     0.836     0.407
 8    -0.849     0.119     0.512
 9   129.884   -30.643   -20.077
 9    -0.691     0.643     0.332
 9     0.556     0.182     0.810
 9     0.460     0.744    -0.483
 2    98.742   -22.393    59.167
 2     0.563    -0.827     0.000
 2     0.825     0.561     0.054
 2    -0.044    -0.031     0.998
 3   108.273    -1.358     1.736
 3     0.142     0.096     0.985
 3    -0.146     0.986    -0.076
 3    -0.979    -0.133     0.154
 4   114.877    13.206   -14.881
 4     0.655    -0.432     0.622
 4     0.711     0.628    -0.313
 4    -0.257     0.646     0.717
 5   144.637    25.519   -38.492
 5     0.590     0.462     0.669
 5    -0.206     0.880    -0.422
 5    -0.781     0.112     0.610
 6   133.326    28.235   -15.086
 6    -0.797    -0.480     0.367
 6    -0.536     0.284    -0.795
 6     0.278    -0.830    -0.482
 7   114.789   -16.598   -12.782
 7     0.509     0.358     0.784
 7    -0.696     0.706     0.129
 7    -0.507    -0.611     0.607
 8   138.355   -26.119   -44.030
 8     0.377    -0.535     0.760
 8     0.369     0.835     0.404
 8    -0.850     0.129     0.508
 9   129.890   -30.642   -20.133
 9    -0.690     0.644     0.333
 9     0.557     0.179     0.811
 9     0.462     0.744    -0.481
 2    98.717   -22.393    59.167
 2     0.563    -0.827     0.000
 2     0.825     0.561     0.054
 2    -0.044    -0.031     0.998
 3   108.374    -1.355     1.684
 3     0.142     0.093     0.985
 3    -0.145     0.987    -0.073
 3    -0.979    -0.133     0.153
 4   114.928    13.208   -14.884
 4     0.651    -0.437     0.622
 4     0.715     0.626    -0.309
 4    -0.256     0.645     0.719
 5   144.638    25.698   -38.320
 5     0.592     0.463     0.667
 5    -0.206     0.879    -0.424
 5    -0.780     0.115     0.612
 6   133.288    28.308   -15.046
 6    -0.796    -0.477     0.374
 6    -0.540     0.281    -0.793
 6     0.273    -0.832    -0.481
 7   114.887   -16.599   -12.779
 7     0.509     0.358     0.784
 7    -0.695     0.706     0.129
 7    -0.508    -0.611     0.607
 8   138.298   -25.905   -43.984
 8     0.370    -0.542     0.759
 8     0.381     0.829     0.405
 8    -0.847     0.141     0.508
 9   129.962   -30.719   -20.052
 9    -0.691     0.642     0.333
 9     0.556     0.179     0.811
 9     0.461     0.746    -0.480
 2    98.714   -22.343    59.169
 2     0.562    -0.828     0.000
 2     0.826     0.560     0.055
 2    -0.045    -0.031     0.998
 3   108.380    -1.356     1.741
 3     0.141     0.089     0.986
 3    -0.146     0.987    -0.068
 3    -0.979    -0.134     0.152
 4   114.931    13.210   -14.887
 4     0.650    -0.439     0.622
 4     0.716     0.626    -0.307
 4    -0.255     0.645     0.720
 5   144.693    25.777   -38.229
 5     0.594     0.463     0.665
 5    -0.205     0.878    -0.425
 5    -0.778     0.117     0.613
 6   133.276    28.356   -14.878
 6    -0.796    -0.473     0.378
 6    -0.543     0.281    -0.792
 6     0.268    -0.835    -0.480
 7   114.890   -16.647   -12.834
 7     0.511     0.354     0.784
 7    -0.694     0.706     0.134
 7    -0.507    -0.613     0.606
 8   138.425   -25.850   -43.838
 8     0.369    -0.546     0.756
 8     0.385     0.825     0.408
 8    -0.846     0.142     0.510
 9   130.049   -30.775   -19.833
 9    -0.693     0.638     0.336
 9     0.557     0.181     0.810
 9     0.456     0.748    -0.481
 2    98.716   -22.393    59.166
 2     0.562    -0.827    -0.000
 2     0.826     0.561     0.054
 2    -0.044    -0.031     0.998
 3   108.408    -1.407     1.744
 3     0.140     0.088     0.986
 3    -0.146     0.987    -0.068
 3    -0.979    -0.134     0.151
 4   114.883    13.211   -14.838
 4     0.649    -0.441     0.621
 4     0.717     0.625    -0.307
 4    -0.254     0.644     0.721
 5   144.796    25.909   -38.012
 5     0.597     0.462     0.663
 5    -0.203     0.878    -0.426
 5    -0.776     0.121     0.615
 6   133.267    28.354   -14.789
 6    -0.796    -0.471     0.382
 6    -0.545     0.281    -0.790
 6     0.264    -0.836    -0.479
 7   114.920   -16.695   -12.790
 7     0.512     0.354     0.783
 7    -0.695     0.705     0.135
 7    -0.505    -0.614     0.606
 8   138.528   -25.900   -43.760
 8     0.369    -0.548     0.755
 8     0.385     0.824     0.410
 8    -0.846     0.140     0.511
 9   130.118   -30.778   -19.801
 9    -0.694     0.637     0.337
 9     0.558     0.182     0.809
 9     0.454     0.749    -0.481
 2    98.717   -22.393    59.167
 2     0.563    -0.827    -0.000
 2     0.825     0.561     0.054
 2    -0.044    -0.031     0.998
 3   108.406    -1.412     1.764
 3     0.138     0.088     0.986
 3    -0.146     0.987    -0.068
 3    -0.980    -0.135     0.149
 4   114.885    13.212   -14.842
 4     0.649    -0.440     0.622
 4     0.717     0.625    -0.308
 4    -0.253     0.645     0.720
 5   144.795    25.960   -37.937
 5     0.598     0.462     0.662
 5    -0.202     0.878    -0.427
 5    -0.776     0.122     0.615
 6   133.217    28.354   -14.790
 6    -0.795    -0.471     0.383
 6    -0.546     0.280    -0.790
 6     0.264    -0.836    -0.479
 7   114.923   -16.694   -12.742
 7     0.512     0.353     0.784
 7    -0.695     0.705     0.137
 7    -0.504    -0.615     0.606
 8   138.526   -25.978   -43.652
 8     0.369    -0.549     0.754
 8     0.384     0.824     0.412
 8    -0.847     0.138     0.510
 9   130.086   -30.832   -19.642
 9    -0.693     0.636     0.339
 9     0.562     0.184     0.806
 9     0.451     0.749    -0.485
 2    98.742   -22.393    59.192
 2     0.563    -0.827     0.000
 2     0.825     0.561     0.054
 2    -0.044    -0.031     0.998
 3   108.421    -1.459     1.756
 3     0.137     0.089     0.986
 3    -0.147     0.987    -0.068
 3    -0.979    -0.136     0.148
 4   114.885    13.186   -14.841
 4     0.650    -0.440     0.622
 4     0.717     0.624    -0.309
 4    -0.253     0.645     0.720
 5   144.746    25.959   -37.835
 5     0.598     0.463     0.662
 5    -0.203     0.878    -0.427
 5    -0.776     0.122     0.615
 6   133.218    28.355   -14.740
 6    -0.795    -0.471     0.384
 6    -0.547     0.281    -0.789
 6     0.264    -0.836    -0.480
 7   114.927   -16.694   -12.667
 7     0.510     0.356     0.784
 7    -0.698     0.702     0.135
 7    -0.503    -0.616     0.605
 8   138.422   -26.107   -43.571
 8     0.367    -0.549     0.755
 8     0.382     0.824     0.414
 8    -0.848     0.138     0.508
 9   129.981   -30.885   -19.562
 9    -0.692     0.637     0.340
 9     0.565     0.184     0.804
 9     0.449     0.748    -0.487
 2    98.717   -22.342    59.192
 2     0.562    -0.827     0.000
 2     0.825     0.561     0.054
 2    -0.044    -0.031     0.998
 3   108.415    -1.414     1.773
 3     0.136     0.088     0.987
 3    -0.147     0.987    -0.068
 3    -0.980    -0.136     0.147
 4   114.863    13.189   -14.848
 4     0.648    -0.442     0.622
 4     0.719     0.622    -0.308
 4    -0.251     0.646     0.719
 5   144.698    26.062   -37.814
 5     0.598     0.463     0.661
 5    -0.203     0.878    -0.428
 5    -0.775     0.123     0.615
 6   133.012    28.474   -14.442
 6    -0.794    -0.463     0.395
 6    -0.554     0.284    -0.783
 6     0.250    -0.840    -0.481
 7   114.871   -16.785   -12.598
 7     0.516     0.358     0.779
 7    -0.699     0.699     0.142
 7    -0.494    -0.619     0.611
 8   139.013   -26.432   -42.757
 8     0.379    -0.559     0.742
