% Calibrated with leiden_pols
% Positions are in centimeters
Data =[
 2    98.742   -22.393    59.166
 2     0.562    -0.828     0.000
 2     0.826     0.561     0.054
 2    -0.044    -0.031     0.998
 3   112.727    -0.782    -2.011
 3     0.360     0.089     0.929
 3    -0.133     0.990    -0.043
 3    -0.924    -0.109     0.368
 4   128.527    18.126   -13.134
 4     0.698    -0.715     0.042
 4     0.619     0.571    -0.540
 4     0.361     0.403     0.841
 5   147.428    28.562    36.800
 5     0.332    -0.183    -0.925
 5    -0.097     0.969    -0.228
 5     0.938     0.166     0.303
 6   127.333    26.972    19.003
 6    -0.139     0.705     0.696
 6    -0.255     0.653    -0.712
 6    -0.957    -0.275     0.091
 7   128.568   -18.975   -12.643
 7     0.705     0.672     0.228
 7    -0.693     0.583     0.424
 7     0.153    -0.457     0.876
 8   145.134   -28.862    35.726
 8     0.393     0.422    -0.819
 8     0.153     0.847     0.508
 8     0.907    -0.323     0.268
 9   122.615   -30.948    15.716
 9    -0.186    -0.695     0.695
 9     0.239     0.654     0.717
 9    -0.953     0.298     0.046
 2    98.739   -22.343    59.169
 2     0.562    -0.827     0.000
 2     0.826     0.561     0.054
 2    -0.045    -0.031     0.998
 3   112.681    -0.781    -2.018
 3     0.360     0.090     0.928
 3    -0.134     0.990    -0.044
 3    -0.923    -0.108     0.369
 4   128.524    18.125   -13.182
 4     0.698    -0.715     0.043
 4     0.619     0.571    -0.539
 4     0.360     0.403     0.841
 5   147.428    28.562    36.800
 5     0.332    -0.183    -0.925
 5    -0.097     0.969    -0.228
 5     0.938     0.166     0.303
 6   127.335    26.973    19.004
 6    -0.139     0.705     0.696
 6    -0.254     0.654    -0.712
 6    -0.957    -0.275     0.090
 7   128.566   -18.976   -12.640
 7     0.705     0.671     0.229
 7    -0.693     0.583     0.424
 7     0.152    -0.458     0.876
 8   145.134   -28.862    35.726
 8     0.393     0.422    -0.819
 8     0.153     0.847     0.508
 8     0.907    -0.323     0.268
 9   122.615   -30.948    15.716
 9    -0.186    -0.694     0.696
 9     0.239     0.654     0.716
 9    -0.953     0.298     0.046
 2    98.741   -22.393    59.192
 2     0.562    -0.828     0.000
 2     0.826     0.561     0.054
 2    -0.044    -0.031     0.998
 3   112.732    -0.781    -2.017
 3     0.360     0.089     0.928
 3    -0.134     0.990    -0.043
 3    -0.923    -0.109     0.369
 4   128.526    18.126   -13.185
 4     0.697    -0.715     0.043
 4     0.619     0.570    -0.540
 4     0.361     0.404     0.840
 5   147.419    28.559    36.807
 5     0.334    -0.188    -0.923
 5    -0.099     0.967    -0.235
 5     0.937     0.170     0.304
 6   127.310    26.947    19.055
 6    -0.139     0.704     0.697
 6    -0.254     0.654    -0.711
 6    -0.957    -0.275     0.090
 7   128.568   -19.026   -12.643
 7     0.704     0.672     0.228
 7    -0.693     0.582     0.425
 7     0.153    -0.457     0.876
 8   145.005   -28.914    35.811
 8     0.393     0.427    -0.816
 8     0.154     0.843     0.513
 8     0.906    -0.326     0.266
 9   122.489   -30.899    15.866
 9    -0.184    -0.690     0.701
 9     0.238     0.659     0.712
 9    -0.953     0.297     0.044
 2    98.742   -22.342    59.166
 2     0.562    -0.828     0.000
 2     0.826     0.560     0.054
 2    -0.044    -0.031     0.998
 3   112.684    -0.831    -1.965
 3     0.360     0.088     0.929
 3    -0.134     0.990    -0.041
 3    -0.923    -0.110     0.368
 4   128.486    18.079   -13.096
 4     0.696    -0.717     0.042
 4     0.618     0.568    -0.543
 4     0.365     0.404     0.838
 5   147.384    28.582    36.812
 5     0.337    -0.195    -0.921
 5    -0.101     0.965    -0.243
 5     0.936     0.175     0.305
 6   127.213    26.948    19.108
 6    -0.140     0.703     0.698
 6    -0.255     0.655    -0.711
 6    -0.957    -0.276     0.089
 7   128.506   -19.024   -12.479
 7     0.701     0.676     0.226
 7    -0.695     0.578     0.427
 7     0.158    -0.457     0.875
 8   144.997   -28.919    35.878
 8     0.398     0.435    -0.810
 8     0.152     0.838     0.522
 8     0.904    -0.330     0.268
 9   122.335   -30.873    15.988
 9    -0.185    -0.687     0.704
 9     0.238     0.663     0.709
 9    -0.953     0.298     0.042
 2    98.742   -22.342    59.166
 2     0.562    -0.828     0.000
 2     0.826     0.561     0.054
 2    -0.044    -0.031     0.998
 3   112.634    -0.834    -1.953
 3     0.358     0.084     0.930
 3    -0.135     0.990    -0.038
 3    -0.924    -0.112     0.366
 4   128.392    18.133   -12.980
 4     0.694    -0.719     0.042
 4     0.618     0.564    -0.547
 4     0.368     0.406     0.836
 5   147.324    28.632    36.869
 5     0.340    -0.201    -0.919
 5    -0.101     0.963    -0.250
 5     0.935     0.178     0.306
 6   127.165    26.947    19.162
 6    -0.141     0.702     0.698
 6    -0.255     0.656    -0.710
 6    -0.957    -0.276     0.088
 7   128.455   -19.024   -12.428
 7     0.701     0.677     0.226
 7    -0.695     0.578     0.427
 7     0.158    -0.456     0.875
 8   144.948   -28.919    35.929
 8     0.398     0.436    -0.809
 8     0.152     0.837     0.524
 8     0.904    -0.330     0.267
 9   122.311   -30.822    15.989
 9    -0.185    -0.686     0.704
 9     0.238     0.663     0.708
 9    -0.953     0.297     0.042
 2    98.741   -22.342    59.192
 2     0.562    -0.828    -0.000
 2     0.826     0.560     0.055
 2    -0.044    -0.031     0.998
 3   112.633    -0.782    -1.903
 3     0.358     0.083     0.930
 3    -0.134     0.990    -0.037
 3    -0.924    -0.112     0.365
 4   128.372    18.135   -13.037
 4     0.693    -0.720     0.042
 4     0.619     0.563    -0.548
 4     0.370     0.406     0.835
 5   147.266    28.629    36.877
 5     0.340    -0.204    -0.918
 5    -0.102     0.962    -0.253
 5     0.934     0.180     0.306
 6   127.091    26.896    19.188
 6    -0.141     0.702     0.699
 6    -0.255     0.656    -0.710
 6    -0.957    -0.276     0.088
 7   128.460   -18.972   -12.434
 7     0.700     0.677     0.225
 7    -0.695     0.577     0.427
 7     0.160    -0.455     0.875
 8   144.899   -28.970    35.955
 8     0.398     0.438    -0.808
 8     0.151     0.836     0.525
 8     0.904    -0.330     0.266
 9   122.312   -30.823    16.040
 9    -0.184    -0.686     0.705
 9     0.238     0.664     0.708
 9    -0.953     0.297     0.042
 2    98.742   -22.342    59.166
 2     0.562    -0.828     0.000
 2     0.826     0.561     0.054
 2    -0.044    -0.031     0.998
 3   112.634    -0.782    -1.953
 3     0.358     0.082     0.930
 3    -0.134     0.990    -0.036
 3    -0.924    -0.113     0.365
 4   128.374    18.136   -12.990
 4     0.692    -0.721     0.043
 4     0.619     0.561    -0.549
 4     0.371     0.406     0.835
 5   147.214    28.629    36.875
 5     0.341    -0.207    -0.917
 5    -0.103     0.961    -0.256
 5     0.934     0.183     0.306
 6   127.090    26.898    19.237
 6    -0.140     0.702     0.699
 6    -0.255     0.656    -0.710
 6    -0.957    -0.276     0.088
 7   128.411   -18.971   -12.387
 7     0.700     0.678     0.223
 7    -0.695     0.577     0.427
 7     0.161    -0.454     0.876
 8   144.874   -28.970    36.006
 8     0.399     0.439    -0.807
 8     0.152     0.835     0.527
 8     0.904    -0.332     0.267
 9   122.264   -30.824    16.068
 9    -0.183    -0.686     0.705
 9     0.238     0.664     0.708
 9    -0.953     0.297     0.043
 2    98.741   -22.342    59.192
 2     0.562    -0.828     0.000
 2     0.826     0.561     0.054
 2    -0.044    -0.031     0.998
 3   112.683    -0.782    -1.954
 3     0.358     0.082     0.930
 3    -0.134     0.990    -0.035
 3    -0.924    -0.112     0.365
 4   128.376    18.137   -12.942
 4     0.691    -0.722     0.042
 4     0.619     0.560    -0.549
 4     0.372     0.406     0.834
 5   147.214    28.629    36.926
 5     0.341    -0.208    -0.917
 5    -0.103     0.961    -0.258
 5     0.934     0.183     0.306
