% Calibrated with leiden_pols
% Positions are in centimeters
Data =[
 2    96.910   -18.137    59.697
 2     0.109    -0.994     0.001
 2     0.993     0.109     0.033
 2    -0.033    -0.003     0.999
 3   124.207    -1.913    10.082
 3    -0.176     0.065    -0.982
 3     0.124    -0.988    -0.088
 3    -0.976    -0.138     0.165
 4   114.410    15.444    -8.391
 4     0.501    -0.854     0.139
 4     0.845     0.448    -0.290
 4     0.185     0.262     0.947
 5   108.848    26.848    20.641
 5     0.137     0.071     0.988
 5     0.311    -0.950     0.025
 5     0.940     0.303    -0.153
 6   124.840    28.082    48.027
 6     0.537    -0.832     0.137
 6    -0.021    -0.176    -0.984
 6     0.843     0.526    -0.112
 7   116.096   -21.270    -8.522
 7     0.375     0.905     0.197
 7    -0.898     0.304     0.317
 7     0.227    -0.296     0.927
 8   113.013   -26.540    22.685
 8     0.333    -0.217     0.917
 8    -0.261    -0.956    -0.131
 8     0.906    -0.196    -0.376
 9   139.008   -31.631    22.129
 9     0.971     0.043    -0.236
 9     0.173     0.551     0.816
 9     0.166    -0.833     0.528
 2    96.910   -18.086    59.697
 2     0.109    -0.994     0.001
 2     0.993     0.109     0.033
 2    -0.033    -0.003     0.999
 3   124.024    -1.909    10.165
 3    -0.183     0.065    -0.981
 3     0.125    -0.988    -0.089
 3    -0.975    -0.139     0.173
 4   114.304    15.526    -8.185
 4     0.500    -0.855     0.134
 4     0.844     0.448    -0.296
 4     0.193     0.261     0.946
 5   109.332    25.531    21.188
 5     0.139     0.073     0.987
 5     0.272    -0.962     0.033
 5     0.952     0.264    -0.154
 6   124.318    28.497    49.372
 6     0.429    -0.884    -0.183
 6     0.008     0.206    -0.978
 6     0.903     0.419     0.095
 7   116.003   -21.438    -8.408
 7     0.372     0.907     0.197
 7    -0.897     0.296     0.329
 7     0.240    -0.299     0.923
 8   112.332   -26.376    22.721
 8     0.316    -0.240     0.917
 8    -0.271    -0.950    -0.156
 8     0.909    -0.199    -0.365
 9   137.872   -32.717    22.620
 9     0.974     0.089    -0.206
 9     0.135     0.499     0.856
 9     0.179    -0.862     0.474
 2    96.910   -18.086    59.697
 2     0.109    -0.994     0.000
 2     0.993     0.109     0.033
 2    -0.033    -0.003     0.999
 3   123.949    -1.930    10.151
 3    -0.188     0.063    -0.980
 3     0.126    -0.988    -0.088
 3    -0.974    -0.140     0.177
 4   114.362    15.579    -8.142
 4     0.502    -0.855     0.132
 4     0.842     0.449    -0.299
 4     0.196     0.261     0.945
 5   109.744    24.795    21.473
 5     0.129     0.070     0.989
 5     0.245    -0.969     0.036
 5     0.961     0.237    -0.142
 6   123.566    28.277    49.930
 6     0.289    -0.745    -0.601
 6    -0.020     0.623    -0.782
 6     0.957     0.238     0.165
 7   116.035   -21.377    -8.371
 7     0.368     0.908     0.196
 7    -0.894     0.289     0.341
 7     0.253    -0.302     0.919
 8   111.533   -26.228    22.387
 8     0.283    -0.262     0.922
 8    -0.287    -0.941    -0.180
 8     0.915    -0.214    -0.341
 9   134.969   -34.928    23.463
 9     0.966     0.219    -0.136
 9     0.050     0.357     0.932
 9     0.252    -0.908     0.334
 2    96.910   -18.086    59.697
 2     0.109    -0.994     0.000
 2     0.993     0.108     0.033
 2    -0.033    -0.003     0.999
 3   123.909    -1.905    10.333
 3    -0.187     0.062    -0.980
 3     0.128    -0.988    -0.087
 3    -0.974    -0.142     0.176
 4   114.363    15.705    -8.015
 4     0.504    -0.854     0.130
 4     0.841     0.450    -0.299
 4     0.196     0.260     0.945
 5   109.396    24.649    21.249
 5     0.089     0.027     0.995
 5     0.220    -0.975     0.007
 5     0.971     0.219    -0.094
 6   122.086    27.993    50.677
 6     0.167    -0.692    -0.702
 6    -0.046     0.706    -0.707
 6     0.985     0.150     0.086
 7   116.074   -21.321    -8.339
 7     0.369     0.908     0.195
 7    -0.893     0.288     0.347
 7     0.259    -0.302     0.917
 8   110.925   -26.989    21.705
 8     0.233    -0.250     0.939
 8    -0.303    -0.937    -0.174
 8     0.924    -0.245    -0.294
 9   129.479   -36.181    27.842
 9     0.868     0.488    -0.085
 9    -0.030     0.223     0.974
 9     0.495    -0.844     0.209
 2    96.910   -18.086    59.697
 2     0.109    -0.994     0.000
 2     0.993     0.108     0.033
 2    -0.033    -0.003     0.999
 3   124.006    -1.906    10.238
 3    -0.183     0.061    -0.981
 3     0.132    -0.987    -0.086
 3    -0.974    -0.145     0.173
 4   114.555    15.803    -8.001
 4     0.505    -0.854     0.129
 4     0.841     0.453    -0.294
 4     0.192     0.256     0.947
 5   108.693    24.496    20.662
 5     0.048     0.010     0.999
 5     0.209    -0.978    -0.000
 5     0.976     0.209    -0.049
 6   120.138    27.920    50.689
 6     0.094    -0.646    -0.758
 6    -0.031     0.759    -0.650
 6     0.995     0.085     0.051
 7   116.410   -21.361    -8.414
 7     0.379     0.906     0.188
 7    -0.886     0.298     0.354
 7     0.265    -0.301     0.916
 8   110.359   -27.968    20.939
 8     0.184    -0.177     0.967
 8    -0.293    -0.949    -0.117
 8     0.938    -0.261    -0.227
 9   122.935   -34.379    36.404
 9     0.587     0.780    -0.214
 9    -0.028     0.283     0.958
 9     0.809    -0.557     0.188
 2    96.910   -18.137    59.697
 2     0.109    -0.994     0.000
 2     0.993     0.109     0.033
 2    -0.033    -0.003     0.999
 3   124.119    -1.911    10.206
 3    -0.178     0.061    -0.982
 3     0.134    -0.987    -0.086
 3    -0.975    -0.147     0.168
 4   114.593    15.825    -8.164
 4     0.504    -0.854     0.130
 4     0.843     0.453    -0.289
 4     0.187     0.255     0.948
 5   108.344    24.336    20.287
 5     0.019    -0.004     1.000
 5     0.203    -0.979    -0.008
 5     0.979     0.203    -0.018
 6   118.774    28.240    50.495
 6     0.022    -0.557    -0.830
 6     0.001     0.830    -0.557
 6     1.000     0.010     0.019
 7   116.366   -21.535    -8.475
 7     0.381     0.905     0.186
 7    -0.885     0.299     0.358
 7     0.268    -0.301     0.915
 8   110.249   -27.653    20.738
 8     0.130    -0.129     0.983
 8    -0.252    -0.963    -0.093
 8     0.959    -0.235    -0.158
 9   118.136   -32.603    42.734
 9     0.251     0.842    -0.478
 9    -0.032     0.500     0.865
 9     0.967    -0.202     0.152
 2    96.858   -18.087    59.700
 2     0.108    -0.994     0.000
 2     0.993     0.108     0.033
 2    -0.034    -0.004     0.999
 3   124.072    -1.911    10.181
 3    -0.175     0.059    -0.983
 3     0.133    -0.988    -0.083
 3    -0.975    -0.145     0.165
 4   114.625    15.742    -8.419
 4     0.504    -0.854     0.130
 4     0.845     0.456    -0.280
 4     0.179     0.250     0.951
 5   108.285    24.288    19.754
 5     0.001    -0.018     1.000
 5     0.202    -0.979    -0.018
 5     0.979     0.202     0.002
 6   117.532    28.786    50.939
 6     0.000    -0.428    -0.904
 6     0.077     0.901    -0.427
 6     0.997    -0.070     0.033
 7   116.485   -21.824    -8.387
 7     0.376     0.910     0.174
 7    -0.881     0.293     0.372
 7     0.288    -0.293     0.911
 8   109.723   -26.964    20.531
 8     0.072    -0.122     0.990
 8    -0.215    -0.971    -0.104
 8     0.974    -0.205    -0.096
 9   114.964   -31.598    45.185
 9     0.104     0.831    -0.547
 9    -0.035     0.552     0.833
 9     0.994    -0.068     0.087
 2    96.908   -18.087    59.700
 2     0.108    -0.994     0.000
 2     0.993     0.108     0.033
 2    -0.034    -0.004     0.999
 3   124.158    -2.128    10.158
 3    -0.168     0.053    -0.984
 3     0.125    -0.989    -0.075
 3    -0.978    -0.136     0.160
 4   115.019    15.635    -8.654
 4     0.510    -0.852     0.122
 4     0.842     0.465    -0.271
 4     0.174     0.241     0.954
 5   108.569    24.560    19.754
 5    -0.008    -0.040     0.999
 5     0.207    -0.978    -0.038
 5     0.978     0.206     0.016
 6   117.988    28.903    50.381
 6     0.061    -0.324    -0.944
 6     0.127     0.940    -0.315
 6     0.990    -0.101     0.099
 7   116.492   -21.927    -8.369
 7     0.367     0.914     0.172
 7    -0.883     0.285     0.372
 7     0.291    -0.289     0.912
 8   109.668   -26.795    20.594
 8     0.062    -0.109     0.992
 8    -0.203    -0.974    -0.095
 8     0.977    -0.196    -0.083
 9   114.782   -30.087    44.620
 9     0.132     0.791    -0.598
 9    -0.020     0.605     0.796
 9     0.991    -0.093     0.096
 2    96.908   -18.087    59.700
 2     0.108    -0.994     0.000
 2     0.993     0.108     0.034
 2    -0.034    -0.004     0.999
 3   124.304    -2.228    10.055
 3    -0.167     0.049    -0.985
 3     0.123    -0.990    -0.071
 3    -0.978    -0.134     0.159
 4   115.142    15.607    -8.698
 4     0.516    -0.848     0.121
 4     0.839     0.472    -0.271
 4     0.172     0.241     0.955
 5   109.212    24.493    20.091
 5     0.042     0.034     0.998
 5     0.232    -0.972     0.024
 5     0.972     0.231    -0.049
 6   120.488    30.104    49.191
 6     0.155    -0.753    -0.639
 6     0.052     0.652    -0.756
 6     0.986     0.084     0.140
 7   116.452   -21.932    -8.294
 7     0.369     0.912     0.179
 7    -0.885     0.286     0.368
 7     0.284    -0.294     0.912
 8   110.600   -27.185    21.083
 8     0.136    -0.134     0.981
 8    -0.231    -0.968    -0.101
 8     0.963    -0.213    -0.163
 9   119.244   -32.746    42.034
 9     0.311     0.878    -0.363
 9    -0.028     0.390     0.920
 9     0.950    -0.276     0.146
 2    96.910   -18.086    59.697
 2     0.108    -0.994     0.000
 2     0.993     0.108     0.033
 2    -0.033    -0.003     0.999
 3   124.303    -2.229     9.977
 3    -0.168     0.049    -0.984
 3     0.124    -0.990    -0.070
 3    -0.978    -0.134     0.160
 4   114.712    15.596    -8.680
 4     0.521    -0.841     0.145
 4     0.838     0.471    -0.275
 4     0.162     0.265     0.950
 5   110.166    24.340    20.421
 5     0.099     0.053     0.993
 5     0.228    -0.973     0.029
 5     0.968     0.223    -0.109
 6   123.033    29.422    49.144
 6     0.237    -0.812    -0.534
 6     0.013     0.552    -0.834
 6     0.971     0.190     0.141
 7   116.012   -21.890    -8.469
 7     0.388     0.895     0.218
 7    -0.884     0.295     0.363
 7     0.260    -0.334     0.906
 8   111.733   -27.237    21.538
 8     0.211    -0.119     0.970
 8    -0.231    -0.970    -0.068
 8     0.950    -0.210    -0.232
 9   123.528   -32.044    39.724
 9     0.453     0.798    -0.398
 9     0.004     0.444     0.896
 9     0.891    -0.408     0.198
 2    96.908   -18.087    59.700
 2     0.109    -0.994     0.000
 2     0.993     0.109     0.034
 2    -0.034    -0.004     0.999
 3   124.205    -2.252     9.586
 3    -0.195     0.045    -0.980
 3     0.130    -0.989    -0.071
 3    -0.972    -0.142     0.187
 4   113.962    15.428    -8.283
 4     0.523    -0.834     0.178
 4     0.840     0.468    -0.273
 4     0.144     0.292     0.945
 5   110.465    24.737    21.173
 5     0.148     0.060     0.987
 5     0.230    -0.973     0.025
 5     0.962     0.224    -0.158
 6   124.414    28.942    49.599
 6     0.314    -0.903    -0.292
 6    -0.097     0.276    -0.956
 6     0.944     0.329    -0.001
 7   115.571   -21.978    -8.187
 7     0.395     0.886     0.240
 7    -0.878     0.288     0.381
 7     0.269    -0.362     0.893
 8   112.355   -27.255    22.512
 8     0.267    -0.142     0.953
 8    -0.235    -0.969    -0.078
 8     0.934    -0.203    -0.292
 9   125.814   -32.324    38.790
 9     0.538     0.762    -0.361
 9     0.010     0.422     0.906
 9     0.843    -0.491     0.219
 2    96.908   -18.087    59.700
 2     0.109    -0.994     0.000
 2     0.993     0.109     0.034
 2    -0.034    -0.004     0.999
 3   123.874    -2.175     9.449
 3    -0.226     0.051    -0.973
 3     0.126    -0.989    -0.081
 3    -0.966    -0.141     0.217
 4   113.331    15.306    -7.988
 4     0.509    -0.839     0.192
 4     0.848     0.452    -0.277
 4     0.145     0.304     0.941
 5   109.943    25.162    21.485
 5     0.175     0.055     0.983
 5     0.241    -0.971     0.012
 5     0.954     0.234    -0.183
 6   124.684    28.314    49.694
 6     0.393    -0.906    -0.160
 6    -0.118     0.123    -0.985
 6     0.912     0.406    -0.058
 7   115.435   -22.033    -7.814
 7     0.407     0.883     0.231
 7    -0.867     0.295     0.401
 7     0.286    -0.364     0.886
 8   112.585   -27.371    22.861
 8     0.284    -0.128     0.950
 8    -0.231    -0.971    -0.062
 8     0.931    -0.202    -0.305
 9   126.164   -32.144    38.971
 9     0.533     0.751    -0.389
 9     0.012     0.453     0.891
 9     0.846    -0.480     0.232
 2    96.908   -18.087    59.700
 2     0.109    -0.994     0.000
 2     0.993     0.109     0.034
 2    -0.034    -0.004     0.999
 3   123.474    -2.112     9.314
 3    -0.238     0.057    -0.970
 3     0.125    -0.988    -0.089
 3    -0.963    -0.143     0.228
 4   113.014    15.367    -7.697
 4     0.509    -0.841     0.185
 4     0.846     0.449    -0.288
 4     0.159     0.303     0.939
 5   109.614    25.507    21.693
 5     0.181     0.053     0.982
 5     0.249    -0.969     0.007
 5     0.951     0.243    -0.189
 6   124.834    28.676    49.631
 6     0.393    -0.898    -0.197
 6    -0.103     0.170    -0.980
 6     0.914     0.405    -0.026
 7   115.174   -21.954    -7.677
 7     0.405     0.885     0.231
 7    -0.867     0.291     0.405
 7     0.291    -0.365     0.884
 8   112.032   -27.136    22.837
 8     0.261    -0.144     0.954
 8    -0.239    -0.968    -0.081
 8     0.935    -0.207    -0.287
 9   124.532   -32.304    39.982
 9     0.488     0.786    -0.380
 9    -0.008     0.439     0.898
 9     0.872    -0.436     0.220
 2    96.910   -18.137    59.697
 2     0.109    -0.994     0.000
 2     0.993     0.109     0.033
 2    -0.033    -0.003     0.999
 3   123.372    -2.112     9.415
 3    -0.239     0.056    -0.969
 3     0.125    -0.988    -0.088
 3    -0.963    -0.143     0.229
 4   113.370    15.602    -7.724
 4     0.518    -0.838     0.171
 4     0.838     0.458    -0.296
 4     0.170     0.296     0.940
 5   109.430    25.803    21.285
 5     0.144     0.022     0.989
 5     0.255    -0.967    -0.016
 5     0.956     0.255    -0.145
 6   124.380    28.608    49.870
 6     0.288    -0.780    -0.556
 6    -0.053     0.567    -0.822
 6     0.956     0.266     0.122
 7   115.226   -21.908    -7.833
 7     0.394     0.890     0.227
 7    -0.871     0.283     0.402
 7     0.293    -0.357     0.887
 8   111.159   -27.296    22.002
 8     0.202    -0.096     0.974
 8    -0.227    -0.973    -0.049
 8     0.952    -0.212    -0.218
 9   120.655   -30.337    41.603
 9     0.351     0.762    -0.545
 9     0.007     0.579     0.815
 9     0.936    -0.290     0.198
 2    96.910   -18.086    59.697
 2     0.109    -0.994     0.000
 2     0.993     0.108     0.033
 2    -0.033    -0.003     0.999
 3   123.479    -2.125     9.578
 3    -0.225     0.053    -0.973
 3     0.127    -0.988    -0.083
 3    -0.966    -0.142     0.216
 4   113.862    15.630    -7.855
 4     0.520    -0.841     0.151
 4     0.836     0.465    -0.291
 4     0.174     0.278     0.945
 5   108.502    25.865    20.638
 5     0.072    -0.028     0.997
 5     0.250    -0.967    -0.045
 5     0.965     0.252    -0.063
 6   121.501    28.699    49.883
 6     0.199    -0.662    -0.723
 6    -0.000     0.738    -0.675
 6     0.980     0.134     0.147
 7   115.795   -21.911    -8.025
 7     0.385     0.900     0.203
 7    -0.874     0.285     0.393
 7     0.296    -0.329     0.897
 8   110.004   -27.726    20.964
 8     0.117    -0.021     0.993
 8    -0.205    -0.979     0.004
 8     0.972    -0.204    -0.119
 9   116.482   -28.083    43.265
 9     0.190     0.690    -0.698
 9     0.043     0.704     0.708
 9     0.981    -0.165     0.104
 2    96.858   -18.087    59.700
 2     0.109    -0.994     0.000
 2     0.993     0.109     0.034
 2    -0.034    -0.003     0.999
 3   123.589    -2.061     9.927
 3    -0.210     0.058    -0.976
 3     0.127    -0.988    -0.086
 3    -0.969    -0.142     0.200
 4   114.419    15.641    -7.871
 4     0.514    -0.849     0.122
 4     0.838     0.466    -0.284
 4     0.184     0.248     0.951
 5   107.311    25.993    20.100
 5    -0.007    -0.056     0.998
 5     0.247    -0.968    -0.052
 5     0.969     0.246     0.021
 6   118.054    29.579    50.243
 6     0.067    -0.606    -0.792
 6     0.030     0.795    -0.606
 6     0.997     0.016     0.071
 7   116.316   -21.863    -8.069
 7     0.378     0.909     0.173
 7    -0.876     0.291     0.385
 7     0.300    -0.297     0.906
 8   108.915   -28.331    20.037
 8     0.038     0.048     0.998
 8    -0.192    -0.980     0.054
 8     0.981    -0.194    -0.028
 9   113.955   -27.759    44.381
 9     0.093     0.646    -0.758
 9     0.063     0.755     0.652
 9     0.994    -0.108     0.029
 2    96.907   -18.087    59.700
 2     0.108    -0.994     0.000
 2     0.993     0.108     0.034
 2    -0.034    -0.003     0.999
 3   123.786    -2.032    10.360
 3    -0.188     0.065    -0.980
 3     0.129    -0.987    -0.091
 3    -0.974    -0.144     0.177
 4   115.025    15.754    -7.994
 4     0.506    -0.857     0.095
 4     0.840     0.465    -0.279
 4     0.195     0.221     0.955
 5   106.018    25.991    19.222
 5    -0.077    -0.085     0.993
 5     0.246    -0.967    -0.064
 5     0.966     0.240     0.095
 6   114.410    30.269    50.701
 6    -0.038    -0.573    -0.818
 6     0.041     0.817    -0.574
 6     0.998    -0.055    -0.007
 7   116.960   -21.862    -8.417
 7     0.377     0.914     0.148
 7    -0.875     0.300     0.381
 7     0.303    -0.273     0.913
 8   108.370   -28.843    19.081
 8    -0.019     0.101     0.995
 8    -0.186    -0.978     0.096
 8     0.982    -0.183     0.037
 9   112.549   -27.568    45.274
 9     0.014     0.596    -0.803
 9     0.072     0.800     0.595
 9     0.997    -0.066    -0.032
 2    96.907   -18.087    59.700
 2     0.108    -0.994     0.000
 2     0.993     0.108     0.033
 2    -0.034    -0.003     0.999
 3   123.933    -2.036    10.537
 3    -0.178     0.074    -0.981
 3     0.129    -0.987    -0.099
 3    -0.975    -0.145     0.166
 4   115.429    15.811    -8.403
 4     0.495    -0.865     0.085
 4     0.846     0.458    -0.274
 4     0.197     0.207     0.958
 5   104.582    25.873    18.004
 5    -0.142    -0.090     0.985
 5     0.247    -0.967    -0.053
 5     0.958     0.236     0.160
 6   110.723    30.609    50.346
 6    -0.133    -0.539    -0.832
 6     0.053     0.834    -0.549
 6     0.990    -0.117    -0.082
 7   117.671   -21.854    -8.656
 7     0.379     0.917     0.124
 7    -0.871     0.308     0.383
 7     0.312    -0.254     0.915
 8   107.896   -28.963    18.423
 8    -0.075     0.139     0.987
 8    -0.175    -0.977     0.125
 8     0.981    -0.164     0.097
 9   109.900   -27.528    46.988
 9    -0.087     0.573    -0.815
 9     0.073     0.819     0.568
 9     0.993    -0.010    -0.114
 2    96.860   -18.086    59.697
 2     0.109    -0.994     0.001
 2     0.993     0.109     0.033
 2    -0.033    -0.003     0.999
 3   124.058    -1.952    10.854
 3    -0.162     0.085    -0.983
 3     0.125    -0.986    -0.106
 3    -0.979    -0.141     0.149
 4   115.975    15.775    -8.777
 4     0.474    -0.878     0.066
 4     0.856     0.442    -0.268
 4     0.206     0.183     0.961
 5   102.876    25.711    16.641
 5    -0.223    -0.086     0.971
 5     0.253    -0.967    -0.027
 5     0.941     0.239     0.237
 6   106.531    30.997    49.593
 6    -0.220    -0.518    -0.826
 6     0.061     0.838    -0.542
 6     0.973    -0.171    -0.153
 7   118.496   -21.971    -8.815
 7     0.371     0.924     0.094
 7    -0.869     0.310     0.386
 7     0.328    -0.225     0.917
 8   106.921   -29.106    17.712
 8    -0.143     0.157     0.977
 8    -0.164    -0.977     0.133
 8     0.976    -0.141     0.165
 9   104.566   -27.404    46.391
 9    -0.198     0.567    -0.799
 9     0.065     0.821     0.566
 9     0.978     0.060    -0.199
 2    96.860   -18.086    59.697
 2     0.108    -0.994     0.000
 2     0.993     0.108     0.033
 2    -0.033    -0.004     0.999
 3   124.347    -1.839    11.240
 3    -0.144     0.096    -0.985
 3     0.120    -0.986    -0.114
 3    -0.982    -0.135     0.130
 4   116.429    15.665    -8.982
 4     0.453    -0.891     0.044
 4     0.865     0.426    -0.266
 4     0.218     0.158     0.963
 5   101.674    25.499    15.475
 5    -0.286    -0.084     0.954
 5     0.256    -0.967    -0.008
 5     0.923     0.242     0.298
 6   103.578    31.123    48.515
 6    -0.273    -0.510    -0.815
 6     0.062     0.836    -0.544
 6     0.960    -0.199    -0.197
 7   119.154   -21.947    -8.843
 7     0.357     0.931     0.067
 7    -0.872     0.306     0.383
 7     0.336    -0.195     0.921
 8   105.994   -29.126    16.981
 8    -0.205     0.161     0.965
 8    -0.156    -0.979     0.130
 8     0.966    -0.125     0.226
 9   101.707   -27.950    46.840
 9    -0.277     0.567    -0.776
 9     0.066     0.816     0.573
 9     0.958     0.107    -0.264
 2    96.860   -18.086    59.697
 2     0.109    -0.994     0.001
 2     0.993     0.108     0.033
 2    -0.033    -0.003     0.999
 3   124.545    -1.799    11.461
 3    -0.130     0.101    -0.986
 3     0.118    -0.986    -0.117
 3    -0.984    -0.131     0.116
 4   116.964    15.706    -9.073
 4     0.443    -0.896     0.029
 4     0.865     0.419    -0.274
 4     0.233     0.147     0.961
 5   101.237    24.999    14.889
 5    -0.326    -0.082     0.942
 5     0.247    -0.969     0.001
 5     0.912     0.233     0.335
 6   101.751    30.869    48.044
 6    -0.323    -0.496    -0.806
 6     0.066     0.837    -0.542
 6     0.944    -0.229    -0.238
 7   119.599   -22.083    -9.022
 7     0.337     0.940     0.053
 7    -0.879     0.294     0.376
 7     0.337    -0.173     0.925
 8   104.964   -28.845    16.282
 8    -0.261     0.154     0.953
 8    -0.139    -0.983     0.120
 8     0.955    -0.101     0.277
 9    98.880   -27.698    47.307
 9    -0.346     0.574    -0.742
 9     0.081     0.806     0.586
 9     0.935     0.143    -0.325
 2    97.246   -18.057    59.611
 2     0.490    -0.871     0.004
 2     0.871     0.490     0.037
 2    -0.035    -0.015     0.999
 3   124.681    -1.855    11.661
 3    -0.125     0.102    -0.987
 3     0.118    -0.986    -0.117
 3    -0.985    -0.131     0.111
 4   117.440    15.828    -9.129
 4     0.432    -0.902     0.010
 4     0.865     0.412    -0.286
 4     0.254     0.132     0.958
 5   100.659    24.349    14.494
 5    -0.364    -0.072     0.928
 5     0.231    -0.973     0.015
 5     0.902     0.220     0.371
 6    99.392    30.378    47.693
 6    -0.385    -0.475    -0.791
 6     0.068     0.840    -0.537
 6     0.920    -0.261    -0.291
 7   119.860   -22.035    -9.042
 7     0.320     0.946     0.041
 7    -0.883     0.282     0.375
 7     0.344    -0.156     0.926
 8   104.198   -28.275    15.861
 8    -0.305     0.128     0.943
 8    -0.122    -0.988     0.094
 8     0.944    -0.087     0.317
 9    96.503   -27.286    47.855
 9    -0.401     0.584    -0.706
 9     0.091     0.792     0.603
 9     0.911     0.178    -0.371
 2    97.375   -18.204    59.654
 2     0.577    -0.816     0.002
 2     0.816     0.577     0.032
 2    -0.028    -0.017     0.999
 3   124.769    -1.810    11.710
 3    -0.119     0.103    -0.987
 3     0.118    -0.986    -0.117
 3    -0.986    -0.130     0.105
 4   117.617    15.790    -9.106
 4     0.419    -0.908    -0.004
 4     0.868     0.402    -0.290
 4     0.265     0.118     0.957
 5    99.930    23.877    14.035
 5    -0.398    -0.056     0.915
 5     0.219    -0.975     0.035
 5     0.891     0.214     0.400
 6    96.950    30.344    47.059
 6    -0.441    -0.454    -0.774
 6     0.082     0.839    -0.538
 6     0.894    -0.301    -0.333
 7   120.015   -21.986    -9.050
 7     0.311     0.949     0.034
 7    -0.884     0.276     0.376
 7     0.347    -0.148     0.926
 8   103.823   -28.213    15.478
 8    -0.333     0.127     0.934
 8    -0.121    -0.988     0.092
 8     0.935    -0.083     0.344
 9    95.108   -27.757    47.687
 9    -0.439     0.571    -0.694
 9     0.078     0.793     0.603
 9     0.895     0.210    -0.393
 2    97.375   -18.204    59.654
 2     0.577    -0.817     0.002
 2     0.816     0.577     0.032
 2    -0.028    -0.017     0.999
 3   124.783    -1.861    11.817
 3    -0.116     0.104    -0.988
 3     0.118    -0.986    -0.118
 3    -0.986    -0.130     0.102
 4   117.654    15.852    -9.202
 4     0.401    -0.916    -0.009
 4     0.875     0.385    -0.293
 4     0.272     0.109     0.956
 5    99.190    23.375    13.508
 5    -0.432    -0.041     0.901
 5     0.209    -0.976     0.056
 5     0.877     0.212     0.429
 6    94.616    30.233    46.243
 6    -0.493    -0.423    -0.760
 6     0.098     0.841    -0.532
 6     0.865    -0.337    -0.373
 7   120.215   -21.987    -9.105
 7     0.309     0.951     0.029
 7    -0.885     0.276     0.375
 7     0.348    -0.142     0.926
 8   103.566   -28.411    14.905
 8    -0.363     0.131     0.922
 8    -0.135    -0.987     0.088
 8     0.922    -0.092     0.375
 9    93.305   -29.290    47.620
 9    -0.492     0.556    -0.670
 9     0.053     0.787     0.614
 9     0.869     0.266    -0.417
 2    97.375   -18.255    59.654
 2     0.577    -0.817     0.003
 2     0.816     0.577     0.032
 2    -0.028    -0.017     0.999
 3   124.852    -1.688    11.896
 3    -0.110     0.110    -0.988
 3     0.118    -0.985    -0.123
 3    -0.987    -0.130     0.095
 4   117.712    15.913    -9.188
 4     0.380    -0.925    -0.016
 4     0.882     0.368    -0.294
 4     0.277     0.097     0.956
 5    98.533    22.951    12.891
 5    -0.462    -0.026     0.886
 5     0.203    -0.976     0.077
 5     0.863     0.215     0.456
 6    92.684    30.256    45.263
 6    -0.532    -0.404    -0.744
 6     0.108     0.839    -0.533
 6     0.840    -0.364    -0.402
 7   120.611   -21.989    -9.110
 7     0.304     0.952     0.015
 7    -0.886     0.278     0.370
 7     0.349    -0.126     0.928
 8   103.246   -28.549    14.247
 8    -0.397     0.136     0.908
 8    -0.140    -0.986     0.086
 8     0.907    -0.093     0.410
 9    91.250   -30.759    47.465
 9    -0.552     0.538    -0.637
 9     0.037     0.778     0.626
 9     0.833     0.322    -0.450
 2    97.375   -18.255    59.654
 2     0.577    -0.816     0.002
 2     0.816     0.577     0.032
 2    -0.028    -0.017     0.999
 3   124.977    -1.617    11.952
 3    -0.102     0.118    -0.988
 3     0.117    -0.984    -0.130
 3    -0.988    -0.129     0.087
 4   117.944    15.870    -9.222
 4     0.365    -0.931    -0.023
 4     0.887     0.355    -0.293
 4     0.281     0.087     0.956
 5    98.282    22.756    12.216
 5    -0.489    -0.022     0.872
 5     0.201    -0.975     0.088
 5     0.849     0.219     0.481
 6    91.136    30.483    44.252
 6    -0.568    -0.377    -0.731
 6     0.122     0.840    -0.528
 6     0.814    -0.389    -0.432
 7   121.056   -21.865    -9.187
 7     0.298     0.954     0.005
 7    -0.889     0.275     0.367
 7     0.349    -0.114     0.930
 8   102.983   -28.315    13.784
 8    -0.430     0.128     0.894
 8    -0.135    -0.988     0.077
 8     0.893    -0.087     0.442
 9    89.710   -30.939    47.381
 9    -0.595     0.528    -0.606
 9     0.041     0.773     0.633
 9     0.803     0.352    -0.482
 2    97.375   -18.255    59.654
 2     0.577    -0.816     0.002
 2     0.816     0.577     0.032
 2    -0.028    -0.017     0.999
 3   125.184    -1.520    12.266
 3    -0.091     0.125    -0.988
 3     0.113    -0.984    -0.135
 3    -0.989    -0.125     0.076
 4   118.245    15.926    -9.322
 4     0.349    -0.936    -0.032
 4     0.893     0.343    -0.289
 4     0.282     0.073     0.957
 5    97.865    22.605    11.327
 5    -0.518    -0.018     0.855
 5     0.205    -0.973     0.103
 5     0.830     0.229     0.507
 6    89.619    30.685    42.984
 6    -0.601    -0.346    -0.720
 6     0.135     0.844    -0.518
 6     0.787    -0.409    -0.461
 7   121.455   -21.920    -9.244
 7     0.287     0.958    -0.006
 7    -0.891     0.269     0.365
 7     0.351    -0.099     0.931
 8   102.579   -28.104    13.137
 8    -0.459     0.117     0.880
 8    -0.128    -0.990     0.065
 8     0.879    -0.083     0.469
 9    88.227   -31.084    46.857
 9    -0.627     0.522    -0.578
 9     0.049     0.767     0.639
 9     0.777     0.372    -0.507
 2    97.375   -18.255    59.654
 2     0.577    -0.817     0.002
 2     0.816     0.577     0.032
 2    -0.028    -0.017     0.999
 3   125.381    -1.532    12.320
 3    -0.081     0.129    -0.988
 3     0.110    -0.984    -0.137
 3    -0.991    -0.120     0.065
 4   118.593    15.778    -9.567
 4     0.334    -0.942    -0.046
 4     0.900     0.332    -0.282
 4     0.281     0.053     0.958
 5    97.387    22.274    10.324
 5    -0.552    -0.010     0.833
 5     0.204    -0.971     0.123
 5     0.808     0.238     0.538
 6    87.768    30.557    41.575
 6    -0.638    -0.320    -0.700
 6     0.137     0.847    -0.513
 6     0.757    -0.424    -0.497
 7   122.092   -21.929    -9.470
 7     0.271     0.962    -0.028
 7    -0.897     0.262     0.356
 7     0.350    -0.072     0.934
 8   102.287   -27.767    12.212
 8    -0.495     0.101     0.863
 8    -0.124    -0.991     0.045
 8     0.860    -0.085     0.503
 9    86.733   -31.044    46.483
 9    -0.669     0.516    -0.535
 9     0.059     0.754     0.654
 9     0.740     0.406    -0.535
 2    97.375   -18.280    59.654
 2     0.577    -0.816     0.003
 2     0.816     0.577     0.032
 2    -0.028    -0.016     0.999
 3   125.611    -1.487    12.414
 3    -0.068     0.135    -0.988
 3     0.107    -0.984    -0.142
 3    -0.992    -0.115     0.053
 4   118.809    15.756    -9.653
 4     0.312    -0.948    -0.058
 4     0.908     0.316    -0.275
 4     0.278     0.033     0.960
 5    97.040    21.980     9.791
 5    -0.576     0.004     0.818
 5     0.198    -0.970     0.144
 5     0.793     0.244     0.557
 6    86.548    30.284    40.556
 6    -0.664    -0.305    -0.682
 6     0.138     0.847    -0.513
 6     0.735    -0.435    -0.520
 7   122.719   -21.714    -9.536
 7     0.255     0.965    -0.056
 7    -0.903     0.258     0.344
 7     0.346    -0.037     0.937
 8   101.905   -27.434    11.157
 8    -0.535     0.081     0.841
 8    -0.120    -0.992     0.019
 8     0.836    -0.090     0.541
 9    84.968   -31.283    45.524
 9    -0.709     0.508    -0.488
 9     0.068     0.739     0.670
 9     0.701     0.442    -0.559
 2    97.425   -18.280    59.654
 2     0.577    -0.816     0.002
 2     0.816     0.577     0.032
 2    -0.028    -0.017     0.999
 3   125.817    -1.465    12.548
 3    -0.055     0.142    -0.988
 3     0.106    -0.983    -0.148
 3    -0.993    -0.113     0.039
 4   118.982    15.785    -9.650
 4     0.299    -0.952    -0.063
 4     0.912     0.305    -0.272
 4     0.278     0.024     0.960
 5    97.115    21.796     9.489
 5    -0.584     0.005     0.812
 5     0.198    -0.969     0.149
 5     0.787     0.247     0.564
 6    86.321    30.275    40.072
 6    -0.674    -0.281    -0.683
 6     0.148     0.854    -0.498
 6     0.723    -0.437    -0.534
 7   122.909   -21.634    -9.672
 7     0.236     0.969    -0.068
 7    -0.912     0.245     0.328
 7     0.334    -0.016     0.942
 8   101.371   -27.190    10.221
 8    -0.567     0.068     0.821
 8    -0.120    -0.993    -0.000
 8     0.815    -0.098     0.571
 9    83.720   -31.682    44.446
 9    -0.737     0.499    -0.456
 9     0.070     0.728     0.682
 9     0.672     0.470    -0.572
 2    97.425   -18.255    59.654
 2     0.577    -0.817     0.003
 2     0.816     0.577     0.032
 2    -0.028    -0.016     0.999
 3   126.068    -1.411    12.727
 3    -0.046     0.143    -0.989
 3     0.107    -0.983    -0.147
 3    -0.993    -0.113     0.030
 4   119.217    15.840    -9.660
 4     0.298    -0.952    -0.069
 4     0.912     0.305    -0.274
 4     0.282     0.019     0.959
 5    97.104    22.063     9.276
 5    -0.594    -0.003     0.804
 5     0.203    -0.968     0.146
 5     0.778     0.250     0.575
 6    85.819    30.791    39.563
 6    -0.691    -0.252    -0.678
 6     0.162     0.859    -0.485
 6     0.704    -0.445    -0.552
 7   122.939   -21.469    -9.647
 7     0.224     0.972    -0.072
 7    -0.918     0.235     0.319
 7     0.327    -0.005     0.945
 8   100.967   -27.030     9.670
 8    -0.587     0.065     0.807
 8    -0.125    -0.992    -0.011
 8     0.800    -0.107     0.591
 9    82.784   -32.115    43.655
 9    -0.753     0.490    -0.438
 9     0.068     0.721     0.689
 9     0.654     0.490    -0.577
 2    97.425   -18.280    59.654
 2     0.577    -0.817     0.003
 2     0.816     0.577     0.032
 2    -0.028    -0.016     0.999
 3   126.182    -1.468    12.905
 3    -0.036     0.141    -0.989
 3     0.107    -0.984    -0.144
 3    -0.994    -0.111     0.021
 4   119.527    15.894    -9.664
 4     0.294    -0.953    -0.079
 4     0.912     0.304    -0.274
 4     0.285     0.008     0.958
 5    96.868    22.071     8.583
 5    -0.613    -0.005     0.790
 5     0.205    -0.967     0.152
 5     0.763     0.255     0.594
 6    84.695    30.948    38.602
 6    -0.715    -0.227    -0.660
 6     0.169     0.861    -0.479
 6     0.678    -0.454    -0.578
 7   122.923   -21.532    -9.675
 7     0.212     0.974    -0.075
 7    -0.923     0.225     0.312
 7     0.321     0.003     0.947
 8   100.743   -26.974     9.263
 8    -0.604     0.058     0.795
 8    -0.124    -0.992    -0.021
 8     0.787    -0.111     0.606
 9    82.033   -32.085    43.099
 9    -0.767     0.482    -0.424
 9     0.072     0.720     0.690
 9     0.638     0.498    -0.587
 2    97.425   -18.280    59.654
 2     0.577    -0.817     0.003
 2     0.816     0.577     0.032
 2    -0.028    -0.016     0.999
 3   126.292    -1.465    13.003
 3    -0.029     0.139    -0.990
 3     0.106    -0.984    -0.141
 3    -0.994    -0.109     0.014
 4   119.753    15.846    -9.762
 4     0.285    -0.954    -0.090
 4     0.915     0.298    -0.271
 4     0.285    -0.005     0.958
 5    96.638    21.754     8.163
 5    -0.631    -0.001     0.776
 5     0.198    -0.967     0.160
 5     0.750     0.255     0.610
 6    83.707    30.652    37.699
 6    -0.735    -0.215    -0.642
 6     0.168     0.860    -0.481
 6     0.656    -0.462    -0.596
 7   122.989   -21.463    -9.613
 7     0.203     0.976    -0.080
 7    -0.926     0.218     0.308
 7     0.318     0.011     0.948
 8   100.372   -27.031     8.817
 8    -0.625     0.067     0.778
 8    -0.118    -0.993    -0.009
 8     0.771    -0.097     0.628
 9    81.253   -32.465    42.351
 9    -0.785     0.462    -0.412
 9     0.077     0.733     0.675
 9     0.614     0.498    -0.612
 2    97.425   -18.280    59.654
 2     0.577    -0.816     0.002
 2     0.816     0.577     0.032
 2    -0.028    -0.017     0.999
 3   126.451    -1.412    13.015
 3    -0.025     0.139    -0.990
 3     0.104    -0.984    -0.141
 3    -0.994    -0.106     0.010
 4   119.793    15.771    -9.827
 4     0.273    -0.957    -0.093
 4     0.919     0.288    -0.267
 4     0.282    -0.013     0.959
 5    96.534    21.519     7.862
 5    -0.640     0.007     0.769
 5     0.196    -0.965     0.171
 5     0.743     0.260     0.616
 6    83.146    30.514    37.070
 6    -0.747    -0.198    -0.635
 6     0.174     0.863    -0.474
 6     0.641    -0.465    -0.610
 7   123.033   -21.493    -9.609
 7     0.196     0.976    -0.088
 7    -0.928     0.213     0.306
 7     0.317     0.021     0.948
 8   100.191   -27.054     8.433
 8    -0.643     0.071     0.762
 8    -0.116    -0.993    -0.005
 8     0.757    -0.092     0.647
 9    80.614   -32.866    41.420
 9    -0.801     0.443    -0.402
 9     0.076     0.741     0.666
 9     0.594     0.503    -0.628
 2    97.425   -18.280    59.654
 2     0.577    -0.817     0.003
 2     0.816     0.577     0.032
 2    -0.028    -0.017     0.999
 3   126.628    -1.363    13.133
 3    -0.012     0.139    -0.990
 3     0.100    -0.985    -0.140
 3    -0.995    -0.101    -0.002
 4   119.994    15.773    -9.823
 4     0.266    -0.958    -0.102
 4     0.922     0.284    -0.265
 4     0.282    -0.024     0.959
 5    96.513    21.557     7.531
 5    -0.653     0.005     0.758
 5     0.197    -0.964     0.176
 5     0.731     0.265     0.628
 6    82.652    30.678    36.430
 6    -0.761    -0.172    -0.625
 6     0.182     0.868    -0.461
 6     0.622    -0.465    -0.630
 7   123.286   -21.378    -9.587
 7     0.186     0.977    -0.099
 7    -0.932     0.208     0.296
 7     0.310     0.037     0.950
 8   100.106   -27.064     8.177
 8    -0.654     0.073     0.753
 8    -0.119    -0.993    -0.007
 8     0.747    -0.094     0.658
 9    80.407   -33.308    40.691
 9    -0.808     0.434    -0.398
 9     0.072     0.743     0.665
 9     0.584     0.509    -0.632
 2    97.425   -18.255    59.654
 2     0.577    -0.817     0.002
 2     0.816     0.577     0.033
 2    -0.028    -0.017     0.999
 3   126.934    -1.402    13.283
 3     0.000     0.141    -0.990
 3     0.099    -0.985    -0.140
 3    -0.995    -0.098    -0.015
 4   120.265    15.722    -9.915
 4     0.261    -0.959    -0.108
 4     0.924     0.281    -0.260
 4     0.280    -0.032     0.959
 5    96.664    21.550     7.227
 5    -0.659     0.002     0.752
 5     0.202    -0.963     0.179
 5     0.724     0.270     0.634
 6    82.450    30.845    35.920
 6    -0.769    -0.146    -0.622
 6     0.195     0.873    -0.447
 6     0.608    -0.465    -0.643
 7   123.456   -21.381    -9.584
 7     0.182     0.977    -0.105
 7    -0.933     0.205     0.294
 7     0.309     0.044     0.950
 8   100.200   -27.176     7.961
 8    -0.662     0.077     0.745
 8    -0.120    -0.993    -0.003
 8     0.739    -0.091     0.667
 9    80.245   -33.774    40.291
 9    -0.816     0.423    -0.394
 9     0.070     0.749     0.658
 9     0.573     0.510    -0.641
 2    97.425   -18.280    59.654
 2     0.577    -0.817     0.003
 2     0.816     0.577     0.032
 2    -0.028    -0.017     0.999
 3   127.095    -1.297    13.329
 3     0.006     0.144    -0.990
 3     0.097    -0.985    -0.142
 3    -0.995    -0.095    -0.020
 4   120.387    15.620    -9.907
 4     0.258    -0.959    -0.112
 4     0.925     0.279    -0.257
 4     0.278    -0.038     0.960
 5    96.577    21.471     7.113
 5    -0.663     0.004     0.749
 5     0.201    -0.962     0.183
 5     0.721     0.272     0.637
 6    82.128    30.813    35.622
 6    -0.776    -0.139    -0.615
 6     0.197     0.873    -0.446
 6     0.599    -0.467    -0.651
 7   123.629   -21.382    -9.509
 7     0.181     0.977    -0.110
 7    -0.933     0.206     0.294
 7     0.309     0.049     0.949
 8   100.345   -27.177     7.991
 8    -0.663     0.082     0.744
 8    -0.120    -0.993     0.002
 8     0.738    -0.088     0.668
 9    80.312   -33.800    40.346
 9    -0.818     0.419    -0.395
 9     0.069     0.752     0.655
 9     0.571     0.508    -0.644
 2    97.375   -18.255    59.654
 2     0.577    -0.817     0.002
 2     0.816     0.577     0.033
 2    -0.028    -0.017     0.999
 3   127.116    -1.346    13.388
 3     0.008     0.144    -0.990
 3     0.097    -0.985    -0.143
 3    -0.995    -0.095    -0.022
 4   120.383    15.671    -9.852
 4     0.253    -0.961    -0.114
 4     0.927     0.274    -0.256
 4     0.277    -0.041     0.960
 5    96.435    21.315     6.951
 5    -0.668     0.009     0.744
 5     0.198    -0.962     0.190
 5     0.717     0.274     0.641
 6    81.515    30.752    35.195
 6    -0.787    -0.126    -0.604
 6     0.198     0.875    -0.442
 6     0.584    -0.468    -0.663
 7   123.579   -21.382    -9.509
 7     0.182     0.977    -0.111
 7    -0.933     0.207     0.293
 7     0.309     0.050     0.949
 8   100.336   -27.083     7.999
 8    -0.666     0.083     0.741
