% Calibrated with leiden_pols
% Positions are in centimeters
Data =[
 2    96.910   -18.137    59.697
 2     0.109    -0.994     0.001
 2     0.993     0.109     0.033
 2    -0.033    -0.003     0.999
 3   124.207    -1.913    10.082
 3    -0.176     0.065    -0.982
 3     0.124    -0.988    -0.088
 3    -0.976    -0.138     0.165
 4   114.410    15.444    -8.391
 4     0.501    -0.854     0.139
 4     0.845     0.448    -0.290
 4     0.185     0.262     0.947
 5   108.848    26.848    20.641
 5     0.137     0.071     0.988
 5     0.311    -0.950     0.025
 5     0.940     0.303    -0.153
 6   124.840    28.082    48.027
 6     0.537    -0.832     0.137
 6    -0.021    -0.176    -0.984
 6     0.843     0.526    -0.112
 7   116.096   -21.270    -8.522
 7     0.375     0.905     0.197
 7    -0.898     0.304     0.317
 7     0.227    -0.296     0.927
 8   113.013   -26.540    22.685
 8     0.333    -0.217     0.917
 8    -0.261    -0.956    -0.131
 8     0.906    -0.196    -0.376
 9   139.008   -31.631    22.129
 9     0.971     0.043    -0.236
 9     0.173     0.551     0.816
 9     0.166    -0.833     0.528
 2    96.910   -18.086    59.697
 2     0.109    -0.994     0.001
 2     0.993     0.109     0.033
 2    -0.033    -0.003     0.999
 3   124.024    -1.909    10.165
 3    -0.183     0.065    -0.981
 3     0.125    -0.988    -0.089
 3    -0.975    -0.139     0.173
 4   114.304    15.526    -8.185
 4     0.500    -0.855     0.134
 4     0.844     0.448    -0.296
 4     0.193     0.261     0.946
 5   109.332    25.531    21.188
 5     0.139     0.073     0.987
 5     0.272    -0.962     0.033
 5     0.952     0.264    -0.154
 6   124.318    28.497    49.372
 6     0.429    -0.884    -0.183
 6     0.008     0.206    -0.978
 6     0.903     0.419     0.095
 7   116.003   -21.438    -8.408
 7     0.372     0.907     0.197
 7    -0.897     0.296     0.329
 7     0.240    -0.299     0.923
 8   112.332   -26.376    22.721
 8     0.316    -0.240     0.917
 8    -0.271    -0.950    -0.156
 8     0.909    -0.199    -0.365
 9   137.872   -32.717    22.620
 9     0.974     0.089    -0.206
 9     0.135     0.499     0.856
 9     0.179    -0.862     0.474
 2    96.910   -18.086    59.697
 2     0.109    -0.994     0.000
 2     0.993     0.109     0.033
 2    -0.033    -0.003     0.999
 3   123.949    -1.930    10.151
 3    -0.188     0.063    -0.980
 3     0.126    -0.988    -0.088
 3    -0.974    -0.140     0.177
 4   114.362    15.579    -8.142
 4     0.502    -0.855     0.132
 4     0.842     0.449    -0.299
 4     0.196     0.261     0.945
 5   109.744    24.795    21.473
 5     0.129     0.070     0.989
 5     0.245    -0.969     0.036
 5     0.961     0.237    -0.142
 6   123.566    28.277    49.930
 6     0.289    -0.745    -0.601
 6    -0.020     0.623    -0.782
 6     0.957     0.238     0.165
 7   116.035   -21.377    -8.371
 7     0.368     0.908     0.196
 7    -0.894     0.289     0.341
 7     0.253    -0.302     0.919
 8   111.533   -26.228    22.387
 8     0.283    -0.262     0.922
 8    -0.287    -0.941    -0.180
 8     0.915    -0.214    -0.341
 9   134.969   -34.928    23.463
 9     0.966     0.219    -0.136
 9     0.050     0.357     0.932
 9     0.252    -0.908     0.334
 2    96.910   -18.086    59.697
 2     0.109    -0.994     0.000
 2     0.993     0.108     0.033
 2    -0.033    -0.003     0.999
 3   123.909    -1.905    10.333
 3    -0.187     0.062    -0.980
 3     0.128    -0.988    -0.087
 3    -0.974    -0.142     0.176
 4   114.363    15.705    -8.015
 4     0.504    -0.854     0.130
 4     0.841     0.450    -0.299
 4     0.196     0.260     0.945
 5   109.396    24.649    21.249
 5     0.089     0.027     0.995
 5     0.220    -0.975     0.007
 5     0.971     0.219    -0.094
 6   122.086    27.993    50.677
 6     0.167    -0.692    -0.702
 6    -0.046     0.706    -0.707
 6     0.985     0.150     0.086
 7   116.074   -21.321    -8.339
 7     0.369     0.908     0.195
 7    -0.893     0.288     0.347
 7     0.259    -0.302     0.917
 8   110.925   -26.989    21.705
 8     0.233    -0.250     0.939
 8    -0.303    -0.937    -0.174
 8     0.924    -0.245    -0.294
 9   129.479   -36.181    27.842
 9     0.868     0.488    -0.085
 9    -0.030     0.223     0.974
 9     0.495    -0.844     0.209
 2    96.910   -18.086    59.697
 2     0.109    -0.994     0.000
 2     0.993     0.108     0.033
 2    -0.033    -0.003     0.999
 3   124.006    -1.906    10.238
 3    -0.183     0.061    -0.981
 3     0.132    -0.987    -0.086
 3    -0.974    -0.145     0.173
 4   114.555    15.803    -8.001
 4     0.505    -0.854     0.129
 4     0.841     0.453    -0.294
 4     0.192     0.256     0.947
 5   108.693    24.496    20.662
 5     0.048     0.010     0.999
 5     0.209    -0.978    -0.000
 5     0.976     0.209    -0.049
 6   120.138    27.920    50.689
 6     0.094    -0.646    -0.758
 6    -0.031     0.759    -0.650
 6     0.995     0.085     0.051
 7   116.410   -21.361    -8.414
 7     0.379     0.906     0.188
 7    -0.886     0.298     0.354
 7     0.265    -0.301     0.916
 8   110.359   -27.968    20.939
 8     0.184    -0.177     0.967
 8    -0.293    -0.949    -0.117
 8     0.938    -0.261    -0.227
 9   122.935   -34.379    36.404
 9     0.587     0.780    -0.214
 9    -0.028     0.283     0.958
 9     0.809    -0.557     0.188
 2    96.910   -18.137    59.697
 2     0.109    -0.994     0.000
 2     0.993     0.109     0.033
 2    -0.033    -0.003     0.999
 3   124.119    -1.911    10.206
 3    -0.178     0.061    -0.982
 3     0.134    -0.987    -0.086
 3    -0.975    -0.147     0.168
 4   114.593    15.825    -8.164
 4     0.504    -0.854     0.130
 4     0.843     0.453    -0.289
 4     0.187     0.255     0.948
 5   108.344    24.336    20.287
 5     0.019    -0.004     1.000
 5     0.203    -0.979    -0.008
 5     0.979     0.203    -0.018
 6   118.774    28.240    50.495
 6     0.022    -0.557    -0.830
 6     0.001     0.830    -0.557
 6     1.000     0.010     0.019
 7   116.366   -21.535    -8.475
 7     0.381     0.905     0.186
 7    -0.885     0.299     0.358
 7     0.268    -0.301     0.915
 8   110.249   -27.653    20.738
 8     0.130    -0.129     0.983
 8    -0.252    -0.963    -0.093
 8     0.959    -0.235    -0.158
 9   118.136   -32.603    42.734
 9     0.251     0.842    -0.478
 9    -0.032     0.500     0.865
 9     0.967    -0.202     0.152
 2    96.858   -18.087    59.700
 2     0.108    -0.994     0.000
 2     0.993     0.108     0.033
 2    -0.034    -0.004     0.999
 3   124.072    -1.911    10.181
 3    -0.175     0.059    -0.983
 3     0.133    -0.988    -0.083
 3    -0.975    -0.145     0.165
 4   114.625    15.742    -8.419
 4     0.504    -0.854     0.130
 4     0.845     0.456    -0.280
 4     0.179     0.250     0.951
 5   108.285    24.288    19.754
 5     0.001    -0.018     1.000
 5     0.202    -0.979    -0.018
 5     0.979     0.202     0.002
 6   117.532    28.786    50.939
 6     0.000    -0.428    -0.904
 6     0.077     0.901    -0.427
 6     0.997    -0.070     0.033
 7   116.485   -21.824    -8.387
 7     0.376     0.910     0.174
 7    -0.881     0.293     0.372
 7     0.288    -0.293     0.911
 8   109.723   -26.964    20.531
 8     0.072    -0.122     0.990
 8    -0.215    -0.971    -0.104
 8     0.974    -0.205    -0.096
 9   114.964   -31.598    45.185
 9     0.104     0.831    -0.547
 9    -0.035     0.552     0.833
 9     0.994    -0.068     0.087
 2    96.908   -18.087    59.700
 2     0.108    -0.994     0.000
 2     0.993     0.108     0.033
 2    -0.034    -0.004     0.999
 3   124.158    -2.128    10.158
 3    -0.168     0.053    -0.984
 3     0.125    -0.989    -0.075
 3    -0.978    -0.136     0.160
 4   115.019    15.635    -8.654
 4     0.510    -0.852     0.122
 4     0.842     0.465    -0.271
 4     0.174     0.241     0.954
 5   108.569    24.560    19.754
 5    -0.008    -0.040     0.999
 5     0.207    -0.978    -0.038
 5     0.978     0.206     0.016
