2 	  32.70	   5.15	  23.12
	  0.801	 -0.597	  0.044
	  0.597	  0.802	  0.001
	 -0.037	  0.025	  0.999

3 	  42.63	   0.00	   1.05
	 -0.163	 -0.514	 -0.842
	  0.241	 -0.849	  0.471
	 -0.957	 -0.126	  0.262

4 	  38.62	   8.37	  -4.45
	 -0.094	 -0.764	 -0.638
	  0.995	 -0.052	 -0.084
	  0.030	 -0.643	  0.765

5 	  46.35	   8.68	   4.08
	 -0.599	 -0.474	 -0.645
	 -0.729	 -0.011	  0.684
	 -0.332	  0.880	 -0.339

6 	  53.24	   6.31	  -1.28
	  0.535	 -0.643	 -0.548
	  0.844	  0.380	  0.378
	 -0.036	 -0.665	  0.746

7 	  38.60	  -8.05	  -5.06
	 -0.267	  0.762	 -0.589
	 -0.959	 -0.266	  0.090
	 -0.088	  0.589	  0.803

8 	  38.02	 -10.21	   9.11
	 -0.435	  0.075	 -0.897
	 -0.420	  0.864	  0.276
	  0.796	  0.497	 -0.345

9 	  49.62	  -6.52	  12.45
	  0.888	  0.415	  0.198
	 -0.126	  0.633	 -0.764
	 -0.442	  0.653	  0.614

2 	  32.70	   5.17	  23.13
	  0.801	 -0.597	  0.045
	  0.597	  0.802	  0.001
	 -0.037	  0.026	  0.999

3 	  42.63	   0.00	   1.07
	 -0.162	 -0.514	 -0.842
	  0.240	 -0.849	  0.472
	 -0.957	 -0.126	  0.261

4 	  38.62	   8.37	  -4.45
	 -0.094	 -0.764	 -0.638
	  0.995	 -0.053	 -0.084
	  0.030	 -0.643	  0.766

5 	  46.34	   8.70	   4.10
	 -0.599	 -0.474	 -0.645
	 -0.729	 -0.011	  0.685
	 -0.332	  0.880	 -0.339

6 	  53.23	   6.31	  -1.32
	  0.534	 -0.643	 -0.549
	  0.844	  0.380	  0.377
	 -0.034	 -0.665	  0.746

7 	  38.62	  -8.03	  -5.06
	 -0.267	  0.762	 -0.589
	 -0.960	 -0.266	  0.090
	 -0.088	  0.589	  0.803

8 	  38.02	 -10.18	   9.12
	 -0.434	  0.073	 -0.898
	 -0.428	  0.860	  0.277
	  0.793	  0.504	 -0.342

9 	  49.62	  -6.52	  12.48
	  0.887	  0.415	  0.200
	 -0.122	  0.631	 -0.766
	 -0.445	  0.655	  0.610

2 	  32.68	   5.17	  23.13
	  0.801	 -0.597	  0.045
	  0.597	  0.802	  0.001
	 -0.037	  0.026	  0.999

3 	  42.63	   0.00	   1.07
	 -0.162	 -0.514	 -0.842
	  0.240	 -0.848	  0.472
	 -0.957	 -0.126	  0.260

4 	  38.62	   8.37	  -4.45
	 -0.094	 -0.764	 -0.638
	  0.995	 -0.053	 -0.084
	  0.031	 -0.643	  0.766

5 	  46.34	   8.70	   4.08
	 -0.599	 -0.474	 -0.645
	 -0.729	 -0.011	  0.685
	 -0.332	  0.880	 -0.339

6 	  53.23	   6.31	  -1.28
	  0.535	 -0.643	 -0.548
	  0.844	  0.380	  0.378
	 -0.035	 -0.664	  0.746

7 	  38.62	  -8.03	  -5.06
	 -0.266	  0.762	 -0.589
	 -0.960	 -0.266	  0.089
	 -0.089	  0.589	  0.803

8 	  38.02	 -10.18	   9.12
	 -0.433	  0.073	 -0.898
	 -0.428	  0.860	  0.277
	  0.793	  0.504	 -0.342

9 	  49.62	  -6.52	  12.48
	  0.887	  0.414	  0.200
	 -0.121	  0.630	 -0.767
	 -0.445	  0.656	  0.609

2 	  32.70	   5.17	  23.13
	  0.801	 -0.597	  0.045
	  0.597	  0.802	  0.001
	 -0.037	  0.025	  0.999

3 	  42.63	   0.00	   1.07
	 -0.161	 -0.514	 -0.842
	  0.240	 -0.849	  0.472
	 -0.957	 -0.126	  0.260

4 	  38.62	   8.37	  -4.45
	 -0.095	 -0.764	 -0.638
	  0.995	 -0.053	 -0.084
	  0.031	 -0.643	  0.766

5 	  46.34	   8.70	   4.08
	 -0.599	 -0.474	 -0.645
	 -0.728	 -0.011	  0.685
	 -0.332	  0.880	 -0.339

6 	  53.21	   6.33	  -1.30
	  0.535	 -0.643	 -0.548
	  0.844	  0.380	  0.378
	 -0.035	 -0.665	  0.746

7 	  38.64	  -8.03	  -5.06
	 -0.264	  0.762	 -0.590
	 -0.960	 -0.266	  0.086
	 -0.091	  0.589	  0.802

8 	  38.00	 -10.18	   9.14
	 -0.432	  0.073	 -0.899
	 -0.428	  0.860	  0.276
	  0.794	  0.504	 -0.341

9 	  49.61	  -6.50	  12.46
	  0.887	  0.415	  0.200
	 -0.122	  0.630	 -0.767
	 -0.444	  0.656	  0.610

2 	  32.70	   5.17	  23.13
	  0.801	 -0.597	  0.045
	  0.597	  0.802	  0.001
	 -0.037	  0.025	  0.999

3 	  42.63	   0.00	   1.07
	 -0.160	 -0.514	 -0.843
	  0.240	 -0.849	  0.471
	 -0.957	 -0.127	  0.259

4 	  38.62	   8.37	  -4.45
	 -0.094	 -0.764	 -0.638
	  0.995	 -0.053	 -0.084
	  0.031	 -0.643	  0.766

5 	  46.32	   8.67	   4.10
	 -0.599	 -0.474	 -0.645
	 -0.729	 -0.011	  0.684
	 -0.331	  0.880	 -0.339

6 	  53.21	   6.31	  -1.30
	  0.534	 -0.644	 -0.548
	  0.844	  0.379	  0.377
	 -0.035	 -0.664	  0.746

7 	  38.65	  -8.02	  -5.04
	 -0.264	  0.762	 -0.591
	 -0.960	 -0.266	  0.085
	 -0.093	  0.589	  0.802

8 	  38.00	 -10.21	   9.12
	 -0.432	  0.073	 -0.899
	 -0.428	  0.860	  0.276
	  0.793	  0.504	 -0.341

9 	  49.59	  -6.49	  12.46
	  0.887	  0.417	  0.198
	 -0.125	  0.629	 -0.767
	 -0.445	  0.656	  0.610

2 	  32.68	   5.17	  23.13
	  0.801	 -0.597	  0.045
	  0.597	  0.802	  0.001
	 -0.037	  0.026	  0.999

3 	  42.63	   0.00	   1.07
	 -0.159	 -0.513	 -0.843
	  0.240	 -0.849	  0.471
	 -0.957	 -0.128	  0.258

4 	  38.62	   8.37	  -4.45
	 -0.094	 -0.764	 -0.638
	  0.995	 -0.053	 -0.084
	  0.031	 -0.643	  0.765

5 	  46.34	   8.70	   4.10
	 -0.599	 -0.474	 -0.645
	 -0.729	 -0.011	  0.685
	 -0.332	  0.880	 -0.339

6 	  53.21	   6.35	  -1.27
	  0.535	 -0.643	 -0.547
	  0.844	  0.380	  0.378
	 -0.036	 -0.664	  0.746

7 	  38.69	  -7.98	  -5.03
	 -0.268	  0.760	 -0.592
	 -0.958	 -0.272	  0.085
	 -0.096	  0.590	  0.802

8 	  38.16	 -10.18	   9.16
	 -0.438	  0.064	 -0.896
	 -0.436	  0.857	  0.275
	  0.786	  0.511	 -0.348

9 	  49.68	  -6.40	  12.53
	  0.884	  0.423	  0.197
	 -0.126	  0.624	 -0.771
	 -0.450	  0.657	  0.605

2 	  32.70	   5.17	  23.13
	  0.801	 -0.597	  0.045
	  0.597	  0.802	  0.001
	 -0.037	  0.025	  0.999

3 	  42.64	   0.04	   1.09
	 -0.154	 -0.514	 -0.844
	  0.245	 -0.847	  0.471
	 -0.957	 -0.134	  0.256

4 	  38.62	   8.37	  -4.45
	 -0.094	 -0.765	 -0.638
	  0.995	 -0.052	 -0.084
	  0.031	 -0.642	  0.766

5 	  46.34	   8.70	   4.08
	 -0.599	 -0.474	 -0.645
	 -0.728	 -0.011	  0.685
	 -0.332	  0.880	 -0.339

6 	  53.21	   6.33	  -1.30
	  0.535	 -0.643	 -0.548
	  0.844	  0.380	  0.378
	 -0.035	 -0.664	  0.746

7 	  38.74	  -8.00	  -5.03
	 -0.270	  0.758	 -0.593
	 -0.958	 -0.276	  0.084
	 -0.099	  0.590	  0.801

8 	  38.18	 -10.18	   9.18
	 -0.439	  0.064	 -0.896
	 -0.435	  0.857	  0.274
	  0.786	  0.510	 -0.348

9 	  49.71	  -6.38	  12.55
	  0.884	  0.423	  0.197
	 -0.126	  0.622	 -0.773
	 -0.450	  0.658	  0.603

2 	  32.66	   5.17	  23.13
	  0.801	 -0.597	  0.045
	  0.597	  0.802	  0.002
	 -0.038	  0.026	  0.999

3 	  42.63	   0.04	   1.09
	 -0.152	 -0.514	 -0.844
	  0.245	 -0.847	  0.472
	 -0.958	 -0.135	  0.255

4 	  38.62	   8.38	  -4.45
	 -0.093	 -0.765	 -0.637
	  0.995	 -0.052	 -0.084
	  0.031	 -0.642	  0.766

5 	  46.34	   8.70	   4.08
	 -0.599	 -0.475	 -0.645
	 -0.728	 -0.011	  0.685
	 -0.333	  0.880	 -0.339

6 	  53.21	   6.35	  -1.28
	  0.535	 -0.643	 -0.547
	  0.844	  0.380	  0.378
	 -0.035	 -0.664	  0.746

7 	  38.71	  -8.00	  -5.03
	 -0.268	  0.760	 -0.592
	 -0.958	 -0.271	  0.086
	 -0.095	  0.590	  0.801

8 	  38.07	 -10.14	   9.19
	 -0.441	  0.071	 -0.894
	 -0.415	  0.867	  0.273
	  0.795	  0.492	 -0.354

9 	  49.71	  -6.47	  12.55
	  0.889	  0.415	  0.193
	 -0.117	  0.614	 -0.780
	 -0.443	  0.671	  0.594

2 	  32.68	   5.17	  23.13
	  0.801	 -0.597	  0.045
	  0.597	  0.802	  0.001
	 -0.037	  0.026	  0.999

3 	  42.63	   0.04	   1.09
	 -0.153	 -0.514	 -0.844
	  0.244	 -0.847	  0.472
	 -0.957	 -0.134	  0.255

4 	  38.60	   8.38	  -4.45
	 -0.095	 -0.765	 -0.637
	  0.995	 -0.052	 -0.086
	  0.032	 -0.642	  0.766

5 	  46.34	   8.70	   4.08
	 -0.600	 -0.475	 -0.644
	 -0.728	 -0.011	  0.685
	 -0.332	  0.880	 -0.339

6 	  53.21	   6.35	  -1.27
	  0.535	 -0.643	 -0.547
	  0.844	  0.380	  0.379
	 -0.036	 -0.664	  0.746

7 	  38.67	  -8.00	  -5.01
	 -0.266	  0.760	 -0.592
	 -0.960	 -0.267	  0.088
	 -0.092	  0.592	  0.801

8 	  38.06	 -10.11	   9.19
	 -0.443	  0.070	 -0.894
	 -0.411	  0.870	  0.272
	  0.797	  0.488	 -0.356

9 	  49.71	  -6.47	  12.55
	  0.890	  0.414	  0.191
	 -0.117	  0.613	 -0.782
	 -0.441	  0.673	  0.594

2 	  32.68	   5.17	  23.12
	  0.801	 -0.597	  0.045
	  0.597	  0.802	  0.001
	 -0.037	  0.026	  0.999

3 	  42.63	   0.04	   1.09
	 -0.154	 -0.514	 -0.844
	  0.245	 -0.847	  0.471
	 -0.957	 -0.134	  0.256

4 	  38.58	   8.40	  -4.45
	 -0.095	 -0.765	 -0.637
	  0.995	 -0.052	 -0.086
	  0.032	 -0.643	  0.766

5 	  46.34	   8.70	   4.08
	 -0.600	 -0.475	 -0.644
	 -0.728	 -0.011	  0.686
	 -0.332	  0.880	 -0.339

6 	  53.21	   6.35	  -1.28
	  0.535	 -0.644	 -0.548
	  0.844	  0.380	  0.378
	 -0.035	 -0.664	  0.746

7 	  38.69	  -7.98	  -5.01
	 -0.267	  0.760	 -0.592
	 -0.959	 -0.269	  0.086
	 -0.094	  0.591	  0.801

8 	  38.07	 -10.12	   9.18
	 -0.442	  0.071	 -0.894
	 -0.413	  0.869	  0.273
	  0.796	  0.489	 -0.355

9 	  49.71	  -6.47	  12.52
	  0.890	  0.413	  0.190
	 -0.117	  0.612	 -0.782
	 -0.440	  0.674	  0.593

2 	  32.68	   5.17	  23.12
	  0.801	 -0.597	  0.045
	  0.597	  0.802	  0.001
	 -0.037	  0.026	  0.999

3 	  42.63	   0.04	   1.09
	 -0.154	 -0.514	 -0.844
	  0.245	 -0.847	  0.471
	 -0.957	 -0.135	  0.256

4 	  38.60	   8.40	  -4.43
	 -0.095	 -0.764	 -0.638
	  0.995	 -0.052	 -0.086
	  0.033	 -0.643	  0.765

5 	  46.32	   8.70	   4.08
	 -0.600	 -0.475	 -0.644
	 -0.728	 -0.011	  0.686
	 -0.332	  0.880	 -0.339

6 	  53.21	   6.35	  -1.27
	  0.535	 -0.644	 -0.547
	  0.844	  0.380	  0.379
	 -0.036	 -0.664	  0.747

7 	  38.69	  -8.00	  -5.03
	 -0.267	  0.760	 -0.592
	 -0.959	 -0.269	  0.086
	 -0.094	  0.591	  0.801

8 	  38.07	 -10.12	   9.18
	 -0.442	  0.071	 -0.894
	 -0.413	  0.869	  0.273
	  0.796	  0.490	 -0.354

9 	  49.69	  -6.47	  12.55
	  0.890	  0.414	  0.189
	 -0.118	  0.611	 -0.783
	 -0.440	  0.674	  0.593

2 	  32.68	   5.17	  23.12
	  0.801	 -0.597	  0.045
	  0.597	  0.802	  0.001
	 -0.037	  0.026	  0.999

3 	  42.63	   0.04	   1.09
	 -0.153	 -0.514	 -0.844
	  0.245	 -0.847	  0.471
	 -0.957	 -0.135	  0.255

4 	  38.60	   8.40	  -4.43
	 -0.095	 -0.765	 -0.637
	  0.995	 -0.051	 -0.086
	  0.033	 -0.642	  0.766

5 	  46.32	   8.70	   4.06
	 -0.600	 -0.475	 -0.644
	 -0.728	 -0.011	  0.686
	 -0.333	  0.880	 -0.339

6 	  53.19	   6.35	  -1.27
	  0.536	 -0.644	 -0.547
	  0.844	  0.380	  0.378
	 -0.036	 -0.664	  0.747

7 	  38.71	  -8.00	  -5.03
	 -0.266	  0.760	 -0.593
	 -0.959	 -0.269	  0.085
	 -0.095	  0.591	  0.801

8 	  38.00	 -10.14	   9.19
	 -0.437	  0.069	 -0.897
	 -0.417	  0.868	  0.269
	  0.797	  0.491	 -0.351

9 	  49.61	  -6.42	  12.50
	  0.890	  0.417	  0.182
	 -0.132	  0.619	 -0.774
	 -0.436	  0.665	  0.606

2 	  32.68	   5.17	  23.12
	  0.801	 -0.597	  0.045
	  0.597	  0.802	  0.001
	 -0.037	  0.025	  0.999

3 	  42.61	   0.02	   1.09
	 -0.152	 -0.514	 -0.844
	  0.245	 -0.847	  0.471
	 -0.958	 -0.135	  0.255

4 	  38.58	   8.40	  -4.43
	 -0.095	 -0.765	 -0.638
	  0.995	 -0.051	 -0.086
	  0.033	 -0.642	  0.766

5 	  46.32	   8.70	   4.06
	 -0.600	 -0.474	 -0.644
	 -0.728	 -0.011	  0.686
	 -0.332	  0.880	 -0.339

6 	  53.19	   6.35	  -1.27
	  0.535	 -0.644	 -0.547
	  0.844	  0.380	  0.378
	 -0.036	 -0.664	  0.747

7 	  38.71	  -8.02	  -5.03
	 -0.265	  0.760	 -0.593
	 -0.959	 -0.270	  0.084
	 -0.096	  0.591	  0.801

8 	  38.00	 -10.18	   9.18
	 -0.436	  0.070	 -0.897
	 -0.415	  0.869	  0.270
	  0.799	  0.490	 -0.349

9 	  49.59	  -6.43	  12.48
	  0.891	  0.417	  0.181
	 -0.133	  0.619	 -0.774
	 -0.435	  0.665	  0.607

2 	  32.68	   5.17	  23.13
	  0.801	 -0.597	  0.045
	  0.597	  0.802	  0.002
	 -0.037	  0.025	  0.999

3 	  42.61	   0.02	   1.09
	 -0.153	 -0.514	 -0.844
	  0.244	 -0.847	  0.471
	 -0.958	 -0.134	  0.255

4 	  38.60	   8.40	  -4.45
	 -0.095	 -0.765	 -0.637
	  0.995	 -0.051	 -0.086
	  0.033	 -0.642	  0.766

5 	  46.32	   8.70	   4.08
	 -0.600	 -0.474	 -0.644
	 -0.728	 -0.011	  0.685
	 -0.332	  0.880	 -0.339

6 	  53.21	   6.33	  -1.25
	  0.535	 -0.644	 -0.547
	  0.844	  0.380	  0.379
	 -0.037	 -0.664	  0.747

7 	  38.71	  -8.03	  -5.03
	 -0.264	  0.760	 -0.593
	 -0.960	 -0.268	  0.084
	 -0.094	  0.591	  0.801

8 	  37.99	 -10.16	   9.19
	 -0.437	  0.071	 -0.897
	 -0.413	  0.870	  0.270
	  0.799	  0.488	 -0.351

9 	  49.59	  -6.45	  12.46
	  0.891	  0.416	  0.183
	 -0.133	  0.623	 -0.771
	 -0.435	  0.662	  0.610

2 	  32.68	   5.17	  23.13
	  0.801	 -0.597	  0.045
	  0.597	  0.802	  0.002
	 -0.037	  0.025	  0.999

3 	  42.63	   0.02	   1.09
	 -0.153	 -0.514	 -0.844
	  0.244	 -0.847	  0.471
	 -0.958	 -0.134	  0.255

4 	  38.60	   8.38	  -4.43
	 -0.095	 -0.765	 -0.637
	  0.995	 -0.052	 -0.086
	  0.033	 -0.642	  0.766

5 	  46.32	   8.70	   4.08
	 -0.599	 -0.475	 -0.645
	 -0.728	 -0.011	  0.685
	 -0.333	  0.880	 -0.339

6 	  53.21	   6.35	  -1.27
	  0.535	 -0.644	 -0.547
	  0.844	  0.380	  0.378
	 -0.036	 -0.664	  0.747

7 	  38.71	  -8.03	  -5.01
	 -0.264	  0.760	 -0.593
	 -0.960	 -0.268	  0.084
	 -0.094	  0.591	  0.801

8 	  38.02	 -10.20	   9.19
	 -0.438	  0.071	 -0.896
	 -0.414	  0.869	  0.271
	  0.798	  0.489	 -0.351

9 	  49.61	  -6.49	  12.46
	  0.891	  0.414	  0.187
	 -0.129	  0.625	 -0.770
	 -0.436	  0.662	  0.610

2 	  32.68	   5.17	  23.12
	  0.801	 -0.597	  0.044
	  0.598	  0.802	  0.001
	 -0.037	  0.025	  0.999

3 	  42.63	   0.02	   1.09
	 -0.153	 -0.514	 -0.844
	  0.244	 -0.847	  0.471
	 -0.958	 -0.134	  0.255

4 	  38.58	   8.38	  -4.45
	 -0.094	 -0.765	 -0.637
	  0.995	 -0.051	 -0.086
	  0.033	 -0.642	  0.766

5 	  46.32	   8.70	   4.08
	 -0.599	 -0.475	 -0.645
	 -0.728	 -0.011	  0.685
	 -0.332	  0.880	 -0.339

6 	  53.21	   6.33	  -1.27
	  0.535	 -0.644	 -0.547
	  0.844	  0.380	  0.378
	 -0.036	 -0.664	  0.747

7 	  38.71	  -8.03	  -5.01
	 -0.264	  0.760	 -0.593
	 -0.960	 -0.268	  0.084
	 -0.094	  0.591	  0.800

8 	  38.02	 -10.18	   9.19
	 -0.438	  0.070	 -0.896
	 -0.413	  0.869	  0.270
	  0.798	  0.489	 -0.352

9 	  49.62	  -6.49	  12.46
	  0.891	  0.413	  0.188
	 -0.128	  0.625	 -0.770
	 -0.436	  0.662	  0.610

2 	  32.70	   5.15	  23.13
	  0.801	 -0.597	  0.045
	  0.597	  0.802	  0.001
	 -0.037	  0.025	  0.999

3 	  42.63	   0.00	   1.09
	 -0.153	 -0.514	 -0.844
	  0.243	 -0.847	  0.472
	 -0.958	 -0.133	  0.255

4 	  38.58	   8.38	  -4.45
	 -0.094	 -0.765	 -0.637
	  0.995	 -0.051	 -0.086
	  0.033	 -0.642	  0.766

5 	  46.34	   8.70	   4.08
	 -0.599	 -0.475	 -0.645
	 -0.728	 -0.011	  0.685
	 -0.333	  0.880	 -0.339

6 	  53.21	   6.33	  -1.25
	  0.535	 -0.644	 -0.547
	  0.844	  0.380	  0.379
	 -0.036	 -0.664	  0.747

7 	  38.71	  -8.03	  -5.01
	 -0.265	  0.760	 -0.593
	 -0.960	 -0.268	  0.085
	 -0.094	  0.592	  0.800

8 	  38.02	 -10.18	   9.21
	 -0.438	  0.070	 -0.896
	 -0.412	  0.870	  0.270
	  0.799	  0.488	 -0.352

9 	  49.62	  -6.49	  12.46
	  0.891	  0.413	  0.189
	 -0.127	  0.625	 -0.770
	 -0.437	  0.661	  0.609

2 	  32.70	   5.17	  23.13
	  0.801	 -0.597	  0.045
	  0.597	  0.802	  0.001
	 -0.037	  0.025	  0.999

3 	  42.63	   0.02	   1.11
	 -0.153	 -0.514	 -0.844
	  0.244	 -0.847	  0.472
	 -0.958	 -0.134	  0.255

4 	  38.60	   8.38	  -4.45
	 -0.094	 -0.765	 -0.637
	  0.995	 -0.051	 -0.086
	  0.034	 -0.642	  0.766

5 	  46.34	   8.70	   4.08
	 -0.599	 -0.475	 -0.644
	 -0.728	 -0.011	  0.685
	 -0.333	  0.880	 -0.339

6 	  53.21	   6.33	  -1.27
	  0.535	 -0.644	 -0.547
	  0.844	  0.379	  0.379
	 -0.037	 -0.664	  0.746

7 	  38.71	  -8.03	  -5.01
	 -0.265	  0.760	 -0.593
	 -0.960	 -0.268	  0.085
	 -0.094	  0.592	  0.800

8 	  38.02	 -10.18	   9.21
	 -0.438	  0.071	 -0.896
	 -0.412	  0.870	  0.270
	  0.799	  0.488	 -0.352

9 	  49.62	  -6.49	  12.46
	  0.891	  0.413	  0.189
	 -0.127	  0.625	 -0.770
	 -0.437	  0.662	  0.609

2 	  32.68	   5.17	  23.12
	  0.801	 -0.597	  0.044
	  0.598	  0.802	  0.001
	 -0.037	  0.025	  0.999

3 	  42.63	   0.02	   1.11
	 -0.155	 -0.515	 -0.843
	  0.240	 -0.847	  0.473
	 -0.958	 -0.129	  0.255

4 	  38.58	   8.38	  -4.45
	 -0.095	 -0.765	 -0.637
	  0.995	 -0.051	 -0.087
	  0.034	 -0.642	  0.766

5 	  46.34	   8.70	   4.08
	 -0.599	 -0.474	 -0.644
	 -0.728	 -0.011	  0.685
	 -0.332	  0.880	 -0.339

6 	  53.21	   6.35	  -1.27
	  0.535	 -0.644	 -0.547
	  0.844	  0.379	  0.379
	 -0.037	 -0.664	  0.746

7 	  38.67	  -8.02	  -5.01
	 -0.264	  0.761	 -0.593
	 -0.960	 -0.267	  0.085
	 -0.093	  0.591	  0.801

8 	  38.02	 -10.18	   9.19
	 -0.439	  0.071	 -0.896
	 -0.411	  0.870	  0.271
	  0.799	  0.487	 -0.353

9 	  49.62	  -6.49	  12.50
	  0.890	  0.413	  0.191
	 -0.126	  0.626	 -0.770
	 -0.438	  0.661	  0.609

2 	  32.68	   5.15	  23.12
	  0.801	 -0.597	  0.045
	  0.597	  0.802	  0.001
	 -0.037	  0.026	  0.999

3 	  42.63	   0.02	   1.11
	 -0.158	 -0.516	 -0.842
	  0.237	 -0.847	  0.475
	 -0.958	 -0.125	  0.256

4 	  38.60	   8.38	  -4.43
	 -0.095	 -0.765	 -0.637
	  0.995	 -0.051	 -0.087
	  0.034	 -0.642	  0.766

5 	  46.32	   8.68	   4.08
	 -0.600	 -0.474	 -0.645
	 -0.728	 -0.011	  0.685
	 -0.332	  0.880	 -0.339

6 	  53.21	   6.33	  -1.27
	  0.534	 -0.644	 -0.547
	  0.844	  0.379	  0.378
	 -0.037	 -0.664	  0.746

7 	  38.67	  -8.00	  -5.01
	 -0.265	  0.761	 -0.592
	 -0.960	 -0.268	  0.086
	 -0.093	  0.591	  0.801

8 	  38.04	 -10.18	   9.19
	 -0.440	  0.071	 -0.895
	 -0.411	  0.870	  0.271
	  0.798	  0.488	 -0.353

9 	  49.62	  -6.47	  12.50
	  0.890	  0.413	  0.191
	 -0.126	  0.626	 -0.770
	 -0.438	  0.661	  0.609

2 	  32.68	   5.17	  23.12
	  0.801	 -0.597	  0.045
	  0.597	  0.802	  0.001
	 -0.037	  0.026	  0.999

3 	  42.61	   0.04	   1.11
	 -0.160	 -0.517	 -0.841
	  0.236	 -0.847	  0.476
	 -0.958	 -0.123	  0.258

4 	  38.60	   8.40	  -4.43
	 -0.096	 -0.764	 -0.638
	  0.995	 -0.052	 -0.088
	  0.034	 -0.643	  0.765

5 	  46.34	   8.70	   4.08
	 -0.600	 -0.474	 -0.644
	 -0.728	 -0.011	  0.685
	 -0.332	  0.880	 -0.339

6 	  53.21	   6.33	  -1.27
	  0.534	 -0.644	 -0.547
	  0.844	  0.379	  0.378
	 -0.037	 -0.664	  0.746

7 	  38.65	  -8.00	  -5.01
	 -0.266	  0.761	 -0.592
	 -0.959	 -0.268	  0.086
	 -0.093	  0.590	  0.801

8 	  38.00	 -10.16	   9.18
	 -0.440	  0.072	 -0.895
	 -0.411	  0.870	  0.272
	  0.798	  0.487	 -0.353

9 	  49.62	  -6.45	  12.48
	  0.890	  0.414	  0.191
	 -0.126	  0.626	 -0.769
	 -0.438	  0.660	  0.609

2 	  32.68	   5.17	  23.12
	  0.801	 -0.597	  0.045
	  0.597	  0.802	  0.001
	 -0.037	  0.026	  0.999

3 	  42.61	   0.04	   1.09
	 -0.164	 -0.518	 -0.839
	  0.236	 -0.847	  0.476
	 -0.958	 -0.120	  0.261

4 	  38.58	   8.42	  -4.45
	 -0.097	 -0.764	 -0.638
	  0.995	 -0.052	 -0.089
	  0.034	 -0.643	  0.765

5 	  46.34	   8.72	   4.08
	 -0.599	 -0.475	 -0.644
	 -0.728	 -0.011	  0.685
	 -0.333	  0.880	 -0.339

6 	  53.19	   6.33	  -1.28
	  0.534	 -0.644	 -0.548
	  0.844	  0.379	  0.378
	 -0.036	 -0.664	  0.746

7 	  38.65	  -7.98	  -5.03
	 -0.266	  0.761	 -0.591
	 -0.959	 -0.269	  0.086
	 -0.093	  0.590	  0.802

8 	  38.02	 -10.14	   9.16
	 -0.440	  0.073	 -0.895
	 -0.409	  0.870	  0.273
	  0.799	  0.486	 -0.353

9 	  49.62	  -6.47	  12.48
	  0.890	  0.413	  0.191
	 -0.126	  0.627	 -0.768
	 -0.438	  0.660	  0.610

2 	  32.68	   5.17	  23.12
	  0.801	 -0.597	  0.044
	  0.597	  0.802	  0.001
	 -0.036	  0.026	  0.999

3 	  42.61	   0.04	   1.07
	 -0.166	 -0.519	 -0.839
	  0.237	 -0.847	  0.476
	 -0.957	 -0.120	  0.263

4 	  38.58	   8.44	  -4.43
	 -0.097	 -0.764	 -0.638
	  0.995	 -0.052	 -0.089
	  0.035	 -0.643	  0.765

5 	  46.32	   8.72	   4.08
	 -0.599	 -0.475	 -0.645
	 -0.728	 -0.011	  0.685
	 -0.333	  0.880	 -0.339

6 	  53.19	   6.33	  -1.28
	  0.534	 -0.644	 -0.548
	  0.845	  0.379	  0.378
	 -0.036	 -0.664	  0.746

7 	  38.67	  -7.96	  -5.04
	 -0.267	  0.761	 -0.590
	 -0.959	 -0.270	  0.087
	 -0.093	  0.589	  0.802

8 	  38.02	 -10.14	   9.16
	 -0.441	  0.074	 -0.895
	 -0.410	  0.870	  0.273
	  0.799	  0.487	 -0.353

9 	  49.64	  -6.45	  12.46
	  0.890	  0.414	  0.193
	 -0.125	  0.628	 -0.768
	 -0.439	  0.659	  0.610

2 	  32.68	   5.17	  23.13
	  0.801	 -0.597	  0.045
	  0.597	  0.802	  0.001
	 -0.037	  0.026	  0.999

3 	  42.61	   0.02	   1.05
	 -0.167	 -0.518	 -0.839
	  0.237	 -0.847	  0.476
	 -0.957	 -0.119	  0.264

4 	  38.58	   8.44	  -4.43
	 -0.098	 -0.763	 -0.638
	  0.994	 -0.052	 -0.090
	  0.036	 -0.644	  0.764

5 	  46.32	   8.74	   4.10
	 -0.599	 -0.475	 -0.645
	 -0.729	 -0.012	  0.685
	 -0.333	  0.880	 -0.339

6 	  53.19	   6.31	  -1.27
	  0.534	 -0.645	 -0.547
	  0.845	  0.378	  0.378
	 -0.037	 -0.664	  0.746

7 	  38.67	  -7.96	  -5.04
	 -0.268	  0.762	 -0.590
	 -0.959	 -0.270	  0.087
	 -0.092	  0.589	  0.803

8 	  38.04	 -10.14	   9.14
	 -0.441	  0.074	 -0.895
	 -0.410	  0.870	  0.274
	  0.798	  0.487	 -0.353

9 	  49.62	  -6.47	  12.46
	  0.889	  0.414	  0.194
	 -0.125	  0.628	 -0.768
	 -0.440	  0.659	  0.610

2 	  32.68	   5.17	  23.12
	  0.801	 -0.597	  0.045
	  0.597	  0.802	  0.001
	 -0.037	  0.026	  0.999

3 	  42.63	   0.04	   1.05
	 -0.168	 -0.518	 -0.839
	  0.238	 -0.847	  0.475
	 -0.957	 -0.120	  0.265

4 	  38.58	   8.44	  -4.43
	 -0.098	 -0.763	 -0.639
	  0.994	 -0.052	 -0.090
	  0.036	 -0.644	  0.764

5 	  46.32	   8.70	   4.08
	 -0.599	 -0.474	 -0.645
	 -0.728	 -0.011	  0.685
	 -0.332	  0.880	 -0.339

6 	  53.19	   6.33	  -1.28
	  0.534	 -0.644	 -0.548
	  0.845	  0.379	  0.378
	 -0.036	 -0.665	  0.746

7 	  38.67	  -7.96	  -5.04
	 -0.268	  0.762	 -0.589
	 -0.959	 -0.270	  0.088
	 -0.092	  0.589	  0.803

8 	  38.06	 -10.16	   9.14
	 -0.441	  0.074	 -0.895
	 -0.409	  0.870	  0.274
	  0.799	  0.487	 -0.353

9 	  49.62	  -6.45	  12.48
	  0.889	  0.414	  0.194
	 -0.125	  0.628	 -0.768
	 -0.440	  0.658	  0.610

2 	  32.68	   5.17	  23.13
	  0.801	 -0.597	  0.045
	  0.597	  0.802	  0.001
	 -0.037	  0.026	  0.999

3 	  42.64	   0.04	   1.04
	 -0.166	 -0.516	 -0.841
	  0.240	 -0.848	  0.472
	 -0.956	 -0.123	  0.264

4 	  38.57	   8.42	  -4.43
	 -0.099	 -0.763	 -0.639
	  0.994	 -0.052	 -0.092
	  0.037	 -0.644	  0.764

5 	  46.32	   8.72	   4.08
	 -0.599	 -0.474	 -0.645
	 -0.728	 -0.011	  0.685
	 -0.332	  0.880	 -0.339

6 	  53.19	   6.35	  -1.28
	  0.534	 -0.644	 -0.548
	  0.844	  0.379	  0.378
	 -0.036	 -0.665	  0.746

7 	  38.65	  -7.96	  -5.06
	 -0.269	  0.762	 -0.588
	 -0.959	 -0.269	  0.091
	 -0.089	  0.588	  0.803

8 	  38.04	 -10.16	   9.14
	 -0.441	  0.074	 -0.895
	 -0.409	  0.870	  0.274
	  0.799	  0.486	 -0.353

9 	  49.64	  -6.47	  12.48
	  0.889	  0.414	  0.195
	 -0.125	  0.628	 -0.768
	 -0.441	  0.658	  0.610

2 	  32.70	   5.17	  23.12
	  0.801	 -0.597	  0.045
	  0.597	  0.802	  0.001
	 -0.037	  0.026	  0.999

3 	  42.66	   0.05	   1.04
	 -0.163	 -0.512	 -0.843
	  0.243	 -0.849	  0.468
	 -0.956	 -0.129	  0.263

4 	  38.57	   8.44	  -4.41
	 -0.099	 -0.763	 -0.639
	  0.994	 -0.051	 -0.092
	  0.037	 -0.645	  0.763

5 	  46.30	   8.70	   4.10
	 -0.599	 -0.474	 -0.645
	 -0.729	 -0.011	  0.684
	 -0.332	  0.880	 -0.339

6 	  53.19	   6.35	  -1.28
	  0.534	 -0.644	 -0.547
	  0.844	  0.379	  0.379
	 -0.036	 -0.665	  0.746

7 	  38.65	  -7.98	  -5.06
	 -0.269	  0.762	 -0.588
	 -0.959	 -0.268	  0.092
	 -0.088	  0.589	  0.803

8 	  38.04	 -10.16	   9.14
	 -0.440	  0.074	 -0.895
	 -0.409	  0.870	  0.273
	  0.799	  0.486	 -0.353

9 	  49.66	  -6.47	  12.50
	  0.889	  0.414	  0.195
	 -0.124	  0.628	 -0.768
	 -0.441	  0.658	  0.610

2 	  32.70	   5.17	  23.13
	  0.801	 -0.597	  0.045
	  0.597	  0.802	  0.001
	 -0.037	  0.025	  0.999

3 	  42.66	   0.05	   1.04
	 -0.162	 -0.511	 -0.844
	  0.243	 -0.850	  0.468
	 -0.956	 -0.130	  0.262

4 	  38.57	   8.44	  -4.43
	 -0.099	 -0.762	 -0.639
	  0.994	 -0.051	 -0.093
	  0.038	 -0.645	  0.763

5 	  46.32	   8.72	   4.08
	 -0.600	 -0.475	 -0.644
	 -0.728	 -0.011	  0.685
	 -0.332	  0.880	 -0.339

6 	  53.21	   6.33	  -1.28
	  0.534	 -0.644	 -0.548
	  0.844	  0.379	  0.378
	 -0.036	 -0.665	  0.746

7 	  38.65	  -7.98	  -5.06
	 -0.269	  0.762	 -0.588
	 -0.959	 -0.268	  0.092
	 -0.087	  0.589	  0.803

8 	  38.04	 -10.16	   9.16
	 -0.441	  0.074	 -0.895
	 -0.408	  0.871	  0.273
	  0.799	  0.486	 -0.354

9 	  49.64	  -6.50	  12.46
	  0.889	  0.414	  0.195
	 -0.124	  0.628	 -0.768
	 -0.441	  0.658	  0.610

2 	  32.68	   5.17	  23.13
	  0.801	 -0.597	  0.045
	  0.597	  0.802	  0.001
	 -0.037	  0.026	  0.999

3 	  42.64	   0.05	   1.04
	 -0.162	 -0.511	 -0.844
	  0.244	 -0.850	  0.467
	 -0.956	 -0.130	  0.262

4 	  38.57	   8.44	  -4.43
	 -0.099	 -0.762	 -0.640
	  0.994	 -0.051	 -0.093
	  0.038	 -0.645	  0.763

5 	  46.32	   8.70	   4.10
	 -0.599	 -0.475	 -0.645
	 -0.728	 -0.011	  0.685
	 -0.332	  0.880	 -0.339

6 	  53.19	   6.33	  -1.30
	  0.533	 -0.644	 -0.548
	  0.845	  0.379	  0.378
	 -0.036	 -0.664	  0.746

7 	  38.65	  -7.96	  -5.06
	 -0.269	  0.762	 -0.588
	 -0.959	 -0.267	  0.092
	 -0.087	  0.589	  0.803

8 	  38.04	 -10.16	   9.16
	 -0.441	  0.074	 -0.894
	 -0.409	  0.871	  0.273
	  0.799	  0.486	 -0.354

9 	  49.64	  -6.47	  12.46
	  0.889	  0.414	  0.194
	 -0.125	  0.629	 -0.768
	 -0.440	  0.658	  0.610

2 	  32.68	   5.17	  23.13
	  0.801	 -0.597	  0.045
	  0.597	  0.802	  0.001
	 -0.037	  0.025	  0.999

3 	  42.63	   0.05	   1.04
	 -0.162	 -0.511	 -0.844
	  0.245	 -0.849	  0.467
	 -0.956	 -0.131	  0.263

4 	  38.57	   8.44	  -4.43
	 -0.099	 -0.762	 -0.640
	  0.994	 -0.051	 -0.093
	  0.038	 -0.645	  0.763

5 	  46.34	   8.70	   4.10
	 -0.599	 -0.474	 -0.645
	 -0.728	 -0.011	  0.685
	 -0.332	  0.880	 -0.339

6 	  53.21	   6.31	  -1.30
	  0.533	 -0.644	 -0.548
	  0.845	  0.378	  0.378
	 -0.036	 -0.665	  0.746

7 	  38.65	  -7.96	  -5.04
	 -0.268	  0.762	 -0.589
	 -0.959	 -0.267	  0.091
	 -0.088	  0.589	  0.803

8 	  38.04	 -10.16	   9.16
	 -0.441	  0.074	 -0.895
	 -0.408	  0.871	  0.273
	  0.799	  0.485	 -0.354

9 	  49.62	  -6.49	  12.46
	  0.890	  0.413	  0.194
	 -0.125	  0.629	 -0.767
	 -0.439	  0.659	  0.611

2 	  32.70	   5.17	  23.13
	  0.801	 -0.597	  0.045
	  0.597	  0.802	  0.001
	 -0.037	  0.025	  0.999

3 	  42.64	   0.07	   1.04
	 -0.161	 -0.511	 -0.844
	  0.246	 -0.849	  0.467
	 -0.956	 -0.132	  0.262

4 	  38.55	   8.44	  -4.43
	 -0.099	 -0.762	 -0.639
	  0.994	 -0.051	 -0.093
	  0.038	 -0.645	  0.763

5 	  46.34	   8.70	   4.08
	 -0.600	 -0.474	 -0.644
	 -0.727	 -0.011	  0.686
	 -0.332	  0.880	 -0.339

6 	  53.19	   6.33	  -1.30
	  0.534	 -0.644	 -0.548
	  0.845	  0.379	  0.378
	 -0.036	 -0.665	  0.746

7 	  38.67	  -7.96	  -5.04
	 -0.268	  0.762	 -0.589
	 -0.959	 -0.268	  0.090
	 -0.089	  0.589	  0.803

8 	  38.02	 -10.14	   9.16
	 -0.440	  0.073	 -0.895
	 -0.409	  0.871	  0.273
	  0.799	  0.486	 -0.353

9 	  49.64	  -6.47	  12.48
	  0.890	  0.413	  0.193
	 -0.125	  0.629	 -0.767
	 -0.439	  0.659	  0.611

2 	  32.70	   5.17	  23.13
	  0.801	 -0.597	  0.045
	  0.597	  0.802	  0.001
	 -0.037	  0.025	  0.999

3 	  42.63	   0.07	   1.05
	 -0.160	 -0.511	 -0.844
	  0.246	 -0.849	  0.467
	 -0.956	 -0.133	  0.261

4 	  38.55	   8.44	  -4.43
	 -0.099	 -0.762	 -0.639
	  0.994	 -0.051	 -0.093
	  0.038	 -0.645	  0.763

5 	  46.32	   8.70	   4.10
	 -0.600	 -0.474	 -0.644
	 -0.728	 -0.011	  0.686
	 -0.332	  0.880	 -0.339

6 	  53.19	   6.33	  -1.32
	  0.533	 -0.644	 -0.548
	  0.845	  0.379	  0.377
	 -0.036	 -0.665	  0.746

7 	  38.69	  -7.96	  -5.04
	 -0.267	  0.762	 -0.590
	 -0.959	 -0.268	  0.089
	 -0.090	  0.589	  0.802

8 	  38.02	 -10.14	   9.16
	 -0.440	  0.074	 -0.895
	 -0.409	  0.871	  0.272
	  0.800	  0.486	 -0.353

9 	  49.64	  -6.49	  12.48
	  0.890	  0.412	  0.193
	 -0.125	  0.629	 -0.767
	 -0.438	  0.659	  0.612

2 	  32.70	   5.15	  23.13
	  0.801	 -0.597	  0.044
	  0.598	  0.802	  0.001
	 -0.037	  0.025	  0.999

3 	  42.63	   0.07	   1.05
	 -0.159	 -0.511	 -0.845
	  0.246	 -0.849	  0.467
	 -0.956	 -0.134	  0.261

4 	  38.55	   8.44	  -4.43
	 -0.099	 -0.762	 -0.639
	  0.994	 -0.051	 -0.093
	  0.038	 -0.645	  0.763

5 	  46.34	   8.72	   4.08
	 -0.600	 -0.474	 -0.644
	 -0.727	 -0.011	  0.686
	 -0.333	  0.880	 -0.339

6 	  53.21	   6.35	  -1.30
	  0.534	 -0.644	 -0.548
	  0.845	  0.379	  0.377
	 -0.036	 -0.665	  0.746

7 	  38.69	  -7.96	  -5.03
	 -0.267	  0.761	 -0.591
	 -0.959	 -0.268	  0.088
	 -0.092	  0.590	  0.802

8 	  38.02	 -10.14	   9.18
	 -0.439	  0.073	 -0.896
	 -0.409	  0.871	  0.271
	  0.800	  0.486	 -0.352

9 	  49.64	  -6.47	  12.48
	  0.891	  0.412	  0.192
	 -0.126	  0.629	 -0.767
	 -0.437	  0.659	  0.612

2 	  32.70	   5.17	  23.12
	  0.801	 -0.597	  0.044
	  0.598	  0.802	  0.001
	 -0.037	  0.025	  0.999

3 	  42.63	   0.07	   1.07
	 -0.158	 -0.512	 -0.844
	  0.246	 -0.849	  0.468
	 -0.956	 -0.134	  0.260

4 	  38.55	   8.44	  -4.43
	 -0.099	 -0.762	 -0.639
	  0.994	 -0.051	 -0.093
	  0.038	 -0.645	  0.763

5 	  46.32	   8.72	   4.08
	 -0.600	 -0.474	 -0.644
	 -0.728	 -0.011	  0.686
	 -0.332	  0.880	 -0.339

6 	  53.21	   6.31	  -1.32
	  0.533	 -0.644	 -0.548
	  0.845	  0.378	  0.377
	 -0.036	 -0.665	  0.746

7 	  38.67	  -7.96	  -5.03
	 -0.267	  0.761	 -0.591
	 -0.959	 -0.268	  0.087
	 -0.092	  0.590	  0.802

8 	  38.02	 -10.14	   9.18
	 -0.439	  0.073	 -0.896
	 -0.410	  0.871	  0.272
	  0.800	  0.486	 -0.352

9 	  49.62	  -6.47	  12.46
	  0.890	  0.413	  0.191
	 -0.127	  0.629	 -0.767
	 -0.437	  0.659	  0.612

2 	  32.70	   5.17	  23.13
	  0.801	 -0.597	  0.045
	  0.597	  0.802	  0.002
	 -0.037	  0.025	  0.999

3 	  42.63	   0.07	   1.07
	 -0.158	 -0.512	 -0.844
	  0.246	 -0.849	  0.468
	 -0.956	 -0.134	  0.260

4 	  38.55	   8.44	  -4.43
	 -0.099	 -0.763	 -0.639
	  0.994	 -0.051	 -0.093
	  0.038	 -0.645	  0.763

5 	  46.34	   8.70	   4.08
	 -0.600	 -0.474	 -0.644
	 -0.728	 -0.010	  0.686
	 -0.332	  0.880	 -0.339

6 	  53.19	   6.35	  -1.32
	  0.533	 -0.644	 -0.549
	  0.845	  0.379	  0.377
	 -0.035	 -0.665	  0.746

7 	  38.67	  -7.96	  -5.03
	 -0.266	  0.761	 -0.591
	 -0.959	 -0.268	  0.087
	 -0.092	  0.590	  0.802

8 	  38.02	 -10.16	   9.18
	 -0.439	  0.074	 -0.896
	 -0.409	  0.871	  0.272
	  0.800	  0.485	 -0.352

9 	  49.64	  -6.45	  12.46
	  0.890	  0.413	  0.191
	 -0.127	  0.629	 -0.767
	 -0.437	  0.659	  0.612

2 	  32.68	   5.17	  23.13
	  0.801	 -0.597	  0.045
	  0.597	  0.802	  0.001
	 -0.037	  0.026	  0.999

3 	  42.61	   0.09	   1.07
	 -0.157	 -0.511	 -0.845
	  0.246	 -0.849	  0.468
	 -0.956	 -0.135	  0.259

4 	  38.55	   8.44	  -4.41
	 -0.099	 -0.762	 -0.639
	  0.994	 -0.052	 -0.093
	  0.037	 -0.645	  0.763

5 	  46.32	   8.70	   4.10
	 -0.600	 -0.474	 -0.644
	 -0.728	 -0.011	  0.685
	 -0.332	  0.880	 -0.339

6 	  53.21	   6.31	  -1.30
	  0.533	 -0.645	 -0.548
	  0.845	  0.378	  0.378
	 -0.037	 -0.665	  0.746

7 	  38.69	  -7.95	  -5.03
	 -0.267	  0.761	 -0.591
	 -0.959	 -0.269	  0.087
	 -0.093	  0.590	  0.802

8 	  38.00	 -10.12	   9.18
	 -0.438	  0.075	 -0.896
	 -0.408	  0.871	  0.272
	  0.801	  0.485	 -0.352

9 	  49.62	  -6.45	  12.48
	  0.890	  0.413	  0.192
	 -0.126	  0.629	 -0.767
	 -0.438	  0.659	  0.612

2 	  32.68	   5.15	  23.13
	  0.801	 -0.597	  0.045
	  0.597	  0.802	  0.002
	 -0.037	  0.025	  0.999

3 	  42.61	   0.09	   1.07
	 -0.157	 -0.511	 -0.845
	  0.246	 -0.849	  0.468
	 -0.956	 -0.135	  0.259

4 	  38.55	   8.46	  -4.41
	 -0.099	 -0.762	 -0.640
	  0.994	 -0.052	 -0.092
	  0.037	 -0.645	  0.763

5 	  46.34	   8.70	   4.08
	 -0.600	 -0.474	 -0.644
	 -0.728	 -0.010	  0.686
	 -0.332	  0.880	 -0.339

6 	  53.19	   6.33	  -1.30
	  0.533	 -0.644	 -0.549
	  0.845	  0.378	  0.378
	 -0.036	 -0.665	  0.746

7 	  38.69	  -7.95	  -5.03
	 -0.267	  0.761	 -0.591
	 -0.959	 -0.269	  0.087
	 -0.093	  0.590	  0.802

8 	  38.00	 -10.14	   9.18
	 -0.438	  0.076	 -0.895
	 -0.407	  0.872	  0.273
	  0.801	  0.484	 -0.351

9 	  49.62	  -6.45	  12.48
	  0.891	  0.412	  0.191
	 -0.127	  0.629	 -0.767
	 -0.437	  0.659	  0.612

2 	  32.68	   5.17	  23.13
	  0.801	 -0.597	  0.045
	  0.597	  0.802	  0.001
	 -0.037	  0.026	  0.999

3 	  42.59	   0.09	   1.09
	 -0.156	 -0.511	 -0.845
	  0.246	 -0.849	  0.468
	 -0.956	 -0.135	  0.258

4 	  38.55	   8.46	  -4.41
	 -0.100	 -0.762	 -0.640
	  0.994	 -0.052	 -0.093
	  0.038	 -0.645	  0.763

5 	  46.32	   8.70	   4.10
	 -0.600	 -0.474	 -0.644
	 -0.728	 -0.010	  0.685
	 -0.332	  0.880	 -0.339

6 	  53.19	   6.35	  -1.30
	  0.534	 -0.644	 -0.549
	  0.845	  0.379	  0.378
	 -0.036	 -0.665	  0.746

7 	  38.67	  -7.93	  -5.03
	 -0.267	  0.761	 -0.591
	 -0.959	 -0.269	  0.087
	 -0.093	  0.589	  0.802

8 	  38.00	 -10.12	   9.18
	 -0.439	  0.075	 -0.895
	 -0.407	  0.871	  0.273
	  0.801	  0.484	 -0.352

9 	  49.64	  -6.47	  12.48
	  0.891	  0.412	  0.192
	 -0.126	  0.629	 -0.767
	 -0.437	  0.659	  0.612

2 	  32.68	   5.17	  23.13
	  0.801	 -0.597	  0.045
	  0.597	  0.802	  0.002
	 -0.037	  0.025	  0.999

3 	  42.59	   0.09	   1.09
	 -0.157	 -0.511	 -0.845
	  0.246	 -0.849	  0.468
	 -0.956	 -0.135	  0.259

4 	  38.53	   8.46	  -4.41
	 -0.099	 -0.762	 -0.640
	  0.994	 -0.052	 -0.093
	  0.038	 -0.646	  0.763

5 	  46.32	   8.70	   4.10
	 -0.600	 -0.474	 -0.644
	 -0.728	 -0.010	  0.686
	 -0.332	  0.880	 -0.339

6 	  53.19	   6.33	  -1.28
	  0.534	 -0.644	 -0.548
	  0.845	  0.378	  0.378
	 -0.036	 -0.665	  0.746

7 	  38.69	  -7.93	  -5.03
	 -0.267	  0.761	 -0.591
	 -0.959	 -0.269	  0.086
	 -0.093	  0.589	  0.802

8 	  38.00	 -10.12	   9.18
	 -0.439	  0.074	 -0.895
	 -0.407	  0.872	  0.272
	  0.801	  0.484	 -0.352

9 	  49.64	  -6.47	  12.46
	  0.891	  0.412	  0.191
	 -0.126	  0.628	 -0.768
	 -0.437	  0.660	  0.611

2 	  32.68	   5.17	  23.13
	  0.801	 -0.597	  0.045
	  0.597	  0.802	  0.001
	 -0.037	  0.025	  0.999

3 	  42.59	   0.09	   1.09
	 -0.157	 -0.511	 -0.845
	  0.246	 -0.849	  0.468
	 -0.956	 -0.135	  0.259

4 	  38.53	   8.46	  -4.41
	 -0.099	 -0.762	 -0.640
	  0.994	 -0.051	 -0.094
	  0.038	 -0.646	  0.763

5 	  46.32	   8.70	   4.10
	 -0.600	 -0.474	 -0.644
	 -0.728	 -0.011	  0.686
	 -0.332	  0.880	 -0.339

6 	  53.19	   6.31	  -1.30
	  0.533	 -0.644	 -0.548
	  0.845	  0.378	  0.378
	 -0.036	 -0.665	  0.746

7 	  38.69	  -7.93	  -5.03
	 -0.266	  0.761	 -0.591
	 -0.959	 -0.269	  0.086
	 -0.093	  0.589	  0.802

8 	  38.00	 -10.14	   9.18
	 -0.439	  0.074	 -0.895
	 -0.407	  0.872	  0.272
	  0.801	  0.484	 -0.353

9 	  49.64	  -6.47	  12.48
	  0.890	  0.413	  0.191
	 -0.125	  0.626	 -0.769
	 -0.438	  0.661	  0.609

2 	  32.68	   5.17	  23.13
	  0.801	 -0.597	  0.045
	  0.597	  0.802	  0.002
	 -0.037	  0.025	  0.999

3 	  42.59	   0.09	   1.09
	 -0.157	 -0.511	 -0.845
	  0.246	 -0.849	  0.468
	 -0.956	 -0.135	  0.259

4 	  38.53	   8.46	  -4.41
	 -0.100	 -0.762	 -0.640
	  0.994	 -0.052	 -0.093
	  0.038	 -0.646	  0.763

5 	  46.34	   8.72	   4.08
	 -0.600	 -0.474	 -0.644
	 -0.728	 -0.011	  0.686
	 -0.332	  0.880	 -0.339

6 	  53.19	   6.35	  -1.32
	  0.533	 -0.644	 -0.549
	  0.845	  0.379	  0.377
	 -0.035	 -0.665	  0.746

7 	  38.69	  -7.93	  -5.03
	 -0.267	  0.761	 -0.591
	 -0.959	 -0.269	  0.086
	 -0.094	  0.589	  0.802

8 	  38.02	 -10.14	   9.18
	 -0.439	  0.074	 -0.895
	 -0.408	  0.871	  0.272
	  0.800	  0.485	 -0.352

9 	  49.62	  -6.47	  12.46
	  0.890	  0.413	  0.191
	 -0.125	  0.626	 -0.769
	 -0.438	  0.661	  0.609

2 	  32.68	   5.17	  23.13
	  0.801	 -0.597	  0.045
	  0.597	  0.802	  0.001
	 -0.037	  0.025	  0.999

3 	  42.61	   0.09	   1.11
	 -0.156	 -0.511	 -0.846
	  0.245	 -0.849	  0.467
	 -0.957	 -0.135	  0.257

4 	  38.53	   8.46	  -4.41
	 -0.100	 -0.762	 -0.640
	  0.994	 -0.051	 -0.094
	  0.038	 -0.646	  0.763

5 	  46.34	   8.70	   4.10
	 -0.600	 -0.474	 -0.644
	 -0.728	 -0.010	  0.685
	 -0.332	  0.880	 -0.339

6 	  53.21	   6.31	  -1.30
	  0.533	 -0.644	 -0.548
	  0.845	  0.378	  0.378
	 -0.036	 -0.665	  0.746

7 	  38.65	  -7.93	  -5.04
	 -0.267	  0.762	 -0.589
	 -0.959	 -0.269	  0.088
	 -0.091	  0.589	  0.803

8 	  38.02	 -10.14	   9.18
	 -0.439	  0.074	 -0.895
	 -0.408	  0.871	  0.273
	  0.800	  0.485	 -0.352

9 	  49.64	  -6.49	  12.46
	  0.890	  0.412	  0.192
	 -0.125	  0.627	 -0.769
	 -0.438	  0.660	  0.610

2 	  32.68	   5.17	  23.15
	  0.801	 -0.597	  0.045
	  0.597	  0.802	  0.001
	 -0.038	  0.026	  0.999

3 	  42.61	   0.07	   1.05
	 -0.155	 -0.507	 -0.848
	  0.245	 -0.851	  0.464
	 -0.957	 -0.136	  0.256

4 	  38.53	   8.46	  -4.41
	 -0.100	 -0.762	 -0.640
	  0.994	 -0.051	 -0.094
	  0.039	 -0.646	  0.762

5 	  46.32	   8.70	   4.08
	 -0.601	 -0.474	 -0.644
	 -0.727	 -0.010	  0.686
	 -0.332	  0.880	 -0.339

6 	  53.21	   6.31	  -1.30
	  0.533	 -0.644	 -0.548
	  0.845	  0.378	  0.377
	 -0.036	 -0.665	  0.746

7 	  38.64	  -7.95	  -5.04
	 -0.268	  0.762	 -0.589
	 -0.959	 -0.267	  0.091
	 -0.088	  0.589	  0.803

8 	  38.02	 -10.14	   9.18
	 -0.440	  0.074	 -0.895
	 -0.409	  0.871	  0.273
	  0.800	  0.486	 -0.353

9 	  49.64	  -6.49	  12.50
	  0.890	  0.413	  0.193
	 -0.125	  0.627	 -0.769
	 -0.439	  0.660	  0.610

2 	  32.68	   5.17	  23.12
	  0.801	 -0.597	  0.045
	  0.597	  0.802	  0.001
	 -0.037	  0.025	  0.999

3 	  42.61	   0.07	   1.05
	 -0.153	 -0.506	 -0.849
	  0.245	 -0.852	  0.463
	 -0.957	 -0.138	  0.255

4 	  38.53	   8.46	  -4.41
	 -0.099	 -0.761	 -0.641
	  0.994	 -0.051	 -0.094
	  0.039	 -0.646	  0.762

5 	  46.32	   8.72	   4.06
	 -0.601	 -0.474	 -0.644
	 -0.727	 -0.011	  0.686
	 -0.333	  0.880	 -0.339

6 	  53.21	   6.33	  -1.28
	  0.534	 -0.644	 -0.548
	  0.845	  0.379	  0.378
	 -0.036	 -0.665	  0.746

7 	  38.64	  -7.96	  -5.04
	 -0.268	  0.762	 -0.589
	 -0.959	 -0.267	  0.091
	 -0.088	  0.589	  0.803

8 	  38.02	 -10.14	   9.18
	 -0.440	  0.074	 -0.895
	 -0.409	  0.870	  0.273
	  0.799	  0.486	 -0.353

9 	  49.64	  -6.49	  12.48
	  0.890	  0.413	  0.193
	 -0.125	  0.628	 -0.768
	 -0.438	  0.660	  0.610

2 	  32.68	   5.17	  23.13
	  0.801	 -0.597	  0.045
	  0.597	  0.802	  0.001
	 -0.037	  0.026	  0.999

3 	  42.61	   0.07	   1.05
	 -0.153	 -0.505	 -0.849
	  0.246	 -0.852	  0.462
	 -0.957	 -0.139	  0.254

4 	  38.53	   8.44	  -4.41
	 -0.100	 -0.761	 -0.641
	  0.994	 -0.051	 -0.094
	  0.039	 -0.646	  0.762

5 	  46.32	   8.68	   4.08
	 -0.601	 -0.474	 -0.643
	 -0.727	 -0.010	  0.687
	 -0.332	  0.880	 -0.339

6 	  53.21	   6.31	  -1.28
	  0.534	 -0.644	 -0.548
	  0.845	  0.379	  0.378
	 -0.036	 -0.665	  0.746

7 	  38.64	  -7.95	  -5.03
	 -0.268	  0.762	 -0.589
	 -0.959	 -0.267	  0.090
	 -0.089	  0.589	  0.803

8 	  38.02	 -10.14	   9.18
	 -0.440	  0.073	 -0.895
	 -0.410	  0.870	  0.273
	  0.799	  0.487	 -0.353

9 	  49.62	  -6.45	  12.48
	  0.890	  0.413	  0.192
	 -0.126	  0.628	 -0.767
	 -0.439	  0.659	  0.611

2 	  32.68	   5.15	  23.13
	  0.801	 -0.597	  0.045
	  0.598	  0.802	  0.002
	 -0.038	  0.026	  0.999

3 	  42.61	   0.07	   1.07
	 -0.152	 -0.505	 -0.849
	  0.246	 -0.852	  0.462
	 -0.957	 -0.139	  0.254

4 	  38.53	   8.46	  -4.41
	 -0.100	 -0.761	 -0.640
	  0.994	 -0.051	 -0.094
	  0.039	 -0.646	  0.762

5 	  46.32	   8.70	   4.08
	 -0.601	 -0.474	 -0.644
	 -0.727	 -0.011	  0.686
	 -0.333	  0.880	 -0.339

6 	  53.19	   6.33	  -1.28
	  0.534	 -0.643	 -0.548
	  0.844	  0.379	  0.378
	 -0.036	 -0.665	  0.746

7 	  38.64	  -7.96	  -5.03
	 -0.267	  0.762	 -0.590
	 -0.959	 -0.267	  0.090
	 -0.088	  0.590	  0.802

8 	  38.02	 -10.12	   9.18
	 -0.440	  0.073	 -0.895
	 -0.410	  0.870	  0.273
	  0.799	  0.487	 -0.353

9 	  49.62	  -6.47	  12.46
	  0.890	  0.412	  0.192
	 -0.126	  0.629	 -0.767
	 -0.438	  0.658	  0.612

2 	  32.68	   5.17	  23.12
	  0.801	 -0.597	  0.045
	  0.597	  0.802	  0.001
	 -0.037	  0.025	  0.999

3 	  42.59	   0.07	   1.09
	 -0.152	 -0.505	 -0.850
	  0.246	 -0.852	  0.462
	 -0.957	 -0.139	  0.253

4 	  38.53	   8.46	  -4.41
	 -0.100	 -0.761	 -0.640
	  0.994	 -0.051	 -0.094
	  0.039	 -0.646	  0.762

5 	  46.30	   8.72	   4.08
	 -0.600	 -0.475	 -0.643
	 -0.727	 -0.011	  0.686
	 -0.333	  0.880	 -0.339

6 	  53.21	   6.35	  -1.30
	  0.534	 -0.644	 -0.548
	  0.845	  0.379	  0.378
	 -0.036	 -0.665	  0.746

7 	  38.65	  -7.96	  -5.03
	 -0.267	  0.762	 -0.590
	 -0.959	 -0.267	  0.090
	 -0.088	  0.590	  0.802

8 	  38.02	 -10.12	   9.18
	 -0.440	  0.073	 -0.895
	 -0.410	  0.870	  0.273
	  0.799	  0.487	 -0.353

9 	  49.64	  -6.49	  12.48
	  0.890	  0.413	  0.192
	 -0.126	  0.630	 -0.766
	 -0.438	  0.658	  0.613

2 	  32.68	   5.17	  23.13
	  0.801	 -0.597	  0.045
	  0.597	  0.802	  0.001
	 -0.037	  0.026	  0.999

3 	  42.59	   0.07	   1.09
	 -0.152	 -0.505	 -0.850
	  0.246	 -0.852	  0.462
	 -0.957	 -0.139	  0.253

4 	  38.53	   8.46	  -4.41
	 -0.100	 -0.761	 -0.641
	  0.994	 -0.052	 -0.094
	  0.038	 -0.646	  0.762

5 	  46.32	   8.70	   4.08
	 -0.601	 -0.474	 -0.644
	 -0.727	 -0.010	  0.686
	 -0.333	  0.880	 -0.339

6 	  53.19	   6.33	  -1.30
	  0.534	 -0.644	 -0.548
	  0.845	  0.379	  0.378
	 -0.036	 -0.665	  0.746

7 	  38.65	  -7.95	  -5.03
	 -0.267	  0.762	 -0.590
	 -0.959	 -0.267	  0.090
	 -0.089	  0.590	  0.802

8 	  38.02	 -10.12	   9.19
	 -0.440	  0.073	 -0.895
	 -0.410	  0.870	  0.272
	  0.799	  0.487	 -0.353

9 	  49.62	  -6.45	  12.50
	  0.890	  0.413	  0.193
	 -0.126	  0.630	 -0.766
	 -0.438	  0.657	  0.613

2 	  32.70	   5.17	  23.12
	  0.801	 -0.597	  0.045
	  0.597	  0.802	  0.001
	 -0.037	  0.026	  0.999

3 	  42.59	   0.07	   1.09
	 -0.151	 -0.505	 -0.849
	  0.246	 -0.852	  0.463
	 -0.957	 -0.139	  0.253

4 	  38.53	   8.46	  -4.41
	 -0.099	 -0.761	 -0.640
	  0.994	 -0.051	 -0.094
	  0.038	 -0.646	  0.762

5 	  46.32	   8.72	   4.08
	 -0.600	 -0.475	 -0.644
	 -0.727	 -0.011	  0.686
	 -0.333	  0.880	 -0.339

6 	  53.19	   6.35	  -1.30
