% Calibrated with leiden_pols
% Positions are in centimeters
Data =[
 2    97.534   -18.527    59.187
 2     0.741    -0.673     0.015
 2     0.671     0.739     0.045
 2    -0.040    -0.024     0.999
 3   127.132    -3.094     1.916
 3     0.372    -0.280    -0.886
 3     0.041     0.958    -0.284
 3     0.927     0.068     0.367
 4   108.250    14.672    -9.515
 4     0.479    -0.801     0.359
 4     0.871     0.383    -0.306
 4     0.108     0.459     0.881
 5   110.773    22.480    13.930
 5     0.423    -0.512     0.749
 5     0.161    -0.770    -0.616
 5     0.892     0.381    -0.243
 6   125.057    27.211    39.566
 6     0.332    -0.731    -0.599
 6     0.098     0.656    -0.747
 6     0.938     0.188     0.288
 7   110.699   -22.054    -8.729
 7     0.237     0.965     0.112
 7    -0.941     0.199     0.275
 7     0.243    -0.171     0.955
 8   111.957   -28.032    16.132
 8     0.360     0.613     0.703
 8    -0.225    -0.674     0.703
 8     0.905    -0.411    -0.105
 9   122.994   -31.590    43.603
 9     0.342     0.926    -0.164
 9     0.062     0.149     0.986
 9     0.937    -0.347    -0.008
 2    97.484   -18.501    59.187
 2     0.741    -0.673     0.014
 2     0.671     0.739     0.045
 2    -0.040    -0.025     0.999
 3   127.211    -3.097     1.864
 3     0.378    -0.283    -0.882
 3     0.044     0.957    -0.287
 3     0.924     0.069     0.373
 4   108.117    14.519    -9.506
 4     0.473    -0.805     0.360
 4     0.875     0.379    -0.300
 4     0.105     0.456     0.883
 5   110.539    22.150    14.047
 5     0.427    -0.496     0.757
 5     0.156    -0.783    -0.601
 5     0.891     0.374    -0.256
 6   124.394    27.487    39.991
 6     0.326    -0.814    -0.484
 6     0.107     0.537    -0.835
 6     0.939     0.219     0.261
 7   110.438   -22.282    -8.580
 7     0.231     0.965     0.125
 7    -0.941     0.189     0.280
 7     0.246    -0.183     0.952
 8   111.719   -27.996    16.212
 8     0.351     0.612     0.710
 8    -0.218    -0.683     0.696
 8     0.911    -0.399    -0.106
 9   122.504   -31.686    43.914
 9     0.366     0.929    -0.058
 9     0.047     0.042     0.998
 9     0.929    -0.368    -0.030
 2    97.534   -18.501    59.187
 2     0.741    -0.673     0.015
 2     0.671     0.739     0.045
 2    -0.040    -0.024     0.999
 3   126.995    -3.606     1.720
 3     0.407    -0.269    -0.874
 3     0.037     0.960    -0.276
 3     0.913     0.079     0.399
 4   108.380    14.648    -8.725
 4     0.488    -0.799     0.351
 4     0.861     0.375    -0.342
 4     0.142     0.469     0.871
 5   110.455    21.346    14.563
 5     0.400    -0.482     0.780
 5     0.129    -0.812    -0.568
 5     0.907     0.327    -0.263
 6   123.389    28.543    40.649
 6     0.360    -0.920    -0.158
 6     0.144     0.220    -0.965
 6     0.921     0.324     0.210
 7   109.973   -22.565    -8.250
 7     0.234     0.959     0.156
 7    -0.935     0.179     0.305
 7     0.265    -0.218     0.939
 8   111.451   -27.875    16.274
 8     0.344     0.562     0.753
 8    -0.250    -0.718     0.649
 8     0.905    -0.410    -0.106
 9   122.022   -33.507    43.426
 9     0.404     0.902     0.148
 9    -0.028    -0.151     0.988
 9     0.914    -0.404    -0.036
 2    97.534   -18.501    59.187
 2     0.741    -0.673     0.015
 2     0.671     0.739     0.045
 2    -0.040    -0.024     0.999
 3   127.080    -3.673     1.445
 3     0.429    -0.268    -0.863
 3     0.042     0.960    -0.276
 3     0.902     0.081     0.422
 4   107.797    14.143    -8.617
 4     0.485    -0.788     0.380
 4     0.863     0.360    -0.355
 4     0.143     0.499     0.854
 5   110.298    21.270    14.903
 5     0.447    -0.299     0.844
 5     0.280    -0.849    -0.448
 5     0.849     0.436    -0.296
 6   121.646    34.400    38.741
 6     0.374    -0.895     0.243
 6     0.320    -0.122    -0.939
 6     0.870     0.429     0.241
 7   109.960   -22.664    -8.136
 7     0.247     0.952     0.180
 7    -0.926     0.177     0.333
 7     0.286    -0.249     0.925
 8   111.140   -28.370    16.483
 8     0.339     0.332     0.880
 8    -0.401    -0.796     0.454
 8     0.850    -0.507    -0.136
 9   120.874   -39.450    41.582
 9     0.442     0.742     0.506
 9    -0.240    -0.444     0.862
 9     0.864    -0.502    -0.018
 2    97.534   -18.501    59.187
 2     0.741    -0.673     0.015
 2     0.671     0.739     0.045
 2    -0.040    -0.024     0.999
 3   127.382    -3.810     0.547
 3     0.473    -0.269    -0.840
 3     0.043     0.958    -0.281
 3     0.880     0.096     0.463
 4   106.603    13.355    -8.422
 4     0.451    -0.773     0.447
 4     0.884     0.315    -0.345
 4     0.126     0.550     0.825
 5   109.802    21.946    14.678
 5     0.467     0.044     0.883
 5     0.523    -0.819    -0.236
 5     0.713     0.572    -0.406
 6   119.659    41.157    34.469
 6     0.374    -0.733     0.571
 6     0.534    -0.332    -0.776
 6     0.758     0.594     0.267
 7   109.447   -22.752    -8.316
 7     0.254     0.938     0.236
 7    -0.922     0.161     0.351
 7     0.291    -0.307     0.906
 8   112.035   -29.990    16.282
 8     0.354     0.007     0.935
 8    -0.594    -0.771     0.231
 8     0.722    -0.637    -0.269
 9   122.797   -46.791    36.884
 9     0.519     0.443     0.733
 9    -0.481    -0.557     0.676
 9     0.706    -0.703    -0.077
 2    97.533   -18.501    59.187
 2     0.740    -0.673     0.015
 2     0.671     0.739     0.045
 2    -0.040    -0.024     0.999
 3   127.735    -4.042    -0.478
 3     0.534    -0.245    -0.810
 3     0.041     0.963    -0.263
 3     0.844     0.107     0.524
 4   105.781    12.637    -8.613
 4     0.421    -0.745     0.518
 4     0.904     0.297    -0.307
 4     0.075     0.597     0.798
 5   110.063    23.822    13.200
 5     0.472     0.259     0.843
 5     0.682    -0.712    -0.164
 5     0.558     0.652    -0.512
 6   119.138    46.279    29.162
 6     0.377    -0.573     0.730
 6     0.680    -0.364    -0.636
 6     0.629     0.734     0.251
 7   108.670   -22.206    -8.745
 7     0.227     0.928     0.294
 7    -0.939     0.129     0.318
 7     0.258    -0.349     0.901
 8   112.559   -32.627    14.623
 8     0.378    -0.152     0.913
 8    -0.727    -0.659     0.191
 8     0.573    -0.737    -0.359
 9   123.445   -53.252    30.539
 9     0.542     0.303     0.785
 9    -0.638    -0.459     0.617
 9     0.547    -0.835    -0.057
 2    97.534   -18.501    59.187
 2     0.741    -0.673     0.015
 2     0.671     0.739     0.045
 2    -0.040    -0.024     0.999
 3   127.582    -3.896    -0.964
 3     0.568    -0.244    -0.786
 3     0.042     0.962    -0.266
 3     0.821     0.118     0.557
 4   104.237    11.892    -8.719
 4     0.384    -0.724     0.574
 4     0.923     0.285    -0.258
 4     0.023     0.628     0.777
 5   108.836    26.139    11.124
 5     0.442     0.409     0.799
 5     0.808    -0.566    -0.158
 5     0.388     0.716    -0.580
 6   116.425    51.748    21.964
 6     0.351    -0.431     0.833
 6     0.815    -0.298    -0.496
 6     0.461     0.852     0.245
 7   107.228   -21.453    -9.122
 7     0.210     0.915     0.345
 7    -0.957     0.120     0.262
 7     0.198    -0.385     0.901
 8   111.788   -35.062    12.105
 8     0.361    -0.260     0.895
 8    -0.828    -0.530     0.180
 8     0.428    -0.807    -0.407
 9   122.131   -59.152    22.569
 9     0.521     0.083     0.849
 9    -0.788    -0.336     0.516
 9     0.328    -0.938    -0.110
 2    97.534   -18.527    59.187
 2     0.741    -0.673     0.015
 2     0.671     0.739     0.045
 2    -0.040    -0.024     0.999
 3   127.300    -3.925    -1.368
 3     0.597    -0.230    -0.769
 3     0.036     0.965    -0.260
 3     0.801     0.126     0.584
 4   103.393    11.267    -8.940
 4     0.361    -0.700     0.616
 4     0.932     0.293    -0.213
 4    -0.032     0.651     0.758
 5   108.110    27.567     8.701
 5     0.405     0.528     0.747
 5     0.883    -0.438    -0.168
 5     0.238     0.728    -0.642
 6   113.741    54.988    15.653
 6     0.299    -0.293     0.909
 6     0.901    -0.226    -0.368
 6     0.312     0.929     0.196
 7   106.429   -20.932    -9.621
 7     0.183     0.905     0.384
 7    -0.974     0.113     0.198
 7     0.136    -0.410     0.902
 8   110.901   -37.112     9.412
 8     0.318    -0.375     0.871
 8    -0.906    -0.389     0.163
 8     0.278    -0.842    -0.463
 9   119.333   -63.366    15.720
 9     0.429    -0.107     0.897
 9    -0.889    -0.222     0.399
 9     0.156    -0.969    -0.190
 2    97.534   -18.501    59.187
 2     0.741    -0.673     0.015
 2     0.671     0.739     0.045
 2    -0.040    -0.024     0.999
 3   127.466    -4.189    -1.529
 3     0.602    -0.213    -0.770
 3     0.024     0.968    -0.247
 3     0.798     0.130     0.588
 4   103.432    10.977    -9.143
 4     0.367    -0.684     0.631
 4     0.928     0.319    -0.193
 4    -0.070     0.656     0.751
 5   107.772    28.722     6.566
 5     0.372     0.587     0.720
 5     0.919    -0.342    -0.195
 5     0.131     0.734    -0.666
 6   112.132    57.002     9.942
 6     0.257    -0.195     0.947
 6     0.948    -0.139    -0.286
 6     0.187     0.971     0.148
 7   106.105   -20.396   -10.166
 7     0.186     0.890     0.415
 7    -0.980     0.136     0.147
 7     0.075    -0.434     0.898
 8   111.023   -38.199     6.947
 8     0.322    -0.426     0.846
 8    -0.932    -0.300     0.203
 8     0.168    -0.854    -0.493
 9   119.565   -65.148     9.328
 9     0.401    -0.282     0.872
 9    -0.916    -0.108     0.386
 9    -0.014    -0.953    -0.300
 2    97.534   -18.501    59.187
 2     0.741    -0.673     0.015
 2     0.671     0.739     0.045
 2    -0.040    -0.024     0.999
 3   127.451    -4.197    -1.686
 3     0.608    -0.207    -0.767
 3     0.019     0.969    -0.244
 3     0.794     0.133     0.593
 4   103.141    10.579    -9.425
 4     0.363    -0.663     0.655
 4     0.924     0.344    -0.163
 4    -0.118     0.664     0.737
 5   107.449    29.671     4.241
 5     0.347     0.634     0.692
 5     0.937    -0.254    -0.237
 5     0.026     0.730    -0.682
 6   110.731    58.192     3.960
 6     0.226    -0.112     0.968
 6     0.972    -0.032    -0.231
 6     0.056     0.993     0.101
 7   105.619   -20.089   -10.481
 7     0.198     0.866     0.458
 7    -0.980     0.172     0.096
 7     0.005    -0.468     0.883
 8   111.010   -39.630     3.718
 8     0.316    -0.501     0.806
 8    -0.948    -0.195     0.250
 8     0.032    -0.844    -0.536
 9   118.927   -66.784     1.714
 9     0.361    -0.373     0.856
 9    -0.918     0.020     0.395
 9    -0.163    -0.928    -0.333
 2    97.534   -18.527    59.187
 2     0.741    -0.673     0.015
 2     0.671     0.739     0.045
 2    -0.040    -0.024     0.999
 3   127.137    -4.624    -1.876
 3     0.622    -0.178    -0.763
 3     0.007     0.975    -0.221
 3     0.782     0.132     0.608
 4   102.670    10.152    -9.483
 4     0.372    -0.622     0.689
 4     0.908     0.397    -0.131
 4    -0.192     0.674     0.712
 5   107.323    30.475     1.043
 5     0.336     0.685     0.648
 5     0.935    -0.157    -0.317
 5    -0.115     0.712    -0.692
 6   109.695    58.656    -4.111
 6     0.204    -0.023     0.979
 6     0.972     0.122    -0.200
 6    -0.115     0.992     0.047
 7   104.321   -19.909   -10.679
 7     0.214     0.816     0.536
 7    -0.971     0.235     0.028
 7    -0.102    -0.527     0.843
 8   111.159   -40.853    -0.246
 8     0.338    -0.573     0.747
 8    -0.930    -0.081     0.358
 8    -0.144    -0.816    -0.559
 9   119.089   -67.033    -8.730
 9     0.343    -0.485     0.807
 9    -0.864     0.174     0.470
 9    -0.368    -0.857    -0.358
 2    97.534   -18.501    59.136
 2     0.741    -0.673     0.015
 2     0.671     0.739     0.045
 2    -0.040    -0.024     0.999
 3   126.396    -5.194    -2.436
 3     0.654    -0.151    -0.742
 3    -0.005     0.979    -0.201
 3     0.756     0.135     0.640
 4   101.250     9.390    -9.483
 4     0.365    -0.533     0.764
 4     0.874     0.478    -0.084
 4    -0.321     0.698     0.639
 5   106.905    30.614    -3.948
 5     0.322     0.779     0.539
 5     0.887    -0.050    -0.457
 5    -0.330     0.625    -0.707
 6   108.004    56.965   -16.031
 6     0.167     0.132     0.977
 6     0.917     0.342    -0.202
 6    -0.361     0.930    -0.063
 7   102.616   -19.552   -10.825
 7     0.246     0.730     0.638
 7    -0.936     0.349    -0.039
 7    -0.251    -0.588     0.769
 8   111.074   -41.062    -6.618
 8     0.370    -0.667     0.648
 8    -0.844     0.051     0.533
 8    -0.388    -0.744    -0.544
 9   119.139   -63.398   -23.097
 9     0.321    -0.606     0.731
 9    -0.711     0.356     0.605
 9    -0.626    -0.712    -0.316
 2    97.484   -18.527    59.137
 2     0.741    -0.673     0.014
 2     0.671     0.739     0.045
 2    -0.040    -0.025     0.999
 3   125.603    -5.459    -3.083
 3     0.682    -0.133    -0.720
 3    -0.019     0.980    -0.199
 3     0.730     0.149     0.665
 4    99.924     9.233    -9.215
 4     0.330    -0.438     0.837
 4     0.840     0.539    -0.049
 4    -0.430     0.720     0.544
 5   106.407    30.403    -8.732
 5     0.303     0.855     0.421
 5     0.801     0.010    -0.598
 5    -0.516     0.518    -0.682
 6   106.348    53.670   -26.508
 6     0.137     0.240     0.961
 6     0.809     0.534    -0.248
 6    -0.572     0.811    -0.121
 7   100.925   -18.622   -10.859
 7     0.258     0.651     0.714
 7    -0.894     0.440    -0.079
 7    -0.366    -0.618     0.695
 8   111.049   -39.244   -11.106
 8     0.384    -0.746     0.545
 8    -0.743     0.100     0.661
 8    -0.548    -0.658    -0.516
 9   118.597   -57.078   -33.045
 9     0.291    -0.708     0.646
 9    -0.538     0.436     0.719
 9    -0.791    -0.556    -0.254
 2    97.534   -18.527    59.187
 2     0.741    -0.673     0.015
 2     0.671     0.739     0.045
 2    -0.040    -0.024     0.999
 3   124.581    -5.142    -3.584
 3     0.710    -0.127    -0.693
 3    -0.036     0.976    -0.214
 3     0.703     0.176     0.688
 4    98.618     9.907    -8.864
 4     0.298    -0.330     0.896
 4     0.804     0.591    -0.049
 4    -0.514     0.735     0.441
 5   106.674    29.629   -12.894
 5     0.322     0.905     0.277
 5     0.665    -0.008    -0.746
 5    -0.674     0.424    -0.605
 6   106.540    48.491   -35.191
 6     0.143     0.349     0.927
 6     0.660     0.665    -0.350
 6    -0.737     0.661    -0.135
 7    99.799   -17.646   -11.006
 7     0.256     0.600     0.758
 7    -0.859     0.499    -0.106
 7    -0.443    -0.625     0.643
 8   110.834   -37.316   -14.043
 8     0.392    -0.786     0.479
 8    -0.659     0.123     0.741
 8    -0.641    -0.606    -0.470
 9   118.259   -51.362   -38.749
 9     0.264    -0.782     0.567
 9    -0.395     0.447     0.801
 9    -0.880    -0.434    -0.191
 2    97.534   -18.501    59.187
 2     0.741    -0.673     0.015
 2     0.671     0.739     0.045
 2    -0.040    -0.024     0.999
 3   124.221    -5.007    -3.908
 3     0.717    -0.124    -0.686
 3    -0.051     0.972    -0.227
 3     0.694     0.198     0.691
 4    98.351    10.384    -8.856
 4     0.296    -0.247     0.923
 4     0.774     0.627    -0.080
 4    -0.560     0.738     0.377
 5   107.340    28.134   -15.981
 5     0.324     0.932     0.157
 5     0.537    -0.045    -0.842
 5    -0.778     0.358    -0.516
 6   106.681    43.021   -41.220
 6     0.133     0.455     0.881
 6     0.517     0.726    -0.452
 6    -0.845     0.514    -0.139
 7    99.280   -17.129   -11.177
 7     0.268     0.553     0.789
 7    -0.824     0.555    -0.109
 7    -0.499    -0.622     0.604
 8   111.545   -35.411   -16.254
 8     0.425    -0.809     0.408
 8    -0.568     0.113     0.814
 8    -0.705    -0.577    -0.412
 9   118.991   -44.837   -43.260
 9     0.268    -0.830     0.490
 9    -0.227     0.439     0.868
 9    -0.936    -0.343    -0.072
 2    97.484   -18.501    59.187
 2     0.741    -0.673     0.014
 2     0.671     0.739     0.045
 2    -0.040    -0.025     0.999
 3   123.849    -4.659    -4.232
 3     0.721    -0.136    -0.680
 3    -0.057     0.966    -0.252
 3     0.690     0.220     0.688
 4    98.003    10.832    -8.996
 4     0.305    -0.170     0.937
 4     0.738     0.663    -0.120
 4    -0.602     0.729     0.327
 5   107.982    25.964   -18.869
 5     0.336     0.941     0.039
 5     0.382    -0.098    -0.919
 5    -0.861     0.324    -0.392
 6   107.155    35.686   -46.693
 6     0.130     0.545     0.830
 6     0.332     0.764    -0.552
 6    -0.934     0.345    -0.083
 7    98.960   -16.650   -11.402
 7     0.285     0.514     0.809
 7    -0.792     0.601    -0.104
 7    -0.540    -0.611     0.578
 8   112.314   -33.635   -17.716
 8     0.460    -0.815     0.353
 8    -0.492     0.097     0.865
 8    -0.739    -0.571    -0.357
 9   119.682   -39.329   -46.058
 9     0.263    -0.865     0.429
 9    -0.082     0.422     0.902
 9    -0.961    -0.272     0.039
 2    97.534   -18.501    59.187
 2     0.741    -0.673     0.015
 2     0.671     0.739     0.045
 2    -0.040    -0.024     0.999
 3   123.679    -4.579    -4.377
 3     0.719    -0.147    -0.681
 3    -0.056     0.962    -0.266
 3     0.693     0.229     0.683
 4    97.984    10.620    -9.280
 4     0.334    -0.125     0.934
 4     0.696     0.700    -0.156
 4    -0.635     0.703     0.320
 5   109.124    22.773   -20.964
 5     0.368     0.929    -0.048
 5     0.216    -0.134    -0.967
 5    -0.904     0.345    -0.250
 6   108.690    27.021   -49.900
 6     0.144     0.612     0.779
 6     0.126     0.769    -0.625
 6    -0.982     0.186     0.032
 7    98.978   -16.936   -11.459
 7     0.293     0.495     0.818
 7    -0.779     0.619    -0.095
 7    -0.554    -0.610     0.566
 8   113.049   -33.024   -18.232
 8     0.489    -0.811     0.323
 8    -0.452     0.080     0.888
 8    -0.746    -0.579    -0.327
 9   120.794   -36.434   -46.797
 9     0.277    -0.880     0.387
 9     0.008     0.404     0.914
 9    -0.961    -0.250     0.118
 2    97.484   -18.501    59.187
 2     0.741    -0.673     0.014
 2     0.671     0.739     0.045
 2    -0.040    -0.025     0.999
 3   123.681    -4.752    -4.433
 3     0.717    -0.154    -0.680
 3    -0.049     0.962    -0.268
 3     0.694     0.225     0.682
 4    98.058    10.375    -9.521
 4     0.348    -0.097     0.932
 4     0.667     0.724    -0.174
 4    -0.658     0.683     0.316
 5   109.791    20.957   -21.846
 5     0.375     0.921    -0.103
 5     0.135    -0.163    -0.977
 5    -0.917     0.352    -0.185
 6   109.377    22.889   -51.012
 6     0.135     0.658     0.742
 6     0.039     0.744    -0.665
 6    -0.990     0.117     0.073
 7    98.992   -17.114   -11.461
 7     0.283     0.496     0.821
 7    -0.785     0.611    -0.099
 7    -0.551    -0.617     0.562
 8   112.942   -33.325   -18.090
 8     0.486    -0.810     0.328
 8    -0.460     0.081     0.883
 8    -0.742    -0.581    -0.334
 9   120.098   -37.158   -46.722
 9     0.253    -0.902     0.350
 9     0.007     0.363     0.932
 9    -0.967    -0.233     0.098
 2    97.534   -18.527    59.187
 2     0.741    -0.673     0.014
 2     0.671     0.739     0.045
 2    -0.040    -0.025     0.999
 3   123.699    -5.051    -4.522
 3     0.715    -0.149    -0.684
 3    -0.046     0.965    -0.256
 3     0.698     0.214     0.682
 4    98.119    10.123    -9.595
 4     0.350    -0.079     0.933
 4     0.651     0.736    -0.182
 4    -0.673     0.672     0.309
 5   109.862    20.059   -22.382
 5     0.363     0.923    -0.131
 5     0.099    -0.177    -0.979
 5    -0.926     0.342    -0.155
 6   108.993    20.809   -51.362
 6     0.113     0.676     0.729
 6    -0.001     0.733    -0.679
 6    -0.994     0.075     0.081
 7    98.790   -17.290   -11.319
 7     0.271     0.501     0.822
 7    -0.793     0.599    -0.104
 7    -0.545    -0.624     0.559
 8   112.440   -33.791   -17.977
 8     0.473    -0.818     0.329
 8    -0.466     0.084     0.880
 8    -0.748    -0.570    -0.341
 9   119.281   -37.462   -46.777
 9     0.232    -0.908     0.350
 9     0.005     0.361     0.932
 9    -0.973    -0.214     0.088
 2    97.534   -18.527    59.187
 2     0.741    -0.673     0.014
 2     0.671     0.739     0.045
 2    -0.040    -0.025     0.999
 3   123.673    -5.230    -4.515
 3     0.715    -0.143    -0.686
 3    -0.047     0.967    -0.249
 3     0.697     0.210     0.684
 4    98.051    10.016    -9.631
 4     0.345    -0.077     0.936
 4     0.649     0.739    -0.178
 4    -0.678     0.669     0.304
 5   109.822    19.690   -22.405
 5     0.364     0.921    -0.136
 5     0.090    -0.179    -0.980
 5    -0.927     0.344    -0.148
 6   109.067    20.000   -51.386
 6     0.106     0.686     0.721
 6    -0.019     0.725    -0.688
 6    -0.994     0.058     0.088
 7    98.770   -17.342   -11.293
 7     0.267     0.502     0.823
 7    -0.796     0.596    -0.106
 7    -0.544    -0.627     0.558
 8   112.391   -33.741   -18.027
 8     0.472    -0.818     0.330
 8    -0.467     0.085     0.880
 8    -0.748    -0.569    -0.341
 9   119.281   -37.412   -46.843
 9     0.234    -0.900     0.369
 9     0.004     0.380     0.925
 9    -0.972    -0.214     0.092
 2    97.484   -18.501    59.187
 2     0.741    -0.673     0.014
 2     0.671     0.739     0.045
 2    -0.040    -0.025     0.999
 3   123.677    -5.280    -4.519
 3     0.715    -0.141    -0.686
 3    -0.048     0.967    -0.248
 3     0.698     0.210     0.684
 4    98.048    10.015    -9.576
 4     0.344    -0.078     0.936
 4     0.649     0.740    -0.177
 4    -0.679     0.668     0.304
 5   109.926    19.553   -22.460
 5     0.364     0.921    -0.142
 5     0.083    -0.183    -0.980
 5    -0.928     0.344    -0.143
 6   109.046    19.677   -51.395
 6     0.103     0.690     0.717
 6    -0.026     0.721    -0.691
 6    -0.994     0.050     0.090
 7    98.667   -17.345   -11.314
 7     0.264     0.504     0.822
 7    -0.796     0.595    -0.110
 7    -0.545    -0.625     0.558
 8   112.313   -33.794   -18.022
 8     0.470    -0.818     0.332
 8    -0.467     0.088     0.880
 8    -0.749    -0.569    -0.340
 9   119.014   -37.161   -46.983
 9     0.230    -0.902     0.366
 9     0.013     0.379     0.925
 9    -0.973    -0.208     0.099
 2    97.484   -18.501    59.187
 2     0.741    -0.673     0.015
 2     0.671     0.739     0.045
 2    -0.040    -0.025     0.999
 3   123.580    -5.382    -4.626
 3     0.713    -0.141    -0.687
 3    -0.051     0.967    -0.249
 3     0.699     0.212     0.683
 4    97.991     9.987    -9.571
 4     0.342    -0.076     0.937
 4     0.648     0.740    -0.177
 4    -0.681     0.668     0.302
 5   109.833    19.204   -22.597
 5     0.360     0.921    -0.151
 5     0.071    -0.186    -0.980
 5    -0.930     0.342    -0.132
 6   109.012    18.759   -51.371
 6     0.096     0.700     0.709
 6    -0.046     0.713    -0.698
 6    -0.994     0.033     0.098
 7    98.653   -17.347   -11.352
 7     0.270     0.500     0.823
 7    -0.790     0.603    -0.107
 7    -0.550    -0.622     0.557
 8   112.507   -33.467   -18.267
 8     0.478    -0.818     0.322
 8    -0.451     0.086     0.888
 8    -0.754    -0.569    -0.327
 9   119.124   -35.749   -47.597
 9     0.224    -0.911     0.347
 9     0.052     0.367     0.929
 9    -0.973    -0.190     0.129
 2    97.483   -18.502    59.187
 2     0.741    -0.673     0.015
 2     0.671     0.739     0.045
 2    -0.040    -0.024     0.999
 3   123.582    -5.329    -4.657
 3     0.713    -0.146    -0.687
 3    -0.048     0.966    -0.254
 3     0.700     0.214     0.681
 4    97.965     9.984    -9.515
 4     0.344    -0.074     0.936
 4     0.645     0.742    -0.179
 4    -0.682     0.666     0.302
 5   109.846    19.163   -22.611
 5     0.360     0.921    -0.152
 5     0.060    -0.184    -0.981
 5    -0.931     0.343    -0.121
 6   109.157    17.996   -51.349
 6     0.090     0.713     0.696
 6    -0.075     0.701    -0.708
 6    -0.993     0.010     0.114
 7    98.639   -17.200   -11.386
 7     0.270     0.499     0.823
 7    -0.787     0.607    -0.110
 7    -0.555    -0.618     0.556
 8   112.537   -33.244   -18.483
 8     0.478    -0.818     0.321
 8    -0.443     0.090     0.891
 8    -0.758    -0.569    -0.320
 9   119.064   -35.079   -47.913
 9     0.222    -0.913     0.342
 9     0.070     0.365     0.928
 9    -0.972    -0.182     0.145
 2    97.534   -18.501    59.187
 2     0.741    -0.673     0.015
 2     0.671     0.739     0.045
 2    -0.040    -0.024     0.999
 3   123.537    -5.149    -4.718
 3     0.710    -0.151    -0.688
 3    -0.047     0.965    -0.258
 3     0.702     0.215     0.678
 4    97.997    10.182    -9.559
 4     0.354    -0.069     0.932
 4     0.640     0.744    -0.189
 4    -0.682     0.664     0.307
 5   110.213    18.809   -22.664
 5     0.366     0.915    -0.171
 5     0.037    -0.196    -0.980
 5    -0.930     0.352    -0.105
 6   109.791    16.647   -51.310
 6     0.087     0.748     0.659
 6    -0.117     0.664    -0.738
 6    -0.989    -0.014     0.143
 7    98.718   -17.077   -11.494
 7     0.276     0.495     0.824
 7    -0.780     0.615    -0.109
 7    -0.562    -0.613     0.556
 8   112.867   -32.812   -18.715
 8     0.487    -0.817     0.309
 8    -0.430     0.083     0.899
 8    -0.760    -0.570    -0.310
 9   119.414   -33.840   -48.180
 9     0.229    -0.916     0.330
 9     0.096     0.359     0.928
 9    -0.969    -0.180     0.170
 2    97.534   -18.501    59.187
 2     0.741    -0.673     0.015
 2     0.671     0.739     0.045
 2    -0.040    -0.024     0.999
 3   123.546    -5.095    -4.732
 3     0.708    -0.153    -0.690
 3    -0.047     0.964    -0.260
 3     0.705     0.216     0.675
 4    98.152    10.277    -9.548
 4     0.364    -0.062     0.929
 4     0.633     0.748    -0.198
 4    -0.683     0.661     0.311
 5   110.693    18.450   -22.659
 5     0.379     0.907    -0.186
 5     0.020    -0.207    -0.978
 5    -0.925     0.366    -0.096
 6   110.563    15.665   -51.317
 6     0.092     0.762     0.642
 6    -0.146     0.647    -0.748
 6    -0.985    -0.026     0.169
 7    98.703   -17.005   -11.582
 7     0.280     0.492     0.824
 7    -0.774     0.622    -0.109
 7    -0.567    -0.608     0.555
 8   113.018   -32.509   -18.943
 8     0.495    -0.815     0.301
 8    -0.417     0.081     0.905
 8    -0.763    -0.573    -0.300
 9   119.852   -32.850   -48.425
 9     0.233    -0.917     0.324
 9     0.121     0.358     0.926
 9    -0.965    -0.177     0.194
 2    97.534   -18.501    59.187
 2     0.741    -0.673     0.015
 2     0.671     0.739     0.045
 2    -0.040    -0.024     0.999
 3   123.552    -4.991    -4.690
 3     0.706    -0.156    -0.692
 3    -0.047     0.964    -0.263
 3     0.707     0.217     0.673
 4    98.189    10.287    -9.517
 4     0.361    -0.069     0.930
 4     0.640     0.743    -0.193
 4    -0.678     0.665     0.312
 5   110.731    18.828   -22.478
 5     0.383     0.907    -0.176
 5     0.035    -0.203    -0.978
 5    -0.923     0.368    -0.109
 6   110.393    17.241   -51.311
 6     0.105     0.744     0.661
 6    -0.111     0.668    -0.735
 6    -0.988     0.003     0.150
 7    98.818   -16.941   -11.630
 7     0.276     0.499     0.822
 7    -0.787     0.607    -0.105
 7    -0.552    -0.618     0.559
 8   112.766   -33.156   -18.315
 8     0.490    -0.805     0.336
 8    -0.453     0.094     0.886
 8    -0.745    -0.586    -0.318
 9   119.792   -34.827   -47.591
 9     0.252    -0.889     0.382
 9     0.083     0.412     0.907
 9    -0.964    -0.196     0.177
 2    97.484   -18.527    59.187
 2     0.741    -0.673     0.014
 2     0.671     0.739     0.045
 2    -0.040    -0.025     0.999
 3   123.736    -5.086    -4.391
 3     0.703    -0.158    -0.694
 3    -0.038     0.965    -0.257
 3     0.709     0.207     0.673
 4    98.101    10.105    -9.382
 4     0.334    -0.105     0.937
 4     0.676     0.718    -0.161
 4    -0.657     0.687     0.310
 5   108.771    21.370   -21.726
 5     0.338     0.939    -0.055
 5     0.191    -0.125    -0.974
 5    -0.922     0.318    -0.222
 6   106.774    25.569   -50.783
 6     0.100     0.621     0.779
 6     0.093     0.772    -0.627
 6    -0.991     0.133     0.018
 7    98.911   -17.486   -11.282
 7     0.245     0.530     0.812
 7    -0.832     0.544    -0.105
 7    -0.498    -0.650     0.574
 8   111.817   -35.473   -16.027
 8     0.457    -0.788     0.413
 8    -0.559     0.107     0.822
 8    -0.692    -0.606    -0.392
 9   119.309   -41.943   -43.648
 9     0.274    -0.842     0.466
 9    -0.062     0.467     0.882
 9    -0.959    -0.271     0.075
 2    97.484   -18.501    59.187
 2     0.741    -0.673     0.014
 2     0.671     0.739     0.045
 2    -0.040    -0.025     0.999
 3   123.817    -5.556    -4.152
 3     0.698    -0.150    -0.701
 3    -0.024     0.973    -0.230
 3     0.715     0.177     0.675
 4    98.259     9.692    -9.502
 4     0.320    -0.160     0.934
 4     0.721     0.680    -0.130
 4    -0.615     0.715     0.332
 5   107.914    24.181   -19.674
 5     0.321     0.944     0.073
 5     0.380    -0.058    -0.923
 5    -0.867     0.324    -0.378
 6   106.675    35.257   -46.619
 6     0.127     0.488     0.865
 6     0.353     0.792    -0.497
 6    -0.927     0.366    -0.073
 7    99.324   -18.309   -11.017
 7     0.225     0.582     0.782
 7    -0.882     0.462    -0.091
 7    -0.414    -0.669     0.616
 8   110.997   -38.150   -12.339
 8     0.436    -0.733     0.524
 8    -0.690     0.101     0.716
 8    -0.578    -0.672    -0.461
 9   119.933   -50.548   -36.884
 9     0.346    -0.702     0.625
 9    -0.281     0.556     0.780
 9    -0.895    -0.445    -0.005
 2    97.484   -18.501    59.187
 2     0.741    -0.673     0.014
 2     0.671     0.739     0.045
 2    -0.040    -0.025     0.999
 3   124.230    -5.765    -3.654
 3     0.681    -0.140    -0.719
 3    -0.021     0.977    -0.209
 3     0.731     0.157     0.663
 4    99.280     9.972    -9.555
 4     0.343    -0.255     0.904
 4     0.774     0.622    -0.119
 4    -0.532     0.740     0.410
 5   108.799    27.484   -15.392
 5     0.369     0.907     0.201
 5     0.569    -0.050    -0.820
 5    -0.734     0.417    -0.536
 6   110.201    44.427   -38.362
 6     0.209     0.336     0.919
 6     0.575     0.718    -0.391
 6    -0.791     0.609    -0.043
 7   100.450   -18.479   -11.223
 7     0.216     0.658     0.722
 7    -0.919     0.386    -0.078
 7    -0.330    -0.646     0.687
 8   110.033   -39.795    -8.018
 8     0.406    -0.622     0.671
 8    -0.820     0.077     0.567
 8    -0.404    -0.779    -0.478
 9   120.248   -58.735   -26.942
 9     0.424    -0.505     0.755
 9    -0.543     0.524     0.654
 9    -0.724    -0.686    -0.051
 2    97.534   -18.527    59.187
 2     0.741    -0.673     0.015
 2     0.671     0.739     0.045
 2    -0.040    -0.024     0.999
 3   124.799    -5.445    -3.093
 3     0.658    -0.146    -0.739
 3    -0.038     0.974    -0.224
 3     0.752     0.175     0.635
 4   100.214    10.492    -9.282
 4     0.386    -0.353     0.853
 4     0.820     0.554    -0.142
 4    -0.423     0.754     0.502
 5   109.759    29.421   -10.722
 5     0.432     0.853     0.293
 5     0.681    -0.096    -0.725
 5    -0.591     0.513    -0.623
 6   113.449    50.034   -29.975
 6     0.289     0.208     0.935
 6     0.709     0.611    -0.353
 6    -0.643     0.764     0.029
 7   101.401   -18.453   -11.250
 7     0.212     0.727     0.653
 7    -0.944     0.325    -0.057
 7    -0.254    -0.604     0.755
 8   109.177   -40.082    -4.140
 8     0.358    -0.553     0.753
 8    -0.901     0.009     0.434
 8    -0.247    -0.833    -0.494
 9   118.341   -64.039   -16.770
 9     0.414    -0.350     0.841
 9    -0.747     0.398     0.532
 9    -0.520    -0.848    -0.095
 2    97.484   -18.527    59.136
 2     0.741    -0.673     0.015
 2     0.671     0.739     0.045
 2    -0.040    -0.024     0.999
 3   125.398    -5.380    -2.575
 3     0.641    -0.152    -0.753
 3    -0.044     0.972    -0.231
 3     0.766     0.181     0.616
 4   101.473    10.675    -9.217
 4     0.432    -0.526     0.733
 4     0.871     0.453    -0.188
 4    -0.233     0.719     0.653
 5   110.241    30.305    -3.777
 5     0.511     0.731     0.454
 5     0.794    -0.198    -0.575
 5    -0.330     0.653    -0.681
 6   117.539    55.247   -14.979
 6     0.397    -0.091     0.913
 6     0.852     0.405    -0.330
 6    -0.339     0.910     0.238
 7   103.349   -19.388   -10.927
 7     0.193     0.824     0.532
 7    -0.976     0.217     0.018
 7    -0.101    -0.523     0.846
 8   108.189   -39.625     2.327
 8     0.308    -0.384     0.870
 8    -0.951    -0.157     0.267
 8     0.034    -0.910    -0.413
 9   118.443   -65.660    -0.340
 9     0.515     0.043     0.856
 9    -0.846     0.187     0.499
 9    -0.138    -0.981     0.133
 2    97.534   -18.501    59.137
 2     0.741    -0.673     0.014
 2     0.671     0.739     0.045
 2    -0.040    -0.025     0.999
 3   126.643    -4.861    -1.452
 3     0.584    -0.188    -0.791
 3    -0.029     0.968    -0.250
 3     0.811     0.168     0.559
 4   104.447    11.954    -9.310
 4     0.485    -0.629     0.608
 4     0.873     0.383    -0.300
 4    -0.045     0.676     0.735
 5   112.629    29.890     3.132
 5     0.577     0.570     0.587
 5     0.816    -0.377    -0.436
 5    -0.027     0.730    -0.682
 6   123.293    56.470     2.114
 6     0.476    -0.397     0.786
 6     0.878     0.164    -0.449
 6     0.048     0.903     0.425
 7   106.632   -20.159   -11.435
 7     0.200     0.901     0.384
 7    -0.978     0.163     0.127
 7     0.052    -0.401     0.914
 8   108.755   -36.185     7.812
 8     0.262    -0.170     0.950
 8    -0.892    -0.418     0.171
 8     0.368    -0.892    -0.262
 9   119.483   -60.333    17.898
 9     0.537     0.470     0.702
 9    -0.766    -0.078     0.637
 9     0.353    -0.879     0.317
];