% Calibrated with leiden_pols
% Positions are in centimeters
Data =[
 2    97.534   -18.527    59.187
 2     0.741    -0.673     0.015
 2     0.671     0.739     0.045
 2    -0.040    -0.024     0.999
 3   127.132    -3.094     1.916
 3     0.372    -0.280    -0.886
 3     0.041     0.958    -0.284
 3     0.927     0.068     0.367
 4   108.250    14.672    -9.515
 4     0.479    -0.801     0.359
 4     0.871     0.383    -0.306
 4     0.108     0.459     0.881
 5   110.773    22.480    13.930
 5     0.423    -0.512     0.749
 5     0.161    -0.770    -0.616
 5     0.892     0.381    -0.243
 6   125.057    27.211    39.566
 6     0.332    -0.731    -0.599
 6     0.098     0.656    -0.747
 6     0.938     0.188     0.288
 7   110.699   -22.054    -8.729
 7     0.237     0.965     0.112
 7    -0.941     0.199     0.275
 7     0.243    -0.171     0.955
 8   111.957   -28.032    16.132
 8     0.360     0.613     0.703
 8    -0.225    -0.674     0.703
 8     0.905    -0.411    -0.105
 9   122.994   -31.590    43.603
 9     0.342     0.926    -0.164
 9     0.062     0.149     0.986
 9     0.937    -0.347    -0.008
 2    97.484   -18.501    59.187
 2     0.741    -0.673     0.014
 2     0.671     0.739     0.045
 2    -0.040    -0.025     0.999
 3   127.211    -3.097     1.864
 3     0.378    -0.283    -0.882
 3     0.044     0.957    -0.287
 3     0.924     0.069     0.373
 4   108.117    14.519    -9.506
 4     0.473    -0.805     0.360
 4     0.875     0.379    -0.300
 4     0.105     0.456     0.883
 5   110.539    22.150    14.047
 5     0.427    -0.496     0.757
 5     0.156    -0.783    -0.601
 5     0.891     0.374    -0.256
 6   124.394    27.487    39.991
 6     0.326    -0.814    -0.484
 6     0.107     0.537    -0.835
 6     0.939     0.219     0.261
 7   110.438   -22.282    -8.580
 7     0.231     0.965     0.125
 7    -0.941     0.189     0.280
 7     0.246    -0.183     0.952
 8   111.719   -27.996    16.212
 8     0.351     0.612     0.710
 8    -0.218    -0.683     0.696
 8     0.911    -0.399    -0.106
 9   122.504   -31.686    43.914
 9     0.366     0.929    -0.058
 9     0.047     0.042     0.998
 9     0.929    -0.368    -0.030
 2    97.534   -18.501    59.187
 2     0.741    -0.673     0.015
 2     0.671     0.739     0.045
 2    -0.040    -0.024     0.999
 3   126.995    -3.606     1.720
 3     0.407    -0.269    -0.874
 3     0.037     0.960    -0.276
 3     0.913     0.079     0.399
 4   108.380    14.648    -8.725
 4     0.488    -0.799     0.351
 4     0.861     0.375    -0.342
 4     0.142     0.469     0.871
 5   110.455    21.346    14.563
 5     0.400    -0.482     0.780
 5     0.129    -0.812    -0.568
 5     0.907     0.327    -0.263
 6   123.389    28.543    40.649
 6     0.360    -0.920    -0.158
 6     0.144     0.220    -0.965
 6     0.921     0.324     0.210
 7   109.973   -22.565    -8.250
 7     0.234     0.959     0.156
 7    -0.935     0.179     0.305
 7     0.265    -0.218     0.939
 8   111.451   -27.875    16.274
 8     0.344     0.562     0.753
 8    -0.250    -0.718     0.649
 8     0.905    -0.410    -0.106
 9   122.022   -33.507    43.426
 9     0.404     0.902     0.148
 9    -0.028    -0.151     0.988
 9     0.914    -0.404    -0.036
 2    97.534   -18.501    59.187
 2     0.741    -0.673     0.015
 2     0.671     0.739     0.045
 2    -0.040    -0.024     0.999
 3   127.080    -3.673     1.445
 3     0.429    -0.268    -0.863
 3     0.042     0.960    -0.276
 3     0.902     0.081     0.422
 4   107.797    14.143    -8.617
 4     0.485    -0.788     0.380
 4     0.863     0.360    -0.355
 4     0.143     0.499     0.854
 5   110.298    21.270    14.903
 5     0.447    -0.299     0.844
 5     0.280    -0.849    -0.448
 5     0.849     0.436    -0.296
 6   121.646    34.400    38.741
 6     0.374    -0.895     0.243
 6     0.320    -0.122    -0.939
 6     0.870     0.429     0.241
 7   109.960   -22.664    -8.136
 7     0.247     0.952     0.180
 7    -0.926     0.177     0.333
 7     0.286    -0.249     0.925
 8   111.140   -28.370    16.483
 8     0.339     0.332     0.880
 8    -0.401    -0.796     0.454
 8     0.850    -0.507    -0.136
 9   120.874   -39.450    41.582
 9     0.442     0.742     0.506
 9    -0.240    -0.444     0.862
 9     0.864    -0.502    -0.018
 2    97.534   -18.501    59.187
 2     0.741    -0.673     0.015
 2     0.671     0.739     0.045
 2    -0.040    -0.024     0.999
 3   127.382    -3.810     0.547
 3     0.473    -0.269    -0.840
 3     0.043     0.958    -0.281
 3     0.880     0.096     0.463
 4   106.603    13.355    -8.422
 4     0.451    -0.773     0.447
 4     0.884     0.315    -0.345
 4     0.126     0.550     0.825
 5   109.802    21.946    14.678
 5     0.467     0.044     0.883
 5     0.523    -0.819    -0.236
 5     0.713     0.572    -0.406
 6   119.659    41.157    34.469
 6     0.374    -0.733     0.571
 6     0.534    -0.332    -0.776
 6     0.758     0.594     0.267
 7   109.447   -22.752    -8.316
 7     0.254     0.938     0.236
 7    -0.922     0.161     0.351
 7     0.291    -0.307     0.906
 8   112.035   -29.990    16.282
 8     0.354     0.007     0.935
 8    -0.594    -0.771     0.231
 8     0.722    -0.637    -0.269
 9   122.797   -46.791    36.884
 9     0.519     0.443     0.733
 9    -0.481    -0.557     0.676
 9     0.706    -0.703    -0.077
 2    97.533   -18.501    59.187
 2     0.740    -0.673     0.015
 2     0.671     0.739     0.045
 2    -0.040    -0.024     0.999
 3   127.735    -4.042    -0.478
 3     0.534    -0.245    -0.810
 3     0.041     0.963    -0.263
 3     0.844     0.107     0.524
 4   105.781    12.637    -8.613
 4     0.421    -0.745     0.518
 4     0.904     0.297    -0.307
 4     0.075     0.597     0.798
 5   110.063    23.822    13.200
 5     0.472     0.259     0.843
 5     0.682    -0.712    -0.164
 5     0.558     0.652    -0.512
 6   119.138    46.279    29.162
 6     0.377    -0.573     0.730
 6     0.680    -0.364    -0.636
 6     0.629     0.734     0.251
 7   108.670   -22.206    -8.745
 7     0.227     0.928     0.294
 7    -0.939     0.129     0.318
 7     0.258    -0.349     0.901
 8   112.559   -32.627    14.623
 8     0.378    -0.152     0.913
 8    -0.727    -0.659     0.191
 8     0.573    -0.737    -0.359
 9   123.445   -53.252    30.539
 9     0.542     0.303     0.785
 9    -0.638    -0.459     0.617
 9     0.547    -0.835    -0.057
 2    97.534   -18.501    59.187
 2     0.741    -0.673     0.015
 2     0.671     0.739     0.045
 2    -0.040    -0.024     0.999
 3   127.582    -3.896    -0.964
 3     0.568    -0.244    -0.786
 3     0.042     0.962    -0.266
 3     0.821     0.118     0.557
 4   104.237    11.892    -8.719
 4     0.384    -0.724     0.574
 4     0.923     0.285    -0.258
 4     0.023     0.628     0.777
 5   108.836    26.139    11.124
 5     0.442     0.409     0.799
 5     0.808    -0.566    -0.158
 5     0.388     0.716    -0.580
 6   116.425    51.748    21.964
 6     0.351    -0.431     0.833
 6     0.815    -0.298    -0.496
 6     0.461     0.852     0.245
 7   107.228   -21.453    -9.122
 7     0.210     0.915     0.345
 7    -0.957     0.120     0.262
 7     0.198    -0.385     0.901
 8   111.788   -35.062    12.105
 8     0.361    -0.260     0.895
 8    -0.828    -0.530     0.180
 8     0.428    -0.807    -0.407
 9   122.131   -59.152    22.569
 9     0.521     0.083     0.849
 9    -0.788    -0.336     0.516
 9     0.328    -0.938    -0.110
 2    97.534   -18.527    59.187
 2     0.741    -0.673     0.015
 2     0.671     0.739     0.045
 2    -0.040    -0.024     0.999
 3   127.300    -3.925    -1.368
 3     0.597    -0.230    -0.769
 3     0.036     0.965    -0.260
 3     0.801     0.126     0.584
 4   103.393    11.267    -8.940
 4     0.361    -0.700     0.616
 4     0.932     0.293    -0.213
 4    -0.032     0.651     0.758
 5   108.110    27.567     8.701
 5     0.405     0.528     0.747
 5     0.883    -0.438    -0.168
 5     0.238     0.728    -0.642
