% Calibrated with leiden_pols
% Positions are in centimeters
Data =[
 2    97.560   -18.431    59.162
 2     0.726    -0.689     0.005
 2     0.687     0.725     0.031
 2    -0.024    -0.020     0.999
 3   126.473    -4.217    -0.093
 3     0.505    -0.297    -0.812
 3    -0.003     0.939    -0.343
 3     0.863     0.174     0.472
 4   104.864    10.912   -12.491
 4     0.558    -0.483     0.675
 4     0.760     0.622    -0.184
 4    -0.331     0.616     0.714
 5   118.449    30.192    -4.375
 5     0.809    -0.235     0.540
 5     0.566     0.063    -0.822
 5     0.158     0.970     0.183
 6   136.662    11.443     4.435
 6     0.331     0.943     0.044
 6    -0.794     0.253     0.552
 6     0.510    -0.217     0.832
 7   108.602   -18.958   -14.969
 7     0.391     0.798     0.459
 7    -0.904     0.425     0.031
 7    -0.170    -0.427     0.888
 8   117.533   -38.496    -3.241
 8     0.650     0.485     0.587
 8    -0.696     0.069     0.714
 8     0.305    -0.871     0.382
 9   135.986   -20.220     3.382
 9     0.402    -0.774    -0.491
 9     0.837     0.526    -0.146
 9     0.370    -0.352     0.859
 2    97.562   -18.481    59.159
 2     0.726    -0.688     0.004
 2     0.687     0.725     0.031
 2    -0.023    -0.021     0.999
 3   126.202    -4.262    -0.088
 3     0.513    -0.273    -0.815
 3    -0.023     0.944    -0.329
 3     0.858     0.187     0.477
 4   104.002    11.638   -11.084
 4     0.545    -0.492     0.680
 4     0.785     0.584    -0.206
 4    -0.296     0.646     0.703
 5   117.429    30.308    -2.274
 5     0.802    -0.211     0.559
 5     0.573     0.006    -0.819
 5     0.168     0.977     0.125
 6   135.785    11.419     5.210
 6     0.342     0.939     0.034
 6    -0.806     0.274     0.524
 6     0.483    -0.207     0.851
 7   106.929   -18.934   -14.176
 7     0.388     0.762     0.519
 7    -0.898     0.438     0.026
 7    -0.207    -0.476     0.854
 8   117.370   -38.279    -3.813
 8     0.696     0.402     0.596
 8    -0.681     0.107     0.724
 8     0.227    -0.909     0.348
 9   135.602   -19.303     0.793
 9     0.395    -0.826    -0.405
 9     0.852     0.492    -0.175
 9     0.341    -0.275     0.898
 2    97.512   -18.430    59.159
 2     0.726    -0.689     0.004
 2     0.687     0.725     0.031
 2    -0.023    -0.021     0.999
 3   125.546    -4.258    -0.491
 3     0.542    -0.268    -0.798
 3    -0.015     0.945    -0.325
 3     0.840     0.187     0.507
 4   102.623    11.286   -11.010
 4     0.527    -0.457     0.717
 4     0.777     0.600    -0.189
 4    -0.345     0.656     0.671
 5   116.868    30.049    -3.660
 5     0.825    -0.135     0.550
 5     0.558     0.040    -0.828
 5     0.089     0.990     0.108
 6   135.727    10.770     2.505
 6     0.362     0.927     0.095
 6    -0.816     0.266     0.513
 6     0.451    -0.263     0.853
 7   105.896   -19.250   -14.121
 7     0.378     0.743     0.553
 7    -0.899     0.436     0.028
 7    -0.220    -0.507     0.833
 8   116.973   -38.462    -3.592
 8     0.719     0.326     0.614
 8    -0.668     0.082     0.740
 8     0.191    -0.942     0.275
 9   135.211   -19.245    -1.376
 9     0.403    -0.846    -0.351
 9     0.878     0.464    -0.112
 9     0.255    -0.262     0.930
 2    97.562   -18.430    59.159
 2     0.726    -0.688     0.004
 2     0.687     0.725     0.031
 2    -0.023    -0.021     0.999
 3   125.092    -4.699    -0.620
 3     0.554    -0.252    -0.794
 3    -0.012     0.951    -0.309
 3     0.832     0.180     0.523
 4   102.246    10.858   -11.097
 4     0.542    -0.430     0.722
 4     0.759     0.618    -0.203
 4    -0.359     0.658     0.661
 5   117.261    29.023    -3.691
 5     0.846    -0.074     0.527
 5     0.530     0.014    -0.848
 5     0.055     0.997     0.050
 6   136.277     9.016    -1.608
 6     0.387     0.915     0.116
 6    -0.864     0.316     0.391
 6     0.322    -0.252     0.913
 7   105.484   -19.695   -13.886
 7     0.356     0.743     0.567
 7    -0.913     0.406     0.041
 7    -0.199    -0.532     0.823
 8   115.868   -38.011    -0.262
 8     0.695     0.178     0.697
 8    -0.688    -0.118     0.716
 8     0.209    -0.977     0.039
 9   134.054   -22.185    -6.607
 9     0.486    -0.840    -0.246
 9     0.859     0.408     0.305
 9    -0.158    -0.359     0.920
 2    97.562   -18.430    59.159
 2     0.726    -0.689     0.004
 2     0.687     0.725     0.031
 2    -0.023    -0.021     0.999
 3   125.078    -4.888    -0.978
 3     0.567    -0.250    -0.786
 3    -0.012     0.950    -0.309
 3     0.823     0.184     0.536
 4   101.601    10.402   -10.378
 4     0.509    -0.428     0.747
 4     0.777     0.600    -0.186
 4    -0.369     0.676     0.637
 5   116.513    28.014     0.322
 5     0.802     0.289     0.523
 5     0.595    -0.314    -0.740
 5    -0.049     0.904    -0.423
 6   133.867    15.675   -14.319
 6     0.470     0.855     0.217
 6    -0.778     0.518    -0.356
 6    -0.417    -0.002     0.908
 7   105.650   -19.859   -13.743
 7     0.351     0.738     0.577
 7    -0.918     0.392     0.056
 7    -0.185    -0.549     0.814
 8   116.322   -36.703     2.765
 8     0.637    -0.189     0.748
 8    -0.757    -0.339     0.559
 8     0.148    -0.922    -0.358
 9   131.662   -30.187   -13.851
 9     0.478    -0.872     0.110
 9     0.591     0.412     0.693
 9    -0.650    -0.265     0.713
 2    97.562   -18.430    59.159
 2     0.726    -0.688     0.004
 2     0.687     0.725     0.031
 2    -0.023    -0.021     0.999
 3   125.131    -4.560    -1.309
 3     0.597    -0.260    -0.760
 3    -0.015     0.943    -0.332
 3     0.802     0.209     0.558
 4   100.065    10.234    -8.820
 4     0.385    -0.474     0.793
 4     0.852     0.511    -0.107
 4    -0.354     0.717     0.600
 5   114.433    28.052     2.946
 5     0.733     0.485     0.478
 5     0.675    -0.434    -0.596
 5    -0.082     0.759    -0.645
 6   128.285    25.358   -16.405
 6     0.410     0.885     0.218
 6    -0.457     0.407    -0.791
 6    -0.789     0.224     0.572
 7   104.753   -19.980   -12.174
 7     0.354     0.687     0.635
 7    -0.915     0.393     0.083
 7    -0.192    -0.611     0.767
 8   117.280   -36.004     4.278
 8     0.611    -0.430     0.665
 8    -0.789    -0.393     0.472
 8     0.059    -0.813    -0.578
 9   127.548   -37.725   -16.673
 9     0.312    -0.912     0.265
 9     0.274     0.354     0.894
 9    -0.909    -0.207     0.361
 2    97.562   -18.430    59.159
 2     0.726    -0.688     0.004
 2     0.687     0.725     0.031
 2    -0.023    -0.021     0.999
 3   125.120    -3.713    -1.883
 3     0.636    -0.271    -0.724
 3    -0.024     0.929    -0.368
 3     0.771     0.251     0.584
 4    98.872    10.638    -7.729
 4     0.287    -0.495     0.820
 4     0.905     0.420    -0.062
 4    -0.315     0.760     0.568
 5   112.488    28.819     4.886
 5     0.676     0.561     0.479
 5     0.734    -0.453    -0.506
 5    -0.067     0.693    -0.717
 6   125.048    32.220   -14.859
 6     0.407     0.875     0.261
 6    -0.216     0.370    -0.903
 6    -0.887     0.311     0.340
 7   103.957   -19.619   -11.193
 7     0.301     0.683     0.665
 7    -0.934     0.352     0.060
 7    -0.193    -0.639     0.744
 8   116.237   -36.255     4.778
 8     0.552    -0.506     0.664
 8    -0.833    -0.371     0.410
 8     0.039    -0.779    -0.625
 9   124.153   -42.263   -16.484
 9     0.222    -0.907     0.357
 9     0.103     0.386     0.916
 9    -0.970    -0.166     0.179
 2    97.560   -18.482    59.162
 2     0.726    -0.689     0.004
 2     0.687     0.725     0.031
 2    -0.024    -0.021     0.999
 3   124.937    -3.326    -2.144
 3     0.654    -0.266    -0.710
 3    -0.027     0.928    -0.370
 3     0.756     0.260     0.599
 4    98.559    10.836    -7.367
 4     0.261    -0.497     0.828
 4     0.916     0.396    -0.051
 4    -0.303     0.772     0.558
 5   112.545    28.709     5.344
 5     0.668     0.597     0.444
 5     0.741    -0.481    -0.469
 5    -0.066     0.641    -0.763
