% Calibrated with leiden_pols
% Positions are in centimeters
Data =[
 2    97.560   -18.431    59.162
 2     0.726    -0.689     0.005
 2     0.687     0.725     0.031
 2    -0.024    -0.020     0.999
 3   126.473    -4.217    -0.093
 3     0.505    -0.297    -0.812
 3    -0.003     0.939    -0.343
 3     0.863     0.174     0.472
 4   104.864    10.912   -12.491
 4     0.558    -0.483     0.675
 4     0.760     0.622    -0.184
 4    -0.331     0.616     0.714
 5   118.449    30.192    -4.375
 5     0.809    -0.235     0.540
 5     0.566     0.063    -0.822
 5     0.158     0.970     0.183
 6   136.662    11.443     4.435
 6     0.331     0.943     0.044
 6    -0.794     0.253     0.552
 6     0.510    -0.217     0.832
 7   108.602   -18.958   -14.969
 7     0.391     0.798     0.459
 7    -0.904     0.425     0.031
 7    -0.170    -0.427     0.888
 8   117.533   -38.496    -3.241
 8     0.650     0.485     0.587
 8    -0.696     0.069     0.714
 8     0.305    -0.871     0.382
 9   135.986   -20.220     3.382
 9     0.402    -0.774    -0.491
 9     0.837     0.526    -0.146
 9     0.370    -0.352     0.859
 2    97.562   -18.481    59.159
 2     0.726    -0.688     0.004
 2     0.687     0.725     0.031
 2    -0.023    -0.021     0.999
 3   126.202    -4.262    -0.088
 3     0.513    -0.273    -0.815
 3    -0.023     0.944    -0.329
 3     0.858     0.187     0.477
 4   104.002    11.638   -11.084
 4     0.545    -0.492     0.680
 4     0.785     0.584    -0.206
 4    -0.296     0.646     0.703
 5   117.429    30.308    -2.274
 5     0.802    -0.211     0.559
 5     0.573     0.006    -0.819
 5     0.168     0.977     0.125
 6   135.785    11.419     5.210
 6     0.342     0.939     0.034
 6    -0.806     0.274     0.524
 6     0.483    -0.207     0.851
 7   106.929   -18.934   -14.176
 7     0.388     0.762     0.519
 7    -0.898     0.438     0.026
 7    -0.207    -0.476     0.854
 8   117.370   -38.279    -3.813
 8     0.696     0.402     0.596
 8    -0.681     0.107     0.724
 8     0.227    -0.909     0.348
 9   135.602   -19.303     0.793
 9     0.395    -0.826    -0.405
 9     0.852     0.492    -0.175
 9     0.341    -0.275     0.898
 2    97.512   -18.430    59.159
 2     0.726    -0.689     0.004
 2     0.687     0.725     0.031
 2    -0.023    -0.021     0.999
 3   125.546    -4.258    -0.491
 3     0.542    -0.268    -0.798
 3    -0.015     0.945    -0.325
 3     0.840     0.187     0.507
 4   102.623    11.286   -11.010
 4     0.527    -0.457     0.717
 4     0.777     0.600    -0.189
 4    -0.345     0.656     0.671
 5   116.868    30.049    -3.660
 5     0.825    -0.135     0.550
 5     0.558     0.040    -0.828
 5     0.089     0.990     0.108
 6   135.727    10.770     2.505
 6     0.362     0.927     0.095
 6    -0.816     0.266     0.513
 6     0.451    -0.263     0.853
 7   105.896   -19.250   -14.121
 7     0.378     0.743     0.553
 7    -0.899     0.436     0.028
 7    -0.220    -0.507     0.833
 8   116.973   -38.462    -3.592
 8     0.719     0.326     0.614
 8    -0.668     0.082     0.740
 8     0.191    -0.942     0.275
 9   135.211   -19.245    -1.376
 9     0.403    -0.846    -0.351
 9     0.878     0.464    -0.112
 9     0.255    -0.262     0.930
 2    97.562   -18.430    59.159
 2     0.726    -0.688     0.004
 2     0.687     0.725     0.031
 2    -0.023    -0.021     0.999
 3   125.092    -4.699    -0.620
 3     0.554    -0.252    -0.794
 3    -0.012     0.951    -0.309
 3     0.832     0.180     0.523
 4   102.246    10.858   -11.097
 4     0.542    -0.430     0.722
 4     0.759     0.618    -0.203
 4    -0.359     0.658     0.661
 5   117.261    29.023    -3.691
 5     0.846    -0.074     0.527
 5     0.530     0.014    -0.848
 5     0.055     0.997     0.050
 6   136.277     9.016    -1.608
 6     0.387     0.915     0.116
 6    -0.864     0.316     0.391
 6     0.322    -0.252     0.913
 7   105.484   -19.695   -13.886
 7     0.356     0.743     0.567
 7    -0.913     0.406     0.041
 7    -0.199    -0.532     0.823
 8   115.868   -38.011    -0.262
 8     0.695     0.178     0.697
 8    -0.688    -0.118     0.716
 8     0.209    -0.977     0.039
 9   134.054   -22.185    -6.607
 9     0.486    -0.840    -0.246
 9     0.859     0.408     0.305
 9    -0.158    -0.359     0.920
 2    97.562   -18.430    59.159
 2     0.726    -0.689     0.004
 2     0.687     0.725     0.031
 2    -0.023    -0.021     0.999
 3   125.078    -4.888    -0.978
 3     0.567    -0.250    -0.786
 3    -0.012     0.950    -0.309
 3     0.823     0.184     0.536
 4   101.601    10.402   -10.378
 4     0.509    -0.428     0.747
 4     0.777     0.600    -0.186
 4    -0.369     0.676     0.637
 5   116.513    28.014     0.322
 5     0.802     0.289     0.523
 5     0.595    -0.314    -0.740
 5    -0.049     0.904    -0.423
 6   133.867    15.675   -14.319
 6     0.470     0.855     0.217
 6    -0.778     0.518    -0.356
 6    -0.417    -0.002     0.908
 7   105.650   -19.859   -13.743
 7     0.351     0.738     0.577
 7    -0.918     0.392     0.056
 7    -0.185    -0.549     0.814
 8   116.322   -36.703     2.765
 8     0.637    -0.189     0.748
 8    -0.757    -0.339     0.559
 8     0.148    -0.922    -0.358
 9   131.662   -30.187   -13.851
 9     0.478    -0.872     0.110
 9     0.591     0.412     0.693
 9    -0.650    -0.265     0.713
 2    97.562   -18.430    59.159
 2     0.726    -0.688     0.004
 2     0.687     0.725     0.031
 2    -0.023    -0.021     0.999
 3   125.131    -4.560    -1.309
 3     0.597    -0.260    -0.760
 3    -0.015     0.943    -0.332
 3     0.802     0.209     0.558
 4   100.065    10.234    -8.820
 4     0.385    -0.474     0.793
 4     0.852     0.511    -0.107
 4    -0.354     0.717     0.600
 5   114.433    28.052     2.946
 5     0.733     0.485     0.478
 5     0.675    -0.434    -0.596
 5    -0.082     0.759    -0.645
 6   128.285    25.358   -16.405
 6     0.410     0.885     0.218
 6    -0.457     0.407    -0.791
 6    -0.789     0.224     0.572
 7   104.753   -19.980   -12.174
 7     0.354     0.687     0.635
 7    -0.915     0.393     0.083
 7    -0.192    -0.611     0.767
 8   117.280   -36.004     4.278
 8     0.611    -0.430     0.665
 8    -0.789    -0.393     0.472
 8     0.059    -0.813    -0.578
 9   127.548   -37.725   -16.673
 9     0.312    -0.912     0.265
 9     0.274     0.354     0.894
 9    -0.909    -0.207     0.361
 2    97.562   -18.430    59.159
 2     0.726    -0.688     0.004
 2     0.687     0.725     0.031
 2    -0.023    -0.021     0.999
 3   125.120    -3.713    -1.883
 3     0.636    -0.271    -0.724
 3    -0.024     0.929    -0.368
 3     0.771     0.251     0.584
 4    98.872    10.638    -7.729
 4     0.287    -0.495     0.820
 4     0.905     0.420    -0.062
 4    -0.315     0.760     0.568
 5   112.488    28.819     4.886
 5     0.676     0.561     0.479
 5     0.734    -0.453    -0.506
 5    -0.067     0.693    -0.717
 6   125.048    32.220   -14.859
 6     0.407     0.875     0.261
 6    -0.216     0.370    -0.903
 6    -0.887     0.311     0.340
 7   103.957   -19.619   -11.193
 7     0.301     0.683     0.665
 7    -0.934     0.352     0.060
 7    -0.193    -0.639     0.744
 8   116.237   -36.255     4.778
 8     0.552    -0.506     0.664
 8    -0.833    -0.371     0.410
 8     0.039    -0.779    -0.625
 9   124.153   -42.263   -16.484
 9     0.222    -0.907     0.357
 9     0.103     0.386     0.916
 9    -0.970    -0.166     0.179
 2    97.560   -18.482    59.162
 2     0.726    -0.689     0.004
 2     0.687     0.725     0.031
 2    -0.024    -0.021     0.999
 3   124.937    -3.326    -2.144
 3     0.654    -0.266    -0.710
 3    -0.027     0.928    -0.370
 3     0.756     0.260     0.599
 4    98.559    10.836    -7.367
 4     0.261    -0.497     0.828
 4     0.916     0.396    -0.051
 4    -0.303     0.772     0.558
 5   112.545    28.709     5.344
 5     0.668     0.597     0.444
 5     0.741    -0.481    -0.469
 5    -0.066     0.641    -0.763
 6   123.654    36.060   -14.386
 6     0.369     0.886     0.280
 6    -0.048     0.320    -0.946
 6    -0.928     0.335     0.160
 7   103.652   -19.688   -10.690
 7     0.282     0.682     0.674
 7    -0.943     0.327     0.063
 7    -0.178    -0.653     0.735
 8   116.070   -35.882     5.575
 8     0.543    -0.528     0.654
 8    -0.838    -0.391     0.380
 8     0.055    -0.754    -0.654
 9   123.501   -43.858   -15.356
 9     0.190    -0.905     0.380
 9     0.029     0.392     0.919
 9    -0.981    -0.164     0.101
 2    97.562   -18.430    59.159
 2     0.726    -0.689     0.004
 2     0.687     0.725     0.031
 2    -0.023    -0.021     0.999
 3   124.880    -3.429    -2.202
 3     0.657    -0.259    -0.710
 3    -0.023     0.932    -0.359
 3     0.753     0.251     0.606
 4    98.535    10.836    -7.418
 4     0.261    -0.498     0.827
 4     0.916     0.396    -0.051
 4    -0.303     0.771     0.559
 5   112.496    28.832     5.179
 5     0.662     0.609     0.438
 5     0.746    -0.478    -0.464
 5    -0.074     0.633    -0.770
 6   123.450    37.650   -14.329
 6     0.377     0.887     0.266
 6     0.018     0.281    -0.960
 6    -0.926     0.367     0.090
 7   103.708   -19.812   -10.696
 7     0.284     0.680     0.677
 7    -0.943     0.327     0.067
 7    -0.176    -0.657     0.733
 8   115.599   -36.433     5.385
 8     0.525    -0.515     0.679
 8    -0.849    -0.365     0.380
 8     0.052    -0.776    -0.628
 9   123.357   -44.178   -15.782
 9     0.204    -0.893     0.400
 9     0.038     0.416     0.908
 9    -0.978    -0.170     0.119
 2    97.562   -18.430    59.159
 2     0.726    -0.689     0.004
 2     0.688     0.724     0.031
 2    -0.023    -0.021     0.999
 3   124.881    -3.378    -2.201
 3     0.657    -0.257    -0.711
 3    -0.022     0.934    -0.356
 3     0.753     0.249     0.607
 4    98.442    10.791    -7.328
 4     0.254    -0.503     0.827
 4     0.920     0.389    -0.045
 4    -0.299     0.772     0.561
 5   111.794    29.065     5.313
 5     0.638     0.628     0.446
 5     0.766    -0.457    -0.452
 5    -0.080     0.629    -0.772
 6   122.009    38.278   -14.225
 6     0.371     0.868     0.329
 6     0.019     0.348    -0.937
 6    -0.928     0.354     0.113
 7   103.835   -19.821   -10.624
 7     0.302     0.656     0.692
 7    -0.932     0.356     0.069
 7    -0.201    -0.665     0.718
 8   116.504   -36.896     4.081
 8     0.538    -0.537     0.651
 8    -0.843    -0.337     0.418
 8    -0.005    -0.774    -0.632
 9   123.531   -43.919   -17.822
 9     0.170    -0.901     0.401
 9     0.055     0.414     0.908
 9    -0.984    -0.131     0.120
 2    97.512   -18.481    59.159
 2     0.726    -0.689     0.004
 2     0.688     0.724     0.031
 2    -0.023    -0.021     0.999
 3   124.949    -3.069    -2.199
 3     0.658    -0.270    -0.704
 3    -0.011     0.931    -0.365
 3     0.752     0.248     0.609
 4    98.378    10.680    -7.358
 4     0.232    -0.512     0.828
 4     0.928     0.370    -0.032
 4    -0.290     0.775     0.560
 5   111.146    29.185     5.692
 5     0.613     0.645     0.458
 5     0.787    -0.443    -0.429
 5    -0.074     0.623    -0.778
 6   121.234    38.710   -13.868
 6     0.366     0.864     0.346
 6     0.028     0.362    -0.932
 6    -0.930     0.350     0.108
 7   104.173   -20.146   -10.240
 7     0.319     0.629     0.709
 7    -0.924     0.372     0.084
 7    -0.211    -0.682     0.700
 8   117.791   -36.892     4.096
 8     0.563    -0.555     0.614
 8    -0.826    -0.351     0.440
 8    -0.029    -0.754    -0.656
 9   123.519   -43.838   -18.433
 9     0.109    -0.916     0.386
 9     0.048     0.393     0.918
 9    -0.993    -0.081     0.086
 2    97.512   -18.430    59.134
 2     0.725    -0.689     0.004
 2     0.688     0.724     0.031
 2    -0.023    -0.021     0.999
 3   125.043    -3.145    -2.187
 3     0.661    -0.268    -0.702
 3    -0.005     0.933    -0.359
 3     0.750     0.241     0.614
 4    98.512    10.685    -7.369
 4     0.232    -0.512     0.827
 4     0.929     0.366    -0.034
 4    -0.286     0.777     0.561
 5   111.274    29.088     5.708
 5     0.610     0.648     0.457
 5     0.789    -0.444    -0.424
 5    -0.072     0.619    -0.781
 6   121.428    38.206   -13.767
 6     0.362     0.870     0.334
 6     0.011     0.355    -0.935
 6    -0.932     0.342     0.118
 7   104.170   -20.328    -9.900
 7     0.313     0.611     0.727
 7    -0.924     0.372     0.084
 7    -0.219    -0.698     0.681
 8   118.349   -36.647     4.400
 8     0.562    -0.587     0.584
 8    -0.826    -0.375     0.419
 8    -0.027    -0.718    -0.694
 9   123.090   -44.505   -18.003
 9     0.071    -0.913     0.401
 9     0.019     0.403     0.915
 9    -0.997    -0.057     0.047
 2    97.562   -18.430    59.159
 2     0.725    -0.689     0.004
 2     0.688     0.724     0.031
 2    -0.023    -0.021     0.999
 3   125.127    -3.243    -2.109
 3     0.660    -0.262    -0.705
 3     0.001     0.938    -0.345
 3     0.751     0.227     0.619
 4    98.857    10.574    -7.522
 4     0.244    -0.516     0.821
 4     0.925     0.378    -0.037
 4    -0.292     0.768     0.569
 5   111.647    29.019     5.221
 5     0.616     0.644     0.455
 5     0.783    -0.438    -0.442
 5    -0.086     0.628    -0.773
 6   122.863    36.259   -15.391
 6     0.400     0.861     0.314
 6    -0.078     0.373    -0.924
 6    -0.913     0.345     0.217
 7   104.027   -20.408    -9.976
 7     0.300     0.636     0.711
 7    -0.930     0.359     0.070
 7    -0.211    -0.682     0.700
 8   116.291   -38.820     2.066
 8     0.551    -0.517     0.656
 8    -0.826    -0.228     0.514
 8    -0.116    -0.825    -0.552
 9   127.020   -39.979   -20.966
 9     0.339    -0.872     0.352
 9     0.304     0.456     0.836
 9    -0.890    -0.176     0.420
 2    97.512   -18.430    59.159
 2     0.725    -0.689     0.004
 2     0.688     0.724     0.031
 2    -0.023    -0.021     0.999
 3   125.294    -3.580    -1.896
 3     0.641    -0.253    -0.726
 3    -0.000     0.945    -0.327
 3     0.767     0.209     0.605
 4    99.439    10.364    -8.366
 4     0.299    -0.491     0.819
 4     0.886     0.461    -0.046
 4    -0.355     0.739     0.572
 5   111.116    30.725    -1.379
 5     0.640     0.525     0.562
 5     0.732    -0.194    -0.653
 5    -0.233     0.828    -0.508
 6   130.624    23.939   -18.359
 6     0.630     0.750     0.201
 6    -0.621     0.642    -0.449
 6    -0.466     0.158     0.870
 7   104.664   -19.886   -11.061
 7     0.359     0.659     0.661
 7    -0.902     0.426     0.065
 7    -0.239    -0.620     0.747
 8   116.316   -39.419    -2.443
 8     0.621    -0.281     0.732
 8    -0.768    -0.031     0.640
 8    -0.156    -0.959    -0.234
 9   135.213   -29.225   -17.454
 9     0.571    -0.818     0.070
 9     0.693     0.527     0.489
 9    -0.438    -0.229     0.869
 2    97.462   -18.430    59.134
 2     0.725    -0.689     0.004
 2     0.688     0.724     0.031
 2    -0.023    -0.021     0.999
 3   126.038    -3.698    -1.166
 3     0.586    -0.279    -0.762
 3     0.012     0.942    -0.333
 3     0.810     0.185     0.555
 4   101.079    10.162    -9.464
 4     0.390    -0.479     0.787
 4     0.831     0.551    -0.077
 4    -0.397     0.683     0.612
 5   113.989    30.088    -6.529
 5     0.740     0.260     0.621
 5     0.627     0.067    -0.776
 5    -0.243     0.963    -0.112
 6   136.318    13.390    -9.664
 6     0.542     0.837     0.070
 6    -0.809     0.497     0.314
 6     0.229    -0.227     0.946
 7   106.560   -19.906   -11.954
 7     0.408     0.684     0.605
 7    -0.886     0.455     0.081
 7    -0.219    -0.569     0.792
 8   118.044   -39.139    -3.021
 8     0.696    -0.057     0.716
 8    -0.715     0.033     0.698
 8    -0.064    -0.998    -0.018
 9   136.860   -22.901   -10.175
 9     0.515    -0.840    -0.172
 9     0.856     0.495     0.144
 9    -0.038    -0.221     0.974
 2    97.512   -18.430    59.159
 2     0.725    -0.689     0.004
 2     0.688     0.724     0.031
 2    -0.023    -0.021     0.999
 3   126.873    -3.759    -0.324
 3     0.522    -0.302    -0.799
 3     0.026     0.941    -0.336
 3     0.852     0.154     0.498
 4   103.113    10.166   -10.303
 4     0.471    -0.507     0.722
 4     0.801     0.587    -0.111
 4    -0.368     0.631     0.682
 5   116.426    29.659    -5.797
 5     0.792     0.100     0.602
 5     0.594     0.092    -0.799
 5    -0.136     0.990     0.013
 6   137.205    11.439    -5.284
 6     0.438     0.899     0.025
 6    -0.831     0.393     0.393
 6     0.344    -0.193     0.919
 7   108.202   -20.007   -12.565
 7     0.434     0.712     0.553
 7    -0.879     0.467     0.088
 7    -0.195    -0.524     0.828
 8   118.905   -39.040    -2.580
 8     0.698     0.059     0.713
 8    -0.715     0.029     0.698
 8     0.021    -0.998     0.062
 9   138.129   -22.181    -7.883
 9     0.500    -0.833    -0.239
 9     0.865     0.479     0.140
 9    -0.004    -0.276     0.961
 2    97.462   -18.430    59.134
 2     0.725    -0.689     0.004
 2     0.688     0.724     0.031
 2    -0.023    -0.021     0.999
 3   127.184    -3.747    -0.195
 3     0.509    -0.309    -0.805
 3     0.025     0.938    -0.342
 3     0.860     0.153     0.484
 4   103.234    10.242   -10.403
 4     0.470    -0.507     0.723
 4     0.802     0.586    -0.110
 4    -0.369     0.632     0.681
 5   116.794    29.653    -5.786
 5     0.792     0.127     0.597
 5     0.593     0.073    -0.802
 5    -0.146     0.989    -0.017
 6   137.771    11.632    -5.939
 6     0.457     0.889     0.020
 6    -0.829     0.418     0.372
 6     0.323    -0.186     0.928
 7   108.471   -19.655   -12.982
 7     0.447     0.711     0.543
 7    -0.871     0.484     0.083
 7    -0.204    -0.510     0.835
 8   119.133   -38.962    -3.419
 8     0.701     0.127     0.701
 8    -0.711     0.067     0.699
 8     0.041    -0.990     0.136
 9   138.452   -21.309    -5.233
 9     0.480    -0.826    -0.300
 9     0.872     0.485     0.056
 9     0.096    -0.287     0.952
 2    97.512   -18.430    59.159
 2     0.725    -0.689     0.004
 2     0.688     0.724     0.031
 2    -0.023    -0.021     0.999
 3   126.981    -3.640    -0.127
 3     0.501    -0.318    -0.807
 3     0.021     0.935    -0.352
 3     0.865     0.158     0.475
 4   103.096    10.464   -10.390
 4     0.472    -0.499     0.727
 4     0.798     0.591    -0.113
 4    -0.374     0.634     0.677
 5   116.757    29.618    -6.023
 5     0.802     0.114     0.586
 5     0.578     0.091    -0.810
 5    -0.146     0.989     0.007
 6   137.320    11.056    -5.700
 6     0.423     0.905     0.031
 6    -0.836     0.377     0.398
 6     0.349    -0.194     0.917
 7   108.594   -19.650   -13.367
 7     0.455     0.722     0.522
 7    -0.868     0.489     0.079
 7    -0.198    -0.490     0.849
 8   118.914   -38.976    -3.734
 8     0.703     0.198     0.683
 8    -0.707     0.095     0.700
 8     0.073    -0.976     0.205
 9   137.877   -21.086    -4.419
 9     0.455    -0.837    -0.309
 9     0.878     0.477    -0.002
 9     0.147    -0.269     0.951
 2    97.561   -18.480    59.159
 2     0.725    -0.690     0.004
 2     0.688     0.724     0.030
 2    -0.023    -0.020     0.999
 3   126.949    -3.637    -0.027
 3     0.494    -0.319    -0.810
 3     0.017     0.934    -0.356
 3     0.869     0.161     0.466
 4   103.397    10.604   -10.462
 4     0.491    -0.498     0.715
 4     0.795     0.591    -0.135
 4    -0.356     0.634     0.686
 5   117.464    29.549    -5.384
 5     0.818     0.073     0.570
 5     0.565     0.079    -0.821
 5    -0.105     0.994     0.024
 6   137.475    10.536    -3.803
 6     0.395     0.917     0.057
 6    -0.839     0.334     0.428
 6     0.374    -0.217     0.901
 7   109.213   -19.452   -13.645
 7     0.458     0.746     0.483
 7    -0.872     0.481     0.084
 7    -0.169    -0.460     0.871
 8   118.857   -38.815    -3.584
 8     0.688     0.303     0.660
 8    -0.711     0.098     0.696
 8     0.145    -0.948     0.281
 9   138.003   -20.853    -1.049
 9     0.441    -0.806    -0.398
 9     0.862     0.500    -0.062
 9     0.247    -0.315     0.915
 2    97.511   -18.480    59.210
 2     0.725    -0.690     0.004
 2     0.688     0.724     0.031
 2    -0.023    -0.021     0.999
 3   127.066    -3.541     0.362
 3     0.468    -0.335    -0.819
 3     0.012     0.928    -0.370
 3     0.883     0.162     0.438
 4   104.113    10.807   -10.718
 4     0.516    -0.512     0.687
 4     0.793     0.588    -0.157
 4    -0.324     0.625     0.709
 5   118.454    29.365    -4.703
 5     0.835     0.019     0.550
 5     0.548     0.063    -0.834
 5    -0.051     0.998     0.042
 6   137.417     9.800    -1.948
 6     0.355     0.929     0.101
 6    -0.849     0.275     0.449
 6     0.391    -0.245     0.887
 7   110.050   -19.379   -14.025
 7     0.466     0.770     0.437
 7    -0.874     0.478     0.088
 7    -0.141    -0.423     0.895
 8   119.006   -38.595    -2.779
 8     0.664     0.385     0.642
 8    -0.714     0.071     0.696
 8     0.221    -0.920     0.321
 9   138.022   -20.734     2.080
 9     0.429    -0.772    -0.473
 9     0.853     0.516    -0.072
 9     0.298    -0.372     0.878
 2    97.511   -18.430    59.133
 2     0.725    -0.690     0.004
 2     0.688     0.724     0.031
 2    -0.023    -0.020     0.999
 3   127.209    -3.519     0.756
 3     0.443    -0.347    -0.828
 3     0.013     0.925    -0.379
 3     0.896     0.155     0.413
 4   104.816    10.942   -10.989
 4     0.536    -0.536     0.653
 4     0.794     0.581    -0.175
 4    -0.286     0.612     0.737
 5   118.911    29.311    -3.512
 5     0.839    -0.069     0.540
 5     0.543     0.047    -0.838
 5     0.032     0.996     0.077
 6   137.409     9.470     0.575
 6     0.322     0.945     0.063
 6    -0.852     0.260     0.454
 6     0.413    -0.200     0.888
 7   111.026   -19.402   -14.211
 7     0.474     0.786     0.396
 7    -0.874     0.476     0.100
 7    -0.109    -0.394     0.912
 8   119.701   -38.138    -2.052
 8     0.654     0.458     0.604
 8    -0.697     0.053     0.714
 8     0.294    -0.887     0.353
 9   137.875   -19.966     4.363
 9     0.403    -0.775    -0.489
 9     0.838     0.525    -0.144
 9     0.366    -0.351     0.860
 2    97.461   -18.430    59.159
 2     0.725    -0.690     0.004
 2     0.688     0.724     0.031
 2    -0.023    -0.020     0.999
 3   127.426    -3.376     1.028
 3     0.426    -0.359    -0.832
 3     0.016     0.921    -0.387
 3     0.904     0.151     0.397
 4   105.258    11.137   -11.032
 4     0.538    -0.550     0.640
 4     0.799     0.573    -0.179
 4    -0.269     0.607     0.747
 5   119.119    29.389    -2.876
 5     0.836    -0.088     0.542
 5     0.546     0.027    -0.837
 5     0.058     0.996     0.070
 6   137.729     9.799     1.710
 6     0.338     0.940     0.041
 6    -0.850     0.286     0.442
 6     0.405    -0.184     0.896
 7   111.375   -19.272   -14.273
 7     0.479     0.788     0.388
 7    -0.871     0.480     0.101
 7    -0.107    -0.386     0.916
 8   119.689   -37.853    -1.458
 8     0.634     0.504     0.588
 8    -0.691     0.029     0.721
 8     0.346    -0.863     0.366
 9   137.762   -19.841     6.068
 9     0.421    -0.740    -0.527
 9     0.827     0.549    -0.114
 9     0.371    -0.387     0.842
 2    97.509   -18.430    59.162
 2     0.724    -0.690     0.005
 2     0.689     0.723     0.031
 2    -0.024    -0.021     0.999
 3   127.534    -3.141     1.138
 3     0.421    -0.374    -0.828
 3     0.020     0.915    -0.401
 3     0.906     0.151     0.392
 4   105.488    11.440   -10.783
 4     0.533    -0.578     0.619
 4     0.817     0.542    -0.197
 4    -0.222     0.610     0.760
 5   118.608    29.564     0.127
 5     0.817    -0.118     0.564
 5     0.556    -0.094    -0.825
 5     0.150     0.988    -0.012
 6   138.374    10.545     3.882
 6     0.406     0.903    -0.141
 6    -0.867     0.429     0.253
 6     0.288     0.019     0.957
 7   111.501   -19.985   -12.883
 7     0.444     0.820     0.360
 7    -0.895     0.420     0.148
 7    -0.030    -0.388     0.921
 8   116.142   -36.226     5.196
 8     0.507     0.531     0.681
 8    -0.655    -0.276     0.702
 8     0.560    -0.801     0.207
 9   136.277   -21.724    11.341
 9     0.651    -0.562    -0.517
 9     0.744     0.600     0.286
 9     0.147    -0.569     0.807
 2    97.511   -18.429    59.159
 2     0.724    -0.690     0.004
 2     0.689     0.723     0.031
 2    -0.023    -0.021     0.999
 3   127.600    -3.183     1.046
 3     0.427    -0.363    -0.829
 3     0.042     0.923    -0.381
 3     0.903     0.127     0.409
 4   105.962    12.584    -9.436
 4     0.537    -0.620     0.572
 4     0.836     0.481    -0.264
 4    -0.112     0.619     0.776
 5   117.583    28.825     6.440
 5     0.770    -0.272     0.578
 5     0.506    -0.290    -0.812
 5     0.387     0.917    -0.087
 6   138.484    10.849    12.092
 6     0.465     0.811    -0.355
 6    -0.841     0.529     0.108
 6     0.274     0.247     0.928
 7   110.025   -21.911    -9.595
 7     0.364     0.870     0.333
 7    -0.925     0.296     0.236
 7     0.107    -0.394     0.912
 8   113.798   -33.279    12.427
 8     0.442     0.579     0.686
 8    -0.492    -0.483     0.723
 8     0.750    -0.657     0.071
 9   134.872   -20.455    20.505
 9     0.713    -0.399    -0.581
 9     0.680     0.588     0.435
 9     0.168    -0.703     0.688
 2    97.511   -18.429    59.133
 2     0.724    -0.691     0.004
 2     0.689     0.723     0.031
 2    -0.023    -0.020     0.999
 3   126.878    -3.579     0.768
 3     0.456    -0.333    -0.827
 3     0.066     0.938    -0.339
 3     0.887     0.098     0.449
 4   106.040    12.928    -8.660
 4     0.558    -0.630     0.541
 4     0.828     0.469    -0.307
 4    -0.060     0.618     0.783
 5   116.470    27.397     9.806
 5     0.717    -0.378     0.587
 5     0.445    -0.400    -0.800
 5     0.536     0.835    -0.119
 6   138.970    12.428    18.985
 6     0.587     0.633    -0.510
 6    -0.716     0.695     0.039
 6     0.377     0.340     0.859
 7   110.573   -23.252    -7.635
 7     0.369     0.880     0.298
 7    -0.908     0.274     0.316
 7     0.196    -0.388     0.900
 8   115.006   -31.381    15.994
 8     0.449     0.627     0.637
 8    -0.329    -0.546     0.770
 8     0.830    -0.555    -0.039
 9   135.681   -17.806    26.207
 9     0.690    -0.270    -0.675
 9     0.687     0.532     0.493
 9     0.226    -0.803     0.549
 2    97.511   -18.429    59.133
 2     0.724    -0.691     0.004
 2     0.689     0.723     0.031
 2    -0.023    -0.020     0.999
 3   126.761    -3.552     0.825
 3     0.467    -0.345    -0.816
 3     0.091     0.935    -0.341
 3     0.879     0.083     0.467
 4   106.502    13.287    -8.151
 4     0.552    -0.665     0.505
 4     0.834     0.440    -0.332
 4    -0.002     0.603     0.797
 5   115.303    25.974    12.449
 5     0.654    -0.435     0.620
 5     0.392    -0.506    -0.768
 5     0.647     0.745    -0.161
 6   138.222    13.352    23.736
 6     0.638     0.463    -0.620
 6    -0.649     0.752    -0.109
 6     0.413     0.469     0.777
 7   110.711   -23.361    -7.327
 7     0.377     0.876     0.301
 7    -0.902     0.273     0.334
 7     0.211    -0.397     0.893
 8   115.725   -30.570    16.485
 8     0.480     0.651     0.588
 8    -0.271    -0.527     0.805
 8     0.834    -0.546    -0.076
 9   135.855   -16.285    27.995
 9     0.650    -0.272    -0.713
 9     0.705     0.559     0.433
 9     0.281    -0.784     0.551
];