% Calibrated with leiden_pols
% Positions are in centimeters
Data =[
 2    97.583   -18.429    59.161
 2     0.722    -0.693     0.005
 2     0.692     0.720     0.031
 2    -0.024    -0.020     0.999
 3   126.873    -2.785     3.083
 3     0.356    -0.351    -0.867
 3     0.063     0.934    -0.351
 3     0.932     0.068     0.353
 4   107.170    14.038    -8.428
 4     0.451    -0.808     0.379
 4     0.887     0.359    -0.290
 4     0.099     0.466     0.879
 5   108.989    23.083    14.375
 5     0.339    -0.571     0.748
 5     0.206    -0.731    -0.651
 5     0.918     0.374    -0.130
 6   123.075    26.769    40.780
 6     0.264    -0.569    -0.781
 6     0.057     0.815    -0.574
 6     0.963     0.106     0.247
 7   111.270   -22.270    -7.553
 7     0.278     0.954     0.112
 7    -0.924     0.234     0.302
 7     0.261    -0.188     0.947
 8   112.545   -28.429    17.052
 8     0.343     0.697     0.630
 8    -0.206    -0.599     0.774
 8     0.916    -0.395    -0.061
 9   123.281   -31.756    44.104
 9     0.242     0.836    -0.495
 9     0.044     0.497     0.865
 9     0.969    -0.229     0.081
 2    97.507   -18.429    59.161
 2     0.722    -0.693     0.005
 2     0.692     0.721     0.031
 2    -0.024    -0.020     0.999
 3   126.841    -2.838     3.091
 3     0.358    -0.349    -0.867
 3     0.062     0.934    -0.349
 3     0.931     0.070     0.355
 4   107.138    13.984    -8.370
 4     0.453    -0.805     0.383
 4     0.886     0.360    -0.290
 4     0.096     0.470     0.877
 5   108.933    23.029    14.433
 5     0.341    -0.570     0.748
 5     0.206    -0.731    -0.650
 5     0.917     0.375    -0.131
 6   123.076    26.768    40.781
 6     0.264    -0.568    -0.781
 6     0.056     0.816    -0.573
 6     0.963     0.106     0.247
 7   111.155   -22.268    -7.463
 7     0.275     0.954     0.113
 7    -0.924     0.230     0.305
 7     0.265    -0.188     0.945
 8   112.371   -28.381    17.104
 8     0.343     0.694     0.633
 8    -0.210    -0.600     0.771
 8     0.916    -0.397    -0.060
 9   123.229   -31.808    44.154
 9     0.244     0.835    -0.496
 9     0.044     0.499     0.864
 9     0.969    -0.231     0.083
 2    97.510   -18.479    59.158
 2     0.722    -0.693     0.004
 2     0.691     0.721     0.031
 2    -0.023    -0.020     0.999
 3   126.842    -2.839     3.091
 3     0.360    -0.349    -0.866
 3     0.062     0.934    -0.349
 3     0.931     0.070     0.357
 4   107.137    14.034    -8.372
 4     0.455    -0.804     0.384
 4     0.885     0.361    -0.292
 4     0.096     0.473     0.875
 5   109.072    23.433    13.716
 5     0.282    -0.600     0.749
 5     0.236    -0.713    -0.660
 5     0.930     0.362    -0.059
 6   122.682    27.065    40.600
 6     0.250    -0.569    -0.785
 6     0.064     0.817    -0.571
 6     0.966     0.091     0.240
 7   111.529   -22.263    -7.756
 7     0.284     0.953     0.102
 7    -0.921     0.242     0.306
 7     0.267    -0.181     0.946
 8   111.927   -29.510    15.354
 8     0.260     0.763     0.592
 8    -0.259    -0.535     0.804
 8     0.930    -0.362     0.059
 9   121.777   -31.861    43.380
 9     0.199     0.793    -0.577
 9     0.058     0.576     0.814
 9     0.978    -0.194     0.067
 2    97.510   -18.428    59.158
 2     0.722    -0.693     0.005
 2     0.692     0.721     0.031
 2    -0.023    -0.020     0.999
 3   127.344    -2.753     2.881
 3     0.348    -0.350    -0.871
 3     0.062     0.934    -0.349
 3     0.935     0.066     0.346
 4   109.073    14.418    -9.465
 4     0.482    -0.809     0.337
 4     0.865     0.379    -0.327
 4     0.137     0.449     0.882
 5   107.907    24.827    11.155
 5     0.115    -0.714     0.690
 5     0.277    -0.644    -0.712
 5     0.954     0.273     0.125
 6   116.033    28.935    40.228
 6     0.042    -0.526    -0.850
 6     0.089     0.849    -0.521
 6     0.995    -0.055     0.082
 7   112.834   -22.249    -8.801
 7     0.274     0.960     0.056
 7    -0.917     0.243     0.315
 7     0.289    -0.138     0.947
 8   108.078   -30.627    12.219
 8     0.009     0.832     0.555
 8    -0.317    -0.524     0.790
 8     0.948    -0.182     0.259
 9   109.973   -31.586    40.302
 9    -0.037     0.762    -0.647
 9     0.035     0.647     0.760
 9     0.999     0.007    -0.052
 2    97.510   -18.429    59.158
 2     0.722    -0.693     0.004
 2     0.691     0.721     0.031
 2    -0.023    -0.020     0.999
 3   127.784    -3.017     2.853
 3     0.341    -0.298    -0.892
 3     0.039     0.952    -0.302
 3     0.939     0.067     0.335
 4   110.104    14.629   -10.584
 4     0.442    -0.847     0.296
 4     0.882     0.350    -0.313
 4     0.161     0.399     0.902
 5   103.253    24.682     7.967
 5    -0.156    -0.672     0.723
 5     0.331    -0.726    -0.603
 5     0.930     0.145     0.336
 6   104.675    30.846    38.328
 6    -0.187    -0.555    -0.811
 6     0.133     0.803    -0.580
 6     0.973    -0.218    -0.077
 7   112.257   -22.171    -9.619
 7     0.158     0.986     0.041
 7    -0.940     0.138     0.313
 7     0.302    -0.088     0.949
 8   102.854   -30.217     9.230
 8    -0.219     0.752     0.622
 8    -0.340    -0.656     0.673
 8     0.914    -0.064     0.399
 9   100.431   -36.237    39.207
 9    -0.208     0.808    -0.551
 9    -0.029     0.557     0.829
 9     0.977     0.189    -0.093
 2    97.510   -18.479    59.158
 2     0.722    -0.693     0.004
 2     0.691     0.721     0.031
 2    -0.023    -0.020     0.999
 3   128.307    -3.169     2.392
 3     0.363    -0.272    -0.891
 3     0.030     0.959    -0.280
 3     0.931     0.074     0.356
 4   110.653    13.819   -11.932
 4     0.372    -0.878     0.300
 4     0.918     0.301    -0.258
 4     0.136     0.371     0.918
 5   100.346    24.158     3.659
 5    -0.348    -0.579     0.737
 5     0.429    -0.797    -0.424
 5     0.833     0.168     0.526
 6    96.740    35.174    32.509
 6    -0.353    -0.581    -0.733
 6     0.267     0.688    -0.674
 6     0.897    -0.434    -0.088
 7   113.363   -21.734   -10.645
 7     0.073     0.997     0.027
 7    -0.952     0.061     0.301
 7     0.298    -0.048     0.953
 8   100.941   -29.726     5.771
 8    -0.380     0.661     0.647
 8    -0.402    -0.748     0.528
 8     0.833    -0.060     0.550
 9    92.934   -39.669    33.892
 9    -0.391     0.799    -0.456
 9    -0.140     0.438     0.888
 9     0.909     0.411    -0.060
 2    97.510   -18.479    59.158
 2     0.722    -0.693     0.004
 2     0.692     0.721     0.031
 2    -0.023    -0.020     0.999
 3   129.673    -3.199     2.346
 3     0.339    -0.267    -0.902
 3     0.030     0.962    -0.272
 3     0.940     0.064     0.334
 4   112.114    13.014   -12.929
 4     0.292    -0.920     0.260
 4     0.945     0.236    -0.225
 4     0.145     0.312     0.939
 5    98.556    22.510    -0.001
 5    -0.520    -0.490     0.700
 5     0.449    -0.853    -0.264
 5     0.726     0.177     0.663
 6    89.890    35.385    27.100
 6    -0.502    -0.559    -0.660
 6     0.297     0.604    -0.739
 6     0.812    -0.568    -0.138
 7   114.696   -21.500   -11.057
 7     0.001     1.000    -0.017
 7    -0.957     0.006     0.290
 7     0.289     0.016     0.957
 8   100.009   -28.996     3.383
 8    -0.518     0.598     0.612
 8    -0.403    -0.801     0.443
 8     0.755    -0.018     0.655
 9    88.159   -40.046    29.652
 9    -0.532     0.696    -0.483
 9    -0.161     0.476     0.864
 9     0.831     0.537    -0.142
 2    97.510   -18.429    59.133
 2     0.722    -0.693     0.004
 2     0.691     0.721     0.031
 2    -0.023    -0.020     0.999
 3   130.322    -2.917     2.763
 3     0.308    -0.277    -0.910
 3     0.034     0.959    -0.279
 3     0.950     0.054     0.305
 4   112.838    12.723   -13.063
 4     0.267    -0.937     0.226
 4     0.951     0.219    -0.216
 4     0.153     0.272     0.950
 5    98.248    22.498    -2.096
 5    -0.592    -0.494     0.638
 5     0.492    -0.847    -0.200
 5     0.638     0.195     0.744
