% Calibrated with leiden_pols
% Positions are in centimeters
Data =[
 2    97.583   -18.429    59.161
 2     0.722    -0.693     0.005
 2     0.692     0.720     0.031
 2    -0.024    -0.020     0.999
 3   126.873    -2.785     3.083
 3     0.356    -0.351    -0.867
 3     0.063     0.934    -0.351
 3     0.932     0.068     0.353
 4   107.170    14.038    -8.428
 4     0.451    -0.808     0.379
 4     0.887     0.359    -0.290
 4     0.099     0.466     0.879
 5   108.989    23.083    14.375
 5     0.339    -0.571     0.748
 5     0.206    -0.731    -0.651
 5     0.918     0.374    -0.130
 6   123.075    26.769    40.780
 6     0.264    -0.569    -0.781
 6     0.057     0.815    -0.574
 6     0.963     0.106     0.247
 7   111.270   -22.270    -7.553
 7     0.278     0.954     0.112
 7    -0.924     0.234     0.302
 7     0.261    -0.188     0.947
 8   112.545   -28.429    17.052
 8     0.343     0.697     0.630
 8    -0.206    -0.599     0.774
 8     0.916    -0.395    -0.061
 9   123.281   -31.756    44.104
 9     0.242     0.836    -0.495
 9     0.044     0.497     0.865
 9     0.969    -0.229     0.081
 2    97.507   -18.429    59.161
 2     0.722    -0.693     0.005
 2     0.692     0.721     0.031
 2    -0.024    -0.020     0.999
 3   126.841    -2.838     3.091
 3     0.358    -0.349    -0.867
 3     0.062     0.934    -0.349
 3     0.931     0.070     0.355
 4   107.138    13.984    -8.370
 4     0.453    -0.805     0.383
 4     0.886     0.360    -0.290
 4     0.096     0.470     0.877
 5   108.933    23.029    14.433
 5     0.341    -0.570     0.748
 5     0.206    -0.731    -0.650
 5     0.917     0.375    -0.131
 6   123.076    26.768    40.781
 6     0.264    -0.568    -0.781
 6     0.056     0.816    -0.573
 6     0.963     0.106     0.247
 7   111.155   -22.268    -7.463
 7     0.275     0.954     0.113
 7    -0.924     0.230     0.305
 7     0.265    -0.188     0.945
 8   112.371   -28.381    17.104
 8     0.343     0.694     0.633
 8    -0.210    -0.600     0.771
 8     0.916    -0.397    -0.060
 9   123.229   -31.808    44.154
 9     0.244     0.835    -0.496
 9     0.044     0.499     0.864
 9     0.969    -0.231     0.083
 2    97.510   -18.479    59.158
 2     0.722    -0.693     0.004
 2     0.691     0.721     0.031
 2    -0.023    -0.020     0.999
 3   126.842    -2.839     3.091
 3     0.360    -0.349    -0.866
 3     0.062     0.934    -0.349
 3     0.931     0.070     0.357
 4   107.137    14.034    -8.372
 4     0.455    -0.804     0.384
 4     0.885     0.361    -0.292
 4     0.096     0.473     0.875
 5   109.072    23.433    13.716
 5     0.282    -0.600     0.749
 5     0.236    -0.713    -0.660
 5     0.930     0.362    -0.059
 6   122.682    27.065    40.600
 6     0.250    -0.569    -0.785
 6     0.064     0.817    -0.571
 6     0.966     0.091     0.240
 7   111.529   -22.263    -7.756
 7     0.284     0.953     0.102
 7    -0.921     0.242     0.306
 7     0.267    -0.181     0.946
 8   111.927   -29.510    15.354
 8     0.260     0.763     0.592
 8    -0.259    -0.535     0.804
 8     0.930    -0.362     0.059
 9   121.777   -31.861    43.380
 9     0.199     0.793    -0.577
 9     0.058     0.576     0.814
 9     0.978    -0.194     0.067
 2    97.510   -18.428    59.158
 2     0.722    -0.693     0.005
 2     0.692     0.721     0.031
 2    -0.023    -0.020     0.999
 3   127.344    -2.753     2.881
 3     0.348    -0.350    -0.871
 3     0.062     0.934    -0.349
 3     0.935     0.066     0.346
 4   109.073    14.418    -9.465
 4     0.482    -0.809     0.337
 4     0.865     0.379    -0.327
 4     0.137     0.449     0.882
 5   107.907    24.827    11.155
 5     0.115    -0.714     0.690
 5     0.277    -0.644    -0.712
 5     0.954     0.273     0.125
 6   116.033    28.935    40.228
 6     0.042    -0.526    -0.850
 6     0.089     0.849    -0.521
 6     0.995    -0.055     0.082
 7   112.834   -22.249    -8.801
 7     0.274     0.960     0.056
 7    -0.917     0.243     0.315
 7     0.289    -0.138     0.947
 8   108.078   -30.627    12.219
 8     0.009     0.832     0.555
 8    -0.317    -0.524     0.790
 8     0.948    -0.182     0.259
 9   109.973   -31.586    40.302
 9    -0.037     0.762    -0.647
 9     0.035     0.647     0.760
 9     0.999     0.007    -0.052
 2    97.510   -18.429    59.158
 2     0.722    -0.693     0.004
 2     0.691     0.721     0.031
 2    -0.023    -0.020     0.999
 3   127.784    -3.017     2.853
 3     0.341    -0.298    -0.892
 3     0.039     0.952    -0.302
 3     0.939     0.067     0.335
 4   110.104    14.629   -10.584
 4     0.442    -0.847     0.296
 4     0.882     0.350    -0.313
 4     0.161     0.399     0.902
 5   103.253    24.682     7.967
 5    -0.156    -0.672     0.723
 5     0.331    -0.726    -0.603
 5     0.930     0.145     0.336
 6   104.675    30.846    38.328
 6    -0.187    -0.555    -0.811
 6     0.133     0.803    -0.580
 6     0.973    -0.218    -0.077
 7   112.257   -22.171    -9.619
 7     0.158     0.986     0.041
 7    -0.940     0.138     0.313
 7     0.302    -0.088     0.949
 8   102.854   -30.217     9.230
 8    -0.219     0.752     0.622
 8    -0.340    -0.656     0.673
 8     0.914    -0.064     0.399
 9   100.431   -36.237    39.207
 9    -0.208     0.808    -0.551
 9    -0.029     0.557     0.829
 9     0.977     0.189    -0.093
 2    97.510   -18.479    59.158
 2     0.722    -0.693     0.004
 2     0.691     0.721     0.031
 2    -0.023    -0.020     0.999
 3   128.307    -3.169     2.392
 3     0.363    -0.272    -0.891
 3     0.030     0.959    -0.280
 3     0.931     0.074     0.356
 4   110.653    13.819   -11.932
 4     0.372    -0.878     0.300
 4     0.918     0.301    -0.258
 4     0.136     0.371     0.918
 5   100.346    24.158     3.659
 5    -0.348    -0.579     0.737
 5     0.429    -0.797    -0.424
 5     0.833     0.168     0.526
 6    96.740    35.174    32.509
 6    -0.353    -0.581    -0.733
 6     0.267     0.688    -0.674
 6     0.897    -0.434    -0.088
 7   113.363   -21.734   -10.645
 7     0.073     0.997     0.027
 7    -0.952     0.061     0.301
 7     0.298    -0.048     0.953
 8   100.941   -29.726     5.771
 8    -0.380     0.661     0.647
 8    -0.402    -0.748     0.528
 8     0.833    -0.060     0.550
 9    92.934   -39.669    33.892
 9    -0.391     0.799    -0.456
 9    -0.140     0.438     0.888
 9     0.909     0.411    -0.060
 2    97.510   -18.479    59.158
 2     0.722    -0.693     0.004
 2     0.692     0.721     0.031
 2    -0.023    -0.020     0.999
 3   129.673    -3.199     2.346
 3     0.339    -0.267    -0.902
 3     0.030     0.962    -0.272
 3     0.940     0.064     0.334
 4   112.114    13.014   -12.929
 4     0.292    -0.920     0.260
 4     0.945     0.236    -0.225
 4     0.145     0.312     0.939
 5    98.556    22.510    -0.001
 5    -0.520    -0.490     0.700
 5     0.449    -0.853    -0.264
 5     0.726     0.177     0.663
 6    89.890    35.385    27.100
 6    -0.502    -0.559    -0.660
 6     0.297     0.604    -0.739
 6     0.812    -0.568    -0.138
 7   114.696   -21.500   -11.057
 7     0.001     1.000    -0.017
 7    -0.957     0.006     0.290
 7     0.289     0.016     0.957
 8   100.009   -28.996     3.383
 8    -0.518     0.598     0.612
 8    -0.403    -0.801     0.443
 8     0.755    -0.018     0.655
 9    88.159   -40.046    29.652
 9    -0.532     0.696    -0.483
 9    -0.161     0.476     0.864
 9     0.831     0.537    -0.142
 2    97.510   -18.429    59.133
 2     0.722    -0.693     0.004
 2     0.691     0.721     0.031
 2    -0.023    -0.020     0.999
 3   130.322    -2.917     2.763
 3     0.308    -0.277    -0.910
 3     0.034     0.959    -0.279
 3     0.950     0.054     0.305
 4   112.838    12.723   -13.063
 4     0.267    -0.937     0.226
 4     0.951     0.219    -0.216
 4     0.153     0.272     0.950
 5    98.248    22.498    -2.096
 5    -0.592    -0.494     0.638
 5     0.492    -0.847    -0.200
 5     0.638     0.195     0.744
 6    87.605    37.582    22.772
 6    -0.578    -0.488    -0.654
 6     0.368     0.558    -0.743
 6     0.728    -0.670    -0.143
 7   116.193   -21.355   -11.271
 7     0.028     0.998    -0.050
 7    -0.955     0.041     0.292
 7     0.294     0.039     0.955
 8   101.109   -30.017     2.037
 8    -0.541     0.635     0.552
 8    -0.455    -0.773     0.442
 8     0.707    -0.012     0.706
 9    87.273   -42.742    26.921
 9    -0.602     0.608    -0.518
 9    -0.219     0.498     0.839
 9     0.768     0.618    -0.167
 2    97.507   -18.429    59.161
 2     0.722    -0.693     0.005
 2     0.692     0.721     0.031
 2    -0.024    -0.020     0.999
 3   130.732    -2.784     3.147
 3     0.277    -0.283    -0.919
 3     0.039     0.958    -0.283
 3     0.960     0.041     0.276
 4   113.633    12.228   -13.294
 4     0.242    -0.952     0.190
 4     0.957     0.201    -0.208
 4     0.159     0.232     0.959
 5    97.936    21.459    -3.502
 5    -0.651    -0.463     0.603
 5     0.495    -0.860    -0.125
 5     0.576     0.216     0.788
 6    84.824    37.642    19.375
 6    -0.655    -0.467    -0.595
 6     0.385     0.471    -0.793
 6     0.650    -0.749    -0.129
 7   116.821   -21.271   -11.097
 7    -0.001     0.995    -0.100
 7    -0.956     0.028     0.293
 7     0.294     0.096     0.951
 8   100.541   -29.672     1.155
 8    -0.603     0.610     0.515
 8    -0.449    -0.792     0.413
 8     0.659     0.017     0.751
 9    84.536   -42.795    24.345
 9    -0.672     0.545    -0.501
 9    -0.228     0.491     0.840
 9     0.704     0.679    -0.206
 2    97.507   -18.429    59.161
 2     0.722    -0.693     0.005
 2     0.692     0.721     0.031
 2    -0.024    -0.020     0.999
 3   130.878    -3.077     3.527
 3     0.254    -0.265    -0.930
 3     0.030     0.963    -0.266
 3     0.967     0.038     0.252
 4   114.403    12.238   -13.195
 4     0.250    -0.955     0.160
 4     0.952     0.213    -0.217
 4     0.173     0.207     0.963
 5    98.550    21.898    -3.692
 5    -0.656    -0.489     0.576
 5     0.505    -0.850    -0.147
 5     0.561     0.195     0.804
 6    85.362    38.313    19.086
 6    -0.660    -0.429    -0.617
 6     0.403     0.490    -0.772
 6     0.633    -0.759    -0.151
 7   116.759   -21.280   -11.214
 7    -0.012     0.994    -0.111
 7    -0.957     0.021     0.290
 7     0.291     0.110     0.950
 8   100.164   -29.884     0.244
 8    -0.625     0.614     0.483
 8    -0.465    -0.789     0.401
 8     0.627     0.026     0.778
 9    82.016   -44.452    20.957
 9    -0.735     0.457    -0.501
 9    -0.309     0.433     0.847
 9     0.604     0.777    -0.177
 2    97.507   -18.429    59.161
 2     0.722    -0.693     0.005
 2     0.692     0.721     0.031
 2    -0.024    -0.020     0.999
 3   130.591    -3.363     3.692
 3     0.251    -0.248    -0.936
 3     0.022     0.968    -0.250
 3     0.968     0.041     0.248
 4   114.188    12.113   -13.200
 4     0.249    -0.957     0.151
 4     0.952     0.213    -0.218
 4     0.176     0.198     0.964
 5    97.908    21.417    -4.412
 5    -0.678    -0.476     0.560
 5     0.506    -0.855    -0.114
 5     0.532     0.206     0.820
 6    83.595    38.225    17.249
 6    -0.699    -0.399    -0.594
 6     0.409     0.458    -0.789
 6     0.587    -0.794    -0.157
 7   116.858   -21.203   -11.306
 7    -0.011     0.991    -0.131
 7    -0.956     0.028     0.293
 7     0.294     0.128     0.947
 8   100.408   -30.583    -0.934
 8    -0.646     0.630     0.432
 8    -0.502    -0.776     0.382
 8     0.575     0.030     0.817
 9    81.839   -46.621    17.917
 9    -0.756     0.379    -0.533
 9    -0.381     0.408     0.830
 9     0.532     0.831    -0.164
 2    97.557   -18.429    59.161
 2     0.722    -0.693     0.005
 2     0.692     0.721     0.031
 2    -0.024    -0.020     0.999
 3   130.846    -3.396     3.784
 3     0.236    -0.257    -0.937
 3     0.028     0.966    -0.258
 3     0.971     0.034     0.235
 4   114.617    11.709   -13.373
 4     0.245    -0.960     0.138
 4     0.953     0.212    -0.215
 4     0.176     0.185     0.967
 5    98.565    21.375    -4.841
 5    -0.679    -0.491     0.546
 5     0.523    -0.845    -0.109
 5     0.515     0.211     0.830
 6    84.386    38.746    16.479
 6    -0.697    -0.384    -0.606
 6     0.431     0.451    -0.781
 6     0.573    -0.806    -0.149
 7   117.609   -21.321   -11.426
 7    -0.000     0.990    -0.144
 7    -0.955     0.042     0.294
 7     0.297     0.137     0.945
 8   100.893   -31.049    -1.234
 8    -0.650     0.643     0.407
 8    -0.509    -0.764     0.396
 8     0.565     0.050     0.823
 9    81.921   -47.047    17.301
 9    -0.763     0.336    -0.552
 9    -0.408     0.411     0.815
 9     0.500     0.847    -0.177
 2    97.557   -18.429    59.161
 2     0.721    -0.693     0.005
 2     0.692     0.720     0.031
 2    -0.024    -0.020     0.999
 3   130.943    -3.416     3.886
 3     0.229    -0.256    -0.939
 3     0.027     0.966    -0.256
 3     0.973     0.032     0.228
 4   114.948    11.710   -13.372
 4     0.249    -0.960     0.131
 4     0.952     0.218    -0.215
 4     0.177     0.178     0.968
 5    98.596    21.451    -4.817
 5    -0.677    -0.497     0.544
 5     0.524    -0.844    -0.117
 5     0.516     0.205     0.831
 6    84.163    38.517    16.773
 6    -0.702    -0.370    -0.608
 6     0.425     0.468    -0.775
 6     0.571    -0.802    -0.172
 7   117.343   -21.324   -11.383
 7    -0.012     0.990    -0.144
 7    -0.954     0.031     0.300
 7     0.301     0.140     0.943
 8   100.355   -30.662    -1.206
 8    -0.664     0.627     0.408
 8    -0.494    -0.777     0.390
 8     0.561     0.056     0.825
 9    80.649   -46.237    17.046
 9    -0.776     0.315    -0.546
 9    -0.402     0.420     0.813
 9     0.485     0.851    -0.200
 2    97.507   -18.429    59.135
 2     0.721    -0.693     0.005
 2     0.692     0.720     0.031
 2    -0.024    -0.020     0.999
 3   130.675    -3.577     3.837
 3     0.238    -0.245    -0.940
 3     0.026     0.969    -0.246
 3     0.971     0.033     0.237
 4   114.500    11.585   -13.405
 4     0.243    -0.961     0.133
 4     0.953     0.211    -0.216
 4     0.179     0.180     0.967
 5    97.956    21.190    -5.162
 5    -0.692    -0.482     0.538
 5     0.516    -0.851    -0.099
 5     0.505     0.209     0.837
 6    83.096    38.498    15.795
 6    -0.719    -0.343    -0.605
 6     0.430     0.464    -0.774
 6     0.546    -0.817    -0.186
 7   116.987   -21.331   -11.472
 7    -0.019     0.990    -0.141
 7    -0.954     0.024     0.298
 7     0.298     0.140     0.944
 8   100.223   -31.034    -2.069
 8    -0.669     0.639     0.380
 8    -0.519    -0.767     0.375
 8     0.531     0.053     0.845
 9    80.716   -47.450    15.209
 9    -0.776     0.220    -0.590
 9    -0.458     0.447     0.769
 9     0.433     0.867    -0.246
 2    97.507   -18.429    59.135
 2     0.721    -0.694     0.005
 2     0.692     0.720     0.031
 2    -0.024    -0.020     0.999
 3   130.771    -3.524     3.937
 3     0.230    -0.245    -0.942
 3     0.022     0.969    -0.246
 3     0.973     0.034     0.228
 4   115.174    11.593   -13.420
 4     0.240    -0.964     0.115
 4     0.953     0.210    -0.219
 4     0.187     0.162     0.969
 5    98.570    21.128    -5.513
 5    -0.705    -0.487     0.517
 5     0.511    -0.853    -0.106
 5     0.492     0.189     0.849
 6    83.403    38.183    15.158
 6    -0.735    -0.315    -0.601
 6     0.426     0.473    -0.771
 6     0.527    -0.823    -0.214
 7   118.064   -21.109   -11.664
 7    -0.024     0.986    -0.165
 7    -0.956     0.025     0.293
 7     0.293     0.164     0.942
 8   101.023   -30.933    -2.474
 8    -0.686     0.634     0.356
 8    -0.510    -0.768     0.386
 8     0.518     0.083     0.851
 9    80.946   -47.069    14.343
 9    -0.787     0.173    -0.592
 9    -0.458     0.477     0.749
 9     0.412     0.861    -0.297
 2    97.507   -18.429    59.135
 2     0.721    -0.694     0.005
 2     0.692     0.720     0.031
 2    -0.024    -0.020     0.999
 3   131.266    -3.560     4.112
 3     0.211    -0.245    -0.947
 3     0.022     0.969    -0.245
 3     0.977     0.030     0.209
 4   115.811    11.546   -13.525
 4     0.240    -0.966     0.100
 4     0.952     0.214    -0.219
 4     0.190     0.148     0.970
 5    99.111    21.368    -5.824
 5    -0.705    -0.501     0.503
 5     0.524    -0.845    -0.107
 5     0.478     0.188     0.857
 6    83.887    38.880    14.623
 6    -0.736    -0.298    -0.608
 6     0.443     0.466    -0.765
 6     0.511    -0.833    -0.211
 7   118.239   -21.159   -11.644
 7    -0.025     0.985    -0.172
 7    -0.956     0.027     0.294
 7     0.294     0.171     0.940
 8   101.041   -31.051    -2.173
 8    -0.681     0.638     0.359
 8    -0.510    -0.765     0.393
 8     0.525     0.084     0.846
 9    81.141   -46.980    15.162
 9    -0.784     0.195    -0.590
 9    -0.450     0.476     0.755
 9     0.428     0.857    -0.286
 2    97.507   -18.429    59.135
 2     0.721    -0.694     0.005
 2     0.692     0.720     0.031
 2    -0.024    -0.020     0.999
 3   131.069    -3.514     4.091
 3     0.218    -0.246    -0.945
 3     0.024     0.969    -0.246
 3     0.975     0.029     0.216
 4   115.390    11.460   -13.503
 4     0.248    -0.963     0.110
 4     0.951     0.220    -0.214
 4     0.181     0.158     0.970
 5    98.891    21.608    -5.302
 5    -0.685    -0.512     0.519
 5     0.535    -0.836    -0.120
 5     0.495     0.196     0.846
 6    84.577    39.302    15.599
 6    -0.714    -0.322    -0.621
 6     0.450     0.468    -0.760
 6     0.536    -0.823    -0.190
 7   117.632   -21.260   -11.551
 7    -0.032     0.987    -0.157
 7    -0.954     0.016     0.301
 7     0.299     0.159     0.941
 8   100.341   -30.715    -1.744
 8    -0.680     0.627     0.381
 8    -0.493    -0.775     0.394
 8     0.542     0.080     0.836
 9    80.345   -45.990    16.130
 9    -0.788     0.224    -0.573
 9    -0.422     0.480     0.768
 9     0.448     0.848    -0.284
 2    97.507   -18.429    59.135
 2     0.721    -0.694     0.005
 2     0.692     0.720     0.031
 2    -0.024    -0.020     0.999
 3   130.873    -3.704     4.116
 3     0.227    -0.238    -0.945
 3     0.020     0.970    -0.239
 3     0.973     0.034     0.225
 4   115.132    11.632   -13.372
 4     0.259    -0.958     0.122
 4     0.949     0.229    -0.216
 4     0.178     0.172     0.969
 5    98.923    21.900    -4.831
 5    -0.667    -0.521     0.534
 5     0.541    -0.830    -0.135
 5     0.513     0.198     0.835
 6    85.149    39.720    16.369
 6    -0.697    -0.340    -0.631
 6     0.455     0.470    -0.756
 6     0.554    -0.814    -0.173
 7   117.264   -21.336   -11.474
 7    -0.033     0.989    -0.146
 7    -0.953     0.013     0.302
 7     0.300     0.149     0.942
 8   100.337   -30.895    -1.333
 8    -0.666     0.636     0.390
 8    -0.494    -0.767     0.408
 8     0.559     0.079     0.825
 9    80.853   -46.323    16.969
 9    -0.778     0.231    -0.584
 9    -0.427     0.487     0.761
 9     0.461     0.842    -0.280
 2    97.557   -18.480    59.161
 2     0.721    -0.694     0.005
 2     0.692     0.720     0.031
 2    -0.024    -0.020     0.999
 3   130.685    -3.705     4.127
 3     0.231    -0.245    -0.942
 3     0.022     0.969    -0.246
 3     0.972     0.035     0.229
 4   114.835    11.623   -13.246
 4     0.262    -0.956     0.129
 4     0.950     0.232    -0.209
 4     0.169     0.177     0.969
 5    99.238    22.270    -3.964
 5    -0.643    -0.532     0.552
 5     0.549    -0.821    -0.151
 5     0.533     0.206     0.820
 6    87.345    40.020    18.727
 6    -0.645    -0.405    -0.648
 6     0.452     0.482    -0.751
 6     0.616    -0.777    -0.128
 7   116.852   -21.459   -10.940
 7    -0.011     0.991    -0.128
 7    -0.957     0.027     0.291
 7     0.291     0.126     0.948
 8   101.217   -31.252     1.360
 8    -0.582     0.678     0.450
 8    -0.501    -0.734     0.458
 8     0.641     0.040     0.766
 9    86.557   -45.778    24.363
 9    -0.656     0.435    -0.616
 9    -0.356     0.541     0.761
 9     0.665     0.719    -0.201
 2    97.557   -18.429    59.161
 2     0.721    -0.694     0.005
 2     0.692     0.720     0.031
 2    -0.024    -0.020     0.999
 3   130.416    -3.562     4.418
 3     0.226    -0.268    -0.937
 3     0.032     0.963    -0.268
 3     0.973     0.030     0.226
 4   114.219    12.387   -12.486
 4     0.323    -0.929     0.182
 4     0.932     0.279    -0.230
 4     0.162     0.244     0.956
 5   100.557    23.414     0.396
 5    -0.511    -0.543     0.667
 5     0.529    -0.809    -0.253
 5     0.677     0.224     0.700
 6    95.178    39.193    26.839
 6    -0.385    -0.742    -0.548
 6     0.391     0.407    -0.826
 6     0.836    -0.532     0.133
 7   115.698   -21.811   -10.244
 7     0.082     0.996    -0.040
 7    -0.952     0.090     0.291
 7     0.293     0.014     0.956
 8   103.938   -31.099     6.597
 8    -0.344     0.727     0.594
 8    -0.470    -0.681     0.561
 8     0.813    -0.087     0.576
 9    99.076   -42.797    34.399
 9    -0.338     0.716    -0.611
 9    -0.234     0.564     0.791
 9     0.911     0.410    -0.024
 2    97.557   -18.480    59.161
 2     0.721    -0.694     0.005
 2     0.692     0.720     0.031
 2    -0.024    -0.020     0.999
 3   129.461    -3.396     4.142
 3     0.253    -0.303    -0.919
 3     0.043     0.952    -0.301
 3     0.966     0.036     0.254
 4   111.919    12.906   -11.743
 4     0.376    -0.893     0.249
 4     0.911     0.308    -0.271
 4     0.166     0.329     0.929
 5   101.954    24.576     4.702
 5    -0.299    -0.557     0.775
 5     0.513    -0.778    -0.362
 5     0.804     0.289     0.518
 6   105.310    37.333    32.717
 6    -0.083    -0.820    -0.567
 6     0.297     0.521    -0.799
 6     0.951    -0.236     0.200
 7   113.954   -21.868   -10.054
 7     0.184     0.982     0.028
 7    -0.941     0.168     0.294
 7     0.283    -0.081     0.955
 8   107.049   -30.579    10.110
 8    -0.098     0.737     0.669
 8    -0.433    -0.637     0.638
 8     0.896    -0.227     0.381
 9   110.813   -40.077    38.222
 9    -0.053     0.811    -0.583
 9    -0.156     0.569     0.807
 9     0.986     0.135     0.095
 2    97.507   -18.429    59.135
 2     0.721    -0.694     0.005
 2     0.692     0.720     0.031
 2    -0.024    -0.020     0.999
 3   128.345    -3.013     3.645
 3     0.286    -0.332    -0.900
 3     0.048     0.942    -0.331
 3     0.957     0.050     0.284
 4   110.396    13.472   -11.183
 4     0.431    -0.856     0.286
 4     0.887     0.343    -0.310
 4     0.167     0.387     0.906
 5   104.716    25.730     7.828
 5    -0.068    -0.595     0.801
 5     0.502    -0.714    -0.487
 5     0.862     0.368     0.347
 6   114.083    35.973    35.481
 6     0.106    -0.741    -0.664
 6     0.238     0.666    -0.706
 6     0.965    -0.084     0.246
 7   112.616   -21.696    -9.530
 7     0.226     0.973     0.051
 7    -0.932     0.200     0.302
 7     0.283    -0.116     0.952
 8   109.618   -30.140    12.883
 8     0.127     0.644     0.754
 8    -0.438    -0.646     0.625
 8     0.890    -0.409     0.200
 9   120.593   -37.459    39.583
 9     0.231     0.829    -0.511
 9    -0.099     0.540     0.835
 9     0.968    -0.141     0.206
 2    97.557   -18.480    59.161
 2     0.721    -0.694     0.005
 2     0.692     0.720     0.031
 2    -0.024    -0.020     0.999
 3   127.927    -2.898     3.389
 3     0.299    -0.334    -0.894
 3     0.050     0.941    -0.334
 3     0.952     0.054     0.298
 4   109.782    13.924   -10.564
 4     0.452    -0.843     0.294
 4     0.876     0.355    -0.326
 4     0.171     0.404     0.898
 5   107.467    25.265    10.720
 5     0.122    -0.540     0.833
 5     0.459    -0.713    -0.529
 5     0.879     0.447     0.161
 6   121.123    34.003    36.754
 6     0.267    -0.684    -0.680
 6     0.187     0.727    -0.659
 6     0.945     0.048     0.321
 7   112.423   -21.555    -9.011
 7     0.253     0.966     0.052
 7    -0.925     0.225     0.307
 7     0.285    -0.126     0.950
 8   112.139   -29.894    14.598
 8     0.292     0.632     0.718
 8    -0.394    -0.605     0.692
 8     0.871    -0.484     0.073
 9   125.873   -34.808    40.302
 9     0.348     0.765    -0.546
 9    -0.014     0.583     0.811
 9     0.937    -0.273     0.213
 2    97.510   -18.428    59.132
 2     0.721    -0.694     0.004
 2     0.692     0.720     0.031
 2    -0.023    -0.020     0.999
 3   128.038    -2.542     3.318
 3     0.304    -0.354    -0.885
 3     0.053     0.933    -0.354
 3     0.951     0.059     0.302
 4   109.596    14.520    -9.503
 4     0.459    -0.836     0.300
 4     0.868     0.350    -0.351
 4     0.189     0.421     0.887
 5   110.093    24.748    13.201
 5     0.301    -0.497     0.815
 5     0.380    -0.721    -0.579
 5     0.874     0.483    -0.028
 6   126.669    31.327    37.698
 6     0.405    -0.664    -0.632
 6     0.109     0.718    -0.685
 6     0.908     0.208     0.362
 7   113.184   -21.645    -7.689
 7     0.300     0.952     0.059
 7    -0.906     0.266     0.329
 7     0.297    -0.153     0.942
 8   114.353   -29.010    16.423
 8     0.376     0.644     0.667
 8    -0.299    -0.597     0.744
 8     0.877    -0.479    -0.031
 9   128.675   -32.824    42.061
 9     0.454     0.803    -0.392
 9     0.034     0.420     0.906
 9     0.890    -0.423     0.162
 2    97.510   -18.428    59.132
 2     0.721    -0.694     0.004
 2     0.692     0.720     0.031
 2    -0.023    -0.020     0.999
 3   127.895    -2.150     3.266
 3     0.333    -0.377    -0.865
 3     0.068     0.924    -0.376
 3     0.940     0.065     0.333
 4   108.531    14.547    -8.648
 4     0.436    -0.838     0.329
 4     0.886     0.336    -0.317
 4     0.155     0.429     0.889
 5   110.775    23.812    14.465
 5     0.394    -0.521     0.758
 5     0.265    -0.725    -0.635
 5     0.880     0.450    -0.147
 6   127.641    28.690    38.737
 6     0.428    -0.634    -0.647
 6     0.046     0.728    -0.682
 6     0.902     0.261     0.340
 7   112.939   -21.722    -7.591
 7     0.306     0.946     0.102
 7    -0.915     0.263     0.304
 7     0.261    -0.187     0.947
 8   115.137   -29.086    16.577
 8     0.416     0.646     0.641
 8    -0.274    -0.582     0.765
 8     0.867    -0.493    -0.064
 9   129.915   -32.524    41.576
 9     0.546     0.784    -0.300
 9     0.044     0.327     0.943
 9     0.836    -0.527     0.144
 2    97.459   -18.428    59.132
 2     0.721    -0.694     0.004
 2     0.692     0.720     0.031
 2    -0.023    -0.020     0.999
 3   127.725    -2.016     3.296
 3     0.348    -0.394    -0.851
 3     0.059     0.915    -0.399
 3     0.935     0.088     0.341
 4   107.401    14.435    -8.278
 4     0.394    -0.845     0.362
 4     0.910     0.303    -0.283
 4     0.129     0.441     0.888
 5   110.193    23.435    14.925
 5     0.420    -0.523     0.743
 5     0.228    -0.731    -0.643
 5     0.878     0.438    -0.188
 6   126.581    28.466    39.509
 6     0.401    -0.659    -0.639
 6     0.056     0.712    -0.698
 6     0.914     0.243     0.322
 7   112.971   -21.555    -7.708
 7     0.319     0.941     0.114
 7    -0.917     0.276     0.290
 7     0.241    -0.198     0.950
 8   115.276   -28.770    16.196
 8     0.395     0.696     0.601
 8    -0.236    -0.555     0.797
 8     0.888    -0.456    -0.055
 9   127.588   -32.031    42.769
 9     0.420     0.841    -0.345
 9     0.041     0.358     0.932
 9     0.906    -0.405     0.115
];