% Calibrated with leiden_pols
% Positions are in centimeters
Data =[
 2    97.591   -18.501    59.143
 2     0.775    -0.633     0.004
 2     0.631     0.774     0.031
 2    -0.022    -0.022     0.999
 3   125.494    -3.392     2.062
 3     0.442    -0.269    -0.857
 3     0.026     0.958    -0.285
 3     0.896     0.102     0.429
 4   107.059    15.402    -6.950
 4     0.540    -0.741     0.400
 4     0.832     0.399    -0.384
 4     0.125     0.540     0.832
 5   109.945    23.386    15.962
 5     0.400    -0.613     0.682
 5     0.167    -0.683    -0.711
 5     0.901     0.398    -0.170
 6   125.022    25.285    41.944
 6     0.243    -0.312    -0.919
 6     0.040     0.949    -0.311
 6     0.969     0.038     0.242
 7   108.788   -22.126    -7.403
 7     0.279     0.933     0.226
 7    -0.936     0.211     0.282
 7     0.215    -0.290     0.932
 8   111.491   -28.630    16.795
 8     0.366     0.695     0.620
 8    -0.223    -0.581     0.782
 8     0.903    -0.424    -0.057
 9   123.896   -30.894    42.656
 9     0.263     0.581    -0.772
 9    -0.016     0.801     0.596
 9     0.964    -0.144     0.219
 2    97.593   -18.499    59.140
 2     0.775    -0.633     0.004
 2     0.632     0.774     0.031
 2    -0.021    -0.023     0.999
 3   125.494    -3.393     2.011
 3     0.443    -0.267    -0.857
 3     0.026     0.958    -0.284
 3     0.896     0.102     0.430
 4   107.007    15.401    -6.997
 4     0.540    -0.741     0.400
 4     0.832     0.400    -0.384
 4     0.124     0.539     0.832
 5   109.869    23.313    15.857
 5     0.400    -0.608     0.687
 5     0.169    -0.687    -0.706
 5     0.901     0.397    -0.172
 6   124.808    25.570    41.856
 6     0.242    -0.354    -0.904
 6     0.044     0.934    -0.353
 6     0.969     0.045     0.241
 7   108.741   -22.275    -7.408
 7     0.284     0.931     0.229
 7    -0.934     0.215     0.284
 7     0.216    -0.294     0.931
 8   111.425   -28.684    16.714
 8     0.361     0.688     0.630
 8    -0.227    -0.590     0.775
 8     0.904    -0.422    -0.057
 9   123.950   -30.943    42.607
 9     0.265     0.588    -0.766
 9    -0.015     0.795     0.604
 9     0.964    -0.148     0.219
 2    97.593   -18.449    59.140
 2     0.775    -0.634     0.004
 2     0.632     0.773     0.031
 2    -0.021    -0.023     0.999
 3   125.261    -3.536     1.552
 3     0.464    -0.263    -0.847
 3     0.029     0.959    -0.280
 3     0.885     0.104     0.452
 4   106.505    15.083    -7.077
 4     0.553    -0.722     0.416
 4     0.825     0.407    -0.392
 4     0.113     0.559     0.820
 5   109.756    23.117    15.191
 5     0.374    -0.584     0.722
 5     0.205    -0.706    -0.677
 5     0.904     0.400    -0.144
 6   124.092    28.569    41.122
 6     0.247    -0.594    -0.767
 6     0.107     0.802    -0.586
 6     0.963     0.061     0.260
 7   107.900   -22.513    -7.161
 7     0.299     0.914     0.274
 7    -0.928     0.213     0.305
 7     0.221    -0.346     0.912
 8   111.404   -28.882    16.554
 8     0.363     0.598     0.715
 8    -0.301    -0.651     0.696
 8     0.881    -0.468    -0.056
 9   124.023   -36.174    41.379
 9     0.311     0.835    -0.457
 9    -0.138     0.512     0.846
 9     0.940    -0.199     0.273
 2    97.591   -18.450    59.143
 2     0.775    -0.634     0.004
 2     0.632     0.773     0.031
 2    -0.022    -0.023     0.999
 3   125.209    -3.675     1.122
 3     0.481    -0.273    -0.834
 3     0.031     0.955    -0.292
 3     0.876     0.114     0.468
 4   106.377    14.850    -7.106
 4     0.563    -0.709     0.424
 4     0.818     0.409    -0.403
 4     0.112     0.574     0.811
 5   110.007    22.611    15.382
 5     0.413    -0.464     0.784
 5     0.271    -0.760    -0.591
 5     0.869     0.456    -0.188
 6   123.493    33.428    39.681
 6     0.288    -0.846    -0.453
 6     0.215     0.514    -0.829
 6     0.933     0.140     0.328
 7   108.328   -22.542    -7.430
 7     0.320     0.905     0.279
 7    -0.919     0.224     0.325
 7     0.232    -0.360     0.903
 8   111.381   -30.348    16.184
 8     0.349     0.356     0.867
 8    -0.491    -0.719     0.492
 8     0.798    -0.597    -0.077
 9   123.683   -43.839    37.964
 9     0.362     0.918    -0.161
 9    -0.326     0.284     0.902
 9     0.873    -0.275     0.401
 2    97.591   -18.450    59.143
 2     0.775    -0.634     0.004
 2     0.632     0.773     0.031
 2    -0.022    -0.023     0.999
 3   125.696    -3.727     1.072
 3     0.479    -0.253    -0.841
 3     0.027     0.962    -0.272
 3     0.877     0.106     0.467
 4   105.794    14.202    -7.521
 4     0.532    -0.726     0.437
 4     0.839     0.382    -0.386
 4     0.113     0.572     0.812
 5   109.372    25.343    13.616
 5     0.437    -0.293     0.851
 5     0.499    -0.708    -0.499
 5     0.748     0.642    -0.164
 6   123.852    41.150    34.020
 6     0.328    -0.838    -0.441
 6     0.427     0.544    -0.721
 6     0.842     0.049     0.534
 7   107.252   -22.103    -8.030
 7     0.258     0.923     0.285
 7    -0.941     0.172     0.292
 7     0.220    -0.344     0.913
 8   109.607   -33.798    13.975
 8     0.336     0.175     0.925
 8    -0.692    -0.621     0.368
 8     0.639    -0.764    -0.088
 9   123.204   -52.323    30.254
 9     0.421     0.896    -0.142
 9    -0.517     0.363     0.775
 9     0.745    -0.254     0.616
 2    97.591   -18.500    59.143
 2     0.775    -0.634     0.004
 2     0.632     0.773     0.031
 2    -0.022    -0.023     0.999
 3   125.715    -4.048     0.763
 3     0.493    -0.232    -0.839
 3     0.018     0.967    -0.254
 3     0.870     0.109     0.480
 4   104.862    13.405    -7.916
 4     0.504    -0.721     0.476
 4     0.861     0.380    -0.337
 4     0.061     0.579     0.812
 5   108.972    27.695    11.006
 5     0.472    -0.152     0.869
 5     0.656    -0.599    -0.460
 5     0.589     0.786    -0.183
 6   124.266    47.658    26.493
 6     0.391    -0.862    -0.328
 6     0.588     0.505    -0.631
 6     0.708     0.055     0.702
 7   106.213   -21.536    -8.862
 7     0.213     0.928     0.306
 7    -0.963     0.146     0.228
 7     0.167    -0.343     0.924
 8   108.725   -36.321    11.043
 8     0.325     0.060     0.944
 8    -0.809    -0.499     0.310
 8     0.490    -0.864    -0.114
 9   122.323   -58.319    22.052
 9     0.427     0.897    -0.118
 9    -0.669     0.399     0.626
 9     0.608    -0.189     0.770
 2    97.541   -18.500    59.143
 2     0.775    -0.634     0.004
 2     0.632     0.773     0.031
 2    -0.022    -0.023     0.999
 3   125.882    -4.349     0.429
 3     0.513    -0.222    -0.830
 3     0.009     0.967    -0.251
 3     0.858     0.120     0.498
 4   103.833    12.429    -8.347
 4     0.457    -0.721     0.521
 4     0.889     0.368    -0.269
 4     0.002     0.586     0.810
 5   107.883    29.371     8.058
 5     0.456     0.025     0.890
 5     0.791    -0.470    -0.391
 5     0.408     0.882    -0.234
 6   122.318    53.175    17.151
 6     0.396    -0.898    -0.196
 6     0.743     0.437    -0.507
 6     0.539     0.056     0.839
 7   105.966   -21.106    -9.623
 7     0.203     0.924     0.324
 7    -0.973     0.152     0.173
 7     0.111    -0.351     0.930
 8   108.558   -38.170     7.962
 8     0.309    -0.022     0.951
 8    -0.887    -0.368     0.279
 8     0.343    -0.930    -0.133
 9   121.471   -62.255    14.666
 9     0.427     0.903    -0.049
 9    -0.775     0.392     0.496
 9     0.466    -0.174     0.867
 2    97.593   -18.499    59.166
 2     0.774    -0.634     0.004
 2     0.632     0.773     0.031
 2    -0.021    -0.023     0.999
 3   126.210    -4.500    -0.121
 3     0.538    -0.214    -0.816
 3     0.001     0.968    -0.251
 3     0.843     0.133     0.520
 4   103.549    11.769    -8.711
 4     0.439    -0.702     0.561
 4     0.896     0.385    -0.219
 4    -0.063     0.599     0.797
 5   107.440    30.746     4.729
 5     0.438     0.169     0.883
 5     0.868    -0.333    -0.368
 5     0.231     0.928    -0.293
 6   120.754    56.485     8.099
 6     0.389    -0.918    -0.084
 6     0.847     0.391    -0.359
 6     0.361     0.069     0.929
 7   105.148   -20.405   -10.096
 7     0.180     0.911     0.371
 7    -0.982     0.147     0.113
 7     0.048    -0.385     0.921
 8   108.115   -39.304     5.135
 8     0.298    -0.124     0.946
 8    -0.931    -0.255     0.260
 8     0.209    -0.959    -0.192
 9   120.381   -64.637     7.025
 9     0.432     0.899     0.060
 9    -0.849     0.384     0.363
 9     0.304    -0.208     0.930
 2    97.590   -18.449    59.143
 2     0.774    -0.634     0.004
 2     0.633     0.773     0.031
 2    -0.022    -0.023     0.999
 3   126.306    -4.940    -0.776
 3     0.566    -0.187    -0.804
 3    -0.014     0.972    -0.234
 3     0.824     0.143     0.547
 4   102.962    11.141    -8.870
 4     0.434    -0.660     0.613
 4     0.889     0.420    -0.178
 4    -0.140     0.622     0.769
 5   106.773    31.318     1.652
 5     0.422     0.320     0.849
 5     0.904    -0.214    -0.368
 5     0.064     0.923    -0.379
 6   118.033    58.014    -1.162
 6     0.362    -0.930     0.063
 6     0.917     0.342    -0.206
 6     0.169     0.132     0.976
 7   103.932   -19.950   -10.254
 7     0.175     0.883     0.436
 7    -0.984     0.165     0.060
 7    -0.019    -0.439     0.898
 8   107.648   -40.176     2.371
 8     0.305    -0.219     0.927
 8    -0.950    -0.142     0.278
 8     0.071    -0.965    -0.251
 9   119.032   -66.029    -0.577
 9     0.430     0.880     0.202
 9    -0.893     0.382     0.236
 9     0.130    -0.281     0.950
 2    97.590   -18.449    59.168
 2     0.774    -0.634     0.004
 2     0.633     0.773     0.031
 2    -0.022    -0.023     0.999
 3   125.654    -5.118    -1.723
 3     0.617    -0.162    -0.770
 3    -0.022     0.975    -0.220
 3     0.786     0.152     0.598
 4   101.395    10.502    -8.823
 4     0.408    -0.599     0.690
 4     0.883     0.450    -0.131
 4    -0.233     0.662     0.712
 5   105.447    31.292    -1.372
 5     0.388     0.513     0.766
 5     0.913    -0.102    -0.394
 5    -0.124     0.852    -0.508
 6   113.034    58.326    -9.980
 6     0.302    -0.891     0.341
 6     0.953     0.292    -0.082
 6    -0.026     0.349     0.936
 7   102.604   -19.524   -10.460
 7     0.173     0.842     0.510
 7    -0.980     0.197     0.006
 7    -0.095    -0.501     0.860
 8   107.093   -40.762    -0.696
 8     0.302    -0.309     0.902
 8    -0.952    -0.044     0.304
 8    -0.053    -0.950    -0.307
 9   116.670   -66.738    -7.957
 9     0.368     0.888     0.276
 9    -0.930     0.355     0.096
 9    -0.012    -0.291     0.956
 2    97.590   -18.449    59.143
 2     0.774    -0.634     0.004
 2     0.633     0.773     0.031
 2    -0.022    -0.023     0.999
 3   125.444    -5.329    -2.298
 3     0.645    -0.142    -0.751
 3    -0.034     0.976    -0.212
 3     0.763     0.162     0.625
 4   100.695    10.214    -8.839
 4     0.387    -0.554     0.738
 4     0.872     0.478    -0.098
 4    -0.299     0.681     0.667
 5   104.242    31.487    -4.470
 5     0.354     0.538     0.766
 5     0.905     0.011    -0.425
 5    -0.237     0.843    -0.483
 6   110.748    57.284   -16.395
 6     0.251    -0.910     0.331
 6     0.955     0.288     0.070
 6    -0.158     0.298     0.941
 7   101.727   -18.880   -10.927
 7     0.187     0.799     0.572
 7    -0.964     0.261    -0.050
 7    -0.189    -0.542     0.819
 8   107.246   -40.806    -4.491
 8     0.318    -0.381     0.868
 8    -0.926     0.070     0.370
 8    -0.201    -0.922    -0.330
 9   117.040   -65.046   -15.723
 9     0.389     0.856     0.342
 9    -0.902     0.428    -0.045
 9    -0.184    -0.291     0.938
 2    97.593   -18.448    59.140
 2     0.774    -0.635     0.004
 2     0.633     0.772     0.031
 2    -0.021    -0.023     0.999
 3   125.128    -5.226    -2.800
 3     0.665    -0.130    -0.736
 3    -0.041     0.977    -0.209
 3     0.745     0.169     0.644
 4    99.927     9.970    -8.996
 4     0.365    -0.495     0.789
 4     0.854     0.514    -0.073
 4    -0.370     0.700     0.610
 5   104.273    31.189    -6.476
 5     0.344     0.638     0.690
 5     0.867     0.065    -0.492
 5    -0.359     0.767    -0.531
 6   108.196    55.486   -20.751
 6     0.254    -0.547     0.799
 6     0.908     0.417    -0.002
 6    -0.333     0.725     0.601
 7   101.296   -18.438   -11.149
 7     0.215     0.754     0.621
 7    -0.942     0.328    -0.073
 7    -0.258    -0.570     0.780
 8   107.937   -40.398    -6.544
 8     0.328    -0.528     0.783
 8    -0.888     0.111     0.446
 8    -0.322    -0.842    -0.432
 9   115.344   -64.272   -19.664
 9     0.343     0.215     0.914
 9    -0.854     0.475     0.209
 9    -0.391    -0.853     0.346
 2    97.591   -18.498    59.139
 2     0.771    -0.638     0.004
 2     0.636     0.770     0.030
 2    -0.021    -0.022     0.999
 3   124.934    -5.232    -2.958
 3     0.671    -0.132    -0.730
 3    -0.042     0.976    -0.214
 3     0.740     0.174     0.649
 4    99.562     9.935    -9.083
 4     0.344    -0.459     0.819
 4     0.845     0.531    -0.057
 4    -0.409     0.712     0.570
 5   105.121    31.012    -7.401
 5     0.311     0.772     0.555
 5     0.844     0.043    -0.533
 5    -0.436     0.634    -0.638
 6   106.612    55.698   -22.408
 6     0.178    -0.002     0.984
 6     0.872     0.464    -0.156
 6    -0.456     0.886     0.084
 7   101.133   -18.468   -11.084
 7     0.217     0.736     0.641
 7    -0.938     0.338    -0.071
 7    -0.269    -0.586     0.764
 8   108.957   -40.321    -6.324
 8     0.315    -0.648     0.695
 8    -0.884     0.066     0.461
 8    -0.344    -0.759    -0.551
 9   115.135   -65.431   -18.272
 9     0.229    -0.549     0.806
 9    -0.864     0.268     0.425
 9    -0.449    -0.792    -0.411
 2    97.590   -18.446    59.138
 2     0.769    -0.640     0.004
 2     0.639     0.768     0.031
 2    -0.021    -0.022     0.999
 3   124.765    -5.186    -3.013
 3     0.676    -0.135    -0.724
 3    -0.040     0.975    -0.218
 3     0.735     0.176     0.654
 4    99.306     9.856    -9.018
 4     0.335    -0.426     0.841
 4     0.835     0.546    -0.055
 4    -0.437     0.721     0.538
 5   105.946    30.851    -8.157
 5     0.289     0.849     0.444
 5     0.823     0.016    -0.567
 5    -0.488     0.528    -0.694
 6   106.252    55.366   -23.645
 6     0.111     0.332     0.937
 6     0.852     0.454    -0.261
 6    -0.512     0.826    -0.232
 7   101.059   -18.565   -10.889
 7     0.227     0.716     0.660
 7    -0.935     0.350    -0.060
 7    -0.274    -0.604     0.748
 8   109.685   -40.304    -6.334
 8     0.305    -0.718     0.626
 8    -0.882     0.036     0.470
 8    -0.360    -0.695    -0.622
 9   115.614   -65.459   -18.011
 9     0.184    -0.697     0.695
 9    -0.873     0.210     0.439
 9    -0.452    -0.686    -0.569
 2    97.538   -18.445    59.138
 2     0.767    -0.642     0.004
 2     0.641     0.766     0.031
 2    -0.021    -0.022     0.999
 3   124.666    -5.065    -3.159
 3     0.685    -0.136    -0.717
 3    -0.036     0.975    -0.217
 3     0.728     0.174     0.663
 4    99.074     9.840    -8.978
 4     0.323    -0.404     0.856
 4     0.830     0.555    -0.051
 4    -0.455     0.727     0.514
 5   105.827    30.856    -8.597
 5     0.280     0.865     0.416
 5     0.813     0.016    -0.581
 5    -0.510     0.500    -0.699
 6   105.831    55.311   -24.228
 6     0.100     0.365     0.926
 6     0.847     0.458    -0.271
 6    -0.522     0.810    -0.264
 7   100.708   -18.519   -10.763
 7     0.220     0.706     0.674
 7    -0.935     0.349    -0.061
 7    -0.279    -0.616     0.736
 8   109.158   -40.292    -6.510
 8     0.297    -0.725     0.623
 8    -0.878     0.049     0.475
 8    -0.375    -0.687    -0.622
 9   114.472   -65.409   -18.895
 9     0.163    -0.700     0.698
 9    -0.866     0.238     0.439
 9    -0.473    -0.673    -0.566
 2    97.588   -18.496    59.163
 2     0.766    -0.643     0.004
 2     0.642     0.765     0.030
 2    -0.021    -0.022     0.999
 3   124.467    -5.202    -3.350
 3     0.692    -0.124    -0.712
 3    -0.038     0.978    -0.205
 3     0.720     0.169     0.672
 4    98.736     9.720    -9.078
 4     0.314    -0.362     0.877
 4     0.809     0.584    -0.049
 4    -0.495     0.726     0.477
 5   105.713    30.367   -10.726
 5     0.278     0.886     0.372
 5     0.759     0.035    -0.649
 5    -0.589     0.463    -0.663
 6   105.066    52.651   -29.754
 6     0.089     0.395     0.914
 6     0.776     0.548    -0.311
 6    -0.624     0.737    -0.258
 7    99.998   -18.332   -10.654
 7     0.210     0.681     0.702
 7    -0.922     0.376    -0.090
 7    -0.326    -0.628     0.707
 8   108.356   -40.186    -8.578
 8     0.303    -0.736     0.606
 8    -0.834     0.102     0.541
 8    -0.460    -0.669    -0.583
 9   113.612   -63.380   -25.337
 9     0.161    -0.734     0.662
 9    -0.772     0.324     0.545
 9    -0.615    -0.597    -0.515
 2    97.588   -18.495    59.163
 2     0.765    -0.645     0.003
 2     0.644     0.764     0.031
 2    -0.021    -0.023     0.999
 3   124.114    -5.621    -3.530
 3     0.703    -0.106    -0.704
 3    -0.042     0.981    -0.189
 3     0.710     0.162     0.685
 4    98.374     9.471    -9.080
 4     0.310    -0.310     0.899
 4     0.787     0.613    -0.059
 4    -0.534     0.726     0.433
 5   105.465    29.196   -13.219
 5     0.272     0.909     0.316
 5     0.685     0.047    -0.727
 5    -0.676     0.414    -0.610
 6   104.304    49.144   -34.835
 6     0.080     0.418     0.905
 6     0.690     0.633    -0.352
 6    -0.719     0.651    -0.238
 7    99.325   -18.179   -10.538
 7     0.231     0.621     0.749
 7    -0.886     0.451    -0.102
 7    -0.402    -0.640     0.654
 8   109.142   -39.103   -11.893
 8     0.346    -0.791     0.506
 8    -0.729     0.113     0.675
 8    -0.591    -0.601    -0.537
 9   115.362   -58.176   -33.048
 9     0.183    -0.806     0.566
 9    -0.625     0.348     0.697
 9    -0.759    -0.479    -0.440
 2    97.587   -18.444    59.163
 2     0.764    -0.646     0.003
 2     0.645     0.763     0.031
 2    -0.021    -0.022     0.999
 3   123.888    -5.381    -3.864
 3     0.715    -0.116    -0.690
 3    -0.043     0.977    -0.208
 3     0.697     0.179     0.693
 4    97.830     9.857    -8.810
 4     0.285    -0.263     0.922
 4     0.779     0.623    -0.064
 4    -0.558     0.736     0.382
 5   105.476    28.488   -15.090
 5     0.265     0.938     0.225
 5     0.606     0.019    -0.795
 5    -0.750     0.347    -0.564
 6   103.692    46.028   -38.877
 6     0.070     0.485     0.872
 6     0.599     0.679    -0.424
 6    -0.798     0.550    -0.244
 7    98.877   -17.527   -10.743
 7     0.245     0.583     0.775
 7    -0.859     0.500    -0.105
 7    -0.449    -0.640     0.623
 8   109.351   -37.797   -13.615
 8     0.365    -0.805     0.469
 8    -0.676     0.117     0.726
 8    -0.640    -0.582    -0.501
 9   115.308   -53.949   -37.493
 9     0.182    -0.844     0.505
 9    -0.496     0.364     0.787
 9    -0.849    -0.393    -0.353
 2    97.585   -18.445    59.140
 2     0.764    -0.646     0.004
 2     0.645     0.762     0.031
 2    -0.022    -0.022     0.999
 3   123.774    -5.066    -4.209
 3     0.724    -0.117    -0.680
 3    -0.053     0.973    -0.223
 3     0.687     0.197     0.698
 4    97.608    10.021    -8.784
 4     0.278    -0.237     0.931
 4     0.772     0.630    -0.070
 4    -0.571     0.739     0.358
 5   105.112    27.812   -16.401
 5     0.251     0.949     0.188
 5     0.547     0.021    -0.836
 5    -0.798     0.313    -0.515
 6   102.524    43.303   -41.688
 6     0.047     0.505     0.862
 6     0.526     0.722    -0.450
 6    -0.849     0.473    -0.232
 7    98.685   -17.413   -10.749
 7     0.235     0.577     0.782
 7    -0.856     0.503    -0.115
 7    -0.460    -0.643     0.612
 8   109.363   -37.578   -13.978
 8     0.370    -0.810     0.457
 8    -0.661     0.116     0.741
 8    -0.653    -0.575    -0.492
 9   115.865   -52.807   -38.212
 9     0.191    -0.858     0.478
 9    -0.455     0.353     0.817
 9    -0.870    -0.373    -0.324
 2    97.587   -18.444    59.137
 2     0.764    -0.646     0.004
 2     0.645     0.762     0.031
 2    -0.021    -0.022     0.999
 3   123.672    -5.523    -4.223
 3     0.726    -0.112    -0.679
 3    -0.050     0.975    -0.213
 3     0.685     0.188     0.703
 4    97.691     9.516    -8.958
 4     0.280    -0.224     0.933
 4     0.759     0.646    -0.073
 4    -0.588     0.729     0.351
 5   105.549    26.653   -17.490
 5     0.253     0.955     0.154
 5     0.503     0.006    -0.864
 5    -0.826     0.296    -0.479
 6   103.119    40.558   -43.764
 6     0.049     0.545     0.837
 6     0.462     0.731    -0.501
 6    -0.886     0.409    -0.217
 7    98.862   -17.713   -10.700
 7     0.240     0.569     0.787
 7    -0.855     0.507    -0.107
 7    -0.460    -0.647     0.608
 8   109.847   -37.380   -14.324
 8     0.388    -0.805     0.451
 8    -0.643     0.114     0.757
 8    -0.660    -0.583    -0.473
 9   116.393   -51.353   -39.330
 9     0.198    -0.868     0.457
 9    -0.395     0.355     0.846
 9    -0.897    -0.347    -0.274
 2    97.585   -18.445    59.140
 2     0.764    -0.646     0.004
 2     0.645     0.762     0.031
 2    -0.022    -0.022     0.999
 3   123.866    -5.387    -4.171
 3     0.721    -0.119    -0.683
 3    -0.043     0.976    -0.214
 3     0.691     0.183     0.698
 4    97.770     9.743    -9.157
 4     0.290    -0.172     0.942
 4     0.727     0.679    -0.100
 4    -0.623     0.713     0.321
 5   105.780    24.902   -19.738
 5     0.236     0.969     0.071
 5     0.388    -0.027    -0.921
 5    -0.891     0.245    -0.382
 6   102.083    34.883   -47.993
 6     0.012     0.616     0.788
 6     0.316     0.745    -0.586
 6    -0.949     0.254    -0.187
 7    98.908   -17.489   -10.737
 7     0.235     0.568     0.789
 7    -0.855     0.506    -0.111
 7    -0.463    -0.648     0.604
 8   109.991   -37.105   -14.578
 8     0.397    -0.808     0.437
 8    -0.628     0.107     0.770
 8    -0.669    -0.579    -0.465
 9   116.566   -49.694   -40.438
 9     0.196    -0.877     0.440
 9    -0.344     0.358     0.867
 9    -0.918    -0.320    -0.232
 2    97.585   -18.445    59.140
 2     0.764    -0.646     0.004
 2     0.645     0.762     0.031
 2    -0.022    -0.022     0.999
 3   123.846    -5.460    -4.258
 3     0.719    -0.122    -0.684
 3    -0.042     0.975    -0.217
 3     0.693     0.185     0.696
 4    97.841     9.651    -9.229
 4     0.308    -0.132     0.942
 4     0.698     0.704    -0.130
 4    -0.646     0.698     0.308
 5   106.476    23.079   -21.052
 5     0.258     0.966     0.016
 5     0.286    -0.060    -0.956
 5    -0.923     0.251    -0.292
 6   102.878    29.143   -50.533
 6     0.021     0.647     0.762
 6     0.163     0.750    -0.640
 6    -0.986     0.136    -0.092
 7    98.754   -17.548   -10.752
 7     0.241     0.561     0.792
 7    -0.846     0.521    -0.112
 7    -0.475    -0.643     0.600
 8   110.043   -36.720   -15.236
 8     0.402    -0.815     0.418
 8    -0.600     0.110     0.792
 8    -0.692    -0.568    -0.445
 9   116.574   -47.598   -41.864
 9     0.197    -0.883     0.427
 9    -0.269     0.369     0.889
 9    -0.943    -0.289    -0.166
 2    97.525   -18.535    59.105
 2     0.747    -0.665     0.020
 2     0.663     0.746     0.049
 2    -0.046    -0.025     0.998
 3   123.853    -5.587    -4.317
 3     0.717    -0.120    -0.687
 3    -0.047     0.975    -0.217
 3     0.695     0.188     0.693
 4    98.090     9.571    -9.350
 4     0.328    -0.104     0.939
 4     0.676     0.720    -0.157
 4    -0.660     0.686     0.306
 5   107.296    21.808   -21.787
 5     0.275     0.961    -0.030
 5     0.224    -0.094    -0.970
 5    -0.935     0.260    -0.241
 6   103.728    25.629   -51.605
 6     0.023     0.682     0.732
 6     0.078     0.728    -0.680
 6    -0.997     0.072    -0.038
 7    98.804   -17.607   -10.853
 7     0.244     0.562     0.791
 7    -0.841     0.528    -0.117
 7    -0.484    -0.636     0.601
 8   110.257   -36.473   -15.588
 8     0.404    -0.799     0.446
 8    -0.602     0.135     0.786
 8    -0.688    -0.586    -0.427
 9   117.244   -46.298   -42.505
 9     0.213    -0.892     0.401
 9    -0.219     0.355     0.908
 9    -0.952    -0.281    -0.120
 2    97.527   -18.508    59.153
 2     0.746    -0.667     0.018
 2     0.664     0.745     0.049
 2    -0.045    -0.026     0.998
 3   123.872    -5.632    -4.293
 3     0.712    -0.124    -0.692
 3    -0.048     0.974    -0.222
 3     0.701     0.191     0.687
 4    98.238     9.721    -9.502
 4     0.344    -0.074     0.936
 4     0.655     0.733    -0.183
 4    -0.673     0.676     0.301
 5   107.922    20.725   -22.490
 5     0.279     0.957    -0.083
 5     0.155    -0.129    -0.979
 5    -0.947     0.261    -0.184
 6   105.095    21.764   -51.220
 6     0.011     0.723     0.691
 6    -0.003     0.690    -0.723
 6    -1.000     0.005     0.008
 7    98.822   -17.337   -10.982
 7     0.250     0.546     0.800
 7    -0.830     0.546    -0.114
 7    -0.499    -0.635     0.589
 8   110.594   -35.803   -16.149
 8     0.414    -0.801     0.434
 8    -0.577     0.138     0.804
 8    -0.704    -0.583    -0.405
 9   117.497   -44.445   -43.683
 9     0.215    -0.898     0.385
 9    -0.176     0.351     0.919
 9    -0.961    -0.265    -0.083
 2    97.480   -18.505    59.146
 2     0.744    -0.669     0.017
 2     0.667     0.743     0.048
 2    -0.043    -0.026     0.998
 3   123.775    -5.503    -4.356
 3     0.710    -0.130    -0.693
 3    -0.048     0.972    -0.230
 3     0.703     0.196     0.683
 4    98.276     9.877    -9.618
 4     0.362    -0.048     0.931
 4     0.637     0.742    -0.210
 4    -0.681     0.669     0.299
 5   108.696    19.698   -22.915
 5     0.298     0.947    -0.122
 5     0.098    -0.156    -0.983
 5    -0.949     0.281    -0.139
 6   106.883    18.791   -51.117
 6     0.016     0.751     0.660
 6    -0.074     0.658    -0.748
 6    -0.997    -0.038     0.064
 7    98.732   -17.446   -10.932
 7     0.265     0.525     0.809
 7    -0.815     0.570    -0.104
 7    -0.516    -0.632     0.578
 8   111.340   -35.024   -16.812
 8     0.438    -0.809     0.392
 8    -0.535     0.116     0.837
 8    -0.723    -0.576    -0.382
 9   118.691   -41.643   -44.827
 9     0.232    -0.900     0.370
 9    -0.106     0.355     0.928
 9    -0.967    -0.255    -0.014
 2    97.533   -18.528    59.140
 2     0.742    -0.671     0.016
 2     0.668     0.741     0.046
 2    -0.041    -0.025     0.999
 3   123.724    -5.397    -4.365
 3     0.709    -0.146    -0.691
 3    -0.040     0.969    -0.243
 3     0.704     0.200     0.681
 4    98.276     9.823    -9.612
 4     0.364    -0.048     0.930
 4     0.634     0.744    -0.210
 4    -0.682     0.666     0.301
 5   109.105    19.520   -22.738
 5     0.317     0.940    -0.130
 5     0.089    -0.165    -0.982
 5    -0.944     0.299    -0.135
 6   107.645    18.653   -51.164
 6     0.032     0.753     0.657
 6    -0.085     0.656    -0.749
 6    -0.996    -0.033     0.083
 7    98.944   -17.445   -11.052
 7     0.274     0.518     0.811
 7    -0.809     0.579    -0.097
 7    -0.520    -0.630     0.577
 8   112.025   -34.835   -16.790
 8     0.466    -0.795     0.390
 8    -0.520     0.110     0.846
 8    -0.716    -0.596    -0.362
 9   119.758   -40.790   -44.775
 9     0.256    -0.892     0.373
 9    -0.080     0.365     0.927
 9    -0.963    -0.267     0.022
 2    97.482   -18.503    59.191
 2     0.742    -0.671     0.015
 2     0.669     0.741     0.046
 2    -0.041    -0.025     0.999
 3   123.831    -5.214    -4.304
 3     0.706    -0.155    -0.692
 3    -0.035     0.967    -0.252
 3     0.707     0.202     0.677
 4    98.279     9.885    -9.531
 4     0.355    -0.056     0.933
 4     0.644     0.738    -0.200
 4    -0.678     0.672     0.298
 5   108.596    19.892   -22.697
 5     0.302     0.946    -0.118
 5     0.107    -0.155    -0.982
 5    -0.947     0.284    -0.147
 6   106.493    19.368   -51.020
 6     0.016     0.741     0.672
 6    -0.065     0.670    -0.738
 6    -0.998    -0.033     0.057
 7    99.121   -17.442   -11.057
 7     0.277     0.515     0.811
 7    -0.808     0.581    -0.093
 7    -0.519    -0.630     0.577
 8   112.206   -34.781   -16.799
 8     0.468    -0.795     0.388
 8    -0.521     0.106     0.846
 8    -0.714    -0.598    -0.364
 9   119.976   -40.738   -44.667
 9     0.253    -0.898     0.360
 9    -0.076     0.353     0.932
 9    -0.964    -0.263     0.021
 2    97.484   -18.502    59.188
 2     0.741    -0.672     0.015
 2     0.670     0.740     0.046
 2    -0.040    -0.025     0.999
 3   123.780    -5.135    -4.304
 3     0.706    -0.161    -0.691
 3    -0.030     0.966    -0.254
 3     0.707     0.200     0.677
 4    97.986     9.705    -9.574
 4     0.345    -0.057     0.937
 4     0.644     0.740    -0.192
 4    -0.682     0.670     0.292
 5   108.124    19.731   -22.805
 5     0.286     0.952    -0.111
 5     0.109    -0.147    -0.983
 5    -0.952     0.269    -0.146
 6   105.893    19.404   -50.886
 6     0.007     0.736     0.677
 6    -0.055     0.675    -0.734
 6    -0.999    -0.032     0.043
 7    99.006   -17.516   -10.988
 7     0.274     0.516     0.812
 7    -0.812     0.576    -0.092
 7    -0.516    -0.634     0.576
 8   111.990   -35.010   -16.691
 8     0.462    -0.798     0.389
 8    -0.526     0.106     0.843
 8    -0.714    -0.594    -0.371
 9   119.443   -41.054   -44.739
 9     0.245    -0.895     0.372
 9    -0.078     0.364     0.928
 9    -0.966    -0.256     0.019
 2    97.484   -18.502    59.188
 2     0.741    -0.672     0.015
 2     0.670     0.740     0.046
 2    -0.040    -0.025     0.999
 3   123.728    -5.162    -4.325
 3     0.707    -0.160    -0.689
 3    -0.030     0.967    -0.253
 3     0.706     0.199     0.679
 4    97.860     9.710    -9.453
 4     0.339    -0.066     0.939
 4     0.650     0.737    -0.183
 4    -0.681     0.672     0.292
 5   107.942    19.923   -22.756
 5     0.286     0.953    -0.101
 5     0.118    -0.139    -0.983
 5    -0.951     0.269    -0.151
 6   105.686    19.573   -50.859
 6     0.010     0.728     0.686
 6    -0.052     0.685    -0.726
 6    -0.999    -0.029     0.042
 7    99.074   -17.667   -10.935
 7     0.282     0.511     0.812
 7    -0.808     0.583    -0.086
 7    -0.518    -0.632     0.576
 8   112.179   -34.686   -16.898
 8     0.469    -0.800     0.376
 8    -0.509     0.104     0.854
 8    -0.722    -0.591    -0.358
 9   119.709   -39.938   -45.146
 9     0.247    -0.900     0.359
 9    -0.048     0.358     0.932
 9    -0.968    -0.247     0.045
 2    97.484   -18.502    59.188
 2     0.741    -0.672     0.015
 2     0.670     0.740     0.046
 2    -0.040    -0.025     0.999
 3   123.722    -5.084    -4.322
 3     0.708    -0.168    -0.687
 3    -0.024     0.965    -0.258
 3     0.705     0.199     0.679
 4    97.761     9.587    -9.457
 4     0.333    -0.075     0.940
 4     0.653     0.736    -0.173
 4    -0.680     0.672     0.294
 5   107.735    19.896   -22.698
 5     0.284     0.954    -0.095
 5     0.119    -0.133    -0.984
 5    -0.952     0.268    -0.150
 6   105.555    19.660   -50.800
 6     0.012     0.721     0.693
 6    -0.049     0.692    -0.719
 6    -0.999    -0.026     0.041
 7    99.179   -17.560   -10.949
 7     0.287     0.509     0.811
 7    -0.807     0.584    -0.081
 7    -0.515    -0.632     0.579
 8   112.358   -34.658   -16.862
 8     0.472    -0.796     0.379
 8    -0.509     0.104     0.854
 8    -0.719    -0.596    -0.356
 9   119.897   -39.630   -45.124
 9     0.247    -0.903     0.353
 9    -0.036     0.355     0.934
 9    -0.968    -0.243     0.055
 2    97.534   -18.501    59.187
 2     0.741    -0.673     0.014
 2     0.671     0.739     0.046
 2    -0.040    -0.025     0.999
 3   123.722    -5.033    -4.322
 3     0.709    -0.168    -0.686
 3    -0.023     0.966    -0.258
 3     0.705     0.198     0.680
 4    97.730     9.537    -9.405
 4     0.329    -0.077     0.941
 4     0.655     0.736    -0.169
 4    -0.681     0.672     0.292
 5   107.593    19.898   -22.705
 5     0.278     0.956    -0.093
 5     0.121    -0.130    -0.984
 5    -0.953     0.262    -0.152
 6   105.317    19.783   -50.679
 6     0.008     0.716     0.698
 6    -0.045     0.697    -0.715
 6    -0.999    -0.027     0.035
 7    99.044   -17.610   -10.883
 7     0.278     0.516     0.810
 7    -0.814     0.574    -0.086
 7    -0.510    -0.635     0.579
 8   112.073   -34.912   -16.679
 8     0.465    -0.798     0.384
 8    -0.519     0.106     0.848
 8    -0.718    -0.593    -0.365
 9   119.224   -40.002   -45.072
 9     0.231    -0.907     0.352
 9    -0.036     0.353     0.934
 9    -0.972    -0.228     0.049
 2    97.484   -18.501    59.187
 2     0.741    -0.673     0.014
 2     0.671     0.739     0.045
 2    -0.040    -0.025     0.999
 3   123.725    -5.158    -4.295
 3     0.709    -0.165    -0.687
 3    -0.020     0.967    -0.252
 3     0.705     0.192     0.682
 4    97.728     9.460    -9.450
 4     0.327    -0.081     0.941
 4     0.654     0.738    -0.165
 4    -0.682     0.670     0.294
 5   107.471    19.796   -22.750
 5     0.279     0.957    -0.085
 5     0.122    -0.122    -0.985
 5    -0.953     0.264    -0.150
 6   105.290    19.578   -50.757
 6     0.010     0.711     0.703
 6    -0.050     0.702    -0.710
 6    -0.999    -0.029     0.041
 7    99.182   -17.848   -10.891
 7     0.280     0.524     0.805
 7    -0.824     0.561    -0.079
 7    -0.493    -0.641     0.588
 8   112.200   -35.350   -16.022
 8     0.474    -0.783     0.404
 8    -0.537     0.106     0.836
 8    -0.698    -0.612    -0.370
 9   120.107   -40.914   -43.980
 9     0.265    -0.885     0.383
 9    -0.043     0.385     0.922
 9    -0.963    -0.261     0.064
 2    97.484   -18.501    59.187
 2     0.741    -0.673     0.014
 2     0.671     0.739     0.045
 2    -0.040    -0.025     0.999
 3   123.852    -5.245    -4.092
 3     0.702    -0.171    -0.692
 3    -0.005     0.970    -0.243
 3     0.712     0.174     0.679
 4    97.932     9.369    -9.473
 4     0.332    -0.092     0.939
 4     0.660     0.733    -0.162
 4    -0.674     0.673     0.304
 5   107.628    20.403   -22.347
 5     0.282     0.957    -0.064
 5     0.161    -0.112    -0.981
 5    -0.946     0.266    -0.186
 6   104.513    22.236   -51.341
 6     0.026     0.695     0.719
 6     0.008     0.718    -0.695
 6    -1.000     0.022     0.011
 7    99.207   -18.139   -10.654
 7     0.243     0.559     0.793
 7    -0.868     0.490    -0.080
 7    -0.434    -0.669     0.603
 8   110.990   -37.474   -13.151
 8     0.434    -0.759     0.487
 8    -0.652     0.109     0.750
 8    -0.622    -0.642    -0.447
 9   119.298   -48.126   -38.954
 9     0.288    -0.816     0.502
 9    -0.218     0.454     0.863
 9    -0.932    -0.358    -0.048
 2    97.534   -18.501    59.187
 2     0.741    -0.673     0.015
 2     0.671     0.739     0.045
 2    -0.040    -0.024     0.999
 3   123.973    -5.461    -3.724
 3     0.691    -0.159    -0.706
 3    -0.003     0.975    -0.221
 3     0.723     0.154     0.673
 4    98.343     9.399    -9.384
 4     0.336    -0.117     0.934
 4     0.677     0.719    -0.154
 4    -0.654     0.685     0.321
 5   108.079    21.391   -21.630
 5     0.301     0.953    -0.023
 5     0.213    -0.090    -0.973
 5    -0.929     0.287    -0.230
 6   105.566    24.614   -50.748
 6     0.052     0.674     0.738
 6     0.040     0.736    -0.675
 6    -0.998     0.063     0.009
 7    99.671   -18.730   -10.197
 7     0.210     0.619     0.757
 7    -0.918     0.390    -0.065
 7    -0.335    -0.682     0.650
 8   110.254   -39.598    -8.721
 8     0.417    -0.692     0.590
 8    -0.774     0.071     0.628
 8    -0.477    -0.718    -0.506
 9   119.815   -56.226   -30.373
 9     0.355    -0.718     0.601
 9    -0.432     0.443     0.784
 9    -0.829    -0.537    -0.153
 2    97.484   -18.501    59.187
 2     0.741    -0.673     0.014
 2     0.671     0.739     0.045
 2    -0.040    -0.025     0.999
 3   124.227    -6.036    -3.429
 3     0.685    -0.143    -0.714
 3     0.004     0.981    -0.191
 3     0.728     0.127     0.673
 4    98.727     8.853    -9.569
 4     0.343    -0.151     0.927
 4     0.699     0.699    -0.145
 4    -0.627     0.698     0.345
 5   107.967    22.893   -20.391
 5     0.299     0.953     0.052
 5     0.338    -0.055    -0.940
 5    -0.892     0.299    -0.338
 6   105.657    31.627   -48.385
 6     0.084     0.596     0.799
 6     0.228     0.769    -0.596
 6    -0.970     0.230    -0.073
 7   100.102   -19.361   -10.151
 7     0.200     0.648     0.735
 7    -0.935     0.349    -0.055
 7    -0.293    -0.677     0.675
 8   109.780   -40.572    -6.919
 8     0.396    -0.661     0.639
 8    -0.822     0.056     0.567
 8    -0.410    -0.749    -0.520
 9   118.982   -60.142   -26.147
 9     0.354    -0.652     0.673
 9    -0.565     0.423     0.706
 9    -0.745    -0.629    -0.219
 2    97.483   -18.502    59.187
 2     0.741    -0.673     0.015
 2     0.671     0.739     0.045
 2    -0.040    -0.024     0.999
 3   124.276    -5.983    -3.328
 3     0.685    -0.146    -0.714
 3     0.008     0.981    -0.191
 3     0.728     0.125     0.673
 4    98.732     9.292    -9.615
 4     0.320    -0.229     0.920
 4     0.754     0.648    -0.101
 4    -0.574     0.726     0.379
 5   106.855    25.845   -18.024
 5     0.287     0.944     0.161
 5     0.475     0.005    -0.880
 5    -0.832     0.329    -0.447
 6   104.962    38.910   -44.174
 6     0.096     0.494     0.865
 6     0.395     0.778    -0.487
 6    -0.913     0.387    -0.121
 7   100.830   -18.470   -10.840
 7     0.219     0.691     0.689
 7    -0.933     0.354    -0.059
 7    -0.285    -0.630     0.722
 8   109.321   -40.085    -6.757
 8     0.374    -0.613     0.696
 8    -0.850     0.074     0.521
 8    -0.371    -0.786    -0.493
 9   118.292   -61.296   -24.087
 9     0.383    -0.377     0.845
 9    -0.652     0.538     0.533
 9    -0.655    -0.754    -0.038
 2    97.484   -18.501    59.187
 2     0.741    -0.673     0.014
 2     0.671     0.739     0.045
 2    -0.040    -0.025     0.999
 3   124.693    -4.555    -3.209
 3     0.675    -0.177    -0.717
 3    -0.002     0.971    -0.240
 3     0.738     0.162     0.654
 4    99.046    10.380    -9.096
 4     0.305    -0.314     0.899
 4     0.811     0.580    -0.072
 4    -0.500     0.751     0.431
 5   107.000    28.575   -14.839
 5     0.301     0.928     0.218
 5     0.595    -0.004    -0.804
 5    -0.745     0.371    -0.553
 6   105.956    46.030   -38.130
 6     0.127     0.379     0.917
 6     0.570     0.729    -0.379
 6    -0.812     0.569    -0.123
 7   101.706   -17.971   -11.017
 7     0.248     0.700     0.670
 7    -0.929     0.368    -0.041
 7    -0.276    -0.612     0.741
 8   109.881   -39.502    -5.415
 8     0.370    -0.559     0.742
 8    -0.883     0.037     0.467
 8    -0.289    -0.828    -0.480
 9   119.043   -62.742   -19.461
 9     0.399    -0.297     0.869
 9    -0.737     0.461     0.494
 9    -0.546    -0.836    -0.034
 2    97.534   -18.501    59.187
 2     0.741    -0.673     0.014
 2     0.671     0.739     0.045
 2    -0.040    -0.025     0.999
 3   124.932    -3.740    -2.972
 3     0.673    -0.208    -0.711
 3     0.001     0.960    -0.278
 3     0.739     0.186     0.646
 4    99.132    10.692    -8.888
 4     0.314    -0.347     0.884
 4     0.837     0.539    -0.085
 4    -0.448     0.767     0.459
 5   107.041    29.801   -12.476
 5     0.334     0.900     0.282
 5     0.661    -0.010    -0.750
 5    -0.672     0.436    -0.598
 6   107.398    49.307   -33.724
 6     0.176     0.343     0.923
 6     0.651     0.663    -0.369
 6    -0.738     0.665    -0.106
 7   102.092   -18.172   -10.762
 7     0.253     0.710     0.657
 7    -0.936     0.352    -0.020
 7    -0.245    -0.609     0.754
 8   109.816   -39.579    -3.216
 8     0.358    -0.540     0.762
