% Calibrated with leiden_pols
% Positions are in centimeters
Data =[
 2    97.591   -18.501    59.143
 2     0.775    -0.633     0.004
 2     0.631     0.774     0.031
 2    -0.022    -0.022     0.999
 3   125.494    -3.392     2.062
 3     0.442    -0.269    -0.857
 3     0.026     0.958    -0.285
 3     0.896     0.102     0.429
 4   107.059    15.402    -6.950
 4     0.540    -0.741     0.400
 4     0.832     0.399    -0.384
 4     0.125     0.540     0.832
 5   109.945    23.386    15.962
 5     0.400    -0.613     0.682
 5     0.167    -0.683    -0.711
 5     0.901     0.398    -0.170
 6   125.022    25.285    41.944
 6     0.243    -0.312    -0.919
 6     0.040     0.949    -0.311
 6     0.969     0.038     0.242
 7   108.788   -22.126    -7.403
 7     0.279     0.933     0.226
 7    -0.936     0.211     0.282
 7     0.215    -0.290     0.932
 8   111.491   -28.630    16.795
 8     0.366     0.695     0.620
 8    -0.223    -0.581     0.782
 8     0.903    -0.424    -0.057
 9   123.896   -30.894    42.656
 9     0.263     0.581    -0.772
 9    -0.016     0.801     0.596
 9     0.964    -0.144     0.219
 2    97.593   -18.499    59.140
 2     0.775    -0.633     0.004
 2     0.632     0.774     0.031
 2    -0.021    -0.023     0.999
 3   125.494    -3.393     2.011
 3     0.443    -0.267    -0.857
 3     0.026     0.958    -0.284
 3     0.896     0.102     0.430
 4   107.007    15.401    -6.997
 4     0.540    -0.741     0.400
 4     0.832     0.400    -0.384
 4     0.124     0.539     0.832
 5   109.869    23.313    15.857
 5     0.400    -0.608     0.687
 5     0.169    -0.687    -0.706
 5     0.901     0.397    -0.172
 6   124.808    25.570    41.856
 6     0.242    -0.354    -0.904
 6     0.044     0.934    -0.353
 6     0.969     0.045     0.241
 7   108.741   -22.275    -7.408
 7     0.284     0.931     0.229
 7    -0.934     0.215     0.284
 7     0.216    -0.294     0.931
 8   111.425   -28.684    16.714
 8     0.361     0.688     0.630
 8    -0.227    -0.590     0.775
 8     0.904    -0.422    -0.057
 9   123.950   -30.943    42.607
 9     0.265     0.588    -0.766
 9    -0.015     0.795     0.604
 9     0.964    -0.148     0.219
 2    97.593   -18.449    59.140
 2     0.775    -0.634     0.004
 2     0.632     0.773     0.031
 2    -0.021    -0.023     0.999
 3   125.261    -3.536     1.552
 3     0.464    -0.263    -0.847
 3     0.029     0.959    -0.280
 3     0.885     0.104     0.452
 4   106.505    15.083    -7.077
 4     0.553    -0.722     0.416
 4     0.825     0.407    -0.392
 4     0.113     0.559     0.820
 5   109.756    23.117    15.191
 5     0.374    -0.584     0.722
 5     0.205    -0.706    -0.677
 5     0.904     0.400    -0.144
 6   124.092    28.569    41.122
 6     0.247    -0.594    -0.767
 6     0.107     0.802    -0.586
 6     0.963     0.061     0.260
 7   107.900   -22.513    -7.161
 7     0.299     0.914     0.274
 7    -0.928     0.213     0.305
 7     0.221    -0.346     0.912
 8   111.404   -28.882    16.554
 8     0.363     0.598     0.715
 8    -0.301    -0.651     0.696
 8     0.881    -0.468    -0.056
 9   124.023   -36.174    41.379
 9     0.311     0.835    -0.457
 9    -0.138     0.512     0.846
 9     0.940    -0.199     0.273
 2    97.591   -18.450    59.143
 2     0.775    -0.634     0.004
 2     0.632     0.773     0.031
 2    -0.022    -0.023     0.999
 3   125.209    -3.675     1.122
 3     0.481    -0.273    -0.834
 3     0.031     0.955    -0.292
 3     0.876     0.114     0.468
 4   106.377    14.850    -7.106
 4     0.563    -0.709     0.424
 4     0.818     0.409    -0.403
 4     0.112     0.574     0.811
 5   110.007    22.611    15.382
 5     0.413    -0.464     0.784
 5     0.271    -0.760    -0.591
 5     0.869     0.456    -0.188
 6   123.493    33.428    39.681
 6     0.288    -0.846    -0.453
 6     0.215     0.514    -0.829
 6     0.933     0.140     0.328
 7   108.328   -22.542    -7.430
 7     0.320     0.905     0.279
 7    -0.919     0.224     0.325
 7     0.232    -0.360     0.903
 8   111.381   -30.348    16.184
 8     0.349     0.356     0.867
 8    -0.491    -0.719     0.492
 8     0.798    -0.597    -0.077
 9   123.683   -43.839    37.964
 9     0.362     0.918    -0.161
 9    -0.326     0.284     0.902
 9     0.873    -0.275     0.401
 2    97.591   -18.450    59.143
 2     0.775    -0.634     0.004
 2     0.632     0.773     0.031
 2    -0.022    -0.023     0.999
 3   125.696    -3.727     1.072
 3     0.479    -0.253    -0.841
 3     0.027     0.962    -0.272
 3     0.877     0.106     0.467
 4   105.794    14.202    -7.521
 4     0.532    -0.726     0.437
 4     0.839     0.382    -0.386
 4     0.113     0.572     0.812
 5   109.372    25.343    13.616
 5     0.437    -0.293     0.851
 5     0.499    -0.708    -0.499
 5     0.748     0.642    -0.164
 6   123.852    41.150    34.020
 6     0.328    -0.838    -0.441
 6     0.427     0.544    -0.721
 6     0.842     0.049     0.534
 7   107.252   -22.103    -8.030
 7     0.258     0.923     0.285
 7    -0.941     0.172     0.292
 7     0.220    -0.344     0.913
 8   109.607   -33.798    13.975
 8     0.336     0.175     0.925
 8    -0.692    -0.621     0.368
 8     0.639    -0.764    -0.088
 9   123.204   -52.323    30.254
 9     0.421     0.896    -0.142
 9    -0.517     0.363     0.775
 9     0.745    -0.254     0.616
 2    97.591   -18.500    59.143
 2     0.775    -0.634     0.004
 2     0.632     0.773     0.031
 2    -0.022    -0.023     0.999
 3   125.715    -4.048     0.763
 3     0.493    -0.232    -0.839
 3     0.018     0.967    -0.254
 3     0.870     0.109     0.480
 4   104.862    13.405    -7.916
 4     0.504    -0.721     0.476
 4     0.861     0.380    -0.337
 4     0.061     0.579     0.812
 5   108.972    27.695    11.006
 5     0.472    -0.152     0.869
 5     0.656    -0.599    -0.460
 5     0.589     0.786    -0.183
 6   124.266    47.658    26.493
 6     0.391    -0.862    -0.328
 6     0.588     0.505    -0.631
 6     0.708     0.055     0.702
 7   106.213   -21.536    -8.862
 7     0.213     0.928     0.306
 7    -0.963     0.146     0.228
 7     0.167    -0.343     0.924
 8   108.725   -36.321    11.043
 8     0.325     0.060     0.944
 8    -0.809    -0.499     0.310
 8     0.490    -0.864    -0.114
 9   122.323   -58.319    22.052
 9     0.427     0.897    -0.118
 9    -0.669     0.399     0.626
 9     0.608    -0.189     0.770
 2    97.541   -18.500    59.143
 2     0.775    -0.634     0.004
 2     0.632     0.773     0.031
 2    -0.022    -0.023     0.999
 3   125.882    -4.349     0.429
 3     0.513    -0.222    -0.830
 3     0.009     0.967    -0.251
 3     0.858     0.120     0.498
 4   103.833    12.429    -8.347
 4     0.457    -0.721     0.521
 4     0.889     0.368    -0.269
 4     0.002     0.586     0.810
 5   107.883    29.371     8.058
 5     0.456     0.025     0.890
 5     0.791    -0.470    -0.391
 5     0.408     0.882    -0.234
 6   122.318    53.175    17.151
 6     0.396    -0.898    -0.196
 6     0.743     0.437    -0.507
 6     0.539     0.056     0.839
 7   105.966   -21.106    -9.623
 7     0.203     0.924     0.324
 7    -0.973     0.152     0.173
 7     0.111    -0.351     0.930
 8   108.558   -38.170     7.962
 8     0.309    -0.022     0.951
 8    -0.887    -0.368     0.279
 8     0.343    -0.930    -0.133
 9   121.471   -62.255    14.666
 9     0.427     0.903    -0.049
 9    -0.775     0.392     0.496
 9     0.466    -0.174     0.867
 2    97.593   -18.499    59.166
 2     0.774    -0.634     0.004
 2     0.632     0.773     0.031
 2    -0.021    -0.023     0.999
 3   126.210    -4.500    -0.121
 3     0.538    -0.214    -0.816
 3     0.001     0.968    -0.251
 3     0.843     0.133     0.520
 4   103.549    11.769    -8.711
 4     0.439    -0.702     0.561
 4     0.896     0.385    -0.219
 4    -0.063     0.599     0.797
 5   107.440    30.746     4.729
 5     0.438     0.169     0.883
 5     0.868    -0.333    -0.368
 5     0.231     0.928    -0.293
