% Calibrated with leiden_pols
% Positions are in centimeters
Data =[
 2    97.642   -18.511    59.140
 2     0.806    -0.593     0.002
 2     0.592     0.805     0.029
 2    -0.018    -0.023     0.999
 3   126.658    -3.206     3.023
 3     0.386    -0.356    -0.852
 3     0.083     0.932    -0.350
 3     0.918     0.062     0.388
 4   109.214    15.046    -7.847
 4     0.530    -0.781     0.330
 4     0.835     0.412    -0.364
 4     0.149     0.468     0.871
 5   112.845    23.427    15.507
 5     0.445    -0.656     0.610
 5     0.165    -0.609    -0.775
 5     0.880     0.445    -0.162
 6   127.933    27.052    40.757
 6     0.320    -0.606    -0.731
 6     0.044     0.778    -0.624
 6     0.946     0.165     0.275
 7   111.238   -22.387    -7.084
 7     0.281     0.952     0.116
 7    -0.912     0.228     0.341
 7     0.298    -0.202     0.932
 8   114.716   -29.595    17.275
 8     0.456     0.635     0.624
 8    -0.315    -0.540     0.780
 8     0.832    -0.552    -0.046
 9   130.774   -31.826    41.005
 9     0.369     0.472    -0.802
 9     0.101     0.836     0.537
 9     0.924    -0.279     0.261
 2    97.642   -18.511    59.140
 2     0.806    -0.594     0.002
 2     0.592     0.804     0.029
 2    -0.018    -0.024     0.999
 3   126.661    -3.072     2.912
 3     0.383    -0.365    -0.850
 3     0.089     0.929    -0.358
 3     0.919     0.060     0.386
 4   108.976    15.042    -7.860
 4     0.529    -0.780     0.335
 4     0.836     0.412    -0.362
 4     0.144     0.471     0.870
 5   112.734    23.474    15.467
 5     0.448    -0.655     0.610
 5     0.164    -0.609    -0.775
 5     0.878     0.447    -0.165
 6   127.935    27.001    40.708
 6     0.320    -0.602    -0.734
 6     0.044     0.781    -0.621
 6     0.946     0.164     0.276
 7   111.254   -22.386    -7.151
 7     0.290     0.949     0.118
 7    -0.911     0.236     0.339
 7     0.294    -0.206     0.933
 8   114.837   -29.618    17.279
 8     0.461     0.636     0.620
 8    -0.312    -0.537     0.783
 8     0.831    -0.554    -0.049
 9   130.725   -31.828    41.005
 9     0.369     0.476    -0.800
 9     0.098     0.834     0.541
 9     0.924    -0.277     0.261
 2    97.642   -18.511    59.166
 2     0.805    -0.594     0.002
 2     0.593     0.804     0.029
 2    -0.018    -0.024     0.999
 3   126.611    -3.073     2.835
 3     0.383    -0.365    -0.850
 3     0.088     0.929    -0.358
 3     0.919     0.061     0.386
 4   108.971    15.065    -7.855
 4     0.531    -0.778     0.337
 4     0.835     0.413    -0.362
 4     0.142     0.473     0.869
 5   112.709    23.473    15.439
 5     0.450    -0.653     0.611
 5     0.163    -0.612    -0.773
 5     0.878     0.447    -0.168
 6   127.934    27.051    40.707
 6     0.321    -0.602    -0.734
 6     0.044     0.781    -0.621
 6     0.946     0.165     0.276
 7   111.347   -22.387    -7.248
 7     0.292     0.949     0.115
 7    -0.911     0.239     0.337
 7     0.292    -0.203     0.934
 8   114.962   -29.541    17.203
 8     0.462     0.638     0.617
 8    -0.311    -0.535     0.785
 8     0.831    -0.554    -0.049
 9   131.188   -31.797    40.787
 9     0.359     0.447    -0.821
 9     0.094     0.856     0.506
 9     0.928    -0.259     0.264
 2    97.642   -18.460    59.140
 2     0.805    -0.595     0.002
 2     0.593     0.803     0.029
 2    -0.018    -0.024     0.999
 3   126.661    -3.074     2.733
 3     0.383    -0.366    -0.850
 3     0.086     0.929    -0.359
 3     0.919     0.063     0.386
 4   108.926    15.165    -7.781
 4     0.539    -0.774     0.333
 4     0.830     0.421    -0.366
 4     0.143     0.473     0.869
 5   114.238    23.959    15.265
 5     0.489    -0.661     0.571
 5     0.183    -0.561    -0.807
 5     0.853     0.498    -0.153
 6   131.995    26.367    38.933
 6     0.382    -0.341    -0.860
 6     0.071     0.938    -0.339
 6     0.921     0.067     0.382
 7   110.624   -22.337    -7.081
 7     0.318     0.934     0.164
 7    -0.908     0.250     0.336
 7     0.273    -0.256     0.927
 8   117.380   -30.475    16.820
 8     0.571     0.614     0.547
 8    -0.320    -0.447     0.835
 8     0.756    -0.651    -0.058
 9   137.336   -31.575    36.580
 9     0.500     0.229    -0.835
 9     0.058     0.953     0.297
 9     0.864    -0.197     0.463
 2    97.641   -18.510    59.140
 2     0.804    -0.595     0.002
 2     0.594     0.803     0.029
 2    -0.018    -0.024     0.999
 3   125.906    -3.202     1.895
 3     0.441    -0.362    -0.823
 3     0.086     0.928    -0.360
 3     0.893     0.087     0.440
 4   107.502    14.992    -7.512
 4     0.593    -0.696     0.406
 4     0.800     0.458    -0.385
 4     0.082     0.553     0.829
 5   118.470    24.726    13.600
 5     0.695    -0.536     0.481
 5     0.241    -0.455    -0.857
 5     0.677     0.711    -0.187
 6   142.363    26.346    29.902
 6     0.674    -0.163    -0.721
 6     0.082     0.986    -0.148
 6     0.734     0.040     0.677
 7   109.299   -22.245    -7.274
 7     0.401     0.865     0.301
 7    -0.899     0.310     0.309
 7     0.174    -0.395     0.902
 8   122.063   -31.609    13.988
 8     0.765     0.400     0.505
 8    -0.363    -0.381     0.850
 8     0.532    -0.833    -0.147
 9   146.653   -32.195    25.521
 9     0.766     0.115    -0.632
 9     0.003     0.983     0.185
 9     0.642    -0.143     0.752
 2    97.641   -18.510    59.140
 2     0.804    -0.596     0.002
 2     0.594     0.802     0.029
 2    -0.018    -0.023     0.999
 3   125.343    -3.408     0.864
 3     0.499    -0.358    -0.791
 3     0.084     0.927    -0.364
 3     0.862     0.114     0.492
 4   105.822    14.526    -7.448
 4     0.632    -0.599     0.493
 4     0.775     0.488    -0.401
 4    -0.000     0.635     0.772
 5   122.075    23.569    10.205
 5     0.872    -0.308     0.381
 5     0.220    -0.447    -0.866
 5     0.437     0.839    -0.323
 6   148.453    25.644    18.815
 6     0.851    -0.178    -0.494
 6     0.114     0.981    -0.158
 6     0.512     0.078     0.855
 7   108.011   -22.307    -8.019
 7     0.471     0.766     0.438
 7    -0.881     0.383     0.277
 7     0.045    -0.516     0.855
 8   125.475   -31.412     9.236
 8     0.887     0.176     0.426
 8    -0.352    -0.339     0.872
 8     0.298    -0.924    -0.239
 9   151.601   -32.074    13.491
 9     0.922     0.101    -0.374
 9    -0.044     0.986     0.159
 9     0.385    -0.130     0.913
 2    97.637   -18.456    59.163
 2     0.797    -0.605     0.002
 2     0.603     0.796     0.028
 2    -0.018    -0.023     0.999
 3   124.784    -3.651     0.290
 3     0.540    -0.337    -0.773
 3     0.079     0.933    -0.350
 3     0.838     0.127     0.530
 4   105.050    13.994    -7.670
 4     0.674    -0.480     0.562
 4     0.729     0.554    -0.401
 4    -0.119     0.679     0.723
 5   125.004    22.465     5.114
 5     0.968    -0.104     0.229
 5     0.170    -0.402    -0.899
 5     0.185     0.909    -0.372
 6   152.064    23.930     6.032
 6     0.962    -0.122    -0.243
 6     0.099     0.990    -0.104
 6     0.253     0.075     0.964
 7   106.923   -21.884    -9.055
 7     0.492     0.684     0.539
 7    -0.867     0.441     0.231
 7    -0.080    -0.581     0.809
 8   127.144   -31.173     4.612
 8     0.935     0.001     0.353
 8    -0.336    -0.300     0.892
 8     0.107    -0.954    -0.280
 9   153.341   -30.342     2.293
 9     0.991     0.026    -0.131
 9    -0.015     0.996     0.089
 9     0.132    -0.086     0.987
 2    97.609   -18.451    59.158
 2     0.788    -0.616     0.000
 2     0.615     0.787     0.029
 2    -0.017    -0.023     0.999
 3   124.854    -3.954    -0.061
 3     0.561    -0.314    -0.767
 3     0.072     0.940    -0.330
 3     0.824     0.129     0.550
 4   104.870    13.433    -8.202
 4     0.683    -0.402     0.611
 4     0.696     0.610    -0.377
 4    -0.221     0.682     0.696
 5   126.335    21.827     0.740
 5     0.991     0.037     0.130
 5     0.135    -0.355    -0.925
 5     0.011     0.934    -0.356
