% Calibrated with leiden_pols
% Positions are in centimeters
Data =[
 2    97.642   -18.511    59.140
 2     0.806    -0.593     0.002
 2     0.592     0.805     0.029
 2    -0.018    -0.023     0.999
 3   126.658    -3.206     3.023
 3     0.386    -0.356    -0.852
 3     0.083     0.932    -0.350
 3     0.918     0.062     0.388
 4   109.214    15.046    -7.847
 4     0.530    -0.781     0.330
 4     0.835     0.412    -0.364
 4     0.149     0.468     0.871
 5   112.845    23.427    15.507
 5     0.445    -0.656     0.610
 5     0.165    -0.609    -0.775
 5     0.880     0.445    -0.162
 6   127.933    27.052    40.757
 6     0.320    -0.606    -0.731
 6     0.044     0.778    -0.624
 6     0.946     0.165     0.275
 7   111.238   -22.387    -7.084
 7     0.281     0.952     0.116
 7    -0.912     0.228     0.341
 7     0.298    -0.202     0.932
 8   114.716   -29.595    17.275
 8     0.456     0.635     0.624
 8    -0.315    -0.540     0.780
 8     0.832    -0.552    -0.046
 9   130.774   -31.826    41.005
 9     0.369     0.472    -0.802
 9     0.101     0.836     0.537
 9     0.924    -0.279     0.261
 2    97.642   -18.511    59.140
 2     0.806    -0.594     0.002
 2     0.592     0.804     0.029
 2    -0.018    -0.024     0.999
 3   126.661    -3.072     2.912
 3     0.383    -0.365    -0.850
 3     0.089     0.929    -0.358
 3     0.919     0.060     0.386
 4   108.976    15.042    -7.860
 4     0.529    -0.780     0.335
 4     0.836     0.412    -0.362
 4     0.144     0.471     0.870
 5   112.734    23.474    15.467
 5     0.448    -0.655     0.610
 5     0.164    -0.609    -0.775
 5     0.878     0.447    -0.165
 6   127.935    27.001    40.708
 6     0.320    -0.602    -0.734
 6     0.044     0.781    -0.621
 6     0.946     0.164     0.276
 7   111.254   -22.386    -7.151
 7     0.290     0.949     0.118
 7    -0.911     0.236     0.339
 7     0.294    -0.206     0.933
 8   114.837   -29.618    17.279
 8     0.461     0.636     0.620
 8    -0.312    -0.537     0.783
 8     0.831    -0.554    -0.049
 9   130.725   -31.828    41.005
 9     0.369     0.476    -0.800
 9     0.098     0.834     0.541
 9     0.924    -0.277     0.261
 2    97.642   -18.511    59.166
 2     0.805    -0.594     0.002
 2     0.593     0.804     0.029
 2    -0.018    -0.024     0.999
 3   126.611    -3.073     2.835
 3     0.383    -0.365    -0.850
 3     0.088     0.929    -0.358
 3     0.919     0.061     0.386
 4   108.971    15.065    -7.855
 4     0.531    -0.778     0.337
 4     0.835     0.413    -0.362
 4     0.142     0.473     0.869
 5   112.709    23.473    15.439
 5     0.450    -0.653     0.611
 5     0.163    -0.612    -0.773
 5     0.878     0.447    -0.168
 6   127.934    27.051    40.707
 6     0.321    -0.602    -0.734
 6     0.044     0.781    -0.621
 6     0.946     0.165     0.276
 7   111.347   -22.387    -7.248
 7     0.292     0.949     0.115
 7    -0.911     0.239     0.337
 7     0.292    -0.203     0.934
 8   114.962   -29.541    17.203
 8     0.462     0.638     0.617
 8    -0.311    -0.535     0.785
 8     0.831    -0.554    -0.049
 9   131.188   -31.797    40.787
 9     0.359     0.447    -0.821
 9     0.094     0.856     0.506
 9     0.928    -0.259     0.264
 2    97.642   -18.460    59.140
 2     0.805    -0.595     0.002
 2     0.593     0.803     0.029
 2    -0.018    -0.024     0.999
 3   126.661    -3.074     2.733
 3     0.383    -0.366    -0.850
 3     0.086     0.929    -0.359
 3     0.919     0.063     0.386
 4   108.926    15.165    -7.781
 4     0.539    -0.774     0.333
 4     0.830     0.421    -0.366
 4     0.143     0.473     0.869
 5   114.238    23.959    15.265
 5     0.489    -0.661     0.571
 5     0.183    -0.561    -0.807
 5     0.853     0.498    -0.153
 6   131.995    26.367    38.933
 6     0.382    -0.341    -0.860
 6     0.071     0.938    -0.339
 6     0.921     0.067     0.382
 7   110.624   -22.337    -7.081
 7     0.318     0.934     0.164
 7    -0.908     0.250     0.336
 7     0.273    -0.256     0.927
 8   117.380   -30.475    16.820
 8     0.571     0.614     0.547
 8    -0.320    -0.447     0.835
 8     0.756    -0.651    -0.058
 9   137.336   -31.575    36.580
 9     0.500     0.229    -0.835
 9     0.058     0.953     0.297
 9     0.864    -0.197     0.463
 2    97.641   -18.510    59.140
 2     0.804    -0.595     0.002
 2     0.594     0.803     0.029
 2    -0.018    -0.024     0.999
 3   125.906    -3.202     1.895
 3     0.441    -0.362    -0.823
 3     0.086     0.928    -0.360
 3     0.893     0.087     0.440
 4   107.502    14.992    -7.512
 4     0.593    -0.696     0.406
 4     0.800     0.458    -0.385
 4     0.082     0.553     0.829
 5   118.470    24.726    13.600
 5     0.695    -0.536     0.481
 5     0.241    -0.455    -0.857
 5     0.677     0.711    -0.187
 6   142.363    26.346    29.902
 6     0.674    -0.163    -0.721
 6     0.082     0.986    -0.148
 6     0.734     0.040     0.677
 7   109.299   -22.245    -7.274
 7     0.401     0.865     0.301
 7    -0.899     0.310     0.309
 7     0.174    -0.395     0.902
 8   122.063   -31.609    13.988
 8     0.765     0.400     0.505
 8    -0.363    -0.381     0.850
 8     0.532    -0.833    -0.147
 9   146.653   -32.195    25.521
 9     0.766     0.115    -0.632
 9     0.003     0.983     0.185
 9     0.642    -0.143     0.752
 2    97.641   -18.510    59.140
 2     0.804    -0.596     0.002
 2     0.594     0.802     0.029
 2    -0.018    -0.023     0.999
 3   125.343    -3.408     0.864
 3     0.499    -0.358    -0.791
 3     0.084     0.927    -0.364
 3     0.862     0.114     0.492
 4   105.822    14.526    -7.448
 4     0.632    -0.599     0.493
 4     0.775     0.488    -0.401
 4    -0.000     0.635     0.772
 5   122.075    23.569    10.205
 5     0.872    -0.308     0.381
 5     0.220    -0.447    -0.866
 5     0.437     0.839    -0.323
 6   148.453    25.644    18.815
 6     0.851    -0.178    -0.494
 6     0.114     0.981    -0.158
 6     0.512     0.078     0.855
 7   108.011   -22.307    -8.019
 7     0.471     0.766     0.438
 7    -0.881     0.383     0.277
 7     0.045    -0.516     0.855
 8   125.475   -31.412     9.236
 8     0.887     0.176     0.426
 8    -0.352    -0.339     0.872
 8     0.298    -0.924    -0.239
 9   151.601   -32.074    13.491
 9     0.922     0.101    -0.374
 9    -0.044     0.986     0.159
 9     0.385    -0.130     0.913
 2    97.637   -18.456    59.163
 2     0.797    -0.605     0.002
 2     0.603     0.796     0.028
 2    -0.018    -0.023     0.999
 3   124.784    -3.651     0.290
 3     0.540    -0.337    -0.773
 3     0.079     0.933    -0.350
 3     0.838     0.127     0.530
 4   105.050    13.994    -7.670
 4     0.674    -0.480     0.562
 4     0.729     0.554    -0.401
 4    -0.119     0.679     0.723
 5   125.004    22.465     5.114
 5     0.968    -0.104     0.229
 5     0.170    -0.402    -0.899
 5     0.185     0.909    -0.372
 6   152.064    23.930     6.032
 6     0.962    -0.122    -0.243
 6     0.099     0.990    -0.104
 6     0.253     0.075     0.964
 7   106.923   -21.884    -9.055
 7     0.492     0.684     0.539
 7    -0.867     0.441     0.231
 7    -0.080    -0.581     0.809
 8   127.144   -31.173     4.612
 8     0.935     0.001     0.353
 8    -0.336    -0.300     0.892
 8     0.107    -0.954    -0.280
 9   153.341   -30.342     2.293
 9     0.991     0.026    -0.131
 9    -0.015     0.996     0.089
 9     0.132    -0.086     0.987
 2    97.609   -18.451    59.158
 2     0.788    -0.616     0.000
 2     0.615     0.787     0.029
 2    -0.017    -0.023     0.999
 3   124.854    -3.954    -0.061
 3     0.561    -0.314    -0.767
 3     0.072     0.940    -0.330
 3     0.824     0.129     0.550
 4   104.870    13.433    -8.202
 4     0.683    -0.402     0.611
 4     0.696     0.610    -0.377
 4    -0.221     0.682     0.696
 5   126.335    21.827     0.740
 5     0.991     0.037     0.130
 5     0.135    -0.355    -0.925
 5     0.011     0.934    -0.356
 6   152.792    22.321    -3.712
 6     0.995    -0.079    -0.053
 6     0.076     0.996    -0.048
 6     0.056     0.043     0.997
 7   106.385   -21.261   -10.385
 7     0.499     0.606     0.620
 7    -0.843     0.505     0.185
 7    -0.201    -0.615     0.762
 8   128.070   -30.768    -1.026
 8     0.949    -0.175     0.260
 8    -0.299    -0.254     0.920
 8    -0.094    -0.951    -0.294
 9   153.195   -29.200    -9.676
 9     0.993    -0.001     0.113
 9    -0.003     0.999     0.034
 9    -0.114    -0.035     0.993
 2    97.610   -18.450    59.155
 2     0.787    -0.618     0.000
 2     0.617     0.786     0.028
 2    -0.016    -0.023     0.999
 3   124.947    -4.080    -0.403
 3     0.581    -0.304    -0.756
 3     0.057     0.941    -0.332
 3     0.811     0.149     0.564
 4   104.489    13.137    -8.455
 4     0.680    -0.346     0.647
 4     0.674     0.640    -0.367
 4    -0.287     0.686     0.668
 5   126.694    21.104    -2.678
 5     0.987     0.146     0.055
 5     0.102    -0.333    -0.937
 5    -0.119     0.931    -0.344
 6   151.927    20.685   -11.294
 6     0.993    -0.045     0.104
 6     0.048     0.998    -0.024
 6    -0.103     0.029     0.994
 7   105.754   -20.438   -11.239
 7     0.505     0.550     0.665
 7    -0.813     0.560     0.154
 7    -0.288    -0.619     0.730
 8   128.055   -29.932    -5.212
 8     0.935    -0.295     0.195
 8    -0.263    -0.210     0.942
 8    -0.237    -0.932    -0.274
 9   151.687   -26.749   -17.737
 9     0.959    -0.037     0.280
 9     0.039     0.999    -0.007
 9    -0.279     0.016     0.960
 2    97.610   -18.449    59.154
 2     0.785    -0.620     0.000
 2     0.619     0.784     0.027
 2    -0.016    -0.023     0.999
 3   124.694    -3.778    -0.835
 3     0.606    -0.307    -0.735
 3     0.046     0.935    -0.350
 3     0.794     0.178     0.580
 4   103.444    13.047    -8.434
 4     0.656    -0.297     0.694
 4     0.666     0.658    -0.349
 4    -0.353     0.691     0.630
 5   125.936    20.940    -5.153
 5     0.971     0.238     0.008
 5     0.084    -0.313    -0.946
 5    -0.222     0.919    -0.324
 6   149.875    20.062   -17.184
 6     0.973    -0.031     0.230
 6     0.032     0.999    -0.001
 6    -0.230     0.009     0.973
 7   104.627   -19.733   -11.624
 7     0.494     0.516     0.700
 7    -0.796     0.592     0.125
 7    -0.350    -0.619     0.703
 8   127.011   -29.042    -8.002
 8     0.914    -0.379     0.148
 8    -0.232    -0.187     0.955
 8    -0.334    -0.907    -0.258
 9   149.190   -25.078   -23.295
 9     0.916    -0.055     0.397
 9     0.066     0.997    -0.020
 9    -0.395     0.043     0.917
 2    97.606   -18.449    59.156
 2     0.783    -0.623     0.000
 2     0.622     0.782     0.028
 2    -0.017    -0.023     0.999
 3   124.215    -3.622    -1.350
 3     0.615    -0.300    -0.731
 3     0.018     0.930    -0.364
 3     0.788     0.210     0.577
 4   102.371    12.821    -8.379
 4     0.626    -0.255     0.737
 4     0.666     0.666    -0.335
 4    -0.406     0.700     0.587
 5   124.757    20.950    -7.199
 5     0.948     0.318    -0.019
 5     0.083    -0.300    -0.950
 5    -0.308     0.899    -0.311
 6   147.406    20.014   -21.891
 6     0.941    -0.032     0.335
 6     0.031     0.999     0.011
 6    -0.335     0.001     0.942
 7   103.714   -19.323   -11.694
 7     0.473     0.494     0.730
 7    -0.787     0.608     0.098
 7    -0.396    -0.621     0.676
 8   125.892   -28.928    -9.875
 8     0.881    -0.452     0.138
 8    -0.242    -0.178     0.954
 8    -0.407    -0.874    -0.266
 9   146.431   -25.367   -27.977
 9     0.863    -0.054     0.502
 9     0.060     0.998     0.001
 9    -0.501     0.027     0.865
 2    97.630   -18.448    59.156
 2     0.781    -0.625     0.000
 2     0.623     0.780     0.028
 2    -0.017    -0.023     0.999
 3   124.370    -3.702    -1.857
 3     0.637    -0.287    -0.717
 3    -0.001     0.928    -0.370
 3     0.771     0.236     0.590
 4   102.131    12.608    -8.399
 4     0.595    -0.236     0.768
 4     0.668     0.676    -0.311
 4    -0.447     0.698     0.560
 5   124.197    21.166    -8.849
 5     0.923     0.385    -0.019
 5     0.098    -0.282    -0.954
 5    -0.372     0.879    -0.298
 6   145.831    20.611   -25.171
 6     0.913    -0.050     0.404
 6     0.044     0.999     0.026
 6    -0.405    -0.005     0.914
 7   103.351   -19.051   -11.830
 7     0.443     0.494     0.748
 7    -0.793     0.605     0.069
 7    -0.419    -0.624     0.659
 8   125.102   -29.508   -11.001
 8     0.850    -0.506     0.144
 8    -0.263    -0.170     0.950
 8    -0.456    -0.845    -0.277
 9   144.519   -26.202   -30.711
 9     0.823    -0.057     0.566
 9     0.051     0.998     0.020
 9    -0.566     0.010     0.824
 2    97.632   -18.447    59.153
 2     0.780    -0.627    -0.000
 2     0.626     0.779     0.028
 2    -0.016    -0.023     0.999
 3   124.593    -3.764    -2.130
 3     0.644    -0.280    -0.713
 3    -0.008     0.928    -0.370
 3     0.764     0.244     0.595
 4   101.931    12.362    -8.562
 4     0.566    -0.238     0.789
 4     0.676     0.681    -0.280
 4    -0.472     0.692     0.546
 5   123.166    21.822   -10.455
 5     0.892     0.452     0.011
 5     0.132    -0.237    -0.962
 5    -0.432     0.860    -0.271
 6   143.446    21.635   -28.762
 6     0.876    -0.090     0.474
 6     0.065     0.995     0.071
 6    -0.478    -0.030     0.877
 7   103.292   -18.812   -11.993
 7     0.440     0.496     0.749
 7    -0.787     0.614     0.055
 7    -0.432    -0.614     0.660
 8   124.685   -29.489   -11.900
 8     0.829    -0.541     0.143
 8    -0.270    -0.163     0.949
 8    -0.490    -0.825    -0.281
 9   142.982   -26.022   -32.710
 9     0.789    -0.068     0.611
 9     0.066     0.997     0.020
 9    -0.611     0.022     0.791
 2    97.550   -18.449    59.136
 2     0.779    -0.629     0.001
 2     0.627     0.777     0.030
 2    -0.019    -0.024     0.999
 3   124.503    -3.673    -2.290
 3     0.649    -0.271    -0.712
 3    -0.019     0.929    -0.369
 3     0.760     0.253     0.597
 4   101.338    12.333    -8.406
 4     0.540    -0.219     0.813
 4     0.675     0.689    -0.264
 4    -0.503     0.691     0.519
 5   121.936    21.943   -11.996
 5     0.854     0.519     0.002
 5     0.133    -0.214    -0.968
 5    -0.502     0.827    -0.252
 6   140.513    21.568   -32.353
 6     0.826    -0.098     0.555
 6     0.056     0.994     0.095
 6    -0.561    -0.047     0.826
 7   102.260   -18.218   -12.035
 7     0.412     0.498     0.763
 7    -0.786     0.617     0.022
 7    -0.461    -0.609     0.645
 8   123.117   -29.581   -13.177
 8     0.802    -0.576     0.158
 8    -0.288    -0.141     0.947
 8    -0.523    -0.805    -0.278
 9   140.373   -25.730   -35.015
 9     0.741    -0.076     0.668
 9     0.088     0.996     0.008
 9    -0.665     0.051     0.744
 2    97.631   -18.510    59.146
 2     0.799    -0.602     0.005
 2     0.601     0.798     0.030
 2    -0.021    -0.022     0.999
 3   124.124    -3.741    -2.611
 3     0.657    -0.258    -0.709
 3    -0.035     0.929    -0.368
 3     0.752     0.266     0.601
 4   100.480    12.255    -8.274
 4     0.501    -0.204     0.841
 4     0.679     0.694    -0.237
 4    -0.536     0.690     0.486
 5   120.512    21.970   -13.329
 5     0.818     0.574    -0.003
 5     0.128    -0.186    -0.974
 5    -0.560     0.797    -0.226
 6   137.708    20.957   -35.130
 6     0.781    -0.103     0.616
 6     0.040     0.992     0.118
 6    -0.623    -0.067     0.779
 7   101.799   -17.893   -11.938
 7     0.402     0.489     0.775
 7    -0.774     0.633     0.002
 7    -0.489    -0.601     0.632
 8   121.980   -29.658   -14.394
 8     0.775    -0.597     0.207
 8    -0.307    -0.070     0.949
 8    -0.553    -0.799    -0.237
 9   138.235   -24.963   -37.461
 9     0.701    -0.072     0.711
 9     0.116     0.992    -0.022
 9    -0.703     0.096     0.703
 2    97.631   -18.510    59.147
 2     0.798    -0.603     0.004
 2     0.602     0.797     0.030
 2    -0.021    -0.023     0.999
 3   124.068    -3.513    -2.660
 3     0.659    -0.265    -0.705
 3    -0.032     0.926    -0.375
 3     0.751     0.269     0.602
 4    99.897    12.000    -8.416
 4     0.460    -0.198     0.865
 4     0.681     0.703    -0.202
 4    -0.569     0.682     0.458
 5   118.578    22.098   -15.252
 5     0.760     0.649     0.011
 5     0.131    -0.135    -0.982
 5    -0.636     0.748    -0.188
 6   133.238    20.589   -39.495
 6     0.702    -0.141     0.698
 6     0.033     0.985     0.167
 6    -0.711    -0.094     0.696
 7   101.568   -17.623   -12.116
 7     0.391     0.488     0.780
 7    -0.776     0.630    -0.005
 7    -0.494    -0.604     0.625
 8   121.672   -29.846   -14.523
 8     0.766    -0.603     0.222
 8    -0.319    -0.057     0.946
 8    -0.558    -0.796    -0.236
 9   137.621   -24.790   -37.858
 9     0.691    -0.079     0.719
 9     0.131     0.991    -0.025
 9    -0.710     0.110     0.694
 2    97.606   -18.510    59.147
 2     0.797    -0.605     0.003
 2     0.603     0.796     0.031
 2    -0.021    -0.024     0.999
 3   124.065    -3.462    -2.883
 3     0.660    -0.263    -0.704
 3    -0.029     0.927    -0.372
 3     0.750     0.266     0.605
 4    99.112    11.739    -8.324
 4     0.412    -0.175     0.894
 4     0.679     0.712    -0.173
 4    -0.607     0.679     0.412
 5   115.823    21.897   -17.598
 5     0.664     0.748     0.019
 5     0.124    -0.084    -0.989
 5    -0.737     0.658    -0.149
 6   126.807    19.782   -44.034
 6     0.578    -0.161     0.800
 6     0.009     0.981     0.192
 6    -0.816    -0.104     0.568
 7   101.257   -17.432   -12.085
 7     0.379     0.491     0.784
 7    -0.778     0.628    -0.018
 7    -0.501    -0.603     0.620
 8   120.897   -30.020   -14.888
 8     0.747    -0.622     0.235
 8    -0.334    -0.046     0.941
 8    -0.574    -0.781    -0.242
 9   136.371   -24.867   -38.732
 9     0.669    -0.083     0.740
 9     0.138     0.990    -0.021
 9    -0.730     0.115     0.672
 2    97.630   -18.509    59.172
 2     0.796    -0.606     0.004
 2     0.604     0.795     0.031
 2    -0.021    -0.024     0.999
 3   123.925    -3.386    -3.161
 3     0.666    -0.260    -0.701
 3    -0.018     0.932    -0.361
 3     0.745     0.253     0.615
 4    98.480    11.239    -8.469
 4     0.366    -0.162     0.916
 4     0.681     0.717    -0.145
 4    -0.634     0.677     0.372
 5   113.115    21.426   -19.446
 5     0.566     0.824     0.041
 5     0.136    -0.044    -0.990
 5    -0.813     0.565    -0.137
 6   120.748    19.386   -47.224
 6     0.460    -0.191     0.867
 6     0.014     0.978     0.208
 6    -0.888    -0.084     0.453
 7   101.138   -17.508   -12.060
 7     0.377     0.490     0.786
 7    -0.780     0.625    -0.016
 7    -0.500    -0.608     0.617
 8   120.623   -30.200   -14.910
 8     0.740    -0.633     0.229
 8    -0.340    -0.059     0.938
 8    -0.580    -0.772    -0.259
 9   135.416   -25.765   -39.286
 9     0.653    -0.083     0.754
 9     0.111     0.993     0.007
 9    -0.749     0.079     0.657
 2    97.630   -18.458    59.146
 2     0.796    -0.606     0.003
 2     0.605     0.795     0.031
 2    -0.021    -0.024     0.999
 3   123.865    -3.440    -3.316
 3     0.670    -0.254    -0.698
 3    -0.013     0.936    -0.351
 3     0.741     0.243     0.624
 4    98.223    11.104    -8.454
 4     0.357    -0.148     0.922
 4     0.679     0.719    -0.147
 4    -0.642     0.679     0.356
 5   111.792    20.938   -20.300
 5     0.509     0.860     0.034
 5     0.121    -0.031    -0.992
 5    -0.852     0.508    -0.119
 6   117.394    18.172   -48.773
 6     0.388    -0.186     0.903
 6    -0.010     0.978     0.206
 6    -0.922    -0.090     0.377
 7   100.635   -17.447   -11.918
 7     0.355     0.491     0.796
 7    -0.786     0.617    -0.031
 7    -0.507    -0.614     0.605
 8   119.649   -30.488   -15.366
 8     0.708    -0.668     0.229
 8    -0.354    -0.056     0.933
 8    -0.611    -0.742    -0.276
 9   133.404   -26.713   -40.599
 9     0.611    -0.081     0.788
 9     0.096     0.995     0.021
 9    -0.785     0.062     0.615
 2    97.632   -18.508    59.143
 2     0.796    -0.606     0.003
 2     0.605     0.795     0.030
 2    -0.020    -0.024     0.999
 3   123.800    -3.647    -3.588
 3     0.678    -0.242    -0.696
 3    -0.006     0.943    -0.332
 3     0.735     0.229     0.637
 4    97.643    10.634    -8.466
 4     0.323    -0.134     0.937
 4     0.677     0.724    -0.130
 4    -0.661     0.677     0.324
 5   109.245    20.608   -21.359
 5     0.414     0.908     0.053
 5     0.121     0.004    -0.993
 5    -0.902     0.418    -0.108
 6   112.015    17.143   -50.288
 6     0.277    -0.206     0.938
 6    -0.035     0.974     0.224
 6    -0.960    -0.096     0.263
 7   100.297   -17.526   -11.783
 7     0.343     0.491     0.801
 7    -0.791     0.610    -0.036
 7    -0.506    -0.622     0.597
 8   118.978   -30.862   -15.481
 8     0.689    -0.685     0.238
 8    -0.366    -0.046     0.929
 8    -0.625    -0.727    -0.282
 9   131.974   -26.970   -41.381
 9     0.588    -0.071     0.806
 9     0.101     0.994     0.008
 9    -0.802     0.077     0.591
 2    97.632   -18.508    59.143
 2     0.795    -0.607     0.003
 2     0.605     0.794     0.031
 2    -0.020    -0.024     0.999
 3   123.689    -3.628    -3.840
 3     0.689    -0.240    -0.685
 3     0.007     0.946    -0.322
 3     0.724     0.217     0.653
 4    97.044    10.279    -8.414
 4     0.295    -0.122     0.948
 4     0.682     0.721    -0.120
 4    -0.669     0.682     0.295
 5   107.055    20.724   -21.858
 5     0.339     0.937     0.082
 5     0.143     0.035    -0.989
 5    -0.930     0.347    -0.122
 6   107.732    16.090   -50.723
 6     0.179    -0.234     0.955
 6    -0.095     0.962     0.254
 6    -0.979    -0.137     0.150
 7   100.134   -17.701   -11.602
 7     0.340     0.481     0.808
 7    -0.793     0.608    -0.029
 7    -0.505    -0.632     0.588
 8   118.737   -31.102   -15.667
 8     0.678    -0.696     0.239
 8    -0.371    -0.043     0.927
 8    -0.635    -0.717    -0.287
 9   131.308   -27.114   -41.703
 9     0.576    -0.061     0.816
 9     0.100     0.994    -0.002
 9    -0.811     0.084     0.578
 2    97.604   -18.509    59.146
 2     0.795    -0.608     0.004
 2     0.606     0.794     0.031
 2    -0.021    -0.023     0.999
 3   123.555    -3.532    -4.075
 3     0.700    -0.244    -0.673
 3     0.020     0.947    -0.320
 3     0.714     0.210     0.667
 4    96.928    10.203    -8.599
 4     0.291    -0.104     0.951
 4     0.682     0.719    -0.130
 4    -0.671     0.687     0.279
 5   106.361    20.729   -22.202
 5     0.307     0.948     0.075
 5     0.144     0.032    -0.989
 5    -0.941     0.314    -0.126
 6   106.266    16.317   -51.111
 6     0.141    -0.235     0.962
 6    -0.081     0.965     0.247
 6    -0.987    -0.113     0.117
 7   100.106   -17.652   -11.594
 7     0.340     0.478     0.810
 7    -0.792     0.609    -0.027
 7    -0.507    -0.633     0.585
 8   118.357   -31.119   -15.961
 8     0.663    -0.711     0.236
 8    -0.371    -0.039     0.927
 8    -0.650    -0.703    -0.289
 9   130.305   -27.038   -42.510
 9     0.551    -0.057     0.833
 9     0.106     0.994    -0.008
 9    -0.827     0.094     0.553
 2    97.632   -18.508    59.143
 2     0.795    -0.608     0.004
 2     0.606     0.794     0.031
 2    -0.020    -0.024     0.999
 3   123.546    -3.482    -4.239
 3     0.702    -0.244    -0.671
 3     0.025     0.948    -0.316
 3     0.711     0.205     0.671
 4    96.679    10.098    -8.692
 4     0.280    -0.099     0.955
 4     0.682     0.720    -0.125
 4    -0.676     0.686     0.269
 5   105.286    20.725   -22.418
 5     0.271     0.957     0.098
 5     0.152     0.058    -0.987
 5    -0.950     0.282    -0.130
 6   104.505    16.359   -51.149
 6     0.112    -0.261     0.959
 6    -0.075     0.960     0.270
 6    -0.991    -0.102     0.087
 7    99.875   -17.583   -11.570
 7     0.332     0.474     0.816
 7    -0.792     0.608    -0.032
 7    -0.512    -0.636     0.577
 8   117.754   -31.318   -16.376
 8     0.643    -0.726     0.247
 8    -0.380    -0.023     0.924
 8    -0.665    -0.688    -0.291
 9   129.244   -27.343   -43.117
 9     0.532    -0.046     0.846
 9     0.105     0.994    -0.018
 9    -0.840     0.099     0.533
 2    97.632   -18.507    59.143
 2     0.795    -0.608     0.003
 2     0.607     0.793     0.030
 2    -0.020    -0.024     0.999
 3   123.545    -3.588    -4.359
 3     0.703    -0.233    -0.673
 3     0.018     0.951    -0.308
 3     0.710     0.204     0.672
 4    96.932    10.155    -8.608
 4     0.290    -0.103     0.952
 4     0.684     0.717    -0.131
 4    -0.669     0.689     0.278
 5   105.760    20.835   -22.210
 5     0.281     0.955     0.088
 5     0.154     0.046    -0.987
 5    -0.947     0.290    -0.134
 6   105.272    16.736   -51.009
 6     0.123    -0.253     0.959
 6    -0.063     0.963     0.262
 6    -0.990    -0.093     0.102
 7    99.834   -17.535   -11.626
 7     0.322     0.484     0.814
 7    -0.798     0.601    -0.042
 7    -0.509    -0.636     0.579
 8   117.390   -31.627   -16.330
 8     0.636    -0.723     0.270
 8    -0.395    -0.005     0.918
 8    -0.662    -0.691    -0.289
 9   128.931   -27.931   -43.163
 9     0.536    -0.032     0.844
 9     0.094     0.995    -0.027
 9    -0.839     0.095     0.535
 2    97.631   -18.507    59.143
 2     0.794    -0.609     0.003
 2     0.607     0.793     0.030
 2    -0.020    -0.024     0.999
 3   123.550    -3.767    -4.337
 3     0.702    -0.227    -0.675
 3     0.013     0.952    -0.304
 3     0.711     0.205     0.671
 4    96.886    10.159    -8.616
 4     0.288    -0.106     0.952
 4     0.687     0.714    -0.129
 4    -0.667     0.691     0.278
 5   105.700    20.918   -22.223
 5     0.280     0.955     0.094
 5     0.160     0.050    -0.986
 5    -0.947     0.291    -0.138
 6   105.100    16.885   -50.998
 6     0.122    -0.262     0.957
 6    -0.060     0.961     0.270
 6    -0.991    -0.091     0.101
 7    99.784   -17.586   -11.575
 7     0.322     0.484     0.814
 7    -0.798     0.600    -0.042
 7    -0.509    -0.637     0.579
 8   117.157   -31.787   -16.412
 8     0.630    -0.726     0.277
 8    -0.399     0.003     0.917
 8    -0.666    -0.687    -0.288
 9   128.623   -28.192   -43.321
 9     0.532    -0.030     0.847
 9     0.090     0.995    -0.026
 9    -0.842     0.090     0.531
 2    97.631   -18.507    59.143
 2     0.794    -0.609     0.003
 2     0.607     0.793     0.031
 2    -0.020    -0.024     0.999
 3   123.518    -3.769    -4.278
 3     0.704    -0.226    -0.674
 3     0.013     0.952    -0.305
 3     0.709     0.206     0.673
 4    96.887    10.161    -8.546
 4     0.288    -0.102     0.952
 4     0.688     0.714    -0.131
 4    -0.666     0.693     0.275
 5   105.562    20.977   -22.166
 5     0.276     0.956     0.096
 5     0.165     0.052    -0.985
 5    -0.947     0.287    -0.143
 6   104.735    17.240   -50.973
 6     0.117    -0.266     0.957
 6    -0.049     0.961     0.272
 6    -0.992    -0.079     0.099
 7    99.733   -17.586   -11.622
 7     0.323     0.481     0.815
 7    -0.797     0.602    -0.039
 7    -0.510    -0.638     0.577
 8   117.158   -31.786   -16.366
 8     0.631    -0.725     0.277
 8    -0.399     0.003     0.917
 8    -0.665    -0.688    -0.287
 9   128.766   -28.344   -43.219
 9     0.536    -0.028     0.844
 9     0.083     0.996    -0.025
 9    -0.840     0.084     0.535
 2    97.631   -18.456    59.143
 2     0.794    -0.609     0.003
 2     0.608     0.792     0.031
 2    -0.020    -0.024     0.999
 3   123.546    -3.717    -4.283
 3     0.704    -0.228    -0.674
 3     0.013     0.951    -0.307
 3     0.710     0.207     0.672
 4    96.868    10.218    -8.609
 4     0.285    -0.107     0.953
 4     0.692     0.710    -0.128
 4    -0.663     0.696     0.276
 5   105.505    21.118   -22.142
 5     0.273     0.956     0.103
 5     0.172     0.057    -0.983
 5    -0.946     0.286    -0.149
 6   104.565    17.967   -51.045
 6     0.116    -0.273     0.955
 6    -0.025     0.960     0.278
 6    -0.993    -0.055     0.104
 7    99.832   -17.360   -11.753
 7     0.320     0.489     0.812
 7    -0.799     0.599    -0.046
 7    -0.509    -0.634     0.582
 8   117.051   -31.743   -16.580
 8     0.625    -0.726     0.288
 8    -0.404     0.015     0.914
 8    -0.668    -0.687    -0.284
 9   128.525   -28.351   -43.537
 9     0.532    -0.022     0.847
 9     0.082     0.996    -0.030
 9    -0.843     0.086     0.531
 2    97.631   -18.507    59.143
 2     0.794    -0.609     0.003
 2     0.608     0.792     0.031
 2    -0.020    -0.024     0.999
 3   123.728    -3.645    -4.342
 3     0.702    -0.218    -0.679
 3    -0.001     0.952    -0.304
 3     0.712     0.214     0.668
 4    97.369    10.655    -8.628
 4     0.298    -0.103     0.949
 4     0.694     0.706    -0.142
 4    -0.656     0.701     0.281
 5   106.041    21.538   -22.101
 5     0.279     0.955     0.097
 5     0.178     0.048    -0.983
 5    -0.943     0.291    -0.157
 6   105.060    18.455   -50.998
 6     0.118    -0.267     0.956
 6    -0.021     0.962     0.271
 6    -0.993    -0.052     0.108
 7    99.908   -16.940   -11.900
 7     0.316     0.493     0.811
 7    -0.795     0.604    -0.057
 7    -0.518    -0.626     0.582
 8   116.844   -31.302   -17.076
 8     0.616    -0.731     0.294
 8    -0.400     0.030     0.916
 8    -0.678    -0.682    -0.273
 9   128.110   -27.621   -44.150
 9     0.523    -0.009     0.852
 9     0.091     0.994    -0.050
 9    -0.847     0.104     0.520
 2    97.631   -18.456    59.168
 2     0.794    -0.609     0.003
 2     0.608     0.792     0.031
 2    -0.020    -0.024     0.999
 3   123.780    -3.544    -4.373
 3     0.701    -0.219    -0.680
 3    -0.004     0.951    -0.308
 3     0.713     0.219     0.665
 4    97.140    10.713    -8.593
 4     0.287    -0.106     0.952
 4     0.700     0.701    -0.133
 4    -0.654     0.705     0.275
 5   105.368    21.826   -22.065
 5     0.264     0.958     0.111
 5     0.187     0.063    -0.980
 5    -0.946     0.279    -0.163
 6   103.937    18.799   -51.006
 6     0.102    -0.281     0.954
 6    -0.013     0.959     0.283
 6    -0.995    -0.041     0.094
 7    99.925   -16.787   -11.949
 7     0.322     0.491     0.810
 7    -0.791     0.609    -0.055
 7    -0.520    -0.623     0.583
 8   116.837   -31.227   -17.120
 8     0.616    -0.732     0.292
 8    -0.397     0.030     0.917
 8    -0.680    -0.681    -0.272
 9   127.848   -27.137   -44.388
 9     0.515    -0.015     0.857
 9     0.107     0.993    -0.052
 9    -0.850     0.119     0.512
 2    97.631   -18.456    59.169
 2     0.793    -0.610     0.003
 2     0.608     0.792     0.031
 2    -0.020    -0.025     0.999
 3   123.726    -3.417    -4.420
 3     0.701    -0.222    -0.678
 3    -0.001     0.950    -0.310
 3     0.712     0.218     0.666
 4    97.013    10.585    -8.588
 4     0.286    -0.108     0.952
 4     0.699     0.702    -0.130
 4    -0.655     0.703     0.276
 5   104.896    21.640   -22.224
 5     0.247     0.962     0.117
 5     0.185     0.072    -0.980
 5    -0.951     0.263    -0.160
 6   102.952    18.401   -50.993
 6     0.077    -0.288     0.955
 6    -0.020     0.957     0.290
 6    -0.997    -0.041     0.067
 7    99.808   -16.837   -11.804
 7     0.319     0.494     0.809
 7    -0.794     0.604    -0.056
 7    -0.517    -0.625     0.585
 8   116.531   -31.415   -17.159
 8     0.603    -0.741     0.298
 8    -0.405     0.037     0.913
 8    -0.687    -0.671    -0.278
 9   127.233   -27.377   -44.542
 9     0.503    -0.012     0.865
 9     0.111     0.992    -0.056
 9    -0.857     0.125     0.499
 2    97.631   -18.507    59.143
 2     0.793    -0.610     0.003
 2     0.608     0.792     0.030
 2    -0.020    -0.024     0.999
 3   123.638    -3.467    -4.453
 3     0.705    -0.226    -0.673
 3     0.010     0.951    -0.307
 3     0.708     0.210     0.673
 4    96.813    10.249    -8.695
 4     0.276    -0.110     0.955
 4     0.697     0.706    -0.121
 4    -0.662     0.699     0.271
 5   104.268    21.354   -22.437
 5     0.230     0.965     0.125
 5     0.184     0.083    -0.979
 5    -0.956     0.248    -0.159
 6   102.241    17.775   -50.977
 6     0.056    -0.291     0.955
 6    -0.029     0.956     0.293
 6    -0.998    -0.044     0.044
 7    99.780   -17.133   -11.754
 7     0.320     0.492     0.809
 7    -0.799     0.599    -0.049
 7    -0.509    -0.631     0.585
 8   116.553   -31.712   -16.869
 8     0.604    -0.740     0.298
 8    -0.412     0.029     0.910
 8    -0.682    -0.672    -0.288
 9   127.103   -27.991   -44.275
 9     0.500    -0.009     0.866
 9     0.108     0.992    -0.057
 9    -0.859     0.123     0.496
 2    97.631   -18.507    59.143
 2     0.794    -0.609     0.003
 2     0.608     0.792     0.030
 2    -0.020    -0.024     0.999
 3   123.636    -3.543    -4.447
 3     0.706    -0.225    -0.673
 3     0.012     0.952    -0.303
 3     0.707     0.206     0.675
 4    96.757    10.116    -8.684
 4     0.279    -0.104     0.954
 4     0.692     0.710    -0.125
 4    -0.665     0.696     0.270
 5   104.319    21.227   -22.512
 5     0.228     0.966     0.122
 5     0.182     0.081    -0.980
 5    -0.956     0.246    -0.157
 6   102.207    17.367   -50.946
 6     0.045    -0.289     0.956
 6    -0.039     0.956     0.291
 6    -0.998    -0.050     0.031
 7    99.671   -17.308   -11.638
 7     0.314     0.495     0.810
 7    -0.805     0.591    -0.049
 7    -0.504    -0.637     0.584
 8   116.155   -32.126   -16.666
 8     0.592    -0.746     0.306
 8    -0.422     0.035     0.905
 8    -0.686    -0.665    -0.294
 9   126.504   -28.409   -44.252
 9     0.491    -0.002     0.871
 9     0.106     0.992    -0.062
 9    -0.864     0.124     0.486
 2    97.631   -18.532    59.143
 2     0.794    -0.609     0.003
 2     0.608     0.792     0.030
 2    -0.020    -0.024     0.999
 3   123.579    -3.672    -4.508
 3     0.709    -0.221    -0.671
 3     0.015     0.954    -0.297
 3     0.704     0.200     0.680
 4    96.698     9.935    -8.725
 4     0.276    -0.105     0.955
 4     0.691     0.712    -0.121
 4    -0.668     0.694     0.269
 5   103.952    21.101   -22.566
 5     0.216     0.968     0.128
 5     0.184     0.089    -0.979
 5    -0.959     0.234    -0.159
 6   101.725    17.369   -50.745
 6     0.037    -0.289     0.956
 6    -0.036     0.956     0.290
 6    -0.999    -0.045     0.024
 7    99.679   -17.356   -11.596
 7     0.313     0.496     0.810
 7    -0.807     0.588    -0.048
 7    -0.501    -0.639     0.584
 8   116.158   -32.253   -16.613
 8     0.591    -0.747     0.307
 8    -0.425     0.034     0.904
 8    -0.686    -0.664    -0.297
 9   126.366   -28.463   -44.271
 9     0.488    -0.001     0.873
 9     0.108     0.992    -0.064
 9    -0.866     0.127     0.483
 2    97.633   -18.532    59.140
 2     0.794    -0.608     0.002
 2     0.607     0.793     0.030
 2    -0.019    -0.023     0.999
 3   123.583    -3.672    -4.512
 3     0.708    -0.219    -0.672
 3     0.013     0.955    -0.295
 3     0.705     0.200     0.679
 4    96.765    10.046    -8.694
 4     0.276    -0.111     0.954
 4     0.697     0.707    -0.120
 4    -0.662     0.698     0.273
 5   103.952    21.322   -22.376
 5     0.217     0.967     0.131
 5     0.194     0.089    -0.977
 5    -0.957     0.237    -0.168
 6   101.732    18.023   -50.747
 6     0.041    -0.289     0.956
 6    -0.025     0.956     0.290
 6    -0.999    -0.036     0.032
 7    99.621   -17.233   -11.638
 7     0.312     0.498     0.809
 7    -0.805     0.590    -0.052
 7    -0.504    -0.636     0.585
 8   115.895   -32.187   -16.762
 8     0.582    -0.751     0.313
 8    -0.428     0.045     0.902
 8    -0.692    -0.659    -0.295
 9   125.771   -28.294   -44.716
 9     0.475     0.003     0.880
 9     0.116     0.990    -0.071
 9    -0.872     0.136     0.469
 2    97.633   -18.532    59.140
 2     0.794    -0.608     0.002
 2     0.607     0.793     0.030
 2    -0.019    -0.023     0.999
 3   123.583    -3.649    -4.486
 3     0.708    -0.216    -0.673
 3     0.009     0.955    -0.295
 3     0.705     0.202     0.678
 4    96.779    10.130    -8.658
 4     0.274    -0.121     0.954
 4     0.702     0.702    -0.113
 4    -0.657     0.701     0.278
 5   104.072    21.514   -22.276
 5     0.223     0.965     0.135
 5     0.201     0.090    -0.975
 5    -0.954     0.245    -0.174
 6   101.914    18.421   -50.816
 6     0.053    -0.291     0.955
 6    -0.020     0.956     0.292
 6    -0.998    -0.035     0.045
 7    99.702   -17.112   -11.757
 7     0.314     0.507     0.803
 7    -0.802     0.593    -0.061
 7    -0.508    -0.625     0.593
 8   115.842   -32.139   -16.854
 8     0.579    -0.754     0.312
 8    -0.428     0.045     0.902
 8    -0.694    -0.656    -0.296
 9   125.542   -28.200   -44.797
 9     0.465    -0.002     0.885
 9     0.120     0.990    -0.065
 9    -0.877     0.137     0.460
 2    97.631   -18.533    59.143
 2     0.794    -0.609     0.003
 2     0.607     0.793     0.031
 2    -0.020    -0.023     0.999
 3   123.599    -3.644    -4.508
 3     0.704    -0.216    -0.678
 3     0.006     0.955    -0.296
 3     0.710     0.204     0.673
 4    96.787    10.136    -8.718
 4     0.272    -0.130     0.953
 4     0.706     0.700    -0.106
 4    -0.654     0.702     0.282
 5   104.133    21.624   -22.194
 5     0.227     0.964     0.138
 5     0.206     0.091    -0.974
 5    -0.952     0.249    -0.178
 6   101.949    18.527   -50.853
 6     0.055    -0.292     0.955
 6    -0.018     0.956     0.293
 6    -0.998    -0.033     0.047
 7    99.562   -17.136   -11.628
 7     0.311     0.501     0.808
 7    -0.804     0.591    -0.057
 7    -0.507    -0.632     0.586
 8   115.661   -32.247   -16.905
 8     0.571    -0.759     0.314
 8    -0.431     0.049     0.901
 8    -0.699    -0.649    -0.299
 9   125.129   -28.439   -44.973
 9     0.458    -0.003     0.889
 9     0.115     0.991    -0.060
 9    -0.881     0.131     0.453
 2    97.606   -18.507    59.168
 2     0.793    -0.610     0.003
 2     0.608     0.792     0.031
 2    -0.020    -0.024     0.999
 3   123.600    -3.670    -4.457
 3     0.704    -0.214    -0.679
 3     0.005     0.955    -0.294
 3     0.710     0.203     0.673
 4    96.892    10.136    -8.646
 4     0.276    -0.125     0.953
 4     0.705     0.699    -0.112
 4    -0.653     0.704     0.281
 5   104.411    21.682   -22.080
 5     0.235     0.962     0.137
 5     0.209     0.088    -0.974
 5    -0.949     0.258    -0.180
 6   102.604    18.486   -50.666
 6     0.066    -0.289     0.955
 6    -0.026     0.956     0.291
 6    -0.997    -0.044     0.055
 7    99.542   -17.135   -11.583
 7     0.310     0.502     0.807
 7    -0.806     0.589    -0.057
 7    -0.505    -0.633     0.587
 8   115.563   -32.375   -16.852
 8     0.568    -0.760     0.319
 8    -0.434     0.053     0.899
 8    -0.699    -0.648    -0.300
 9   125.031   -28.593   -44.945
 9     0.458    -0.001     0.889
 9     0.113     0.991    -0.062
 9    -0.881     0.130     0.453
 2    97.631   -18.507    59.168
 2     0.793    -0.610     0.003
 2     0.608     0.792     0.031
 2    -0.020    -0.024     0.999
 3   123.559    -3.771    -4.362
 3     0.702    -0.211    -0.682
 3     0.003     0.956    -0.291
 3     0.712     0.201     0.672
 4    96.848    10.189    -8.652
 4     0.277    -0.125     0.953
 4     0.706     0.698    -0.114
 4    -0.651     0.704     0.282
 5   104.419    21.736   -22.035
 5     0.239     0.961     0.141
 5     0.212     0.090    -0.973
 5    -0.948     0.262    -0.182
 6   102.578    18.471   -50.679
 6     0.066    -0.290     0.955
 6    -0.026     0.956     0.292
 6    -0.998    -0.044     0.055
 7    99.488   -17.113   -11.519
 7     0.307     0.501     0.810
 7    -0.805     0.590    -0.061
 7    -0.508    -0.633     0.583
 8   115.021   -32.467   -17.132
 8     0.551    -0.769     0.327
