% Calibrated with leiden_pols
% Positions are in centimeters
Data =[
 2    97.628   -18.507    59.171
 2     0.792    -0.611     0.003
 2     0.609     0.791     0.031
 2    -0.021    -0.024     0.999
 3   126.102    -3.484     2.540
 3     0.410    -0.289    -0.866
 3     0.036     0.953    -0.299
 3     0.911     0.090     0.400
 4   107.488    14.889    -7.728
 4     0.507    -0.777     0.373
 4     0.851     0.383    -0.359
 4     0.136     0.499     0.855
 5   110.850    23.648    15.297
 5     0.392    -0.704     0.593
 5     0.164    -0.580    -0.797
 5     0.905     0.409    -0.111
 6   125.228    24.161    41.580
 6     0.201    -0.039    -0.979
 6     0.034     0.999    -0.034
 6     0.979    -0.026     0.202
 7   109.695   -22.235    -7.745
 7     0.268     0.945     0.185
 7    -0.939     0.213     0.270
 7     0.216    -0.247     0.945
 8   112.019   -28.962    16.323
 8     0.338     0.726     0.599
 8    -0.242    -0.548     0.800
 8     0.909    -0.416    -0.010
 9   124.528   -30.054    42.054
 9     0.240     0.309    -0.920
 9    -0.004     0.948     0.317
 9     0.970    -0.072     0.229
 2    97.630   -18.507    59.168
 2     0.792    -0.611     0.003
 2     0.609     0.791     0.031
 2    -0.020    -0.024     0.999
 3   126.045    -3.386     2.572
 3     0.412    -0.290    -0.865
 3     0.035     0.953    -0.300
 3     0.910     0.092     0.402
 4   107.442    14.942    -7.684
 4     0.505    -0.779     0.373
 4     0.852     0.380    -0.360
 4     0.138     0.499     0.855
 5   110.749    23.699    15.321
 5     0.392    -0.703     0.595
 5     0.164    -0.582    -0.796
 5     0.905     0.409    -0.112
 6   125.200    24.185    41.680
 6     0.201    -0.043    -0.979
 6     0.033     0.999    -0.039
 6     0.979    -0.024     0.201
 7   109.600   -22.133    -7.751
 7     0.266     0.946     0.185
 7    -0.939     0.211     0.271
 7     0.218    -0.246     0.944
 8   111.967   -28.888    16.324
 8     0.338     0.727     0.598
 8    -0.244    -0.546     0.801
 8     0.909    -0.417    -0.007
 9   124.578   -29.982    42.028
 9     0.242     0.306    -0.921
 9    -0.007     0.949     0.314
 9     0.970    -0.070     0.231
 2    97.605   -18.507    59.168
 2     0.792    -0.611     0.003
 2     0.609     0.791     0.031
 2    -0.020    -0.024     0.999
 3   126.015    -3.363     2.579
 3     0.414    -0.289    -0.864
 3     0.034     0.953    -0.300
 3     0.909     0.093     0.404
 4   107.443    15.045    -7.662
 4     0.504    -0.779     0.374
 4     0.852     0.378    -0.360
 4     0.139     0.500     0.854
 5   110.673    23.649    15.421
 5     0.391    -0.700     0.598
 5     0.164    -0.585    -0.793
 5     0.905     0.408    -0.113
 6   125.098    24.183    41.753
 6     0.200    -0.048    -0.979
 6     0.031     0.998    -0.044
 6     0.979    -0.021     0.201
 7   109.522   -22.108    -7.774
 7     0.267     0.946     0.184
 7    -0.939     0.212     0.271
 7     0.217    -0.246     0.945
 8   111.960   -28.892    16.281
 8     0.338     0.726     0.599
 8    -0.247    -0.545     0.801
 8     0.908    -0.418    -0.005
 9   124.515   -29.984    41.936
 9     0.245     0.302    -0.922
 9    -0.007     0.951     0.309
 9     0.969    -0.069     0.235
 2    97.628   -18.456    59.145
 2     0.792    -0.611     0.003
 2     0.610     0.791     0.031
 2    -0.021    -0.024     0.999
 3   126.052    -3.359     2.566
 3     0.410    -0.287    -0.866
 3     0.035     0.954    -0.297
 3     0.911     0.090     0.401
 4   107.495    15.043    -7.731
 4     0.506    -0.781     0.367
 4     0.851     0.384    -0.357
 4     0.138     0.493     0.859
 5   110.683    23.784    15.230
 5     0.385    -0.698     0.606
 5     0.169    -0.591    -0.788
 5     0.907     0.405    -0.109
 6   125.098    24.234    41.676
 6     0.200    -0.047    -0.979
 6     0.031     0.999    -0.043
 6     0.979    -0.021     0.201
 7   109.749   -22.231    -7.707
 7     0.271     0.946     0.179
 7    -0.937     0.217     0.273
 7     0.219    -0.242     0.945
 8   112.065   -29.017    16.274
 8     0.335     0.728     0.599
 8    -0.245    -0.546     0.801
 8     0.909    -0.415    -0.004
 9   124.648   -29.976    42.025
 9     0.244     0.288    -0.926
 9    -0.003     0.955     0.296
 9     0.970    -0.070     0.233
 2    97.627   -18.456    59.145
 2     0.791    -0.612     0.003
 2     0.611     0.790     0.031
 2    -0.021    -0.024     0.999
 3   126.122    -3.527     2.469
 3     0.403    -0.286    -0.870
 3     0.040     0.954    -0.294
 3     0.914     0.083     0.395
 4   107.965    14.866    -7.840
 4     0.518    -0.780     0.351
 4     0.843     0.397    -0.361
 4     0.143     0.483     0.864
 5   110.913    23.816    14.898
 5     0.357    -0.699     0.621
 5     0.181    -0.600    -0.779
 5     0.916     0.389    -0.087
 6   125.049    24.232    41.626
 6     0.199    -0.044    -0.979
 6     0.030     0.999    -0.040
 6     0.979    -0.021     0.199
 7   109.891   -22.524    -7.630
 7     0.281     0.942     0.180
 7    -0.932     0.224     0.283
 7     0.226    -0.247     0.942
 8   112.417   -29.431    15.972
 8     0.325     0.743     0.585
 8    -0.251    -0.528     0.811
 8     0.912    -0.410     0.015
 9   125.007   -29.979    41.902
 9     0.252     0.251    -0.935
 9    -0.000     0.965     0.259
 9     0.967    -0.066     0.243
 2    97.628   -18.457    59.145
 2     0.792    -0.611     0.003
 2     0.609     0.791     0.031
 2    -0.021    -0.024     0.999
 3   126.209    -3.606     2.255
 3     0.406    -0.287    -0.869
 3     0.040     0.954    -0.295
 3     0.912     0.084     0.398
 4   108.144    15.072    -7.484
 4     0.555    -0.762     0.334
 4     0.816     0.421    -0.396
 4     0.161     0.492     0.855
 5   113.077    24.326    14.979
 5     0.428    -0.684     0.592
 5     0.207    -0.563    -0.799
 5     0.880     0.464    -0.099
 6   130.200    25.516    39.807
 6     0.330    -0.059    -0.942
 6     0.081     0.996    -0.036
 6     0.940    -0.064     0.333
 7   109.271   -22.461    -7.431
 7     0.310     0.924     0.222
 7    -0.925     0.239     0.295
 7     0.220    -0.297     0.929
 8   114.849   -30.634    16.062
 8     0.459     0.679     0.573
 8    -0.328    -0.470     0.819
 8     0.825    -0.564     0.007
 9   132.208   -32.632    37.996
 9     0.445     0.219    -0.868
 9    -0.057     0.974     0.217
 9     0.893    -0.047     0.446
 2    97.628   -18.457    59.171
 2     0.792    -0.611     0.004
 2     0.609     0.791     0.031
 2    -0.021    -0.024     0.999
 3   125.854    -3.672     1.709
 3     0.434    -0.305    -0.848
 3     0.052     0.948    -0.313
 3     0.899     0.090     0.427
 4   107.549    14.907    -7.191
 4     0.594    -0.714     0.371
 4     0.793     0.444    -0.416
 4     0.132     0.541     0.830
 5   116.823    24.405    14.729
 5     0.631    -0.579     0.518
 5     0.220    -0.505    -0.834
 5     0.743     0.640    -0.191
 6   138.486    25.971    34.549
 6     0.536    -0.058    -0.843
 6     0.105     0.994    -0.004
 6     0.838    -0.086     0.538
 7   108.638   -22.437    -7.587
 7     0.340     0.901     0.269
 7    -0.920     0.259     0.295
 7     0.197    -0.348     0.916
 8   117.966   -31.607    15.177
 8     0.638     0.523     0.566
 8    -0.366    -0.440     0.819
 8     0.677    -0.730    -0.090
 9   139.530   -33.130    32.070
 9     0.645     0.178    -0.743
 9    -0.060     0.981     0.185
 9     0.762    -0.075     0.643
 2    97.628   -18.457    59.171
 2     0.792    -0.611     0.003
 2     0.609     0.791     0.031
 2    -0.021    -0.024     0.999
 3   125.536    -3.740     1.305
 3     0.457    -0.310    -0.835
 3     0.058     0.946    -0.317
 3     0.887     0.095     0.449
 4   106.799    14.724    -7.113
 4     0.629    -0.656     0.417
 4     0.773     0.472    -0.423
 4     0.080     0.589     0.804
 5   119.808    24.301    12.946
 5     0.785    -0.430     0.448
 5     0.237    -0.459    -0.856
 5     0.573     0.778    -0.258
