% Calibrated with leiden_pols
% Positions are in centimeters
Data =[
 2    97.628   -18.507    59.171
 2     0.792    -0.611     0.003
 2     0.609     0.791     0.031
 2    -0.021    -0.024     0.999
 3   126.102    -3.484     2.540
 3     0.410    -0.289    -0.866
 3     0.036     0.953    -0.299
 3     0.911     0.090     0.400
 4   107.488    14.889    -7.728
 4     0.507    -0.777     0.373
 4     0.851     0.383    -0.359
 4     0.136     0.499     0.855
 5   110.850    23.648    15.297
 5     0.392    -0.704     0.593
 5     0.164    -0.580    -0.797
 5     0.905     0.409    -0.111
 6   125.228    24.161    41.580
 6     0.201    -0.039    -0.979
 6     0.034     0.999    -0.034
 6     0.979    -0.026     0.202
 7   109.695   -22.235    -7.745
 7     0.268     0.945     0.185
 7    -0.939     0.213     0.270
 7     0.216    -0.247     0.945
 8   112.019   -28.962    16.323
 8     0.338     0.726     0.599
 8    -0.242    -0.548     0.800
 8     0.909    -0.416    -0.010
 9   124.528   -30.054    42.054
 9     0.240     0.309    -0.920
 9    -0.004     0.948     0.317
 9     0.970    -0.072     0.229
 2    97.630   -18.507    59.168
 2     0.792    -0.611     0.003
 2     0.609     0.791     0.031
 2    -0.020    -0.024     0.999
 3   126.045    -3.386     2.572
 3     0.412    -0.290    -0.865
 3     0.035     0.953    -0.300
 3     0.910     0.092     0.402
 4   107.442    14.942    -7.684
 4     0.505    -0.779     0.373
 4     0.852     0.380    -0.360
 4     0.138     0.499     0.855
 5   110.749    23.699    15.321
 5     0.392    -0.703     0.595
 5     0.164    -0.582    -0.796
 5     0.905     0.409    -0.112
 6   125.200    24.185    41.680
 6     0.201    -0.043    -0.979
 6     0.033     0.999    -0.039
 6     0.979    -0.024     0.201
 7   109.600   -22.133    -7.751
 7     0.266     0.946     0.185
 7    -0.939     0.211     0.271
 7     0.218    -0.246     0.944
 8   111.967   -28.888    16.324
 8     0.338     0.727     0.598
 8    -0.244    -0.546     0.801
 8     0.909    -0.417    -0.007
 9   124.578   -29.982    42.028
 9     0.242     0.306    -0.921
 9    -0.007     0.949     0.314
 9     0.970    -0.070     0.231
 2    97.605   -18.507    59.168
 2     0.792    -0.611     0.003
 2     0.609     0.791     0.031
 2    -0.020    -0.024     0.999
 3   126.015    -3.363     2.579
 3     0.414    -0.289    -0.864
 3     0.034     0.953    -0.300
 3     0.909     0.093     0.404
 4   107.443    15.045    -7.662
 4     0.504    -0.779     0.374
 4     0.852     0.378    -0.360
 4     0.139     0.500     0.854
 5   110.673    23.649    15.421
 5     0.391    -0.700     0.598
 5     0.164    -0.585    -0.793
 5     0.905     0.408    -0.113
 6   125.098    24.183    41.753
 6     0.200    -0.048    -0.979
 6     0.031     0.998    -0.044
 6     0.979    -0.021     0.201
 7   109.522   -22.108    -7.774
 7     0.267     0.946     0.184
 7    -0.939     0.212     0.271
 7     0.217    -0.246     0.945
 8   111.960   -28.892    16.281
 8     0.338     0.726     0.599
 8    -0.247    -0.545     0.801
 8     0.908    -0.418    -0.005
 9   124.515   -29.984    41.936
 9     0.245     0.302    -0.922
 9    -0.007     0.951     0.309
 9     0.969    -0.069     0.235
 2    97.628   -18.456    59.145
 2     0.792    -0.611     0.003
 2     0.610     0.791     0.031
 2    -0.021    -0.024     0.999
 3   126.052    -3.359     2.566
 3     0.410    -0.287    -0.866
 3     0.035     0.954    -0.297
 3     0.911     0.090     0.401
 4   107.495    15.043    -7.731
 4     0.506    -0.781     0.367
 4     0.851     0.384    -0.357
 4     0.138     0.493     0.859
 5   110.683    23.784    15.230
 5     0.385    -0.698     0.606
 5     0.169    -0.591    -0.788
 5     0.907     0.405    -0.109
 6   125.098    24.234    41.676
 6     0.200    -0.047    -0.979
 6     0.031     0.999    -0.043
 6     0.979    -0.021     0.201
 7   109.749   -22.231    -7.707
 7     0.271     0.946     0.179
 7    -0.937     0.217     0.273
 7     0.219    -0.242     0.945
 8   112.065   -29.017    16.274
 8     0.335     0.728     0.599
 8    -0.245    -0.546     0.801
 8     0.909    -0.415    -0.004
 9   124.648   -29.976    42.025
 9     0.244     0.288    -0.926
 9    -0.003     0.955     0.296
 9     0.970    -0.070     0.233
 2    97.627   -18.456    59.145
 2     0.791    -0.612     0.003
 2     0.611     0.790     0.031
 2    -0.021    -0.024     0.999
 3   126.122    -3.527     2.469
 3     0.403    -0.286    -0.870
 3     0.040     0.954    -0.294
 3     0.914     0.083     0.395
 4   107.965    14.866    -7.840
 4     0.518    -0.780     0.351
 4     0.843     0.397    -0.361
 4     0.143     0.483     0.864
 5   110.913    23.816    14.898
 5     0.357    -0.699     0.621
 5     0.181    -0.600    -0.779
 5     0.916     0.389    -0.087
 6   125.049    24.232    41.626
 6     0.199    -0.044    -0.979
 6     0.030     0.999    -0.040
 6     0.979    -0.021     0.199
 7   109.891   -22.524    -7.630
 7     0.281     0.942     0.180
 7    -0.932     0.224     0.283
 7     0.226    -0.247     0.942
 8   112.417   -29.431    15.972
 8     0.325     0.743     0.585
 8    -0.251    -0.528     0.811
 8     0.912    -0.410     0.015
 9   125.007   -29.979    41.902
 9     0.252     0.251    -0.935
 9    -0.000     0.965     0.259
 9     0.967    -0.066     0.243
 2    97.628   -18.457    59.145
 2     0.792    -0.611     0.003
 2     0.609     0.791     0.031
 2    -0.021    -0.024     0.999
 3   126.209    -3.606     2.255
 3     0.406    -0.287    -0.869
 3     0.040     0.954    -0.295
 3     0.912     0.084     0.398
 4   108.144    15.072    -7.484
 4     0.555    -0.762     0.334
 4     0.816     0.421    -0.396
 4     0.161     0.492     0.855
 5   113.077    24.326    14.979
 5     0.428    -0.684     0.592
 5     0.207    -0.563    -0.799
 5     0.880     0.464    -0.099
 6   130.200    25.516    39.807
 6     0.330    -0.059    -0.942
 6     0.081     0.996    -0.036
 6     0.940    -0.064     0.333
 7   109.271   -22.461    -7.431
 7     0.310     0.924     0.222
 7    -0.925     0.239     0.295
 7     0.220    -0.297     0.929
 8   114.849   -30.634    16.062
 8     0.459     0.679     0.573
 8    -0.328    -0.470     0.819
 8     0.825    -0.564     0.007
 9   132.208   -32.632    37.996
 9     0.445     0.219    -0.868
 9    -0.057     0.974     0.217
 9     0.893    -0.047     0.446
 2    97.628   -18.457    59.171
 2     0.792    -0.611     0.004
 2     0.609     0.791     0.031
 2    -0.021    -0.024     0.999
 3   125.854    -3.672     1.709
 3     0.434    -0.305    -0.848
 3     0.052     0.948    -0.313
 3     0.899     0.090     0.427
 4   107.549    14.907    -7.191
 4     0.594    -0.714     0.371
 4     0.793     0.444    -0.416
 4     0.132     0.541     0.830
 5   116.823    24.405    14.729
 5     0.631    -0.579     0.518
 5     0.220    -0.505    -0.834
 5     0.743     0.640    -0.191
 6   138.486    25.971    34.549
 6     0.536    -0.058    -0.843
 6     0.105     0.994    -0.004
 6     0.838    -0.086     0.538
 7   108.638   -22.437    -7.587
 7     0.340     0.901     0.269
 7    -0.920     0.259     0.295
 7     0.197    -0.348     0.916
 8   117.966   -31.607    15.177
 8     0.638     0.523     0.566
 8    -0.366    -0.440     0.819
 8     0.677    -0.730    -0.090
 9   139.530   -33.130    32.070
 9     0.645     0.178    -0.743
 9    -0.060     0.981     0.185
 9     0.762    -0.075     0.643
 2    97.628   -18.457    59.171
 2     0.792    -0.611     0.003
 2     0.609     0.791     0.031
 2    -0.021    -0.024     0.999
 3   125.536    -3.740     1.305
 3     0.457    -0.310    -0.835
 3     0.058     0.946    -0.317
 3     0.887     0.095     0.449
 4   106.799    14.724    -7.113
 4     0.629    -0.656     0.417
 4     0.773     0.472    -0.423
 4     0.080     0.589     0.804
 5   119.808    24.301    12.946
 5     0.785    -0.430     0.448
 5     0.237    -0.459    -0.856
 5     0.573     0.778    -0.258
 6   144.803    25.369    27.189
 6     0.715    -0.024    -0.699
 6     0.085     0.995     0.049
 6     0.693    -0.096     0.713
 7   108.118   -22.431    -7.535
 7     0.375     0.873     0.310
 7    -0.909     0.281     0.306
 7     0.180    -0.397     0.900
 8   120.886   -31.555    13.866
 8     0.761     0.374     0.530
 8    -0.369    -0.421     0.827
 8     0.532    -0.826    -0.183
 9   145.264   -32.791    25.179
 9     0.794     0.151    -0.589
 9    -0.059     0.983     0.174
 9     0.604    -0.103     0.789
 2    97.628   -18.456    59.171
 2     0.792    -0.611     0.004
 2     0.610     0.791     0.031
 2    -0.021    -0.024     0.999
 3   125.328    -3.806     0.891
 3     0.478    -0.312    -0.823
 3     0.063     0.945    -0.320
 3     0.876     0.100     0.470
 4   106.177    14.429    -7.129
 4     0.658    -0.594     0.463
 4     0.753     0.504    -0.422
 4     0.017     0.626     0.779
 5   122.329    23.710    10.330
 5     0.887    -0.278     0.368
 5     0.230    -0.426    -0.875
 5     0.400     0.861    -0.314
 6   149.075    24.807    18.723
 6     0.848    -0.026    -0.529
 6     0.076     0.994     0.069
 6     0.524    -0.101     0.845
 7   107.607   -22.315    -7.691
 7     0.432     0.816     0.385
 7    -0.897     0.342     0.280
 7     0.097    -0.466     0.879
 8   123.324   -31.958    11.129
 8     0.850     0.220     0.479
 8    -0.377    -0.382     0.843
 8     0.368    -0.898    -0.242
 9   149.143   -33.012    17.219
 9     0.897     0.128    -0.423
 9    -0.072     0.986     0.149
 9     0.435    -0.103     0.894
 2    97.603   -18.457    59.171
 2     0.792    -0.611     0.003
 2     0.609     0.791     0.031
 2    -0.021    -0.024     0.999
 3   125.033    -3.770     0.604
 3     0.493    -0.318    -0.812
 3     0.059     0.941    -0.330
 3     0.868     0.114     0.482
 4   105.541    14.283    -6.955
 4     0.680    -0.526     0.512
 4     0.732     0.534    -0.423
 4    -0.051     0.661     0.747
 5   123.842    23.511     7.889
 5     0.942    -0.156     0.297
 5     0.215    -0.398    -0.892
 5     0.256     0.904    -0.341
 6   151.364    23.859    11.355
 6     0.929    -0.017    -0.371
 6     0.053     0.995     0.083
 6     0.367    -0.099     0.925
 7   107.579   -21.889    -8.691
 7     0.478     0.752     0.454
 7    -0.878     0.411     0.243
 7    -0.003    -0.515     0.857
 8   125.403   -31.860     7.778
 8     0.898     0.111     0.425
 8    -0.369    -0.333     0.867
 8     0.238    -0.936    -0.259
 9   151.737   -32.364     9.630
 9     0.955     0.093    -0.281
 9    -0.063     0.991     0.116
 9     0.289    -0.093     0.952
 2    97.628   -18.457    59.171
 2     0.792    -0.611     0.003
 2     0.609     0.791     0.031
 2    -0.021    -0.024     0.999
 3   125.068    -3.628     0.387
 3     0.505    -0.328    -0.800
 3     0.059     0.936    -0.344
 3     0.861     0.126     0.492
 4   105.386    14.119    -6.958
 4     0.684    -0.477     0.553
 4     0.720     0.562    -0.407
 4    -0.117     0.676     0.727
 5   125.253    23.126     5.136
 5     0.972    -0.040     0.233
 5     0.200    -0.379    -0.903
 5     0.124     0.924    -0.360
 6   152.620    23.429     3.908
 6     0.976    -0.031    -0.214
 6     0.048     0.996     0.074
 6     0.211    -0.083     0.974
 7   107.616   -21.310    -9.616
 7     0.510     0.692     0.511
 7    -0.855     0.473     0.212
 7    -0.095    -0.545     0.833
 8   127.243   -31.645     3.780
 8     0.929    -0.007     0.368
 8    -0.355    -0.281     0.891
 8     0.097    -0.960    -0.263
 9   153.322   -31.146     0.700
 9     0.995     0.047    -0.089
 9    -0.042     0.997     0.062
 9     0.092    -0.058     0.994
 2    97.630   -18.456    59.168
 2     0.792    -0.611     0.004
 2     0.610     0.791     0.031
 2    -0.020    -0.024     0.999
 3   125.223    -3.499     0.254
 3     0.504    -0.329    -0.800
 3     0.060     0.936    -0.346
 3     0.862     0.125     0.490
 4   105.418    13.942    -7.334
 4     0.689    -0.424     0.588
 4     0.698     0.603    -0.385
 4    -0.192     0.675     0.711
 5   126.373    22.645     1.538
 5     0.985     0.079     0.151
 5     0.170    -0.341    -0.924
 5    -0.022     0.936    -0.350
 6   152.859    22.261    -4.866
 6     0.999    -0.028    -0.028
 6     0.030     0.996     0.083
 6     0.025    -0.084     0.996
 7   106.902   -20.719   -10.799
 7     0.517     0.633     0.577
 7    -0.835     0.521     0.176
 7    -0.190    -0.572     0.797
 8   127.694   -31.475    -0.913
 8     0.935    -0.136     0.328
 8    -0.351    -0.215     0.911
 8    -0.053    -0.967    -0.249
 9   152.818   -30.009    -8.523
 9     0.995     0.021     0.101
 9    -0.021     1.000     0.004
 9    -0.101    -0.007     0.995
 2    97.628   -18.507    59.145
 2     0.792    -0.611     0.004
 2     0.609     0.791     0.031
 2    -0.021    -0.024     0.999
 3   125.161    -3.813    -0.248
 3     0.528    -0.296    -0.797
 3     0.035     0.944    -0.326
 3     0.848     0.143     0.508
 4   104.665    13.286    -7.775
 4     0.678    -0.359     0.642
 4     0.676     0.647    -0.352
 4    -0.290     0.672     0.681
 5   126.104    22.304    -2.670
 5     0.973     0.212     0.084
 5     0.146    -0.292    -0.945
 5    -0.176     0.932    -0.316
 6   151.031    21.120   -13.986
 6     0.988    -0.031     0.151
 6     0.012     0.991     0.130
 6    -0.154    -0.127     0.980
 7   105.468   -20.007   -11.476
 7     0.485     0.575     0.659
 7    -0.821     0.558     0.117
 7    -0.301    -0.598     0.742
 8   126.553   -31.561    -5.764
 8     0.908    -0.289     0.303
 8    -0.353    -0.139     0.925
 8    -0.225    -0.947    -0.228
 9   149.795   -28.962   -19.310
 9     0.943    -0.009     0.332
 9     0.030     0.997    -0.062
 9    -0.331     0.066     0.941
 2    97.628   -18.507    59.171
 2     0.792    -0.612     0.003
 2     0.610     0.791     0.031
 2    -0.021    -0.024     0.999
 3   125.058    -3.934    -1.030
 3     0.572    -0.277    -0.773
 3     0.026     0.947    -0.318
 3     0.819     0.161     0.548
 4   103.272    12.444    -8.231
 4     0.625    -0.297     0.722
 4     0.667     0.681    -0.299
 4    -0.404     0.668     0.624
 5   124.520    22.143    -7.235
 5     0.932     0.358     0.055
 5     0.148    -0.236    -0.960
 5    -0.330     0.903    -0.273
 6   146.940    20.826   -23.288
 6     0.941    -0.063     0.333
 6     0.008     0.986     0.169
 6    -0.339    -0.155     0.928
 7   104.383   -19.879   -11.891
 7     0.461     0.509     0.727
 7    -0.798     0.595     0.089
 7    -0.388    -0.621     0.680
 8   125.027   -31.665   -10.255
 8     0.859    -0.426     0.285
 8    -0.348    -0.075     0.934
 8    -0.376    -0.901    -0.212
 9   145.614   -28.332   -28.543
 9     0.858     0.006     0.514
 9     0.049     0.994    -0.099
 9    -0.511     0.109     0.852
 2    97.628   -18.456    59.145
 2     0.792    -0.612     0.003
 2     0.610     0.791     0.031
 2    -0.021    -0.024     0.999
 3   124.848    -4.157    -1.941
 3     0.616    -0.271    -0.741
 3     0.017     0.944    -0.328
 3     0.787     0.188     0.586
 4   101.971    11.699    -8.431
 4     0.569    -0.236     0.788
 4     0.658     0.704    -0.265
 4    -0.493     0.669     0.555
 5   122.272    21.805   -11.252
 5     0.868     0.494     0.045
 5     0.149    -0.173    -0.973
 5    -0.473     0.852    -0.224
 6   141.469    20.558   -31.543
 6     0.860    -0.121     0.495
 6     0.021     0.979     0.205
 6    -0.509    -0.165     0.844
 7   102.861   -19.366   -11.783
 7     0.424     0.477     0.769
 7    -0.784     0.619     0.048
 7    -0.453    -0.624     0.636
 8   122.383   -31.793   -13.632
 8     0.779    -0.560     0.281
 8    -0.363    -0.037     0.931
 8    -0.511    -0.827    -0.232
 9   139.324   -29.526   -36.122
 9     0.739     0.031     0.673
 9     0.025     0.996    -0.081
 9    -0.673     0.076     0.735
 2    97.628   -18.456    59.145
 2     0.792    -0.612     0.003
 2     0.610     0.791     0.031
 2    -0.021    -0.024     0.999
 3   124.412    -4.307    -2.672
 3     0.652    -0.242    -0.720
 3    -0.011     0.945    -0.325
 3     0.758     0.220     0.613
 4   100.504    11.405    -8.344
 4     0.490    -0.195     0.849
 4     0.661     0.717    -0.217
 4    -0.568     0.668     0.480
 5   119.276    22.104   -14.476
 5     0.777     0.628     0.051
 5     0.164    -0.122    -0.979
 5    -0.607     0.768    -0.198
 6   134.503    21.191   -38.400
 6     0.747    -0.176     0.641
 6     0.035     0.973     0.228
 6    -0.664    -0.148     0.732
 7   101.141   -18.558   -11.506
 7     0.367     0.480     0.797
 7    -0.793     0.609    -0.002
 7    -0.486    -0.632     0.603
 8   118.960   -32.661   -15.306
 8     0.689    -0.644     0.333
 8    -0.415     0.025     0.909
 8    -0.594    -0.765    -0.250
 9   133.340   -31.272   -40.134
 9     0.641     0.043     0.766
 9     0.004     0.998    -0.065
 9    -0.767     0.044     0.640
 2    97.630   -18.507    59.168
 2     0.792    -0.611     0.003
 2     0.609     0.791     0.031
 2    -0.020    -0.024     0.999
 3   123.985    -4.386    -3.263
 3     0.668    -0.214    -0.713
 3    -0.033     0.948    -0.314
 3     0.743     0.233     0.627
 4    99.103    11.026    -8.193
 4     0.387    -0.195     0.901
 4     0.685     0.715    -0.140
 4    -0.617     0.671     0.410
 5   115.454    22.495   -17.172
 5     0.670     0.734     0.103
 5     0.188    -0.033    -0.982
 5    -0.718     0.677    -0.161
 6   127.247    21.650   -43.293
 6     0.629    -0.266     0.731
 6     0.050     0.951     0.303
 6    -0.776    -0.154     0.611
 7   100.302   -17.888   -11.476
 7     0.328     0.484     0.811
 7    -0.795     0.604    -0.040
 7    -0.510    -0.632     0.583
 8   116.154   -33.133   -16.581
 8     0.597    -0.713     0.369
 8    -0.455     0.078     0.887
 8    -0.661    -0.697    -0.278
 9   127.305   -32.414   -43.756
 9     0.524     0.033     0.851
 9     0.001     0.999    -0.045
 9    -0.851     0.025     0.523
 2    97.605   -18.456    59.168
 2     0.792    -0.611     0.003
 2     0.610     0.791     0.031
 2    -0.020    -0.024     0.999
 3   124.083    -4.427    -3.675
 3     0.677    -0.192    -0.711
 3    -0.044     0.953    -0.297
 3     0.734     0.233     0.637
 4    98.316    10.793    -8.201
 4     0.307    -0.197     0.931
 4     0.700     0.709    -0.081
 4    -0.645     0.677     0.355
 5   111.721    22.910   -19.150
 5     0.546     0.823     0.158
 5     0.219     0.043    -0.975
 5    -0.809     0.566    -0.157
 6   119.241    22.467   -47.299
 6     0.473    -0.321     0.820
 6     0.076     0.942     0.324
 6    -0.877    -0.091     0.470
 7    99.429   -17.558   -11.227
 7     0.288     0.482     0.828
 7    -0.804     0.590    -0.065
 7    -0.521    -0.647     0.557
 8   113.257   -34.123   -17.190
 8     0.505    -0.751     0.427
 8    -0.501     0.148     0.852
 8    -0.703    -0.644    -0.301
 9   121.872   -34.421   -45.686
 9     0.433     0.066     0.899
 9    -0.021     0.998    -0.067
 9    -0.901     0.011     0.432
 2    97.628   -18.507    59.171
 2     0.792    -0.612     0.003
 2     0.610     0.791     0.031
 2    -0.021    -0.024     0.999
 3   123.826    -4.720    -4.154
 3     0.689    -0.172    -0.705
 3    -0.047     0.959    -0.279
 3     0.723     0.225     0.653
 4    97.752    10.430    -8.416
 4     0.269    -0.161     0.949
 4     0.700     0.709    -0.079
 4    -0.662     0.686     0.303
 5   108.326    22.352   -20.873
 5     0.404     0.901     0.156
 5     0.217     0.071    -0.974
 5    -0.888     0.427    -0.167
 6   111.019    21.988   -50.101
 6     0.299    -0.344     0.890
 6     0.088     0.939     0.332
 6    -0.950    -0.021     0.311
 7    98.979   -17.513   -11.089
 7     0.264     0.482     0.836
 7    -0.814     0.575    -0.075
 7    -0.518    -0.661     0.543
 8   112.225   -34.672   -17.101
 8     0.465    -0.777     0.426
 8    -0.521     0.148     0.840
 8    -0.716    -0.611    -0.336
 9   119.446   -35.808   -46.116
 9     0.377     0.008     0.926
 9    -0.040     0.999     0.004
 9    -0.925    -0.037     0.376
 2    97.627   -18.507    59.170
 2     0.791    -0.612     0.003
 2     0.611     0.790     0.031
 2    -0.021    -0.024     0.999
 3   123.611    -4.982    -4.449
 3     0.702    -0.167    -0.693
 3    -0.035     0.963    -0.266
 3     0.710     0.211     0.670
 4    97.386    10.175    -8.375
 4     0.254    -0.126     0.959
 4     0.699     0.708    -0.092
 4    -0.668     0.694     0.267
 5   106.545    22.125   -21.444
 5     0.316     0.939     0.133
 5     0.218     0.065    -0.974
 5    -0.923     0.337    -0.185
 6   106.471    21.895   -50.762
 6     0.199    -0.308     0.930
 6     0.085     0.951     0.296
 6    -0.976     0.021     0.215
 7    98.878   -17.661   -10.978
 7     0.255     0.482     0.838
 7    -0.821     0.566    -0.076
 7    -0.511    -0.669     0.539
 8   111.899   -35.026   -16.842
 8     0.453    -0.783     0.428
 8    -0.533     0.147     0.833
 8    -0.714    -0.605    -0.350
 9   119.065   -36.986   -45.720
 9     0.366    -0.045     0.930
 9    -0.056     0.996     0.067
 9    -0.929    -0.076     0.361
 2    97.602   -18.456    59.170
 2     0.791    -0.613     0.003
 2     0.611     0.790     0.031
 2    -0.021    -0.024     0.999
 3   123.602    -4.904    -4.511
 3     0.706    -0.172    -0.688
 3    -0.023     0.964    -0.263
 3     0.707     0.201     0.677
 4    97.197     9.888    -8.548
 4     0.258    -0.103     0.961
 4     0.694     0.711    -0.110
 4    -0.672     0.695     0.254
 5   105.324    21.527   -21.954
 5     0.258     0.959     0.115
 5     0.205     0.063    -0.977
 5    -0.944     0.276    -0.180
 6   103.438    20.766   -51.190
 6     0.132    -0.284     0.950
 6     0.059     0.959     0.277
 6    -0.990     0.020     0.143
 7    98.835   -17.783   -10.887
 7     0.258     0.479     0.839
 7    -0.822     0.565    -0.070
 7    -0.508    -0.672     0.540
 8   111.773   -35.081   -16.809
 8     0.444    -0.792     0.419
 8    -0.534     0.141     0.833
 8    -0.720    -0.593    -0.360
 9   117.914   -37.246   -46.006
 9     0.332    -0.096     0.939
 9    -0.051     0.992     0.116
 9    -0.942    -0.085     0.323
 2    97.627   -18.506    59.170
 2     0.790    -0.614     0.003
 2     0.612     0.789     0.031
 2    -0.021    -0.024     0.999
 3   123.541    -4.981    -4.644
 3     0.711    -0.170    -0.683
 3    -0.016     0.966    -0.256
 3     0.703     0.193     0.684
 4    97.070     9.708    -8.596
 4     0.261    -0.094     0.961
 4     0.691     0.712    -0.118
 4    -0.673     0.695     0.251
 5   104.755    21.313   -22.163
 5     0.235     0.966     0.110
 5     0.200     0.063    -0.978
 5    -0.951     0.252    -0.178
 6   102.332    20.545   -51.339
 6     0.105    -0.276     0.955
 6     0.052     0.961     0.271
 6    -0.993     0.021     0.115
 7    98.667   -17.863   -10.854
 7     0.248     0.479     0.842
 7    -0.825     0.559    -0.075
 7    -0.508    -0.676     0.534
 8   111.245   -35.344   -16.848
 8     0.428    -0.799     0.423
 8    -0.538     0.150     0.829
 8    -0.726    -0.582    -0.366
 9   116.936   -37.319   -46.323
 9     0.307    -0.113     0.945
 9    -0.044     0.990     0.130
 9    -0.950    -0.080     0.298
 2    97.601   -18.455    59.170
 2     0.790    -0.614     0.003
 2     0.613     0.789     0.032
 2    -0.021    -0.024     0.999
 3   123.453    -5.036    -4.754
 3     0.714    -0.168    -0.680
 3    -0.016     0.967    -0.254
 3     0.699     0.192     0.688
 4    97.008     9.583    -8.603
 4     0.267    -0.097     0.959
 4     0.693     0.710    -0.121
 4    -0.670     0.697     0.256
 5   104.564    21.399   -22.135
 5     0.230     0.966     0.116
 5     0.206     0.069    -0.976
 5    -0.951     0.248    -0.183
 6   101.902    20.554   -51.276
 6     0.098    -0.269     0.958
 6     0.046     0.963     0.265
 6    -0.994     0.018     0.107
 7    98.619   -17.836   -10.807
 7     0.249     0.479     0.842
 7    -0.825     0.559    -0.074
 7    -0.507    -0.676     0.534
 8   111.247   -35.294   -16.796
 8     0.427    -0.800     0.423
 8    -0.539     0.150     0.828
 8    -0.726    -0.581    -0.367
 9   117.228   -37.521   -46.235
 9     0.313    -0.115     0.943
 9    -0.056     0.989     0.135
 9    -0.948    -0.094     0.303
 2    97.601   -18.506    59.170
 2     0.790    -0.615     0.003
 2     0.613     0.788     0.031
 2    -0.021    -0.024     0.999
 3   123.452    -4.985    -4.754
 3     0.714    -0.171    -0.679
 3    -0.015     0.966    -0.257
 3     0.699     0.193     0.687
 4    96.858     9.592    -8.519
 4     0.256    -0.102     0.961
 4     0.700     0.705    -0.112
 4    -0.667     0.702     0.252
 5   104.494    21.515   -22.035
 5     0.232     0.965     0.122
 5     0.214     0.072    -0.974
 5    -0.949     0.252    -0.190
 6   102.181    20.804   -51.160
 6     0.105    -0.274     0.956
 6     0.056     0.961     0.269
 6    -0.993     0.025     0.115
 7    98.742   -17.782   -10.867
 7     0.256     0.480     0.839
 7    -0.824     0.562    -0.071
 7    -0.506    -0.674     0.539
 8   111.422   -35.215   -16.808
 8     0.432    -0.798     0.422
 8    -0.537     0.148     0.830
 8    -0.724    -0.585    -0.364
 9   117.528   -37.436   -46.204
 9     0.320    -0.111     0.941
 9    -0.060     0.989     0.134
 9    -0.945    -0.098     0.309
 2    97.601   -18.455    59.170
 2     0.789    -0.616     0.003
 2     0.614     0.788     0.031
 2    -0.021    -0.024     0.999
 3   123.464    -4.855    -4.646
 3     0.711    -0.174    -0.682
 3    -0.016     0.965    -0.261
 3     0.703     0.196     0.683
 4    96.927     9.702    -8.537
 4     0.258    -0.110     0.960
 4     0.705     0.700    -0.109
 4    -0.661     0.705     0.257
 5   104.589    21.712   -21.846
 5     0.238     0.963     0.128
 5     0.225     0.074    -0.972
 5    -0.945     0.260    -0.199
 6   102.250    21.093   -51.049
 6     0.108    -0.261     0.959
 6     0.060     0.965     0.256
 6    -0.992     0.030     0.119
 7    98.742   -17.730   -10.871
 7     0.257     0.482     0.838
 7    -0.824     0.562    -0.071
 7    -0.505    -0.672     0.541
 8   111.239   -35.170   -16.845
 8     0.428    -0.797     0.426
 8    -0.537     0.153     0.829
 8    -0.727    -0.583    -0.362
 9   117.305   -37.572   -46.274
 9     0.315    -0.115     0.943
 9    -0.065     0.988     0.139
 9    -0.947    -0.103     0.303
 2    97.626   -18.455    59.170
 2     0.789    -0.616     0.004
 2     0.614     0.787     0.031
 2    -0.021    -0.024     0.999
 3   123.468    -4.905    -4.650
 3     0.710    -0.173    -0.683
 3    -0.018     0.965    -0.261
 3     0.704     0.197     0.682
 4    96.889     9.708    -8.497
 4     0.257    -0.117     0.959
 4     0.709     0.697    -0.105
 4    -0.657     0.707     0.262
 5   104.596    21.775   -21.767
 5     0.239     0.962     0.133
 5     0.231     0.076    -0.970
 5    -0.943     0.263    -0.204
 6   102.460    21.218   -50.965
 6     0.113    -0.258     0.959
 6     0.061     0.965     0.252
 6    -0.992     0.030     0.124
 7    98.668   -17.732   -10.875
 7     0.255     0.487     0.835
 7    -0.825     0.560    -0.074
 7    -0.504    -0.670     0.544
 8   111.136   -35.172   -16.941
 8     0.426    -0.798     0.428
 8    -0.537     0.157     0.828
 8    -0.728    -0.582    -0.361
 9   117.248   -37.499   -46.267
 9     0.313    -0.113     0.943
 9    -0.064     0.988     0.136
 9    -0.948    -0.102     0.302
 2    97.601   -18.506    59.170
 2     0.789    -0.616     0.003
 2     0.614     0.787     0.031
 2    -0.021    -0.024     0.999
 3   123.421    -4.853    -4.502
 3     0.708    -0.175    -0.684
 3    -0.018     0.964    -0.263
 3     0.705     0.198     0.680
 4    96.872     9.742    -8.386
 4     0.251    -0.125     0.960
 4     0.714     0.693    -0.097
 4    -0.653     0.710     0.263
 5   104.661    21.806   -21.600
 5     0.244     0.960     0.135
 5     0.235     0.077    -0.969
 5    -0.941     0.269    -0.207
 6   102.822    21.291   -50.762
 6     0.121    -0.260     0.958
 6     0.057     0.965     0.254
 6    -0.991     0.024     0.132
 7    98.788   -17.677   -10.916
 7     0.265     0.492     0.829
 7    -0.823     0.563    -0.071
 7    -0.502    -0.664     0.554
 8   111.489   -35.036   -16.830
 8     0.441    -0.788     0.431
 8    -0.534     0.155     0.830
 8    -0.721    -0.596    -0.353
 9   118.073   -37.197   -46.051
 9     0.329    -0.113     0.938
 9    -0.061     0.988     0.137
 9    -0.942    -0.101     0.318
 2    97.601   -18.455    59.170
 2     0.788    -0.617     0.003
 2     0.615     0.787     0.031
 2    -0.021    -0.024     0.999
 3   123.547    -4.797    -4.410
 3     0.700    -0.173    -0.693
 3    -0.024     0.964    -0.263
 3     0.713     0.201     0.671
 4    97.188     9.976    -8.349
 4     0.254    -0.130     0.958
 4     0.718     0.689    -0.097
 4    -0.648     0.713     0.268
 5   105.494    22.179   -21.207
 5     0.271     0.953     0.133
 5     0.242     0.067    -0.968
 5    -0.931     0.295    -0.213
 6   104.601    21.867   -50.382
 6     0.147    -0.248     0.958
 6     0.058     0.969     0.241
 6    -0.987     0.020     0.157
 7    98.883   -17.502   -11.024
 7     0.263     0.507     0.821
 7    -0.825     0.559    -0.082
 7    -0.501    -0.656     0.564
 8   111.416   -35.088   -16.842
 8     0.441    -0.781     0.444
 8    -0.538     0.166     0.825
 8    -0.718    -0.602    -0.347
 9   118.182   -37.066   -46.068
 9     0.330    -0.114     0.938
 9    -0.054     0.989     0.136
 9    -0.942    -0.094     0.319
 2    97.600   -18.505    59.170
 2     0.788    -0.617     0.003
 2     0.615     0.787     0.031
 2    -0.021    -0.024     0.999
 3   123.588    -4.948    -4.349
 3     0.696    -0.167    -0.699
 3    -0.030     0.965    -0.259
 3     0.717     0.200     0.667
 4    97.374     9.924    -8.446
 4     0.262    -0.134     0.956
 4     0.716     0.691    -0.099
 4    -0.647     0.710     0.276
 5   105.767    22.153   -21.205
 5     0.280     0.951     0.130
 5     0.241     0.062    -0.969
 5    -0.929     0.303    -0.212
 6   105.028    21.688   -50.362
 6     0.157    -0.250     0.955
 6     0.054     0.968     0.245
 6    -0.986     0.013     0.166
 7    99.016   -17.649   -11.044
 7     0.266     0.511     0.817
 7    -0.827     0.556    -0.080
 7    -0.496    -0.655     0.570
 8   111.497   -35.162   -16.780
 8     0.443    -0.778     0.447
 8    -0.540     0.166     0.824
 8    -0.715    -0.607    -0.347
 9   118.726   -37.121   -45.712
 9     0.351    -0.095     0.932
 9    -0.051     0.991     0.117
 9    -0.935    -0.087     0.342
 2    97.626   -18.505    59.170
 2     0.788    -0.617     0.004
 2     0.615     0.787     0.031
 2    -0.021    -0.024     0.999
 3   123.600    -4.889    -4.215
 3     0.692    -0.176    -0.700
 3    -0.023     0.964    -0.263
 3     0.721     0.198     0.663
 4    97.260     9.898    -8.565
 4     0.263    -0.152     0.953
 4     0.716     0.692    -0.088
 4    -0.646     0.705     0.291
 5   106.762    21.995   -21.027
 5     0.328     0.933     0.146
 5     0.228     0.071    -0.971
 5    -0.916     0.352    -0.190
 6   108.909    21.163   -49.802
 6     0.240    -0.261     0.935
 6     0.040     0.965     0.259
 6    -0.970    -0.024     0.241
 7    99.225   -17.880   -10.997
 7     0.282     0.523     0.805
 7    -0.833     0.548    -0.065
 7    -0.476    -0.653     0.590
 8   112.805   -35.335   -15.561
 8     0.497    -0.741     0.453
 8    -0.550     0.135     0.823
 8    -0.671    -0.658    -0.341
 9   122.802   -37.761   -43.222
 9     0.460    -0.041     0.887
 9    -0.075     0.994     0.080
 9    -0.885    -0.103     0.454
 2    97.600   -18.454    59.169
 2     0.787    -0.617     0.004
 2     0.616     0.786     0.031
 2    -0.021    -0.023     0.999
 3   123.797    -5.038    -3.496
 3     0.663    -0.181    -0.728
 3    -0.026     0.964    -0.262
 3     0.748     0.192     0.634
 4    98.864    10.444    -8.935
 4     0.377    -0.169     0.911
 4     0.703     0.691    -0.163
 4    -0.603     0.702     0.379
 5   112.545    22.021   -19.249
 5     0.533     0.839     0.108
 5     0.223    -0.016    -0.975
 5    -0.816     0.544    -0.196
 6   121.509    21.729   -46.305
 6     0.475    -0.202     0.856
 6     0.047     0.977     0.205
 6    -0.879    -0.058     0.473
 7   100.096   -18.431   -11.236
 7     0.304     0.539     0.786
 7    -0.841     0.538    -0.044
 7    -0.448    -0.648     0.616
 8   115.171   -35.640   -13.611
 8     0.591    -0.654     0.474
 8    -0.562     0.088     0.822
 8    -0.579    -0.752    -0.315
 9   129.366   -38.098   -38.724
 9     0.611    -0.028     0.792
 9    -0.077     0.993     0.090
 9    -0.788    -0.116     0.604
 2    97.598   -18.455    59.147
 2     0.787    -0.618     0.004
 2     0.616     0.786     0.032
 2    -0.022    -0.024     0.999
 3   124.123    -5.470    -2.504
 3     0.630    -0.182    -0.755
 3    -0.039     0.964    -0.263
 3     0.775     0.194     0.600
 4   101.004    10.918    -9.060
 4     0.510    -0.201     0.836
 4     0.678     0.691    -0.248
 4    -0.529     0.694     0.488
 5   118.055    22.275   -15.346
 5     0.708     0.704     0.052
 5     0.212    -0.140    -0.967
 5    -0.674     0.696    -0.249
 6   132.204    21.341   -39.516
 6     0.658    -0.084     0.748
 6    -0.028     0.990     0.139
 6    -0.752    -0.112     0.649
 7   102.153   -19.162   -11.719
 7     0.382     0.563     0.733
 7    -0.839     0.543     0.019
 7    -0.388    -0.622     0.680
 8   119.328   -35.376   -10.095
 8     0.718    -0.526     0.456
 8    -0.545    -0.019     0.838
 8    -0.432    -0.850    -0.300
 9   138.202   -36.301   -30.801
 9     0.767    -0.088     0.637
 9    -0.012     0.989     0.144
 9    -0.641    -0.120     0.757
 2    97.625   -18.505    59.169
 2     0.787    -0.618     0.004
 2     0.616     0.786     0.031
 2    -0.021    -0.023     0.999
 3   124.770    -4.955    -1.418
 3     0.590    -0.229    -0.775
 3    -0.003     0.959    -0.283
 3     0.807     0.169     0.565
 4   102.592    11.546    -8.664
 4     0.589    -0.306     0.748
 4     0.699     0.656    -0.283
 4    -0.405     0.690     0.600
 5   121.596    23.629    -9.145
 5     0.853     0.510     0.109
 5     0.255    -0.225    -0.940
 5    -0.455     0.830    -0.322
 6   142.116    23.145   -27.612
 6     0.848    -0.022     0.530
 6    -0.036     0.994     0.104
 6    -0.529    -0.105     0.841
 7   104.713   -20.304   -11.956
 7     0.464     0.627     0.627
 7    -0.852     0.509     0.122
 7    -0.242    -0.590     0.769
 8   123.183   -34.601    -3.754
 8     0.834    -0.337     0.437
 8    -0.521    -0.218     0.825
 8    -0.183    -0.916    -0.356
 9   146.362   -35.852   -16.835
 9     0.920    -0.114     0.375
 9    -0.014     0.947     0.318
 9    -0.392    -0.299     0.870
 2    97.597   -18.506    59.172
 2     0.787    -0.618     0.004
 2     0.617     0.785     0.031
 2    -0.022    -0.023     0.999
 3   125.122    -4.496    -0.686
 3     0.553    -0.270    -0.790
 3     0.034     0.953    -0.301
 3     0.832     0.139     0.534
 4   104.396    12.385    -8.314
 4     0.680    -0.433     0.592
 4     0.704     0.610    -0.363
 4    -0.204     0.663     0.719
 5   123.648    23.669    -0.380
 5     0.958     0.223     0.181
 5     0.256    -0.381    -0.888
 5    -0.129     0.897    -0.422
 6   149.180    24.294    -9.706
 6     0.984     0.024     0.177
 6    -0.021     1.000    -0.010
 6    -0.177     0.008     0.984
 7   106.872   -21.561   -11.185
 7     0.504     0.708     0.495
 7    -0.862     0.448     0.235
 7    -0.055    -0.545     0.836
 8   123.786   -33.332     4.621
 8     0.867    -0.058     0.496
 8    -0.477    -0.387     0.788
 8     0.146    -0.920    -0.363
 9   149.571   -34.710     2.135
 9     1.000     0.005    -0.001
 9    -0.004     0.904     0.428
 9     0.003    -0.428     0.904
 2    97.622   -18.505    59.172
 2     0.786    -0.619     0.004
 2     0.617     0.785     0.032
 2    -0.022    -0.024     0.999
 3   125.592    -4.217    -0.179
 3     0.509    -0.303    -0.807
 3     0.053     0.945    -0.319
 3     0.859     0.119     0.497
 4   106.062    13.334    -7.572
 4     0.703    -0.548     0.454
 4     0.711     0.538    -0.452
 4     0.003     0.640     0.768
 5   123.087    23.109     7.455
 5     0.949    -0.064     0.307
 5     0.234    -0.510    -0.828
 5     0.209     0.858    -0.469
 6   150.361    25.345     8.266
 6     0.975    -0.057    -0.212
 6     0.038     0.995    -0.097
 6     0.216     0.085     0.972
 7   109.188   -22.311    -9.907
 7     0.499     0.802     0.327
 7    -0.857     0.402     0.320
 7     0.126    -0.440     0.889
 8   121.825   -31.953    11.602
 8     0.780     0.228     0.583
 8    -0.422    -0.495     0.758
 8     0.461    -0.838    -0.291
 9   146.797   -33.819    19.877
 9     0.919     0.200    -0.339
 9    -0.005     0.866     0.500
 9     0.392    -0.458     0.797
 2    97.597   -18.455    59.147
 2     0.786    -0.619     0.004
 2     0.618     0.785     0.032
 2    -0.022    -0.024     0.999
 3   125.781    -3.951     0.068
 3     0.493    -0.314    -0.812
 3     0.050     0.941    -0.332
 3     0.868     0.123     0.479
 4   106.238    13.848    -7.254
 4     0.667    -0.620     0.414
 4     0.740     0.490    -0.460
 4     0.082     0.613     0.785
 5   120.559    23.331    11.456
 5     0.870    -0.235     0.434
 5     0.245    -0.557    -0.793
 5     0.427     0.797    -0.427
 6   146.729    26.164    20.612
 6     0.866    -0.108    -0.489
 6     0.061     0.992    -0.113
 6     0.497     0.067     0.865
 7   110.120   -22.792    -9.007
 7     0.453     0.861     0.229
 7    -0.864     0.360     0.351
 7     0.220    -0.357     0.907
 8   117.462   -31.152    14.789
 8     0.623     0.450     0.641
 8    -0.371    -0.551     0.746
 8     0.688    -0.703    -0.177
 9   139.088   -31.819    31.619
 9     0.739     0.317    -0.595
 9     0.045     0.857     0.513
 9     0.672    -0.406     0.619
 2    97.597   -18.455    59.172
 2     0.786    -0.619     0.004
 2     0.618     0.785     0.032
 2    -0.022    -0.024     0.999
 3   125.918    -3.850     0.638
 3     0.476    -0.285    -0.833
 3     0.023     0.950    -0.309
 3     0.879     0.127     0.459
 4   107.229    14.469    -7.347
 4     0.645    -0.664     0.379
 4     0.751     0.456    -0.478
 4     0.144     0.592     0.792
 5   116.802    23.677    14.450
 5     0.702    -0.423     0.574
 5     0.261    -0.597    -0.758
 5     0.662     0.682    -0.309
 6   139.334    25.899    32.531
 6     0.650    -0.108    -0.752
 6     0.060     0.994    -0.094
 6     0.757     0.016     0.652
 7   110.551   -22.534    -9.148
 7     0.393     0.905     0.163
 7    -0.880     0.319     0.352
 7     0.266    -0.282     0.922
 8   113.880   -30.658    15.032
 8     0.469     0.534     0.704
 8    -0.375    -0.601     0.705
 8     0.800    -0.594    -0.081
 9   132.987   -32.974    35.606
 9     0.593     0.409    -0.695
 9     0.009     0.858     0.512
 9     0.805    -0.310     0.505
 2    97.597   -18.455    59.147
 2     0.786    -0.619     0.004
 2     0.618     0.785     0.032
 2    -0.022    -0.024     0.999
 3   125.977    -3.677     0.852
 3     0.473    -0.280    -0.837
 3     0.011     0.950    -0.310
 3     0.881     0.136     0.451
 4   107.162    14.932    -6.991
 4     0.600    -0.705     0.379
 4     0.783     0.421    -0.457
 4     0.163     0.570     0.804
 5   112.374    24.994    15.245
 5     0.524    -0.499     0.692
 5     0.323    -0.634    -0.701
 5     0.788     0.591    -0.171
 6   131.231    28.162    38.016
 6     0.473    -0.145    -0.869
 6     0.087     0.989    -0.120
 6     0.876    -0.019     0.480
 7   110.375   -22.193    -8.670
 7     0.370     0.913     0.172
 7    -0.891     0.296     0.344
 7     0.263    -0.281     0.923
 8   112.176   -29.464    15.506
 8     0.401     0.532     0.747
