% Calibrated with leiden_pols
% Positions are in centimeters
Data =[
 2    97.534   -18.499    59.184
 2     0.738    -0.676     0.014
 2     0.674     0.736     0.044
 2    -0.039    -0.024     0.999
 3   126.301    -3.341     1.613
 3     0.460    -0.309    -0.833
 3     0.047     0.945    -0.323
 3     0.886     0.109     0.448
 4   105.813    14.045    -8.135
 4     0.474    -0.749     0.465
 4     0.880     0.385    -0.276
 4     0.028     0.539     0.841
 5   113.873    21.259    15.327
 5     0.618    -0.478     0.626
 5     0.081    -0.752    -0.653
 5     0.781     0.455    -0.426
 6   138.559    15.797    26.555
 6     0.898    -0.049    -0.437
 6    -0.398     0.328    -0.857
 6     0.186     0.943     0.272
 7   109.853   -22.639    -7.944
 7     0.326     0.915     0.236
 7    -0.928     0.262     0.264
 7     0.179    -0.305     0.935
 8   115.652   -27.790    16.711
 8     0.511     0.635     0.580
 8    -0.121    -0.614     0.779
 8     0.851    -0.468    -0.237
 9   137.909   -18.654    31.000
 9     0.857     0.193    -0.478
 9     0.504    -0.121     0.855
 9     0.108    -0.974    -0.201
 2    97.484   -18.525    59.184
 2     0.738    -0.676     0.013
 2     0.674     0.737     0.044
 2    -0.039    -0.024     0.999
 3   126.413    -3.362     1.155
 3     0.483    -0.306    -0.821
 3     0.044     0.944    -0.323
 3     0.874     0.119     0.470
 4   105.763    14.225    -7.696
 4     0.479    -0.735     0.480
 4     0.877     0.380    -0.292
 4     0.031     0.560     0.827
 5   114.554    21.094    15.553
 5     0.654    -0.451     0.609
 5     0.080    -0.758    -0.646
 5     0.752     0.471    -0.460
 6   139.433    17.729    24.430
 6     0.947     0.020    -0.322
 6    -0.308     0.336    -0.891
 6     0.090     0.941     0.322
 7   109.793   -22.640    -7.912
 7     0.334     0.906     0.260
 7    -0.927     0.266     0.264
 7     0.170    -0.330     0.928
 8   116.178   -27.673    16.804
 8     0.534     0.603     0.594
 8    -0.126    -0.637     0.760
 8     0.836    -0.480    -0.264
 9   139.296   -20.151    29.016
 9     0.895     0.095    -0.436
 9     0.445    -0.141     0.884
 9     0.023    -0.985    -0.169
 2    97.484   -18.500    59.184
 2     0.738    -0.676     0.013
 2     0.673     0.737     0.044
 2    -0.039    -0.024     0.999
 3   126.585    -3.247     0.859
 3     0.501    -0.312    -0.809
 3     0.050     0.942    -0.330
 3     0.864     0.124     0.486
 4   105.380    14.039    -7.497
 4     0.473    -0.725     0.502
 4     0.880     0.376    -0.288
 4     0.020     0.577     0.816
 5   114.633    21.084    15.596
 5     0.665    -0.433     0.609
 5     0.087    -0.764    -0.638
 5     0.741     0.477    -0.471
 6   139.660    18.150    23.822
 6     0.955     0.033    -0.296
 6    -0.289     0.336    -0.897
 6     0.070     0.941     0.328
 7   109.534   -22.653    -7.638
 7     0.351     0.892     0.283
 7    -0.920     0.273     0.280
 7     0.172    -0.359     0.917
 8   116.584   -27.453    17.090
 8     0.563     0.581     0.588
 8    -0.121    -0.646     0.753
 8     0.817    -0.495    -0.293
 9   140.183   -21.481    28.289
 9     0.925     0.054    -0.377
 9     0.380    -0.142     0.914
 9    -0.004    -0.988    -0.153
 2    97.484   -18.525    59.184
 2     0.738    -0.676     0.013
 2     0.673     0.737     0.044
 2    -0.039    -0.024     0.999
 3   126.279    -3.484     0.019
 3     0.564    -0.290    -0.774
 3     0.046     0.946    -0.318
 3     0.824     0.143     0.547
 4   104.543    13.780    -7.044
 4     0.470    -0.694     0.546
 4     0.882     0.360    -0.302
 4     0.012     0.623     0.781
 5   115.136    20.106    15.869
 5     0.720    -0.379     0.582
 5     0.083    -0.785    -0.613
 5     0.688     0.490    -0.534
 6   140.054    21.430    21.874
 6     0.993     0.059    -0.100
 6    -0.111     0.247    -0.963
 6    -0.032     0.967     0.250
 7   108.355   -22.830    -7.613
 7     0.329     0.883     0.335
 7    -0.927     0.234     0.292
 7     0.180    -0.407     0.895
 8   116.112   -27.179    17.346
 8     0.608     0.488     0.627
 8    -0.146    -0.707     0.691
 8     0.780    -0.512    -0.358
 9   140.147   -27.857    25.895
 9     0.987    -0.099    -0.130
 9     0.100    -0.253     0.962
 9    -0.128    -0.962    -0.242
 2    97.484   -18.500    59.184
 2     0.738    -0.676     0.013
 2     0.673     0.737     0.044
 2    -0.039    -0.024     0.999
 3   126.300    -3.920    -0.201
 3     0.586    -0.253    -0.771
 3     0.029     0.956    -0.290
 3     0.809     0.147     0.568
 4   103.542    13.114    -7.143
 4     0.423    -0.698     0.579
 4     0.906     0.334    -0.259
 4    -0.012     0.634     0.773
 5   114.254    19.972    15.543
 5     0.746    -0.263     0.613
 5     0.149    -0.830    -0.536
 5     0.649     0.492    -0.580
 6   138.142    26.567    20.283
 6     0.990     0.076     0.120
 6     0.100     0.229    -0.968
 6    -0.101     0.970     0.218
 7   108.105   -22.699    -7.612
 7     0.300     0.892     0.338
 7    -0.933     0.199     0.300
 7     0.200    -0.405     0.892
 8   115.666   -26.607    17.515
 8     0.615     0.405     0.678
 8    -0.177    -0.766     0.618
 8     0.769    -0.500    -0.399
 9   138.474   -33.501    24.411
 9     0.964    -0.243     0.104
 9    -0.168    -0.255     0.952
 9    -0.204    -0.936    -0.288
 2    97.484   -18.500    59.184
 2     0.738    -0.676     0.013
 2     0.673     0.737     0.044
 2    -0.039    -0.024     0.999
 3   126.601    -3.709    -0.546
 3     0.604    -0.242    -0.761
 3     0.024     0.958    -0.284
 3     0.797     0.153     0.583
 4   103.182    12.733    -7.524
 4     0.359    -0.721     0.593
 4     0.933     0.281    -0.223
 4    -0.006     0.633     0.773
 5   113.450    19.913    15.332
 5     0.747    -0.164     0.645
 5     0.205    -0.865    -0.457
 5     0.632     0.474    -0.613
 6   136.099    30.042    19.708
 6     0.961     0.088     0.262
 6     0.243     0.183    -0.953
 6    -0.131     0.979     0.155
 7   107.734   -22.287    -8.114
 7     0.240     0.911     0.335
 7    -0.947     0.143     0.287
 7     0.213    -0.386     0.897
 8   114.635   -26.464    17.258
 8     0.599     0.276     0.752
 8    -0.254    -0.825     0.504
 8     0.759    -0.493    -0.425
 9   135.367   -38.831    22.844
 9     0.878    -0.371     0.301
 9    -0.397    -0.215     0.892
 9    -0.266    -0.904    -0.335
 2    97.484   -18.500    59.184
 2     0.738    -0.676     0.013
 2     0.673     0.737     0.044
 2    -0.039    -0.024     0.999
 3   126.694    -3.713    -0.535
 3     0.605    -0.238    -0.761
 3     0.021     0.959    -0.282
 3     0.795     0.154     0.585
 4   102.695    12.243    -7.829
 4     0.299    -0.750     0.590
 4     0.954     0.238    -0.180
 4    -0.005     0.617     0.786
 5   112.072    20.253    14.983
 5     0.726    -0.077     0.684
 5     0.276    -0.878    -0.391
 5     0.630     0.473    -0.616
 6   133.378    33.260    19.399
 6     0.925     0.093     0.370
 6     0.351     0.168    -0.921
 6    -0.147     0.981     0.123
 7   108.031   -21.895    -8.593
 7     0.209     0.932     0.295
 7    -0.953     0.126     0.276
 7     0.220    -0.339     0.914
 8   113.837   -26.442    16.763
 8     0.558     0.190     0.808
 8    -0.318    -0.851     0.418
 8     0.766    -0.490    -0.414
 9   133.317   -41.278    22.463
 9     0.838    -0.378     0.394
 9    -0.475    -0.152     0.866
 9    -0.267    -0.913    -0.307
 2    97.484   -18.525    59.184
 2     0.738    -0.676     0.014
 2     0.673     0.737     0.044
 2    -0.039    -0.024     0.999
 3   126.930    -3.064    -0.311
 3     0.599    -0.269    -0.755
 3     0.036     0.950    -0.308
 3     0.800     0.156     0.579
 4   102.162    11.556    -8.377
 4     0.228    -0.777     0.587
 4     0.974     0.181    -0.137
 4     0.000     0.603     0.797
 5   110.774    20.645    14.338
 5     0.691     0.048     0.721
 5     0.375    -0.877    -0.301
 5     0.617     0.478    -0.624
 6   131.064    36.351    18.651
 6     0.889     0.043     0.455
 6     0.439     0.196    -0.876
 6    -0.127     0.979     0.157
 7   107.577   -21.581    -8.969
 7     0.162     0.945     0.284
 7    -0.959     0.083     0.270
 7     0.231    -0.317     0.920
 8   113.105   -26.236    16.617
 8     0.536     0.110     0.837
 8    -0.361    -0.866     0.344
 8     0.763    -0.487    -0.425
 9   130.741   -43.748    21.583
 9     0.771    -0.391     0.503
 9    -0.569    -0.072     0.819
 9    -0.284    -0.917    -0.277
 2    97.487   -18.524    59.181
 2     0.738    -0.676     0.014
 2     0.673     0.737     0.043
 2    -0.038    -0.024     0.999
 3   126.601    -3.274    -0.788
 3     0.633    -0.258    -0.731
 3     0.040     0.953    -0.299
 3     0.773     0.159     0.613
 4   101.324    10.972    -8.589
 4     0.198    -0.772     0.605
 4     0.980     0.161    -0.114
 4    -0.010     0.615     0.788
 5   110.120    20.460    13.921
 5     0.688     0.101     0.718
 5     0.414    -0.868    -0.274
 5     0.595     0.486    -0.640
 6   129.692    37.521    17.871
 6     0.856     0.084     0.510
 6     0.494     0.152    -0.855
 6    -0.149     0.985     0.090
 7   106.539   -21.360    -9.118
 7     0.092     0.948     0.302
 7    -0.968     0.015     0.249
 7     0.232    -0.316     0.920
 8   111.936   -26.234    16.352
 8     0.515     0.039     0.856
 8    -0.401    -0.872     0.280
 8     0.758    -0.487    -0.433
 9   128.136   -45.569    20.945
 9     0.701    -0.425     0.574
 9    -0.645    -0.035     0.762
 9    -0.303    -0.905    -0.297
 2    97.537   -18.498    59.130
 2     0.738    -0.676     0.014
 2     0.674     0.737     0.043
 2    -0.038    -0.024     0.999
 3   126.575    -3.383    -0.857
 3     0.641    -0.255    -0.725
 3     0.040     0.953    -0.298
 3     0.766     0.162     0.620
 4   101.347    10.864    -8.572
 4     0.172    -0.781     0.600
 4     0.985     0.134    -0.107
 4     0.003     0.609     0.793
 5   109.898    19.909    14.176
 5     0.672     0.100     0.733
 5     0.403    -0.880    -0.250
 5     0.620     0.463    -0.633
 6   129.181    36.435    18.053
 6     0.854     0.148     0.500
 6     0.482     0.136    -0.865
 6    -0.195     0.979     0.046
 7   106.863   -21.243    -9.396
 7     0.089     0.952     0.293
 7    -0.971     0.017     0.239
 7     0.223    -0.306     0.926
 8   111.915   -26.129    15.967
 8     0.502     0.061     0.863
 8    -0.395    -0.871     0.291
 8     0.769    -0.487    -0.413
 9   128.335   -45.222    20.651
 9     0.707    -0.414     0.575
 9    -0.636    -0.016     0.770
 9    -0.309    -0.910    -0.274
 2    97.486   -18.498    59.181
 2     0.737    -0.676     0.014
 2     0.674     0.736     0.043
 2    -0.038    -0.024     0.999
 3   126.800    -3.104    -0.873
 3     0.639    -0.266    -0.723
 3     0.033     0.947    -0.317
 3     0.768     0.179     0.614
 4   101.472    11.058    -8.562
 4     0.157    -0.784     0.601
 4     0.987     0.114    -0.109
 4     0.017     0.610     0.792
 5   109.939    19.569    14.468
 5     0.671     0.102     0.734
 5     0.386    -0.893    -0.229
 5     0.633     0.437    -0.639
 6   129.301    36.014    18.199
 6     0.845     0.175     0.506
 6     0.488     0.130    -0.862
 6    -0.216     0.976     0.026
 7   107.026   -21.070    -9.558
 7     0.087     0.952     0.292
 7    -0.972     0.016     0.234
 7     0.218    -0.304     0.927
 8   111.938   -26.074    15.798
 8     0.495     0.078     0.865
 8    -0.389    -0.871     0.301
 8     0.777    -0.485    -0.401
 9   128.543   -44.811    20.696
 9     0.710    -0.417     0.569
 9    -0.633    -0.026     0.772
 9    -0.307    -0.909    -0.281
 2    97.484   -18.499    59.183
 2     0.737    -0.677     0.014
 2     0.675     0.736     0.044
 2    -0.039    -0.024     0.999
 3   126.815    -3.035    -0.943
 3     0.642    -0.264    -0.721
 3     0.023     0.945    -0.323
 3     0.766     0.190     0.614
 4   101.589    11.553    -8.235
 4     0.171    -0.777     0.607
 4     0.985     0.112    -0.133
 4     0.035     0.620     0.783
 5   110.127    19.163    14.939
 5     0.682     0.055     0.729
 5     0.337    -0.909    -0.246
 5     0.649     0.413    -0.639
 6   129.929    34.754    18.485
 6     0.865     0.166     0.474
 6     0.452     0.152    -0.878
 6    -0.217     0.974     0.058
 7   106.956   -21.067    -9.561
 7     0.091     0.950     0.299
 7    -0.971     0.019     0.236
 7     0.219    -0.312     0.924
 8   111.467   -25.765    15.862
 8     0.473     0.066     0.878
 8    -0.390    -0.879     0.275
 8     0.790    -0.472    -0.391
 9   127.761   -44.906    21.408
 9     0.699    -0.404     0.592
 9    -0.654    -0.028     0.755
 9    -0.288    -0.914    -0.282
 2    97.486   -18.498    59.181
 2     0.737    -0.676     0.013
 2     0.674     0.736     0.044
 2    -0.038    -0.024     0.999
 3   126.746    -3.059    -0.996
 3     0.641    -0.261    -0.723
 3     0.025     0.947    -0.317
 3     0.767     0.185     0.614
 4   101.502    11.247    -8.401
 4     0.161    -0.779     0.607
 4     0.986     0.107    -0.123
 4     0.031     0.618     0.785
 5   109.637    19.132    14.719
 5     0.667     0.063     0.743
 5     0.347    -0.908    -0.233
 5     0.660     0.413    -0.628
 6   129.116    35.650    19.923
 6     0.856     0.106     0.505
 6     0.495     0.109    -0.862
 6    -0.146     0.988     0.042
 7   106.969   -21.141    -9.527
 7     0.085     0.951     0.296
 7    -0.971     0.012     0.240
 7     0.225    -0.308     0.924
 8   111.316   -25.767    15.937
 8     0.458     0.055     0.887
 8    -0.394    -0.882     0.258
 8     0.796    -0.468    -0.383
 9   127.318   -45.258    21.784
 9     0.687    -0.398     0.610
 9    -0.673    -0.030     0.739
 9    -0.275    -0.917    -0.286
 2    97.486   -18.498    59.181
 2     0.737    -0.677     0.014
 2     0.674     0.736     0.043
 2    -0.038    -0.024     0.999
 3   126.759    -3.029    -0.907
 3     0.636    -0.261    -0.727
 3     0.028     0.948    -0.315
 3     0.770     0.179     0.610
 4   101.680    11.425    -8.471
 4     0.158    -0.787     0.596
 4     0.987     0.107    -0.120
 4     0.031     0.607     0.794
 5   109.394    19.485    14.627
 5     0.646     0.078     0.759
 5     0.363    -0.907    -0.216
 5     0.671     0.415    -0.614
 6   128.664    36.266    20.602
 6     0.855     0.067     0.514
 6     0.506     0.108    -0.855
 6    -0.113     0.992     0.059
 7   107.515   -20.963    -9.597
 7     0.083     0.959     0.269
 7    -0.970     0.015     0.243
 7     0.229    -0.281     0.932
 8   111.195   -25.541    15.729
 8     0.429     0.066     0.901
 8    -0.395    -0.884     0.252
 8     0.812    -0.463    -0.353
 9   127.214   -45.003    22.634
 9     0.695    -0.367     0.620
 9    -0.678    -0.050     0.732
 9    -0.238    -0.929    -0.282
 2    97.486   -18.498    59.180
 2     0.737    -0.677     0.014
 2     0.675     0.736     0.043
 2    -0.038    -0.024     0.999
 3   127.307    -2.711    -0.521
 3     0.597    -0.266    -0.757
 3     0.029     0.950    -0.309
 3     0.801     0.162     0.575
 4   102.618    11.601    -8.936
 4     0.164    -0.808     0.566
 4     0.986     0.116    -0.120
 4     0.031     0.577     0.816
 5   109.435    19.699    14.358
 5     0.617     0.064     0.784
 5     0.365    -0.906    -0.213
 5     0.697     0.417    -0.583
 6   128.540    36.610    21.482
 6     0.858     0.022     0.513
 6     0.509     0.099    -0.855
 6    -0.069     0.995     0.075
 7   108.251   -20.920    -9.779
 7     0.072     0.968     0.239
 7    -0.971     0.013     0.240
 7     0.229    -0.250     0.941
 8   111.279   -25.612    15.506
 8     0.388     0.056     0.920
 8    -0.414    -0.881     0.228
 8     0.823    -0.469    -0.319
 9   126.972   -45.399    22.908
 9     0.693    -0.349     0.632
 9    -0.687    -0.052     0.724
 9    -0.219    -0.936    -0.274
 2    97.486   -18.498    59.180
 2     0.737    -0.677     0.014
 2     0.675     0.736     0.043
 2    -0.038    -0.024     0.999
 3   127.506    -2.800    -0.373
 3     0.589    -0.274    -0.761
 3     0.037     0.949    -0.312
 3     0.807     0.155     0.569
 4   102.833    11.245    -9.075
 4     0.154    -0.814     0.560
 4     0.988     0.111    -0.110
 4     0.027     0.570     0.821
 5   109.348    19.651    14.147
 5     0.610     0.075     0.788
 5     0.381    -0.901    -0.209
 5     0.694     0.428    -0.578
 6   128.155    37.089    21.561
 6     0.845     0.014     0.534
 6     0.531     0.082    -0.843
 6    -0.056     0.996     0.063
 7   108.193   -21.197    -9.674
 7     0.062     0.970     0.236
 7    -0.969     0.003     0.245
 7     0.237    -0.244     0.940
 8   111.150   -25.751    15.729
 8     0.377     0.033     0.925
 8    -0.427    -0.880     0.206
 8     0.821    -0.473    -0.318
 9   126.547   -45.939    22.950
 9     0.678    -0.355     0.645
 9    -0.700    -0.047     0.711
 9    -0.222    -0.933    -0.279
 2    97.483   -18.499    59.183
 2     0.737    -0.677     0.015
 2     0.675     0.736     0.043
 2    -0.039    -0.023     0.999
 3   127.418    -3.059    -0.273
 3     0.594    -0.266    -0.760
 3     0.037     0.952    -0.303
 3     0.803     0.151     0.575
 4   102.734    11.191    -8.971
 4     0.163    -0.811     0.562
 4     0.986     0.118    -0.115
 4     0.026     0.572     0.819
 5   109.353    19.574    14.245
 5     0.612     0.070     0.787
 5     0.377    -0.901    -0.212
 5     0.695     0.427    -0.579
 6   128.213    36.887    21.679
 6     0.848     0.015     0.530
 6     0.528     0.078    -0.846
 6    -0.053     0.997     0.060
 7   107.874   -21.199    -9.571
 7     0.057     0.968     0.243
 7    -0.969    -0.004     0.245
 7     0.238    -0.250     0.938
 8   111.101   -25.671    15.835
 8     0.382     0.024     0.924
 8    -0.426    -0.883     0.199
 8     0.820    -0.470    -0.326
 9   126.638   -45.759    22.962
 9     0.667    -0.395     0.633
 9    -0.709    -0.073     0.701
 9    -0.230    -0.916    -0.327
 2    97.486   -18.498    59.180
 2     0.737    -0.677     0.014
 2     0.675     0.736     0.043
 2    -0.038    -0.024     0.999
 3   127.285    -3.062    -0.263
 3     0.596    -0.264    -0.758
 3     0.036     0.952    -0.302
 3     0.801     0.152     0.578
 4   102.558    11.241    -8.897
 4     0.165    -0.808     0.565
 4     0.986     0.120    -0.116
 4     0.026     0.576     0.817
 5   109.249    19.522    14.323
 5     0.613     0.071     0.786
 5     0.376    -0.902    -0.212
 5     0.694     0.425    -0.580
 6   128.225    36.717    22.057
 6     0.850     0.019     0.526
 6     0.524     0.057    -0.849
 6    -0.046     0.998     0.039
 7   107.838   -21.254    -9.555
 7     0.056     0.968     0.244
 7    -0.971    -0.004     0.240
 7     0.233    -0.251     0.939
 8   110.911   -25.928    15.837
 8     0.385     0.050     0.921
 8    -0.424    -0.877     0.225
 8     0.819    -0.477    -0.317
 9   128.021   -44.702    23.211
 9     0.739    -0.353     0.575
 9    -0.641    -0.104     0.760
 9    -0.208    -0.930    -0.302
 2    97.486   -18.498    59.180
 2     0.737    -0.677     0.014
 2     0.675     0.736     0.043
 2    -0.038    -0.024     0.999
 3   127.176    -3.208     0.182
 3     0.558    -0.267    -0.787
 3     0.031     0.953    -0.299
 3     0.828     0.141     0.540
 4   103.124    11.716    -8.740
 4     0.230    -0.803     0.550
 4     0.973     0.183    -0.139
 4     0.010     0.567     0.823
 5   110.083    19.902    14.498
 5     0.627    -0.060     0.776
 5     0.320    -0.889    -0.327
 5     0.709     0.453    -0.539
 6   132.248    31.970    23.240
 6     0.956    -0.072     0.284
 6     0.292     0.154    -0.944
 6     0.024     0.985     0.169
 7   108.072   -21.606    -9.109
 7     0.111     0.964     0.242
 7    -0.972     0.055     0.226
 7     0.205    -0.261     0.943
 8   111.574   -26.396    16.215
 8     0.457     0.242     0.856
 8    -0.333    -0.846     0.416
 8     0.824    -0.475    -0.306
 9   132.669   -38.248    25.255
 9     0.939    -0.183     0.290
 9    -0.322    -0.176     0.930
 9    -0.119    -0.967    -0.224
 2    97.536   -18.498    59.180
 2     0.737    -0.677     0.014
 2     0.675     0.736     0.043
 2    -0.038    -0.024     0.999
 3   127.147    -3.526     0.771
 3     0.511    -0.262    -0.820
 3     0.021     0.956    -0.290
 3     0.859     0.130     0.494
 4   103.732    11.945    -8.751
 4     0.292    -0.797     0.528
 4     0.956     0.243    -0.162
 4     0.001     0.552     0.833
 5   110.691    20.324    14.574
 5     0.627    -0.157     0.763
 5     0.281    -0.868    -0.408
 5     0.726     0.471    -0.501
 6   135.376    25.635    22.862
 6     0.999    -0.041    -0.031
 6    -0.014     0.348    -0.938
 6     0.049     0.936     0.346
 7   108.646   -21.676    -9.298
 7     0.156     0.966     0.207
 7    -0.969     0.109     0.221
 7     0.191    -0.235     0.953
 8   111.639   -27.071    15.510
 8     0.447     0.374     0.813
 8    -0.302    -0.793     0.529
 8     0.842    -0.481    -0.241
 9   135.185   -30.635    25.295
 9     0.995    -0.072    -0.063
 9     0.055    -0.093     0.994
 9    -0.077    -0.993    -0.090
 2    97.486   -18.498    59.129
 2     0.737    -0.677     0.014
 2     0.675     0.736     0.043
 2    -0.038    -0.023     0.999
 3   127.149    -3.200     0.921
 3     0.489    -0.284    -0.826
 3     0.025     0.950    -0.310
 3     0.871     0.130     0.471
 4   103.931    12.229    -8.832
 4     0.314    -0.792     0.524
 4     0.949     0.269    -0.161
 4    -0.014     0.548     0.836
 5   110.992    21.031    14.264
 5     0.620    -0.235     0.749
 5     0.254    -0.843    -0.473
 5     0.742     0.483    -0.463
 6   136.376    18.504    22.868
 6     0.939     0.065    -0.338
 6    -0.329     0.449    -0.832
 6     0.099     0.891     0.441
 7   109.310   -21.661    -9.473
 7     0.210     0.960     0.185
 7    -0.961     0.167     0.221
 7     0.181    -0.224     0.958
 8   112.851   -28.000    15.158
 8     0.468     0.501     0.729
 8    -0.268    -0.705     0.656
 8     0.842    -0.502    -0.196
 9   136.332   -23.009    26.638
 9     0.912     0.016    -0.409
 9     0.408     0.026     0.912
 9     0.026    -1.000     0.015
 2    97.486   -18.498    59.180
 2     0.737    -0.677     0.014
 2     0.675     0.736     0.043
 2    -0.038    -0.024     0.999
 3   127.299    -3.080     1.036
 3     0.472    -0.293    -0.832
 3     0.030     0.948    -0.315
 3     0.881     0.123     0.456
 4   104.657    12.553    -9.274
 4     0.364    -0.779     0.511
 4     0.931     0.323    -0.169
 4    -0.034     0.537     0.842
 5   112.055    21.615    13.766
 5     0.604    -0.359     0.712
 5     0.206    -0.792    -0.573
 5     0.770     0.493    -0.404
 6   136.418    13.753    24.459
 6     0.831     0.103    -0.549
 6    -0.513     0.518    -0.684
 6     0.215     0.849     0.480
 7   110.021   -21.908    -9.276
 7     0.260     0.952     0.161
 7    -0.947     0.218     0.237
 7     0.191    -0.214     0.958
 8   114.053   -28.568    15.251
 8     0.473     0.601     0.646
 8    -0.235    -0.620     0.748
 8     0.849    -0.505    -0.152
 9   135.976   -18.746    29.253
 9     0.799     0.097    -0.593
 9     0.583     0.114     0.804
 9     0.147    -0.989     0.033
 2    97.486   -18.498    59.180
 2     0.737    -0.677     0.014
 2     0.675     0.736     0.043
 2    -0.038    -0.024     0.999
 3   127.412    -3.063     1.222
 3     0.457    -0.301    -0.838
 3     0.039     0.947    -0.317
 3     0.888     0.110     0.443
 4   105.518    12.963    -9.312
 4     0.404    -0.776     0.485
 4     0.915     0.351    -0.199
 4    -0.016     0.523     0.851
 5   112.751    22.018    13.784
 5     0.595    -0.427     0.683
 5     0.179    -0.756    -0.628
 5     0.784     0.495    -0.373
 6   136.313    12.444    25.878
 6     0.776     0.103    -0.624
 6    -0.561     0.561    -0.609
 6     0.288     0.821     0.490
 7   110.613   -21.944    -9.110
 7     0.293     0.944     0.151
 7    -0.937     0.252     0.242
 7     0.190    -0.213     0.958
 8   115.056   -28.750    15.443
 8     0.474     0.663     0.581
 8    -0.203    -0.559     0.803
 8     0.857    -0.498    -0.130
 9   135.528   -16.347    30.804
 9     0.712     0.112    -0.693
 9     0.670     0.186     0.719
 9     0.210    -0.976     0.055
 2    97.486   -18.498    59.180
 2     0.737    -0.677     0.014
 2     0.675     0.736     0.043
 2    -0.038    -0.024     0.999
 3   127.542    -2.920     1.486
 3     0.445    -0.315    -0.840
 3     0.047     0.943    -0.326
 3     0.894     0.104     0.433
 4   105.982    13.126    -9.190
 4     0.411    -0.784     0.466
 4     0.911     0.354    -0.208
 4    -0.002     0.510     0.860
 5   112.731    22.169    13.889
 5     0.570    -0.453     0.686
 5     0.177    -0.747    -0.640
 5     0.802     0.486    -0.346
 6   135.683    12.320    27.820
 6     0.741     0.059    -0.670
 6    -0.566     0.587    -0.579
 6     0.360     0.807     0.465
 7   111.218   -22.124    -8.624
 7     0.313     0.938     0.148
 7    -0.927     0.269     0.260
 7     0.203    -0.219     0.954
 8   115.762   -28.886    15.855
 8     0.472     0.700     0.537
 8    -0.182    -0.518     0.835
 8     0.863    -0.491    -0.117
 9   135.350   -15.350    31.910
 9     0.647     0.109    -0.754
 9     0.710     0.272     0.649
 9     0.277    -0.956     0.097
 2    97.486   -18.498    59.180
 2     0.737    -0.677     0.014
 2     0.675     0.736     0.043
 2    -0.038    -0.024     0.999
 3   127.638    -2.907     1.764
 3     0.435    -0.324    -0.841
 3     0.056     0.941    -0.333
 3     0.898     0.097     0.427
 4   106.099    13.033    -9.042
 4     0.410    -0.780     0.473
 4     0.912     0.346    -0.219
 4     0.007     0.521     0.853
 5   112.918    22.114    14.137
 5     0.571    -0.467     0.676
 5     0.165    -0.741    -0.650
 5     0.804     0.483    -0.346
 6   135.721    12.336    28.310
 6     0.739     0.052    -0.672
 6    -0.559     0.601    -0.572
 6     0.375     0.798     0.470
 7   111.310   -22.114    -8.471
 7     0.306     0.935     0.175
 7    -0.927     0.252     0.277
 7     0.215    -0.248     0.944
 8   115.402   -28.365    16.241
 8     0.457     0.671     0.585
 8    -0.180    -0.573     0.799
 8     0.871    -0.470    -0.141
 9   135.228   -15.718    32.414
 9     0.678     0.138    -0.722
 9     0.685     0.234     0.688
 9     0.265    -0.962     0.062
 2    97.486   -18.498    59.180
 2     0.737    -0.677     0.014
 2     0.675     0.736     0.043
 2    -0.038    -0.024     0.999
 3   127.699    -2.904     1.852
 3     0.432    -0.325    -0.842
 3     0.055     0.940    -0.334
 3     0.900     0.097     0.424
 4   106.291    13.090    -8.985
 4     0.411    -0.782     0.469
 4     0.911     0.344    -0.225
 4     0.014     0.520     0.854
 5   112.847    22.040    14.180
 5     0.570    -0.466     0.678
 5     0.164    -0.743    -0.648
 5     0.805     0.480    -0.347
 6   135.660    12.392    28.524
 6     0.746     0.028    -0.666
 6    -0.550     0.586    -0.595
 6     0.375     0.809     0.450
 7   111.367   -22.166    -8.426
 7     0.296     0.939     0.175
 7    -0.930     0.241     0.277
 7     0.218    -0.245     0.945
 8   115.098   -28.144    16.481
 8     0.449     0.659     0.604
 8    -0.168    -0.601     0.780
 8     0.877    -0.452    -0.159
 9   135.233   -15.901    32.668
 9     0.692     0.158    -0.705
 9     0.673     0.208     0.708
 9     0.259    -0.965     0.037
 2    97.536   -18.498    59.180
 2     0.737    -0.677     0.014
 2     0.675     0.736     0.043
 2    -0.038    -0.024     0.999
 3   127.755    -2.902     1.922
 3     0.431    -0.324    -0.843
 3     0.055     0.941    -0.333
 3     0.901     0.096     0.423
 4   106.350    13.094    -8.945
 4     0.410    -0.783     0.468
 4     0.911     0.342    -0.227
 4     0.018     0.519     0.854
 5   112.754    21.942    14.242
 5     0.568    -0.463     0.682
 5     0.162    -0.748    -0.642
 5     0.807     0.475    -0.349
 6   135.609    12.392    28.554
 6     0.747     0.032    -0.665
 6    -0.549     0.589    -0.592
 6     0.374     0.807     0.455
 7   111.317   -22.116    -8.426
 7     0.296     0.939     0.175
 7    -0.930     0.242     0.277
 7     0.218    -0.245     0.945
 8   115.214   -28.173    16.386
 8     0.451     0.663     0.598
 8    -0.170    -0.593     0.786
 8     0.876    -0.456    -0.155
 9   135.226   -15.903    32.673
 9     0.692     0.153    -0.706
 9     0.674     0.210     0.707
 9     0.257    -0.966     0.041
 2    97.486   -18.498    59.180
 2     0.737    -0.677     0.014
 2     0.675     0.736     0.043
 2    -0.038    -0.024     0.999
 3   127.761    -2.900     1.967
 3     0.428    -0.324    -0.845
 3     0.055     0.941    -0.332
 3     0.902     0.094     0.420
 4   106.430    13.094    -8.996
 4     0.414    -0.784     0.464
 4     0.910     0.345    -0.229
 4     0.019     0.516     0.856
 5   112.763    21.995    14.208
 5     0.564    -0.466     0.683
 5     0.162    -0.747    -0.643
 5     0.809     0.474    -0.346
 6   135.663    12.392    28.603
 6     0.746     0.033    -0.666
 6    -0.550     0.591    -0.591
 6     0.375     0.806     0.456
 7   111.319   -22.119    -8.426
 7     0.288     0.942     0.173
 7    -0.932     0.234     0.276
 7     0.219    -0.241     0.945
 8   115.205   -28.172    16.449
 8     0.456     0.662     0.595
 8    -0.167    -0.592     0.787
 8     0.874    -0.458    -0.159
 9   135.232   -15.901    32.744
 9     0.692     0.157    -0.705
 9     0.674     0.208     0.708
 9     0.259    -0.965     0.037
];