% Calibrated with leiden_pols
% Positions are in centimeters
Data =[
 2    97.534   -18.499    59.184
 2     0.738    -0.676     0.014
 2     0.674     0.736     0.044
 2    -0.039    -0.024     0.999
 3   126.301    -3.341     1.613
 3     0.460    -0.309    -0.833
 3     0.047     0.945    -0.323
 3     0.886     0.109     0.448
 4   105.813    14.045    -8.135
 4     0.474    -0.749     0.465
 4     0.880     0.385    -0.276
 4     0.028     0.539     0.841
 5   113.873    21.259    15.327
 5     0.618    -0.478     0.626
 5     0.081    -0.752    -0.653
 5     0.781     0.455    -0.426
 6   138.559    15.797    26.555
 6     0.898    -0.049    -0.437
 6    -0.398     0.328    -0.857
 6     0.186     0.943     0.272
 7   109.853   -22.639    -7.944
 7     0.326     0.915     0.236
 7    -0.928     0.262     0.264
 7     0.179    -0.305     0.935
 8   115.652   -27.790    16.711
 8     0.511     0.635     0.580
 8    -0.121    -0.614     0.779
 8     0.851    -0.468    -0.237
 9   137.909   -18.654    31.000
 9     0.857     0.193    -0.478
 9     0.504    -0.121     0.855
 9     0.108    -0.974    -0.201
 2    97.484   -18.525    59.184
 2     0.738    -0.676     0.013
 2     0.674     0.737     0.044
 2    -0.039    -0.024     0.999
 3   126.413    -3.362     1.155
 3     0.483    -0.306    -0.821
 3     0.044     0.944    -0.323
 3     0.874     0.119     0.470
 4   105.763    14.225    -7.696
 4     0.479    -0.735     0.480
 4     0.877     0.380    -0.292
 4     0.031     0.560     0.827
 5   114.554    21.094    15.553
 5     0.654    -0.451     0.609
 5     0.080    -0.758    -0.646
 5     0.752     0.471    -0.460
 6   139.433    17.729    24.430
 6     0.947     0.020    -0.322
 6    -0.308     0.336    -0.891
 6     0.090     0.941     0.322
 7   109.793   -22.640    -7.912
 7     0.334     0.906     0.260
 7    -0.927     0.266     0.264
 7     0.170    -0.330     0.928
 8   116.178   -27.673    16.804
 8     0.534     0.603     0.594
 8    -0.126    -0.637     0.760
 8     0.836    -0.480    -0.264
 9   139.296   -20.151    29.016
 9     0.895     0.095    -0.436
 9     0.445    -0.141     0.884
 9     0.023    -0.985    -0.169
 2    97.484   -18.500    59.184
 2     0.738    -0.676     0.013
 2     0.673     0.737     0.044
 2    -0.039    -0.024     0.999
 3   126.585    -3.247     0.859
 3     0.501    -0.312    -0.809
 3     0.050     0.942    -0.330
 3     0.864     0.124     0.486
 4   105.380    14.039    -7.497
 4     0.473    -0.725     0.502
 4     0.880     0.376    -0.288
 4     0.020     0.577     0.816
 5   114.633    21.084    15.596
 5     0.665    -0.433     0.609
 5     0.087    -0.764    -0.638
 5     0.741     0.477    -0.471
 6   139.660    18.150    23.822
 6     0.955     0.033    -0.296
 6    -0.289     0.336    -0.897
 6     0.070     0.941     0.328
 7   109.534   -22.653    -7.638
 7     0.351     0.892     0.283
 7    -0.920     0.273     0.280
 7     0.172    -0.359     0.917
 8   116.584   -27.453    17.090
 8     0.563     0.581     0.588
 8    -0.121    -0.646     0.753
 8     0.817    -0.495    -0.293
 9   140.183   -21.481    28.289
 9     0.925     0.054    -0.377
 9     0.380    -0.142     0.914
 9    -0.004    -0.988    -0.153
 2    97.484   -18.525    59.184
 2     0.738    -0.676     0.013
 2     0.673     0.737     0.044
 2    -0.039    -0.024     0.999
 3   126.279    -3.484     0.019
 3     0.564    -0.290    -0.774
 3     0.046     0.946    -0.318
 3     0.824     0.143     0.547
 4   104.543    13.780    -7.044
 4     0.470    -0.694     0.546
 4     0.882     0.360    -0.302
 4     0.012     0.623     0.781
 5   115.136    20.106    15.869
 5     0.720    -0.379     0.582
 5     0.083    -0.785    -0.613
 5     0.688     0.490    -0.534
 6   140.054    21.430    21.874
 6     0.993     0.059    -0.100
 6    -0.111     0.247    -0.963
 6    -0.032     0.967     0.250
 7   108.355   -22.830    -7.613
 7     0.329     0.883     0.335
 7    -0.927     0.234     0.292
 7     0.180    -0.407     0.895
 8   116.112   -27.179    17.346
 8     0.608     0.488     0.627
 8    -0.146    -0.707     0.691
 8     0.780    -0.512    -0.358
 9   140.147   -27.857    25.895
 9     0.987    -0.099    -0.130
 9     0.100    -0.253     0.962
 9    -0.128    -0.962    -0.242
 2    97.484   -18.500    59.184
 2     0.738    -0.676     0.013
 2     0.673     0.737     0.044
 2    -0.039    -0.024     0.999
 3   126.300    -3.920    -0.201
 3     0.586    -0.253    -0.771
 3     0.029     0.956    -0.290
 3     0.809     0.147     0.568
 4   103.542    13.114    -7.143
 4     0.423    -0.698     0.579
 4     0.906     0.334    -0.259
 4    -0.012     0.634     0.773
 5   114.254    19.972    15.543
 5     0.746    -0.263     0.613
 5     0.149    -0.830    -0.536
 5     0.649     0.492    -0.580
 6   138.142    26.567    20.283
 6     0.990     0.076     0.120
 6     0.100     0.229    -0.968
 6    -0.101     0.970     0.218
 7   108.105   -22.699    -7.612
 7     0.300     0.892     0.338
 7    -0.933     0.199     0.300
 7     0.200    -0.405     0.892
 8   115.666   -26.607    17.515
 8     0.615     0.405     0.678
 8    -0.177    -0.766     0.618
 8     0.769    -0.500    -0.399
 9   138.474   -33.501    24.411
 9     0.964    -0.243     0.104
 9    -0.168    -0.255     0.952
 9    -0.204    -0.936    -0.288
 2    97.484   -18.500    59.184
 2     0.738    -0.676     0.013
 2     0.673     0.737     0.044
 2    -0.039    -0.024     0.999
 3   126.601    -3.709    -0.546
 3     0.604    -0.242    -0.761
 3     0.024     0.958    -0.284
 3     0.797     0.153     0.583
 4   103.182    12.733    -7.524
 4     0.359    -0.721     0.593
 4     0.933     0.281    -0.223
 4    -0.006     0.633     0.773
 5   113.450    19.913    15.332
 5     0.747    -0.164     0.645
 5     0.205    -0.865    -0.457
 5     0.632     0.474    -0.613
 6   136.099    30.042    19.708
 6     0.961     0.088     0.262
 6     0.243     0.183    -0.953
 6    -0.131     0.979     0.155
 7   107.734   -22.287    -8.114
 7     0.240     0.911     0.335
 7    -0.947     0.143     0.287
 7     0.213    -0.386     0.897
 8   114.635   -26.464    17.258
 8     0.599     0.276     0.752
 8    -0.254    -0.825     0.504
 8     0.759    -0.493    -0.425
 9   135.367   -38.831    22.844
 9     0.878    -0.371     0.301
 9    -0.397    -0.215     0.892
 9    -0.266    -0.904    -0.335
 2    97.484   -18.500    59.184
 2     0.738    -0.676     0.013
 2     0.673     0.737     0.044
 2    -0.039    -0.024     0.999
 3   126.694    -3.713    -0.535
 3     0.605    -0.238    -0.761
 3     0.021     0.959    -0.282
 3     0.795     0.154     0.585
 4   102.695    12.243    -7.829
 4     0.299    -0.750     0.590
 4     0.954     0.238    -0.180
 4    -0.005     0.617     0.786
 5   112.072    20.253    14.983
 5     0.726    -0.077     0.684
 5     0.276    -0.878    -0.391
 5     0.630     0.473    -0.616
 6   133.378    33.260    19.399
 6     0.925     0.093     0.370
 6     0.351     0.168    -0.921
 6    -0.147     0.981     0.123
 7   108.031   -21.895    -8.593
 7     0.209     0.932     0.295
 7    -0.953     0.126     0.276
 7     0.220    -0.339     0.914
 8   113.837   -26.442    16.763
 8     0.558     0.190     0.808
 8    -0.318    -0.851     0.418
 8     0.766    -0.490    -0.414
 9   133.317   -41.278    22.463
 9     0.838    -0.378     0.394
 9    -0.475    -0.152     0.866
 9    -0.267    -0.913    -0.307
 2    97.484   -18.525    59.184
 2     0.738    -0.676     0.014
 2     0.673     0.737     0.044
 2    -0.039    -0.024     0.999
 3   126.930    -3.064    -0.311
 3     0.599    -0.269    -0.755
 3     0.036     0.950    -0.308
 3     0.800     0.156     0.579
 4   102.162    11.556    -8.377
 4     0.228    -0.777     0.587
 4     0.974     0.181    -0.137
 4     0.000     0.603     0.797
 5   110.774    20.645    14.338
 5     0.691     0.048     0.721
 5     0.375    -0.877    -0.301
 5     0.617     0.478    -0.624
