% Calibrated with leiden_pols
% Positions are in centimeters
Data =[
 2    97.560   -18.428    59.158
 2     0.722    -0.692     0.004
 2     0.691     0.721     0.031
 2    -0.023    -0.020     0.999
 3   126.627    -2.806     2.327
 3     0.402    -0.345    -0.849
 3     0.050     0.933    -0.354
 3     0.914     0.098     0.392
 4   107.974    15.362    -6.898
 4     0.509    -0.772     0.382
 4     0.847     0.369    -0.382
 4     0.154     0.517     0.841
 5   110.370    22.955    15.850
 5     0.308    -0.618     0.724
 5     0.151    -0.719    -0.677
 5     0.939     0.317    -0.128
 6   122.570    27.789    42.851
 6     0.220    -0.711    -0.671
 6     0.095     0.698    -0.708
 6     0.971     0.090     0.219
 7   111.077   -22.158    -7.615
 7     0.310     0.932     0.188
 7    -0.925     0.250     0.286
 7     0.219    -0.263     0.939
 8   113.427   -28.529    16.263
 8     0.307     0.752     0.584
 8    -0.199    -0.549     0.811
 8     0.931    -0.365    -0.019
 9   123.396   -31.529    44.160
 9     0.270     0.896    -0.356
 9     0.032     0.358     0.932
 9     0.962    -0.262     0.065
 2    97.560   -18.479    59.158
 2     0.722    -0.693     0.004
 2     0.691     0.721     0.031
 2    -0.023    -0.020     0.999
 3   127.526    -2.743     2.147
 3     0.392    -0.347    -0.853
 3     0.054     0.933    -0.354
 3     0.918     0.091     0.384
 4   109.266    15.244    -7.442
 4     0.505    -0.780     0.369
 4     0.848     0.370    -0.380
 4     0.160     0.504     0.848
 5   111.285    23.078    14.925
 5     0.289    -0.617     0.733
 5     0.174    -0.718    -0.673
 5     0.941     0.321    -0.099
 6   122.917    28.507    42.138
 6     0.199    -0.722    -0.665
 6     0.115     0.688    -0.714
 6     0.973     0.063     0.219
 7   113.280   -22.363    -8.043
 7     0.321     0.934     0.154
 7    -0.917     0.265     0.299
 7     0.238    -0.238     0.942
 8   115.462   -28.582    15.690
 8     0.283     0.792     0.542
 8    -0.177    -0.512     0.840
 8     0.943    -0.333    -0.005
 9   124.701   -31.722    43.873
 9     0.212     0.863    -0.461
 9     0.028     0.463     0.885
 9     0.977    -0.198     0.072
 2    97.560   -18.428    59.158
 2     0.722    -0.692     0.004
 2     0.691     0.721     0.031
 2    -0.023    -0.020     0.999
 3   128.294    -2.701     2.383
 3     0.352    -0.375    -0.858
 3     0.064     0.923    -0.377
 3     0.933     0.076     0.349
 4   110.135    15.154    -7.654
 4     0.510    -0.789     0.344
 4     0.842     0.376    -0.386
 4     0.175     0.486     0.856
 5   111.663    23.479    14.832
 5     0.290    -0.622     0.729
 5     0.203    -0.704    -0.680
 5     0.935     0.344    -0.077
 6   123.257    29.659    41.870
 6     0.198    -0.720    -0.667
 6     0.140     0.692    -0.706
 6     0.970     0.045     0.237
 7   113.388   -22.130    -8.075
 7     0.321     0.938     0.130
 7    -0.915     0.271     0.300
 7     0.246    -0.216     0.945
 8   115.285   -28.919    15.247
 8     0.282     0.806     0.521
 8    -0.198    -0.482     0.853
 8     0.939    -0.343     0.025
 9   124.256   -31.951    43.329
 9     0.198     0.824    -0.534
 9     0.023     0.537     0.841
 9     0.980    -0.177     0.085
 2    97.560   -18.428    59.158
 2     0.722    -0.692     0.004
 2     0.691     0.721     0.031
 2    -0.023    -0.020     0.999
 3   128.108    -2.417     2.502
 3     0.340    -0.380    -0.861
 3     0.054     0.921    -0.384
 3     0.939     0.083     0.333
 4   110.255    15.635    -7.555
 4     0.507    -0.799     0.323
 4     0.837     0.368    -0.404
 4     0.204     0.475     0.855
 5   111.048    24.391    14.564
 5     0.255    -0.644     0.722
 5     0.226    -0.686    -0.691
 5     0.940     0.338    -0.029
 6   121.878    30.372    41.950
 6     0.166    -0.679    -0.717
 6     0.146     0.734    -0.661
 6     0.975     0.002     0.220
 7   113.762   -21.880    -8.393
 7     0.329     0.938     0.112
 7    -0.913     0.286     0.289
 7     0.239    -0.197     0.951
 8   114.274   -29.266    14.525
 8     0.214     0.827     0.521
 8    -0.226    -0.477     0.849
 8     0.950    -0.299     0.085
 9   121.977   -32.493    43.019
 9     0.126     0.790    -0.601
 9     0.006     0.604     0.796
 9     0.992    -0.102     0.069
 2    97.560   -18.428    59.158
 2     0.722    -0.692     0.004
 2     0.691     0.721     0.031
 2    -0.023    -0.020     0.999
 3   127.634    -2.609     2.511
 3     0.349    -0.368    -0.863
 3     0.048     0.926    -0.374
 3     0.935     0.087     0.340
 4   110.041    15.581    -7.660
 4     0.521    -0.794     0.314
 4     0.828     0.381    -0.410
 4     0.206     0.473     0.856
 5   110.485    24.533    14.281
 5     0.230    -0.676     0.701
 5     0.223    -0.664    -0.713
 5     0.947     0.319    -0.001
 6   121.048    29.514    42.027
 6     0.149    -0.598    -0.789
 6     0.127     0.801    -0.583
 6     0.980    -0.015     0.195
 7   112.753   -22.238    -8.215
 7     0.317     0.939     0.130
 7    -0.917     0.268     0.295
 7     0.242    -0.213     0.946
 8   113.707   -29.474    14.605
 8     0.223     0.837     0.500
 8    -0.214    -0.459     0.862
 8     0.951    -0.299     0.077
 9   121.760   -32.217    42.924
 9     0.112     0.710    -0.696
 9     0.013     0.698     0.715
 9     0.993    -0.088     0.067
 2    97.510   -18.429    59.158
 2     0.722    -0.693     0.004
 2     0.691     0.721     0.031
 2    -0.023    -0.020     0.999
 3   127.410    -2.793     2.498
 3     0.360    -0.357    -0.864
 3     0.052     0.930    -0.361
 3     0.931     0.084     0.352
 4   110.506    15.231    -8.553
 4     0.517    -0.803     0.295
 4     0.829     0.386    -0.403
 4     0.210     0.453     0.866
 5   108.063    26.113    11.540
 5     0.080    -0.729     0.680
 5     0.316    -0.629    -0.710
 5     0.945     0.272     0.180
 6   114.535    31.241    40.702
 6     0.025    -0.526    -0.850
 6     0.118     0.845    -0.520
 6     0.993    -0.089     0.082
 7   113.927   -22.291    -8.975
 7     0.292     0.954     0.060
 7    -0.913     0.259     0.316
 7     0.286    -0.147     0.947
 8   108.976   -31.797    11.237
 8    -0.027     0.870     0.492
 8    -0.354    -0.469     0.809
 8     0.935    -0.152     0.320
 9   109.585   -36.620    41.243
 9    -0.111     0.641    -0.759
 9    -0.021     0.762     0.646
 9     0.993     0.089    -0.073
 2    97.560   -18.428    59.158
 2     0.722    -0.692     0.004
 2     0.691     0.721     0.031
 2    -0.023    -0.020     0.999
 3   128.181    -3.082     3.050
 3     0.343    -0.292    -0.893
 3     0.021     0.952    -0.303
 3     0.939     0.084     0.333
 4   111.184    14.964    -9.823
 4     0.440    -0.859     0.263
 4     0.869     0.333    -0.365
 4     0.225     0.389     0.893
 5   102.131    25.561     7.171
 5    -0.237    -0.659     0.713
 5     0.386    -0.738    -0.554
 5     0.891     0.144     0.429
 6   101.120    32.422    37.220
 6    -0.220    -0.559    -0.799
 6     0.146     0.791    -0.594
 6     0.964    -0.248    -0.092
 7   113.164   -22.011    -9.965
 7     0.127     0.992     0.011
 7    -0.945     0.117     0.305
 7     0.300    -0.050     0.952
 8   101.304   -30.638     7.209
 8    -0.338     0.730     0.595
 8    -0.399    -0.683     0.612
 8     0.853    -0.030     0.521
 9    95.271   -38.115    36.474
 9    -0.316     0.734    -0.600
 9    -0.074     0.611     0.787
 9     0.945     0.294    -0.139
 2    97.510   -18.429    59.158
 2     0.722    -0.692     0.004
 2     0.691     0.721     0.030
 2    -0.023    -0.020     0.999
 3   128.117    -3.414     2.851
 3     0.370    -0.250    -0.895
 3     0.017     0.965    -0.261
 3     0.928     0.080     0.361
 4   110.376    13.757   -11.330
 4     0.311    -0.909     0.278
 4     0.930     0.232    -0.284
 4     0.194     0.347     0.917
 5    97.661    22.931     3.022
 5    -0.457    -0.497     0.738
 5     0.408    -0.854    -0.322
 5     0.790     0.154     0.593
 6    92.128    33.130    31.806
 6    -0.375    -0.590    -0.715
 6     0.216     0.694    -0.686
 6     0.901    -0.412    -0.134
 7   112.279   -21.631   -10.527
 7     0.002     1.000     0.017
 7    -0.958    -0.003     0.285
 7     0.285    -0.017     0.958
 8    98.451   -29.160     5.076
 8    -0.465     0.612     0.640
 8    -0.383    -0.790     0.478
 8     0.798    -0.023     0.601
 9    89.448   -38.294    33.046
 9    -0.440     0.699    -0.564
 9    -0.105     0.583     0.805
 9     0.892     0.414    -0.183
 2    97.510   -18.429    59.133
 2     0.722    -0.693     0.004
 2     0.691     0.721     0.031
 2    -0.023    -0.020     0.999
 3   128.011    -3.287     2.733
 3     0.374    -0.252    -0.893
 3     0.021     0.964    -0.262
 3     0.927     0.078     0.366
 4   110.037    13.451   -11.746
 4     0.276    -0.921     0.276
 4     0.944     0.205    -0.258
 4     0.181     0.332     0.926
 5    96.359    22.537     1.386
 5    -0.527    -0.474     0.706
 5     0.437    -0.863    -0.254
 5     0.729     0.175     0.661
 6    88.378    34.875    28.692
 6    -0.468    -0.563    -0.681
 6     0.285     0.633    -0.719
 6     0.837    -0.531    -0.136
 7   112.950   -21.444   -10.830
 7     0.018     1.000    -0.005
 7    -0.957     0.018     0.288
 7     0.288    -0.000     0.957
 8    99.052   -29.413     4.190
 8    -0.484     0.638     0.599
 8    -0.404    -0.770     0.494
 8     0.776    -0.004     0.630
 9    87.480   -40.139    30.726
 9    -0.533     0.627    -0.568
 9    -0.171     0.577     0.798
 9     0.828     0.522    -0.201
 2    97.510   -18.429    59.133
 2     0.722    -0.693     0.004
 2     0.691     0.721     0.031
 2    -0.023    -0.020     0.999
 3   128.714    -2.954     2.884
 3     0.343    -0.268    -0.901
 3     0.024     0.961    -0.275
 3     0.939     0.072     0.336
 4   111.148    13.474   -12.025
 4     0.239    -0.942     0.237
 4     0.951     0.178    -0.253
 4     0.196     0.286     0.938
 5    96.410    21.795     0.175
 5    -0.592    -0.450     0.669
 5     0.413    -0.882    -0.227
 5     0.692     0.141     0.707
 6    85.723    34.286    26.594
 6    -0.564    -0.510    -0.649
 6     0.282     0.619    -0.733
 6     0.775    -0.597    -0.205
 7   114.322   -21.077   -11.127
 7     0.000     0.999    -0.047
 7    -0.959     0.013     0.284
 7     0.284     0.045     0.957
 8    99.494   -29.218     3.121
 8    -0.528     0.631     0.569
 8    -0.411    -0.776     0.478
 8     0.743     0.018     0.669
 9    85.763   -41.194    28.094
 9    -0.603     0.560    -0.569
 9    -0.230     0.560     0.795
 9     0.764     0.610    -0.209
 2    97.510   -18.429    59.133
 2     0.722    -0.693     0.004
 2     0.691     0.721     0.031
 2    -0.023    -0.020     0.999
 3   128.831    -2.714     3.106
 3     0.325    -0.276    -0.905
 3     0.021     0.958    -0.284
 3     0.945     0.072     0.317
 4   111.259    13.530   -12.031
 4     0.229    -0.947     0.224
 4     0.952     0.171    -0.252
 4     0.200     0.271     0.941
 5    95.890    21.819    -0.303
 5    -0.616    -0.451     0.647
 5     0.422    -0.881    -0.212
 5     0.665     0.143     0.732
 6    84.337    35.011    25.412
 6    -0.603    -0.479    -0.638
 6     0.303     0.601    -0.739
 6     0.738    -0.639    -0.217
 7   114.138   -20.900   -11.172
 7     0.006     0.999    -0.053
 7    -0.960     0.020     0.281
 7     0.281     0.049     0.958
 8    98.908   -29.309     2.622
 8    -0.539     0.633     0.556
 8    -0.431    -0.774     0.464
 8     0.724     0.010     0.689
 9    84.212   -41.960    26.882
 9    -0.632     0.522    -0.573
 9    -0.269     0.546     0.793
 9     0.727     0.655    -0.205
 2    97.508   -18.429    59.135
 2     0.722    -0.693     0.005
 2     0.691     0.721     0.031
 2    -0.024    -0.020     0.999
 3   128.408    -2.847     3.182
 3     0.326    -0.267    -0.907
 3     0.016     0.961    -0.276
 3     0.945     0.074     0.317
 4   111.039    13.425   -12.030
 4     0.240    -0.946     0.220
 4     0.950     0.181    -0.254
 4     0.200     0.270     0.942
 5    95.949    21.716    -0.329
 5    -0.613    -0.461     0.643
 5     0.425    -0.877    -0.223
 5     0.666     0.136     0.733
 6    84.082    35.174    24.951
 6    -0.617    -0.461    -0.638
 6     0.314     0.599    -0.737
 6     0.721    -0.655    -0.225
 7   113.804   -21.079   -11.088
 7    -0.007     0.998    -0.054
 7    -0.958     0.009     0.288
 7     0.288     0.053     0.956
 8    98.493   -29.205     2.690
 8    -0.554     0.622     0.553
 8    -0.412    -0.782     0.467
 8     0.723     0.031     0.689
 9    82.983   -41.651    26.414
 9    -0.661     0.490    -0.569
 9    -0.270     0.552     0.788
 9     0.700     0.674    -0.233
 2    97.558   -18.429    59.161
 2     0.722    -0.693     0.005
 2     0.691     0.721     0.031
 2    -0.024    -0.020     0.999
 3   128.671    -3.135     3.355
 3     0.314    -0.258    -0.914
 3     0.024     0.964    -0.263
 3     0.949     0.059     0.309
 4   111.723    12.783   -12.394
 4     0.239    -0.951     0.196
 4     0.952     0.190    -0.239
 4     0.189     0.244     0.951
 5    96.304    21.251    -1.638
 5    -0.642    -0.463     0.612
 5     0.438    -0.876    -0.203
 5     0.629     0.138     0.764
 6    83.004    35.354    22.541
 6    -0.668    -0.411    -0.620
 6     0.336     0.577    -0.744
 6     0.664    -0.705    -0.248
 7   115.042   -21.372   -11.112
 7    -0.005     0.996    -0.086
 7    -0.954     0.021     0.299
 7     0.300     0.083     0.950
 8    99.512   -29.961     1.639
 8    -0.589     0.631     0.505
 8    -0.439    -0.774     0.456
 8     0.679     0.047     0.732
 9    82.899   -43.503    23.609
 9    -0.701     0.409    -0.584
 9    -0.324     0.547     0.772
 9     0.635     0.730    -0.251
 2    97.508   -18.429    59.135
 2     0.722    -0.693     0.005
 2     0.691     0.721     0.031
 2    -0.024    -0.020     0.999
 3   129.821    -2.959     3.621
 3     0.274    -0.275    -0.922
 3     0.040     0.961    -0.274
 3     0.961     0.037     0.274
 4   113.460    12.313   -12.919
 4     0.210    -0.965     0.159
 4     0.958     0.171    -0.227
 4     0.192     0.200     0.961
 5    97.104    20.571    -3.347
 5    -0.687    -0.452     0.569
 5     0.443    -0.881    -0.164
 5     0.575     0.139     0.805
 6    81.953    35.421    19.068
 6    -0.728    -0.354    -0.587
 6     0.351     0.542    -0.763
 6     0.588    -0.762    -0.271
 7   116.946   -21.438   -11.182
 7    -0.004     0.991    -0.130
 7    -0.951     0.036     0.308
 7     0.310     0.124     0.942
 8   100.615   -30.448     0.404
 8    -0.626     0.638     0.449
 8    -0.462    -0.767     0.445
 8     0.628     0.071     0.775
 9    82.397   -44.817    20.579
 9    -0.742     0.328    -0.584
 9    -0.369     0.528     0.765
 9     0.559     0.783    -0.272
 2    97.558   -18.429    59.161
 2     0.722    -0.693     0.005
 2     0.691     0.721     0.031
 2    -0.024    -0.020     0.999
 3   130.375    -3.035     3.990
 3     0.245    -0.272    -0.931
 3     0.040     0.962    -0.269
 3     0.969     0.027     0.246
 4   114.362    12.193   -12.926
 4     0.211    -0.969     0.128
 4     0.957     0.178    -0.229
 4     0.199     0.171     0.965
 5    97.691    20.879    -3.672
 5    -0.699    -0.463     0.545
 5     0.452    -0.876    -0.165
 5     0.553     0.131     0.822
 6    82.388    35.942    18.591
 6    -0.735    -0.332    -0.591
 6     0.363     0.543    -0.757
 6     0.572    -0.771    -0.279
 7   117.191   -21.419   -11.156
 7    -0.015     0.990    -0.142
 7    -0.950     0.030     0.310
 7     0.310     0.139     0.940
 8   100.299   -30.274     0.016
 8    -0.646     0.629     0.434
 8    -0.465    -0.774     0.431
 8     0.606     0.076     0.791
 9    81.390   -44.439    19.833
 9    -0.756     0.307    -0.578
 9    -0.369     0.530     0.763
 9     0.540     0.791    -0.288
 2    97.560   -18.428    59.158
 2     0.722    -0.693     0.004
 2     0.691     0.721     0.031
 2    -0.023    -0.020     0.999
 3   130.190    -3.068     4.001
 3     0.248    -0.263    -0.932
 3     0.037     0.964    -0.261
 3     0.968     0.030     0.249
 4   113.961    12.191   -12.929
 4     0.213    -0.968     0.133
 4     0.957     0.178    -0.230
 4     0.199     0.176     0.964
 5    97.156    20.650    -3.772
 5    -0.702    -0.455     0.548
 5     0.450    -0.880    -0.153
 5     0.551     0.139     0.822
 6    81.667    35.809    18.356
 6    -0.740    -0.333    -0.584
 6     0.363     0.533    -0.764
 6     0.566    -0.777    -0.274
 7   116.794   -21.370   -11.183
 7    -0.019     0.990    -0.139
 7    -0.950     0.025     0.311
 7     0.311     0.138     0.940
 8    99.869   -30.361    -0.220
 8    -0.651     0.627     0.427
 8    -0.470    -0.775     0.422
 8     0.595     0.074     0.799
 9    80.882   -44.932    19.103
 9    -0.760     0.279    -0.587
 9    -0.390     0.527     0.755
 9     0.520     0.802    -0.292
 2    97.508   -18.429    59.161
 2     0.722    -0.693     0.005
 2     0.691     0.721     0.031
 2    -0.024    -0.020     0.999
 3   129.997    -3.178     3.923
 3     0.254    -0.260    -0.932
 3     0.035     0.965    -0.259
 3     0.966     0.032     0.254
 4   113.885    12.140   -12.981
 4     0.214    -0.967     0.135
 4     0.956     0.179    -0.231
 4     0.199     0.179     0.963
 5    97.313    20.719    -4.009
 5    -0.700    -0.462     0.545
 5     0.462    -0.874    -0.146
 5     0.544     0.149     0.825
 6    81.964    36.282    17.802
 6    -0.741    -0.325    -0.588
 6     0.376     0.524    -0.764
 6     0.556    -0.787    -0.266
 7   116.889   -21.246   -11.278
 7    -0.021     0.990    -0.141
 7    -0.951     0.024     0.309
 7     0.309     0.140     0.940
 8    99.919   -30.383    -1.005
 8    -0.664     0.628     0.407
 8    -0.486    -0.775     0.404
 8     0.568     0.070     0.819
 9    80.544   -45.342    17.609
 9    -0.773     0.246    -0.585
 9    -0.406     0.517     0.753
 9     0.488     0.819    -0.300
 2    97.560   -18.428    59.158
 2     0.722    -0.693     0.004
 2     0.691     0.721     0.031
 2    -0.023    -0.020     0.999
 3   130.304    -3.251     3.989
 3     0.246    -0.251    -0.937
 3     0.029     0.967    -0.251
 3     0.969     0.033     0.245
 4   114.475    12.092   -13.115
 4     0.222    -0.967     0.125
 4     0.954     0.188    -0.234
 4     0.203     0.171     0.964
 5    97.753    21.036    -4.271
 5    -0.703    -0.472     0.532
 5     0.472    -0.869    -0.145
 5     0.531     0.149     0.834
 6    82.406    36.804    17.386
 6    -0.743    -0.311    -0.593
 6     0.390     0.518    -0.761
 6     0.543    -0.797    -0.264
 7   117.097   -21.027   -11.435
 7    -0.028     0.989    -0.146
 7    -0.952     0.017     0.305
 7     0.303     0.147     0.941
 8   100.077   -30.262    -1.210
 8    -0.668     0.627     0.402
 8    -0.488    -0.776     0.400
 8     0.562     0.071     0.823
 9    80.610   -45.246    17.295
 9    -0.775     0.245    -0.582
 9    -0.405     0.514     0.756
 9     0.484     0.822    -0.300
 2    97.508   -18.429    59.161
 2     0.722    -0.693     0.004
 2     0.692     0.720     0.031
 2    -0.024    -0.021     0.999
 3   130.378    -3.253     4.039
 3     0.242    -0.250    -0.938
 3     0.027     0.968    -0.250
 3     0.969     0.034     0.241
 4   114.326    12.090   -12.990
 4     0.227    -0.965     0.130
 4     0.952     0.192    -0.236
 4     0.203     0.177     0.963
 5    97.662    21.071    -4.008
 5    -0.693    -0.475     0.544
 5     0.476    -0.866    -0.149
 5     0.542     0.156     0.825
 6    82.482    36.989    17.801
 6    -0.733    -0.325    -0.598
 6     0.393     0.514    -0.762
 6     0.554    -0.794    -0.250
 7   116.607   -21.076   -11.438
 7    -0.028     0.990    -0.134
 7    -0.952     0.014     0.307
 7     0.305     0.136     0.942
 8    99.693   -30.297    -0.861
 8    -0.657     0.630     0.413
 8    -0.486    -0.773     0.407
 8     0.576     0.067     0.814
 9    80.524   -45.180    18.111
 9    -0.768     0.259    -0.586
 9    -0.403     0.516     0.756
 9     0.498     0.816    -0.292
 2    97.510   -18.428    59.158
 2     0.722    -0.693     0.004
 2     0.692     0.720     0.031
 2    -0.023    -0.020     0.999
 3   129.897    -3.317     3.893
 3     0.257    -0.247    -0.935
 3     0.024     0.968    -0.248
 3     0.966     0.041     0.254
 4   113.710    12.135   -12.983
 4     0.233    -0.962     0.146
 4     0.952     0.194    -0.236
 4     0.198     0.194     0.960
 5    97.307    21.234    -3.576
 5    -0.680    -0.479     0.556
 5     0.479    -0.863    -0.159
 5     0.556     0.158     0.816
 6    82.936    37.180    18.667
 6    -0.717    -0.342    -0.607
 6     0.395     0.518    -0.759
 6     0.574    -0.784    -0.236
 7   116.134   -21.077   -11.431
 7    -0.028     0.992    -0.123
 7    -0.952     0.011     0.305
 7     0.304     0.125     0.944
 8    99.434   -30.234    -0.508
 8    -0.650     0.630     0.426
 8    -0.479    -0.774     0.414
 8     0.590     0.065     0.804
 9    80.510   -44.865    18.831
 9    -0.763     0.273    -0.586
 9    -0.395     0.520     0.757
 9     0.511     0.809    -0.289
 2    97.508   -18.429    59.161
 2     0.722    -0.693     0.004
 2     0.692     0.720     0.031
 2    -0.024    -0.021     0.999
 3   129.763    -3.322     3.854
 3     0.260    -0.247    -0.934
 3     0.022     0.968    -0.249
 3     0.965     0.043     0.257
 4   113.553    12.232   -12.977
 4     0.240    -0.959     0.152
 4     0.951     0.200    -0.236
 4     0.195     0.201     0.960
 5    97.454    21.489    -3.445
 5    -0.667    -0.492     0.560
 5     0.490    -0.855    -0.167
 5     0.561     0.162     0.811
 6    83.246    37.537    18.779
 6    -0.709    -0.343    -0.616
 6     0.404     0.517    -0.754
 6     0.577    -0.784    -0.229
 7   116.038   -21.076   -11.434
 7    -0.028     0.992    -0.120
 7    -0.952     0.010     0.306
 7     0.305     0.122     0.944
 8    99.402   -30.228    -0.405
 8    -0.646     0.630     0.430
 8    -0.476    -0.773     0.418
 8     0.596     0.065     0.800
 9    80.578   -44.858    19.188
 9    -0.760     0.279    -0.587
 9    -0.392     0.523     0.756
 9     0.518     0.805    -0.288
 2    97.508   -18.429    59.161
 2     0.722    -0.693     0.004
 2     0.692     0.720     0.031
 2    -0.024    -0.021     0.999
 3   129.704    -3.426     3.866
 3     0.264    -0.249    -0.932
 3     0.023     0.968    -0.251
 3     0.964     0.043     0.261
 4   113.366    12.075   -12.914
 4     0.240    -0.958     0.157
 4     0.952     0.200    -0.232
 4     0.190     0.205     0.960
 5    97.332    21.439    -3.453
 5    -0.664    -0.492     0.563
 5     0.493    -0.854    -0.165
 5     0.562     0.168     0.809
 6    83.183    37.711    18.787
 6    -0.710    -0.347    -0.613
 6     0.408     0.507    -0.759
 6     0.574    -0.789    -0.219
 7   115.851   -21.272   -11.345
 7    -0.022     0.993    -0.113
 7    -0.951     0.013     0.309
 7     0.309     0.114     0.944
 8    99.394   -30.461     0.036
 8    -0.632     0.641     0.437
 8    -0.476    -0.765     0.433
 8     0.611     0.066     0.788
 9    81.099   -45.063    20.064
 9    -0.749     0.291    -0.595
 9    -0.391     0.531     0.752
 9     0.535     0.796    -0.284
 2    97.508   -18.429    59.161
 2     0.722    -0.693     0.005
 2     0.691     0.721     0.031
 2    -0.024    -0.020     0.999
 3   129.559    -3.453     3.887
 3     0.270    -0.253    -0.929
 3     0.026     0.966    -0.255
 3     0.962     0.044     0.267
 4   113.150    12.066   -12.898
 4     0.253    -0.953     0.167
 4     0.950     0.212    -0.230
 4     0.183     0.217     0.958
 5    97.558    21.905    -2.947
 5    -0.643    -0.510     0.573
 5     0.505    -0.843    -0.184
 5     0.576     0.171     0.799
 6    84.401    38.412    19.708
 6    -0.683    -0.366    -0.633
 6     0.419     0.513    -0.749
 6     0.598    -0.777    -0.197
 7   115.521   -21.274   -11.330
 7    -0.020     0.995    -0.102
 7    -0.952     0.012     0.306
 7     0.305     0.103     0.947
 8    99.331   -30.234     0.485
 8    -0.616     0.645     0.453
 8    -0.471    -0.762     0.444
 8     0.631     0.060     0.773
 9    81.540   -44.326    21.403
 9    -0.736     0.324    -0.594
 9    -0.370     0.543     0.754
 9     0.567     0.774    -0.280
 2    97.508   -18.429    59.135
 2     0.722    -0.693     0.005
 2     0.691     0.721     0.031
 2    -0.024    -0.020     0.999
 3   129.474    -3.437     3.895
 3     0.274    -0.251    -0.929
 3     0.020     0.967    -0.255
 3     0.961     0.050     0.270
 4   113.101    12.291   -12.774
 4     0.265    -0.948     0.174
 4     0.947     0.221    -0.234
 4     0.183     0.226     0.956
 5    97.733    22.221    -2.543
 5    -0.628    -0.517     0.582
 5     0.506    -0.839    -0.199
 5     0.591     0.169     0.788
 6    84.973    38.603    20.452
 6    -0.668    -0.387    -0.635
 6     0.416     0.513    -0.750
 6     0.616    -0.766    -0.182
 7   115.392   -21.099   -11.293
 7    -0.020     0.995    -0.097
 7    -0.953     0.011     0.302
 7     0.302     0.098     0.948
 8    99.463   -30.036     0.942
 8    -0.602     0.648     0.466
 8    -0.465    -0.759     0.455
 8     0.649     0.057     0.758
 9    82.507   -44.111    22.386
 9    -0.717     0.354    -0.601
 9    -0.361     0.549     0.754
 9     0.597     0.757    -0.266
 2    97.457   -18.430    59.161
 2     0.722    -0.693     0.005
 2     0.691     0.721     0.031
 2    -0.024    -0.020     0.999
 3   129.481    -3.384     3.933
 3     0.273    -0.255    -0.928
 3     0.019     0.965    -0.259
 3     0.962     0.052     0.268
 4   112.991    12.338   -12.713
 4     0.268    -0.947     0.178
 4     0.946     0.224    -0.232
 4     0.179     0.231     0.956
 5    97.972    22.010    -1.225
 5    -0.601    -0.510     0.616
 5     0.485    -0.845    -0.225
 5     0.635     0.163     0.755
 6    87.120    37.157    23.712
 6    -0.603    -0.477    -0.640
 6     0.374     0.539    -0.754
 6     0.705    -0.694    -0.147
 7   115.257   -21.323   -10.994
 7    -0.002     0.996    -0.082
 7    -0.955     0.022     0.295
 7     0.295     0.079     0.952
 8   100.400   -30.235     3.105
 8    -0.528     0.672     0.519
 8    -0.451    -0.740     0.499
 8     0.719     0.029     0.693
 9    87.406   -42.670    28.078
 9    -0.608     0.473    -0.638
 9    -0.292     0.614     0.733
 9     0.738     0.632    -0.235
 2    97.508   -18.429    59.161
 2     0.722    -0.693     0.005
 2     0.691     0.721     0.031
 2    -0.024    -0.020     0.999
 3   129.242    -3.373     4.197
 3     0.273    -0.283    -0.920
 3     0.032     0.958    -0.284
 3     0.961     0.047     0.270
 4   112.075    12.497   -12.286
 4     0.290    -0.930     0.225
 4     0.942     0.237    -0.235
 4     0.165     0.280     0.945
 5    98.854    22.359     1.662
 5    -0.495    -0.519     0.698
 5     0.464    -0.836    -0.292
 5     0.734     0.179     0.654
 6    93.422    35.693    29.221
 6    -0.413    -0.581    -0.701
 6     0.330     0.622    -0.710
 6     0.849    -0.525    -0.065
 7   114.734   -21.803   -10.565
 7     0.076     0.996    -0.033
 7    -0.949     0.082     0.305
 7     0.307     0.008     0.951
 8   102.647   -30.861     6.012
 8    -0.371     0.740     0.560
 8    -0.436    -0.672     0.599
 8     0.819    -0.022     0.572
 9    96.511   -40.628    34.319
 9    -0.407     0.519    -0.751
 9    -0.196     0.754     0.627
 9     0.892     0.402    -0.205
 2    97.508   -18.429    59.161
 2     0.722    -0.693     0.005
 2     0.691     0.721     0.031
 2    -0.024    -0.020     0.999
 3   128.635    -3.273     4.275
 3     0.283    -0.307    -0.909
 3     0.039     0.950    -0.307
 3     0.958     0.050     0.281
 4   111.111    12.841   -11.648
 4     0.335    -0.908     0.252
 4     0.927     0.269    -0.260
 4     0.168     0.321     0.932
 5    99.945    23.581     4.160
 5    -0.377    -0.555     0.741
 5     0.476    -0.803    -0.359
 5     0.794     0.218     0.567
 6    99.608    35.721    32.691
 6    -0.240    -0.604    -0.760
 6     0.299     0.699    -0.650
 6     0.923    -0.383     0.012
 7   114.157   -21.689   -10.160
 7     0.163     0.987    -0.004
 7    -0.940     0.156     0.304
 7     0.300    -0.047     0.953
 8   105.414   -31.201     8.425
 8    -0.193     0.793     0.578
 8    -0.435    -0.597     0.674
 8     0.879    -0.121     0.460
 9   105.201   -40.014    37.297
 9    -0.239     0.537    -0.809
 9    -0.177     0.794     0.580
 9     0.954     0.283    -0.095
 2    97.508   -18.429    59.135
 2     0.722    -0.693     0.005
 2     0.692     0.720     0.031
 2    -0.024    -0.020     0.999
 3   127.795    -2.893     4.185
 3     0.293    -0.331    -0.897
 3     0.050     0.942    -0.331
 3     0.954     0.051     0.292
 4   109.807    13.274   -10.995
 4     0.403    -0.868     0.290
 4     0.900     0.319    -0.295
 4     0.164     0.379     0.910
 5   102.073    25.163     6.815
 5    -0.195    -0.606     0.771
 5     0.500    -0.738    -0.453
 5     0.844     0.297     0.446
 6   107.533    36.010    35.238
 6    -0.055    -0.596    -0.801
 6     0.280     0.760    -0.586
 6     0.958    -0.257     0.124
 7   112.537   -21.668    -9.743
 7     0.215     0.976     0.036
 7    -0.931     0.194     0.309
 7     0.294    -0.101     0.950
 8   107.947   -30.859    11.022
 8     0.025     0.742     0.670
 8    -0.433    -0.596     0.676
 8     0.901    -0.307     0.306
 9   114.185   -39.423    38.589
 9    -0.033     0.615    -0.788
 9    -0.172     0.773     0.610
 9     0.984     0.156     0.080
 2    97.510   -18.429    59.158
 2     0.722    -0.693     0.004
 2     0.691     0.721     0.031
 2    -0.023    -0.020     0.999
 3   127.177    -2.919     3.567
 3     0.320    -0.339    -0.885
 3     0.045     0.938    -0.341
 3     0.946     0.068     0.315
 4   108.715    13.693   -10.393
 4     0.452    -0.831     0.324
 4     0.876     0.344    -0.337
 4     0.168     0.436     0.884
 5   104.630    25.862     9.217
 5    -0.006    -0.623     0.782
 5     0.476    -0.690    -0.546
 5     0.879     0.368     0.301
 6   115.075    34.350    36.803
 6     0.132    -0.613    -0.779
 6     0.211     0.785    -0.582
 6     0.968    -0.088     0.233
 7   111.223   -21.353    -9.678
 7     0.225     0.973     0.058
 7    -0.935     0.199     0.294
 7     0.274    -0.120     0.954
 8   109.615   -29.727    12.878
 8     0.170     0.672     0.721
 8    -0.408    -0.618     0.671
 8     0.897    -0.408     0.169
 9   119.332   -37.624    39.408
 9     0.110     0.689    -0.717
 9    -0.141     0.724     0.674
 9     0.984     0.028     0.176
 2    97.508   -18.429    59.161
 2     0.722    -0.693     0.005
 2     0.691     0.721     0.031
 2    -0.024    -0.020     0.999
 3   126.793    -2.712     3.104
 3     0.342    -0.333    -0.880
 3     0.043     0.940    -0.338
 3     0.938     0.076     0.334
 4   108.077    14.121   -10.097
 4     0.470    -0.811     0.347
 4     0.871     0.363    -0.330
 4     0.142     0.457     0.877
 5   106.175    25.265    11.017
 5     0.145    -0.535     0.833
 5     0.445    -0.717    -0.537
 5     0.884     0.447     0.134
 6   120.130    33.078    36.900
 6     0.296    -0.656    -0.696
 6     0.161     0.751    -0.639
 6     0.941     0.076     0.327
 7   110.639   -21.409    -9.300
 7     0.225     0.972     0.067
 7    -0.937     0.197     0.289
 7     0.268    -0.128     0.955
 8   110.038   -29.292    14.355
 8     0.272     0.623     0.734
 8    -0.370    -0.636     0.677
 8     0.888    -0.456     0.057
 9   123.140   -34.244    40.412
 9     0.293     0.691    -0.663
 9    -0.008     0.693     0.719
 9     0.956    -0.204     0.208
 2    97.558   -18.480    59.161
 2     0.722    -0.693     0.005
 2     0.691     0.721     0.031
 2    -0.024    -0.020     0.999
 3   126.786    -2.791     2.884
 3     0.347    -0.332    -0.878
 3     0.042     0.940    -0.337
 3     0.937     0.078     0.340
 4   107.966    14.118    -9.783
 4     0.469    -0.810     0.354
 4     0.872     0.361    -0.329
 4     0.138     0.462     0.875
 5   108.154    24.634    12.426
 5     0.273    -0.518     0.811
 5     0.387    -0.712    -0.585
 5     0.880     0.473     0.006
 6   124.644    29.953    37.375
 6     0.375    -0.489    -0.789
 6     0.084     0.864    -0.494
 6     0.923     0.118     0.365
 7   111.145   -22.072    -8.123
 7     0.280     0.955     0.090
 7    -0.916     0.238     0.322
 7     0.286    -0.173     0.942
 8   112.355   -29.173    15.833
 8     0.359     0.639     0.681
 8    -0.307    -0.608     0.732
 8     0.882    -0.471    -0.022
 9   125.613   -33.279    41.360
 9     0.292     0.675    -0.680
 9     0.014     0.706     0.707
 9     0.956    -0.215     0.196
 2    97.557   -18.429    59.161
 2     0.722    -0.693     0.005
 2     0.692     0.720     0.031
 2    -0.024    -0.020     0.999
 3   126.929    -2.789     2.664
 3     0.354    -0.348    -0.870
 3     0.054     0.935    -0.350
 3     0.933     0.075     0.348
 4   107.590    14.143    -9.081
 4     0.472    -0.802     0.368
 4     0.870     0.357    -0.338
 4     0.139     0.479     0.866
 5   109.592    24.852    13.458
 5     0.376    -0.489     0.788
 5     0.386    -0.690    -0.611
 5     0.842     0.534    -0.070
 6   127.576    30.325    36.767
 6     0.446    -0.480    -0.757
 6     0.082     0.862    -0.498
 6     0.891     0.159     0.423
 7   111.146   -21.788    -8.177
 7     0.278     0.955     0.100
 7    -0.923     0.237     0.302
 7     0.264    -0.177     0.948
 8   112.568   -29.218    15.873
 8     0.388     0.603     0.698
 8    -0.329    -0.616     0.715
 8     0.861    -0.507    -0.040
 9   126.018   -34.899    40.960
 9     0.366     0.790    -0.496
 9    -0.022     0.537     0.842
 9     0.930    -0.296     0.213
 2    97.557   -18.429    59.161
 2     0.722    -0.693     0.005
 2     0.692     0.720     0.031
 2    -0.024    -0.020     0.999
 3   126.925    -2.549     2.783
 3     0.356    -0.346    -0.869
 3     0.036     0.934    -0.355
 3     0.933     0.093     0.344
 4   107.711    14.919    -8.204
 4     0.480    -0.797     0.366
 4     0.862     0.353    -0.363
 4     0.160     0.490     0.856
 5   110.840    24.955    14.747
 5     0.446    -0.471     0.762
 5     0.347    -0.694    -0.631
 5     0.825     0.545    -0.146
 6   129.230    30.312    37.315
 6     0.466    -0.501    -0.731
 6     0.085     0.846    -0.524
 6     0.880     0.182     0.437
 7   111.185   -21.218    -8.257
 7     0.278     0.955     0.101
 7    -0.928     0.239     0.287
 7     0.249    -0.174     0.952
 8   113.111   -28.632    15.716
 8     0.403     0.617     0.677
 8    -0.302    -0.608     0.734
 8     0.864    -0.500    -0.058
 9   126.518   -33.825    41.140
 9     0.386     0.802    -0.459
 9    -0.000     0.494     0.868
 9     0.922    -0.333     0.190
 2    97.510   -18.429    59.158
 2     0.722    -0.693     0.004
 2     0.691     0.721     0.031
 2    -0.023    -0.020     0.999
 3   127.088    -2.186     3.029
 3     0.348    -0.369    -0.863
 3     0.036     0.924    -0.379
 3     0.936     0.099     0.334
 4   107.706    14.915    -7.979
 4     0.464    -0.810     0.358
 4     0.867     0.334    -0.369
 4     0.180     0.481     0.857
 5   110.394    24.294    15.013
 5     0.432    -0.510     0.745
 5     0.302    -0.697    -0.650
 5     0.850     0.505    -0.147
 6   127.949    28.453    38.680
 6     0.423    -0.471    -0.775
 6     0.051     0.865    -0.497
 6     0.904     0.170     0.390
 7   112.011   -21.430    -8.289
 7     0.303     0.949     0.078
 7    -0.918     0.269     0.290
 7     0.254    -0.160     0.954
 8   113.741   -28.675    15.868
 8     0.396     0.656     0.644
 8    -0.268    -0.587     0.763
 8     0.878    -0.474    -0.056
 9   126.444   -33.146    41.675
 9     0.337     0.776    -0.537
 9     0.018     0.561     0.826
 9     0.941    -0.287     0.173
];