% Calibrated with leiden_pols
% Positions are in centimeters
Data =[
 2    97.560   -18.428    59.158
 2     0.722    -0.692     0.004
 2     0.691     0.721     0.031
 2    -0.023    -0.020     0.999
 3   126.627    -2.806     2.327
 3     0.402    -0.345    -0.849
 3     0.050     0.933    -0.354
 3     0.914     0.098     0.392
 4   107.974    15.362    -6.898
 4     0.509    -0.772     0.382
 4     0.847     0.369    -0.382
 4     0.154     0.517     0.841
 5   110.370    22.955    15.850
 5     0.308    -0.618     0.724
 5     0.151    -0.719    -0.677
 5     0.939     0.317    -0.128
 6   122.570    27.789    42.851
 6     0.220    -0.711    -0.671
 6     0.095     0.698    -0.708
 6     0.971     0.090     0.219
 7   111.077   -22.158    -7.615
 7     0.310     0.932     0.188
 7    -0.925     0.250     0.286
 7     0.219    -0.263     0.939
 8   113.427   -28.529    16.263
 8     0.307     0.752     0.584
 8    -0.199    -0.549     0.811
 8     0.931    -0.365    -0.019
 9   123.396   -31.529    44.160
 9     0.270     0.896    -0.356
 9     0.032     0.358     0.932
 9     0.962    -0.262     0.065
 2    97.560   -18.479    59.158
 2     0.722    -0.693     0.004
 2     0.691     0.721     0.031
 2    -0.023    -0.020     0.999
 3   127.526    -2.743     2.147
 3     0.392    -0.347    -0.853
 3     0.054     0.933    -0.354
 3     0.918     0.091     0.384
 4   109.266    15.244    -7.442
 4     0.505    -0.780     0.369
 4     0.848     0.370    -0.380
 4     0.160     0.504     0.848
 5   111.285    23.078    14.925
 5     0.289    -0.617     0.733
 5     0.174    -0.718    -0.673
 5     0.941     0.321    -0.099
 6   122.917    28.507    42.138
 6     0.199    -0.722    -0.665
 6     0.115     0.688    -0.714
 6     0.973     0.063     0.219
 7   113.280   -22.363    -8.043
 7     0.321     0.934     0.154
 7    -0.917     0.265     0.299
 7     0.238    -0.238     0.942
 8   115.462   -28.582    15.690
 8     0.283     0.792     0.542
 8    -0.177    -0.512     0.840
 8     0.943    -0.333    -0.005
 9   124.701   -31.722    43.873
 9     0.212     0.863    -0.461
 9     0.028     0.463     0.885
 9     0.977    -0.198     0.072
 2    97.560   -18.428    59.158
 2     0.722    -0.692     0.004
 2     0.691     0.721     0.031
 2    -0.023    -0.020     0.999
 3   128.294    -2.701     2.383
 3     0.352    -0.375    -0.858
 3     0.064     0.923    -0.377
 3     0.933     0.076     0.349
 4   110.135    15.154    -7.654
 4     0.510    -0.789     0.344
 4     0.842     0.376    -0.386
 4     0.175     0.486     0.856
 5   111.663    23.479    14.832
 5     0.290    -0.622     0.729
 5     0.203    -0.704    -0.680
 5     0.935     0.344    -0.077
 6   123.257    29.659    41.870
 6     0.198    -0.720    -0.667
 6     0.140     0.692    -0.706
 6     0.970     0.045     0.237
 7   113.388   -22.130    -8.075
 7     0.321     0.938     0.130
 7    -0.915     0.271     0.300
 7     0.246    -0.216     0.945
 8   115.285   -28.919    15.247
 8     0.282     0.806     0.521
 8    -0.198    -0.482     0.853
 8     0.939    -0.343     0.025
 9   124.256   -31.951    43.329
 9     0.198     0.824    -0.534
 9     0.023     0.537     0.841
 9     0.980    -0.177     0.085
 2    97.560   -18.428    59.158
 2     0.722    -0.692     0.004
 2     0.691     0.721     0.031
 2    -0.023    -0.020     0.999
 3   128.108    -2.417     2.502
 3     0.340    -0.380    -0.861
 3     0.054     0.921    -0.384
 3     0.939     0.083     0.333
 4   110.255    15.635    -7.555
 4     0.507    -0.799     0.323
 4     0.837     0.368    -0.404
 4     0.204     0.475     0.855
 5   111.048    24.391    14.564
 5     0.255    -0.644     0.722
 5     0.226    -0.686    -0.691
 5     0.940     0.338    -0.029
 6   121.878    30.372    41.950
 6     0.166    -0.679    -0.717
 6     0.146     0.734    -0.661
 6     0.975     0.002     0.220
 7   113.762   -21.880    -8.393
 7     0.329     0.938     0.112
 7    -0.913     0.286     0.289
 7     0.239    -0.197     0.951
 8   114.274   -29.266    14.525
 8     0.214     0.827     0.521
 8    -0.226    -0.477     0.849
 8     0.950    -0.299     0.085
 9   121.977   -32.493    43.019
 9     0.126     0.790    -0.601
 9     0.006     0.604     0.796
 9     0.992    -0.102     0.069
 2    97.560   -18.428    59.158
 2     0.722    -0.692     0.004
 2     0.691     0.721     0.031
 2    -0.023    -0.020     0.999
 3   127.634    -2.609     2.511
 3     0.349    -0.368    -0.863
 3     0.048     0.926    -0.374
 3     0.935     0.087     0.340
 4   110.041    15.581    -7.660
 4     0.521    -0.794     0.314
 4     0.828     0.381    -0.410
 4     0.206     0.473     0.856
 5   110.485    24.533    14.281
 5     0.230    -0.676     0.701
 5     0.223    -0.664    -0.713
 5     0.947     0.319    -0.001
 6   121.048    29.514    42.027
 6     0.149    -0.598    -0.789
 6     0.127     0.801    -0.583
 6     0.980    -0.015     0.195
 7   112.753   -22.238    -8.215
 7     0.317     0.939     0.130
 7    -0.917     0.268     0.295
 7     0.242    -0.213     0.946
 8   113.707   -29.474    14.605
 8     0.223     0.837     0.500
 8    -0.214    -0.459     0.862
 8     0.951    -0.299     0.077
 9   121.760   -32.217    42.924
 9     0.112     0.710    -0.696
 9     0.013     0.698     0.715
 9     0.993    -0.088     0.067
 2    97.510   -18.429    59.158
 2     0.722    -0.693     0.004
 2     0.691     0.721     0.031
 2    -0.023    -0.020     0.999
 3   127.410    -2.793     2.498
 3     0.360    -0.357    -0.864
 3     0.052     0.930    -0.361
 3     0.931     0.084     0.352
 4   110.506    15.231    -8.553
 4     0.517    -0.803     0.295
 4     0.829     0.386    -0.403
 4     0.210     0.453     0.866
 5   108.063    26.113    11.540
 5     0.080    -0.729     0.680
 5     0.316    -0.629    -0.710
 5     0.945     0.272     0.180
 6   114.535    31.241    40.702
 6     0.025    -0.526    -0.850
 6     0.118     0.845    -0.520
 6     0.993    -0.089     0.082
 7   113.927   -22.291    -8.975
 7     0.292     0.954     0.060
 7    -0.913     0.259     0.316
 7     0.286    -0.147     0.947
 8   108.976   -31.797    11.237
 8    -0.027     0.870     0.492
 8    -0.354    -0.469     0.809
 8     0.935    -0.152     0.320
 9   109.585   -36.620    41.243
 9    -0.111     0.641    -0.759
 9    -0.021     0.762     0.646
 9     0.993     0.089    -0.073
 2    97.560   -18.428    59.158
 2     0.722    -0.692     0.004
 2     0.691     0.721     0.031
 2    -0.023    -0.020     0.999
 3   128.181    -3.082     3.050
 3     0.343    -0.292    -0.893
 3     0.021     0.952    -0.303
 3     0.939     0.084     0.333
 4   111.184    14.964    -9.823
 4     0.440    -0.859     0.263
 4     0.869     0.333    -0.365
 4     0.225     0.389     0.893
 5   102.131    25.561     7.171
 5    -0.237    -0.659     0.713
 5     0.386    -0.738    -0.554
 5     0.891     0.144     0.429
 6   101.120    32.422    37.220
 6    -0.220    -0.559    -0.799
 6     0.146     0.791    -0.594
 6     0.964    -0.248    -0.092
 7   113.164   -22.011    -9.965
 7     0.127     0.992     0.011
 7    -0.945     0.117     0.305
 7     0.300    -0.050     0.952
 8   101.304   -30.638     7.209
 8    -0.338     0.730     0.595
 8    -0.399    -0.683     0.612
 8     0.853    -0.030     0.521
 9    95.271   -38.115    36.474
 9    -0.316     0.734    -0.600
 9    -0.074     0.611     0.787
 9     0.945     0.294    -0.139
 2    97.510   -18.429    59.158
 2     0.722    -0.692     0.004
 2     0.691     0.721     0.030
 2    -0.023    -0.020     0.999
 3   128.117    -3.414     2.851
 3     0.370    -0.250    -0.895
 3     0.017     0.965    -0.261
 3     0.928     0.080     0.361
 4   110.376    13.757   -11.330
 4     0.311    -0.909     0.278
 4     0.930     0.232    -0.284
 4     0.194     0.347     0.917
 5    97.661    22.931     3.022
 5    -0.457    -0.497     0.738
 5     0.408    -0.854    -0.322
 5     0.790     0.154     0.593
