2 	  32.89	  -6.70	  23.03
	  0.999	 -0.046	  0.010
	  0.046	  0.998	 -0.029
	 -0.010	  0.029	  0.999

3 	  44.05	  -1.41	   1.56
	  0.654	  0.225	  0.722
	 -0.114	  0.973	 -0.200
	 -0.748	  0.048	  0.662

4 	  36.28	   3.99	  -2.06
	  0.496	  0.814	 -0.301
	 -0.718	  0.580	  0.386
	  0.489	  0.024	  0.872

5 	  38.36	   7.56	  10.21
	  0.556	  0.075	  0.828
	 -0.278	 -0.922	  0.271
	  0.783	 -0.381	 -0.492

6 	  47.62	   3.55	   7.33
	  0.665	 -0.604	 -0.440
	  0.402	 -0.207	  0.892
	 -0.630	 -0.770	  0.105

7 	  36.79	  -7.54	  -2.06
	  0.396	 -0.918	 -0.010
	  0.895	  0.389	 -0.216
	  0.202	  0.077	  0.976

8 	  39.02	 -10.69	  10.34
	  0.650	 -0.069	  0.757
	  0.089	 -0.982	 -0.166
	  0.755	  0.175	 -0.632

9 	  48.15	  -4.96	   9.67
	  0.641	  0.730	 -0.235
	 -0.100	 -0.225	 -0.969
	 -0.761	  0.645	 -0.071

2 	  32.87	  -6.71	  23.03
	  0.999	 -0.046	  0.011
	  0.046	  0.998	 -0.029
	 -0.010	  0.029	  0.999

3 	  44.03	  -1.39	   1.55
	  0.653	  0.226	  0.722
	 -0.116	  0.973	 -0.200
	 -0.748	  0.047	  0.661

4 	  36.23	   4.01	  -2.06
	  0.493	  0.815	 -0.304
	 -0.717	  0.579	  0.388
	  0.493	  0.026	  0.870

5 	  38.34	   7.56	  10.21
	  0.557	  0.076	  0.827
	 -0.276	 -0.922	  0.271
	  0.783	 -0.379	 -0.493

6 	  47.60	   3.53	   7.29
	  0.663	 -0.605	 -0.441
	  0.401	 -0.209	  0.892
	 -0.631	 -0.769	  0.104

7 	  36.77	  -7.56	  -2.07
	  0.397	 -0.918	 -0.011
	  0.894	  0.389	 -0.220
	  0.206	  0.078	  0.975

8 	  39.02	 -10.69	  10.32
	  0.650	 -0.068	  0.756
	  0.089	 -0.982	 -0.165
	  0.754	  0.175	 -0.633

9 	  48.15	  -4.94	   9.65
	  0.640	  0.731	 -0.236
	 -0.101	 -0.224	 -0.969
	 -0.762	  0.644	 -0.069

2 	  32.87	  -6.70	  23.03
	  0.999	 -0.046	  0.011
	  0.046	  0.998	 -0.029
	 -0.010	  0.029	  0.999

3 	  44.03	  -1.39	   1.55
	  0.653	  0.226	  0.723
	 -0.116	  0.973	 -0.201
	 -0.749	  0.047	  0.661

4 	  36.21	   3.99	  -2.06
	  0.493	  0.815	 -0.305
	 -0.717	  0.579	  0.389
	  0.493	  0.026	  0.869

5 	  38.36	   7.58	  10.20
	  0.558	  0.077	  0.826
	 -0.275	 -0.922	  0.271
	  0.783	 -0.379	 -0.493

6 	  47.62	   3.55	   7.28
	  0.663	 -0.604	 -0.442
	  0.402	 -0.210	  0.891
	 -0.631	 -0.768	  0.104

7 	  36.76	  -7.56	  -2.06
	  0.397	 -0.917	 -0.011
	  0.894	  0.390	 -0.220
	  0.206	  0.078	  0.975

8 	  39.02	 -10.71	  10.32
	  0.651	 -0.069	  0.756
	  0.088	 -0.982	 -0.165
	  0.754	  0.174	 -0.633

9 	  48.15	  -4.94	   9.65
	  0.639	  0.731	 -0.237
	 -0.103	 -0.224	 -0.969
	 -0.762	  0.644	 -0.068

2 	  32.87	  -6.70	  23.03
	  0.999	 -0.046	  0.011
	  0.046	  0.998	 -0.029
	 -0.010	  0.029	  0.999

3 	  43.98	  -1.41	   1.56
	  0.652	  0.226	  0.724
	 -0.115	  0.973	 -0.201
	 -0.750	  0.047	  0.660

4 	  36.21	   4.01	  -2.06
	  0.493	  0.814	 -0.305
	 -0.716	  0.579	  0.388
	  0.493	  0.026	  0.869

5 	  38.34	   7.58	  10.18
	  0.557	  0.078	  0.826
	 -0.275	 -0.922	  0.272
	  0.783	 -0.379	 -0.493

6 	  47.62	   3.53	   7.28
	  0.663	 -0.604	 -0.442
	  0.402	 -0.211	  0.891
	 -0.632	 -0.768	  0.103

7 	  36.72	  -7.56	  -2.04
	  0.397	 -0.918	 -0.010
	  0.895	  0.389	 -0.219
	  0.204	  0.078	  0.976

8 	  39.02	 -10.71	  10.34
	  0.652	 -0.068	  0.755
	  0.087	 -0.982	 -0.164
	  0.753	  0.173	 -0.635

9 	  48.15	  -4.96	   9.63
	  0.640	  0.730	 -0.238
	 -0.104	 -0.224	 -0.969
	 -0.761	  0.645	 -0.067

2 	  32.87	  -6.70	  23.03
	  0.999	 -0.046	  0.011
	  0.046	  0.998	 -0.029
	 -0.010	  0.030	  0.999

3 	  43.96	  -1.41	   1.60
	  0.650	  0.227	  0.725
	 -0.116	  0.973	 -0.201
	 -0.751	  0.046	  0.658

4 	  36.19	   3.99	  -2.06
	  0.495	  0.814	 -0.304
	 -0.717	  0.580	  0.385
	  0.490	  0.027	  0.871

5 	  38.32	   7.52	  10.18
	  0.550	  0.065	  0.832
	 -0.287	 -0.922	  0.261
	  0.784	 -0.382	 -0.489

6 	  47.69	   3.60	   7.22
	  0.671	 -0.582	 -0.459
	  0.408	 -0.227	  0.884
	 -0.619	 -0.781	  0.086

7 	  36.72	  -7.56	  -2.02
	  0.398	 -0.917	 -0.008
	  0.895	  0.390	 -0.217
	  0.202	  0.079	  0.976

8 	  39.09	 -10.56	  10.41
	  0.663	 -0.061	  0.745
	  0.080	 -0.985	 -0.152
	  0.744	  0.161	 -0.649

9 	  48.23	  -4.94	   9.56
	  0.646	  0.720	 -0.252
	 -0.127	 -0.224	 -0.966
	 -0.752	  0.656	 -0.053

2 	  32.87	  -6.70	  23.03
	  0.999	 -0.046	  0.011
	  0.046	  0.998	 -0.029
	 -0.010	  0.030	  0.999

3 	  43.95	  -1.41	   1.65
	  0.648	  0.227	  0.726
	 -0.116	  0.973	 -0.200
	 -0.752	  0.045	  0.657

4 	  36.21	   3.99	  -2.02
	  0.495	  0.814	 -0.303
	 -0.720	  0.579	  0.382
	  0.486	  0.029	  0.873

5 	  38.32	   7.47	  10.21
	  0.545	  0.060	  0.836
	 -0.288	 -0.923	  0.254
	  0.787	 -0.380	 -0.486

6 	  47.74	   3.85	   7.26
	  0.687	 -0.556	 -0.467
	  0.409	 -0.236	  0.882
	 -0.601	 -0.797	  0.065

7 	  36.72	  -7.56	  -1.99
	  0.400	 -0.917	 -0.004
	  0.895	  0.391	 -0.213
	  0.196	  0.081	  0.977

8 	  39.16	 -10.49	  10.44
	  0.674	 -0.061	  0.736
	  0.070	 -0.987	 -0.146
	  0.735	  0.150	 -0.661

9 	  48.38	  -4.96	   9.44
	  0.653	  0.710	 -0.262
	 -0.146	 -0.221	 -0.964
	 -0.743	  0.668	 -0.040

2 	  32.87	  -6.70	  23.03
	  0.999	 -0.046	  0.011
	  0.046	  0.998	 -0.029
	 -0.010	  0.030	  0.999

3 	  43.95	  -1.39	   1.67
	  0.649	  0.227	  0.726
	 -0.117	  0.973	 -0.200
	 -0.752	  0.044	  0.657

4 	  36.19	   4.01	  -2.04
	  0.495	  0.815	 -0.300
	 -0.723	  0.578	  0.379
	  0.482	  0.029	  0.875

5 	  38.25	   7.45	  10.23
	  0.532	  0.060	  0.844
	 -0.281	 -0.928	  0.243
	  0.799	 -0.366	 -0.477

6 	  47.87	   4.34	   7.28
	  0.717	 -0.509	 -0.476
	  0.417	 -0.234	  0.878
	 -0.559	 -0.828	  0.045

7 	  36.74	  -7.54	  -1.97
	  0.401	 -0.916	  0.002
	  0.896	  0.392	 -0.209
	  0.191	  0.085	  0.978

8 	  39.25	 -10.39	  10.53
	  0.689	 -0.076	  0.721
	  0.031	 -0.990	 -0.134
	  0.724	  0.115	 -0.680

9 	  48.71	  -5.33	   9.30
	  0.688	  0.671	 -0.275
	 -0.173	 -0.216	 -0.961
	 -0.704	  0.709	 -0.033

2 	  32.87	  -6.71	  23.04
	  0.999	 -0.046	  0.011
	  0.047	  0.998	 -0.029
	 -0.010	  0.029	  0.999

3 	  43.93	  -1.39	   1.69
	  0.649	  0.227	  0.726
	 -0.118	  0.973	 -0.199
	 -0.751	  0.043	  0.658

4 	  36.21	   4.04	  -2.00
	  0.494	  0.818	 -0.293
	 -0.728	  0.574	  0.375
	  0.475	  0.028	  0.879

5 	  38.18	   7.44	  10.28
	  0.510	  0.067	  0.857
	 -0.265	 -0.936	  0.230
	  0.818	 -0.344	 -0.460

6 	  48.04	   4.94	   7.45
	  0.759	 -0.447	 -0.473
	  0.422	 -0.214	  0.881
	 -0.495	 -0.868	  0.026

7 	  36.72	  -7.51	  -1.93
	  0.397	 -0.918	  0.008
	  0.899	  0.387	 -0.205
	  0.185	  0.088	  0.979

8 	  39.25	 -10.28	  10.58
	  0.700	 -0.104	  0.706
	 -0.029	 -0.993	 -0.118
	  0.713	  0.062	 -0.698

9 	  49.01	  -5.92	   9.16
	  0.735	  0.614	 -0.287
	 -0.198	 -0.210	 -0.957
	 -0.648	  0.761	 -0.033

2 	  32.87	  -6.70	  23.03
	  0.999	 -0.046	  0.011
	  0.046	  0.998	 -0.029
	 -0.010	  0.029	  0.999

3 	  43.95	  -1.35	   1.74
	  0.651	  0.225	  0.725
	 -0.117	  0.973	 -0.197
	 -0.750	  0.043	  0.660

4 	  36.23	   4.06	  -1.99
	  0.493	  0.823	 -0.283
	 -0.735	  0.568	  0.371
	  0.466	  0.024	  0.884

5 	  38.16	   7.42	  10.32
	  0.500	  0.090	  0.861
	 -0.231	 -0.944	  0.233
	  0.834	 -0.316	 -0.452

6 	  48.22	   5.78	   7.52
	  0.795	 -0.383	 -0.470
	  0.435	 -0.178	  0.882
	 -0.421	 -0.906	  0.025

7 	  36.72	  -7.47	  -1.92
	  0.390	 -0.921	  0.013
	  0.903	  0.380	 -0.200
	  0.178	  0.090	  0.980

8 	  39.23	 -10.28	  10.67
	  0.706	 -0.149	  0.692
	 -0.107	 -0.989	 -0.104
	  0.700	 -0.001	 -0.714

9 	  49.32	  -6.79	   8.98
	  0.785	  0.539	 -0.306
	 -0.229	 -0.206	 -0.951
	 -0.576	  0.817	 -0.038

2 	  32.87	  -6.68	  23.03
	  0.999	 -0.045	  0.011
	  0.046	  0.998	 -0.029
	 -0.010	  0.030	  0.999

3 	  43.95	  -1.32	   1.76
	  0.651	  0.224	  0.725
	 -0.117	  0.974	 -0.196
	 -0.750	  0.043	  0.660

4 	  36.23	   4.08	  -1.95
	  0.488	  0.828	 -0.275
	 -0.744	  0.560	  0.366
	  0.457	  0.025	  0.889

5 	  38.25	   7.49	  10.39
	  0.514	  0.124	  0.848
	 -0.170	 -0.955	  0.242
	  0.840	 -0.269	 -0.470

6 	  48.38	   6.57	   7.45
	  0.821	 -0.320	 -0.473
	  0.453	 -0.138	  0.881
	 -0.347	 -0.937	  0.031

7 	  36.72	  -7.45	  -1.90
	  0.384	 -0.923	  0.018
	  0.906	  0.374	 -0.198
	  0.176	  0.093	  0.980

8 	  39.29	 -10.30	  10.62
	  0.710	 -0.193	  0.677
	 -0.180	 -0.979	 -0.091
	  0.681	 -0.057	 -0.730

9 	  49.54	  -7.73	   8.65
	  0.824	  0.457	 -0.335
	 -0.265	 -0.212	 -0.941
	 -0.501	  0.864	 -0.054

2 	  32.87	  -6.71	  23.03
	  0.999	 -0.047	  0.011
	  0.047	  0.998	 -0.029
	 -0.010	  0.029	  0.999

3 	  43.95	  -1.30	   1.76
	  0.652	  0.223	  0.724
	 -0.116	  0.974	 -0.195
	 -0.749	  0.043	  0.661

4 	  36.23	   4.08	  -1.93
	  0.486	  0.832	 -0.268
	 -0.749	  0.554	  0.364
	  0.451	  0.023	  0.892

5 	  38.32	   7.56	  10.41
	  0.528	  0.161	  0.834
	 -0.105	 -0.962	  0.252
	  0.842	 -0.221	 -0.491

6 	  48.45	   7.49	   7.44
	  0.843	 -0.251	 -0.476
	  0.467	 -0.099	  0.879
	 -0.268	 -0.963	  0.034

7 	  36.72	  -7.44	  -1.86
	  0.377	 -0.926	  0.026
	  0.910	  0.366	 -0.197
	  0.172	  0.098	  0.980

8 	  39.25	 -10.37	  10.65
	  0.703	 -0.236	  0.671
	 -0.248	 -0.965	 -0.080
	  0.666	 -0.110	 -0.737

9 	  49.68	  -8.74	   8.51
	  0.860	  0.367	 -0.354
	 -0.290	 -0.218	 -0.932
	 -0.420	  0.904	 -0.081

2 	  32.87	  -6.71	  23.03
	  0.999	 -0.046	  0.011
	  0.046	  0.998	 -0.029
	 -0.010	  0.029	  0.999

3 	  43.95	  -1.30	   1.78
	  0.652	  0.222	  0.724
	 -0.115	  0.974	 -0.195
	 -0.749	  0.043	  0.661

4 	  36.25	   4.06	  -1.92
	  0.478	  0.838	 -0.261
	 -0.758	  0.544	  0.359
	  0.443	  0.026	  0.896

5 	  38.34	   7.66	  10.39
	  0.536	  0.220	  0.815
	 -0.014	 -0.963	  0.269
	  0.844	 -0.155	 -0.513

6 	  48.41	   8.54	   7.31
	  0.860	 -0.178	 -0.477
	  0.477	 -0.046	  0.878
	 -0.178	 -0.983	  0.046

7 	  36.72	  -7.44	  -1.85
	  0.371	 -0.928	  0.036
	  0.913	  0.357	 -0.195
	  0.168	  0.105	  0.980

8 	  39.22	 -10.42	  10.69
	  0.690	 -0.289	  0.663
	 -0.326	 -0.943	 -0.072
	  0.645	 -0.167	 -0.745

9 	  49.68	 -10.00	   8.37
	  0.892	  0.262	 -0.368
	 -0.317	 -0.215	 -0.924
	 -0.322	  0.940	 -0.109

2 	  32.87	  -6.70	  23.03
	  0.999	 -0.046	  0.011
	  0.046	  0.998	 -0.029
	 -0.010	  0.029	  0.999

3 	  43.95	  -1.28	   1.78
	  0.652	  0.223	  0.724
	 -0.116	  0.974	 -0.195
	 -0.749	  0.043	  0.661

4 	  36.19	   4.04	  -1.90
	  0.469	  0.844	 -0.260
	 -0.765	  0.536	  0.357
	  0.441	  0.031	  0.897

5 	  38.30	   7.84	  10.35
	  0.538	  0.281	  0.794
	  0.072	 -0.955	  0.288
	  0.839	 -0.098	 -0.534

6 	  48.30	   9.49	   7.22
	  0.873	 -0.120	 -0.473
	  0.477	  0.006	  0.879
	 -0.103	 -0.993	  0.062

7 	  36.72	  -7.44	  -1.83
	  0.364	 -0.930	  0.044
	  0.916	  0.350	 -0.194
	  0.165	  0.111	  0.980

8 	  39.11	 -10.56	  10.71
	  0.669	 -0.352	  0.655
	 -0.411	 -0.909	 -0.068
	  0.619	 -0.224	 -0.753

9 	  49.48	 -11.30	   8.19
	  0.911	  0.156	 -0.380
	 -0.347	 -0.203	 -0.916
	 -0.220	  0.967	 -0.131

2 	  32.87	  -6.70	  23.04
	  0.999	 -0.046	  0.011
	  0.046	  0.998	 -0.029
	 -0.010	  0.030	  0.999

3 	  43.95	  -1.27	   1.79
	  0.653	  0.223	  0.723
	 -0.117	  0.974	 -0.195
	 -0.748	  0.043	  0.662

4 	  36.12	   4.03	  -1.88
	  0.462	  0.847	 -0.261
	 -0.770	  0.529	  0.356
	  0.440	  0.036	  0.897

5 	  38.21	   8.02	  10.32
	  0.535	  0.328	  0.778
	  0.136	 -0.943	  0.304
	  0.833	 -0.056	 -0.550

6 	  48.23	  10.20	   7.28
	  0.887	 -0.076	 -0.456
	  0.460	  0.044	  0.887
	 -0.047	 -0.996	  0.074

7 	  36.69	  -7.42	  -1.81
	  0.356	 -0.933	  0.047
	  0.919	  0.341	 -0.195
	  0.166	  0.112	  0.980

8 	  38.99	 -10.79	  10.67
	  0.646	 -0.416	  0.640
	 -0.488	 -0.870	 -0.072
	  0.586	 -0.266	 -0.765

9 	  49.20	 -12.59	   8.16
	  0.927	  0.052	 -0.371
	 -0.357	 -0.178	 -0.917
	 -0.114	  0.982	 -0.147

2 	  32.87	  -6.70	  23.03
	  0.999	 -0.046	  0.011
	  0.046	  0.998	 -0.029
	 -0.010	  0.029	  0.999

3 	  43.95	  -1.23	   1.79
	  0.655	  0.224	  0.722
	 -0.120	  0.974	 -0.194
	 -0.746	  0.041	  0.664

4 	  36.05	   4.03	  -1.85
	  0.453	  0.852	 -0.261
	 -0.776	  0.521	  0.355
	  0.439	  0.042	  0.897

5 	  38.16	   8.12	  10.34
	  0.531	  0.363	  0.765
	  0.185	 -0.931	  0.313
	  0.826	 -0.025	 -0.562

6 	  48.15	  10.85	   7.37
	  0.896	 -0.028	 -0.443
	  0.443	  0.071	  0.893
	  0.006	 -0.997	  0.076

7 	  36.69	  -7.40	  -1.83
	  0.353	 -0.934	  0.049
	  0.920	  0.338	 -0.197
	  0.167	  0.115	  0.979

8 	  38.81	 -10.97	  10.67
	  0.616	 -0.471	  0.631
	 -0.556	 -0.828	 -0.076
	  0.558	 -0.304	 -0.772

9 	  48.78	 -14.01	   8.61
	  0.943	 -0.070	 -0.324
	 -0.331	 -0.162	 -0.929
	  0.012	  0.984	 -0.176

2 	  32.87	  -6.71	  23.04
	  0.999	 -0.047	  0.011
	  0.047	  0.998	 -0.029
	 -0.010	  0.029	  0.999

3 	  43.95	  -1.21	   1.81
	  0.656	  0.224	  0.721
	 -0.122	  0.974	 -0.192
	 -0.745	  0.038	  0.666

4 	  36.04	   3.97	  -1.83
	  0.445	  0.856	 -0.264
	 -0.782	  0.515	  0.352
	  0.437	  0.050	  0.898

5 	  38.07	   8.28	  10.28
	  0.525	  0.421	  0.740
	  0.266	 -0.907	  0.327
	  0.808	  0.026	 -0.588

6 	  47.87	  11.71	   7.45
	  0.904	  0.037	 -0.426
	  0.422	  0.082	  0.903
	  0.068	 -0.996	  0.058

7 	  36.72	  -7.42	  -1.78
	  0.348	 -0.935	  0.059
	  0.922	  0.331	 -0.197
	  0.165	  0.124	  0.978

8 	  38.71	 -11.13	  10.76
	  0.583	 -0.527	  0.618
	 -0.627	 -0.776	 -0.070
	  0.516	 -0.347	 -0.783

9 	  48.30	 -15.36	   8.75
	  0.931	 -0.192	 -0.310
	 -0.339	 -0.141	 -0.930
	  0.135	  0.971	 -0.196

2 	  32.87	  -6.71	  23.03
	  0.999	 -0.047	  0.011
	  0.047	  0.998	 -0.029
	 -0.010	  0.029	  0.999

3 	  43.95	  -1.21	   1.81
	  0.657	  0.225	  0.719
	 -0.127	  0.973	 -0.189
	 -0.743	  0.033	  0.668

4 	  35.96	   3.87	  -1.81
	  0.430	  0.859	 -0.276
	 -0.790	  0.506	  0.347
	  0.438	  0.068	  0.896

5 	  37.95	   8.54	  10.20
	  0.512	  0.498	  0.699
	  0.365	 -0.864	  0.347
	  0.777	  0.077	 -0.625

6 	  47.50	  12.96	   7.65
	  0.912	  0.126	 -0.390
	  0.379	  0.098	  0.920
	  0.154	 -0.987	  0.041

7 	  36.76	  -7.42	  -1.76
	  0.345	 -0.936	  0.065
	  0.924	  0.327	 -0.200
	  0.166	  0.129	  0.978

8 	  38.65	 -11.32	  10.74
	  0.548	 -0.586	  0.597
	 -0.697	 -0.714	 -0.060
	  0.462	 -0.383	 -0.800

9 	  47.67	 -16.61	   8.58
	  0.899	 -0.299	 -0.318
	 -0.367	 -0.123	 -0.922
	  0.236	  0.946	 -0.220

2 	  32.87	  -6.70	  23.04
	  0.999	 -0.046	  0.012
	  0.046	  0.998	 -0.029
	 -0.011	  0.030	  0.999

3 	  43.95	  -1.20	   1.83
	  0.655	  0.226	  0.721
	 -0.133	  0.974	 -0.184
	 -0.744	  0.024	  0.668

4 	  35.91	   3.80	  -1.83
	  0.422	  0.863	 -0.278
	 -0.796	  0.499	  0.343
	  0.435	  0.076	  0.897

5 	  37.83	   8.74	  10.16
	  0.493	  0.557	  0.668
	  0.442	 -0.822	  0.359
	  0.749	  0.118	 -0.652

6 	  47.16	  13.92	   7.91
	  0.913	  0.204	 -0.351
	  0.338	  0.099	  0.936
	  0.226	 -0.974	  0.021

7 	  36.77	  -7.42	  -1.74
	  0.341	 -0.938	  0.066
	  0.925	  0.322	 -0.202
	  0.168	  0.130	  0.977

8 	  38.46	 -11.50	  10.67
	  0.506	 -0.633	  0.586
	 -0.755	 -0.653	 -0.054
	  0.416	 -0.415	 -0.809

9 	  46.85	 -17.81	   8.44
	  0.855	 -0.404	 -0.325
	 -0.400	 -0.114	 -0.909
	  0.330	  0.908	 -0.259

2 	  32.87	  -6.70	  23.04
	  0.999	 -0.046	  0.012
	  0.046	  0.998	 -0.029
	 -0.011	  0.030	  0.999

3 	  43.93	  -1.14	   1.83
	  0.656	  0.227	  0.719
	 -0.147	  0.974	 -0.175
	 -0.740	  0.009	  0.672

4 	  35.81	   3.78	  -1.79
	  0.408	  0.869	 -0.279
	 -0.802	  0.487	  0.346
	  0.437	  0.082	  0.896

5 	  37.67	   8.88	  10.09
	  0.477	  0.602	  0.641
	  0.500	 -0.785	  0.365
	  0.723	  0.146	 -0.676

6 	  46.74	  14.84	   8.28
	  0.905	  0.289	 -0.311
	  0.309	  0.054	  0.949
	  0.292	 -0.956	 -0.040

7 	  36.76	  -7.40	  -1.74
	  0.339	 -0.938	  0.067
	  0.924	  0.319	 -0.210
	  0.175	  0.134	  0.975

8 	  38.41	 -11.39	  10.76
	  0.481	 -0.658	  0.579
	 -0.793	 -0.609	 -0.033
	  0.374	 -0.444	 -0.814

9 	  46.09	 -18.63	   8.44
	  0.794	 -0.505	 -0.337
	 -0.454	 -0.125	 -0.882
	  0.403	  0.854	 -0.329

2 	  32.87	  -6.70	  23.04
	  0.999	 -0.046	  0.012
	  0.046	  0.998	 -0.029
	 -0.011	  0.030	  0.999

3 	  43.86	  -1.11	   1.81
	  0.661	  0.231	  0.714
	 -0.162	  0.973	 -0.166
	 -0.733	 -0.006	  0.680

4 	  35.67	   3.71	  -1.83
	  0.391	  0.876	 -0.281
	 -0.806	  0.474	  0.354
	  0.443	  0.088	  0.892

5 	  37.39	   9.05	   9.95
	  0.444	  0.654	  0.612
	  0.569	 -0.734	  0.371
	  0.692	  0.183	 -0.698

6 	  46.21	  15.68	   8.53
	  0.887	  0.367	 -0.280
	  0.300	 -0.001	  0.954
	  0.350	 -0.930	 -0.111

7 	  36.69	  -7.38	  -1.72
	  0.336	 -0.939	  0.066
	  0.923	  0.315	 -0.221
	  0.186	  0.135	  0.973

8 	  38.34	 -11.48	  10.72
	  0.456	 -0.691	  0.561
	 -0.828	 -0.560	 -0.016
	  0.325	 -0.457	 -0.828

9 	  45.39	 -19.44	   8.24
	  0.743	 -0.575	 -0.342
	 -0.478	 -0.098	 -0.873
	  0.468	  0.812	 -0.348

2 	  32.87	  -6.70	  23.04
	  0.999	 -0.046	  0.012
	  0.046	  0.998	 -0.029
	 -0.011	  0.030	  0.999

3 	  43.79	  -1.05	   1.72
	  0.667	  0.236	  0.706
	 -0.175	  0.971	 -0.160
	 -0.724	 -0.017	  0.689

4 	  35.51	   3.64	  -1.86
	  0.375	  0.882	 -0.285
	 -0.810	  0.462	  0.361
	  0.450	  0.096	  0.888

5 	  37.21	   9.26	   9.77
	  0.412	  0.709	  0.572
	  0.644	 -0.671	  0.367
	  0.644	  0.217	 -0.733

6 	  45.58	  16.49	   8.38
	  0.861	  0.432	 -0.269
	  0.299	 -0.003	  0.954
	  0.411	 -0.902	 -0.132

7 	  36.56	  -7.38	  -1.76
	  0.324	 -0.944	  0.061
	  0.925	  0.303	 -0.229
	  0.197	  0.131	  0.971

8 	  38.30	 -11.58	  10.65
	  0.438	 -0.716	  0.543
	 -0.853	 -0.522	  0.000
	  0.283	 -0.463	 -0.840

9 	  44.82	 -20.04	   8.26
	  0.691	 -0.638	 -0.339
	 -0.504	 -0.089	 -0.859
	  0.518	  0.765	 -0.383

2 	  32.87	  -6.70	  23.04
	  0.999	 -0.046	  0.011
	  0.046	  0.998	 -0.029
	 -0.010	  0.029	  0.999

3 	  43.66	  -1.02	   1.67
	  0.677	  0.241	  0.695
	 -0.187	  0.970	 -0.154
	 -0.712	 -0.026	  0.702

4 	  35.31	   3.60	  -1.88
	  0.358	  0.888	 -0.290
	 -0.812	  0.449	  0.372
	  0.461	  0.102	  0.882

5 	  37.04	   9.40	   9.65
	  0.392	  0.739	  0.547
	  0.685	 -0.632	  0.362
	  0.613	  0.233	 -0.755

6 	  44.96	  17.26	   8.24
	  0.829	  0.493	 -0.264
	  0.297	  0.011	  0.954
	  0.474	 -0.870	 -0.138

7 	  36.40	  -7.33	  -1.78
	  0.312	 -0.949	  0.053
	  0.927	  0.291	 -0.235
	  0.207	  0.123	  0.970

8 	  38.30	 -11.62	  10.60
	  0.433	 -0.732	  0.526
	 -0.868	 -0.495	  0.026
	  0.242	 -0.468	 -0.850

9 	  44.42	 -20.41	   8.16
	  0.654	 -0.677	 -0.339
	 -0.534	 -0.095	 -0.840
	  0.536	  0.730	 -0.424

2 	  32.87	  -6.70	  23.03
	  0.999	 -0.046	  0.011
	  0.046	  0.998	 -0.029
	 -0.010	  0.030	  0.999

3 	  43.59	  -0.95	   1.58
	  0.683	  0.248	  0.687
	 -0.200	  0.968	 -0.151
	 -0.702	 -0.035	  0.711

4 	  35.16	   3.52	  -1.92
	  0.338	  0.895	 -0.292
	 -0.817	  0.433	  0.382
	  0.468	  0.109	  0.877

5 	  36.77	   9.44	   9.56
	  0.364	  0.760	  0.539
	  0.714	 -0.599	  0.363
	  0.598	  0.253	 -0.760

6 	  44.31	  17.77	   8.61
	  0.798	  0.558	 -0.224
	  0.297	 -0.043	  0.954
	  0.523	 -0.828	 -0.200

7 	  36.42	  -7.31	  -1.83
	  0.310	 -0.950	  0.047
	  0.927	  0.291	 -0.234
	  0.208	  0.116	  0.971

8 	  38.32	 -11.62	  10.48
	  0.426	 -0.741	  0.519
	 -0.876	 -0.481	  0.032
	  0.226	 -0.468	 -0.854

9 	  44.21	 -20.62	   8.28
	  0.638	 -0.703	 -0.314
	 -0.535	 -0.111	 -0.837
	  0.554	  0.702	 -0.447

2 	  32.87	  -6.70	  23.03
	  0.999	 -0.046	  0.011
	  0.046	  0.998	 -0.029
	 -0.010	  0.029	  0.999

3 	  43.58	  -0.90	   1.55
	  0.683	  0.253	  0.685
	 -0.211	  0.966	 -0.147
	 -0.700	 -0.045	  0.713

4 	  35.16	   3.52	  -1.93
	  0.326	  0.900	 -0.287
	 -0.822	  0.420	  0.383
	  0.466	  0.111	  0.878

5 	  36.56	   9.53	   9.47
	  0.335	  0.776	  0.535
	  0.733	 -0.571	  0.369
	  0.591	  0.268	 -0.760

6 	  43.82	  18.25	   8.95
	  0.771	  0.606	 -0.194
	  0.298	 -0.075	  0.951
	  0.562	 -0.792	 -0.239

7 	  36.47	  -7.21	  -1.97
	  0.308	 -0.950	  0.036
	  0.929	  0.293	 -0.227
	  0.205	  0.103	  0.973

8 	  38.27	 -11.58	  10.39
	  0.402	 -0.757	  0.515
	 -0.892	 -0.451	  0.033
	  0.207	 -0.473	 -0.856

9 	  44.00	 -20.78	   8.37
	  0.624	 -0.724	 -0.292
	 -0.534	 -0.122	 -0.837
	  0.570	  0.678	 -0.463

2 	  32.87	  -6.71	  23.03
	  0.999	 -0.047	  0.011
	  0.047	  0.998	 -0.029
	 -0.010	  0.029	  0.999

3 	  43.58	  -0.88	   1.56
	  0.681	  0.253	  0.686
	 -0.212	  0.966	 -0.146
	 -0.700	 -0.046	  0.712

4 	  35.19	   3.55	  -1.97
	  0.325	  0.902	 -0.283
	 -0.824	  0.417	  0.383
	  0.464	  0.108	  0.879

5 	  36.56	   9.67	   9.40
	  0.315	  0.788	  0.529
	  0.747	 -0.549	  0.374
	  0.585	  0.277	 -0.762

6 	  43.58	  18.63	   9.16
	  0.745	  0.646	 -0.166
	  0.313	 -0.119	  0.942
	  0.589	 -0.754	 -0.291

7 	  36.47	  -7.12	  -2.02
	  0.298	 -0.954	  0.032
	  0.933	  0.285	 -0.218
	  0.199	  0.095	  0.975

8 	  38.18	 -11.58	  10.34
	  0.382	 -0.769	  0.512
	 -0.905	 -0.424	  0.038
	  0.187	 -0.478	 -0.858

9 	  43.66	 -20.95	   8.40
	  0.600	 -0.748	 -0.283
	 -0.543	 -0.121	 -0.831
	  0.588	  0.652	 -0.479

2 	  32.87	  -6.70	  23.04
	  0.999	 -0.046	  0.012
	  0.046	  0.998	 -0.029
	 -0.011	  0.029	  0.999

3 	  43.59	  -0.83	   1.56
	  0.680	  0.252	  0.688
	 -0.210	  0.966	 -0.147
	 -0.702	 -0.045	  0.710

4 	  35.24	   3.57	  -1.99
	  0.328	  0.902	 -0.280
	 -0.825	  0.418	  0.381
	  0.461	  0.105	  0.881

5 	  36.58	   9.77	   9.33
	  0.306	  0.796	  0.521
	  0.755	 -0.537	  0.376
	  0.580	  0.278	 -0.766

6 	  43.51	  18.81	   9.12
	  0.735	  0.658	 -0.163
	  0.317	 -0.122	  0.940
	  0.599	 -0.743	 -0.298

7 	  36.40	  -7.08	  -2.06
	  0.281	 -0.959	  0.032
	  0.939	  0.268	 -0.214
	  0.197	  0.090	  0.976

8 	  38.04	 -11.58	  10.30
	  0.360	 -0.782	  0.508
	 -0.918	 -0.394	  0.045
	  0.164	 -0.483	 -0.860

9 	  43.12	 -21.23	   8.38
	  0.566	 -0.776	 -0.279
	 -0.561	 -0.115	 -0.820
	  0.604	  0.621	 -0.500

2 	  32.85	  -6.71	  23.04
	  0.999	 -0.047	  0.012
	  0.047	  0.998	 -0.029
	 -0.011	  0.029	  0.999

3 	  43.61	  -0.84	   1.60
	  0.680	  0.251	  0.689
	 -0.204	  0.967	 -0.151
	 -0.704	 -0.038	  0.709

4 	  35.28	   3.57	  -2.02
	  0.332	  0.900	 -0.283
	 -0.822	  0.423	  0.382
	  0.463	  0.105	  0.880

5 	  36.58	   9.84	   9.25
	  0.303	  0.803	  0.513
	  0.757	 -0.530	  0.382
	  0.578	  0.273	 -0.769

6 	  43.51	  18.90	   9.04
	  0.730	  0.664	 -0.162
	  0.322	 -0.126	  0.938
	  0.602	 -0.737	 -0.305

7 	  36.32	  -7.08	  -2.06
	  0.267	 -0.963	  0.032
	  0.943	  0.254	 -0.214
	  0.197	  0.087	  0.976

8 	  37.90	 -11.64	  10.28
	  0.339	 -0.793	  0.505
	 -0.929	 -0.367	  0.047
	  0.148	 -0.486	 -0.862

9 	  42.68	 -21.46	   8.42
	  0.540	 -0.796	 -0.273
	 -0.575	 -0.113	 -0.810
	  0.614	  0.594	 -0.519

2 	  32.87	  -6.70	  23.03
	  0.999	 -0.046	  0.011
	  0.046	  0.998	 -0.029
	 -0.010	  0.030	  0.999

3 	  43.59	  -0.88	   1.60
	  0.682	  0.250	  0.687
	 -0.198	  0.968	 -0.157
	 -0.704	 -0.029	  0.709

4 	  35.28	   3.55	  -2.02
	  0.334	  0.897	 -0.287
	 -0.819	  0.427	  0.383
	  0.466	  0.107	  0.878

5 	  36.60	   9.91	   9.12
	  0.299	  0.811	  0.502
	  0.761	 -0.520	  0.387
	  0.575	  0.266	 -0.774

6 	  43.45	  19.05	   8.96
	  0.717	  0.678	 -0.159
	  0.334	 -0.135	  0.932
	  0.611	 -0.722	 -0.324

7 	  36.28	  -7.07	  -2.09
	  0.255	 -0.966	  0.033
	  0.947	  0.242	 -0.211
	  0.196	  0.085	  0.977

8 	  37.71	 -11.72	  10.23
	  0.313	 -0.805	  0.504
	 -0.940	 -0.338	  0.045
	  0.134	 -0.488	 -0.862

9 	  42.21	 -21.74	   8.58
	  0.517	 -0.817	 -0.256
	 -0.580	 -0.115	 -0.806
	  0.629	  0.566	 -0.533

2 	  32.87	  -6.70	  23.03
	  0.999	 -0.046	  0.011
	  0.046	  0.998	 -0.029
	 -0.010	  0.030	  0.999

3 	  43.59	  -0.95	   1.58
	  0.684	  0.250	  0.685
	 -0.191	  0.968	 -0.163
	 -0.704	 -0.020	  0.710

4 	  35.30	   3.52	  -2.06
	  0.337	  0.894	 -0.293
	 -0.816	  0.433	  0.382
	  0.469	  0.110	  0.876

5 	  36.65	   9.98	   9.00
	  0.296	  0.820	  0.490
	  0.767	 -0.510	  0.390
	  0.569	  0.260	 -0.780

6 	  43.33	  19.35	   8.88
	  0.692	  0.705	 -0.155
	  0.373	 -0.167	  0.912
	  0.618	 -0.689	 -0.379

7 	  36.25	  -7.08	  -2.07
	  0.246	 -0.969	  0.036
	  0.949	  0.233	 -0.210
	  0.195	  0.085	  0.977

8 	  37.58	 -11.76	  10.21
	  0.300	 -0.811	  0.502
	 -0.945	 -0.323	  0.043
	  0.127	 -0.488	 -0.864

9 	  41.94	 -21.96	   8.72
	  0.495	 -0.836	 -0.236
	 -0.600	 -0.132	 -0.789
	  0.629	  0.532	 -0.567

2 	  32.85	  -6.70	  23.04
	  0.999	 -0.046	  0.012
	  0.046	  0.998	 -0.029
	 -0.011	  0.030	  0.999

3 	  43.58	  -0.97	   1.58
	  0.686	  0.251	  0.682
	 -0.188	  0.968	 -0.167
	 -0.703	 -0.013	  0.711

4 	  35.31	   3.48	  -2.09
	  0.338	  0.892	 -0.299
	 -0.814	  0.437	  0.383
	  0.472	  0.113	  0.874

5 	  36.65	  10.05	   8.91
	  0.289	  0.828	  0.480
	  0.775	 -0.497	  0.390
	  0.561	  0.259	 -0.786

6 	  43.22	  19.44	   8.95
	  0.674	  0.725	 -0.141
	  0.397	 -0.195	  0.897
	  0.623	 -0.661	 -0.420

7 	  36.19	  -7.07	  -2.07
	  0.240	 -0.970	  0.036
	  0.951	  0.228	 -0.210
	  0.196	  0.085	  0.977

8 	  37.56	 -11.79	  10.18
	  0.292	 -0.816	  0.498
	 -0.949	 -0.311	  0.048
	  0.116	 -0.487	 -0.866

9 	  41.70	 -22.15	   8.81
	  0.474	 -0.852	 -0.221
	 -0.620	 -0.145	 -0.771
	  0.625	  0.503	 -0.598

2 	  32.87	  -6.70	  23.03
	  0.999	 -0.046	  0.011
	  0.046	  0.998	 -0.029
	 -0.010	  0.029	  0.999

3 	  43.58	  -0.98	   1.58
	  0.688	  0.251	  0.681
	 -0.186	  0.968	 -0.170
	 -0.702	 -0.010	  0.712

4 	  35.28	   3.45	  -2.09
	  0.338	  0.891	 -0.301
	 -0.813	  0.438	  0.383
	  0.473	  0.115	  0.873

5 	  36.60	  10.11	   8.88
	  0.283	  0.834	  0.473
	  0.780	 -0.487	  0.392
	  0.557	  0.258	 -0.789

6 	  43.07	  19.62	   8.95
	  0.660	  0.739	 -0.135
	  0.403	 -0.197	  0.893
	  0.634	 -0.644	 -0.428

7 	  36.14	  -7.05	  -2.07
	  0.234	 -0.971	  0.035
	  0.952	  0.222	 -0.210
	  0.196	  0.083	  0.977

8 	  37.49	 -11.90	  10.12
	  0.277	 -0.826	  0.491
	 -0.956	 -0.289	  0.052
	  0.098	 -0.484	 -0.869

9 	  41.36	 -22.36	   8.88
	  0.445	 -0.870	 -0.211
	 -0.642	 -0.146	 -0.752
	  0.624	  0.470	 -0.624

2 	  32.87	  -6.70	  23.03
	  0.999	 -0.046	  0.011
	  0.046	  0.998	 -0.029
	 -0.010	  0.029	  0.999

3 	  43.58	  -0.98	   1.58
	  0.690	  0.251	  0.679
	 -0.184	  0.968	 -0.171
	 -0.700	 -0.007	  0.714

4 	  35.28	   3.45	  -2.09
	  0.338	  0.891	 -0.302
	 -0.813	  0.438	  0.384
	  0.474	  0.115	  0.873

5 	  36.56	  10.14	   8.86
	  0.271	  0.840	  0.470
	  0.789	 -0.474	  0.391
	  0.551	  0.264	 -0.791

6 	  42.79	  19.85	   9.16
	  0.638	  0.761	 -0.118
	  0.408	 -0.204	  0.890
	  0.653	 -0.616	 -0.440

7 	  36.09	  -7.01	  -2.09
	  0.225	 -0.974	  0.031
	  0.954	  0.214	 -0.209
	  0.197	  0.077	  0.977

8 	  37.42	 -11.95	  10.09
	  0.263	 -0.834	  0.485
	 -0.961	 -0.269	  0.059
	  0.081	 -0.482	 -0.872

9 	  40.96	 -22.66	   8.79
	  0.406	 -0.890	 -0.208
	 -0.676	 -0.139	 -0.724
	  0.615	  0.434	 -0.658

2 	  32.85	  -6.70	  23.04
	  0.999	 -0.046	  0.012
	  0.046	  0.998	 -0.029
	 -0.011	  0.029	  0.999

3 	  43.54	  -1.02	   1.55
	  0.692	  0.250	  0.677
	 -0.182	  0.968	 -0.172
	 -0.699	 -0.005	  0.715

4 	  35.24	   3.45	  -2.09
	  0.336	  0.892	 -0.300
	 -0.813	  0.436	  0.385
	  0.475	  0.114	  0.872

5 	  36.46	  10.12	   8.86
	  0.262	  0.841	  0.472
	  0.794	 -0.467	  0.390
	  0.548	  0.273	 -0.791

6 	  42.61	  19.86	   9.30
	  0.626	  0.772	 -0.106
	  0.414	 -0.215	  0.884
	  0.660	 -0.598	 -0.455

7 	  36.02	  -6.98	  -2.09
	  0.216	 -0.976	  0.029
	  0.956	  0.205	 -0.208
	  0.197	  0.072	  0.978

8 	  37.37	 -12.01	  10.02
	  0.253	 -0.839	  0.481
	 -0.965	 -0.252	  0.068
	  0.064	 -0.482	 -0.874

9 	  40.75	 -22.71	   8.88
	  0.385	 -0.901	 -0.200
	 -0.693	 -0.139	 -0.708
	  0.610	  0.411	 -0.678

2 	  32.87	  -6.70	  23.04
	  0.999	 -0.046	  0.012
	  0.046	  0.998	 -0.029
	 -0.011	  0.030	  0.999

3 	  43.51	  -1.00	   1.56
	  0.694	  0.248	  0.676
	 -0.179	  0.968	 -0.172
	 -0.697	 -0.002	  0.717

4 	  35.21	   3.46	  -2.09
	  0.333	  0.894	 -0.298
	 -0.814	  0.432	  0.387
	  0.476	  0.113	  0.872

5 	  36.44	  10.12	   8.88
	  0.259	  0.841	  0.475
	  0.797	 -0.464	  0.387
	  0.546	  0.278	 -0.791

6 	  42.49	  19.90	   9.40
	  0.620	  0.778	 -0.097
	  0.415	 -0.220	  0.883
	  0.666	 -0.588	 -0.460

7 	  36.02	  -6.96	  -2.09
	  0.214	 -0.976	  0.029
	  0.956	  0.203	 -0.209
	  0.198	  0.072	  0.977

8 	  37.39	 -11.94	  10.04
	  0.255	 -0.837	  0.483
	 -0.965	 -0.251	  0.074
	  0.059	 -0.486	 -0.872

9 	  40.75	 -22.69	   8.93
	  0.383	 -0.903	 -0.195
	 -0.696	 -0.143	 -0.704
	  0.608	  0.405	 -0.682

2 	  32.87	  -6.70	  23.03
	  0.999	 -0.046	  0.012
	  0.046	  0.998	 -0.029
	 -0.010	  0.029	  0.999

3 	  43.49	  -1.00	   1.56
	  0.694	  0.249	  0.676
	 -0.179	  0.968	 -0.173
	 -0.698	 -0.001	  0.716

4 	  35.21	   3.46	  -2.07
	  0.332	  0.895	 -0.298
	 -0.815	  0.431	  0.388
	  0.475	  0.113	  0.872

5 	  36.42	  10.12	   8.89
	  0.258	  0.840	  0.476
	  0.796	 -0.464	  0.387
	  0.547	  0.279	 -0.790

6 	  42.49	  19.88	   9.44
	  0.620	  0.778	 -0.096
	  0.414	 -0.222	  0.883
	  0.666	 -0.587	 -0.460

7 	  36.04	  -7.00	  -2.07
	  0.215	 -0.976	  0.032
	  0.957	  0.204	 -0.207
	  0.195	  0.076	  0.978

8 	  37.46	 -11.92	  10.07
	  0.257	 -0.835	  0.486
	 -0.965	 -0.252	  0.077
	  0.058	 -0.489	 -0.870

9 	  40.80	 -22.64	   9.05
	  0.382	 -0.905	 -0.189
	 -0.699	 -0.150	 -0.699
	  0.604	  0.399	 -0.690

2 	  32.87	  -6.70	  23.03
	  0.999	 -0.046	  0.011
	  0.046	  0.998	 -0.029
	 -0.010	  0.030	  0.999

3 	  43.49	  -1.00	   1.58
	  0.693	  0.250	  0.676
	 -0.179	  0.968	 -0.174
	 -0.698	 -0.001	  0.716

4 	  35.21	   3.45	  -2.07
	  0.332	  0.895	 -0.298
	 -0.815	  0.431	  0.387
	  0.475	  0.114	  0.872

5 	  36.40	  10.11	   8.89
	  0.258	  0.840	  0.477
	  0.796	 -0.464	  0.387
	  0.547	  0.280	 -0.789

6 	  42.47	  19.88	   9.46
	  0.620	  0.779	 -0.094
	  0.413	 -0.222	  0.883
	  0.667	 -0.587	 -0.459

7 	  36.05	  -7.00	  -2.07
	  0.215	 -0.976	  0.034
	  0.957	  0.204	 -0.207
	  0.195	  0.077	  0.978

8 	  37.49	 -11.90	  10.07
	  0.256	 -0.834	  0.487
	 -0.965	 -0.249	  0.082
	  0.053	 -0.492	 -0.869

9 	  40.78	 -22.66	   9.04
	  0.379	 -0.906	 -0.188
	 -0.700	 -0.148	 -0.699
	  0.605	  0.397	 -0.690

2 	  32.87	  -6.71	  23.04
	  0.999	 -0.046	  0.011
	  0.046	  0.998	 -0.029
	 -0.010	  0.029	  0.999

3 	  43.49	  -1.00	   1.58
	  0.692	  0.250	  0.677
	 -0.179	  0.968	 -0.175
	 -0.699	 -0.001	  0.715

4 	  35.21	   3.43	  -2.07
	  0.331	  0.895	 -0.298
	 -0.816	  0.430	  0.387
	  0.474	  0.115	  0.872

5 	  36.42	  10.09	   8.91
	  0.259	  0.839	  0.478
	  0.795	 -0.466	  0.388
	  0.548	  0.279	 -0.788

6 	  42.47	  19.85	   9.47
	  0.621	  0.778	 -0.094
	  0.412	 -0.224	  0.883
	  0.666	 -0.588	 -0.460

7 	  36.05	  -7.00	  -2.07
	  0.215	 -0.976	  0.034
	  0.957	  0.204	 -0.207
	  0.195	  0.078	  0.978

8 	  37.48	 -11.92	  10.07
	  0.257	 -0.834	  0.488
	 -0.965	 -0.250	  0.082
	  0.053	 -0.492	 -0.869

9 	  40.83	 -22.66	   9.05
	  0.382	 -0.905	 -0.189
	 -0.697	 -0.148	 -0.701
	  0.606	  0.399	 -0.688

2 	  32.87	  -6.70	  23.04
	  0.999	 -0.046	  0.012
	  0.046	  0.998	 -0.029
	 -0.011	  0.030	  0.999

3 	  43.51	  -0.98	   1.60
	  0.691	  0.251	  0.678
	 -0.180	  0.968	 -0.175
	 -0.700	 -0.001	  0.714

4 	  35.23	   3.43	  -2.09
	  0.331	  0.895	 -0.298
	 -0.817	  0.430	  0.384
	  0.472	  0.116	  0.873

5 	  36.39	  10.07	   8.91
	  0.261	  0.837	  0.480
	  0.789	 -0.472	  0.393
	  0.555	  0.276	 -0.784

6 	  42.63	  19.69	   9.47
	  0.638	  0.764	 -0.096
	  0.404	 -0.226	  0.886
	  0.655	 -0.605	 -0.452

7 	  36.18	  -7.05	  -2.02
	  0.228	 -0.973	  0.041
	  0.955	  0.215	 -0.204
	  0.189	  0.086	  0.978

8 	  37.58	 -11.87	  10.18
	  0.274	 -0.825	  0.494
	 -0.958	 -0.279	  0.065
	  0.084	 -0.492	 -0.867

9 	  41.36	 -22.45	   9.07
	  0.431	 -0.881	 -0.193
	 -0.664	 -0.165	 -0.729
	  0.611	  0.442	 -0.657

2 	  32.87	  -6.70	  23.03
	  0.999	 -0.046	  0.011
	  0.046	  0.998	 -0.029
	 -0.010	  0.029	  0.999

3 	  43.59	  -1.00	   1.63
	  0.683	  0.255	  0.684
	 -0.185	  0.967	 -0.176
	 -0.706	 -0.006	  0.708

4 	  35.33	   3.39	  -2.11
	  0.336	  0.893	 -0.298
	 -0.819	  0.433	  0.375
	  0.464	  0.118	  0.877

5 	  36.39	   9.98	   8.96
	  0.269	  0.830	  0.488
	  0.774	 -0.488	  0.404
	  0.573	  0.268	 -0.774

6 	  42.87	  19.42	   9.51
	  0.665	  0.740	 -0.103
	  0.392	 -0.230	  0.891
	  0.635	 -0.633	 -0.443

7 	  36.35	  -7.08	  -2.02
	  0.246	 -0.968	  0.044
	  0.951	  0.232	 -0.202
	  0.185	  0.092	  0.978

8 	  37.72	 -11.87	  10.21
	  0.295	 -0.813	  0.502
	 -0.948	 -0.316	  0.045
	  0.122	 -0.489	 -0.864

9 	  42.22	 -21.97	   9.05
	  0.502	 -0.841	 -0.203
	 -0.618	 -0.184	 -0.764
	  0.605	  0.509	 -0.612

2 	  32.87	  -6.70	  23.03
	  0.999	 -0.046	  0.011
	  0.046	  0.998	 -0.029
	 -0.010	  0.029	  0.999

3 	  43.68	  -1.00	   1.71
	  0.675	  0.255	  0.692
	 -0.186	  0.967	 -0.176
	 -0.714	 -0.010	  0.699

4 	  35.49	   3.39	  -2.09
	  0.346	  0.892	 -0.289
	 -0.823	  0.437	  0.363
	  0.450	  0.112	  0.885

5 	  36.42	   9.86	   9.07
	  0.279	  0.816	  0.505
	  0.751	 -0.514	  0.415
	  0.598	  0.264	 -0.757

6 	  43.42	  18.95	   9.51
	  0.707	  0.698	 -0.114
	  0.380	 -0.240	  0.893
	  0.596	 -0.675	 -0.434

7 	  36.51	  -7.14	  -1.99
	  0.264	 -0.963	  0.053
	  0.948	  0.249	 -0.198
	  0.177	  0.102	  0.979

8 	  37.97	 -11.67	  10.34
	  0.335	 -0.787	  0.517
	 -0.927	 -0.374	  0.031
	  0.169	 -0.490	 -0.855

9 	  43.22	 -21.38	   9.14
	  0.570	 -0.794	 -0.212
	 -0.591	 -0.217	 -0.777
	  0.571	  0.568	 -0.592

2 	  32.87	  -6.70	  23.03
	  0.999	 -0.046	  0.012
	  0.046	  0.998	 -0.029
	 -0.010	  0.029	  0.999

3 	  43.80	  -0.98	   1.79
	  0.668	  0.258	  0.698
	 -0.188	  0.966	 -0.177
	 -0.720	 -0.013	  0.694

4 	  35.60	   3.43	  -2.09
	  0.351	  0.892	 -0.283
	 -0.826	  0.438	  0.356
	  0.441	  0.108	  0.891

5 	  36.49	   9.79	   9.14
	  0.288	  0.804	  0.519
	  0.734	 -0.534	  0.419
	  0.615	  0.260	 -0.745

6 	  43.82	  18.60	   9.54
	  0.740	  0.660	 -0.126
	  0.367	 -0.240	  0.898
	  0.563	 -0.712	 -0.421

7 	  36.72	  -7.17	  -1.97
	  0.286	 -0.956	  0.059
	  0.943	  0.270	 -0.195
	  0.171	  0.111	  0.979

8 	  38.25	 -11.62	  10.39
	  0.370	 -0.768	  0.522
	 -0.906	 -0.423	  0.020
	  0.205	 -0.481	 -0.852

9 	  44.23	 -20.71	   9.18
	  0.642	 -0.736	 -0.215
	 -0.547	 -0.242	 -0.802
	  0.538	  0.632	 -0.558

2 	  32.87	  -6.70	  23.03
	  0.999	 -0.046	  0.011
	  0.046	  0.998	 -0.029
	 -0.010	  0.029	  0.999

3 	  43.89	  -0.95	   1.88
	  0.659	  0.261	  0.705
	 -0.191	  0.965	 -0.179
	 -0.727	 -0.017	  0.686

4 	  35.79	   3.48	  -2.09
	  0.361	  0.892	 -0.272
	 -0.829	  0.440	  0.344
	  0.427	  0.101	  0.898

5 	  36.47	   9.74	   9.23
	  0.289	  0.792	  0.537
	  0.710	 -0.554	  0.435
	  0.642	  0.255	 -0.723

6 	  44.24	  18.07	   9.39
	  0.783	  0.603	 -0.151
	  0.350	 -0.228	  0.908
	  0.514	 -0.764	 -0.390

7 	  36.90	  -7.17	  -1.95
	  0.302	 -0.951	  0.067
	  0.939	  0.285	 -0.188
	  0.160	  0.120	  0.980

8 	  38.37	 -11.48	  10.49
	  0.403	 -0.738	  0.541
	 -0.877	 -0.480	 -0.000
	  0.259	 -0.475	 -0.841

9 	  44.91	 -20.07	   9.26
	  0.696	 -0.685	 -0.217
	 -0.511	 -0.261	 -0.819
	  0.504	  0.681	 -0.531

2 	  32.87	  -6.70	  23.03
	  0.999	 -0.046	  0.011
	  0.046	  0.998	 -0.029
	 -0.010	  0.029	  0.999

3 	  44.00	  -0.91	   1.99
	  0.650	  0.263	  0.712
	 -0.191	  0.964	 -0.182
	 -0.735	 -0.018	  0.678

4 	  35.93	   3.52	  -2.09
	  0.368	  0.892	 -0.262
	 -0.830	  0.443	  0.339
	  0.418	  0.093	  0.903

5 	  36.53	   9.63	   9.30
	  0.296	  0.777	  0.555
	  0.688	 -0.577	  0.440
	  0.663	  0.252	 -0.705

6 	  44.63	  17.51	   9.30
	  0.817	  0.551	 -0.170
	  0.343	 -0.228	  0.911
	  0.464	 -0.802	 -0.375

7 	  37.02	  -7.19	  -1.95
	  0.309	 -0.948	  0.071
	  0.938	  0.293	 -0.182
	  0.152	  0.124	  0.980

8 	  38.41	 -11.43	  10.53
	  0.421	 -0.718	  0.555
	 -0.856	 -0.517	 -0.020
	  0.301	 -0.466	 -0.832

9 	  45.63	 -19.41	   9.37
	  0.759	 -0.615	 -0.213
	 -0.462	 -0.280	 -0.841
	  0.458	  0.737	 -0.497

2 	  32.87	  -6.70	  23.04
	  0.999	 -0.046	  0.012
	  0.046	  0.998	 -0.029
	 -0.011	  0.029	  0.999

3 	  44.03	  -0.95	   2.07
	  0.643	  0.263	  0.719
	 -0.184	  0.964	 -0.188
	 -0.743	 -0.012	  0.669

4 	  36.05	   3.57	  -2.06
	  0.381	  0.889	 -0.251
	 -0.830	  0.449	  0.331
	  0.408	  0.082	  0.909

5 	  36.54	   9.51	   9.42
	  0.304	  0.758	  0.577
	  0.655	 -0.606	  0.451
	  0.691	  0.241	 -0.681

6 	  45.14	  16.84	   9.19
	  0.857	  0.477	 -0.194
	  0.321	 -0.199	  0.926
	  0.403	 -0.856	 -0.324

7 	  37.07	  -7.21	  -1.93
	  0.314	 -0.946	  0.075
	  0.939	  0.298	 -0.174
	  0.141	  0.125	  0.982

8 	  38.39	 -11.39	  10.58
	  0.436	 -0.694	  0.573
	 -0.831	 -0.554	 -0.039
	  0.345	 -0.459	 -0.818

9 	  46.27	 -18.60	   9.40
	  0.817	 -0.533	 -0.220
	 -0.413	 -0.276	 -0.868
	  0.402	  0.800	 -0.445

2 	  32.87	  -6.70	  23.04
	  0.999	 -0.046	  0.012
	  0.046	  0.998	 -0.029
	 -0.010	  0.029	  0.999

3 	  44.09	  -1.02	   2.14
	  0.640	  0.260	  0.723
	 -0.173	  0.965	 -0.194
	 -0.749	 -0.001	  0.662

4 	  36.14	   3.59	  -2.02
	  0.396	  0.885	 -0.244
	 -0.824	  0.459	  0.330
	  0.404	  0.070	  0.912

5 	  36.65	   9.33	   9.54
	  0.322	  0.734	  0.597
	  0.618	 -0.641	  0.455
	  0.717	  0.223	 -0.661

6 	  45.72	  15.94	   9.12
	  0.896	  0.386	 -0.217
	  0.298	 -0.164	  0.940
	  0.327	 -0.908	 -0.262

7 	  37.07	  -7.22	  -1.93
	  0.313	 -0.947	  0.076
	  0.939	  0.297	 -0.172
	  0.140	  0.125	  0.982

8 	  38.32	 -11.41	  10.60
	  0.469	 -0.664	  0.582
	 -0.788	 -0.613	 -0.064
	  0.399	 -0.428	 -0.811

9 	  46.95	 -17.63	   9.25
	  0.879	 -0.417	 -0.231
	 -0.360	 -0.262	 -0.896
	  0.313	  0.870	 -0.380

2 	  32.87	  -6.70	  23.04
	  0.999	 -0.046	  0.011
	  0.046	  0.998	 -0.029
	 -0.010	  0.029	  0.999

3 	  44.07	  -1.07	   2.18
	  0.641	  0.257	  0.723
	 -0.164	  0.966	 -0.198
	 -0.750	  0.008	  0.662

4 	  36.18	   3.64	  -1.97
	  0.410	  0.880	 -0.238
	 -0.818	  0.470	  0.332
	  0.405	  0.058	  0.912

5 	  36.76	   9.12	   9.69
	  0.346	  0.703	  0.620
	  0.572	 -0.683	  0.454
	  0.743	  0.198	 -0.639

6 	  46.21	  14.99	   9.05
	  0.924	  0.298	 -0.239
	  0.294	 -0.155	  0.943
	  0.244	 -0.942	 -0.231

7 	  37.04	  -7.26	  -1.92
	  0.317	 -0.946	  0.073
	  0.938	  0.301	 -0.170
	  0.139	  0.123	  0.983

8 	  38.32	 -11.48	  10.53
	  0.512	 -0.621	  0.593
	 -0.722	 -0.686	 -0.094
	  0.465	 -0.380	 -0.799

9 	  47.72	 -16.42	   9.19
	  0.928	 -0.285	 -0.237
	 -0.309	 -0.241	 -0.920
	  0.205	  0.927	 -0.312

2 	  32.87	  -6.70	  23.03
	  0.999	 -0.046	  0.011
	  0.046	  0.998	 -0.029
	 -0.010	  0.029	  0.999

3 	  44.07	  -1.11	   2.18
	  0.644	  0.255	  0.721
	 -0.158	  0.967	 -0.201
	 -0.749	  0.015	  0.663

4 	  36.23	   3.64	  -1.93
	  0.424	  0.875	 -0.234
	 -0.809	  0.482	  0.336
	  0.407	  0.046	  0.912

5 	  36.77	   9.00	   9.77
	  0.364	  0.674	  0.642
	  0.526	 -0.718	  0.455
	  0.768	  0.172	 -0.617

6 	  46.62	  13.96	   9.00
	  0.943	  0.210	 -0.256
	  0.293	 -0.171	  0.941
	  0.153	 -0.963	 -0.223

7 	  37.00	  -7.29	  -1.92
	  0.320	 -0.945	  0.071
	  0.937	  0.305	 -0.170
	  0.138	  0.121	  0.983

8 	  38.34	 -11.51	  10.48
	  0.555	 -0.572	  0.604
	 -0.645	 -0.754	 -0.121
	  0.525	 -0.323	 -0.787

9 	  48.29	 -15.17	   9.07
	  0.960	 -0.146	 -0.240
	 -0.268	 -0.220	 -0.938
	  0.084	  0.964	 -0.250

2 	  32.87	  -6.68	  23.03
	  0.999	 -0.046	  0.011
	  0.046	  0.998	 -0.029
	 -0.010	  0.029	  0.999

3 	  44.02	  -1.21	   2.14
	  0.651	  0.249	  0.716
	 -0.147	  0.968	 -0.203
	 -0.744	  0.026	  0.667

4 	  36.19	   3.67	  -1.90
	  0.439	  0.868	 -0.230
	 -0.799	  0.495	  0.342
	  0.411	  0.034	  0.911

5 	  36.77	   8.86	   9.88
	  0.378	  0.648	  0.661
	  0.486	 -0.747	  0.454
	  0.788	  0.150	 -0.597

6 	  46.81	  13.13	   8.95
	  0.951	  0.138	 -0.276
	  0.298	 -0.185	  0.936
	  0.078	 -0.973	 -0.217

7 	  36.79	  -7.31	  -1.95
	  0.314	 -0.947	  0.058
	  0.938	  0.301	 -0.171
	  0.145	  0.109	  0.983

8 	  38.21	 -11.46	  10.48
	  0.592	 -0.507	  0.627
	 -0.542	 -0.826	 -0.156
	  0.596	 -0.247	 -0.763

9 	  48.64	 -13.59	   9.30
	  0.973	  0.011	 -0.228
	 -0.223	 -0.177	 -0.959
	 -0.051	  0.984	 -0.170

2 	  32.89	  -6.70	  23.03
	  0.999	 -0.046	  0.011
	  0.046	  0.998	 -0.029
	 -0.010	  0.029	  0.999

3 	  43.95	  -1.28	   2.16
	  0.655	  0.243	  0.715
	 -0.141	  0.969	 -0.201
	 -0.743	  0.031	  0.669

4 	  36.12	   3.71	  -1.85
	  0.445	  0.866	 -0.227
	 -0.794	  0.499	  0.348
	  0.414	  0.025	  0.910

5 	  36.79	   8.74	   9.98
	  0.397	  0.622	  0.674
	  0.456	 -0.772	  0.443
	  0.796	  0.131	 -0.590

6 	  46.99	  12.53	   8.93
