2 	  32.62	  -6.79	  23.01
	 -0.050	  0.998	 -0.046
	 -0.999	 -0.051	 -0.010
	 -0.013	  0.045	  0.999

3 	  44.88	  -0.07	   2.87
	  0.183	  0.093	  0.979
	  0.066	  0.992	 -0.107
	 -0.981	  0.084	  0.175

4 	  39.23	   5.85	  -5.33
	  0.471	  0.869	  0.151
	 -0.874	  0.438	  0.209
	  0.115	 -0.231	  0.966

5 	  38.32	   9.00	   7.14
	  0.305	  0.190	  0.933
	 -0.259	 -0.926	  0.273
	  0.916	 -0.325	 -0.234

6 	  45.00	   9.84	  17.44
	  0.259	 -0.117	  0.958
	 -0.167	  0.972	  0.164
	 -0.951	 -0.203	  0.232

7 	  39.83	  -7.22	  -4.89
	  0.768	 -0.636	 -0.080
	  0.605	  0.760	 -0.236
	  0.210	  0.132	  0.968

8 	  38.20	 -10.25	   7.24
	  0.212	 -0.236	  0.948
	  0.136	 -0.954	 -0.268
	  0.968	  0.186	 -0.170

9 	  45.04	 -11.39	  18.16
	  0.245	  0.214	  0.945
	  0.296	  0.912	 -0.283
	 -0.923	  0.349	  0.160

2 	  32.61	  -6.79	  23.01
	 -0.050	  0.997	 -0.046
	 -0.999	 -0.051	 -0.010
	 -0.012	  0.045	  0.999

3 	  44.88	  -0.07	   2.90
	  0.179	  0.092	  0.979
	  0.065	  0.992	 -0.105
	 -0.982	  0.082	  0.171

4 	  39.27	   5.84	  -5.34
	  0.472	  0.868	  0.152
	 -0.874	  0.439	  0.206
	  0.112	 -0.231	  0.966

5 	  38.32	   9.00	   7.14
	  0.304	  0.190	  0.933
	 -0.261	 -0.926	  0.273
	  0.916	 -0.326	 -0.232

6 	  45.00	   9.86	  17.46
	  0.258	 -0.118	  0.959
	 -0.170	  0.971	  0.165
	 -0.951	 -0.205	  0.230

7 	  39.85	  -7.26	  -4.87
	  0.768	 -0.635	 -0.077
	  0.605	  0.761	 -0.233
	  0.206	  0.132	  0.969

8 	  38.20	 -10.25	   7.24
	  0.209	 -0.237	  0.948
	  0.137	 -0.953	 -0.269
	  0.968	  0.187	 -0.167

9 	  45.04	 -11.39	  18.16
	  0.243	  0.214	  0.946
	  0.296	  0.912	 -0.283
	 -0.924	  0.348	  0.158

2 	  32.62	  -6.79	  23.01
	 -0.050	  0.997	 -0.046
	 -0.999	 -0.051	 -0.010
	 -0.013	  0.045	  0.999

3 	  44.86	  -0.04	   2.95
	  0.172	  0.093	  0.980
	  0.061	  0.992	 -0.105
	 -0.983	  0.078	  0.165

4 	  39.30	   5.85	  -5.33
	  0.470	  0.869	  0.156
	 -0.877	  0.439	  0.196
	  0.102	 -0.229	  0.968

5 	  38.32	   9.00	   7.14
	  0.302	  0.190	  0.934
	 -0.261	 -0.926	  0.273
	  0.916	 -0.327	 -0.231

6 	  44.98	   9.84	  17.47
	  0.258	 -0.119	  0.959
	 -0.172	  0.971	  0.166
	 -0.951	 -0.208	  0.230

7 	  39.97	  -7.22	  -4.89
	  0.775	 -0.628	 -0.068
	  0.602	  0.767	 -0.222
	  0.191	  0.131	  0.973

8 	  38.21	 -10.25	   7.21
	  0.206	 -0.239	  0.949
	  0.144	 -0.951	 -0.271
	  0.968	  0.193	 -0.161

9 	  45.02	 -11.37	  18.21
	  0.239	  0.214	  0.947
	  0.295	  0.913	 -0.281
	 -0.925	  0.346	  0.155

2 	  32.61	  -6.79	  23.01
	 -0.050	  0.997	 -0.046
	 -0.999	 -0.051	 -0.010
	 -0.013	  0.045	  0.999

3 	  44.84	  -0.02	   3.02
	  0.158	  0.096	  0.983
	  0.056	  0.992	 -0.106
	 -0.986	  0.072	  0.151

4 	  39.36	   5.82	  -5.33
	  0.468	  0.869	  0.158
	 -0.879	  0.441	  0.181
	  0.087	 -0.224	  0.971

5 	  38.29	   9.04	   7.10
	  0.300	  0.191	  0.934
	 -0.264	 -0.925	  0.274
	  0.917	 -0.329	 -0.227

6 	  44.96	   9.84	  17.44
	  0.259	 -0.122	  0.958
	 -0.176	  0.969	  0.171
	 -0.950	 -0.213	  0.230

7 	  40.11	  -7.15	  -4.90
	  0.783	 -0.618	 -0.060
	  0.595	  0.775	 -0.210
	  0.176	  0.129	  0.976

8 	  38.29	 -10.25	   7.15
	  0.200	 -0.241	  0.949
	  0.152	 -0.950	 -0.273
	  0.968	  0.199	 -0.153

9 	  45.00	 -11.37	  18.18
	  0.232	  0.211	  0.949
	  0.293	  0.915	 -0.276
	 -0.927	  0.342	  0.150

2 	  32.61	  -6.79	  23.01
	 -0.050	  0.997	 -0.046
	 -0.999	 -0.051	 -0.010
	 -0.012	  0.045	  0.999

3 	  44.84	   0.04	   3.06
	  0.151	  0.098	  0.983
	  0.051	  0.993	 -0.107
	 -0.987	  0.066	  0.145

4 	  39.34	   5.85	  -5.33
	  0.466	  0.870	  0.160
	 -0.881	  0.439	  0.177
	  0.084	 -0.224	  0.971

5 	  38.25	   9.11	   7.00
	  0.272	  0.199	  0.941
	 -0.259	 -0.927	  0.271
	  0.926	 -0.318	 -0.201

6 	  44.88	   9.98	  17.44
	  0.260	 -0.122	  0.958
	 -0.189	  0.966	  0.174
	 -0.947	 -0.226	  0.228

7 	  40.15	  -7.15	  -4.90
	  0.787	 -0.614	 -0.060
	  0.591	  0.779	 -0.210
	  0.175	  0.130	  0.976

8 	  38.43	 -10.27	   7.07
	  0.196	 -0.248	  0.949
	  0.168	 -0.945	 -0.281
	  0.966	  0.214	 -0.144

9 	  45.11	 -11.30	  18.12
	  0.221	  0.211	  0.952
	  0.262	  0.927	 -0.266
	 -0.939	  0.308	  0.150

2 	  32.61	  -6.77	  23.01
	 -0.051	  0.997	 -0.046
	 -0.999	 -0.051	 -0.010
	 -0.013	  0.045	  0.999

3 	  44.84	   0.04	   3.06
	  0.150	  0.098	  0.984
	  0.052	  0.993	 -0.107
	 -0.987	  0.067	  0.144

4 	  39.39	   5.87	  -5.33
	  0.471	  0.866	  0.165
	 -0.878	  0.443	  0.179
	  0.082	 -0.230	  0.969

5 	  38.39	   9.19	   6.89
	  0.264	  0.202	  0.943
	 -0.284	 -0.918	  0.276
	  0.922	 -0.340	 -0.185

6 	  45.09	   9.93	  17.37
	  0.258	 -0.123	  0.958
	 -0.161	  0.972	  0.168
	 -0.953	 -0.198	  0.231

7 	  40.18	  -7.12	  -4.94
	  0.792	 -0.607	 -0.062
	  0.584	  0.784	 -0.212
	  0.177	  0.132	  0.975

8 	  38.51	 -10.34	   7.00
	  0.189	 -0.255	  0.948
	  0.181	 -0.940	 -0.289
	  0.965	  0.226	 -0.131

9 	  45.37	 -11.23	  18.05
	  0.211	  0.204	  0.956
	  0.196	  0.949	 -0.246
	 -0.958	  0.240	  0.160

2 	  32.61	  -6.79	  23.01
	 -0.051	  0.998	 -0.046
	 -0.999	 -0.051	 -0.010
	 -0.013	  0.045	  0.999

3 	  44.89	   0.05	   3.02
	  0.149	  0.098	  0.984
	  0.053	  0.993	 -0.107
	 -0.987	  0.068	  0.143

4 	  39.46	   5.94	  -5.33
	  0.483	  0.857	  0.176
	 -0.871	  0.452	  0.190
	  0.083	 -0.245	  0.966

5 	  38.64	   9.40	   6.82
	  0.251	  0.205	  0.946
	 -0.336	 -0.898	  0.284
	  0.907	 -0.389	 -0.157

6 	  45.58	   9.95	  17.19
	  0.263	 -0.105	  0.959
	 -0.077	  0.989	  0.128
	 -0.962	 -0.107	  0.251

7 	  40.24	  -7.07	  -4.97
	  0.800	 -0.597	 -0.051
	  0.573	  0.788	 -0.223
	  0.173	  0.150	  0.973

8 	  38.65	 -10.39	   6.91
	  0.188	 -0.264	  0.946
	  0.213	 -0.929	 -0.302
	  0.958	  0.258	 -0.119

9 	  45.76	 -11.20	  17.79
	  0.208	  0.185	  0.960
	  0.084	  0.974	 -0.207
	 -0.974	  0.123	  0.187

2 	  32.62	  -6.77	  23.01
	 -0.050	  0.997	 -0.046
	 -0.999	 -0.051	 -0.010
	 -0.013	  0.045	  0.999

3 	  44.91	   0.07	   3.01
	  0.150	  0.099	  0.984
	  0.059	  0.992	 -0.109
	 -0.987	  0.074	  0.143

4 	  39.50	   5.96	  -5.29
	  0.497	  0.848	  0.182
	 -0.863	  0.462	  0.202
	  0.087	 -0.258	  0.962

5 	  39.06	   9.46	   6.82
	  0.286	  0.220	  0.932
	 -0.327	 -0.892	  0.311
	  0.900	 -0.394	 -0.183

6 	  46.34	  10.21	  16.70
	  0.302	 -0.075	  0.950
	 -0.058	  0.993	  0.096
	 -0.951	 -0.085	  0.296

7 	  40.22	  -7.07	  -5.01
	  0.806	 -0.590	 -0.041
	  0.565	  0.789	 -0.240
	  0.174	  0.170	  0.970

8 	  38.95	 -10.56	   6.79
	  0.215	 -0.285	  0.934
	  0.235	 -0.913	 -0.332
	  0.948	  0.291	 -0.130

9 	  46.34	 -11.41	  17.49
	  0.226	  0.167	  0.959
	  0.036	  0.983	 -0.180
	 -0.974	  0.075	  0.216

2 	  32.61	  -6.79	  23.01
	 -0.050	  0.998	 -0.046
	 -0.999	 -0.051	 -0.010
	 -0.013	  0.045	  0.999

3 	  44.93	   0.05	   2.92
	  0.155	  0.100	  0.983
	  0.066	  0.991	 -0.111
	 -0.986	  0.082	  0.147

4 	  39.48	   5.96	  -5.33
	  0.505	  0.844	  0.178
	 -0.858	  0.468	  0.212
	  0.096	 -0.260	  0.961

5 	  39.46	   9.58	   6.77
	  0.341	  0.250	  0.906
	 -0.269	 -0.898	  0.348
	  0.901	 -0.362	 -0.239

6 	  47.21	  10.90	  16.21
	  0.360	 -0.040	  0.932
	 -0.086	  0.993	  0.075
	 -0.929	 -0.108	  0.354

7 	  40.18	  -7.07	  -5.04
	  0.807	 -0.588	 -0.045
	  0.560	  0.790	 -0.250
	  0.182	  0.176	  0.967

8 	  39.27	 -10.79	   6.70
	  0.256	 -0.316	  0.913
	  0.214	 -0.903	 -0.373
	  0.942	  0.291	 -0.164

9 	  46.97	 -11.74	  17.03
	  0.263	  0.146	  0.953
	  0.027	  0.987	 -0.159
	 -0.964	  0.067	  0.256

2 	  32.61	  -6.79	  23.01
	 -0.050	  0.997	 -0.046
	 -0.999	 -0.051	 -0.011
	 -0.013	  0.045	  0.999

3 	  44.93	   0.02	   2.90
	  0.158	  0.102	  0.982
	  0.069	  0.991	 -0.114
	 -0.985	  0.085	  0.150

4 	  39.43	   5.91	  -5.41
	  0.510	  0.843	  0.168
	 -0.853	  0.472	  0.221
	  0.107	 -0.257	  0.960

5 	  39.85	   9.65	   6.63
	  0.391	  0.277	  0.877
	 -0.216	 -0.899	  0.380
	  0.894	 -0.339	 -0.292

6 	  47.99	  11.21	  15.49
	  0.413	 -0.023	  0.910
	 -0.100	  0.992	  0.070
	 -0.905	 -0.120	  0.407

7 	  40.15	  -7.05	  -5.08
	  0.812	 -0.581	 -0.054
	  0.550	  0.793	 -0.261
	  0.194	  0.182	  0.964

8 	  39.73	 -10.92	   6.59
	  0.300	 -0.336	  0.893
	  0.210	 -0.890	 -0.405
	  0.930	  0.309	 -0.196

9 	  47.83	 -11.99	  16.49
	  0.299	  0.125	  0.946
	 -0.004	  0.991	 -0.130
	 -0.954	  0.035	  0.297

2 	  32.61	  -6.79	  23.01
	 -0.050	  0.998	 -0.046
	 -0.999	 -0.051	 -0.010
	 -0.013	  0.045	  0.999

3 	  44.93	   0.02	   2.85
	  0.164	  0.106	  0.980
	  0.071	  0.990	 -0.119
	 -0.984	  0.089	  0.155

4 	  39.41	   5.89	  -5.50
	  0.521	  0.839	  0.155
	 -0.845	  0.482	  0.232
	  0.120	 -0.252	  0.960

5 	  40.34	   9.77	   6.49
	  0.450	  0.297	  0.842
	 -0.175	 -0.896	  0.409
	  0.875	 -0.332	 -0.351

6 	  48.87	  11.57	  14.89
	  0.465	 -0.014	  0.885
	 -0.109	  0.991	  0.073
	 -0.879	 -0.130	  0.459

7 	  40.10	  -7.05	  -5.22
	  0.817	 -0.572	 -0.072
	  0.535	  0.800	 -0.271
	  0.212	  0.182	  0.960

8 	  40.29	 -11.07	   6.36
	  0.357	 -0.346	  0.867
	  0.215	 -0.873	 -0.437
	  0.909	  0.343	 -0.238

9 	  48.78	 -11.97	  15.87
	  0.337	  0.114	  0.934
	 -0.055	  0.993	 -0.102
	 -0.940	 -0.017	  0.341

2 	  32.61	  -6.79	  23.01
	 -0.050	  0.997	 -0.046
	 -0.999	 -0.051	 -0.011
	 -0.013	  0.045	  0.999

3 	  44.89	   0.00	   2.74
	  0.173	  0.109	  0.979
	  0.076	  0.989	 -0.124
	 -0.982	  0.096	  0.163

4 	  39.34	   5.85	  -5.57
	  0.542	  0.829	  0.137
	 -0.829	  0.501	  0.248
	  0.136	 -0.248	  0.959

5 	  40.90	   9.84	   6.33
	  0.512	  0.305	  0.802
	 -0.146	 -0.890	  0.432
	  0.846	 -0.338	 -0.412

6 	  49.92	  11.55	  13.92
	  0.527	 -0.018	  0.849
	 -0.090	  0.993	  0.077
	 -0.845	 -0.117	  0.521

7 	  40.03	  -6.96	  -5.36
	  0.827	 -0.554	 -0.100
	  0.511	  0.813	 -0.276
	  0.234	  0.177	  0.956

8 	  40.99	 -11.20	   5.99
	  0.428	 -0.355	  0.831
	  0.216	 -0.853	 -0.476
	  0.877	  0.383	 -0.289

9 	  50.04	 -12.01	  14.84
	  0.396	  0.100	  0.913
	 -0.106	  0.992	 -0.063
	 -0.912	 -0.072	  0.403

2 	  32.61	  -6.79	  23.01
	 -0.050	  0.997	 -0.046
	 -0.999	 -0.051	 -0.010
	 -0.013	  0.045	  0.999

3 	  44.89	   0.00	   2.67
	  0.183	  0.113	  0.976
	  0.081	  0.988	 -0.130
	 -0.980	  0.103	  0.172

4 	  39.25	   5.82	  -5.70
	  0.561	  0.820	  0.111
	 -0.812	  0.520	  0.265
	  0.160	 -0.239	  0.958

5 	  41.45	   9.95	   6.08
	  0.562	  0.307	  0.768
	 -0.135	 -0.882	  0.451
	  0.816	 -0.357	 -0.455

6 	  50.78	  11.62	  13.17
	  0.570	 -0.012	  0.822
	 -0.061	  0.996	  0.056
	 -0.820	 -0.082	  0.567

7 	  39.90	  -6.89	  -5.50
	  0.832	 -0.539	 -0.132
	  0.490	  0.825	 -0.280
	  0.259	  0.168	  0.951

8 	  41.62	 -11.25	   5.71
	  0.495	 -0.360	  0.790
	  0.188	 -0.844	 -0.502
	  0.848	  0.398	 -0.351

9 	  51.15	 -12.01	  13.89
	  0.457	  0.094	  0.884
	 -0.120	  0.992	 -0.044
	 -0.881	 -0.086	  0.465

2 	  32.61	  -6.79	  23.01
	 -0.050	  0.997	 -0.046
	 -0.999	 -0.051	 -0.010
	 -0.013	  0.045	  0.999

3 	  44.88	  -0.02	   2.58
	  0.193	  0.118	  0.974
	  0.083	  0.987	 -0.137
	 -0.978	  0.108	  0.180

4 	  39.20	   5.75	  -5.84
	  0.581	  0.810	  0.075
	 -0.792	  0.542	  0.280
	  0.186	 -0.222	  0.957

5 	  41.94	  10.00	   5.68
	  0.615	  0.312	  0.724
	 -0.116	 -0.873	  0.474
	  0.780	 -0.375	 -0.501

6 	  51.61	  11.48	  11.99
	  0.620	 -0.012	  0.784
	 -0.039	  0.998	  0.045
	 -0.783	 -0.059	  0.618

7 	  39.80	  -6.82	  -5.64
	  0.835	 -0.524	 -0.168
	  0.468	  0.837	 -0.284
	  0.289	  0.158	  0.944

8 	  42.28	 -11.23	   5.36
	  0.562	 -0.358	  0.746
	  0.162	 -0.836	 -0.524
	  0.811	  0.415	 -0.412

9 	  52.31	 -11.94	  12.71
	  0.522	  0.090	  0.848
	 -0.139	  0.990	 -0.020
	 -0.841	 -0.107	  0.529

2 	  32.61	  -6.79	  23.01
	 -0.050	  0.998	 -0.046
	 -0.999	 -0.051	 -0.010
	 -0.013	  0.045	  0.999

3 	  44.84	  -0.04	   2.48
	  0.203	  0.125	  0.971
	  0.084	  0.986	 -0.145
	 -0.976	  0.111	  0.189

4 	  39.09	   5.64	  -5.99
	  0.596	  0.802	  0.034
	 -0.773	  0.562	  0.294
	  0.216	 -0.201	  0.955

5 	  42.43	  10.12	   5.36
	  0.668	  0.319	  0.672
	 -0.089	 -0.863	  0.498
	  0.739	 -0.392	 -0.548

6 	  52.45	  11.58	  11.04
	  0.668	 -0.016	  0.743
	 -0.019	  0.999	  0.038
	 -0.743	 -0.040	  0.667

7 	  39.69	  -6.79	  -5.82
	  0.840	 -0.502	 -0.204
	  0.440	  0.852	 -0.284
	  0.316	  0.148	  0.937

8 	  42.91	 -11.23	   4.94
	  0.622	 -0.354	  0.698
	  0.142	 -0.826	 -0.546
	  0.770	  0.439	 -0.463

9 	  53.35	 -11.79	  11.53
	  0.579	  0.091	  0.810
	 -0.159	  0.987	  0.002
	 -0.800	 -0.130	  0.586

2 	  32.61	  -6.79	  23.01
	 -0.050	  0.998	 -0.046
	 -0.999	 -0.051	 -0.010
	 -0.013	  0.045	  0.999

3 	  44.81	  -0.04	   2.37
	  0.213	  0.133	  0.968
	  0.080	  0.985	 -0.154
	 -0.974	  0.110	  0.199

4 	  38.92	   5.50	  -6.13
	  0.604	  0.796	 -0.016
	 -0.755	  0.579	  0.307
	  0.253	 -0.174	  0.951

5 	  42.91	  10.12	   4.87
	  0.717	  0.319	  0.619
	 -0.071	 -0.851	  0.520
	  0.693	 -0.417	 -0.588

6 	  53.19	  11.41	   9.72
	  0.720	 -0.026	  0.693
	  0.010	  0.999	  0.027
	 -0.694	 -0.012	  0.719

7 	  39.60	  -6.73	  -5.96
	  0.842	 -0.484	 -0.239
	  0.417	  0.864	 -0.282
	  0.342	  0.137	  0.929

8 	  43.49	 -11.27	   4.46
	  0.673	 -0.352	  0.650
	  0.125	 -0.812	 -0.570
	  0.728	  0.465	 -0.503

9 	  54.23	 -11.64	  10.35
	  0.627	  0.091	  0.773
	 -0.183	  0.982	  0.032
	 -0.757	 -0.161	  0.632

2 	  32.61	  -6.79	  23.01
	 -0.050	  0.997	 -0.046
	 -0.999	 -0.051	 -0.010
	 -0.013	  0.045	  0.999

3 	  44.81	  -0.02	   2.25
	  0.223	  0.140	  0.964
	  0.075	  0.984	 -0.160
	 -0.972	  0.108	  0.209

4 	  38.81	   5.43	  -6.26
	  0.608	  0.791	 -0.063
	 -0.738	  0.593	  0.320
	  0.291	 -0.149	  0.945

5 	  43.33	  10.27	   4.45
	  0.761	  0.321	  0.563
	 -0.042	 -0.842	  0.537
	  0.647	 -0.432	 -0.628

6 	  53.88	  11.50	   8.51
	  0.766	 -0.034	  0.642
	  0.028	  0.999	  0.019
	 -0.642	  0.004	  0.766

7 	  39.53	  -6.61	  -6.08
	  0.840	 -0.469	 -0.273
	  0.398	  0.874	 -0.277
	  0.368	  0.124	  0.921

8 	  43.89	 -11.23	   3.99
	  0.719	 -0.354	  0.599
	  0.098	 -0.801	 -0.591
	  0.688	  0.484	 -0.541

9 	  54.81	 -11.37	   9.42
	  0.662	  0.099	  0.743
	 -0.196	  0.979	  0.044
	 -0.723	 -0.175	  0.668

2 	  32.61	  -6.79	  23.01
	 -0.050	  0.998	 -0.046
	 -0.999	 -0.051	 -0.010
	 -0.013	  0.045	  0.999

3 	  44.79	   0.00	   2.11
	  0.233	  0.149	  0.961
	  0.067	  0.983	 -0.170
	 -0.970	  0.104	  0.219

4 	  38.69	   5.29	  -6.45
	  0.611	  0.783	 -0.112
	 -0.720	  0.609	  0.331
	  0.328	 -0.122	  0.937

5 	  43.70	  10.34	   3.94
	  0.797	  0.325	  0.509
	 -0.013	 -0.834	  0.552
	  0.603	 -0.447	 -0.661

6 	  54.47	  11.21	   7.03
	  0.812	 -0.050	  0.581
	  0.055	  0.998	  0.008
	 -0.581	  0.025	  0.813

7 	  39.41	  -6.49	  -6.26
	  0.835	 -0.449	 -0.316
	  0.375	  0.887	 -0.270
	  0.401	  0.107	  0.909

8 	  44.33	 -11.30	   3.39
	  0.757	 -0.355	  0.549
	  0.085	 -0.780	 -0.620
	  0.648	  0.516	 -0.560

9 	  55.49	 -11.25	   8.16
	  0.702	  0.102	  0.704
	 -0.218	  0.973	  0.075
	 -0.678	 -0.207	  0.705

2 	  32.61	  -6.79	  23.01
	 -0.050	  0.997	 -0.046
	 -0.999	 -0.051	 -0.010
	 -0.013	  0.045	  0.999

3 	  44.79	   0.00	   1.95
	  0.243	  0.160	  0.957
	  0.057	  0.982	 -0.179
	 -0.968	  0.098	  0.229

4 	  38.57	   5.24	  -6.56
	  0.605	  0.781	 -0.156
	 -0.708	  0.617	  0.342
	  0.364	 -0.097	  0.926

5 	  44.00	  10.46	   3.48
	  0.826	  0.332	  0.455
	  0.022	 -0.827	  0.562
	  0.563	 -0.454	 -0.690

6 	  54.90	  11.41	   5.82
	  0.850	 -0.057	  0.524
	  0.065	  0.998	  0.002
	 -0.523	  0.032	  0.852

7 	  39.30	  -6.38	  -6.40
	  0.831	 -0.433	 -0.349
	  0.356	  0.896	 -0.264
	  0.427	  0.094	  0.899

8 	  44.70	 -11.27	   2.99
	  0.788	 -0.352	  0.505
	  0.062	 -0.770	 -0.635
	  0.612	  0.532	 -0.585

9 	  56.02	 -11.11	   7.19
	  0.733	  0.104	  0.672
	 -0.226	  0.969	  0.096
	 -0.642	 -0.222	  0.734

2 	  32.61	  -6.79	  23.01
	 -0.050	  0.998	 -0.046
	 -0.999	 -0.051	 -0.011
	 -0.013	  0.045	  0.999

3 	  44.75	   0.04	   1.83
	  0.250	  0.170	  0.953
	  0.045	  0.981	 -0.188
	 -0.967	  0.089	  0.238

4 	  38.39	   5.10	  -6.70
	  0.601	  0.774	 -0.199
	 -0.693	  0.629	  0.352
	  0.398	 -0.074	  0.914

5 	  44.21	  10.46	   3.02
	  0.848	  0.335	  0.410
	  0.047	 -0.819	  0.572
	  0.527	 -0.466	 -0.711

6 	  55.14	  11.34	   4.82
	  0.876	 -0.065	  0.478
	  0.078	  0.997	 -0.007
	 -0.476	  0.043	  0.878

7 	  39.18	  -6.29	  -6.49
	  0.825	 -0.418	 -0.379
	  0.338	  0.904	 -0.261
	  0.452	  0.087	  0.888

8 	  45.02	 -11.21	   2.55
	  0.817	 -0.347	  0.461
	  0.040	 -0.763	 -0.645
	  0.575	  0.545	 -0.610

9 	  56.53	 -10.93	   6.03
	  0.768	  0.106	  0.632
	 -0.234	  0.964	  0.122
	 -0.597	 -0.242	  0.765

2 	  32.61	  -6.77	  23.01
	 -0.051	  0.998	 -0.046
	 -0.999	 -0.051	 -0.011
	 -0.013	  0.045	  0.999

3 	  44.75	   0.09	   1.65
	  0.259	  0.180	  0.949
	  0.033	  0.980	 -0.195
	 -0.965	  0.082	  0.247

4 	  38.29	   5.01	  -6.84
	  0.596	  0.766	 -0.238
	 -0.679	  0.640	  0.359
	  0.428	 -0.053	  0.902

5 	  44.46	  10.53	   2.51
	  0.867	  0.339	  0.363
	  0.075	 -0.812	  0.579
	  0.491	 -0.475	 -0.730

6 	  55.51	  11.30	   3.38
	  0.906	 -0.074	  0.416
	  0.092	  0.995	 -0.024
	 -0.413	  0.059	  0.909

7 	  39.06	  -6.24	  -6.57
	  0.818	 -0.407	 -0.407
	  0.323	  0.910	 -0.260
	  0.476	  0.081	  0.875

8 	  45.33	 -11.06	   2.13
	  0.844	 -0.335	  0.419
	  0.019	 -0.762	 -0.647
	  0.536	  0.554	 -0.637

9 	  56.92	 -10.60	   5.17
	  0.793	  0.115	  0.598
	 -0.243	  0.960	  0.137
	 -0.559	 -0.254	  0.789

2 	  32.61	  -6.77	  23.01
	 -0.051	  0.997	 -0.046
	 -0.999	 -0.051	 -0.011
	 -0.013	  0.045	  0.999

3 	  44.75	   0.09	   1.49
	  0.269	  0.189	  0.944
	  0.024	  0.979	 -0.203
	 -0.963	  0.077	  0.258

4 	  38.09	   4.89	  -6.98
	  0.592	  0.759	 -0.272
	 -0.666	  0.650	  0.366
	  0.454	 -0.036	  0.890

5 	  44.61	  10.51	   2.00
	  0.884	  0.341	  0.319
	  0.100	 -0.805	  0.584
	  0.456	 -0.485	 -0.746

6 	  55.63	  10.97	   1.99
	  0.931	 -0.096	  0.352
	  0.117	  0.992	 -0.039
	 -0.345	  0.077	  0.935

7 	  38.88	  -6.19	  -6.70
	  0.807	 -0.394	 -0.441
	  0.305	  0.916	 -0.260
	  0.506	  0.075	  0.859

8 	  45.62	 -11.02	   1.62
	  0.868	 -0.327	  0.373
	 -0.001	 -0.754	 -0.657
	  0.496	  0.569	 -0.655

9 	  57.27	 -10.35	   3.90
	  0.825	  0.120	  0.552
	 -0.250	  0.954	  0.166
	 -0.507	 -0.275	  0.817

2 	  32.61	  -6.77	  23.01
	 -0.050	  0.997	 -0.046
	 -0.999	 -0.051	 -0.010
	 -0.013	  0.045	  0.999

3 	  44.74	   0.12	   1.30
	  0.280	  0.198	  0.939
	  0.010	  0.977	 -0.210
	 -0.960	  0.068	  0.272

4 	  37.92	   4.76	  -7.12
	  0.587	  0.752	 -0.301
	 -0.652	  0.659	  0.375
	  0.480	 -0.024	  0.877

5 	  44.81	  10.44	   1.55
	  0.900	  0.339	  0.275
	  0.123	 -0.802	  0.585
	  0.418	 -0.493	 -0.763

6 	  55.88	  10.72	   0.86
	  0.948	 -0.115	  0.295
	  0.136	  0.989	 -0.051
	 -0.286	  0.089	  0.954

7 	  38.71	  -6.13	  -6.80
	  0.791	 -0.382	 -0.478
	  0.290	  0.922	 -0.257
	  0.539	  0.065	  0.840

8 	  45.84	 -11.00	   1.05
	  0.891	 -0.322	  0.320
	 -0.031	 -0.746	 -0.665
	  0.453	  0.583	 -0.674

9 	  57.62	 -10.23	   2.72
	  0.852	  0.124	  0.509
	 -0.251	  0.949	  0.189
	 -0.460	 -0.289	  0.840

2 	  32.61	  -6.79	  23.01
	 -0.051	  0.997	 -0.046
	 -0.999	 -0.051	 -0.011
	 -0.013	  0.045	  0.999

3 	  44.70	   0.11	   1.11
	  0.292	  0.205	  0.934
	  0.002	  0.976	 -0.215
	 -0.956	  0.065	  0.285

4 	  37.81	   4.64	  -7.22
	  0.582	  0.743	 -0.330
	 -0.639	  0.669	  0.379
	  0.503	 -0.010	  0.864

5 	  44.91	  10.41	   1.23
	  0.908	  0.338	  0.247
	  0.138	 -0.798	  0.586
	  0.396	 -0.498	 -0.772

6 	  55.88	  10.49	   0.02
	  0.958	 -0.129	  0.255
	  0.149	  0.987	 -0.062
	 -0.244	  0.097	  0.965

7 	  38.53	  -6.13	  -6.93
	  0.771	 -0.376	 -0.513
	  0.280	  0.925	 -0.255
	  0.570	  0.053	  0.819

8 	  46.07	 -11.02	   0.44
	  0.910	 -0.321	  0.261
	 -0.068	 -0.738	 -0.672
	  0.408	  0.593	 -0.693

9 	  57.83	 -10.25	   1.21
	  0.884	  0.122	  0.450
	 -0.240	  0.946	  0.215
	 -0.400	 -0.299	  0.866

2 	  32.61	  -6.77	  23.01
	 -0.050	  0.997	 -0.046
	 -0.999	 -0.051	 -0.010
	 -0.013	  0.045	  0.999

3 	  44.70	   0.09	   0.93
	  0.303	  0.212	  0.929
	 -0.003	  0.975	 -0.222
	 -0.953	  0.064	  0.296

4 	  37.72	   4.48	  -7.37
	  0.576	  0.736	 -0.356
	 -0.632	  0.677	  0.377
	  0.518	  0.007	  0.855

5 	  44.96	  10.39	   0.77
	  0.915	  0.342	  0.212
	  0.160	 -0.793	  0.587
	  0.369	 -0.504	 -0.781

6 	  55.95	  10.32	  -1.28
	  0.970	 -0.151	  0.188
	  0.169	  0.982	 -0.083
	 -0.173	  0.112	  0.979

7 	  38.43	  -6.06	  -7.01
	  0.756	 -0.367	 -0.542
	  0.272	  0.929	 -0.250
	  0.595	  0.042	  0.802

8 	  46.30	 -10.95	  -0.16
	  0.926	 -0.317	  0.205
	 -0.101	 -0.732	 -0.674
	  0.364	  0.603	 -0.710

9 	  58.08	 -10.16	  -0.14
	  0.910	  0.121	  0.397
	 -0.231	  0.943	  0.239
	 -0.345	 -0.310	  0.886

2 	  32.61	  -6.77	  23.01
	 -0.050	  0.997	 -0.046
	 -0.999	 -0.051	 -0.010
	 -0.013	  0.045	  0.999

3 	  44.68	   0.07	   0.77
	  0.313	  0.220	  0.924
	 -0.008	  0.973	 -0.229
	 -0.949	  0.064	  0.307

4 	  37.56	   4.34	  -7.51
	  0.568	  0.729	 -0.382
	 -0.624	  0.684	  0.377
	  0.536	  0.024	  0.844

5 	  44.98	  10.37	   0.35
	  0.921	  0.345	  0.180
	  0.179	 -0.786	  0.591
	  0.345	 -0.513	 -0.786

6 	  55.88	  10.02	  -1.99
	  0.973	 -0.168	  0.156
	  0.184	  0.978	 -0.099
	 -0.136	  0.124	  0.983

7 	  38.29	  -6.03	  -7.14
	  0.740	 -0.359	 -0.568
	  0.263	  0.932	 -0.246
	  0.618	  0.032	  0.785

8 	  46.46	 -10.95	  -0.81
	  0.937	 -0.312	  0.153
	 -0.129	 -0.720	 -0.682
	  0.323	  0.619	 -0.716

9 	  58.13	 -10.05	  -1.39
	  0.928	  0.122	  0.351
	 -0.225	  0.937	  0.266
	 -0.297	 -0.326	  0.897

2 	  32.61	  -6.77	  23.01
	 -0.050	  0.997	 -0.046
	 -0.999	 -0.051	 -0.010
	 -0.013	  0.045	  0.999

3 	  44.70	   0.05	   0.62
	  0.325	  0.226	  0.918
	 -0.013	  0.972	 -0.235
	 -0.945	  0.064	  0.319

4 	  37.44	   4.20	  -7.65
	  0.563	  0.718	 -0.407
	 -0.614	  0.694	  0.376
	  0.553	  0.038	  0.832

5 	  45.11	  10.35	  -0.07
	  0.926	  0.346	  0.147
	  0.196	 -0.780	  0.595
	  0.321	 -0.522	 -0.790

6 	  55.88	   9.90	  -2.90
	  0.977	 -0.176	  0.116
	  0.190	  0.974	 -0.118
	 -0.093	  0.138	  0.986

7 	  38.16	  -5.94	  -7.22
	  0.722	 -0.344	 -0.600
	  0.250	  0.939	 -0.237
	  0.645	  0.021	  0.764

8 	  46.72	 -10.92	  -1.72
	  0.951	 -0.300	  0.077
	 -0.164	 -0.698	 -0.697
	  0.263	  0.650	 -0.713

9 	  58.34	  -9.65	  -3.32
	  0.950	  0.133	  0.280
	 -0.223	  0.921	  0.318
	 -0.216	 -0.365	  0.906

2 	  32.61	  -6.79	  23.01
	 -0.050	  0.997	 -0.046
	 -0.999	 -0.051	 -0.010
	 -0.013	  0.045	  0.999

3 	  44.68	   0.09	   0.44
	  0.337	  0.233	  0.912
	 -0.021	  0.970	 -0.240
	 -0.941	  0.061	  0.332

4 	  37.35	   4.10	  -7.77
	  0.559	  0.708	 -0.432
	 -0.604	  0.704	  0.374
	  0.569	  0.051	  0.821

5 	  45.18	  10.30	  -0.53
	  0.931	  0.346	  0.112
	  0.215	 -0.774	  0.595
	  0.293	 -0.531	 -0.795

6 	  55.81	   9.76	  -3.74
	  0.980	 -0.182	  0.082
	  0.191	  0.972	 -0.137
	 -0.055	  0.149	  0.987

7 	  38.00	  -5.87	  -7.35
	  0.701	 -0.327	 -0.633
	  0.232	  0.945	 -0.230
	  0.674	  0.014	  0.739

8 	  46.93	 -10.78	  -2.71
	  0.958	 -0.285	 -0.008
	 -0.210	 -0.686	 -0.696
	  0.193	  0.669	 -0.718

9 	  58.27	  -9.21	  -5.38
	  0.970	  0.146	  0.194
	 -0.209	  0.908	  0.362
	 -0.124	 -0.392	  0.912

2 	  32.61	  -6.79	  23.01
	 -0.050	  0.997	 -0.046
	 -0.999	 -0.051	 -0.010
	 -0.013	  0.045	  0.999

3 	  44.63	   0.11	   0.23
	  0.353	  0.238	  0.905
	 -0.029	  0.969	 -0.244
	 -0.935	  0.060	  0.349

4 	  37.16	   3.94	  -7.88
	  0.549	  0.701	 -0.455
	 -0.596	  0.710	  0.374
	  0.586	  0.066	  0.808

5 	  45.16	  10.30	  -0.97
	  0.933	  0.349	  0.078
	  0.236	 -0.766	  0.598
	  0.269	 -0.540	 -0.797

6 	  55.62	   9.60	  -5.08
	  0.980	 -0.195	  0.017
	  0.195	  0.967	 -0.164
	  0.015	  0.164	  0.986

7 	  37.83	  -5.78	  -7.45
	  0.685	 -0.310	 -0.659
	  0.216	  0.951	 -0.222
	  0.695	  0.009	  0.718

8 	  47.07	 -10.67	  -3.59
	  0.958	 -0.272	 -0.086
	 -0.254	 -0.674	 -0.694
	  0.130	  0.687	 -0.715

9 	  58.08	  -8.86	  -7.47
	  0.982	  0.156	  0.105
	 -0.186	  0.894	  0.406
	 -0.031	 -0.418	  0.907

2 	  32.61	  -6.79	  23.01
	 -0.050	  0.997	 -0.046
	 -0.999	 -0.051	 -0.010
	 -0.012	  0.045	  0.999

3 	  44.61	   0.12	   0.14
	  0.361	  0.239	  0.901
	 -0.034	  0.969	 -0.244
	 -0.932	  0.058	  0.358

4 	  37.05	   3.90	  -7.91
	  0.543	  0.698	 -0.466
	 -0.592	  0.712	  0.377
	  0.595	  0.071	  0.800

5 	  45.16	  10.27	  -1.25
	  0.936	  0.347	  0.053
	  0.250	 -0.766	  0.592
	  0.246	 -0.541	 -0.804

6 	  55.46	   9.47	  -5.61
	  0.979	 -0.204	 -0.011
	  0.199	  0.965	 -0.167
	  0.044	  0.161	  0.986

7 	  37.72	  -5.71	  -7.54
	  0.670	 -0.297	 -0.680
	  0.207	  0.955	 -0.213
	  0.713	  0.001	  0.701

8 	  47.07	 -10.58	  -4.38
	  0.953	 -0.264	 -0.151
	 -0.292	 -0.658	 -0.694
	  0.083	  0.705	 -0.704

9 	  57.73	  -8.44	  -9.07
	  0.985	  0.170	  0.035
	 -0.168	  0.880	  0.445
	  0.045	 -0.444	  0.895

2 	  32.61	  -6.79	  23.01
	 -0.050	  0.997	 -0.046
	 -0.999	 -0.051	 -0.010
	 -0.013	  0.045	  0.999

3 	  44.60	   0.18	   0.00
	  0.371	  0.240	  0.896
	 -0.037	  0.969	 -0.245
	 -0.928	  0.057	  0.369

4 	  36.93	   3.87	  -8.00
	  0.536	  0.696	 -0.478
	 -0.591	  0.714	  0.376
	  0.602	  0.081	  0.794

5 	  45.14	  10.27	  -1.48
	  0.938	  0.343	  0.037
	  0.255	 -0.763	  0.593
	  0.232	 -0.547	 -0.804

6 	  55.34	   9.25	  -6.24
	  0.973	 -0.225	 -0.041
	  0.214	  0.960	 -0.181
	  0.080	  0.167	  0.983

7 	  37.63	  -5.62	  -7.61
	  0.659	 -0.287	 -0.695
	  0.200	  0.958	 -0.206
	  0.724	 -0.004	  0.689

8 	  47.14	 -10.44	  -4.99
	  0.946	 -0.254	 -0.198
	 -0.319	 -0.648	 -0.691
	  0.047	  0.717	 -0.695

9 	  57.59	  -8.03	 -10.32
	  0.983	  0.181	 -0.019
	 -0.151	  0.868	  0.473
	  0.102	 -0.463	  0.880

2 	  32.62	  -6.77	  23.01
	 -0.051	  0.998	 -0.046
	 -0.999	 -0.051	 -0.010
	 -0.013	  0.045	  0.999

3 	  44.58	   0.23	  -0.05
	  0.377	  0.241	  0.894
	 -0.040	  0.968	 -0.245
	 -0.925	  0.057	  0.375

4 	  36.91	   3.88	  -8.02
	  0.534	  0.694	 -0.482
	 -0.590	  0.714	  0.376
	  0.606	  0.083	  0.791

5 	  45.16	  10.30	  -1.71
	  0.939	  0.344	  0.017
	  0.267	 -0.761	  0.591
	  0.216	 -0.550	 -0.806

6 	  55.25	   9.21	  -6.66
	  0.970	 -0.233	 -0.065
	  0.217	  0.957	 -0.191
	  0.106	  0.171	  0.979

7 	  37.65	  -5.55	  -7.66
	  0.656	 -0.270	 -0.705
	  0.185	  0.963	 -0.196
	  0.732	 -0.002	  0.681

8 	  47.14	 -10.35	  -5.45
	  0.940	 -0.247	 -0.234
	 -0.340	 -0.635	 -0.693
	  0.023	  0.731	 -0.682

9 	  57.30	  -7.72	 -11.23
	  0.980	  0.189	 -0.058
	 -0.136	  0.856	  0.499
	  0.144	 -0.482	  0.864

2 	  32.61	  -6.77	  23.01
	 -0.050	  0.997	 -0.046
	 -0.999	 -0.051	 -0.010
	 -0.013	  0.045	  0.999

3 	  44.56	   0.23	  -0.11
	  0.381	  0.242	  0.892
	 -0.042	  0.968	 -0.245
	 -0.924	  0.056	  0.379

4 	  36.84	   3.85	  -8.07
	  0.530	  0.692	 -0.490
	 -0.589	  0.716	  0.375
	  0.611	  0.089	  0.786

5 	  45.14	  10.30	  -1.97
	  0.939	  0.344	 -0.004
	  0.280	 -0.757	  0.590
	  0.199	 -0.555	 -0.807

6 	  55.11	   9.12	  -7.14
	  0.966	 -0.243	 -0.088
	  0.221	  0.953	 -0.204
	  0.134	  0.178	  0.975

7 	  37.63	  -5.55	  -7.72
	  0.647	 -0.261	 -0.716
	  0.173	  0.965	 -0.194
	  0.742	  0.002	  0.670

8 	  47.16	 -10.28	  -5.91
	  0.932	 -0.241	 -0.272
	 -0.363	 -0.633	 -0.684
	 -0.007	  0.736	 -0.677

9 	  57.13	  -7.61	 -12.09
	  0.975	  0.196	 -0.098
	 -0.119	  0.849	  0.514
	  0.184	 -0.490	  0.852

2 	  32.61	  -6.79	  23.01
	 -0.050	  0.997	 -0.046
	 -0.999	 -0.051	 -0.010
	 -0.013	  0.045	  0.999

3 	  44.54	   0.26	  -0.19
	  0.386	  0.244	  0.889
	 -0.046	  0.968	 -0.246
	 -0.921	  0.054	  0.385

4 	  36.77	   3.80	  -8.09
	  0.525	  0.689	 -0.498
	 -0.587	  0.718	  0.374
	  0.616	  0.095	  0.782

5 	  45.14	  10.28	  -2.13
	  0.939	  0.344	 -0.016
	  0.286	 -0.755	  0.590
	  0.192	 -0.558	 -0.807

6 	  54.98	   9.04	  -7.56
	  0.961	 -0.252	 -0.110
	  0.224	  0.950	 -0.216
	  0.159	  0.183	  0.970

7 	  37.55	  -5.55	  -7.80
	  0.629	 -0.253	 -0.734
	  0.168	  0.967	 -0.189
	  0.758	 -0.005	  0.652

8 	  47.09	 -10.34	  -6.49
	  0.917	 -0.242	 -0.317
	 -0.398	 -0.619	 -0.677
	 -0.033	  0.747	 -0.664

9 	  56.65	  -7.52	 -13.24
	  0.969	  0.196	 -0.147
	 -0.089	  0.839	  0.537
	  0.229	 -0.507	  0.831

2 	  32.61	  -6.79	  23.01
	 -0.050	  0.998	 -0.044
	 -0.999	 -0.051	 -0.008
	 -0.010	  0.044	  0.999

3 	  44.53	   0.21	  -0.26
	  0.392	  0.242	  0.887
	 -0.048	  0.969	 -0.244
	 -0.919	  0.053	  0.391

4 	  36.72	   3.69	  -8.12
	  0.523	  0.687	 -0.505
	 -0.585	  0.719	  0.374
	  0.620	  0.099	  0.778

5 	  45.14	  10.25	  -2.21
	  0.939	  0.343	 -0.022
	  0.288	 -0.752	  0.592
	  0.187	 -0.563	 -0.805

6 	  54.93	   8.88	  -7.72
	  0.958	 -0.259	 -0.117
	  0.229	  0.947	 -0.223
	  0.169	  0.187	  0.968

7 	  37.46	  -5.57	  -7.88
	  0.614	 -0.250	 -0.748
	  0.169	  0.968	 -0.184
	  0.770	 -0.014	  0.637

8 	  46.90	 -10.42	  -7.19
	  0.894	 -0.244	 -0.376
	 -0.444	 -0.600	 -0.665
	 -0.064	  0.761	 -0.645

9 	  56.04	  -7.51	 -14.73
	  0.956	  0.197	 -0.215
	 -0.043	  0.826	  0.562
	  0.288	 -0.529	  0.798

2 	  32.61	  -6.79	  23.03
	 -0.051	  0.998	 -0.043
	 -0.999	 -0.051	 -0.003
	 -0.005	  0.043	  0.999

3 	  44.53	   0.18	  -0.33
	  0.397	  0.242	  0.885
	 -0.048	  0.969	 -0.244
	 -0.916	  0.054	  0.397

4 	  36.65	   3.62	  -8.17
	  0.519	  0.683	 -0.514
	 -0.583	  0.723	  0.372
	  0.625	  0.106	  0.773

5 	  45.14	  10.21	  -2.36
	  0.939	  0.343	 -0.030
	  0.292	 -0.749	  0.595
	  0.181	 -0.567	 -0.803

6 	  54.86	   8.77	  -7.96
	  0.956	 -0.265	 -0.126
	  0.231	  0.945	 -0.232
	  0.180	  0.192	  0.965

7 	  37.39	  -5.55	  -7.89
	  0.603	 -0.247	 -0.758
	  0.173	  0.969	 -0.178
	  0.778	 -0.024	  0.627

8 	  46.69	 -10.48	  -7.91
	  0.866	 -0.244	 -0.436
	 -0.491	 -0.582	 -0.649
	 -0.096	  0.776	 -0.624

9 	  55.25	  -7.28	 -16.14
	  0.936	  0.205	 -0.287
	  0.001	  0.812	  0.584
	  0.352	 -0.547	  0.759

2 	  32.61	  -6.79	  23.01
	 -0.051	  0.998	 -0.043
	 -0.999	 -0.052	 -0.002
	 -0.005	  0.042	  0.999

3 	  44.51	   0.18	  -0.42
	  0.402	  0.246	  0.882
	 -0.050	  0.967	 -0.247
	 -0.914	  0.055	  0.401

4 	  36.58	   3.55	  -8.23
	  0.514	  0.677	 -0.526
	 -0.579	  0.726	  0.370
	  0.632	  0.113	  0.766

5 	  45.12	  10.18	  -2.72
	  0.938	  0.342	 -0.056
	  0.306	 -0.740	  0.599
	  0.163	 -0.579	 -0.799

6 	  54.67	   8.56	  -8.63
	  0.947	 -0.279	 -0.157
	  0.235	  0.939	 -0.249
	  0.216	  0.199	  0.956

7 	  37.35	  -5.54	  -7.88
	  0.594	 -0.240	 -0.767
	  0.172	  0.970	 -0.170
	  0.785	 -0.031	  0.618

8 	  46.51	 -10.41	  -8.58
	  0.834	 -0.238	 -0.497
	 -0.534	 -0.574	 -0.621
	 -0.137	  0.783	 -0.606

9 	  54.51	  -7.07	 -17.44
	  0.910	  0.210	 -0.356
	  0.045	  0.805	  0.591
	  0.411	 -0.555	  0.723

2 	  32.61	  -6.79	  23.01
	 -0.051	  0.998	 -0.043
	 -0.999	 -0.052	 -0.002
	 -0.005	  0.042	  0.999

3 	  44.49	   0.19	  -0.44
	  0.403	  0.249	  0.881
	 -0.051	  0.967	 -0.250
	 -0.914	  0.055	  0.402

4 	  36.58	   3.55	  -8.24
	  0.512	  0.676	 -0.529
	 -0.579	  0.727	  0.369
	  0.634	  0.117	  0.764

5 	  45.11	  10.20	  -2.87
	  0.937	  0.342	 -0.067
	  0.311	 -0.737	  0.599
	  0.155	 -0.583	 -0.797

6 	  54.58	   8.51	  -8.88
	  0.942	 -0.288	 -0.172
	  0.240	  0.937	 -0.253
	  0.234	  0.197	  0.952

7 	  37.37	  -5.50	  -7.86
	  0.590	 -0.223	 -0.776
	  0.161	  0.974	 -0.157
	  0.791	 -0.032	  0.611

8 	  46.41	 -10.07	  -9.18
	  0.805	 -0.215	 -0.553
	 -0.561	 -0.580	 -0.591
	 -0.194	  0.786	 -0.587

9 	  53.72	  -6.59	 -18.77
	  0.874	  0.226	 -0.430
	  0.080	  0.806	  0.587
	  0.479	 -0.547	  0.686

2 	  32.61	  -6.79	  23.01
	 -0.052	  0.998	 -0.043
	 -0.999	 -0.052	 -0.002
	 -0.004	  0.042	  0.999

3 	  44.49	   0.19	  -0.46
	  0.402	  0.250	  0.880
	 -0.052	  0.966	 -0.251
	 -0.914	  0.055	  0.402

4 	  36.58	   3.53	  -8.26
	  0.512	  0.675	 -0.530
	 -0.579	  0.728	  0.368
	  0.635	  0.118	  0.763

5 	  45.11	  10.20	  -2.92
	  0.937	  0.341	 -0.070
	  0.313	 -0.737	  0.599
	  0.153	 -0.583	 -0.798

6 	  54.56	   8.38	  -9.05
	  0.938	 -0.296	 -0.179
	  0.246	  0.935	 -0.255
	  0.242	  0.195	  0.950

7 	  37.39	  -5.45	  -7.89
	  0.581	 -0.201	 -0.788
	  0.146	  0.979	 -0.142
	  0.800	 -0.033	  0.599

8 	  46.35	  -9.81	  -9.76
	  0.777	 -0.189	 -0.600
	 -0.582	 -0.577	 -0.573
	 -0.238	  0.795	 -0.559

9 	  52.80	  -5.92	 -19.95
	  0.831	  0.259	 -0.491
	  0.098	  0.802	  0.589
	  0.547	 -0.538	  0.641

2 	  32.61	  -6.79	  23.01
	 -0.051	  0.998	 -0.042
	 -0.999	 -0.051	 -0.001
	 -0.003	  0.042	  0.999

3 	  44.49	   0.21	  -0.49
	  0.402	  0.251	  0.880
	 -0.054	  0.966	 -0.251
	 -0.914	  0.053	  0.402

4 	  36.54	   3.52	  -8.28
	  0.506	  0.676	 -0.535
	 -0.582	  0.726	  0.366
	  0.636	  0.126	  0.761

5 	  45.11	  10.18	  -2.97
	  0.937	  0.342	 -0.074
	  0.316	 -0.736	  0.599
	  0.150	 -0.585	 -0.797

6 	  54.47	   8.38	  -9.25
	  0.934	 -0.302	 -0.189
	  0.249	  0.933	 -0.260
	  0.255	  0.195	  0.947

7 	  37.39	  -5.36	  -7.88
	  0.573	 -0.182	 -0.799
	  0.136	  0.983	 -0.125
	  0.808	 -0.037	  0.588

8 	  46.12	  -9.62	 -10.35
	  0.746	 -0.167	 -0.645
	 -0.609	 -0.564	 -0.558
	 -0.270	  0.808	 -0.523

9 	  52.17	  -5.34	 -20.65
	  0.801	  0.280	 -0.529
	  0.119	  0.790	  0.601
	  0.586	 -0.545	  0.600

2 	  32.61	  -6.79	  23.01
	 -0.052	  0.998	 -0.042
	 -0.999	 -0.052	  0.001
	 -0.001	  0.042	  0.999

3 	  44.46	   0.30	  -0.56
	  0.399	  0.253	  0.881
	 -0.060	  0.966	 -0.251
	 -0.915	  0.047	  0.400

4 	  36.46	   3.48	  -8.31
	  0.497	  0.678	 -0.541
	 -0.587	  0.722	  0.366
	  0.639	  0.135	  0.757

5 	  45.05	  10.25	  -3.15
	  0.934	  0.347	 -0.087
	  0.327	 -0.731	  0.599
	  0.144	 -0.588	 -0.796

6 	  54.32	   8.44	  -9.49
	  0.932	 -0.303	 -0.201
	  0.246	  0.932	 -0.263
	  0.267	  0.195	  0.943

7 	  37.32	  -5.31	  -7.89
	  0.561	 -0.163	 -0.812
	  0.122	  0.986	 -0.113
	  0.819	 -0.036	  0.573

8 	  45.91	  -9.33	 -10.86
	  0.715	 -0.143	 -0.684
	 -0.630	 -0.556	 -0.543
	 -0.303	  0.819	 -0.488

9 	  51.42	  -4.87	 -21.48
	  0.767	  0.297	 -0.568
	  0.146	  0.782	  0.606
	  0.624	 -0.548	  0.557

2 	  32.61	  -6.79	  23.01
	 -0.052	  0.998	 -0.041
	 -0.999	 -0.052	  0.001
	 -0.000	  0.041	  0.999

3 	  44.42	   0.35	  -0.60
	  0.397	  0.252	  0.882
	 -0.065	  0.967	 -0.247
	 -0.916	  0.041	  0.400

4 	  36.39	   3.48	  -8.30
	  0.493	  0.678	 -0.545
	 -0.588	  0.721	  0.366
	  0.641	  0.139	  0.754

5 	  44.95	  10.32	  -3.23
	  0.931	  0.351	 -0.094
	  0.334	 -0.725	  0.601
	  0.143	 -0.592	 -0.793

6 	  54.19	   8.47	  -9.65
	  0.929	 -0.304	 -0.208
	  0.245	  0.932	 -0.266
	  0.275	  0.196	  0.941

7 	  37.30	  -5.26	  -7.89
	  0.549	 -0.150	 -0.822
	  0.119	  0.988	 -0.100
	  0.827	 -0.043	  0.561

8 	  45.62	  -9.21	 -11.30
	  0.684	 -0.129	 -0.718
	 -0.655	 -0.542	 -0.526
	 -0.322	  0.830	 -0.455

9 	  50.55	  -4.61	 -22.24
	  0.734	  0.305	 -0.606
	  0.184	  0.770	  0.610
	  0.653	 -0.560	  0.509

2 	  32.61	  -6.79	  23.01
	 -0.052	  0.998	 -0.041
	 -0.999	 -0.052	  0.002
	  0.000	  0.041	  0.999

3 	  44.42	   0.37	  -0.62
	  0.396	  0.252	  0.883
	 -0.069	  0.967	 -0.245
	 -0.916	  0.036	  0.400

4 	  36.40	   3.43	  -8.33
	  0.489	  0.676	 -0.552
	 -0.588	  0.722	  0.363
	  0.644	  0.146	  0.751

5 	  44.93	  10.34	  -3.38
	  0.930	  0.353	 -0.103
	  0.341	 -0.721	  0.603
	  0.139	 -0.596	 -0.791

6 	  54.12	   8.44	  -9.88
	  0.927	 -0.307	 -0.216
	  0.245	  0.931	 -0.271
	  0.284	  0.198	  0.938

7 	  37.28	  -5.27	  -7.91
	  0.538	 -0.146	 -0.830
	  0.119	  0.988	 -0.096
	  0.834	 -0.047	  0.549

8 	  45.44	  -9.25	 -11.69
	  0.652	 -0.125	 -0.748
	 -0.678	 -0.537	 -0.502
	 -0.339	  0.834	 -0.435

9 	  49.97	  -4.57	 -22.85
	  0.705	  0.307	 -0.639
	  0.212	  0.769	  0.603
	  0.676	 -0.561	  0.477

2 	  32.61	  -6.79	  23.01
	 -0.052	  0.998	 -0.041
	 -0.999	 -0.052	  0.003
	  0.001	  0.041	  0.999

3 	  44.42	   0.37	  -0.65
	  0.396	  0.252	  0.883
	 -0.071	  0.967	 -0.244
	 -0.915	  0.034	  0.401

4 	  36.37	   3.38	  -8.35
	  0.489	  0.672	 -0.556
	 -0.587	  0.725	  0.360
	  0.645	  0.150	  0.749

5 	  44.91	  10.30	  -3.57
	  0.928	  0.352	 -0.117
	  0.347	 -0.715	  0.607
	  0.130	 -0.604	 -0.786

6 	  54.04	   8.30	 -10.16
	  0.922	 -0.315	 -0.226
	  0.248	  0.927	 -0.280
	  0.297	  0.202	  0.933

7 	  37.23	  -5.29	  -7.91
	  0.523	 -0.148	 -0.839
	  0.128	  0.987	 -0.094
	  0.842	 -0.058	  0.535

8 	  45.18	  -9.30	 -11.88
	  0.630	 -0.123	 -0.767
	 -0.696	 -0.527	 -0.487
	 -0.344	  0.841	 -0.418

9 	  49.39	  -4.61	 -23.26
	  0.685	  0.301	 -0.663
	  0.241	  0.765	  0.597
	  0.687	 -0.570	  0.451

2 	  32.61	  -6.79	  23.01
	 -0.052	  0.998	 -0.041
	 -0.999	 -0.052	  0.003
	  0.001	  0.041	  0.999

3 	  44.40	   0.35	  -0.67
	  0.396	  0.254	  0.882
	 -0.072	  0.967	 -0.246
	 -0.915	  0.033	  0.401

4 	  36.33	   3.25	  -8.38
	  0.487	  0.665	 -0.566
	 -0.584	  0.730	  0.355
	  0.649	  0.157	  0.744

5 	  44.93	  10.21	  -3.78
	  0.928	  0.349	 -0.130
	  0.352	 -0.709	  0.611
	  0.121	 -0.613	 -0.781

6 	  53.84	   8.10	 -10.58
	  0.913	 -0.326	 -0.245
	  0.252	  0.924	 -0.287
	  0.320	  0.200	  0.926

7 	  37.14	  -5.36	  -7.88
	  0.514	 -0.154	 -0.844
	  0.136	  0.986	 -0.097
	  0.847	 -0.065	  0.527

8 	  45.04	  -9.35	 -12.02
	  0.616	 -0.123	 -0.778
	 -0.706	 -0.525	 -0.476
	 -0.350	  0.842	 -0.410

9 	  49.03	  -4.64	 -23.43
	  0.672	  0.301	 -0.677
	  0.252	  0.766	  0.591
	  0.696	 -0.568	  0.438

2 	  32.61	  -6.79	  23.01
	 -0.052	  0.998	 -0.041
	 -0.999	 -0.052	  0.002
	 -0.000	  0.041	  0.999

3 	  44.40	   0.28	  -0.74
	  0.399	  0.256	  0.880
	 -0.074	  0.966	 -0.248
	 -0.914	  0.034	  0.405

4 	  36.30	   3.18	  -8.40
	  0.485	  0.660	 -0.573
	 -0.582	  0.733	  0.353
	  0.653	  0.162	  0.739

5 	  44.91	  10.20	  -4.03
	  0.925	  0.349	 -0.147
	  0.362	 -0.704	  0.611
	  0.110	 -0.619	 -0.778

6 	  53.70	   7.91	 -11.02
	  0.901	 -0.342	 -0.267
	  0.260	  0.918	 -0.297
	  0.346	  0.198	  0.917

7 	  37.12	  -5.40	  -7.88
	  0.510	 -0.157	 -0.846
	  0.139	  0.985	 -0.099
	  0.849	 -0.068	  0.524

8 	  44.89	  -9.37	 -12.09
	  0.608	 -0.122	 -0.784
	 -0.711	 -0.523	 -0.470
	 -0.353	  0.843	 -0.405

9 	  48.90	  -4.71	 -23.54
	  0.667	  0.300	 -0.682
	  0.259	  0.765	  0.590
	  0.699	 -0.570	  0.432

2 	  32.61	  -6.79	  23.01
	 -0.052	  0.998	 -0.041
	 -0.999	 -0.052	  0.000
	 -0.002	  0.041	  0.999

3 	  44.38	   0.28	  -0.79
	  0.400	  0.261	  0.878
	 -0.077	  0.965	 -0.251
	 -0.913	  0.033	  0.406

4 	  36.25	   3.13	  -8.44
	  0.479	  0.659	 -0.580
	 -0.582	  0.733	  0.352
	  0.657	  0.168	  0.735

5 	  44.88	  10.14	  -4.20
	  0.923	  0.351	 -0.159
	  0.370	 -0.699	  0.612
	  0.104	 -0.623	 -0.775

6 	  53.46	   7.79	 -11.48
	  0.890	 -0.353	 -0.288
	  0.263	  0.915	 -0.306
	  0.371	  0.197	  0.907

7 	  37.12	  -5.40	  -7.86
	  0.508	 -0.157	 -0.847
	  0.138	  0.985	 -0.099
	  0.850	 -0.067	  0.522

8 	  44.86	  -9.37	 -12.18
	  0.601	 -0.120	 -0.790
	 -0.717	 -0.518	 -0.466
	 -0.354	  0.846	 -0.398

9 	  48.78	  -4.69	 -23.54
	  0.663	  0.299	 -0.686
	  0.269	  0.760	  0.592
	  0.698	 -0.578	  0.423

2 	  32.61	  -6.79	  23.01
	 -0.052	  0.998	 -0.041
	 -0.999	 -0.052	  0.000
	 -0.002	  0.041	  0.999

3 	  44.38	   0.32	  -0.81
	  0.399	  0.263	  0.878
	 -0.081	  0.964	 -0.252
	 -0.913	  0.029	  0.406

4 	  36.25	   3.11	  -8.44
	  0.478	  0.659	 -0.580
	 -0.584	  0.732	  0.351
	  0.656	  0.171	  0.735

5 	  44.86	  10.18	  -4.27
	  0.921	  0.354	 -0.164
	  0.376	 -0.696	  0.612
	  0.103	 -0.625	 -0.774

6 	  53.44	   7.79	 -11.57
	  0.888	 -0.354	 -0.291
	  0.265	  0.914	 -0.306
	  0.375	  0.194	  0.906

7 	  37.12	  -5.36	  -7.91
	  0.497	 -0.151	 -0.854
	  0.137	  0.986	 -0.094
	  0.856	 -0.071	  0.511

8 	  44.68	  -9.30	 -12.45
	  0.580	 -0.109	 -0.807
	 -0.732	 -0.504	 -0.458
	 -0.357	  0.856	 -0.373

9 	  48.38	  -4.48	 -23.98
	  0.645	  0.303	 -0.701
	  0.293	  0.749	  0.594
	  0.705	 -0.589	  0.395

2 	  32.61	  -6.79	  23.01
	 -0.052	  0.998	 -0.041
	 -0.999	 -0.052	  0.000
	 -0.002	  0.041	  0.999

3 	  44.38	   0.32	  -0.83
	  0.398	  0.264	  0.878
	 -0.083	  0.964	 -0.252
	 -0.913	  0.028	  0.406

4 	  36.25	   3.13	  -8.46
	  0.476	  0.660	 -0.581
	 -0.585	  0.731	  0.351
	  0.656	  0.172	  0.734

5 	  44.84	  10.20	  -4.29
	  0.919	  0.356	 -0.166
	  0.379	 -0.696	  0.610
	  0.102	 -0.624	 -0.775

6 	  53.35	   7.86	 -11.67
