% Calibrated with leiden_pols
% Positions are in centimeters
Data =[
 2    97.515   -19.323    59.064
 2     0.595    -0.804     0.005
 2     0.803     0.594     0.029
 2    -0.026    -0.014     0.999
 3   123.947    -7.132     8.668
 3    -0.402    -0.017    -0.915
 3    -0.140    -0.987     0.080
 3    -0.905     0.160     0.394
 4   114.457    13.758    -0.228
 4     0.784     0.418     0.461
 4    -0.173     0.858    -0.482
 4    -0.596     0.299     0.745
 5   106.898    18.800    29.696
 5     0.144    -0.000     0.989
 5    -0.161     0.987     0.024
 5    -0.976    -0.162     0.142
 6   117.557    31.818    45.636
 6     0.009    -0.850    -0.528
 6     0.211     0.516    -0.829
 6     0.977    -0.106     0.181
 7   111.221   -20.267    -2.562
 7    -0.094    -0.888     0.451
 7     0.910     0.107     0.399
 7    -0.403     0.448     0.798
 8   109.922   -30.245    18.404
 8    -0.109     0.369     0.923
 8    -0.395    -0.868     0.300
 8     0.912    -0.332     0.241
 9   112.711   -40.675    42.739
 9     0.113     0.976     0.185
 9    -0.281    -0.147     0.948
 9     0.953    -0.160     0.257
 2    97.566   -19.323    59.064
 2     0.595    -0.804     0.005
 2     0.803     0.594     0.029
 2    -0.026    -0.014     0.999
 3   124.203    -7.187     8.805
 3    -0.395    -0.022    -0.919
 3    -0.141    -0.986     0.084
 3    -0.908     0.162     0.386
 4   115.089    13.635    -0.584
 4     0.800     0.406     0.443
 4    -0.174     0.862    -0.475
 4    -0.574     0.303     0.760
 5   105.927    19.166    28.310
 5     0.206     0.019     0.978
 5    -0.167     0.986     0.016
 5    -0.964    -0.166     0.206
 6   115.007    32.324    45.085
 6    -0.062    -0.836    -0.545
 6     0.220     0.520    -0.824
 6     0.973    -0.173     0.150
 7   111.598   -20.319    -2.715
 7    -0.072    -0.894     0.443
 7     0.914     0.118     0.386
 7    -0.399     0.432     0.809
 8   108.863   -30.341    17.698
 8    -0.173     0.373     0.911
 8    -0.400    -0.872     0.281
 8     0.900    -0.316     0.300
 9   109.839   -41.319    41.918
 9     0.043     0.981     0.190
 9    -0.297    -0.169     0.940
 9     0.954    -0.097     0.283
 2    97.566   -19.323    59.064
 2     0.595    -0.804     0.005
 2     0.803     0.594     0.029
 2    -0.026    -0.014     0.999
 3   124.306    -7.241     8.910
 3    -0.387    -0.023    -0.922
 3    -0.144    -0.986     0.085
 3    -0.911     0.165     0.377
 4   115.565    13.480    -0.996
 4     0.812     0.397     0.430
 4    -0.178     0.868    -0.463
 4    -0.556     0.299     0.775
 5   105.204    19.436    26.997
 5     0.254     0.056     0.965
 5    -0.168     0.986    -0.013
 5    -0.953    -0.159     0.260
 6   113.188    32.508    44.432
 6    -0.114    -0.817    -0.565
 6     0.223     0.532    -0.816
 6     0.968    -0.220     0.120
 7   111.837   -20.249    -2.887
 7    -0.049    -0.894     0.445
 7     0.915     0.138     0.377
 7    -0.399     0.425     0.812
 8   107.710   -30.231    16.919
 8    -0.236     0.364     0.901
 8    -0.396    -0.883     0.253
 8     0.887    -0.297     0.352
 9   107.050   -41.428    41.083
 9    -0.021     0.979     0.203
 9    -0.304    -0.200     0.931
 9     0.952    -0.042     0.301
 2    97.566   -19.323    59.064
 2     0.595    -0.804     0.005
 2     0.803     0.594     0.029
 2    -0.026    -0.014     0.999
 3   124.394    -7.324     9.023
 3    -0.382    -0.030    -0.924
 3    -0.142    -0.986     0.091
 3    -0.913     0.166     0.372
 4   115.961    13.425    -1.354
 4     0.823     0.386     0.418
 4    -0.180     0.874    -0.450
 4    -0.539     0.295     0.788
 5   104.584    19.531    25.660
 5     0.296     0.071     0.952
 5    -0.165     0.986    -0.022
 5    -0.941    -0.151     0.304
 6   111.359    32.454    43.680
 6    -0.161    -0.803    -0.575
 6     0.222     0.536    -0.813
 6     0.961    -0.261     0.089
 7   112.008   -20.207    -3.049
 7    -0.033    -0.893     0.449
 7     0.914     0.155     0.374
 7    -0.404     0.422     0.811
 8   107.088   -30.188    16.293
 8    -0.276     0.369     0.888
 8    -0.391    -0.887     0.247
 8     0.878    -0.279     0.388
 9   105.374   -41.427    40.439
 9    -0.064     0.977     0.203
 9    -0.305    -0.213     0.928
 9     0.950    -0.002     0.312
 2    97.518   -19.323    59.061
 2     0.595    -0.804     0.005
 2     0.803     0.594     0.028
 2    -0.025    -0.014     0.999
 3   124.494    -7.326     9.100
 3    -0.373    -0.031    -0.927
 3    -0.146    -0.985     0.092
 3    -0.916     0.170     0.362
 4   116.531    13.231    -1.924
 4     0.840     0.368     0.401
 4    -0.180     0.883    -0.433
 4    -0.512     0.292     0.807
 5   103.979    19.459    24.313
 5     0.345     0.072     0.936
 5    -0.166     0.986    -0.015
 5    -0.924    -0.150     0.352
 6   109.357    32.443    42.736
 6    -0.212    -0.791    -0.573
 6     0.224     0.531    -0.817
 6     0.951    -0.304     0.063
 7   112.390   -20.156    -3.260
 7    -0.008    -0.896     0.443
 7     0.917     0.170     0.360
 7    -0.398     0.409     0.821
 8   106.084   -29.866    15.547
 8    -0.334     0.355     0.873
 8    -0.381    -0.898     0.219
 8     0.862    -0.260     0.435
 9   102.680   -41.209    39.479
 9    -0.126     0.967     0.219
 9    -0.307    -0.249     0.919
 9     0.943     0.049     0.328
 2    97.568   -19.322    59.061
 2     0.595    -0.804     0.005
 2     0.803     0.594     0.028
 2    -0.025    -0.014     0.999
 3   124.599    -7.382     9.160
 3    -0.366    -0.036    -0.930
 3    -0.147    -0.984     0.096
 3    -0.919     0.172     0.355
 4   116.886    13.158    -2.179
 4     0.854     0.353     0.383
 4    -0.176     0.888    -0.424
 4    -0.489     0.295     0.821
 5   103.436    19.393    23.551
 5     0.373     0.058     0.926
 5    -0.162     0.987     0.003
 5    -0.913    -0.151     0.377
 6   108.016    32.384    42.239
 6    -0.243    -0.789    -0.565
 6     0.224     0.520    -0.824
 6     0.944    -0.328     0.048
 7   112.549   -19.877    -3.499
 7     0.019    -0.898     0.439
 7     0.920     0.187     0.343
 7    -0.391     0.397     0.830
 8   105.281   -29.492    14.897
 8    -0.374     0.341     0.862
 8    -0.375    -0.906     0.195
 8     0.848    -0.250     0.466
 9   101.044   -40.917    38.617
 9    -0.162     0.959     0.231
 9    -0.309    -0.271     0.911
 9     0.937     0.076     0.340
 2    97.566   -19.323    59.064
 2     0.595    -0.804     0.005
 2     0.803     0.594     0.029
 2    -0.026    -0.014     0.999
 3   124.593    -7.336     9.169
 3    -0.364    -0.039    -0.931
 3    -0.145    -0.984     0.098
 3    -0.920     0.171     0.352
 4   117.052    13.234    -2.423
 4     0.866     0.336     0.370
 4    -0.167     0.892    -0.417
 4    -0.470     0.300     0.830
 5   102.896    19.172    22.697
 5     0.401     0.045     0.915
 5    -0.159     0.987     0.021
 5    -0.902    -0.154     0.403
 6   106.388    32.347    41.599
 6    -0.275    -0.788    -0.550
 6     0.224     0.503    -0.834
 6     0.935    -0.354     0.037
 7   112.702   -19.799    -3.792
 7     0.036    -0.900     0.434
 7     0.922     0.197     0.331
 7    -0.384     0.388     0.838
 8   104.933   -29.172    14.383
 8    -0.399     0.332     0.855
 8    -0.369    -0.911     0.182
 8     0.839    -0.244     0.486
 9    99.901   -40.559    37.957
 9    -0.189     0.953     0.234
 9    -0.306    -0.284     0.908
 9     0.933     0.100     0.346
 2    97.515   -19.273    59.064
 2     0.595    -0.804     0.005
 2     0.803     0.594     0.029
 2    -0.026    -0.014     0.999
 3   124.636    -7.289     9.184
 3    -0.360    -0.037    -0.932
 3    -0.144    -0.985     0.095
 3    -0.922     0.168     0.349
 4   117.283    13.191    -2.735
 4     0.882     0.312     0.354
 4    -0.155     0.901    -0.405
 4    -0.445     0.302     0.843
 5   102.196    18.887    21.811
 5     0.438     0.027     0.898
 5    -0.153     0.987     0.045
 5    -0.886    -0.157     0.436
