% Calibrated with leiden_pols
% Positions are in centimeters
Data =[
 2    97.515   -19.323    59.064
 2     0.595    -0.804     0.005
 2     0.803     0.594     0.029
 2    -0.026    -0.014     0.999
 3   123.947    -7.132     8.668
 3    -0.402    -0.017    -0.915
 3    -0.140    -0.987     0.080
 3    -0.905     0.160     0.394
 4   114.457    13.758    -0.228
 4     0.784     0.418     0.461
 4    -0.173     0.858    -0.482
 4    -0.596     0.299     0.745
 5   106.898    18.800    29.696
 5     0.144    -0.000     0.989
 5    -0.161     0.987     0.024
 5    -0.976    -0.162     0.142
 6   117.557    31.818    45.636
 6     0.009    -0.850    -0.528
 6     0.211     0.516    -0.829
 6     0.977    -0.106     0.181
 7   111.221   -20.267    -2.562
 7    -0.094    -0.888     0.451
 7     0.910     0.107     0.399
 7    -0.403     0.448     0.798
 8   109.922   -30.245    18.404
 8    -0.109     0.369     0.923
 8    -0.395    -0.868     0.300
 8     0.912    -0.332     0.241
 9   112.711   -40.675    42.739
 9     0.113     0.976     0.185
 9    -0.281    -0.147     0.948
 9     0.953    -0.160     0.257
 2    97.566   -19.323    59.064
 2     0.595    -0.804     0.005
 2     0.803     0.594     0.029
 2    -0.026    -0.014     0.999
 3   124.203    -7.187     8.805
 3    -0.395    -0.022    -0.919
 3    -0.141    -0.986     0.084
 3    -0.908     0.162     0.386
 4   115.089    13.635    -0.584
 4     0.800     0.406     0.443
 4    -0.174     0.862    -0.475
 4    -0.574     0.303     0.760
 5   105.927    19.166    28.310
 5     0.206     0.019     0.978
 5    -0.167     0.986     0.016
 5    -0.964    -0.166     0.206
 6   115.007    32.324    45.085
 6    -0.062    -0.836    -0.545
 6     0.220     0.520    -0.824
 6     0.973    -0.173     0.150
 7   111.598   -20.319    -2.715
 7    -0.072    -0.894     0.443
 7     0.914     0.118     0.386
 7    -0.399     0.432     0.809
 8   108.863   -30.341    17.698
 8    -0.173     0.373     0.911
 8    -0.400    -0.872     0.281
 8     0.900    -0.316     0.300
 9   109.839   -41.319    41.918
 9     0.043     0.981     0.190
 9    -0.297    -0.169     0.940
 9     0.954    -0.097     0.283
 2    97.566   -19.323    59.064
 2     0.595    -0.804     0.005
 2     0.803     0.594     0.029
 2    -0.026    -0.014     0.999
 3   124.306    -7.241     8.910
 3    -0.387    -0.023    -0.922
 3    -0.144    -0.986     0.085
 3    -0.911     0.165     0.377
 4   115.565    13.480    -0.996
 4     0.812     0.397     0.430
 4    -0.178     0.868    -0.463
 4    -0.556     0.299     0.775
 5   105.204    19.436    26.997
 5     0.254     0.056     0.965
 5    -0.168     0.986    -0.013
 5    -0.953    -0.159     0.260
 6   113.188    32.508    44.432
 6    -0.114    -0.817    -0.565
 6     0.223     0.532    -0.816
 6     0.968    -0.220     0.120
 7   111.837   -20.249    -2.887
 7    -0.049    -0.894     0.445
 7     0.915     0.138     0.377
 7    -0.399     0.425     0.812
 8   107.710   -30.231    16.919
 8    -0.236     0.364     0.901
 8    -0.396    -0.883     0.253
 8     0.887    -0.297     0.352
 9   107.050   -41.428    41.083
 9    -0.021     0.979     0.203
 9    -0.304    -0.200     0.931
 9     0.952    -0.042     0.301
 2    97.566   -19.323    59.064
 2     0.595    -0.804     0.005
 2     0.803     0.594     0.029
 2    -0.026    -0.014     0.999
 3   124.394    -7.324     9.023
 3    -0.382    -0.030    -0.924
 3    -0.142    -0.986     0.091
 3    -0.913     0.166     0.372
 4   115.961    13.425    -1.354
 4     0.823     0.386     0.418
 4    -0.180     0.874    -0.450
 4    -0.539     0.295     0.788
 5   104.584    19.531    25.660
 5     0.296     0.071     0.952
 5    -0.165     0.986    -0.022
 5    -0.941    -0.151     0.304
 6   111.359    32.454    43.680
 6    -0.161    -0.803    -0.575
 6     0.222     0.536    -0.813
 6     0.961    -0.261     0.089
 7   112.008   -20.207    -3.049
 7    -0.033    -0.893     0.449
 7     0.914     0.155     0.374
 7    -0.404     0.422     0.811
 8   107.088   -30.188    16.293
 8    -0.276     0.369     0.888
 8    -0.391    -0.887     0.247
 8     0.878    -0.279     0.388
 9   105.374   -41.427    40.439
 9    -0.064     0.977     0.203
 9    -0.305    -0.213     0.928
 9     0.950    -0.002     0.312
 2    97.518   -19.323    59.061
 2     0.595    -0.804     0.005
 2     0.803     0.594     0.028
 2    -0.025    -0.014     0.999
 3   124.494    -7.326     9.100
 3    -0.373    -0.031    -0.927
 3    -0.146    -0.985     0.092
 3    -0.916     0.170     0.362
 4   116.531    13.231    -1.924
 4     0.840     0.368     0.401
 4    -0.180     0.883    -0.433
 4    -0.512     0.292     0.807
 5   103.979    19.459    24.313
 5     0.345     0.072     0.936
 5    -0.166     0.986    -0.015
 5    -0.924    -0.150     0.352
 6   109.357    32.443    42.736
 6    -0.212    -0.791    -0.573
 6     0.224     0.531    -0.817
 6     0.951    -0.304     0.063
 7   112.390   -20.156    -3.260
 7    -0.008    -0.896     0.443
 7     0.917     0.170     0.360
 7    -0.398     0.409     0.821
 8   106.084   -29.866    15.547
 8    -0.334     0.355     0.873
 8    -0.381    -0.898     0.219
 8     0.862    -0.260     0.435
 9   102.680   -41.209    39.479
 9    -0.126     0.967     0.219
 9    -0.307    -0.249     0.919
 9     0.943     0.049     0.328
 2    97.568   -19.322    59.061
 2     0.595    -0.804     0.005
 2     0.803     0.594     0.028
 2    -0.025    -0.014     0.999
 3   124.599    -7.382     9.160
 3    -0.366    -0.036    -0.930
 3    -0.147    -0.984     0.096
 3    -0.919     0.172     0.355
 4   116.886    13.158    -2.179
 4     0.854     0.353     0.383
 4    -0.176     0.888    -0.424
 4    -0.489     0.295     0.821
 5   103.436    19.393    23.551
 5     0.373     0.058     0.926
 5    -0.162     0.987     0.003
 5    -0.913    -0.151     0.377
 6   108.016    32.384    42.239
 6    -0.243    -0.789    -0.565
 6     0.224     0.520    -0.824
 6     0.944    -0.328     0.048
 7   112.549   -19.877    -3.499
 7     0.019    -0.898     0.439
 7     0.920     0.187     0.343
 7    -0.391     0.397     0.830
 8   105.281   -29.492    14.897
 8    -0.374     0.341     0.862
 8    -0.375    -0.906     0.195
 8     0.848    -0.250     0.466
 9   101.044   -40.917    38.617
 9    -0.162     0.959     0.231
 9    -0.309    -0.271     0.911
 9     0.937     0.076     0.340
 2    97.566   -19.323    59.064
 2     0.595    -0.804     0.005
 2     0.803     0.594     0.029
 2    -0.026    -0.014     0.999
 3   124.593    -7.336     9.169
 3    -0.364    -0.039    -0.931
 3    -0.145    -0.984     0.098
 3    -0.920     0.171     0.352
 4   117.052    13.234    -2.423
 4     0.866     0.336     0.370
 4    -0.167     0.892    -0.417
 4    -0.470     0.300     0.830
 5   102.896    19.172    22.697
 5     0.401     0.045     0.915
 5    -0.159     0.987     0.021
 5    -0.902    -0.154     0.403
 6   106.388    32.347    41.599
 6    -0.275    -0.788    -0.550
 6     0.224     0.503    -0.834
 6     0.935    -0.354     0.037
 7   112.702   -19.799    -3.792
 7     0.036    -0.900     0.434
 7     0.922     0.197     0.331
 7    -0.384     0.388     0.838
 8   104.933   -29.172    14.383
 8    -0.399     0.332     0.855
 8    -0.369    -0.911     0.182
 8     0.839    -0.244     0.486
 9    99.901   -40.559    37.957
 9    -0.189     0.953     0.234
 9    -0.306    -0.284     0.908
 9     0.933     0.100     0.346
 2    97.515   -19.273    59.064
 2     0.595    -0.804     0.005
 2     0.803     0.594     0.029
 2    -0.026    -0.014     0.999
 3   124.636    -7.289     9.184
 3    -0.360    -0.037    -0.932
 3    -0.144    -0.985     0.095
 3    -0.922     0.168     0.349
 4   117.283    13.191    -2.735
 4     0.882     0.312     0.354
 4    -0.155     0.901    -0.405
 4    -0.445     0.302     0.843
 5   102.196    18.887    21.811
 5     0.438     0.027     0.898
 5    -0.153     0.987     0.045
 5    -0.886    -0.157     0.436
 6   104.647    32.104    40.852
 6    -0.312    -0.785    -0.535
 6     0.222     0.486    -0.845
 6     0.923    -0.384     0.021
 7   112.963   -19.667    -4.038
 7     0.054    -0.904     0.424
 7     0.925     0.205     0.318
 7    -0.375     0.375     0.848
 8   104.385   -28.991    13.771
 8    -0.432     0.327     0.840
 8    -0.364    -0.916     0.169
 8     0.825    -0.233     0.515
 9    98.371   -40.448    37.166
 9    -0.228     0.945     0.235
 9    -0.307    -0.299     0.903
 9     0.924     0.133     0.358
 2    97.566   -19.323    59.064
 2     0.595    -0.804     0.005
 2     0.803     0.594     0.029
 2    -0.026    -0.014     0.999
 3   124.682    -7.265     9.141
 3    -0.357    -0.036    -0.933
 3    -0.143    -0.985     0.092
 3    -0.923     0.166     0.347
 4   117.366    13.108    -2.958
 4     0.890     0.297     0.346
 4    -0.149     0.906    -0.395
 4    -0.431     0.300     0.851
 5   101.809    18.917    21.102
 5     0.465     0.034     0.884
 5    -0.152     0.987     0.041
 5    -0.872    -0.153     0.464
 6   103.263    32.042    40.173
 6    -0.340    -0.773    -0.536
 6     0.221     0.487    -0.844
 6     0.914    -0.406     0.004
 7   113.040   -19.485    -4.184
 7     0.067    -0.905     0.420
 7     0.928     0.212     0.307
 7    -0.367     0.369     0.854
 8   104.019   -28.839    13.350
 8    -0.451     0.319     0.833
 8    -0.361    -0.919     0.156
 8     0.816    -0.231     0.530
 9    97.500   -40.355    36.641
 9    -0.248     0.938     0.239
 9    -0.308    -0.311     0.899
 9     0.918     0.149     0.366
 2    97.566   -19.273    59.064
 2     0.595    -0.804     0.005
 2     0.803     0.594     0.029
 2    -0.026    -0.014     0.999
 3   124.700    -7.215     9.193
 3    -0.353    -0.032    -0.935
 3    -0.144    -0.986     0.088
 3    -0.924     0.166     0.343
 4   117.477    12.913    -3.320
 4     0.904     0.270     0.331
 4    -0.136     0.916    -0.376
 4    -0.405     0.295     0.865
 5   101.113    18.597    20.011
 5     0.494     0.025     0.869
 5    -0.150     0.987     0.056
 5    -0.856    -0.158     0.491
 6   101.633    31.848    39.208
 6    -0.371    -0.765    -0.526
 6     0.222     0.476    -0.851
 6     0.901    -0.433    -0.007
 7   113.321   -19.428    -4.432
 7     0.080    -0.908     0.412
 7     0.930     0.217     0.296
 7    -0.358     0.359     0.861
 8   103.576   -28.656    12.778
 8    -0.482     0.317     0.817
 8    -0.351    -0.924     0.151
 8     0.803    -0.214     0.556
 9    96.117   -39.956    35.869
 9    -0.282     0.929     0.237
 9    -0.298    -0.320     0.899
 9     0.912     0.183     0.368
 2    97.566   -19.323    59.064
 2     0.595    -0.804     0.005
 2     0.803     0.594     0.029
 2    -0.026    -0.014     0.999
 3   124.689    -7.216     9.149
 3    -0.349    -0.026    -0.937
 3    -0.146    -0.986     0.081
 3    -0.926     0.165     0.340
 4   117.409    12.855    -3.441
 4     0.911     0.257     0.323
 4    -0.129     0.921    -0.367
 4    -0.391     0.294     0.872
 5   100.749    18.768    19.415
 5     0.512     0.034     0.858
 5    -0.155     0.986     0.053
 5    -0.845    -0.160     0.510
 6   100.890    32.116    38.655
 6    -0.387    -0.755    -0.529
 6     0.227     0.478    -0.849
 6     0.893    -0.449    -0.014
 7   113.285   -19.195    -4.660
 7     0.102    -0.907     0.407
 7     0.932     0.230     0.279
 7    -0.347     0.351     0.869
 8   102.902   -28.066    12.296
 8    -0.511     0.297     0.807
 8    -0.332    -0.934     0.133
 8     0.793    -0.200     0.575
 9    94.727   -39.042    35.293
 9    -0.310     0.917     0.251
 9    -0.286    -0.341     0.895
 9     0.907     0.205     0.367
 2    97.566   -19.323    59.064
 2     0.595    -0.804     0.005
 2     0.803     0.594     0.029
 2    -0.026    -0.014     0.999
 3   124.687    -7.221     9.114
 3    -0.348    -0.027    -0.937
 3    -0.143    -0.986     0.081
 3    -0.927     0.162     0.339
 4   117.551    12.761    -3.614
 4     0.914     0.253     0.317
 4    -0.129     0.922    -0.364
 4    -0.384     0.293     0.875
 5   100.504    18.685    18.899
 5     0.528     0.039     0.848
 5    -0.155     0.986     0.051
 5    -0.835    -0.159     0.527
 6   100.018    32.105    38.084
 6    -0.407    -0.744    -0.530
 6     0.229     0.478    -0.848
 6     0.884    -0.467    -0.025
 7   113.396   -19.060    -5.047
 7     0.117    -0.907     0.404
 7     0.935     0.238     0.263
 7    -0.335     0.347     0.876
 8   102.491   -27.745    11.478
 8    -0.536     0.284     0.795
 8    -0.329    -0.937     0.113
 8     0.777    -0.202     0.595
 9    93.461   -38.809    34.092
 9    -0.339     0.905     0.256
 9    -0.287    -0.359     0.888
 9     0.896     0.227     0.382
 2    97.515   -19.323    59.064
 2     0.595    -0.804     0.005
 2     0.803     0.594     0.029
 2    -0.026    -0.014     0.999
 3   124.780    -7.128     9.022
 3    -0.341    -0.022    -0.940
 3    -0.137    -0.988     0.073
 3    -0.930     0.153     0.333
 4   117.638    12.657    -3.797
 4     0.923     0.234     0.307
 4    -0.117     0.927    -0.354
 4    -0.367     0.292     0.883
 5   100.121    18.584    18.167
 5     0.548     0.028     0.835
 5    -0.152     0.986     0.067
 5    -0.822    -0.164     0.545
 6    98.993    31.917    37.435
 6    -0.428    -0.739    -0.520
 6     0.227     0.469    -0.853
 6     0.875    -0.484    -0.033
 7   113.669   -18.695    -5.488
 7     0.136    -0.909     0.394
 7     0.938     0.246     0.244
 7    -0.320     0.336     0.886
 8   101.986   -27.248    10.758
 8    -0.561     0.265     0.784
 8    -0.321    -0.943     0.088
 8     0.762    -0.203     0.614
 9    92.411   -38.239    33.230
 9    -0.364     0.892     0.267
 9    -0.285    -0.380     0.880
 9     0.887     0.244     0.392
 2    97.568   -19.322    59.061
 2     0.595    -0.804     0.005
 2     0.803     0.594     0.028
 2    -0.025    -0.014     0.999
 3   124.773    -7.066     9.063
 3    -0.335    -0.022    -0.942
 3    -0.129    -0.989     0.069
 3    -0.933     0.145     0.328
 4   117.645    12.714    -3.812
 4     0.925     0.228     0.305
 4    -0.111     0.928    -0.354
 4    -0.363     0.294     0.884
 5   100.023    18.538    18.153
 5     0.552     0.027     0.833
 5    -0.150     0.986     0.068
 5    -0.820    -0.162     0.549
 6    98.733    31.915    37.399
 6    -0.431    -0.737    -0.520
 6     0.225     0.470    -0.853
 6     0.873    -0.485    -0.037
 7   113.634   -18.329    -5.886
 7     0.151    -0.906     0.395
 7     0.940     0.255     0.225
 7    -0.305     0.337     0.891
 8   101.607   -26.834    10.182
 8    -0.576     0.247     0.780
 8    -0.320    -0.945     0.062
 8     0.752    -0.214     0.623
 9    91.524   -37.982    32.360
 9    -0.379     0.881     0.281
 9    -0.291    -0.402     0.868
 9     0.878     0.247     0.408
 2    97.518   -19.323    59.061
 2     0.595    -0.804     0.005
 2     0.803     0.594     0.028
 2    -0.025    -0.014     0.999
 3   124.720    -7.030     9.062
 3    -0.332    -0.022    -0.943
 3    -0.120    -0.991     0.065
 3    -0.936     0.135     0.326
 4   117.605    12.723    -3.833
 4     0.929     0.216     0.302
 4    -0.102     0.931    -0.350
 4    -0.357     0.295     0.886
 5    99.749    18.503    17.755
 5     0.565     0.019     0.825
 5    -0.148     0.986     0.078
 5    -0.812    -0.166     0.560
 6    97.947    31.856    36.960
 6    -0.445    -0.733    -0.514
 6     0.227     0.463    -0.857
 6     0.866    -0.499    -0.040
 7   113.681   -17.983    -6.295
 7     0.160    -0.906     0.393
 7     0.945     0.256     0.204
 7    -0.286     0.339     0.896
 8   101.304   -26.578     9.337
 8    -0.596     0.233     0.769
 8    -0.325    -0.945     0.033
 8     0.734    -0.231     0.638
 9    90.593   -38.009    31.078
 9    -0.401     0.871     0.284
 9    -0.302    -0.419     0.856
 9     0.865     0.258     0.431
 2    97.568   -19.323    59.061
 2     0.596    -0.804     0.005
 2     0.803     0.595     0.028
 2    -0.025    -0.014     0.999
 3   124.715    -6.995     9.060
 3    -0.325    -0.025    -0.946
 3    -0.110    -0.992     0.064
 3    -0.939     0.125     0.319
 4   117.670    12.681    -3.933
 4     0.932     0.208     0.297
 4    -0.097     0.932    -0.349
 4    -0.350     0.297     0.889
 5    99.589    18.339    17.491
 5     0.575     0.014     0.818
 5    -0.143     0.986     0.083
 5    -0.806    -0.165     0.569
 6    97.422    31.572    36.716
 6    -0.457    -0.730    -0.508
 6     0.223     0.459    -0.860
 6     0.861    -0.506    -0.048
 7   114.002   -17.477    -7.056
 7     0.173    -0.907     0.383
 7     0.950     0.256     0.177
 7    -0.258     0.333     0.906
 8   101.252   -26.413     8.404
 8    -0.610     0.233     0.758
 8    -0.340    -0.940     0.015
 8     0.716    -0.249     0.652
 9    90.236   -38.330    29.767
 9    -0.416     0.865     0.278
 9    -0.319    -0.425     0.847
 9     0.851     0.264     0.453
 2    97.493   -19.374    59.061
 2     0.596    -0.804     0.005
 2     0.802     0.595     0.028
 2    -0.025    -0.014     0.999
 3   124.809    -6.708     9.123
 3    -0.318    -0.022    -0.948
 3    -0.100    -0.993     0.056
 3    -0.943     0.112     0.313
 4   117.683    12.874    -3.942
 4     0.936     0.190     0.295
 4    -0.080     0.934    -0.347
 4    -0.341     0.302     0.890
 5    99.300    18.176    17.326
 5     0.585     0.001     0.811
 5    -0.133     0.986     0.094
 5    -0.800    -0.163     0.578
 6    96.795    31.391    36.619
 6    -0.468    -0.731    -0.497
 6     0.215     0.451    -0.866
 6     0.857    -0.513    -0.054
 7   114.193   -17.218    -7.198
 7     0.175    -0.909     0.378
 7     0.952     0.254     0.171
 7    -0.252     0.329     0.910
 8   101.296   -26.289     8.186
 8    -0.612     0.231     0.757
 8    -0.340    -0.940     0.012
 8     0.714    -0.250     0.653
 9    90.237   -38.154    29.591
 9    -0.418     0.864     0.279
 9    -0.318    -0.428     0.846
 9     0.851     0.264     0.454
 2    97.517   -19.323    59.112
 2     0.595    -0.804     0.005
 2     0.803     0.594     0.028
 2    -0.025    -0.014     0.999
 3   124.809    -6.664     9.144
 3    -0.316    -0.023    -0.948
 3    -0.096    -0.994     0.055
 3    -0.944     0.108     0.312
 4   117.689    12.878    -3.901
 4     0.938     0.186     0.293
 4    -0.077     0.935    -0.345
 4    -0.338     0.301     0.891
 5    99.209    18.180    17.216
 5     0.588    -0.002     0.809
 5    -0.133     0.986     0.099
 5    -0.798    -0.166     0.579
 6    96.507    31.387    36.405
 6    -0.473    -0.729    -0.495
 6     0.218     0.448    -0.867
 6     0.854    -0.518    -0.053
 7   114.202   -17.115    -7.256
 7     0.179    -0.909     0.377
 7     0.952     0.257     0.167
 7    -0.249     0.328     0.911
 8   101.238   -26.142     8.075
 8    -0.615     0.227     0.755
 8    -0.339    -0.940     0.006
 8     0.711    -0.253     0.655
 9    89.894   -38.039    29.314
 9    -0.426     0.859     0.282
 9    -0.318    -0.434     0.843
 9     0.847     0.269     0.458
 2    97.492   -19.373    59.061
 2     0.595    -0.804     0.005
 2     0.803     0.594     0.028
 2    -0.025    -0.014     0.999
 3   124.795    -6.620     9.158
 3    -0.311    -0.023    -0.950
 3    -0.095    -0.994     0.055
 3    -0.946     0.108     0.307
 4   117.649    12.834    -3.964
 4     0.940     0.176     0.293
 4    -0.070     0.938    -0.338
 4    -0.334     0.297     0.894
 5    99.155    18.113    16.942
 5     0.593    -0.008     0.805
 5    -0.135     0.985     0.109
 5    -0.793    -0.173     0.583
 6    96.182    31.482    36.076
 6    -0.479    -0.728    -0.491
 6     0.221     0.441    -0.870
 6     0.849    -0.525    -0.050
 7   114.346   -16.935    -7.391
 7     0.189    -0.911     0.366
 7     0.951     0.262     0.162
 7    -0.244     0.318     0.916
 8   100.923   -25.787     7.654
 8    -0.633     0.217     0.744
 8    -0.330    -0.944    -0.005
 8     0.700    -0.249     0.668
 9    89.085   -37.537    28.784
 9    -0.445     0.847     0.289
 9    -0.311    -0.449     0.838
 9     0.840     0.283     0.463
 2    97.493   -19.374    59.061
 2     0.596    -0.804     0.005
 2     0.803     0.595     0.028
 2    -0.025    -0.014     0.999
 3   124.833    -6.549     9.147
 3    -0.304    -0.023    -0.952
 3    -0.094    -0.994     0.053
 3    -0.948     0.106     0.300
 4   117.654    12.762    -4.097
 4     0.941     0.170     0.293
 4    -0.066     0.940    -0.332
 4    -0.332     0.294     0.896
 5    98.997    18.071    16.690
 5     0.600    -0.013     0.799
 5    -0.134     0.984     0.116
 5    -0.788    -0.177     0.589
 6    95.684    31.426    35.749
 6    -0.488    -0.724    -0.487
 6     0.221     0.437    -0.872
 6     0.844    -0.533    -0.053
 7   114.328   -16.888    -7.489
 7     0.200    -0.910     0.362
 7     0.949     0.272     0.160
 7    -0.244     0.312     0.918
 8   100.786   -25.520     7.521
 8    -0.640     0.211     0.739
 8    -0.323    -0.946    -0.010
 8     0.697    -0.245     0.673
 9    88.725   -37.194    28.546
 9    -0.451     0.844     0.290
 9    -0.306    -0.451     0.838
 9     0.838     0.289     0.462
 2    97.495   -19.373    59.058
 2     0.596    -0.804     0.004
 2     0.803     0.595     0.028
 2    -0.024    -0.014     0.999
 3   124.829    -6.552     9.157
 3    -0.301    -0.023    -0.953
 3    -0.093    -0.994     0.053
 3    -0.949     0.104     0.297
 4   117.593    12.672    -4.172
 4     0.944     0.156     0.291
 4    -0.055     0.943    -0.326
 4    -0.325     0.292     0.899
 5    98.667    17.679    16.252
 5     0.609    -0.025     0.792
 5    -0.128     0.983     0.130
 5    -0.782    -0.181     0.596
 6    94.855    31.014    35.328
 6    -0.500    -0.725    -0.474
 6     0.217     0.425    -0.879
 6     0.838    -0.542    -0.056
 7   114.368   -16.757    -7.627
 7     0.203    -0.912     0.356
 7     0.949     0.273     0.156
 7    -0.239     0.306     0.921
 8   100.556   -25.492     6.884
 8    -0.656     0.216     0.724
 8    -0.324    -0.946    -0.012
 8     0.681    -0.243     0.690
 9    87.962   -37.126    27.678
 9    -0.473     0.837     0.274
 9    -0.304    -0.447     0.841
 9     0.826     0.315     0.466
 2    97.495   -19.373    59.058
 2     0.596    -0.804     0.004
 2     0.803     0.595     0.028
 2    -0.024    -0.014     0.999
 3   124.825    -6.512     9.083
 3    -0.290    -0.022    -0.957
 3    -0.092    -0.995     0.051
 3    -0.953     0.103     0.286
 4   117.606    12.680    -4.267
 4     0.946     0.148     0.287
 4    -0.049     0.945    -0.322
 4    -0.319     0.291     0.902
 5    98.525    17.633    16.117
 5     0.613    -0.031     0.789
 5    -0.127     0.982     0.138
 5    -0.780    -0.185     0.598
 6    94.795    31.164    35.133
 6    -0.502    -0.725    -0.472
 6     0.220     0.420    -0.880
 6     0.836    -0.545    -0.052
 7   114.558   -16.577    -7.761
 7     0.210    -0.914     0.347
 7     0.949     0.276     0.153
 7    -0.235     0.297     0.925
 8   100.430   -25.253     6.563
 8    -0.666     0.216     0.714
 8    -0.320    -0.947    -0.013
 8     0.674    -0.237     0.699
 9    87.540   -36.765    27.197
 9    -0.485     0.832     0.268
 9    -0.298    -0.446     0.844
 9     0.822     0.329     0.464
 2    97.495   -19.373    59.110
 2     0.596    -0.804     0.004
 2     0.803     0.595     0.028
 2    -0.024    -0.015     0.999
 3   124.812    -6.570     9.153
 3    -0.284    -0.024    -0.958
 3    -0.090    -0.995     0.052
 3    -0.955     0.101     0.280
 4   117.656    12.680    -4.267
 4     0.946     0.148     0.287
 4    -0.050     0.945    -0.322
 4    -0.319     0.291     0.902
 5    98.678    17.783    16.121
 5     0.612    -0.028     0.790
 5    -0.131     0.982     0.136
 5    -0.780    -0.187     0.598
 6    94.900    31.190    35.153
 6    -0.501    -0.724    -0.473
 6     0.220     0.422    -0.879
 6     0.837    -0.545    -0.052
 7   114.541   -16.475    -7.866
 7     0.214    -0.914     0.344
 7     0.948     0.279     0.150
 7    -0.233     0.294     0.927
 8   100.340   -25.210     6.456
 8    -0.671     0.216     0.710
 8    -0.318    -0.948    -0.013
 8     0.670    -0.235     0.704
 9    87.405   -36.671    27.083
 9    -0.490     0.830     0.267
 9    -0.296    -0.446     0.844
 9     0.820     0.334     0.464
 2    97.495   -19.373    59.109
 2     0.596    -0.804     0.004
 2     0.803     0.595     0.028
 2    -0.024    -0.014     0.999
 3   124.786    -6.519     9.151
 3    -0.282    -0.025    -0.959
 3    -0.090    -0.995     0.052
 3    -0.955     0.101     0.278
 4   117.659    12.683    -4.274
 4     0.947     0.144     0.286
 4    -0.046     0.945    -0.322
 4    -0.317     0.292     0.902
 5    98.535    17.562    16.001
 5     0.616    -0.034     0.787
 5    -0.126     0.982     0.141
 5    -0.777    -0.186     0.601
 6    94.534    30.985    34.967
 6    -0.507    -0.725    -0.466
 6     0.217     0.416    -0.883
 6     0.834    -0.549    -0.053
 7   114.541   -16.475    -7.866
 7     0.215    -0.914     0.344
 7     0.948     0.279     0.149
 7    -0.233     0.294     0.927
 8   100.331   -25.213     6.367
 8    -0.673     0.218     0.707
 8    -0.320    -0.947    -0.014
 8     0.667    -0.236     0.706
 9    87.285   -36.779    26.875
 9    -0.495     0.829     0.259
 9    -0.298    -0.442     0.846
 9     0.816     0.341     0.466
 2    97.495   -19.373    59.110
 2     0.596    -0.804     0.004
 2     0.803     0.595     0.028
 2    -0.024    -0.015     0.999
 3   124.796    -6.474     9.165
 3    -0.278    -0.026    -0.960
 3    -0.090    -0.995     0.053
 3    -0.957     0.101     0.274
 4   117.612    12.687    -4.333
 4     0.948     0.138     0.286
 4    -0.041     0.946    -0.320
 4    -0.315     0.292     0.903
 5    98.466    17.466    15.864
 5     0.620    -0.040     0.784
 5    -0.123     0.981     0.147
 5    -0.775    -0.188     0.603
 6    94.300    30.830    34.877
 6    -0.511    -0.725    -0.462
 6     0.216     0.411    -0.885
 6     0.832    -0.552    -0.054
 7   114.543   -16.451    -7.814
 7     0.219    -0.914     0.342
 7     0.948     0.282     0.149
 7    -0.233     0.292     0.927
 8   100.224   -25.142     6.348
 8    -0.676     0.217     0.705
 8    -0.316    -0.948    -0.011
 8     0.666    -0.230     0.709
 9    87.105   -36.608    26.927
 9    -0.497     0.828     0.257
 9    -0.293    -0.440     0.849
 9     0.816     0.347     0.461
 2    97.495   -19.373    59.109
 2     0.596    -0.803     0.004
 2     0.802     0.595     0.028
 2    -0.024    -0.014     0.999
 3   124.783    -6.472     9.164
 3    -0.281    -0.025    -0.959
 3    -0.089    -0.995     0.052
 3    -0.956     0.099     0.277
 4   117.498    12.731    -4.270
 4     0.946     0.145     0.290
 4    -0.043     0.943    -0.329
 4    -0.320     0.299     0.899
 5    98.565    17.628    16.257
 5     0.609    -0.031     0.792
 5    -0.126     0.982     0.136
 5    -0.783    -0.183     0.594
 6    94.917    30.992    35.360
 6    -0.496    -0.728    -0.473
 6     0.217     0.423    -0.879
 6     0.841    -0.539    -0.052
 7   114.314   -16.452    -7.814
 7     0.219    -0.911     0.349
 7     0.947     0.284     0.148
 7    -0.234     0.298     0.925
 8   100.223   -25.257     6.490
 8    -0.667     0.220     0.712
 8    -0.319    -0.948    -0.007
 8     0.673    -0.231     0.702
 9    87.248   -36.722    27.128
 9    -0.489     0.834     0.254
 9    -0.296    -0.433     0.851
 9     0.820     0.341     0.458
 2    97.495   -19.373    59.110
 2     0.596    -0.803     0.004
 2     0.802     0.595     0.028
 2    -0.024    -0.015     0.999
 3   124.764    -6.443     9.111
 3    -0.290    -0.020    -0.957
 3    -0.085    -0.995     0.047
 3    -0.953     0.095     0.286
 4   117.505    12.786    -4.283
 4     0.948     0.144     0.285
 4    -0.043     0.942    -0.332
 4    -0.316     0.302     0.899
 5    98.411    17.568    15.981
 5     0.621    -0.034     0.783
 5    -0.121     0.983     0.139
 5    -0.774    -0.181     0.606
 6    94.200    30.831    35.060
 6    -0.512    -0.721    -0.466
 6     0.212     0.419    -0.882
 6     0.832    -0.551    -0.062
 7   114.510   -16.295    -7.906
 7     0.226    -0.913     0.341
 7     0.947     0.287     0.141
 7    -0.227     0.291     0.929
 8   100.022   -25.051     6.056
 8    -0.683     0.220     0.697
 8    -0.319    -0.948    -0.014
 8     0.657    -0.232     0.717
 9    86.729   -36.570    26.426
 9    -0.507     0.825     0.249
 9    -0.295    -0.438     0.849
 9     0.810     0.357     0.465
 2    97.495   -19.373    59.110
 2     0.596    -0.803     0.004
 2     0.802     0.595     0.028
 2    -0.024    -0.015     0.999
 3   124.707    -6.446     9.119
 3    -0.288    -0.019    -0.958
 3    -0.085    -0.995     0.045
 3    -0.954     0.095     0.285
 4   117.514    12.843    -4.300
 4     0.949     0.137     0.282
 4    -0.037     0.943    -0.331
 4    -0.311     0.304     0.900
 5    98.184    17.519    15.979
 5     0.622    -0.040     0.781
 5    -0.117     0.983     0.144
 5    -0.774    -0.181     0.607
 6    94.073    30.755    35.060
 6    -0.512    -0.724    -0.462
 6     0.210     0.415    -0.885
 6     0.832    -0.551    -0.061
 7   114.410   -16.270    -7.957
 7     0.226    -0.913     0.341
 7     0.947     0.287     0.141
 7    -0.227     0.291     0.929
 8    99.819   -24.877     5.930
 8    -0.685     0.221     0.695
 8    -0.316    -0.948    -0.010
 8     0.657    -0.227     0.719
 9    86.264   -36.228    26.313
 9    -0.514     0.821     0.245
 9    -0.288    -0.435     0.853
 9     0.808     0.368     0.460
 2    97.495   -19.373    59.109
 2     0.596    -0.803     0.004
 2     0.802     0.595     0.028
 2    -0.024    -0.014     0.999
 3   124.709    -6.350     9.143
 3    -0.286    -0.017    -0.958
 3    -0.081    -0.996     0.042
 3    -0.955     0.090     0.284
 4   117.510    12.966    -4.242
 4     0.949     0.142     0.283
 4    -0.042     0.942    -0.333
 4    -0.313     0.305     0.899
 5    98.404    17.789    16.100
 5     0.616    -0.031     0.787
 5    -0.125     0.983     0.136
 5    -0.777    -0.182     0.602
 6    94.539    31.188    35.167
 6    -0.505    -0.723    -0.471
 6     0.217     0.422    -0.880
 6     0.835    -0.547    -0.057
 7   114.244   -16.094    -7.910
 7     0.236    -0.910     0.342
 7     0.945     0.296     0.136
 7    -0.225     0.291     0.930
 8    99.836   -24.772     6.255
 8    -0.679     0.224     0.699
 8    -0.311    -0.950     0.001
 8     0.664    -0.217     0.715
 9    86.892   -36.101    26.997
 9    -0.495     0.833     0.246
 9    -0.285    -0.423     0.860
 9     0.821     0.356     0.446
 2    97.495   -19.373    59.058
 2     0.596    -0.803     0.004
 2     0.802     0.595     0.028
 2    -0.024    -0.014     0.999
 3   124.621    -6.270     9.128
 3    -0.291    -0.021    -0.956
 3    -0.081    -0.996     0.046
 3    -0.953     0.091     0.288
 4   117.178    12.953    -4.181
 4     0.944     0.147     0.295
 4    -0.040     0.940    -0.338
 4    -0.326     0.308     0.893
 5    98.248    17.726    16.545
 5     0.606    -0.036     0.795
 5    -0.119     0.984     0.135
 5    -0.786    -0.177     0.591
 6    94.763    30.845    35.640
 6    -0.490    -0.733    -0.472
 6     0.211     0.425    -0.880
 6     0.846    -0.531    -0.054
 7   113.833   -16.178    -7.711
 7     0.224    -0.906     0.360
 7     0.946     0.291     0.145
 7    -0.236     0.308     0.922
 8    99.839   -25.146     6.812
 8    -0.659     0.233     0.716
 8    -0.323    -0.946     0.011
 8     0.679    -0.224     0.698
 9    87.575   -36.644    27.805
 9    -0.469     0.849     0.245
 9    -0.294    -0.411     0.863
 9     0.833     0.332     0.442
 2    97.518   -19.374    59.113
 2     0.596    -0.803     0.004
 2     0.802     0.595     0.028
 2    -0.025    -0.015     0.999
 3   124.395    -6.260     9.019
 3    -0.304    -0.024    -0.952
 3    -0.083    -0.995     0.052
 3    -0.949     0.095     0.301
 4   116.750    12.989    -4.095
 4     0.940     0.157     0.303
 4    -0.045     0.937    -0.346
 4    -0.338     0.312     0.888
 5    98.317    17.875    17.203
 5     0.586    -0.028     0.810
 5    -0.119     0.985     0.120
 5    -0.802    -0.167     0.574
 6    96.075    31.018    36.574
 6    -0.458    -0.745    -0.485
 6     0.209     0.440    -0.873
 6     0.864    -0.502    -0.047
 7   113.312   -16.375    -7.347
 7     0.207    -0.900     0.383
 7     0.943     0.288     0.167
 7    -0.261     0.327     0.908
 8   100.380   -25.661     8.087
 8    -0.608     0.257     0.752
 8    -0.328    -0.943     0.055
 8     0.723    -0.213     0.657
 9    90.317   -36.989    30.246
 9    -0.391     0.888     0.241
 9    -0.291    -0.369     0.883
 9     0.873     0.275     0.402
 2    97.495   -19.373    59.058
 2     0.596    -0.804     0.004
 2     0.803     0.595     0.028
 2    -0.024    -0.014     0.999
 3   124.206    -6.315     8.903
 3    -0.324    -0.028    -0.946
 3    -0.089    -0.994     0.060
 3    -0.942     0.103     0.319
 4   116.147    13.026    -3.814
 4     0.926     0.182     0.329
 4    -0.055     0.931    -0.359
 4    -0.372     0.315     0.873
 5    98.402    18.082    18.468
 5     0.550    -0.016     0.835
 5    -0.117     0.988     0.097
 5    -0.827    -0.151     0.542
 6    97.707    30.845    37.964
 6    -0.410    -0.760    -0.505
 6     0.201     0.464    -0.862
 6     0.889    -0.455    -0.038
 7   112.599   -16.698    -7.060
 7     0.174    -0.893     0.414
 7     0.942     0.274     0.195
 7    -0.288     0.356     0.889
 8   101.091   -26.279     9.465
 8    -0.541     0.290     0.790
 8    -0.348    -0.932     0.104
 8     0.766    -0.219     0.604
 9    93.460   -37.793    32.443
 9    -0.305     0.925     0.228
 9    -0.297    -0.319     0.900
 9     0.905     0.206     0.371
 2    97.495   -19.373    59.110
 2     0.596    -0.804     0.004
 2     0.803     0.595     0.028
 2    -0.024    -0.015     0.999
 3   123.926    -6.300     8.929
 3    -0.336    -0.031    -0.942
 3    -0.094    -0.993     0.066
 3    -0.937     0.111     0.330
 4   115.595    13.088    -3.585
 4     0.912     0.207     0.354
 4    -0.065     0.925    -0.373
 4    -0.405     0.317     0.857
 5    98.700    18.130    19.598
 5     0.508    -0.001     0.861
 5    -0.114     0.991     0.068
 5    -0.854    -0.133     0.504
 6    99.880    30.624    39.257
 6    -0.356    -0.775    -0.522
 6     0.191     0.486    -0.853
 6     0.914    -0.404    -0.025
 7   112.118   -17.128    -6.545
 7     0.137    -0.889     0.438
 7     0.936     0.260     0.235
 7    -0.323     0.378     0.868
 8   102.037   -26.905    10.922
 8    -0.479     0.315     0.819
 8    -0.357    -0.922     0.146
 8     0.802    -0.223     0.554
 9    96.382   -38.326    34.458
 9    -0.227     0.947     0.226
 9    -0.294    -0.288     0.911
 9     0.928     0.140     0.343
 2    97.493   -19.323    59.061
 2     0.595    -0.804     0.005
 2     0.803     0.594     0.029
 2    -0.025    -0.014     0.999
 3   123.702    -6.508     8.907
 3    -0.343    -0.035    -0.939
 3    -0.108    -0.991     0.076
 3    -0.933     0.127     0.336
 4   115.301    12.941    -3.544
 4     0.894     0.244     0.376
 4    -0.090     0.919    -0.381
 4    -0.439     0.307     0.844
 5    99.385    18.741    20.481
 5     0.471     0.031     0.881
 5    -0.125     0.991     0.032
 5    -0.873    -0.126     0.471
 6   102.348    31.181    39.943
 6    -0.299    -0.779    -0.551
 6     0.198     0.514    -0.834
 6     0.933    -0.359    -0.000
 7   111.727   -17.547    -6.095
 7     0.109    -0.883     0.456
 7     0.933     0.249     0.259
 7    -0.343     0.397     0.851
 8   102.735   -27.364    12.027
 8    -0.427     0.318     0.847
 8    -0.366    -0.917     0.159
 8     0.827    -0.242     0.507
 9    98.816   -38.742    35.857
 9    -0.162     0.958     0.234
 9    -0.298    -0.274     0.914
 9     0.941     0.078     0.330
 2    97.495   -19.373    59.058
 2     0.596    -0.804     0.004
 2     0.803     0.595     0.028
 2    -0.024    -0.014     0.999
 3   123.591    -6.665     8.783
 3    -0.354    -0.038    -0.934
 3    -0.119    -0.989     0.086
 3    -0.927     0.142     0.345
 4   115.047    12.887    -3.283
 4     0.871     0.289     0.399
 4    -0.121     0.910    -0.396
 4    -0.477     0.297     0.827
 5   100.500    19.360    21.602
 5     0.419     0.066     0.906
 5    -0.146     0.989    -0.005
 5    -0.896    -0.130     0.424
 6   105.629    31.861    40.712
 6    -0.232    -0.775    -0.588
 6     0.207     0.550    -0.808
 6     0.950    -0.310     0.032
 7   111.514   -17.778    -5.901
 7     0.085    -0.881     0.465
 7     0.932     0.235     0.275
 7    -0.352     0.410     0.841
 8   103.593   -27.698    12.820
 8    -0.377     0.324     0.867
 8    -0.375    -0.910     0.177
 8     0.847    -0.258     0.464
 9   101.198   -38.985    36.913
 9    -0.099     0.967     0.233
 9    -0.297    -0.253     0.921
 9     0.949     0.021     0.312
 2    97.515   -19.323    59.064
 2     0.595    -0.804     0.005
 2     0.803     0.594     0.029
 2    -0.026    -0.014     0.999
 3   123.595    -6.785     8.680
 3    -0.360    -0.043    -0.932
 3    -0.124    -0.988     0.094
 3    -0.925     0.149     0.350
 4   114.891    13.009    -3.044
 4     0.844     0.334     0.421
 4    -0.149     0.898    -0.413
 4    -0.515     0.286     0.807
 5   101.923    19.892    23.009
 5     0.357     0.102     0.928
 5    -0.157     0.986    -0.048
 5    -0.921    -0.129     0.368
 6   109.109    32.155    41.606
 6    -0.164    -0.771    -0.616
 6     0.207     0.583    -0.785
 6     0.964    -0.258     0.062
 7   111.364   -17.905    -5.711
 7     0.065    -0.882     0.467
 7     0.931     0.221     0.288
 7    -0.358     0.416     0.836
 8   104.262   -28.219    13.330
 8    -0.334     0.343     0.878
 8    -0.391    -0.898     0.202
 8     0.858    -0.276     0.433
 9   103.190   -39.647    37.367
 9    -0.045     0.976     0.214
 9    -0.300    -0.218     0.929
 9     0.953    -0.022     0.302
 2    97.566   -19.323    59.064
 2     0.595    -0.804     0.005
 2     0.803     0.594     0.029
 2    -0.026    -0.014     0.999
 3   123.654    -6.904     8.549
 3    -0.365    -0.049    -0.930
 3    -0.127    -0.987     0.102
 3    -0.922     0.155     0.354
 4   114.878    13.023    -2.927
 4     0.825     0.368     0.431
 4    -0.177     0.890    -0.420
 4    -0.537     0.270     0.799
 5   103.285    20.289    24.070
 5     0.307     0.129     0.943
 5    -0.166     0.983    -0.081
 5    -0.937    -0.131     0.323
 6   112.044    32.286    42.216
 6    -0.110    -0.765    -0.635
 6     0.206     0.606    -0.767
 6     0.972    -0.218     0.089
 7   111.381   -18.262    -5.510
 7     0.039    -0.887     0.461
 7     0.929     0.202     0.308
 7    -0.367     0.416     0.832
 8   105.418   -29.258    13.928
 8    -0.279     0.373     0.885
 8    -0.418    -0.877     0.238
 8     0.865    -0.303     0.400
 9   105.990   -40.746    37.990
 9     0.011     0.985     0.169
 9    -0.304    -0.158     0.940
 9     0.953    -0.061     0.297
 2    97.515   -19.273    59.064
 2     0.595    -0.804     0.006
 2     0.803     0.594     0.029
 2    -0.026    -0.014     0.999
 3   123.678    -7.002     8.585
 3    -0.368    -0.051    -0.929
 3    -0.130    -0.986     0.106
 3    -0.921     0.160     0.355
 4   114.821    12.993    -2.699
 4     0.808     0.393     0.440
 4    -0.198     0.883    -0.424
 4    -0.555     0.256     0.791
 5   104.465    20.356    25.130
 5     0.254     0.140     0.957
 5    -0.170     0.980    -0.099
 5    -0.952    -0.137     0.273
 6   114.578    32.228    42.688
 6    -0.057    -0.767    -0.640
 6     0.204     0.617    -0.759
 6     0.977    -0.175     0.119
 7   111.284   -18.548    -5.245
 7     0.010    -0.891     0.455
 7     0.924     0.181     0.335
 7    -0.381     0.417     0.825
 8   106.752   -29.825    14.699
 8    -0.212     0.394     0.894
