% Calibrated with leiden_pols
% Positions are in centimeters
Data =[
 2    97.515   -19.273    59.064
 2     0.594    -0.805     0.005
 2     0.803     0.594     0.029
 2    -0.026    -0.014     0.999
 3   120.593    -7.534     6.605
 3    -0.595     0.011    -0.804
 3    -0.141    -0.986     0.091
 3    -0.791     0.167     0.588
 4   110.419    13.845     2.153
 4     0.682     0.468     0.562
 4    -0.173     0.850    -0.497
 4    -0.710     0.242     0.660
 5   107.721    17.915    31.790
 5    -0.250     0.051     0.967
 5     0.021     0.999    -0.047
 5    -0.968     0.009    -0.251
 6   129.230    25.732    47.016
 6     0.460    -0.846    -0.274
 6     0.082     0.342    -0.935
 6     0.883     0.407     0.227
 7   107.843   -22.260    -0.847
 7    -0.284    -0.774     0.567
 7     0.895    -0.002     0.444
 7    -0.343     0.633     0.693
 8   116.093   -27.546    23.797
 8     0.336     0.543     0.771
 8    -0.064    -0.802     0.592
 8     0.939    -0.248    -0.234
 9   127.093   -31.606    46.904
 9     0.536     0.801     0.266
 9    -0.086    -0.262     0.961
 9     0.840    -0.538    -0.072
 2    97.515   -19.273    59.115
 2     0.594    -0.805     0.005
 2     0.803     0.594     0.029
 2    -0.026    -0.014     0.999
 3   120.560    -7.540     6.641
 3    -0.593     0.007    -0.805
 3    -0.139    -0.986     0.095
 3    -0.793     0.168     0.585
 4   110.395    13.845     2.103
 4     0.683     0.468     0.562
 4    -0.173     0.850    -0.497
 4    -0.710     0.241     0.661
 5   107.721    17.915    31.790
 5    -0.250     0.050     0.967
 5     0.021     0.999    -0.046
 5    -0.968     0.009    -0.251
 6   129.205    25.783    47.016
 6     0.461    -0.846    -0.274
 6     0.082     0.343    -0.935
 6     0.883     0.407     0.227
 7   107.796   -22.310    -0.800
 7    -0.283    -0.773     0.569
 7     0.896    -0.002     0.443
 7    -0.342     0.635     0.692
 8   116.095   -27.569    23.797
 8     0.338     0.541     0.771
 8    -0.063    -0.804     0.591
 8     0.939    -0.247    -0.236
 9   127.094   -31.554    46.904
 9     0.536     0.801     0.266
 9    -0.085    -0.262     0.961
 9     0.840    -0.538    -0.073
 2    97.515   -19.273    59.064
 2     0.595    -0.804     0.005
 2     0.803     0.594     0.030
 2    -0.026    -0.014     0.999
 3   120.456    -7.593     6.696
 3    -0.592     0.004    -0.806
 3    -0.139    -0.985     0.097
 3    -0.794     0.169     0.583
 4   110.348    13.846     2.150
 4     0.683     0.468     0.562
 4    -0.174     0.850    -0.496
 4    -0.709     0.241     0.662
 5   107.708    17.861    31.796
 5    -0.246     0.050     0.968
 5     0.019     0.999    -0.046
 5    -0.969     0.008    -0.247
 6   129.210    25.734    47.010
 6     0.460    -0.847    -0.274
 6     0.082     0.343    -0.934
 6     0.884     0.406     0.227
 7   107.771   -22.310    -0.851
 7    -0.282    -0.772     0.569
 7     0.896    -0.001     0.443
 7    -0.342     0.635     0.692
 8   116.046   -27.569    23.797
 8     0.338     0.541     0.771
 8    -0.063    -0.804     0.591
 8     0.939    -0.247    -0.237
 9   127.090   -31.555    46.910
 9     0.536     0.801     0.267
 9    -0.085    -0.264     0.961
 9     0.839    -0.538    -0.074
 2    97.515   -19.273    59.064
 2     0.595    -0.804     0.005
 2     0.803     0.594     0.029
 2    -0.026    -0.014     0.999
 3   120.504    -7.595     6.753
 3    -0.591     0.004    -0.807
 3    -0.138    -0.986     0.097
 3    -0.795     0.168     0.583
 4   110.423    13.795     2.150
 4     0.683     0.470     0.560
 4    -0.175     0.849    -0.498
 4    -0.709     0.242     0.662
 5   107.695    17.859    31.803
 5    -0.241     0.048     0.969
 5     0.017     0.999    -0.045
 5    -0.970     0.007    -0.242
 6   129.204    25.733    47.015
 6     0.460    -0.847    -0.272
 6     0.083     0.341    -0.935
 6     0.883     0.407     0.227
 7   107.796   -22.310    -0.851
 7    -0.283    -0.773     0.569
 7     0.896    -0.001     0.443
 7    -0.342     0.634     0.693
 8   116.094   -27.570    23.797
 8     0.338     0.543     0.770
 8    -0.063    -0.803     0.592
 8     0.939    -0.248    -0.236
 9   127.043   -31.555    46.904
 9     0.536     0.801     0.267
 9    -0.086    -0.263     0.961
 9     0.840    -0.537    -0.072
 2    97.515   -19.273    59.064
 2     0.595    -0.804     0.005
 2     0.803     0.594     0.029
 2    -0.026    -0.014     0.999
 3   120.509    -7.592     6.641
 3    -0.594     0.003    -0.805
 3    -0.138    -0.986     0.098
 3    -0.793     0.170     0.585
 4   110.423    13.845     2.150
 4     0.683     0.470     0.560
 4    -0.175     0.849    -0.498
 4    -0.709     0.242     0.662
 5   107.657    17.850    31.665
 5    -0.229     0.049     0.972
 5     0.013     0.999    -0.047
 5    -0.973     0.003    -0.229
 6   129.210    25.735    47.010
 6     0.459    -0.848    -0.273
 6     0.084     0.342    -0.935
 6     0.884     0.406     0.228
 7   107.796   -22.260    -0.850
 7    -0.282    -0.773     0.569
 7     0.896    -0.001     0.443
 7    -0.342     0.634     0.693
 8   116.160   -27.493    23.601
 8     0.332     0.538     0.776
 8    -0.065    -0.807     0.586
 8     0.941    -0.245    -0.232
 9   127.096   -31.554    46.898
 9     0.534     0.803     0.265
 9    -0.086    -0.260     0.962
 9     0.841    -0.536    -0.070
 2    97.515   -19.273    59.115
 2     0.595    -0.804     0.005
 2     0.803     0.594     0.029
 2    -0.026    -0.014     0.999
 3   120.513    -7.540     6.612
 3    -0.595     0.003    -0.804
 3    -0.138    -0.985     0.098
 3    -0.792     0.169     0.586
 4   110.384    13.824     2.208
 4     0.669     0.477     0.572
 4    -0.174     0.847    -0.502
 4    -0.723     0.236     0.649
 5   107.493    17.931    31.409
 5    -0.189     0.057     0.980
 5     0.018     0.998    -0.054
 5    -0.982     0.009    -0.190
 6   128.585    25.997    47.000
 6     0.418    -0.852    -0.322
 6     0.087     0.385    -0.918
 6     0.904     0.355     0.234
 7   107.904   -22.254    -1.040
 7    -0.286    -0.772     0.568
 7     0.896    -0.007     0.442
 7    -0.338     0.635     0.694
 8   116.086   -27.589    23.040
 8     0.281     0.516     0.810
 8    -0.091    -0.825     0.556
 8     0.955    -0.229    -0.184
 9   125.937   -32.022    46.962
 9     0.486     0.828     0.282
 9    -0.099    -0.268     0.958
 9     0.868    -0.493    -0.048
 2    97.515   -19.273    59.064
 2     0.595    -0.804     0.005
 2     0.803     0.594     0.029
 2    -0.026    -0.014     0.999
 3   120.563    -7.488     6.560
 3    -0.595     0.005    -0.804
 3    -0.139    -0.985     0.096
 3    -0.792     0.169     0.587
 4   110.386    13.816     2.036
 4     0.662     0.475     0.582
 4    -0.181     0.853    -0.489
 4    -0.727     0.218     0.650
 5   109.957    18.350    34.060
 5    -0.159     0.086     0.983
 5     0.011     0.996    -0.085
 5    -0.987    -0.002    -0.159
 6   128.026    26.131    47.023
 6     0.379    -0.854    -0.363
 6     0.089     0.419    -0.902
 6     0.921     0.308     0.234
 7   108.146   -22.251    -1.280
 7    -0.279    -0.775     0.568
 7     0.901    -0.006     0.433
 7    -0.333     0.632     0.699
 8   115.579   -27.869    22.606
 8     0.233     0.473     0.850
 8    -0.126    -0.852     0.507
 8     0.964    -0.224    -0.138
 9   124.375   -33.012    46.933
 9     0.434     0.844     0.316
 9    -0.126    -0.289     0.948
 9     0.892    -0.452    -0.019
 2    97.515   -19.273    59.064
 2     0.595    -0.804     0.005
 2     0.803     0.594     0.029
 2    -0.026    -0.014     0.999
 3   120.797    -7.547     6.484
 3    -0.588     0.003    -0.809
 3    -0.136    -0.986     0.096
 3    -0.797     0.167     0.580
 4   110.629    13.766     1.837
 4     0.661     0.473     0.583
 4    -0.190     0.856    -0.479
 4    -0.725     0.206     0.656
 5   109.973    18.391    33.769
 5    -0.131     0.115     0.984
 5     0.007     0.993    -0.115
 5    -0.991    -0.008    -0.131
