% Calibrated with leiden_pols
% Positions are in centimeters
Data =[
 2    97.515   -19.273    59.064
 2     0.594    -0.805     0.005
 2     0.803     0.594     0.029
 2    -0.026    -0.014     0.999
 3   120.593    -7.534     6.605
 3    -0.595     0.011    -0.804
 3    -0.141    -0.986     0.091
 3    -0.791     0.167     0.588
 4   110.419    13.845     2.153
 4     0.682     0.468     0.562
 4    -0.173     0.850    -0.497
 4    -0.710     0.242     0.660
 5   107.721    17.915    31.790
 5    -0.250     0.051     0.967
 5     0.021     0.999    -0.047
 5    -0.968     0.009    -0.251
 6   129.230    25.732    47.016
 6     0.460    -0.846    -0.274
 6     0.082     0.342    -0.935
 6     0.883     0.407     0.227
 7   107.843   -22.260    -0.847
 7    -0.284    -0.774     0.567
 7     0.895    -0.002     0.444
 7    -0.343     0.633     0.693
 8   116.093   -27.546    23.797
 8     0.336     0.543     0.771
 8    -0.064    -0.802     0.592
 8     0.939    -0.248    -0.234
 9   127.093   -31.606    46.904
 9     0.536     0.801     0.266
 9    -0.086    -0.262     0.961
 9     0.840    -0.538    -0.072
 2    97.515   -19.273    59.115
 2     0.594    -0.805     0.005
 2     0.803     0.594     0.029
 2    -0.026    -0.014     0.999
 3   120.560    -7.540     6.641
 3    -0.593     0.007    -0.805
 3    -0.139    -0.986     0.095
 3    -0.793     0.168     0.585
 4   110.395    13.845     2.103
 4     0.683     0.468     0.562
 4    -0.173     0.850    -0.497
 4    -0.710     0.241     0.661
 5   107.721    17.915    31.790
 5    -0.250     0.050     0.967
 5     0.021     0.999    -0.046
 5    -0.968     0.009    -0.251
 6   129.205    25.783    47.016
 6     0.461    -0.846    -0.274
 6     0.082     0.343    -0.935
 6     0.883     0.407     0.227
 7   107.796   -22.310    -0.800
 7    -0.283    -0.773     0.569
 7     0.896    -0.002     0.443
 7    -0.342     0.635     0.692
 8   116.095   -27.569    23.797
 8     0.338     0.541     0.771
 8    -0.063    -0.804     0.591
 8     0.939    -0.247    -0.236
 9   127.094   -31.554    46.904
 9     0.536     0.801     0.266
 9    -0.085    -0.262     0.961
 9     0.840    -0.538    -0.073
 2    97.515   -19.273    59.064
 2     0.595    -0.804     0.005
 2     0.803     0.594     0.030
 2    -0.026    -0.014     0.999
 3   120.456    -7.593     6.696
 3    -0.592     0.004    -0.806
 3    -0.139    -0.985     0.097
 3    -0.794     0.169     0.583
 4   110.348    13.846     2.150
 4     0.683     0.468     0.562
 4    -0.174     0.850    -0.496
 4    -0.709     0.241     0.662
 5   107.708    17.861    31.796
 5    -0.246     0.050     0.968
 5     0.019     0.999    -0.046
 5    -0.969     0.008    -0.247
 6   129.210    25.734    47.010
 6     0.460    -0.847    -0.274
 6     0.082     0.343    -0.934
 6     0.884     0.406     0.227
 7   107.771   -22.310    -0.851
 7    -0.282    -0.772     0.569
 7     0.896    -0.001     0.443
 7    -0.342     0.635     0.692
 8   116.046   -27.569    23.797
 8     0.338     0.541     0.771
 8    -0.063    -0.804     0.591
 8     0.939    -0.247    -0.237
 9   127.090   -31.555    46.910
 9     0.536     0.801     0.267
 9    -0.085    -0.264     0.961
 9     0.839    -0.538    -0.074
 2    97.515   -19.273    59.064
 2     0.595    -0.804     0.005
 2     0.803     0.594     0.029
 2    -0.026    -0.014     0.999
 3   120.504    -7.595     6.753
 3    -0.591     0.004    -0.807
 3    -0.138    -0.986     0.097
 3    -0.795     0.168     0.583
 4   110.423    13.795     2.150
 4     0.683     0.470     0.560
 4    -0.175     0.849    -0.498
 4    -0.709     0.242     0.662
 5   107.695    17.859    31.803
 5    -0.241     0.048     0.969
 5     0.017     0.999    -0.045
 5    -0.970     0.007    -0.242
 6   129.204    25.733    47.015
 6     0.460    -0.847    -0.272
 6     0.083     0.341    -0.935
 6     0.883     0.407     0.227
 7   107.796   -22.310    -0.851
 7    -0.283    -0.773     0.569
 7     0.896    -0.001     0.443
 7    -0.342     0.634     0.693
 8   116.094   -27.570    23.797
 8     0.338     0.543     0.770
 8    -0.063    -0.803     0.592
 8     0.939    -0.248    -0.236
 9   127.043   -31.555    46.904
 9     0.536     0.801     0.267
 9    -0.086    -0.263     0.961
 9     0.840    -0.537    -0.072
 2    97.515   -19.273    59.064
 2     0.595    -0.804     0.005
 2     0.803     0.594     0.029
 2    -0.026    -0.014     0.999
 3   120.509    -7.592     6.641
 3    -0.594     0.003    -0.805
 3    -0.138    -0.986     0.098
 3    -0.793     0.170     0.585
 4   110.423    13.845     2.150
 4     0.683     0.470     0.560
 4    -0.175     0.849    -0.498
 4    -0.709     0.242     0.662
 5   107.657    17.850    31.665
 5    -0.229     0.049     0.972
 5     0.013     0.999    -0.047
 5    -0.973     0.003    -0.229
 6   129.210    25.735    47.010
 6     0.459    -0.848    -0.273
 6     0.084     0.342    -0.935
 6     0.884     0.406     0.228
 7   107.796   -22.260    -0.850
 7    -0.282    -0.773     0.569
 7     0.896    -0.001     0.443
 7    -0.342     0.634     0.693
 8   116.160   -27.493    23.601
 8     0.332     0.538     0.776
 8    -0.065    -0.807     0.586
 8     0.941    -0.245    -0.232
 9   127.096   -31.554    46.898
 9     0.534     0.803     0.265
 9    -0.086    -0.260     0.962
 9     0.841    -0.536    -0.070
 2    97.515   -19.273    59.115
 2     0.595    -0.804     0.005
 2     0.803     0.594     0.029
 2    -0.026    -0.014     0.999
 3   120.513    -7.540     6.612
 3    -0.595     0.003    -0.804
 3    -0.138    -0.985     0.098
 3    -0.792     0.169     0.586
 4   110.384    13.824     2.208
 4     0.669     0.477     0.572
 4    -0.174     0.847    -0.502
 4    -0.723     0.236     0.649
 5   107.493    17.931    31.409
 5    -0.189     0.057     0.980
 5     0.018     0.998    -0.054
 5    -0.982     0.009    -0.190
 6   128.585    25.997    47.000
 6     0.418    -0.852    -0.322
 6     0.087     0.385    -0.918
 6     0.904     0.355     0.234
 7   107.904   -22.254    -1.040
 7    -0.286    -0.772     0.568
 7     0.896    -0.007     0.442
 7    -0.338     0.635     0.694
 8   116.086   -27.589    23.040
 8     0.281     0.516     0.810
 8    -0.091    -0.825     0.556
 8     0.955    -0.229    -0.184
 9   125.937   -32.022    46.962
 9     0.486     0.828     0.282
 9    -0.099    -0.268     0.958
 9     0.868    -0.493    -0.048
 2    97.515   -19.273    59.064
 2     0.595    -0.804     0.005
 2     0.803     0.594     0.029
 2    -0.026    -0.014     0.999
 3   120.563    -7.488     6.560
 3    -0.595     0.005    -0.804
 3    -0.139    -0.985     0.096
 3    -0.792     0.169     0.587
 4   110.386    13.816     2.036
 4     0.662     0.475     0.582
 4    -0.181     0.853    -0.489
 4    -0.727     0.218     0.650
 5   109.957    18.350    34.060
 5    -0.159     0.086     0.983
 5     0.011     0.996    -0.085
 5    -0.987    -0.002    -0.159
 6   128.026    26.131    47.023
 6     0.379    -0.854    -0.363
 6     0.089     0.419    -0.902
 6     0.921     0.308     0.234
 7   108.146   -22.251    -1.280
 7    -0.279    -0.775     0.568
 7     0.901    -0.006     0.433
 7    -0.333     0.632     0.699
 8   115.579   -27.869    22.606
 8     0.233     0.473     0.850
 8    -0.126    -0.852     0.507
 8     0.964    -0.224    -0.138
 9   124.375   -33.012    46.933
 9     0.434     0.844     0.316
 9    -0.126    -0.289     0.948
 9     0.892    -0.452    -0.019
 2    97.515   -19.273    59.064
 2     0.595    -0.804     0.005
 2     0.803     0.594     0.029
 2    -0.026    -0.014     0.999
 3   120.797    -7.547     6.484
 3    -0.588     0.003    -0.809
 3    -0.136    -0.986     0.096
 3    -0.797     0.167     0.580
 4   110.629    13.766     1.837
 4     0.661     0.473     0.583
 4    -0.190     0.856    -0.479
 4    -0.725     0.206     0.656
 5   109.973    18.391    33.769
 5    -0.131     0.115     0.984
 5     0.007     0.993    -0.115
 5    -0.991    -0.008    -0.131
 6   127.365    26.660    47.094
 6     0.332    -0.862    -0.388
 6     0.106     0.438    -0.891
 6     0.937     0.254     0.235
 7   108.589   -22.250    -1.509
 7    -0.269    -0.784     0.561
 7     0.905    -0.006     0.424
 7    -0.330     0.621     0.710
 8   115.272   -28.280    22.123
 8     0.186     0.442     0.878
 8    -0.163    -0.867     0.470
 8     0.969    -0.229    -0.088
 9   122.932   -34.271    46.738
 9     0.385     0.855     0.348
 9    -0.156    -0.310     0.937
 9     0.909    -0.415     0.015
 2    97.491   -19.273    59.064
 2     0.595    -0.804     0.005
 2     0.803     0.594     0.030
 2    -0.026    -0.015     0.999
 3   121.158    -7.460     6.757
 3    -0.573     0.002    -0.820
 3    -0.138    -0.986     0.094
 3    -0.808     0.167     0.565
 4   111.116    13.785     1.568
 4     0.673     0.462     0.578
 4    -0.192     0.863    -0.465
 4    -0.714     0.202     0.669
 5   111.709    17.447    35.290
 5    -0.098     0.109     0.989
 5    -0.014     0.994    -0.111
 5    -0.995    -0.024    -0.095
 6   126.090    27.518    47.179
 6     0.286    -0.871    -0.405
 6     0.124     0.448    -0.884
 6     0.950     0.201     0.233
 7   109.173   -22.129    -1.719
 7    -0.258    -0.798     0.546
 7     0.907    -0.005     0.420
 7    -0.332     0.603     0.725
 8   114.602   -28.642    21.561
 8     0.133     0.414     0.901
 8    -0.198    -0.880     0.432
 8     0.971    -0.235    -0.035
 9   121.157   -35.513    46.388
 9     0.333     0.871     0.362
 9    -0.184    -0.316     0.930
 9     0.925    -0.376     0.055
 2    97.491   -19.273    59.064
 2     0.595    -0.804     0.005
 2     0.803     0.594     0.030
 2    -0.026    -0.015     0.999
 3   121.421    -7.350     7.038
 3    -0.557    -0.000    -0.831
 3    -0.136    -0.986     0.092
 3    -0.819     0.164     0.549
 4   111.487    13.853     1.418
 4     0.685     0.458     0.568
 4    -0.189     0.863    -0.468
 4    -0.704     0.213     0.677
 5   110.803    17.820    34.734
 5    -0.060     0.119     0.991
 5    -0.028     0.992    -0.120
 5    -0.998    -0.034    -0.056
 6   124.947    28.033    47.161
 6     0.249    -0.872    -0.427
 6     0.130     0.462    -0.875
 6     0.959     0.161     0.227
 7   109.627   -21.984    -2.003
 7    -0.244    -0.810     0.535
 7     0.910     0.000     0.414
 7    -0.336     0.587     0.736
 8   113.749   -28.977    21.064
 8     0.086     0.394     0.915
 8    -0.225    -0.888     0.402
 8     0.970    -0.239     0.012
 9   119.403   -36.332    46.028
 9     0.289     0.881     0.375
 9    -0.206    -0.325     0.922
 9     0.935    -0.343     0.088
 2    97.491   -19.273    59.064
 2     0.595    -0.804     0.005
 2     0.803     0.594     0.030
 2    -0.026    -0.015     0.999
 3   121.616    -7.413     7.200
 3    -0.546    -0.003    -0.838
 3    -0.136    -0.986     0.092
 3    -0.827     0.164     0.538
 4   111.805    13.865     1.179
 4     0.693     0.458     0.559
 4    -0.189     0.861    -0.471
 4    -0.696     0.220     0.682
 5   109.135    18.185    33.432
 5    -0.008     0.109     0.994
 5    -0.043     0.993    -0.109
 5    -0.999    -0.043    -0.003
 6   123.070    28.900    47.042
 6     0.194    -0.875    -0.449
 6     0.147     0.474    -0.866
 6     0.969     0.100     0.219
 7   110.016   -21.974    -2.086
 7    -0.229    -0.823     0.520
 7     0.909     0.010     0.414
 7    -0.347     0.567     0.747
 8   113.006   -29.121    20.728
 8     0.041     0.375     0.926
 8    -0.239    -0.896     0.373
 8     0.970    -0.236     0.054
 9   117.742   -36.950    45.786
 9     0.246     0.887     0.390
 9    -0.222    -0.340     0.913
 9     0.943    -0.311     0.113
 2    97.515   -19.273    59.115
 2     0.595    -0.804     0.005
 2     0.803     0.594     0.030
 2    -0.026    -0.015     0.999
 3   121.770    -7.369     7.371
 3    -0.538    -0.003    -0.843
 3    -0.138    -0.986     0.091
 3    -0.832     0.166     0.530
 4   112.056    13.886     0.971
 4     0.706     0.447     0.551
 4    -0.182     0.865    -0.467
 4    -0.684     0.230     0.691
 5   107.692    18.791    32.004
 5     0.043     0.108     0.993
 5    -0.066     0.992    -0.105
 5    -0.997    -0.060     0.050
 6   121.218    30.066    46.624
 6     0.149    -0.879    -0.456
 6     0.170     0.474    -0.863
 6     0.974     0.049     0.218
 7   110.475   -21.886    -2.091
 7    -0.220    -0.837     0.502
 7     0.907     0.014     0.420
 7    -0.359     0.547     0.756
 8   112.458   -29.394    20.432
 8    -0.002     0.368     0.930
 8    -0.254    -0.900     0.355
 8     0.967    -0.234     0.095
 9   116.269   -37.469    45.420
 9     0.206     0.897     0.392
 9    -0.234    -0.344     0.909
 9     0.950    -0.279     0.140
 2    97.490   -19.273    59.064
 2     0.595    -0.804     0.005
 2     0.803     0.594     0.029
 2    -0.026    -0.014     0.999
 3   122.019    -7.301     7.425
 3    -0.526     0.001    -0.851
 3    -0.140    -0.986     0.085
 3    -0.839     0.164     0.518
 4   112.331    13.856     0.737
 4     0.719     0.438     0.541
 4    -0.175     0.866    -0.468
 4    -0.672     0.242     0.699
 5   106.727    19.214    31.092
 5     0.087     0.109     0.990
 5    -0.078     0.991    -0.103
 5    -0.993    -0.067     0.095
 6   119.659    30.810    46.341
 6     0.111    -0.881    -0.464
 6     0.184     0.474    -0.860
 6     0.976     0.008     0.212
 7   110.892   -21.898    -2.358
 7    -0.208    -0.850     0.485
 7     0.906     0.019     0.422
 7    -0.368     0.526     0.766
 8   111.609   -29.579    19.846
 8    -0.053     0.354     0.934
 8    -0.272    -0.905     0.327
 8     0.961    -0.237     0.144
 9   114.240   -38.356    44.763
 9     0.152     0.902     0.403
 9    -0.256    -0.358     0.898
 9     0.954    -0.240     0.177
 2    97.515   -19.273    59.064
 2     0.595    -0.804     0.005
 2     0.803     0.594     0.030
 2    -0.026    -0.014     0.999
 3   122.193    -7.259     7.632
 3    -0.515     0.005    -0.857
 3    -0.142    -0.987     0.080
 3    -0.846     0.163     0.508
 4   112.641    13.758     0.456
 4     0.737     0.423     0.528
 4    -0.164     0.868    -0.467
 4    -0.655     0.258     0.709
 5   105.533    19.648    29.907
 5     0.146     0.110     0.983
 5    -0.089     0.991    -0.098
 5    -0.985    -0.073     0.155
 6   117.217    31.618    45.891
 6     0.052    -0.879    -0.476
 6     0.201     0.474    -0.857
 6     0.978    -0.053     0.198
 7   111.172   -21.781    -2.484
 7    -0.191    -0.862     0.471
 7     0.908     0.027     0.417
 7    -0.373     0.507     0.777
 8   110.417   -29.746    19.229
 8    -0.113     0.324     0.939
 8    -0.298    -0.913     0.279
 8     0.948    -0.248     0.200
 9   111.721   -39.441    43.900
 9     0.096     0.905     0.415
 9    -0.283    -0.375     0.882
 9     0.954    -0.202     0.221
 2    97.515   -19.273    59.115
 2     0.595    -0.804     0.005
 2     0.803     0.594     0.030
 2    -0.026    -0.015     0.999
 3   122.232    -7.263     7.646
 3    -0.510     0.006    -0.860
 3    -0.142    -0.987     0.077
 3    -0.849     0.162     0.504
 4   112.773    13.736     0.105
 4     0.754     0.405     0.518
 4    -0.150     0.873    -0.462
 4    -0.639     0.271     0.719
 5   104.539    19.878    28.909
 5     0.192     0.114     0.974
 5    -0.095     0.990    -0.097
 5    -0.977    -0.074     0.201
 6   115.302    31.999    45.423
 6     0.009    -0.875    -0.485
 6     0.208     0.474    -0.855
 6     0.978    -0.095     0.185
 7   111.305   -21.659    -2.653
 7    -0.178    -0.866     0.467
 7     0.910     0.035     0.412
 7    -0.374     0.498     0.782
 8   109.813   -29.847    18.703
 8    -0.141     0.316     0.938
 8    -0.313    -0.913     0.260
 8     0.939    -0.257     0.228
 9   110.511   -39.845    43.222
 9     0.071     0.905     0.420
 9    -0.296    -0.382     0.875
 9     0.952    -0.186     0.242
 2    97.515   -19.273    59.115
 2     0.595    -0.804     0.005
 2     0.803     0.594     0.029
 2    -0.026    -0.014     0.999
 3   122.314    -7.220     7.774
 3    -0.501     0.007    -0.865
 3    -0.141    -0.987     0.074
 3    -0.854     0.159     0.495
 4   113.009    13.688    -0.101
 4     0.771     0.390     0.504
 4    -0.138     0.874    -0.465
 4    -0.621     0.289     0.728
 5   103.811    19.898    28.134
 5     0.229     0.100     0.968
 5    -0.096     0.992    -0.080
 5    -0.969    -0.074     0.237
 6   113.534    32.218    45.130
 6    -0.031    -0.875    -0.484
 6     0.215     0.466    -0.858
 6     0.976    -0.132     0.171
 7   111.589   -21.513    -2.943
 7    -0.161    -0.874     0.459
 7     0.912     0.045     0.406
 7    -0.376     0.484     0.790
 8   109.094   -29.866    18.123
 8    -0.183     0.302     0.935
 8    -0.324    -0.917     0.233
 8     0.928    -0.260     0.266
 9   108.846   -40.219    42.491
 9     0.030     0.907     0.421
 9    -0.307    -0.392     0.866
 9     0.951    -0.154     0.267
 2    97.515   -19.273    59.064
 2     0.595    -0.804     0.005
 2     0.803     0.594     0.029
 2    -0.026    -0.014     0.999
 3   122.372    -7.152     7.928
 3    -0.493     0.010    -0.870
 3    -0.140    -0.988     0.068
 3    -0.859     0.155     0.487
 4   113.143    13.611    -0.396
 4     0.786     0.376     0.492
 4    -0.129     0.876    -0.463
 4    -0.605     0.301     0.737
 5   103.062    19.971    27.282
 5     0.267     0.093     0.959
 5    -0.100     0.992    -0.069
 5    -0.958    -0.077     0.275
 6   111.834    32.327    44.641
 6    -0.069    -0.872    -0.485
 6     0.219     0.459    -0.861
 6     0.973    -0.168     0.156
 7   111.774   -21.397    -3.225
 7    -0.136    -0.883     0.449
 7     0.915     0.062     0.398
 7    -0.380     0.465     0.800
 8   107.933   -29.773    17.389
 8    -0.237     0.285     0.929
 8    -0.330    -0.923     0.199
 8     0.914    -0.259     0.312
 9   106.406   -40.542    41.612
 9    -0.025     0.905     0.425
 9    -0.317    -0.411     0.854
 9     0.948    -0.113     0.298
 2    97.515   -19.273    59.064
 2     0.595    -0.804     0.005
 2     0.803     0.594     0.029
 2    -0.026    -0.014     0.999
 3   122.503    -7.161     8.006
 3    -0.484     0.010    -0.875
 3    -0.138    -0.988     0.065
 3    -0.864     0.153     0.479
 4   113.489    13.463    -0.753
 4     0.801     0.363     0.477
 4    -0.122     0.878    -0.462
 4    -0.585     0.312     0.748
 5   102.468    19.935    26.380
 5     0.303     0.090     0.948
 5    -0.106     0.992    -0.061
 5    -0.947    -0.082     0.311
 6   110.162    32.556    44.064
 6    -0.108    -0.869    -0.484
 6     0.226     0.451    -0.863
 6     0.968    -0.204     0.145
 7   111.958   -21.356    -3.379
 7    -0.114    -0.892     0.438
 7     0.916     0.076     0.393
 7    -0.384     0.445     0.809
 8   107.228   -29.704    16.865
 8    -0.274     0.278     0.921
 8    -0.331    -0.926     0.181
 8     0.903    -0.255     0.345
 9   104.957   -40.605    41.001
 9    -0.061     0.903     0.425
 9    -0.322    -0.421     0.848
 9     0.945    -0.085     0.317
 2    97.515   -19.323    59.064
 2     0.595    -0.804     0.006
 2     0.803     0.594     0.029
 2    -0.026    -0.014     0.999
 3   122.561    -7.166     8.098
 3    -0.477     0.012    -0.879
 3    -0.140    -0.988     0.063
 3    -0.868     0.153     0.472
 4   113.580    13.465    -1.126
 4     0.817     0.340     0.468
 4    -0.110     0.885    -0.451
 4    -0.567     0.317     0.760
 5   101.816    19.872    25.398
 5     0.338     0.089     0.937
 5    -0.108     0.992    -0.056
 5    -0.935    -0.082     0.345
 6   108.565    32.678    43.385
 6    -0.145    -0.862    -0.486
 6     0.230     0.447    -0.864
 6     0.962    -0.238     0.132
 7   111.969   -21.235    -3.495
 7    -0.097    -0.897     0.431
 7     0.918     0.087     0.387
 7    -0.385     0.432     0.815
 8   106.691   -29.641    16.514
 8    -0.300     0.278     0.912
 8    -0.333    -0.927     0.173
 8     0.894    -0.252     0.370
 9   103.685   -40.703    40.419
 9    -0.087     0.900     0.427
 9    -0.327    -0.430     0.841
 9     0.941    -0.066     0.332
 2    97.515   -19.323    59.064
 2     0.595    -0.804     0.006
 2     0.803     0.594     0.029
 2    -0.026    -0.014     0.999
 3   122.603    -7.169     8.158
 3    -0.472     0.012    -0.881
 3    -0.140    -0.988     0.061
 3    -0.870     0.152     0.468
 4   113.802    13.260    -1.491
 4     0.828     0.327     0.455
 4    -0.108     0.890    -0.442
 4    -0.549     0.317     0.773
 5   101.218    20.266    24.250
 5     0.377     0.117     0.919
 5    -0.122     0.989    -0.076
 5    -0.918    -0.084     0.387
 6   106.907    33.198    42.472
 6    -0.183    -0.844    -0.504
 6     0.241     0.456    -0.856
 6     0.953    -0.280     0.118
 7   112.062   -21.114    -3.719
 7    -0.074    -0.901     0.428
 7     0.920     0.104     0.376
 7    -0.384     0.421     0.822
 8   105.999   -29.459    15.968
 8    -0.329     0.275     0.903
 8    -0.330    -0.930     0.162
 8     0.884    -0.245     0.397
 9   102.136   -40.480    39.762
 9    -0.119     0.895     0.429
 9    -0.327    -0.443     0.834
 9     0.937    -0.040     0.346
 2    97.515   -19.273    59.115
 2     0.595    -0.804     0.005
 2     0.803     0.594     0.029
 2    -0.026    -0.014     0.999
 3   122.585    -7.176     8.178
 3    -0.466     0.012    -0.885
 3    -0.140    -0.988     0.060
 3    -0.874     0.152     0.462
 4   113.734    13.101    -1.764
 4     0.838     0.311     0.449
 4    -0.101     0.896    -0.430
 4    -0.536     0.316     0.783
 5   100.734    20.215    23.550
 5     0.397     0.106     0.911
 5    -0.124     0.990    -0.061
 5    -0.909    -0.089     0.406
 6   105.884    33.191    41.872
 6    -0.204    -0.843    -0.497
 6     0.246     0.447    -0.860
 6     0.948    -0.298     0.115
 7   112.045   -20.781    -4.332
 7    -0.033    -0.904     0.426
 7     0.928     0.130     0.347
 7    -0.370     0.407     0.835
 8   104.823   -29.046    14.916
 8    -0.377     0.264     0.888
 8    -0.326    -0.935     0.140
 8     0.867    -0.237     0.438
 9    99.550   -40.215    38.451
 9    -0.172     0.882     0.439
 9    -0.331    -0.472     0.817
 9     0.928    -0.005     0.373
 2    97.515   -19.323    59.064
 2     0.595    -0.804     0.005
 2     0.803     0.594     0.029
 2    -0.026    -0.014     0.999
 3   122.616    -7.192     8.148
 3    -0.457     0.009    -0.890
 3    -0.133    -0.989     0.058
 3    -0.880     0.145     0.453
 4   113.994    13.147    -1.999
 4     0.849     0.302     0.436
 4    -0.097     0.896    -0.432
 4    -0.520     0.324     0.790
 5   100.414    20.141    22.935
 5     0.421     0.105     0.901
 5    -0.121     0.991    -0.058
 5    -0.899    -0.085     0.429
 6   104.671    33.183    41.502
 6    -0.233    -0.837    -0.495
 6     0.245     0.441    -0.863
 6     0.941    -0.323     0.101
 7   112.140   -20.302    -4.748
 7     0.006    -0.909     0.417
 7     0.932     0.156     0.326
 7    -0.362     0.387     0.848
 8   103.829   -28.402    13.941
 8    -0.422     0.244     0.873
 8    -0.317    -0.942     0.110
 8     0.849    -0.231     0.474
 9    97.403   -39.532    37.302
 9    -0.217     0.868     0.447
 9    -0.325    -0.496     0.805
 9     0.920     0.029     0.390
 2    97.515   -19.323    59.064
 2     0.595    -0.804     0.006
 2     0.803     0.594     0.029
 2    -0.026    -0.014     0.999
 3   122.607    -7.154     8.212
 3    -0.450     0.008    -0.893
 3    -0.125    -0.990     0.054
 3    -0.884     0.137     0.447
 4   114.154    13.142    -2.279
 4     0.858     0.287     0.426
 4    -0.090     0.901    -0.423
 4    -0.505     0.325     0.799
 5    99.976    19.940    22.254
 5     0.443     0.092     0.892
 5    -0.118     0.992    -0.043
 5    -0.889    -0.087     0.450
 6   103.456    33.173    40.823
 6    -0.260    -0.835    -0.485
 6     0.248     0.427    -0.869
 6     0.933    -0.347     0.095
 7   112.068   -20.027    -5.157
 7     0.036    -0.909     0.415
 7     0.933     0.179     0.312
 7    -0.358     0.375     0.855
 8   103.024   -27.986    13.323
 8    -0.451     0.219     0.865
 8    -0.310    -0.948     0.078
 8     0.837    -0.233     0.495
 9    95.897   -39.101    36.496
 9    -0.248     0.854     0.457
 9    -0.325    -0.518     0.791
 9     0.912     0.047     0.406
 2    97.515   -19.323    59.064
 2     0.595    -0.804     0.005
 2     0.803     0.594     0.029
 2    -0.026    -0.014     0.999
 3   122.626    -7.157     8.201
 3    -0.447     0.008    -0.895
 3    -0.124    -0.991     0.053
 3    -0.886     0.134     0.443
 4   114.292    12.986    -2.735
 4     0.868     0.269     0.419
 4    -0.083     0.908    -0.410
 4    -0.490     0.322     0.810
 5    99.536    19.792    21.265
 5     0.465     0.078     0.881
 5    -0.122     0.992    -0.024
 5    -0.876    -0.097     0.471
 6   101.912    33.332    39.844
 6    -0.294    -0.830    -0.473
 6     0.258     0.407    -0.876
 6     0.920    -0.380     0.094
 7   112.010   -19.904    -5.284
 7     0.058    -0.909     0.413
 7     0.932     0.197     0.302
 7    -0.356     0.367     0.859
 8   102.648   -27.528    13.094
 8    -0.468     0.201     0.861
 8    -0.302    -0.951     0.058
 8     0.831    -0.233     0.505
 9    95.074   -38.622    36.176
 9    -0.265     0.843     0.466
 9    -0.321    -0.534     0.782
 9     0.909     0.058     0.412
 2    97.515   -19.323    59.064
 2     0.595    -0.804     0.006
 2     0.803     0.594     0.029
 2    -0.026    -0.014     0.999
 3   122.652    -7.161     8.209
 3    -0.437     0.009    -0.899
 3    -0.128    -0.990     0.052
 3    -0.890     0.138     0.434
 4   114.535    12.613    -3.170
 4     0.882     0.243     0.403
 4    -0.075     0.918    -0.388
 4    -0.464     0.312     0.828
 5    99.031    19.630    19.918
 5     0.500     0.060     0.864
 5    -0.133     0.991     0.007
 5    -0.856    -0.118     0.504
 6   100.087    33.660    38.370
 6    -0.337    -0.820    -0.462
 6     0.274     0.383    -0.882
 6     0.900    -0.425     0.095
 7   112.107   -19.855    -5.392
 7     0.079    -0.908     0.411
 7     0.932     0.214     0.291
 7    -0.352     0.360     0.864
 8   102.307   -27.277    12.754
 8    -0.487     0.185     0.854
 8    -0.295    -0.955     0.039
 8     0.822    -0.233     0.519
 9    94.164   -38.226    35.670
 9    -0.287     0.833     0.472
 9    -0.317    -0.548     0.774
 9     0.904     0.072     0.421
 2    97.515   -19.323    59.064
 2     0.595    -0.804     0.005
 2     0.803     0.594     0.029
 2    -0.026    -0.014     0.999
 3   122.804    -7.217     8.169
 3    -0.428     0.009    -0.904
 3    -0.131    -0.990     0.052
 3    -0.894     0.141     0.425
 4   114.807    12.410    -3.535
 4     0.893     0.224     0.391
 4    -0.067     0.925    -0.373
 4    -0.445     0.307     0.841
 5    98.704    19.486    18.946
 5     0.526     0.050     0.849
 5    -0.140     0.990     0.028
 5    -0.839    -0.134     0.527
 6    98.858    33.870    37.349
 6    -0.365    -0.811    -0.456
 6     0.285     0.368    -0.885
 6     0.886    -0.454     0.096
 7   112.104   -19.544    -5.808
 7     0.106    -0.906     0.410
 7     0.935     0.231     0.268
 7    -0.338     0.355     0.871
 8   101.723   -26.930    11.963
 8    -0.512     0.169     0.842
 8    -0.293    -0.956     0.014
 8     0.807    -0.240     0.539
 9    92.645   -37.973    34.521
 9    -0.319     0.821     0.472
 9    -0.317    -0.562     0.764
 9     0.893     0.094     0.440
 2    97.516   -19.374    59.064
 2     0.596    -0.804     0.006
 2     0.803     0.595     0.029
 2    -0.026    -0.014     0.999
 3   122.910    -7.232     8.117
 3    -0.417     0.009    -0.909
 3    -0.124    -0.991     0.047
 3    -0.900     0.132     0.414
 4   115.016    12.355    -3.710
 4     0.901     0.205     0.383
 4    -0.057     0.930    -0.362
 4    -0.430     0.305     0.849
 5    98.533    19.409    18.249
 5     0.545     0.042     0.837
 5    -0.145     0.988     0.045
 5    -0.826    -0.146     0.545
 6    97.967    34.084    36.589
 6    -0.389    -0.804    -0.450
 6     0.292     0.355    -0.888
 6     0.874    -0.477     0.096
 7   112.449   -18.952    -6.432
 7     0.147    -0.907     0.395
 7     0.936     0.256     0.240
 7    -0.319     0.335     0.886
 8   101.172   -26.288    10.970
 8    -0.545     0.151     0.825
 8    -0.289    -0.957    -0.016
 8     0.787    -0.247     0.565
 9    91.347   -37.439    33.161
 9    -0.353     0.806     0.475
 9    -0.321    -0.582     0.747
 9     0.879     0.111     0.464
 2    97.516   -19.374    59.013
 2     0.596    -0.804     0.006
 2     0.802     0.595     0.028
 2    -0.026    -0.013     0.999
 3   123.059    -7.158     8.296
 3    -0.404     0.003    -0.915
 3    -0.111    -0.993     0.046
 3    -0.908     0.121     0.401
 4   115.348    12.373    -3.806
 4     0.908     0.193     0.373
 4    -0.051     0.932    -0.358
 4    -0.416     0.306     0.856
 5    98.498    19.481    17.714
 5     0.560     0.036     0.827
 5    -0.147     0.987     0.057
 5    -0.815    -0.154     0.558
 6    97.285    34.299    35.947
 6    -0.408    -0.797    -0.445
 6     0.297     0.345    -0.890
 6     0.863    -0.496     0.095
 7   112.619   -18.511    -6.800
 7     0.165    -0.906     0.389
 7     0.938     0.265     0.221
 7    -0.304     0.328     0.894
 8   100.949   -26.005    10.384
 8    -0.562     0.147     0.814
 8    -0.290    -0.956    -0.028
 8     0.774    -0.253     0.580
 9    90.648   -37.240    32.286
 9    -0.372     0.801     0.468
 9    -0.323    -0.585     0.744
 9     0.870     0.126     0.476
 2    97.493   -19.374    59.061
 2     0.596    -0.803     0.005
 2     0.802     0.595     0.029
 2    -0.025    -0.014     0.999
 3   123.210    -7.045     8.342
 3    -0.392     0.003    -0.920
 3    -0.107    -0.993     0.043
 3    -0.914     0.115     0.390
 4   115.657    12.241    -4.078
 4     0.915     0.172     0.365
 4    -0.040     0.939    -0.341
 4    -0.402     0.298     0.866
 5    98.383    19.380    16.835
 5     0.579     0.027     0.814
 5    -0.153     0.985     0.076
 5    -0.800    -0.169     0.575
 6    96.384    34.458    34.923
 6    -0.433    -0.786    -0.441
 6     0.307     0.331    -0.892
 6     0.847    -0.522     0.097
 7   113.016   -18.323    -7.139
 7     0.184    -0.908     0.375
 7     0.939     0.275     0.204
 7    -0.289     0.315     0.904
 8   100.647   -25.738     9.498
 8    -0.589     0.149     0.795
 8    -0.287    -0.957    -0.034
 8     0.755    -0.248     0.606
 9    89.470   -36.989    31.060
 9    -0.407     0.794     0.452
 9    -0.317    -0.587     0.745
 9     0.857     0.160     0.490
 2    97.493   -19.374    59.061
 2     0.596    -0.804     0.005
 2     0.802     0.595     0.029
 2    -0.025    -0.014     0.999
 3   123.565    -7.146     8.457
 3    -0.372    -0.007    -0.928
 3    -0.101    -0.994     0.048
 3    -0.923     0.111     0.369
 4   116.305    12.136    -4.265
 4     0.923     0.165     0.347
 4    -0.040     0.940    -0.337
 4    -0.382     0.298     0.875
 5    98.682    19.402    16.238
 5     0.597     0.031     0.801
 5    -0.160     0.984     0.081
 5    -0.786    -0.176     0.593
 6    96.157    34.623    34.179
 6    -0.451    -0.774    -0.444
 6     0.313     0.329    -0.891
 6     0.835    -0.541     0.094
 7   113.388   -17.961    -7.398
 7     0.207    -0.908     0.363
 7     0.939     0.289     0.187
 7    -0.275     0.302     0.912
 8   100.392   -25.442     8.678
 8    -0.617     0.147     0.774
 8    -0.290    -0.956    -0.050
 8     0.732    -0.255     0.631
 9    88.409   -36.859    29.833
 9    -0.440     0.782     0.441
 9    -0.320    -0.595     0.737
 9     0.839     0.183     0.512
 2    97.492   -19.373    59.112
 2     0.595    -0.804     0.005
 2     0.803     0.594     0.029
 2    -0.025    -0.014     0.999
 3   123.915    -7.174     8.600
 3    -0.350    -0.020    -0.936
 3    -0.094    -0.994     0.057
 3    -0.932     0.108     0.346
 4   116.929    12.112    -4.441
 4     0.932     0.151     0.328
 4    -0.033     0.940    -0.338
 4    -0.359     0.305     0.882
 5    98.779    19.204    15.594
 5     0.619     0.028     0.784
 5    -0.156     0.984     0.088
 5    -0.769    -0.177     0.614
 6    95.430    34.333    33.542
 6    -0.476    -0.760    -0.441
 6     0.310     0.324    -0.894
 6     0.823    -0.563     0.081
 7   113.906   -17.623    -7.605
 7     0.226    -0.909     0.350
 7     0.938     0.299     0.173
 7    -0.262     0.289     0.920
 8   100.373   -25.270     8.011
 8    -0.639     0.151     0.755
 8    -0.289    -0.956    -0.053
 8     0.713    -0.252     0.653
 9    87.771   -36.667    28.738
 9    -0.464     0.780     0.420
 9    -0.317    -0.589     0.743
 9     0.827     0.211     0.520
 2    97.493   -19.374    59.061
 2     0.596    -0.803     0.005
 2     0.802     0.595     0.028
 2    -0.025    -0.014     0.999
 3   124.312    -7.253     8.796
 3    -0.328    -0.032    -0.944
 3    -0.088    -0.994     0.064
 3    -0.941     0.105     0.323
 4   117.613    12.232    -4.446
 4     0.939     0.146     0.311
 4    -0.031     0.938    -0.345
 4    -0.342     0.315     0.885
 5    99.211    19.298    15.206
 5     0.634     0.036     0.772
 5    -0.158     0.984     0.083
 5    -0.757    -0.175     0.629
 6    95.389    34.450    33.244
 6    -0.491    -0.747    -0.448
 6     0.311     0.329    -0.891
 6     0.813    -0.578     0.071
 7   114.371   -17.362    -7.884
 7     0.244    -0.910     0.336
 7     0.937     0.310     0.160
 7    -0.250     0.276     0.928
 8   100.196   -25.074     7.279
 8    -0.663     0.156     0.733
 8    -0.289    -0.955    -0.059
 8     0.691    -0.251     0.677
 9    87.050   -36.404    27.660
 9    -0.491     0.771     0.405
 9    -0.314    -0.590     0.744
 9     0.812     0.238     0.532
 2    97.495   -19.373    59.109
 2     0.596    -0.803     0.004
 2     0.802     0.595     0.028
 2    -0.024    -0.014     0.999
 3   124.496    -7.218     8.946
 3    -0.317    -0.039    -0.948
 3    -0.081    -0.995     0.068
 3    -0.945     0.098     0.312
 4   117.774    12.263    -4.365
 4     0.941     0.146     0.304
 4    -0.031     0.935    -0.351
 4    -0.336     0.322     0.885
 5    99.211    19.353    15.243
 5     0.637     0.038     0.769
 5    -0.155     0.984     0.080
 5    -0.755    -0.171     0.633
 6    95.360    34.424    33.303
 6    -0.494    -0.745    -0.449
 6     0.309     0.332    -0.891
 6     0.812    -0.579     0.066
 7   114.391   -17.130    -8.004
 7     0.254    -0.908     0.333
 7     0.936     0.317     0.151
 7    -0.243     0.274     0.930
 8   100.080   -24.937     6.798
 8    -0.673     0.164     0.722
 8    -0.292    -0.954    -0.057
 8     0.679    -0.249     0.690
 9    86.609   -36.323    26.967
 9    -0.505     0.771     0.388
 9    -0.313    -0.583     0.750
 9     0.804     0.257     0.535
 2    97.442   -19.374    59.112
 2     0.596    -0.803     0.004
 2     0.802     0.595     0.028
 2    -0.025    -0.014     0.999
 3   124.548    -7.104     9.041
 3    -0.314    -0.038    -0.949
 3    -0.073    -0.995     0.064
 3    -0.947     0.089     0.309
 4   117.896    12.468    -4.195
 4     0.942     0.146     0.303
 4    -0.028     0.932    -0.360
 4    -0.335     0.331     0.882
 5    99.429    19.629    15.526
 5     0.636     0.044     0.770
 5    -0.156     0.985     0.073
 5    -0.756    -0.167     0.633
 6    95.744    34.629    33.651
 6    -0.491    -0.742    -0.456
 6     0.309     0.341    -0.888
 6     0.814    -0.577     0.062
 7   114.598   -16.763    -8.242
 7     0.257    -0.910     0.327
 7     0.938     0.315     0.139
 7    -0.230     0.271     0.934
 8   100.046   -24.769     6.310
 8    -0.682     0.171     0.712
 8    -0.299    -0.953    -0.057
 8     0.668    -0.252     0.700
 9    86.296   -36.289    26.251
 9    -0.517     0.770     0.374
 9    -0.317    -0.578     0.751
 9     0.795     0.270     0.543
 2    97.493   -19.374    59.112
 2     0.596    -0.803     0.004
 2     0.802     0.595     0.028
 2    -0.025    -0.014     0.999
 3   124.637    -6.948     9.131
 3    -0.303    -0.042    -0.952
 3    -0.063    -0.996     0.064
 3    -0.951     0.079     0.299
 4   117.994    12.672    -4.125
 4     0.942     0.145     0.302
 4    -0.026     0.930    -0.365
 4    -0.334     0.337     0.880
 5    99.442    19.636    15.306
 5     0.640     0.041     0.767
 5    -0.156     0.984     0.078
 5    -0.752    -0.170     0.637
 6    95.346    34.624    33.322
 6    -0.500    -0.740    -0.450
 6     0.308     0.333    -0.891
 6     0.809    -0.584     0.061
 7   114.790   -16.395    -8.436
 7     0.266    -0.910     0.319
 7     0.940     0.318     0.124
 7    -0.214     0.266     0.940
 8    99.883   -24.716     5.502
 8    -0.698     0.181     0.693
 8    -0.302    -0.952    -0.057
 8     0.649    -0.249     0.719
 9    85.526   -36.249    25.110
 9    -0.541     0.766     0.349
 9    -0.315    -0.568     0.760
 9     0.780     0.301     0.548
 2    97.493   -19.374    59.112
 2     0.596    -0.803     0.004
 2     0.802     0.595     0.028
 2    -0.025    -0.014     0.999
 3   124.734    -6.960     9.162
 3    -0.291    -0.044    -0.956
 3    -0.062    -0.996     0.065
 3    -0.955     0.078     0.287
 4   118.128    12.653    -4.213
 4     0.943     0.139     0.301
 4    -0.021     0.932    -0.362
 4    -0.330     0.335     0.882
 5    99.477    19.637    15.283
 5     0.640     0.039     0.767
 5    -0.161     0.983     0.084
 5    -0.751    -0.177     0.636
 6    95.697    34.953    33.265
 6    -0.495    -0.742    -0.452
 6     0.316     0.331    -0.889
 6     0.809    -0.583     0.070
 7   114.919   -16.394    -8.488
 7     0.269    -0.910     0.315
 7     0.939     0.320     0.123
 7    -0.213     0.263     0.941
 8    99.785   -24.627     5.347
 8    -0.705     0.187     0.685
 8    -0.298    -0.953    -0.047
 8     0.644    -0.237     0.727
 9    85.280   -36.037    24.865
 9    -0.549     0.766     0.333
 9    -0.305    -0.555     0.774
 9     0.778     0.323     0.538
 2    97.443   -19.323    59.112
 2     0.596    -0.804     0.004
 2     0.803     0.595     0.029
 2    -0.025    -0.015     0.999
 3   124.732    -6.915     9.232
 3    -0.288    -0.045    -0.956
 3    -0.059    -0.996     0.065
 3    -0.956     0.075     0.285
 4   118.064    12.646    -4.170
 4     0.941     0.144     0.305
 4    -0.024     0.930    -0.365
 4    -0.336     0.337     0.879
 5    99.569    19.809    15.425
 5     0.636     0.043     0.770
 5    -0.163     0.983     0.081
 5    -0.754    -0.177     0.632
 6    95.776    35.080    33.386
 6    -0.493    -0.742    -0.454
 6     0.317     0.333    -0.888
 6     0.810    -0.582     0.071
 7   114.769   -16.085    -8.689
 7     0.280    -0.908     0.313
 7     0.938     0.328     0.112
 7    -0.204     0.262     0.943
 8    99.451   -24.574     4.736
 8    -0.720     0.196     0.666
 8    -0.300    -0.953    -0.044
 8     0.626    -0.232     0.744
 9    84.627   -35.961    23.984
 9    -0.566     0.763     0.312
 9    -0.305    -0.546     0.780
 9     0.766     0.346     0.542
 2    97.492   -19.323    59.112
 2     0.595    -0.804     0.004
 2     0.803     0.594     0.028
 2    -0.025    -0.014     0.999
 3   124.719    -6.846     9.200
 3    -0.281    -0.044    -0.959
 3    -0.058    -0.996     0.062
 3    -0.958     0.073     0.277
 4   117.985    12.648    -4.194
 4     0.941     0.137     0.308
 4    -0.017     0.932    -0.362
 4    -0.337     0.336     0.880
 5    99.359    19.713    15.238
 5     0.640     0.034     0.768
 5    -0.163     0.982     0.093
 5    -0.751    -0.185     0.634
 6    95.359    35.077    33.146
 6    -0.498    -0.744    -0.446
 6     0.317     0.322    -0.892
 6     0.807    -0.586     0.076
 7   114.895   -16.034    -8.688
 7     0.281    -0.908     0.311
 7     0.938     0.329     0.111
 7    -0.204     0.260     0.944
 8    99.423   -24.660     4.452
 8    -0.725     0.211     0.656
