% Calibrated with leiden_pols
% Positions are in centimeters
Data =[
 2    97.053   -18.711    59.791
 2     0.464    -0.886     0.005
 2     0.885     0.464     0.039
 2    -0.037    -0.015     0.999
 3   124.221    -2.816     1.321
 3     0.464    -0.226    -0.856
 3     0.206     0.968    -0.144
 3     0.862    -0.109     0.495
 4   109.953    16.158    -9.849
 4     0.598    -0.760     0.254
 4     0.783     0.485    -0.390
 4     0.173     0.432     0.885
 5   120.878    22.363    20.091
 5     0.591    -0.704     0.393
 5    -0.169    -0.585    -0.793
 5     0.788     0.402    -0.465
 6   132.705    -7.049    18.389
 6     0.072     0.309    -0.948
 6    -0.965    -0.219    -0.144
 6    -0.252     0.926     0.282
 7   111.494   -23.519    -9.160
 7     0.526     0.847     0.080
 7    -0.837     0.498     0.225
 7     0.151    -0.186     0.971
 8   123.365   -28.202    19.732
 8     0.577     0.622     0.528
 8     0.152    -0.718     0.679
 8     0.802    -0.312    -0.509
 9   136.066    -2.152    26.836
 9     0.174    -0.127    -0.977
 9     0.972     0.182     0.149
 9     0.159    -0.975     0.155
 2    97.052   -18.762    59.790
 2     0.464    -0.886     0.005
 2     0.885     0.464     0.039
 2    -0.037    -0.014     0.999
 3   124.222    -2.841     1.321
 3     0.464    -0.226    -0.857
 3     0.205     0.968    -0.144
 3     0.862    -0.109     0.495
 4   109.953    16.158    -9.849
 4     0.597    -0.760     0.255
 4     0.783     0.484    -0.390
 4     0.173     0.432     0.885
 5   120.831    22.364    20.187
 5     0.590    -0.704     0.394
 5    -0.169    -0.586    -0.793
 5     0.789     0.401    -0.465
 6   132.705    -6.998    18.389
 6     0.072     0.308    -0.948
 6    -0.965    -0.218    -0.145
 6    -0.252     0.926     0.282
 7   111.494   -23.519    -9.186
 7     0.526     0.846     0.080
 7    -0.837     0.499     0.225
 7     0.151    -0.186     0.971
 8   123.365   -28.202    19.732
 8     0.577     0.622     0.528
 8     0.152    -0.718     0.679
 8     0.802    -0.312    -0.509
 9   136.066    -2.152    26.785
 9     0.174    -0.127    -0.976
 9     0.972     0.182     0.149
 9     0.159    -0.975     0.155
 2    97.053   -18.711    59.791
 2     0.464    -0.886     0.004
 2     0.885     0.464     0.039
 2    -0.037    -0.015     0.999
 3   124.191    -2.816     1.327
 3     0.464    -0.226    -0.856
 3     0.207     0.968    -0.144
 3     0.861    -0.110     0.496
 4   109.955    16.159    -9.852
 4     0.597    -0.761     0.254
 4     0.783     0.484    -0.391
 4     0.174     0.432     0.885
 5   120.827    22.362    20.141
 5     0.591    -0.704     0.393
 5    -0.170    -0.586    -0.793
 5     0.788     0.401    -0.466
 6   132.705    -7.049    18.339
 6     0.072     0.309    -0.948
 6    -0.965    -0.219    -0.145
 6    -0.252     0.925     0.282
 7   111.494   -23.519    -9.186
 7     0.526     0.847     0.080
 7    -0.837     0.498     0.225
 7     0.151    -0.186     0.971
 8   123.366   -28.151    19.732
 8     0.577     0.622     0.528
 8     0.152    -0.718     0.679
 8     0.802    -0.312    -0.510
 9   136.041    -2.152    26.785
 9     0.174    -0.126    -0.976
 9     0.972     0.182     0.150
 9     0.159    -0.975     0.154
 2    97.053   -18.711    59.791
 2     0.464    -0.886     0.005
 2     0.885     0.464     0.039
 2    -0.037    -0.015     0.999
 3   124.141    -2.816     1.327
 3     0.463    -0.227    -0.857
 3     0.208     0.967    -0.144
 3     0.861    -0.111     0.495
 4   109.955    16.159    -9.801
 4     0.597    -0.761     0.255
 4     0.783     0.483    -0.391
 4     0.174     0.433     0.884
 5   120.755    22.364    20.261
 5     0.590    -0.703     0.397
 5    -0.170    -0.589    -0.790
 5     0.789     0.399    -0.467
 6   132.645    -6.998    18.392
 6     0.078     0.305    -0.949
 6    -0.964    -0.221    -0.150
 6    -0.255     0.926     0.276
 7   111.445   -23.519    -9.185
 7     0.525     0.847     0.081
 7    -0.838     0.497     0.226
 7     0.151    -0.187     0.970
 8   123.099   -28.124    19.783
 8     0.578     0.613     0.539
 8     0.151    -0.729     0.667
 8     0.802    -0.304    -0.514
 9   136.214    -2.155    26.849
 9     0.184    -0.120    -0.975
 9     0.970     0.179     0.161
 9     0.155    -0.976     0.150
 2    97.053   -18.711    59.791
 2     0.464    -0.886     0.004
 2     0.885     0.464     0.040
 2    -0.037    -0.015     0.999
 3   124.142    -2.815     1.379
 3     0.463    -0.227    -0.857
 3     0.209     0.967    -0.143
 3     0.861    -0.113     0.495
 4   109.879    16.160    -9.776
 4     0.595    -0.762     0.256
 4     0.785     0.481    -0.391
 4     0.174     0.433     0.884
 5   120.650    22.312    20.262
 5     0.590    -0.701     0.399
 5    -0.172    -0.593    -0.787
 5     0.788     0.396    -0.470
 6   132.783    -6.999    18.320
 6     0.084     0.298    -0.951
 6    -0.962    -0.223    -0.155
 6    -0.259     0.928     0.268
 7   111.373   -23.520    -9.186
 7     0.522     0.848     0.083
 7    -0.839     0.494     0.228
 7     0.152    -0.189     0.970
 8   123.028   -28.020    19.834
 8     0.577     0.609     0.544
 8     0.152    -0.735     0.661
 8     0.802    -0.299    -0.517
 9   136.238    -2.157    26.856
 9     0.188    -0.116    -0.975
 9     0.970     0.177     0.166
 9     0.153    -0.977     0.146
 2    97.052   -18.711    59.842
 2     0.464    -0.886     0.004
 2     0.885     0.464     0.040
 2    -0.037    -0.015     0.999
 3   124.143    -2.815     1.329
 3     0.463    -0.227    -0.857
 3     0.210     0.967    -0.142
 3     0.861    -0.115     0.495
 4   109.904    16.160    -9.777
 4     0.594    -0.763     0.257
 4     0.785     0.480    -0.390
 4     0.174     0.433     0.884
 5   120.646    22.286    20.240
 5     0.592    -0.700     0.400
 5    -0.172    -0.594    -0.785
 5     0.787     0.396    -0.472
 6   132.798    -6.871    18.393
 6     0.091     0.290    -0.953
 6    -0.961    -0.225    -0.161
 6    -0.261     0.930     0.258
 7   111.376   -23.519    -9.163
 7     0.521     0.849     0.083
 7    -0.839     0.493     0.229
 7     0.153    -0.189     0.970
 8   122.981   -27.943    19.885
 8     0.577     0.605     0.548
 8     0.153    -0.739     0.656
 8     0.802    -0.295    -0.519
 9   136.236    -2.287    26.815
 9     0.194    -0.112    -0.975
 9     0.969     0.174     0.172
 9     0.150    -0.978     0.142
 2    97.052   -18.711    59.842
 2     0.464    -0.886     0.004
 2     0.885     0.464     0.039
 2    -0.037    -0.015     0.999
 3   124.143    -2.814     1.380
 3     0.462    -0.226    -0.858
 3     0.212     0.967    -0.141
 3     0.861    -0.117     0.494
 4   109.884    16.164    -9.685
 4     0.590    -0.765     0.258
 4     0.787     0.475    -0.393
 4     0.177     0.435     0.883
 5   120.260    22.010    20.403
 5     0.593    -0.687     0.420
 5    -0.175    -0.619    -0.766
 5     0.786     0.380    -0.487
 6   133.252    -6.487    18.402
 6     0.126     0.273    -0.954
 6    -0.953    -0.233    -0.193
 6    -0.275     0.933     0.231
 7   111.383   -23.543    -9.167
 7     0.519     0.850     0.087
 7    -0.841     0.489     0.232
 7     0.155    -0.194     0.969
 8   122.770   -27.786    20.012
 8     0.578     0.587     0.567
 8     0.152    -0.759     0.633
 8     0.802    -0.280    -0.528
 9   136.903    -2.628    26.580
 9     0.224    -0.091    -0.970
 9     0.965     0.160     0.208
 9     0.136    -0.983     0.123
 2    97.053   -18.711    59.791
 2     0.464    -0.886     0.004
 2     0.885     0.464     0.040
 2    -0.037    -0.015     0.999
 3   124.144    -2.812     1.331
 3     0.460    -0.225    -0.859
 3     0.214     0.967    -0.139
 3     0.861    -0.120     0.493
 4   109.795    16.173    -9.658
 4     0.581    -0.770     0.263
 4     0.792     0.463    -0.397
 4     0.184     0.439     0.879
 5   119.552    21.709    20.567
 5     0.600    -0.656     0.458
 5    -0.176    -0.666    -0.725
 5     0.781     0.354    -0.515
