% Calibrated with leiden_pols
% Positions are in centimeters
Data =[
 2    97.053   -18.711    59.791
 2     0.464    -0.886     0.005
 2     0.885     0.464     0.039
 2    -0.037    -0.015     0.999
 3   124.221    -2.816     1.321
 3     0.464    -0.226    -0.856
 3     0.206     0.968    -0.144
 3     0.862    -0.109     0.495
 4   109.953    16.158    -9.849
 4     0.598    -0.760     0.254
 4     0.783     0.485    -0.390
 4     0.173     0.432     0.885
 5   120.878    22.363    20.091
 5     0.591    -0.704     0.393
 5    -0.169    -0.585    -0.793
 5     0.788     0.402    -0.465
 6   132.705    -7.049    18.389
 6     0.072     0.309    -0.948
 6    -0.965    -0.219    -0.144
 6    -0.252     0.926     0.282
 7   111.494   -23.519    -9.160
 7     0.526     0.847     0.080
 7    -0.837     0.498     0.225
 7     0.151    -0.186     0.971
 8   123.365   -28.202    19.732
 8     0.577     0.622     0.528
 8     0.152    -0.718     0.679
 8     0.802    -0.312    -0.509
 9   136.066    -2.152    26.836
 9     0.174    -0.127    -0.977
 9     0.972     0.182     0.149
 9     0.159    -0.975     0.155
 2    97.052   -18.762    59.790
 2     0.464    -0.886     0.005
 2     0.885     0.464     0.039
 2    -0.037    -0.014     0.999
 3   124.222    -2.841     1.321
 3     0.464    -0.226    -0.857
 3     0.205     0.968    -0.144
 3     0.862    -0.109     0.495
 4   109.953    16.158    -9.849
 4     0.597    -0.760     0.255
 4     0.783     0.484    -0.390
 4     0.173     0.432     0.885
 5   120.831    22.364    20.187
 5     0.590    -0.704     0.394
 5    -0.169    -0.586    -0.793
 5     0.789     0.401    -0.465
 6   132.705    -6.998    18.389
 6     0.072     0.308    -0.948
 6    -0.965    -0.218    -0.145
 6    -0.252     0.926     0.282
 7   111.494   -23.519    -9.186
 7     0.526     0.846     0.080
 7    -0.837     0.499     0.225
 7     0.151    -0.186     0.971
 8   123.365   -28.202    19.732
 8     0.577     0.622     0.528
 8     0.152    -0.718     0.679
 8     0.802    -0.312    -0.509
 9   136.066    -2.152    26.785
 9     0.174    -0.127    -0.976
 9     0.972     0.182     0.149
 9     0.159    -0.975     0.155
 2    97.053   -18.711    59.791
 2     0.464    -0.886     0.004
 2     0.885     0.464     0.039
 2    -0.037    -0.015     0.999
 3   124.191    -2.816     1.327
 3     0.464    -0.226    -0.856
 3     0.207     0.968    -0.144
 3     0.861    -0.110     0.496
 4   109.955    16.159    -9.852
 4     0.597    -0.761     0.254
 4     0.783     0.484    -0.391
 4     0.174     0.432     0.885
 5   120.827    22.362    20.141
 5     0.591    -0.704     0.393
 5    -0.170    -0.586    -0.793
 5     0.788     0.401    -0.466
 6   132.705    -7.049    18.339
 6     0.072     0.309    -0.948
 6    -0.965    -0.219    -0.145
 6    -0.252     0.925     0.282
 7   111.494   -23.519    -9.186
 7     0.526     0.847     0.080
 7    -0.837     0.498     0.225
 7     0.151    -0.186     0.971
 8   123.366   -28.151    19.732
 8     0.577     0.622     0.528
 8     0.152    -0.718     0.679
 8     0.802    -0.312    -0.510
 9   136.041    -2.152    26.785
 9     0.174    -0.126    -0.976
 9     0.972     0.182     0.150
 9     0.159    -0.975     0.154
 2    97.053   -18.711    59.791
 2     0.464    -0.886     0.005
 2     0.885     0.464     0.039
 2    -0.037    -0.015     0.999
 3   124.141    -2.816     1.327
 3     0.463    -0.227    -0.857
 3     0.208     0.967    -0.144
 3     0.861    -0.111     0.495
 4   109.955    16.159    -9.801
 4     0.597    -0.761     0.255
 4     0.783     0.483    -0.391
 4     0.174     0.433     0.884
 5   120.755    22.364    20.261
 5     0.590    -0.703     0.397
 5    -0.170    -0.589    -0.790
 5     0.789     0.399    -0.467
 6   132.645    -6.998    18.392
 6     0.078     0.305    -0.949
 6    -0.964    -0.221    -0.150
 6    -0.255     0.926     0.276
 7   111.445   -23.519    -9.185
 7     0.525     0.847     0.081
 7    -0.838     0.497     0.226
 7     0.151    -0.187     0.970
 8   123.099   -28.124    19.783
 8     0.578     0.613     0.539
 8     0.151    -0.729     0.667
 8     0.802    -0.304    -0.514
 9   136.214    -2.155    26.849
 9     0.184    -0.120    -0.975
 9     0.970     0.179     0.161
 9     0.155    -0.976     0.150
 2    97.053   -18.711    59.791
 2     0.464    -0.886     0.004
 2     0.885     0.464     0.040
 2    -0.037    -0.015     0.999
 3   124.142    -2.815     1.379
 3     0.463    -0.227    -0.857
 3     0.209     0.967    -0.143
 3     0.861    -0.113     0.495
 4   109.879    16.160    -9.776
 4     0.595    -0.762     0.256
 4     0.785     0.481    -0.391
 4     0.174     0.433     0.884
 5   120.650    22.312    20.262
 5     0.590    -0.701     0.399
 5    -0.172    -0.593    -0.787
 5     0.788     0.396    -0.470
 6   132.783    -6.999    18.320
 6     0.084     0.298    -0.951
 6    -0.962    -0.223    -0.155
 6    -0.259     0.928     0.268
 7   111.373   -23.520    -9.186
 7     0.522     0.848     0.083
 7    -0.839     0.494     0.228
 7     0.152    -0.189     0.970
 8   123.028   -28.020    19.834
 8     0.577     0.609     0.544
 8     0.152    -0.735     0.661
 8     0.802    -0.299    -0.517
 9   136.238    -2.157    26.856
 9     0.188    -0.116    -0.975
 9     0.970     0.177     0.166
 9     0.153    -0.977     0.146
 2    97.052   -18.711    59.842
 2     0.464    -0.886     0.004
 2     0.885     0.464     0.040
 2    -0.037    -0.015     0.999
 3   124.143    -2.815     1.329
 3     0.463    -0.227    -0.857
 3     0.210     0.967    -0.142
 3     0.861    -0.115     0.495
 4   109.904    16.160    -9.777
 4     0.594    -0.763     0.257
 4     0.785     0.480    -0.390
 4     0.174     0.433     0.884
 5   120.646    22.286    20.240
 5     0.592    -0.700     0.400
 5    -0.172    -0.594    -0.785
 5     0.787     0.396    -0.472
 6   132.798    -6.871    18.393
 6     0.091     0.290    -0.953
 6    -0.961    -0.225    -0.161
 6    -0.261     0.930     0.258
 7   111.376   -23.519    -9.163
 7     0.521     0.849     0.083
 7    -0.839     0.493     0.229
 7     0.153    -0.189     0.970
 8   122.981   -27.943    19.885
 8     0.577     0.605     0.548
 8     0.153    -0.739     0.656
 8     0.802    -0.295    -0.519
 9   136.236    -2.287    26.815
 9     0.194    -0.112    -0.975
 9     0.969     0.174     0.172
 9     0.150    -0.978     0.142
 2    97.052   -18.711    59.842
 2     0.464    -0.886     0.004
 2     0.885     0.464     0.039
 2    -0.037    -0.015     0.999
 3   124.143    -2.814     1.380
 3     0.462    -0.226    -0.858
 3     0.212     0.967    -0.141
 3     0.861    -0.117     0.494
 4   109.884    16.164    -9.685
 4     0.590    -0.765     0.258
 4     0.787     0.475    -0.393
 4     0.177     0.435     0.883
 5   120.260    22.010    20.403
 5     0.593    -0.687     0.420
 5    -0.175    -0.619    -0.766
 5     0.786     0.380    -0.487
 6   133.252    -6.487    18.402
 6     0.126     0.273    -0.954
 6    -0.953    -0.233    -0.193
 6    -0.275     0.933     0.231
 7   111.383   -23.543    -9.167
 7     0.519     0.850     0.087
 7    -0.841     0.489     0.232
 7     0.155    -0.194     0.969
 8   122.770   -27.786    20.012
 8     0.578     0.587     0.567
 8     0.152    -0.759     0.633
 8     0.802    -0.280    -0.528
 9   136.903    -2.628    26.580
 9     0.224    -0.091    -0.970
 9     0.965     0.160     0.208
 9     0.136    -0.983     0.123
 2    97.053   -18.711    59.791
 2     0.464    -0.886     0.004
 2     0.885     0.464     0.040
 2    -0.037    -0.015     0.999
 3   124.144    -2.812     1.331
 3     0.460    -0.225    -0.859
 3     0.214     0.967    -0.139
 3     0.861    -0.120     0.493
 4   109.795    16.173    -9.658
 4     0.581    -0.770     0.263
 4     0.792     0.463    -0.397
 4     0.184     0.439     0.879
 5   119.552    21.709    20.567
 5     0.600    -0.656     0.458
 5    -0.176    -0.666    -0.725
 5     0.781     0.354    -0.515
 6   134.244    -5.810    18.158
 6     0.192     0.276    -0.942
 6    -0.936    -0.236    -0.260
 6    -0.294     0.932     0.213
 7   111.287   -23.548    -9.161
 7     0.509     0.855     0.094
 7    -0.846     0.479     0.234
 7     0.155    -0.198     0.968
 8   122.144   -27.477    20.258
 8     0.583     0.540     0.607
 8     0.144    -0.804     0.577
 8     0.799    -0.249    -0.547
 9   137.964    -3.534    26.597
 9     0.293    -0.067    -0.954
 9     0.948     0.149     0.281
 9     0.123    -0.987     0.107
 2    97.053   -18.762    59.791
 2     0.464    -0.886     0.004
 2     0.885     0.464     0.039
 2    -0.037    -0.015     0.999
 3   124.150    -2.809     1.378
 3     0.457    -0.220    -0.862
 3     0.217     0.967    -0.132
 3     0.862    -0.126     0.490
 4   109.808    16.134    -9.609
 4     0.570    -0.776     0.269
 4     0.799     0.447    -0.402
 4     0.192     0.444     0.875
 5   118.535    20.908    21.084
 5     0.615    -0.590     0.523
 5    -0.170    -0.747    -0.642
 5     0.770     0.306    -0.560
 6   136.015    -4.171    17.694
 6     0.309     0.291    -0.905
 6    -0.896    -0.229    -0.380
 6    -0.318     0.929     0.190
 7   111.217   -23.553    -9.234
 7     0.497     0.862     0.097
 7    -0.854     0.465     0.233
 7     0.156    -0.199     0.967
 8   121.200   -26.752    20.690
 8     0.586     0.458     0.668
 8     0.133    -0.868     0.478
 8     0.799    -0.192    -0.570
 9   139.642    -5.066    26.214
 9     0.410    -0.055    -0.910
 9     0.907     0.133     0.400
 9     0.099    -0.990     0.105
 2    97.053   -18.711    59.791
 2     0.464    -0.886     0.004
 2     0.885     0.463     0.040
 2    -0.037    -0.015     0.999
 3   124.158    -2.832     1.324
 3     0.456    -0.215    -0.863
 3     0.218     0.968    -0.125
 3     0.863    -0.131     0.488
 4   109.712    16.150    -9.498
 4     0.555    -0.788     0.266
 4     0.806     0.430    -0.406
 4     0.206     0.440     0.874
 5   117.888    20.083    21.535
 5     0.644    -0.498     0.581
 5    -0.144    -0.825    -0.547
 5     0.751     0.268    -0.603
 6   138.212    -1.396    17.609
 6     0.448     0.314    -0.836
 6    -0.828    -0.207    -0.522
 6    -0.337     0.926     0.167
 7   111.129   -23.659    -9.289
 7     0.480     0.871     0.100
 7    -0.862     0.449     0.235
 7     0.160    -0.199     0.967
 8   120.503   -25.848    21.036
 8     0.592     0.363     0.719
 8     0.124    -0.923     0.363
 8     0.796    -0.126    -0.592
 9   141.669    -7.091    25.601
 9     0.548    -0.049    -0.835
 9     0.834     0.113     0.540
 9     0.068    -0.992     0.103
 2    97.053   -18.711    59.791
 2     0.464    -0.886     0.004
 2     0.885     0.464     0.040
 2    -0.037    -0.015     0.999
 3   124.205    -2.835     1.382
 3     0.457    -0.212    -0.864
 3     0.217     0.968    -0.122
 3     0.862    -0.132     0.488
 4   109.622    16.211    -9.514
 4     0.539    -0.799     0.264
 4     0.815     0.416    -0.403
 4     0.212     0.433     0.876
 5   117.610    19.204    21.906
 5     0.675    -0.405     0.617
 5    -0.112    -0.883    -0.456
 5     0.729     0.239    -0.641
 6   140.307     2.125    17.386
 6     0.581     0.353    -0.733
 6    -0.735    -0.157    -0.659
 6    -0.348     0.922     0.168
 7   111.142   -23.712    -9.247
 7     0.466     0.879     0.100
 7    -0.869     0.433     0.237
 7     0.165    -0.198     0.966
 8   119.801   -24.483    21.450
 8     0.602     0.251     0.758
 8     0.122    -0.967     0.223
 8     0.789    -0.042    -0.613
 9   143.378    -9.811    25.279
 9     0.695    -0.029    -0.718
 9     0.718     0.068     0.692
 9     0.029    -0.997     0.068
 2    97.053   -18.711    59.791
 2     0.464    -0.886     0.004
 2     0.885     0.464     0.040
 2    -0.037    -0.015     0.999
 3   124.205    -2.809     1.331
 3     0.458    -0.209    -0.864
 3     0.217     0.969    -0.120
 3     0.862    -0.133     0.490
 4   109.502    16.348    -9.396
 4     0.517    -0.815     0.261
 4     0.828     0.399    -0.393
 4     0.216     0.420     0.881
 5   117.509    18.478    22.195
 5     0.703    -0.308     0.641
 5    -0.078    -0.929    -0.361
 5     0.707     0.203    -0.678
 6   142.068     6.380    17.220
 6     0.705     0.379    -0.599
 6    -0.607    -0.114    -0.787
 6    -0.366     0.918     0.150
 7   111.112   -23.617    -9.257
 7     0.439     0.892     0.102
 7    -0.881     0.407     0.240
 7     0.172    -0.196     0.965
 8   117.255   -23.517    19.966
 8     0.625     0.142     0.767
 8     0.104    -0.990     0.099
 8     0.773     0.017    -0.634
 9   145.159   -14.761    24.480
 9     0.837    -0.035    -0.546
 9     0.546    -0.007     0.838
 9    -0.034    -0.999     0.013
 2    97.053   -18.711    59.791
 2     0.464    -0.886     0.004
 2     0.885     0.464     0.039
 2    -0.037    -0.015     0.999
 3   124.321    -2.764     1.343
 3     0.462    -0.206    -0.863
 3     0.214     0.970    -0.117
 3     0.860    -0.131     0.492
 4   109.088    16.411    -9.509
 4     0.468    -0.846     0.256
 4     0.857     0.364    -0.364
 4     0.214     0.390     0.895
 5   116.883    17.608    22.430
 5     0.722    -0.209     0.659
 5    -0.039    -0.964    -0.263
 5     0.691     0.164    -0.704
 6   142.674    10.975    17.372
 6     0.813     0.383    -0.438
 6    -0.443    -0.079    -0.893
 6    -0.377     0.920     0.106
 7   110.837   -23.583    -9.184
 7     0.390     0.914     0.109
 7    -0.903     0.356     0.239
 7     0.180    -0.192     0.965
 8   116.582   -23.197    20.323
 8     0.649    -0.011     0.760
 8     0.039    -0.998    -0.047
 8     0.760     0.060    -0.648
 9   145.467   -21.899    23.768
 9     0.948    -0.069    -0.309
 9     0.302    -0.092     0.949
 9    -0.094    -0.993    -0.066
 2    97.053   -18.711    59.791
 2     0.464    -0.886     0.004
 2     0.885     0.464     0.040
 2    -0.037    -0.015     0.999
 3   124.365    -2.639     1.323
 3     0.465    -0.208    -0.861
 3     0.213     0.969    -0.119
 3     0.859    -0.128     0.495
 4   108.243    16.379    -9.603
 4     0.397    -0.880     0.258
 4     0.892     0.305    -0.332
 4     0.213     0.362     0.907
 5   115.978    17.341    22.509
 5     0.730    -0.090     0.677
 5     0.022    -0.988    -0.156
 5     0.682     0.129    -0.719
 6   142.080    15.855    17.680
 6     0.887     0.381    -0.261
 6    -0.268    -0.034    -0.963
 6    -0.376     0.924     0.072
 7   110.453   -23.662    -9.291
 7     0.325     0.938     0.120
 7    -0.928     0.292     0.233
 7     0.183    -0.187     0.965
 8   115.905   -23.353    20.573
 8     0.650    -0.181     0.737
 8    -0.055    -0.980    -0.193
 8     0.758     0.085    -0.647
 9   144.074   -29.455    23.615
 9     0.991    -0.118    -0.054
 9     0.037    -0.144     0.989
 9    -0.124    -0.983    -0.138
 2    97.076   -18.712    59.794
 2     0.464    -0.886     0.005
 2     0.885     0.464     0.040
 2    -0.038    -0.015     0.999
 3   124.375    -2.496     1.109
 3     0.472    -0.205    -0.857
 3     0.207     0.971    -0.118
 3     0.856    -0.122     0.501
 4   107.245    16.170    -9.724
 4     0.321    -0.910     0.261
 4     0.923     0.239    -0.302
 4     0.212     0.338     0.917
 5   115.285    16.791    22.307
 5     0.734     0.013     0.679
 5     0.076    -0.995    -0.063
 5     0.675     0.097    -0.731
 6   140.919    20.145    17.710
 6     0.923     0.374    -0.088
 6    -0.096     0.002    -0.995
 6    -0.372     0.927     0.038
 7   109.898   -23.698    -9.346
 7     0.239     0.962     0.131
 7    -0.953     0.206     0.224
 7     0.188    -0.178     0.966
 8   115.445   -23.496    20.630
 8     0.645    -0.346     0.681
 8    -0.154    -0.932    -0.328
 8     0.748     0.107    -0.654
 9   141.261   -36.892    23.001
 9     0.963    -0.187     0.196
 9    -0.224    -0.146     0.963
 9    -0.151    -0.971    -0.182
 2    97.053   -18.711    59.791
 2     0.464    -0.886     0.004
 2     0.885     0.463     0.040
 2    -0.037    -0.015     0.999
 3   124.415    -2.375     1.018
 3     0.478    -0.204    -0.854
 3     0.203     0.972    -0.119
 3     0.854    -0.117     0.506
 4   106.285    15.906    -9.862
 4     0.246    -0.931     0.270
 4     0.947     0.171    -0.272
 4     0.207     0.322     0.923
 5   114.579    16.644    22.179
 5     0.731     0.099     0.675
 5     0.121    -0.993     0.015
 5     0.671     0.071    -0.738
 6   139.530    23.633    17.799
 6     0.928     0.368     0.049
 6     0.050     0.008    -0.999
 6    -0.369     0.929    -0.011
 7   109.325   -23.555    -9.570
 7     0.151     0.980     0.131
 7    -0.968     0.120     0.219
 7     0.198    -0.160     0.967
 8   114.888   -23.740    20.538
 8     0.615    -0.514     0.598
 8    -0.259    -0.848    -0.463
 8     0.745     0.130    -0.654
 9   137.254   -42.968    23.130
 9     0.880    -0.233     0.412
 9    -0.448    -0.129     0.884
 9    -0.153    -0.964    -0.218
 2    97.050   -18.712    59.793
 2     0.464    -0.886     0.005
 2     0.885     0.464     0.040
 2    -0.038    -0.014     0.999
 3   124.493    -2.259     0.807
 3     0.489    -0.206    -0.848
 3     0.195     0.973    -0.124
 3     0.850    -0.105     0.516
 4   105.335    15.845    -9.758
 4     0.179    -0.943     0.281
 4     0.962     0.107    -0.250
 4     0.206     0.315     0.926
 5   114.236    16.376    22.183
 5     0.734     0.156     0.661
 5     0.149    -0.986     0.068
 5     0.662     0.049    -0.748
 6   138.245    26.090    17.903
 6     0.916     0.374     0.143
 6     0.159    -0.012    -0.987
 6    -0.368     0.927    -0.070
 7   108.592   -23.109    -9.957
 7     0.068     0.988     0.135
 7    -0.977     0.039     0.211
 7     0.203    -0.147     0.968
 8   114.284   -23.970    20.339
 8     0.566    -0.665     0.487
 8    -0.369    -0.733    -0.572
 8     0.737     0.144    -0.660
 9   131.689   -48.518    22.751
 9     0.748    -0.277     0.602
 9    -0.645    -0.095     0.758
 9    -0.153    -0.956    -0.250
 2    97.053   -18.711    59.791
 2     0.464    -0.886     0.004
 2     0.885     0.464     0.039
 2    -0.037    -0.015     0.999
 3   124.471    -2.042     0.519
 3     0.499    -0.210    -0.841
 3     0.186     0.973    -0.133
 3     0.846    -0.091     0.524
 4   104.418    15.623    -9.690
 4     0.125    -0.945     0.301
 4     0.972     0.056    -0.228
 4     0.198     0.321     0.926
 5   113.959    16.300    22.033
 5     0.741     0.196     0.641
 5     0.171    -0.980     0.101
 5     0.649     0.034    -0.760
 6   137.556    27.299    17.661
 6     0.903     0.382     0.192
 6     0.211    -0.007    -0.977
 6    -0.373     0.924    -0.087
 7   107.664   -22.468   -10.381
 7    -0.013     0.988     0.155
 7    -0.980    -0.043     0.193
 7     0.197    -0.150     0.969
 8   113.279   -24.687    19.974
 8     0.503    -0.781     0.369
 8    -0.472    -0.606    -0.640
 8     0.724     0.147    -0.674
 9   126.686   -52.283    22.126
 9     0.625    -0.312     0.716
 9    -0.764    -0.056     0.643
 9    -0.161    -0.948    -0.273
 2    97.053   -18.711    59.791
 2     0.464    -0.886     0.004
 2     0.885     0.464     0.040
 2    -0.037    -0.015     0.999
 3   124.582    -1.927     0.228
 3     0.509    -0.204    -0.836
 3     0.174     0.976    -0.132
 3     0.843    -0.079     0.532
 4   103.804    15.370    -9.716
 4     0.084    -0.946     0.314
 4     0.978     0.019    -0.205
 4     0.188     0.324     0.927
 5   113.686    16.128    21.904
 5     0.743     0.224     0.631
 5     0.182    -0.974     0.132
 5     0.644     0.016    -0.765
 6   136.907    28.035    17.664
 6     0.897     0.378     0.228
 6     0.251    -0.010    -0.968
 6    -0.364     0.925    -0.104
 7   107.015   -21.969   -10.688
 7    -0.075     0.981     0.177
 7    -0.978    -0.107     0.177
 7     0.192    -0.160     0.968
 8   111.811   -24.971    19.529
 8     0.436    -0.848     0.300
 8    -0.526    -0.511    -0.679
 8     0.730     0.138    -0.669
 9   122.693   -54.064    22.015
 9     0.546    -0.320     0.774
 9    -0.823    -0.035     0.567
 9    -0.154    -0.947    -0.283
 2    97.053   -18.711    59.791
 2     0.464    -0.886     0.004
 2     0.885     0.464     0.040
 2    -0.037    -0.015     0.999
 3   124.569    -1.964    -0.063
 3     0.518    -0.194    -0.833
 3     0.162     0.978    -0.127
 3     0.840    -0.069     0.538
 4   103.420    15.139    -9.742
 4     0.062    -0.944     0.324
 4     0.982     0.000    -0.189
 4     0.178     0.330     0.927
 5   113.521    15.899    21.808
 5     0.746     0.234     0.623
 5     0.185    -0.972     0.145
 5     0.640     0.007    -0.768
 6   136.459    28.743    17.694
 6     0.890     0.374     0.259
 6     0.285    -0.015    -0.958
 6    -0.355     0.927    -0.120
 7   106.535   -21.728   -10.783
 7    -0.112     0.974     0.195
 7    -0.974    -0.146     0.173
 7     0.197    -0.171     0.965
 8   110.931   -24.998    19.426
 8     0.382    -0.886     0.262
 8    -0.552    -0.446    -0.704
 8     0.741     0.124    -0.660
 9   120.195   -54.908    22.406
 9     0.498    -0.316     0.807
 9    -0.857    -0.037     0.514
 9    -0.133    -0.948    -0.289
 2    97.052   -18.711    59.791
 2     0.464    -0.886     0.005
 2     0.885     0.464     0.040
 2    -0.037    -0.014     0.999
 3   124.561    -2.019    -0.204
 3     0.521    -0.191    -0.832
 3     0.159     0.979    -0.124
 3     0.838    -0.068     0.541
 4   103.191    14.956    -9.766
 4     0.048    -0.943     0.329
 4     0.984    -0.011    -0.174
 4     0.168     0.332     0.928
 5   113.378    15.895    21.746
 5     0.749     0.241     0.617
 5     0.189    -0.970     0.151
 5     0.635     0.004    -0.773
 6   136.298    29.066    17.884
 6     0.888     0.367     0.276
 6     0.304    -0.018    -0.952
 6    -0.345     0.930    -0.128
 7   106.252   -21.635   -10.830
 7    -0.138     0.968     0.210
 7    -0.970    -0.175     0.170
 7     0.201    -0.180     0.963
 8   110.173   -25.157    19.375
 8     0.336    -0.914     0.228
 8    -0.576    -0.391    -0.718
 8     0.745     0.110    -0.658
 9   117.861   -55.680    22.834
 9     0.447    -0.311     0.839
 9    -0.887    -0.033     0.461
 9    -0.116    -0.950    -0.290
 2    97.053   -18.762    59.791
 2     0.464    -0.886     0.005
 2     0.885     0.464     0.039
 2    -0.037    -0.015     0.999
 3   124.603    -2.073    -0.269
 3     0.525    -0.188    -0.830
 3     0.158     0.980    -0.121
 3     0.836    -0.068     0.544
 4   103.131    14.852    -9.781
 4     0.046    -0.942     0.331
 4     0.985    -0.012    -0.170
 4     0.164     0.334     0.928
 5   113.368    15.891    21.654
 5     0.752     0.241     0.614
 5     0.188    -0.971     0.151
 5     0.632     0.002    -0.775
 6   136.272    29.135    18.145
 6     0.889     0.358     0.284
 6     0.314    -0.027    -0.949
 6    -0.332     0.933    -0.137
 7   106.038   -21.567   -10.823
 7    -0.159     0.962     0.223
 7    -0.966    -0.198     0.165
 7     0.203    -0.189     0.961
 8   109.421   -25.478    19.289
 8     0.284    -0.938     0.196
 8    -0.603    -0.334    -0.724
 8     0.745     0.088    -0.661
 9   115.405   -56.563    23.055
 9     0.392    -0.298     0.870
 9    -0.913    -0.017     0.406
 9    -0.106    -0.954    -0.279
 2    97.053   -18.711    59.791
 2     0.464    -0.886     0.004
 2     0.885     0.464     0.039
 2    -0.037    -0.015     0.999
 3   124.592    -2.155    -0.429
 3     0.530    -0.178    -0.829
 3     0.155     0.981    -0.112
 3     0.833    -0.069     0.548
 4   103.123    14.824    -9.823
 4     0.046    -0.942     0.333
 4     0.986    -0.011    -0.168
 4     0.161     0.335     0.928
 5   115.528    15.860    23.695
 5     0.753     0.239     0.613
 5     0.185    -0.971     0.151
 5     0.631    -0.000    -0.775
 6   136.341    29.042    18.299
 6     0.892     0.351     0.284
 6     0.315    -0.032    -0.948
 6    -0.324     0.936    -0.139
 7   105.619   -21.429   -10.801
 7    -0.188     0.953     0.237
 7    -0.961    -0.228     0.156
 7     0.202    -0.199     0.959
 8   108.742   -25.497    19.323
 8     0.247    -0.953     0.176
 8    -0.612    -0.294    -0.734
 8     0.751     0.074    -0.656
 9   113.345   -56.953    23.371
 9     0.336    -0.330     0.882
 9    -0.936    -0.018     0.350
 9    -0.100    -0.944    -0.315
 2    97.052   -18.711    59.791
 2     0.464    -0.886     0.005
 2     0.885     0.464     0.039
 2    -0.037    -0.014     0.999
 3   124.587    -2.364    -0.594
 3     0.535    -0.166    -0.828
 3     0.151     0.983    -0.100
 3     0.831    -0.072     0.552
 4   103.160    14.767    -9.808
 4     0.051    -0.941     0.335
 4     0.986    -0.005    -0.163
 4     0.155     0.339     0.928
 5   115.574    15.728    23.632
 5     0.758     0.225     0.611
 5     0.174    -0.974     0.144
 5     0.628    -0.003    -0.778
 6   136.427    28.791    18.339
 6     0.895     0.348     0.279
 6     0.311    -0.037    -0.950
 6    -0.320     0.937    -0.141
 7   105.359   -21.406   -10.757
 7    -0.202     0.948     0.245
 7    -0.957    -0.244     0.156
 7     0.207    -0.203     0.957
 8   108.652   -25.405    19.326
 8     0.233    -0.960     0.157
 8    -0.615    -0.271    -0.741
 8     0.753     0.076    -0.653
 9   112.819   -56.946    23.783
 9     0.308    -0.360     0.880
 9    -0.947    -0.030     0.319
 9    -0.088    -0.932    -0.350
 2    97.053   -18.711    59.791
 2     0.464    -0.886     0.004
 2     0.885     0.464     0.040
 2    -0.037    -0.015     0.999
 3   124.581    -2.443    -0.683
 3     0.539    -0.161    -0.827
 3     0.150     0.984    -0.094
 3     0.829    -0.074     0.554
 4   103.227    14.636    -9.899
 4     0.054    -0.940     0.337
 4     0.987    -0.001    -0.160
 4     0.151     0.341     0.928
 5   115.571    15.726    23.590
 5     0.761     0.219     0.610
 5     0.170    -0.976     0.139
 5     0.626    -0.002    -0.780
 6   136.589    28.616    18.431
 6     0.898     0.343     0.275
 6     0.306    -0.040    -0.951
 6    -0.316     0.938    -0.141
 7   105.243   -21.433   -10.761
 7    -0.211     0.945     0.249
 7    -0.955    -0.254     0.155
 7     0.210    -0.206     0.956
 8   108.611   -25.458    19.322
 8     0.227    -0.962     0.150
 8    -0.615    -0.261    -0.744
 8     0.755     0.077    -0.651
 9   112.485   -56.945    23.934
 9     0.296    -0.371     0.880
 9    -0.951    -0.033     0.306
 9    -0.085    -0.928    -0.363
 2    97.052   -18.711    59.791
 2     0.464    -0.886     0.005
 2     0.885     0.464     0.039
 2    -0.037    -0.014     0.999
 3   124.602    -2.496    -0.753
 3     0.540    -0.158    -0.827
 3     0.149     0.984    -0.091
 3     0.828    -0.075     0.555
 4   103.223    14.583    -9.894
 4     0.056    -0.940     0.337
 4     0.987     0.001    -0.160
 4     0.149     0.342     0.927
 5   115.575    15.675    23.586
 5     0.760     0.217     0.612
 5     0.168    -0.976     0.138
 5     0.627    -0.002    -0.779
 6   136.675    28.492    18.497
 6     0.901     0.339     0.270
 6     0.302    -0.043    -0.952
 6    -0.312     0.939    -0.142
 7   105.266   -21.435   -10.833
 7    -0.213     0.944     0.250
 7    -0.954    -0.256     0.153
 7     0.209    -0.206     0.956
 8   108.607   -25.459    19.275
 8     0.228    -0.962     0.149
 8    -0.615    -0.261    -0.744
 8     0.754     0.077    -0.652
 9   112.605   -56.997    23.791
 9     0.296    -0.374     0.879
 9    -0.951    -0.031     0.307
 9    -0.088    -0.927    -0.365
 2    97.052   -18.711    59.791
 2     0.464    -0.886     0.005
 2     0.885     0.464     0.039
 2    -0.037    -0.014     0.999
 3   124.603    -2.547    -0.753
 3     0.540    -0.157    -0.827
 3     0.149     0.984    -0.090
 3     0.828    -0.075     0.555
 4   103.223    14.583    -9.894
 4     0.056    -0.940     0.337
 4     0.987     0.001    -0.159
 4     0.149     0.342     0.928
 5   115.577    15.726    23.633
 5     0.760     0.217     0.612
 5     0.168    -0.976     0.138
 5     0.628    -0.002    -0.778
 6   136.680    28.442    18.593
 6     0.902     0.338     0.269
 6     0.301    -0.045    -0.953
 6    -0.310     0.940    -0.142
 7   105.238   -21.435   -10.831
 7    -0.212     0.945     0.250
 7    -0.955    -0.255     0.153
 7     0.208    -0.206     0.956
 8   109.096   -25.388    19.251
 8     0.258    -0.951     0.172
 8    -0.608    -0.298    -0.736
 8     0.751     0.085    -0.655
 9   114.184   -56.763    23.477
 9     0.318    -0.398     0.860
 9    -0.942    -0.034     0.333
 9    -0.104    -0.917    -0.385
 2    97.052   -18.711    59.791
 2     0.464    -0.886     0.005
 2     0.885     0.464     0.039
 2    -0.037    -0.014     0.999
 3   124.578    -2.573    -0.753
 3     0.541    -0.156    -0.826
 3     0.148     0.985    -0.089
 3     0.828    -0.075     0.556
 4   103.218    14.581    -9.889
 4     0.058    -0.939     0.339
 4     0.987     0.004    -0.159
 4     0.147     0.344     0.927
 5   115.632    15.625    23.579
 5     0.759     0.214     0.614
 5     0.165    -0.977     0.136
 5     0.629    -0.002    -0.777
 6   136.787    28.341    18.641
 6     0.904     0.335     0.264
 6     0.296    -0.047    -0.954
 6    -0.308     0.941    -0.141
 7   105.310   -21.477   -10.719
 7    -0.194     0.952     0.238
 7    -0.958    -0.236     0.161
 7     0.209    -0.197     0.958
 8   109.911   -25.043    19.372
 8     0.315    -0.925     0.209
 8    -0.584    -0.364    -0.726
 8     0.748     0.106    -0.656
 9   116.793   -55.778    23.417
 9     0.371    -0.418     0.829
 9    -0.921    -0.054     0.385
 9    -0.116    -0.907    -0.405
 2    97.052   -18.711    59.791
 2     0.464    -0.886     0.005
 2     0.885     0.464     0.039
 2    -0.037    -0.014     0.999
 3   124.600    -2.548    -0.747
 3     0.541    -0.154    -0.827
 3     0.150     0.985    -0.085
 3     0.827    -0.078     0.556
 4   103.339    14.627    -9.778
 4     0.067    -0.938     0.339
 4     0.987     0.013    -0.158
 4     0.144     0.345     0.927
 5   113.472    15.797    21.590
 5     0.759     0.204     0.618
 5     0.159    -0.979     0.128
 5     0.631     0.001    -0.775
 6   137.105    27.854    18.718
 6     0.911     0.329     0.247
 6     0.277    -0.048    -0.959
 6    -0.305     0.943    -0.135
 7   105.530   -21.695   -10.741
 7    -0.172     0.959     0.222
 7    -0.962    -0.212     0.171
 7     0.211    -0.184     0.960
 8   110.758   -24.458    19.450
 8     0.393    -0.880     0.267
 8    -0.545    -0.457    -0.703
 8     0.741     0.130    -0.659
 9   120.243   -54.355    23.198
 9     0.445    -0.428     0.786
 9    -0.886    -0.084     0.456
 9    -0.129    -0.900    -0.417
 2    97.052   -18.711    59.791
 2     0.464    -0.886     0.005
 2     0.885     0.464     0.039
 2    -0.037    -0.014     0.999
 3   124.651    -2.545    -0.617
 3     0.540    -0.151    -0.828
 3     0.154     0.985    -0.080
 3     0.827    -0.084     0.555
 4   103.507    14.645    -9.866
 4     0.082    -0.937     0.339
 4     0.987     0.029    -0.159
 4     0.139     0.348     0.927
 5   113.502    15.863    21.602
 5     0.762     0.181     0.622
 5     0.147    -0.983     0.106
 5     0.631     0.010    -0.776
 6   137.514    27.183    18.611
 6     0.918     0.328     0.223
 6     0.252    -0.046    -0.967
 6    -0.307     0.943    -0.124
 7   105.828   -21.929   -10.697
 7    -0.135     0.969     0.205
 7    -0.967    -0.174     0.184
 7     0.214    -0.173     0.961
 8   111.646   -23.821    19.434
 8     0.472    -0.818     0.328
 8    -0.491    -0.553    -0.673
 8     0.732     0.157    -0.663
 9   124.738   -51.954    22.997
 9     0.553    -0.419     0.720
 9    -0.822    -0.132     0.554
 9    -0.137    -0.898    -0.417
 2    97.052   -18.762    59.790
 2     0.464    -0.886     0.005
 2     0.885     0.464     0.039
 2    -0.037    -0.014     0.999
 3   124.671    -2.562    -0.509
 3     0.533    -0.151    -0.832
 3     0.159     0.984    -0.077
 3     0.831    -0.092     0.549
 4   103.683    14.790    -9.756
 4     0.103    -0.935     0.338
 4     0.985     0.049    -0.164
 4     0.136     0.350     0.927
 5   113.632    15.908    21.717
 5     0.760     0.149     0.633
 5     0.125    -0.989     0.082
 5     0.638     0.017    -0.770
 6   138.241    25.764    18.539
 6     0.931     0.322     0.172
 6     0.197    -0.046    -0.979
 6    -0.308     0.946    -0.106
 7   106.306   -22.190   -10.603
 7    -0.087     0.978     0.189
 7    -0.974    -0.123     0.188
 7     0.208    -0.168     0.963
 8   112.558   -23.258    19.331
 8     0.546    -0.723     0.424
 8    -0.408    -0.671    -0.619
 8     0.732     0.165    -0.661
 9   129.427   -48.496    23.377
 9     0.679    -0.364     0.637
 9    -0.723    -0.186     0.665
 9    -0.123    -0.913    -0.389
 2    97.052   -18.762    59.790
 2     0.464    -0.886     0.005
 2     0.885     0.464     0.039
 2    -0.037    -0.014     0.999
 3   124.638    -2.552    -0.249
 3     0.523    -0.156    -0.838
 3     0.167     0.983    -0.079
 3     0.835    -0.099     0.540
 4   103.963    14.908    -9.749
 4     0.132    -0.933     0.335
 4     0.982     0.078    -0.172
 4     0.134     0.352     0.926
 5   113.782    15.944    21.717
 5     0.760     0.102     0.642
 5     0.095    -0.994     0.046
 5     0.643     0.026    -0.766
 6   139.029    23.861    18.720
 6     0.943     0.314     0.107
 6     0.128    -0.048    -0.990
 6    -0.306     0.948    -0.086
 7   106.934   -22.517   -10.546
 7    -0.020     0.985     0.169
 7    -0.979    -0.053     0.197
 7     0.203    -0.162     0.966
 8   113.297   -22.691    19.446
 8     0.604    -0.605     0.519
 8    -0.311    -0.779    -0.545
 8     0.734     0.167    -0.659
 9   133.978   -44.582    23.392
 9     0.794    -0.306     0.525
 9    -0.597    -0.231     0.768
 9    -0.114    -0.924    -0.366
 2    97.053   -18.711    59.791
 2     0.464    -0.886     0.004
 2     0.885     0.464     0.039
 2    -0.037    -0.015     0.999
 3   124.659    -2.463    -0.098
 3     0.511    -0.168    -0.843
 3     0.177     0.980    -0.088
 3     0.840    -0.105     0.531
 4   104.462    15.206    -9.682
 4     0.173    -0.929     0.328
 4     0.975     0.115    -0.189
 4     0.138     0.352     0.925
 5   114.097    15.883    21.930
 5     0.755     0.051     0.653
 5     0.059    -0.998     0.010
 5     0.652     0.031    -0.757
 6   139.707    22.137    18.872
 6     0.950     0.309     0.045
 6     0.066    -0.058    -0.996
 6    -0.306     0.949    -0.076
 7   107.544   -22.728   -10.487
 7     0.042     0.988     0.150
 7    -0.981     0.012     0.194
 7     0.190    -0.156     0.969
 8   113.530   -22.687    19.351
 8     0.630    -0.484     0.606
 8    -0.228    -0.862    -0.452
 8     0.742     0.146    -0.654
 9   137.818   -39.597    23.672
 9     0.903    -0.213     0.371
 9    -0.418    -0.246     0.875
 9    -0.095    -0.945    -0.311
 2    97.053   -18.711    59.791
 2     0.464    -0.886     0.005
 2     0.885     0.464     0.040
 2    -0.037    -0.015     0.999
 3   124.608    -2.398     0.122
 3     0.499    -0.180    -0.848
 3     0.184     0.978    -0.099
 3     0.846    -0.107     0.521
 4   104.971    15.321    -9.625
 4     0.214    -0.921     0.325
 4     0.967     0.154    -0.202
 4     0.136     0.358     0.924
 5   114.375    16.040    21.887
 5     0.753    -0.010     0.658
 5     0.022    -0.999    -0.041
 5     0.657     0.045    -0.752
 6   140.482    19.139    18.499
 6     0.947     0.314    -0.060
 6    -0.042    -0.062    -0.997
 6    -0.317     0.947    -0.045
 7   108.238   -22.959   -10.542
 7     0.107     0.985     0.134
 7    -0.978     0.079     0.195
 7     0.181    -0.152     0.971
 8   113.590   -22.596    19.283
 8     0.639    -0.351     0.684
 8    -0.134    -0.927    -0.351
 8     0.757     0.133    -0.639
 9   140.600   -34.227    24.301
 9     0.974    -0.114     0.197
 9    -0.219    -0.230     0.948
 9    -0.063    -0.966    -0.249
 2    97.053   -18.711    59.791
 2     0.464    -0.886     0.004
 2     0.885     0.464     0.040
 2    -0.037    -0.015     0.999
 3   124.620    -2.492     0.257
 3     0.492    -0.187    -0.850
 3     0.189     0.976    -0.105
 3     0.849    -0.110     0.516
 4   105.529    15.535    -9.692
 4     0.262    -0.910     0.322
 4     0.956     0.198    -0.217
 4     0.133     0.364     0.921
 5   114.747    16.277    21.880
 5     0.744    -0.081     0.663
 5    -0.019    -0.995    -0.100
 5     0.667     0.061    -0.742
 6   140.982    15.594    17.995
 6     0.928     0.324    -0.184
 6    -0.171    -0.068    -0.983
 6    -0.331     0.943    -0.008
 7   108.803   -23.213   -10.395
 7     0.179     0.977     0.115
 7    -0.969     0.155     0.194
 7     0.171    -0.147     0.974
 8   114.113   -22.865    19.204
 8     0.637    -0.213     0.741
 8    -0.046    -0.970    -0.239
 8     0.769     0.118    -0.627
 9   142.700   -28.315    25.413
 9     1.000    -0.019    -0.006
 9     0.002    -0.197     0.980
 9    -0.020    -0.980    -0.197
 2    97.052   -18.711    59.791
 2     0.464    -0.886     0.005
 2     0.885     0.464     0.040
 2    -0.037    -0.014     0.999
 3   124.586    -2.506     0.412
 3     0.482    -0.200    -0.853
 3     0.198     0.973    -0.116
 3     0.853    -0.113     0.508
 4   106.124    15.576    -9.849
 4     0.306    -0.898     0.316
 4     0.942     0.239    -0.235
 4     0.135     0.369     0.919
 5   114.978    16.420    21.729
 5     0.731    -0.142     0.667
 5    -0.053    -0.987    -0.151
 5     0.680     0.075    -0.729
 6   141.068    12.965    17.815
 6     0.906     0.323    -0.275
 6    -0.263    -0.079    -0.961
 6    -0.332     0.943     0.013
 7   109.420   -23.415   -10.449
 7     0.253     0.962     0.104
 7    -0.954     0.230     0.192
 7     0.161    -0.148     0.976
 8   114.979   -23.142    18.915
 8     0.631    -0.056     0.773
 8     0.033    -0.994    -0.099
 8     0.774     0.088    -0.626
 9   143.958   -22.667    25.882
 9     0.976     0.047    -0.211
 9     0.215    -0.125     0.968
 9     0.019    -0.991    -0.132
 2    97.052   -18.711    59.791
 2     0.464    -0.886     0.005
 2     0.885     0.464     0.039
 2    -0.037    -0.014     0.999
 3   124.655    -2.594     0.458
 3     0.471    -0.214    -0.855
 3     0.205     0.970    -0.130
 3     0.858    -0.114     0.501
 4   106.587    15.620    -9.883
 4     0.341    -0.884     0.319
 4     0.930     0.268    -0.252
 4     0.137     0.382     0.913
 5   115.255    16.709    21.748
 5     0.718    -0.213     0.663
 5    -0.087    -0.972    -0.218
 5     0.691     0.098    -0.716
 6   140.965    10.144    17.836
 6     0.867     0.325    -0.377
 6    -0.364    -0.101    -0.926
 6    -0.339     0.940     0.030
 7   110.062   -23.392   -10.399
 7     0.322     0.942     0.093
 7    -0.935     0.301     0.190
 7     0.151    -0.148     0.977
 8   116.017   -23.521    18.595
 8     0.618     0.107     0.779
 8     0.106    -0.993     0.052
 8     0.779     0.050    -0.625
 9   144.636   -17.784    26.554
 9     0.917     0.089    -0.388
 9     0.393    -0.048     0.918
 9     0.063    -0.995    -0.079
 2    97.052   -18.762    59.790
 2     0.464    -0.886     0.005
 2     0.885     0.464     0.039
 2    -0.037    -0.014     0.999
 3   124.619    -2.633     0.712
 3     0.459    -0.233    -0.857
 3     0.212     0.966    -0.149
 3     0.862    -0.114     0.493
 4   106.998    15.613    -9.938
 4     0.373    -0.871     0.319
 4     0.917     0.295    -0.267
 4     0.138     0.392     0.909
 5   115.664    17.086    21.700
 5     0.707    -0.295     0.642
 5    -0.124    -0.946    -0.298
 5     0.696     0.131    -0.706
 6   140.426     7.266    16.747
 6     0.802     0.354    -0.480
 6    -0.471    -0.118    -0.874
 6    -0.367     0.927     0.072
 7   110.453   -23.378   -10.486
 7     0.372     0.923     0.091
 7    -0.917     0.352     0.185
 7     0.139    -0.153     0.978
 8   117.222   -23.533    18.344
 8     0.603     0.250     0.758
