% Calibrated with leiden_pols
% Positions are in centimeters
Data =[
 2    97.561   -18.480    59.159
 2     0.724    -0.691     0.004
 2     0.690     0.722     0.031
 2    -0.023    -0.021     0.999
 3   126.396    -4.598     0.025
 3     0.506    -0.250    -0.826
 3    -0.039     0.950    -0.309
 3     0.861     0.188     0.470
 4   104.861    12.371    -9.760
 4     0.591    -0.478     0.651
 4     0.765     0.587    -0.263
 4    -0.257     0.653     0.712
 5   120.036    29.387     0.407
 5     0.864    -0.192     0.466
 5     0.464    -0.055    -0.884
 5     0.195     0.980     0.041
 6   138.486     9.541     5.630
 6     0.406     0.914     0.026
 6    -0.827     0.355     0.435
 6     0.389    -0.197     0.900
 7   105.881   -19.481   -13.281
 7     0.350     0.727     0.591
 7    -0.911     0.411     0.033
 7    -0.219    -0.550     0.806
 8   118.511   -37.720    -1.943
 8     0.760     0.246     0.603
 8    -0.626     0.024     0.779
 8     0.177    -0.969     0.171
 9   137.404   -18.392    -1.223
 9     0.470    -0.838    -0.281
 9     0.851     0.512    -0.106
 9     0.231    -0.189     0.954
 2    97.560   -18.429    59.158
 2     0.723    -0.691     0.004
 2     0.690     0.722     0.030
 2    -0.023    -0.020     0.999
 3   125.655    -4.820    -0.483
 3     0.542    -0.242    -0.806
 3    -0.022     0.953    -0.299
 3     0.840     0.179     0.511
 4   103.104    11.312   -10.105
 4     0.547    -0.457     0.702
 4     0.776     0.590    -0.220
 4    -0.314     0.665     0.677
 5   117.836    29.490    -1.188
 5     0.845    -0.117     0.522
 5     0.521    -0.042    -0.853
 5     0.121     0.992     0.025
 6   137.486    10.380     3.145
 6     0.434     0.900     0.042
 6    -0.818     0.374     0.435
 6     0.377    -0.223     0.899
 7   106.051   -19.699   -13.627
 7     0.390     0.705     0.593
 7    -0.892     0.449     0.052
 7    -0.229    -0.549     0.803
 8   119.614   -37.612    -2.700
 8     0.792     0.253     0.556
 8    -0.587     0.065     0.807
 8     0.168    -0.965     0.199
 9   137.486   -16.949    -1.518
 9     0.399    -0.874    -0.278
 9     0.886     0.445    -0.130
 9     0.235    -0.194     0.952
 2    97.560   -18.429    59.158
 2     0.723    -0.691     0.004
 2     0.690     0.722     0.031
 2    -0.023    -0.020     0.999
 3   125.853    -4.554    -0.342
 3     0.533    -0.257    -0.807
 3    -0.015     0.950    -0.311
 3     0.846     0.177     0.501
 4   103.455    11.527   -10.084
 4     0.547    -0.466     0.696
 4     0.780     0.584    -0.222
 4    -0.303     0.664     0.682
 5   118.117    29.601    -1.291
 5     0.846    -0.101     0.524
 5     0.523    -0.034    -0.851
 5     0.103     0.994     0.024
 6   138.213    10.712     3.486
 6     0.448     0.893     0.027
 6    -0.813     0.395     0.426
 6     0.371    -0.213     0.904
 7   106.833   -19.673   -13.199
 7     0.395     0.726     0.564
 7    -0.897     0.436     0.066
 7    -0.197    -0.532     0.823
 8   119.579   -37.179    -0.992
 8     0.769     0.277     0.577
 8    -0.603     0.016     0.797
 8     0.212    -0.961     0.179
 9   138.317   -17.678     0.854
 9     0.448    -0.848    -0.288
 9     0.864     0.491    -0.104
 9     0.227    -0.201     0.952
 2    97.560   -18.429    59.158
 2     0.723    -0.691     0.004
 2     0.690     0.722     0.030
 2    -0.023    -0.020     0.999
 3   126.405    -4.244     0.067
 3     0.505    -0.278    -0.818
 3    -0.005     0.946    -0.322
 3     0.863     0.165     0.476
 4   103.888    11.706    -9.790
 4     0.543    -0.492     0.681
 4     0.792     0.569    -0.221
 4    -0.279     0.659     0.698
 5   118.249    29.679    -0.302
 5     0.840    -0.117     0.531
 5     0.527    -0.059    -0.848
 5     0.129     0.991     0.012
 6   138.414    10.887     3.745
 6     0.460     0.887     0.032
 6    -0.811     0.405     0.421
 6     0.361    -0.220     0.906
 7   107.191   -19.936   -12.707
 7     0.400     0.724     0.562
 7    -0.898     0.431     0.082
 7    -0.183    -0.538     0.822
 8   120.121   -37.289    -0.444
 8     0.774     0.229     0.591
 8    -0.605    -0.007     0.796
 8     0.186    -0.973     0.132
 9   139.366   -17.967    -0.594
 9     0.482    -0.852    -0.205
 9     0.854     0.508    -0.105
 9     0.191    -0.124     0.973
 2    97.561   -18.429    59.158
 2     0.724    -0.691     0.004
 2     0.690     0.722     0.031
 2    -0.023    -0.020     0.999
 3   126.266    -3.995    -0.165
 3     0.518    -0.286    -0.807
 3     0.008     0.944    -0.327
 3     0.855     0.162     0.492
 4   103.133    11.720    -9.451
 4     0.523    -0.481     0.704
 4     0.799     0.563    -0.209
 4    -0.296     0.672     0.678
 5   117.960    29.642    -0.408
 5     0.845    -0.057     0.531
 5     0.527    -0.072    -0.847
 5     0.086     0.996    -0.031
 6   138.497    10.959     2.371
 6     0.486     0.871     0.073
 6    -0.806     0.414     0.421
 6     0.338    -0.262     0.904
 7   106.751   -20.058   -12.523
 7     0.407     0.705     0.581
 7    -0.895     0.436     0.097
 7    -0.184    -0.559     0.808
 8   120.586   -36.880    -0.149
 8     0.798     0.165     0.580
 8    -0.582    -0.040     0.812
 8     0.157    -0.985     0.063
 9   139.093   -17.481    -3.065
 9     0.477    -0.868    -0.141
 9     0.873     0.485    -0.037
 9     0.099    -0.105     0.989
 2    97.561   -18.480    59.158
 2     0.724    -0.691     0.004
 2     0.690     0.722     0.031
 2    -0.023    -0.020     0.999
 3   125.958    -4.008    -0.505
 3     0.537    -0.290    -0.793
 3     0.014     0.942    -0.333
 3     0.843     0.167     0.509
 4   102.658    11.625    -9.311
 4     0.522    -0.453     0.723
 4     0.793     0.569    -0.217
 4    -0.314     0.686     0.656
 5   118.126    28.937    -0.250
 5     0.856     0.089     0.510
 5     0.517    -0.150    -0.842
 5     0.001     0.984    -0.174
 6   139.167    11.465    -4.786
 6     0.554     0.821     0.141
 6    -0.827     0.522     0.207
 6     0.098    -0.230     0.968
 7   106.493   -20.178   -12.442
 7     0.391     0.700     0.598
 7    -0.904     0.412     0.107
 7    -0.172    -0.583     0.794
 8   120.267   -35.713     2.817
 8     0.773    -0.001     0.635
 8    -0.612    -0.269     0.743
 8     0.170    -0.963    -0.209
 9   139.017   -22.435    -8.208
 9     0.574    -0.819    -0.014
 9     0.764     0.529     0.368
 9    -0.296    -0.221     0.930
 2    97.508   -18.430    59.161
 2     0.723    -0.692     0.005
 2     0.690     0.722     0.031
 2    -0.024    -0.020     0.999
 3   125.939    -4.013    -0.611
 3     0.543    -0.292    -0.788
 3     0.014     0.941    -0.337
 3     0.839     0.171     0.514
 4   102.299    11.359    -8.952
 4     0.496    -0.459     0.737
 4     0.810     0.548    -0.204
 4    -0.311     0.699     0.644
 5   118.057    28.092     1.418
 5     0.835     0.263     0.483
 5     0.547    -0.317    -0.775
 5    -0.050     0.911    -0.408
 6   137.410    15.348   -11.900
 6     0.575     0.778     0.253
 6    -0.754     0.623    -0.207
 6    -0.318    -0.071     0.945
 7   106.467   -20.309   -12.456
 7     0.401     0.687     0.606
 7    -0.897     0.428     0.107
 7    -0.185    -0.587     0.787
 8   121.510   -35.865     1.557
 8     0.788    -0.140     0.600
 8    -0.613    -0.277     0.739
 8     0.062    -0.950    -0.304
 9   138.871   -26.570   -14.422
 9     0.528    -0.848     0.034
 9     0.637     0.424     0.642
 9    -0.560    -0.316     0.766
 2    97.558   -18.480    59.161
 2     0.723    -0.692     0.005
 2     0.690     0.722     0.031
 2    -0.024    -0.020     0.999
 3   125.973    -3.863    -1.050
 3     0.572    -0.298    -0.766
 3     0.008     0.934    -0.355
 3     0.820     0.196     0.536
 4   101.506    11.144    -8.149
 4     0.431    -0.453     0.781
 4     0.843     0.509    -0.170
 4    -0.321     0.732     0.600
 5   117.425    27.908     2.653
 5     0.783     0.460     0.419
 5     0.610    -0.438    -0.660
 5    -0.120     0.772    -0.623
