% Calibrated with leiden_pols
% Positions are in centimeters
Data =[
 2    97.561   -18.480    59.159
 2     0.724    -0.691     0.004
 2     0.690     0.722     0.031
 2    -0.023    -0.021     0.999
 3   126.396    -4.598     0.025
 3     0.506    -0.250    -0.826
 3    -0.039     0.950    -0.309
 3     0.861     0.188     0.470
 4   104.861    12.371    -9.760
 4     0.591    -0.478     0.651
 4     0.765     0.587    -0.263
 4    -0.257     0.653     0.712
 5   120.036    29.387     0.407
 5     0.864    -0.192     0.466
 5     0.464    -0.055    -0.884
 5     0.195     0.980     0.041
 6   138.486     9.541     5.630
 6     0.406     0.914     0.026
 6    -0.827     0.355     0.435
 6     0.389    -0.197     0.900
 7   105.881   -19.481   -13.281
 7     0.350     0.727     0.591
 7    -0.911     0.411     0.033
 7    -0.219    -0.550     0.806
 8   118.511   -37.720    -1.943
 8     0.760     0.246     0.603
 8    -0.626     0.024     0.779
 8     0.177    -0.969     0.171
 9   137.404   -18.392    -1.223
 9     0.470    -0.838    -0.281
 9     0.851     0.512    -0.106
 9     0.231    -0.189     0.954
 2    97.560   -18.429    59.158
 2     0.723    -0.691     0.004
 2     0.690     0.722     0.030
 2    -0.023    -0.020     0.999
 3   125.655    -4.820    -0.483
 3     0.542    -0.242    -0.806
 3    -0.022     0.953    -0.299
 3     0.840     0.179     0.511
 4   103.104    11.312   -10.105
 4     0.547    -0.457     0.702
 4     0.776     0.590    -0.220
 4    -0.314     0.665     0.677
 5   117.836    29.490    -1.188
 5     0.845    -0.117     0.522
 5     0.521    -0.042    -0.853
 5     0.121     0.992     0.025
 6   137.486    10.380     3.145
 6     0.434     0.900     0.042
 6    -0.818     0.374     0.435
 6     0.377    -0.223     0.899
 7   106.051   -19.699   -13.627
 7     0.390     0.705     0.593
 7    -0.892     0.449     0.052
 7    -0.229    -0.549     0.803
 8   119.614   -37.612    -2.700
 8     0.792     0.253     0.556
 8    -0.587     0.065     0.807
 8     0.168    -0.965     0.199
 9   137.486   -16.949    -1.518
 9     0.399    -0.874    -0.278
 9     0.886     0.445    -0.130
 9     0.235    -0.194     0.952
 2    97.560   -18.429    59.158
 2     0.723    -0.691     0.004
 2     0.690     0.722     0.031
 2    -0.023    -0.020     0.999
 3   125.853    -4.554    -0.342
 3     0.533    -0.257    -0.807
 3    -0.015     0.950    -0.311
 3     0.846     0.177     0.501
 4   103.455    11.527   -10.084
 4     0.547    -0.466     0.696
 4     0.780     0.584    -0.222
 4    -0.303     0.664     0.682
 5   118.117    29.601    -1.291
 5     0.846    -0.101     0.524
 5     0.523    -0.034    -0.851
 5     0.103     0.994     0.024
 6   138.213    10.712     3.486
 6     0.448     0.893     0.027
 6    -0.813     0.395     0.426
 6     0.371    -0.213     0.904
 7   106.833   -19.673   -13.199
 7     0.395     0.726     0.564
 7    -0.897     0.436     0.066
 7    -0.197    -0.532     0.823
 8   119.579   -37.179    -0.992
 8     0.769     0.277     0.577
 8    -0.603     0.016     0.797
 8     0.212    -0.961     0.179
 9   138.317   -17.678     0.854
 9     0.448    -0.848    -0.288
 9     0.864     0.491    -0.104
 9     0.227    -0.201     0.952
 2    97.560   -18.429    59.158
 2     0.723    -0.691     0.004
 2     0.690     0.722     0.030
 2    -0.023    -0.020     0.999
 3   126.405    -4.244     0.067
 3     0.505    -0.278    -0.818
 3    -0.005     0.946    -0.322
 3     0.863     0.165     0.476
 4   103.888    11.706    -9.790
 4     0.543    -0.492     0.681
 4     0.792     0.569    -0.221
 4    -0.279     0.659     0.698
 5   118.249    29.679    -0.302
 5     0.840    -0.117     0.531
 5     0.527    -0.059    -0.848
 5     0.129     0.991     0.012
 6   138.414    10.887     3.745
 6     0.460     0.887     0.032
 6    -0.811     0.405     0.421
 6     0.361    -0.220     0.906
 7   107.191   -19.936   -12.707
 7     0.400     0.724     0.562
 7    -0.898     0.431     0.082
 7    -0.183    -0.538     0.822
 8   120.121   -37.289    -0.444
 8     0.774     0.229     0.591
 8    -0.605    -0.007     0.796
 8     0.186    -0.973     0.132
 9   139.366   -17.967    -0.594
 9     0.482    -0.852    -0.205
 9     0.854     0.508    -0.105
 9     0.191    -0.124     0.973
 2    97.561   -18.429    59.158
 2     0.724    -0.691     0.004
 2     0.690     0.722     0.031
 2    -0.023    -0.020     0.999
 3   126.266    -3.995    -0.165
 3     0.518    -0.286    -0.807
 3     0.008     0.944    -0.327
 3     0.855     0.162     0.492
 4   103.133    11.720    -9.451
 4     0.523    -0.481     0.704
 4     0.799     0.563    -0.209
 4    -0.296     0.672     0.678
 5   117.960    29.642    -0.408
 5     0.845    -0.057     0.531
 5     0.527    -0.072    -0.847
 5     0.086     0.996    -0.031
 6   138.497    10.959     2.371
 6     0.486     0.871     0.073
 6    -0.806     0.414     0.421
 6     0.338    -0.262     0.904
 7   106.751   -20.058   -12.523
 7     0.407     0.705     0.581
 7    -0.895     0.436     0.097
 7    -0.184    -0.559     0.808
 8   120.586   -36.880    -0.149
 8     0.798     0.165     0.580
 8    -0.582    -0.040     0.812
 8     0.157    -0.985     0.063
 9   139.093   -17.481    -3.065
 9     0.477    -0.868    -0.141
 9     0.873     0.485    -0.037
 9     0.099    -0.105     0.989
 2    97.561   -18.480    59.158
 2     0.724    -0.691     0.004
 2     0.690     0.722     0.031
 2    -0.023    -0.020     0.999
 3   125.958    -4.008    -0.505
 3     0.537    -0.290    -0.793
 3     0.014     0.942    -0.333
 3     0.843     0.167     0.509
 4   102.658    11.625    -9.311
 4     0.522    -0.453     0.723
 4     0.793     0.569    -0.217
 4    -0.314     0.686     0.656
 5   118.126    28.937    -0.250
 5     0.856     0.089     0.510
 5     0.517    -0.150    -0.842
 5     0.001     0.984    -0.174
 6   139.167    11.465    -4.786
 6     0.554     0.821     0.141
 6    -0.827     0.522     0.207
 6     0.098    -0.230     0.968
 7   106.493   -20.178   -12.442
 7     0.391     0.700     0.598
 7    -0.904     0.412     0.107
 7    -0.172    -0.583     0.794
 8   120.267   -35.713     2.817
 8     0.773    -0.001     0.635
 8    -0.612    -0.269     0.743
 8     0.170    -0.963    -0.209
 9   139.017   -22.435    -8.208
 9     0.574    -0.819    -0.014
 9     0.764     0.529     0.368
 9    -0.296    -0.221     0.930
 2    97.508   -18.430    59.161
 2     0.723    -0.692     0.005
 2     0.690     0.722     0.031
 2    -0.024    -0.020     0.999
 3   125.939    -4.013    -0.611
 3     0.543    -0.292    -0.788
 3     0.014     0.941    -0.337
 3     0.839     0.171     0.514
 4   102.299    11.359    -8.952
 4     0.496    -0.459     0.737
 4     0.810     0.548    -0.204
 4    -0.311     0.699     0.644
 5   118.057    28.092     1.418
 5     0.835     0.263     0.483
 5     0.547    -0.317    -0.775
 5    -0.050     0.911    -0.408
 6   137.410    15.348   -11.900
 6     0.575     0.778     0.253
 6    -0.754     0.623    -0.207
 6    -0.318    -0.071     0.945
 7   106.467   -20.309   -12.456
 7     0.401     0.687     0.606
 7    -0.897     0.428     0.107
 7    -0.185    -0.587     0.787
 8   121.510   -35.865     1.557
 8     0.788    -0.140     0.600
 8    -0.613    -0.277     0.739
 8     0.062    -0.950    -0.304
 9   138.871   -26.570   -14.422
 9     0.528    -0.848     0.034
 9     0.637     0.424     0.642
 9    -0.560    -0.316     0.766
 2    97.558   -18.480    59.161
 2     0.723    -0.692     0.005
 2     0.690     0.722     0.031
 2    -0.024    -0.020     0.999
 3   125.973    -3.863    -1.050
 3     0.572    -0.298    -0.766
 3     0.008     0.934    -0.355
 3     0.820     0.196     0.536
 4   101.506    11.144    -8.149
 4     0.431    -0.453     0.781
 4     0.843     0.509    -0.170
 4    -0.321     0.732     0.600
 5   117.425    27.908     2.653
 5     0.783     0.460     0.419
 5     0.610    -0.438    -0.660
 5    -0.120     0.772    -0.623
 6   132.177    24.428   -17.165
 6     0.486     0.812     0.324
 6    -0.477     0.556    -0.681
 6    -0.733     0.176     0.656
 7   106.010   -20.249   -11.978
 7     0.381     0.663     0.645
 7    -0.903     0.417     0.103
 7    -0.201    -0.621     0.757
 8   121.220   -35.841     2.157
 8     0.734    -0.343     0.587
 8    -0.679    -0.360     0.639
 8    -0.009    -0.868    -0.496
 9   134.095   -32.839   -18.143
 9     0.391    -0.894     0.216
 9     0.414     0.382     0.826
 9    -0.822    -0.233     0.520
 2    97.560   -18.429    59.158
 2     0.723    -0.691     0.004
 2     0.690     0.722     0.030
 2    -0.023    -0.020     0.999
 3   126.083    -3.676    -1.618
 3     0.610    -0.278    -0.743
 3    -0.003     0.936    -0.350
 3     0.792     0.215     0.570
 4   100.749    11.333    -7.667
 4     0.346    -0.473     0.811
 4     0.884     0.453    -0.113
 4    -0.314     0.756     0.574
 5   114.991    29.258     3.583
 5     0.697     0.566     0.442
 5     0.706    -0.434    -0.558
 5    -0.124     0.700    -0.702
 6   127.700    31.981   -16.647
 6     0.442     0.825     0.352
 6    -0.250     0.490    -0.835
 6    -0.862     0.280     0.422
 7   105.435   -20.089   -11.243
 7     0.352     0.639     0.684
 7    -0.910     0.402     0.093
 7    -0.216    -0.656     0.723
 8   120.477   -36.046     2.491
 8     0.667    -0.464     0.585
 8    -0.744    -0.364     0.560
 8    -0.046    -0.808    -0.586
 9   129.583   -37.874   -20.017
 9     0.267    -0.883     0.386
 9     0.236     0.448     0.862
 9    -0.934    -0.139     0.328
 2    97.560   -18.480    59.158
 2     0.723    -0.691     0.004
 2     0.690     0.722     0.030
 2    -0.023    -0.020     0.999
 3   125.901    -3.171    -1.931
 3     0.635    -0.272    -0.724
 3    -0.009     0.933    -0.357
 3     0.772     0.233     0.590
 4   100.253    11.535    -7.237
 4     0.308    -0.475     0.825
 4     0.902     0.420    -0.094
 4    -0.302     0.773     0.557
 5   114.417    29.488     4.384
 5     0.672     0.613     0.418
 5     0.731    -0.455    -0.508
 5    -0.121     0.646    -0.753
 6   125.121    36.529   -16.105
 6     0.379     0.858     0.348
 6    -0.059     0.397    -0.916
 6    -0.924     0.326     0.201
 7   104.868   -19.916   -10.574
 7     0.323     0.632     0.704
 7    -0.922     0.376     0.085
 7    -0.211    -0.677     0.704
 8   119.378   -36.405     3.211
 8     0.619    -0.509     0.599
 8    -0.784    -0.361     0.504
 8    -0.040    -0.781    -0.622
 9   127.118   -40.740   -19.216
 9     0.218    -0.873     0.437
 9     0.143     0.471     0.870
 9    -0.965    -0.127     0.227
 2    97.560   -18.429    59.158
 2     0.723    -0.691     0.004
 2     0.690     0.722     0.031
 2    -0.023    -0.020     0.999
 3   125.663    -3.260    -2.003
 3     0.649    -0.260    -0.717
 3    -0.009     0.938    -0.346
 3     0.761     0.231     0.605
 4    99.776    11.419    -7.103
 4     0.287    -0.479     0.830
 4     0.910     0.405    -0.080
 4    -0.298     0.779     0.551
 5   113.831    29.380     4.595
 5     0.653     0.641     0.405
 5     0.748    -0.462    -0.476
 5    -0.118     0.612    -0.781
 6   123.105    39.737   -15.357
 6     0.339     0.870     0.359
 6     0.079     0.354    -0.932
 6    -0.938     0.344     0.051
 7   104.578   -20.266   -10.080
 7     0.310     0.623     0.718
 7    -0.929     0.358     0.089
 7    -0.202    -0.695     0.690
 8   119.459   -36.251     3.931
 8     0.606    -0.550     0.577
 8    -0.795    -0.397     0.456
 8    -0.022    -0.735    -0.677
 9   126.172   -42.937   -18.443
 9     0.162    -0.881     0.444
 9     0.054     0.457     0.887
 9    -0.985    -0.119     0.121
 2    97.511   -18.429    59.159
 2     0.723    -0.692     0.004
 2     0.690     0.722     0.031
 2    -0.023    -0.021     0.999
 3   125.539    -3.267    -2.071
 3     0.656    -0.256    -0.711
 3    -0.005     0.939    -0.342
 3     0.754     0.228     0.614
 4    99.687    11.427    -7.045
 4     0.279    -0.482     0.831
 4     0.915     0.396    -0.077
 4    -0.292     0.781     0.551
 5   113.766    29.342     4.921
 5     0.642     0.664     0.384
 5     0.757    -0.473    -0.450
 5    -0.118     0.579    -0.806
 6   121.944    40.695   -15.021
 6     0.291     0.889     0.353
 6     0.118     0.333    -0.935
 6    -0.949     0.313    -0.008
 7   104.459   -20.268    -9.943
 7     0.302     0.617     0.727
 7    -0.932     0.352     0.087
 7    -0.203    -0.704     0.681
 8   119.615   -36.146     3.949
 8     0.609    -0.550     0.574
 8    -0.793    -0.402     0.456
 8    -0.020    -0.732    -0.680
 9   126.077   -43.704   -18.165
 9     0.134    -0.882     0.452
 9     0.008     0.457     0.889
 9    -0.991    -0.115     0.068
 2    97.510   -18.480    59.158
 2     0.723    -0.691     0.004
 2     0.690     0.722     0.031
 2    -0.023    -0.020     0.999
 3   125.567    -3.147    -2.221
 3     0.663    -0.255    -0.705
 3    -0.005     0.939    -0.342
 3     0.748     0.230     0.621
 4    99.625    11.567    -6.974
 4     0.268    -0.484     0.834
 4     0.921     0.382    -0.074
 4    -0.283     0.787     0.547
 5   113.659    29.369     5.489
 5     0.629     0.683     0.373
 5     0.770    -0.483    -0.417
 5    -0.104     0.548    -0.829
 6   120.823    42.829   -14.002
 6     0.254     0.906     0.338
 6     0.205     0.291    -0.934
 6    -0.945     0.307    -0.112
 7   104.515   -20.169    -9.648
 7     0.293     0.607     0.738
 7    -0.934     0.347     0.085
 7    -0.205    -0.714     0.669
 8   120.350   -35.667     4.165
 8     0.619    -0.573     0.540
 8    -0.785    -0.435     0.439
 8    -0.016    -0.695    -0.718
 9   126.743   -44.808   -17.162
 9     0.103    -0.895     0.434
 9    -0.071     0.428     0.900
 9    -0.992    -0.124    -0.020
 2    97.560   -18.429    59.158
 2     0.723    -0.691     0.004
 2     0.690     0.722     0.031
 2    -0.023    -0.020     0.999
 3   125.601    -2.921    -2.279
 3     0.667    -0.258    -0.700
 3    -0.000     0.938    -0.344
 3     0.744     0.229     0.626
 4    99.637    11.654    -7.045
 4     0.257    -0.492     0.832
 4     0.926     0.371    -0.067
 4    -0.276     0.788     0.550
 5   113.209    29.538     5.638
 5     0.612     0.698     0.373
 5     0.785    -0.477    -0.396
 5    -0.099     0.534    -0.839
 6   120.024    44.266   -13.583
 6     0.242     0.911     0.333
 6     0.260     0.270    -0.927
 6    -0.935     0.311    -0.172
 7   104.750   -20.264    -9.522
 7     0.297     0.594     0.747
 7    -0.933     0.348     0.094
 7    -0.204    -0.725     0.657
 8   121.104   -35.077     4.410
 8     0.637    -0.576     0.515
 8    -0.771    -0.476     0.422
 8     0.002    -0.665    -0.746
 9   127.760   -45.681   -16.481
 9     0.090    -0.914     0.396
 9    -0.138     0.382     0.913
 9    -0.986    -0.137    -0.092
 2    97.561   -18.480    59.158
 2     0.724    -0.691     0.004
 2     0.690     0.722     0.031
 2    -0.023    -0.020     0.999
 3   125.720    -2.790    -2.319
 3     0.670    -0.264    -0.696
 3     0.012     0.939    -0.343
 3     0.742     0.220     0.631
 4    99.703    11.458    -7.186
 4     0.253    -0.501     0.828
 4     0.929     0.364    -0.063
 4    -0.270     0.785     0.557
 5   112.788    29.551     5.794
 5     0.601     0.693     0.399
 5     0.794    -0.464    -0.392
 5    -0.087     0.552    -0.829
 6   120.066    44.264   -13.085
 6     0.270     0.896     0.352
 6     0.258     0.285    -0.923
 6    -0.927     0.340    -0.155
 7   104.824   -20.443    -9.462
 7     0.295     0.590     0.752
 7    -0.933     0.346     0.093
 7    -0.206    -0.729     0.652
 8   121.362   -35.251     4.405
 8     0.636    -0.578     0.513
 8    -0.771    -0.479     0.417
 8     0.004    -0.660    -0.750
 9   128.131   -46.595   -16.178
 9     0.085    -0.926     0.368
 9    -0.180     0.349     0.920
 9    -0.980    -0.144    -0.137
 2    97.561   -18.480    59.158
 2     0.724    -0.691     0.004
 2     0.690     0.723     0.030
 2    -0.023    -0.020     0.999
 3   125.801    -2.914    -2.270
 3     0.668    -0.263    -0.697
 3     0.017     0.941    -0.336
 3     0.743     0.212     0.633
 4    99.889    11.308    -7.368
 4     0.256    -0.508     0.823
 4     0.929     0.364    -0.064
 4    -0.267     0.781     0.564
 5   112.731    29.406     5.882
 5     0.597     0.689     0.411
 5     0.798    -0.460    -0.389
 5    -0.080     0.559    -0.824
 6   120.257    44.354   -12.806
 6     0.284     0.889     0.359
 6     0.267     0.286    -0.920
 6    -0.921     0.357    -0.156
 7   104.888   -20.566    -9.457
 7     0.291     0.595     0.749
 7    -0.936     0.340     0.093
 7    -0.199    -0.728     0.655
 8   121.109   -35.512     4.558
 8     0.626    -0.577     0.526
 8    -0.780    -0.467     0.417
 8     0.005    -0.670    -0.741
 9   127.925   -47.276   -16.024
 9     0.100    -0.918     0.384
 9    -0.187     0.361     0.913
 9    -0.977    -0.163    -0.136
 2    97.510   -18.429    59.158
 2     0.723    -0.692     0.004
 2     0.690     0.722     0.030
 2    -0.023    -0.020     0.999
 3   125.852    -3.015    -2.319
 3     0.669    -0.260    -0.698
 3     0.018     0.943    -0.332
 3     0.743     0.209     0.635
 4    99.888    11.231    -7.415
 4     0.256    -0.510     0.821
 4     0.929     0.364    -0.063
 4    -0.268     0.779     0.567
 5   112.610    29.384     5.903
 5     0.593     0.691     0.415
 5     0.801    -0.456    -0.386
 5    -0.078     0.561    -0.823
 6   120.321    44.555   -12.581
 6     0.297     0.886     0.354
 6     0.279     0.274    -0.920
 6    -0.913     0.373    -0.166
 7   104.770   -20.617    -9.413
 7     0.285     0.599     0.748
 7    -0.938     0.333     0.089
 7    -0.196    -0.728     0.657
 8   120.652   -35.799     4.648
 8     0.615    -0.581     0.535
 8    -0.788    -0.454     0.414
 8     0.002    -0.675    -0.737
 9   127.758   -47.250   -16.024
 9     0.135    -0.903     0.407
 9    -0.159     0.385     0.909
 9    -0.978    -0.188    -0.091
 2    97.560   -18.429    59.158
 2     0.723    -0.691     0.004
 2     0.690     0.722     0.030
 2    -0.023    -0.020     0.999
 3   125.826    -3.135    -2.166
 3     0.662    -0.256    -0.705
 3     0.017     0.945    -0.325
 3     0.749     0.203     0.630
 4   100.031    11.177    -7.467
 4     0.275    -0.511     0.815
 4     0.924     0.373    -0.077
 4    -0.265     0.774     0.574
 5   112.864    29.365     5.590
 5     0.610     0.667     0.429
 5     0.788    -0.453    -0.416
 5    -0.083     0.592    -0.801
 6   122.471    42.559   -13.074
 6     0.364     0.867     0.341
 6     0.198     0.285    -0.938
 6    -0.910     0.408    -0.068
 7   104.947   -20.683    -9.515
 7     0.303     0.622     0.722
 7    -0.935     0.341     0.098
 7    -0.185    -0.705     0.685
 8   118.952   -37.621     3.668
 8     0.635    -0.461     0.621
 8    -0.771    -0.322     0.549
 8    -0.053    -0.827    -0.559
 9   130.805   -40.998   -17.954
 9     0.373    -0.854     0.363
 9     0.164     0.445     0.880
 9    -0.913    -0.268     0.306
 2    97.508   -18.430    59.161
 2     0.723    -0.692     0.005
 2     0.690     0.722     0.031
 2    -0.024    -0.020     0.999
 3   125.804    -3.247    -1.874
 3     0.645    -0.259    -0.720
 3     0.016     0.946    -0.323
 3     0.763     0.197     0.614
 4   100.328    11.334    -7.735
 4     0.311    -0.504     0.806
 4     0.910     0.402    -0.099
 4    -0.274     0.764     0.583
 5   113.149    29.896     4.055
 5     0.641     0.617     0.458
 5     0.757    -0.410    -0.508
 5    -0.126     0.671    -0.730
 6   126.507    34.899   -15.589
 6     0.494     0.774     0.396
 6    -0.164     0.530    -0.832
 6    -0.854     0.346     0.388
 7   105.273   -20.483   -10.115
 7     0.349     0.642     0.683
 7    -0.915     0.389     0.101
 7    -0.201    -0.660     0.723
 8   119.186   -38.137     1.481
 8     0.682    -0.376     0.628
 8    -0.723    -0.219     0.655
 8    -0.108    -0.900    -0.421
 9   134.693   -32.496   -17.950
 9     0.489    -0.840     0.236
 9     0.497     0.491     0.715
 9    -0.717    -0.232     0.658
 2    97.560   -18.429    59.158
 2     0.723    -0.691     0.004
 2     0.690     0.722     0.031
 2    -0.023    -0.020     0.999
 3   126.136    -3.260    -1.475
 3     0.611    -0.276    -0.743
 3     0.021     0.943    -0.331
 3     0.791     0.185     0.582
 4   101.534    11.220    -8.417
 4     0.402    -0.490     0.774
 4     0.863     0.485    -0.142
 4    -0.306     0.724     0.617
 5   115.001    30.134     0.532
 5     0.733     0.438     0.521
 5     0.662    -0.286    -0.692
 5    -0.154     0.852    -0.499
 6   134.660    22.111   -14.954
 6     0.607     0.776     0.169
 6    -0.646     0.607    -0.462
 6    -0.461     0.171     0.870
 7   106.269   -20.296   -10.712
 7     0.402     0.646     0.650
 7    -0.891     0.438     0.115
 7    -0.210    -0.625     0.751
 8   120.436   -37.973    -0.320
 8     0.732    -0.267     0.628
 8    -0.673    -0.137     0.726
 8    -0.108    -0.954    -0.279
 9   137.293   -25.621   -15.609
 9     0.487    -0.864     0.131
 9     0.727     0.484     0.485
 9    -0.483    -0.140     0.865
 2    97.511   -18.429    59.158
 2     0.724    -0.691     0.004
 2     0.690     0.722     0.031
 2    -0.023    -0.020     0.999
 3   126.735    -3.678    -0.915
 3     0.571    -0.285    -0.771
 3     0.021     0.943    -0.330
 3     0.821     0.171     0.544
 4   103.051    11.356    -9.126
 4     0.483    -0.474     0.736
 4     0.824     0.530    -0.199
 4    -0.296     0.703     0.646
 5   117.593    29.472    -0.673
 5     0.809     0.250     0.532
 5     0.580    -0.197    -0.790
 5    -0.093     0.948    -0.304
 6   138.793    14.548    -8.642
 6     0.570     0.820     0.054
 6    -0.818     0.572    -0.058
 6    -0.079    -0.011     0.997
 7   108.068   -20.620   -11.818
 7     0.448     0.658     0.605
 7    -0.873     0.468     0.137
 7    -0.193    -0.590     0.784
 8   121.415   -38.044    -0.527
 8     0.760    -0.083     0.644
 8    -0.650    -0.096     0.754
 8    -0.001    -0.992    -0.127
 9   139.353   -21.883    -9.534
 9     0.480    -0.878     0.025
 9     0.849     0.470     0.238
 9    -0.221    -0.093     0.971
 2    97.561   -18.480    59.158
 2     0.724    -0.691     0.004
 2     0.689     0.723     0.031
 2    -0.023    -0.020     0.999
 3   127.049    -3.759    -0.451
 3     0.523    -0.301    -0.799
 3     0.025     0.941    -0.336
 3     0.852     0.154     0.500
 4   104.031    11.383    -9.439
 4     0.515    -0.489     0.704
 4     0.808     0.549    -0.210
 4    -0.284     0.677     0.677
 5   118.682    29.396    -1.242
 5     0.838     0.117     0.533
 5     0.545    -0.116    -0.830
 5    -0.036     0.986    -0.161
 6   139.695    11.768    -3.172
 6     0.510     0.859     0.050
 6    -0.839     0.484     0.245
 6     0.187    -0.167     0.968
 7   108.704   -20.598   -12.420
 7     0.458     0.682     0.572
 7    -0.873     0.465     0.144
 7    -0.167    -0.565     0.807
 8   121.350   -37.907    -0.580
 8     0.771     0.126     0.624
 8    -0.624    -0.037     0.780
 8     0.121    -0.991     0.049
 9   138.965   -19.017    -3.461
 9     0.456    -0.890     0.019
 9     0.890     0.456    -0.023
 9     0.012     0.028     0.999
 2    97.561   -18.480    59.158
 2     0.724    -0.691     0.004
 2     0.690     0.722     0.031
 2    -0.023    -0.020     0.999
 3   126.781    -3.555     0.097
 3     0.491    -0.320    -0.812
 3     0.025     0.935    -0.352
 3     0.870     0.151     0.466
 4   105.046    12.151    -9.753
 4     0.573    -0.522     0.633
 4     0.793     0.546    -0.268
 4    -0.206     0.655     0.726
 5   119.386    29.028     1.722
 5     0.852    -0.118     0.510
 5     0.495    -0.132    -0.858
 5     0.168     0.984    -0.055
 6   139.020     9.772     5.538
 6     0.434     0.900     0.047
 6    -0.842     0.386     0.376
 6     0.321    -0.202     0.925
 7   109.719   -20.360   -12.993
 7     0.481     0.740     0.471
 7    -0.872     0.459     0.170
 7    -0.090    -0.492     0.865
 8   120.391   -36.897     1.860
 8     0.709     0.415     0.572
 8    -0.599    -0.075     0.797
 8     0.372    -0.907     0.194
 9   138.348   -17.759     6.311
 9     0.484    -0.864    -0.140
 9     0.850     0.502    -0.157
 9     0.205    -0.043     0.978
 2    97.560   -18.429    59.158
 2     0.723    -0.692     0.004
 2     0.690     0.722     0.030
 2    -0.023    -0.020     0.999
 3   126.888    -3.244     0.555
 3     0.468    -0.350    -0.813
 3     0.045     0.927    -0.371
 3     0.882     0.135     0.449
 4   105.859    12.467    -9.736
 4     0.591    -0.544     0.596
 4     0.790     0.537    -0.292
 4    -0.162     0.644     0.747
 5   119.892    28.868     3.135
 5     0.838    -0.232     0.495
 5     0.471    -0.154    -0.869
 5     0.277     0.960    -0.021
 6   139.266     9.643    10.415
 6     0.425     0.905    -0.015
 6    -0.808     0.387     0.442
 6     0.407    -0.175     0.896
 7   110.321   -20.908   -12.287
 7     0.451     0.785     0.426
 7    -0.892     0.410     0.188
 7    -0.027    -0.464     0.885
 8   118.788   -35.986     5.628
 8     0.607     0.564     0.561
 8    -0.562    -0.192     0.803
 8     0.561    -0.803     0.200
 9   137.832   -18.501    14.679
 9     0.548    -0.771    -0.327
 9     0.755     0.622    -0.205
 9     0.359    -0.134     0.923
 2    97.561   -18.480    59.158
 2     0.724    -0.691     0.004
 2     0.690     0.722     0.030
 2    -0.023    -0.020     0.999
 3   127.139    -3.492     1.062
 3     0.442    -0.351    -0.827
 3     0.059     0.930    -0.361
 3     0.895     0.109     0.431
 4   107.056    13.080    -9.362
 4     0.609    -0.590     0.531
 4     0.790     0.510    -0.339
 4    -0.071     0.626     0.776
 5   119.189    28.382     6.951
 5     0.762    -0.438     0.478
 5     0.423    -0.222    -0.878
 5     0.490     0.871     0.014
 6   138.073     9.777    18.639
 6     0.427     0.884    -0.188
 6    -0.751     0.463     0.471
 6     0.503    -0.060     0.862
 7   111.493   -21.561   -11.478
 7     0.465     0.804     0.370
 7    -0.884     0.404     0.232
 7     0.037    -0.435     0.899
 8   119.376   -35.160     7.694
 8     0.564     0.674     0.478
 8    -0.490    -0.192     0.849
 8     0.664    -0.714     0.222
 9   136.584   -16.289    19.517
 9     0.456    -0.795    -0.402
 9     0.757     0.582    -0.294
 9     0.466    -0.170     0.867
 2    97.510   -18.429    59.158
 2     0.723    -0.691     0.004
 2     0.690     0.722     0.030
 2    -0.023    -0.020     0.999
 3   127.229    -3.071     1.209
 3     0.431    -0.376    -0.822
 3     0.070     0.920    -0.383
 3     0.899     0.106     0.422
 4   107.657    13.795    -8.826
 4     0.597    -0.628     0.501
 4     0.802     0.477    -0.357
 4    -0.015     0.615     0.788
 5   117.347    28.331     9.752
 5     0.667    -0.537     0.519
 5     0.407    -0.319    -0.855
 5     0.624     0.780     0.005
 6   135.982    10.416    23.040
 6     0.443     0.840    -0.314
 6    -0.736     0.540     0.407
 6     0.511     0.050     0.858
 7   111.619   -21.843    -9.876
 7     0.452     0.821     0.348
 7    -0.889     0.384     0.249
 7     0.072    -0.422     0.903
 8   120.094   -34.336    10.395
 8     0.578     0.725     0.375
 8    -0.393    -0.155     0.906
 8     0.715    -0.671     0.196
 9   135.645   -14.051    22.980
 9     0.401    -0.822    -0.405
 9     0.774     0.539    -0.331
 9     0.489    -0.181     0.852
 2    97.560   -18.480    59.158
 2     0.723    -0.691     0.004
 2     0.690     0.722     0.030
 2    -0.023    -0.020     0.999
 3   126.904    -2.987     1.324
 3     0.425    -0.363    -0.831
 3     0.076     0.927    -0.364
 3     0.902     0.090     0.421
 4   108.212    14.631    -8.180
 4     0.600    -0.654     0.463
 4     0.800     0.478    -0.362
 4     0.015     0.586     0.809
 5   116.559    28.311    11.595
 5     0.616    -0.591     0.524
 5     0.367    -0.372    -0.852
 5     0.697     0.716    -0.013
 6   135.030    10.675    25.895
 6     0.456     0.803    -0.384
 6    -0.726     0.584     0.363
 6     0.515     0.113     0.849
 7   110.548   -22.483    -8.354
 7     0.390     0.848     0.359
 7    -0.915     0.315     0.250
 7     0.100    -0.426     0.899
 8   119.936   -34.208    12.245
 8     0.611     0.707     0.356
 8    -0.351    -0.161     0.922
 8     0.709    -0.689     0.149
 9   135.656   -13.540    24.514
 9     0.412    -0.831    -0.376
 9     0.762     0.539    -0.357
 9     0.498    -0.139     0.855
 2    97.510   -18.429    59.158
 2     0.723    -0.692     0.004
 2     0.690     0.722     0.031
 2    -0.023    -0.020     0.999
 3   126.336    -3.133     1.123
 3     0.443    -0.352    -0.826
 3     0.071     0.931    -0.357
 3     0.894     0.098     0.436
 4   107.668    14.912    -7.704
 4     0.596    -0.658     0.461
 4     0.802     0.474    -0.361
 4     0.018     0.584     0.810
 5   116.219    28.146    12.353
 5     0.613    -0.600     0.516
 5     0.339    -0.389    -0.856
 5     0.714     0.699    -0.035
 6   134.734    10.365    26.227
 6     0.462     0.802    -0.381
 6    -0.728     0.587     0.355
 6     0.507     0.113     0.854
 7   109.767   -22.339    -8.207
 7     0.383     0.848     0.367
 7    -0.919     0.309     0.246
 7     0.095    -0.431     0.897
 8   119.267   -33.662    12.676
 8     0.612     0.704     0.361
 8    -0.338    -0.180     0.923
 8     0.715    -0.687     0.127
 9   135.440   -13.643    25.467
 9     0.430    -0.806    -0.409
 9     0.748     0.570    -0.339
 9     0.505    -0.160     0.847
];