% Calibrated with leiden_pols
% Positions are in centimeters
Data =[
 2    97.534   -18.527    59.187
 2     0.741    -0.673     0.015
 2     0.671     0.739     0.045
 2    -0.040    -0.024     0.999
 3   125.700    -3.469     1.393
 3     0.460    -0.328    -0.826
 3     0.043     0.937    -0.346
 3     0.887     0.122     0.444
 4   106.657    14.912    -7.003
 4     0.576    -0.663     0.479
 4     0.814     0.417    -0.403
 4     0.067     0.622     0.779
 5   116.591    21.094    16.456
 5     0.705    -0.448     0.552
 5     0.043    -0.748    -0.661
 5     0.708     0.490    -0.508
 6   134.547     2.622    15.534
 6     0.452     0.714    -0.538
 6    -0.854     0.170    -0.490
 6    -0.259     0.679     0.685
 7   109.309   -22.140    -8.496
 7     0.385     0.887     0.255
 7    -0.913     0.324     0.248
 7     0.137    -0.328     0.934
 8   118.226   -29.061    15.576
 8     0.630     0.649     0.427
 8    -0.140    -0.445     0.884
 8     0.763    -0.617    -0.190
 9   136.943   -10.739    24.847
 9     0.507     0.027    -0.861
 9     0.860     0.042     0.508
 9     0.052    -0.999    -0.003
 2    97.534   -18.501    59.187
 2     0.741    -0.673     0.015
 2     0.671     0.739     0.045
 2    -0.040    -0.024     0.999
 3   125.729    -3.417     1.334
 3     0.457    -0.329    -0.827
 3     0.041     0.936    -0.348
 3     0.888     0.124     0.441
 4   106.657    14.962    -7.003
 4     0.576    -0.662     0.480
 4     0.814     0.416    -0.403
 4     0.067     0.623     0.779
 5   116.588    21.093    16.460
 5     0.705    -0.448     0.551
 5     0.042    -0.748    -0.661
 5     0.707     0.490    -0.509
 6   134.626     2.754    15.572
 6     0.456     0.709    -0.540
 6    -0.852     0.172    -0.491
 6    -0.256     0.683     0.683
 7   109.402   -22.117    -8.589
 7     0.386     0.886     0.255
 7    -0.913     0.326     0.245
 7     0.134    -0.328     0.935
 8   118.229   -29.010    15.494
 8     0.629     0.650     0.426
 8    -0.140    -0.444     0.885
 8     0.764    -0.616    -0.188
 9   136.952   -10.685    24.887
 9     0.507     0.031    -0.861
 9     0.860     0.045     0.508
 9     0.056    -0.998    -0.005
 2    97.483   -18.502    59.187
 2     0.741    -0.673     0.015
 2     0.671     0.739     0.045
 2    -0.040    -0.024     0.999
 3   125.779    -3.395     1.334
 3     0.458    -0.327    -0.828
 3     0.037     0.936    -0.348
 3     0.888     0.127     0.440
 4   106.692    15.043    -6.942
 4     0.576    -0.663     0.479
 4     0.814     0.413    -0.407
 4     0.072     0.624     0.777
 5   116.545    21.095    16.475
 5     0.704    -0.449     0.552
 5     0.040    -0.749    -0.660
 5     0.709     0.487    -0.509
 6   134.624     2.806    15.742
 6     0.459     0.704    -0.544
 6    -0.851     0.172    -0.494
 6    -0.255     0.688     0.678
 7   109.349   -22.018    -8.585
 7     0.383     0.888     0.255
 7    -0.914     0.325     0.243
 7     0.133    -0.326     0.936
 8   118.095   -28.929    15.500
 8     0.625     0.652     0.430
 8    -0.138    -0.449     0.882
 8     0.768    -0.611    -0.190
 9   136.938   -10.733    24.981
 9     0.510     0.039    -0.859
 9     0.858     0.044     0.511
 9     0.059    -0.998    -0.012
 2    97.484   -18.527    59.136
 2     0.741    -0.673     0.015
 2     0.671     0.739     0.045
 2    -0.040    -0.024     0.999
 3   125.719    -3.424     1.423
 3     0.461    -0.324    -0.827
 3     0.036     0.937    -0.346
 3     0.886     0.129     0.443
 4   107.146    15.155    -6.854
 4     0.589    -0.670     0.451
 4     0.802     0.423    -0.419
 4     0.090     0.609     0.787
 5   116.231    20.553    16.894
 5     0.671    -0.456     0.586
 5     0.019    -0.777    -0.628
 5     0.741     0.433    -0.513
 6   136.621     5.785    16.939
 6     0.621     0.562    -0.551
 6    -0.721     0.135    -0.677
 6    -0.307     0.815     0.488
 7   109.186   -21.973    -8.441
 7     0.363     0.897     0.252
 7    -0.921     0.305     0.240
 7     0.138    -0.319     0.937
 8   116.989   -28.259    16.046
 8     0.604     0.624     0.497
 8    -0.125    -0.541     0.831
 8     0.787    -0.564    -0.249
 9   138.000   -13.465    25.130
 9     0.691     0.074    -0.719
 9     0.723    -0.069     0.687
 9     0.002    -0.995    -0.102
 2    97.534   -18.501    59.187
 2     0.741    -0.673     0.014
 2     0.671     0.739     0.045
 2    -0.040    -0.025     0.999
 3   125.676    -3.436     1.553
 3     0.469    -0.311    -0.827
 3     0.029     0.941    -0.335
 3     0.882     0.132     0.450
 4   107.046    15.194    -6.658
 4     0.578    -0.683     0.448
 4     0.810     0.410    -0.418
 4     0.102     0.604     0.790
 5   116.086    20.331    17.028
 5     0.669    -0.450     0.594
 5     0.019    -0.786    -0.616
 5     0.743     0.423    -0.518
 6   139.606    12.121    19.178
 6     0.849     0.369    -0.384
 6    -0.473     0.205    -0.856
 6    -0.236     0.906     0.345
 7   109.287   -21.882    -8.479
 7     0.354     0.902     0.248
 7    -0.922     0.291     0.257
 7     0.160    -0.320     0.934
 8   116.375   -27.664    16.261
 8     0.582     0.590     0.560
 8    -0.140    -0.605     0.783
 8     0.801    -0.534    -0.270
 9   139.422   -18.680    26.215
 9     0.868     0.083    -0.490
 9     0.496    -0.125     0.859
 9     0.011    -0.989    -0.150
 2    97.483   -18.502    59.187
 2     0.741    -0.673     0.015
 2     0.671     0.739     0.045
 2    -0.040    -0.024     0.999
 3   126.004    -3.277     1.475
 3     0.479    -0.296    -0.828
 3     0.009     0.943    -0.330
 3     0.878     0.149     0.453
 4   106.981    15.323    -6.390
 4     0.551    -0.700     0.455
 4     0.825     0.377    -0.419
 4     0.122     0.606     0.785
 5   115.514    20.106    17.476
 5     0.668    -0.381     0.640
 5     0.053    -0.833    -0.549
 5     0.742     0.401    -0.537
 6   139.736    20.668    23.009
 6     0.982     0.154    -0.106
 6    -0.125     0.130    -0.984
 6    -0.137     0.979     0.144
 7   109.601   -21.769    -8.564
 7     0.326     0.917     0.230
 7    -0.926     0.261     0.273
 7     0.190    -0.302     0.934
 8   115.317   -26.894    16.634
 8     0.553     0.500     0.667
 8    -0.172    -0.714     0.678
 8     0.815    -0.490    -0.308
 9   138.912   -29.262    25.257
 9     0.994    -0.092    -0.060
 9     0.042    -0.182     0.982
 9    -0.101    -0.979    -0.179
 2    97.534   -18.501    59.187
 2     0.741    -0.673     0.015
 2     0.671     0.739     0.045
 2    -0.040    -0.024     0.999
 3   126.200    -3.278     1.341
 3     0.498    -0.275    -0.824
 3    -0.008     0.947    -0.319
 3     0.867     0.164     0.469
 4   106.024    15.070    -6.393
 4     0.487    -0.730     0.479
 4     0.863     0.322    -0.388
 4     0.129     0.602     0.787
 5   113.576    19.807    17.535
 5     0.659    -0.239     0.714
 5     0.124    -0.901    -0.415
 5     0.741     0.362    -0.564
 6   136.236    27.978    25.296
 6     0.975     0.100     0.198
 6     0.204    -0.058    -0.977
 6    -0.086     0.993    -0.078
 7   109.655   -21.753    -8.585
 7     0.315     0.922     0.223
 7    -0.924     0.245     0.292
 7     0.214    -0.298     0.930
 8   115.149   -26.325    16.922
 8     0.568     0.399     0.720
 8    -0.203    -0.780     0.592
 8     0.797    -0.482    -0.362
 9   136.865   -35.724    24.908
 9     0.949    -0.218     0.228
 9    -0.279    -0.240     0.930
 9    -0.148    -0.946    -0.289
 2    97.484   -18.501    59.136
 2     0.740    -0.673     0.015
 2     0.671     0.739     0.045
 2    -0.040    -0.025     0.999
 3   126.034    -2.967     0.895
 3     0.530    -0.280    -0.802
 3     0.007     0.946    -0.323
 3     0.848     0.164     0.502
 4   104.673    14.510    -6.752
 4     0.431    -0.738     0.520
 4     0.896     0.281    -0.344
 4     0.107     0.614     0.781
 5   112.402    19.720    17.051
 5     0.656    -0.190     0.730
 5     0.157    -0.913    -0.377
 5     0.737     0.362    -0.570
 6   134.690    29.554    26.309
 6     0.953     0.075     0.291
 6     0.300    -0.165    -0.940
 6    -0.022     0.983    -0.179
 7   109.282   -22.012    -8.468
 7     0.320     0.919     0.230
 7    -0.918     0.241     0.315
 7     0.234    -0.312     0.921
 8   114.955   -26.014    17.128
 8     0.576     0.360     0.734
 8    -0.202    -0.808     0.553
 8     0.792    -0.467    -0.393
 9   136.234   -36.912    24.998
 9     0.921    -0.261     0.288
 9    -0.354    -0.258     0.899
 9    -0.160    -0.930    -0.330
 2    97.484   -18.501    59.187
 2     0.740    -0.673     0.014
 2     0.671     0.739     0.045
 2    -0.040    -0.025     0.999
 3   125.999    -2.972     0.638
 3     0.542    -0.278    -0.794
 3     0.017     0.947    -0.318
 3     0.840     0.158     0.517
 4   104.163    14.088    -6.991
 4     0.414    -0.739     0.532
 4     0.906     0.281    -0.314
 4     0.083     0.612     0.786
 5   112.455    19.924    16.436
 5     0.675    -0.181     0.716
 5     0.175    -0.903    -0.391
 5     0.717     0.390    -0.578
 6   134.704    30.402    24.423
 6     0.952     0.070     0.297
 6     0.301    -0.045    -0.953
 6    -0.053     0.996    -0.063
 7   109.274   -22.079    -8.389
 7     0.306     0.924     0.231
 7    -0.918     0.222     0.327
 7     0.251    -0.312     0.916
 8   114.713   -25.756    17.339
 8     0.568     0.330     0.754
 8    -0.208    -0.829     0.518
 8     0.796    -0.451    -0.403
 9   135.071   -38.261    25.711
 9     0.883    -0.286     0.373
 9    -0.448    -0.275     0.850
 9    -0.140    -0.918    -0.370
 2    97.484   -18.501    59.187
 2     0.740    -0.673     0.014
 2     0.671     0.739     0.045
 2    -0.040    -0.025     0.999
 3   126.181    -3.127     0.495
 3     0.550    -0.271    -0.791
 3     0.026     0.951    -0.305
 3     0.835     0.146     0.530
 4   103.667    13.366    -7.354
 4     0.377    -0.745     0.550
 4     0.924     0.266    -0.273
 4     0.057     0.611     0.789
 5   112.016    19.923    15.866
 5     0.679    -0.135     0.722
 5     0.220    -0.901    -0.373
 5     0.701     0.412    -0.582
 6   134.003    31.486    23.431
 6     0.936     0.098     0.338
 6     0.343    -0.042    -0.938
 6    -0.078     0.994    -0.073
 7   108.847   -22.309    -8.248
 7     0.288     0.926     0.242
 7    -0.922     0.200     0.331
 7     0.258    -0.319     0.911
 8   114.625   -25.897    17.468
 8     0.580     0.289     0.762
 8    -0.226    -0.841     0.490
 8     0.782    -0.457    -0.423
 9   134.660   -39.412    25.206
 9     0.840    -0.326     0.434
 9    -0.518    -0.248     0.818
 9    -0.158    -0.912    -0.376
 2    97.486   -18.526    59.184
 2     0.741    -0.673     0.014
 2     0.671     0.739     0.044
 2    -0.039    -0.024     0.999
 3   126.116    -3.165     0.338
 3     0.569    -0.282    -0.774
 3     0.036     0.947    -0.317
 3     0.821     0.152     0.549
 4   102.781    12.792    -7.500
 4     0.324    -0.753     0.573
 4     0.945     0.224    -0.239
 4     0.051     0.618     0.784
 5   111.341    19.746    15.670
 5     0.681    -0.089     0.727
 5     0.248    -0.906    -0.342
 5     0.689     0.413    -0.595
 6   132.497    33.025    23.307
 6     0.906     0.100     0.411
 6     0.418    -0.065    -0.906
 6    -0.064     0.993    -0.099
 7   108.771   -22.311    -8.344
 7     0.285     0.926     0.248
 7    -0.924     0.195     0.330
 7     0.257    -0.323     0.911
 8   114.379   -25.909    17.302
 8     0.573     0.262     0.776
 8    -0.248    -0.848     0.468
 8     0.781    -0.461    -0.422
 9   134.008   -40.050    24.904
 9     0.799    -0.350     0.491
 9    -0.578    -0.219     0.786
 9    -0.168    -0.911    -0.376
 2    97.484   -18.527    59.137
 2     0.741    -0.673     0.014
 2     0.671     0.739     0.045
 2    -0.040    -0.025     0.999
 3   126.098    -3.094     0.282
 3     0.575    -0.283    -0.769
 3     0.035     0.946    -0.319
 3     0.817     0.156     0.553
 4   102.694    12.745    -7.676
 4     0.306    -0.755     0.580
 4     0.950     0.211    -0.227
 4     0.049     0.621     0.782
 5   111.160    19.800    15.545
 5     0.677    -0.078     0.732
 5     0.258    -0.906    -0.334
 5     0.688     0.415    -0.594
 6   132.165    33.349    23.927
 6     0.901     0.059     0.430
 6     0.433    -0.075    -0.898
 6    -0.021     0.995    -0.092
 7   108.834   -22.069    -8.578
 7     0.272     0.930     0.248
 7    -0.929     0.186     0.320
 7     0.252    -0.317     0.914
 8   114.026   -25.865    17.070
 8     0.547     0.247     0.800
 8    -0.268    -0.854     0.446
 8     0.793    -0.458    -0.401
 9   133.456   -40.401    25.167
 9     0.797    -0.336     0.503
 9    -0.584    -0.215     0.782
 9    -0.154    -0.917    -0.366
 2    97.484   -18.501    59.187
 2     0.740    -0.673     0.014
 2     0.671     0.739     0.045
 2    -0.040    -0.025     0.999
 3   126.334    -2.965     0.341
 3     0.571    -0.284    -0.771
 3     0.031     0.945    -0.324
 3     0.820     0.160     0.548
 4   102.845    12.709    -7.706
 4     0.292    -0.766     0.573
 4     0.954     0.194    -0.225
 4     0.061     0.612     0.788
 5   110.884    19.868    15.508
 5     0.666    -0.065     0.743
 5     0.267    -0.910    -0.318
 5     0.696     0.410    -0.589
 6   131.732    34.050    24.715
 6     0.890     0.031     0.455
 6     0.456    -0.090    -0.885
 6     0.014     0.995    -0.093
 7   109.046   -21.973    -8.749
 7     0.268     0.934     0.236
 7    -0.931     0.187     0.314
 7     0.249    -0.304     0.919
 8   113.927   -25.817    16.884
 8     0.533     0.243     0.811
 8    -0.276    -0.856     0.437
 8     0.800    -0.457    -0.389
 9   133.145   -40.636    24.995
 9     0.793    -0.331     0.512
 9    -0.588    -0.200     0.783
 9    -0.156    -0.922    -0.352
 2    97.484   -18.527    59.187
 2     0.740    -0.673     0.014
 2     0.671     0.739     0.045
 2    -0.040    -0.025     0.999
 3   126.432    -2.813     0.442
 3     0.571    -0.288    -0.771
 3     0.030     0.944    -0.328
 3     0.820     0.163     0.546
 4   102.803    12.767    -7.719
 4     0.280    -0.772     0.571
 4     0.957     0.184    -0.222
 4     0.066     0.608     0.790
 5   110.712    19.878    15.495
 5     0.660    -0.049     0.750
 5     0.278    -0.911    -0.303
 5     0.698     0.408    -0.588
 6   131.084    34.775    25.205
 6     0.873     0.011     0.488
 6     0.486    -0.110    -0.867
 6     0.044     0.994    -0.100
 7   109.144   -21.900    -8.849
 7     0.261     0.937     0.232
 7    -0.933     0.183     0.311
 7     0.249    -0.298     0.922
 8   113.794   -25.793    16.840
 8     0.524     0.236     0.819
 8    -0.282    -0.859     0.427
 8     0.804    -0.455    -0.383
 9   132.819   -40.863    25.054
 9     0.783    -0.333     0.526
 9    -0.603    -0.205     0.770
 9    -0.148    -0.920    -0.360
 2    97.484   -18.527    59.136
 2     0.740    -0.673     0.014
 2     0.671     0.739     0.045
 2    -0.040    -0.025     0.999
 3   126.562    -2.786     0.489
 3     0.569    -0.284    -0.773
 3     0.031     0.945    -0.323
 3     0.821     0.160     0.546
 4   102.962    12.636    -7.944
 4     0.271    -0.782     0.561
 4     0.961     0.184    -0.207
 4     0.058     0.594     0.802
 5   110.660    20.062    15.246
 5     0.653    -0.040     0.756
 5     0.294    -0.907    -0.301
 5     0.698     0.418    -0.581
 6   130.906    35.177    25.330
 6     0.867    -0.012     0.498
 6     0.493    -0.110    -0.863
 6     0.065     0.994    -0.089
 7   109.450   -21.927    -8.920
 7     0.250     0.944     0.214
 7    -0.934     0.177     0.310
 7     0.255    -0.278     0.926
 8   113.626   -25.869    16.697
 8     0.508     0.233     0.830
 8    -0.286    -0.863     0.416
 8     0.812    -0.449    -0.372
 9   132.398   -41.207    25.555
 9     0.771    -0.327     0.547
 9    -0.623    -0.217     0.751
 9    -0.126    -0.919    -0.370
 2    97.484   -18.527    59.136
 2     0.740    -0.673     0.014
 2     0.671     0.739     0.045
 2    -0.040    -0.025     0.999
 3   126.689    -2.805     0.585
 3     0.560    -0.282    -0.780
 3     0.028     0.946    -0.320
 3     0.827     0.157     0.538
 4   103.114    12.586    -8.092
 4     0.266    -0.790     0.552
 4     0.962     0.183    -0.201
 4     0.058     0.585     0.809
 5   110.660    20.197    15.141
 5     0.645    -0.027     0.763
 5     0.307    -0.906    -0.291
 5     0.699     0.422    -0.577
 6   130.529    35.888    25.472
 6     0.853    -0.016     0.521
 6     0.515    -0.132    -0.847
 6     0.082     0.991    -0.104
 7   109.382   -21.765    -9.150
 7     0.231     0.950     0.208
 7    -0.940     0.164     0.298
 7     0.249    -0.265     0.931
 8   113.249   -25.840    16.429
 8     0.480     0.202     0.854
 8    -0.318    -0.867     0.382
 8     0.817    -0.455    -0.352
 9   131.609   -41.975    25.526
 9     0.757    -0.309     0.577
 9    -0.643    -0.197     0.740
 9    -0.115    -0.930    -0.346
 2    97.485   -18.526    59.184
 2     0.740    -0.674     0.014
 2     0.672     0.738     0.044
 2    -0.039    -0.024     0.999
 3   126.697    -2.811     0.504
 3     0.566    -0.281    -0.776
 3     0.026     0.946    -0.322
 3     0.823     0.161     0.542
 4   102.685    12.179    -8.146
 4     0.242    -0.793     0.559
 4     0.969     0.168    -0.181
 4     0.049     0.586     0.809
 5   110.434    20.076    14.962
 5     0.655     0.020     0.755
 5     0.343    -0.898    -0.274
 5     0.672     0.439    -0.596
 6   130.052    36.641    24.627
 6     0.839     0.002     0.543
 6     0.540    -0.120    -0.833
 6     0.064     0.993    -0.101
 7   109.211   -21.869    -9.200
 7     0.223     0.951     0.211
 7    -0.942     0.155     0.297
 7     0.250    -0.266     0.931
 8   113.087   -26.003    16.331
 8     0.466     0.171     0.868
 8    -0.336    -0.874     0.351
 8     0.818    -0.455    -0.350
 9   130.898   -42.847    25.994
 9     0.729    -0.304     0.615
 9    -0.680    -0.216     0.700
 9    -0.079    -0.928    -0.362
 2    97.485   -18.526    59.184
 2     0.740    -0.674     0.014
 2     0.672     0.738     0.044
 2    -0.039    -0.024     0.999
 3   126.653    -2.815     0.448
 3     0.572    -0.283    -0.771
 3     0.029     0.945    -0.324
 3     0.819     0.163     0.548
 4   102.550    12.127    -8.190
 4     0.235    -0.792     0.564
 4     0.971     0.163    -0.175
 4     0.046     0.588     0.807
 5   110.425    20.127    14.944
 5     0.655     0.027     0.755
 5     0.349    -0.897    -0.270
 5     0.670     0.441    -0.597
 6   129.836    36.873    25.053
 6     0.833    -0.017     0.553
 6     0.546    -0.141    -0.826
 6     0.092     0.990    -0.107
 7   109.119   -21.606    -9.354
 7     0.204     0.957     0.205
 7    -0.948     0.141     0.285
 7     0.244    -0.253     0.936
 8   112.743   -26.112    16.033
 8     0.433     0.138     0.891
 8    -0.374    -0.872     0.316
 8     0.820    -0.470    -0.326
 9   129.846   -43.961    26.088
 9     0.704    -0.292     0.649
 9    -0.708    -0.215     0.672
 9    -0.056    -0.932    -0.356
 2    97.485   -18.526    59.184
 2     0.740    -0.674     0.014
 2     0.672     0.738     0.044
 2    -0.039    -0.024     0.999
 3   126.791    -2.970     0.492
 3     0.570    -0.269    -0.778
 3     0.019     0.949    -0.312
 3     0.821     0.162     0.546
 4   103.032    12.228    -8.315
 4     0.242    -0.797     0.554
 4     0.969     0.171    -0.178
 4     0.047     0.580     0.813
 5   110.475    20.244    14.862
 5     0.642     0.033     0.766
 5     0.357    -0.897    -0.260
 5     0.678     0.440    -0.588
 6   129.647    36.951    25.710
 6     0.830    -0.038     0.556
 6     0.545    -0.161    -0.823
 6     0.120     0.986    -0.112
 7   108.766   -21.621    -9.439
 7     0.177     0.962     0.208
 7    -0.954     0.115     0.277
 7     0.242    -0.248     0.938
 8   112.132   -26.228    15.923
 8     0.412     0.120     0.903
 8    -0.389    -0.873     0.293
 8     0.823    -0.472    -0.314
 9   128.913   -44.547    26.070
 9     0.689    -0.289     0.666
 9    -0.723    -0.212     0.657
 9    -0.048    -0.933    -0.353
 2    97.486   -18.526    59.133
 2     0.740    -0.674     0.015
 2     0.672     0.739     0.044
 2    -0.039    -0.024     0.999
 3   126.748    -3.174     0.515
 3     0.569    -0.261    -0.781
 3     0.016     0.952    -0.304
 3     0.822     0.159     0.545
 4   102.983    12.124    -8.310
 4     0.246    -0.798     0.550
 4     0.968     0.175    -0.178
 4     0.046     0.576     0.815
 5   110.153    20.162    14.828
 5     0.626     0.044     0.779
 5     0.370    -0.896    -0.246
 5     0.687     0.442    -0.577
 6   129.183    37.195    26.050
 6     0.824    -0.054     0.564
 6     0.550    -0.163    -0.819
 6     0.136     0.985    -0.103
 7   108.790   -21.673    -9.438
 7     0.175     0.962     0.207
 7    -0.954     0.114     0.276
 7     0.242    -0.246     0.938
 8   111.910   -26.366    15.867
 8     0.399     0.118     0.909
 8    -0.399    -0.871     0.287
 8     0.825    -0.477    -0.300
 9   128.497   -44.795    26.230
 9     0.678    -0.281     0.680
 9    -0.734    -0.218     0.643
 9    -0.032    -0.935    -0.351
 2    97.533   -18.526    59.187
 2     0.740    -0.674     0.015
 2     0.672     0.738     0.044
 2    -0.040    -0.024     0.999
 3   126.807    -3.171     0.657
 3     0.565    -0.261    -0.784
 3     0.017     0.952    -0.303
 3     0.824     0.157     0.542
 4   103.109    12.099    -8.358
 4     0.244    -0.801     0.547
 4     0.968     0.174    -0.177
 4     0.046     0.572     0.818
 5   109.978    20.303    14.870
 5     0.610     0.069     0.789
 5     0.392    -0.892    -0.224
 5     0.689     0.446    -0.571
 6   128.657    37.742    26.217
 6     0.815    -0.066     0.575
 6     0.559    -0.165    -0.812
 6     0.149     0.984    -0.097
 7   108.836   -21.675    -9.457
 7     0.174     0.962     0.208
 7    -0.955     0.113     0.274
 7     0.240    -0.247     0.939
 8   112.290   -26.313    15.866
 8     0.412     0.124     0.902
 8    -0.397    -0.867     0.300
 8     0.820    -0.482    -0.309
 9   129.006   -44.620    25.906
 9     0.683    -0.294     0.670
 9    -0.729    -0.220     0.648
 9    -0.043    -0.930    -0.362
 2    97.485   -18.525    59.184
 2     0.739    -0.675     0.014
 2     0.672     0.738     0.044
 2    -0.039    -0.024     0.999
 3   126.821    -3.091     0.667
 3     0.561    -0.261    -0.786
 3     0.017     0.953    -0.302
 3     0.827     0.155     0.539
 4   103.259    12.224    -8.353
 4     0.247    -0.803     0.542
 4     0.968     0.178    -0.176
 4     0.045     0.568     0.821
 5   109.953    20.462    14.815
 5     0.602     0.078     0.794
 5     0.400    -0.891    -0.215
 5     0.690     0.448    -0.568
 6   128.546    37.881    26.686
 6     0.815    -0.084     0.573
 6     0.555    -0.167    -0.815
 6     0.165     0.982    -0.089
 7   108.942   -21.408    -9.539
 7     0.163     0.967     0.197
 7    -0.958     0.108     0.264
 7     0.234    -0.232     0.944
 8   111.948   -26.242    15.750
 8     0.403     0.127     0.906
 8    -0.400    -0.867     0.299
 8     0.823    -0.482    -0.298
 9   128.719   -44.617    26.039
 9     0.680    -0.289     0.675
 9    -0.732    -0.221     0.644
 9    -0.036    -0.931    -0.360
 2    97.483   -18.501    59.187
 2     0.739    -0.675     0.014
 2     0.672     0.738     0.045
 2    -0.040    -0.025     0.999
 3   127.000    -3.077     0.831
 3     0.544    -0.257    -0.800
 3     0.013     0.955    -0.296
 3     0.839     0.150     0.522
 4   103.648    12.301    -8.481
 4     0.255    -0.810     0.529
 4     0.965     0.186    -0.181
 4     0.048     0.557     0.829
 5   110.072    20.546    14.728
 5     0.598     0.054     0.799
 5     0.387    -0.893    -0.229
 5     0.701     0.446    -0.555
 6   128.732    37.715    26.953
 6     0.817    -0.097     0.569
 6     0.548    -0.175    -0.818
 6     0.179     0.980    -0.090
 7   109.039   -21.461    -9.589
 7     0.159     0.968     0.191
 7    -0.959     0.105     0.263
 7     0.234    -0.226     0.945
 8   111.960   -26.268    15.677
 8     0.396     0.136     0.908
 8    -0.398    -0.866     0.303
 8     0.827    -0.481    -0.289
 9   128.776   -44.483    26.263
 9     0.690    -0.274     0.671
 9    -0.723    -0.224     0.653
 9    -0.028    -0.935    -0.350
 2    97.483   -18.501    59.187
 2     0.739    -0.675     0.014
 2     0.673     0.737     0.045
 2    -0.040    -0.025     0.999
 3   127.128    -3.144     0.849
 3     0.534    -0.259    -0.806
 3     0.013     0.955    -0.296
 3     0.845     0.146     0.513
 4   103.882    12.348    -8.481
 4     0.270    -0.808     0.523
 4     0.961     0.198    -0.190
 4     0.049     0.554     0.830
 5   110.362    20.662    14.836
 5     0.606     0.018     0.795
 5     0.371    -0.891    -0.261
 5     0.703     0.453    -0.547
 6   130.032    36.570    26.943
 6     0.853    -0.119     0.508
 6     0.492    -0.143    -0.859
 6     0.175     0.982    -0.063
 7   109.250   -21.636    -9.398
 7     0.173     0.966     0.192
 7    -0.958     0.120     0.260
 7     0.228    -0.229     0.946
 8   112.428   -26.649    16.028
 8     0.444     0.217     0.869
 8    -0.362    -0.844     0.395
 8     0.819    -0.490    -0.297
 9   131.863   -41.784    26.481
 9     0.824    -0.249     0.510
 9    -0.565    -0.288     0.773
 9    -0.045    -0.925    -0.377
 2    97.485   -18.500    59.184
 2     0.739    -0.675     0.014
 2     0.672     0.738     0.044
 2    -0.039    -0.024     0.999
 3   126.892    -3.211     1.240
 3     0.494    -0.270    -0.828
 3     0.014     0.953    -0.300
 3     0.869     0.135     0.474
 4   104.068    12.872    -8.188
 4     0.321    -0.800     0.507
 4     0.945     0.239    -0.221
 4     0.056     0.550     0.833
 5   111.175    20.705    15.356
 5     0.651    -0.122     0.749
 5     0.283    -0.877    -0.388
 5     0.704     0.464    -0.537
 6   133.672    31.508    26.721
 6     0.950    -0.140     0.279
 6     0.277    -0.031    -0.960
 6     0.143     0.990     0.009
 7   109.000   -21.750    -8.833
 7     0.210     0.953     0.216
 7    -0.959     0.158     0.236
 7     0.191    -0.257     0.947
 8   113.184   -26.753    16.350
 8     0.514     0.327     0.793
 8    -0.285    -0.807     0.516
 8     0.809    -0.492    -0.321
 9   135.234   -36.552    26.579
 9     0.939    -0.186     0.289
 9    -0.337    -0.332     0.881
 9    -0.068    -0.925    -0.374
 2    97.485   -18.525    59.184
 2     0.739    -0.675     0.013
 2     0.673     0.738     0.044
 2    -0.039    -0.025     0.999
 3   126.735    -3.103     1.340
 3     0.487    -0.276    -0.830
 3     0.015     0.951    -0.306
 3     0.873     0.135     0.466
 4   104.049    13.186    -8.055
 4     0.343    -0.790     0.508
 4     0.938     0.262    -0.225
 4     0.045     0.554     0.831
 5   111.867    20.974    15.345
 5     0.670    -0.206     0.714
 5     0.238    -0.851    -0.467
 5     0.703     0.482    -0.522
 6   136.512    25.589    24.478
 6     0.997    -0.066    -0.024
 6    -0.011     0.185    -0.983
 6     0.069     0.980     0.183
 7   109.029   -21.599    -8.965
 7     0.243     0.945     0.216
 7    -0.955     0.193     0.226
 7     0.172    -0.262     0.949
 8   113.696   -27.050    16.051
 8     0.528     0.416     0.741
 8    -0.256    -0.754     0.605
 8     0.810    -0.509    -0.292
 9   137.569   -29.542    25.999
 9     0.997    -0.075    -0.022
 9     0.001    -0.269     0.963
 9    -0.077    -0.960    -0.270
 2    97.483   -18.501    59.187
 2     0.739    -0.675     0.014
 2     0.672     0.738     0.045
 2    -0.040    -0.025     0.999
 3   126.640    -3.077     1.434
 3     0.485    -0.279    -0.830
 3     0.014     0.950    -0.309
 3     0.874     0.137     0.464
 4   104.187    13.339    -8.103
 4     0.370    -0.776     0.512
 4     0.929     0.293    -0.226
 4     0.026     0.559     0.828
 5   112.319    21.296    15.189
 5     0.665    -0.287     0.690
 5     0.200    -0.821    -0.534
 5     0.719     0.493    -0.489
 6   137.640    17.513    23.224
 6     0.932     0.077    -0.356
 6    -0.354     0.397    -0.847
 6     0.076     0.914     0.395
 7   109.174   -21.647    -8.894
 7     0.271     0.939     0.210
 7    -0.949     0.224     0.221
 7     0.161    -0.259     0.952
 8   114.177   -27.512    15.848
 8     0.527     0.501     0.687
 8    -0.219    -0.701     0.678
 8     0.821    -0.507    -0.260
 9   137.916   -22.367    26.909
 9     0.938     0.033    -0.345
 9     0.345    -0.141     0.927
 9    -0.018    -0.989    -0.145
 2    97.485   -18.500    59.184
 2     0.739    -0.675     0.014
 2     0.673     0.737     0.044
 2    -0.039    -0.025     0.999
 3   126.543    -3.070     1.503
 3     0.482    -0.288    -0.829
 3     0.023     0.948    -0.315
 3     0.875     0.132     0.463
 4   104.340    13.346    -8.143
 4     0.394    -0.762     0.514
 4     0.919     0.318    -0.232
 4     0.013     0.564     0.825
 5   112.554    21.653    14.988
 5     0.655    -0.341     0.676
 5     0.186    -0.793    -0.579
 5     0.732     0.505    -0.456
 6   137.102    13.506    23.894
 6     0.844     0.148    -0.517
 6    -0.518     0.466    -0.717
 6     0.135     0.872     0.467
 7   109.508   -21.761    -8.874
 7     0.307     0.930     0.198
 7    -0.938     0.262     0.225
 7     0.157    -0.256     0.954
 8   114.591   -27.950    15.804
 8     0.518     0.587     0.623
 8    -0.186    -0.633     0.750
 8     0.835    -0.504    -0.219
 9   136.640   -16.949    28.847
 9     0.803     0.094    -0.589
 9     0.589     0.024     0.807
 9     0.091    -0.995    -0.037
 2    97.485   -18.500    59.184
 2     0.739    -0.675     0.014
 2     0.673     0.737     0.044
 2    -0.039    -0.025     0.999
 3   126.494    -2.959     1.624
 3     0.473    -0.292    -0.832
 3     0.025     0.948    -0.317
 3     0.880     0.128     0.455
 4   104.552    13.672    -8.066
 4     0.410    -0.760     0.504
 4     0.911     0.333    -0.240
 4     0.015     0.557     0.830
 5   112.462    21.979    15.175
 5     0.630    -0.393     0.671
 5     0.168    -0.774    -0.610
 5     0.758     0.496    -0.421
 6   136.161    12.221    26.272
 6     0.787     0.085    -0.612
 6    -0.569     0.478    -0.669
 6     0.237     0.874     0.421
 7   110.160   -21.574    -8.893
 7     0.339     0.921     0.190
 7    -0.929     0.296     0.224
 7     0.150    -0.253     0.956
 8   115.709   -28.531    15.239
 8     0.503     0.674     0.542
 8    -0.172    -0.536     0.826
 8     0.847    -0.508    -0.154
 9   135.531   -15.407    32.117
 9     0.698     0.238    -0.675
 9     0.669     0.118     0.733
 9     0.255    -0.964    -0.077
 2    97.485   -18.500    59.184
 2     0.739    -0.675     0.014
 2     0.673     0.737     0.044
 2    -0.039    -0.024     0.999
 3   126.643    -2.704     1.901
 3     0.444    -0.317    -0.840
 3     0.028     0.940    -0.338
 3     0.895     0.125     0.425
 4   105.035    13.757    -8.138
 4     0.414    -0.772     0.483
 4     0.910     0.335    -0.243
 4     0.026     0.540     0.841
 5   112.297    22.013    15.093
 5     0.598    -0.424     0.681
 5     0.164    -0.766    -0.620
 5     0.784     0.482    -0.389
 6   135.413    12.812    28.650
 6     0.779    -0.041    -0.626
 6    -0.541     0.459    -0.705
 6     0.318     0.887     0.333
 7   110.620   -21.834    -8.815
 7     0.348     0.918     0.190
 7    -0.923     0.299     0.242
 7     0.165    -0.260     0.951
 8   115.954   -28.549    15.507
 8     0.494     0.687     0.535
 8    -0.166    -0.528     0.832
 8     0.853    -0.499    -0.146
 9   135.566   -15.694    32.860
 9     0.682     0.246    -0.689
 9     0.676     0.146     0.721
 9     0.277    -0.958    -0.067
 2    97.485   -18.500    59.184
 2     0.739    -0.675     0.014
 2     0.673     0.737     0.044
 2    -0.039    -0.025     0.999
 3   126.780    -2.838     1.953
 3     0.429    -0.332    -0.842
 3     0.036     0.936    -0.348
 3     0.902     0.118     0.412
 4   105.270    13.629    -8.168
 4     0.424    -0.769     0.479
 4     0.905     0.343    -0.250
 4     0.028     0.539     0.841
 5   112.416    21.887    15.051
 5     0.595    -0.437     0.676
 5     0.155    -0.762    -0.628
 5     0.788     0.478    -0.386
 6   135.619    13.099    29.139
 6     0.780    -0.081    -0.621
 6    -0.522     0.461    -0.718
 6     0.345     0.884     0.315
 7   110.580   -22.005    -8.720
 7     0.335     0.921     0.196
 7    -0.925     0.283     0.253
 7     0.178    -0.267     0.947
 8   115.687   -28.409    15.948
 8     0.492     0.667     0.561
 8    -0.159    -0.564     0.810
 8     0.856    -0.488    -0.171
 9   135.554   -15.871    33.027
 9     0.689     0.249    -0.680
 9     0.667     0.146     0.730
 9     0.281    -0.957    -0.066
 2    97.485   -18.525    59.184
 2     0.739    -0.675     0.013
 2     0.673     0.737     0.044
 2    -0.039    -0.025     0.999
 3   126.749    -2.860     1.932
 3     0.422    -0.330    -0.846
 3     0.033     0.937    -0.346
 3     0.905     0.116     0.406
 4   105.396    13.752    -8.221
 4     0.439    -0.758     0.483
 4     0.898     0.353    -0.261
 4     0.028     0.548     0.836
 5   112.718    21.899    15.086
 5     0.602    -0.458     0.656
 5     0.135    -0.750    -0.647
 5     0.787     0.477    -0.390
 6   135.784    13.454    29.581
 6     0.783    -0.106    -0.613
 6    -0.505     0.466    -0.727
 6     0.364     0.878     0.309
 7   110.652   -21.930    -8.768
 7     0.335     0.922     0.195
 7    -0.925     0.283     0.251
 7     0.177    -0.265     0.948
 8   115.702   -28.270    15.958
 8     0.492     0.666     0.562
 8    -0.147    -0.571     0.807
 8     0.858    -0.480    -0.182
 9   135.657   -15.965    33.180
 9     0.692     0.266    -0.671
 9     0.661     0.140     0.737
 9     0.290    -0.953    -0.079
 2    97.485   -18.500    59.184
 2     0.739    -0.675     0.014
 2     0.673     0.738     0.045
 2    -0.039    -0.025     0.999
 3   126.814    -2.855     1.959
 3     0.417    -0.335    -0.846
 3     0.032     0.935    -0.352
 3     0.908     0.118     0.399
 4   105.463    13.632    -8.189
 4     0.437    -0.762     0.479
 4     0.899     0.349    -0.265
 4     0.035     0.545     0.837
 5   112.667    21.822    15.186
 5     0.602    -0.457     0.656
 5     0.133    -0.752    -0.645
 5     0.787     0.475    -0.392
 6   135.787    13.538    29.743
 6     0.787    -0.118    -0.605
 6    -0.495     0.462    -0.736
 6     0.367     0.879     0.304
 7   110.790   -22.126    -8.742
 7     0.338     0.922     0.188
 7    -0.923     0.285     0.258
 7     0.184    -0.261     0.947
 8   115.752   -28.448    16.239
 8     0.492     0.665     0.562
 8    -0.148    -0.572     0.806
 8     0.858    -0.480    -0.182
 9   135.609   -16.015    33.261
 9     0.692     0.272    -0.670
 9     0.661     0.133     0.737
 9     0.289    -0.953    -0.088
 2    97.485   -18.500    59.184
 2     0.739    -0.675     0.013
 2     0.673     0.737     0.044
 2    -0.039    -0.025     0.999
 3   126.765    -3.005     2.087
 3     0.417    -0.334    -0.846
 3     0.035     0.935    -0.350
 3     0.908     0.115     0.401
 4   105.473    13.509    -8.124
 4     0.437    -0.763     0.477
 4     0.898     0.346    -0.269
 4     0.039     0.546     0.836
 5   112.424    21.652    15.249
 5     0.599    -0.448     0.665
 5     0.139    -0.758    -0.636
 5     0.789     0.473    -0.391
 6   135.680    13.587    29.752
 6     0.790    -0.115    -0.602
 6    -0.492     0.463    -0.737
 6     0.364     0.879     0.307
 7   110.641   -22.171    -8.433
 7     0.331     0.923     0.195
 7    -0.924     0.274     0.267
 7     0.193    -0.269     0.943
 8   115.689   -28.454    16.437
 8     0.495     0.659     0.567
 8    -0.154    -0.575     0.803
 8     0.855    -0.485    -0.182
 9   135.650   -16.095    33.273
 9     0.694     0.268    -0.669
 9     0.661     0.131     0.738
 9     0.285    -0.954    -0.086
];