% Calibrated with leiden_pols
% Positions are in centimeters
Data =[
 2    97.534   -18.527    59.187
 2     0.741    -0.673     0.015
 2     0.671     0.739     0.045
 2    -0.040    -0.024     0.999
 3   125.700    -3.469     1.393
 3     0.460    -0.328    -0.826
 3     0.043     0.937    -0.346
 3     0.887     0.122     0.444
 4   106.657    14.912    -7.003
 4     0.576    -0.663     0.479
 4     0.814     0.417    -0.403
 4     0.067     0.622     0.779
 5   116.591    21.094    16.456
 5     0.705    -0.448     0.552
 5     0.043    -0.748    -0.661
 5     0.708     0.490    -0.508
 6   134.547     2.622    15.534
 6     0.452     0.714    -0.538
 6    -0.854     0.170    -0.490
 6    -0.259     0.679     0.685
 7   109.309   -22.140    -8.496
 7     0.385     0.887     0.255
 7    -0.913     0.324     0.248
 7     0.137    -0.328     0.934
 8   118.226   -29.061    15.576
 8     0.630     0.649     0.427
 8    -0.140    -0.445     0.884
 8     0.763    -0.617    -0.190
 9   136.943   -10.739    24.847
 9     0.507     0.027    -0.861
 9     0.860     0.042     0.508
 9     0.052    -0.999    -0.003
 2    97.534   -18.501    59.187
 2     0.741    -0.673     0.015
 2     0.671     0.739     0.045
 2    -0.040    -0.024     0.999
 3   125.729    -3.417     1.334
 3     0.457    -0.329    -0.827
 3     0.041     0.936    -0.348
 3     0.888     0.124     0.441
 4   106.657    14.962    -7.003
 4     0.576    -0.662     0.480
 4     0.814     0.416    -0.403
 4     0.067     0.623     0.779
 5   116.588    21.093    16.460
 5     0.705    -0.448     0.551
 5     0.042    -0.748    -0.661
 5     0.707     0.490    -0.509
 6   134.626     2.754    15.572
 6     0.456     0.709    -0.540
 6    -0.852     0.172    -0.491
 6    -0.256     0.683     0.683
 7   109.402   -22.117    -8.589
 7     0.386     0.886     0.255
 7    -0.913     0.326     0.245
 7     0.134    -0.328     0.935
 8   118.229   -29.010    15.494
 8     0.629     0.650     0.426
 8    -0.140    -0.444     0.885
 8     0.764    -0.616    -0.188
 9   136.952   -10.685    24.887
 9     0.507     0.031    -0.861
 9     0.860     0.045     0.508
 9     0.056    -0.998    -0.005
 2    97.483   -18.502    59.187
 2     0.741    -0.673     0.015
 2     0.671     0.739     0.045
 2    -0.040    -0.024     0.999
 3   125.779    -3.395     1.334
 3     0.458    -0.327    -0.828
 3     0.037     0.936    -0.348
 3     0.888     0.127     0.440
 4   106.692    15.043    -6.942
 4     0.576    -0.663     0.479
 4     0.814     0.413    -0.407
 4     0.072     0.624     0.777
 5   116.545    21.095    16.475
 5     0.704    -0.449     0.552
 5     0.040    -0.749    -0.660
 5     0.709     0.487    -0.509
 6   134.624     2.806    15.742
 6     0.459     0.704    -0.544
 6    -0.851     0.172    -0.494
 6    -0.255     0.688     0.678
 7   109.349   -22.018    -8.585
 7     0.383     0.888     0.255
 7    -0.914     0.325     0.243
 7     0.133    -0.326     0.936
 8   118.095   -28.929    15.500
 8     0.625     0.652     0.430
 8    -0.138    -0.449     0.882
 8     0.768    -0.611    -0.190
 9   136.938   -10.733    24.981
 9     0.510     0.039    -0.859
 9     0.858     0.044     0.511
 9     0.059    -0.998    -0.012
 2    97.484   -18.527    59.136
 2     0.741    -0.673     0.015
 2     0.671     0.739     0.045
 2    -0.040    -0.024     0.999
 3   125.719    -3.424     1.423
 3     0.461    -0.324    -0.827
 3     0.036     0.937    -0.346
 3     0.886     0.129     0.443
 4   107.146    15.155    -6.854
 4     0.589    -0.670     0.451
 4     0.802     0.423    -0.419
 4     0.090     0.609     0.787
 5   116.231    20.553    16.894
 5     0.671    -0.456     0.586
 5     0.019    -0.777    -0.628
 5     0.741     0.433    -0.513
 6   136.621     5.785    16.939
 6     0.621     0.562    -0.551
 6    -0.721     0.135    -0.677
 6    -0.307     0.815     0.488
 7   109.186   -21.973    -8.441
 7     0.363     0.897     0.252
 7    -0.921     0.305     0.240
 7     0.138    -0.319     0.937
 8   116.989   -28.259    16.046
 8     0.604     0.624     0.497
 8    -0.125    -0.541     0.831
 8     0.787    -0.564    -0.249
 9   138.000   -13.465    25.130
 9     0.691     0.074    -0.719
 9     0.723    -0.069     0.687
 9     0.002    -0.995    -0.102
 2    97.534   -18.501    59.187
 2     0.741    -0.673     0.014
 2     0.671     0.739     0.045
 2    -0.040    -0.025     0.999
 3   125.676    -3.436     1.553
 3     0.469    -0.311    -0.827
 3     0.029     0.941    -0.335
 3     0.882     0.132     0.450
 4   107.046    15.194    -6.658
 4     0.578    -0.683     0.448
 4     0.810     0.410    -0.418
 4     0.102     0.604     0.790
 5   116.086    20.331    17.028
 5     0.669    -0.450     0.594
 5     0.019    -0.786    -0.616
 5     0.743     0.423    -0.518
 6   139.606    12.121    19.178
 6     0.849     0.369    -0.384
 6    -0.473     0.205    -0.856
 6    -0.236     0.906     0.345
 7   109.287   -21.882    -8.479
 7     0.354     0.902     0.248
 7    -0.922     0.291     0.257
 7     0.160    -0.320     0.934
 8   116.375   -27.664    16.261
 8     0.582     0.590     0.560
 8    -0.140    -0.605     0.783
 8     0.801    -0.534    -0.270
 9   139.422   -18.680    26.215
 9     0.868     0.083    -0.490
 9     0.496    -0.125     0.859
 9     0.011    -0.989    -0.150
 2    97.483   -18.502    59.187
 2     0.741    -0.673     0.015
 2     0.671     0.739     0.045
 2    -0.040    -0.024     0.999
 3   126.004    -3.277     1.475
 3     0.479    -0.296    -0.828
 3     0.009     0.943    -0.330
 3     0.878     0.149     0.453
 4   106.981    15.323    -6.390
 4     0.551    -0.700     0.455
 4     0.825     0.377    -0.419
 4     0.122     0.606     0.785
 5   115.514    20.106    17.476
 5     0.668    -0.381     0.640
 5     0.053    -0.833    -0.549
 5     0.742     0.401    -0.537
 6   139.736    20.668    23.009
 6     0.982     0.154    -0.106
 6    -0.125     0.130    -0.984
 6    -0.137     0.979     0.144
 7   109.601   -21.769    -8.564
 7     0.326     0.917     0.230
 7    -0.926     0.261     0.273
 7     0.190    -0.302     0.934
 8   115.317   -26.894    16.634
 8     0.553     0.500     0.667
 8    -0.172    -0.714     0.678
 8     0.815    -0.490    -0.308
 9   138.912   -29.262    25.257
 9     0.994    -0.092    -0.060
 9     0.042    -0.182     0.982
 9    -0.101    -0.979    -0.179
 2    97.534   -18.501    59.187
 2     0.741    -0.673     0.015
 2     0.671     0.739     0.045
 2    -0.040    -0.024     0.999
 3   126.200    -3.278     1.341
 3     0.498    -0.275    -0.824
 3    -0.008     0.947    -0.319
 3     0.867     0.164     0.469
 4   106.024    15.070    -6.393
 4     0.487    -0.730     0.479
 4     0.863     0.322    -0.388
 4     0.129     0.602     0.787
 5   113.576    19.807    17.535
 5     0.659    -0.239     0.714
 5     0.124    -0.901    -0.415
 5     0.741     0.362    -0.564
 6   136.236    27.978    25.296
 6     0.975     0.100     0.198
 6     0.204    -0.058    -0.977
 6    -0.086     0.993    -0.078
 7   109.655   -21.753    -8.585
 7     0.315     0.922     0.223
 7    -0.924     0.245     0.292
 7     0.214    -0.298     0.930
 8   115.149   -26.325    16.922
 8     0.568     0.399     0.720
 8    -0.203    -0.780     0.592
 8     0.797    -0.482    -0.362
 9   136.865   -35.724    24.908
 9     0.949    -0.218     0.228
 9    -0.279    -0.240     0.930
 9    -0.148    -0.946    -0.289
 2    97.484   -18.501    59.136
 2     0.740    -0.673     0.015
 2     0.671     0.739     0.045
 2    -0.040    -0.025     0.999
 3   126.034    -2.967     0.895
 3     0.530    -0.280    -0.802
 3     0.007     0.946    -0.323
 3     0.848     0.164     0.502
 4   104.673    14.510    -6.752
 4     0.431    -0.738     0.520
 4     0.896     0.281    -0.344
 4     0.107     0.614     0.781
 5   112.402    19.720    17.051
 5     0.656    -0.190     0.730
 5     0.157    -0.913    -0.377
 5     0.737     0.362    -0.570
