2 	  32.64	  -6.87	  22.97
	 -0.053	  0.996	 -0.068
	 -0.998	 -0.054	 -0.012
	 -0.015	  0.067	  0.997

3 	  43.89	  -1.09	   3.36
	  0.491	  0.335	  0.804
	 -0.516	  0.856	 -0.042
	 -0.702	 -0.394	  0.593

4 	  37.11	   3.90	  -2.41
	  0.566	  0.750	 -0.340
	 -0.691	  0.657	  0.300
	  0.449	  0.064	  0.891

5 	  37.32	   7.73	   9.79
	  0.391	  0.093	  0.916
	 -0.319	 -0.920	  0.229
	  0.863	 -0.381	 -0.330

6 	  42.87	  10.09	  17.88
	  0.539	  0.002	  0.842
	 -0.841	  0.036	  0.539
	 -0.029	 -0.999	  0.021

7 	  38.29	  -7.66	  -2.00
	  0.626	 -0.766	  0.145
	  0.778	  0.603	 -0.175
	  0.046	  0.223	  0.974

8 	  37.05	  -9.53	   9.77
	  0.441	 -0.172	  0.881
	 -0.030	 -0.984	 -0.177
	  0.897	  0.052	 -0.439

9 	  43.49	 -12.20	  17.98
	  0.348	  0.014	  0.937
	  0.798	  0.521	 -0.304
	 -0.493	  0.854	  0.170

2 	  32.64	  -6.87	  22.97
	 -0.054	  0.996	 -0.068
	 -0.998	 -0.055	 -0.012
	 -0.016	  0.067	  0.997

3 	  43.89	  -1.09	   3.36
	  0.491	  0.335	  0.804
	 -0.516	  0.856	 -0.042
	 -0.702	 -0.394	  0.593

4 	  37.11	   3.92	  -2.41
	  0.566	  0.751	 -0.340
	 -0.691	  0.657	  0.300
	  0.449	  0.065	  0.891

5 	  37.28	   7.73	   9.81
	  0.394	  0.095	  0.914
	 -0.313	 -0.921	  0.231
	  0.864	 -0.377	 -0.333

6 	  42.87	  10.11	  17.89
	  0.539	  0.004	  0.842
	 -0.842	  0.033	  0.538
	 -0.026	 -0.999	  0.021

7 	  38.29	  -7.66	  -2.00
	  0.627	 -0.765	  0.145
	  0.777	  0.603	 -0.176
	  0.047	  0.224	  0.973

8 	  37.07	  -9.51	   9.81
	  0.453	 -0.177	  0.874
	 -0.042	 -0.983	 -0.177
	  0.890	  0.044	 -0.453

9 	  43.37	 -12.73	  17.86
	  0.393	 -0.001	  0.919
	  0.870	  0.323	 -0.372
	 -0.297	  0.946	  0.128

2 	  32.64	  -6.87	  22.97
	 -0.054	  0.996	 -0.068
	 -0.998	 -0.055	 -0.012
	 -0.015	  0.067	  0.997

3 	  43.88	  -1.09	   3.34
	  0.492	  0.335	  0.803
	 -0.514	  0.856	 -0.043
	 -0.702	 -0.392	  0.594

4 	  37.11	   3.90	  -2.43
	  0.563	  0.751	 -0.344
	 -0.693	  0.656	  0.299
	  0.450	  0.070	  0.890

5 	  37.34	   7.72	   9.77
	  0.408	  0.110	  0.906
	 -0.328	 -0.909	  0.258
	  0.852	 -0.403	 -0.335

6 	  42.93	  10.12	  17.77
	  0.540	  0.007	  0.842
	 -0.841	  0.040	  0.539
	 -0.030	 -0.999	  0.027

7 	  38.29	  -7.65	  -2.00
	  0.625	 -0.767	  0.146
	  0.779	  0.601	 -0.179
	  0.049	  0.225	  0.973

8 	  37.39	  -9.63	   9.84
	  0.526	 -0.271	  0.806
	 -0.153	 -0.962	 -0.224
	  0.836	 -0.006	 -0.548

9 	  43.84	 -14.10	  16.95
	  0.519	 -0.106	  0.848
	  0.854	  0.054	 -0.516
	  0.008	  0.993	  0.119

2 	  32.64	  -6.87	  22.97
	 -0.054	  0.996	 -0.068
	 -0.998	 -0.055	 -0.012
	 -0.016	  0.067	  0.997

3 	  43.89	  -1.05	   3.32
	  0.493	  0.336	  0.802
	 -0.513	  0.857	 -0.044
	 -0.703	 -0.390	  0.595

4 	  37.09	   3.92	  -2.41
	  0.561	  0.752	 -0.345
	 -0.694	  0.655	  0.299
	  0.451	  0.071	  0.889

5 	  37.44	   7.84	   9.79
	  0.445	  0.123	  0.887
	 -0.334	 -0.896	  0.292
	  0.831	 -0.426	 -0.358

6 	  43.03	  10.27	  17.67
	  0.547	  0.015	  0.837
	 -0.837	  0.039	  0.546
	 -0.024	 -0.999	  0.034

7 	  38.23	  -7.54	  -2.04
	  0.625	 -0.769	  0.134
	  0.778	  0.601	 -0.181
	  0.059	  0.217	  0.974

8 	  37.97	 -10.11	   9.67
	  0.575	 -0.409	  0.708
	 -0.306	 -0.910	 -0.278
	  0.759	 -0.057	 -0.649

9 	  44.10	 -16.08	  15.54
	  0.602	 -0.261	  0.755
	  0.747	 -0.148	 -0.648
	  0.281	  0.954	  0.105

2 	  32.64	  -6.87	  22.97
	 -0.054	  0.996	 -0.068
	 -0.998	 -0.055	 -0.012
	 -0.016	  0.067	  0.997

3 	  43.86	  -1.05	   3.29
	  0.496	  0.336	  0.800
	 -0.512	  0.857	 -0.043
	 -0.701	 -0.389	  0.598

4 	  36.91	   3.85	  -2.48
	  0.548	  0.754	 -0.362
	 -0.698	  0.651	  0.298
	  0.461	  0.089	  0.883

5 	  37.56	   8.14	   9.58
	  0.491	  0.160	  0.856
	 -0.315	 -0.884	  0.346
	  0.812	 -0.439	 -0.383

6 	  43.56	  10.97	  16.98
	  0.590	  0.060	  0.805
	 -0.807	  0.015	  0.591
	  0.023	 -0.998	  0.057

7 	  38.11	  -7.40	  -2.11
	  0.628	 -0.771	  0.104
	  0.774	  0.606	 -0.185
	  0.080	  0.196	  0.977

8 	  38.74	 -10.69	   9.28
	  0.579	 -0.566	  0.587
	 -0.492	 -0.817	 -0.301
	  0.649	 -0.115	 -0.752

9 	  44.44	 -17.93	  13.87
	  0.640	 -0.425	  0.640
	  0.566	 -0.303	 -0.767
	  0.520	  0.853	  0.047

2 	  32.64	  -6.87	  22.97
	 -0.053	  0.996	 -0.068
	 -0.998	 -0.054	 -0.012
	 -0.016	  0.067	  0.997

3 	  43.84	  -0.97	   3.20
	  0.499	  0.339	  0.797
	 -0.516	  0.855	 -0.041
	 -0.696	 -0.391	  0.602

4 	  36.72	   3.81	  -2.57
	  0.525	  0.757	 -0.388
	 -0.708	  0.641	  0.294
	  0.472	  0.120	  0.873

5 	  37.81	   8.56	   9.25
	  0.540	  0.233	  0.809
	 -0.241	 -0.878	  0.414
	  0.806	 -0.418	 -0.418

6 	  44.07	  12.15	  16.15
	  0.644	  0.135	  0.752
	 -0.755	 -0.040	  0.654
	  0.118	 -0.990	  0.076

7 	  38.07	  -7.22	  -2.23
	  0.632	 -0.772	  0.061
	  0.767	  0.613	 -0.188
	  0.108	  0.166	  0.980

8 	  39.69	 -11.30	   8.68
	  0.567	 -0.708	  0.420
	 -0.668	 -0.694	 -0.268
	  0.481	 -0.129	 -0.867

9 	  44.61	 -19.65	  11.51
	  0.656	 -0.586	  0.475
	  0.290	 -0.386	 -0.876
	  0.697	  0.712	 -0.083

2 	  32.64	  -6.87	  22.97
	 -0.054	  0.996	 -0.068
	 -0.998	 -0.055	 -0.012
	 -0.016	  0.067	  0.997

3 	  43.79	  -0.86	   3.09
	  0.501	  0.341	  0.795
	 -0.521	  0.852	 -0.037
	 -0.691	 -0.396	  0.605

4 	  36.54	   3.74	  -2.69
	  0.503	  0.756	 -0.419
	 -0.716	  0.636	  0.288
	  0.484	  0.155	  0.861

5 	  38.02	   8.91	   8.88
	  0.573	  0.281	  0.769
	 -0.194	 -0.866	  0.460
	  0.795	 -0.414	 -0.442

6 	  44.49	  12.85	  15.22
	  0.686	  0.184	  0.703
	 -0.704	 -0.075	  0.706
	  0.183	 -0.980	  0.078

7 	  37.93	  -7.00	  -2.39
	  0.627	 -0.779	 -0.015
	  0.762	  0.617	 -0.193
	  0.160	  0.110	  0.981

8 	  40.62	 -12.18	   7.44
	  0.545	 -0.803	  0.240
	 -0.782	 -0.591	 -0.198
	  0.301	 -0.080	 -0.950

9 	  44.82	 -21.34	   8.49
	  0.625	 -0.738	  0.254
	 -0.127	 -0.417	 -0.900
	  0.770	  0.530	 -0.355

2 	  32.64	  -6.87	  22.97
	 -0.054	  0.996	 -0.068
	 -0.998	 -0.055	 -0.012
	 -0.016	  0.067	  0.997

3 	  43.75	  -0.72	   2.95
	  0.504	  0.339	  0.794
	 -0.520	  0.854	 -0.034
	 -0.689	 -0.396	  0.606

4 	  36.44	   3.73	  -2.78
	  0.485	  0.754	 -0.443
	 -0.720	  0.632	  0.287
	  0.496	  0.179	  0.849

5 	  38.27	   9.19	   8.58
	  0.603	  0.314	  0.733
	 -0.156	 -0.855	  0.495
	  0.782	 -0.413	 -0.466

6 	  44.91	  13.43	  14.55
	  0.718	  0.222	  0.659
	 -0.654	 -0.108	  0.749
	  0.238	 -0.969	  0.068

7 	  37.72	  -6.70	  -2.69
	  0.607	 -0.784	 -0.134
	  0.756	  0.621	 -0.206
	  0.245	  0.024	  0.969

8 	  41.36	 -13.06	   5.33
	  0.506	 -0.861	  0.054
	 -0.855	 -0.509	 -0.099
	  0.113	  0.004	 -0.994

9 	  44.88	 -22.61	   4.27
	  0.563	 -0.827	  0.007
	 -0.437	 -0.304	 -0.846
	  0.702	  0.473	 -0.533

2 	  32.64	  -6.87	  22.97
	 -0.054	  0.996	 -0.068
	 -0.998	 -0.055	 -0.012
	 -0.016	  0.067	  0.997

3 	  43.68	  -0.69	   2.72
	  0.514	  0.321	  0.795
	 -0.511	  0.859	 -0.018
	 -0.690	 -0.397	  0.605

4 	  36.25	   3.73	  -2.87
	  0.465	  0.753	 -0.465
	 -0.721	  0.627	  0.295
	  0.514	  0.198	  0.835

5 	  38.44	   9.40	   8.31
	  0.630	  0.337	  0.700
	 -0.125	 -0.845	  0.520
	  0.766	 -0.415	 -0.490

6 	  45.28	  13.75	  13.85
	  0.747	  0.245	  0.617
	 -0.606	 -0.130	  0.785
	  0.272	 -0.961	  0.051

7 	  37.51	  -6.38	  -3.04
	  0.593	 -0.767	 -0.245
	  0.735	  0.640	 -0.223
	  0.328	 -0.048	  0.943

8 	  41.80	 -13.59	   3.20
	  0.471	 -0.873	 -0.126
	 -0.881	 -0.471	 -0.032
	 -0.031	  0.126	 -0.992

9 	  44.75	 -23.15	   0.42
	  0.492	 -0.850	 -0.189
	 -0.627	 -0.196	 -0.754
	  0.603	  0.490	 -0.629

2 	  32.64	  -6.87	  22.97
	 -0.054	  0.996	 -0.068
	 -0.998	 -0.055	 -0.012
	 -0.016	  0.067	  0.997

3 	  43.63	  -0.53	   2.55
	  0.522	  0.309	  0.794
	 -0.516	  0.857	  0.005
	 -0.679	 -0.412	  0.607

4 	  36.04	   3.78	  -2.94
	  0.441	  0.754	 -0.487
	 -0.722	  0.620	  0.306
	  0.533	  0.216	  0.818

5 	  38.57	   9.63	   8.10
	  0.653	  0.354	  0.669
	 -0.095	 -0.839	  0.536
	  0.751	 -0.414	 -0.515

6 	  45.51	  14.19	  13.38
	  0.767	  0.272	  0.580
	 -0.557	 -0.166	  0.814
	  0.318	 -0.948	  0.025

7 	  37.27	  -6.05	  -3.16
	  0.585	 -0.740	 -0.331
	  0.707	  0.665	 -0.239
	  0.397	 -0.095	  0.913

8 	  42.10	 -13.52	   1.55
	  0.442	 -0.859	 -0.258
	 -0.881	 -0.470	  0.056
	 -0.169	  0.202	 -0.965

9 	  44.61	 -22.85	  -2.60
	  0.412	 -0.844	 -0.344
	 -0.810	 -0.167	 -0.562
	  0.417	  0.510	 -0.752

2 	  32.64	  -6.86	  22.97
	 -0.054	  0.996	 -0.068
	 -0.998	 -0.055	 -0.012
	 -0.016	  0.067	  0.997

3 	  43.54	  -0.37	   2.30
	  0.543	  0.300	  0.784
	 -0.517	  0.855	  0.031
	 -0.662	 -0.422	  0.619

4 	  35.75	   3.80	  -2.97
	  0.417	  0.752	 -0.511
	 -0.717	  0.617	  0.323
	  0.558	  0.231	  0.797

5 	  38.71	   9.72	   7.86
	  0.680	  0.357	  0.641
	 -0.076	 -0.834	  0.546
	  0.729	 -0.420	 -0.540

6 	  45.77	  14.26	  12.80
	  0.791	  0.283	  0.542
	 -0.506	 -0.196	  0.840
	  0.344	 -0.939	 -0.011

7 	  36.97	  -5.82	  -3.30
	  0.571	 -0.717	 -0.401
	  0.673	  0.688	 -0.272
	  0.470	 -0.115	  0.875

8 	  42.33	 -13.36	   0.05
	  0.408	 -0.843	 -0.350
	 -0.858	 -0.485	  0.168
	 -0.312	  0.232	 -0.921

9 	  44.47	 -22.55	  -4.89
	  0.345	 -0.824	 -0.448
	 -0.903	 -0.163	 -0.398
	  0.255	  0.542	 -0.801

2 	  32.64	  -6.87	  22.97
	 -0.054	  0.996	 -0.068
	 -0.998	 -0.055	 -0.012
	 -0.016	  0.067	  0.997

3 	  43.47	  -0.18	   2.00
	  0.565	  0.296	  0.770
	 -0.528	  0.847	  0.061
	 -0.634	 -0.442	  0.635

4 	  35.46	   3.80	  -3.02
	  0.385	  0.753	 -0.533
	 -0.717	  0.608	  0.342
	  0.582	  0.250	  0.774

5 	  38.72	   9.88	   7.66
	  0.701	  0.374	  0.607
	 -0.038	 -0.831	  0.555
	  0.712	 -0.413	 -0.568

6 	  45.95	  14.54	  12.30
	  0.810	  0.306	  0.500
	 -0.445	 -0.234	  0.864
	  0.381	 -0.923	 -0.053

7 	  36.74	  -5.62	  -3.39
	  0.565	 -0.689	 -0.453
	  0.642	  0.713	 -0.282
	  0.517	 -0.131	  0.846

8 	  42.26	 -13.20	  -0.98
	  0.386	 -0.819	 -0.424
	 -0.842	 -0.501	  0.202
	 -0.378	  0.278	 -0.883

9 	  44.10	 -22.17	  -6.66
	  0.296	 -0.802	 -0.519
	 -0.939	 -0.146	 -0.310
	  0.173	  0.579	 -0.797

2 	  32.64	  -6.87	  22.97
	 -0.053	  0.996	 -0.068
	 -0.998	 -0.054	 -0.012
	 -0.016	  0.067	  0.997

3 	  43.38	  -0.07	   1.83
	  0.577	  0.297	  0.761
	 -0.536	  0.840	  0.078
	 -0.616	 -0.453	  0.644

4 	  35.21	   3.78	  -3.06
	  0.358	  0.752	 -0.553
	 -0.717	  0.600	  0.353
	  0.598	  0.270	  0.755

5 	  38.72	   9.97	   7.44
	  0.715	  0.388	  0.581
	 -0.011	 -0.825	  0.565
	  0.699	 -0.411	 -0.585

6 	  45.93	  14.80	  11.71
	  0.819	  0.333	  0.466
	 -0.395	 -0.260	  0.881
	  0.415	 -0.906	 -0.082

7 	  36.56	  -5.47	  -3.50
	  0.558	 -0.670	 -0.490
	  0.620	  0.729	 -0.289
	  0.550	 -0.142	  0.823

8 	  42.15	 -13.01	  -1.90
	  0.359	 -0.800	 -0.480
	 -0.823	 -0.514	  0.240
	 -0.439	  0.309	 -0.844

9 	  43.65	 -21.81	  -8.12
	  0.250	 -0.779	 -0.574
	 -0.962	 -0.131	 -0.241
	  0.113	  0.613	 -0.782

2 	  32.64	  -6.87	  22.97
	 -0.054	  0.996	 -0.068
	 -0.998	 -0.055	 -0.012
	 -0.016	  0.067	  0.997

3 	  43.31	  -0.02	   1.63
	  0.587	  0.298	  0.753
	 -0.541	  0.836	  0.091
	 -0.602	 -0.461	  0.651

4 	  35.09	   3.74	  -3.13
	  0.341	  0.749	 -0.567
	 -0.714	  0.599	  0.362
	  0.611	  0.281	  0.740

5 	  38.78	  10.11	   7.21
	  0.726	  0.403	  0.557
	  0.015	 -0.819	  0.574
	  0.687	 -0.409	 -0.601

6 	  46.02	  15.06	  11.34
	  0.825	  0.353	  0.440
	 -0.357	 -0.278	  0.892
	  0.437	 -0.893	 -0.104

7 	  36.42	  -5.36	  -3.53
	  0.551	 -0.658	 -0.513
	  0.610	  0.737	 -0.290
	  0.569	 -0.153	  0.808

8 	  41.94	 -12.90	  -2.58
	  0.337	 -0.780	 -0.528
	 -0.815	 -0.522	  0.251
	 -0.472	  0.345	 -0.811

9 	  43.12	 -21.39	  -9.33
	  0.213	 -0.755	 -0.620
	 -0.973	 -0.111	 -0.201
	  0.083	  0.646	 -0.758

2 	  32.64	  -6.86	  22.97
	 -0.054	  0.996	 -0.068
	 -0.998	 -0.055	 -0.012
	 -0.016	  0.067	  0.997

3 	  43.26	   0.02	   1.46
	  0.596	  0.299	  0.745
	 -0.543	  0.833	  0.099
	 -0.592	 -0.464	  0.659

4 	  34.95	   3.66	  -3.22
	  0.329	  0.742	 -0.584
	 -0.708	  0.603	  0.367
	  0.625	  0.292	  0.724

5 	  38.81	  10.14	   6.96
	  0.737	  0.412	  0.535
	  0.028	 -0.810	  0.585
	  0.675	 -0.416	 -0.609

6 	  46.14	  15.12	  10.83
	  0.834	  0.363	  0.414
	 -0.325	 -0.283	  0.902
	  0.445	 -0.888	 -0.119

7 	  36.21	  -5.33	  -3.59
	  0.538	 -0.647	 -0.540
	  0.601	  0.744	 -0.292
	  0.591	 -0.167	  0.789

8 	  41.64	 -12.90	  -3.32
	  0.305	 -0.756	 -0.579
	 -0.815	 -0.522	  0.253
	 -0.493	  0.394	 -0.775

9 	  42.29	 -21.11	 -10.79
	  0.163	 -0.719	 -0.676
	 -0.984	 -0.072	 -0.161
	  0.067	  0.692	 -0.719

2 	  32.64	  -6.87	  22.97
	 -0.054	  0.996	 -0.068
	 -0.998	 -0.055	 -0.012
	 -0.016	  0.067	  0.997

3 	  43.22	   0.00	   1.30
	  0.606	  0.297	  0.738
	 -0.542	  0.833	  0.110
	 -0.582	 -0.467	  0.665

4 	  34.79	   3.59	  -3.27
	  0.318	  0.736	 -0.598
	 -0.701	  0.607	  0.375
	  0.638	  0.300	  0.709

5 	  38.92	  10.30	   6.64
	  0.751	  0.428	  0.502
	  0.052	 -0.798	  0.601
	  0.657	 -0.425	 -0.622

6 	  46.34	  15.31	  10.28
	  0.844	  0.373	  0.384
	 -0.295	 -0.274	  0.915
	  0.447	 -0.886	 -0.121

7 	  36.04	  -5.26	  -3.62
	  0.528	 -0.638	 -0.560
	  0.593	  0.749	 -0.293
	  0.607	 -0.178	  0.774

8 	  41.34	 -12.80	  -3.83
	  0.285	 -0.736	 -0.614
	 -0.814	 -0.524	  0.251
	 -0.506	  0.428	 -0.748

9 	  41.75	 -20.74	 -11.58
	  0.132	 -0.693	 -0.709
	 -0.989	 -0.048	 -0.138
	  0.062	  0.720	 -0.691

2 	  32.64	  -6.87	  22.97
	 -0.053	  0.996	 -0.068
	 -0.998	 -0.054	 -0.012
	 -0.016	  0.067	  0.997

3 	  43.15	  -0.02	   1.20
	  0.613	  0.295	  0.733
	 -0.539	  0.834	  0.116
	 -0.577	 -0.466	  0.670

4 	  34.72	   3.59	  -3.29
	  0.314	  0.732	 -0.605
	 -0.695	  0.611	  0.379
	  0.647	  0.301	  0.700

5 	  38.99	  10.30	   6.54
	  0.760	  0.427	  0.490
	  0.056	 -0.794	  0.605
	  0.647	 -0.433	 -0.628

6 	  46.44	  15.33	  10.02
	  0.851	  0.374	  0.368
	 -0.282	 -0.266	  0.922
	  0.443	 -0.888	 -0.122

7 	  35.93	  -5.22	  -3.64
	  0.519	 -0.635	 -0.572
	  0.591	  0.750	 -0.296
	  0.617	 -0.185	  0.765

8 	  41.19	 -12.74	  -4.08
	  0.269	 -0.729	 -0.630
	 -0.810	 -0.525	  0.261
	 -0.520	  0.440	 -0.732

9 	  41.43	 -20.58	 -11.97
	  0.112	 -0.684	 -0.721
	 -0.992	 -0.043	 -0.114
	  0.047	  0.728	 -0.683

2 	  32.64	  -6.87	  22.97
	 -0.053	  0.996	 -0.068
	 -0.998	 -0.054	 -0.012
	 -0.016	  0.067	  0.997

3 	  43.14	  -0.02	   1.12
	  0.618	  0.292	  0.730
	 -0.537	  0.835	  0.120
	 -0.574	 -0.467	  0.672

4 	  34.70	   3.60	  -3.29
	  0.312	  0.731	 -0.607
	 -0.692	  0.612	  0.381
	  0.650	  0.301	  0.697

5 	  39.02	  10.27	   6.50
	  0.763	  0.421	  0.490
	  0.050	 -0.795	  0.604
	  0.644	 -0.436	 -0.628

6 	  46.51	  15.28	   9.97
	  0.854	  0.370	  0.366
	 -0.280	 -0.267	  0.922
	  0.439	 -0.890	 -0.124

7 	  35.91	  -5.19	  -3.66
	  0.516	 -0.631	 -0.579
	  0.588	  0.752	 -0.296
	  0.622	 -0.188	  0.760

8 	  41.15	 -12.71	  -4.25
	  0.263	 -0.722	 -0.639
	 -0.808	 -0.527	  0.263
	 -0.527	  0.447	 -0.722

9 	  41.33	 -20.43	 -12.25
	  0.102	 -0.675	 -0.731
	 -0.994	 -0.043	 -0.099
	  0.035	  0.736	 -0.676

2 	  32.64	  -6.87	  22.97
	 -0.054	  0.996	 -0.068
	 -0.998	 -0.055	 -0.012
	 -0.016	  0.067	  0.997

3 	  43.14	  -0.02	   1.09
	  0.620	  0.292	  0.728
	 -0.537	  0.835	  0.122
	 -0.573	 -0.467	  0.674

4 	  34.68	   3.59	  -3.32
	  0.308	  0.730	 -0.609
	 -0.691	  0.612	  0.385
	  0.654	  0.302	  0.693

5 	  39.01	  10.25	   6.49
	  0.763	  0.421	  0.490
	  0.051	 -0.796	  0.604
	  0.644	 -0.436	 -0.629

6 	  46.46	  15.19	   9.93
	  0.854	  0.388	  0.347
	 -0.219	 -0.338	  0.915
	  0.472	 -0.858	 -0.204

7 	  35.86	  -5.17	  -3.67
	  0.512	 -0.628	 -0.586
	  0.586	  0.754	 -0.296
	  0.628	 -0.192	  0.754

8 	  41.04	 -12.69	  -4.39
	  0.257	 -0.717	 -0.648
	 -0.807	 -0.528	  0.264
	 -0.531	  0.455	 -0.715

9 	  41.13	 -20.36	 -12.48
	  0.089	 -0.670	 -0.737
	 -0.995	 -0.036	 -0.088
	  0.032	  0.742	 -0.670

2 	  32.64	  -6.87	  22.97
	 -0.053	  0.996	 -0.068
	 -0.998	 -0.054	 -0.012
	 -0.016	  0.067	  0.997

3 	  43.14	  -0.02	   1.04
	  0.622	  0.291	  0.727
	 -0.537	  0.834	  0.124
	 -0.570	 -0.467	  0.675

4 	  34.65	   3.59	  -3.34
	  0.303	  0.730	 -0.613
	 -0.690	  0.611	  0.388
	  0.658	  0.305	  0.688

5 	  39.01	  10.27	   6.40
	  0.763	  0.430	  0.482
	  0.069	 -0.797	  0.600
	  0.642	 -0.425	 -0.638

6 	  46.42	  15.36	   9.93
	  0.848	  0.418	  0.326
	 -0.148	 -0.404	  0.902
	  0.509	 -0.814	 -0.281

7 	  35.84	  -5.15	  -3.69
	  0.509	 -0.626	 -0.590
	  0.585	  0.755	 -0.297
	  0.631	 -0.194	  0.751

8 	  40.99	 -12.66	  -4.46
	  0.252	 -0.715	 -0.651
	 -0.808	 -0.526	  0.265
	 -0.533	  0.459	 -0.711

9 	  41.03	 -20.34	 -12.55
	  0.083	 -0.669	 -0.738
	 -0.996	 -0.032	 -0.083
	  0.032	  0.742	 -0.669

2 	  32.62	  -6.87	  22.99
	 -0.054	  0.996	 -0.068
	 -0.998	 -0.055	 -0.012
	 -0.016	  0.067	  0.997

3 	  43.14	   0.00	   1.00
	  0.624	  0.292	  0.725
	 -0.537	  0.834	  0.125
	 -0.568	 -0.468	  0.677

4 	  34.61	   3.55	  -3.36
	  0.299	  0.728	 -0.617
	 -0.689	  0.612	  0.388
	  0.660	  0.308	  0.684

5 	  39.04	  10.28	   6.33
	  0.763	  0.440	  0.473
	  0.086	 -0.795	  0.600
	  0.640	 -0.417	 -0.645

6 	  46.46	  15.35	   9.76
	  0.845	  0.443	  0.299
	 -0.086	 -0.439	  0.894
	  0.527	 -0.781	 -0.333

7 	  35.81	  -5.15	  -3.71
	  0.506	 -0.625	 -0.594
	  0.583	  0.756	 -0.298
	  0.635	 -0.196	  0.747

8 	  40.94	 -12.66	  -4.52
	  0.249	 -0.714	 -0.654
	 -0.808	 -0.526	  0.267
	 -0.534	  0.462	 -0.708

9 	  40.94	 -20.30	 -12.62
	  0.078	 -0.669	 -0.739
	 -0.996	 -0.030	 -0.078
	  0.030	  0.743	 -0.669

2 	  32.62	  -6.87	  22.97
	 -0.053	  0.996	 -0.068
	 -0.998	 -0.054	 -0.012
	 -0.016	  0.067	  0.997

3 	  43.12	   0.00	   0.97
	  0.625	  0.292	  0.724
	 -0.537	  0.834	  0.126
	 -0.567	 -0.467	  0.678

4 	  34.58	   3.53	  -3.38
	  0.296	  0.726	 -0.621
	 -0.688	  0.613	  0.389
	  0.663	  0.312	  0.681

5 	  39.08	  10.28	   6.26
	  0.766	  0.444	  0.465
	  0.094	 -0.794	  0.601
	  0.636	 -0.416	 -0.650

6 	  46.51	  15.36	   9.63
	  0.845	  0.449	  0.290
	 -0.072	 -0.442	  0.894
	  0.529	 -0.777	 -0.341

7 	  35.79	  -5.15	  -3.71
	  0.503	 -0.625	 -0.596
	  0.583	  0.755	 -0.300
	  0.638	 -0.196	  0.744

8 	  40.92	 -12.64	  -4.54
	  0.246	 -0.715	 -0.654
	 -0.807	 -0.525	  0.270
	 -0.536	  0.462	 -0.706

9 	  40.87	 -20.32	 -12.64
	  0.073	 -0.670	 -0.738
	 -0.997	 -0.028	 -0.074
	  0.029	  0.741	 -0.670

2 	  32.64	  -6.87	  22.97
	 -0.053	  0.996	 -0.068
	 -0.998	 -0.054	 -0.012
	 -0.016	  0.067	  0.997

3 	  43.12	   0.00	   0.93
	  0.626	  0.294	  0.722
	 -0.537	  0.834	  0.126
	 -0.565	 -0.467	  0.680

4 	  34.54	   3.52	  -3.39
	  0.291	  0.725	 -0.624
	 -0.688	  0.612	  0.391
	  0.665	  0.315	  0.677

5 	  39.06	  10.28	   6.22
	  0.766	  0.445	  0.464
	  0.096	 -0.793	  0.601
	  0.635	 -0.416	 -0.651

6 	  46.48	  15.40	   9.65
	  0.844	  0.453	  0.288
	 -0.068	 -0.443	  0.894
	  0.532	 -0.774	 -0.343

7 	  35.79	  -5.15	  -3.71
	  0.501	 -0.626	 -0.598
	  0.582	  0.755	 -0.302
	  0.641	 -0.197	  0.742

8 	  40.89	 -12.66	  -4.57
	  0.241	 -0.715	 -0.656
	 -0.808	 -0.522	  0.271
	 -0.537	  0.465	 -0.704

9 	  40.76	 -20.32	 -12.71
	  0.068	 -0.669	 -0.740
	 -0.997	 -0.025	 -0.070
	  0.028	  0.743	 -0.669

2 	  32.64	  -6.87	  22.97
	 -0.053	  0.996	 -0.068
	 -0.998	 -0.054	 -0.012
	 -0.016	  0.067	  0.997

3 	  43.12	   0.00	   0.90
	  0.628	  0.294	  0.720
	 -0.537	  0.834	  0.126
	 -0.564	 -0.466	  0.681

4 	  34.52	   3.50	  -3.41
	  0.289	  0.724	 -0.626
	 -0.686	  0.612	  0.392
	  0.668	  0.316	  0.674

5 	  39.06	  10.28	   6.22
	  0.766	  0.445	  0.463
	  0.096	 -0.793	  0.602
	  0.635	 -0.417	 -0.650

6 	  46.49	  15.36	   9.63
	  0.844	  0.453	  0.287
	 -0.067	 -0.441	  0.895
	  0.531	 -0.775	 -0.342

7 	  35.72	  -5.13	  -3.71
	  0.494	 -0.624	 -0.605
	  0.582	  0.755	 -0.303
	  0.646	 -0.203	  0.736

8 	  40.71	 -12.62	  -4.89
	  0.226	 -0.695	 -0.683
	 -0.808	 -0.525	  0.266
	 -0.544	  0.491	 -0.680

9 	  40.39	 -20.02	 -13.36
	  0.049	 -0.646	 -0.762
	 -0.998	 -0.013	 -0.054
	  0.025	  0.763	 -0.646

2 	  32.64	  -6.87	  22.97
	 -0.053	  0.996	 -0.068
	 -0.998	 -0.054	 -0.012
	 -0.016	  0.067	  0.997

3 	  43.14	  -0.04	   0.81
	  0.633	  0.291	  0.717
	 -0.533	  0.836	  0.131
	 -0.561	 -0.465	  0.685

4 	  34.54	   3.48	  -3.43
	  0.290	  0.724	 -0.626
	 -0.681	  0.616	  0.396
	  0.672	  0.311	  0.671

5 	  39.08	  10.25	   6.22
	  0.767	  0.442	  0.465
	  0.091	 -0.793	  0.602
	  0.635	 -0.419	 -0.649

6 	  46.51	  15.29	   9.69
	  0.844	  0.450	  0.290
	 -0.073	 -0.439	  0.895
	  0.530	 -0.777	 -0.338

7 	  35.56	  -5.04	  -3.76
	  0.473	 -0.608	 -0.638
	  0.578	  0.761	 -0.296
	  0.665	 -0.229	  0.711

8 	  40.36	 -12.39	  -5.68
	  0.195	 -0.645	 -0.739
	 -0.809	 -0.532	  0.250
	 -0.555	  0.548	 -0.626

9 	  39.64	 -19.09	 -14.75
	  0.012	 -0.582	 -0.813
	 -0.999	  0.016	 -0.026
	  0.028	  0.813	 -0.581

2 	  32.64	  -6.87	  22.97
	 -0.053	  0.996	 -0.068
	 -0.998	 -0.054	 -0.012
	 -0.016	  0.067	  0.997

3 	  43.12	  -0.14	   0.63
	  0.647	  0.274	  0.711
	 -0.519	  0.842	  0.147
	 -0.558	 -0.465	  0.687

4 	  34.56	   3.52	  -3.41
	  0.295	  0.724	 -0.623
	 -0.669	  0.622	  0.406
	  0.682	  0.296	  0.669

5 	  39.13	  10.11	   6.26
	  0.770	  0.425	  0.476
	  0.073	 -0.800	  0.595
	  0.634	 -0.424	 -0.647

6 	  46.56	  15.08	   9.77
	  0.846	  0.443	  0.298
	 -0.085	 -0.440	  0.894
	  0.526	 -0.781	 -0.335

7 	  35.42	  -4.92	  -3.83
	  0.452	 -0.589	 -0.669
	  0.572	  0.768	 -0.289
	  0.684	 -0.252	  0.684

8 	  40.15	 -12.02	  -6.29
	  0.184	 -0.595	 -0.782
	 -0.806	 -0.547	  0.226
	 -0.562	  0.589	 -0.580

9 	  39.29	 -18.12	 -15.86
	 -0.006	 -0.525	 -0.851
	 -1.000	  0.027	 -0.010
	  0.029	  0.851	 -0.524

2 	  32.64	  -6.87	  22.97
	 -0.054	  0.996	 -0.068
	 -0.998	 -0.055	 -0.012
	 -0.016	  0.067	  0.997

3 	  43.14	  -0.18	   0.56
	  0.651	  0.261	  0.712
	 -0.512	  0.844	  0.159
	 -0.560	 -0.468	  0.683

4 	  34.61	   3.59	  -3.41
	  0.300	  0.727	 -0.618
	 -0.662	  0.625	  0.413
	  0.687	  0.285	  0.669

5 	  39.20	  10.02	   6.35
	  0.772	  0.411	  0.485
	  0.059	 -0.806	  0.589
	  0.633	 -0.426	 -0.647

6 	  46.65	  14.89	   9.98
	  0.847	  0.432	  0.308
	 -0.097	 -0.446	  0.890
	  0.522	 -0.784	 -0.336

7 	  35.37	  -4.82	  -3.90
	  0.443	 -0.569	 -0.692
	  0.564	  0.777	 -0.277
	  0.696	 -0.268	  0.666

8 	  40.13	 -11.71	  -6.71
	  0.187	 -0.561	 -0.806
	 -0.799	 -0.565	  0.208
	 -0.572	  0.605	 -0.554

9 	  39.29	 -17.42	 -16.45
	 -0.004	 -0.489	 -0.872
	 -1.000	  0.023	 -0.008
	  0.024	  0.872	 -0.489

2 	  32.64	  -6.87	  22.97
	 -0.053	  0.996	 -0.068
	 -0.998	 -0.054	 -0.012
	 -0.016	  0.067	  0.997

3 	  43.14	  -0.18	   0.51
	  0.653	  0.253	  0.714
	 -0.511	  0.843	  0.168
	 -0.559	 -0.474	  0.680

4 	  34.61	   3.62	  -3.39
	  0.299	  0.731	 -0.614
	 -0.660	  0.623	  0.420
	  0.689	  0.279	  0.669

5 	  39.20	  10.02	   6.38
	  0.771	  0.409	  0.487
	  0.058	 -0.808	  0.586
	  0.633	 -0.423	 -0.648

6 	  46.67	  14.80	  10.04
	  0.848	  0.428	  0.312
	 -0.100	 -0.449	  0.888
	  0.520	 -0.784	 -0.338

7 	  35.35	  -4.75	  -3.96
	  0.436	 -0.557	 -0.707
	  0.559	  0.783	 -0.272
	  0.705	 -0.277	  0.653

8 	  40.15	 -11.44	  -7.00
	  0.189	 -0.531	 -0.826
	 -0.796	 -0.575	  0.187
	 -0.574	  0.623	 -0.531

9 	  39.22	 -16.84	 -17.00
	 -0.008	 -0.455	 -0.890
	 -1.000	  0.027	 -0.006
	  0.027	  0.890	 -0.455

2 	  32.64	  -6.87	  22.97
	 -0.054	  0.996	 -0.068
	 -0.998	 -0.055	 -0.012
	 -0.016	  0.067	  0.997

3 	  43.15	  -0.18	   0.47
	  0.653	  0.247	  0.715
	 -0.511	  0.841	  0.176
	 -0.559	 -0.480	  0.676

4 	  34.61	   3.66	  -3.39
	  0.297	  0.734	 -0.610
	 -0.659	  0.620	  0.425
	  0.691	  0.276	  0.668

5 	  39.16	   9.98	   6.49
	  0.766	  0.406	  0.498
	  0.056	 -0.814	  0.578
	  0.640	 -0.415	 -0.646

6 	  46.53	  14.73	  10.32
	  0.841	  0.430	  0.328
	 -0.111	 -0.456	  0.883
	  0.529	 -0.779	 -0.336

7 	  35.31	  -4.71	  -3.99
	  0.430	 -0.549	 -0.717
	  0.557	  0.786	 -0.267
	  0.709	 -0.285	  0.644

8 	  40.08	 -11.34	  -7.19
	  0.188	 -0.515	 -0.836
	 -0.797	 -0.578	  0.176
	 -0.574	  0.634	 -0.519

9 	  39.11	 -16.51	 -17.30
	 -0.012	 -0.435	 -0.900
	 -0.999	  0.037	 -0.005
	  0.035	  0.900	 -0.435

2 	  32.62	  -6.87	  22.97
	 -0.054	  0.996	 -0.068
	 -0.998	 -0.055	 -0.012
	 -0.016	  0.067	  0.997

3 	  43.15	  -0.19	   0.46
	  0.654	  0.243	  0.716
	 -0.510	  0.841	  0.180
	 -0.559	 -0.483	  0.674

4 	  34.63	   3.67	  -3.38
	  0.299	  0.737	 -0.606
	 -0.658	  0.619	  0.429
	  0.691	  0.270	  0.670

5 	  39.11	   9.91	   6.56
	  0.763	  0.400	  0.508
	  0.047	 -0.818	  0.573
	  0.645	 -0.413	 -0.643

6 	  46.48	  14.64	  10.46
	  0.839	  0.428	  0.337
	 -0.119	 -0.461	  0.879
	  0.531	 -0.777	 -0.336

7 	  35.30	  -4.69	  -3.99
	  0.429	 -0.547	 -0.718
	  0.559	  0.786	 -0.265
	  0.709	 -0.288	  0.643

8 	  40.06	 -11.30	  -7.19
	  0.190	 -0.508	 -0.840
	 -0.799	 -0.577	  0.168
	 -0.570	  0.639	 -0.516

9 	  39.09	 -16.44	 -17.37
	 -0.012	 -0.429	 -0.903
	 -0.999	  0.041	 -0.006
	  0.040	  0.902	 -0.429

2 	  32.64	  -6.87	  22.97
	 -0.054	  0.996	 -0.068
	 -0.998	 -0.055	 -0.012
	 -0.016	  0.067	  0.997

3 	  43.14	  -0.19	   0.46
	  0.654	  0.241	  0.717
	 -0.509	  0.842	  0.181
	 -0.560	 -0.483	  0.673

4 	  34.65	   3.69	  -3.38
	  0.302	  0.737	 -0.604
	 -0.656	  0.620	  0.430
	  0.692	  0.266	  0.671

5 	  39.08	   9.86	   6.61
	  0.761	  0.396	  0.513
	  0.042	 -0.820	  0.571
	  0.647	 -0.413	 -0.640

6 	  46.44	  14.62	  10.56
	  0.837	  0.426	  0.343
	 -0.123	 -0.464	  0.877
	  0.533	 -0.777	 -0.336

7 	  35.31	  -4.69	  -3.99
	  0.428	 -0.547	 -0.719
	  0.559	  0.785	 -0.265
	  0.709	 -0.289	  0.643

8 	  40.06	 -11.32	  -7.21
	  0.190	 -0.508	 -0.840
	 -0.799	 -0.577	  0.167
	 -0.570	  0.640	 -0.516

9 	  39.08	 -16.42	 -17.37
	 -0.013	 -0.428	 -0.904
	 -0.999	  0.042	 -0.006
	  0.040	  0.903	 -0.428

2 	  32.64	  -6.87	  22.97
	 -0.054	  0.996	 -0.068
	 -0.998	 -0.055	 -0.012
	 -0.016	  0.067	  0.997

3 	  43.14	  -0.23	   0.46
	  0.655	  0.240	  0.717
	 -0.507	  0.842	  0.182
	 -0.560	 -0.483	  0.673

4 	  34.66	   3.69	  -3.38
	  0.302	  0.738	 -0.604
	 -0.656	  0.620	  0.430
	  0.692	  0.265	  0.671

5 	  39.08	   9.86	   6.63
	  0.759	  0.395	  0.518
	  0.039	 -0.821	  0.569
	  0.650	 -0.412	 -0.638

6 	  46.41	  14.55	  10.63
	  0.836	  0.425	  0.348
	 -0.127	 -0.466	  0.875
	  0.534	 -0.776	 -0.336

7 	  35.30	  -4.71	  -4.01
	  0.426	 -0.549	 -0.719
	  0.562	  0.783	 -0.265
	  0.708	 -0.291	  0.643

8 	  40.04	 -11.34	  -7.21
	  0.190	 -0.507	 -0.841
	 -0.801	 -0.575	  0.166
	 -0.568	  0.641	 -0.516

9 	  39.02	 -16.44	 -17.38
	 -0.016	 -0.428	 -0.904
	 -0.999	  0.045	 -0.004
	  0.042	  0.903	 -0.428

2 	  32.64	  -6.87	  22.97
	 -0.054	  0.996	 -0.068
	 -0.998	 -0.055	 -0.012
	 -0.016	  0.067	  0.997

3 	  43.14	  -0.23	   0.44
	  0.655	  0.238	  0.717
	 -0.506	  0.843	  0.182
	 -0.561	 -0.483	  0.673

4 	  34.66	   3.69	  -3.38
	  0.304	  0.738	 -0.602
	 -0.654	  0.621	  0.431
	  0.693	  0.263	  0.672

5 	  39.04	   9.81	   6.68
	  0.756	  0.393	  0.523
	  0.035	 -0.823	  0.567
	  0.653	 -0.411	 -0.636

6 	  46.39	  14.54	  10.76
	  0.833	  0.424	  0.354
	 -0.132	 -0.469	  0.873
	  0.536	 -0.774	 -0.335

7 	  35.28	  -4.69	  -4.01
	  0.426	 -0.549	 -0.719
	  0.563	  0.783	 -0.264
	  0.708	 -0.293	  0.643

8 	  40.03	 -11.36	  -7.21
	  0.190	 -0.507	 -0.841
	 -0.802	 -0.574	  0.164
	 -0.566	  0.643	 -0.516

9 	  38.99	 -16.44	 -17.40
	 -0.017	 -0.427	 -0.904
	 -0.999	  0.047	 -0.004
	  0.044	  0.903	 -0.427

2 	  32.64	  -6.87	  22.97
	 -0.054	  0.996	 -0.068
	 -0.998	 -0.055	 -0.012
	 -0.016	  0.067	  0.997

3 	  43.15	  -0.25	   0.44
	  0.655	  0.237	  0.717
	 -0.505	  0.843	  0.183
	 -0.562	 -0.482	  0.672

4 	  34.68	   3.67	  -3.38
	  0.304	  0.739	 -0.601
	 -0.654	  0.621	  0.432
	  0.693	  0.261	  0.672

5 	  39.01	   9.77	   6.73
	  0.753	  0.388	  0.531
	  0.027	 -0.825	  0.564
	  0.657	 -0.410	 -0.633

6 	  46.32	  14.43	  10.85
	  0.832	  0.421	  0.361
	 -0.139	 -0.473	  0.870
	  0.536	 -0.774	 -0.335

7 	  35.26	  -4.71	  -4.01
	  0.426	 -0.549	 -0.719
	  0.565	  0.782	 -0.263
	  0.707	 -0.295	  0.643

8 	  40.03	 -11.37	  -7.22
	  0.192	 -0.506	 -0.841
	 -0.804	 -0.572	  0.161
	 -0.563	  0.645	 -0.517

9 	  38.99	 -16.44	 -17.42
	 -0.018	 -0.425	 -0.905
	 -0.999	  0.050	 -0.004
	  0.047	  0.904	 -0.425

2 	  32.64	  -6.87	  22.97
	 -0.054	  0.996	 -0.068
	 -0.998	 -0.055	 -0.012
	 -0.016	  0.067	  0.997

3 	  43.14	  -0.26	   0.46
	  0.655	  0.236	  0.717
	 -0.505	  0.843	  0.183
	 -0.562	 -0.483	  0.672

4 	  34.68	   3.67	  -3.38
	  0.304	  0.739	 -0.601
	 -0.654	  0.620	  0.433
	  0.693	  0.261	  0.672

5 	  38.94	   9.79	   6.75
	  0.749	  0.386	  0.538
	  0.021	 -0.826	  0.563
	  0.662	 -0.411	 -0.627

6 	  46.23	  14.40	  11.04
	  0.830	  0.416	  0.371
	 -0.151	 -0.472	  0.868
	  0.536	 -0.777	 -0.329

7 	  35.38	  -4.76	  -4.03
	  0.442	 -0.554	 -0.705
	  0.569	  0.781	 -0.257
	  0.693	 -0.288	  0.661

8 	  40.29	 -11.57	  -6.87
	  0.233	 -0.517	 -0.824
	 -0.816	 -0.564	  0.124
	 -0.529	  0.644	 -0.553

9 	  39.52	 -16.58	 -17.10
	  0.030	 -0.412	 -0.911
	 -0.966	  0.221	 -0.132
	  0.256	  0.884	 -0.391

2 	  32.64	  -6.87	  22.97
	 -0.053	  0.996	 -0.068
	 -0.998	 -0.054	 -0.012
	 -0.016	  0.067	  0.997

3 	  43.14	  -0.25	   0.63
	  0.644	  0.243	  0.725
	 -0.508	  0.845	  0.168
	 -0.572	 -0.476	  0.668

4 	  34.82	   3.74	  -3.34
	  0.318	  0.740	 -0.592
	 -0.658	  0.622	  0.424
	  0.682	  0.255	  0.685

5 	  38.79	   9.69	   7.01
	  0.734	  0.363	  0.573
	 -0.023	 -0.831	  0.555
	  0.678	 -0.421	 -0.603

6 	  46.05	  14.06	  11.72
	  0.826	  0.375	  0.420
	 -0.237	 -0.445	  0.864
	  0.511	 -0.813	 -0.278

7 	  35.68	  -4.97	  -3.92
	  0.498	 -0.593	 -0.633
	  0.599	  0.763	 -0.243
	  0.627	 -0.258	  0.735

8 	  40.96	 -12.22	  -5.54
	  0.357	 -0.562	 -0.746
	 -0.843	 -0.538	  0.001
	 -0.402	  0.628	 -0.666

9 	  41.68	 -17.19	 -15.66
	  0.213	 -0.423	 -0.881
	 -0.794	  0.450	 -0.408
	  0.569	  0.786	 -0.240

2 	  32.64	  -6.87	  22.97
	 -0.053	  0.996	 -0.068
	 -0.998	 -0.054	 -0.012
	 -0.016	  0.067	  0.997

3 	  43.24	  -0.26	   1.05
	  0.620	  0.253	  0.742
	 -0.509	  0.850	  0.135
	 -0.597	 -0.462	  0.656

4 	  35.10	   3.81	  -3.25
	  0.342	  0.747	 -0.570
	 -0.668	  0.620	  0.412
	  0.661	  0.239	  0.711

5 	  38.57	   9.33	   7.56
	  0.705	  0.320	  0.633
	 -0.081	 -0.850	  0.519
	  0.704	 -0.418	 -0.574

6 	  45.60	  13.38	  12.99
	  0.805	  0.328	  0.493
	 -0.338	 -0.429	  0.838
	  0.487	 -0.841	 -0.235

7 	  36.16	  -5.31	  -3.80
	  0.554	 -0.628	 -0.546
	  0.617	  0.750	 -0.235
	  0.557	 -0.207	  0.804

8 	  41.89	 -12.80	  -3.43
	  0.509	 -0.599	 -0.618
	 -0.816	 -0.565	 -0.124
	 -0.275	  0.567	 -0.777

9 	  44.65	 -17.65	 -13.22
	  0.457	 -0.443	 -0.771
	 -0.396	  0.675	 -0.623
	  0.796	  0.590	  0.133

2 	  32.62	  -6.89	  22.97
	 -0.053	  0.996	 -0.068
	 -0.998	 -0.054	 -0.012
	 -0.016	  0.067	  0.997

3 	  43.47	  -0.35	   1.49
	  0.584	  0.261	  0.768
	 -0.515	  0.851	  0.102
	 -0.627	 -0.455	  0.632

4 	  35.56	   3.88	  -3.20
	  0.372	  0.759	 -0.534
	 -0.681	  0.614	  0.399
	  0.631	  0.215	  0.745

5 	  38.23	   8.91	   8.10
	  0.655	  0.265	  0.707
	 -0.154	 -0.870	  0.469
	  0.739	 -0.417	 -0.529

6 	  44.98	  12.45	  14.33
	  0.769	  0.240	  0.592
	 -0.503	 -0.345	  0.792
	  0.394	 -0.907	 -0.145

7 	  36.86	  -5.61	  -3.64
	  0.618	 -0.656	 -0.433
	  0.636	  0.741	 -0.214
	  0.461	 -0.143	  0.875

8 	  42.45	 -13.24	  -0.91
	  0.640	 -0.632	 -0.438
	 -0.766	 -0.570	 -0.296
	 -0.063	  0.525	 -0.849

9 	  48.04	 -17.63	  -9.11
	  0.715	 -0.410	 -0.566
	  0.041	  0.833	 -0.551
	  0.697	  0.371	  0.613

2 	  32.64	  -6.87	  22.97
	 -0.053	  0.996	 -0.068
	 -0.998	 -0.054	 -0.012
	 -0.016	  0.067	  0.997

3 	  43.82	  -0.32	   1.99
	  0.541	  0.270	  0.796
	 -0.521	  0.851	  0.064
	 -0.660	 -0.450	  0.601

4 	  36.25	   4.11	  -3.11
	  0.417	  0.767	 -0.487
	 -0.697	  0.614	  0.370
	  0.583	  0.185	  0.791

5 	  37.93	   8.70	   8.60
	  0.584	  0.212	  0.783
	 -0.234	 -0.880	  0.412
	  0.777	 -0.424	 -0.465

6 	  44.24	  11.78	  15.64
	  0.692	  0.141	  0.708
	 -0.684	 -0.184	  0.705
	  0.230	 -0.973	 -0.031

7 	  37.79	  -5.92	  -3.53
	  0.677	 -0.679	 -0.283
	  0.649	  0.733	 -0.205
	  0.346	 -0.045	  0.937

8 	  42.45	 -13.48	   2.18
	  0.738	 -0.654	 -0.167
	 -0.640	 -0.600	 -0.480
	  0.214	  0.461	 -0.861

9 	  50.64	 -17.28	  -2.76
	  0.923	 -0.332	 -0.195
	  0.241	  0.894	 -0.378
	  0.299	  0.302	  0.905

2 	  32.64	  -6.87	  22.97
	 -0.053	  0.996	 -0.068
	 -0.998	 -0.054	 -0.012
	 -0.016	  0.067	  0.997

3 	  44.23	  -0.30	   2.48
	  0.493	  0.283	  0.823
	 -0.537	  0.843	  0.031
	 -0.685	 -0.458	  0.567

4 	  37.02	   4.25	  -3.02
	  0.459	  0.773	 -0.437
	 -0.709	  0.616	  0.343
	  0.535	  0.152	  0.831

5 	  37.79	   8.46	   8.91
	  0.513	  0.168	  0.842
	 -0.295	 -0.886	  0.357
	  0.806	 -0.432	 -0.405

6 	  43.73	  11.11	  16.49
	  0.608	  0.060	  0.792
	 -0.790	 -0.056	  0.610
	  0.081	 -0.997	  0.013

7 	  38.81	  -6.24	  -3.23
	  0.714	 -0.690	 -0.117
	  0.667	  0.722	 -0.183
	  0.211	  0.053	  0.976

8 	  41.75	 -12.62	   5.41
	  0.780	 -0.586	  0.220
	 -0.387	 -0.728	 -0.565
	  0.491	  0.356	 -0.795

9 	  51.22	 -15.73	   5.64
	  0.919	 -0.235	  0.316
	  0.337	  0.884	 -0.323
	 -0.204	  0.403	  0.892

2 	  32.64	  -6.87	  22.97
	 -0.053	  0.996	 -0.068
	 -0.998	 -0.054	 -0.012
	 -0.016	  0.067	  0.997

3 	  44.68	  -0.32	   2.95
	  0.449	  0.302	  0.841
	 -0.556	  0.831	 -0.001
	 -0.699	 -0.467	  0.541

4 	  37.88	   4.32	  -2.87
	  0.512	  0.768	 -0.385
	 -0.708	  0.631	  0.316
	  0.486	  0.110	  0.867

5 	  37.81	   8.31	   9.12
	  0.443	  0.147	  0.884
	 -0.334	 -0.888	  0.315
	  0.832	 -0.435	 -0.344

6 	  43.28	  10.79	  17.28
	  0.525	  0.019	  0.851
	 -0.851	  0.013	  0.525
	 -0.001	 -1.000	  0.023

7 	  39.67	  -6.66	  -2.81
	  0.724	 -0.689	  0.022
	  0.682	  0.711	 -0.166
	  0.099	  0.135	  0.986

8 	  40.68	 -11.44	   7.68
	  0.683	 -0.440	  0.583
	 -0.113	 -0.852	 -0.511
	  0.721	  0.283	 -0.632

9 	  49.32	 -14.06	  12.36
	  0.679	 -0.151	  0.718
	  0.432	  0.873	 -0.225
	 -0.593	  0.463	  0.658

2 	  32.64	  -6.87	  22.97
	 -0.054	  0.996	 -0.068
	 -0.998	 -0.055	 -0.012
	 -0.016	  0.067	  0.997

3 	  45.02	  -0.46	   3.36
	  0.413	  0.320	  0.853
	 -0.561	  0.827	 -0.039
	 -0.718	 -0.462	  0.521

4 	  38.58	   4.31	  -2.79
	  0.561	  0.754	 -0.340
	 -0.699	  0.652	  0.292
	  0.443	  0.074	  0.893

5 	  37.83	   8.14	   9.18
	  0.377	  0.127	  0.917
	 -0.372	 -0.886	  0.275
	  0.848	 -0.445	 -0.288

6 	  42.77	  10.42	  17.77
	  0.450	 -0.011	  0.893
	 -0.891	  0.060	  0.450
	 -0.058	 -0.998	  0.017

7 	  40.13	  -7.05	  -2.44
	  0.700	 -0.705	  0.114
	  0.713	  0.683	 -0.156
	  0.032	  0.190	  0.981

8 	  39.55	 -10.35	   8.77
	  0.514	 -0.306	  0.801
	  0.014	 -0.931	 -0.365
	  0.857	  0.199	 -0.475

9 	  46.48	 -12.62	  16.38
	  0.394	 -0.080	  0.916
	  0.509	  0.848	 -0.145
	 -0.766	  0.523	  0.375

2 	  32.64	  -6.87	  22.97
	 -0.054	  0.996	 -0.068
	 -0.998	 -0.055	 -0.012
	 -0.016	  0.067	  0.997

3 	  45.25	  -0.60	   3.62
	  0.396	  0.328	  0.858
	 -0.549	  0.833	 -0.066
	 -0.736	 -0.445	  0.510

4 	  39.04	   4.27	  -2.67
	  0.596	  0.743	 -0.303
	 -0.695	  0.667	  0.269
	  0.402	  0.049	  0.914

5 	  37.88	   7.98	   9.39
	  0.345	  0.110	  0.932
	 -0.386	 -0.888	  0.248
	  0.855	 -0.446	 -0.264

6 	  42.54	  10.30	  18.23
	  0.423	 -0.014	  0.906
	 -0.906	  0.015	  0.423
	 -0.020	 -1.000	 -0.006

7 	  40.34	  -7.40	  -2.16
	  0.670	 -0.723	  0.168
	  0.742	  0.652	 -0.152
	 -0.001	  0.227	  0.974

8 	  38.36	  -9.69	   9.42
	  0.382	 -0.181	  0.906
	  0.056	 -0.974	 -0.218
	  0.922	  0.134	 -0.362

9 	  44.10	 -12.08	  18.19
	  0.242	  0.023	  0.970
	  0.759	  0.618	 -0.204
	 -0.605	  0.785	  0.132

2 	  32.64	  -6.87	  22.97
	 -0.054	  0.996	 -0.068
	 -0.998	 -0.055	 -0.012
	 -0.015	  0.067	  0.997

3 	  45.19	  -0.84	   3.78
	  0.392	  0.334	  0.857
	 -0.530	  0.844	 -0.087
	 -0.752	 -0.420	  0.508

4 	  39.08	   4.11	  -2.60
	  0.613	  0.735	 -0.288
	 -0.693	  0.676	  0.251
	  0.380	  0.045	  0.924

5 	  37.92	   7.89	   9.46
	  0.342	  0.112	  0.933
	 -0.391	 -0.886	  0.250
	  0.854	 -0.450	 -0.260

6 	  42.64	  10.23	  18.12
	  0.428	 -0.012	  0.903
	 -0.902	  0.048	  0.428
	 -0.048	 -0.999	  0.010

7 	  40.11	  -7.70	  -2.02
	  0.642	 -0.744	  0.188
	  0.767	  0.623	 -0.153
	 -0.004	  0.243	  0.970

8 	  37.97	  -9.72	   9.63
	  0.358	 -0.189	  0.914
	 -0.006	 -0.980	 -0.200
	  0.934	  0.066	 -0.352

9 	  43.77	 -12.36	  18.35
	  0.245	  0.002	  0.969
	  0.737	  0.649	 -0.188
	 -0.630	  0.760	  0.158

2 	  32.62	  -6.87	  22.99
	 -0.053	  0.996	 -0.068
	 -0.998	 -0.054	 -0.012
	 -0.016	  0.067	  0.997

3 	  44.96	  -1.16	   3.85
	  0.406	  0.343	  0.846
	 -0.513	  0.852	 -0.099
	 -0.756	 -0.394	  0.523

4 	  38.78	   3.76	  -2.58
	  0.617	  0.728	 -0.297
	 -0.689	  0.683	  0.243
	  0.380	  0.054	  0.923

5 	  37.76	   7.66	   9.56
	  0.359	  0.123	  0.925
	 -0.386	 -0.883	  0.267
	  0.849	 -0.453	 -0.269

6 	  42.63	  10.21	  18.09
	  0.435	 -0.003	  0.900
	 -0.899	  0.055	  0.434
	 -0.051	 -0.998	  0.021

7 	  39.71	  -8.05	  -1.83
	  0.635	 -0.747	  0.197
	  0.772	  0.615	 -0.160
	 -0.002	  0.254	  0.967

8 	  37.86	  -9.84	   9.95
	  0.396	 -0.172	  0.902
	 -0.015	 -0.983	 -0.181
	  0.918	  0.058	 -0.392

9 	  44.03	 -12.41	  18.46
	  0.296	  0.023	  0.955
	  0.761	  0.599	 -0.250
	 -0.578	  0.800	  0.160

2 	  32.62	  -6.87	  22.99
	 -0.054	  0.996	 -0.068
	 -0.998	 -0.055	 -0.012
	 -0.016	  0.067	  0.997

3 	  44.68	  -1.44	   3.80
	  0.427	  0.348	  0.834
	 -0.507	  0.856	 -0.098
	 -0.749	 -0.381	  0.542

4 	  38.46	   3.48	  -2.57
	  0.612	  0.727	 -0.310
	 -0.688	  0.683	  0.245
	  0.390	  0.063	  0.918

5 	  37.58	   7.42	   9.60
	  0.376	  0.138	  0.916
	 -0.359	 -0.890	  0.281
	  0.854	 -0.435	 -0.286

6 	  42.52	  10.09	  18.02
	  0.452	  0.015	  0.892
	 -0.891	  0.039	  0.451
	 -0.028	 -0.999	  0.031

7 	  39.38	  -8.30	  -1.72
	  0.629	 -0.751	  0.202
	  0.777	  0.605	 -0.170
	  0.005	  0.263	  0.964

8 	  37.76	  -9.88	  10.12
	  0.421	 -0.157	  0.893
	 -0.022	 -0.986	 -0.163
	  0.906	  0.049	 -0.419

9 	  44.23	 -12.18	  18.44
	  0.344	  0.050	  0.938
	  0.744	  0.594	 -0.305
	 -0.573	  0.803	  0.167

2 	  32.62	  -6.87	  22.99
	 -0.054	  0.996	 -0.068
	 -0.998	 -0.055	 -0.012
	 -0.016	  0.067	  0.997

3 	  44.56	  -1.63	   3.78
	  0.440	  0.349	  0.827
	 -0.499	  0.861	 -0.099
	 -0.747	 -0.369	  0.553

4 	  38.36	   3.34	  -2.57
	  0.614	  0.722	 -0.319
	 -0.683	  0.688	  0.244
	  0.396	  0.068	  0.916

5 	  37.56	   7.38	   9.58
	  0.385	  0.142	  0.912
	 -0.356	 -0.889	  0.288
	  0.851	 -0.436	 -0.291

6 	  42.57	  10.11	  17.95
	  0.459	  0.021	  0.888
	 -0.888	  0.057	  0.457
	 -0.041	 -0.998	  0.045

7 	  39.22	  -8.37	  -1.67
	  0.622	 -0.755	  0.204
	  0.782	  0.598	 -0.172
	  0.007	  0.267	  0.964

8 	  37.58	  -9.90	  10.14
	  0.418	 -0.163	  0.893
	 -0.043	 -0.986	 -0.159
	  0.907	  0.029	 -0.420

9 	  43.98	 -12.29	  18.53
	  0.335	  0.045	  0.941
	  0.759	  0.578	 -0.299
	 -0.557	  0.815	  0.159

2 	  32.64	  -6.87	  22.97
	 -0.054	  0.996	 -0.068
	 -0.998	 -0.055	 -0.012
	 -0.016	  0.067	  0.997

3 	  44.53	  -1.69	   3.78
	  0.443	  0.348	  0.826
	 -0.495	  0.863	 -0.098
	 -0.747	 -0.366	  0.554

4 	  38.30	   3.32	  -2.57
	  0.615	  0.721	 -0.320
	 -0.682	  0.689	  0.243
	  0.396	  0.069	  0.916

5 	  37.55	   7.35	   9.62
	  0.392	  0.142	  0.909
	 -0.357	 -0.887	  0.292
	  0.848	 -0.439	 -0.297

6 	  42.57	  10.11	  17.96
	  0.461	  0.023	  0.887
	 -0.886	  0.064	  0.458
	 -0.047	 -0.998	  0.050

7 	  39.18	  -8.37	  -1.67
	  0.622	 -0.756	  0.205
	  0.783	  0.598	 -0.172
	  0.007	  0.267	  0.963

8 	  37.46	  -9.93	  10.07
	  0.399	 -0.171	  0.900
	 -0.050	 -0.985	 -0.165
	  0.915	  0.021	 -0.402

9 	  43.51	 -12.43	  18.69
	  0.295	  0.029	  0.955
	  0.773	  0.580	 -0.256
	 -0.562	  0.814	  0.149

2 	  32.64	  -6.87	  22.97
	 -0.054	  0.996	 -0.068
	 -0.998	 -0.055	 -0.012
	 -0.016	  0.067	  0.997

3 	  44.53	  -1.67	   3.78
	  0.442	  0.348	  0.827
	 -0.498	  0.861	 -0.096
	 -0.746	 -0.369	  0.554

4 	  38.25	   3.32	  -2.55
	  0.611	  0.724	 -0.319
	 -0.687	  0.685	  0.241
	  0.393	  0.072	  0.916

5 	  37.51	   7.35	   9.67
	  0.396	  0.141	  0.907
	 -0.352	 -0.889	  0.292
	  0.848	 -0.435	 -0.302

6 	  42.59	  10.11	  17.95
