2 	  32.64	  -6.89	  22.99
	 -0.053	  0.996	 -0.068
	 -0.998	 -0.054	 -0.012
	 -0.016	  0.067	  0.997

3 	  44.21	  -0.54	   3.20
	  0.461	  0.362	  0.810
	 -0.576	  0.817	 -0.038
	 -0.675	 -0.449	  0.585

4 	  37.18	   3.92	  -2.90
	  0.572	  0.699	 -0.430
	 -0.675	  0.698	  0.237
	  0.466	  0.154	  0.871

5 	  41.89	   8.38	   8.24
	  0.820	  0.104	  0.563
	 -0.255	 -0.814	  0.522
	  0.512	 -0.571	 -0.641

6 	  50.59	   9.81	  11.95
	  0.775	 -0.066	  0.629
	 -0.421	  0.689	  0.590
	 -0.472	 -0.721	  0.506

7 	  39.09	  -6.98	  -2.46
	  0.732	 -0.680	  0.024
	  0.673	  0.719	 -0.169
	  0.098	  0.139	  0.985

8 	  44.24	 -10.30	   6.89
	  0.903	 -0.286	  0.319
	 -0.176	 -0.926	 -0.334
	  0.391	  0.245	 -0.887

9 	  53.63	 -13.31	   7.52
	  0.897	 -0.194	  0.397
	  0.392	  0.765	 -0.510
	 -0.205	  0.613	  0.762

2 	  32.64	  -6.87	  22.99
	 -0.053	  0.996	 -0.068
	 -0.998	 -0.054	 -0.012
	 -0.016	  0.067	  0.997

3 	  44.10	  -0.51	   3.15
	  0.485	  0.363	  0.795
	 -0.577	  0.816	 -0.021
	 -0.657	 -0.449	  0.605

4 	  37.02	   4.01	  -2.83
	  0.568	  0.710	 -0.415
	 -0.673	  0.692	  0.260
	  0.472	  0.131	  0.871

5 	  41.13	   8.16	   8.61
	  0.786	  0.093	  0.610
	 -0.269	 -0.839	  0.474
	  0.556	 -0.537	 -0.635

6 	  49.27	   9.49	  13.25
	  0.726	 -0.066	  0.684
	 -0.493	  0.644	  0.585
	 -0.479	 -0.762	  0.435

7 	  39.02	  -6.98	  -2.48
	  0.730	 -0.682	  0.029
	  0.675	  0.715	 -0.179
	  0.101	  0.150	  0.983

8 	  42.15	 -10.49	   7.86
	  0.793	 -0.306	  0.526
	 -0.125	 -0.928	 -0.352
	  0.595	  0.214	 -0.775

9 	  50.99	 -13.66	  11.09
	  0.778	 -0.177	  0.603
	  0.518	  0.724	 -0.456
	 -0.356	  0.666	  0.655

2 	  32.64	  -6.87	  22.97
	 -0.053	  0.996	 -0.068
	 -0.998	 -0.054	 -0.012
	 -0.016	  0.067	  0.997

3 	  44.07	  -0.49	   3.13
	  0.490	  0.351	  0.798
	 -0.571	  0.821	 -0.010
	 -0.659	 -0.450	  0.603

4 	  37.07	   4.20	  -2.58
	  0.559	  0.747	 -0.360
	 -0.692	  0.659	  0.294
	  0.457	  0.084	  0.885

5 	  39.25	   7.95	   9.54
	  0.652	  0.099	  0.751
	 -0.282	 -0.888	  0.362
	  0.703	 -0.448	 -0.552

6 	  45.90	  10.02	  16.21
	  0.530	 -0.023	  0.847
	 -0.694	  0.563	  0.449
	 -0.487	 -0.826	  0.283

7 	  39.08	  -7.08	  -2.32
	  0.700	 -0.705	  0.109
	  0.711	  0.678	 -0.186
	  0.057	  0.208	  0.976

8 	  39.69	  -9.54	   9.09
	  0.572	 -0.218	  0.791
	 -0.014	 -0.967	 -0.256
	  0.820	  0.135	 -0.556

9 	  46.60	 -12.67	  16.28
	  0.390	 -0.143	  0.910
	  0.644	  0.748	 -0.159
	 -0.658	  0.648	  0.383

2 	  32.64	  -6.87	  22.97
	 -0.054	  0.996	 -0.068
	 -0.998	 -0.055	 -0.012
	 -0.016	  0.067	  0.997

3 	  44.09	  -0.44	   3.29
	  0.484	  0.348	  0.803
	 -0.569	  0.822	 -0.014
	 -0.665	 -0.450	  0.596

4 	  37.32	   4.29	  -2.50
	  0.554	  0.765	 -0.327
	 -0.714	  0.639	  0.285
	  0.428	  0.075	  0.901

5 	  37.56	   7.75	   9.93
	  0.506	  0.105	  0.856
	 -0.262	 -0.927	  0.269
	  0.821	 -0.360	 -0.442

6 	  43.01	  10.14	  17.79
	  0.374	 -0.015	  0.927
	 -0.815	  0.472	  0.336
	 -0.443	 -0.881	  0.164

7 	  39.23	  -7.24	  -2.04
	  0.677	 -0.717	  0.167
	  0.735	  0.652	 -0.184
	  0.023	  0.247	  0.969

8 	  38.41	  -9.16	   9.62
	  0.434	 -0.210	  0.875
	 -0.100	 -0.978	 -0.185
	  0.895	 -0.007	 -0.446

9 	  44.53	 -12.32	  17.75
	  0.288	 -0.086	  0.953
	  0.745	  0.646	 -0.167
	 -0.602	  0.758	  0.250

2 	  32.64	  -6.87	  22.97
	 -0.054	  0.996	 -0.068
	 -0.998	 -0.055	 -0.012
	 -0.016	  0.067	  0.997

3 	  44.10	  -0.49	   3.45
	  0.475	  0.345	  0.809
	 -0.561	  0.827	 -0.024
	 -0.678	 -0.443	  0.587

4 	  37.41	   4.29	  -2.43
	  0.558	  0.772	 -0.305
	 -0.718	  0.633	  0.289
	  0.417	  0.057	  0.907

5 	  37.28	   7.58	  10.02
	  0.435	  0.110	  0.893
	 -0.232	 -0.945	  0.229
	  0.870	 -0.307	 -0.386

6 	  42.64	  10.16	  18.11
	  0.352	 -0.014	  0.936
	 -0.833	  0.452	  0.320
	 -0.427	 -0.892	  0.148

7 	  39.22	  -7.38	  -2.04
	  0.670	 -0.722	  0.173
	  0.742	  0.643	 -0.189
	  0.025	  0.255	  0.966

8 	  38.71	  -9.40	   9.69
	  0.451	 -0.190	  0.872
	 -0.026	 -0.979	 -0.200
	  0.892	  0.067	 -0.447

9 	  45.46	 -12.13	  17.47
	  0.356	 -0.070	  0.932
	  0.673	  0.711	 -0.204
	 -0.649	  0.699	  0.300

2 	  32.62	  -6.87	  22.99
	 -0.053	  0.996	 -0.068
	 -0.998	 -0.054	 -0.012
	 -0.016	  0.067	  0.997

3 	  44.14	  -0.60	   3.52
	  0.476	  0.340	  0.810
	 -0.553	  0.833	 -0.025
	 -0.684	 -0.436	  0.585

4 	  37.46	   4.27	  -2.32
	  0.570	  0.769	 -0.288
	 -0.715	  0.638	  0.287
	  0.404	  0.042	  0.913

5 	  37.58	   7.58	  10.23
	  0.490	  0.099	  0.866
	 -0.272	 -0.927	  0.260
	  0.828	 -0.363	 -0.427

6 	  43.35	   9.98	  17.98
	  0.388	 -0.012	  0.921
	 -0.781	  0.526	  0.335
	 -0.489	 -0.850	  0.195

7 	  39.23	  -7.45	  -2.00
	  0.668	 -0.723	  0.177
	  0.744	  0.641	 -0.188
	  0.022	  0.257	  0.966

8 	  38.71	  -9.46	   9.74
	  0.461	 -0.183	  0.868
	 -0.016	 -0.980	 -0.199
	  0.887	  0.078	 -0.455

9 	  45.56	 -11.97	  17.35
	  0.382	 -0.051	  0.923
	  0.668	  0.705	 -0.238
	 -0.639	  0.707	  0.303

2 	  32.62	  -6.87	  22.97
	 -0.053	  0.996	 -0.068
	 -0.998	 -0.054	 -0.012
	 -0.016	  0.067	  0.997

3 	  44.14	  -0.63	   3.52
	  0.476	  0.340	  0.811
	 -0.551	  0.834	 -0.027
	 -0.686	 -0.434	  0.584

4 	  37.46	   4.25	  -2.32
	  0.570	  0.769	 -0.289
	 -0.715	  0.638	  0.287
	  0.405	  0.042	  0.913

5 	  37.58	   7.58	  10.21
	  0.495	  0.098	  0.863
	 -0.275	 -0.925	  0.263
	  0.824	 -0.367	 -0.431

6 	  43.33	  10.04	  17.91
	  0.388	 -0.009	  0.922
	 -0.797	  0.499	  0.340
	 -0.463	 -0.866	  0.186

7 	  39.23	  -7.49	  -1.99
	  0.665	 -0.724	  0.180
	  0.746	  0.640	 -0.185
	  0.018	  0.257	  0.966

8 	  38.95	  -9.35	   9.72
	  0.479	 -0.181	  0.858
	 -0.026	 -0.981	 -0.192
	  0.877	  0.069	 -0.475

9 	  45.79	 -12.22	  17.26
	  0.330	 -0.099	  0.939
	  0.655	  0.740	 -0.153
	 -0.680	  0.665	  0.309

2 	  32.64	  -6.87	  22.97
	 -0.053	  0.996	 -0.068
	 -0.998	 -0.054	 -0.012
	 -0.016	  0.067	  0.997

3 	  44.09	  -0.70	   3.52
	  0.468	  0.344	  0.814
	 -0.539	  0.841	 -0.046
	 -0.700	 -0.418	  0.579

4 	  37.35	   4.11	  -2.50
	  0.573	  0.743	 -0.345
	 -0.701	  0.663	  0.264
	  0.424	  0.090	  0.901

5 	  38.37	   7.95	   9.76
	  0.544	  0.089	  0.834
	 -0.363	 -0.871	  0.329
	  0.756	 -0.482	 -0.442

6 	  44.72	  10.11	  17.03
	  0.406	  0.009	  0.913
	 -0.720	  0.618	  0.314
	 -0.562	 -0.786	  0.258

7 	  38.99	  -7.37	  -2.06
	  0.685	 -0.719	  0.112
	  0.726	  0.664	 -0.179
	  0.054	  0.204	  0.977

8 	  41.57	 -10.42	   8.58
	  0.669	 -0.337	  0.663
	 -0.145	 -0.933	 -0.328
	  0.729	  0.123	 -0.673

9 	  50.04	 -14.77	  12.74
	  0.632	 -0.281	  0.722
	  0.649	  0.701	 -0.296
	 -0.424	  0.655	  0.625

2 	  32.64	  -6.87	  22.97
	 -0.054	  0.996	 -0.068
	 -0.998	 -0.055	 -0.012
	 -0.016	  0.067	  0.997

3 	  43.95	  -0.76	   3.11
	  0.481	  0.351	  0.803
	 -0.556	  0.830	 -0.031
	 -0.678	 -0.432	  0.594

4 	  36.77	   3.80	  -2.67
	  0.542	  0.734	 -0.410
	 -0.692	  0.666	  0.279
	  0.478	  0.132	  0.868

5 	  40.27	   8.07	   9.04
	  0.727	  0.123	  0.676
	 -0.280	 -0.845	  0.455
	  0.627	 -0.520	 -0.580

6 	  48.55	  10.02	  13.85
	  0.678	  0.000	  0.735
	 -0.562	  0.645	  0.518
	 -0.474	 -0.764	  0.437

7 	  38.64	  -7.21	  -2.55
	  0.724	 -0.689	 -0.028
	  0.668	  0.711	 -0.218
	  0.170	  0.139	  0.975

8 	  43.93	 -11.44	   6.01
	  0.858	 -0.404	  0.317
	 -0.258	 -0.873	 -0.414
	  0.443	  0.273	 -0.854

9 	  53.03	 -15.59	   6.24
	  0.842	 -0.356	  0.405
	  0.512	  0.762	 -0.396
	 -0.168	  0.540	  0.824

2 	  32.64	  -6.87	  22.97
	 -0.054	  0.996	 -0.068
	 -0.998	 -0.055	 -0.012
	 -0.016	  0.067	  0.997

3 	  43.84	  -0.77	   2.88
	  0.499	  0.349	  0.792
	 -0.557	  0.830	 -0.016
	 -0.664	 -0.433	  0.609

4 	  36.51	   3.66	  -2.90
	  0.541	  0.683	 -0.491
	 -0.657	  0.707	  0.260
	  0.525	  0.182	  0.831

5 	  42.10	   8.09	   7.73
	  0.857	  0.071	  0.510
	 -0.262	 -0.793	  0.550
	  0.443	 -0.605	 -0.661

6 	  51.08	   9.05	  10.85
	  0.809	 -0.064	  0.584
	 -0.378	  0.705	  0.599
	 -0.451	 -0.706	  0.546

7 	  38.23	  -6.89	  -2.76
	  0.729	 -0.670	 -0.139
	  0.636	  0.739	 -0.220
	  0.250	  0.072	  0.965

8 	  45.14	 -11.34	   3.41
	  0.923	 -0.385	  0.010
	 -0.349	 -0.848	 -0.400
	  0.162	  0.365	 -0.916

9 	  53.84	 -15.13	   0.51
	  0.925	 -0.367	  0.099
	  0.373	  0.826	 -0.423
	  0.073	  0.428	  0.901

2 	  32.64	  -6.87	  22.97
	 -0.054	  0.996	 -0.068
	 -0.998	 -0.055	 -0.012
	 -0.016	  0.067	  0.997

3 	  43.72	  -0.84	   2.64
	  0.518	  0.348	  0.781
	 -0.542	  0.840	 -0.016
	 -0.662	 -0.415	  0.624

4 	  36.21	   3.46	  -3.09
	  0.524	  0.651	 -0.550
	 -0.633	  0.729	  0.260
	  0.570	  0.211	  0.793

5 	  43.05	   7.79	   6.77
	  0.913	  0.023	  0.406
	 -0.246	 -0.765	  0.595
	  0.324	 -0.643	 -0.693

6 	  52.17	   8.35	   8.75
	  0.869	 -0.100	  0.484
	 -0.271	  0.723	  0.635
	 -0.414	 -0.683	  0.601

7 	  37.95	  -6.57	  -3.11
	  0.734	 -0.634	 -0.245
	  0.589	  0.773	 -0.234
	  0.337	  0.028	  0.941

8 	  45.60	 -11.16	   1.25
	  0.914	 -0.358	 -0.189
	 -0.405	 -0.827	 -0.390
	 -0.018	  0.433	 -0.901

9 	  53.67	 -14.57	  -3.41
	  0.928	 -0.357	 -0.100
	  0.286	  0.862	 -0.417
	  0.235	  0.359	  0.903

2 	  32.64	  -6.86	  22.97
	 -0.054	  0.996	 -0.068
	 -0.998	 -0.055	 -0.012
	 -0.016	  0.067	  0.997

3 	  43.58	  -0.81	   2.32
	  0.532	  0.344	  0.774
	 -0.563	  0.826	  0.020
	 -0.632	 -0.447	  0.633

4 	  35.88	   3.36	  -3.20
	  0.490	  0.639	 -0.594
	 -0.631	  0.729	  0.264
	  0.601	  0.245	  0.760

5 	  43.26	   7.59	   6.21
	  0.936	 -0.004	  0.351
	 -0.233	 -0.754	  0.614
	  0.262	 -0.656	 -0.707

6 	  52.45	   7.98	   7.95
	  0.886	 -0.119	  0.447
	 -0.228	  0.729	  0.645
	 -0.403	 -0.674	  0.619

7 	  37.67	  -6.38	  -3.27
	  0.734	 -0.604	 -0.310
	  0.552	  0.797	 -0.244
	  0.395	  0.008	  0.919

8 	  45.65	 -10.81	  -0.04
	  0.894	 -0.328	 -0.304
	 -0.429	 -0.823	 -0.374
	 -0.127	  0.464	 -0.876

9 	  53.24	 -13.82	  -6.28
	  0.907	 -0.332	 -0.257
	  0.209	  0.888	 -0.410
	  0.364	  0.318	  0.875

2 	  32.64	  -6.87	  22.97
	 -0.053	  0.996	 -0.068
	 -0.998	 -0.054	 -0.012
	 -0.016	  0.067	  0.997

3 	  43.44	  -0.76	   2.06
	  0.544	  0.350	  0.762
	 -0.578	  0.815	  0.038
	 -0.608	 -0.462	  0.646

4 	  35.54	   3.25	  -3.32
	  0.459	  0.635	 -0.621
	 -0.635	  0.723	  0.270
	  0.621	  0.271	  0.735

5 	  43.19	   7.52	   5.99
	  0.940	 -0.014	  0.339
	 -0.236	 -0.745	  0.623
	  0.244	 -0.666	 -0.704

6 	  52.45	   7.79	   7.51
	  0.893	 -0.129	  0.431
	 -0.209	  0.730	  0.650
	 -0.399	 -0.671	  0.625

7 	  37.48	  -6.28	  -3.39
	  0.729	 -0.586	 -0.353
	  0.526	  0.810	 -0.258
	  0.437	  0.003	  0.899

8 	  45.65	 -10.63	  -0.88
	  0.876	 -0.306	 -0.373
	 -0.441	 -0.821	 -0.362
	 -0.196	  0.482	 -0.854

9 	  52.80	 -13.43	  -7.73
	  0.886	 -0.318	 -0.336
	  0.168	  0.898	 -0.406
	  0.430	  0.303	  0.850

2 	  32.64	  -6.87	  22.97
	 -0.054	  0.996	 -0.068
	 -0.998	 -0.055	 -0.012
	 -0.016	  0.067	  0.997

3 	  43.37	  -0.65	   1.88
	  0.551	  0.356	  0.755
	 -0.593	  0.804	  0.054
	 -0.588	 -0.477	  0.654

4 	  35.35	   3.20	  -3.39
	  0.435	  0.632	 -0.641
	 -0.639	  0.719	  0.275
	  0.634	  0.289	  0.717

5 	  43.12	   7.54	   5.73
	  0.948	 -0.014	  0.317
	 -0.222	 -0.742	  0.633
	  0.226	 -0.670	 -0.707

6 	  52.47	   7.63	   6.93
	  0.904	 -0.139	  0.404
	 -0.178	  0.737	  0.652
	 -0.389	 -0.661	  0.641

7 	  37.34	  -6.24	  -3.48
	  0.729	 -0.572	 -0.376
	  0.505	  0.820	 -0.268
	  0.461	  0.005	  0.887

8 	  45.63	 -10.49	  -1.37
	  0.866	 -0.288	 -0.408
	 -0.441	 -0.823	 -0.356
	 -0.233	  0.488	 -0.841

9 	  52.65	 -13.15	  -8.77
	  0.871	 -0.302	 -0.389
	  0.134	  0.906	 -0.402
	  0.473	  0.298	  0.829

2 	  32.64	  -6.87	  22.97
	 -0.053	  0.996	 -0.068
	 -0.998	 -0.054	 -0.012
	 -0.016	  0.067	  0.997

3 	  43.35	  -0.67	   1.79
	  0.556	  0.358	  0.750
	 -0.595	  0.801	  0.057
	 -0.581	 -0.478	  0.658

4 	  35.31	   3.11	  -3.46
	  0.428	  0.625	 -0.653
	 -0.635	  0.722	  0.275
	  0.643	  0.297	  0.706

5 	  43.12	   7.51	   5.50
	  0.951	 -0.017	  0.308
	 -0.221	 -0.733	  0.643
	  0.215	 -0.680	 -0.701

6 	  52.47	   7.37	   6.54
	  0.907	 -0.150	  0.394
	 -0.154	  0.751	  0.641
	 -0.392	 -0.642	  0.658

7 	  37.28	  -6.28	  -3.53
	  0.729	 -0.563	 -0.389
	  0.491	  0.826	 -0.276
	  0.477	  0.010	  0.879

8 	  45.67	 -10.35	  -1.72
	  0.859	 -0.264	 -0.437
	 -0.435	 -0.827	 -0.357
	 -0.267	  0.497	 -0.826

9 	  52.47	 -12.78	  -9.37
	  0.862	 -0.282	 -0.422
	  0.106	  0.913	 -0.393
	  0.496	  0.294	  0.817

2 	  32.64	  -6.87	  22.97
	 -0.053	  0.996	 -0.068
	 -0.998	 -0.054	 -0.012
	 -0.016	  0.067	  0.997

3 	  43.35	  -0.69	   1.74
	  0.558	  0.358	  0.748
	 -0.594	  0.802	  0.059
	 -0.579	 -0.478	  0.660

4 	  35.30	   3.08	  -3.48
	  0.426	  0.623	 -0.656
	 -0.635	  0.722	  0.275
	  0.645	  0.299	  0.703

5 	  43.08	   7.47	   5.47
	  0.950	 -0.019	  0.311
	 -0.226	 -0.730	  0.645
	  0.214	 -0.683	 -0.698

6 	  52.47	   7.31	   6.57
	  0.906	 -0.156	  0.394
	 -0.149	  0.753	  0.641
	 -0.397	 -0.639	  0.658

7 	  37.28	  -6.24	  -3.55
	  0.732	 -0.552	 -0.399
	  0.478	  0.833	 -0.277
	  0.485	  0.012	  0.874

8 	  45.69	 -10.27	  -2.07
	  0.849	 -0.244	 -0.469
	 -0.438	 -0.821	 -0.366
	 -0.296	  0.517	 -0.803

9 	  52.24	 -12.39	 -10.14
	  0.845	 -0.258	 -0.467
	  0.077	  0.925	 -0.372
	  0.528	  0.279	  0.802

2 	  32.64	  -6.87	  22.97
	 -0.053	  0.996	 -0.068
	 -0.998	 -0.054	 -0.012
	 -0.016	  0.067	  0.997

3 	  43.35	  -0.70	   1.71
	  0.560	  0.356	  0.747
	 -0.592	  0.804	  0.060
	 -0.580	 -0.476	  0.661

4 	  35.30	   3.08	  -3.48
	  0.425	  0.623	 -0.657
	 -0.634	  0.723	  0.274
	  0.645	  0.299	  0.702

5 	  43.05	   7.44	   5.47
	  0.948	 -0.021	  0.316
	 -0.231	 -0.728	  0.645
	  0.216	 -0.685	 -0.696

6 	  52.40	   7.24	   6.61
	  0.904	 -0.161	  0.396
	 -0.148	  0.752	  0.642
	 -0.401	 -0.639	  0.656

7 	  37.25	  -6.17	  -3.59
	  0.731	 -0.544	 -0.412
	  0.468	  0.839	 -0.276
	  0.496	  0.009	  0.868

8 	  45.60	 -10.20	  -2.44
	  0.833	 -0.232	 -0.502
	 -0.450	 -0.812	 -0.371
	 -0.322	  0.535	 -0.781

9 	  51.86	 -12.02	 -10.93
	  0.822	 -0.240	 -0.516
	  0.050	  0.934	 -0.354
	  0.567	  0.265	  0.780

2 	  32.64	  -6.87	  22.97
	 -0.054	  0.996	 -0.068
	 -0.998	 -0.055	 -0.012
	 -0.016	  0.067	  0.997

3 	  43.31	  -0.69	   1.65
	  0.562	  0.352	  0.748
	 -0.586	  0.808	  0.060
	 -0.584	 -0.472	  0.661

4 	  35.30	   3.08	  -3.48
	  0.424	  0.623	 -0.656
	 -0.635	  0.722	  0.275
	  0.645	  0.300	  0.702

5 	  43.00	   7.44	   5.54
	  0.946	 -0.022	  0.323
	 -0.236	 -0.730	  0.642
	  0.221	 -0.683	 -0.695

6 	  52.38	   7.24	   6.71
	  0.902	 -0.165	  0.399
	 -0.148	  0.750	  0.644
	 -0.406	 -0.640	  0.652

7 	  37.20	  -6.10	  -3.60
	  0.728	 -0.539	 -0.423
	  0.464	  0.842	 -0.273
	  0.503	  0.002	  0.864

8 	  45.49	 -10.18	  -2.74
	  0.821	 -0.228	 -0.523
	 -0.463	 -0.803	 -0.376
	 -0.334	  0.551	 -0.765

9 	  51.57	 -11.92	 -11.48
	  0.803	 -0.230	 -0.549
	  0.035	  0.939	 -0.342
	  0.594	  0.256	  0.762

2 	  32.64	  -6.87	  22.97
	 -0.054	  0.996	 -0.068
	 -0.998	 -0.055	 -0.012
	 -0.015	  0.067	  0.997

3 	  43.29	  -0.67	   1.67
	  0.565	  0.346	  0.749
	 -0.579	  0.813	  0.060
	 -0.588	 -0.468	  0.660

4 	  35.26	   3.11	  -3.48
	  0.424	  0.627	 -0.653
	 -0.635	  0.720	  0.279
	  0.645	  0.296	  0.704

5 	  42.87	   7.44	   5.66
	  0.942	 -0.021	  0.334
	 -0.242	 -0.734	  0.634
	  0.232	 -0.678	 -0.697

6 	  52.26	   7.21	   6.89
	  0.897	 -0.167	  0.408
	 -0.153	  0.749	  0.644
	 -0.414	 -0.641	  0.647

7 	  37.14	  -6.06	  -3.62
	  0.725	 -0.540	 -0.427
	  0.471	  0.842	 -0.263
	  0.501	 -0.010	  0.865

8 	  45.44	 -10.27	  -2.55
	  0.830	 -0.240	 -0.502
	 -0.461	 -0.801	 -0.380
	 -0.312	  0.547	 -0.776

9 	  51.63	 -12.02	 -11.32
	  0.805	 -0.231	 -0.546
	  0.030	  0.935	 -0.352
	  0.591	  0.267	  0.760

2 	  32.64	  -6.87	  22.97
	 -0.054	  0.996	 -0.068
	 -0.998	 -0.055	 -0.012
	 -0.016	  0.067	  0.997

3 	  43.29	  -0.63	   1.76
	  0.576	  0.339	  0.744
	 -0.563	  0.824	  0.060
	 -0.593	 -0.453	  0.666

4 	  35.28	   3.36	  -3.36
	  0.436	  0.650	 -0.622
	 -0.635	  0.712	  0.299
	  0.637	  0.264	  0.724

5 	  42.47	   7.56	   6.24
	  0.925	 -0.009	  0.379
	 -0.252	 -0.762	  0.597
	  0.283	 -0.648	 -0.707

6 	  51.79	   7.45	   7.98
	  0.878	 -0.159	  0.451
	 -0.200	  0.734	  0.649
	 -0.434	 -0.660	  0.613

7 	  37.28	  -6.17	  -3.55
	  0.736	 -0.573	 -0.360
	  0.513	  0.820	 -0.254
	  0.440	  0.002	  0.898

8 	  45.42	 -10.60	   0.07
	  0.908	 -0.283	 -0.309
	 -0.391	 -0.837	 -0.383
	 -0.150	  0.469	 -0.870

9 	  53.19	 -12.99	  -6.75
	  0.909	 -0.219	 -0.353
	  0.034	  0.886	 -0.462
	  0.414	  0.408	  0.813

2 	  32.64	  -6.87	  22.97
	 -0.054	  0.996	 -0.068
	 -0.998	 -0.055	 -0.012
	 -0.016	  0.067	  0.997

3 	  43.38	  -0.58	   1.95
	  0.575	  0.340	  0.744
	 -0.550	  0.834	  0.043
	 -0.606	 -0.435	  0.666

4 	  35.53	   3.59	  -3.20
	  0.451	  0.688	 -0.569
	 -0.655	  0.688	  0.312
	  0.606	  0.232	  0.761

5 	  41.36	   7.63	   7.47
	  0.865	  0.017	  0.501
	 -0.280	 -0.813	  0.511
	  0.416	 -0.583	 -0.698

6 	  49.99	   8.24	  11.09
	  0.788	 -0.109	  0.605
	 -0.387	  0.677	  0.626
	 -0.478	 -0.728	  0.491

7 	  37.72	  -6.47	  -3.29
	  0.746	 -0.628	 -0.218
	  0.575	  0.775	 -0.262
	  0.334	  0.070	  0.940

8 	  44.68	 -10.71	   3.83
	  0.950	 -0.311	 -0.003
	 -0.289	 -0.880	 -0.377
	  0.114	  0.359	 -0.926

9 	  53.79	 -13.87	   1.63
	  0.957	 -0.251	  0.141
	  0.288	  0.817	 -0.499
	  0.010	  0.518	  0.855

2 	  32.64	  -6.87	  22.97
	 -0.053	  0.996	 -0.068
	 -0.998	 -0.054	 -0.012
	 -0.016	  0.067	  0.997

3 	  43.59	  -0.39	   2.29
	  0.546	  0.354	  0.759
	 -0.571	  0.820	  0.028
	 -0.613	 -0.449	  0.650

4 	  35.86	   3.74	  -3.08
	  0.456	  0.723	 -0.519
	 -0.686	  0.657	  0.312
	  0.567	  0.214	  0.795

5 	  40.03	   7.84	   8.38
	  0.773	  0.073	  0.630
	 -0.274	 -0.857	  0.436
	  0.572	 -0.509	 -0.643

6 	  47.87	   9.49	  13.64
	  0.671	 -0.031	  0.740
	 -0.569	  0.620	  0.541
	 -0.476	 -0.784	  0.398

7 	  38.30	  -6.75	  -2.99
	  0.755	 -0.649	 -0.089
	  0.613	  0.748	 -0.255
	  0.232	  0.138	  0.963

8 	  42.96	 -10.18	   6.61
	  0.871	 -0.322	  0.372
	 -0.190	 -0.917	 -0.350
	  0.453	  0.234	 -0.860

9 	  51.71	 -13.92	   9.28
	  0.761	 -0.274	  0.588
	  0.522	  0.797	 -0.304
	 -0.385	  0.538	  0.749

2 	  32.64	  -6.87	  22.97
	 -0.053	  0.996	 -0.068
	 -0.998	 -0.054	 -0.012
	 -0.016	  0.067	  0.997

3 	  43.72	  -0.26	   2.57
	  0.522	  0.364	  0.771
	 -0.594	  0.804	  0.022
	 -0.612	 -0.469	  0.636

4 	  36.11	   3.87	  -2.95
	  0.464	  0.747	 -0.476
	 -0.703	  0.637	  0.316
	  0.539	  0.188	  0.821

5 	  39.15	   7.84	   8.88
	  0.702	  0.107	  0.703
	 -0.257	 -0.884	  0.390
	  0.664	 -0.455	 -0.593

6 	  46.60	   9.72	  14.85
	  0.608	 -0.013	  0.794
	 -0.643	  0.579	  0.501
	 -0.467	 -0.815	  0.344

7 	  38.46	  -6.91	  -2.78
	  0.737	 -0.675	 -0.028
	  0.650	  0.719	 -0.244
	  0.184	  0.161	  0.969

8 	  41.12	 -10.21	   7.82
	  0.750	 -0.318	  0.580
	 -0.132	 -0.931	 -0.339
	  0.648	  0.178	 -0.740

9 	  49.54	 -13.85	  12.38
	  0.642	 -0.242	  0.727
	  0.579	  0.775	 -0.254
	 -0.502	  0.584	  0.637

2 	  32.64	  -6.87	  22.97
	 -0.054	  0.996	 -0.068
	 -0.998	 -0.055	 -0.012
	 -0.016	  0.067	  0.997

3 	  43.75	  -0.35	   2.76
	  0.515	  0.351	  0.781
	 -0.578	  0.815	  0.015
	 -0.632	 -0.460	  0.623

4 	  36.35	   4.04	  -2.81
	  0.495	  0.751	 -0.436
	 -0.693	  0.644	  0.324
	  0.524	  0.141	  0.840

5 	  38.64	   7.82	   9.21
	  0.644	  0.105	  0.757
	 -0.266	 -0.898	  0.351
	  0.717	 -0.428	 -0.551

6 	  45.63	   9.86	  15.75
	  0.553	 -0.008	  0.833
	 -0.696	  0.545	  0.467
	 -0.458	 -0.839	  0.296

7 	  38.46	  -6.96	  -2.69
	  0.711	 -0.703	  0.002
	  0.683	  0.690	 -0.238
	  0.166	  0.171	  0.971

8 	  39.69	 -10.00	   8.37
	  0.613	 -0.283	  0.737
	 -0.055	 -0.947	 -0.318
	  0.788	  0.155	 -0.596

9 	  47.36	 -13.45	  14.64
	  0.505	 -0.193	  0.841
	  0.608	  0.771	 -0.188
	 -0.613	  0.606	  0.506

2 	  32.62	  -6.87	  22.99
	 -0.053	  0.996	 -0.068
	 -0.998	 -0.055	 -0.012
	 -0.016	  0.067	  0.997

3 	  43.82	  -0.39	   2.87
	  0.512	  0.348	  0.785
	 -0.570	  0.821	  0.008
	 -0.642	 -0.452	  0.619

4 	  36.53	   4.08	  -2.79
	  0.505	  0.753	 -0.422
	 -0.692	  0.646	  0.323
	  0.516	  0.128	  0.847

5 	  38.30	   7.70	   9.37
	  0.609	  0.109	  0.785
	 -0.254	 -0.911	  0.323
	  0.751	 -0.396	 -0.528

6 	  45.05	   9.84	  16.21
	  0.515	 -0.003	  0.857
	 -0.732	  0.518	  0.441
	 -0.446	 -0.855	  0.264

7 	  38.55	  -7.10	  -2.58
	  0.694	 -0.718	  0.045
	  0.705	  0.668	 -0.237
	  0.140	  0.197	  0.970

8 	  38.60	  -9.70	   8.63
	  0.465	 -0.232	  0.854
	 -0.015	 -0.967	 -0.254
	  0.885	  0.106	 -0.453

9 	  45.60	 -12.76	  16.15
	  0.381	 -0.133	  0.915
	  0.637	  0.755	 -0.156
	 -0.670	  0.642	  0.372

2 	  32.64	  -6.86	  22.99
	 -0.054	  0.996	 -0.068
	 -0.998	 -0.055	 -0.012
	 -0.016	  0.067	  0.997

3 	  43.84	  -0.44	   2.88
	  0.514	  0.349	  0.783
	 -0.566	  0.824	  0.004
	 -0.644	 -0.446	  0.621

4 	  36.56	   4.01	  -2.79
	  0.509	  0.753	 -0.417
	 -0.695	  0.645	  0.317
	  0.507	  0.128	  0.852

5 	  38.14	   7.68	   9.42
	  0.591	  0.117	  0.798
	 -0.245	 -0.916	  0.316
	  0.768	 -0.382	 -0.513

6 	  44.72	  10.02	  16.38
	  0.485	  0.006	  0.874
	 -0.750	  0.518	  0.412
	 -0.450	 -0.856	  0.255

7 	  38.57	  -7.28	  -2.50
	  0.678	 -0.731	  0.075
	  0.724	  0.647	 -0.239
	  0.126	  0.216	  0.968

8 	  38.16	  -9.60	   8.86
	  0.363	 -0.189	  0.912
	  0.003	 -0.979	 -0.204
	  0.932	  0.076	 -0.355

9 	  44.89	 -12.39	  16.84
	  0.318	 -0.098	  0.943
	  0.645	  0.751	 -0.140
	 -0.695	  0.652	  0.302

2 	  32.64	  -6.86	  22.99
	 -0.054	  0.996	 -0.068
	 -0.998	 -0.055	 -0.012
	 -0.016	  0.067	  0.997

3 	  43.84	  -0.58	   2.99
	  0.517	  0.351	  0.780
	 -0.560	  0.829	 -0.003
	 -0.648	 -0.435	  0.625

4 	  36.60	   3.88	  -2.79
	  0.511	  0.752	 -0.415
	 -0.700	  0.645	  0.307
	  0.499	  0.133	  0.856

5 	  38.02	   7.54	   9.44
	  0.582	  0.120	  0.804
	 -0.240	 -0.919	  0.311
	  0.777	 -0.374	 -0.507

6 	  44.56	   9.90	  16.49
	  0.471	  0.009	  0.882
	 -0.757	  0.518	  0.398
	 -0.454	 -0.855	  0.250

7 	  38.60	  -7.45	  -2.46
	  0.672	 -0.735	  0.088
	  0.731	  0.639	 -0.239
	  0.119	  0.225	  0.967

8 	  38.18	  -9.58	   8.91
	  0.352	 -0.167	  0.921
	  0.024	 -0.982	 -0.188
	  0.935	  0.088	 -0.342

9 	  44.81	 -12.23	  17.02
	  0.311	 -0.082	  0.947
	  0.646	  0.749	 -0.147
	 -0.697	  0.657	  0.286

2 	  32.64	  -6.87	  22.97
	 -0.054	  0.996	 -0.068
	 -0.998	 -0.055	 -0.012
	 -0.016	  0.067	  0.997

3 	  43.80	  -0.70	   3.02
	  0.520	  0.358	  0.775
	 -0.560	  0.828	 -0.006
	 -0.645	 -0.431	  0.631

4 	  36.58	   3.76	  -2.83
	  0.512	  0.749	 -0.419
	 -0.700	  0.647	  0.302
	  0.497	  0.138	  0.856

5 	  38.06	   7.51	   9.42
	  0.583	  0.121	  0.803
	 -0.243	 -0.918	  0.314
	  0.775	 -0.379	 -0.506

6 	  44.63	   9.93	  16.42
	  0.464	  0.014	  0.885
	 -0.753	  0.532	  0.386
	 -0.466	 -0.846	  0.258

7 	  38.62	  -7.51	  -2.43
	  0.675	 -0.731	  0.094
	  0.728	  0.641	 -0.242
	  0.116	  0.232	  0.966

8 	  38.30	  -9.53	   8.96
	  0.365	 -0.156	  0.918
	  0.046	 -0.982	 -0.185
	  0.930	  0.110	 -0.352

9 	  44.93	 -12.09	  17.05
	  0.309	 -0.075	  0.948
	  0.636	  0.757	 -0.148
	 -0.707	  0.649	  0.282

2 	  32.64	  -6.87	  22.99
	 -0.054	  0.996	 -0.068
	 -0.998	 -0.055	 -0.012
	 -0.016	  0.067	  0.997

3 	  43.77	  -0.72	   3.04
	  0.517	  0.361	  0.776
	 -0.564	  0.825	 -0.009
	 -0.644	 -0.433	  0.630

4 	  36.56	   3.74	  -2.81
	  0.514	  0.747	 -0.422
	 -0.699	  0.650	  0.299
	  0.498	  0.141	  0.856

5 	  38.32	   7.59	   9.33
	  0.599	  0.111	  0.793
	 -0.281	 -0.898	  0.339
	  0.749	 -0.426	 -0.507

6 	  44.98	   9.81	  16.26
	  0.458	  0.014	  0.889
	 -0.717	  0.596	  0.360
	 -0.525	 -0.802	  0.283

7 	  38.60	  -7.51	  -2.43
	  0.679	 -0.728	  0.089
	  0.724	  0.645	 -0.244
	  0.120	  0.230	  0.965

8 	  38.79	  -9.65	   8.98
	  0.447	 -0.188	  0.875
	  0.030	 -0.974	 -0.224
	  0.894	  0.127	 -0.430

9 	  45.83	 -12.52	  16.45
	  0.361	 -0.120	  0.925
	  0.639	  0.753	 -0.153
	 -0.679	  0.646	  0.349

2 	  32.64	  -6.87	  22.97
	 -0.053	  0.996	 -0.068
	 -0.998	 -0.054	 -0.012
	 -0.016	  0.067	  0.997

3 	  43.72	  -0.76	   3.01
	  0.513	  0.360	  0.779
	 -0.562	  0.827	 -0.012
	 -0.649	 -0.432	  0.627

4 	  36.47	   3.76	  -2.79
	  0.521	  0.738	 -0.429
	 -0.690	  0.660	  0.297
	  0.502	  0.141	  0.853

5 	  39.04	   7.72	   9.26
	  0.652	  0.099	  0.752
	 -0.297	 -0.879	  0.373
	  0.698	 -0.466	 -0.544

6 	  46.23	   9.81	  15.52
	  0.526	  0.010	  0.850
	 -0.668	  0.625	  0.404
	 -0.527	 -0.781	  0.335

7 	  38.50	  -7.37	  -2.53
	  0.692	 -0.720	  0.055
	  0.708	  0.662	 -0.246
	  0.141	  0.209	  0.967

8 	  39.96	  -9.77	   8.68
	  0.563	 -0.242	  0.790
	 -0.025	 -0.961	 -0.276
	  0.826	  0.136	 -0.547

9 	  47.72	 -13.18	  14.94
	  0.481	 -0.179	  0.858
	  0.622	  0.759	 -0.191
	 -0.618	  0.625	  0.476

2 	  32.64	  -6.87	  22.99
	 -0.053	  0.996	 -0.068
	 -0.998	 -0.055	 -0.012
	 -0.016	  0.067	  0.997

3 	  43.70	  -0.74	   2.99
	  0.514	  0.358	  0.779
	 -0.562	  0.827	 -0.010
	 -0.648	 -0.433	  0.626

4 	  36.37	   3.80	  -2.76
	  0.522	  0.728	 -0.443
	 -0.683	  0.668	  0.294
	  0.511	  0.149	  0.846

5 	  39.87	   7.80	   8.95
	  0.719	  0.081	  0.690
	 -0.304	 -0.857	  0.416
	  0.625	 -0.509	 -0.591

6 	  47.55	   9.56	  14.52
	  0.602	 -0.002	  0.798
	 -0.602	  0.656	  0.455
	 -0.525	 -0.755	  0.393

7 	  38.41	  -7.26	  -2.58
	  0.701	 -0.712	  0.021
	  0.694	  0.676	 -0.246
	  0.161	  0.187	  0.969

8 	  41.34	 -10.14	   8.07
	  0.699	 -0.285	  0.656
	 -0.097	 -0.946	 -0.308
	  0.708	  0.152	 -0.689

9 	  49.75	 -13.54	  12.66
	  0.621	 -0.223	  0.751
	  0.575	  0.781	 -0.243
	 -0.533	  0.583	  0.613

2 	  32.64	  -6.87	  22.97
	 -0.054	  0.996	 -0.068
	 -0.998	 -0.055	 -0.012
	 -0.016	  0.067	  0.997

3 	  43.66	  -0.70	   2.92
	  0.515	  0.357	  0.779
	 -0.564	  0.826	 -0.006
	 -0.646	 -0.436	  0.626

4 	  36.26	   3.74	  -2.83
	  0.517	  0.714	 -0.471
	 -0.677	  0.678	  0.285
	  0.523	  0.171	  0.835

5 	  40.68	   7.80	   8.53
	  0.780	  0.058	  0.622
	 -0.305	 -0.834	  0.459
	  0.546	 -0.548	 -0.634

6 	  48.78	   9.44	  13.39
	  0.672	 -0.016	  0.741
	 -0.537	  0.678	  0.502
	 -0.511	 -0.735	  0.446

7 	  38.27	  -7.10	  -2.65
	  0.716	 -0.698	 -0.030
	  0.672	  0.700	 -0.243
	  0.190	  0.154	  0.969

8 	  42.82	 -10.25	   7.17
	  0.823	 -0.298	  0.483
	 -0.133	 -0.929	 -0.345
	  0.552	  0.220	 -0.804

9 	  51.87	 -13.66	   9.81
	  0.755	 -0.252	  0.605
	  0.505	  0.812	 -0.293
	 -0.418	  0.527	  0.740

2 	  32.64	  -6.87	  22.97
	 -0.054	  0.996	 -0.068
	 -0.998	 -0.055	 -0.012
	 -0.016	  0.067	  0.997

3 	  43.65	  -0.65	   2.78
	  0.517	  0.356	  0.778
	 -0.569	  0.822	  0.001
	 -0.640	 -0.444	  0.628

4 	  36.09	   3.66	  -2.92
	  0.503	  0.698	 -0.509
	 -0.673	  0.686	  0.276
	  0.542	  0.203	  0.815

5 	  41.33	   7.84	   7.98
	  0.832	  0.045	  0.553
	 -0.289	 -0.816	  0.500
	  0.474	 -0.576	 -0.666

6 	  49.82	   9.11	  12.06
	  0.738	 -0.034	  0.673
	 -0.471	  0.689	  0.551
	 -0.483	 -0.724	  0.493

7 	  38.13	  -6.93	  -2.85
	  0.727	 -0.678	 -0.105
	  0.643	  0.727	 -0.241
	  0.240	  0.108	  0.964

8 	  44.12	 -10.53	   5.55
	  0.908	 -0.316	  0.274
	 -0.203	 -0.905	 -0.374
	  0.366	  0.284	 -0.886

9 	  53.38	 -13.75	   6.05
	  0.866	 -0.278	  0.414
	  0.428	  0.840	 -0.332
	 -0.256	  0.465	  0.847

2 	  32.64	  -6.87	  22.97
	 -0.054	  0.996	 -0.068
	 -0.998	 -0.055	 -0.012
	 -0.016	  0.067	  0.997

3 	  43.58	  -0.65	   2.55
	  0.521	  0.360	  0.773
	 -0.584	  0.812	  0.015
	 -0.623	 -0.459	  0.633

4 	  35.91	   3.55	  -3.08
	  0.484	  0.683	 -0.547
	 -0.666	  0.693	  0.275
	  0.567	  0.231	  0.790

5 	  41.92	   7.79	   7.38
	  0.872	  0.031	  0.488
	 -0.274	 -0.796	  0.540
	  0.406	 -0.604	 -0.686

6 	  50.75	   8.89	  10.67
	  0.794	 -0.050	  0.605
	 -0.405	  0.699	  0.589
	 -0.453	 -0.713	  0.535

7 	  37.95	  -6.71	  -3.02
	  0.734	 -0.653	 -0.183
	  0.611	  0.754	 -0.240
	  0.295	  0.064	  0.953

8 	  44.96	 -10.51	   3.96
	  0.945	 -0.315	  0.082
	 -0.261	 -0.885	 -0.386
	  0.194	  0.343	 -0.919

9 	  54.14	 -13.73	   2.25
	  0.931	 -0.295	  0.214
	  0.355	  0.864	 -0.356
	 -0.081	  0.407	  0.909

2 	  32.64	  -6.86	  22.97
	 -0.054	  0.996	 -0.068
	 -0.998	 -0.055	 -0.012
	 -0.016	  0.067	  0.997

3 	  43.52	  -0.56	   2.37
	  0.527	  0.361	  0.769
	 -0.594	  0.804	  0.030
	 -0.608	 -0.473	  0.638

4 	  35.74	   3.50	  -3.15
	  0.466	  0.672	 -0.575
	 -0.662	  0.696	  0.277
	  0.587	  0.251	  0.770

5 	  42.29	   7.77	   6.91
	  0.899	  0.018	  0.436
	 -0.260	 -0.781	  0.568
	  0.351	 -0.624	 -0.698

6 	  51.24	   8.63	   9.67
	  0.831	 -0.070	  0.551
	 -0.349	  0.706	  0.615
	 -0.432	 -0.704	  0.563

7 	  37.78	  -6.47	  -3.16
	  0.740	 -0.627	 -0.243
	  0.581	  0.778	 -0.237
	  0.338	  0.034	  0.940

8 	  45.39	 -10.48	   2.48
	  0.950	 -0.305	 -0.067
	 -0.306	 -0.871	 -0.385
	  0.059	  0.386	 -0.921

9 	  54.21	 -13.46	  -0.70
	  0.954	 -0.295	  0.057
	  0.295	  0.882	 -0.366
	  0.057	  0.366	  0.929

2 	  32.64	  -6.86	  22.97
	 -0.054	  0.996	 -0.068
	 -0.998	 -0.055	 -0.012
	 -0.016	  0.067	  0.997

3 	  43.45	  -0.56	   2.16
	  0.536	  0.360	  0.763
	 -0.604	  0.796	  0.048
	 -0.590	 -0.486	  0.644

4 	  35.56	   3.43	  -3.23
	  0.450	  0.664	 -0.597
	 -0.658	  0.699	  0.281
	  0.604	  0.266	  0.751

5 	  42.49	   7.70	   6.59
	  0.914	  0.008	  0.404
	 -0.252	 -0.771	  0.585
	  0.316	 -0.637	 -0.703

6 	  51.59	   8.30	   8.81
	  0.856	 -0.089	  0.509
	 -0.303	  0.711	  0.634
	 -0.419	 -0.697	  0.582

7 	  37.69	  -6.38	  -3.30
	  0.740	 -0.608	 -0.287
	  0.558	  0.794	 -0.242
	  0.375	  0.019	  0.927

8 	  45.69	 -10.34	   1.51
	  0.942	 -0.290	 -0.165
	 -0.332	 -0.863	 -0.380
	 -0.032	  0.412	 -0.910

9 	  54.18	 -13.31	  -2.87
	  0.953	 -0.296	 -0.058
	  0.255	  0.894	 -0.368
	  0.160	  0.336	  0.928

2 	  32.64	  -6.86	  22.97
	 -0.054	  0.996	 -0.068
	 -0.998	 -0.055	 -0.012
	 -0.015	  0.067	  0.997

3 	  43.44	  -0.49	   2.06
	  0.539	  0.362	  0.760
	 -0.612	  0.788	  0.058
	 -0.579	 -0.497	  0.646

4 	  35.44	   3.36	  -3.29
	  0.435	  0.657	 -0.616
	 -0.657	  0.699	  0.282
	  0.616	  0.281	  0.736

5 	  42.61	   7.73	   6.26
	  0.926	  0.005	  0.376
	 -0.241	 -0.760	  0.603
	  0.289	 -0.650	 -0.703

6 	  51.80	   8.26	   8.37
	  0.870	 -0.096	  0.484
	 -0.275	  0.720	  0.636
	 -0.410	 -0.687	  0.600

7 	  37.58	  -6.29	  -3.41
	  0.742	 -0.589	 -0.320
	  0.534	  0.808	 -0.249
	  0.405	  0.014	  0.914

8 	  45.79	 -10.23	   0.60
	  0.930	 -0.274	 -0.243
	 -0.351	 -0.856	 -0.379
	 -0.104	  0.438	 -0.893

9 	  53.98	 -12.87	  -4.61
	  0.947	 -0.284	 -0.150
	  0.215	  0.908	 -0.360
	  0.238	  0.308	  0.921

2 	  32.64	  -6.86	  22.99
	 -0.054	  0.996	 -0.068
	 -0.998	 -0.055	 -0.012
	 -0.015	  0.067	  0.997

3 	  43.40	  -0.51	   1.92
	  0.543	  0.363	  0.757
	 -0.618	  0.783	  0.067
	 -0.569	 -0.505	  0.649

4 	  35.35	   3.25	  -3.39
	  0.422	  0.649	 -0.633
	 -0.653	  0.702	  0.284
	  0.629	  0.293	  0.720

5 	  42.75	   7.63	   5.96
	  0.936	 -0.002	  0.353
	 -0.234	 -0.751	  0.617
	  0.264	 -0.661	 -0.703

6 	  52.01	   7.93	   7.54
	  0.886	 -0.110	  0.449
	 -0.233	  0.734	  0.638
	 -0.400	 -0.670	  0.625

7 	  37.49	  -6.24	  -3.53
	  0.742	 -0.568	 -0.356
	  0.507	  0.823	 -0.256
	  0.438	  0.009	  0.899

8 	  45.90	 -10.21	  -0.51
	  0.909	 -0.254	 -0.331
	 -0.376	 -0.842	 -0.386
	 -0.181	  0.476	 -0.861

9 	  53.60	 -12.50	  -6.91
	  0.925	 -0.266	 -0.272
	  0.168	  0.927	 -0.334
	  0.341	  0.263	  0.903

2 	  32.64	  -6.86	  22.97
	 -0.054	  0.996	 -0.068
	 -0.998	 -0.055	 -0.012
	 -0.016	  0.067	  0.997

3 	  43.40	  -0.53	   1.81
	  0.546	  0.362	  0.755
	 -0.620	  0.781	  0.074
	 -0.563	 -0.509	  0.651

4 	  35.26	   3.18	  -3.45
	  0.415	  0.643	 -0.644
	 -0.648	  0.705	  0.286
	  0.638	  0.298	  0.710

5 	  42.87	   7.56	   5.71
	  0.943	 -0.012	  0.333
	 -0.232	 -0.741	  0.630
	  0.240	 -0.671	 -0.701

6 	  52.15	   7.80	   7.21
	  0.893	 -0.120	  0.433
	 -0.208	  0.744	  0.635
	 -0.399	 -0.658	  0.639

7 	  37.35	  -6.10	  -3.62
	  0.737	 -0.549	 -0.395
	  0.483	  0.836	 -0.259
	  0.472	 -0.000	  0.881

8 	  45.84	  -9.97	  -1.53
	  0.881	 -0.228	 -0.415
	 -0.398	 -0.831	 -0.389
	 -0.256	  0.507	 -0.823

9 	  53.00	 -11.92	  -8.96
	  0.891	 -0.243	 -0.384
	  0.122	  0.942	 -0.312
	  0.438	  0.231	  0.869

2 	  32.64	  -6.87	  22.97
	 -0.054	  0.996	 -0.068
	 -0.998	 -0.055	 -0.012
	 -0.016	  0.067	  0.997

3 	  43.33	  -0.56	   1.72
	  0.550	  0.358	  0.754
	 -0.617	  0.783	  0.079
	 -0.562	 -0.509	  0.651

4 	  35.23	   3.15	  -3.48
	  0.414	  0.638	 -0.649
	 -0.644	  0.709	  0.287
	  0.644	  0.298	  0.705

5 	  42.89	   7.51	   5.64
	  0.943	 -0.020	  0.331
	 -0.238	 -0.736	  0.633
	  0.231	 -0.677	 -0.699

6 	  52.15	   7.52	   7.07
	  0.893	 -0.134	  0.430
	 -0.192	  0.751	  0.631
	 -0.408	 -0.646	  0.645

7 	  37.20	  -5.99	  -3.76
	  0.724	 -0.528	 -0.444
	  0.460	  0.849	 -0.260
	  0.514	 -0.016	  0.857

8 	  45.70	  -9.83	  -2.92
	  0.832	 -0.201	 -0.517
	 -0.440	 -0.807	 -0.394
	 -0.338	  0.555	 -0.760

9 	  51.91	 -11.13	 -11.50
	  0.827	 -0.208	 -0.522
	  0.070	  0.960	 -0.271
	  0.557	  0.187	  0.809

2 	  32.64	  -6.87	  22.97
	 -0.054	  0.996	 -0.068
	 -0.998	 -0.055	 -0.012
	 -0.016	  0.067	  0.997

3 	  43.29	  -0.62	   1.60
	  0.559	  0.345	  0.754
	 -0.608	  0.788	  0.090
	 -0.563	 -0.509	  0.651

4 	  35.19	   3.15	  -3.50
	  0.411	  0.636	 -0.652
	 -0.641	  0.711	  0.290
	  0.648	  0.298	  0.700

5 	  42.89	   7.47	   5.62
	  0.943	 -0.025	  0.331
	 -0.242	 -0.734	  0.634
	  0.228	 -0.679	 -0.698

6 	  52.17	   7.49	   7.05
	  0.892	 -0.139	  0.430
	 -0.187	  0.754	  0.629
	 -0.412	 -0.642	  0.647

7 	  37.04	  -5.78	  -3.88
	  0.712	 -0.501	 -0.491
	  0.432	  0.865	 -0.255
	  0.552	 -0.031	  0.833

8 	  45.39	  -9.53	  -4.08
	  0.782	 -0.175	 -0.598
	 -0.479	 -0.782	 -0.398
	 -0.398	  0.597	 -0.696

9 	  50.71	 -10.35	 -13.54
	  0.755	 -0.174	 -0.632
	  0.030	  0.972	 -0.231
	  0.654	  0.155	  0.740

2 	  32.64	  -6.87	  22.97
	 -0.054	  0.996	 -0.068
	 -0.998	 -0.055	 -0.012
	 -0.016	  0.067	  0.997

3 	  43.24	  -0.56	   1.49
	  0.565	  0.339	  0.752
	 -0.611	  0.785	  0.104
	 -0.555	 -0.518	  0.650

4 	  35.07	   3.16	  -3.50
	  0.398	  0.636	 -0.661
	 -0.640	  0.709	  0.297
	  0.658	  0.305	  0.689

5 	  42.86	   7.47	   5.54
	  0.945	 -0.027	  0.326
	 -0.241	 -0.731	  0.638
	  0.221	 -0.681	 -0.698

6 	  52.17	   7.45	   6.87
	  0.895	 -0.143	  0.423
	 -0.177	  0.756	  0.630
	 -0.410	 -0.638	  0.651

7 	  36.91	  -5.62	  -3.99
	  0.704	 -0.482	 -0.521
	  0.411	  0.875	 -0.255
	  0.579	 -0.035	  0.814

8 	  45.14	  -9.33	  -4.87
	  0.744	 -0.159	 -0.649
	 -0.507	 -0.766	 -0.394
	 -0.435	  0.622	 -0.651

9 	  49.83	  -9.93	 -14.89
	  0.700	 -0.152	 -0.697
	  0.010	  0.979	 -0.203
	  0.713	  0.136	  0.687

2 	  32.64	  -6.87	  22.97
	 -0.053	  0.996	 -0.068
	 -0.998	 -0.054	 -0.012
	 -0.016	  0.067	  0.997

3 	  43.21	  -0.46	   1.35
	  0.570	  0.339	  0.748
	 -0.620	  0.775	  0.120
	 -0.540	 -0.532	  0.652

4 	  34.96	   3.16	  -3.53
	  0.384	  0.635	 -0.670
	 -0.640	  0.706	  0.303
	  0.666	  0.312	  0.678

5 	  42.87	   7.59	   5.29
	  0.952	 -0.022	  0.305
	 -0.225	 -0.725	  0.650
	  0.207	 -0.688	 -0.696

6 	  52.29	   7.51	   6.35
	  0.907	 -0.148	  0.394
	 -0.150	  0.761	  0.631
	 -0.393	 -0.632	  0.668

7 	  36.86	  -5.55	  -4.03
	  0.700	 -0.473	 -0.534
	  0.400	  0.880	 -0.255
	  0.591	 -0.036	  0.806

8 	  45.02	  -9.23	  -5.10
	  0.731	 -0.152	 -0.665
	 -0.514	 -0.763	 -0.392
	 -0.448	  0.628	 -0.636

9 	  49.62	  -9.67	 -15.15
	  0.685	 -0.141	 -0.714
	 -0.003	  0.980	 -0.196
	  0.728	  0.136	  0.672

2 	  32.64	  -6.87	  22.97
	 -0.053	  0.996	 -0.068
	 -0.998	 -0.054	 -0.012
	 -0.016	  0.067	  0.997

3 	  43.19	  -0.40	   1.32
	  0.570	  0.341	  0.747
	 -0.625	  0.770	  0.125
	 -0.533	 -0.538	  0.653

4 	  34.91	   3.15	  -3.55
	  0.380	  0.635	 -0.673
	 -0.640	  0.705	  0.304
	  0.668	  0.315	  0.674

5 	  42.89	   7.61	   5.22
	  0.954	 -0.020	  0.299
	 -0.220	 -0.724	  0.654
	  0.203	 -0.690	 -0.695

6 	  52.26	   7.49	   6.19
	  0.910	 -0.150	  0.385
	 -0.142	  0.761	  0.632
	 -0.389	 -0.631	  0.672

7 	  36.88	  -5.54	  -4.04
	  0.700	 -0.471	 -0.537
	  0.397	  0.881	 -0.256
	  0.594	 -0.034	  0.804

8 	  44.98	  -9.21	  -5.17
	  0.726	 -0.151	 -0.671
	 -0.519	 -0.761	 -0.391
	 -0.451	  0.631	 -0.631

9 	  49.54	  -9.65	 -15.24
	  0.681	 -0.141	 -0.719
	 -0.003	  0.981	 -0.194
	  0.732	  0.134	  0.668

2 	  32.64	  -6.87	  22.97
	 -0.054	  0.996	 -0.068
	 -0.998	 -0.055	 -0.012
	 -0.016	  0.067	  0.997

3 	  43.21	  -0.40	   1.30
	  0.570	  0.341	  0.747
	 -0.626	  0.770	  0.125
	 -0.532	 -0.539	  0.653

4 	  34.91	   3.13	  -3.59
	  0.377	  0.635	 -0.675
	 -0.641	  0.704	  0.304
	  0.668	  0.318	  0.672

5 	  42.87	   7.61	   5.20
	  0.954	 -0.018	  0.298
	 -0.218	 -0.724	  0.654
	  0.204	 -0.689	 -0.695

6 	  52.28	   7.51	   6.17
	  0.911	 -0.151	  0.384
	 -0.141	  0.762	  0.632
	 -0.388	 -0.630	  0.672

7 	  36.88	  -5.54	  -4.06
	  0.699	 -0.470	 -0.539
	  0.395	  0.882	 -0.257
	  0.596	 -0.033	  0.802

8 	  44.96	  -9.23	  -5.27
	  0.720	 -0.152	 -0.677
	 -0.526	 -0.756	 -0.389
	 -0.453	  0.636	 -0.624

9 	  49.45	  -9.63	 -15.38
	  0.674	 -0.141	 -0.725
	  0.001	  0.982	 -0.190
	  0.739	  0.127	  0.662

2 	  32.64	  -6.87	  22.97
	 -0.053	  0.996	 -0.068
	 -0.998	 -0.054	 -0.012
	 -0.016	  0.067	  0.997

3 	  43.21	  -0.40	   1.30
	  0.571	  0.341	  0.747
	 -0.625	  0.770	  0.126
	 -0.532	 -0.539	  0.653

4 	  34.91	   3.11	  -3.59
	  0.375	  0.635	 -0.675
	 -0.642	  0.703	  0.305
	  0.668	  0.319	  0.672

5 	  42.84	   7.61	   5.20
	  0.954	 -0.017	  0.300
	 -0.218	 -0.724	  0.654
	  0.206	 -0.689	 -0.694

6 	  52.26	   7.49	   6.17
	  0.910	 -0.150	  0.386
	 -0.142	  0.763	  0.630
	 -0.390	 -0.629	  0.673

7 	  36.86	  -5.54	  -4.08
	  0.696	 -0.468	 -0.544
	  0.391	  0.883	 -0.258
	  0.601	 -0.033	  0.798

8 	  44.89	  -9.25	  -5.43
	  0.710	 -0.152	 -0.688
	 -0.538	 -0.748	 -0.390
	 -0.455	  0.646	 -0.612

9 	  49.24	  -9.60	 -15.64
	  0.661	 -0.141	 -0.737
	  0.005	  0.983	 -0.183
	  0.750	  0.117	  0.651

2 	  32.64	  -6.87	  22.97
	 -0.054	  0.996	 -0.068
	 -0.998	 -0.055	 -0.012
	 -0.016	  0.067	  0.997

3 	  43.19	  -0.40	   1.28
	  0.571	  0.339	  0.747
	 -0.624	  0.771	  0.127
	 -0.533	 -0.539	  0.652

4 	  34.91	   3.11	  -3.59
	  0.375	  0.635	 -0.676
	 -0.642	  0.703	  0.305
	  0.669	  0.319	  0.671

5 	  42.84	   7.58	   5.20
	  0.953	 -0.017	  0.301
	 -0.219	 -0.725	  0.653
	  0.208	 -0.689	 -0.695

6 	  52.24	   7.47	   6.21
	  0.909	 -0.151	  0.389
	 -0.142	  0.765	  0.629
	 -0.392	 -0.627	  0.673

7 	  36.84	  -5.50	  -4.10
	  0.694	 -0.463	 -0.552
	  0.384	  0.886	 -0.260
	  0.608	 -0.032	  0.793

8 	  44.84	  -9.21	  -5.62
	  0.698	 -0.149	 -0.700
	 -0.546	 -0.743	 -0.387
	 -0.463	  0.652	 -0.600

9 	  48.97	  -9.47	 -15.96
	  0.645	 -0.136	 -0.752
	  0.004	  0.984	 -0.175
	  0.764	  0.110	  0.635

2 	  32.64	  -6.87	  22.97
	 -0.053	  0.996	 -0.068
	 -0.998	 -0.054	 -0.012
	 -0.016	  0.067	  0.997

3 	  43.17	  -0.39	   1.25
	  0.572	  0.338	  0.747
	 -0.624	  0.771	  0.128
	 -0.533	 -0.540	  0.652

4 	  34.88	   3.11	  -3.60
	  0.371	  0.634	 -0.678
	 -0.642	  0.703	  0.306
	  0.671	  0.321	  0.668

5 	  42.82	   7.61	   5.19
	  0.953	 -0.016	  0.300
	 -0.218	 -0.725	  0.653
	  0.208	 -0.689	 -0.695

6 	  52.22	   7.47	   6.19
	  0.909	 -0.151	  0.389
	 -0.142	  0.766	  0.627
	 -0.393	 -0.625	  0.674

7 	  36.81	  -5.43	  -4.13
	  0.691	 -0.456	 -0.561
	  0.372	  0.890	 -0.264
	  0.620	 -0.026	  0.784

8 	  44.67	  -9.11	  -5.92
	  0.676	 -0.146	 -0.723
	 -0.561	 -0.737	 -0.376
	 -0.478	  0.660	 -0.580

9 	  48.50	  -9.32	 -16.42
	  0.617	 -0.133	 -0.776
	  0.001	  0.986	 -0.168
	  0.787	  0.102	  0.608

2 	  32.64	  -6.87	  22.97
	 -0.053	  0.996	 -0.068
	 -0.998	 -0.054	 -0.012
	 -0.016	  0.067	  0.997

3 	  43.17	  -0.39	   1.23
	  0.572	  0.338	  0.747
	 -0.624	  0.771	  0.129
	 -0.533	 -0.540	  0.652

4 	  34.86	   3.09	  -3.64
	  0.366	  0.634	 -0.682
	 -0.642	  0.702	  0.308
	  0.674	  0.324	  0.663

5 	  42.80	   7.61	   5.17
	  0.953	 -0.014	  0.301
	 -0.217	 -0.725	  0.654
	  0.208	 -0.689	 -0.694

6 	  52.21	   7.47	   6.13
