2 	  32.78	  -6.80	  22.97
	  0.620	  0.784	 -0.032
	 -0.785	  0.620	 -0.020
	  0.004	  0.037	  0.999

3 	  44.42	  -0.63	   2.41
	  0.441	  0.043	  0.896
	 -0.152	  0.988	  0.027
	 -0.884	 -0.148	  0.443

4 	  38.29	   6.57	  -3.23
	  0.524	  0.818	  0.236
	 -0.836	  0.442	  0.324
	  0.160	 -0.368	  0.916

5 	  37.51	   9.51	   9.00
	  0.344	  0.305	  0.888
	 -0.321	 -0.850	  0.417
	  0.882	 -0.428	 -0.195

6 	  44.12	  10.09	  18.63
	  0.433	 -0.103	  0.895
	 -0.562	  0.745	  0.358
	 -0.705	 -0.658	  0.265

7 	  38.37	  -7.91	  -2.71
	  0.767	 -0.629	  0.125
	  0.615	  0.666	 -0.422
	  0.182	  0.400	  0.898

8 	  36.97	  -9.33	   9.49
	  0.350	 -0.179	  0.919
	 -0.214	 -0.971	 -0.107
	  0.911	 -0.159	 -0.379

9 	  43.40	 -12.15	  19.88
	  0.363	 -0.056	  0.930
	  0.808	  0.516	 -0.284
	 -0.464	  0.854	  0.233

2 	  32.77	  -6.80	  22.99
	  0.620	  0.784	 -0.032
	 -0.784	  0.620	 -0.020
	  0.004	  0.037	  0.999

3 	  44.38	  -0.60	   2.46
	  0.441	  0.043	  0.896
	 -0.157	  0.987	  0.029
	 -0.883	 -0.154	  0.442

4 	  38.27	   6.57	  -3.22
	  0.522	  0.817	  0.242
	 -0.838	  0.440	  0.323
	  0.157	 -0.372	  0.915

5 	  37.48	   9.51	   9.04
	  0.344	  0.307	  0.887
	 -0.319	 -0.851	  0.417
	  0.883	 -0.427	 -0.195

6 	  44.07	  10.09	  18.67
	  0.434	 -0.103	  0.895
	 -0.567	  0.741	  0.360
	 -0.700	 -0.663	  0.263

7 	  38.39	  -7.89	  -2.69
	  0.767	 -0.628	  0.127
	  0.615	  0.665	 -0.424
	  0.181	  0.404	  0.897

8 	  36.95	  -9.33	   9.49
	  0.350	 -0.178	  0.919
	 -0.213	 -0.971	 -0.107
	  0.912	 -0.158	 -0.378

9 	  43.40	 -12.13	  19.90
	  0.363	 -0.057	  0.930
	  0.808	  0.515	 -0.284
	 -0.463	  0.855	  0.233

2 	  32.77	  -6.82	  22.99
	  0.620	  0.784	 -0.032
	 -0.784	  0.620	 -0.021
	  0.003	  0.037	  0.999

3 	  44.37	  -0.60	   2.50
	  0.440	  0.043	  0.897
	 -0.161	  0.986	  0.031
	 -0.884	 -0.158	  0.441

4 	  38.27	   6.59	  -3.20
	  0.522	  0.817	  0.247
	 -0.839	  0.438	  0.321
	  0.154	 -0.375	  0.914

5 	  37.46	   9.51	   9.04
	  0.344	  0.307	  0.887
	 -0.319	 -0.850	  0.418
	  0.883	 -0.427	 -0.195

6 	  44.07	  10.09	  18.67
	  0.436	 -0.103	  0.894
	 -0.568	  0.740	  0.361
	 -0.699	 -0.665	  0.264

7 	  38.39	  -7.89	  -2.69
	  0.767	 -0.628	  0.129
	  0.615	  0.664	 -0.425
	  0.181	  0.406	  0.896

8 	  36.93	  -9.30	   9.51
	  0.349	 -0.178	  0.920
	 -0.210	 -0.972	 -0.108
	  0.913	 -0.155	 -0.376

9 	  43.40	 -12.15	  19.90
	  0.363	 -0.057	  0.930
	  0.809	  0.513	 -0.285
	 -0.462	  0.856	  0.232

2 	  32.77	  -6.80	  22.99
	  0.620	  0.784	 -0.032
	 -0.785	  0.620	 -0.021
	  0.003	  0.038	  0.999

3 	  44.37	  -0.58	   2.51
	  0.440	  0.044	  0.897
	 -0.163	  0.986	  0.031
	 -0.883	 -0.160	  0.441

4 	  38.25	   6.61	  -3.16
	  0.521	  0.816	  0.249
	 -0.840	  0.438	  0.320
	  0.152	 -0.377	  0.914

5 	  37.44	   9.51	   9.05
	  0.344	  0.307	  0.887
	 -0.318	 -0.851	  0.418
	  0.883	 -0.426	 -0.195

6 	  44.05	  10.09	  18.67
	  0.437	 -0.103	  0.893
	 -0.569	  0.738	  0.363
	 -0.697	 -0.667	  0.263

7 	  38.39	  -7.89	  -2.69
	  0.768	 -0.627	  0.130
	  0.614	  0.664	 -0.427
	  0.181	  0.407	  0.895

8 	  36.93	  -9.30	   9.51
	  0.351	 -0.176	  0.919
	 -0.205	 -0.973	 -0.108
	  0.913	 -0.151	 -0.378

9 	  43.38	 -12.15	  19.90
	  0.363	 -0.058	  0.930
	  0.810	  0.513	 -0.284
	 -0.461	  0.856	  0.233

2 	  32.77	  -6.80	  22.99
	  0.620	  0.784	 -0.032
	 -0.784	  0.620	 -0.021
	  0.003	  0.038	  0.999

3 	  44.35	  -0.56	   2.48
	  0.444	  0.044	  0.895
	 -0.161	  0.986	  0.032
	 -0.881	 -0.159	  0.445

4 	  38.23	   6.63	  -3.16
	  0.520	  0.817	  0.250
	 -0.840	  0.436	  0.322
	  0.154	 -0.378	  0.913

5 	  37.44	   9.49	   9.07
	  0.346	  0.307	  0.887
	 -0.319	 -0.850	  0.418
	  0.882	 -0.428	 -0.196

6 	  44.05	  10.09	  18.67
	  0.437	 -0.103	  0.893
	 -0.568	  0.738	  0.363
	 -0.697	 -0.667	  0.264

7 	  38.36	  -7.86	  -2.67
	  0.767	 -0.628	  0.129
	  0.614	  0.662	 -0.429
	  0.183	  0.409	  0.894

8 	  36.91	  -9.30	   9.53
	  0.354	 -0.174	  0.918
	 -0.201	 -0.974	 -0.107
	  0.913	 -0.147	 -0.380

9 	  43.38	 -12.13	  19.88
	  0.363	 -0.059	  0.930
	  0.810	  0.513	 -0.284
	 -0.460	  0.856	  0.234

2 	  32.77	  -6.80	  22.99
	  0.620	  0.784	 -0.032
	 -0.785	  0.620	 -0.021
	  0.003	  0.038	  0.999

3 	  44.33	  -0.56	   2.46
	  0.446	  0.044	  0.894
	 -0.161	  0.986	  0.032
	 -0.880	 -0.158	  0.447

4 	  38.20	   6.63	  -3.20
	  0.522	  0.816	  0.248
	 -0.839	  0.437	  0.324
	  0.156	 -0.378	  0.912

5 	  37.44	   9.51	   9.07
	  0.347	  0.307	  0.886
	 -0.319	 -0.850	  0.419
	  0.882	 -0.429	 -0.197

6 	  44.07	  10.07	  18.67
	  0.438	 -0.104	  0.893
	 -0.568	  0.738	  0.364
	 -0.697	 -0.667	  0.264

7 	  38.34	  -7.88	  -2.69
	  0.767	 -0.628	  0.128
	  0.614	  0.662	 -0.430
	  0.185	  0.408	  0.894

8 	  36.93	  -9.28	   9.53
	  0.354	 -0.174	  0.919
	 -0.201	 -0.974	 -0.107
	  0.913	 -0.146	 -0.380

9 	  43.38	 -12.15	  19.88
	  0.363	 -0.060	  0.930
	  0.811	  0.512	 -0.284
	 -0.459	  0.857	  0.234

2 	  32.77	  -6.80	  22.99
	  0.620	  0.784	 -0.032
	 -0.785	  0.620	 -0.021
	  0.004	  0.038	  0.999

3 	  44.33	  -0.56	   2.48
	  0.445	  0.044	  0.894
	 -0.162	  0.986	  0.032
	 -0.881	 -0.159	  0.446

4 	  38.20	   6.63	  -3.18
	  0.522	  0.816	  0.248
	 -0.839	  0.437	  0.325
	  0.156	 -0.378	  0.912

5 	  37.42	   9.51	   9.09
	  0.347	  0.306	  0.886
	 -0.320	 -0.850	  0.419
	  0.881	 -0.429	 -0.197

6 	  44.07	  10.09	  18.69
	  0.438	 -0.104	  0.893
	 -0.568	  0.738	  0.364
	 -0.697	 -0.667	  0.264

7 	  38.32	  -7.86	  -2.67
	  0.768	 -0.627	  0.127
	  0.612	  0.663	 -0.430
	  0.185	  0.408	  0.894

8 	  36.90	  -9.28	   9.53
	  0.354	 -0.174	  0.919
	 -0.201	 -0.974	 -0.107
	  0.913	 -0.146	 -0.380

9 	  43.38	 -12.13	  19.88
	  0.363	 -0.060	  0.930
	  0.811	  0.512	 -0.284
	 -0.459	  0.857	  0.234

2 	  32.77	  -6.80	  22.99
	  0.620	  0.784	 -0.032
	 -0.785	  0.620	 -0.021
	  0.003	  0.038	  0.999

3 	  44.31	  -0.54	   2.48
	  0.443	  0.044	  0.895
	 -0.164	  0.986	  0.032
	 -0.881	 -0.162	  0.444

4 	  38.18	   6.63	  -3.16
	  0.522	  0.816	  0.249
	 -0.839	  0.437	  0.325
	  0.157	 -0.379	  0.912

5 	  37.41	   9.51	   9.07
	  0.348	  0.306	  0.886
	 -0.320	 -0.850	  0.419
	  0.881	 -0.429	 -0.198

6 	  44.03	  10.09	  18.69
	  0.438	 -0.104	  0.893
	 -0.570	  0.736	  0.366
	 -0.695	 -0.669	  0.263

7 	  38.34	  -7.84	  -2.69
	  0.769	 -0.626	  0.127
	  0.612	  0.664	 -0.430
	  0.185	  0.408	  0.894

8 	  36.90	  -9.26	   9.53
	  0.352	 -0.173	  0.920
	 -0.199	 -0.974	 -0.107
	  0.914	 -0.145	 -0.378

9 	  43.38	 -12.11	  19.92
	  0.363	 -0.060	  0.930
	  0.811	  0.511	 -0.284
	 -0.459	  0.857	  0.234

2 	  32.77	  -6.80	  22.99
	  0.620	  0.784	 -0.032
	 -0.784	  0.620	 -0.021
	  0.004	  0.038	  0.999

3 	  44.30	  -0.54	   2.51
	  0.441	  0.044	  0.896
	 -0.165	  0.986	  0.032
	 -0.882	 -0.162	  0.442

4 	  38.16	   6.64	  -3.15
	  0.521	  0.816	  0.249
	 -0.839	  0.436	  0.326
	  0.157	 -0.379	  0.912

5 	  37.39	   9.49	   9.09
	  0.347	  0.306	  0.886
	 -0.318	 -0.850	  0.418
	  0.882	 -0.427	 -0.198

6 	  44.00	  10.09	  18.69
	  0.440	 -0.104	  0.892
	 -0.574	  0.732	  0.368
	 -0.691	 -0.673	  0.262

7 	  38.34	  -7.86	  -2.67
	  0.769	 -0.627	  0.128
	  0.612	  0.664	 -0.429
	  0.184	  0.408	  0.894

8 	  36.91	  -9.26	   9.54
	  0.352	 -0.173	  0.920
	 -0.199	 -0.974	 -0.107
	  0.915	 -0.145	 -0.377

9 	  43.37	 -12.13	  19.92
	  0.362	 -0.060	  0.930
	  0.812	  0.510	 -0.284
	 -0.458	  0.858	  0.234

2 	  32.77	  -6.80	  22.99
	  0.620	  0.784	 -0.032
	 -0.784	  0.620	 -0.021
	  0.004	  0.038	  0.999

3 	  44.30	  -0.54	   2.51
	  0.440	  0.045	  0.897
	 -0.165	  0.986	  0.031
	 -0.883	 -0.162	  0.441

4 	  38.20	   6.64	  -3.16
	  0.521	  0.816	  0.249
	 -0.839	  0.436	  0.325
	  0.157	 -0.379	  0.912

5 	  37.39	   9.49	   9.07
	  0.346	  0.307	  0.886
	 -0.318	 -0.851	  0.418
	  0.883	 -0.427	 -0.197

6 	  44.02	  10.11	  18.69
	  0.440	 -0.104	  0.892
	 -0.574	  0.731	  0.368
	 -0.691	 -0.674	  0.262

7 	  38.34	  -7.84	  -2.67
	  0.770	 -0.625	  0.128
	  0.612	  0.666	 -0.426
	  0.181	  0.406	  0.896

8 	  36.90	  -9.26	   9.54
	  0.352	 -0.174	  0.920
	 -0.200	 -0.974	 -0.108
	  0.914	 -0.146	 -0.378

9 	  43.37	 -12.11	  19.90
	  0.363	 -0.060	  0.930
	  0.812	  0.510	 -0.284
	 -0.458	  0.858	  0.234

2 	  32.77	  -6.80	  22.99
	  0.620	  0.784	 -0.032
	 -0.784	  0.620	 -0.020
	  0.004	  0.037	  0.999

3 	  44.31	  -0.53	   2.53
	  0.438	  0.046	  0.898
	 -0.163	  0.986	  0.029
	 -0.884	 -0.159	  0.439

4 	  38.23	   6.63	  -3.16
	  0.524	  0.815	  0.248
	 -0.837	  0.438	  0.326
	  0.157	 -0.379	  0.912

5 	  37.37	   9.54	   8.93
	  0.311	  0.323	  0.894
	 -0.318	 -0.851	  0.417
	  0.896	 -0.414	 -0.163

6 	  44.02	  10.11	  18.69
	  0.440	 -0.104	  0.892
	 -0.574	  0.732	  0.368
	 -0.691	 -0.674	  0.262

7 	  38.37	  -7.86	  -2.69
	  0.770	 -0.624	  0.129
	  0.612	  0.669	 -0.420
	  0.176	  0.402	  0.898

8 	  36.95	  -9.28	   9.51
	  0.361	 -0.185	  0.914
	 -0.210	 -0.971	 -0.114
	  0.909	 -0.151	 -0.389

9 	  43.37	 -12.15	  19.88
	  0.363	 -0.060	  0.930
	  0.812	  0.510	 -0.284
	 -0.457	  0.858	  0.234

2 	  32.77	  -6.80	  22.99
	  0.620	  0.784	 -0.032
	 -0.784	  0.620	 -0.021
	  0.004	  0.037	  0.999

3 	  44.33	  -0.56	   2.50
	  0.437	  0.047	  0.898
	 -0.160	  0.987	  0.026
	 -0.885	 -0.155	  0.439

4 	  38.27	   6.63	  -3.18
	  0.528	  0.812	  0.248
	 -0.834	  0.441	  0.331
	  0.160	 -0.382	  0.910

5 	  37.35	   9.63	   8.82
	  0.299	  0.337	  0.892
	 -0.312	 -0.849	  0.426
	  0.901	 -0.406	 -0.149

6 	  44.02	  10.44	  18.51
	  0.444	 -0.078	  0.893
	 -0.585	  0.730	  0.354
	 -0.679	 -0.679	  0.278

7 	  38.37	  -7.86	  -2.69
	  0.771	 -0.622	  0.132
	  0.612	  0.671	 -0.419
	  0.172	  0.404	  0.898

8 	  36.95	  -9.33	   9.46
	  0.355	 -0.212	  0.910
	 -0.235	 -0.963	 -0.132
	  0.904	 -0.167	 -0.392

9 	  43.38	 -12.25	  19.83
	  0.364	 -0.066	  0.929
	  0.814	  0.506	 -0.283
	 -0.452	  0.860	  0.238

2 	  32.77	  -6.80	  22.99
	  0.620	  0.783	 -0.032
	 -0.784	  0.620	 -0.021
	  0.003	  0.038	  0.999

3 	  44.37	  -0.58	   2.46
	  0.436	  0.047	  0.898
	 -0.157	  0.987	  0.025
	 -0.886	 -0.152	  0.438

4 	  38.29	   6.59	  -3.22
	  0.531	  0.811	  0.244
	 -0.831	  0.441	  0.340
	  0.168	 -0.384	  0.908

5 	  37.27	   9.83	   8.68
	  0.292	  0.376	  0.879
	 -0.285	 -0.844	  0.455
	  0.913	 -0.384	 -0.140

6 	  43.98	  11.23	  18.28
	  0.452	 -0.033	  0.891
	 -0.610	  0.718	  0.335
	 -0.651	 -0.695	  0.304

7 	  38.39	  -7.88	  -2.69
	  0.771	 -0.622	  0.135
	  0.613	  0.670	 -0.419
	  0.169	  0.406	  0.898

8 	  36.98	  -9.53	   9.39
	  0.347	 -0.274	  0.897
	 -0.301	 -0.938	 -0.171
	  0.888	 -0.211	 -0.408

9 	  43.31	 -13.32	  19.41
	  0.370	 -0.130	  0.920
	  0.840	  0.470	 -0.271
	 -0.398	  0.873	  0.283

2 	  32.77	  -6.82	  22.99
	  0.620	  0.783	 -0.032
	 -0.784	  0.620	 -0.020
	  0.004	  0.037	  0.999

3 	  44.38	  -0.56	   2.43
	  0.435	  0.046	  0.899
	 -0.156	  0.987	  0.025
	 -0.887	 -0.151	  0.437

4 	  38.29	   6.59	  -3.23
	  0.533	  0.811	  0.241
	 -0.828	  0.441	  0.346
	  0.174	 -0.384	  0.906

5 	  37.32	  10.20	   8.51
	  0.294	  0.421	  0.858
	 -0.258	 -0.829	  0.495
	  0.920	 -0.367	 -0.136

6 	  44.07	  12.08	  17.91
	  0.464	  0.014	  0.885
	 -0.624	  0.715	  0.315
	 -0.629	 -0.699	  0.341

7 	  38.39	  -7.86	  -2.71
	  0.771	 -0.622	  0.134
	  0.613	  0.670	 -0.418
	  0.170	  0.405	  0.898

8 	  37.12	  -9.84	   9.23
	  0.346	 -0.345	  0.872
	 -0.360	 -0.907	 -0.216
	  0.866	 -0.240	 -0.439

9 	  43.51	 -14.47	  18.81
	  0.385	 -0.198	  0.901
	  0.852	  0.450	 -0.266
	 -0.353	  0.871	  0.342

2 	  32.77	  -6.80	  22.99
	  0.620	  0.784	 -0.032
	 -0.785	  0.620	 -0.021
	  0.003	  0.038	  0.999

3 	  44.42	  -0.58	   2.39
	  0.433	  0.043	  0.900
	 -0.155	  0.987	  0.027
	 -0.888	 -0.151	  0.434

4 	  38.29	   6.59	  -3.25
	  0.539	  0.808	  0.237
	 -0.823	  0.446	  0.352
	  0.179	 -0.386	  0.905

5 	  37.44	  10.56	   8.30
	  0.305	  0.473	  0.826
	 -0.220	 -0.809	  0.545
	  0.926	 -0.348	 -0.142

6 	  44.49	  13.11	  17.28
	  0.492	  0.070	  0.867
	 -0.624	  0.724	  0.295
	 -0.607	 -0.687	  0.400

7 	  38.39	  -7.84	  -2.78
	  0.771	 -0.623	  0.128
	  0.612	  0.671	 -0.419
	  0.175	  0.401	  0.899

8 	  37.35	 -10.27	   9.02
	  0.358	 -0.413	  0.837
	 -0.407	 -0.876	 -0.259
	  0.840	 -0.248	 -0.482

9 	  43.84	 -15.71	  17.95
	  0.410	 -0.269	  0.872
	  0.853	  0.452	 -0.262
	 -0.324	  0.850	  0.414

2 	  32.77	  -6.80	  22.99
	  0.620	  0.784	 -0.032
	 -0.784	  0.620	 -0.021
	  0.003	  0.038	  0.999

3 	  44.44	  -0.58	   2.34
	  0.430	  0.041	  0.901
	 -0.154	  0.987	  0.029
	 -0.889	 -0.152	  0.431

4 	  38.25	   6.59	  -3.30
	  0.544	  0.807	  0.229
	 -0.819	  0.451	  0.356
	  0.184	 -0.381	  0.906

5 	  37.56	  11.06	   7.95
	  0.318	  0.534	  0.783
	 -0.175	 -0.779	  0.603
	  0.932	 -0.329	 -0.155

6 	  44.79	  14.34	  16.47
	  0.521	  0.134	  0.843
	 -0.630	  0.727	  0.273
	 -0.577	 -0.673	  0.463

7 	  38.41	  -7.77	  -2.90
	  0.773	 -0.623	  0.117
	  0.608	  0.676	 -0.417
	  0.180	  0.394	  0.901

8 	  37.53	 -10.72	   8.74
	  0.370	 -0.480	  0.795
	 -0.451	 -0.841	 -0.298
	  0.812	 -0.249	 -0.528

9 	  44.19	 -16.82	  17.05
	  0.432	 -0.333	  0.838
	  0.847	  0.469	 -0.251
	 -0.310	  0.818	  0.485

2 	  32.77	  -6.80	  22.99
	  0.620	  0.783	 -0.032
	 -0.784	  0.620	 -0.021
	  0.003	  0.038	  0.999

3 	  44.44	  -0.56	   2.30
	  0.427	  0.041	  0.903
	 -0.154	  0.987	  0.028
	 -0.891	 -0.151	  0.427

4 	  38.16	   6.54	  -3.43
	  0.547	  0.810	  0.212
	 -0.815	  0.457	  0.356
	  0.191	 -0.368	  0.910

5 	  37.55	  11.57	   7.47
	  0.322	  0.594	  0.737
	 -0.138	 -0.740	  0.657
	  0.936	 -0.314	 -0.157

6 	  44.96	  15.59	  15.47
	  0.541	  0.202	  0.816
	 -0.630	  0.741	  0.234
	 -0.557	 -0.641	  0.528

7 	  38.37	  -7.68	  -3.04
	  0.774	 -0.625	  0.098
	  0.604	  0.683	 -0.411
	  0.189	  0.377	  0.906

8 	  37.72	 -11.25	   8.40
	  0.379	 -0.550	  0.744
	 -0.504	 -0.797	 -0.333
	  0.776	 -0.249	 -0.579

9 	  44.42	 -17.98	  15.98
	  0.453	 -0.402	  0.796
	  0.849	  0.466	 -0.248
	 -0.271	  0.788	  0.553

2 	  32.77	  -6.80	  22.99
	  0.620	  0.784	 -0.032
	 -0.784	  0.620	 -0.021
	  0.003	  0.038	  0.999

3 	  44.47	  -0.56	   2.27
	  0.423	  0.041	  0.905
	 -0.153	  0.988	  0.027
	 -0.893	 -0.150	  0.425

4 	  38.07	   6.43	  -3.59
	  0.539	  0.821	  0.186
	 -0.817	  0.456	  0.352
	  0.205	 -0.342	  0.917

5 	  37.41	  12.06	   6.96
	  0.316	  0.653	  0.687
	 -0.098	 -0.698	  0.709
	  0.943	 -0.291	 -0.157

6 	  44.95	  16.75	  14.38
	  0.556	  0.266	  0.787
	 -0.629	  0.754	  0.189
	 -0.543	 -0.601	  0.587

7 	  38.32	  -7.61	  -3.22
	  0.772	 -0.632	  0.072
	  0.603	  0.691	 -0.399
	  0.201	  0.351	  0.914

8 	  37.90	 -11.69	   8.02
	  0.386	 -0.617	  0.686
	 -0.560	 -0.748	 -0.358
	  0.733	 -0.246	 -0.634

9 	  44.60	 -19.12	  14.77
	  0.469	 -0.474	  0.745
	  0.855	  0.454	 -0.250
	 -0.220	  0.754	  0.618

2 	  32.77	  -6.80	  22.99
	  0.620	  0.784	 -0.032
	 -0.784	  0.620	 -0.021
	  0.003	  0.038	  0.999

3 	  44.49	  -0.54	   2.20
	  0.420	  0.041	  0.906
	 -0.152	  0.988	  0.025
	 -0.895	 -0.148	  0.421

4 	  37.90	   6.35	  -3.74
	  0.525	  0.836	  0.159
	 -0.823	  0.451	  0.346
	  0.217	 -0.312	  0.924

5 	  37.27	  12.50	   6.42
	  0.310	  0.708	  0.635
	 -0.056	 -0.653	  0.755
	  0.949	 -0.270	 -0.163

6 	  44.89	  17.84	  13.27
	  0.569	  0.331	  0.752
	 -0.638	  0.755	  0.149
	 -0.519	 -0.565	  0.641

7 	  38.29	  -7.54	  -3.38
	  0.768	 -0.638	  0.050
	  0.603	  0.696	 -0.389
	  0.213	  0.329	  0.920

8 	  38.07	 -12.18	   7.56
	  0.393	 -0.675	  0.624
	 -0.602	 -0.702	 -0.380
	  0.694	 -0.227	 -0.683

9 	  44.72	 -20.29	  13.43
	  0.482	 -0.541	  0.689
	  0.858	  0.450	 -0.247
	 -0.177	  0.711	  0.681

2 	  32.77	  -6.80	  22.99
	  0.620	  0.784	 -0.032
	 -0.785	  0.620	 -0.021
	  0.004	  0.038	  0.999

3 	  44.51	  -0.53	   2.14
	  0.418	  0.040	  0.907
	 -0.151	  0.988	  0.025
	 -0.896	 -0.148	  0.419

4 	  37.78	   6.26	  -3.92
	  0.512	  0.849	  0.128
	 -0.827	  0.447	  0.341
	  0.233	 -0.281	  0.931

5 	  37.18	  12.92	   5.78
	  0.303	  0.762	  0.571
	 -0.003	 -0.599	  0.801
	  0.953	 -0.245	 -0.179

6 	  44.86	  19.09	  11.87
	  0.587	  0.404	  0.701
	 -0.656	  0.745	  0.120
	 -0.474	 -0.531	  0.703

7 	  38.20	  -7.42	  -3.55
	  0.766	 -0.643	  0.023
	  0.601	  0.703	 -0.379
	  0.227	  0.304	  0.925

8 	  38.20	 -12.55	   7.10
	  0.397	 -0.724	  0.563
	 -0.640	 -0.659	 -0.396
	  0.658	 -0.203	 -0.725

9 	  44.89	 -21.18	  12.04
	  0.497	 -0.596	  0.630
	  0.858	  0.444	 -0.258
	 -0.126	  0.669	  0.732

2 	  32.77	  -6.80	  22.99
	  0.620	  0.784	 -0.032
	 -0.785	  0.620	 -0.021
	  0.003	  0.038	  0.999

3 	  44.49	  -0.47	   2.07
	  0.416	  0.041	  0.908
	 -0.152	  0.988	  0.025
	 -0.896	 -0.149	  0.417

4 	  37.63	   6.17	  -4.06
	  0.497	  0.862	  0.101
	 -0.832	  0.440	  0.338
	  0.247	 -0.252	  0.935

5 	  37.07	  13.38	   5.13
	  0.295	  0.813	  0.501
	  0.046	 -0.536	  0.843
	  0.954	 -0.226	 -0.196

6 	  44.75	  20.21	  10.35
	  0.601	  0.474	  0.643
	 -0.674	  0.733	  0.089
	 -0.429	 -0.488	  0.760

7 	  38.14	  -7.33	  -3.73
	  0.762	 -0.647	 -0.002
	  0.601	  0.709	 -0.368
	  0.239	  0.279	  0.930

8 	  38.30	 -12.94	   6.61
	  0.401	 -0.764	  0.506
	 -0.671	 -0.621	 -0.405
	  0.623	 -0.177	 -0.761

9 	  44.91	 -22.01	  10.79
	  0.504	 -0.645	  0.574
	  0.860	  0.435	 -0.266
	 -0.079	  0.628	  0.774

2 	  32.77	  -6.80	  22.99
	  0.620	  0.784	 -0.032
	 -0.784	  0.620	 -0.021
	  0.003	  0.038	  0.999

3 	  44.49	  -0.46	   1.99
	  0.415	  0.041	  0.908
	 -0.154	  0.988	  0.025
	 -0.896	 -0.150	  0.417

4 	  37.51	   6.05	  -4.24
	  0.482	  0.873	  0.065
	 -0.834	  0.435	  0.339
	  0.268	 -0.218	  0.938

5 	  36.98	  13.78	   4.45
	  0.286	  0.854	  0.434
	  0.090	 -0.475	  0.875
	  0.954	 -0.212	 -0.213

6 	  44.63	  21.22	   8.82
	  0.608	  0.539	  0.582
	 -0.694	  0.718	  0.059
	 -0.386	 -0.440	  0.811

7 	  38.09	  -7.24	  -3.83
	  0.761	 -0.648	 -0.021
	  0.599	  0.715	 -0.360
	  0.248	  0.261	  0.933

8 	  38.48	 -13.22	   6.21
	  0.406	 -0.790	  0.459
	 -0.693	 -0.594	 -0.409
	  0.596	 -0.152	 -0.788

9 	  45.07	 -22.54	   9.69
	  0.512	 -0.679	  0.525
	  0.858	  0.435	 -0.274
	 -0.043	  0.591	  0.805

2 	  32.77	  -6.80	  22.99
	  0.620	  0.784	 -0.032
	 -0.784	  0.620	 -0.021
	  0.003	  0.038	  0.999

3 	  44.51	  -0.40	   1.90
	  0.412	  0.044	  0.910
	 -0.157	  0.987	  0.023
	 -0.897	 -0.152	  0.414

4 	  37.41	   5.92	  -4.36
	  0.472	  0.881	  0.032
	 -0.834	  0.434	  0.340
	  0.286	 -0.188	  0.939

5 	  36.98	  14.01	   3.87
	  0.285	  0.882	  0.374
	  0.126	 -0.421	  0.898
	  0.950	 -0.209	 -0.232

6 	  44.56	  21.96	   7.40
	  0.613	  0.591	  0.524
	 -0.704	  0.709	  0.024
	 -0.358	 -0.384	  0.851

7 	  38.06	  -7.21	  -3.94
	  0.759	 -0.650	 -0.040
	  0.597	  0.720	 -0.353
	  0.258	  0.244	  0.935

8 	  38.64	 -13.45	   5.84
	  0.412	 -0.809	  0.420
	 -0.707	 -0.575	 -0.412
	  0.574	 -0.127	 -0.809

9 	  45.21	 -22.94	   8.72
	  0.522	 -0.704	  0.482
	  0.853	  0.440	 -0.281
	 -0.014	  0.558	  0.830

2 	  32.77	  -6.80	  22.99
	  0.620	  0.784	 -0.032
	 -0.785	  0.620	 -0.021
	  0.003	  0.038	  0.999

3 	  44.51	  -0.40	   1.81
	  0.411	  0.047	  0.910
	 -0.158	  0.987	  0.021
	 -0.897	 -0.153	  0.413

4 	  37.30	   5.84	  -4.48
	  0.466	  0.884	  0.008
	 -0.833	  0.436	  0.341
	  0.298	 -0.166	  0.940

5 	  37.00	  14.22	   3.27
	  0.284	  0.904	  0.319
	  0.154	 -0.372	  0.915
	  0.946	 -0.211	 -0.245

6 	  44.58	  22.46	   6.08
	  0.619	  0.629	  0.470
	 -0.707	  0.706	 -0.014
	 -0.341	 -0.324	  0.882

7 	  38.02	  -7.14	  -4.10
	  0.757	 -0.650	 -0.064
	  0.593	  0.726	 -0.347
	  0.271	  0.225	  0.936

8 	  38.76	 -13.61	   5.48
	  0.419	 -0.823	  0.384
	 -0.720	 -0.559	 -0.411
	  0.553	 -0.104	 -0.827

9 	  45.40	 -23.26	   7.79
	  0.532	 -0.723	  0.441
	  0.846	  0.450	 -0.283
	  0.006	  0.524	  0.852

2 	  32.77	  -6.80	  22.99
	  0.620	  0.784	 -0.032
	 -0.785	  0.620	 -0.021
	  0.003	  0.038	  0.999

3 	  44.51	  -0.40	   1.74
	  0.411	  0.048	  0.910
	 -0.159	  0.987	  0.019
	 -0.898	 -0.153	  0.413

4 	  37.23	   5.71	  -4.62
	  0.463	  0.886	 -0.018
	 -0.830	  0.440	  0.343
	  0.312	 -0.144	  0.939

5 	  36.98	  14.41	   2.71
	  0.281	  0.921	  0.268
	  0.180	 -0.325	  0.928
	  0.942	 -0.213	 -0.258

6 	  44.46	  22.87	   4.96
	  0.619	  0.661	  0.424
	 -0.717	  0.696	 -0.040
	 -0.322	 -0.279	  0.905

7 	  37.93	  -7.05	  -4.20
	  0.753	 -0.651	 -0.087
	  0.592	  0.730	 -0.339
	  0.284	  0.204	  0.936

8 	  38.81	 -13.82	   5.13
	  0.421	 -0.837	  0.349
	 -0.733	 -0.540	 -0.412
	  0.534	 -0.083	 -0.841

9 	  45.47	 -23.52	   7.01
	  0.537	 -0.738	  0.407
	  0.843	  0.456	 -0.285
	  0.024	  0.497	  0.867

2 	  32.77	  -6.80	  22.99
	  0.620	  0.784	 -0.032
	 -0.784	  0.620	 -0.021
	  0.003	  0.038	  0.999

3 	  44.51	  -0.40	   1.65
	  0.412	  0.049	  0.910
	 -0.159	  0.987	  0.018
	 -0.897	 -0.152	  0.414

4 	  37.14	   5.59	  -4.73
	  0.454	  0.890	 -0.045
	 -0.829	  0.440	  0.345
	  0.327	 -0.120	  0.937

5 	  36.90	  14.57	   2.23
	  0.273	  0.936	  0.221
	  0.203	 -0.281	  0.938
	  0.940	 -0.211	 -0.267

6 	  44.23	  23.33	   3.94
	  0.611	  0.694	  0.380
	 -0.732	  0.678	 -0.064
	 -0.303	 -0.240	  0.922

7 	  37.88	  -6.96	  -4.34
	  0.749	 -0.653	 -0.110
	  0.592	  0.734	 -0.331
	  0.297	  0.183	  0.937

8 	  38.88	 -13.94	   4.75
	  0.422	 -0.851	  0.312
	 -0.746	 -0.522	 -0.414
	  0.515	 -0.058	 -0.855

9 	  45.51	 -23.78	   6.10
	  0.541	 -0.756	  0.367
	  0.839	  0.461	 -0.288
	  0.048	  0.464	  0.884

2 	  32.77	  -6.80	  22.99
	  0.620	  0.784	 -0.032
	 -0.785	  0.620	 -0.021
	  0.003	  0.038	  0.999

3 	  44.51	  -0.39	   1.58
	  0.411	  0.051	  0.910
	 -0.159	  0.987	  0.016
	 -0.897	 -0.152	  0.414

4 	  37.00	   5.52	  -4.83
	  0.442	  0.894	 -0.074
	 -0.829	  0.438	  0.348
	  0.344	 -0.092	  0.934

5 	  36.79	  14.66	   1.78
	  0.261	  0.948	  0.179
	  0.236	 -0.243	  0.941
	  0.935	 -0.204	 -0.288

6 	  43.89	  23.75	   2.99
	  0.599	  0.727	  0.335
	 -0.753	  0.653	 -0.072
	 -0.271	 -0.210	  0.939

7 	  37.81	  -6.87	  -4.46
	  0.744	 -0.654	 -0.134
	  0.591	  0.739	 -0.324
	  0.310	  0.162	  0.937

8 	  38.95	 -14.12	   4.32
	  0.422	 -0.865	  0.271
	 -0.760	 -0.501	 -0.414
	  0.494	 -0.031	 -0.869

9 	  45.51	 -24.05	   5.08
	  0.544	 -0.774	  0.322
	  0.835	  0.467	 -0.291
	  0.074	  0.427	  0.901

2 	  32.77	  -6.80	  22.99
	  0.620	  0.784	 -0.032
	 -0.784	  0.620	 -0.021
	  0.004	  0.038	  0.999

3 	  44.49	  -0.37	   1.51
	  0.411	  0.052	  0.910
	 -0.159	  0.987	  0.016
	 -0.897	 -0.151	  0.414

4 	  36.97	   5.43	  -4.92
	  0.436	  0.895	 -0.092
	 -0.827	  0.439	  0.349
	  0.353	 -0.077	  0.932

5 	  36.76	  14.70	   1.44
	  0.255	  0.955	  0.150
	  0.252	 -0.216	  0.943
	  0.933	 -0.203	 -0.296

6 	  43.73	  23.92	   2.23
	  0.592	  0.747	  0.303
	 -0.763	  0.640	 -0.086
	 -0.258	 -0.181	  0.949

7 	  37.74	  -6.77	  -4.55
	  0.740	 -0.653	 -0.161
	  0.588	  0.744	 -0.317
	  0.327	  0.139	  0.935

8 	  39.04	 -14.27	   3.87
	  0.423	 -0.877	  0.229
	 -0.774	 -0.481	 -0.412
	  0.471	 -0.003	 -0.882

9 	  45.51	 -24.33	   3.97
	  0.546	 -0.792	  0.273
	  0.832	  0.473	 -0.291
	  0.101	  0.386	  0.917

2 	  32.77	  -6.80	  22.99
	  0.620	  0.784	 -0.032
	 -0.784	  0.620	 -0.021
	  0.003	  0.038	  0.999

3 	  44.49	  -0.35	   1.42
	  0.411	  0.052	  0.910
	 -0.157	  0.987	  0.015
	 -0.898	 -0.149	  0.414

4 	  36.90	   5.33	  -5.03
	  0.432	  0.894	 -0.117
	 -0.824	  0.444	  0.351
	  0.366	 -0.056	  0.929

5 	  36.74	  14.78	   1.02
	  0.251	  0.961	  0.114
	  0.265	 -0.182	  0.947
	  0.931	 -0.208	 -0.301

6 	  43.59	  24.08	   1.30
	  0.585	  0.766	  0.265
	 -0.771	  0.627	 -0.113
	 -0.253	 -0.139	  0.957

7 	  37.63	  -6.68	  -4.69
	  0.733	 -0.653	 -0.189
	  0.586	  0.748	 -0.310
	  0.344	  0.117	  0.932

8 	  39.08	 -14.47	   3.36
	  0.420	 -0.889	  0.182
	 -0.790	 -0.458	 -0.409
	  0.447	  0.028	 -0.894

9 	  45.44	 -24.57	   2.78
	  0.542	 -0.811	  0.220
	  0.830	  0.475	 -0.293
	  0.133	  0.341	  0.931

2 	  32.77	  -6.80	  22.99
	  0.620	  0.784	 -0.032
	 -0.784	  0.620	 -0.021
	  0.003	  0.038	  0.999

3 	  44.49	  -0.35	   1.37
	  0.411	  0.052	  0.910
	 -0.156	  0.988	  0.013
	 -0.898	 -0.147	  0.414

4 	  36.83	   5.26	  -5.10
	  0.431	  0.892	 -0.135
	 -0.821	  0.450	  0.352
	  0.375	 -0.041	  0.926

5 	  36.79	  14.87	   0.53
	  0.252	  0.965	  0.067
	  0.291	 -0.142	  0.946
	  0.923	 -0.219	 -0.317

6 	  43.54	  24.24	   0.33
	  0.583	  0.782	  0.220
	 -0.779	  0.615	 -0.120
	 -0.229	 -0.102	  0.968

7 	  37.58	  -6.57	  -4.78
	  0.729	 -0.651	 -0.211
	  0.584	  0.752	 -0.304
	  0.357	  0.098	  0.929

8 	  39.16	 -14.61	   2.88
	  0.417	 -0.898	  0.138
	 -0.803	 -0.436	 -0.406
	  0.424	  0.059	 -0.903

9 	  45.35	 -24.86	   1.53
	  0.532	 -0.831	  0.165
	  0.832	  0.475	 -0.286
	  0.159	  0.289	  0.944

2 	  32.77	  -6.80	  22.99
	  0.620	  0.783	 -0.032
	 -0.784	  0.620	 -0.021
	  0.003	  0.038	  0.999

3 	  44.51	  -0.33	   1.32
	  0.411	  0.053	  0.910
	 -0.155	  0.988	  0.013
	 -0.898	 -0.146	  0.414

4 	  36.81	   5.17	  -5.17
	  0.432	  0.888	 -0.154
	 -0.816	  0.458	  0.352
	  0.383	 -0.027	  0.923

5 	  36.90	  14.94	   0.09
	  0.257	  0.966	  0.020
	  0.319	 -0.105	  0.942
	  0.912	 -0.236	 -0.335

6 	  43.61	  24.31	  -0.70
	  0.588	  0.791	  0.169
	 -0.784	  0.608	 -0.123
	 -0.200	 -0.060	  0.978

7 	  37.51	  -6.49	  -4.85
	  0.724	 -0.650	 -0.230
	  0.583	  0.755	 -0.298
	  0.368	  0.082	  0.926

8 	  39.22	 -14.71	   2.44
	  0.414	 -0.905	  0.099
	 -0.813	 -0.417	 -0.405
	  0.408	  0.087	 -0.909

9 	  45.28	 -24.98	   0.58
	  0.526	 -0.842	  0.121
	  0.832	  0.479	 -0.280
	  0.178	  0.248	  0.952

2 	  32.77	  -6.80	  22.99
	  0.620	  0.784	 -0.032
	 -0.785	  0.620	 -0.021
	  0.003	  0.038	  0.999

3 	  44.53	  -0.37	   1.27
	  0.411	  0.053	  0.910
	 -0.153	  0.988	  0.011
	 -0.899	 -0.143	  0.414

4 	  36.79	   5.08	  -5.24
	  0.436	  0.883	 -0.172
	 -0.811	  0.468	  0.350
	  0.390	 -0.014	  0.921

5 	  37.04	  14.98	  -0.28
	  0.260	  0.965	 -0.020
	  0.343	 -0.074	  0.936
	  0.902	 -0.251	 -0.351

6 	  43.61	  24.33	  -1.60
	  0.589	  0.798	  0.126
	 -0.788	  0.601	 -0.128
	 -0.178	 -0.024	  0.984

7 	  37.48	  -6.40	  -4.92
	  0.719	 -0.649	 -0.249
	  0.582	  0.758	 -0.295
	  0.380	  0.067	  0.922

8 	  39.22	 -14.82	   2.07
	  0.408	 -0.910	  0.067
	 -0.824	 -0.399	 -0.401
	  0.391	  0.109	 -0.914

9 	  45.16	 -25.05	  -0.14
	  0.519	 -0.850	  0.088
	  0.832	  0.479	 -0.281
	  0.196	  0.219	  0.956

2 	  32.77	  -6.80	  22.99
	  0.620	  0.784	 -0.032
	 -0.785	  0.620	 -0.021
	  0.003	  0.038	  0.999

3 	  44.53	  -0.37	   1.21
	  0.410	  0.054	  0.910
	 -0.150	  0.988	  0.008
	 -0.900	 -0.140	  0.414

4 	  36.77	   4.99	  -5.29
	  0.437	  0.879	 -0.189
	 -0.807	  0.476	  0.349
	  0.397	 -0.001	  0.918

5 	  37.04	  15.01	  -0.70
	  0.256	  0.965	 -0.059
	  0.368	 -0.041	  0.929
	  0.893	 -0.260	 -0.366

6 	  43.56	  24.38	  -2.44
	  0.586	  0.806	  0.083
	 -0.796	  0.592	 -0.125
	 -0.150	  0.007	  0.988

7 	  37.46	  -6.36	  -4.97
	  0.714	 -0.649	 -0.261
	  0.582	  0.759	 -0.293
	  0.388	  0.057	  0.920

8 	  39.22	 -14.94	   1.76
	  0.395	 -0.918	  0.031
	 -0.844	 -0.377	 -0.381
	  0.361	  0.124	 -0.924

9 	  44.91	 -25.22	  -1.04
	  0.505	 -0.862	  0.042
	  0.825	  0.468	 -0.317
	  0.253	  0.194	  0.948

2 	  32.77	  -6.80	  22.99
	  0.620	  0.784	 -0.032
	 -0.785	  0.620	 -0.021
	  0.003	  0.038	  0.999

3 	  44.53	  -0.39	   1.18
	  0.410	  0.055	  0.910
	 -0.147	  0.989	  0.006
	 -0.900	 -0.137	  0.413

4 	  36.72	   4.89	  -5.33
	  0.434	  0.877	 -0.203
	 -0.805	  0.479	  0.350
	  0.405	  0.011	  0.914

5 	  36.98	  14.94	  -0.98
	  0.243	  0.965	 -0.099
	  0.405	 -0.009	  0.914
	  0.881	 -0.262	 -0.393

6 	  43.00	  24.57	  -3.45
	  0.579	  0.815	  0.004
	 -0.813	  0.578	  0.070
	  0.054	 -0.044	  0.997

7 	  37.39	  -6.36	  -4.99
	  0.710	 -0.651	 -0.271
	  0.582	  0.758	 -0.295
	  0.396	  0.051	  0.916

8 	  39.32	 -15.01	   1.63
	  0.382	 -0.924	  0.002
	 -0.871	 -0.361	 -0.334
	  0.310	  0.125	 -0.942

9 	  44.35	 -25.56	  -1.49
	  0.487	 -0.873	  0.004
	  0.714	  0.395	 -0.578
	  0.503	  0.285	  0.816

2 	  32.77	  -6.80	  22.99
	  0.620	  0.784	 -0.032
	 -0.784	  0.620	 -0.021
	  0.004	  0.038	  0.999

3 	  44.51	  -0.40	   1.14
	  0.410	  0.057	  0.910
	 -0.146	  0.989	  0.003
	 -0.900	 -0.134	  0.414

4 	  36.65	   4.78	  -5.36
	  0.428	  0.878	 -0.213
	 -0.804	  0.478	  0.355
	  0.413	  0.019	  0.910

5 	  36.91	  14.92	  -0.91
	  0.212	  0.970	 -0.118
	  0.462	  0.006	  0.887
	  0.861	 -0.243	 -0.447

6 	  42.33	  24.82	  -3.74
	  0.565	  0.819	 -0.095
	 -0.710	  0.542	  0.449
	  0.420	 -0.187	  0.888

7 	  37.34	  -6.40	  -4.97
	  0.705	 -0.652	 -0.277
	  0.581	  0.756	 -0.300
	  0.405	  0.051	  0.913

8 	  39.59	 -14.96	   1.72
	  0.373	 -0.928	 -0.012
	 -0.895	 -0.356	 -0.269
	  0.245	  0.110	 -0.963

9 	  44.03	 -25.73	  -1.46
	  0.481	 -0.876	 -0.030
	  0.479	  0.291	 -0.828
	  0.734	  0.384	  0.560

2 	  32.77	  -6.80	  22.99
	  0.620	  0.784	 -0.032
	 -0.784	  0.620	 -0.021
	  0.004	  0.038	  0.999

3 	  44.51	  -0.40	   1.12
	  0.410	  0.058	  0.910
	 -0.146	  0.989	  0.002
	 -0.900	 -0.134	  0.414

4 	  36.63	   4.78	  -5.36
	  0.425	  0.879	 -0.215
	 -0.803	  0.476	  0.359
	  0.418	  0.020	  0.908

5 	  36.97	  14.87	  -0.79
	  0.200	  0.972	 -0.122
	  0.497	  0.006	  0.868
	  0.844	 -0.234	 -0.482

6 	  41.96	  25.05	  -3.60
	  0.540	  0.827	 -0.156
	 -0.568	  0.495	  0.657
	  0.621	 -0.267	  0.737

7 	  37.32	  -6.42	  -4.97
	  0.704	 -0.653	 -0.279
	  0.579	  0.756	 -0.306
	  0.410	  0.053	  0.910

8 	  39.83	 -14.89	   1.74
	  0.368	 -0.930	 -0.018
	 -0.909	 -0.356	 -0.215
	  0.193	  0.095	 -0.976

9 	  44.00	 -25.77	  -1.58
	  0.474	 -0.878	 -0.062
	  0.293	  0.224	 -0.929
	  0.830	  0.422	  0.364

2 	  32.77	  -6.80	  22.99
	  0.620	  0.784	 -0.032
	 -0.785	  0.620	 -0.021
	  0.003	  0.038	  0.999

3 	  44.49	  -0.40	   1.11
	  0.411	  0.058	  0.910
	 -0.146	  0.989	  0.003
	 -0.900	 -0.134	  0.415

4 	  36.62	   4.80	  -5.36
	  0.423	  0.880	 -0.214
	 -0.801	  0.474	  0.365
	  0.423	  0.017	  0.906

5 	  37.05	  14.91	  -0.62
	  0.185	  0.975	 -0.121
	  0.541	  0.002	  0.841
	  0.820	 -0.221	 -0.527

6 	  41.78	  25.15	  -3.55
	  0.514	  0.832	 -0.206
	 -0.429	  0.458	  0.778
	  0.742	 -0.312	  0.593

7 	  37.34	  -6.40	  -4.97
	  0.704	 -0.651	 -0.282
	  0.576	  0.757	 -0.308
	  0.414	  0.054	  0.908

8 	  40.06	 -14.80	   1.72
	  0.363	 -0.931	 -0.026
	 -0.920	 -0.354	 -0.169
	  0.148	  0.084	 -0.985

9 	  43.91	 -25.79	  -1.74
	  0.462	 -0.883	 -0.089
	  0.157	  0.180	 -0.971
	  0.873	  0.434	  0.222

2 	  32.77	  -6.80	  22.99
	  0.620	  0.784	 -0.032
	 -0.785	  0.620	 -0.021
	  0.003	  0.038	  0.999

3 	  44.53	  -0.39	   1.11
	  0.411	  0.057	  0.909
	 -0.147	  0.989	  0.004
	 -0.899	 -0.135	  0.415

4 	  36.60	   4.87	  -5.38
	  0.420	  0.881	 -0.215
	 -0.797	  0.472	  0.376
	  0.433	  0.013	  0.901

5 	  37.11	  14.89	  -0.51
	  0.174	  0.977	 -0.120
	  0.579	 -0.003	  0.815
	  0.796	 -0.211	 -0.567

6 	  41.70	  25.21	  -3.52
	  0.493	  0.835	 -0.241
	 -0.316	  0.430	  0.845
	  0.810	 -0.341	  0.477

7 	  37.32	  -6.36	  -5.03
	  0.704	 -0.646	 -0.293
	  0.569	  0.761	 -0.311
	  0.424	  0.052	  0.904

8 	  40.24	 -14.73	   1.55
	  0.358	 -0.933	 -0.041
	 -0.928	 -0.351	 -0.125
	  0.102	  0.082	 -0.991

9 	  43.88	 -25.77	  -2.02
	  0.449	 -0.886	 -0.114
	  0.056	  0.154	 -0.986
	  0.892	  0.436	  0.119

2 	  32.77	  -6.80	  22.99
	  0.620	  0.784	 -0.032
	 -0.784	  0.620	 -0.021
	  0.003	  0.038	  0.999

3 	  44.51	  -0.32	   0.97
	  0.421	  0.054	  0.905
	 -0.154	  0.988	  0.012
	 -0.894	 -0.145	  0.425

4 	  36.47	   4.90	  -5.41
	  0.413	  0.883	 -0.224
	 -0.790	  0.469	  0.395
	  0.454	  0.013	  0.891

5 	  37.11	  14.89	  -0.53
	  0.166	  0.978	 -0.124
	  0.611	 -0.004	  0.791
	  0.774	 -0.207	 -0.598

6 	  41.54	  25.31	  -3.60
	  0.474	  0.838	 -0.270
	 -0.233	  0.415	  0.879
	  0.849	 -0.354	  0.392

7 	  37.30	  -6.28	  -5.08
	  0.706	 -0.636	 -0.312
	  0.553	  0.770	 -0.317
	  0.442	  0.050	  0.896

8 	  40.41	 -14.71	   1.41
	  0.359	 -0.932	 -0.051
	 -0.930	 -0.353	 -0.101
	  0.076	  0.083	 -0.994

9 	  43.91	 -25.75	  -2.39
	  0.441	 -0.887	 -0.136
	 -0.007	  0.148	 -0.989
	  0.897	  0.438	  0.060

2 	  32.77	  -6.80	  22.99
	  0.620	  0.784	 -0.032
	 -0.785	  0.620	 -0.021
	  0.003	  0.038	  0.999

3 	  44.54	  -0.23	   0.81
	  0.434	  0.054	  0.899
	 -0.166	  0.986	  0.020
	 -0.885	 -0.158	  0.437

4 	  36.37	   4.90	  -5.45
	  0.403	  0.885	 -0.232
	 -0.785	  0.464	  0.410
	  0.471	  0.017	  0.882

5 	  37.12	  14.89	  -0.62
	  0.158	  0.978	 -0.136
	  0.638	  0.003	  0.770
	  0.753	 -0.209	 -0.624

6 	  41.41	  25.26	  -3.92
	  0.459	  0.835	 -0.304
	 -0.166	  0.416	  0.894
	  0.873	 -0.360	  0.329

7 	  37.28	  -6.26	  -5.15
	  0.706	 -0.628	 -0.326
	  0.541	  0.776	 -0.322
	  0.455	  0.051	  0.889

8 	  40.66	 -14.66	   1.18
	  0.364	 -0.929	 -0.062
	 -0.930	 -0.359	 -0.077
	  0.048	  0.086	 -0.995

9 	  44.12	 -25.70	  -2.69
	  0.441	 -0.885	 -0.151
	 -0.043	  0.147	 -0.988
	  0.896	  0.442	  0.026

2 	  32.77	  -6.80	  22.99
	  0.620	  0.784	 -0.032
	 -0.785	  0.620	 -0.021
	  0.003	  0.038	  0.999

3 	  44.58	  -0.18	   0.70
	  0.440	  0.056	  0.896
	 -0.171	  0.985	  0.022
	 -0.882	 -0.163	  0.443

4 	  36.30	   4.90	  -5.50
	  0.395	  0.887	 -0.237
	 -0.781	  0.460	  0.422
	  0.484	  0.018	  0.875

5 	  37.09	  14.92	  -0.63
	  0.147	  0.979	 -0.142
	  0.663	  0.009	  0.748
	  0.733	 -0.205	 -0.648

6 	  41.24	  25.31	  -4.06
	  0.438	  0.838	 -0.326
	 -0.097	  0.404	  0.909
	  0.894	 -0.367	  0.258

7 	  37.30	  -6.21	  -5.19
	  0.708	 -0.622	 -0.335
	  0.531	  0.781	 -0.326
	  0.464	  0.053	  0.884

8 	  40.89	 -14.54	   1.09
	  0.372	 -0.926	 -0.069
	 -0.928	 -0.370	 -0.052
	  0.023	  0.083	 -0.996

9 	  44.33	 -25.61	  -2.83
	  0.442	 -0.882	 -0.162
	 -0.090	  0.136	 -0.986
	  0.892	  0.450	 -0.019

2 	  32.77	  -6.80	  22.99
	  0.620	  0.784	 -0.032
	 -0.785	  0.620	 -0.021
	  0.004	  0.038	  0.999

3 	  44.58	  -0.12	   0.65
	  0.444	  0.057	  0.894
	 -0.174	  0.984	  0.024
	 -0.879	 -0.166	  0.447

4 	  36.28	   4.94	  -5.48
	  0.391	  0.889	 -0.238
	 -0.780	  0.457	  0.427
	  0.489	  0.018	  0.872

5 	  37.09	  14.94	  -0.56
	  0.137	  0.980	 -0.142
	  0.681	  0.010	  0.732
	  0.719	 -0.197	 -0.667

6 	  41.08	  25.35	  -4.01
	  0.416	  0.844	 -0.339
	 -0.044	  0.390	  0.919
	  0.908	 -0.368	  0.199

7 	  37.28	  -6.19	  -5.20
	  0.707	 -0.620	 -0.341
	  0.528	  0.783	 -0.329
	  0.471	  0.052	  0.880

8 	  40.99	 -14.48	   0.98
	  0.371	 -0.925	 -0.076
	 -0.928	 -0.370	 -0.026
	 -0.005	  0.080	 -0.997

9 	  44.35	 -25.56	  -2.94
	  0.434	 -0.884	 -0.174
	 -0.154	  0.118	 -0.981
	  0.887	  0.453	 -0.085

2 	  32.77	  -6.80	  22.97
	  0.620	  0.784	 -0.032
	 -0.784	  0.620	 -0.021
	  0.004	  0.038	  0.999

3 	  44.60	  -0.11	   0.60
	  0.447	  0.056	  0.893
	 -0.174	  0.984	  0.025
	 -0.878	 -0.167	  0.449

4 	  36.26	   4.96	  -5.47
	  0.388	  0.890	 -0.238
	 -0.777	  0.455	  0.435
	  0.495	  0.016	  0.868

5 	  37.16	  14.92	  -0.44
	  0.127	  0.982	 -0.138
	  0.709	  0.007	  0.704
	  0.693	 -0.188	 -0.696

6 	  40.96	  25.42	  -3.92
	  0.388	  0.851	 -0.354
	  0.029	  0.373	  0.927
	  0.921	 -0.371	  0.120

7 	  37.27	  -6.13	  -5.22
	  0.703	 -0.619	 -0.350
	  0.526	  0.784	 -0.331
	  0.479	  0.048	  0.876

8 	  41.10	 -14.48	   0.90
	  0.362	 -0.928	 -0.084
	 -0.931	 -0.365	  0.013
	 -0.043	  0.074	 -0.996

9 	  44.26	 -25.59	  -3.08
	  0.417	 -0.889	 -0.190
	 -0.244	  0.092	 -0.965
	  0.875	  0.449	 -0.179

2 	  32.77	  -6.80	  22.99
	  0.620	  0.784	 -0.032
	 -0.785	  0.620	 -0.021
	  0.004	  0.038	  0.999

3 	  44.60	  -0.09	   0.56
	  0.449	  0.054	  0.891
	 -0.175	  0.984	  0.028
	 -0.876	 -0.168	  0.452

4 	  36.23	   4.97	  -5.45
	  0.385	  0.891	 -0.241
	 -0.773	  0.453	  0.444
	  0.504	  0.015	  0.863

5 	  37.20	  14.94	  -0.42
	  0.118	  0.983	 -0.140
	  0.734	  0.008	  0.679
	  0.668	 -0.182	 -0.721

6 	  40.85	  25.45	  -3.96
	  0.369	  0.854	 -0.366
	  0.071	  0.366	  0.927
	  0.926	 -0.369	  0.074

7 	  37.23	  -6.13	  -5.26
	  0.699	 -0.619	 -0.359
	  0.523	  0.784	 -0.333
	  0.487	  0.045	  0.872

8 	  41.22	 -14.43	   0.81
	  0.360	 -0.929	 -0.087
	 -0.930	 -0.365	  0.040
	 -0.069	  0.066	 -0.995

9 	  44.26	 -25.61	  -3.22
	  0.403	 -0.893	 -0.201
	 -0.315	  0.071	 -0.947
	  0.859	  0.445	 -0.252

2 	  32.77	  -6.80	  22.99
	  0.620	  0.784	 -0.032
	 -0.785	  0.619	 -0.021
	  0.004	  0.038	  0.999

3 	  44.60	  -0.07	   0.49
	  0.455	  0.052	  0.888
	 -0.175	  0.984	  0.032
	 -0.873	 -0.170	  0.457

4 	  36.19	   4.97	  -5.45
	  0.380	  0.891	 -0.246
	 -0.769	  0.453	  0.451
	  0.514	  0.017	  0.858

5 	  37.25	  14.92	  -0.42
	  0.112	  0.984	 -0.140
	  0.755	  0.007	  0.656
	  0.646	 -0.179	 -0.742

6 	  40.71	  25.51	  -4.03
	  0.345	  0.859	 -0.379
	  0.124	  0.358	  0.925
	  0.930	 -0.366	  0.017

7 	  37.21	  -6.12	  -5.29
	  0.697	 -0.617	 -0.365
	  0.520	  0.786	 -0.335
	  0.493	  0.044	  0.868

8 	  41.36	 -14.38	   0.74
	  0.360	 -0.929	 -0.087
	 -0.927	 -0.366	  0.073
	 -0.100	  0.055	 -0.993

9 	  44.33	 -25.63	  -3.20
	  0.393	 -0.896	 -0.205
	 -0.371	  0.049	 -0.927
	  0.841	  0.441	 -0.313

2 	  32.77	  -6.79	  22.99
	  0.620	  0.784	 -0.032
	 -0.785	  0.620	 -0.021
	  0.003	  0.038	  0.999

3 	  44.60	  -0.04	   0.42
	  0.461	  0.051	  0.886
	 -0.176	  0.984	  0.035
	 -0.870	 -0.172	  0.462

4 	  36.14	   4.99	  -5.45
	  0.377	  0.891	 -0.251
	 -0.763	  0.452	  0.461
	  0.525	  0.017	  0.851

5 	  37.39	  14.92	  -0.42
	  0.108	  0.983	 -0.145
	  0.784	  0.005	  0.620
	  0.610	 -0.181	 -0.771

6 	  40.71	  25.52	  -4.17
	  0.324	  0.860	 -0.394
	  0.175	  0.354	  0.918
	  0.929	 -0.367	 -0.036

7 	  37.21	  -6.13	  -5.29
	  0.696	 -0.615	 -0.369
	  0.516	  0.787	 -0.338
	  0.498	  0.045	  0.866

8 	  41.45	 -14.34	   0.69
	  0.360	 -0.928	 -0.087
	 -0.925	 -0.368	  0.090
	 -0.116	  0.048	 -0.992

9 	  44.35	 -25.61	  -3.18
	  0.387	 -0.898	 -0.207
	 -0.396	  0.040	 -0.917
	  0.832	  0.437	 -0.340

2 	  32.77	  -6.80	  22.99
	  0.620	  0.784	 -0.032
	 -0.785	  0.620	 -0.021
	  0.003	  0.038	  0.999

3 	  44.60	  -0.04	   0.37
	  0.466	  0.050	  0.883
	 -0.177	  0.983	  0.037
	 -0.867	 -0.174	  0.467

4 	  36.07	   5.01	  -5.45
	  0.374	  0.891	 -0.254
	 -0.755	  0.452	  0.474
	  0.538	  0.014	  0.843

5 	  37.51	  14.87	  -0.37
	  0.113	  0.983	 -0.142
	  0.803	 -0.006	  0.596
	  0.585	 -0.181	 -0.790

6 	  40.78	  25.44	  -4.18
	  0.317	  0.860	 -0.400
	  0.215	  0.345	  0.913
	  0.923	 -0.376	 -0.075

7 	  37.16	  -6.12	  -5.31
	  0.695	 -0.613	 -0.374
	  0.512	  0.788	 -0.341
	  0.504	  0.046	  0.862

8 	  41.48	 -14.31	   0.65
	  0.362	 -0.928	 -0.086
	 -0.924	 -0.369	  0.100
	 -0.125	  0.043	 -0.991

9 	  44.40	 -25.61	  -3.22
	  0.383	 -0.900	 -0.208
	 -0.413	  0.034	 -0.910
	  0.826	  0.434	 -0.358

2 	  32.77	  -6.80	  22.99
	  0.620	  0.784	 -0.032
	 -0.785	  0.620	 -0.021
	  0.003	  0.038	  0.999

3 	  44.58	  -0.04	   0.32
	  0.471	  0.049	  0.881
	 -0.178	  0.983	  0.040
	 -0.864	 -0.176	  0.471

4 	  36.04	   5.03	  -5.43
	  0.374	  0.891	 -0.255
	 -0.751	  0.453	  0.480
	  0.544	  0.011	  0.839

5 	  37.55	  14.89	  -0.35
	  0.111	  0.983	 -0.142
	  0.813	 -0.008	  0.582
	  0.572	 -0.180	 -0.800

6 	  40.82	  25.45	  -4.13
	  0.306	  0.862	 -0.404
	  0.242	  0.339	  0.909
	  0.920	 -0.377	 -0.105

7 	  37.12	  -6.10	  -5.31
	  0.693	 -0.612	 -0.381
	  0.508	  0.789	 -0.344
	  0.511	  0.044	  0.858

8 	  41.50	 -14.27	   0.58
	  0.361	 -0.928	 -0.088
	 -0.923	 -0.370	  0.108
	 -0.133	  0.042	 -0.990

9 	  44.33	 -25.56	  -3.29
	  0.374	 -0.903	 -0.211
	 -0.438	  0.028	 -0.899
	  0.818	  0.428	 -0.385

2 	  32.77	  -6.80	  22.99
	  0.620	  0.784	 -0.032
	 -0.784	  0.620	 -0.021
	  0.003	  0.038	  0.999

3 	  44.58	  -0.02	   0.30
	  0.473	  0.048	  0.880
	 -0.178	  0.983	  0.041
	 -0.863	 -0.176	  0.473

4 	  36.02	   5.03	  -5.40
	  0.371	  0.892	 -0.255
	 -0.747	  0.450	  0.488
	  0.551	  0.009	  0.834

5 	  37.60	  14.89	  -0.30
	  0.105	  0.984	 -0.142
	  0.828	 -0.008	  0.560
	  0.550	 -0.177	 -0.816

6 	  40.69	  25.52	  -4.18
