2 	  32.77	  -6.82	  22.99
	  0.620	  0.783	 -0.032
	 -0.784	  0.620	 -0.021
	  0.003	  0.037	  0.999

3 	  44.33	  -0.69	   2.78
	  0.389	  0.144	  0.910
	 -0.266	  0.963	 -0.040
	 -0.882	 -0.226	  0.413

4 	  38.64	   5.48	  -4.50
	  0.792	  0.596	 -0.130
	 -0.557	  0.793	  0.246
	  0.249	 -0.123	  0.960

5 	  44.72	  11.55	   3.34
	  0.839	  0.255	  0.481
	 -0.472	 -0.101	  0.875
	  0.272	 -0.962	  0.036

6 	  50.64	   2.72	   8.24
	  0.339	 -0.744	  0.576
	  0.939	  0.233	 -0.252
	  0.053	  0.626	  0.778

7 	  38.51	  -7.35	  -3.71
	  0.868	 -0.442	 -0.224
	  0.322	  0.847	 -0.422
	  0.376	  0.294	  0.879

8 	  43.07	 -12.36	   5.47
	  0.812	 -0.282	  0.511
	  0.119	 -0.777	 -0.618
	  0.571	  0.562	 -0.598

9 	  50.64	  -4.01	   8.33
	  0.462	  0.815	  0.349
	 -0.883	  0.460	  0.093
	 -0.084	 -0.352	  0.932

2 	  32.77	  -6.82	  22.99
	  0.620	  0.783	 -0.032
	 -0.784	  0.620	 -0.021
	  0.004	  0.037	  0.999

3 	  44.37	  -0.69	   2.74
	  0.394	  0.145	  0.907
	 -0.265	  0.963	 -0.039
	 -0.880	 -0.225	  0.418

4 	  38.64	   5.48	  -4.50
	  0.792	  0.597	 -0.130
	 -0.558	  0.793	  0.245
	  0.250	 -0.122	  0.960

5 	  44.70	  11.55	   3.36
	  0.837	  0.255	  0.483
	 -0.474	 -0.102	  0.875
	  0.272	 -0.961	  0.036

6 	  50.62	   2.72	   8.26
	  0.339	 -0.743	  0.577
	  0.939	  0.234	 -0.250
	  0.051	  0.627	  0.777

7 	  38.55	  -7.33	  -3.74
	  0.869	 -0.438	 -0.227
	  0.318	  0.849	 -0.420
	  0.377	  0.293	  0.878

8 	  43.10	 -12.36	   5.43
	  0.812	 -0.279	  0.513
	  0.124	 -0.776	 -0.618
	  0.571	  0.565	 -0.595

9 	  50.64	  -3.99	   8.35
	  0.458	  0.816	  0.351
	 -0.885	  0.457	  0.092
	 -0.085	 -0.353	  0.932

2 	  32.78	  -6.80	  22.99
	  0.620	  0.783	 -0.032
	 -0.784	  0.620	 -0.021
	  0.004	  0.037	  0.999

3 	  44.40	  -0.67	   2.72
	  0.396	  0.144	  0.906
	 -0.264	  0.964	 -0.038
	 -0.879	 -0.224	  0.420

4 	  38.65	   5.50	  -4.52
	  0.790	  0.598	 -0.132
	 -0.559	  0.792	  0.245
	  0.251	 -0.120	  0.960

5 	  44.68	  11.58	   3.36
	  0.836	  0.257	  0.484
	 -0.474	 -0.104	  0.874
	  0.275	 -0.961	  0.035

6 	  50.62	   2.78	   8.30
	  0.339	 -0.742	  0.578
	  0.939	  0.235	 -0.248
	  0.048	  0.627	  0.777

7 	  38.55	  -7.33	  -3.76
	  0.870	 -0.437	 -0.229
	  0.316	  0.850	 -0.421
	  0.378	  0.293	  0.878

8 	  43.12	 -12.34	   5.45
	  0.810	 -0.276	  0.516
	  0.129	 -0.776	 -0.617
	  0.571	  0.567	 -0.593

9 	  50.62	  -3.99	   8.38
	  0.455	  0.817	  0.353
	 -0.886	  0.455	  0.089
	 -0.088	 -0.354	  0.931

2 	  32.78	  -6.82	  22.99
	  0.620	  0.783	 -0.032
	 -0.784	  0.620	 -0.021
	  0.004	  0.037	  0.999

3 	  44.42	  -0.65	   2.69
	  0.397	  0.145	  0.906
	 -0.262	  0.964	 -0.040
	 -0.880	 -0.222	  0.421

4 	  38.67	   5.50	  -4.52
	  0.789	  0.599	 -0.131
	 -0.560	  0.791	  0.245
	  0.251	 -0.121	  0.960

5 	  44.68	  11.58	   3.41
	  0.835	  0.256	  0.487
	 -0.476	 -0.108	  0.873
	  0.276	 -0.960	  0.032

6 	  50.59	   2.79	   8.30
	  0.339	 -0.746	  0.573
	  0.940	  0.240	 -0.244
	  0.044	  0.621	  0.782

7 	  38.58	  -7.35	  -3.78
	  0.869	 -0.437	 -0.230
	  0.316	  0.850	 -0.421
	  0.379	  0.293	  0.877

8 	  43.15	 -12.36	   5.43
	  0.810	 -0.276	  0.518
	  0.131	 -0.775	 -0.618
	  0.572	  0.568	 -0.592

9 	  50.62	  -3.96	   8.38
	  0.450	  0.820	  0.354
	 -0.888	  0.451	  0.086
	 -0.089	 -0.353	  0.931

2 	  32.77	  -6.80	  22.99
	  0.620	  0.784	 -0.032
	 -0.784	  0.620	 -0.021
	  0.004	  0.038	  0.999

3 	  44.44	  -0.65	   2.67
	  0.398	  0.142	  0.906
	 -0.261	  0.964	 -0.036
	 -0.880	 -0.222	  0.420

4 	  38.69	   5.50	  -4.48
	  0.787	  0.602	 -0.131
	 -0.563	  0.789	  0.247
	  0.252	 -0.121	  0.960

5 	  44.61	  11.71	   3.52
	  0.832	  0.270	  0.484
	 -0.467	 -0.130	  0.875
	  0.299	 -0.954	  0.018

6 	  50.85	   2.97	   7.88
	  0.368	 -0.759	  0.537
	  0.929	  0.281	 -0.241
	  0.032	  0.587	  0.808

7 	  38.64	  -7.37	  -3.71
	  0.870	 -0.434	 -0.233
	  0.317	  0.855	 -0.410
	  0.377	  0.283	  0.882

8 	  43.38	 -12.45	   5.40
	  0.821	 -0.284	  0.495
	  0.103	 -0.779	 -0.618
	  0.561	  0.558	 -0.611

9 	  50.98	  -4.15	   7.95
	  0.472	  0.821	  0.320
	 -0.878	  0.468	  0.094
	 -0.073	 -0.326	  0.942

2 	  32.77	  -6.80	  22.99
	  0.620	  0.783	 -0.032
	 -0.784	  0.620	 -0.021
	  0.004	  0.038	  0.999

3 	  44.53	  -0.69	   2.58
	  0.400	  0.136	  0.906
	 -0.262	  0.964	 -0.030
	 -0.878	 -0.226	  0.421

4 	  38.62	   5.54	  -4.34
	  0.762	  0.631	 -0.144
	 -0.586	  0.767	  0.260
	  0.274	 -0.114	  0.955

5 	  44.21	  12.04	   3.64
	  0.832	  0.331	  0.445
	 -0.392	 -0.219	  0.893
	  0.393	 -0.918	 -0.053

6 	  51.50	   3.83	   6.84
	  0.473	 -0.759	  0.447
	  0.881	  0.400	 -0.254
	  0.014	  0.514	  0.857

7 	  38.67	  -7.40	  -3.66
	  0.867	 -0.439	 -0.236
	  0.321	  0.855	 -0.407
	  0.380	  0.277	  0.882

8 	  43.51	 -12.55	   5.36
	  0.836	 -0.320	  0.445
	  0.009	 -0.804	 -0.594
	  0.548	  0.501	 -0.670

9 	  51.75	  -4.59	   6.47
	  0.533	  0.817	  0.219
	 -0.842	  0.538	  0.044
	 -0.082	 -0.208	  0.975

2 	  32.77	  -6.80	  22.99
	  0.620	  0.784	 -0.032
	 -0.784	  0.620	 -0.021
	  0.004	  0.038	  0.999

3 	  44.53	  -0.69	   2.57
	  0.400	  0.135	  0.906
	 -0.263	  0.964	 -0.028
	 -0.878	 -0.228	  0.421

4 	  38.46	   5.55	  -4.29
	  0.744	  0.649	 -0.158
	 -0.598	  0.753	  0.276
	  0.298	 -0.111	  0.948

5 	  43.89	  12.23	   3.69
	  0.829	  0.370	  0.419
	 -0.331	 -0.280	  0.901
	  0.450	 -0.886	 -0.110

6 	  51.82	   4.48	   5.59
	  0.554	 -0.762	  0.336
	  0.832	  0.493	 -0.254
	  0.027	  0.420	  0.907

7 	  38.58	  -7.40	  -3.60
	  0.855	 -0.452	 -0.253
	  0.327	  0.850	 -0.412
	  0.401	  0.270	  0.875

8 	  43.49	 -12.43	   5.52
	  0.845	 -0.359	  0.395
	 -0.116	 -0.845	 -0.521
	  0.521	  0.395	 -0.756

9 	  52.38	  -5.26	   4.78
	  0.614	  0.786	  0.071
	 -0.783	  0.618	 -0.066
	 -0.096	 -0.016	  0.995

2 	  32.77	  -6.82	  22.99
	  0.620	  0.783	 -0.032
	 -0.784	  0.620	 -0.021
	  0.004	  0.038	  0.999

3 	  44.53	  -0.69	   2.55
	  0.401	  0.135	  0.906
	 -0.264	  0.964	 -0.028
	 -0.877	 -0.228	  0.422

4 	  38.27	   5.57	  -4.29
	  0.724	  0.667	 -0.174
	 -0.606	  0.736	  0.300
	  0.328	 -0.112	  0.938

5 	  43.52	  12.36	   3.85
	  0.824	  0.418	  0.382
	 -0.225	 -0.378	  0.898
	  0.519	 -0.826	 -0.217

6 	  52.05	   5.19	   3.92
	  0.633	 -0.752	  0.184
	  0.770	  0.590	 -0.242
	  0.073	  0.295	  0.952

7 	  38.51	  -7.38	  -3.60
	  0.850	 -0.459	 -0.259
	  0.331	  0.847	 -0.415
	  0.410	  0.267	  0.872

8 	  43.63	 -12.32	   5.50
	  0.854	 -0.395	  0.339
	 -0.228	 -0.869	 -0.439
	  0.468	  0.297	 -0.832

9 	  52.86	  -5.87	   3.13
	  0.665	  0.744	 -0.064
	 -0.743	  0.649	 -0.163
	 -0.080	  0.156	  0.984

2 	  32.77	  -6.82	  22.99
	  0.620	  0.783	 -0.032
	 -0.784	  0.620	 -0.021
	  0.003	  0.038	  0.999

3 	  44.47	  -0.65	   2.51
	  0.406	  0.135	  0.904
	 -0.266	  0.963	 -0.025
	 -0.874	 -0.230	  0.427

4 	  38.07	   5.59	  -4.31
	  0.706	  0.682	 -0.189
	 -0.613	  0.722	  0.321
	  0.355	 -0.111	  0.928

5 	  43.33	  12.38	   3.81
	  0.825	  0.452	  0.339
	 -0.128	 -0.435	  0.891
	  0.550	 -0.779	 -0.301

6 	  52.15	   5.87	   2.44
	  0.674	 -0.737	  0.049
	  0.728	  0.651	 -0.214
	  0.126	  0.180	  0.975

7 	  38.46	  -7.37	  -3.60
	  0.844	 -0.464	 -0.269
	  0.332	  0.846	 -0.417
	  0.421	  0.263	  0.868

8 	  43.86	 -12.16	   5.38
	  0.866	 -0.409	  0.286
	 -0.286	 -0.877	 -0.385
	  0.408	  0.252	 -0.877

9 	  53.07	  -6.38	   1.93
	  0.679	  0.717	 -0.160
	 -0.733	  0.651	 -0.195
	 -0.036	  0.249	  0.968

2 	  32.77	  -6.80	  22.99
	  0.620	  0.784	 -0.032
	 -0.784	  0.620	 -0.021
	  0.003	  0.038	  0.999

3 	  44.46	  -0.62	   2.46
	  0.410	  0.136	  0.902
	 -0.268	  0.963	 -0.023
	 -0.872	 -0.233	  0.431

4 	  37.95	   5.57	  -4.32
	  0.694	  0.691	 -0.200
	 -0.615	  0.714	  0.334
	  0.374	 -0.110	  0.921

5 	  43.17	  12.45	   3.67
	  0.824	  0.474	  0.309
	 -0.070	 -0.457	  0.887
	  0.562	 -0.752	 -0.344

6 	  52.07	   6.54	   1.20
	  0.689	 -0.722	 -0.061
	  0.710	  0.690	 -0.141
	  0.143	  0.054	  0.988

7 	  38.39	  -7.31	  -3.62
	  0.840	 -0.465	 -0.280
	  0.331	  0.847	 -0.416
	  0.430	  0.257	  0.865

8 	  44.10	 -12.08	   5.17
	  0.877	 -0.417	  0.239
	 -0.326	 -0.882	 -0.340
	  0.352	  0.220	 -0.909

9 	  53.21	  -6.86	   0.46
	  0.676	  0.687	 -0.265
	 -0.737	  0.625	 -0.257
	 -0.011	  0.369	  0.929

2 	  32.77	  -6.82	  22.99
	  0.620	  0.783	 -0.032
	 -0.784	  0.620	 -0.021
	  0.003	  0.038	  0.999

3 	  44.44	  -0.60	   2.44
	  0.412	  0.136	  0.901
	 -0.270	  0.962	 -0.022
	 -0.870	 -0.234	  0.433

4 	  37.86	   5.57	  -4.36
	  0.685	  0.698	 -0.210
	 -0.615	  0.708	  0.347
	  0.391	 -0.108	  0.914

5 	  43.17	  12.55	   3.50
	  0.823	  0.502	  0.266
	  0.005	 -0.474	  0.880
	  0.568	 -0.723	 -0.393

6 	  52.01	   6.94	  -0.05
	  0.682	 -0.712	 -0.165
	  0.715	  0.697	 -0.050
	  0.151	 -0.084	  0.985

7 	  38.36	  -7.29	  -3.66
	  0.837	 -0.466	 -0.288
	  0.330	  0.848	 -0.415
	  0.437	  0.252	  0.863

8 	  44.42	 -11.95	   4.94
	  0.887	 -0.425	  0.179
	 -0.367	 -0.886	 -0.284
	  0.279	  0.186	 -0.942

9 	  53.24	  -7.38	  -1.14
	  0.651	  0.652	 -0.387
	 -0.759	  0.568	 -0.319
	  0.012	  0.501	  0.865

2 	  32.77	  -6.80	  22.99
	  0.620	  0.783	 -0.032
	 -0.784	  0.620	 -0.021
	  0.004	  0.038	  0.999

3 	  44.44	  -0.60	   2.41
	  0.413	  0.136	  0.900
	 -0.269	  0.963	 -0.022
	 -0.870	 -0.234	  0.434

4 	  37.72	   5.50	  -4.41
	  0.673	  0.703	 -0.230
	 -0.613	  0.704	  0.358
	  0.413	 -0.100	  0.905

5 	  43.29	  12.69	   3.04
	  0.827	  0.528	  0.192
	  0.100	 -0.474	  0.875
	  0.552	 -0.705	 -0.445

6 	  51.96	   7.42	  -1.93
	  0.658	 -0.699	 -0.280
	  0.728	  0.685	  0.003
	  0.190	 -0.206	  0.960

7 	  38.32	  -7.24	  -3.66
	  0.833	 -0.460	 -0.307
	  0.319	  0.853	 -0.412
	  0.451	  0.245	  0.858

8 	  44.96	 -11.90	   4.34
	  0.896	 -0.433	  0.095
	 -0.404	 -0.886	 -0.227
	  0.183	  0.165	 -0.969

9 	  53.14	  -7.84	  -3.36
	  0.592	  0.619	 -0.517
	 -0.805	  0.483	 -0.343
	  0.037	  0.619	  0.785

2 	  32.77	  -6.82	  22.99
	  0.620	  0.783	 -0.032
	 -0.784	  0.620	 -0.021
	  0.004	  0.038	  0.999

3 	  44.44	  -0.58	   2.36
	  0.415	  0.134	  0.900
	 -0.269	  0.963	 -0.020
	 -0.869	 -0.233	  0.435

4 	  37.56	   5.48	  -4.48
	  0.662	  0.704	 -0.256
	 -0.605	  0.704	  0.372
	  0.442	 -0.091	  0.892

5 	  43.45	  12.88	   2.25
	  0.827	  0.553	  0.098
	  0.205	 -0.461	  0.863
	  0.523	 -0.694	 -0.495

6 	  51.71	   7.93	  -3.48
	  0.626	 -0.684	 -0.374
	  0.745	  0.666	  0.030
	  0.229	 -0.297	  0.927

7 	  38.25	  -7.17	  -3.73
	  0.825	 -0.450	 -0.341
	  0.300	  0.861	 -0.410
	  0.478	  0.235	  0.846

8 	  45.28	 -11.97	   3.67
	  0.895	 -0.446	  0.022
	 -0.433	 -0.879	 -0.197
	  0.107	  0.167	 -0.980

9 	  52.88	  -8.37	  -4.94
	  0.547	  0.586	 -0.598
	 -0.836	  0.424	 -0.348
	  0.050	  0.690	  0.722

2 	  32.77	  -6.80	  22.99
	  0.620	  0.783	 -0.032
	 -0.784	  0.620	 -0.021
	  0.003	  0.038	  0.999

3 	  44.40	  -0.54	   2.20
	  0.417	  0.129	  0.900
	 -0.259	  0.965	 -0.019
	 -0.871	 -0.225	  0.436

4 	  37.37	   5.40	  -4.57
	  0.646	  0.706	 -0.290
	 -0.594	  0.703	  0.390
	  0.479	 -0.080	  0.874

5 	  43.40	  12.96	   1.72
	  0.820	  0.570	  0.052
	  0.253	 -0.444	  0.859
	  0.513	 -0.691	 -0.508

6 	  51.33	   8.65	  -5.13
	  0.602	 -0.644	 -0.473
	  0.746	  0.664	  0.045
	  0.285	 -0.380	  0.880

7 	  38.14	  -7.08	  -3.76
	  0.811	 -0.445	 -0.379
	  0.285	  0.867	 -0.409
	  0.510	  0.223	  0.830

8 	  45.39	 -11.99	   3.23
	  0.887	 -0.460	 -0.026
	 -0.458	 -0.874	 -0.164
	  0.053	  0.157	 -0.986

9 	  52.58	  -8.95	  -6.22
	  0.511	  0.537	 -0.671
	 -0.859	  0.345	 -0.378
	  0.029	  0.769	  0.638

2 	  32.77	  -6.80	  22.99
	  0.620	  0.783	 -0.032
	 -0.784	  0.620	 -0.021
	  0.003	  0.038	  0.999

3 	  44.37	  -0.53	   2.11
	  0.418	  0.125	  0.900
	 -0.248	  0.969	 -0.019
	 -0.874	 -0.215	  0.436

4 	  37.11	   5.34	  -4.64
	  0.619	  0.720	 -0.313
	 -0.596	  0.690	  0.410
	  0.511	 -0.068	  0.856

5 	  43.05	  13.11	   1.34
	  0.796	  0.606	  0.014
	  0.316	 -0.435	  0.843
	  0.516	 -0.666	 -0.538

6 	  50.77	   9.74	  -6.15
	  0.585	 -0.579	 -0.568
	  0.778	  0.599	  0.190
	  0.230	 -0.553	  0.801

7 	  38.06	  -7.07	  -3.81
	  0.804	 -0.447	 -0.392
	  0.281	  0.867	 -0.411
	  0.524	  0.220	  0.823

8 	  45.42	 -11.99	   2.97
	  0.877	 -0.477	 -0.056
	 -0.481	 -0.869	 -0.121
	  0.009	  0.132	 -0.991

9 	  52.37	  -9.74	  -6.94
	  0.490	  0.469	 -0.735
	 -0.872	  0.264	 -0.413
	  0.000	  0.843	  0.538

2 	  32.77	  -6.80	  22.99
	  0.620	  0.784	 -0.032
	 -0.785	  0.620	 -0.021
	  0.003	  0.038	  0.999

3 	  44.31	  -0.49	   2.07
	  0.425	  0.121	  0.897
	 -0.238	  0.971	 -0.019
	 -0.873	 -0.205	  0.442

4 	  36.86	   5.33	  -4.66
	  0.589	  0.741	 -0.322
	 -0.606	  0.669	  0.430
	  0.534	 -0.059	  0.844

5 	  42.57	  13.27	   1.32
	  0.762	  0.647	 -0.012
	  0.386	 -0.441	  0.810
	  0.519	 -0.622	 -0.586

6 	  50.27	  10.60	  -6.75
	  0.565	 -0.522	 -0.640
	  0.801	  0.532	  0.274
	  0.197	 -0.667	  0.718

7 	  37.95	  -7.01	  -3.85
	  0.794	 -0.452	 -0.407
	  0.279	  0.865	 -0.416
	  0.540	  0.216	  0.813

8 	  45.39	 -11.95	   2.79
	  0.862	 -0.500	 -0.080
	 -0.505	 -0.860	 -0.069
	 -0.034	  0.100	 -0.994

9 	  52.14	 -10.62	  -7.54
	  0.478	  0.390	 -0.787
	 -0.878	  0.185	 -0.442
	 -0.026	  0.902	  0.431

2 	  32.77	  -6.80	  22.99
	  0.620	  0.783	 -0.032
	 -0.784	  0.620	 -0.021
	  0.003	  0.038	  0.999

3 	  44.28	  -0.47	   2.02
	  0.433	  0.119	  0.893
	 -0.237	  0.971	 -0.015
	 -0.870	 -0.205	  0.449

4 	  36.72	   5.33	  -4.64
	  0.568	  0.755	 -0.327
	 -0.613	  0.654	  0.444
	  0.549	 -0.052	  0.834

5 	  42.24	  13.54	   1.18
	  0.724	  0.687	 -0.047
	  0.453	 -0.425	  0.783
	  0.519	 -0.589	 -0.620

6 	  49.90	  11.78	  -7.35
	  0.564	 -0.431	 -0.705
	  0.806	  0.473	  0.356
	  0.180	 -0.769	  0.614

7 	  37.86	  -6.98	  -3.92
	  0.782	 -0.462	 -0.418
	  0.285	  0.862	 -0.419
	  0.553	  0.209	  0.806

8 	  45.33	 -12.01	   2.65
	  0.843	 -0.529	 -0.099
	 -0.533	 -0.846	 -0.024
	 -0.071	  0.073	 -0.995

9 	  51.75	 -11.57	  -8.02
	  0.463	  0.309	 -0.830
	 -0.886	  0.139	 -0.442
	 -0.021	  0.941	  0.339

2 	  32.77	  -6.82	  22.99
	  0.620	  0.783	 -0.032
	 -0.784	  0.620	 -0.021
	  0.003	  0.038	  0.999

3 	  44.28	  -0.46	   2.00
	  0.438	  0.117	  0.891
	 -0.237	  0.971	 -0.011
	 -0.867	 -0.206	  0.454

4 	  36.62	   5.33	  -4.61
	  0.549	  0.768	 -0.328
	 -0.621	  0.638	  0.455
	  0.559	 -0.046	  0.828

5 	  41.85	  13.71	   1.23
	  0.684	  0.727	 -0.064
	  0.510	 -0.413	  0.754
	  0.522	 -0.549	 -0.653

6 	  49.57	  13.06	  -7.47
	  0.575	 -0.315	 -0.755
	  0.801	  0.403	  0.442
	  0.165	 -0.859	  0.484

7 	  37.78	  -7.00	  -3.92
	  0.767	 -0.482	 -0.422
	  0.302	  0.853	 -0.425
	  0.565	  0.198	  0.801

8 	  45.14	 -12.18	   2.58
	  0.818	 -0.565	 -0.109
	 -0.566	 -0.824	  0.027
	 -0.105	  0.039	 -0.994

9 	  51.24	 -12.85	  -8.37
	  0.439	  0.210	 -0.874
	 -0.898	  0.094	 -0.429
	 -0.008	  0.973	  0.230

2 	  32.77	  -6.80	  22.99
	  0.620	  0.783	 -0.032
	 -0.784	  0.620	 -0.021
	  0.004	  0.038	  0.999

3 	  44.28	  -0.46	   2.00
	  0.442	  0.116	  0.889
	 -0.236	  0.971	 -0.009
	 -0.865	 -0.206	  0.457

4 	  36.53	   5.27	  -4.61
	  0.531	  0.780	 -0.330
	 -0.633	  0.624	  0.458
	  0.563	 -0.035	  0.826

5 	  41.52	  13.82	   1.34
	  0.638	  0.766	 -0.070
	  0.567	 -0.408	  0.715
	  0.520	 -0.496	 -0.695

6 	  49.18	  14.66	  -7.38
	  0.582	 -0.172	 -0.795
	  0.789	  0.354	  0.501
	  0.195	 -0.919	  0.341

7 	  37.72	  -7.01	  -3.88
	  0.759	 -0.498	 -0.419
	  0.315	  0.844	 -0.433
	  0.569	  0.197	  0.798

8 	  44.96	 -12.36	   2.72
	  0.788	 -0.607	 -0.102
	 -0.601	 -0.795	  0.083
	 -0.131	 -0.004	 -0.991

9 	  50.85	 -14.06	  -8.28
	  0.432	  0.114	 -0.895
	 -0.902	  0.054	 -0.428
	 -0.001	  0.992	  0.126

2 	  32.77	  -6.80	  22.99
	  0.620	  0.784	 -0.032
	 -0.784	  0.620	 -0.021
	  0.003	  0.038	  0.999

3 	  44.26	  -0.46	   2.00
	  0.442	  0.116	  0.889
	 -0.237	  0.971	 -0.009
	 -0.865	 -0.206	  0.457

4 	  36.51	   5.26	  -4.61
	  0.515	  0.793	 -0.324
	 -0.644	  0.608	  0.464
	  0.565	 -0.031	  0.824

5 	  41.27	  13.75	   1.58
	  0.598	  0.799	 -0.064
	  0.622	 -0.412	  0.665
	  0.505	 -0.438	 -0.744

6 	  48.73	  15.86	  -7.26
	  0.567	 -0.040	 -0.823
	  0.792	  0.303	  0.530
	  0.228	 -0.952	  0.203

7 	  37.69	  -7.10	  -3.85
	  0.752	 -0.517	 -0.409
	  0.333	  0.833	 -0.441
	  0.568	  0.196	  0.799

8 	  44.77	 -12.50	   2.95
	  0.763	 -0.640	 -0.082
	 -0.629	 -0.766	  0.128
	 -0.145	 -0.046	 -0.988

9 	  50.45	 -15.54	  -7.93
	  0.423	 -0.003	 -0.906
	 -0.906	  0.004	 -0.424
	  0.004	  1.000	 -0.001

2 	  32.77	  -6.80	  22.99
	  0.620	  0.784	 -0.032
	 -0.784	  0.620	 -0.021
	  0.003	  0.038	  0.999

3 	  44.26	  -0.46	   2.00
	  0.443	  0.116	  0.889
	 -0.237	  0.971	 -0.009
	 -0.865	 -0.207	  0.458

4 	  36.49	   5.24	  -4.61
	  0.510	  0.798	 -0.320
	 -0.647	  0.602	  0.468
	  0.566	 -0.032	  0.823

5 	  40.94	  13.85	   1.55
	  0.559	  0.826	 -0.065
	  0.646	 -0.386	  0.658
	  0.519	 -0.410	 -0.750

6 	  48.48	  17.16	  -6.86
	  0.589	  0.092	 -0.803
	  0.769	  0.240	  0.592
	  0.247	 -0.967	  0.070

7 	  37.65	  -7.15	  -3.80
	  0.748	 -0.531	 -0.398
	  0.346	  0.824	 -0.448
	  0.566	  0.198	  0.800

8 	  44.58	 -12.55	   3.16
	  0.742	 -0.667	 -0.061
	 -0.652	 -0.740	  0.163
	 -0.154	 -0.081	 -0.985

9 	  50.29	 -16.49	  -7.47
	  0.430	 -0.093	 -0.898
	 -0.902	 -0.045	 -0.428
	 -0.001	  0.994	 -0.103

2 	  32.77	  -6.80	  22.99
	  0.620	  0.783	 -0.032
	 -0.784	  0.620	 -0.021
	  0.003	  0.038	  0.999

3 	  44.24	  -0.47	   2.00
	  0.443	  0.116	  0.889
	 -0.236	  0.971	 -0.010
	 -0.865	 -0.206	  0.458

4 	  36.46	   5.20	  -4.62
	  0.506	  0.802	 -0.316
	 -0.650	  0.595	  0.472
	  0.567	 -0.033	  0.823

5 	  40.52	  13.97	   1.60
	  0.515	  0.855	 -0.055
	  0.657	 -0.353	  0.666
	  0.551	 -0.379	 -0.744

6 	  48.18	  18.37	  -6.15
	  0.605	  0.205	 -0.769
	  0.739	  0.213	  0.639
	  0.294	 -0.955	 -0.023

7 	  37.60	  -7.21	  -3.76
	  0.740	 -0.545	 -0.392
	  0.360	  0.815	 -0.453
	  0.567	  0.194	  0.800

8 	  44.33	 -12.69	   3.34
	  0.719	 -0.693	 -0.042
	 -0.678	 -0.714	  0.173
	 -0.150	 -0.097	 -0.984

9 	  50.08	 -17.46	  -6.94
	  0.450	 -0.172	 -0.876
	 -0.893	 -0.091	 -0.441
	 -0.004	  0.981	 -0.195

2 	  32.77	  -6.80	  22.99
	  0.620	  0.783	 -0.032
	 -0.784	  0.620	 -0.021
	  0.003	  0.038	  0.999

3 	  44.23	  -0.49	   1.99
	  0.444	  0.115	  0.888
	 -0.233	  0.972	 -0.010
	 -0.865	 -0.203	  0.459

4 	  36.46	   5.22	  -4.59
	  0.495	  0.813	 -0.306
	 -0.660	  0.580	  0.477
	  0.566	 -0.035	  0.824

5 	  40.18	  14.06	   1.74
	  0.469	  0.881	 -0.047
	  0.683	 -0.329	  0.651
	  0.559	 -0.338	 -0.757

6 	  47.60	  19.55	  -5.59
	  0.587	  0.318	 -0.744
	  0.730	  0.188	  0.657
	  0.349	 -0.929	 -0.122

7 	  37.53	  -7.22	  -3.71
	  0.731	 -0.563	 -0.386
	  0.376	  0.804	 -0.459
	  0.569	  0.190	  0.800

8 	  44.09	 -12.81	   3.59
	  0.694	 -0.719	 -0.016
	 -0.704	 -0.684	  0.191
	 -0.148	 -0.122	 -0.981

9 	  49.96	 -18.32	  -6.33
	  0.464	 -0.251	 -0.850
	 -0.886	 -0.118	 -0.449
	  0.013	  0.961	 -0.277

2 	  32.77	  -6.80	  22.99
	  0.620	  0.784	 -0.032
	 -0.784	  0.620	 -0.021
	  0.003	  0.038	  0.999

3 	  44.19	  -0.51	   1.97
	  0.449	  0.114	  0.886
	 -0.225	  0.974	 -0.011
	 -0.865	 -0.194	  0.463

4 	  36.42	   5.27	  -4.55
	  0.486	  0.820	 -0.300
	 -0.665	  0.570	  0.483
	  0.567	 -0.036	  0.823

5 	  39.97	  14.13	   1.90
	  0.427	  0.903	 -0.037
	  0.712	 -0.312	  0.630
	  0.557	 -0.296	 -0.776

6 	  47.00	  20.43	  -5.15
	  0.555	  0.411	 -0.723
	  0.733	  0.168	  0.659
	  0.392	 -0.896	 -0.209

7 	  37.41	  -7.28	  -3.64
	  0.717	 -0.588	 -0.374
	  0.398	  0.786	 -0.473
	  0.572	  0.190	  0.798

8 	  43.77	 -12.88	   3.94
	  0.671	 -0.741	  0.021
	 -0.727	 -0.653	  0.209
	 -0.141	 -0.155	 -0.978

9 	  49.62	 -19.34	  -5.40
	  0.483	 -0.337	 -0.808
	 -0.873	 -0.122	 -0.472
	  0.060	  0.934	 -0.353

2 	  32.77	  -6.80	  22.99
	  0.620	  0.784	 -0.032
	 -0.785	  0.620	 -0.021
	  0.004	  0.038	  0.999

3 	  44.21	  -0.56	   1.90
	  0.456	  0.114	  0.883
	 -0.217	  0.976	 -0.014
	 -0.864	 -0.185	  0.469

4 	  36.42	   5.24	  -4.54
	  0.479	  0.827	 -0.295
	 -0.670	  0.561	  0.486
	  0.567	 -0.035	  0.822

5 	  39.83	  14.10	   2.04
	  0.392	  0.919	 -0.028
	  0.744	 -0.299	  0.598
	  0.542	 -0.255	 -0.801

6 	  46.46	  21.25	  -4.73
	  0.519	  0.500	 -0.693
	  0.726	  0.170	  0.666
	  0.451	 -0.849	 -0.275

7 	  37.37	  -7.37	  -3.59
	  0.712	 -0.603	 -0.359
	  0.412	  0.773	 -0.481
	  0.568	  0.194	  0.799

8 	  43.58	 -12.81	   4.41
	  0.654	 -0.753	  0.071
	 -0.745	 -0.626	  0.231
	 -0.129	 -0.204	 -0.970

9 	  49.69	 -20.00	  -3.88
	  0.508	 -0.439	 -0.740
	 -0.859	 -0.200	 -0.471
	  0.059	  0.876	 -0.479

2 	  32.77	  -6.80	  22.99
	  0.620	  0.784	 -0.032
	 -0.784	  0.620	 -0.021
	  0.004	  0.038	  0.999

3 	  44.21	  -0.56	   1.88
	  0.457	  0.115	  0.882
	 -0.216	  0.976	 -0.016
	 -0.863	 -0.183	  0.471

4 	  36.37	   5.19	  -4.57
	  0.473	  0.830	 -0.296
	 -0.675	  0.557	  0.484
	  0.567	 -0.030	  0.823

5 	  39.88	  13.94	   2.00
	  0.368	  0.929	 -0.023
	  0.770	 -0.292	  0.567
	  0.520	 -0.226	 -0.823

6 	  46.21	  21.90	  -4.04
	  0.496	  0.593	 -0.634
	  0.704	  0.153	  0.693
	  0.508	 -0.790	 -0.342

7 	  37.39	  -7.44	  -3.52
	  0.713	 -0.612	 -0.344
	  0.420	  0.764	 -0.489
	  0.561	  0.204	  0.802

8 	  43.45	 -12.73	   4.69
	  0.640	 -0.760	  0.112
	 -0.759	 -0.605	  0.239
	 -0.114	 -0.239	 -0.964

9 	  49.71	 -20.69	  -2.85
	  0.535	 -0.511	 -0.672
	 -0.841	 -0.248	 -0.481
	  0.079	  0.823	 -0.562

2 	  32.77	  -6.80	  22.99
	  0.620	  0.784	 -0.032
	 -0.784	  0.620	 -0.021
	  0.004	  0.038	  0.999

3 	  44.21	  -0.58	   1.86
	  0.458	  0.118	  0.881
	 -0.217	  0.976	 -0.018
	 -0.862	 -0.183	  0.473

4 	  36.37	   5.17	  -4.57
	  0.473	  0.830	 -0.296
	 -0.675	  0.557	  0.484
	  0.567	 -0.030	  0.823

5 	  39.83	  13.94	   2.04
	  0.334	  0.942	 -0.011
	  0.795	 -0.276	  0.540
	  0.506	 -0.189	 -0.842

6 	  45.70	  22.66	  -3.32
	  0.457	  0.676	 -0.579
	  0.697	  0.132	  0.704
	  0.552	 -0.725	 -0.411

7 	  37.37	  -7.47	  -3.50
	  0.712	 -0.621	 -0.328
	  0.433	  0.756	 -0.491
	  0.553	  0.208	  0.807

8 	  43.31	 -12.69	   4.87
	  0.623	 -0.769	  0.143
	 -0.775	 -0.582	  0.248
	 -0.107	 -0.266	 -0.958

9 	  49.64	 -21.16	  -1.81
	  0.550	 -0.574	 -0.607
	 -0.828	 -0.278	 -0.488
	  0.111	  0.771	 -0.627

2 	  32.77	  -6.80	  22.99
	  0.620	  0.784	 -0.032
	 -0.784	  0.620	 -0.021
	  0.003	  0.038	  0.999

3 	  44.23	  -0.58	   1.86
	  0.459	  0.118	  0.880
	 -0.216	  0.976	 -0.018
	 -0.862	 -0.182	  0.473

4 	  36.35	   5.19	  -4.57
	  0.468	  0.834	 -0.291
	 -0.677	  0.550	  0.488
	  0.568	 -0.031	  0.822

5 	  39.69	  13.96	   2.14
	  0.303	  0.953	  0.001
	  0.816	 -0.261	  0.515
	  0.491	 -0.156	 -0.857

6 	  45.21	  23.17	  -2.78
	  0.417	  0.735	 -0.535
	  0.701	  0.114	  0.704
	  0.578	 -0.668	 -0.468

7 	  37.34	  -7.45	  -3.46
	  0.710	 -0.627	 -0.321
	  0.441	  0.751	 -0.492
	  0.549	  0.208	  0.809

8 	  43.15	 -12.66	   4.97
	  0.609	 -0.776	  0.162
	 -0.786	 -0.564	  0.252
	 -0.104	 -0.281	 -0.954

9 	  49.54	 -21.67	  -0.91
	  0.562	 -0.634	 -0.532
	 -0.811	 -0.296	 -0.504
	  0.162	  0.714	 -0.680

2 	  32.77	  -6.80	  22.99
	  0.620	  0.784	 -0.032
	 -0.784	  0.620	 -0.021
	  0.004	  0.038	  0.999

3 	  44.21	  -0.56	   1.85
	  0.460	  0.117	  0.880
	 -0.216	  0.976	 -0.017
	 -0.861	 -0.182	  0.474

4 	  36.32	   5.24	  -4.57
	  0.462	  0.840	 -0.285
	 -0.682	  0.542	  0.492
	  0.567	 -0.034	  0.823

5 	  39.53	  14.03	   2.23
	  0.284	  0.958	  0.011
	  0.823	 -0.250	  0.509
	  0.490	 -0.136	 -0.861

6 	  44.84	  23.54	  -2.18
	  0.399	  0.768	 -0.501
	  0.687	  0.112	  0.718
	  0.608	 -0.630	 -0.483

7 	  37.34	  -7.42	  -3.46
	  0.711	 -0.628	 -0.315
	  0.445	  0.750	 -0.490
	  0.544	  0.208	  0.813

8 	  43.10	 -12.59	   5.06
	  0.594	 -0.781	  0.190
	 -0.799	 -0.545	  0.254
	 -0.095	 -0.303	 -0.948

9 	  49.61	 -21.81	  -0.05
	  0.573	 -0.671	 -0.470
	 -0.798	 -0.326	 -0.507
	  0.187	  0.666	 -0.722

2 	  32.77	  -6.80	  22.99
	  0.620	  0.784	 -0.032
	 -0.784	  0.620	 -0.021
	  0.003	  0.038	  0.999

3 	  44.19	  -0.53	   1.83
	  0.461	  0.115	  0.880
	 -0.218	  0.976	 -0.014
	 -0.860	 -0.185	  0.475

4 	  36.30	   5.29	  -4.57
	  0.457	  0.845	 -0.278
	 -0.687	  0.533	  0.494
	  0.565	 -0.035	  0.824

5 	  39.41	  14.03	   2.41
	  0.259	  0.965	  0.031
	  0.836	 -0.240	  0.493
	  0.483	 -0.102	 -0.869

6 	  44.33	  23.91	  -1.46
	  0.365	  0.817	 -0.447
	  0.674	  0.099	  0.731
	  0.641	 -0.569	 -0.515

7 	  37.34	  -7.38	  -3.46
	  0.712	 -0.630	 -0.310
	  0.449	  0.748	 -0.489
	  0.540	  0.209	  0.815

8 	  43.01	 -12.50	   5.20
	  0.583	 -0.783	  0.217
	 -0.807	 -0.531	  0.257
	 -0.086	 -0.325	 -0.942

9 	  49.45	 -22.01	   0.56
	  0.572	 -0.700	 -0.428
	 -0.795	 -0.346	 -0.498
	  0.201	  0.625	 -0.754

2 	  32.77	  -6.80	  22.99
	  0.620	  0.783	 -0.032
	 -0.784	  0.620	 -0.021
	  0.003	  0.038	  0.999

3 	  44.21	  -0.49	   1.81
	  0.463	  0.115	  0.879
	 -0.220	  0.975	 -0.012
	 -0.859	 -0.188	  0.476

4 	  36.26	   5.33	  -4.57
	  0.451	  0.850	 -0.269
	 -0.692	  0.524	  0.496
	  0.563	 -0.038	  0.825

5 	  39.34	  13.97	   2.53
	  0.243	  0.969	  0.051
	  0.846	 -0.237	  0.477
	  0.474	 -0.073	 -0.878

6 	  44.00	  24.15	  -0.77
	  0.338	  0.853	 -0.397
	  0.663	  0.083	  0.744
	  0.668	 -0.515	 -0.537

7 	  37.30	  -7.37	  -3.46
	  0.706	 -0.639	 -0.304
	  0.460	  0.741	 -0.488
	  0.537	  0.205	  0.818

8 	  42.91	 -12.32	   5.29
	  0.575	 -0.778	  0.253
	 -0.814	 -0.510	  0.279
	 -0.089	 -0.367	 -0.926

9 	  49.38	 -22.04	   1.25
	  0.574	 -0.726	 -0.378
	 -0.793	 -0.380	 -0.476
	  0.202	  0.573	 -0.794

2 	  32.77	  -6.80	  22.99
	  0.620	  0.784	 -0.032
	 -0.784	  0.620	 -0.021
	  0.003	  0.038	  0.999

3 	  44.19	  -0.46	   1.79
	  0.465	  0.113	  0.878
	 -0.220	  0.975	 -0.010
	 -0.858	 -0.189	  0.478

4 	  36.26	   5.36	  -4.55
	  0.451	  0.853	 -0.262
	 -0.695	  0.520	  0.496
	  0.559	 -0.042	  0.828

5 	  39.34	  13.89	   2.67
	  0.229	  0.971	  0.071
	  0.857	 -0.236	  0.457
	  0.460	 -0.044	 -0.886

6 	  43.77	  24.33	  -0.18
	  0.311	  0.884	 -0.349
	  0.660	  0.063	  0.749
	  0.684	 -0.463	 -0.564

7 	  37.21	  -7.33	  -3.52
	  0.700	 -0.648	 -0.299
	  0.472	  0.735	 -0.485
	  0.534	  0.198	  0.821

8 	  42.79	 -12.15	   5.41
	  0.574	 -0.767	  0.286
	 -0.815	 -0.505	  0.283
	 -0.073	 -0.396	 -0.915

9 	  49.43	 -21.92	   1.67
	  0.583	 -0.729	 -0.359
	 -0.788	 -0.401	 -0.468
	  0.197	  0.555	 -0.808

2 	  32.77	  -6.80	  22.99
	  0.620	  0.784	 -0.032
	 -0.784	  0.620	 -0.021
	  0.003	  0.038	  0.999

3 	  44.17	  -0.46	   1.79
	  0.466	  0.113	  0.877
	 -0.219	  0.975	 -0.009
	 -0.857	 -0.188	  0.479

4 	  36.30	   5.38	  -4.55
	  0.452	  0.855	 -0.255
	 -0.700	  0.517	  0.493
	  0.553	 -0.045	  0.831

5 	  39.38	  13.87	   2.72
	  0.226	  0.970	  0.082
	  0.861	 -0.239	  0.449
	  0.455	 -0.031	 -0.890

6 	  43.63	  24.43	   0.44
	  0.299	  0.905	 -0.303
	  0.639	  0.045	  0.767
	  0.708	 -0.424	 -0.565

7 	  37.25	  -7.31	  -3.53
	  0.702	 -0.650	 -0.292
	  0.478	  0.734	 -0.483
	  0.527	  0.200	  0.825

8 	  42.73	 -12.02	   5.54
	  0.570	 -0.762	  0.306
	 -0.820	 -0.504	  0.272
	 -0.054	 -0.406	 -0.912

9 	  49.45	 -21.85	   2.11
	  0.591	 -0.738	 -0.325
	 -0.779	 -0.419	 -0.466
	  0.207	  0.529	 -0.823

2 	  32.77	  -6.80	  22.99
	  0.620	  0.784	 -0.032
	 -0.785	  0.620	 -0.021
	  0.003	  0.038	  0.999

3 	  44.17	  -0.44	   1.79
	  0.466	  0.113	  0.877
	 -0.220	  0.975	 -0.009
	 -0.857	 -0.189	  0.480

4 	  36.30	   5.41	  -4.55
	  0.452	  0.856	 -0.250
	 -0.702	  0.515	  0.491
	  0.549	 -0.047	  0.834

5 	  39.39	  13.80	   2.88
	  0.222	  0.970	  0.099
	  0.864	 -0.243	  0.440
	  0.451	 -0.013	 -0.892

6 	  43.52	  24.47	   0.88
	  0.287	  0.918	 -0.271
	  0.630	  0.031	  0.776
	  0.721	 -0.394	 -0.570

7 	  37.21	  -7.31	  -3.52
	  0.702	 -0.652	 -0.287
	  0.483	  0.732	 -0.481
	  0.523	  0.199	  0.828

8 	  42.66	 -11.97	   5.64
	  0.566	 -0.758	  0.323
	 -0.823	 -0.502	  0.266
	 -0.040	 -0.416	 -0.908

9 	  49.38	 -21.78	   2.60
	  0.595	 -0.747	 -0.297
	 -0.774	 -0.432	 -0.463
	  0.217	  0.505	 -0.835

2 	  32.77	  -6.80	  22.99
	  0.620	  0.784	 -0.032
	 -0.784	  0.620	 -0.021
	  0.004	  0.038	  0.999

3 	  44.17	  -0.44	   1.79
	  0.468	  0.112	  0.877
	 -0.220	  0.975	 -0.008
	 -0.856	 -0.190	  0.481

4 	  36.30	   5.41	  -4.54
	  0.453	  0.856	 -0.247
	 -0.703	  0.514	  0.491
	  0.547	 -0.049	  0.835

5 	  39.43	  13.75	   2.95
	  0.223	  0.969	  0.109
	  0.866	 -0.248	  0.432
	  0.446	 -0.002	 -0.895

6 	  43.54	  24.42	   1.23
	  0.286	  0.926	 -0.246
	  0.621	  0.016	  0.783
	  0.729	 -0.377	 -0.571

7 	  37.21	  -7.29	  -3.52
	  0.702	 -0.653	 -0.283
	  0.484	  0.730	 -0.482
	  0.521	  0.201	  0.829

8 	  42.57	 -11.85	   5.80
	  0.563	 -0.753	  0.340
	 -0.826	 -0.500	  0.259
	 -0.025	 -0.427	 -0.904

9 	  49.36	 -21.74	   2.99
	  0.599	 -0.752	 -0.275
	 -0.768	 -0.441	 -0.465
	  0.228	  0.489	 -0.842

2 	  32.77	  -6.80	  22.99
	  0.620	  0.784	 -0.032
	 -0.785	  0.620	 -0.021
	  0.004	  0.038	  0.999

3 	  44.17	  -0.42	   1.81
	  0.469	  0.112	  0.876
	 -0.222	  0.975	 -0.007
	 -0.855	 -0.191	  0.482

4 	  36.30	   5.45	  -4.52
	  0.455	  0.857	 -0.242
	 -0.705	  0.513	  0.490
	  0.543	 -0.053	  0.838

5 	  39.45	  13.73	   3.02
	  0.225	  0.967	  0.116
	  0.865	 -0.253	  0.432
	  0.447	  0.003	 -0.894

6 	  43.56	  24.42	   1.41
	  0.287	  0.928	 -0.236
	  0.616	  0.010	  0.788
	  0.733	 -0.372	 -0.569

7 	  37.21	  -7.31	  -3.50
	  0.703	 -0.656	 -0.274
	  0.490	  0.726	 -0.481
	  0.515	  0.204	  0.832

8 	  42.50	 -11.78	   5.92
	  0.559	 -0.750	  0.352
	 -0.829	 -0.498	  0.255
	 -0.016	 -0.435	 -0.900

9 	  49.31	 -21.71	   3.43
	  0.602	 -0.758	 -0.252
	 -0.761	 -0.448	 -0.469
	  0.243	  0.474	 -0.846

2 	  32.77	  -6.80	  22.99
	  0.620	  0.784	 -0.032
	 -0.784	  0.620	 -0.021
	  0.003	  0.038	  0.999

3 	  44.19	  -0.42	   1.81
	  0.469	  0.112	  0.876
	 -0.222	  0.975	 -0.006
	 -0.855	 -0.192	  0.482

4 	  36.32	   5.45	  -4.50
	  0.457	  0.856	 -0.239
	 -0.705	  0.513	  0.489
	  0.542	 -0.056	  0.839

5 	  39.46	  13.69	   3.04
	  0.227	  0.966	  0.118
	  0.864	 -0.256	  0.432
	  0.448	  0.004	 -0.894

6 	  43.63	  24.40	   1.53
	  0.291	  0.928	 -0.230
	  0.609	  0.005	  0.793
	  0.738	 -0.371	 -0.564

7 	  37.21	  -7.31	  -3.50
	  0.703	 -0.658	 -0.270
	  0.493	  0.725	 -0.481
	  0.512	  0.205	  0.834

8 	  42.47	 -11.76	   5.99
	  0.558	 -0.748	  0.358
	 -0.830	 -0.497	  0.253
	 -0.011	 -0.439	 -0.899

9 	  49.29	 -21.71	   3.53
	  0.602	 -0.760	 -0.246
	 -0.759	 -0.449	 -0.471
	  0.247	  0.470	 -0.847

2 	  32.77	  -6.80	  22.99
	  0.620	  0.784	 -0.032
	 -0.784	  0.620	 -0.021
	  0.003	  0.038	  0.999

3 	  44.19	  -0.42	   1.81
	  0.469	  0.112	  0.876
	 -0.222	  0.975	 -0.006
	 -0.855	 -0.192	  0.482

4 	  36.32	   5.47	  -4.50
	  0.458	  0.856	 -0.237
	 -0.706	  0.513	  0.488
	  0.540	 -0.057	  0.840

5 	  39.46	  13.69	   3.09
	  0.230	  0.966	  0.119
	  0.862	 -0.260	  0.435
	  0.451	  0.002	 -0.892

6 	  43.68	  24.38	   1.51
	  0.298	  0.925	 -0.235
	  0.601	  0.009	  0.799
	  0.741	 -0.379	 -0.554

7 	  37.21	  -7.33	  -3.50
	  0.703	 -0.658	 -0.268
	  0.494	  0.724	 -0.481
	  0.510	  0.206	  0.835

8 	  42.47	 -11.74	   6.03
	  0.557	 -0.747	  0.361
	 -0.830	 -0.497	  0.252
	 -0.009	 -0.440	 -0.898

9 	  49.25	 -21.71	   3.62
	  0.602	 -0.760	 -0.242
	 -0.757	 -0.449	 -0.474
	  0.252	  0.469	 -0.846

2 	  32.77	  -6.80	  22.99
	  0.620	  0.784	 -0.032
	 -0.784	  0.620	 -0.021
	  0.004	  0.038	  0.999

3 	  44.19	  -0.42	   1.83
	  0.469	  0.112	  0.876
	 -0.222	  0.975	 -0.005
	 -0.855	 -0.192	  0.482

4 	  36.32	   5.47	  -4.48
	  0.459	  0.856	 -0.237
	 -0.706	  0.513	  0.488
	  0.539	 -0.057	  0.840

5 	  39.46	  13.71	   3.09
	  0.234	  0.965	  0.116
	  0.860	 -0.261	  0.438
	  0.453	 -0.002	 -0.892

6 	  43.68	  24.36	   1.46
	  0.302	  0.922	 -0.241
	  0.595	  0.014	  0.803
	  0.744	 -0.386	 -0.545

7 	  37.21	  -7.31	  -3.48
	  0.704	 -0.658	 -0.267
	  0.494	  0.724	 -0.480
	  0.509	  0.206	  0.835

8 	  42.47	 -11.74	   6.06
	  0.557	 -0.746	  0.363
	 -0.830	 -0.498	  0.250
	 -0.006	 -0.441	 -0.897

9 	  49.27	 -21.66	   3.71
	  0.605	 -0.759	 -0.240
	 -0.754	 -0.450	 -0.478
	  0.254	  0.470	 -0.845

2 	  32.77	  -6.80	  22.99
	  0.620	  0.784	 -0.032
	 -0.784	  0.620	 -0.021
	  0.003	  0.038	  0.999

3 	  44.19	  -0.44	   1.81
	  0.471	  0.111	  0.875
	 -0.221	  0.975	 -0.005
	 -0.854	 -0.191	  0.483

4 	  36.32	   5.48	  -4.46
	  0.459	  0.857	 -0.234
	 -0.707	  0.512	  0.487
	  0.537	 -0.058	  0.841

5 	  39.43	  13.73	   3.13
	  0.234	  0.965	  0.115
	  0.858	 -0.261	  0.442
	  0.457	 -0.004	 -0.890

6 	  43.70	  24.36	   1.37
	  0.311	  0.916	 -0.253
	  0.587	  0.024	  0.809
	  0.747	 -0.400	 -0.530

7 	  37.25	  -7.29	  -3.50
	  0.706	 -0.656	 -0.265
	  0.494	  0.726	 -0.478
	  0.506	  0.207	  0.837

8 	  42.35	 -11.69	   6.19
	  0.557	 -0.742	  0.371
	 -0.830	 -0.504	  0.238
	  0.010	 -0.441	 -0.897

9 	  49.27	 -21.50	   3.96
	  0.615	 -0.753	 -0.233
	 -0.741	 -0.452	 -0.496
	  0.268	  0.478	 -0.836

2 	  32.77	  -6.80	  22.99
	  0.620	  0.784	 -0.032
	 -0.785	  0.620	 -0.021
	  0.003	  0.038	  0.999

3 	  44.23	  -0.44	   1.78
	  0.473	  0.108	  0.874
	 -0.209	  0.978	 -0.008
	 -0.856	 -0.179	  0.485

4 	  36.35	   5.50	  -4.45
	  0.464	  0.856	 -0.226
	 -0.709	  0.512	  0.485
	  0.531	 -0.065	  0.845

5 	  39.41	  13.75	   3.15
	  0.238	  0.965	  0.111
	  0.853	 -0.263	  0.451
	  0.464	 -0.013	 -0.885

6 	  43.77	  24.36	   1.32
	  0.320	  0.910	 -0.262
	  0.580	  0.030	  0.814
	  0.749	 -0.413	 -0.518

7 	  37.21	  -7.29	  -3.52
	  0.707	 -0.656	 -0.264
	  0.495	  0.726	 -0.477
	  0.505	  0.206	  0.838

8 	  42.35	 -11.67	   6.17
	  0.558	 -0.742	  0.371
	 -0.830	 -0.506	  0.235
	  0.013	 -0.439	 -0.898

9 	  49.24	 -21.50	   3.99
	  0.617	 -0.751	 -0.234
	 -0.737	 -0.448	 -0.507
	  0.276	  0.485	 -0.830

2 	  32.77	  -6.80	  22.99
	  0.620	  0.784	 -0.032
	 -0.784	  0.620	 -0.021
	  0.003	  0.038	  0.999

3 	  44.24	  -0.47	   1.72
	  0.476	  0.107	  0.873
	 -0.205	  0.979	 -0.008
	 -0.855	 -0.175	  0.487

4 	  36.39	   5.50	  -4.45
	  0.467	  0.856	 -0.221
	 -0.712	  0.512	  0.480
	  0.524	 -0.067	  0.849

5 	  39.41	  13.75	   3.15
	  0.244	  0.964	  0.107
	  0.845	 -0.266	  0.463
	  0.475	 -0.023	 -0.880

6 	  43.91	  24.28	   1.20
	  0.335	  0.901	 -0.274
	  0.572	  0.036	  0.819
	  0.748	 -0.431	 -0.504

7 	  37.21	  -7.29	  -3.52
	  0.706	 -0.657	 -0.265
	  0.496	  0.725	 -0.476
	  0.505	  0.205	  0.838

8 	  42.31	 -11.71	   6.17
	  0.557	 -0.744	  0.368
	 -0.830	 -0.507	  0.232
	  0.014	 -0.435	 -0.900

9 	  49.20	 -21.55	   3.94
	  0.617	 -0.750	 -0.238
	 -0.734	 -0.440	 -0.516
	  0.282	  0.494	 -0.823

2 	  32.77	  -6.82	  22.99
	  0.620	  0.784	 -0.032
	 -0.784	  0.620	 -0.021
	  0.003	  0.038	  0.999

3 	  44.24	  -0.51	   1.72
	  0.476	  0.107	  0.873
	 -0.202	  0.979	 -0.010
	 -0.856	 -0.172	  0.488

4 	  36.39	   5.47	  -4.45
	  0.470	  0.854	 -0.221
	 -0.713	  0.515	  0.476
	  0.520	 -0.067	  0.851

5 	  39.46	  13.73	   3.11
	  0.253	  0.962	  0.098
	  0.839	 -0.269	  0.472
	  0.480	 -0.038	 -0.876

6 	  44.14	  24.12	   0.84
	  0.358	  0.882	 -0.307
	  0.573	  0.051	  0.818
	  0.736	 -0.469	 -0.488

7 	  37.21	  -7.33	  -3.52
	  0.704	 -0.659	 -0.264
	  0.499	  0.724	 -0.477
	  0.505	  0.204	  0.839

8 	  42.29	 -11.85	   6.15
	  0.560	 -0.751	  0.350
	 -0.829	 -0.512	  0.227
	  0.009	 -0.417	 -0.909

9 	  49.15	 -21.59	   3.38
	  0.615	 -0.734	 -0.287
	 -0.741	 -0.415	 -0.528
	  0.268	  0.537	 -0.799

2 	  32.77	  -6.80	  22.99
	  0.620	  0.783	 -0.032
	 -0.784	  0.620	 -0.021
	  0.003	  0.038	  0.999

3 	  44.24	  -0.53	   1.72
	  0.475	  0.110	  0.873
	 -0.202	  0.979	 -0.014
	 -0.856	 -0.170	  0.488

4 	  36.40	   5.45	  -4.46
	  0.471	  0.854	 -0.223
	 -0.712	  0.517	  0.475
	  0.521	 -0.065	  0.851

5 	  39.45	  13.75	   3.02
	  0.278	  0.958	  0.071
	  0.823	 -0.276	  0.496
	  0.494	 -0.080	 -0.866

6 	  44.60	  23.73	  -0.19
	  0.407	  0.822	 -0.397
	  0.586	  0.098	  0.804
	  0.700	 -0.560	 -0.442

7 	  37.21	  -7.35	  -3.53
	  0.702	 -0.660	 -0.268
	  0.498	  0.723	 -0.478
	  0.509	  0.202	  0.837

8 	  42.45	 -11.99	   6.03
	  0.575	 -0.757	  0.309
	 -0.818	 -0.528	  0.228
	 -0.009	 -0.384	 -0.923

9 	  49.29	 -21.39	   2.27
	  0.610	 -0.695	 -0.380
	 -0.760	 -0.377	 -0.530
	  0.225	  0.612	 -0.758

2 	  32.77	  -6.80	  22.99
	  0.620	  0.783	 -0.032
	 -0.784	  0.620	 -0.021
	  0.003	  0.038	  0.999

3 	  44.24	  -0.56	   1.76
	  0.474	  0.115	  0.873
	 -0.205	  0.978	 -0.018
	 -0.856	 -0.171	  0.487

4 	  36.39	   5.36	  -4.50
	  0.473	  0.850	 -0.231
	 -0.709	  0.522	  0.474
	  0.523	 -0.060	  0.850

5 	  39.46	  13.78	   2.94
	  0.314	  0.948	  0.040
	  0.801	 -0.288	  0.524
	  0.509	 -0.133	 -0.850

6 	  45.16	  23.06	  -1.44
	  0.462	  0.725	 -0.511
	  0.612	  0.156	  0.775
	  0.641	 -0.671	 -0.372

7 	  37.18	  -7.40	  -3.53
	  0.699	 -0.659	 -0.276
	  0.494	  0.725	 -0.480
	  0.516	  0.199	  0.833

8 	  42.64	 -12.08	   5.84
	  0.604	 -0.754	  0.259
	 -0.797	 -0.558	  0.232
	 -0.031	 -0.346	 -0.938

9 	  49.48	 -20.87	   0.49
	  0.597	 -0.616	 -0.513
	 -0.784	 -0.314	 -0.536
	  0.169	  0.722	 -0.671

2 	  32.77	  -6.80	  22.99
	  0.620	  0.783	 -0.032
	 -0.784	  0.620	 -0.021
	  0.003	  0.038	  0.999

3 	  44.23	  -0.56	   1.78
	  0.473	  0.119	  0.873
	 -0.208	  0.978	 -0.021
	 -0.856	 -0.172	  0.487

4 	  36.37	   5.34	  -4.50
	  0.473	  0.849	 -0.235
	 -0.708	  0.526	  0.472
	  0.525	 -0.057	  0.849

5 	  39.52	  13.87	   2.92
	  0.374	  0.927	  0.001
	  0.762	 -0.308	  0.569
	  0.528	 -0.212	 -0.823

6 	  46.02	  21.71	  -2.99
	  0.532	  0.553	 -0.641
	  0.644	  0.226	  0.731
	  0.549	 -0.802	 -0.236

7 	  37.20	  -7.35	  -3.57
	  0.701	 -0.649	 -0.294
	  0.480	  0.735	 -0.478
	  0.526	  0.194	  0.828

8 	  42.87	 -12.15	   5.50
	  0.634	 -0.745	  0.206
	 -0.771	 -0.593	  0.229
	 -0.048	 -0.304	 -0.951

9 	  49.68	 -20.07	  -1.12
	  0.581	 -0.517	 -0.628
	 -0.802	 -0.236	 -0.548
	  0.135	  0.822	 -0.552

2 	  32.77	  -6.80	  22.99
	  0.620	  0.783	 -0.032
	 -0.784	  0.620	 -0.021
	  0.003	  0.038	  0.999

3 	  44.21	  -0.54	   1.85
	  0.468	  0.124	  0.875
	 -0.216	  0.976	 -0.023
	 -0.857	 -0.178	  0.484

4 	  36.39	   5.36	  -4.52
	  0.484	  0.840	 -0.244
	 -0.699	  0.539	  0.470
	  0.526	 -0.057	  0.848

5 	  39.80	  13.87	   2.79
	  0.435	  0.900	 -0.023
	  0.729	 -0.337	  0.596
	  0.528	 -0.277	 -0.802

6 	  46.95	  19.83	  -4.36
	  0.594	  0.328	 -0.734
	  0.657	  0.329	  0.678
	  0.464	 -0.885	 -0.020

7 	  37.20	  -7.31	  -3.62
	  0.704	 -0.640	 -0.308
	  0.468	  0.745	 -0.476
	  0.533	  0.191	  0.824

8 	  43.03	 -12.22	   5.19
	  0.669	 -0.727	  0.154
	 -0.742	 -0.638	  0.208
	 -0.053	 -0.254	 -0.966

9 	  49.87	 -19.05	  -2.69
	  0.569	 -0.392	 -0.723
	 -0.813	 -0.137	 -0.566
	  0.122	  0.910	 -0.397

2 	  32.77	  -6.80	  22.99
	  0.620	  0.784	 -0.032
	 -0.784	  0.620	 -0.021
	  0.004	  0.038	  0.999

3 	  44.21	  -0.58	   1.88
	  0.466	  0.125	  0.876
	 -0.220	  0.975	 -0.023
	 -0.857	 -0.182	  0.482

4 	  36.49	   5.33	  -4.55
	  0.512	  0.822	 -0.248
	 -0.681	  0.565	  0.466
	  0.523	 -0.070	  0.849

5 	  40.34	  13.82	   2.60
	  0.503	  0.863	 -0.040
	  0.687	 -0.371	  0.625
	  0.524	 -0.342	 -0.780

6 	  48.01	  17.58	  -5.29
	  0.637	  0.078	 -0.767
	  0.660	  0.459	  0.595
	  0.398	 -0.885	  0.240

7 	  37.21	  -7.29	  -3.67
	  0.712	 -0.624	 -0.321
	  0.450	  0.757	 -0.473
	  0.539	  0.192	  0.820

8 	  43.37	 -12.15	   4.96
	  0.707	 -0.698	  0.111
	 -0.705	 -0.685	  0.182
	 -0.051	 -0.208	 -0.977

9 	  50.26	 -17.68	  -3.85
	  0.558	 -0.261	 -0.787
	 -0.821	 -0.042	 -0.569
	  0.115	  0.964	 -0.238

2 	  32.77	  -6.80	  22.99
	  0.620	  0.784	 -0.032
	 -0.784	  0.620	 -0.021
	  0.003	  0.038	  0.999

3 	  44.21	  -0.62	   1.93
	  0.462	  0.128	  0.877
	 -0.224	  0.974	 -0.025
	 -0.858	 -0.185	  0.479

4 	  36.62	   5.31	  -4.59
	  0.540	  0.800	 -0.260
	 -0.660	  0.595	  0.458
	  0.521	 -0.076	  0.850

5 	  40.96	  13.69	   2.27
	  0.576	  0.815	 -0.063
	  0.640	 -0.402	  0.655
	  0.508	 -0.417	 -0.753

6 	  48.73	  15.19	  -6.21
