% Calibrated with leiden_pols
% Positions are in centimeters
Data =[
 2    96.616   -18.740    59.742
 2    -0.053    -0.998    -0.016
 2     0.996    -0.054     0.067
 2    -0.068    -0.012     0.997
 3   127.045    -3.924     7.185
 3     0.523    -0.501    -0.690
 3     0.326     0.865    -0.382
 3     0.787    -0.025     0.615
 4   107.679     8.756    -4.010
 4     0.613    -0.664     0.428
 4     0.736     0.677    -0.005
 4    -0.287     0.318     0.903
 5   111.100    20.325    21.724
 5     0.387    -0.409     0.826
 5     0.057    -0.884    -0.464
 5     0.920     0.227    -0.319
 6   125.633    24.909    43.055
 6     0.402    -0.776    -0.486
 6    -0.029     0.520    -0.854
 6     0.915     0.357     0.187
 7   112.232   -21.667    -3.437
 7     0.618     0.785     0.024
 7    -0.756     0.586     0.290
 7     0.213    -0.198     0.957
 8   113.296   -24.419    24.137
 8     0.339    -0.192     0.921
 8    -0.244    -0.964    -0.111
 8     0.908    -0.187    -0.374
 9   129.215   -32.206    44.086
 9     0.516     0.844    -0.144
 9     0.042     0.143     0.989
 9     0.855    -0.516     0.038
 2    96.615   -18.740    59.793
 2    -0.054    -0.998    -0.016
 2     0.996    -0.055     0.067
 2    -0.068    -0.012     0.997
 3   127.046    -3.924     7.134
 3     0.523    -0.501    -0.689
 3     0.325     0.865    -0.382
 3     0.787    -0.025     0.616
 4   107.678     8.807    -4.010
 4     0.613    -0.664     0.428
 4     0.736     0.677    -0.005
 4    -0.287     0.318     0.903
 5   111.100    20.325    21.774
 5     0.387    -0.409     0.826
 5     0.057    -0.884    -0.464
 5     0.920     0.226    -0.319
 6   125.632    24.909    43.054
 6     0.402    -0.776    -0.486
 6    -0.029     0.519    -0.854
 6     0.915     0.357     0.186
 7   112.234   -21.666    -3.389
 7     0.618     0.785     0.024
 7    -0.756     0.586     0.290
 7     0.214    -0.197     0.957
 8   113.296   -24.419    24.112
 8     0.339    -0.192     0.921
 8    -0.244    -0.963    -0.111
 8     0.908    -0.187    -0.374
 9   129.215   -32.206    44.086
 9     0.516     0.844    -0.144
 9     0.042     0.143     0.989
 9     0.855    -0.516     0.038
 2    96.615   -18.740    59.742
 2    -0.054    -0.998    -0.015
 2     0.996    -0.054     0.067
 2    -0.068    -0.012     0.997
 3   127.046    -3.924     7.134
 3     0.524    -0.501    -0.689
 3     0.326     0.865    -0.382
 3     0.787    -0.025     0.616
 4   107.680     8.755    -3.983
 4     0.614    -0.664     0.427
 4     0.735     0.677    -0.005
 4    -0.287     0.317     0.904
 5   111.100    20.324    21.776
 5     0.387    -0.410     0.826
 5     0.057    -0.883    -0.465
 5     0.920     0.227    -0.318
 6   125.639    24.912    43.022
 6     0.401    -0.776    -0.487
 6    -0.028     0.521    -0.853
 6     0.916     0.355     0.187
 7   112.453   -21.666    -3.426
 7     0.623     0.781     0.032
 7    -0.753     0.589     0.293
 7     0.210    -0.207     0.955
 8   113.764   -24.724    24.005
 8     0.387    -0.141     0.911
 8    -0.240    -0.969    -0.048
 8     0.890    -0.200    -0.409
 9   129.767   -32.329    43.673
 9     0.496     0.844    -0.202
 9     0.033     0.213     0.976
 9     0.867    -0.492     0.077
 2    96.616   -18.740    59.742
 2    -0.053    -0.998    -0.016
 2     0.996    -0.054     0.067
 2    -0.068    -0.012     0.997
 3   127.423    -3.680     7.402
 3     0.507    -0.514    -0.692
 3     0.332     0.857    -0.393
 3     0.795    -0.031     0.605
 4   108.492     8.818    -4.074
 4     0.603    -0.681     0.415
 4     0.746     0.665     0.006
 4    -0.281     0.306     0.910
 5   111.157    20.327    21.822
 5     0.386    -0.413     0.825
 5     0.058    -0.881    -0.469
 5     0.921     0.228    -0.316
 6   125.597    24.914    43.178
 6     0.395    -0.783    -0.481
 6    -0.032     0.511    -0.859
 6     0.918     0.355     0.177
 7   114.266   -21.453    -3.557
 7     0.648     0.761     0.004
 7    -0.725     0.616     0.307
 7     0.231    -0.202     0.952
 8   114.254   -25.330    23.453
 8     0.356    -0.083     0.930
 8    -0.247    -0.969     0.008
 8     0.901    -0.233    -0.366
 9   130.375   -32.737    43.272
 9     0.452     0.807    -0.380
 9     0.008     0.421     0.907
 9     0.892    -0.413     0.184
 2    96.616   -18.740    59.742
 2    -0.053    -0.998    -0.016
 2     0.996    -0.054     0.067
 2    -0.068    -0.012     0.997
 3   128.707    -3.231     7.885
 3     0.463    -0.533    -0.709
 3     0.344     0.844    -0.410
 3     0.817    -0.054     0.574
 4   110.781     9.031    -4.426
 4     0.610    -0.703     0.365
 4     0.752     0.658     0.011
 4    -0.249     0.268     0.931
 5   111.589    20.313    21.869
 5     0.372    -0.430     0.823
 5     0.070    -0.871    -0.486
 5     0.925     0.239    -0.294
 6   125.345    25.005    43.683
 6     0.370    -0.812    -0.453
 6    -0.043     0.472    -0.881
 6     0.928     0.345     0.139
 7   117.146   -20.949    -3.783
 7     0.656     0.753    -0.055
 7    -0.703     0.636     0.317
 7     0.274    -0.169     0.947
 8   114.719   -26.664    21.862
 8     0.246     0.021     0.969
 8    -0.294    -0.951     0.096
 8     0.923    -0.308    -0.228
 9   129.133   -33.962    43.263
 9     0.293     0.763    -0.576
 9    -0.058     0.616     0.786
 9     0.954    -0.198     0.225
 2    96.615   -18.740    59.742
 2    -0.054    -0.998    -0.016
 2     0.996    -0.055     0.067
 2    -0.068    -0.012     0.997
 3   130.738    -2.588     8.753
 3     0.402    -0.543    -0.737
 3     0.346     0.835    -0.427
 3     0.848    -0.084     0.524
 4   114.010     9.493    -4.566
 4     0.630    -0.719     0.292
 4     0.752     0.658    -0.003
 4    -0.191     0.221     0.956
 5   112.598    20.148    21.204
 5     0.320    -0.425     0.846
 5     0.085    -0.877    -0.473
 5     0.943     0.223    -0.245
 6   125.007    25.137    44.103
 6     0.324    -0.836    -0.442
 6    -0.048     0.452    -0.891
 6     0.945     0.310     0.106
 7   120.249   -20.529    -4.110
 7     0.648     0.751    -0.122
 7    -0.692     0.648     0.316
 7     0.317    -0.121     0.941
 8   114.121   -28.255    19.814
 8     0.068     0.136     0.988
 8    -0.347    -0.926     0.151
 8     0.935    -0.353    -0.016
 9   124.791   -36.830    43.146
 9     0.077     0.712    -0.698
 9    -0.141     0.701     0.699
 9     0.987     0.045     0.154
 2    96.615   -18.740    59.742
 2    -0.054    -0.998    -0.015
 2     0.996    -0.054     0.067
 2    -0.068    -0.012     0.997
 3   132.577    -2.341     9.604
 3     0.353    -0.543    -0.762
 3     0.351     0.831    -0.430
 3     0.867    -0.116     0.484
 4   117.349     9.947    -4.817
 4     0.651    -0.725     0.224
 4     0.746     0.666    -0.015
 4    -0.139     0.177     0.974
 5   113.680    20.464    20.380
 5     0.239    -0.434     0.869
 5     0.093    -0.880    -0.465
 5     0.966     0.192    -0.170
 6   124.134    25.552    44.394
 6     0.232    -0.864    -0.446
 6    -0.042     0.449    -0.893
 6     0.971     0.226     0.068
 7   123.427   -20.151    -4.134
 7     0.622     0.758    -0.195
 7    -0.685     0.648     0.333
 7     0.378    -0.074     0.922
 8   113.166   -28.972    17.758
 8    -0.108     0.242     0.964
 8    -0.369    -0.910     0.188
 8     0.923    -0.336     0.187
 9   119.501   -38.084    42.673
 9    -0.103     0.674    -0.731
 9    -0.162     0.714     0.681
 9     0.981     0.188     0.036
 2    96.616   -18.740    59.742
 2    -0.053    -0.998    -0.016
 2     0.996    -0.054     0.067
 2    -0.068    -0.012     0.997
 3   134.530    -2.121    10.404
 3     0.305    -0.520    -0.798
 3     0.347     0.840    -0.415
 3     0.886    -0.151     0.437
 4   120.852    10.354    -4.828
 4     0.670    -0.727     0.149
 4     0.738     0.674    -0.027
 4    -0.081     0.128     0.988
 5   114.656    20.585    19.382
 5     0.137    -0.428     0.893
 5     0.104    -0.891    -0.442
 5     0.985     0.153    -0.077
