% Calibrated with leiden_pols
% Positions are in centimeters
Data =[
 2    96.616   -18.740    59.742
 2    -0.053    -0.998    -0.016
 2     0.996    -0.054     0.067
 2    -0.068    -0.012     0.997
 3   127.045    -3.924     7.185
 3     0.523    -0.501    -0.690
 3     0.326     0.865    -0.382
 3     0.787    -0.025     0.615
 4   107.679     8.756    -4.010
 4     0.613    -0.664     0.428
 4     0.736     0.677    -0.005
 4    -0.287     0.318     0.903
 5   111.100    20.325    21.724
 5     0.387    -0.409     0.826
 5     0.057    -0.884    -0.464
 5     0.920     0.227    -0.319
 6   125.633    24.909    43.055
 6     0.402    -0.776    -0.486
 6    -0.029     0.520    -0.854
 6     0.915     0.357     0.187
 7   112.232   -21.667    -3.437
 7     0.618     0.785     0.024
 7    -0.756     0.586     0.290
 7     0.213    -0.198     0.957
 8   113.296   -24.419    24.137
 8     0.339    -0.192     0.921
 8    -0.244    -0.964    -0.111
 8     0.908    -0.187    -0.374
 9   129.215   -32.206    44.086
 9     0.516     0.844    -0.144
 9     0.042     0.143     0.989
 9     0.855    -0.516     0.038
 2    96.615   -18.740    59.793
 2    -0.054    -0.998    -0.016
 2     0.996    -0.055     0.067
 2    -0.068    -0.012     0.997
 3   127.046    -3.924     7.134
 3     0.523    -0.501    -0.689
 3     0.325     0.865    -0.382
 3     0.787    -0.025     0.616
 4   107.678     8.807    -4.010
 4     0.613    -0.664     0.428
 4     0.736     0.677    -0.005
 4    -0.287     0.318     0.903
 5   111.100    20.325    21.774
 5     0.387    -0.409     0.826
 5     0.057    -0.884    -0.464
 5     0.920     0.226    -0.319
 6   125.632    24.909    43.054
 6     0.402    -0.776    -0.486
 6    -0.029     0.519    -0.854
 6     0.915     0.357     0.186
 7   112.234   -21.666    -3.389
 7     0.618     0.785     0.024
 7    -0.756     0.586     0.290
 7     0.214    -0.197     0.957
 8   113.296   -24.419    24.112
 8     0.339    -0.192     0.921
 8    -0.244    -0.963    -0.111
 8     0.908    -0.187    -0.374
 9   129.215   -32.206    44.086
 9     0.516     0.844    -0.144
 9     0.042     0.143     0.989
 9     0.855    -0.516     0.038
 2    96.615   -18.740    59.742
 2    -0.054    -0.998    -0.015
 2     0.996    -0.054     0.067
 2    -0.068    -0.012     0.997
 3   127.046    -3.924     7.134
 3     0.524    -0.501    -0.689
 3     0.326     0.865    -0.382
 3     0.787    -0.025     0.616
 4   107.680     8.755    -3.983
 4     0.614    -0.664     0.427
 4     0.735     0.677    -0.005
 4    -0.287     0.317     0.904
 5   111.100    20.324    21.776
 5     0.387    -0.410     0.826
 5     0.057    -0.883    -0.465
 5     0.920     0.227    -0.318
 6   125.639    24.912    43.022
 6     0.401    -0.776    -0.487
 6    -0.028     0.521    -0.853
 6     0.916     0.355     0.187
 7   112.453   -21.666    -3.426
 7     0.623     0.781     0.032
 7    -0.753     0.589     0.293
 7     0.210    -0.207     0.955
 8   113.764   -24.724    24.005
 8     0.387    -0.141     0.911
 8    -0.240    -0.969    -0.048
 8     0.890    -0.200    -0.409
 9   129.767   -32.329    43.673
 9     0.496     0.844    -0.202
 9     0.033     0.213     0.976
 9     0.867    -0.492     0.077
 2    96.616   -18.740    59.742
 2    -0.053    -0.998    -0.016
 2     0.996    -0.054     0.067
 2    -0.068    -0.012     0.997
 3   127.423    -3.680     7.402
 3     0.507    -0.514    -0.692
 3     0.332     0.857    -0.393
 3     0.795    -0.031     0.605
 4   108.492     8.818    -4.074
 4     0.603    -0.681     0.415
 4     0.746     0.665     0.006
 4    -0.281     0.306     0.910
 5   111.157    20.327    21.822
 5     0.386    -0.413     0.825
 5     0.058    -0.881    -0.469
 5     0.921     0.228    -0.316
 6   125.597    24.914    43.178
 6     0.395    -0.783    -0.481
 6    -0.032     0.511    -0.859
 6     0.918     0.355     0.177
 7   114.266   -21.453    -3.557
 7     0.648     0.761     0.004
 7    -0.725     0.616     0.307
 7     0.231    -0.202     0.952
 8   114.254   -25.330    23.453
 8     0.356    -0.083     0.930
 8    -0.247    -0.969     0.008
 8     0.901    -0.233    -0.366
 9   130.375   -32.737    43.272
 9     0.452     0.807    -0.380
 9     0.008     0.421     0.907
 9     0.892    -0.413     0.184
 2    96.616   -18.740    59.742
 2    -0.053    -0.998    -0.016
 2     0.996    -0.054     0.067
 2    -0.068    -0.012     0.997
 3   128.707    -3.231     7.885
 3     0.463    -0.533    -0.709
 3     0.344     0.844    -0.410
 3     0.817    -0.054     0.574
 4   110.781     9.031    -4.426
 4     0.610    -0.703     0.365
 4     0.752     0.658     0.011
 4    -0.249     0.268     0.931
 5   111.589    20.313    21.869
 5     0.372    -0.430     0.823
 5     0.070    -0.871    -0.486
 5     0.925     0.239    -0.294
 6   125.345    25.005    43.683
 6     0.370    -0.812    -0.453
 6    -0.043     0.472    -0.881
 6     0.928     0.345     0.139
 7   117.146   -20.949    -3.783
 7     0.656     0.753    -0.055
 7    -0.703     0.636     0.317
 7     0.274    -0.169     0.947
 8   114.719   -26.664    21.862
 8     0.246     0.021     0.969
 8    -0.294    -0.951     0.096
 8     0.923    -0.308    -0.228
 9   129.133   -33.962    43.263
 9     0.293     0.763    -0.576
 9    -0.058     0.616     0.786
 9     0.954    -0.198     0.225
 2    96.615   -18.740    59.742
 2    -0.054    -0.998    -0.016
 2     0.996    -0.055     0.067
 2    -0.068    -0.012     0.997
 3   130.738    -2.588     8.753
 3     0.402    -0.543    -0.737
 3     0.346     0.835    -0.427
 3     0.848    -0.084     0.524
 4   114.010     9.493    -4.566
 4     0.630    -0.719     0.292
 4     0.752     0.658    -0.003
 4    -0.191     0.221     0.956
 5   112.598    20.148    21.204
 5     0.320    -0.425     0.846
 5     0.085    -0.877    -0.473
 5     0.943     0.223    -0.245
 6   125.007    25.137    44.103
 6     0.324    -0.836    -0.442
 6    -0.048     0.452    -0.891
 6     0.945     0.310     0.106
 7   120.249   -20.529    -4.110
 7     0.648     0.751    -0.122
 7    -0.692     0.648     0.316
 7     0.317    -0.121     0.941
 8   114.121   -28.255    19.814
 8     0.068     0.136     0.988
 8    -0.347    -0.926     0.151
 8     0.935    -0.353    -0.016
 9   124.791   -36.830    43.146
 9     0.077     0.712    -0.698
 9    -0.141     0.701     0.699
 9     0.987     0.045     0.154
 2    96.615   -18.740    59.742
 2    -0.054    -0.998    -0.015
 2     0.996    -0.054     0.067
 2    -0.068    -0.012     0.997
 3   132.577    -2.341     9.604
 3     0.353    -0.543    -0.762
 3     0.351     0.831    -0.430
 3     0.867    -0.116     0.484
 4   117.349     9.947    -4.817
 4     0.651    -0.725     0.224
 4     0.746     0.666    -0.015
 4    -0.139     0.177     0.974
 5   113.680    20.464    20.380
 5     0.239    -0.434     0.869
 5     0.093    -0.880    -0.465
 5     0.966     0.192    -0.170
 6   124.134    25.552    44.394
 6     0.232    -0.864    -0.446
 6    -0.042     0.449    -0.893
 6     0.971     0.226     0.068
 7   123.427   -20.151    -4.134
 7     0.622     0.758    -0.195
 7    -0.685     0.648     0.333
 7     0.378    -0.074     0.922
 8   113.166   -28.972    17.758
 8    -0.108     0.242     0.964
 8    -0.369    -0.910     0.188
 8     0.923    -0.336     0.187
 9   119.501   -38.084    42.673
 9    -0.103     0.674    -0.731
 9    -0.162     0.714     0.681
 9     0.981     0.188     0.036
 2    96.616   -18.740    59.742
 2    -0.053    -0.998    -0.016
 2     0.996    -0.054     0.067
 2    -0.068    -0.012     0.997
 3   134.530    -2.121    10.404
 3     0.305    -0.520    -0.798
 3     0.347     0.840    -0.415
 3     0.886    -0.151     0.437
 4   120.852    10.354    -4.828
 4     0.670    -0.727     0.149
 4     0.738     0.674    -0.027
 4    -0.081     0.128     0.988
 5   114.656    20.585    19.382
 5     0.137    -0.428     0.893
 5     0.104    -0.891    -0.442
 5     0.985     0.153    -0.077
 6   122.518    25.934    44.218
 6     0.112    -0.893    -0.436
 6    -0.027     0.436    -0.899
 6     0.993     0.113     0.025
 7   126.271   -20.075    -4.307
 7     0.565     0.785    -0.255
 7    -0.703     0.620     0.349
 7     0.432    -0.018     0.902
 8   112.036   -29.283    15.083
 8    -0.310     0.307     0.900
 8    -0.379    -0.908     0.179
 8     0.872    -0.286     0.397
 9   112.578   -39.184    40.717
 9    -0.322     0.584    -0.745
 9    -0.198     0.728     0.656
 9     0.926     0.358    -0.119
 2    96.615   -18.740    59.742
 2    -0.054    -0.998    -0.016
 2     0.996    -0.055     0.067
 2    -0.068    -0.012     0.997
 3   136.528    -2.255    10.884
 3     0.260    -0.476    -0.840
 3     0.333     0.860    -0.385
 3     0.906    -0.180     0.382
 4   124.446    10.486    -4.703
 4     0.690    -0.721     0.068
 4     0.724     0.688    -0.042
 4    -0.017     0.078     0.997
 5   115.816    20.544    18.622
 5     0.041    -0.436     0.899
 5     0.102    -0.893    -0.438
 5     0.994     0.110     0.008
 6   121.345    25.975    43.846
 6     0.012    -0.912    -0.410
 6    -0.022     0.410    -0.912
 6     1.000     0.020    -0.016
 7   129.074   -19.696    -4.456
 7     0.505     0.803    -0.315
 7    -0.729     0.593     0.343
 7     0.462     0.056     0.885
 8   111.046   -29.059    11.593
 8    -0.502     0.319     0.804
 8    -0.408    -0.907     0.105
 8     0.762    -0.276     0.585
 9   105.817   -40.892    36.167
 9    -0.487     0.605    -0.630
 9    -0.225     0.610     0.759
 9     0.844     0.511    -0.162
 2    96.616   -18.740    59.742
 2    -0.053    -0.998    -0.016
 2     0.996    -0.054     0.067
 2    -0.068    -0.012     0.997
 3   138.195    -2.385    11.724
 3     0.209    -0.438    -0.875
 3     0.320     0.876    -0.362
 3     0.924    -0.204     0.323
 4   127.495    10.894    -4.391
 4     0.696    -0.718    -0.005
 4     0.716     0.695    -0.054
 4     0.042     0.034     0.998
 5   116.427    20.467    18.440
 5    -0.044    -0.429     0.902
 5     0.098    -0.900    -0.424
 5     0.994     0.070     0.082
 6   121.348    25.226    45.478
 6    -0.074    -0.925    -0.372
 6    -0.017     0.374    -0.927
 6     0.997    -0.062    -0.044
 7   131.062   -19.492    -4.675
 7     0.435     0.823    -0.365
 7    -0.764     0.552     0.333
 7     0.476     0.134     0.869
 8   110.590   -28.344     8.334
 8    -0.637     0.289     0.714
 8    -0.438    -0.899    -0.026
 8     0.634    -0.330     0.699
 9   101.315   -42.637    29.653
 9    -0.601     0.608    -0.519
 9    -0.291     0.438     0.850
 9     0.745     0.661    -0.087
 2    96.616   -18.740    59.742
 2    -0.053    -0.998    -0.015
 2     0.996    -0.054     0.067
 2    -0.068    -0.012     0.997
 3   139.236    -2.531    12.005
 3     0.176    -0.398    -0.900
 3     0.303     0.892    -0.335
 3     0.936    -0.214     0.278
 4   129.498    10.931    -4.133
 4     0.697    -0.715    -0.059
 4     0.712     0.699    -0.058
 4     0.082    -0.001     0.996
 5   116.361    20.267    17.994
 5    -0.117    -0.420     0.900
 5     0.094    -0.907    -0.411
 5     0.988     0.037     0.146
 6   119.224    25.077    45.317
 6    -0.156    -0.925    -0.346
 6    -0.014     0.353    -0.936
 6     0.987    -0.141    -0.068
 7   132.579   -19.225    -4.442
 7     0.386     0.826    -0.411
 7    -0.781     0.530     0.330
 7     0.490     0.194     0.849
 8   110.559   -27.571     5.725
 8    -0.734     0.278     0.619
 8    -0.446    -0.885    -0.130
 8     0.512    -0.372     0.774
 9    97.419   -43.003    24.140
 9    -0.737     0.431    -0.521
 9    -0.325     0.450     0.832
 9     0.593     0.782    -0.192
 2    96.615   -18.740    59.742
 2    -0.054    -0.998    -0.015
 2     0.996    -0.054     0.067
 2    -0.068    -0.012     0.997
 3   139.964    -2.279    12.548
 3     0.152    -0.379    -0.913
 3     0.297     0.898    -0.323
 3     0.943    -0.222     0.249
 4   130.851    11.291    -3.829
 4     0.690    -0.716    -0.101
 4     0.714     0.697    -0.059
 4     0.113    -0.031     0.993
 5   116.080    20.331    17.361
 5    -0.182    -0.411     0.893
 5     0.102    -0.911    -0.399
 5     0.978     0.018     0.207
 6   117.181    25.558    44.684
 6    -0.234    -0.914    -0.332
 6    -0.003     0.341    -0.940
 6     0.972    -0.219    -0.082
 7   133.033   -19.067    -4.254
 7     0.342     0.831    -0.438
 7    -0.798     0.503     0.332
 7     0.496     0.235     0.836
 8   110.333   -26.916     4.415
 8    -0.784     0.266     0.561
 8    -0.439    -0.876    -0.198
 8     0.439    -0.401     0.804
 9    95.269   -42.501    21.303
 9    -0.805     0.292    -0.516
 9    -0.333     0.497     0.801
 9     0.490     0.817    -0.303
 2    96.616   -18.740    59.742
 2    -0.053    -0.998    -0.016
 2     0.996    -0.054     0.067
 2    -0.068    -0.012     0.997
 3   140.261    -2.572    12.816
 3     0.142    -0.347    -0.927
 3     0.284     0.911    -0.297
 3     0.948    -0.221     0.228
 4   131.602    11.202    -3.719
 4     0.697    -0.706    -0.127
 4     0.705     0.706    -0.060
 4     0.131    -0.048     0.990
 5   115.894    20.552    16.799
 5    -0.227    -0.417     0.880
 5     0.110    -0.909    -0.402
 5     0.967     0.006     0.252
 6   114.173    27.664    43.031
 6    -0.284    -0.902    -0.324
 6     0.010     0.335    -0.942
 6     0.958    -0.271    -0.087
 7   133.089   -18.899    -4.111
 7     0.318     0.835    -0.449
 7    -0.806     0.488     0.336
 7     0.500     0.254     0.828
 8   110.259   -26.616     4.072
 8    -0.799     0.272     0.536
 8    -0.441    -0.871    -0.216
 8     0.408    -0.409     0.816
 9    94.525   -42.247    20.211
 9    -0.828     0.219    -0.516
 9    -0.342     0.532     0.774
 9     0.444     0.818    -0.366
 2    96.615   -18.740    59.742
 2    -0.054    -0.998    -0.016
 2     0.996    -0.055     0.067
 2    -0.068    -0.012     0.997
 3   140.371    -2.620    12.911
 3     0.140    -0.340    -0.930
 3     0.283     0.913    -0.292
 3     0.949    -0.222     0.224
 4   132.148    11.209    -3.733
 4     0.697    -0.703    -0.142
 4     0.703     0.708    -0.054
 4     0.138    -0.062     0.988
 5   115.547    20.577    16.028
 5    -0.264    -0.417     0.869
 5     0.121    -0.909    -0.399
 5     0.957    -0.000     0.290
 6   112.606    28.015    42.225
 6    -0.336    -0.886    -0.319
 6     0.022     0.331    -0.943
 6     0.942    -0.324    -0.092
 7   133.124   -19.002    -4.000
 7     0.306     0.835    -0.456
 7    -0.807     0.482     0.341
 7     0.505     0.264     0.822
 8   110.018   -26.411     3.734
 8    -0.813     0.265     0.518
 8    -0.432    -0.872    -0.231
 8     0.391    -0.411     0.823
 9    93.527   -41.847    19.620
 9    -0.853     0.167    -0.495
 9    -0.332     0.559     0.760
 9     0.404     0.812    -0.422
 2    96.616   -18.740    59.742
 2    -0.053    -0.998    -0.016
 2     0.996    -0.054     0.067
 2    -0.068    -0.012     0.997
 3   140.323    -2.746    13.042
 3     0.137    -0.334    -0.932
 3     0.283     0.915    -0.286
 3     0.949    -0.225     0.220
 4   132.469    10.859    -3.796
 4     0.698    -0.699    -0.156
 4     0.701     0.711    -0.047
 4     0.144    -0.077     0.986
 5   115.280    20.553    15.377
 5    -0.295    -0.420     0.858
 5     0.131    -0.908    -0.399
 5     0.946    -0.005     0.322
 6   111.807    28.274    41.423
 6    -0.365    -0.875    -0.319
 6     0.033     0.330    -0.943
 6     0.930    -0.355    -0.092
 7   133.117   -19.247    -3.990
 7     0.279     0.840    -0.464
 7    -0.818     0.461     0.344
 7     0.504     0.283     0.816
 8   109.695   -26.139     3.269
 8    -0.832     0.247     0.497
 8    -0.414    -0.872    -0.260
 8     0.369    -0.422     0.828
 9    92.382   -41.190    18.671
 9    -0.873     0.139    -0.468
 9    -0.319     0.563     0.762
 9     0.369     0.815    -0.447
 2    96.615   -18.740    59.742
 2    -0.054    -0.998    -0.016
 2     0.996    -0.055     0.067
 2    -0.068    -0.012     0.997
 3   140.413    -3.094    13.312
 3     0.133    -0.310    -0.941
 3     0.271     0.925    -0.266
 3     0.953    -0.220     0.207
 4   132.903    10.690    -3.647
 4     0.703    -0.690    -0.172
 4     0.694     0.718    -0.048
 4     0.156    -0.086     0.984
 5   115.289    20.618    15.355
 5    -0.310    -0.426     0.850
 5     0.133    -0.905    -0.404
 5     0.941    -0.012     0.337
 6   111.575    28.393    41.334
 6    -0.377    -0.870    -0.318
 6     0.035     0.330    -0.943
 6     0.925    -0.367    -0.094
 7   133.105   -19.334    -3.977
 7     0.264     0.842    -0.470
 7    -0.824     0.450     0.345
 7     0.501     0.296     0.813
 8   109.608   -25.752     3.055
 8    -0.842     0.243     0.482
 8    -0.409    -0.870    -0.275
 8     0.352    -0.428     0.832
 9    91.912   -40.947    17.928
 9    -0.886     0.118    -0.449
 9    -0.315     0.558     0.767
 9     0.341     0.821    -0.457
 2    96.615   -18.740    59.742
 2    -0.054    -0.998    -0.016
 2     0.996    -0.055     0.067
 2    -0.068    -0.012     0.997
 3   140.373    -3.220    13.302
 3     0.133    -0.304    -0.943
 3     0.268     0.927    -0.261
 3     0.954    -0.218     0.205
 4   133.101    10.697    -3.595
 4     0.704    -0.687    -0.181
 4     0.691     0.721    -0.050
 4     0.165    -0.090     0.982
 5   115.292    20.611    15.208
 5    -0.320    -0.428     0.845
 5     0.135    -0.903    -0.407
 5     0.938    -0.016     0.347
 6   111.273    28.438    41.034
 6    -0.386    -0.867    -0.314
 6     0.035     0.326    -0.944
 6     0.921    -0.376    -0.095
 7   133.199   -19.265    -3.922
 7     0.253     0.842    -0.477
 7    -0.828     0.443     0.343
 7     0.500     0.308     0.809
 8   109.580   -25.563     2.799
 8    -0.849     0.242     0.470
 8    -0.406    -0.868    -0.286
 8     0.339    -0.434     0.835
 9    91.519   -40.724    17.245
 9    -0.896     0.094    -0.435
 9    -0.314     0.560     0.766
 9     0.315     0.823    -0.473
 2    96.615   -18.740    59.742
 2    -0.054    -0.998    -0.015
 2     0.996    -0.055     0.067
 2    -0.068    -0.012     0.997
 3   140.441    -3.368    13.436
 3     0.129    -0.297    -0.946
 3     0.261     0.930    -0.256
 3     0.956    -0.214     0.198
 4   133.405    10.809    -3.475
 4     0.702    -0.685    -0.193
 4     0.689     0.722    -0.055
 4     0.177    -0.095     0.979
 5   115.158    20.699    15.183
 5    -0.340    -0.426     0.838
 5     0.130    -0.904    -0.407
 5     0.931    -0.029     0.363
 6   110.708    28.379    41.007
 6    -0.402    -0.862    -0.307
 6     0.031     0.323    -0.946
 6     0.915    -0.390    -0.103
 7   133.362   -19.121    -3.834
 7     0.245     0.840    -0.484
 7    -0.832     0.439     0.339
 7     0.497     0.319     0.807
 8   109.649   -25.196     2.444
 8    -0.855     0.242     0.458
 8    -0.404    -0.865    -0.297
 8     0.325    -0.439     0.838
 9    91.134   -40.534    16.406
 9    -0.907     0.062    -0.417
 9    -0.313     0.563     0.765
 9     0.282     0.824    -0.491
 2    96.615   -18.740    59.742
 2    -0.054    -0.998    -0.016
 2     0.996    -0.055     0.067
 2    -0.068    -0.012     0.997
 3   140.543    -3.360    13.483
 3     0.124    -0.294    -0.948
 3     0.255     0.932    -0.256
 3     0.959    -0.210     0.190
 4   133.689    10.821    -3.285
 4     0.701    -0.683    -0.206
 4     0.687     0.724    -0.062
 4     0.191    -0.098     0.977
 5   114.995    20.639    15.108
 5    -0.354    -0.425     0.833
 5     0.127    -0.904    -0.408
 5     0.926    -0.039     0.374
 6   110.226    28.245    40.817
 6    -0.413    -0.860    -0.300
 6     0.028     0.317    -0.948
 6     0.910    -0.400    -0.107
 7   133.411   -19.011    -3.887
 7     0.229     0.837    -0.497
 7    -0.841     0.427     0.332
 7     0.490     0.342     0.801
 8   109.585   -24.920     1.734
 8    -0.867     0.244     0.433
 8    -0.400    -0.861    -0.315
 8     0.296    -0.447     0.844
 9    90.429   -40.185    14.972
 9    -0.921     0.011    -0.389
 9    -0.312     0.577     0.755
 9     0.232     0.817    -0.528
 2    96.615   -18.740    59.742
 2    -0.054    -0.998    -0.016
 2     0.996    -0.055     0.067
 2    -0.068    -0.012     0.997
 3   140.581    -3.350    13.621
 3     0.115    -0.284    -0.952
 3     0.241     0.937    -0.251
 3     0.963    -0.201     0.176
 4   133.951    11.037    -3.076
 4     0.698    -0.681    -0.219
 4     0.685     0.725    -0.071
 4     0.207    -0.101     0.973
 5   114.980    20.629    15.266
 5    -0.370    -0.426     0.826
 5     0.121    -0.903    -0.412
 5     0.921    -0.052     0.385
 6   109.840    28.188    40.986
 6    -0.425    -0.856    -0.292
 6     0.022     0.313    -0.949
 6     0.905    -0.411    -0.114
 7   133.490   -18.794    -3.917
 7     0.219     0.834    -0.506
 7    -0.847     0.420     0.326
 7     0.484     0.357     0.798
 8   109.624   -24.531     1.491
 8    -0.874     0.244     0.419
 8    -0.397    -0.857    -0.328
 8     0.279    -0.453     0.846
 9    90.316   -39.783    14.437
 9    -0.928    -0.012    -0.372
 9    -0.309     0.580     0.753
 9     0.207     0.814    -0.543
 2    96.565   -18.740    59.793
 2    -0.053    -0.998    -0.016
 2     0.996    -0.054     0.067
 2    -0.068    -0.012     0.997
 3   140.599    -3.294    13.599
 3     0.111    -0.283    -0.953
 3     0.236     0.938    -0.251
 3     0.965    -0.197     0.171
 4   134.204    11.149    -2.932
 4     0.697    -0.680    -0.229
 4     0.683     0.726    -0.078
 4     0.219    -0.102     0.970
 5   114.881    20.674    15.299
 5    -0.379    -0.424     0.822
 5     0.116    -0.904    -0.412
 5     0.918    -0.061     0.392
 6   109.619    28.184    40.884
 6    -0.431    -0.856    -0.285
 6     0.017     0.308    -0.951
 6     0.902    -0.415    -0.118
 7   133.553   -18.724    -3.902
 7     0.216     0.834    -0.507
 7    -0.850     0.417     0.323
 7     0.480     0.361     0.799
 8   109.727   -24.504     1.438
 8    -0.874     0.242     0.420
 8    -0.396    -0.857    -0.330
 8     0.280    -0.455     0.845
 9    90.412   -39.632    14.494
 9    -0.928    -0.013    -0.372
 9    -0.310     0.580     0.753
 9     0.205     0.814    -0.542
 2    96.616   -18.740    59.742
 2    -0.053    -0.998    -0.015
 2     0.996    -0.054     0.067
 2    -0.068    -0.012     0.997
 3   140.584    -3.190    13.690
 3     0.109    -0.284    -0.953
 3     0.234     0.938    -0.253
 3     0.966    -0.196     0.168
 4   134.292    11.281    -2.771
 4     0.694    -0.682    -0.233
 4     0.684     0.724    -0.083
 4     0.225    -0.102     0.969
 5   114.816    20.722    15.318
 5    -0.383    -0.422     0.822
 5     0.114    -0.904    -0.411
 5     0.916    -0.064     0.395
 6   109.461    28.132    40.944
 6    -0.433    -0.856    -0.281
 6     0.015     0.305    -0.952
 6     0.901    -0.417    -0.120
 7   133.650   -18.623    -3.950
 7     0.216     0.834    -0.508
 7    -0.851     0.416     0.321
 7     0.479     0.362     0.799
 8   109.728   -24.452     1.437
 8    -0.874     0.243     0.421
 8    -0.398    -0.856    -0.331
 8     0.280    -0.456     0.844
 9    90.544   -39.727    14.552
 9    -0.926    -0.015    -0.376
 9    -0.313     0.586     0.747
 9     0.209     0.810    -0.547
 2    96.615   -18.740    59.742
 2    -0.054    -0.998    -0.015
 2     0.996    -0.054     0.067
 2    -0.068    -0.012     0.997
 3   140.593    -3.237    13.730
 3     0.107    -0.284    -0.953
 3     0.233     0.939    -0.254
 3     0.967    -0.195     0.166
 4   134.248    11.284    -2.730
 4     0.692    -0.682    -0.235
 4     0.684     0.724    -0.086
 4     0.228    -0.101     0.968
 5   114.813    20.722    15.346
 5    -0.384    -0.421     0.822
 5     0.112    -0.905    -0.411
 5     0.916    -0.065     0.395
 6   109.385    28.006    40.996
 6    -0.433    -0.857    -0.280
 6     0.013     0.304    -0.952
 6     0.901    -0.416    -0.121
 7   133.646   -18.573    -3.943
 7     0.219     0.834    -0.506
 7    -0.851     0.417     0.319
 7     0.477     0.360     0.801
 8   109.843   -24.688     1.826
 8    -0.866     0.243     0.437
 8    -0.401    -0.860    -0.315
 8     0.299    -0.448     0.842
 9    91.151   -39.913    15.857
 9    -0.917     0.008    -0.399
 9    -0.315     0.599     0.736
 9     0.245     0.800    -0.547
 2    96.615   -18.740    59.742
 2    -0.054    -0.998    -0.016
 2     0.996    -0.055     0.067
 2    -0.068    -0.012     0.997
 3   140.581    -3.238    13.768
 3     0.106    -0.288    -0.952
 3     0.235     0.937    -0.258
 3     0.966    -0.197     0.167
 4   134.247    11.386    -2.781
 4     0.691    -0.683    -0.234
 4     0.685     0.723    -0.087
 4     0.228    -0.100     0.968
 5   114.770    20.723    15.390
 5    -0.384    -0.421     0.822
 5     0.112    -0.905    -0.411
 5     0.917    -0.066     0.394
 6   109.661    27.936    41.271
 6    -0.423    -0.861    -0.281
 6     0.010     0.305    -0.952
 6     0.906    -0.406    -0.121
 7   133.466   -18.714    -3.751
 7     0.247     0.837    -0.489
 7    -0.846     0.432     0.311
 7     0.472     0.336     0.815
 8   109.988   -25.500     3.322
 8    -0.842     0.250     0.479
 8    -0.420    -0.861    -0.288
 8     0.340    -0.443     0.829
 9    93.172   -40.916    18.696
 9    -0.872     0.066    -0.485
 9    -0.348     0.612     0.709
 9     0.344     0.787    -0.511
 2    96.616   -18.740    59.742
 2    -0.053    -0.998    -0.016
 2     0.996    -0.054     0.067
 2    -0.068    -0.012     0.997
 3   140.378    -3.068    13.800
 3     0.109    -0.308    -0.945
 3     0.254     0.927    -0.273
 3     0.961    -0.211     0.179
 4   133.666    11.376    -2.882
 4     0.692    -0.689    -0.216
 4     0.688     0.719    -0.090
 4     0.217    -0.086     0.972
 5   114.734    20.416    15.870
 5    -0.351    -0.422     0.836
 5     0.106    -0.905    -0.412
 5     0.930    -0.056     0.362
 6   110.640    27.632    41.777
 6    -0.381    -0.880    -0.283
 6     0.007     0.303    -0.953
 6     0.924    -0.365    -0.109
 7   132.843   -18.902    -3.686
 7     0.335     0.833    -0.441
 7    -0.820     0.488     0.299
 7     0.464     0.261     0.846
 8   110.610   -27.030     7.105
 8    -0.752     0.235     0.616
 8    -0.457    -0.859    -0.231
 8     0.475    -0.455     0.753
 9    99.502   -42.661    25.965
 9    -0.704     0.274    -0.655
 9    -0.395     0.615     0.682
 9     0.590     0.739    -0.326
 2    96.615   -18.740    59.742
 2    -0.054    -0.998    -0.016
 2     0.996    -0.055     0.067
 2    -0.068    -0.012     0.997
 3   139.823    -2.852    13.153
 3     0.143    -0.364    -0.920
 3     0.289     0.905    -0.313
 3     0.947    -0.221     0.234
 4   131.662    11.273    -3.667
 4     0.698    -0.701    -0.143
 4     0.698     0.711    -0.079
 4     0.157    -0.045     0.986
 5   114.648    20.470    16.417
 5    -0.271    -0.415     0.869
 5     0.116    -0.910    -0.398
 5     0.955    -0.007     0.295
 6   112.688    27.733    42.405
 6    -0.294    -0.913    -0.281
 6     0.016     0.289    -0.957
 6     0.955    -0.286    -0.070
 7   131.584   -19.246    -3.859
 7     0.442     0.811    -0.383
 7    -0.781     0.558     0.281
 7     0.442     0.175     0.880
 8   111.796   -27.249    13.281
 8    -0.554     0.091     0.827
 8    -0.489    -0.840    -0.234
 8     0.674    -0.534     0.510
 9   110.312   -43.498    33.995
 9    -0.373     0.639    -0.673
 9    -0.381     0.556     0.739
 9     0.846     0.532     0.036
 2    96.565   -18.740    59.793
 2    -0.053    -0.998    -0.016
 2     0.996    -0.054     0.067
 2    -0.068    -0.012     0.997
 3   138.678    -2.978    12.216
 3     0.194    -0.401    -0.895
 3     0.310     0.891    -0.332
 3     0.931    -0.213     0.297
 4   128.752    10.617    -4.462
 4     0.714    -0.698    -0.053
 4     0.695     0.716    -0.063
 4     0.081     0.008     0.996
 5   114.846    20.228    16.937
 5    -0.162    -0.423     0.891
 5     0.128    -0.905    -0.406
 5     0.978     0.048     0.200
 6   115.605    27.841    42.910
 6    -0.190    -0.933    -0.307
 6     0.031     0.307    -0.951
 6     0.981    -0.190    -0.030
 7   128.936   -19.746    -4.203
 7     0.509     0.798    -0.322
 7    -0.754     0.594     0.279
 7     0.414     0.100     0.904
 8   113.911   -27.418    17.774
 8    -0.251    -0.069     0.965
 8    -0.471    -0.862    -0.184
 8     0.845    -0.501     0.184
 9   124.027   -40.104    38.871
 9     0.106     0.763    -0.638
 9    -0.238     0.642     0.729
 9     0.965     0.074     0.250
 2    96.616   -18.740    59.742
 2    -0.053    -0.998    -0.016
 2     0.996    -0.054     0.067
 2    -0.068    -0.012     0.997
 3   137.091    -3.318    11.234
 3     0.259    -0.420    -0.870
 3     0.325     0.886    -0.331
 3     0.909    -0.197     0.366
 4   125.842    10.131    -5.101
 4     0.738    -0.673     0.043
 4     0.674     0.736    -0.052
 4     0.003     0.067     0.997
 5   115.306    20.383    17.527
 5    -0.038    -0.428     0.903
 5     0.141    -0.897    -0.419
 5     0.989     0.111     0.095
 6   118.984    28.143    43.070
 6    -0.070    -0.944    -0.322
 6     0.045     0.319    -0.947
 6     0.996    -0.081     0.020
 7   125.764   -20.293    -4.195
 7     0.553     0.786    -0.275
 7    -0.741     0.616     0.267
 7     0.379     0.056     0.923
 8   117.567   -27.254    21.603
 8     0.126    -0.061     0.990
 8    -0.390    -0.921    -0.007
 8     0.912    -0.386    -0.140
 9   134.896   -35.533    40.810
 9     0.438     0.676    -0.593
 9    -0.092     0.689     0.718
 9     0.894    -0.260     0.364
 2    96.565   -18.740    59.793
 2    -0.053    -0.998    -0.016
 2     0.996    -0.054     0.067
 2    -0.068    -0.012     0.997
 3   135.116    -3.951    10.402
 3     0.314    -0.420    -0.851
 3     0.331     0.889    -0.317
 3     0.890    -0.183     0.418
 4   122.589     9.468    -5.435
 4     0.752    -0.646     0.131
 4     0.654     0.755    -0.039
 4    -0.074     0.115     0.990
 5   115.280    20.286    18.054
 5     0.077    -0.428     0.901
 5     0.151    -0.888    -0.435
 5     0.985     0.169    -0.004
 6   121.679    28.052    42.421
 6     0.040    -0.943    -0.330
 6     0.053     0.332    -0.942
 6     0.998     0.020     0.063
 7   122.679   -20.799    -4.120
 7     0.589     0.775    -0.227
 7    -0.733     0.632     0.253
 7     0.339     0.017     0.940
 8   120.437   -26.601    23.600
 8     0.415    -0.040     0.908
 8    -0.296    -0.950     0.094
 8     0.860    -0.308    -0.407
 9   140.536   -32.282    39.579
 9     0.663     0.589    -0.461
 9     0.031     0.593     0.804
 9     0.747    -0.548     0.375
 2    96.566   -18.740    59.793
 2    -0.053    -0.998    -0.016
 2     0.996    -0.054     0.067
 2    -0.068    -0.013     0.997
 3   133.426    -4.126     9.602
 3     0.364    -0.450    -0.815
 3     0.349     0.877    -0.329
 3     0.864    -0.165     0.476
 4   119.266     9.194    -5.698
 4     0.736    -0.639     0.225
 4     0.660     0.751    -0.026
 4    -0.152     0.167     0.974
 5   114.469    20.218    18.846
 5     0.177    -0.400     0.899
 5     0.160    -0.890    -0.427
 5     0.971     0.219    -0.094
 6   122.915    28.230    42.487
 6     0.134    -0.935    -0.328
 6     0.057     0.338    -0.939
 6     0.989     0.107     0.099
 7   120.163   -20.989    -3.781
 7     0.631     0.756    -0.173
 7    -0.713     0.653     0.253
 7     0.304    -0.037     0.952
 8   120.657   -25.542    24.400
 8     0.531     0.029     0.847
 8    -0.199    -0.967     0.157
 8     0.824    -0.252    -0.508
 9   142.145   -29.937    38.240
 9     0.739     0.536    -0.409
 9     0.099     0.513     0.852
 9     0.667    -0.670     0.326
 2    96.566   -18.791    59.793
 2    -0.053    -0.998    -0.016
 2     0.996    -0.054     0.067
 2    -0.068    -0.013     0.997
 3   131.609    -3.761     9.050
 3     0.405    -0.483    -0.776
 3     0.359     0.865    -0.350
 3     0.841    -0.137     0.524
 4   115.746     9.038    -5.495
 4     0.704    -0.643     0.302
 4     0.677     0.736    -0.012
 4    -0.215     0.213     0.953
 5   113.345    20.131    19.573
 5     0.263    -0.371     0.890
 5     0.164    -0.892    -0.420
 5     0.950     0.257    -0.174
 6   123.543    28.089    42.426
 6     0.217    -0.920    -0.327
 6     0.052     0.345    -0.937
 6     0.975     0.186     0.123
 7   117.945   -21.189    -3.623
 7     0.641     0.760    -0.108
 7    -0.717     0.643     0.270
 7     0.275    -0.096     0.956
 8   119.327   -24.508    24.813
 8     0.554    -0.023     0.832
 8    -0.181    -0.979     0.094
 8     0.812    -0.203    -0.547
 9   138.779   -31.205    40.190
 9     0.666     0.712    -0.222
 9     0.051     0.254     0.966
 9     0.744    -0.655     0.133
 2    96.566   -18.740    59.793
 2    -0.053    -0.998    -0.016
 2     0.996    -0.054     0.067
 2    -0.068    -0.013     0.997
 3   130.242    -3.323     8.400
 3     0.450    -0.503    -0.738
 3     0.362     0.858    -0.364
 3     0.816    -0.103     0.568
 4   113.256     9.131    -5.174
 4     0.677    -0.644     0.356
 4     0.690     0.723    -0.005
 4    -0.255     0.249     0.934
 5   112.400    20.534    20.054
 5     0.313    -0.365     0.876
 5     0.162    -0.889    -0.428
 5     0.935     0.276    -0.220
 6   123.656    28.167    42.406
 6     0.260    -0.902    -0.344
 6     0.047     0.367    -0.929
 6     0.964     0.226     0.138
 7   116.227   -20.969    -3.724
 7     0.644     0.763    -0.054
 7    -0.727     0.633     0.267
 7     0.238    -0.133     0.962
 8   118.068   -24.920    24.699
 8     0.556    -0.060     0.829
 8    -0.219    -0.973     0.076
 8     0.802    -0.224    -0.554
 9   136.733   -32.409    40.956
 9     0.637     0.748    -0.184
 9     0.022     0.220     0.975
 9     0.771    -0.625     0.123
 2    96.566   -18.791    59.793
 2    -0.053    -0.998    -0.016
 2     0.996    -0.054     0.067
 2    -0.068    -0.013     0.997
 3   129.443    -3.343     8.191
 3     0.473    -0.496    -0.728
 3     0.345     0.864    -0.365
 3     0.810    -0.079     0.580
 4   111.733     9.223    -4.892
 4     0.657    -0.653     0.378
 4     0.704     0.709     0.000
 4    -0.269     0.266     0.926
 5   111.848    20.318    20.647
 5     0.353    -0.344     0.869
 5     0.161    -0.893    -0.419
 5     0.921     0.288    -0.260
 6   123.948    27.950    42.347
 6     0.302    -0.892    -0.335
 6     0.042     0.364    -0.930
 6     0.952     0.267     0.148
 7   115.201   -20.942    -3.774
 7     0.643     0.764    -0.032
 7    -0.735     0.629     0.253
 7     0.214    -0.140     0.967
 8   117.162   -24.732    24.599
 8     0.566    -0.107     0.817
 8    -0.240    -0.970     0.039
 8     0.788    -0.218    -0.575
 9   135.763   -32.988    40.380
 9     0.679     0.728    -0.097
 9    -0.012     0.142     0.990
 9     0.734    -0.671     0.104
 2    96.616   -18.740    59.742
 2    -0.053    -0.998    -0.016
 2     0.996    -0.054     0.067
 2    -0.068    -0.012     0.997
 3   128.762    -3.313     7.688
 3     0.494    -0.502    -0.710
 3     0.346     0.862    -0.369
 3     0.797    -0.063     0.600
 4   110.279     9.074    -4.905
 4     0.634    -0.655     0.412
 4     0.714     0.700     0.012
 4    -0.296     0.286     0.911
 5   111.458    20.154    20.732
 5     0.389    -0.337     0.857
 5     0.158    -0.892    -0.423
 5     0.907     0.300    -0.294
 6   124.372    27.786    42.082
 6     0.340    -0.878    -0.336
 6     0.036     0.369    -0.929
 6     0.939     0.304     0.157
 7   114.533   -20.906    -3.933
 7     0.653     0.757    -0.006
 7    -0.733     0.633     0.249
 7     0.192    -0.158     0.968
 8   116.902   -24.866    24.529
 8     0.580    -0.117     0.806
 8    -0.245    -0.969     0.036
 8     0.777    -0.218    -0.591
 9   136.475   -32.670    39.666
 9     0.732     0.674    -0.102
 9     0.007     0.141     0.990
 9     0.682    -0.725     0.099
 2    96.615   -18.740    59.742
 2    -0.054    -0.998    -0.016
 2     0.996    -0.055     0.067
 2    -0.068    -0.012     0.997
 3   128.308    -3.268     7.382
 3     0.498    -0.517    -0.697
 3     0.355     0.854    -0.380
 3     0.791    -0.058     0.608
 4   109.271     8.701    -4.899
 4     0.618    -0.658     0.430
 4     0.719     0.694     0.028
 4    -0.318     0.292     0.902
 5   110.934    20.032    20.706
 5     0.412    -0.318     0.854
 5     0.171    -0.893    -0.415
 5     0.895     0.317    -0.314
 6   124.240    27.850    41.796
 6     0.361    -0.875    -0.323
 6     0.045     0.363    -0.931
 6     0.931     0.321     0.170
 7   114.042   -21.189    -3.849
 7     0.660     0.750     0.012
 7    -0.728     0.636     0.254
 7     0.182    -0.177     0.967
 8   115.950   -24.988    24.572
 8     0.574    -0.116     0.811
 8    -0.240    -0.970     0.031
 8     0.783    -0.213    -0.585
 9   136.390   -32.250    38.717
 9     0.782     0.616    -0.094
 9     0.033     0.110     0.993
 9     0.622    -0.780     0.066
 2    96.615   -18.740    59.793
 2    -0.054    -0.998    -0.016
 2     0.996    -0.055     0.067
 2    -0.068    -0.012     0.997
 3   128.021    -3.373     7.218
 3     0.501    -0.520    -0.692
 3     0.358     0.852    -0.381
 3     0.788    -0.057     0.613
 4   108.690     8.466    -4.952
 4     0.604    -0.662     0.442
 4     0.725     0.687     0.037
 4    -0.328     0.299     0.896
 5   110.679    19.965    20.468
 5     0.409    -0.294     0.864
 5     0.178    -0.903    -0.392
 5     0.895     0.314    -0.317
 6   124.161    27.845    41.546
 6     0.372    -0.874    -0.311
 6     0.049     0.353    -0.934
 6     0.927     0.332     0.175
 7   113.730   -21.272    -3.998
 7     0.660     0.750     0.030
 7    -0.731     0.632     0.257
 7     0.174    -0.192     0.966
 8   115.391   -25.038    24.294
 8     0.556    -0.129     0.821
 8    -0.248    -0.969     0.016
 8     0.793    -0.212    -0.571
 9   134.802   -32.372    39.494
 9     0.720     0.688    -0.087
 9     0.022     0.103     0.994
 9     0.693    -0.718     0.059
 2    96.615   -18.740    59.742
 2    -0.054    -0.998    -0.016
 2     0.996    -0.055     0.067
 2    -0.068    -0.012     0.997
 3   127.852    -3.501     7.034
 3     0.503    -0.515    -0.694
 3     0.353     0.855    -0.379
 3     0.789    -0.055     0.612
 4   108.515     8.465    -4.928
 4     0.605    -0.661     0.444
 4     0.725     0.687     0.034
 4    -0.328     0.301     0.895
 5   110.790    19.618    20.833
 5     0.422    -0.304     0.854
 5     0.161    -0.902    -0.401
 5     0.892     0.307    -0.332
 6   124.537    27.024    41.577
 6     0.406    -0.870    -0.279
 6     0.032     0.318    -0.947
 6     0.913     0.376     0.157
 7   113.623   -21.274    -4.112
 7     0.661     0.749     0.036
 7    -0.730     0.632     0.258
 7     0.170    -0.198     0.965
 8   115.161   -24.793    23.943
 8     0.521    -0.111     0.846
 8    -0.237    -0.971     0.019
 8     0.820    -0.210    -0.533
 9   132.268   -32.992    41.261
 9     0.607     0.794    -0.034
 9     0.002     0.041     0.999
 9     0.795    -0.606     0.023
 2    96.616   -18.740    59.742
 2    -0.053    -0.998    -0.016
 2     0.996    -0.054     0.067
 2    -0.068    -0.012     0.997
 3   127.810    -3.445     6.940
 3     0.498    -0.523    -0.692
 3     0.353     0.850    -0.389
 3     0.792    -0.051     0.608
 4   108.518     8.469    -4.965
 4     0.603    -0.661     0.446
 4     0.728     0.684     0.029
 4    -0.325     0.307     0.894
 5   110.899    19.432    20.897
 5     0.430    -0.305     0.849
 5     0.155    -0.902    -0.402
 5     0.889     0.305    -0.341
 6   124.691    26.838    41.642
 6     0.413    -0.870    -0.269
 6     0.026     0.307    -0.951
 6     0.910     0.385     0.149
 7   114.126   -21.196    -4.389
 7     0.662     0.748     0.042
 7    -0.730     0.631     0.263
 7     0.170    -0.205     0.964
 8   115.203   -24.744    23.650
 8     0.499    -0.109     0.859
