2 	  32.59	  -8.37	  22.92
	  0.185	  0.964	 -0.192
	 -0.980	  0.195	  0.033
	  0.069	  0.182	  0.981

3 	  45.19	  -0.91	   2.55
	  0.392	  0.208	  0.896
	  0.256	  0.911	 -0.323
	 -0.883	  0.356	  0.304

4 	  39.32	   6.06	  -2.92
	  0.561	  0.810	  0.170
	 -0.813	  0.501	  0.295
	  0.154	 -0.304	  0.940

5 	  39.23	   7.98	   9.53
	  0.399	  0.131	  0.907
	 -0.194	 -0.955	  0.223
	  0.896	 -0.265	 -0.356

6 	  45.19	  10.90	  18.33
	  0.510	  0.007	  0.860
	 -0.854	  0.121	  0.505
	 -0.101	 -0.993	  0.068

7 	  40.17	  -9.47	  -2.83
	  0.691	 -0.688	  0.221
	  0.720	  0.631	 -0.286
	  0.057	  0.357	  0.932

8 	  38.97	 -11.43	   8.95
	  0.431	 -0.049	  0.901
	  0.590	 -0.740	 -0.323
	  0.682	  0.671	 -0.291

9 	  45.16	 -12.50	  18.16
	  0.485	  0.095	  0.869
	  0.866	  0.082	 -0.493
	 -0.118	  0.992	 -0.043

2 	  32.57	  -8.35	  22.92
	  0.185	  0.964	 -0.192
	 -0.980	  0.195	  0.033
	  0.069	  0.182	  0.981

3 	  45.19	  -0.91	   2.57
	  0.392	  0.208	  0.896
	  0.257	  0.910	 -0.324
	 -0.883	  0.357	  0.303

4 	  39.32	   6.06	  -2.94
	  0.561	  0.810	  0.170
	 -0.813	  0.501	  0.295
	  0.154	 -0.304	  0.940

5 	  39.23	   8.00	   9.53
	  0.398	  0.131	  0.908
	 -0.194	 -0.955	  0.223
	  0.897	 -0.265	 -0.355

6 	  45.18	  10.90	  18.33
	  0.510	  0.007	  0.860
	 -0.854	  0.121	  0.505
	 -0.101	 -0.993	  0.068

7 	  40.17	  -9.47	  -2.81
	  0.691	 -0.688	  0.221
	  0.720	  0.631	 -0.286
	  0.057	  0.357	  0.932

8 	  38.94	 -11.41	   8.96
	  0.431	 -0.048	  0.901
	  0.589	 -0.741	 -0.322
	  0.683	  0.669	 -0.291

9 	  45.18	 -12.50	  18.16
	  0.486	  0.095	  0.868
	  0.866	  0.079	 -0.494
	 -0.116	  0.992	 -0.044

2 	  32.57	  -8.35	  22.92
	  0.185	  0.964	 -0.192
	 -0.980	  0.195	  0.033
	  0.069	  0.182	  0.981

3 	  45.18	  -0.93	   2.57
	  0.391	  0.208	  0.896
	  0.259	  0.910	 -0.324
	 -0.883	  0.359	  0.301

4 	  39.32	   6.06	  -2.94
	  0.561	  0.810	  0.169
	 -0.813	  0.501	  0.294
	  0.154	 -0.303	  0.940

5 	  39.22	   7.96	   9.53
	  0.397	  0.131	  0.908
	 -0.195	 -0.955	  0.224
	  0.896	 -0.266	 -0.354

6 	  45.19	  10.90	  18.33
	  0.510	  0.007	  0.860
	 -0.854	  0.124	  0.505
	 -0.103	 -0.992	  0.069

7 	  40.18	  -9.47	  -2.81
	  0.690	 -0.688	  0.222
	  0.721	  0.631	 -0.286
	  0.057	  0.358	  0.932

8 	  38.94	 -11.41	   8.96
	  0.430	 -0.049	  0.901
	  0.589	 -0.741	 -0.321
	  0.684	  0.669	 -0.291

9 	  45.19	 -12.48	  18.16
	  0.486	  0.095	  0.868
	  0.865	  0.087	 -0.494
	 -0.123	  0.991	 -0.040

2 	  32.57	  -8.35	  22.92
	  0.185	  0.964	 -0.192
	 -0.980	  0.195	  0.033
	  0.069	  0.182	  0.981

3 	  45.18	  -0.95	   2.58
	  0.390	  0.209	  0.897
	  0.260	  0.909	 -0.325
	 -0.883	  0.360	  0.300

4 	  39.32	   6.06	  -2.92
	  0.561	  0.811	  0.169
	 -0.814	  0.501	  0.294
	  0.153	 -0.302	  0.941

5 	  39.25	   8.07	   9.42
	  0.392	  0.139	  0.909
	 -0.185	 -0.956	  0.226
	  0.901	 -0.256	 -0.349

6 	  45.91	  11.02	  17.93
	  0.475	 -0.003	  0.880
	 -0.762	  0.499	  0.413
	 -0.440	 -0.867	  0.234

7 	  40.17	  -9.47	  -2.79
	  0.691	 -0.688	  0.221
	  0.720	  0.630	 -0.291
	  0.061	  0.360	  0.931

8 	  38.99	 -11.50	   8.82
	  0.412	 -0.077	  0.908
	  0.572	 -0.753	 -0.324
	  0.709	  0.653	 -0.266

9 	  46.02	 -12.59	  17.58
	  0.471	  0.054	  0.880
	  0.737	  0.524	 -0.427
	 -0.485	  0.850	  0.207

2 	  32.57	  -8.35	  22.92
	  0.185	  0.964	 -0.192
	 -0.980	  0.195	  0.033
	  0.069	  0.182	  0.981

3 	  45.16	  -0.93	   2.60
	  0.388	  0.211	  0.897
	  0.261	  0.908	 -0.326
	 -0.884	  0.360	  0.297

4 	  39.30	   6.01	  -2.92
	  0.562	  0.810	  0.164
	 -0.812	  0.503	  0.295
	  0.156	 -0.299	  0.941

5 	  39.57	   8.47	   9.12
	  0.379	  0.197	  0.904
	 -0.186	 -0.941	  0.282
	  0.906	 -0.276	 -0.320

6 	  46.48	  10.76	  17.58
	  0.411	 -0.006	  0.911
	 -0.500	  0.835	  0.230
	 -0.762	 -0.551	  0.340

7 	  40.18	  -9.47	  -2.83
	  0.694	 -0.688	  0.213
	  0.715	  0.627	 -0.308
	  0.078	  0.366	  0.927

8 	  39.08	 -11.81	   8.58
	  0.386	 -0.112	  0.916
	  0.595	 -0.728	 -0.340
	  0.705	  0.676	 -0.214

9 	  45.91	 -12.90	  17.53
	  0.410	  0.004	  0.912
	  0.572	  0.778	 -0.260
	 -0.710	  0.628	  0.317

2 	  32.57	  -8.35	  22.92
	  0.185	  0.964	 -0.192
	 -0.980	  0.195	  0.033
	  0.069	  0.182	  0.981

3 	  45.18	  -0.97	   2.64
	  0.386	  0.211	  0.898
	  0.271	  0.904	 -0.330
	 -0.882	  0.370	  0.292

4 	  39.43	   5.98	  -2.95
	  0.577	  0.801	  0.160
	 -0.802	  0.518	  0.297
	  0.155	 -0.300	  0.941

5 	  39.59	   8.61	   9.05
	  0.347	  0.207	  0.914
	 -0.217	 -0.931	  0.293
	  0.912	 -0.301	 -0.279

6 	  46.20	  10.62	  17.93
	  0.356	 -0.009	  0.934
	 -0.406	  0.899	  0.163
	 -0.842	 -0.437	  0.317

7 	  40.17	  -9.44	  -2.85
	  0.695	 -0.688	  0.208
	  0.714	  0.626	 -0.313
	  0.085	  0.366	  0.927

8 	  38.94	 -11.85	   8.47
	  0.359	 -0.126	  0.924
	  0.598	 -0.729	 -0.332
	  0.716	  0.673	 -0.187

9 	  45.65	 -12.85	  17.63
	  0.386	  0.001	  0.922
	  0.551	  0.801	 -0.232
	 -0.740	  0.598	  0.308

2 	  32.55	  -8.35	  22.92
	  0.185	  0.964	 -0.192
	 -0.980	  0.195	  0.033
	  0.069	  0.182	  0.981

3 	  45.21	  -0.98	   2.67
	  0.385	  0.210	  0.898
	  0.275	  0.903	 -0.330
	 -0.881	  0.374	  0.290

4 	  39.52	   5.99	  -2.90
	  0.579	  0.797	  0.170
	 -0.802	  0.520	  0.295
	  0.146	 -0.307	  0.940

5 	  39.27	   8.67	   9.05
	  0.302	  0.201	  0.932
	 -0.265	 -0.921	  0.285
	  0.915	 -0.333	 -0.225

6 	  45.56	  10.32	  18.30
	  0.299	 -0.018	  0.954
	 -0.342	  0.931	  0.124
	 -0.891	 -0.363	  0.272

7 	  40.20	  -9.42	  -2.85
	  0.693	 -0.690	  0.209
	  0.716	  0.625	 -0.312
	  0.085	  0.366	  0.927

8 	  38.79	 -11.87	   8.47
	  0.326	 -0.130	  0.936
	  0.608	 -0.730	 -0.313
	  0.724	  0.671	 -0.159

9 	  45.16	 -12.94	  17.82
	  0.341	 -0.002	  0.940
	  0.555	  0.807	 -0.201
	 -0.758	  0.590	  0.276

2 	  32.57	  -8.35	  22.92
	  0.185	  0.964	 -0.192
	 -0.980	  0.195	  0.033
	  0.069	  0.182	  0.981

3 	  45.23	  -0.98	   2.71
	  0.381	  0.209	  0.900
	  0.274	  0.904	 -0.327
	 -0.883	  0.371	  0.287

4 	  39.53	   6.01	  -2.87
	  0.575	  0.799	  0.175
	 -0.806	  0.515	  0.291
	  0.143	 -0.308	  0.940

5 	  38.92	   8.70	   9.02
	  0.261	  0.203	  0.943
	 -0.282	 -0.919	  0.276
	  0.923	 -0.338	 -0.182

6 	  44.88	  10.30	  18.54
	  0.255	 -0.020	  0.967
	 -0.336	  0.936	  0.108
	 -0.907	 -0.352	  0.231

7 	  40.29	  -9.40	  -2.83
	  0.690	 -0.691	  0.216
	  0.719	  0.623	 -0.307
	  0.077	  0.367	  0.927

8 	  38.62	 -11.90	   8.38
	  0.291	 -0.131	  0.948
	  0.628	 -0.721	 -0.293
	  0.722	  0.680	 -0.127

9 	  44.60	 -12.99	  18.09
	  0.295	 -0.007	  0.955
	  0.551	  0.818	 -0.164
	 -0.781	  0.574	  0.245

2 	  32.57	  -8.35	  22.92
	  0.185	  0.964	 -0.192
	 -0.980	  0.195	  0.033
	  0.069	  0.182	  0.981

3 	  45.23	  -0.91	   2.72
	  0.376	  0.209	  0.903
	  0.266	  0.909	 -0.322
	 -0.888	  0.361	  0.286

4 	  39.53	   6.05	  -2.83
	  0.568	  0.803	  0.178
	 -0.811	  0.509	  0.287
	  0.140	 -0.308	  0.941

5 	  38.50	   8.84	   8.95
	  0.214	  0.208	  0.954
	 -0.318	 -0.909	  0.269
	  0.923	 -0.361	 -0.129

6 	  44.07	  10.23	  18.76
	  0.205	 -0.022	  0.978
	 -0.315	  0.945	  0.087
	 -0.927	 -0.326	  0.187

7 	  40.29	  -9.37	  -2.87
	  0.689	 -0.690	  0.220
	  0.721	  0.624	 -0.301
	  0.070	  0.366	  0.928

8 	  38.44	 -11.88	   8.38
	  0.257	 -0.121	  0.958
	  0.658	 -0.704	 -0.266
	  0.707	  0.699	 -0.102

9 	  44.05	 -12.88	  18.30
	  0.254	 -0.005	  0.967
	  0.540	  0.830	 -0.139
	 -0.802	  0.557	  0.214

2 	  32.57	  -8.35	  22.92
	  0.185	  0.964	 -0.192
	 -0.980	  0.195	  0.033
	  0.069	  0.182	  0.981

3 	  45.21	  -0.91	   2.74
	  0.373	  0.207	  0.904
	  0.261	  0.912	 -0.317
	 -0.891	  0.354	  0.286

4 	  39.53	   6.06	  -2.85
	  0.565	  0.805	  0.180
	 -0.813	  0.506	  0.288
	  0.140	 -0.309	  0.940

5 	  38.14	   8.91	   8.86
	  0.169	  0.205	  0.964
	 -0.352	 -0.901	  0.253
	  0.921	 -0.382	 -0.081

6 	  43.33	  10.27	  19.02
	  0.154	 -0.027	  0.987
	 -0.296	  0.952	  0.072
	 -0.943	 -0.303	  0.139

7 	  40.32	  -9.39	  -2.81
	  0.685	 -0.691	  0.232
	  0.726	  0.620	 -0.297
	  0.061	  0.372	  0.926

8 	  38.13	 -11.88	   8.31
	  0.211	 -0.115	  0.970
	  0.677	 -0.699	 -0.231
	  0.704	  0.706	 -0.070

9 	  43.26	 -12.83	  18.63
	  0.202	  0.003	  0.979
	  0.541	  0.833	 -0.114
	 -0.816	  0.553	  0.166

2 	  32.57	  -8.35	  22.92
	  0.185	  0.964	 -0.192
	 -0.980	  0.195	  0.033
	  0.069	  0.182	  0.981

3 	  45.23	  -0.91	   2.74
	  0.370	  0.207	  0.906
	  0.256	  0.914	 -0.313
	 -0.893	  0.347	  0.285

4 	  39.57	   6.06	  -2.81
	  0.562	  0.806	  0.187
	 -0.816	  0.502	  0.287
	  0.137	 -0.315	  0.939

5 	  37.79	   8.88	   8.81
	  0.126	  0.206	  0.970
	 -0.355	 -0.904	  0.237
	  0.926	 -0.374	 -0.041

6 	  42.63	  10.21	  19.16
	  0.112	 -0.026	  0.993
	 -0.298	  0.952	  0.059
	 -0.948	 -0.303	  0.099

7 	  40.34	  -9.42	  -2.79
	  0.680	 -0.694	  0.236
	  0.730	  0.615	 -0.296
	  0.060	  0.374	  0.925

8 	  37.71	 -11.95	   8.21
	  0.162	 -0.116	  0.980
	  0.682	 -0.704	 -0.196
	  0.713	  0.700	 -0.035

9 	  42.64	 -12.87	  18.62
	  0.164	  0.001	  0.986
	  0.540	  0.837	 -0.091
	 -0.826	  0.547	  0.136

2 	  32.57	  -8.35	  22.90
	  0.185	  0.964	 -0.192
	 -0.980	  0.195	  0.033
	  0.069	  0.182	  0.981

3 	  45.25	  -0.93	   2.74
	  0.369	  0.206	  0.906
	  0.252	  0.916	 -0.311
	 -0.895	  0.343	  0.286

4 	  39.62	   6.10	  -2.83
	  0.561	  0.806	  0.191
	 -0.817	  0.500	  0.288
	  0.137	 -0.318	  0.938

5 	  37.49	   8.91	   8.68
	  0.082	  0.213	  0.973
	 -0.363	 -0.903	  0.228
	  0.928	 -0.372	  0.003

6 	  41.87	  10.39	  19.28
	  0.068	 -0.018	  0.997
	 -0.297	  0.954	  0.037
	 -0.952	 -0.299	  0.059

7 	  40.36	  -9.46	  -2.79
	  0.671	 -0.702	  0.240
	  0.739	  0.607	 -0.292
	  0.059	  0.373	  0.926

8 	  37.25	 -11.92	   8.09
	  0.117	 -0.123	  0.985
	  0.674	 -0.719	 -0.170
	  0.729	  0.684	 -0.002

9 	  41.52	 -13.06	  18.83
	  0.110	 -0.004	  0.994
	  0.561	  0.825	 -0.059
	 -0.820	  0.564	  0.093

2 	  32.57	  -8.35	  22.92
	  0.185	  0.964	 -0.192
	 -0.980	  0.195	  0.033
	  0.069	  0.182	  0.981

3 	  45.23	  -0.93	   2.76
	  0.366	  0.206	  0.907
	  0.251	  0.917	 -0.310
	 -0.896	  0.342	  0.284

4 	  39.71	   6.12	  -2.83
	  0.561	  0.805	  0.195
	 -0.817	  0.500	  0.286
	  0.133	 -0.320	  0.938

5 	  37.12	   8.98	   8.44
	  0.034	  0.223	  0.974
	 -0.362	 -0.906	  0.219
	  0.932	 -0.360	  0.050

6 	  41.04	  10.55	  19.30
	  0.018	 -0.010	  1.000
	 -0.300	  0.954	  0.015
	 -0.954	 -0.300	  0.014

7 	  40.34	  -9.46	  -2.79
	  0.658	 -0.713	  0.241
	  0.750	  0.596	 -0.286
	  0.060	  0.370	  0.927

8 	  36.81	 -11.95	   7.86
	  0.069	 -0.129	  0.989
	  0.672	 -0.726	 -0.142
	  0.736	  0.675	  0.036

9 	  40.59	 -13.20	  18.81
	  0.061	 -0.013	  0.998
	  0.568	  0.822	 -0.025
	 -0.821	  0.568	  0.058

2 	  32.57	  -8.35	  22.92
	  0.185	  0.964	 -0.192
	 -0.980	  0.194	  0.033
	  0.069	  0.182	  0.981

3 	  45.25	  -0.93	   2.76
	  0.362	  0.207	  0.909
	  0.250	  0.917	 -0.309
	 -0.898	  0.339	  0.280

4 	  39.88	   6.12	  -2.85
	  0.561	  0.802	  0.203
	 -0.819	  0.502	  0.276
	  0.119	 -0.322	  0.939

5 	  36.79	   8.98	   8.26
	 -0.019	  0.228	  0.973
	 -0.360	 -0.910	  0.206
	  0.933	 -0.346	  0.099

6 	  40.18	  10.63	  19.34
	 -0.030	 -0.008	  0.999
	 -0.311	  0.950	 -0.002
	 -0.950	 -0.311	 -0.031

7 	  40.41	  -9.51	  -2.83
	  0.647	 -0.722	  0.246
	  0.760	  0.587	 -0.279
	  0.057	  0.368	  0.928

8 	  36.51	 -11.92	   7.75
	  0.018	 -0.125	  0.992
	  0.677	 -0.728	 -0.104
	  0.735	  0.673	  0.071

9 	  39.78	 -13.13	  18.83
	  0.012	 -0.010	  1.000
	  0.563	  0.826	  0.001
	 -0.826	  0.563	  0.015

2 	  32.57	  -8.35	  22.92
	  0.185	  0.964	 -0.192
	 -0.980	  0.194	  0.033
	  0.069	  0.182	  0.981

3 	  45.30	  -0.98	   2.79
	  0.351	  0.206	  0.913
	  0.249	  0.919	 -0.304
	 -0.902	  0.334	  0.272

4 	  40.06	   6.08	  -2.85
	  0.558	  0.803	  0.209
	 -0.822	  0.501	  0.268
	  0.110	 -0.322	  0.940

5 	  36.42	   8.88	   8.02
	 -0.072	  0.228	  0.971
	 -0.356	 -0.915	  0.188
	  0.932	 -0.332	  0.147

6 	  39.27	  10.55	  19.27
	 -0.081	 -0.015	  0.996
	 -0.309	  0.951	 -0.011
	 -0.948	 -0.309	 -0.082

7 	  40.48	  -9.58	  -2.87
	  0.635	 -0.728	  0.256
	  0.771	  0.577	 -0.270
	  0.048	  0.369	  0.928

8 	  36.21	 -11.95	   7.58
	 -0.026	 -0.118	  0.992
	  0.678	 -0.731	 -0.069
	  0.734	  0.672	  0.099

9 	  38.99	 -13.10	  18.84
	 -0.034	 -0.005	  0.999
	  0.556	  0.831	  0.023
	 -0.831	  0.556	 -0.026

2 	  32.57	  -8.35	  22.92
	  0.185	  0.964	 -0.192
	 -0.980	  0.195	  0.033
	  0.069	  0.182	  0.981

3 	  45.32	  -1.02	   2.83
	  0.345	  0.207	  0.915
	  0.248	  0.920	 -0.302
	 -0.905	  0.331	  0.266

4 	  40.17	   6.06	  -2.94
	  0.554	  0.805	  0.212
	 -0.826	  0.500	  0.260
	  0.103	 -0.319	  0.942

5 	  36.19	   8.89	   7.68
	 -0.115	  0.235	  0.965
	 -0.346	 -0.920	  0.183
	  0.931	 -0.313	  0.188

6 	  38.71	  10.49	  19.05
	 -0.118	 -0.021	  0.993
	 -0.296	  0.955	 -0.016
	 -0.948	 -0.295	 -0.119

7 	  40.52	  -9.60	  -2.87
	  0.625	 -0.733	  0.269
	  0.779	  0.569	 -0.262
	  0.039	  0.373	  0.927

8 	  35.95	 -11.90	   7.42
	 -0.063	 -0.113	  0.991
	  0.682	 -0.730	 -0.040
	  0.728	  0.674	  0.122

9 	  38.37	 -12.96	  18.83
	 -0.071	 -0.000	  0.997
	  0.542	  0.839	  0.039
	 -0.837	  0.543	 -0.060

2 	  32.57	  -8.37	  22.92
	  0.185	  0.964	 -0.192
	 -0.980	  0.195	  0.033
	  0.069	  0.182	  0.981

3 	  45.35	  -1.02	   2.85
	  0.341	  0.209	  0.916
	  0.252	  0.919	 -0.303
	 -0.906	  0.334	  0.261

4 	  40.41	   6.08	  -3.04
	  0.552	  0.802	  0.225
	 -0.829	  0.501	  0.248
	  0.086	 -0.323	  0.942

5 	  36.04	   9.07	   7.31
	 -0.160	  0.247	  0.955
	 -0.368	 -0.913	  0.174
	  0.916	 -0.323	  0.237

6 	  38.07	  10.71	  18.84
	 -0.161	 -0.011	  0.987
	 -0.285	  0.958	 -0.036
	 -0.945	 -0.287	 -0.157

7 	  40.50	  -9.60	  -2.88
	  0.605	 -0.743	  0.285
	  0.795	  0.550	 -0.253
	  0.031	  0.380	  0.924

8 	  35.65	 -11.87	   7.26
	 -0.095	 -0.109	  0.989
	  0.679	 -0.734	 -0.016
	  0.728	  0.670	  0.144

9 	  37.76	 -12.87	  18.72
	 -0.102	  0.001	  0.995
	  0.528	  0.848	  0.053
	 -0.843	  0.530	 -0.087

2 	  32.57	  -8.37	  22.92
	  0.185	  0.964	 -0.192
	 -0.980	  0.195	  0.033
	  0.069	  0.182	  0.981

3 	  45.35	  -1.05	   2.87
	  0.338	  0.207	  0.918
	  0.257	  0.918	 -0.302
	 -0.905	  0.338	  0.257

4 	  40.50	   6.08	  -3.04
	  0.552	  0.799	  0.237
	 -0.830	  0.502	  0.242
	  0.075	 -0.331	  0.941

5 	  35.72	   8.95	   7.22
	 -0.197	  0.249	  0.948
	 -0.336	 -0.926	  0.173
	  0.921	 -0.284	  0.265

6 	  37.46	  10.69	  18.79
	 -0.188	 -0.018	  0.982
	 -0.306	  0.951	 -0.042
	 -0.933	 -0.309	 -0.184

7 	  40.46	  -9.56	  -2.90
	  0.594	 -0.749	  0.292
	  0.803	  0.542	 -0.246
	  0.026	  0.381	  0.924

8 	  35.46	 -11.88	   7.07
	 -0.119	 -0.110	  0.987
	  0.682	 -0.731	  0.000
	  0.721	  0.673	  0.161

9 	  37.55	 -12.87	  18.30
	 -0.104	 -0.005	  0.994
	  0.526	  0.848	  0.059
	 -0.844	  0.529	 -0.086

2 	  32.57	  -8.37	  22.90
	  0.185	  0.964	 -0.192
	 -0.980	  0.195	  0.033
	  0.069	  0.182	  0.981

3 	  45.33	  -1.04	   2.88
	  0.337	  0.203	  0.919
	  0.252	  0.921	 -0.296
	 -0.907	  0.331	  0.259

4 	  40.48	   6.13	  -3.02
	  0.546	  0.801	  0.245
	 -0.835	  0.494	  0.243
	  0.073	 -0.337	  0.938

5 	  35.44	   8.93	   7.10
	 -0.217	  0.257	  0.942
	 -0.299	 -0.936	  0.186
	  0.929	 -0.241	  0.279

6 	  37.00	  10.76	  18.69
	 -0.199	 -0.017	  0.980
	 -0.327	  0.943	 -0.051
	 -0.924	 -0.331	 -0.193

7 	  40.46	  -9.54	  -2.95
	  0.591	 -0.750	  0.295
	  0.806	  0.540	 -0.243
	  0.022	  0.381	  0.924

8 	  35.23	 -11.87	   6.86
	 -0.140	 -0.126	  0.982
	  0.673	 -0.739	  0.001
	  0.726	  0.662	  0.188

9 	  36.76	 -13.36	  18.32
	 -0.115	  0.014	  0.993
	  0.710	  0.700	  0.072
	 -0.694	  0.714	 -0.090

2 	  32.57	  -8.35	  22.92
	  0.186	  0.964	 -0.192
	 -0.980	  0.195	  0.032
	  0.069	  0.182	  0.981

3 	  45.30	  -1.02	   2.85
	  0.339	  0.196	  0.920
	  0.243	  0.926	 -0.287
	 -0.909	  0.321	  0.267

4 	  40.43	   6.21	  -3.01
	  0.541	  0.803	  0.248
	 -0.838	  0.488	  0.246
	  0.077	 -0.341	  0.937

5 	  35.17	   8.98	   6.94
	 -0.237	  0.266	  0.934
	 -0.290	 -0.937	  0.193
	  0.927	 -0.225	  0.299

6 	  36.56	  11.09	  18.53
	 -0.207	 -0.004	  0.978
	 -0.354	  0.932	 -0.071
	 -0.912	 -0.361	 -0.195

7 	  40.41	  -9.42	  -3.08
	  0.580	 -0.763	  0.285
	  0.814	  0.530	 -0.238
	  0.030	  0.370	  0.928

8 	  34.88	 -11.76	   6.54
	 -0.161	 -0.151	  0.975
	  0.633	 -0.774	 -0.015
	  0.757	  0.615	  0.220

9 	  36.04	 -13.90	  17.96
	 -0.083	 -0.011	  0.996
	  0.877	  0.473	  0.078
	 -0.472	  0.881	 -0.030

2 	  32.57	  -8.35	  22.92
	  0.186	  0.963	 -0.192
	 -0.980	  0.195	  0.032
	  0.069	  0.182	  0.981

3 	  45.23	  -0.91	   2.88
	  0.338	  0.192	  0.921
	  0.224	  0.934	 -0.277
	 -0.914	  0.300	  0.273

4 	  40.32	   6.26	  -2.99
	  0.527	  0.811	  0.253
	 -0.846	  0.474	  0.243
	  0.077	 -0.343	  0.936

5 	  34.95	   8.93	   6.91
	 -0.254	  0.266	  0.930
	 -0.277	 -0.941	  0.193
	  0.926	 -0.209	  0.313

6 	  36.12	  11.09	  18.49
	 -0.221	 -0.005	  0.975
	 -0.370	  0.926	 -0.079
	 -0.902	 -0.378	 -0.206

7 	  40.39	  -9.39	  -3.11
	  0.575	 -0.769	  0.281
	  0.817	  0.526	 -0.235
	  0.033	  0.364	  0.930

8 	  34.75	 -11.78	   6.31
	 -0.178	 -0.173	  0.969
	  0.620	 -0.784	 -0.026
	  0.764	  0.596	  0.246

9 	  35.75	 -14.29	  17.63
	 -0.120	 -0.061	  0.991
	  0.842	  0.523	  0.134
	 -0.526	  0.850	 -0.011

2 	  32.57	  -8.35	  22.92
	  0.186	  0.964	 -0.192
	 -0.980	  0.196	  0.032
	  0.069	  0.182	  0.981

3 	  45.19	  -0.88	   2.88
	  0.340	  0.190	  0.921
	  0.214	  0.938	 -0.273
	 -0.916	  0.290	  0.278

4 	  40.24	   6.28	  -2.99
	  0.518	  0.815	  0.257
	 -0.852	  0.464	  0.243
	  0.079	 -0.345	  0.935

5 	  34.70	   8.88	   6.70
	 -0.274	  0.267	  0.924
	 -0.255	 -0.946	  0.198
	  0.927	 -0.182	  0.327

6 	  35.72	  11.11	  18.32
	 -0.231	 -0.005	  0.973
	 -0.387	  0.918	 -0.087
	 -0.892	 -0.397	 -0.214

7 	  40.41	  -9.35	  -3.20
	  0.572	 -0.772	  0.275
	  0.819	  0.524	 -0.233
	  0.035	  0.359	  0.933

8 	  34.65	 -11.79	   6.06
	 -0.205	 -0.182	  0.961
	  0.623	 -0.782	 -0.015
	  0.755	  0.596	  0.274

9 	  35.38	 -14.22	  17.46
	 -0.181	 -0.077	  0.980
	  0.716	  0.673	  0.185
	 -0.674	  0.735	 -0.067

2 	  32.57	  -8.35	  22.92
	  0.186	  0.963	 -0.192
	 -0.980	  0.195	  0.032
	  0.069	  0.182	  0.981

3 	  45.18	  -0.84	   2.88
	  0.338	  0.187	  0.922
	  0.204	  0.942	 -0.266
	 -0.919	  0.278	  0.280

4 	  40.24	   6.33	  -2.97
	  0.508	  0.820	  0.262
	 -0.858	  0.456	  0.237
	  0.074	 -0.346	  0.935

5 	  34.51	   8.84	   6.61
	 -0.300	  0.258	  0.918
	 -0.260	 -0.948	  0.181
	  0.917	 -0.185	  0.352

6 	  35.19	  11.11	  18.26
	 -0.256	 -0.007	  0.966
	 -0.394	  0.914	 -0.098
	 -0.882	 -0.406	 -0.237

7 	  40.48	  -9.30	  -3.29
	  0.561	 -0.779	  0.278
	  0.827	  0.517	 -0.221
	  0.028	  0.354	  0.934

8 	  34.51	 -11.74	   5.89
	 -0.237	 -0.174	  0.956
	  0.619	 -0.785	  0.010
	  0.748	  0.594	  0.293

9 	  34.91	 -13.89	  17.38
	 -0.230	 -0.073	  0.970
	  0.622	  0.755	  0.204
	 -0.748	  0.651	 -0.128

2 	  32.57	  -8.35	  22.90
	  0.186	  0.964	 -0.192
	 -0.980	  0.195	  0.032
	  0.069	  0.182	  0.981

3 	  45.18	  -0.79	   2.90
	  0.336	  0.186	  0.923
	  0.195	  0.945	 -0.262
	 -0.921	  0.268	  0.281

4 	  40.25	   6.35	  -3.02
	  0.497	  0.826	  0.264
	 -0.865	  0.447	  0.227
	  0.070	 -0.342	  0.937

5 	  34.31	   8.81	   6.38
	 -0.324	  0.253	  0.911
	 -0.266	 -0.949	  0.169
	  0.908	 -0.187	  0.375

6 	  34.77	  11.06	  18.04
	 -0.279	 -0.007	  0.960
	 -0.387	  0.916	 -0.106
	 -0.879	 -0.401	 -0.259

7 	  40.52	  -9.25	  -3.30
	  0.552	 -0.783	  0.286
	  0.833	  0.511	 -0.209
	  0.017	  0.354	  0.935

8 	  34.29	 -11.67	   5.75
	 -0.264	 -0.168	  0.950
	  0.619	 -0.785	  0.033
	  0.740	  0.597	  0.310

9 	  34.45	 -13.66	  17.33
	 -0.266	 -0.071	  0.961
	  0.559	  0.801	  0.214
	 -0.785	  0.594	 -0.174

2 	  32.57	  -8.35	  22.90
	  0.186	  0.963	 -0.192
	 -0.980	  0.196	  0.033
	  0.069	  0.182	  0.981

3 	  45.18	  -0.76	   2.94
	  0.334	  0.187	  0.924
	  0.188	  0.947	 -0.260
	 -0.923	  0.260	  0.281

4 	  40.25	   6.35	  -3.02
	  0.489	  0.831	  0.265
	 -0.870	  0.442	  0.220
	  0.065	 -0.338	  0.939

5 	  34.15	   8.72	   6.26
	 -0.342	  0.251	  0.905
	 -0.263	 -0.951	  0.164
	  0.902	 -0.182	  0.391

6 	  34.44	  11.02	  17.93
	 -0.295	 -0.007	  0.955
	 -0.389	  0.914	 -0.113
	 -0.873	 -0.405	 -0.273

7 	  40.55	  -9.28	  -3.27
	  0.542	 -0.786	  0.296
	  0.840	  0.504	 -0.200
	  0.008	  0.357	  0.934

8 	  34.12	 -11.69	   5.61
	 -0.290	 -0.165	  0.943
	  0.614	 -0.788	  0.050
	  0.734	  0.593	  0.329

9 	  34.01	 -13.68	  17.07
	 -0.286	 -0.077	  0.955
	  0.542	  0.809	  0.227
	 -0.790	  0.583	 -0.190

2 	  32.57	  -8.35	  22.90
	  0.186	  0.963	 -0.192
	 -0.980	  0.196	  0.033
	  0.069	  0.182	  0.981

3 	  45.16	  -0.79	   2.95
	  0.334	  0.189	  0.923
	  0.179	  0.949	 -0.259
	 -0.925	  0.252	  0.283

4 	  40.22	   6.26	  -3.09
	  0.480	  0.836	  0.262
	 -0.875	  0.435	  0.213
	  0.063	 -0.332	  0.941

5 	  34.01	   8.63	   6.06
	 -0.357	  0.254	  0.899
	 -0.254	 -0.952	  0.168
	  0.899	 -0.168	  0.404

6 	  34.10	  10.97	  17.74
	 -0.307	 -0.005	  0.952
	 -0.392	  0.912	 -0.122
	 -0.867	 -0.410	 -0.282

7 	  40.52	  -9.33	  -3.29
	  0.528	 -0.792	  0.305
	  0.849	  0.493	 -0.192
	  0.001	  0.360	  0.933

8 	  33.89	 -11.64	   5.43
	 -0.316	 -0.163	  0.934
	  0.604	 -0.795	  0.066
	  0.732	  0.585	  0.349

9 	  33.43	 -13.62	  17.02
	 -0.323	 -0.076	  0.943
	  0.522	  0.817	  0.245
	 -0.789	  0.571	 -0.224

2 	  32.57	  -8.35	  22.90
	  0.186	  0.963	 -0.192
	 -0.980	  0.196	  0.032
	  0.069	  0.182	  0.981

3 	  45.14	  -0.79	   2.97
	  0.335	  0.190	  0.923
	  0.172	  0.950	 -0.259
	 -0.926	  0.245	  0.285

4 	  40.20	   6.24	  -3.08
	  0.474	  0.840	  0.262
	 -0.878	  0.431	  0.206
	  0.060	 -0.328	  0.943

5 	  33.86	   8.54	   5.96
	 -0.372	  0.254	  0.893
	 -0.250	 -0.954	  0.167
	  0.894	 -0.161	  0.418

6 	  33.77	  10.92	  17.61
	 -0.321	 -0.004	  0.947
	 -0.391	  0.911	 -0.129
	 -0.862	 -0.412	 -0.294

7 	  40.54	  -9.37	  -3.23
	  0.515	 -0.797	  0.314
	  0.857	  0.481	 -0.182
	 -0.006	  0.363	  0.931

8 	  33.68	 -11.62	   5.27
	 -0.345	 -0.164	  0.924
	  0.592	 -0.802	  0.078
	  0.728	  0.575	  0.373

9 	  32.92	 -13.66	  16.80
	 -0.351	 -0.082	  0.932
	  0.504	  0.823	  0.262
	 -0.789	  0.562	 -0.248

2 	  32.57	  -8.37	  22.90
	  0.186	  0.963	 -0.192
	 -0.980	  0.196	  0.032
	  0.069	  0.182	  0.981

3 	  45.11	  -0.84	   2.95
	  0.338	  0.191	  0.922
	  0.165	  0.952	 -0.258
	 -0.927	  0.239	  0.290

4 	  40.15	   6.13	  -3.15
	  0.466	  0.846	  0.259
	 -0.883	  0.425	  0.200
	  0.060	 -0.322	  0.945

5 	  33.73	   8.46	   5.85
	 -0.383	  0.253	  0.888
	 -0.241	 -0.956	  0.168
	  0.892	 -0.150	  0.427

6 	  33.54	  10.85	  17.49
	 -0.331	 -0.004	  0.943
	 -0.391	  0.911	 -0.133
	 -0.859	 -0.413	 -0.303

7 	  40.50	  -9.42	  -3.25
	  0.500	 -0.806	  0.317
	  0.866	  0.469	 -0.174
	 -0.009	  0.361	  0.932

8 	  33.43	 -11.60	   5.03
	 -0.371	 -0.172	  0.912
	  0.573	 -0.816	  0.080
	  0.730	  0.553	  0.401

9 	  32.36	 -13.76	  16.52
	 -0.380	 -0.093	  0.920
	  0.502	  0.815	  0.289
	 -0.777	  0.572	 -0.263

2 	  32.57	  -8.37	  22.90
	  0.186	  0.963	 -0.192
	 -0.980	  0.196	  0.032
	  0.069	  0.182	  0.981

3 	  45.09	  -0.86	   2.95
	  0.340	  0.191	  0.921
	  0.161	  0.953	 -0.257
	 -0.927	  0.235	  0.293

4 	  40.13	   6.12	  -3.18
	  0.457	  0.851	  0.256
	 -0.887	  0.417	  0.196
	  0.060	 -0.317	  0.946

5 	  33.56	   8.35	   5.70
	 -0.398	  0.248	  0.883
	 -0.232	 -0.959	  0.165
	  0.887	 -0.139	  0.439

6 	  33.15	  10.71	  17.35
	 -0.348	 -0.009	  0.937
	 -0.391	  0.910	 -0.137
	 -0.852	 -0.414	 -0.321

7 	  40.46	  -9.42	  -3.25
	  0.483	 -0.815	  0.320
	  0.875	  0.455	 -0.162
	 -0.014	  0.359	  0.933

8 	  33.19	 -11.55	   4.80
	 -0.399	 -0.174	  0.900
	  0.556	 -0.827	  0.087
	  0.729	  0.535	  0.427

9 	  31.76	 -13.83	  16.24
	 -0.408	 -0.098	  0.907
	  0.500	  0.808	  0.312
	 -0.764	  0.581	 -0.281

2 	  32.57	  -8.35	  22.90
	  0.186	  0.963	 -0.192
	 -0.980	  0.196	  0.032
	  0.069	  0.182	  0.981

3 	  45.07	  -0.86	   2.97
	  0.343	  0.190	  0.920
	  0.152	  0.955	 -0.255
	 -0.927	  0.227	  0.298

4 	  40.08	   6.05	  -3.25
	  0.446	  0.858	  0.252
	 -0.893	  0.408	  0.189
	  0.059	 -0.310	  0.949

5 	  33.38	   8.23	   5.55
	 -0.415	  0.248	  0.875
	 -0.220	 -0.961	  0.168
	  0.883	 -0.123	  0.453

6 	  32.73	  10.63	  17.16
	 -0.367	 -0.009	  0.930
	 -0.390	  0.909	 -0.145
	 -0.845	 -0.416	 -0.337

7 	  40.41	  -9.46	  -3.22
	  0.466	 -0.823	  0.324
	  0.884	  0.442	 -0.149
	 -0.021	  0.356	  0.934

8 	  32.96	 -11.50	   4.62
	 -0.424	 -0.175	  0.889
	  0.539	 -0.837	  0.093
	  0.728	  0.518	  0.449

9 	  31.24	 -13.83	  15.98
	 -0.433	 -0.101	  0.896
	  0.497	  0.802	  0.331
	 -0.752	  0.589	 -0.297

2 	  32.57	  -8.35	  22.92
	  0.186	  0.963	 -0.192
	 -0.980	  0.196	  0.032
	  0.069	  0.182	  0.981

3 	  45.02	  -0.84	   2.95
	  0.348	  0.190	  0.918
	  0.144	  0.956	 -0.253
	 -0.926	  0.220	  0.305

4 	  40.01	   6.05	  -3.30
	  0.436	  0.865	  0.249
	 -0.898	  0.399	  0.185
	  0.060	 -0.304	  0.950

5 	  33.22	   8.17	   5.38
	 -0.428	  0.249	  0.869
	 -0.213	 -0.962	  0.171
	  0.879	 -0.112	  0.464

6 	  32.45	  10.60	  17.00
	 -0.381	 -0.007	  0.924
	 -0.388	  0.909	 -0.153
	 -0.839	 -0.417	 -0.349

7 	  40.38	  -9.46	  -3.23
	  0.455	 -0.830	  0.323
	  0.890	  0.433	 -0.141
	 -0.023	  0.352	  0.936

8 	  32.80	 -11.50	   4.45
	 -0.442	 -0.181	  0.878
	  0.525	 -0.846	  0.090
	  0.727	  0.501	  0.469

9 	  30.85	 -13.96	  15.75
	 -0.452	 -0.107	  0.885
	  0.498	  0.793	  0.350
	 -0.740	  0.599	 -0.306

2 	  32.57	  -8.35	  22.92
	  0.186	  0.963	 -0.192
	 -0.980	  0.196	  0.032
	  0.069	  0.182	  0.981

3 	  45.00	  -0.84	   2.95
	  0.352	  0.191	  0.916
	  0.138	  0.957	 -0.253
	 -0.926	  0.215	  0.310

4 	  39.97	   5.96	  -3.34
	  0.427	  0.871	  0.244
	 -0.902	  0.391	  0.181
	  0.062	 -0.298	  0.952

5 	  33.13	   8.05	   5.27
	 -0.436	  0.249	  0.865
	 -0.209	 -0.963	  0.172
	  0.875	 -0.105	  0.472

6 	  32.22	  10.55	  16.84
	 -0.390	 -0.004	  0.921
	 -0.384	  0.909	 -0.159
	 -0.837	 -0.416	 -0.356

7 	  40.38	  -9.47	  -3.25
	  0.447	 -0.834	  0.324
	  0.894	  0.427	 -0.133
	 -0.028	  0.349	  0.936

8 	  32.68	 -11.51	   4.24
	 -0.461	 -0.185	  0.868
	  0.516	 -0.851	  0.092
	  0.722	  0.490	  0.488

9 	  30.46	 -14.03	  15.49
	 -0.475	 -0.111	  0.873
	  0.491	  0.789	  0.368
	 -0.730	  0.604	 -0.320

2 	  32.57	  -8.35	  22.90
	  0.186	  0.963	 -0.192
	 -0.980	  0.196	  0.032
	  0.069	  0.182	  0.981

3 	  45.00	  -0.84	   2.94
	  0.355	  0.191	  0.915
	  0.133	  0.958	 -0.252
	 -0.925	  0.211	  0.314

4 	  39.94	   5.91	  -3.38
	  0.421	  0.874	  0.240
	 -0.905	  0.386	  0.179
	  0.064	 -0.293	  0.954

5 	  33.06	   8.03	   5.19
	 -0.443	  0.249	  0.861
	 -0.209	 -0.963	  0.171
	  0.872	 -0.104	  0.479

6 	  32.04	  10.51	  16.72
	 -0.401	 -0.000	  0.916
	 -0.375	  0.912	 -0.164
	 -0.836	 -0.409	 -0.366

7 	  40.36	  -9.49	  -3.29
	  0.431	 -0.842	  0.324
	  0.901	  0.415	 -0.121
	 -0.033	  0.345	  0.938

8 	  32.48	 -11.44	   4.04
	 -0.477	 -0.184	  0.859
	  0.499	 -0.862	  0.092
	  0.724	  0.473	  0.503

9 	  30.08	 -13.99	  15.26
	 -0.491	 -0.110	  0.864
	  0.495	  0.781	  0.380
	 -0.717	  0.614	 -0.329

2 	  32.57	  -8.35	  22.90
	  0.186	  0.963	 -0.192
	 -0.980	  0.196	  0.032
	  0.069	  0.182	  0.981

3 	  44.98	  -0.88	   2.94
	  0.358	  0.190	  0.914
	  0.132	  0.959	 -0.251
	 -0.924	  0.210	  0.318

4 	  39.92	   5.89	  -3.41
	  0.419	  0.876	  0.239
	 -0.906	  0.384	  0.177
	  0.063	 -0.291	  0.955

5 	  33.01	   8.02	   5.10
	 -0.450	  0.249	  0.857
	 -0.214	 -0.962	  0.167
	  0.867	 -0.108	  0.487

6 	  31.89	  10.51	  16.63
	 -0.413	  0.003	  0.911
	 -0.358	  0.919	 -0.166
	 -0.837	 -0.394	 -0.378

7 	  40.29	  -9.49	  -3.32
	  0.420	 -0.848	  0.323
	  0.906	  0.406	 -0.115
	 -0.034	  0.341	  0.939

8 	  32.34	 -11.39	   3.97
	 -0.488	 -0.183	  0.853
	  0.490	 -0.866	  0.094
	  0.722	  0.465	  0.512

9 	  29.85	 -13.97	  15.10
	 -0.501	 -0.110	  0.859
	  0.494	  0.778	  0.387
	 -0.711	  0.618	 -0.336

2 	  32.57	  -8.37	  22.90
	  0.186	  0.963	 -0.192
	 -0.980	  0.196	  0.032
	  0.069	  0.182	  0.981

3 	  44.96	  -0.90	   2.90
	  0.361	  0.188	  0.913
	  0.132	  0.959	 -0.250
	 -0.923	  0.211	  0.321

4 	  39.90	   5.87	  -3.41
	  0.417	  0.877	  0.238
	 -0.906	  0.383	  0.176
	  0.063	 -0.290	  0.955

5 	  32.98	   8.00	   5.03
	 -0.456	  0.251	  0.854
	 -0.215	 -0.962	  0.167
	  0.863	 -0.107	  0.493

6 	  31.73	  10.58	  16.52
	 -0.422	  0.008	  0.906
	 -0.354	  0.919	 -0.173
	 -0.834	 -0.393	 -0.385

7 	  40.25	  -9.49	  -3.32
	  0.416	 -0.850	  0.322
	  0.908	  0.401	 -0.113
	 -0.033	  0.340	  0.940

8 	  32.34	 -11.37	   3.94
	 -0.490	 -0.184	  0.852
	  0.489	 -0.867	  0.093
	  0.722	  0.462	  0.515

9 	  29.85	 -13.97	  15.06
	 -0.503	 -0.110	  0.857
	  0.493	  0.778	  0.389
	 -0.710	  0.618	 -0.337

2 	  32.57	  -8.37	  22.90
	  0.186	  0.963	 -0.192
	 -0.980	  0.196	  0.032
	  0.069	  0.182	  0.981

3 	  44.95	  -0.90	   2.90
	  0.363	  0.187	  0.913
	  0.132	  0.959	 -0.250
	 -0.922	  0.211	  0.323

4 	  39.90	   5.85	  -3.43
	  0.414	  0.879	  0.236
	 -0.908	  0.380	  0.176
	  0.065	 -0.288	  0.955

5 	  32.91	   7.98	   4.99
	 -0.460	  0.252	  0.851
	 -0.213	 -0.962	  0.170
	  0.862	 -0.103	  0.495

6 	  31.68	  10.56	  16.49
	 -0.425	  0.010	  0.905
	 -0.352	  0.919	 -0.176
	 -0.834	 -0.393	 -0.387

7 	  40.25	  -9.49	  -3.32
	  0.415	 -0.851	  0.322
	  0.909	  0.401	 -0.113
	 -0.033	  0.340	  0.940

8 	  32.34	 -11.39	   3.92
	 -0.491	 -0.187	  0.851
	  0.491	 -0.866	  0.093
	  0.720	  0.464	  0.516

9 	  29.79	 -13.99	  15.03
	 -0.507	 -0.111	  0.855
	  0.489	  0.780	  0.391
	 -0.710	  0.616	 -0.341

2 	  32.55	  -8.37	  22.92
	  0.186	  0.963	 -0.192
	 -0.980	  0.196	  0.032
	  0.069	  0.182	  0.981

3 	  44.95	  -0.90	   2.90
	  0.364	  0.187	  0.912
	  0.131	  0.959	 -0.249
	 -0.922	  0.210	  0.325

4 	  39.88	   5.84	  -3.46
	  0.411	  0.881	  0.234
	 -0.909	  0.377	  0.176
	  0.067	 -0.286	  0.956

5 	  32.89	   7.96	   4.96
	 -0.463	  0.253	  0.849
	 -0.210	 -0.962	  0.172
	  0.861	 -0.098	  0.498

6 	  31.59	  10.58	  16.42
	 -0.430	  0.013	  0.902
	 -0.348	  0.920	 -0.179
	 -0.833	 -0.391	 -0.391

7 	  40.25	  -9.49	  -3.32
	  0.416	 -0.850	  0.322
	  0.909	  0.401	 -0.113
	 -0.033	  0.340	  0.940

8 	  32.34	 -11.39	   3.90
	 -0.492	 -0.186	  0.850
	  0.491	 -0.866	  0.096
	  0.718	  0.465	  0.517

9 	  29.79	 -13.99	  15.03
	 -0.510	 -0.109	  0.853
	  0.487	  0.781	  0.390
	 -0.709	  0.614	 -0.346

2 	  32.57	  -8.37	  22.90
	  0.186	  0.963	 -0.192
	 -0.980	  0.196	  0.032
	  0.069	  0.182	  0.981

3 	  44.95	  -0.91	   2.90
	  0.364	  0.187	  0.912
	  0.129	  0.960	 -0.249
	 -0.922	  0.208	  0.325

4 	  39.87	   5.85	  -3.45
	  0.409	  0.882	  0.234
	 -0.910	  0.375	  0.176
	  0.067	 -0.285	  0.956

5 	  32.89	   7.96	   4.96
	 -0.464	  0.254	  0.849
	 -0.209	 -0.962	  0.174
	  0.861	 -0.097	  0.499

6 	  31.62	  10.60	  16.42
	 -0.430	  0.015	  0.902
	 -0.344	  0.922	 -0.180
	 -0.835	 -0.387	 -0.391

7 	  40.25	  -9.49	  -3.32
	  0.415	 -0.851	  0.322
	  0.909	  0.401	 -0.113
	 -0.033	  0.340	  0.940

8 	  32.34	 -11.39	   3.90
	 -0.493	 -0.185	  0.850
	  0.491	 -0.866	  0.096
	  0.718	  0.465	  0.518

9 	  29.78	 -13.97	  15.03
	 -0.511	 -0.109	  0.853
	  0.487	  0.781	  0.391
	 -0.709	  0.614	 -0.346

2 	  32.57	  -8.37	  22.90
	  0.186	  0.963	 -0.192
	 -0.980	  0.196	  0.032
	  0.069	  0.182	  0.981

3 	  44.95	  -0.91	   2.88
	  0.364	  0.187	  0.912
	  0.128	  0.960	 -0.248
	 -0.922	  0.207	  0.326

4 	  39.87	   5.84	  -3.46
	  0.409	  0.882	  0.233
	 -0.910	  0.376	  0.176
	  0.068	 -0.284	  0.956

5 	  32.91	   8.00	   4.96
	 -0.461	  0.256	  0.849
	 -0.210	 -0.962	  0.175
	  0.862	 -0.098	  0.497

6 	  31.68	  10.65	  16.42
	 -0.428	  0.018	  0.903
	 -0.339	  0.923	 -0.179
	 -0.837	 -0.383	 -0.389

7 	  40.27	  -9.49	  -3.34
	  0.415	 -0.851	  0.322
	  0.909	  0.400	 -0.114
	 -0.032	  0.340	  0.940

8 	  32.31	 -11.37	   3.87
	 -0.494	 -0.187	  0.849
	  0.489	 -0.867	  0.094
	  0.719	  0.462	  0.519

9 	  29.76	 -13.99	  14.99
	 -0.512	 -0.109	  0.852
	  0.487	  0.780	  0.393
	 -0.708	  0.616	 -0.347

2 	  32.57	  -8.37	  22.90
	  0.186	  0.963	 -0.192
	 -0.980	  0.196	  0.032
	  0.069	  0.182	  0.981

3 	  44.96	  -0.91	   2.87
	  0.364	  0.186	  0.912
	  0.128	  0.960	 -0.247
	 -0.922	  0.207	  0.326

4 	  39.87	   5.84	  -3.46
	  0.409	  0.882	  0.231
	 -0.910	  0.375	  0.177
	  0.069	 -0.283	  0.956

5 	  32.92	   8.00	   4.96
	 -0.461	  0.256	  0.849
	 -0.210	 -0.962	  0.176
	  0.862	 -0.098	  0.497

6 	  31.68	  10.65	  16.40
	 -0.428	  0.019	  0.903
	 -0.338	  0.924	 -0.179
	 -0.838	 -0.382	 -0.389

7 	  40.25	  -9.49	  -3.34
	  0.414	 -0.852	  0.321
	  0.909	  0.400	 -0.114
	 -0.031	  0.339	  0.940

8 	  32.31	 -11.37	   3.85
	 -0.496	 -0.187	  0.848
	  0.488	 -0.868	  0.093
	  0.718	  0.460	  0.521

9 	  29.71	 -14.01	  14.94
	 -0.516	 -0.111	  0.849
	  0.485	  0.779	  0.396
	 -0.706	  0.616	 -0.348

2 	  32.55	  -8.37	  22.92
	  0.186	  0.963	 -0.192
	 -0.980	  0.196	  0.032
	  0.069	  0.182	  0.981

3 	  44.96	  -0.91	   2.85
	  0.365	  0.185	  0.912
	  0.127	  0.961	 -0.246
	 -0.922	  0.206	  0.327

4 	  39.85	   5.84	  -3.48
	  0.410	  0.882	  0.229
	 -0.909	  0.376	  0.178
	  0.071	 -0.282	  0.957

5 	  32.96	   8.00	   4.97
	 -0.457	  0.257	  0.852
	 -0.210	 -0.961	  0.177
	  0.864	 -0.098	  0.493

6 	  31.78	  10.63	  16.42
	 -0.424	  0.020	  0.905
	 -0.335	  0.925	 -0.177
	 -0.841	 -0.379	 -0.386

7 	  40.22	  -9.49	  -3.34
	  0.414	 -0.852	  0.320
	  0.910	  0.399	 -0.115
	 -0.030	  0.339	  0.940

8 	  32.29	 -11.37	   3.85
	 -0.496	 -0.188	  0.848
	  0.487	 -0.868	  0.093
	  0.719	  0.459	  0.521

9 	  29.71	 -14.01	  14.94
	 -0.516	 -0.111	  0.849
	  0.486	  0.779	  0.396
	 -0.706	  0.617	 -0.348

2 	  32.57	  -8.37	  22.90
	  0.186	  0.963	 -0.192
	 -0.980	  0.196	  0.032
	  0.069	  0.182	  0.981

3 	  44.96	  -0.91	   2.83
	  0.365	  0.185	  0.912
	  0.127	  0.961	 -0.246
	 -0.922	  0.206	  0.327

4 	  39.85	   5.84	  -3.50
	  0.411	  0.883	  0.227
	 -0.909	  0.376	  0.180
	  0.073	 -0.281	  0.957

5 	  32.98	   8.00	   4.99
	 -0.453	  0.257	  0.854
	 -0.210	 -0.961	  0.178
	  0.866	 -0.098	  0.489

6 	  31.83	  10.63	  16.44
	 -0.421	  0.020	  0.907
	 -0.335	  0.925	 -0.176
	 -0.843	 -0.378	 -0.383

7 	  40.22	  -9.49	  -3.34
	  0.414	 -0.852	  0.320
	  0.910	  0.398	 -0.116
	 -0.029	  0.339	  0.940

8 	  32.27	 -11.36	   3.88
	 -0.494	 -0.186	  0.849
	  0.488	 -0.868	  0.093
	  0.720	  0.460	  0.519

9 	  29.74	 -13.97	  14.98
	 -0.513	 -0.109	  0.851
	  0.487	  0.780	  0.393
	 -0.707	  0.616	 -0.347

2 	  32.55	  -8.37	  22.92
	  0.186	  0.963	 -0.192
	 -0.980	  0.196	  0.032
	  0.069	  0.182	  0.981

3 	  44.96	  -0.91	   2.81
	  0.366	  0.185	  0.912
	  0.127	  0.961	 -0.246
	 -0.922	  0.206	  0.328

4 	  39.81	   5.82	  -3.52
	  0.411	  0.883	  0.224
	 -0.908	  0.376	  0.182
	  0.076	 -0.279	  0.957

5 	  32.94	   7.98	   4.99
	 -0.452	  0.257	  0.854
	 -0.209	 -0.961	  0.179
	  0.867	 -0.098	  0.488

6 	  31.83	  10.63	  16.44
	 -0.421	  0.020	  0.907
	 -0.334	  0.926	 -0.176
	 -0.843	 -0.377	 -0.383

7 	  40.20	  -9.49	  -3.34
	  0.413	 -0.853	  0.320
	  0.910	  0.397	 -0.117
	 -0.028	  0.339	  0.940

8 	  32.26	 -11.36	   3.87
	 -0.495	 -0.186	  0.849
	  0.487	 -0.868	  0.093
	  0.720	  0.460	  0.520

9 	  29.69	 -14.01	  14.98
	 -0.518	 -0.108	  0.848
	  0.485	  0.779	  0.396
	 -0.704	  0.617	 -0.352

2 	  32.57	  -8.37	  22.90
	  0.186	  0.963	 -0.192
	 -0.980	  0.196	  0.032
	  0.068	  0.182	  0.981

3 	  44.96	  -0.91	   2.81
	  0.366	  0.185	  0.912
	  0.127	  0.961	 -0.246
	 -0.922	  0.205	  0.328

4 	  39.80	   5.80	  -3.52
	  0.410	  0.884	  0.223
	 -0.909	  0.375	  0.182
	  0.077	 -0.278	  0.957

5 	  32.92	   7.98	   5.01
	 -0.453	  0.257	  0.854
	 -0.205	 -0.962	  0.180
	  0.868	 -0.093	  0.488

6 	  31.78	  10.63	  16.45
	 -0.422	  0.021	  0.906
	 -0.332	  0.926	 -0.177
	 -0.844	 -0.376	 -0.383

7 	  40.20	  -9.49	  -3.34
	  0.413	 -0.853	  0.320
	  0.910	  0.397	 -0.117
	 -0.028	  0.339	  0.940

8 	  32.24	 -11.36	   3.87
	 -0.497	 -0.187	  0.847
	  0.486	 -0.869	  0.093
	  0.719	  0.458	  0.523

9 	  29.65	 -13.99	  14.96
	 -0.520	 -0.108	  0.847
	  0.485	  0.779	  0.397
	 -0.703	  0.617	 -0.353

2 	  32.55	  -8.37	  22.92
	  0.186	  0.963	 -0.192
	 -0.980	  0.196	  0.032
	  0.069	  0.182	  0.981

3 	  44.98	  -0.93	   2.81
	  0.366	  0.184	  0.912
	  0.127	  0.961	 -0.245
	 -0.922	  0.205	  0.328

4 	  39.80	   5.80	  -3.52
	  0.409	  0.885	  0.222
	 -0.909	  0.374	  0.182
	  0.078	 -0.277	  0.957

5 	  32.92	   7.96	   5.03
	 -0.452	  0.256	  0.854
	 -0.203	 -0.962	  0.180
	  0.869	 -0.092	  0.487

6 	  31.80	  10.63	  16.47
	 -0.420	  0.020	  0.907
	 -0.334	  0.926	 -0.176
	 -0.843	 -0.377	 -0.382

7 	  40.18	  -9.47	  -3.34
	  0.413	 -0.853	  0.319
	  0.910	  0.397	 -0.117
	 -0.027	  0.339	  0.940

8 	  32.26	 -11.34	   3.87
	 -0.496	 -0.188	  0.847
	  0.486	 -0.869	  0.093
	  0.719	  0.458	  0.522

9 	  29.71	 -13.99	  14.98
	 -0.517	 -0.108	  0.849
	  0.487	  0.779	  0.395
	 -0.704	  0.617	 -0.350

2 	  32.55	  -8.37	  22.92
	  0.187	  0.963	 -0.192
	 -0.980	  0.196	  0.032
	  0.069	  0.182	  0.981

3 	  44.96	  -0.91	   2.81
	  0.365	  0.184	  0.912
	  0.126	  0.961	 -0.245
	 -0.922	  0.204	  0.327

4 	  39.78	   5.82	  -3.50
	  0.408	  0.885	  0.222
	 -0.909	  0.373	  0.182
	  0.078	 -0.277	  0.958

5 	  32.91	   7.98	   5.08
	 -0.450	  0.254	  0.856
	 -0.200	 -0.963	  0.180
	  0.870	 -0.090	  0.484

6 	  31.90	  10.60	  16.56
	 -0.412	  0.017	  0.911
	 -0.340	  0.925	 -0.171
	 -0.846	 -0.380	 -0.375

7 	  40.18	  -9.47	  -3.34
	  0.414	 -0.853	  0.318
	  0.910	  0.398	 -0.118
	 -0.027	  0.338	  0.940

8 	  32.29	 -11.34	   4.03
	 -0.484	 -0.186	  0.855
	  0.490	 -0.867	  0.089
	  0.724	  0.463	  0.511

9 	  30.01	 -13.94	  15.19
	 -0.496	 -0.105	  0.862
	  0.500	  0.777	  0.382
	 -0.710	  0.620	 -0.333

2 	  32.57	  -8.37	  22.90
	  0.186	  0.963	 -0.192
	 -0.980	  0.196	  0.032
	  0.069	  0.182	  0.981

3 	  44.95	  -0.91	   2.83
	  0.362	  0.184	  0.913
	  0.129	  0.961	 -0.245
	 -0.923	  0.206	  0.324

4 	  39.78	   5.84	  -3.48
	  0.409	  0.885	  0.222
	 -0.909	  0.374	  0.184
	  0.079	 -0.277	  0.957

5 	  33.05	   8.00	   5.27
	 -0.429	  0.254	  0.867
	 -0.201	 -0.962	  0.183
	  0.881	 -0.096	  0.464

6 	  32.45	  10.62	  16.77
	 -0.377	  0.019	  0.926
	 -0.352	  0.922	 -0.163
	 -0.857	 -0.387	 -0.341

7 	  40.15	  -9.47	  -3.25
	  0.423	 -0.850	  0.313
	  0.906	  0.404	 -0.128
	 -0.018	  0.338	  0.941

8 	  32.48	 -11.30	   4.31
	 -0.456	 -0.186	  0.870
	  0.497	 -0.864	  0.075
	  0.738	  0.467	  0.487

9 	  30.64	 -13.90	  15.52
	 -0.458	 -0.106	  0.883
	  0.516	  0.777	  0.360
	 -0.724	  0.620	 -0.302

2 	  32.55	  -8.37	  22.92
	  0.186	  0.963	 -0.192
	 -0.980	  0.196	  0.032
	  0.069	  0.182	  0.981

3 	  44.98	  -0.88	   2.87
	  0.356	  0.187	  0.915
	  0.137	  0.958	 -0.249
	 -0.924	  0.214	  0.316

4 	  39.76	   5.87	  -3.48
	  0.420	  0.882	  0.214
	 -0.904	  0.384	  0.189
	  0.085	 -0.273	  0.958

5 	  33.22	   8.09	   5.40
	 -0.409	  0.257	  0.875
	 -0.214	 -0.960	  0.181
	  0.887	 -0.114	  0.447

6 	  32.80	  10.72	  16.89
	 -0.360	  0.022	  0.932
	 -0.348	  0.924	 -0.156
	 -0.866	 -0.381	 -0.325

7 	  40.08	  -9.39	  -3.29
	  0.441	 -0.845	  0.301
	  0.897	  0.415	 -0.152
	  0.003	  0.337	  0.941

8 	  32.62	 -11.32	   4.55
	 -0.415	 -0.188	  0.890
	  0.503	 -0.862	  0.053
	  0.758	  0.470	  0.452

9 	  31.38	 -13.87	  15.87
	 -0.409	 -0.106	  0.906
	  0.533	  0.778	  0.332
	 -0.740	  0.619	 -0.262

2 	  32.57	  -8.35	  22.90
	  0.186	  0.963	 -0.192
	 -0.980	  0.196	  0.032
	  0.069	  0.182	  0.981

3 	  44.95	  -0.91	   2.87
	  0.356	  0.191	  0.915
	  0.149	  0.954	 -0.258
	 -0.922	  0.228	  0.311

4 	  39.78	   5.85	  -3.50
	  0.427	  0.880	  0.209
	 -0.900	  0.391	  0.194
	  0.089	 -0.271	  0.958

5 	  33.29	   8.14	   5.45
	 -0.399	  0.257	  0.880
	 -0.223	 -0.958	  0.179
	  0.889	 -0.125	  0.439

6 	  33.08	  10.71	  17.00
