2 	  32.87	  -7.07	  22.73
	  0.658	  0.752	 -0.023
	 -0.754	  0.657	 -0.018
	  0.003	  0.029	  0.999

3 	  46.35	  -2.04	   2.30
	  0.493	  0.120	  0.861
	 -0.176	  0.984	 -0.038
	 -0.853	 -0.132	  0.505

4 	  41.96	   4.97	  -2.00
	  0.505	  0.857	  0.101
	 -0.812	  0.431	  0.393
	  0.295	 -0.281	  0.913

5 	  45.05	   7.47	   9.46
	  0.688	 -0.013	  0.725
	 -0.597	 -0.580	  0.554
	  0.415	 -0.814	 -0.407

6 	  52.24	   1.27	   8.35
	  0.586	 -0.796	 -0.151
	  0.231	 -0.022	  0.973
	 -0.780	 -0.603	  0.167

7 	  41.50	  -8.37	  -2.25
	  0.576	 -0.812	 -0.094
	  0.722	  0.558	 -0.410
	  0.387	  0.168	  0.906

8 	  47.37	 -10.56	   8.19
	  0.652	  0.258	  0.713
	  0.758	 -0.192	 -0.623
	 -0.027	  0.946	 -0.321

9 	  50.61	  -1.20	   9.05
	 -0.038	  0.999	 -0.023
	 -0.357	 -0.035	 -0.933
	 -0.933	 -0.028	  0.358

2 	  32.89	  -7.07	  22.73
	  0.658	  0.752	 -0.023
	 -0.754	  0.657	 -0.018
	  0.003	  0.029	  0.999

3 	  46.34	  -2.00	   2.32
	  0.493	  0.120	  0.862
	 -0.174	  0.984	 -0.040
	 -0.853	 -0.129	  0.505

4 	  41.92	   4.97	  -1.99
	  0.506	  0.856	  0.103
	 -0.812	  0.431	  0.394
	  0.294	 -0.283	  0.913

5 	  45.04	   7.47	   9.47
	  0.688	 -0.013	  0.725
	 -0.597	 -0.580	  0.555
	  0.414	 -0.814	 -0.407

6 	  52.24	   1.28	   8.37
	  0.587	 -0.796	 -0.151
	  0.231	 -0.022	  0.973
	 -0.780	 -0.604	  0.167

7 	  41.48	  -8.35	  -2.25
	  0.576	 -0.812	 -0.094
	  0.721	  0.558	 -0.411
	  0.387	  0.168	  0.906

8 	  47.34	 -10.56	   8.17
	  0.653	  0.258	  0.711
	  0.757	 -0.190	 -0.625
	 -0.029	  0.947	 -0.320

9 	  50.59	  -1.20	   9.04
	 -0.038	  0.999	 -0.021
	 -0.358	 -0.034	 -0.933
	 -0.933	 -0.028	  0.359

2 	  32.87	  -7.05	  22.73
	  0.658	  0.752	 -0.023
	 -0.754	  0.657	 -0.018
	  0.003	  0.029	  0.999

3 	  46.32	  -2.02	   2.32
	  0.493	  0.119	  0.862
	 -0.172	  0.984	 -0.039
	 -0.853	 -0.128	  0.505

4 	  41.91	   4.97	  -1.99
	  0.507	  0.856	  0.104
	 -0.811	  0.431	  0.396
	  0.295	 -0.284	  0.912

5 	  45.02	   7.45	   9.47
	  0.689	 -0.014	  0.724
	 -0.597	 -0.579	  0.556
	  0.413	 -0.814	 -0.408

6 	  52.22	   1.28	   8.35
	  0.586	 -0.795	 -0.152
	  0.231	 -0.023	  0.972
	 -0.780	 -0.604	  0.166

7 	  41.47	  -8.33	  -2.25
	  0.576	 -0.812	 -0.095
	  0.720	  0.558	 -0.411
	  0.388	  0.168	  0.906

8 	  47.34	 -10.55	   8.17
	  0.653	  0.259	  0.711
	  0.757	 -0.189	 -0.626
	 -0.031	  0.947	 -0.320

9 	  50.59	  -1.18	   9.04
	 -0.039	  0.999	 -0.021
	 -0.358	 -0.034	 -0.933
	 -0.933	 -0.029	  0.359

2 	  32.87	  -7.07	  22.73
	  0.658	  0.752	 -0.023
	 -0.754	  0.657	 -0.018
	  0.003	  0.029	  0.999

3 	  46.32	  -2.00	   2.32
	  0.493	  0.119	  0.861
	 -0.173	  0.984	 -0.039
	 -0.853	 -0.129	  0.506

4 	  41.89	   4.99	  -1.99
	  0.507	  0.856	  0.104
	 -0.811	  0.430	  0.397
	  0.296	 -0.285	  0.911

5 	  45.02	   7.47	   9.47
	  0.691	 -0.014	  0.723
	 -0.595	 -0.579	  0.557
	  0.412	 -0.814	 -0.408

6 	  52.22	   1.28	   8.33
	  0.586	 -0.795	 -0.153
	  0.232	 -0.023	  0.972
	 -0.780	 -0.604	  0.167

7 	  41.45	  -8.33	  -2.25
	  0.576	 -0.812	 -0.094
	  0.721	  0.558	 -0.411
	  0.388	  0.168	  0.906

8 	  47.36	 -10.55	   8.16
	  0.655	  0.258	  0.710
	  0.755	 -0.189	 -0.627
	 -0.031	  0.947	 -0.319

9 	  50.57	  -1.18	   9.04
	 -0.039	  0.999	 -0.021
	 -0.359	 -0.033	 -0.933
	 -0.932	 -0.029	  0.360

2 	  32.87	  -7.05	  22.73
	  0.658	  0.752	 -0.023
	 -0.754	  0.657	 -0.018
	  0.003	  0.029	  0.999

3 	  46.30	  -2.00	   2.29
	  0.496	  0.118	  0.860
	 -0.175	  0.984	 -0.036
	 -0.851	 -0.131	  0.509

4 	  41.89	   5.01	  -1.97
	  0.508	  0.855	  0.104
	 -0.810	  0.431	  0.398
	  0.296	 -0.286	  0.911

5 	  45.02	   7.49	   9.46
	  0.692	 -0.013	  0.721
	 -0.594	 -0.579	  0.558
	  0.412	 -0.814	 -0.409

6 	  52.24	   1.30	   8.33
	  0.586	 -0.796	 -0.153
	  0.233	 -0.023	  0.972
	 -0.780	 -0.603	  0.168

7 	  41.47	  -8.31	  -2.23
	  0.577	 -0.811	 -0.096
	  0.720	  0.559	 -0.411
	  0.389	  0.168	  0.906

8 	  47.37	 -10.55	   8.16
	  0.656	  0.259	  0.709
	  0.755	 -0.188	 -0.628
	 -0.033	  0.947	 -0.319

9 	  50.59	  -1.16	   9.04
	 -0.039	  0.999	 -0.020
	 -0.360	 -0.033	 -0.932
	 -0.932	 -0.029	  0.360

2 	  32.87	  -7.05	  22.73
	  0.658	  0.753	 -0.023
	 -0.754	  0.657	 -0.018
	  0.003	  0.029	  0.999

3 	  46.32	  -1.99	   2.29
	  0.497	  0.118	  0.859
	 -0.175	  0.984	 -0.036
	 -0.850	 -0.132	  0.509

4 	  41.91	   5.01	  -1.97
	  0.508	  0.855	  0.104
	 -0.809	  0.431	  0.399
	  0.298	 -0.287	  0.910

5 	  45.07	   7.49	   9.46
	  0.694	 -0.015	  0.720
	 -0.593	 -0.579	  0.559
	  0.411	 -0.814	 -0.411

6 	  52.24	   1.28	   8.31
	  0.584	 -0.796	 -0.154
	  0.235	 -0.023	  0.972
	 -0.780	 -0.602	  0.169

7 	  41.47	  -8.31	  -2.23
	  0.577	 -0.812	 -0.095
	  0.719	  0.559	 -0.412
	  0.390	  0.169	  0.905

8 	  47.37	 -10.55	   8.14
	  0.657	  0.259	  0.708
	  0.754	 -0.189	 -0.629
	 -0.032	  0.947	 -0.320

9 	  50.61	  -1.18	   9.02
	 -0.038	  0.999	 -0.020
	 -0.362	 -0.033	 -0.932
	 -0.932	 -0.028	  0.363

2 	  32.87	  -7.05	  22.73
	  0.658	  0.752	 -0.023
	 -0.754	  0.657	 -0.018
	  0.003	  0.029	  0.999

3 	  46.32	  -1.99	   2.25
	  0.497	  0.118	  0.859
	 -0.171	  0.984	 -0.038
	 -0.851	 -0.127	  0.510

4 	  41.89	   5.03	  -1.97
	  0.510	  0.853	  0.105
	 -0.807	  0.432	  0.401
	  0.298	 -0.289	  0.910

5 	  45.09	   7.47	   9.46
	  0.696	 -0.016	  0.718
	 -0.590	 -0.583	  0.558
	  0.411	 -0.811	 -0.415

6 	  52.29	   1.32	   8.24
	  0.590	 -0.791	 -0.161
	  0.241	 -0.024	  0.970
	 -0.775	 -0.609	  0.173

7 	  41.45	  -8.31	  -2.25
	  0.576	 -0.812	 -0.096
	  0.718	  0.558	 -0.414
	  0.392	  0.170	  0.904

8 	  47.39	 -10.53	   8.12
	  0.659	  0.260	  0.705
	  0.751	 -0.189	 -0.632
	 -0.035	  0.946	 -0.321

9 	  50.70	  -1.14	   8.96
	 -0.054	  0.998	 -0.016
	 -0.378	 -0.035	 -0.925
	 -0.924	 -0.044	  0.379

2 	  32.87	  -7.07	  22.73
	  0.658	  0.752	 -0.023
	 -0.754	  0.657	 -0.018
	  0.003	  0.029	  0.999

3 	  46.30	  -2.00	   2.27
	  0.496	  0.118	  0.860
	 -0.167	  0.985	 -0.040
	 -0.852	 -0.123	  0.508

4 	  41.89	   5.01	  -1.95
	  0.511	  0.853	  0.104
	 -0.808	  0.433	  0.400
	  0.297	 -0.288	  0.910

5 	  45.04	   7.42	   9.49
	  0.697	 -0.018	  0.717
	 -0.586	 -0.592	  0.553
	  0.416	 -0.805	 -0.423

6 	  52.33	   1.37	   8.24
	  0.601	 -0.781	 -0.170
	  0.244	 -0.030	  0.969
	 -0.766	 -0.621	  0.169

7 	  41.43	  -8.31	  -2.25
	  0.577	 -0.811	 -0.096
	  0.718	  0.558	 -0.416
	  0.392	  0.171	  0.904

8 	  47.41	 -10.51	   8.10
	  0.664	  0.262	  0.700
	  0.747	 -0.188	 -0.638
	 -0.040	  0.946	 -0.321

9 	  50.70	  -1.16	   8.93
	 -0.060	  0.998	 -0.014
	 -0.382	 -0.035	 -0.924
	 -0.922	 -0.051	  0.383

2 	  32.87	  -7.07	  22.73
	  0.658	  0.752	 -0.023
	 -0.754	  0.657	 -0.018
	  0.003	  0.029	  0.999

3 	  46.28	  -2.00	   2.27
	  0.494	  0.118	  0.861
	 -0.164	  0.985	 -0.042
	 -0.854	 -0.119	  0.506

4 	  41.87	   5.03	  -1.95
	  0.511	  0.853	  0.104
	 -0.808	  0.434	  0.399
	  0.297	 -0.287	  0.910

5 	  45.04	   7.40	   9.51
	  0.697	 -0.021	  0.716
	 -0.584	 -0.597	  0.551
	  0.417	 -0.801	 -0.428

6 	  52.37	   1.48	   8.19
	  0.614	 -0.767	 -0.185
	  0.245	 -0.044	  0.968
	 -0.755	 -0.637	  0.157

7 	  41.41	  -8.30	  -2.27
	  0.576	 -0.812	 -0.097
	  0.718	  0.558	 -0.415
	  0.393	  0.169	  0.904

8 	  47.41	 -10.51	   8.10
	  0.666	  0.263	  0.698
	  0.745	 -0.190	 -0.639
	 -0.039	  0.946	 -0.322

9 	  50.73	  -1.21	   8.89
	 -0.026	  0.999	 -0.030
	 -0.378	 -0.037	 -0.925
	 -0.926	 -0.013	  0.378

2 	  32.87	  -7.07	  22.73
	  0.658	  0.752	 -0.023
	 -0.754	  0.657	 -0.018
	  0.003	  0.029	  0.999

3 	  46.28	  -2.00	   2.29
	  0.492	  0.117	  0.862
	 -0.161	  0.986	 -0.044
	 -0.856	 -0.116	  0.503

4 	  41.89	   5.03	  -1.95
	  0.512	  0.852	  0.104
	 -0.808	  0.435	  0.397
	  0.294	 -0.287	  0.911

5 	  45.00	   7.33	   9.54
	  0.702	 -0.021	  0.712
	 -0.578	 -0.602	  0.551
	  0.418	 -0.797	 -0.435

6 	  52.49	   1.62	   8.09
	  0.632	 -0.748	 -0.200
	  0.245	 -0.058	  0.967
	 -0.739	 -0.659	  0.142

7 	  41.38	  -8.30	  -2.27
	  0.574	 -0.813	 -0.098
	  0.719	  0.557	 -0.416
	  0.394	  0.168	  0.904

8 	  47.30	 -10.56	   8.12
	  0.675	  0.249	  0.693
	  0.737	 -0.216	 -0.640
	 -0.012	  0.944	 -0.330

9 	  50.91	  -1.44	   8.93
	  0.014	  0.999	 -0.030
	 -0.370	 -0.024	 -0.929
	 -0.929	  0.024	  0.369

2 	  32.87	  -7.07	  22.73
	  0.658	  0.752	 -0.023
	 -0.754	  0.657	 -0.018
	  0.003	  0.029	  0.999

3 	  46.25	  -2.06	   2.32
	  0.488	  0.113	  0.865
	 -0.145	  0.988	 -0.049
	 -0.861	 -0.101	  0.498

4 	  41.89	   5.01	  -1.92
	  0.520	  0.847	  0.112
	 -0.805	  0.440	  0.397
	  0.288	 -0.297	  0.910

5 	  45.09	   7.28	   9.54
	  0.723	  0.002	  0.691
	 -0.539	 -0.625	  0.565
	  0.434	 -0.780	 -0.451

6 	  52.88	   2.34	   7.80
	  0.692	 -0.684	 -0.227
	  0.289	 -0.032	  0.956
	 -0.668	 -0.725	  0.171

7 	  41.33	  -8.31	  -2.27
	  0.566	 -0.819	 -0.098
	  0.725	  0.549	 -0.415
	  0.395	  0.163	  0.904

8 	  47.14	 -10.72	   8.16
	  0.695	  0.207	  0.688
	  0.718	 -0.267	 -0.643
	  0.048	  0.941	 -0.334

9 	  51.38	  -1.93	   8.84
	  0.110	  0.994	 -0.005
	 -0.423	  0.040	 -0.905
	 -0.900	  0.101	  0.424

2 	  32.87	  -7.05	  22.73
	  0.658	  0.752	 -0.023
	 -0.754	  0.657	 -0.018
	  0.003	  0.029	  0.999

3 	  46.27	  -2.09	   2.32
	  0.480	  0.115	  0.869
	 -0.134	  0.989	 -0.058
	 -0.867	 -0.088	  0.490

4 	  41.89	   5.01	  -1.92
	  0.520	  0.846	  0.116
	 -0.806	  0.440	  0.395
	  0.284	 -0.298	  0.911

5 	  45.04	   7.31	   9.53
	  0.735	  0.031	  0.677
	 -0.493	 -0.663	  0.564
	  0.468	 -0.747	 -0.472

6 	  53.16	   3.22	   7.65
	  0.759	 -0.604	 -0.242
	  0.317	  0.011	  0.948
	 -0.576	 -0.794	  0.195

7 	  41.34	  -8.31	  -2.27
	  0.564	 -0.820	 -0.097
	  0.725	  0.547	 -0.418
	  0.398	  0.164	  0.902

8 	  46.88	 -10.90	   8.21
	  0.708	  0.156	  0.688
	  0.693	 -0.340	 -0.636
	  0.133	  0.927	 -0.349

9 	  51.96	  -2.62	   8.88
	  0.237	  0.971	  0.009
	 -0.421	  0.106	 -0.901
	 -0.878	  0.208	  0.432

2 	  32.87	  -7.07	  22.73
	  0.658	  0.752	 -0.023
	 -0.754	  0.657	 -0.018
	  0.003	  0.029	  0.999

3 	  46.27	  -2.07	   2.34
	  0.474	  0.117	  0.873
	 -0.127	  0.990	 -0.065
	 -0.872	 -0.080	  0.483

4 	  41.89	   5.03	  -1.90
	  0.517	  0.848	  0.118
	 -0.810	  0.438	  0.390
	  0.280	 -0.297	  0.913

5 	  44.96	   7.26	   9.56
	  0.740	  0.043	  0.671
	 -0.464	 -0.690	  0.555
	  0.489	 -0.721	 -0.491

6 	  53.28	   3.92	   7.59
	  0.809	 -0.529	 -0.255
	  0.340	  0.061	  0.938
	 -0.488	 -0.844	  0.224

7 	  41.36	  -8.30	  -2.27
	  0.561	 -0.822	 -0.094
	  0.727	  0.543	 -0.420
	  0.398	  0.166	  0.902

8 	  46.71	 -10.99	   8.28
	  0.717	  0.127	  0.685
	  0.672	 -0.387	 -0.632
	  0.184	  0.913	 -0.363

9 	  52.44	  -3.32	   8.86
	  0.345	  0.938	  0.003
	 -0.411	  0.148	 -0.899
	 -0.847	  0.306	  0.435

2 	  32.87	  -7.05	  22.73
	  0.658	  0.752	 -0.023
	 -0.754	  0.657	 -0.018
	  0.003	  0.029	  0.999

3 	  46.28	  -2.06	   2.32
	  0.470	  0.117	  0.875
	 -0.119	  0.990	 -0.070
	 -0.875	 -0.071	  0.479

4 	  41.89	   5.04	  -1.90
	  0.515	  0.849	  0.118
	 -0.811	  0.437	  0.389
	  0.279	 -0.296	  0.913

5 	  44.88	   7.26	   9.58
	  0.743	  0.058	  0.667
	 -0.436	 -0.715	  0.547
	  0.510	 -0.695	 -0.506

6 	  53.33	   4.55	   7.59
	  0.848	 -0.462	 -0.258
	  0.355	  0.128	  0.926
	 -0.401	 -0.876	  0.267

7 	  41.34	  -8.26	  -2.29
	  0.557	 -0.825	 -0.092
	  0.729	  0.538	 -0.423
	  0.400	  0.167	  0.901

8 	  46.32	 -11.32	   8.31
	  0.730	  0.074	  0.679
	  0.634	 -0.447	 -0.631
	  0.257	  0.891	 -0.374

9 	  52.86	  -4.41	   8.89
	  0.470	  0.882	  0.008
	 -0.398	  0.211	 -0.893
	 -0.795	  0.412	  0.445

2 	  32.87	  -7.05	  22.73
	  0.658	  0.752	 -0.023
	 -0.754	  0.657	 -0.018
	  0.003	  0.029	  0.999

3 	  46.30	  -2.06	   2.29
	  0.467	  0.114	  0.877
	 -0.097	  0.992	 -0.079
	 -0.879	 -0.047	  0.474

4 	  41.89	   5.06	  -1.90
	  0.513	  0.850	  0.118
	 -0.812	  0.435	  0.388
	  0.280	 -0.294	  0.914

5 	  44.79	   7.26	   9.62
	  0.742	  0.074	  0.667
	 -0.410	 -0.737	  0.537
	  0.533	 -0.670	 -0.517

6 	  53.40	   5.13	   7.68
	  0.879	 -0.401	 -0.256
	  0.348	  0.172	  0.921
	 -0.329	 -0.900	  0.287

7 	  41.33	  -8.26	  -2.29
	  0.551	 -0.830	 -0.091
	  0.733	  0.532	 -0.425
	  0.402	  0.166	  0.900

8 	  45.84	 -11.57	   8.37
	  0.735	  0.003	  0.678
	  0.573	 -0.537	 -0.619
	  0.364	  0.843	 -0.397

9 	  53.19	  -5.82	   8.79
	  0.605	  0.795	 -0.007
	 -0.362	  0.261	 -0.895
	 -0.714	  0.543	  0.442

2 	  32.87	  -7.05	  22.73
	  0.658	  0.752	 -0.023
	 -0.754	  0.657	 -0.018
	  0.003	  0.029	  0.999

3 	  46.32	  -2.07	   2.29
	  0.456	  0.117	  0.882
	 -0.079	  0.992	 -0.092
	 -0.886	 -0.027	  0.462

4 	  41.87	   5.10	  -1.93
	  0.509	  0.853	  0.116
	 -0.814	  0.432	  0.388
	  0.281	 -0.292	  0.914

5 	  44.70	   7.24	   9.63
	  0.738	  0.084	  0.669
	 -0.392	 -0.754	  0.526
	  0.551	 -0.649	 -0.524

6 	  53.38	   5.61	   7.75
	  0.902	 -0.348	 -0.256
	  0.338	  0.195	  0.921
	 -0.274	 -0.917	  0.290

7 	  41.34	  -8.24	  -2.30
	  0.544	 -0.834	 -0.087
	  0.736	  0.523	 -0.429
	  0.405	  0.169	  0.898

8 	  45.23	 -11.69	   8.56
	  0.726	 -0.076	  0.683
	  0.492	 -0.637	 -0.593
	  0.482	  0.765	 -0.426

9 	  53.26	  -7.42	   8.72
	  0.737	  0.674	 -0.038
	 -0.319	  0.291	 -0.902
	 -0.601	  0.676	  0.425

2 	  32.87	  -7.05	  22.73
	  0.658	  0.752	 -0.023
	 -0.754	  0.657	 -0.018
	  0.003	  0.029	  0.999

3 	  46.34	  -2.09	   2.27
	  0.451	  0.115	  0.885
	 -0.056	  0.993	 -0.101
	 -0.891	 -0.004	  0.454

4 	  41.89	   5.10	  -1.93
	  0.508	  0.854	  0.117
	 -0.815	  0.430	  0.388
	  0.282	 -0.292	  0.914

5 	  44.60	   7.12	   9.67
	  0.732	  0.089	  0.676
	 -0.379	 -0.772	  0.510
	  0.568	 -0.628	 -0.532

6 	  53.33	   6.01	   7.77
	  0.919	 -0.294	 -0.263
	  0.331	  0.207	  0.921
	 -0.219	 -0.933	  0.285

7 	  41.33	  -8.28	  -2.29
	  0.532	 -0.843	 -0.080
	  0.744	  0.510	 -0.431
	  0.406	  0.169	  0.898

8 	  44.70	 -11.90	   8.65
	  0.719	 -0.161	  0.676
	  0.388	 -0.716	 -0.581
	  0.579	  0.678	 -0.453

9 	  53.24	  -9.25	   8.67
	  0.848	  0.525	 -0.064
	 -0.266	  0.313	 -0.912
	 -0.462	  0.791	  0.401

2 	  32.87	  -7.05	  22.73
	  0.658	  0.752	 -0.023
	 -0.754	  0.657	 -0.018
	  0.003	  0.029	  0.999

3 	  46.32	  -2.16	   2.30
	  0.439	  0.120	  0.890
	 -0.045	  0.992	 -0.113
	 -0.897	  0.010	  0.441

4 	  41.87	   5.06	  -1.95
	  0.505	  0.856	  0.111
	 -0.816	  0.431	  0.385
	  0.283	 -0.285	  0.916

5 	  44.51	   7.22	   9.58
	  0.738	  0.131	  0.662
	 -0.333	 -0.783	  0.525
	  0.588	 -0.607	 -0.535

6 	  53.28	   6.77	   7.65
	  0.936	 -0.231	 -0.263
	  0.321	  0.266	  0.908
	 -0.142	 -0.936	  0.322

7 	  41.31	  -8.33	  -2.23
	  0.523	 -0.849	 -0.074
	  0.750	  0.498	 -0.434
	  0.407	  0.171	  0.897

8 	  44.10	 -12.08	   8.79
	  0.697	 -0.261	  0.667
	  0.252	 -0.783	 -0.568
	  0.672	  0.562	 -0.481

9 	  52.84	 -11.53	   8.61
	  0.946	  0.313	 -0.079
	 -0.189	  0.334	 -0.924
	 -0.265	  0.890	  0.371

2 	  32.87	  -7.05	  22.73
	  0.658	  0.753	 -0.023
	 -0.754	  0.657	 -0.018
	  0.003	  0.029	  0.999

3 	  46.28	  -2.20	   2.34
	  0.433	  0.122	  0.893
	 -0.029	  0.992	 -0.123
	 -0.901	  0.027	  0.433

4 	  41.82	   4.99	  -1.99
	  0.500	  0.859	  0.107
	 -0.820	  0.429	  0.377
	  0.280	 -0.276	  0.919

5 	  44.24	   7.24	   9.63
	  0.724	  0.159	  0.671
	 -0.301	 -0.803	  0.514
	  0.622	 -0.572	 -0.534

6 	  53.05	   7.44	   7.84
	  0.955	 -0.154	 -0.251
	  0.288	  0.302	  0.908
	 -0.065	 -0.941	  0.332

7 	  41.27	  -8.40	  -2.20
	  0.511	 -0.857	 -0.066
	  0.758	  0.484	 -0.437
	  0.408	  0.173	  0.896

8 	  43.59	 -12.02	   8.95
	  0.666	 -0.326	  0.671
	  0.142	 -0.828	 -0.542
	  0.733	  0.455	 -0.506

9 	  52.24	 -13.31	   8.81
	  0.990	  0.114	 -0.083
	 -0.117	  0.325	 -0.939
	 -0.081	  0.939	  0.332

2 	  32.87	  -7.05	  22.73
	  0.658	  0.752	 -0.023
	 -0.754	  0.657	 -0.018
	  0.003	  0.029	  0.999

3 	  46.28	  -2.21	   2.36
	  0.431	  0.124	  0.894
	 -0.024	  0.991	 -0.126
	 -0.902	  0.033	  0.430

4 	  41.80	   4.94	  -2.02
	  0.495	  0.862	  0.104
	 -0.824	  0.427	  0.373
	  0.278	 -0.271	  0.922

5 	  44.07	   7.26	   9.60
	  0.719	  0.188	  0.669
	 -0.264	 -0.817	  0.512
	  0.644	 -0.544	 -0.538

6 	  52.88	   8.09	   7.86
	  0.964	 -0.088	 -0.250
	  0.266	  0.344	  0.901
	  0.006	 -0.935	  0.354

7 	  41.26	  -8.42	  -2.18
	  0.505	 -0.861	 -0.062
	  0.760	  0.476	 -0.441
	  0.411	  0.175	  0.894

8 	  43.37	 -12.08	   8.98
	  0.648	 -0.380	  0.660
	  0.049	 -0.844	 -0.534
	  0.760	  0.377	 -0.528

9 	  51.57	 -14.84	   8.88
	  0.994	 -0.071	 -0.080
	 -0.057	  0.282	 -0.958
	  0.090	  0.957	  0.276

2 	  32.87	  -7.05	  22.73
	  0.658	  0.752	 -0.023
	 -0.754	  0.657	 -0.018
	  0.003	  0.029	  0.999

3 	  46.27	  -2.25	   2.36
	  0.429	  0.124	  0.895
	 -0.017	  0.991	 -0.130
	 -0.903	  0.040	  0.427

4 	  41.80	   4.94	  -2.02
	  0.493	  0.864	  0.103
	 -0.825	  0.426	  0.370
	  0.277	 -0.267	  0.923

5 	  43.96	   7.26	   9.63
	  0.712	  0.196	  0.674
	 -0.254	 -0.824	  0.506
	  0.656	 -0.530	 -0.537

6 	  52.75	   8.42	   8.10
	  0.971	 -0.051	 -0.230
	  0.236	  0.329	  0.914
	  0.028	 -0.943	  0.331

7 	  41.26	  -8.46	  -2.14
	  0.500	 -0.864	 -0.059
	  0.763	  0.471	 -0.443
	  0.412	  0.176	  0.894

8 	  43.28	 -12.01	   9.02
	  0.641	 -0.392	  0.659
	  0.013	 -0.855	 -0.519
	  0.767	  0.340	 -0.543

9 	  51.15	 -15.57	   9.23
	  0.980	 -0.188	 -0.060
	 -0.021	  0.202	 -0.979
	  0.196	  0.961	  0.194

2 	  32.87	  -7.07	  22.73
	  0.658	  0.752	 -0.023
	 -0.754	  0.657	 -0.018
	  0.003	  0.029	  0.999

3 	  46.27	  -2.25	   2.34
	  0.429	  0.124	  0.895
	 -0.015	  0.991	 -0.131
	 -0.903	  0.043	  0.427

4 	  41.77	   4.94	  -2.04
	  0.487	  0.867	  0.103
	 -0.829	  0.421	  0.366
	  0.275	 -0.264	  0.924

5 	  43.82	   7.28	   9.67
	  0.705	  0.202	  0.679
	 -0.247	 -0.829	  0.501
	  0.666	 -0.520	 -0.535

6 	  52.65	   8.68	   8.40
	  0.978	 -0.022	 -0.206
	  0.205	  0.295	  0.933
	  0.040	 -0.955	  0.292

7 	  41.27	  -8.46	  -2.14
	  0.501	 -0.864	 -0.056
	  0.762	  0.469	 -0.447
	  0.414	  0.180	  0.892

8 	  43.24	 -11.94	   9.07
	  0.638	 -0.400	  0.658
	 -0.015	 -0.861	 -0.509
	  0.770	  0.314	 -0.555

9 	  50.75	 -16.21	   9.67
	  0.957	 -0.288	 -0.033
	 -0.006	  0.094	 -0.995
	  0.290	  0.953	  0.089

2 	  32.87	  -7.07	  22.73
	  0.658	  0.752	 -0.023
	 -0.754	  0.657	 -0.018
	  0.003	  0.029	  0.999

3 	  46.27	  -2.23	   2.32
	  0.429	  0.124	  0.895
	 -0.014	  0.991	 -0.131
	 -0.903	  0.043	  0.427

4 	  41.73	   4.92	  -2.04
	  0.484	  0.869	  0.102
	 -0.832	  0.420	  0.363
	  0.274	 -0.261	  0.926

5 	  43.73	   7.26	   9.65
	  0.702	  0.211	  0.680
	 -0.237	 -0.833	  0.500
	  0.673	 -0.511	 -0.535

6 	  52.54	   8.91	   8.47
	  0.979	  0.004	 -0.201
	  0.191	  0.289	  0.938
	  0.062	 -0.958	  0.282

7 	  41.27	  -8.46	  -2.13
	  0.501	 -0.864	 -0.053
	  0.761	  0.468	 -0.450
	  0.414	  0.184	  0.891

8 	  43.15	 -11.94	   9.12
	  0.629	 -0.419	  0.655
	 -0.051	 -0.863	 -0.502
	  0.776	  0.282	 -0.564

9 	  50.24	 -16.93	   9.97
	  0.922	 -0.386	 -0.015
	 -0.014	  0.009	 -1.000
	  0.386	  0.922	  0.004

2 	  32.87	  -7.05	  22.73
	  0.658	  0.752	 -0.023
	 -0.754	  0.657	 -0.018
	  0.003	  0.029	  0.999

3 	  46.27	  -2.25	   2.32
	  0.429	  0.125	  0.894
	 -0.013	  0.991	 -0.133
	 -0.903	  0.045	  0.426

4 	  41.71	   4.89	  -2.04
	  0.480	  0.872	  0.096
	 -0.834	  0.418	  0.360
	  0.274	 -0.253	  0.928

5 	  43.66	   7.31	   9.63
	  0.699	  0.224	  0.678
	 -0.221	 -0.836	  0.502
	  0.680	 -0.500	 -0.535

6 	  52.44	   9.30	   8.56
	  0.979	  0.039	 -0.198
	  0.183	  0.238	  0.954
	  0.084	 -0.971	  0.226

7 	  41.29	  -8.47	  -2.11
	  0.503	 -0.863	 -0.052
	  0.758	  0.468	 -0.454
	  0.418	  0.188	  0.889

8 	  43.10	 -12.02	   9.05
	  0.616	 -0.455	  0.643
	 -0.102	 -0.855	 -0.508
	  0.781	  0.247	 -0.573

9 	  49.71	 -17.65	  10.04
	  0.883	 -0.470	 -0.006
	 -0.039	 -0.059	 -0.998
	  0.469	  0.880	 -0.068

2 	  32.87	  -7.05	  22.73
	  0.658	  0.752	 -0.023
	 -0.754	  0.657	 -0.018
	  0.003	  0.029	  0.999

3 	  46.30	  -2.25	   2.29
	  0.431	  0.125	  0.893
	 -0.009	  0.990	 -0.136
	 -0.902	  0.051	  0.428

4 	  41.71	   4.90	  -2.06
	  0.478	  0.873	  0.095
	 -0.836	  0.417	  0.357
	  0.274	 -0.250	  0.929

5 	  43.61	   7.35	   9.62
	  0.699	  0.230	  0.677
	 -0.212	 -0.838	  0.502
	  0.684	 -0.493	 -0.537

6 	  52.35	   9.69	   8.86
	  0.978	  0.082	 -0.190
	  0.182	  0.091	  0.979
	  0.097	 -0.993	  0.073

7 	  41.27	  -8.47	  -2.11
	  0.503	 -0.863	 -0.053
	  0.756	  0.468	 -0.456
	  0.420	  0.188	  0.887

8 	  43.05	 -12.04	   9.05
	  0.609	 -0.470	  0.638
	 -0.132	 -0.854	 -0.503
	  0.782	  0.222	 -0.582

9 	  49.29	 -18.04	  10.34
	  0.841	 -0.541	  0.010
	 -0.094	 -0.163	 -0.982
	  0.534	  0.825	 -0.186

2 	  32.87	  -7.07	  22.73
	  0.658	  0.752	 -0.023
	 -0.754	  0.657	 -0.018
	  0.003	  0.029	  0.999

3 	  46.30	  -2.25	   2.29
	  0.433	  0.127	  0.892
	 -0.009	  0.990	 -0.137
	 -0.901	  0.051	  0.430

4 	  41.66	   4.90	  -2.09
	  0.468	  0.879	  0.090
	 -0.841	  0.411	  0.352
	  0.274	 -0.241	  0.931

5 	  43.44	   7.38	   9.60
	  0.696	  0.241	  0.676
	 -0.195	 -0.844	  0.500
	  0.691	 -0.479	 -0.541

6 	  52.15	   9.98	   8.95
	  0.974	  0.121	 -0.190
	  0.192	 -0.000	  0.981
	  0.118	 -0.993	 -0.024

7 	  41.27	  -8.47	  -2.14
	  0.505	 -0.861	 -0.057
	  0.752	  0.470	 -0.461
	  0.426	  0.189	  0.885

8 	  43.03	 -12.01	   9.00
	  0.605	 -0.481	  0.634
	 -0.161	 -0.854	 -0.495
	  0.780	  0.198	 -0.594

9 	  48.90	 -18.39	  10.56
	  0.797	 -0.603	  0.030
	 -0.146	 -0.238	 -0.960
	  0.587	  0.761	 -0.275

2 	  32.87	  -7.05	  22.73
	  0.658	  0.752	 -0.023
	 -0.754	  0.657	 -0.018
	  0.003	  0.029	  0.999

3 	  46.32	  -2.25	   2.25
	  0.435	  0.129	  0.891
	 -0.010	  0.990	 -0.140
	 -0.900	  0.052	  0.432

4 	  41.64	   4.89	  -2.13
	  0.462	  0.882	  0.086
	 -0.844	  0.408	  0.349
	  0.274	 -0.234	  0.933

5 	  43.31	   7.37	   9.62
	  0.691	  0.254	  0.677
	 -0.173	 -0.852	  0.494
	  0.702	 -0.458	 -0.545

6 	  51.89	  10.48	   9.09
	  0.964	  0.186	 -0.189
	  0.206	 -0.070	  0.976
	  0.168	 -0.980	 -0.106

7 	  41.26	  -8.46	  -2.20
	  0.505	 -0.861	 -0.068
	  0.748	  0.474	 -0.464
	  0.432	  0.182	  0.883

8 	  43.07	 -12.09	   8.95
	  0.600	 -0.505	  0.620
	 -0.203	 -0.845	 -0.494
	  0.774	  0.171	 -0.610

9 	  48.48	 -18.79	  10.58
	  0.750	 -0.660	  0.041
	 -0.200	 -0.284	 -0.938
	  0.631	  0.696	 -0.342

2 	  32.87	  -7.05	  22.73
	  0.658	  0.752	 -0.023
	 -0.754	  0.657	 -0.018
	  0.003	  0.029	  0.999

3 	  46.32	  -2.25	   2.23
	  0.436	  0.130	  0.890
	 -0.009	  0.990	 -0.141
	 -0.900	  0.053	  0.433

4 	  41.57	   4.87	  -2.14
	  0.457	  0.885	  0.083
	 -0.847	  0.404	  0.345
	  0.272	 -0.228	  0.935

5 	  43.22	   7.33	   9.62
	  0.689	  0.259	  0.677
	 -0.158	 -0.858	  0.488
	  0.708	 -0.443	 -0.550

6 	  51.73	  10.67	   9.16
	  0.958	  0.215	 -0.191
	  0.218	 -0.108	  0.970
	  0.188	 -0.971	 -0.150

7 	  41.24	  -8.47	  -2.21
	  0.503	 -0.861	 -0.074
	  0.747	  0.475	 -0.464
	  0.437	  0.177	  0.882

8 	  43.03	 -12.09	   8.91
	  0.596	 -0.513	  0.617
	 -0.216	 -0.843	 -0.493
	  0.773	  0.161	 -0.614

9 	  48.29	 -18.86	  10.74
	  0.732	 -0.679	  0.056
	 -0.212	 -0.302	 -0.929
	  0.650	  0.668	 -0.362

2 	  32.87	  -7.07	  22.73
	  0.658	  0.752	 -0.023
	 -0.754	  0.657	 -0.018
	  0.003	  0.029	  0.999

3 	  46.32	  -2.25	   2.21
	  0.437	  0.128	  0.890
	 -0.004	  0.990	 -0.141
	 -0.899	  0.059	  0.433

4 	  41.57	   4.87	  -2.14
	  0.456	  0.886	  0.083
	 -0.848	  0.403	  0.345
	  0.273	 -0.227	  0.935

5 	  43.19	   7.26	   9.63
	  0.689	  0.253	  0.679
	 -0.162	 -0.860	  0.483
	  0.707	 -0.442	 -0.552

6 	  51.64	  10.67	   9.18
	  0.954	  0.230	 -0.193
	  0.224	 -0.120	  0.967
	  0.199	 -0.966	 -0.166

7 	  41.22	  -8.44	  -2.25
	  0.497	 -0.864	 -0.084
	  0.748	  0.474	 -0.464
	  0.442	  0.167	  0.881

8 	  42.94	 -12.11	   8.86
	  0.586	 -0.527	  0.615
	 -0.235	 -0.837	 -0.494
	  0.775	  0.145	 -0.615

9 	  48.04	 -19.02	  10.78
	  0.712	 -0.699	  0.066
	 -0.221	 -0.309	 -0.925
	  0.668	  0.644	 -0.371

2 	  32.87	  -7.07	  22.73
	  0.658	  0.752	 -0.023
	 -0.754	  0.657	 -0.018
	  0.003	  0.029	  0.999

3 	  46.32	  -2.25	   2.20
	  0.436	  0.128	  0.890
	 -0.001	  0.990	 -0.142
	 -0.900	  0.061	  0.432

4 	  41.55	   4.85	  -2.18
	  0.451	  0.889	  0.079
	 -0.850	  0.400	  0.341
	  0.272	 -0.220	  0.936

5 	  43.15	   7.24	   9.60
	  0.688	  0.258	  0.678
	 -0.153	 -0.863	  0.482
	  0.710	 -0.434	 -0.554

6 	  51.54	  10.86	   9.16
	  0.947	  0.253	 -0.198
	  0.237	 -0.134	  0.962
	  0.217	 -0.958	 -0.187

7 	  41.22	  -8.42	  -2.29
	  0.494	 -0.865	 -0.091
	  0.748	  0.475	 -0.464
	  0.446	  0.161	  0.880

8 	  42.91	 -12.11	   8.82
	  0.580	 -0.536	  0.613
	 -0.250	 -0.833	 -0.493
	  0.775	  0.133	 -0.617

9 	  47.85	 -19.14	  10.79
	  0.691	 -0.719	  0.072
	 -0.238	 -0.319	 -0.917
	  0.684	  0.617	 -0.388

2 	  32.87	  -7.07	  22.73
	  0.658	  0.752	 -0.023
	 -0.754	  0.657	 -0.018
	  0.003	  0.029	  0.999

3 	  46.34	  -2.25	   2.20
	  0.436	  0.128	  0.891
	  0.000	  0.990	 -0.143
	 -0.900	  0.062	  0.431

4 	  41.50	   4.82	  -2.23
	  0.444	  0.893	  0.072
	 -0.854	  0.397	  0.334
	  0.271	 -0.210	  0.939

5 	  43.08	   7.19	   9.56
	  0.687	  0.260	  0.678
	 -0.142	 -0.867	  0.476
	  0.713	 -0.423	 -0.559

6 	  51.43	  11.00	   9.12
	  0.939	  0.279	 -0.199
	  0.251	 -0.158	  0.955
	  0.236	 -0.947	 -0.218

7 	  41.20	  -8.44	  -2.30
	  0.491	 -0.866	 -0.094
	  0.749	  0.473	 -0.464
	  0.448	  0.157	  0.880

8 	  42.91	 -12.13	   8.84
	  0.577	 -0.542	  0.611
	 -0.262	 -0.831	 -0.490
	  0.774	  0.123	 -0.621

9 	  47.74	 -19.28	  10.78
	  0.679	 -0.730	  0.072
	 -0.252	 -0.322	 -0.912
	  0.691	  0.602	 -0.400

2 	  32.87	  -7.07	  22.73
	  0.658	  0.752	 -0.023
	 -0.754	  0.657	 -0.018
	  0.003	  0.029	  0.999

3 	  46.35	  -2.27	   2.18
	  0.436	  0.130	  0.890
	  0.002	  0.989	 -0.146
	 -0.900	  0.065	  0.431

4 	  41.52	   4.76	  -2.23
	  0.442	  0.894	  0.070
	 -0.857	  0.396	  0.330
	  0.268	 -0.206	  0.941

5 	  43.03	   7.14	   9.56
	  0.685	  0.259	  0.681
	 -0.140	 -0.871	  0.471
	  0.715	 -0.417	 -0.560

6 	  51.31	  11.07	   9.21
	  0.933	  0.302	 -0.194
	  0.258	 -0.189	  0.947
	  0.250	 -0.934	 -0.254

7 	  41.19	  -8.44	  -2.29
	  0.485	 -0.869	 -0.098
	  0.752	  0.470	 -0.462
	  0.449	  0.150	  0.880

8 	  42.86	 -12.16	   8.86
	  0.571	 -0.548	  0.611
	 -0.276	 -0.829	 -0.487
	  0.774	  0.110	 -0.624

9 	  47.55	 -19.37	  10.86
	  0.661	 -0.747	  0.076
	 -0.279	 -0.335	 -0.900
	  0.699	  0.574	 -0.426

2 	  32.87	  -7.07	  22.73
	  0.658	  0.752	 -0.023
	 -0.754	  0.657	 -0.018
	  0.003	  0.029	  0.999

3 	  46.34	  -2.29	   2.18
	  0.435	  0.132	  0.891
	  0.004	  0.989	 -0.149
	 -0.901	  0.068	  0.429

4 	  41.50	   4.76	  -2.27
	  0.441	  0.895	  0.069
	 -0.857	  0.396	  0.331
	  0.269	 -0.205	  0.941

5 	  43.10	   7.05	   9.56
	  0.697	  0.240	  0.676
	 -0.153	 -0.871	  0.466
	  0.701	 -0.427	 -0.571

6 	  51.35	  10.99	   9.23
	  0.935	  0.299	 -0.192
	  0.257	 -0.196	  0.946
	  0.246	 -0.934	 -0.259

7 	  41.19	  -8.46	  -2.32
	  0.480	 -0.872	 -0.100
	  0.754	  0.466	 -0.462
	  0.451	  0.145	  0.880

8 	  42.94	 -12.11	   8.88
	  0.580	 -0.539	  0.611
	 -0.273	 -0.834	 -0.478
	  0.768	  0.111	 -0.631

9 	  47.64	 -19.30	  10.90
	  0.660	 -0.748	  0.076
	 -0.288	 -0.343	 -0.894
	  0.697	  0.567	 -0.438

2 	  32.87	  -7.05	  22.75
	  0.658	  0.752	 -0.023
	 -0.754	  0.657	 -0.018
	  0.003	  0.029	  0.999

3 	  46.35	  -2.30	   2.18
	  0.429	  0.137	  0.892
	  0.003	  0.988	 -0.154
	 -0.903	  0.069	  0.423

4 	  41.52	   4.75	  -2.27
	  0.443	  0.894	  0.070
	 -0.855	  0.397	  0.333
	  0.270	 -0.207	  0.940

5 	  43.15	   7.05	   9.53
	  0.702	  0.230	  0.674
	 -0.165	 -0.869	  0.467
	  0.693	 -0.438	 -0.572

6 	  51.54	  10.67	   9.21
	  0.946	  0.265	 -0.184
	  0.227	 -0.136	  0.964
	  0.230	 -0.955	 -0.189

7 	  41.22	  -8.46	  -2.32
	  0.491	 -0.865	 -0.099
	  0.746	  0.476	 -0.466
	  0.452	  0.154	  0.878

8 	  43.26	 -12.06	   8.86
	  0.611	 -0.515	  0.601
	 -0.238	 -0.844	 -0.481
	  0.755	  0.151	 -0.638

9 	  48.27	 -18.98	  10.79
	  0.695	 -0.714	  0.083
	 -0.229	 -0.328	 -0.916
	  0.684	  0.618	 -0.388

2 	  32.87	  -7.05	  22.73
	  0.658	  0.753	 -0.023
	 -0.754	  0.657	 -0.018
	  0.003	  0.029	  0.999

3 	  46.35	  -2.30	   2.18
	  0.428	  0.140	  0.892
	 -0.001	  0.988	 -0.155
	 -0.904	  0.065	  0.423

4 	  41.52	   4.76	  -2.29
	  0.447	  0.891	  0.073
	 -0.853	  0.399	  0.336
	  0.271	 -0.212	  0.939

5 	  43.28	   7.10	   9.49
	  0.708	  0.222	  0.670
	 -0.179	 -0.863	  0.472
	  0.684	 -0.453	 -0.572

6 	  51.80	  10.34	   9.16
	  0.960	  0.217	 -0.175
	  0.193	 -0.065	  0.979
	  0.201	 -0.974	 -0.104

7 	  41.24	  -8.42	  -2.32
	  0.499	 -0.861	 -0.099
	  0.741	  0.481	 -0.468
	  0.452	  0.159	  0.877

8 	  43.45	 -12.11	   8.70
	  0.630	 -0.508	  0.587
	 -0.212	 -0.840	 -0.499
	  0.747	  0.190	 -0.637

9 	  48.96	 -18.72	  10.23
	  0.762	 -0.643	  0.078
	 -0.073	 -0.202	 -0.977
	  0.644	  0.739	 -0.198

2 	  32.87	  -7.05	  22.73
	  0.658	  0.752	 -0.023
	 -0.754	  0.657	 -0.018
	  0.003	  0.029	  0.999

3 	  46.35	  -2.29	   2.18
	  0.430	  0.139	  0.892
	 -0.003	  0.988	 -0.153
	 -0.903	  0.063	  0.425

4 	  41.55	   4.82	  -2.29
	  0.455	  0.887	  0.075
	 -0.848	  0.405	  0.342
	  0.273	 -0.219	  0.936

5 	  43.42	   7.15	   9.46
	  0.714	  0.215	  0.666
	 -0.194	 -0.853	  0.483
	  0.673	 -0.474	 -0.568

6 	  52.10	   9.95	   9.07
	  0.973	  0.160	 -0.164
	  0.165	  0.016	  0.986
	  0.160	 -0.987	 -0.010

7 	  41.26	  -8.38	  -2.34
	  0.505	 -0.857	 -0.099
	  0.737	  0.487	 -0.468
	  0.451	  0.162	  0.878

8 	  43.52	 -12.20	   8.65
	  0.639	 -0.498	  0.586
	 -0.174	 -0.836	 -0.521
	  0.749	  0.231	 -0.621

9 	  49.62	 -18.30	   9.91
	  0.831	 -0.550	  0.078
	  0.054	 -0.058	 -0.997
	  0.553	  0.833	 -0.017

2 	  32.87	  -7.05	  22.73
	  0.658	  0.753	 -0.023
	 -0.754	  0.657	 -0.018
	  0.003	  0.029	  0.999

3 	  46.35	  -2.27	   2.18
	  0.429	  0.140	  0.892
	 -0.008	  0.988	 -0.152
	 -0.903	  0.059	  0.425

4 	  41.59	   4.83	  -2.27
	  0.466	  0.881	  0.081
	 -0.842	  0.413	  0.346
	  0.273	 -0.229	  0.934

5 	  43.56	   7.19	   9.46
	  0.718	  0.192	  0.668
	 -0.232	 -0.841	  0.489
	  0.657	 -0.505	 -0.560

6 	  52.44	   9.12	   9.11
	  0.988	  0.054	 -0.145
	  0.139	  0.097	  0.985
	  0.067	 -0.994	  0.087

7 	  41.24	  -8.35	  -2.36
	  0.509	 -0.856	 -0.092
	  0.739	  0.488	 -0.464
	  0.444	  0.168	  0.880

8 	  43.58	 -12.15	   8.67
	  0.662	 -0.443	  0.604
	 -0.071	 -0.840	 -0.538
	  0.746	  0.313	 -0.587

9 	  50.91	 -16.82	   9.77
	  0.939	 -0.331	  0.097
	  0.156	  0.157	 -0.975
	  0.307	  0.930	  0.199

2 	  32.87	  -7.07	  22.73
	  0.658	  0.752	 -0.023
	 -0.754	  0.657	 -0.018
	  0.003	  0.029	  0.999

3 	  46.32	  -2.25	   2.21
	  0.429	  0.143	  0.892
	 -0.018	  0.988	 -0.150
	 -0.903	  0.048	  0.426

4 	  41.57	   4.85	  -2.29
	  0.476	  0.875	  0.087
	 -0.836	  0.418	  0.355
	  0.275	 -0.242	  0.930

5 	  43.75	   7.19	   9.39
	  0.728	  0.158	  0.666
	 -0.285	 -0.816	  0.503
	  0.624	 -0.555	 -0.550

6 	  52.79	   8.19	   9.05
	  0.991	 -0.047	 -0.125
	  0.131	  0.141	  0.981
	 -0.030	 -0.989	  0.144

7 	  41.20	  -8.35	  -2.36
	  0.512	 -0.854	 -0.089
	  0.738	  0.490	 -0.463
	  0.441	  0.171	  0.881

8 	  43.98	 -12.23	   8.49
	  0.704	 -0.372	  0.604
	  0.056	 -0.820	 -0.569
	  0.707	  0.434	 -0.557

9 	  52.38	 -14.55	   9.21
	  0.995	 -0.041	  0.089
	  0.097	  0.441	 -0.892
	 -0.003	  0.896	  0.443

2 	  32.87	  -7.07	  22.73
	  0.658	  0.752	 -0.023
	 -0.754	  0.657	 -0.018
	  0.003	  0.029	  0.999

3 	  46.27	  -2.25	   2.27
	  0.428	  0.144	  0.892
	 -0.027	  0.989	 -0.147
	 -0.904	  0.039	  0.426

4 	  41.57	   4.83	  -2.27
	  0.487	  0.868	  0.094
	 -0.830	  0.425	  0.359
	  0.273	 -0.253	  0.928

5 	  43.95	   7.17	   9.35
	  0.737	  0.129	  0.663
	 -0.328	 -0.791	  0.516
	  0.592	 -0.597	 -0.541

6 	  53.03	   7.22	   8.91
	  0.980	 -0.160	 -0.118
	  0.152	  0.224	  0.962
	 -0.128	 -0.962	  0.242

7 	  41.17	  -8.31	  -2.36
	  0.520	 -0.850	 -0.089
	  0.736	  0.497	 -0.458
	  0.435	  0.172	  0.883

8 	  44.56	 -12.20	   8.33
	  0.744	 -0.281	  0.606
	  0.196	 -0.776	 -0.599
	  0.640	  0.563	 -0.523

9 	  53.46	 -12.09	   8.63
	  0.970	  0.225	  0.088
	 -0.090	  0.672	 -0.735
	 -0.226	  0.707	  0.670

2 	  32.87	  -7.05	  22.73
	  0.658	  0.752	 -0.023
	 -0.754	  0.657	 -0.018
	  0.003	  0.029	  0.999

3 	  46.20	  -2.20	   2.29
	  0.431	  0.147	  0.890
	 -0.041	  0.989	 -0.144
	 -0.901	  0.026	  0.432

4 	  41.50	   4.90	  -2.27
	  0.495	  0.864	  0.097
	 -0.825	  0.430	  0.367
	  0.276	 -0.262	  0.925

5 	  44.10	   7.15	   9.30
	  0.744	  0.103	  0.660
	 -0.363	 -0.768	  0.527
	  0.562	 -0.631	 -0.534

6 	  53.14	   6.26	   8.67
	  0.957	 -0.261	 -0.127
	  0.203	  0.286	  0.936
	 -0.210	 -0.922	  0.325

7 	  41.08	  -8.26	  -2.37
	  0.527	 -0.845	 -0.093
	  0.732	  0.505	 -0.457
	  0.435	  0.172	  0.883

8 	  45.12	 -12.08	   8.12
	  0.777	 -0.184	  0.602
	  0.321	 -0.708	 -0.629
	  0.543	  0.681	 -0.492

9 	  53.86	  -9.58	   8.05
	  0.884	  0.461	  0.068
	 -0.332	  0.722	 -0.607
	 -0.332	  0.516	  0.789

2 	  32.87	  -7.05	  22.73
	  0.658	  0.752	 -0.023
	 -0.754	  0.657	 -0.018
	  0.003	  0.029	  0.999

3 	  46.16	  -2.20	   2.25
	  0.437	  0.144	  0.887
	 -0.047	  0.989	 -0.138
	 -0.898	  0.019	  0.439

4 	  41.43	   4.92	  -2.27
	  0.500	  0.861	  0.098
	 -0.820	  0.433	  0.373
	  0.280	 -0.266	  0.922

5 	  44.19	   7.22	   9.26
	  0.747	  0.089	  0.659
	 -0.389	 -0.746	  0.540
	  0.541	 -0.659	 -0.523

6 	  53.05	   5.20	   8.23
	  0.910	 -0.382	 -0.157
	  0.298	  0.339	  0.892
	 -0.292	 -0.860	  0.419

7 	  41.06	  -8.21	  -2.43
	  0.534	 -0.840	 -0.099
	  0.725	  0.514	 -0.457
	  0.437	  0.172	  0.883

8 	  45.67	 -11.99	   7.88
	  0.787	 -0.105	  0.607
	  0.426	 -0.620	 -0.659
	  0.447	  0.776	 -0.444

9 	  53.77	  -7.33	   7.91
	  0.751	  0.654	  0.089
	 -0.538	  0.682	 -0.496
	 -0.389	  0.325	  0.862

2 	  32.87	  -7.05	  22.73
	  0.658	  0.752	 -0.023
	 -0.754	  0.657	 -0.018
	  0.003	  0.029	  0.999

3 	  46.16	  -2.16	   2.25
	  0.442	  0.140	  0.886
	 -0.054	  0.990	 -0.131
	 -0.896	  0.010	  0.444

4 	  41.45	   4.96	  -2.25
	  0.503	  0.858	  0.099
	 -0.818	  0.435	  0.376
	  0.281	 -0.270	  0.921

5 	  44.28	   7.29	   9.21
	  0.744	  0.077	  0.663
	 -0.421	 -0.718	  0.554
	  0.521	 -0.690	 -0.503

6 	  52.72	   4.04	   7.59
	  0.830	 -0.518	 -0.206
	  0.430	  0.352	  0.831
	 -0.364	 -0.779	  0.511

7 	  41.08	  -8.17	  -2.44
	  0.542	 -0.834	 -0.107
	  0.719	  0.525	 -0.455
	  0.437	  0.169	  0.883

8 	  46.16	 -11.88	   7.63
	  0.784	 -0.029	  0.620
	  0.522	 -0.509	 -0.684
	  0.336	  0.859	 -0.384

9 	  53.17	  -5.45	   7.82
	  0.581	  0.805	  0.111
	 -0.712	  0.569	 -0.411
	 -0.400	  0.158	  0.903

2 	  32.87	  -7.07	  22.73
	  0.658	  0.752	 -0.023
	 -0.754	  0.657	 -0.018
	  0.003	  0.029	  0.999

3 	  46.14	  -2.14	   2.21
	  0.446	  0.139	  0.884
	 -0.070	  0.990	 -0.121
	 -0.892	 -0.008	  0.451

4 	  41.41	   4.97	  -2.25
	  0.507	  0.857	  0.094
	 -0.815	  0.440	  0.378
	  0.283	 -0.268	  0.921

5 	  44.37	   7.37	   9.11
	  0.737	  0.053	  0.674
	 -0.467	 -0.682	  0.563
	  0.491	 -0.729	 -0.478

6 	  52.10	   2.69	   6.96
	  0.707	 -0.657	 -0.261
	  0.545	  0.263	  0.796
	 -0.461	 -0.703	  0.541

7 	  41.08	  -8.16	  -2.46
	  0.546	 -0.830	 -0.110
	  0.717	  0.530	 -0.453
	  0.436	  0.168	  0.884

8 	  46.44	 -11.65	   7.65
	  0.767	  0.037	  0.641
	  0.593	 -0.422	 -0.685
	  0.245	  0.906	 -0.346

9 	  52.49	  -4.13	   7.93
	  0.432	  0.894	  0.110
	 -0.798	  0.435	 -0.417
	 -0.425	  0.089	  0.901

2 	  32.87	  -7.07	  22.73
	  0.658	  0.752	 -0.023
	 -0.754	  0.657	 -0.018
	  0.003	  0.029	  0.999

3 	  46.14	  -2.13	   2.20
	  0.450	  0.138	  0.882
	 -0.085	  0.990	 -0.113
	 -0.889	 -0.024	  0.457

4 	  41.36	   4.94	  -2.29
	  0.512	  0.854	  0.086
	 -0.810	  0.447	  0.378
	  0.286	 -0.263	  0.921

5 	  44.47	   7.37	   9.00
	  0.734	  0.025	  0.678
	 -0.506	 -0.647	  0.571
	  0.454	 -0.761	 -0.463

6 	  51.64	   1.85	   6.64
	  0.618	 -0.729	 -0.293
	  0.594	  0.185	  0.783
	 -0.522	 -0.656	  0.545

7 	  41.08	  -8.19	  -2.41
	  0.551	 -0.827	 -0.107
	  0.714	  0.533	 -0.453
	  0.434	  0.173	  0.884

8 	  46.65	 -11.53	   7.65
	  0.746	  0.089	  0.659
	  0.646	 -0.335	 -0.686
	  0.158	  0.938	 -0.308

9 	  51.75	  -3.20	   8.17
	  0.290	  0.948	  0.128
	 -0.856	  0.316	 -0.410
	 -0.431	  0.007	  0.902

2 	  32.87	  -7.07	  22.73
	  0.658	  0.752	 -0.023
	 -0.754	  0.657	 -0.018
	  0.003	  0.029	  0.999

3 	  46.12	  -2.14	   2.20
	  0.456	  0.137	  0.879
	 -0.096	  0.990	 -0.105
	 -0.885	 -0.036	  0.465

4 	  41.34	   4.92	  -2.32
	  0.517	  0.852	  0.081
	 -0.807	  0.452	  0.380
	  0.289	 -0.262	  0.921

5 	  44.47	   7.29	   9.00
	  0.723	  0.009	  0.691
	 -0.530	 -0.634	  0.562
	  0.445	 -0.772	 -0.454

6 	  51.38	   1.35	   6.79
	  0.573	 -0.771	 -0.277
	  0.599	  0.159	  0.785
	 -0.567	 -0.613	  0.550

7 	  41.06	  -8.24	  -2.41
	  0.554	 -0.826	 -0.107
	  0.712	  0.535	 -0.454
	  0.433	  0.174	  0.884

8 	  46.81	 -11.25	   7.73
	  0.714	  0.145	  0.684
	  0.695	 -0.260	 -0.670
	  0.078	  0.955	 -0.286

9 	  51.03	  -2.36	   8.53
	  0.160	  0.978	  0.133
	 -0.869	  0.203	 -0.452
	 -0.470	 -0.045	  0.882

2 	  32.87	  -7.05	  22.73
	  0.658	  0.753	 -0.023
	 -0.754	  0.657	 -0.018
	  0.003	  0.029	  0.999

3 	  46.12	  -2.11	   2.14
	  0.465	  0.138	  0.874
	 -0.119	  0.988	 -0.094
	 -0.877	 -0.060	  0.476

4 	  41.31	   4.92	  -2.34
	  0.519	  0.851	  0.073
	 -0.804	  0.456	  0.382
	  0.293	 -0.257	  0.921

5 	  44.65	   7.28	   8.86
	  0.720	 -0.014	  0.694
	 -0.564	 -0.595	  0.572
	  0.406	 -0.803	 -0.437

6 	  50.94	   0.72	   6.63
	  0.490	 -0.824	 -0.283
	  0.620	  0.096	  0.779
	 -0.620	 -0.553	  0.557

7 	  41.08	  -8.21	  -2.43
	  0.558	 -0.822	 -0.115
	  0.708	  0.543	 -0.451
	  0.435	  0.169	  0.884

8 	  46.88	 -10.95	   7.80
	  0.690	  0.196	  0.696
	  0.723	 -0.221	 -0.654
	  0.023	  0.955	 -0.294

9 	  50.82	  -1.88	   8.53
	  0.098	  0.990	  0.096
	 -0.748	  0.136	 -0.649
	 -0.657	 -0.010	  0.754

2 	  32.87	  -7.05	  22.73
	  0.658	  0.752	 -0.023
	 -0.754	  0.657	 -0.018
	  0.003	  0.029	  0.999

3 	  46.12	  -2.07	   2.11
	  0.475	  0.138	  0.869
	 -0.141	  0.986	 -0.081
	 -0.869	 -0.083	  0.488

4 	  41.31	   4.94	  -2.36
	  0.524	  0.849	  0.063
	 -0.796	  0.461	  0.391
	  0.304	 -0.255	  0.917

5 	  44.74	   7.40	   8.74
	  0.704	 -0.039	  0.708
	 -0.606	 -0.553	  0.571
	  0.371	 -0.831	 -0.414

6 	  50.36	   0.25	   6.47
	  0.393	 -0.871	 -0.294
	  0.622	  0.013	  0.782
	 -0.681	 -0.487	  0.546

7 	  41.06	  -8.21	  -2.46
	  0.556	 -0.821	 -0.127
	  0.708	  0.547	 -0.447
	  0.438	  0.158	  0.885

8 	  46.90	 -10.90	   7.80
	  0.688	  0.204	  0.696
	  0.726	 -0.218	 -0.652
	  0.016	  0.954	 -0.298

9 	  51.01	  -1.81	   8.82
	  0.097	  0.991	  0.087
	 -0.526	  0.124	 -0.841
	 -0.845	  0.034	  0.533

2 	  32.87	  -7.05	  22.73
	  0.658	  0.752	 -0.023
	 -0.754	  0.657	 -0.018
	  0.003	  0.029	  0.999

3 	  46.14	  -2.07	   2.07
	  0.483	  0.141	  0.864
	 -0.162	  0.984	 -0.073
	 -0.861	 -0.104	  0.498

4 	  41.31	   4.92	  -2.37
	  0.525	  0.850	  0.049
	 -0.791	  0.464	  0.399
	  0.318	 -0.248	  0.915

5 	  44.93	   7.54	   8.58
	  0.696	 -0.049	  0.716
	 -0.639	 -0.499	  0.585
	  0.330	 -0.865	 -0.379

6 	  50.13	  -0.05	   6.50
	  0.318	 -0.910	 -0.267
	  0.603	 -0.027	  0.797
	 -0.735	 -0.411	  0.539

7 	  41.08	  -8.21	  -2.53
	  0.555	 -0.818	 -0.148
	  0.701	  0.555	 -0.447
	  0.450	  0.144	  0.881

8 	  46.97	 -10.88	   7.72
	  0.667	  0.210	  0.715
	  0.745	 -0.182	 -0.641
	 -0.008	  0.960	 -0.278

9 	  51.03	  -1.95	   9.47
	  0.106	  0.987	  0.117
	 -0.368	  0.147	 -0.918
	 -0.925	  0.053	  0.377

2 	  32.87	  -7.05	  22.73
	  0.658	  0.752	 -0.023
	 -0.754	  0.657	 -0.018
	  0.003	  0.029	  0.999

3 	  46.16	  -2.07	   2.07
	  0.484	  0.141	  0.863
	 -0.165	  0.984	 -0.070
	 -0.859	 -0.108	  0.500

4 	  41.31	   4.90	  -2.39
	  0.525	  0.850	  0.049
	 -0.790	  0.464	  0.401
	  0.319	 -0.249	  0.914

5 	  44.98	   7.63	   8.56
	  0.693	 -0.050	  0.719
	 -0.645	 -0.489	  0.587
	  0.323	 -0.870	 -0.371

6 	  50.19	  -0.09	   6.71
