% Calibrated with leiden_pols
% Positions are in centimeters
Data =[
 2    97.602   -19.393    59.118
 2     0.658    -0.754     0.003
 2     0.753     0.657     0.029
 2    -0.023    -0.018     0.999
 3   133.726    -6.905     3.830
 3     0.479    -0.154    -0.865
 3     0.172     0.982    -0.077
 3     0.860    -0.113     0.496
 4   118.768     8.343    -7.963
 4     0.561    -0.708     0.430
 4     0.812     0.570    -0.120
 4    -0.160     0.416     0.894
 5   132.837    17.673    14.631
 5     0.805    -0.517     0.292
 5     0.043    -0.439    -0.897
 5     0.591     0.735    -0.332
 6   143.446    -3.721    12.818
 6     0.271     0.761    -0.593
 6    -0.937     0.066    -0.340
 6    -0.221     0.645     0.730
 7   118.162   -22.751    -5.626
 7     0.559     0.689     0.462
 7    -0.792     0.608     0.051
 7    -0.245    -0.393     0.885
 8   138.278   -27.669    15.224
 8     0.823     0.568    -0.004
 8     0.178    -0.257     0.950
 8     0.539    -0.782    -0.312
 9   144.685    -4.532    17.148
 9     0.125    -0.973    -0.193
 9     0.986     0.142    -0.080
 9     0.105    -0.181     0.978
 2    97.603   -19.342    59.068
 2     0.658    -0.754     0.003
 2     0.752     0.657     0.029
 2    -0.023    -0.018     0.999
 3   133.720    -6.957     3.836
 3     0.480    -0.155    -0.864
 3     0.173     0.981    -0.078
 3     0.859    -0.113     0.498
 4   118.853     8.219    -7.968
 4     0.559    -0.715     0.422
 4     0.814     0.568    -0.115
 4    -0.157     0.407     0.899
 5   132.287    17.653    14.943
 5     0.786    -0.535     0.312
 5     0.048    -0.448    -0.892
 5     0.616     0.716    -0.327
 6   143.111    -3.796    13.621
 6     0.284     0.740    -0.612
 6    -0.938     0.081    -0.332
 6    -0.197     0.667     0.717
 7   118.227   -22.868    -5.556
 7     0.565     0.691     0.453
 7    -0.791     0.608     0.056
 7    -0.236    -0.389     0.890
 8   138.098   -27.550    15.636
 8     0.808     0.590    -0.010
 8     0.188    -0.245     0.951
 8     0.558    -0.770    -0.308
 9   144.381    -4.409    17.661
 9     0.119    -0.967    -0.227
 9     0.988     0.137    -0.071
 9     0.099    -0.216     0.971
 2    97.602   -19.393    59.118
 2     0.658    -0.754     0.003
 2     0.753     0.657     0.029
 2    -0.023    -0.018     0.999
 3   133.617    -7.054     3.921
 3     0.479    -0.158    -0.864
 3     0.185     0.979    -0.074
 3     0.858    -0.125     0.498
 4   118.660     7.984    -8.125
 4     0.557    -0.713     0.428
 4     0.813     0.570    -0.109
 4    -0.165     0.408     0.897
 5   132.335    17.534    14.574
 5     0.799    -0.519     0.306
 5     0.053    -0.444    -0.894
 5     0.599     0.730    -0.328
 6   143.378    -3.643    12.824
 6     0.286     0.757    -0.592
 6    -0.931     0.071    -0.354
 6    -0.227     0.649     0.724
 7   117.938   -22.800    -5.702
 7     0.562     0.686     0.465
 7    -0.790     0.609     0.054
 7    -0.245    -0.397     0.883
 8   138.154   -27.806    14.982
 8     0.831     0.557     0.000
 8     0.173    -0.263     0.949
 8     0.529    -0.788    -0.314
 9   145.299    -4.792    16.183
 9     0.143    -0.971    -0.192
 9     0.981     0.164    -0.103
 9     0.131    -0.173     0.976
 2    97.603   -19.393    59.068
 2     0.658    -0.754     0.003
 2     0.752     0.657     0.029
 2    -0.023    -0.018     0.999
 3   133.471    -7.137     3.784
 3     0.487    -0.141    -0.862
 3     0.190     0.980    -0.052
 3     0.852    -0.139     0.504
 4   118.325     7.845    -8.273
 4     0.555    -0.705     0.444
 4     0.812     0.572    -0.107
 4    -0.178     0.419     0.889
 5   132.438    17.389    14.258
 5     0.814    -0.490     0.313
 5     0.060    -0.464    -0.883
 5     0.577     0.738    -0.349
 6   143.894    -2.791    10.996
 6     0.321     0.770    -0.556
 6    -0.902     0.070    -0.421
 6    -0.286     0.634     0.717
 7   117.696   -22.633    -5.846
 7     0.557     0.683     0.476
 7    -0.791     0.609     0.049
 7    -0.255    -0.403     0.878
 8   137.932   -28.186    14.543
 8     0.851     0.524     0.033
 8     0.144    -0.297     0.944
 8     0.504    -0.798    -0.327
 9   146.197    -5.747    15.264
 9     0.195    -0.964    -0.183
 9     0.973     0.213    -0.087
 9     0.122    -0.161     0.979
 2    97.603   -19.393    59.068
 2     0.658    -0.754     0.003
 2     0.752     0.657     0.029
 2    -0.023    -0.018     0.999
 3   133.407    -7.137     3.707
 3     0.487    -0.123    -0.865
 3     0.188     0.981    -0.033
 3     0.853    -0.147     0.500
 4   118.085     7.942    -8.263
 4     0.554    -0.700     0.453
 4     0.812     0.572    -0.108
 4    -0.183     0.427     0.885
 5   132.269    17.290    14.313
 5     0.836    -0.434     0.336
 5     0.071    -0.520    -0.850
 5     0.543     0.735    -0.405
 6   144.522    -1.258     9.236
 6     0.374     0.791    -0.488
 6    -0.854     0.088    -0.508
 6    -0.361     0.605     0.709
 7   117.297   -22.472    -5.901
 7     0.546     0.684     0.486
 7    -0.794     0.606     0.039
 7    -0.268    -0.406     0.873
 8   137.668   -29.074    13.785
 8     0.887     0.452     0.095
 8     0.080    -0.356     0.931
 8     0.455    -0.818    -0.351
 9   147.772    -7.850    12.771
 9     0.290    -0.944    -0.161
 9     0.953     0.298    -0.039
 9     0.084    -0.142     0.986
 2    97.603   -19.342    59.068
 2     0.658    -0.754     0.003
 2     0.752     0.657     0.029
 2    -0.023    -0.018     0.999
 3   133.238    -7.100     3.517
 3     0.498    -0.098    -0.862
 3     0.182     0.983    -0.005
 3     0.847    -0.154     0.507
 4   117.701     8.060    -8.343
 4     0.547    -0.693     0.472
 4     0.814     0.570    -0.107
 4    -0.194     0.442     0.875
 5   132.174    17.339    14.066
 5     0.861    -0.362     0.359
 5     0.098    -0.572    -0.813
 5     0.499     0.736    -0.458
 6   145.065     0.610     7.313
 6     0.421     0.816    -0.401
 6    -0.799     0.125    -0.584
 6    -0.429     0.564     0.705
 7   116.674   -22.197    -6.116
 7     0.529     0.681     0.508
 7    -0.796     0.604     0.018
 7    -0.294    -0.413     0.861
 8   137.364   -29.991    12.686
 8     0.916     0.374     0.144
 8     0.017    -0.397     0.918
 8     0.400    -0.838    -0.370
 9   148.431    -9.437    10.721
 9     0.345    -0.931    -0.118
 9     0.937     0.348    -0.010
 9     0.049    -0.107     0.993
 2    97.603   -19.342    59.068
 2     0.658    -0.754     0.003
 2     0.752     0.657     0.029
 2    -0.023    -0.018     0.999
 3   133.147    -7.111     3.295
 3     0.509    -0.081    -0.857
 3     0.178     0.984     0.014
 3     0.842    -0.160     0.514
 4   117.400     8.052    -8.450
 4     0.544    -0.686     0.485
 4     0.814     0.570    -0.106
 4    -0.203     0.451     0.868
 5   132.140    17.547    13.747
 5     0.876    -0.307     0.373
 5     0.126    -0.600    -0.789
 5     0.465     0.739    -0.488
 6   145.255     2.282     5.802
 6     0.448     0.835    -0.325
 6    -0.756     0.161    -0.632
 6    -0.477     0.526     0.704
 7   116.559   -22.054    -6.139
 7     0.523     0.682     0.514
 7    -0.797     0.603     0.010
 7    -0.302    -0.414     0.858
 8   137.053   -30.676    12.394
 8     0.926     0.331     0.181
 8    -0.026    -0.426     0.904
 8     0.376    -0.842    -0.386
 9   148.780   -11.051     9.249
 9     0.386    -0.918    -0.087
 9     0.922     0.385     0.026
 9     0.009    -0.090     0.996
 2    97.603   -19.342    59.068
 2     0.658    -0.754     0.003
 2     0.752     0.657     0.029
 2    -0.023    -0.018     0.999
 3   133.108    -7.080     3.295
 3     0.504    -0.068    -0.861
 3     0.184     0.982     0.031
 3     0.843    -0.175     0.507
 4   117.301     7.996    -8.555
 4     0.536    -0.688     0.491
 4     0.817     0.567    -0.096
 4    -0.212     0.452     0.865
 5   131.971    17.646    13.544
 5     0.880    -0.278     0.386
 5     0.144    -0.617    -0.773
 5     0.452     0.736    -0.504
 6   145.249     3.497     4.803
 6     0.465     0.844    -0.274
 6    -0.717     0.179    -0.671
 6    -0.519     0.506     0.689
 7   116.370   -21.989    -6.232
 7     0.514     0.682     0.522
 7    -0.800     0.599     0.003
 7    -0.311    -0.419     0.852
 8   136.291   -31.590    12.293
 8     0.929     0.277     0.242
 8    -0.090    -0.467     0.879
 8     0.357    -0.839    -0.410
 9   149.304   -13.538     8.204
 9     0.464    -0.883    -0.080
 9     0.885     0.457     0.077
 9    -0.032    -0.106     0.994
 2    97.603   -19.342    59.068
 2     0.658    -0.754     0.003
 2     0.753     0.657     0.029
 2    -0.023    -0.018     0.999
 3   133.120    -7.027     3.195
 3     0.503    -0.050    -0.863
 3     0.187     0.980     0.053
 3     0.844    -0.189     0.502
 4   117.100     7.937    -8.630
 4     0.530    -0.688     0.497
 4     0.818     0.567    -0.088
 4    -0.222     0.453     0.863
 5   131.663    18.021    13.245
 5     0.884    -0.222     0.411
 5     0.187    -0.638    -0.746
 5     0.427     0.737    -0.524
 6   145.164     5.825     3.577
 6     0.499     0.846    -0.193
 6    -0.648     0.218    -0.728
 6    -0.575     0.486     0.657
 7   116.274   -21.776    -6.340
 7     0.502     0.683     0.533
 7    -0.802     0.596    -0.009
 7    -0.323    -0.423     0.846
 8   135.212   -32.721    12.293
 8     0.930     0.176     0.323
 8    -0.184    -0.539     0.822
 8     0.318    -0.824    -0.469
 9   149.551   -17.728     5.677
 9     0.566    -0.824    -0.041
 9     0.809     0.544     0.216
 9    -0.156    -0.155     0.976
 2    97.603   -19.342    59.068
 2     0.658    -0.754     0.003
 2     0.753     0.657     0.029
 2    -0.023    -0.018     0.999
 3   133.088    -6.921     3.242
 3     0.498    -0.029    -0.867
 3     0.189     0.979     0.076
 3     0.846    -0.203     0.493
 4   116.963     7.936    -8.697
 4     0.521    -0.693     0.500
 4     0.823     0.562    -0.079
 4    -0.226     0.452     0.862
 5   131.331    18.077    13.302
 5     0.883    -0.190     0.429
 5     0.210    -0.657    -0.723
 5     0.419     0.729    -0.541
 6   144.938     7.075     2.964
 6     0.516     0.842    -0.160
 6    -0.605     0.229    -0.761
 6    -0.606     0.487     0.629
 7   116.112   -21.508    -6.440
 7     0.492     0.686     0.538
 7    -0.806     0.591    -0.018
 7    -0.330    -0.424     0.843
 8   134.373   -33.001    12.665
 8     0.925     0.070     0.374
 8    -0.256    -0.613     0.747
 8     0.281    -0.787    -0.549
 9   149.172   -21.318     3.719
 9     0.633    -0.774     0.027
 9     0.718     0.599     0.353
 9    -0.289    -0.204     0.935
 2    97.603   -19.342    59.068
 2     0.658    -0.754     0.003
 2     0.753     0.657     0.029
 2    -0.023    -0.018     0.999
 3   133.019    -6.917     3.146
 3     0.495    -0.017    -0.869
 3     0.196     0.976     0.093
 3     0.846    -0.217     0.486
 4   116.751     7.570    -8.884
 4     0.510    -0.697     0.507
 4     0.826     0.560    -0.061
 4    -0.241     0.448     0.860
 5   130.959    18.654    12.729
 5     0.882    -0.144     0.449
 5     0.255    -0.656    -0.710
 5     0.396     0.741    -0.542
 6   144.776     8.449     2.199
 6     0.535     0.838    -0.115
 6    -0.577     0.265    -0.771
 6    -0.617     0.477     0.626
 7   115.921   -21.443    -6.589
 7     0.483     0.690     0.540
 7    -0.808     0.588    -0.030
 7    -0.338    -0.422     0.841
 8   133.718   -33.306    12.747
 8     0.918    -0.018     0.396
 8    -0.311    -0.652     0.691
 8     0.245    -0.758    -0.604
 9   148.126   -24.848     1.566
 9     0.661    -0.739     0.138
 9     0.614     0.636     0.466
 9    -0.431    -0.223     0.874
 2    97.603   -19.393    59.068
 2     0.658    -0.754     0.003
 2     0.752     0.657     0.029
 2    -0.023    -0.018     0.999
 3   133.139    -7.021     3.033
 3     0.499    -0.004    -0.867
 3     0.197     0.974     0.109
 3     0.844    -0.225     0.487
 4   116.693     7.570    -9.008
 4     0.505    -0.698     0.510
 4     0.828     0.556    -0.058
 4    -0.243     0.450     0.858
 5   130.566    18.621    12.746
 5     0.873    -0.126     0.471
 5     0.275    -0.671    -0.688
 5     0.402     0.731    -0.552
 6   144.466     9.606     1.965
 6     0.552     0.830    -0.081
 6    -0.534     0.279    -0.797
 6    -0.640     0.481     0.599
 7   115.756   -21.500    -6.662
 7     0.467     0.700     0.542
 7    -0.818     0.573    -0.036
 7    -0.336    -0.426     0.839
 8   133.042   -33.311    13.456
 8     0.905    -0.101     0.413
 8    -0.359    -0.702     0.615
 8     0.228    -0.705    -0.672
 9   146.400   -28.792     0.309
 9     0.649    -0.725     0.236
 9     0.477     0.626     0.616
 9    -0.593    -0.288     0.751
 2    97.603   -19.342    59.068
 2     0.658    -0.754     0.003
 2     0.753     0.657     0.029
 2    -0.023    -0.018     0.999
 3   133.219    -6.978     2.834
 3     0.506     0.001    -0.863
 3     0.198     0.973     0.117
 3     0.839    -0.230     0.492
 4   116.573     7.571    -9.150
 4     0.486    -0.708     0.514
 4     0.838     0.543    -0.044
 4    -0.248     0.451     0.856
 5   129.679    18.931    12.929
 5     0.854    -0.072     0.515
 5     0.325    -0.699    -0.636
 5     0.406     0.711    -0.574
 6   143.661    12.133     1.727
 6     0.582     0.813    -0.008
 6    -0.449     0.315    -0.836
 6    -0.678     0.489     0.549
 7   115.874   -21.624    -6.648
 7     0.459     0.703     0.544
 7    -0.825     0.564    -0.034
 7    -0.330    -0.432     0.838
 8   132.670   -33.161    14.223
 8     0.889    -0.176     0.423
 8    -0.404    -0.737     0.542
 8     0.216    -0.653    -0.726
 9   144.739   -32.975    -0.287
 9     0.615    -0.742     0.272
 9     0.310     0.541     0.781
 9    -0.725    -0.396     0.562
 2    97.603   -19.342    59.068
 2     0.658    -0.754     0.003
 2     0.753     0.657     0.029
 2    -0.023    -0.018     0.999
 3   133.298    -6.901     2.701
 3     0.505     0.000    -0.863
 3     0.197     0.973     0.116
 3     0.840    -0.229     0.492
 4   116.445     7.754    -9.052
 4     0.472    -0.719     0.513
 4     0.846     0.530    -0.035
 4    -0.247     0.449     0.858
 5   129.046    19.032    13.317
 5     0.839    -0.029     0.543
 5     0.357    -0.724    -0.589
 5     0.410     0.688    -0.598
 6   142.781    14.063     1.683
 6     0.588     0.807     0.048
 6    -0.376     0.327    -0.867
 6    -0.716     0.491     0.496
 7   115.870   -21.501    -6.636
 7     0.455     0.703     0.548
 7    -0.826     0.562    -0.037
 7    -0.333    -0.435     0.835
 8   132.276   -33.145    14.400
 8     0.875    -0.228     0.427
 8    -0.439    -0.745     0.503
 8     0.204    -0.627    -0.751
 9   143.798   -35.383    -0.172
 9     0.596    -0.759     0.267
 9     0.212     0.468     0.857
 9    -0.774    -0.453     0.439
 2    97.603   -19.342    59.068
 2     0.658    -0.754     0.003
 2     0.753     0.657     0.029
 2    -0.023    -0.018     0.999
 3   133.405    -6.673     2.586
 3     0.504    -0.000    -0.864
 3     0.190     0.975     0.110
 3     0.842    -0.220     0.491
 4   116.272     7.860    -8.981
 4     0.462    -0.729     0.508
 4     0.852     0.521    -0.026
 4    -0.245     0.445     0.861
 5   128.603    19.193    13.412
 5     0.831     0.001     0.556
 5     0.378    -0.734    -0.563
 5     0.407     0.678    -0.611
 6   142.266    15.323     1.606
 6     0.592     0.803     0.073
 6    -0.332     0.326    -0.885
 6    -0.734     0.499     0.459
 7   115.881   -21.523    -6.595
 7     0.453     0.704     0.549
 7    -0.828     0.558    -0.033
 7    -0.329    -0.439     0.835
 8   131.964   -33.165    14.914
 8     0.863    -0.251     0.439
 8    -0.459    -0.753     0.471
 8     0.213    -0.608    -0.765
 9   143.230   -37.507     0.682
 9     0.592    -0.757     0.281
 9     0.118     0.426     0.897
 9    -0.797    -0.496     0.341
 2    97.603   -19.342    59.068
 2     0.658    -0.754     0.003
 2     0.752     0.657     0.029
 2    -0.023    -0.018     0.999
 3   133.318    -6.613     2.545
 3     0.496    -0.005    -0.869
 3     0.198     0.974     0.107
 3     0.845    -0.225     0.484
 4   115.950     7.625    -9.027
 4     0.453    -0.735     0.507
 4     0.854     0.519    -0.010
 4    -0.255     0.437     0.862
 5   128.155    19.392    13.298
 5     0.824     0.034     0.565
 5     0.407    -0.728    -0.551
 5     0.392     0.684    -0.614
 6   141.980    16.347     1.168
 6     0.604     0.794     0.075
 6    -0.295     0.311    -0.903
 6    -0.740     0.522     0.422
 7   115.911   -21.791    -6.447
 7     0.453     0.702     0.551
 7    -0.833     0.552    -0.021
 7    -0.318    -0.449     0.834
 8   131.982   -33.586    14.964
 8     0.857    -0.285     0.429
 8    -0.478    -0.750     0.458
 8     0.191    -0.597    -0.779
 9   142.808   -39.470     0.756
 9     0.569    -0.778     0.268
 9     0.040     0.352     0.935
 9    -0.821    -0.520     0.232
 2    97.603   -19.393    59.068
 2     0.658    -0.754     0.003
 2     0.752     0.657     0.029
 2    -0.023    -0.018     0.999
 3   133.178    -6.615     2.688
 3     0.499    -0.014    -0.867
 3     0.204     0.973     0.102
 3     0.842    -0.228     0.488
 4   115.626     7.500    -8.972
 4     0.445    -0.745     0.498
 4     0.859     0.512     0.000
 4    -0.255     0.427     0.867
 5   127.484    19.275    13.682
 5     0.817     0.048     0.574
 5     0.417    -0.736    -0.533
 5     0.396     0.675    -0.622
 6   141.321    17.426     1.803
 6     0.618     0.783     0.072
 6    -0.244     0.279    -0.929
 6    -0.747     0.556     0.364
 7   115.876   -21.837    -6.341
 7     0.452     0.705     0.548
 7    -0.836     0.548    -0.016
 7    -0.311    -0.450     0.836
 8   131.587   -33.086    15.578
 8     0.852    -0.296     0.432
 8    -0.481    -0.769     0.421
 8     0.207    -0.566    -0.797
 9   142.458   -40.837     2.473
 9     0.568    -0.783     0.254
 9    -0.058     0.270     0.961
 9    -0.821    -0.560     0.108
 2    97.603   -19.393    59.068
 2     0.658    -0.754     0.003
 2     0.752     0.657     0.029
 2    -0.023    -0.018     0.999
 3   133.125    -6.614     2.865
 3     0.498    -0.020    -0.867
 3     0.205     0.974     0.095
 3     0.842    -0.225     0.489
 4   115.657     7.464    -8.826
 4     0.437    -0.760     0.483
 4     0.866     0.499     0.002
 4    -0.242     0.416     0.875
 5   126.920    19.220    14.038
 5     0.805     0.051     0.591
 5     0.428    -0.741    -0.518
 5     0.411     0.669    -0.618
 6   141.363    18.468     2.725
 6     0.653     0.754     0.064
 6    -0.201     0.255    -0.946
 6    -0.730     0.604     0.318
 7   116.072   -21.851    -6.272
 7     0.457     0.706     0.543
 7    -0.837     0.546    -0.007
 7    -0.301    -0.451     0.839
 8   131.234   -33.080    15.989
 8     0.837    -0.311     0.451
 8    -0.499    -0.770     0.396
 8     0.224    -0.557    -0.800
 9   142.109   -42.444     3.349
 9     0.569    -0.784     0.249
 9    -0.132     0.213     0.968
 9    -0.812    -0.583     0.018
 2    97.603   -19.393    59.068
 2     0.658    -0.754     0.003
 2     0.752     0.657     0.029
 2    -0.023    -0.018     0.999
 3   133.134    -6.561     2.905
 3     0.496    -0.022    -0.868
 3     0.205     0.974     0.093
 3     0.844    -0.225     0.487
 4   115.661     7.467    -8.831
 4     0.435    -0.763     0.481
 4     0.868     0.496     0.002
 4    -0.240     0.415     0.877
 5   126.782    19.227    14.149
 5     0.801     0.051     0.596
 5     0.430    -0.742    -0.514
 5     0.416     0.668    -0.617
 6   141.391    19.127     3.055
 6     0.667     0.744     0.052
 6    -0.172     0.224    -0.959
 6    -0.724     0.630     0.278
 7   116.072   -21.851    -6.323
 7     0.457     0.706     0.543
 7    -0.837     0.546    -0.007
 7    -0.301    -0.451     0.839
 8   131.247   -32.898    16.126
 8     0.833    -0.331     0.443
 8    -0.506    -0.778     0.371
 8     0.222    -0.534    -0.816
 9   141.589   -43.636     4.134
 9     0.541    -0.802     0.255
 9    -0.213     0.164     0.963
 9    -0.814    -0.575    -0.082
 2    97.603   -19.393    59.068
 2     0.658    -0.754     0.003
 2     0.752     0.657     0.029
 2    -0.023    -0.018     0.999
 3   133.097    -6.432     2.657
 3     0.492    -0.021    -0.871
 3     0.200     0.975     0.090
 3     0.847    -0.219     0.483
 4   115.349     7.572    -9.012
 4     0.419    -0.768     0.486
 4     0.875     0.482     0.009
 4    -0.241     0.421     0.874
 5   126.257    19.256    14.013
 5     0.798     0.059     0.600
 5     0.435    -0.745    -0.505
 5     0.417     0.664    -0.620
 6   140.873    19.518     2.802
 6     0.673     0.737     0.065
 6    -0.151     0.226    -0.962
 6    -0.724     0.637     0.264
 7   116.001   -21.684    -6.595
 7     0.452     0.705     0.548
 7    -0.836     0.547    -0.017
 7    -0.311    -0.450     0.836
 8   130.784   -32.475    16.047
 8     0.827    -0.327     0.458
 8    -0.505    -0.789     0.350
 8     0.247    -0.520    -0.817
 9   141.238   -44.076     4.734
 9     0.537    -0.803     0.262
 9    -0.257     0.142     0.956
 9    -0.803    -0.579    -0.130
 2    97.603   -19.393    59.068
 2     0.658    -0.754     0.003
 2     0.752     0.657     0.029
 2    -0.023    -0.018     0.999
 3   133.284    -6.191     2.337
 3     0.481    -0.030    -0.876
 3     0.213     0.973     0.083
 3     0.850    -0.227     0.474
 4   115.234     7.237    -9.431
 4     0.393    -0.782     0.485
 4     0.883     0.466     0.037
 4    -0.255     0.414     0.873
 5   125.897    19.494    13.755
 5     0.785     0.082     0.614
 5     0.459    -0.742    -0.488
 5     0.416     0.665    -0.620
 6   140.827    21.324     2.971
 6     0.696     0.712     0.090
 6    -0.078     0.201    -0.977
 6    -0.714     0.673     0.196
 7   116.344   -21.734    -6.719
 7     0.456     0.703     0.547
 7    -0.833     0.552    -0.016
 7    -0.313    -0.448     0.837
 8   131.119   -32.369    16.216
 8     0.825    -0.330     0.459
 8    -0.506    -0.792     0.342
 8     0.250    -0.514    -0.820
 9   141.578   -44.494     5.141
 9     0.532    -0.806     0.261
 9    -0.286     0.120     0.951
 9    -0.797    -0.580    -0.167
 2    97.603   -19.393    59.068
 2     0.658    -0.754     0.003
 2     0.752     0.657     0.029
 2    -0.023    -0.018     0.999
 3   133.451    -6.068     2.416
 3     0.485    -0.036    -0.874
 3     0.209     0.975     0.077
 3     0.849    -0.220     0.480
 4   115.347     7.659    -9.116
 4     0.390    -0.792     0.471
 4     0.889     0.455     0.032
 4    -0.239     0.406     0.881
 5   125.402    19.397    14.496
 5     0.774     0.066     0.630
 5     0.449    -0.758    -0.473
 5     0.446     0.649    -0.616
 6   140.938    22.329     4.584
 6     0.726     0.684     0.067
 6    -0.029     0.131    -0.991
 6    -0.687     0.717     0.115
 7   116.435   -21.610    -6.763
 7     0.457     0.704     0.546
 7    -0.832     0.554    -0.020
 7    -0.316    -0.444     0.838
 8   131.141   -32.055    16.310
 8     0.827    -0.321     0.462
 8    -0.498    -0.799     0.338
 8     0.260    -0.509    -0.820
 9   141.568   -44.911     6.274
 9     0.524    -0.814     0.250
 9    -0.351     0.063     0.934
 9    -0.776    -0.577    -0.253
 2    97.603   -19.393    59.068
 2     0.658    -0.754     0.003
 2     0.752     0.657     0.029
 2    -0.023    -0.018     0.999
 3   133.598    -5.793     2.413
 3     0.487    -0.040    -0.873
 3     0.202     0.977     0.068
 3     0.849    -0.210     0.483
 4   115.316     7.951    -8.913
 4     0.375    -0.805     0.460
 4     0.898     0.438     0.035
 4    -0.229     0.399     0.887
 5   125.009    19.417    14.923
 5     0.764     0.073     0.640
 5     0.451    -0.770    -0.451
 5     0.460     0.634    -0.622
 6   140.402    23.428     5.333
 6     0.727     0.682     0.077
 6     0.031     0.082    -0.996
 6    -0.686     0.726     0.039
 7   116.500   -21.315    -6.620
 7     0.447     0.714     0.541
 7    -0.835     0.547    -0.034
 7    -0.320    -0.436     0.840
 8   131.334   -30.952    16.889
 8     0.841    -0.285     0.460
 8    -0.457    -0.829     0.323
 8     0.290    -0.482    -0.827
 9   142.058   -44.508     7.499
 9     0.529    -0.819     0.222
 9    -0.392    -0.002     0.920
 9    -0.752    -0.574    -0.322
 2    97.603   -19.393    59.068
 2     0.658    -0.754     0.003
 2     0.752     0.657     0.029
 2    -0.023    -0.018     0.999
 3   133.643    -5.713     2.431
 3     0.483    -0.042    -0.874
 3     0.194     0.979     0.060
 3     0.854    -0.199     0.481
 4   115.860     7.962    -9.057
 4     0.393    -0.801     0.453
 4     0.895     0.446     0.014
 4    -0.213     0.399     0.891
 5   125.422    18.885    15.064
 5     0.774     0.021     0.632
 5     0.415    -0.772    -0.481
 5     0.477     0.635    -0.607
 6   141.615    22.081     6.049
 6     0.759     0.647     0.069
 6    -0.022     0.136    -0.991
 6    -0.650     0.750     0.117
 7   116.761   -21.078    -6.766
 7     0.472     0.707     0.529
 7    -0.822     0.568    -0.028
 7    -0.320    -0.421     0.848
 8   131.711   -32.434    15.822
 8     0.840    -0.282     0.464
 8    -0.485    -0.772     0.410
 8     0.243    -0.569    -0.785
 9   144.582   -43.641     5.704
 9     0.669    -0.701     0.246
 9    -0.266     0.083     0.960
 9    -0.693    -0.709    -0.131
 2    97.603   -19.342    59.068
 2     0.658    -0.754     0.003
 2     0.752     0.657     0.029
 2    -0.023    -0.018     0.999
 3   133.645    -5.841     2.738
 3     0.484    -0.037    -0.874
 3     0.192     0.979     0.065
 3     0.854    -0.200     0.481
 4   116.046     7.859    -9.066
 4     0.410    -0.789     0.458
 4     0.887     0.460    -0.000
 4    -0.210     0.406     0.888
 5   125.710    19.701    14.603
 5     0.772     0.027     0.635
 5     0.444    -0.738    -0.508
 5     0.454     0.674    -0.582
 6   142.650    20.621     5.722
 6     0.786     0.618     0.035
 6    -0.120     0.212    -0.970
 6    -0.607     0.756     0.241
 7   116.371   -21.124    -6.728
 7     0.474     0.705     0.530
 7    -0.822     0.569    -0.022
 7    -0.316    -0.424     0.848
 8   130.979   -33.827    14.740
 8     0.837    -0.264     0.479
 8    -0.502    -0.716     0.485
 8     0.215    -0.647    -0.731
 9   145.623   -40.298     3.753
 9     0.754    -0.636     0.161
 9    -0.007     0.241     0.971
 9    -0.656    -0.733     0.177
 2    97.603   -19.342    59.068
 2     0.658    -0.754     0.003
 2     0.753     0.657     0.029
 2    -0.023    -0.018     0.999
 3   133.212    -6.068     2.939
 3     0.484    -0.028    -0.875
 3     0.205     0.975     0.082
 3     0.851    -0.219     0.477
 4   115.801     7.617    -9.218
 4     0.423    -0.776     0.469
 4     0.879     0.476    -0.004
 4    -0.220     0.413     0.883
 5   125.554    20.557    13.545
 5     0.775     0.011     0.631
 5     0.462    -0.692    -0.554
 5     0.430     0.721    -0.542
 6   142.846    18.265     4.953
 6     0.776     0.631    -0.029
 6    -0.282     0.309    -0.909
 6    -0.565     0.712     0.417
 7   116.208   -21.295    -6.613
 7     0.480     0.697     0.534
 7    -0.820     0.571    -0.011
 7    -0.312    -0.432     0.845
 8   130.355   -36.048    12.884
 8     0.843    -0.162     0.512
 8    -0.491    -0.618     0.614
 8     0.217    -0.769    -0.601
 9   147.375   -36.704     3.911
 9     0.829    -0.559    -0.025
 9     0.250     0.337     0.908
 9    -0.500    -0.758     0.417
 2    97.603   -19.342    59.118
 2     0.658    -0.754     0.003
 2     0.752     0.657     0.029
 2    -0.023    -0.018     0.999
 3   133.129    -6.183     2.977
 3     0.473    -0.028    -0.881
 3     0.216     0.972     0.085
 3     0.854    -0.231     0.465
 4   115.920     7.355    -9.381
 4     0.435    -0.768     0.471
 4     0.872     0.489    -0.006
 4    -0.225     0.412     0.882
 5   126.662    19.886    13.387
 5     0.800    -0.071     0.596
 5     0.397    -0.683    -0.613
 5     0.450     0.727    -0.518
 6   143.915    15.435     5.262
 6     0.755     0.650    -0.097
 6    -0.361     0.292    -0.885
 6    -0.548     0.701     0.455
 7   116.431   -21.700    -6.507
 7     0.493     0.693     0.528
 7    -0.820     0.571     0.016
 7    -0.290    -0.440     0.849
 8   132.502   -34.800    13.540
 8     0.894    -0.068     0.442
 8    -0.377    -0.647     0.662
 8     0.241    -0.760    -0.604
 9   150.220   -32.404     5.640
 9     0.835    -0.523    -0.177
 9     0.359     0.280     0.891
 9    -0.416    -0.805     0.419
 2    97.603   -19.393    59.068
 2     0.658    -0.754     0.003
 2     0.752     0.657     0.029
 2    -0.023    -0.018     0.999
 3   133.192    -6.576     3.064
 3     0.462    -0.035    -0.886
 3     0.228     0.970     0.081
 3     0.857    -0.240     0.456
 4   116.167     6.928    -9.513
 4     0.455    -0.751     0.481
 4     0.857     0.513    -0.008
 4    -0.241     0.415     0.876
 5   128.278    19.084    12.940
 5     0.834    -0.121     0.538
 5     0.335    -0.665    -0.667
 5     0.438     0.737    -0.515
 6   145.193    12.466     4.703
 6     0.720     0.676    -0.171
 6    -0.432     0.249    -0.866
 6    -0.542     0.694     0.470
 7   116.584   -22.085    -6.433
 7     0.509     0.688     0.519
 7    -0.816     0.576     0.034
 7    -0.275    -0.441     0.854
 8   135.196   -32.819    13.117
 8     0.949     0.074     0.304
 8    -0.192    -0.628     0.754
 8     0.247    -0.775    -0.582
 9   153.073   -24.995     7.093
 9     0.779    -0.507    -0.380
 9     0.555     0.278     0.782
 9    -0.290    -0.816     0.494
 2    97.603   -19.342    59.118
 2     0.658    -0.754     0.003
 2     0.752     0.657     0.029
 2    -0.023    -0.018     0.999
 3   133.226    -6.807     3.070
 3     0.465    -0.056    -0.884
 3     0.230     0.971     0.060
 3     0.855    -0.232     0.464
 4   116.288     6.870    -9.526
 4     0.466    -0.742     0.484
 4     0.850     0.525    -0.012
 4    -0.245     0.416     0.875
 5   128.617    18.331    13.133
 5     0.838    -0.198     0.508
 5     0.271    -0.658    -0.702
 5     0.472     0.727    -0.499
 6   145.181     9.487     5.705
 6     0.682     0.684    -0.268
 6    -0.522     0.203    -0.827
 6    -0.512     0.700     0.495
 7   116.832   -22.207    -6.443
 7     0.533     0.683     0.501
 7    -0.799     0.599     0.031
 7    -0.279    -0.417     0.865
 8   137.303   -30.641    12.483
 8     0.948     0.279     0.153
 8     0.003    -0.492     0.871
 8     0.318    -0.825    -0.467
 9   152.969   -15.116    10.369
 9     0.581    -0.580    -0.580
 9     0.812     0.361     0.452
 9    -0.053    -0.731     0.677
 2    97.602   -19.342    59.118
 2     0.658    -0.754     0.003
 2     0.753     0.657     0.029
 2    -0.023    -0.018     0.999
 3   133.387    -6.708     3.059
 3     0.467    -0.089    -0.880
 3     0.223     0.974     0.021
 3     0.855    -0.207     0.475
 4   116.542     7.031    -9.426
 4     0.473    -0.743     0.475
 4     0.849     0.527    -0.021
 4    -0.234     0.412     0.880
 5   128.415    18.024    13.773
 5     0.814    -0.284     0.508
 5     0.220    -0.657    -0.720
 5     0.537     0.698    -0.473
 6   144.823     7.300     7.817
 6     0.664     0.659    -0.363
 6    -0.584     0.157    -0.793
 6    -0.467     0.735     0.489
 7   117.079   -22.040    -6.717
 7     0.547     0.681     0.490
 7    -0.784     0.620     0.012
 7    -0.295    -0.390     0.871
 8   138.833   -28.461    11.701
 8     0.921     0.390     0.025
 8     0.124    -0.357     0.926
 8     0.369    -0.849    -0.376
 9   151.344    -8.745    11.576
 9     0.395    -0.725    -0.570
 9     0.914     0.362     0.169
 9     0.081    -0.587     0.804
 2    97.603   -19.393    59.068
 2     0.658    -0.754     0.003
 2     0.752     0.657     0.029
 2    -0.023    -0.018     0.999
 3   133.503    -6.462     2.861
 3     0.473    -0.116    -0.874
 3     0.207     0.978    -0.017
 3     0.856    -0.174     0.486
 4   116.742     7.476    -9.389
 4     0.471    -0.746     0.472
 4     0.854     0.518    -0.032
 4    -0.221     0.417     0.881
 5   128.086    18.161    14.160
 5     0.790    -0.345     0.508
 5     0.188    -0.651    -0.734
 5     0.583     0.676    -0.449
 6   144.070     5.999     8.965
 6     0.636     0.644    -0.434
 6    -0.628     0.108    -0.767
 6    -0.448     0.757     0.473
 7   117.275   -21.637    -7.064
 7     0.557     0.680     0.479
 7    -0.774     0.633     0.001
 7    -0.302    -0.370     0.878
 8   138.819   -26.856    12.311
 8     0.883     0.469    -0.027
 8     0.193    -0.314     0.930
 8     0.427    -0.826    -0.366
 9   149.743    -5.820    13.251
 9     0.309    -0.729    -0.617
 9     0.945     0.300     0.111
 9     0.103    -0.615     0.779
 2    97.603   -19.342    59.068
 2     0.658    -0.754     0.003
 2     0.753     0.657     0.029
 2    -0.023    -0.018     0.999
 3   133.550    -6.180     2.840
 3     0.470    -0.145    -0.871
 3     0.206     0.977    -0.050
 3     0.858    -0.157     0.489
 4   116.831     7.609    -9.303
 4     0.470    -0.750     0.467
 4     0.856     0.515    -0.034
 4    -0.215     0.415     0.883
 5   127.740    18.193    14.198
 5     0.762    -0.418     0.495
 5     0.153    -0.625    -0.764
 5     0.628     0.659    -0.413
 6   143.243     3.988    10.540
 6     0.594     0.622    -0.519
 6    -0.702     0.085    -0.703
 6    -0.393     0.778     0.486
 7   117.586   -21.667    -7.083
 7     0.568     0.684     0.460
 7    -0.773     0.633     0.012
 7    -0.282    -0.362     0.888
 8   138.789   -26.209    13.202
 8     0.828     0.555    -0.089
 8     0.244    -0.218     0.945
 8     0.504    -0.803    -0.314
 9   147.018    -3.514    16.658
 9     0.157    -0.800    -0.582
 9     0.966     0.243    -0.079
 9     0.202    -0.549     0.810
 2    97.603   -19.342    59.068
 2     0.658    -0.754     0.003
 2     0.753     0.657     0.029
 2    -0.023    -0.018     0.999
 3   133.504    -6.226     2.951
 3     0.466    -0.163    -0.870
 3     0.207     0.975    -0.071
 3     0.860    -0.149     0.488
 4   117.015     7.669    -9.253
 4     0.477    -0.755     0.452
 4     0.855     0.516    -0.039
 4    -0.203     0.404     0.891
 5   127.956    18.054    14.435
 5     0.743    -0.484     0.464
 5     0.111    -0.592    -0.797
 5     0.659     0.644    -0.387
 6   142.420     1.234    12.236
 6     0.516     0.603    -0.615
 6    -0.791     0.058    -0.605
 6    -0.328     0.795     0.506
 7   117.612   -21.758    -7.048
 7     0.569     0.691     0.448
 7    -0.777     0.628     0.017
 7    -0.269    -0.357     0.894
 8   138.309   -26.022    13.755
 8     0.796     0.596    -0.111
 8     0.258    -0.174     0.950
 8     0.547    -0.783    -0.292
 9   144.888    -2.831    18.264
 9     0.076    -0.820    -0.569
 9     0.973     0.184    -0.139
 9     0.217    -0.542     0.811
 2    97.603   -19.393    59.068
 2     0.658    -0.754     0.003
 2     0.752     0.657     0.029
 2    -0.023    -0.018     0.999
 3   133.415    -6.303     3.000
 3     0.467    -0.187    -0.865
 3     0.209     0.973    -0.096
 3     0.859    -0.137     0.493
 4   116.922     7.589    -9.147
 4     0.487    -0.751     0.447
 4     0.849     0.525    -0.042
 4    -0.203     0.399     0.893
 5   128.584    18.129    14.021
 5     0.747    -0.536     0.395
 5     0.079    -0.516    -0.852
 5     0.660     0.668    -0.343
 6   141.494    -1.500    13.138
 6     0.394     0.629    -0.674
 6    -0.884     0.054    -0.461
 6    -0.253     0.775     0.576
 7   117.601   -21.945    -6.870
 7     0.573     0.691     0.442
 7    -0.780     0.625     0.033
 7    -0.252    -0.363     0.896
 8   138.001   -25.989    14.276
 8     0.766     0.633    -0.118
 8     0.268    -0.152     0.951
 8     0.584    -0.759    -0.285
 9   142.791    -2.318    19.667
 9    -0.017    -0.845    -0.535
 9     0.970     0.114    -0.212
 9     0.240    -0.523     0.817
 2    97.603   -19.342    59.068
 2     0.658    -0.754     0.003
 2     0.752     0.657     0.029
 2    -0.023    -0.018     0.999
 3   133.251    -6.408     3.083
 3     0.471    -0.199    -0.860
 3     0.209     0.971    -0.109
 3     0.857    -0.129     0.499
 4   116.738     7.426    -9.125
 4     0.499    -0.742     0.449
 4     0.840     0.539    -0.042
 4    -0.210     0.397     0.892
 5   129.352    18.463    13.497
 5     0.750    -0.573     0.331
 5     0.068    -0.430    -0.900
 5     0.658     0.697    -0.284
 6   140.607    -3.186    14.233
 6     0.291     0.677    -0.680
 6    -0.943     0.083    -0.317
 6    -0.159     0.731     0.661
 7   117.343   -22.093    -6.811
 7     0.569     0.696     0.440
 7    -0.785     0.617     0.038
 7    -0.245    -0.366     0.897
 8   137.561   -26.073    14.539
 8     0.747     0.654    -0.122
 8     0.266    -0.131     0.955
 8     0.608    -0.745    -0.272
 9   141.975    -2.135    20.874
 9    -0.053    -0.844    -0.534
 9     0.960     0.103    -0.258
 9     0.272    -0.526     0.805
 2    97.603   -19.342    59.068
 2     0.658    -0.754     0.003
 2     0.752     0.657     0.029
 2    -0.023    -0.018     0.999
 3   132.989    -6.462     3.132
 3     0.474    -0.217    -0.854
 3     0.205     0.969    -0.131
 3     0.856    -0.114     0.503
 4   116.557     7.421    -9.066
 4     0.504    -0.737     0.452
 4     0.837     0.544    -0.045
 4    -0.213     0.400     0.890
 5   129.636    18.532    13.263
 5     0.750    -0.586     0.308
 5     0.065    -0.396    -0.915
 5     0.658     0.707    -0.259
 6   140.308    -3.639    14.747
 6     0.260     0.704    -0.663
 6    -0.959     0.106    -0.260
 6    -0.113     0.702     0.702
 7   117.351   -22.139    -6.774
 7     0.572     0.696     0.437
 7    -0.784     0.618     0.041
 7    -0.241    -0.365     0.898
 8   137.531   -25.877    14.696
 8     0.729     0.673    -0.135
 8     0.277    -0.114     0.953
 8     0.626    -0.731    -0.269
 9   141.524    -1.996    21.512
 9    -0.077    -0.833    -0.549
 9     0.956     0.095    -0.278
 9     0.283    -0.546     0.788
 2    97.603   -19.393    59.068
 2     0.658    -0.754     0.003
 2     0.752     0.657     0.029
 2    -0.023    -0.018     0.999
 3   132.986    -6.286     3.118
 3     0.475    -0.234    -0.849
 3     0.199     0.967    -0.153
 3     0.857    -0.097     0.506
 4   116.582     7.608    -9.020
 4     0.505    -0.740     0.446
 4     0.839     0.541    -0.052
 4    -0.202     0.400     0.893
 5   129.735    18.587    13.492
 5     0.744    -0.597     0.302
 5     0.057    -0.392    -0.918
 5     0.665     0.700    -0.258
 6   140.118    -4.165    15.817
 6     0.242     0.722    -0.651
 6    -0.968     0.129    -0.213
 6    -0.070     0.679     0.729
 7   117.702   -21.981    -6.840
 7     0.580     0.693     0.430
 7    -0.779     0.625     0.043
 7    -0.238    -0.359     0.901
 8   137.431   -25.676    15.013
 8     0.709     0.697    -0.117
 8     0.277    -0.126     0.952
 8     0.649    -0.706    -0.282
 9   141.723    -1.930    22.310
 9    -0.067    -0.789    -0.611
 9     0.960     0.114    -0.254
 9     0.270    -0.604     0.750
 2    97.603   -19.342    59.068
 2     0.658    -0.754     0.003
 2     0.752     0.657     0.029
 2    -0.023    -0.018     0.999
 3   133.124    -5.999     3.080
 3     0.467    -0.260    -0.846
 3     0.197     0.962    -0.186
 3     0.862    -0.081     0.500
 4   116.728     7.847    -8.946
 4     0.502    -0.746     0.439
 4     0.844     0.533    -0.056
 4    -0.192     0.398     0.896
 5   130.159    18.712    13.665
 5     0.741    -0.612     0.278
 5     0.045    -0.367    -0.929
 5     0.670     0.701    -0.244
 6   139.856    -4.796    16.858
 6     0.206     0.775    -0.599
 6    -0.978     0.146    -0.144
 6    -0.025     0.614     0.788
 7   118.063   -21.846    -6.938
 7     0.585     0.692     0.425
 7    -0.777     0.627     0.048
 7    -0.232    -0.358     0.904
 8   136.592   -25.817    15.623
 8     0.682     0.732    -0.022
