% Calibrated with leiden_pols
% Positions are in centimeters
Data =[
 2    97.602   -19.393    59.118
 2     0.658    -0.754     0.003
 2     0.753     0.657     0.029
 2    -0.023    -0.018     0.999
 3   133.726    -6.905     3.830
 3     0.479    -0.154    -0.865
 3     0.172     0.982    -0.077
 3     0.860    -0.113     0.496
 4   118.768     8.343    -7.963
 4     0.561    -0.708     0.430
 4     0.812     0.570    -0.120
 4    -0.160     0.416     0.894
 5   132.837    17.673    14.631
 5     0.805    -0.517     0.292
 5     0.043    -0.439    -0.897
 5     0.591     0.735    -0.332
 6   143.446    -3.721    12.818
 6     0.271     0.761    -0.593
 6    -0.937     0.066    -0.340
 6    -0.221     0.645     0.730
 7   118.162   -22.751    -5.626
 7     0.559     0.689     0.462
 7    -0.792     0.608     0.051
 7    -0.245    -0.393     0.885
 8   138.278   -27.669    15.224
 8     0.823     0.568    -0.004
 8     0.178    -0.257     0.950
 8     0.539    -0.782    -0.312
 9   144.685    -4.532    17.148
 9     0.125    -0.973    -0.193
 9     0.986     0.142    -0.080
 9     0.105    -0.181     0.978
 2    97.603   -19.342    59.068
 2     0.658    -0.754     0.003
 2     0.752     0.657     0.029
 2    -0.023    -0.018     0.999
 3   133.720    -6.957     3.836
 3     0.480    -0.155    -0.864
 3     0.173     0.981    -0.078
 3     0.859    -0.113     0.498
 4   118.853     8.219    -7.968
 4     0.559    -0.715     0.422
 4     0.814     0.568    -0.115
 4    -0.157     0.407     0.899
 5   132.287    17.653    14.943
 5     0.786    -0.535     0.312
 5     0.048    -0.448    -0.892
 5     0.616     0.716    -0.327
 6   143.111    -3.796    13.621
 6     0.284     0.740    -0.612
 6    -0.938     0.081    -0.332
 6    -0.197     0.667     0.717
 7   118.227   -22.868    -5.556
 7     0.565     0.691     0.453
 7    -0.791     0.608     0.056
 7    -0.236    -0.389     0.890
 8   138.098   -27.550    15.636
 8     0.808     0.590    -0.010
 8     0.188    -0.245     0.951
 8     0.558    -0.770    -0.308
 9   144.381    -4.409    17.661
 9     0.119    -0.967    -0.227
 9     0.988     0.137    -0.071
 9     0.099    -0.216     0.971
 2    97.602   -19.393    59.118
 2     0.658    -0.754     0.003
 2     0.753     0.657     0.029
 2    -0.023    -0.018     0.999
 3   133.617    -7.054     3.921
 3     0.479    -0.158    -0.864
 3     0.185     0.979    -0.074
 3     0.858    -0.125     0.498
 4   118.660     7.984    -8.125
 4     0.557    -0.713     0.428
 4     0.813     0.570    -0.109
 4    -0.165     0.408     0.897
 5   132.335    17.534    14.574
 5     0.799    -0.519     0.306
 5     0.053    -0.444    -0.894
 5     0.599     0.730    -0.328
 6   143.378    -3.643    12.824
 6     0.286     0.757    -0.592
 6    -0.931     0.071    -0.354
 6    -0.227     0.649     0.724
 7   117.938   -22.800    -5.702
 7     0.562     0.686     0.465
 7    -0.790     0.609     0.054
 7    -0.245    -0.397     0.883
 8   138.154   -27.806    14.982
 8     0.831     0.557     0.000
 8     0.173    -0.263     0.949
 8     0.529    -0.788    -0.314
 9   145.299    -4.792    16.183
 9     0.143    -0.971    -0.192
 9     0.981     0.164    -0.103
 9     0.131    -0.173     0.976
 2    97.603   -19.393    59.068
 2     0.658    -0.754     0.003
 2     0.752     0.657     0.029
 2    -0.023    -0.018     0.999
 3   133.471    -7.137     3.784
 3     0.487    -0.141    -0.862
 3     0.190     0.980    -0.052
 3     0.852    -0.139     0.504
 4   118.325     7.845    -8.273
 4     0.555    -0.705     0.444
 4     0.812     0.572    -0.107
 4    -0.178     0.419     0.889
 5   132.438    17.389    14.258
 5     0.814    -0.490     0.313
 5     0.060    -0.464    -0.883
 5     0.577     0.738    -0.349
 6   143.894    -2.791    10.996
 6     0.321     0.770    -0.556
 6    -0.902     0.070    -0.421
 6    -0.286     0.634     0.717
 7   117.696   -22.633    -5.846
 7     0.557     0.683     0.476
 7    -0.791     0.609     0.049
 7    -0.255    -0.403     0.878
 8   137.932   -28.186    14.543
 8     0.851     0.524     0.033
 8     0.144    -0.297     0.944
 8     0.504    -0.798    -0.327
 9   146.197    -5.747    15.264
 9     0.195    -0.964    -0.183
 9     0.973     0.213    -0.087
 9     0.122    -0.161     0.979
 2    97.603   -19.393    59.068
 2     0.658    -0.754     0.003
 2     0.752     0.657     0.029
 2    -0.023    -0.018     0.999
 3   133.407    -7.137     3.707
 3     0.487    -0.123    -0.865
 3     0.188     0.981    -0.033
 3     0.853    -0.147     0.500
 4   118.085     7.942    -8.263
 4     0.554    -0.700     0.453
 4     0.812     0.572    -0.108
 4    -0.183     0.427     0.885
 5   132.269    17.290    14.313
 5     0.836    -0.434     0.336
 5     0.071    -0.520    -0.850
 5     0.543     0.735    -0.405
 6   144.522    -1.258     9.236
 6     0.374     0.791    -0.488
 6    -0.854     0.088    -0.508
 6    -0.361     0.605     0.709
 7   117.297   -22.472    -5.901
 7     0.546     0.684     0.486
 7    -0.794     0.606     0.039
 7    -0.268    -0.406     0.873
 8   137.668   -29.074    13.785
 8     0.887     0.452     0.095
 8     0.080    -0.356     0.931
 8     0.455    -0.818    -0.351
 9   147.772    -7.850    12.771
 9     0.290    -0.944    -0.161
 9     0.953     0.298    -0.039
 9     0.084    -0.142     0.986
 2    97.603   -19.342    59.068
 2     0.658    -0.754     0.003
 2     0.752     0.657     0.029
 2    -0.023    -0.018     0.999
 3   133.238    -7.100     3.517
 3     0.498    -0.098    -0.862
 3     0.182     0.983    -0.005
 3     0.847    -0.154     0.507
 4   117.701     8.060    -8.343
 4     0.547    -0.693     0.472
 4     0.814     0.570    -0.107
 4    -0.194     0.442     0.875
 5   132.174    17.339    14.066
 5     0.861    -0.362     0.359
 5     0.098    -0.572    -0.813
 5     0.499     0.736    -0.458
 6   145.065     0.610     7.313
 6     0.421     0.816    -0.401
 6    -0.799     0.125    -0.584
 6    -0.429     0.564     0.705
 7   116.674   -22.197    -6.116
 7     0.529     0.681     0.508
 7    -0.796     0.604     0.018
 7    -0.294    -0.413     0.861
 8   137.364   -29.991    12.686
 8     0.916     0.374     0.144
 8     0.017    -0.397     0.918
 8     0.400    -0.838    -0.370
 9   148.431    -9.437    10.721
 9     0.345    -0.931    -0.118
 9     0.937     0.348    -0.010
 9     0.049    -0.107     0.993
 2    97.603   -19.342    59.068
 2     0.658    -0.754     0.003
 2     0.752     0.657     0.029
 2    -0.023    -0.018     0.999
 3   133.147    -7.111     3.295
 3     0.509    -0.081    -0.857
 3     0.178     0.984     0.014
 3     0.842    -0.160     0.514
 4   117.400     8.052    -8.450
 4     0.544    -0.686     0.485
 4     0.814     0.570    -0.106
 4    -0.203     0.451     0.868
 5   132.140    17.547    13.747
 5     0.876    -0.307     0.373
 5     0.126    -0.600    -0.789
 5     0.465     0.739    -0.488
 6   145.255     2.282     5.802
 6     0.448     0.835    -0.325
 6    -0.756     0.161    -0.632
 6    -0.477     0.526     0.704
 7   116.559   -22.054    -6.139
 7     0.523     0.682     0.514
 7    -0.797     0.603     0.010
 7    -0.302    -0.414     0.858
 8   137.053   -30.676    12.394
 8     0.926     0.331     0.181
 8    -0.026    -0.426     0.904
 8     0.376    -0.842    -0.386
 9   148.780   -11.051     9.249
 9     0.386    -0.918    -0.087
 9     0.922     0.385     0.026
 9     0.009    -0.090     0.996
 2    97.603   -19.342    59.068
 2     0.658    -0.754     0.003
 2     0.752     0.657     0.029
 2    -0.023    -0.018     0.999
 3   133.108    -7.080     3.295
 3     0.504    -0.068    -0.861
 3     0.184     0.982     0.031
 3     0.843    -0.175     0.507
 4   117.301     7.996    -8.555
 4     0.536    -0.688     0.491
 4     0.817     0.567    -0.096
 4    -0.212     0.452     0.865
 5   131.971    17.646    13.544
 5     0.880    -0.278     0.386
 5     0.144    -0.617    -0.773
 5     0.452     0.736    -0.504
