% Calibrated with leiden_pols
% Positions are in centimeters
Data =[
 2    97.603   -19.393    59.118
 2     0.658    -0.754     0.003
 2     0.752     0.657     0.029
 2    -0.023    -0.018     0.999
 3   137.395    -5.645     5.127
 3     0.391    -0.045    -0.919
 3     0.127     0.992     0.006
 3     0.911    -0.120     0.394
 4   124.226    11.792    -5.026
 4     0.445    -0.879     0.173
 4     0.885     0.401    -0.238
 4     0.140     0.258     0.956
 5   123.760    20.352    20.414
 5     0.360    -0.438     0.825
 5     0.300    -0.782    -0.545
 5     0.883     0.442    -0.150
 6   139.333    24.072    41.962
 6     0.423    -0.380    -0.825
 6     0.087     0.921    -0.378
 6     0.901     0.087     0.421
 7   123.286   -22.632    -3.522
 7     0.517     0.827     0.224
 7    -0.854     0.481     0.194
 7     0.053    -0.291     0.955
 8   125.960   -30.763    21.509
 8     0.335     0.641     0.692
 8    -0.138    -0.692     0.707
 8     0.932    -0.332    -0.143
 9   137.825   -30.935    42.672
 9     0.310     0.317    -0.897
 9     0.095     0.927     0.360
 9     0.946    -0.197     0.256
 2    97.603   -19.393    59.118
 2     0.658    -0.754     0.003
 2     0.752     0.657     0.029
 2    -0.023    -0.018     0.999
 3   137.370    -5.595     5.127
 3     0.392    -0.047    -0.919
 3     0.127     0.992     0.003
 3     0.911    -0.119     0.394
 4   124.228    11.818    -5.029
 4     0.445    -0.879     0.172
 4     0.884     0.401    -0.239
 4     0.141     0.258     0.955
 5   123.754    20.452    20.422
 5     0.360    -0.437     0.825
 5     0.302    -0.782    -0.544
 5     0.882     0.444    -0.149
 6   139.285    24.068    41.861
 6     0.426    -0.374    -0.826
 6     0.083     0.923    -0.372
 6     0.901     0.088     0.423
 7   123.229   -22.533    -3.615
 7     0.518     0.826     0.225
 7    -0.854     0.483     0.191
 7     0.050    -0.290     0.955
 8   125.951   -30.771    21.418
 8     0.335     0.639     0.693
 8    -0.144    -0.692     0.707
 8     0.931    -0.336    -0.139
 9   137.817   -31.067    42.553
 9     0.312     0.317    -0.896
 9     0.092     0.928     0.360
 9     0.945    -0.194     0.259
 2    97.602   -19.342    59.118
 2     0.658    -0.754     0.003
 2     0.753     0.657     0.029
 2    -0.023    -0.018     0.999
 3   137.369    -5.545     5.177
 3     0.392    -0.050    -0.919
 3     0.126     0.992     0.001
 3     0.911    -0.117     0.394
 4   124.283    11.819    -5.034
 4     0.445    -0.879     0.171
 4     0.884     0.401    -0.240
 4     0.143     0.257     0.955
 5   123.759    20.763    20.103
 5     0.348    -0.444     0.827
 5     0.314    -0.776    -0.547
 5     0.883     0.448    -0.130
 6   139.297    24.067    41.859
 6     0.424    -0.355    -0.835
 6     0.079     0.931    -0.353
 6     0.902     0.082     0.421
 7   123.329   -22.532    -3.615
 7     0.519     0.825     0.225
 7    -0.853     0.484     0.192
 7     0.050    -0.291     0.955
 8   125.820   -31.038    21.072
 8     0.316     0.650     0.692
 8    -0.153    -0.684     0.713
 8     0.936    -0.331    -0.115
 9   137.639   -31.525    42.369
 9     0.306     0.324    -0.896
 9     0.081     0.928     0.362
 9     0.948    -0.183     0.256
 2    97.603   -19.393    59.118
 2     0.658    -0.754     0.003
 2     0.752     0.657     0.029
 2    -0.023    -0.018     0.999
 3   137.507    -5.537     5.165
 3     0.385    -0.049    -0.922
 3     0.130     0.991     0.002
 3     0.913    -0.122     0.387
 4   124.406    11.819    -5.132
 4     0.444    -0.880     0.170
 4     0.884     0.400    -0.239
 4     0.142     0.256     0.956
 5   123.688    20.870    19.929
 5     0.338    -0.445     0.831
 5     0.322    -0.774    -0.544
 5     0.884     0.450    -0.118
 6   139.100    24.228    41.760
 6     0.414    -0.343    -0.844
 6     0.083     0.937    -0.338
 6     0.906     0.069     0.415
 7   123.497   -22.534    -3.785
 7     0.521     0.823     0.227
 7    -0.852     0.487     0.190
 7     0.047    -0.291     0.955
 8   125.298   -31.586    20.535
 8     0.293     0.637     0.714
 8    -0.185    -0.694     0.695
 8     0.938    -0.334    -0.084
 9   136.691   -32.900    42.051
 9     0.283     0.343    -0.897
 9     0.048     0.927     0.369
 9     0.958    -0.147     0.245
 2    97.603   -19.342    59.068
 2     0.658    -0.754     0.003
 2     0.752     0.657     0.029
 2    -0.023    -0.018     0.999
 3   137.521    -5.504     5.153
 3     0.379    -0.048    -0.924
 3     0.135     0.990     0.005
 3     0.915    -0.128     0.381
 4   124.581    11.820    -5.258
 4     0.442    -0.881     0.168
 4     0.886     0.399    -0.237
 4     0.142     0.253     0.957
 5   123.593    20.953    19.706
 5     0.326    -0.448     0.833
 5     0.330    -0.772    -0.542
 5     0.885     0.451    -0.104
 6   138.952    24.414    41.685
 6     0.405    -0.337    -0.851
 6     0.086     0.940    -0.329
 6     0.910     0.059     0.409
 7   123.739   -22.483    -3.956
 7     0.524     0.821     0.226
 7    -0.850     0.491     0.189
 7     0.044    -0.291     0.955
 8   125.183   -32.644    19.516
 8     0.250     0.695     0.675
 8    -0.202    -0.644     0.737
 8     0.947    -0.320    -0.019
 9   135.649   -33.629    41.533
 9     0.232     0.285    -0.930
 9     0.038     0.953     0.301
 9     0.972    -0.105     0.209
 2    97.603   -19.342    59.068
 2     0.658    -0.754     0.003
 2     0.753     0.657     0.029
 2    -0.023    -0.018     0.999
 3   137.709    -5.494     5.192
 3     0.371    -0.047    -0.928
 3     0.142     0.990     0.007
 3     0.917    -0.135     0.373
 4   124.754    11.822    -5.385
 4     0.437    -0.884     0.167
 4     0.888     0.394    -0.235
 4     0.142     0.251     0.957
 5   123.545    21.118    19.488
 5     0.308    -0.456     0.836
 5     0.335    -0.770    -0.542
 5     0.890     0.446    -0.084
 6   138.613    24.378    41.698
 6     0.386    -0.323    -0.865
 6     0.083     0.945    -0.314
 6     0.919     0.048     0.391
 7   124.010   -22.484    -4.082
 7     0.525     0.821     0.223
 7    -0.850     0.493     0.186
 7     0.043    -0.287     0.957
 8   124.904   -33.152    18.500
 8     0.212     0.714     0.668
 8    -0.223    -0.630     0.743
 8     0.951    -0.306     0.027
 9   134.632   -34.433    41.066
 9     0.185     0.280    -0.942
 9     0.016     0.957     0.288
 9     0.982    -0.069     0.172
 2    97.603   -19.342    59.068
 2     0.658    -0.754     0.003
 2     0.753     0.657     0.029
 2    -0.023    -0.018     0.999
 3   138.029    -5.434     5.071
 3     0.362    -0.043    -0.931
 3     0.145     0.989     0.011
 3     0.920    -0.140     0.364
 4   125.160    11.827    -5.545
 4     0.431    -0.887     0.164
 4     0.891     0.389    -0.235
 4     0.145     0.247     0.958
 5   123.522    21.210    19.142
 5     0.287    -0.461     0.840
 5     0.340    -0.771    -0.538
 5     0.895     0.439    -0.064
 6   138.241    24.393    41.815
 6     0.367    -0.318    -0.875
 6     0.081     0.947    -0.309
 6     0.927     0.041     0.372
 7   124.684   -22.413    -4.522
 7     0.529     0.821     0.214
 7    -0.848     0.501     0.172
 7     0.035    -0.272     0.961
 8   124.343   -33.728    17.630
 8     0.145     0.739     0.658
 8    -0.249    -0.616     0.747
 8     0.957    -0.272     0.095
 9   132.872   -35.561    40.713
 9     0.122     0.276    -0.953
 9    -0.011     0.960     0.277
 9     0.992    -0.024     0.120
 2    97.603   -19.393    59.068
 2     0.658    -0.754     0.003
 2     0.752     0.657     0.029
 2    -0.023    -0.018     0.999
 3   138.462    -5.372     5.137
 3     0.350    -0.038    -0.936
 3     0.144     0.989     0.014
 3     0.925    -0.141     0.351
 4   125.799    11.884    -5.580
 4     0.428    -0.891     0.152
 4     0.891     0.388    -0.235
 4     0.150     0.236     0.960
 5   123.556    21.151    18.920
 5     0.263    -0.471     0.843
 5     0.344    -0.770    -0.536
 5     0.901     0.429    -0.040
 6   137.890    24.356    41.860
 6     0.349    -0.315    -0.883
 6     0.079     0.948    -0.305
 6     0.934     0.035     0.355
 7   125.320   -22.403    -4.675
 7     0.536     0.819     0.204
 7    -0.843     0.507     0.178
 7     0.042    -0.267     0.962
 8   124.409   -34.487    16.859
 8     0.086     0.795     0.600
 8    -0.266    -0.562     0.782
 8     0.960    -0.227     0.164
 9   132.052   -35.778    40.330
 9     0.066     0.209    -0.976
 9    -0.013     0.978     0.209
 9     0.998    -0.002     0.067
 2    97.603   -19.393    59.068
 2     0.658    -0.754     0.003
 2     0.752     0.657     0.029
 2    -0.023    -0.018     0.999
 3   138.749    -5.362     5.199
 3     0.342    -0.042    -0.939
 3     0.149     0.989     0.010
 3     0.927    -0.144     0.344
 4   126.053    11.709    -5.757
 4     0.423    -0.895     0.144
 4     0.894     0.385    -0.230
 4     0.151     0.226     0.962
 5   123.355    21.241    18.516
 5     0.238    -0.484     0.843
 5     0.353    -0.765    -0.538
 5     0.905     0.424    -0.010
 6   137.157    24.559    41.835
 6     0.323    -0.314    -0.894
 6     0.085     0.949    -0.302
 6     0.943     0.020     0.332
 7   125.621   -22.479    -4.733
 7     0.533     0.823     0.198
 7    -0.845     0.505     0.174
 7     0.044    -0.260     0.964
 8   123.576   -34.620    16.438
 8     0.038     0.783     0.620
 8    -0.277    -0.588     0.759
 8     0.960    -0.201     0.196
 9   130.380   -36.219    40.243
 9     0.022     0.227    -0.974
 9    -0.017     0.974     0.227
 9     0.999     0.010     0.024
 2    97.603   -19.342    59.068
 2     0.658    -0.754     0.003
 2     0.753     0.657     0.029
 2    -0.023    -0.018     0.999
 3   139.084    -5.451     5.315
 3     0.331    -0.038    -0.943
 3     0.150     0.988     0.013
 3     0.932    -0.147     0.332
 4   126.587    11.664    -5.912
 4     0.413    -0.902     0.128
 4     0.897     0.379    -0.225
 4     0.154     0.208     0.966
 5   123.207    21.182    18.322
 5     0.214    -0.487     0.847
 5     0.355    -0.769    -0.531
 5     0.910     0.413     0.009
 6   136.635    24.501    42.023
 6     0.301    -0.321    -0.899
 6     0.085     0.947    -0.308
 6     0.950     0.015     0.312
 7   126.453   -22.395    -4.840
 7     0.535     0.826     0.176
 7    -0.843     0.509     0.172
 7     0.052    -0.240     0.969
 8   123.677   -34.645    15.983
 8    -0.005     0.797     0.604
 8    -0.281    -0.581     0.764
 8     0.960    -0.165     0.227
 9   129.217   -36.818    40.017
 9    -0.019     0.211    -0.977
 9    -0.012     0.977     0.211
 9     1.000     0.015    -0.017
 2    97.603   -19.342    59.068
 2     0.658    -0.754     0.003
 2     0.753     0.657     0.029
 2    -0.023    -0.018     0.999
 3   139.705    -5.280     5.613
 3     0.309    -0.042    -0.950
 3     0.148     0.989     0.005
 3     0.939    -0.143     0.312
 4   127.725    11.677    -5.964
 4     0.411    -0.906     0.103
 4     0.896     0.380    -0.228
 4     0.167     0.185     0.968
 5   123.755    21.222    17.998
 5     0.186    -0.504     0.844
 5     0.359    -0.765    -0.534
 5     0.914     0.401     0.039
 6   136.579    24.553    42.101
 6     0.272    -0.318    -0.909
 6     0.087     0.948    -0.304
 6     0.958     0.002     0.285
 7   127.614   -22.286    -4.927
 7     0.535     0.831     0.151
 7    -0.843     0.511     0.168
 7     0.062    -0.217     0.974
 8   124.065   -34.892    15.617
 8    -0.039     0.805     0.592
 8    -0.296    -0.575     0.762
 8     0.954    -0.145     0.261
 9   128.777   -37.395    40.009
 9    -0.050     0.198    -0.979
 9    -0.026     0.979     0.200
 9     0.998     0.034    -0.044
 2    97.603   -19.342    59.068
 2     0.658    -0.754     0.003
 2     0.752     0.657     0.029
 2    -0.023    -0.018     0.999
 3   140.333    -5.416     5.785
 3     0.295    -0.045    -0.954
 3     0.152     0.988     0.000
 3     0.943    -0.146     0.298
 4   128.488    11.633    -5.967
 4     0.402    -0.912     0.082
 4     0.899     0.376    -0.222
 4     0.171     0.163     0.971
 5   123.919    21.160    17.821
 5     0.163    -0.505     0.848
 5     0.365    -0.768    -0.526
 5     0.917     0.394     0.059
 6   136.324    24.675    42.228
 6     0.253    -0.322    -0.913
 6     0.091     0.947    -0.307
 6     0.963    -0.007     0.267
 7   128.504   -22.271    -5.017
 7     0.547     0.826     0.136
 7    -0.834     0.524     0.173
 7     0.072    -0.208     0.975
 8   124.428   -35.370    14.949
 8    -0.104     0.854     0.509
 8    -0.309    -0.515     0.800
 8     0.945    -0.075     0.317
 9   126.850   -37.411    40.108
 9    -0.140     0.090    -0.986
 9    -0.029     0.995     0.095
 9     0.990     0.040    -0.137
 2    97.603   -19.342    59.068
 2     0.658    -0.754     0.003
 2     0.753     0.657     0.029
 2    -0.023    -0.018     0.999
 3   140.635    -5.222     6.158
 3     0.281    -0.055    -0.958
 3     0.156     0.987    -0.011
 3     0.947    -0.147     0.286
 4   129.003    11.614    -6.078
 4     0.399    -0.914     0.070
 4     0.899     0.376    -0.222
 4     0.176     0.151     0.972
 5   123.885    21.224    17.525
 5     0.136    -0.515     0.847
 5     0.368    -0.768    -0.525
 5     0.920     0.382     0.085
 6   135.770    24.654    42.178
 6     0.223    -0.321    -0.921
 6     0.094     0.947    -0.306
 6     0.970    -0.020     0.240
 7   128.784   -22.273    -5.057
 7     0.536     0.835     0.120
 7    -0.840     0.516     0.166
 7     0.077    -0.190     0.979
 8   123.340   -35.257    14.494
 8    -0.158     0.825     0.542
 8    -0.315    -0.562     0.764
 8     0.936    -0.050     0.349
 9   125.003   -37.771    39.742
 9    -0.173     0.129    -0.976
 9    -0.031     0.990     0.136
 9     0.984     0.052    -0.168
 2    97.603   -19.342    59.068
 2     0.658    -0.754     0.003
 2     0.753     0.657     0.029
 2    -0.023    -0.018     0.999
 3   140.909    -5.213     6.233
 3     0.272    -0.053    -0.961
 3     0.155     0.988    -0.011
 3     0.950    -0.147     0.276
 4   129.425    11.514    -6.245
 4     0.389    -0.919     0.058
 4     0.904     0.369    -0.213
 4     0.174     0.135     0.975
 5   123.584    21.084    17.094
 5     0.104    -0.516     0.850
 5     0.375    -0.772    -0.513
 5     0.921     0.371     0.113
 6   134.835    24.789    42.029
 6     0.195    -0.331    -0.924
 6     0.100     0.943    -0.315
 6     0.976    -0.032     0.216
 7   129.521   -22.095    -5.338
 7     0.540     0.835     0.106
 7    -0.838     0.522     0.156
 7     0.075    -0.174     0.982
 8   122.610   -35.182    13.484
 8    -0.222     0.804     0.552
 8    -0.334    -0.594     0.732
 8     0.916    -0.022     0.400
 9   123.256   -39.078    38.780
 9    -0.206     0.266    -0.942
 9    -0.054     0.958     0.282
 9     0.977     0.109    -0.183
 2    97.653   -19.393    59.068
 2     0.658    -0.754     0.003
 2     0.752     0.657     0.029
 2    -0.023    -0.018     0.999
 3   141.257    -5.230     6.282
 3     0.260    -0.056    -0.964
 3     0.151     0.988    -0.016
 3     0.953    -0.143     0.264
 4   129.898    11.574    -6.164
 4     0.383    -0.923     0.044
 4     0.905     0.365    -0.216
 4     0.183     0.122     0.975
 5   123.586    20.966    16.939
 5     0.079    -0.521     0.850
 5     0.379    -0.773    -0.508
 5     0.922     0.361     0.137
 6   134.358    24.950    42.164
 6     0.169    -0.340    -0.926
 6     0.108     0.939    -0.324
 6     0.980    -0.047     0.194
 7   130.070   -22.093    -5.429
 7     0.541     0.836     0.090
 7    -0.837     0.526     0.150
 7     0.078    -0.157     0.984
 8   122.249   -35.211    12.866
 8    -0.276     0.797     0.538
 8    -0.346    -0.604     0.718
 8     0.897     0.012     0.441
 9   121.817   -39.869    38.191
 9    -0.246     0.321    -0.915
 9    -0.075     0.934     0.348
 9     0.966     0.154    -0.206
 2    97.602   -19.342    59.118
 2     0.658    -0.754     0.003
 2     0.753     0.657     0.029
 2    -0.023    -0.018     0.999
 3   141.462    -5.137     6.523
 3     0.245    -0.061    -0.968
 3     0.152     0.988    -0.023
 3     0.957    -0.142     0.251
 4   130.257    11.528    -6.167
 4     0.377    -0.926     0.031
 4     0.907     0.362    -0.213
 4     0.186     0.108     0.976
 5   123.391    20.968    16.802
 5     0.057    -0.522     0.851
 5     0.388    -0.774    -0.500
 5     0.920     0.357     0.159
 6   133.806    25.207    42.200
 6     0.148    -0.345    -0.927
 6     0.118     0.936    -0.329
 6     0.982    -0.062     0.179
 7   130.579   -22.061    -5.454
 7     0.543     0.836     0.076
 7    -0.835     0.528     0.150
 7     0.085    -0.145     0.985
 8   121.572   -35.463    11.834
 8    -0.328     0.794     0.512
 8    -0.363    -0.606     0.708
 8     0.872     0.046     0.486
 9   119.938   -41.243    36.990
 9    -0.287     0.401    -0.870
 9    -0.104     0.889     0.445
 9     0.952     0.219    -0.214
 2    97.603   -19.342    59.068
 2     0.658    -0.754     0.003
 2     0.753     0.657     0.029
 2    -0.023    -0.018     0.999
 3   141.553    -5.026     6.682
 3     0.237    -0.068    -0.969
 3     0.154     0.987    -0.031
 3     0.959    -0.143     0.244
 4   130.296    11.450    -6.302
 4     0.369    -0.929     0.026
 4     0.911     0.356    -0.205
 4     0.181     0.099     0.978
 5   123.277    20.839    16.617
 5     0.053    -0.519     0.854
 5     0.392    -0.776    -0.494
 5     0.918     0.359     0.163
 6   133.619    25.283    41.939
 6     0.147    -0.351    -0.925
 6     0.121     0.934    -0.334
 6     0.981    -0.065     0.179
 7   130.871   -22.062    -5.638
 7     0.543     0.837     0.060
 7    -0.835     0.531     0.140
 7     0.085    -0.127     0.988
 8   120.413   -35.835    10.563
 8    -0.413     0.786     0.461
 8    -0.375    -0.607     0.701
 8     0.830     0.116     0.544
 9   116.499   -41.717    35.666
 9    -0.376     0.356    -0.855
 9    -0.108     0.900     0.422
 9     0.920     0.251    -0.300
 2    97.603   -19.342    59.068
 2     0.658    -0.754     0.003
 2     0.753     0.657     0.029
 2    -0.023    -0.018     0.999
 3   141.693    -5.189     6.594
 3     0.221    -0.056    -0.974
 3     0.152     0.988    -0.022
 3     0.963    -0.144     0.226
 4   130.575    11.114    -6.678
 4     0.368    -0.930     0.021
 4     0.914     0.357    -0.193
 4     0.171     0.090     0.981
 5   123.218    20.790    15.959
 5     0.036    -0.526     0.850
 5     0.396    -0.774    -0.494
 5     0.917     0.353     0.181
 6   133.122    25.465    41.573
 6     0.125    -0.353    -0.928
 6     0.129     0.932    -0.336
 6     0.983    -0.080     0.161
 7   131.034   -22.094    -5.677
 7     0.537     0.841     0.056
 7    -0.839     0.527     0.131
 7     0.081    -0.118     0.990
 8   120.153   -35.511    10.347
 8    -0.435     0.766     0.474
 8    -0.367    -0.631     0.683
 8     0.822     0.123     0.555
 9   116.541   -41.623    35.512
 9    -0.370     0.436    -0.820
 9    -0.102     0.858     0.503
 9     0.923     0.269    -0.273
 2    97.603   -19.342    59.068
 2     0.658    -0.754     0.003
 2     0.752     0.657     0.029
 2    -0.023    -0.018     0.999
 3   141.874    -5.105     6.686
 3     0.216    -0.066    -0.974
 3     0.155     0.987    -0.032
 3     0.964    -0.145     0.223
 4   130.560    11.086    -6.837
 4     0.359    -0.933     0.019
 4     0.919     0.349    -0.185
 4     0.165     0.084     0.983
 5   122.974    20.740    15.804
 5     0.024    -0.519     0.855
 5     0.402    -0.778    -0.482
 5     0.915     0.354     0.190
 6   132.897    25.494    41.294
 6     0.125    -0.359    -0.926
 6     0.133     0.930    -0.341
 6     0.983    -0.083     0.163
 7   131.272   -22.136    -5.646
 7     0.543     0.838     0.054
 7    -0.835     0.532     0.139
 7     0.087    -0.121     0.989
 8   120.486   -35.661    10.356
 8    -0.435     0.776     0.458
 8    -0.375    -0.617     0.692
 8     0.819     0.129     0.558
 9   116.394   -43.770    34.703
 9    -0.363     0.595    -0.717
 9    -0.170     0.714     0.679
 9     0.916     0.369    -0.159
 2    97.603   -19.393    59.068
 2     0.658    -0.754     0.003
 2     0.752     0.657     0.029
 2    -0.023    -0.018     0.999
 3   141.812    -5.103     6.698
 3     0.215    -0.076    -0.974
 3     0.160     0.986    -0.041
 3     0.963    -0.148     0.223
 4   130.448    10.905    -6.899
 4     0.355    -0.935     0.020
 4     0.921     0.346    -0.180
 4     0.160     0.082     0.983
 5   122.791    20.614    15.686
 5     0.020    -0.514     0.858
 5     0.405    -0.780    -0.476
 5     0.914     0.356     0.193
 6   132.606    25.550    41.114
 6     0.121    -0.364    -0.924
 6     0.140     0.927    -0.346
 6     0.982    -0.090     0.163
 7   131.328   -22.234    -5.631
 7     0.544     0.837     0.051
 7    -0.834     0.533     0.140
 7     0.090    -0.119     0.989
 8   119.755   -35.555     9.770
 8    -0.486     0.754     0.442
 8    -0.373    -0.636     0.676
 8     0.790     0.164     0.589
 9   114.113   -43.713    33.857
 9    -0.436     0.519    -0.735
 9    -0.178     0.751     0.636
 9     0.882     0.408    -0.235
 2    97.603   -19.342    59.068
 2     0.658    -0.754     0.003
 2     0.752     0.657     0.029
 2    -0.023    -0.018     0.999
 3   141.873    -5.174     6.715
 3     0.210    -0.073    -0.975
 3     0.160     0.986    -0.039
 3     0.964    -0.149     0.218
 4   130.626    10.804    -6.896
 4     0.354    -0.935     0.013
 4     0.921     0.347    -0.176
 4     0.160     0.074     0.984
 5   122.707    20.513    15.529
 5     0.008    -0.516     0.857
 5     0.407    -0.781    -0.473
 5     0.913     0.351     0.204
 6   132.267    25.670    41.012
 6     0.107    -0.366    -0.925
 6     0.146     0.925    -0.348
 6     0.983    -0.099     0.151
 7   131.515   -22.307    -5.550
 7     0.539     0.841     0.040
 7    -0.837     0.529     0.141
 7     0.097    -0.110     0.989
 8   119.437   -35.625     9.395
 8    -0.517     0.750     0.413
 8    -0.372    -0.631     0.680
 8     0.770     0.198     0.605
 9   112.877   -43.570    33.236
 9    -0.485     0.386    -0.785
 9    -0.174     0.837     0.519
 9     0.857     0.388    -0.339
 2    97.603   -19.393    59.068
 2     0.658    -0.754     0.003
 2     0.752     0.657     0.029
 2    -0.023    -0.018     0.999
 3   141.882    -5.170     6.755
 3     0.207    -0.073    -0.976
 3     0.160     0.986    -0.039
 3     0.965    -0.149     0.215
 4   130.678    10.806    -6.897
 4     0.351    -0.936     0.008
 4     0.922     0.344    -0.176
 4     0.161     0.069     0.984
 5   122.528    20.440    15.412
 5    -0.003    -0.513     0.859
 5     0.408    -0.785    -0.466
 5     0.913     0.347     0.212
 6   131.904    25.629    41.001
 6     0.100    -0.371    -0.924
 6     0.147     0.923    -0.354
 6     0.984    -0.102     0.146
 7   131.594   -22.355    -5.613
 7     0.540     0.841     0.033
 7    -0.836     0.531     0.140
 7     0.100    -0.103     0.989
 8   119.392   -35.946     9.111
 8    -0.545     0.760     0.355
 8    -0.366    -0.596     0.714
 8     0.754     0.259     0.602
 9   111.300   -42.038    33.442
 9    -0.539     0.249    -0.805
 9    -0.131     0.919     0.372
 9     0.832     0.306    -0.462
 2    97.603   -19.393    59.068
 2     0.658    -0.754     0.003
 2     0.752     0.657     0.029
 2    -0.023    -0.018     0.999
 3   141.889    -5.162     6.797
 3     0.200    -0.081    -0.977
 3     0.163     0.985    -0.047
 3     0.966    -0.151     0.210
 4   130.618    10.676    -7.008
 4     0.348    -0.937     0.003
 4     0.924     0.343    -0.169
 4     0.156     0.062     0.985
 5   122.415    20.336    15.251
 5    -0.006    -0.512     0.859
 5     0.412    -0.784    -0.463
 5     0.911     0.349     0.216
 6   131.680    25.713    40.781
 6     0.095    -0.372    -0.924
 6     0.152     0.922    -0.354
 6     0.984    -0.109     0.143
 7   131.689   -22.568    -5.447
 7     0.534     0.845     0.017
 7    -0.836     0.525     0.155
 7     0.121    -0.098     0.988
 8   118.697   -35.849     9.119
 8    -0.595     0.741     0.311
 8    -0.327    -0.576     0.749
 8     0.734     0.344     0.585
 9   108.532   -39.560    33.534
 9    -0.608     0.123    -0.785
 9    -0.060     0.978     0.200
 9     0.792     0.168    -0.586
 2    97.603   -19.393    59.068
 2     0.658    -0.754     0.003
 2     0.752     0.657     0.029
 2    -0.023    -0.018     0.999
 3   141.801    -5.326     6.795
 3     0.189    -0.078    -0.979
 3     0.170     0.984    -0.046
 3     0.967    -0.159     0.198
 4   130.701    10.389    -7.208
 4     0.349    -0.937    -0.000
 4     0.925     0.344    -0.158
 4     0.147     0.055     0.987
 5   122.272    20.154    14.821
 5    -0.012    -0.517     0.856
 5     0.419    -0.780    -0.464
 5     0.908     0.352     0.226
 6   131.342    25.721    40.432
 6     0.086    -0.368    -0.926
 6     0.160     0.922    -0.351
 6     0.983    -0.120     0.137
 7   131.716   -22.816    -5.306
 7     0.525     0.851     0.005
 7    -0.840     0.517     0.161
 7     0.134    -0.090     0.987
 8   118.206   -35.655     9.278
 8    -0.615     0.723     0.314
 8    -0.308    -0.586     0.749
 8     0.725     0.364     0.583
 9   107.908   -38.828    33.618
 9    -0.619     0.111    -0.777
 9    -0.042     0.984     0.174
 9     0.784     0.140    -0.604
 2    97.603   -19.393    59.068
 2     0.658    -0.754     0.003
 2     0.752     0.657     0.029
 2    -0.023    -0.018     0.999
 3   141.800    -5.374     6.796
 3     0.188    -0.078    -0.979
 3     0.172     0.984    -0.045
 3     0.967    -0.161     0.198
 4   130.696    10.260    -7.249
 4     0.348    -0.937    -0.003
 4     0.926     0.344    -0.153
 4     0.144     0.050     0.988
 5   122.196    20.129    14.701
 5    -0.018    -0.516     0.857
 5     0.419    -0.782    -0.461
 5     0.908     0.349     0.231
 6   131.215    25.699    40.384
 6     0.082    -0.369    -0.926
 6     0.160     0.921    -0.352
 6     0.983    -0.121     0.134
 7   131.722   -22.864    -5.264
 7     0.524     0.851     0.004
 7    -0.840     0.516     0.164
 7     0.137    -0.090     0.986
 8   118.209   -35.656     9.447
 8    -0.616     0.724     0.312
 8    -0.304    -0.583     0.754
 8     0.727     0.369     0.578
 9   108.001   -38.601    33.787
 9    -0.619     0.098    -0.779
 9    -0.039     0.987     0.155
 9     0.784     0.126    -0.608
 2    97.603   -19.393    59.068
 2     0.658    -0.754     0.003
 2     0.752     0.657     0.029
 2    -0.023    -0.018     0.999
 3   141.801    -5.421     6.850
 3     0.184    -0.078    -0.980
 3     0.174     0.983    -0.045
 3     0.967    -0.164     0.194
 4   130.742    10.132    -7.319
 4     0.348    -0.938    -0.005
 4     0.926     0.345    -0.151
 4     0.142     0.048     0.988
 5   122.195    20.079    14.653
 5    -0.021    -0.518     0.855
 5     0.419    -0.781    -0.462
 5     0.908     0.348     0.234
 6   131.154    25.707    40.322
 6     0.078    -0.367    -0.927
 6     0.161     0.922    -0.351
 6     0.984    -0.124     0.131
 7   131.785   -22.936    -5.104
 7     0.523     0.852    -0.001
 7    -0.840     0.515     0.168
 7     0.143    -0.088     0.985
 8   118.071   -35.452     9.766
 8    -0.627     0.712     0.316
 8    -0.280    -0.584     0.761
 8     0.727     0.388     0.566
 9   107.452   -37.602    34.107
 9    -0.629     0.101    -0.771
 9    -0.008     0.990     0.137
 9     0.777     0.093    -0.622
 2    97.603   -19.393    59.068
 2     0.658    -0.754     0.003
 2     0.752     0.657     0.029
 2    -0.023    -0.018     0.999
 3   141.801    -5.471     6.876
 3     0.184    -0.078    -0.980
 3     0.176     0.983    -0.044
 3     0.967    -0.166     0.195
 4   130.827    10.083    -7.250
 4     0.351    -0.936    -0.009
 4     0.925     0.348    -0.152
 4     0.145     0.045     0.988
 5   122.596    20.206    14.989
 5    -0.011    -0.537     0.844
 5     0.412    -0.771    -0.485
 5     0.911     0.341     0.230
 6   131.686    25.475    40.730
 6     0.080    -0.349    -0.934
 6     0.157     0.929    -0.333
 6     0.984    -0.122     0.128
 7   131.614   -23.036    -5.030
 7     0.523     0.852     0.002
 7    -0.840     0.515     0.170
 7     0.144    -0.091     0.985
 8   118.869   -36.002    10.682
 8    -0.571     0.752     0.329
 8    -0.300    -0.565     0.769
 8     0.764     0.339     0.548
 9   110.690   -39.160    35.484
 9    -0.559     0.089    -0.824
 9    -0.059     0.987     0.148
 9     0.827     0.132    -0.547
 2    97.603   -19.342    59.068
 2     0.658    -0.754     0.003
 2     0.752     0.657     0.029
 2    -0.023    -0.018     0.999
 3   141.651    -5.687     6.909
 3     0.197    -0.068    -0.978
 3     0.179     0.983    -0.032
 3     0.964    -0.169     0.205
 4   130.541    10.034    -7.144
 4     0.363    -0.932    -0.001
 4     0.919     0.358    -0.162
 4     0.151     0.058     0.987
 5   122.967    20.205    15.233
 5     0.020    -0.549     0.836
 5     0.401    -0.762    -0.509
 5     0.916     0.344     0.206
 6   132.617    25.082    40.780
 6     0.111    -0.343    -0.933
 6     0.149     0.933    -0.324
 6     0.982    -0.105     0.153
 7   131.258   -23.216    -5.210
 7     0.544     0.838     0.029
 7    -0.829     0.532     0.171
 7     0.127    -0.117     0.985
 8   120.602   -37.012    11.422
 8    -0.468     0.812     0.349
 8    -0.348    -0.532     0.772
 8     0.812     0.239     0.531
 9   115.398   -41.432    36.461
 9    -0.459     0.083    -0.885
 9    -0.116     0.981     0.152
 9     0.881     0.172    -0.441
 2    97.603   -19.393    59.067
 2     0.658    -0.754     0.003
 2     0.753     0.657     0.029
 2    -0.023    -0.018     0.999
 3   141.392    -5.928     6.876
 3     0.211    -0.064    -0.976
 3     0.186     0.982    -0.024
 3     0.960    -0.177     0.218
 4   130.044     9.621    -7.304
 4     0.361    -0.932     0.012
 4     0.921     0.355    -0.159
 4     0.143     0.068     0.987
 5   122.968    20.019    15.372
 5     0.040    -0.550     0.834
 5     0.402    -0.756    -0.517
 5     0.915     0.354     0.192
 6   133.095    24.963    40.802
 6     0.128    -0.334    -0.935
 6     0.152     0.937    -0.313
 6     0.980    -0.104     0.169
 7   131.059   -23.621    -5.353
 7     0.566     0.823     0.050
 7    -0.816     0.551     0.172
 7     0.114    -0.139     0.984
 8   122.752   -37.623    12.386
 8    -0.362     0.858     0.364
 8    -0.356    -0.488     0.797
 8     0.861     0.158     0.482
 9   120.086   -41.706    37.783
 9    -0.364     0.047    -0.930
 9    -0.134     0.986     0.102
 9     0.922     0.161    -0.353
 2    97.603   -19.342    59.068
 2     0.658    -0.754     0.003
 2     0.752     0.657     0.029
 2    -0.023    -0.018     0.999
 3   141.299    -6.057     6.618
 3     0.215    -0.068    -0.974
 3     0.192     0.981    -0.026
 3     0.958    -0.182     0.223
 4   129.699     9.436    -7.362
 4     0.364    -0.931     0.024
 4     0.921     0.356    -0.155
 4     0.135     0.078     0.988
 5   123.548    20.234    15.646
 5     0.080    -0.555     0.828
 5     0.398    -0.744    -0.536
 5     0.914     0.371     0.162
 6   134.364    24.875    40.805
 6     0.160    -0.321    -0.934
 6     0.151     0.942    -0.297
 6     0.975    -0.095     0.199
 7   131.007   -23.574    -5.524
 7     0.579     0.813     0.059
 7    -0.809     0.563     0.167
 7     0.102    -0.145     0.984
 8   124.764   -37.007    14.068
 8    -0.250     0.885     0.391
 8    -0.322    -0.458     0.829
 8     0.913     0.081     0.399
 9   125.192   -40.299    39.416
 9    -0.255     0.034    -0.966
 9    -0.128     0.989     0.068
 9     0.958     0.140    -0.248
 2    97.603   -19.393    59.068
 2     0.658    -0.754     0.003
 2     0.752     0.657     0.029
 2    -0.023    -0.018     0.999
 3   141.130    -5.994     6.630
 3     0.226    -0.078    -0.971
 3     0.187     0.981    -0.034
 3     0.956    -0.175     0.235
 4   129.473     9.772    -7.218
 4     0.371    -0.928     0.027
 4     0.917     0.361    -0.168
 4     0.146     0.088     0.985
 5   124.272    20.351    16.402
 5     0.122    -0.556     0.822
 5     0.382    -0.738    -0.555
 5     0.916     0.381     0.123
 6   136.284    24.455    41.133
 6     0.215    -0.303    -0.929
 6     0.133     0.951    -0.278
 6     0.967    -0.066     0.243
 7   130.437   -23.316    -5.350
 7     0.586     0.807     0.064
 7    -0.803     0.569     0.173
 7     0.103    -0.153     0.983
 8   127.386   -35.605    16.206
 8    -0.056     0.849     0.525
 8    -0.294    -0.516     0.804
 8     0.954    -0.109     0.279
 9   133.042   -38.516    40.315
 9    -0.049     0.100    -0.994
 9    -0.111     0.988     0.105
 9     0.992     0.113    -0.037
 2    97.603   -19.393    59.068
 2     0.658    -0.754     0.003
 2     0.752     0.657     0.029
 2    -0.023    -0.018     0.999
 3   140.618    -5.842     6.273
 3     0.247    -0.088    -0.965
 3     0.177     0.983    -0.043
 3     0.952    -0.162     0.258
 4   128.372    10.200    -6.928
 4     0.382    -0.923     0.051
 4     0.912     0.367    -0.181
 4     0.148     0.115     0.982
 5   125.414    20.585    17.431
 5     0.219    -0.543     0.812
 5     0.358    -0.729    -0.582
 5     0.908     0.416     0.035
 6   139.424    23.972    40.935
 6     0.315    -0.277    -0.908
 6     0.112     0.960    -0.253
 6     0.942    -0.023     0.333
 7   128.993   -22.965    -5.395
 7     0.591     0.801     0.098
 7    -0.804     0.574     0.156
 7     0.068    -0.171     0.983
 8   130.012   -34.190    17.886
 8     0.178     0.772     0.611
 8    -0.260    -0.561     0.785
 8     0.949    -0.298     0.102
 9   140.755   -35.599    39.821
 9     0.195     0.182    -0.964
 9    -0.052     0.983     0.176
 9     0.979     0.014     0.199
 2    97.603   -19.342    59.068
 2     0.658    -0.754     0.003
 2     0.753     0.657     0.029
 2    -0.023    -0.018     0.999
 3   139.792    -5.652     5.853
 3     0.281    -0.094    -0.955
 3     0.161     0.985    -0.049
 3     0.946    -0.141     0.291
 4   127.177    10.782    -6.731
 4     0.397    -0.914     0.080
 4     0.905     0.375    -0.201
 4     0.154     0.152     0.976
 5   126.266    20.627    18.876
 5     0.339    -0.493     0.803
 5     0.340    -0.731    -0.591
 5     0.877     0.472    -0.080
 6   141.845    23.716    40.596
 6     0.401    -0.264    -0.878
 6     0.098     0.964    -0.244
 6     0.911     0.010     0.411
 7   126.912   -22.522    -5.306
 7     0.573     0.807     0.139
 7    -0.818     0.557     0.139
 7     0.035    -0.194     0.980
 8   130.847   -32.040    19.936
 8     0.391     0.622     0.680
 8    -0.208    -0.659     0.721
 8     0.896    -0.423    -0.127
 9   144.888   -32.276    38.879
 9     0.394     0.195    -0.898
 9     0.036     0.973     0.228
 9     0.918    -0.123     0.376
 2    97.603   -19.342    59.068
 2     0.658    -0.754     0.003
 2     0.753     0.657     0.029
 2    -0.023    -0.018     0.999
 3   138.819    -5.293     5.265
 3     0.322    -0.084    -0.943
 3     0.143     0.989    -0.038
 3     0.936    -0.123     0.330
 4   125.760    11.608    -6.460
 4     0.419    -0.900     0.121
 4     0.895     0.387    -0.220
 4     0.151     0.200     0.968
 5   126.713    20.948    19.524
 5     0.436    -0.443     0.785
 5     0.330    -0.732    -0.594
 5     0.837     0.517    -0.173
 6   143.967    23.935    39.466
 6     0.494    -0.265    -0.829
 6     0.084     0.962    -0.257
 6     0.865     0.057     0.497
 7   125.226   -21.890    -5.321
 7     0.560     0.809     0.177
 7    -0.828     0.544     0.132
 7     0.011    -0.221     0.975
 8   131.005   -30.602    20.246
 8     0.492     0.586     0.646
 8    -0.168    -0.662     0.728
 8     0.854    -0.467    -0.227
 9   146.433   -30.552    37.494
 9     0.477     0.149    -0.866
 9     0.062     0.977     0.205
 9     0.876    -0.153     0.457
 2    97.603   -19.393    59.067
 2     0.658    -0.754     0.003
 2     0.753     0.657     0.029
 2    -0.023    -0.018     0.999
 3   138.059    -4.975     4.745
 3     0.353    -0.074    -0.933
 3     0.126     0.991    -0.030
 3     0.927    -0.108     0.359
 4   124.753    12.102    -6.554
 4     0.434    -0.886     0.161
 4     0.889     0.394    -0.231
 4     0.142     0.244     0.959
 5   126.928    21.035    19.495
 5     0.481    -0.427     0.768
 5     0.315    -0.733    -0.602
 5     0.818     0.530    -0.218
 6   144.845    23.668    38.771
 6     0.531    -0.255    -0.810
 6     0.068     0.964    -0.258
 6     0.844     0.081     0.527
 7   124.186   -21.467    -5.615
 7     0.553     0.806     0.212
 7    -0.833     0.541     0.113
 7    -0.024    -0.239     0.970
 8   130.823   -30.526    19.796
 8     0.522     0.551     0.654
 8    -0.187    -0.673     0.714
 8     0.832    -0.494    -0.248
 9   146.580   -31.042    36.525
 9     0.501     0.172    -0.848
 9     0.037     0.974     0.221
 9     0.864    -0.143     0.481
 2    97.603   -19.342    59.068
 2     0.658    -0.754     0.003
 2     0.753     0.657     0.029
 2    -0.023    -0.018     0.999
 3   137.904    -4.998     4.552
 3     0.371    -0.060    -0.927
 3     0.112     0.993    -0.019
 3     0.922    -0.098     0.375
 4   124.646    12.334    -6.351
 4     0.442    -0.882     0.166
 4     0.884     0.397    -0.245
 4     0.150     0.254     0.955
 5   127.089    20.673    19.979
 5     0.493    -0.433     0.756
 5     0.290    -0.737    -0.609
 5     0.820     0.518    -0.238
 6   145.097    22.994    38.922
 6     0.542    -0.249    -0.803
 6     0.052     0.963    -0.262
 6     0.839     0.100     0.534
 7   123.959   -21.394    -5.560
 7     0.549     0.808     0.213
 7    -0.835     0.538     0.110
 7    -0.025    -0.238     0.971
 8   131.098   -29.556    20.185
 8     0.522     0.602     0.607
 8    -0.116    -0.653     0.747
 8     0.845    -0.460    -0.270
 9   146.268   -29.616    37.478
 9     0.471     0.194    -0.860
 9     0.050     0.968     0.246
 9     0.880    -0.159     0.446
 2    97.603   -19.342    59.068
 2     0.658    -0.754     0.003
 2     0.752     0.657     0.029
 2    -0.023    -0.018     0.999
 3   137.814    -5.111     4.596
 3     0.384    -0.066    -0.921
 3     0.113     0.993    -0.023
 3     0.916    -0.096     0.388
 4   124.576    12.285    -6.179
 4     0.443    -0.881     0.165
 4     0.883     0.398    -0.247
 4     0.152     0.255     0.955
 5   127.044    20.223    20.167
 5     0.491    -0.449     0.748
 5     0.261    -0.742    -0.616
 5     0.831     0.497    -0.247
 6   144.962    22.103    39.410
 6     0.538    -0.243    -0.808
 6     0.038     0.964    -0.265
 6     0.842     0.111     0.527
 7   123.940   -21.584    -5.297
 7     0.552     0.807     0.208
 7    -0.833     0.538     0.124
 7    -0.011    -0.241     0.970
 8   131.688   -28.873    20.768
 8     0.523     0.656     0.546
 8    -0.045    -0.617     0.785
 8     0.851    -0.434    -0.292
 9   146.927   -26.759    38.084
 9     0.453     0.044    -0.890
 9     0.105     0.989     0.106
 9     0.885    -0.143     0.443
];