% Calibrated with leiden_pols
% Positions are in centimeters
Data =[
 2    97.603   -19.393    59.118
 2     0.658    -0.754     0.003
 2     0.752     0.657     0.029
 2    -0.023    -0.018     0.999
 3   137.395    -5.645     5.127
 3     0.391    -0.045    -0.919
 3     0.127     0.992     0.006
 3     0.911    -0.120     0.394
 4   124.226    11.792    -5.026
 4     0.445    -0.879     0.173
 4     0.885     0.401    -0.238
 4     0.140     0.258     0.956
 5   123.760    20.352    20.414
 5     0.360    -0.438     0.825
 5     0.300    -0.782    -0.545
 5     0.883     0.442    -0.150
 6   139.333    24.072    41.962
 6     0.423    -0.380    -0.825
 6     0.087     0.921    -0.378
 6     0.901     0.087     0.421
 7   123.286   -22.632    -3.522
 7     0.517     0.827     0.224
 7    -0.854     0.481     0.194
 7     0.053    -0.291     0.955
 8   125.960   -30.763    21.509
 8     0.335     0.641     0.692
 8    -0.138    -0.692     0.707
 8     0.932    -0.332    -0.143
 9   137.825   -30.935    42.672
 9     0.310     0.317    -0.897
 9     0.095     0.927     0.360
 9     0.946    -0.197     0.256
 2    97.603   -19.393    59.118
 2     0.658    -0.754     0.003
 2     0.752     0.657     0.029
 2    -0.023    -0.018     0.999
 3   137.370    -5.595     5.127
 3     0.392    -0.047    -0.919
 3     0.127     0.992     0.003
 3     0.911    -0.119     0.394
 4   124.228    11.818    -5.029
 4     0.445    -0.879     0.172
 4     0.884     0.401    -0.239
 4     0.141     0.258     0.955
 5   123.754    20.452    20.422
 5     0.360    -0.437     0.825
 5     0.302    -0.782    -0.544
 5     0.882     0.444    -0.149
 6   139.285    24.068    41.861
 6     0.426    -0.374    -0.826
 6     0.083     0.923    -0.372
 6     0.901     0.088     0.423
 7   123.229   -22.533    -3.615
 7     0.518     0.826     0.225
 7    -0.854     0.483     0.191
 7     0.050    -0.290     0.955
 8   125.951   -30.771    21.418
 8     0.335     0.639     0.693
 8    -0.144    -0.692     0.707
 8     0.931    -0.336    -0.139
 9   137.817   -31.067    42.553
 9     0.312     0.317    -0.896
 9     0.092     0.928     0.360
 9     0.945    -0.194     0.259
 2    97.602   -19.342    59.118
 2     0.658    -0.754     0.003
 2     0.753     0.657     0.029
 2    -0.023    -0.018     0.999
 3   137.369    -5.545     5.177
 3     0.392    -0.050    -0.919
 3     0.126     0.992     0.001
 3     0.911    -0.117     0.394
 4   124.283    11.819    -5.034
 4     0.445    -0.879     0.171
 4     0.884     0.401    -0.240
 4     0.143     0.257     0.955
 5   123.759    20.763    20.103
 5     0.348    -0.444     0.827
 5     0.314    -0.776    -0.547
 5     0.883     0.448    -0.130
 6   139.297    24.067    41.859
 6     0.424    -0.355    -0.835
 6     0.079     0.931    -0.353
 6     0.902     0.082     0.421
 7   123.329   -22.532    -3.615
 7     0.519     0.825     0.225
 7    -0.853     0.484     0.192
 7     0.050    -0.291     0.955
 8   125.820   -31.038    21.072
 8     0.316     0.650     0.692
 8    -0.153    -0.684     0.713
 8     0.936    -0.331    -0.115
 9   137.639   -31.525    42.369
 9     0.306     0.324    -0.896
 9     0.081     0.928     0.362
 9     0.948    -0.183     0.256
 2    97.603   -19.393    59.118
 2     0.658    -0.754     0.003
 2     0.752     0.657     0.029
 2    -0.023    -0.018     0.999
 3   137.507    -5.537     5.165
 3     0.385    -0.049    -0.922
 3     0.130     0.991     0.002
 3     0.913    -0.122     0.387
 4   124.406    11.819    -5.132
 4     0.444    -0.880     0.170
 4     0.884     0.400    -0.239
 4     0.142     0.256     0.956
 5   123.688    20.870    19.929
 5     0.338    -0.445     0.831
 5     0.322    -0.774    -0.544
 5     0.884     0.450    -0.118
 6   139.100    24.228    41.760
 6     0.414    -0.343    -0.844
 6     0.083     0.937    -0.338
 6     0.906     0.069     0.415
 7   123.497   -22.534    -3.785
 7     0.521     0.823     0.227
 7    -0.852     0.487     0.190
 7     0.047    -0.291     0.955
 8   125.298   -31.586    20.535
 8     0.293     0.637     0.714
 8    -0.185    -0.694     0.695
 8     0.938    -0.334    -0.084
 9   136.691   -32.900    42.051
 9     0.283     0.343    -0.897
 9     0.048     0.927     0.369
 9     0.958    -0.147     0.245
 2    97.603   -19.342    59.068
 2     0.658    -0.754     0.003
 2     0.752     0.657     0.029
 2    -0.023    -0.018     0.999
 3   137.521    -5.504     5.153
 3     0.379    -0.048    -0.924
 3     0.135     0.990     0.005
 3     0.915    -0.128     0.381
 4   124.581    11.820    -5.258
 4     0.442    -0.881     0.168
 4     0.886     0.399    -0.237
 4     0.142     0.253     0.957
 5   123.593    20.953    19.706
 5     0.326    -0.448     0.833
 5     0.330    -0.772    -0.542
 5     0.885     0.451    -0.104
 6   138.952    24.414    41.685
 6     0.405    -0.337    -0.851
 6     0.086     0.940    -0.329
 6     0.910     0.059     0.409
 7   123.739   -22.483    -3.956
 7     0.524     0.821     0.226
 7    -0.850     0.491     0.189
 7     0.044    -0.291     0.955
 8   125.183   -32.644    19.516
 8     0.250     0.695     0.675
 8    -0.202    -0.644     0.737
 8     0.947    -0.320    -0.019
 9   135.649   -33.629    41.533
 9     0.232     0.285    -0.930
 9     0.038     0.953     0.301
 9     0.972    -0.105     0.209
 2    97.603   -19.342    59.068
 2     0.658    -0.754     0.003
 2     0.753     0.657     0.029
 2    -0.023    -0.018     0.999
 3   137.709    -5.494     5.192
 3     0.371    -0.047    -0.928
 3     0.142     0.990     0.007
 3     0.917    -0.135     0.373
 4   124.754    11.822    -5.385
 4     0.437    -0.884     0.167
 4     0.888     0.394    -0.235
 4     0.142     0.251     0.957
 5   123.545    21.118    19.488
 5     0.308    -0.456     0.836
 5     0.335    -0.770    -0.542
 5     0.890     0.446    -0.084
 6   138.613    24.378    41.698
 6     0.386    -0.323    -0.865
 6     0.083     0.945    -0.314
 6     0.919     0.048     0.391
 7   124.010   -22.484    -4.082
 7     0.525     0.821     0.223
 7    -0.850     0.493     0.186
 7     0.043    -0.287     0.957
 8   124.904   -33.152    18.500
 8     0.212     0.714     0.668
 8    -0.223    -0.630     0.743
 8     0.951    -0.306     0.027
 9   134.632   -34.433    41.066
 9     0.185     0.280    -0.942
 9     0.016     0.957     0.288
 9     0.982    -0.069     0.172
 2    97.603   -19.342    59.068
 2     0.658    -0.754     0.003
 2     0.753     0.657     0.029
 2    -0.023    -0.018     0.999
 3   138.029    -5.434     5.071
 3     0.362    -0.043    -0.931
 3     0.145     0.989     0.011
 3     0.920    -0.140     0.364
 4   125.160    11.827    -5.545
 4     0.431    -0.887     0.164
 4     0.891     0.389    -0.235
 4     0.145     0.247     0.958
 5   123.522    21.210    19.142
 5     0.287    -0.461     0.840
 5     0.340    -0.771    -0.538
 5     0.895     0.439    -0.064
 6   138.241    24.393    41.815
 6     0.367    -0.318    -0.875
 6     0.081     0.947    -0.309
 6     0.927     0.041     0.372
 7   124.684   -22.413    -4.522
 7     0.529     0.821     0.214
 7    -0.848     0.501     0.172
 7     0.035    -0.272     0.961
 8   124.343   -33.728    17.630
 8     0.145     0.739     0.658
 8    -0.249    -0.616     0.747
 8     0.957    -0.272     0.095
 9   132.872   -35.561    40.713
 9     0.122     0.276    -0.953
 9    -0.011     0.960     0.277
 9     0.992    -0.024     0.120
 2    97.603   -19.393    59.068
 2     0.658    -0.754     0.003
 2     0.752     0.657     0.029
 2    -0.023    -0.018     0.999
 3   138.462    -5.372     5.137
 3     0.350    -0.038    -0.936
 3     0.144     0.989     0.014
 3     0.925    -0.141     0.351
 4   125.799    11.884    -5.580
 4     0.428    -0.891     0.152
 4     0.891     0.388    -0.235
 4     0.150     0.236     0.960
 5   123.556    21.151    18.920
 5     0.263    -0.471     0.843
 5     0.344    -0.770    -0.536
 5     0.901     0.429    -0.040
