2 	  33.40	  -6.82	  22.75
	  0.646	  0.763	 -0.025
	 -0.764	  0.644	 -0.018
	  0.004	  0.031	  0.999

3 	  38.06	   0.23	  -2.34
	  0.261	 -0.100	 -0.960
	  0.044	  0.995	 -0.092
	  0.964	 -0.018	  0.264

4 	  42.17	   7.01	  -5.29
	  0.669	  0.692	  0.270
	 -0.706	  0.477	  0.523
	  0.233	 -0.541	  0.808

5 	  49.32	  11.20	  14.84
	  0.343	 -0.133	  0.930
	 -0.049	  0.985	  0.162
	 -0.938	 -0.104	  0.330

6 	  42.52	  11.76	   4.64
	 -0.145	 -0.258	 -0.955
	  0.602	  0.743	 -0.291
	  0.785	 -0.617	  0.049

7 	  42.82	  -6.98	  -5.80
	  0.719	 -0.694	  0.024
	  0.624	  0.631	 -0.460
	  0.305	  0.346	  0.887

8 	  49.10	 -11.50	  14.36
	  0.382	  0.184	  0.905
	  0.229	  0.930	 -0.287
	 -0.896	  0.318	  0.311

9 	  42.52	 -11.90	   5.20
	 -0.145	  0.335	 -0.931
	 -0.567	  0.743	  0.355
	  0.811	  0.579	  0.083

2 	  33.40	  -6.82	  22.75
	  0.645	  0.763	 -0.026
	 -0.765	  0.644	 -0.018
	  0.004	  0.032	  0.999

3 	  38.06	   0.18	  -2.34
	  0.263	 -0.103	 -0.959
	  0.043	  0.994	 -0.095
	  0.964	 -0.017	  0.266

4 	  42.15	   6.94	  -5.34
	  0.673	  0.693	  0.258
	 -0.702	  0.486	  0.520
	  0.235	 -0.531	  0.814

5 	  49.45	  11.21	  14.70
	  0.349	 -0.128	  0.928
	 -0.047	  0.986	  0.157
	 -0.936	 -0.101	  0.336

6 	  42.57	  11.76	   4.57
	 -0.150	 -0.263	 -0.953
	  0.603	  0.739	 -0.298
	  0.784	 -0.619	  0.049

7 	  42.80	  -7.01	  -5.80
	  0.720	 -0.694	  0.022
	  0.622	  0.630	 -0.464
	  0.309	  0.348	  0.885

8 	  49.08	 -11.51	  14.34
	  0.382	  0.184	  0.905
	  0.232	  0.929	 -0.289
	 -0.895	  0.321	  0.310

9 	  42.50	 -11.92	   5.20
	 -0.144	  0.332	 -0.932
	 -0.563	  0.747	  0.353
	  0.814	  0.575	  0.080

2 	  33.38	  -6.82	  22.75
	  0.645	  0.764	 -0.026
	 -0.765	  0.644	 -0.018
	  0.004	  0.032	  0.999

3 	  38.06	   0.14	  -2.34
	  0.263	 -0.105	 -0.959
	  0.044	  0.994	 -0.097
	  0.964	 -0.017	  0.266

4 	  42.17	   6.93	  -5.38
	  0.673	  0.694	  0.255
	 -0.702	  0.489	  0.518
	  0.235	 -0.529	  0.816

5 	  49.50	  11.21	  14.64
	  0.350	 -0.120	  0.929
	 -0.054	  0.987	  0.151
	 -0.936	 -0.106	  0.336

6 	  42.59	  11.76	   4.57
	 -0.150	 -0.263	 -0.953
	  0.603	  0.740	 -0.298
	  0.784	 -0.619	  0.049

7 	  42.80	  -7.01	  -5.82
	  0.720	 -0.693	  0.022
	  0.620	  0.630	 -0.467
	  0.311	  0.350	  0.883

8 	  49.06	 -11.55	  14.34
	  0.387	  0.185	  0.903
	  0.247	  0.922	 -0.296
	 -0.888	  0.339	  0.310

9 	  42.42	 -11.88	   5.22
	 -0.141	  0.331	 -0.933
	 -0.552	  0.756	  0.350
	  0.822	  0.563	  0.077

2 	  33.40	  -6.82	  22.75
	  0.645	  0.764	 -0.026
	 -0.765	  0.644	 -0.018
	  0.004	  0.032	  0.999

3 	  38.06	   0.14	  -2.34
	  0.264	 -0.106	 -0.959
	  0.044	  0.994	 -0.098
	  0.963	 -0.017	  0.267

4 	  42.21	   6.93	  -5.34
	  0.673	  0.694	  0.257
	 -0.703	  0.490	  0.515
	  0.232	 -0.527	  0.817

5 	  49.50	  11.16	  14.70
	  0.347	 -0.114	  0.931
	 -0.062	  0.987	  0.147
	 -0.937	 -0.111	  0.333

6 	  42.59	  11.69	   4.62
	 -0.148	 -0.257	 -0.955
	  0.606	  0.740	 -0.292
	  0.782	 -0.621	  0.047

7 	  42.80	  -7.01	  -5.80
	  0.720	 -0.694	  0.024
	  0.621	  0.628	 -0.468
	  0.310	  0.352	  0.883

8 	  48.97	 -11.62	  14.31
	  0.398	  0.181	  0.899
	  0.278	  0.910	 -0.307
	 -0.874	  0.372	  0.311

9 	  42.28	 -11.79	   5.24
	 -0.134	  0.333	 -0.933
	 -0.536	  0.768	  0.351
	  0.834	  0.546	  0.076

2 	  33.40	  -6.82	  22.75
	  0.645	  0.763	 -0.026
	 -0.765	  0.644	 -0.018
	  0.004	  0.032	  0.999

3 	  38.07	   0.18	  -2.34
	  0.265	 -0.105	 -0.958
	  0.047	  0.994	 -0.096
	  0.963	 -0.019	  0.268

4 	  42.21	   6.96	  -5.31
	  0.672	  0.693	  0.260
	 -0.705	  0.490	  0.512
	  0.228	 -0.528	  0.818

5 	  49.50	  11.14	  14.77
	  0.342	 -0.113	  0.933
	 -0.066	  0.987	  0.146
	 -0.938	 -0.114	  0.328

6 	  42.61	  11.72	   4.64
	 -0.147	 -0.255	 -0.956
	  0.606	  0.740	 -0.290
	  0.782	 -0.621	  0.047

7 	  42.80	  -6.98	  -5.78
	  0.718	 -0.695	  0.029
	  0.624	  0.625	 -0.469
	  0.308	  0.355	  0.882

8 	  48.94	 -11.71	  14.29
	  0.407	  0.176	  0.896
	  0.297	  0.902	 -0.313
	 -0.864	  0.394	  0.313

9 	  42.21	 -11.78	   5.22
	 -0.132	  0.336	 -0.932
	 -0.526	  0.773	  0.353
	  0.840	  0.536	  0.075

2 	  33.40	  -6.82	  22.75
	  0.645	  0.763	 -0.026
	 -0.765	  0.644	 -0.018
	  0.004	  0.032	  0.999

3 	  38.11	   0.18	  -2.34
	  0.266	 -0.104	 -0.958
	  0.047	  0.994	 -0.095
	  0.963	 -0.020	  0.269

4 	  42.24	   6.96	  -5.27
	  0.671	  0.692	  0.266
	 -0.707	  0.485	  0.515
	  0.228	 -0.534	  0.814

5 	  49.46	  11.14	  14.82
	  0.341	 -0.111	  0.933
	 -0.072	  0.986	  0.146
	 -0.938	 -0.120	  0.327

6 	  42.61	  11.71	   4.68
	 -0.146	 -0.255	 -0.956
	  0.607	  0.740	 -0.289
	  0.781	 -0.622	  0.047

7 	  42.80	  -6.96	  -5.77
	  0.718	 -0.696	  0.031
	  0.626	  0.623	 -0.469
	  0.307	  0.355	  0.882

8 	  48.96	 -11.72	  14.27
	  0.413	  0.175	  0.893
	  0.303	  0.898	 -0.317
	 -0.859	  0.402	  0.317

9 	  42.19	 -11.76	   5.24
	 -0.134	  0.339	 -0.931
	 -0.520	  0.776	  0.357
	  0.844	  0.531	  0.073

2 	  33.38	  -6.82	  22.75
	  0.645	  0.764	 -0.026
	 -0.765	  0.644	 -0.018
	  0.004	  0.032	  0.999

3 	  38.06	   0.26	  -2.32
	  0.261	 -0.107	 -0.959
	  0.040	  0.994	 -0.100
	  0.964	 -0.013	  0.264

4 	  42.22	   7.08	  -5.19
	  0.656	  0.703	  0.274
	 -0.716	  0.463	  0.522
	  0.241	 -0.539	  0.807

5 	  49.38	  11.37	  14.82
	  0.348	 -0.114	  0.930
	 -0.090	  0.983	  0.157
	 -0.934	 -0.141	  0.329

6 	  42.47	  11.90	   4.64
	 -0.105	 -0.299	 -0.948
	  0.589	  0.750	 -0.301
	  0.802	 -0.589	  0.099

7 	  42.61	  -6.82	  -5.75
	  0.706	 -0.708	  0.029
	  0.635	  0.613	 -0.470
	  0.315	  0.350	  0.882

8 	  48.94	 -11.79	  14.12
	  0.426	  0.168	  0.889
	  0.307	  0.897	 -0.318
	 -0.851	  0.408	  0.330

9 	  41.99	 -11.72	   5.06
	 -0.116	  0.355	 -0.927
	 -0.496	  0.788	  0.363
	  0.861	  0.502	  0.085

2 	  33.40	  -6.82	  22.75
	  0.645	  0.764	 -0.026
	 -0.765	  0.644	 -0.018
	  0.004	  0.032	  0.999

3 	  38.04	   0.33	  -2.34
	  0.253	 -0.114	 -0.961
	  0.028	  0.993	 -0.110
	  0.967	  0.001	  0.254

4 	  42.15	   7.10	  -5.26
	  0.636	  0.719	  0.279
	 -0.734	  0.451	  0.507
	  0.239	 -0.528	  0.815

5 	  49.87	  12.59	  14.01
	  0.439	 -0.043	  0.897
	 -0.226	  0.961	  0.158
	 -0.869	 -0.274	  0.411

6 	  42.38	  11.88	   4.27
	 -0.139	 -0.359	 -0.923
	  0.515	  0.770	 -0.376
	  0.846	 -0.527	  0.079

7 	  42.45	  -6.82	  -5.71
	  0.694	 -0.718	  0.051
	  0.647	  0.592	 -0.481
	  0.316	  0.367	  0.875

8 	  48.97	 -13.32	  13.39
	  0.495	  0.076	  0.865
	  0.393	  0.869	 -0.300
	 -0.776	  0.488	  0.399

9 	  41.68	 -12.01	   5.01
	 -0.127	  0.424	 -0.896
	 -0.389	  0.811	  0.437
	  0.913	  0.403	  0.063

2 	  33.38	  -6.82	  22.75
	  0.645	  0.764	 -0.026
	 -0.765	  0.644	 -0.019
	  0.003	  0.032	  0.999

3 	  37.95	   0.23	  -2.34
	  0.244	 -0.133	 -0.961
	  0.007	  0.991	 -0.135
	  0.970	  0.026	  0.242

4 	  41.91	   6.82	  -5.45
	  0.630	  0.734	  0.254
	 -0.736	  0.459	  0.497
	  0.249	 -0.500	  0.829

5 	  50.40	  14.17	  12.69
	  0.532	  0.072	  0.843
	 -0.408	  0.895	  0.179
	 -0.744	 -0.438	  0.505

6 	  42.43	  11.95	   3.76
	 -0.171	 -0.406	 -0.898
	  0.464	  0.771	 -0.435
	  0.870	 -0.490	  0.057

7 	  42.06	  -6.98	  -5.62
	  0.667	 -0.744	  0.046
	  0.663	  0.563	 -0.493
	  0.342	  0.359	  0.868

8 	  49.17	 -13.92	  12.88
	  0.579	  0.054	  0.813
	  0.483	  0.782	 -0.394
	 -0.659	  0.619	  0.428

9 	  41.45	 -12.08	   5.06
	 -0.153	  0.430	 -0.890
	 -0.339	  0.824	  0.454
	  0.929	  0.369	  0.020

2 	  33.40	  -6.82	  22.75
	  0.645	  0.764	 -0.026
	 -0.765	  0.644	 -0.018
	  0.004	  0.032	  0.999

3 	  37.81	   0.11	  -2.30
	  0.231	 -0.142	 -0.962
	  0.010	  0.989	 -0.144
	  0.973	  0.023	  0.230

4 	  41.77	   6.64	  -5.54
	  0.630	  0.739	  0.236
	 -0.732	  0.464	  0.499
	  0.260	 -0.487	  0.833

5 	  49.87	  13.48	  13.13
	  0.504	  0.041	  0.862
	 -0.440	  0.872	  0.213
	 -0.745	 -0.485	  0.458

6 	  42.13	  11.69	   3.76
	 -0.144	 -0.379	 -0.914
	  0.516	  0.760	 -0.396
	  0.845	 -0.528	  0.087

7 	  41.98	  -7.05	  -5.61
	  0.672	 -0.739	  0.043
	  0.655	  0.565	 -0.501
	  0.347	  0.365	  0.864

8 	  49.18	 -13.31	  13.17
	  0.569	  0.095	  0.816
	  0.461	  0.786	 -0.411
	 -0.683	  0.609	  0.404

9 	  41.48	 -11.90	   5.17
	 -0.152	  0.398	 -0.905
	 -0.368	  0.827	  0.424
	  0.918	  0.395	  0.021

2 	  33.38	  -6.82	  22.75
	  0.645	  0.764	 -0.026
	 -0.765	  0.644	 -0.018
	  0.004	  0.032	  0.999

3 	  37.78	   0.12	  -2.29
	  0.228	 -0.142	 -0.963
	 -0.002	  0.989	 -0.146
	  0.973	  0.035	  0.225

4 	  41.68	   6.70	  -5.59
	  0.623	  0.744	  0.240
	 -0.737	  0.454	  0.501
	  0.264	 -0.489	  0.831

5 	  49.76	  14.13	  12.81
	  0.515	  0.101	  0.851
	 -0.468	  0.866	  0.177
	 -0.721	 -0.487	  0.493

6 	  41.98	  11.79	   3.71
	 -0.148	 -0.411	 -0.899
	  0.455	  0.780	 -0.430
	  0.878	 -0.472	  0.072

7 	  41.98	  -6.94	  -5.66
	  0.674	 -0.737	  0.046
	  0.655	  0.566	 -0.501
	  0.344	  0.368	  0.864

8 	  49.01	 -14.73	  12.39
	  0.579	 -0.020	  0.815
	  0.516	  0.784	 -0.344
	 -0.635	  0.617	  0.465

9 	  41.31	 -12.16	   4.61
	 -0.133	  0.495	 -0.859
	 -0.278	  0.813	  0.510
	  0.952	  0.305	  0.030

2 	  33.38	  -6.82	  22.75
	  0.645	  0.764	 -0.026
	 -0.765	  0.644	 -0.019
	  0.003	  0.032	  0.999

3 	  37.79	   0.19	  -2.32
	  0.235	 -0.129	 -0.964
	 -0.056	  0.988	 -0.146
	  0.970	  0.088	  0.225

4 	  41.47	   6.70	  -5.64
	  0.605	  0.754	  0.255
	 -0.748	  0.427	  0.508
	  0.275	 -0.498	  0.822

5 	  50.33	  16.40	  10.79
	  0.611	  0.277	  0.741
	 -0.578	  0.797	  0.175
	 -0.547	 -0.533	  0.646

6 	  42.03	  12.11	   3.15
	 -0.216	 -0.497	 -0.840
	  0.290	  0.790	 -0.540
	  0.932	 -0.360	 -0.026

7 	  41.89	  -6.70	  -5.84
	  0.668	 -0.742	  0.056
	  0.664	  0.559	 -0.497
	  0.338	  0.369	  0.865

8 	  48.87	 -17.60	   9.95
	  0.631	 -0.254	  0.732
	  0.620	  0.734	 -0.277
	 -0.471	  0.626	  0.621

9 	  41.20	 -12.64	   3.78
	 -0.134	  0.635	 -0.761
	 -0.096	  0.756	  0.647
	  0.986	  0.159	 -0.040

2 	  33.40	  -6.82	  22.75
	  0.645	  0.764	 -0.026
	 -0.765	  0.644	 -0.018
	  0.004	  0.032	  0.999

3 	  37.69	   0.25	  -2.29
	  0.237	 -0.118	 -0.964
	 -0.094	  0.985	 -0.144
	  0.967	  0.125	  0.222

4 	  40.99	   6.64	  -5.78
	  0.590	  0.772	  0.234
	 -0.745	  0.408	  0.527
	  0.312	 -0.486	  0.816

5 	  50.61	  18.49	   8.00
	  0.690	  0.431	  0.581
	 -0.640	  0.739	  0.209
	 -0.342	 -0.515	  0.786

6 	  42.03	  12.57	   2.32
	 -0.289	 -0.589	 -0.754
	  0.120	  0.760	 -0.639
	  0.950	 -0.275	 -0.149

7 	  41.52	  -6.45	  -5.99
	  0.655	 -0.755	  0.026
	  0.658	  0.552	 -0.511
	  0.373	  0.351	  0.859

8 	  48.67	 -19.79	   7.03
	  0.673	 -0.430	  0.602
	  0.668	  0.704	 -0.242
	 -0.324	  0.563	  0.760

9 	  41.06	 -13.34	   2.71
	 -0.146	  0.758	 -0.636
	  0.050	  0.648	  0.760
	  0.988	  0.078	 -0.132

2 	  33.38	  -6.82	  22.75
	  0.645	  0.764	 -0.026
	 -0.765	  0.644	 -0.019
	  0.003	  0.032	  0.999

3 	  37.53	   0.23	  -2.21
	  0.225	 -0.123	 -0.967
	 -0.132	  0.979	 -0.155
	  0.965	  0.162	  0.204

4 	  40.59	   6.43	  -5.96
	  0.580	  0.792	  0.192
	 -0.736	  0.406	  0.541
	  0.351	 -0.455	  0.818

5 	  50.68	  19.79	   5.29
	  0.728	  0.535	  0.428
	 -0.665	  0.706	  0.245
	 -0.175	 -0.462	  0.869

6 	  42.05	  12.81	   1.48
	 -0.339	 -0.663	 -0.667
	 -0.011	  0.712	 -0.701
	  0.941	 -0.230	 -0.249

7 	  41.06	  -6.29	  -6.12
	  0.634	 -0.773	 -0.025
	  0.646	  0.547	 -0.532
	  0.426	  0.321	  0.846

8 	  48.34	 -21.60	   3.71
	  0.693	 -0.569	  0.442
	  0.696	  0.690	 -0.199
	 -0.195	  0.444	  0.874

9 	  40.85	 -14.04	   1.49
	 -0.152	  0.851	 -0.502
	  0.174	  0.523	  0.834
	  0.973	  0.039	 -0.228

2 	  33.38	  -6.82	  22.75
	  0.645	  0.764	 -0.026
	 -0.765	  0.644	 -0.019
	  0.003	  0.032	  0.999

3 	  37.42	   0.16	  -2.18
	  0.211	 -0.130	 -0.969
	 -0.150	  0.975	 -0.164
	  0.966	  0.180	  0.187

4 	  40.20	   6.13	  -6.12
	  0.566	  0.812	  0.142
	 -0.728	  0.410	  0.549
	  0.388	 -0.415	  0.823

5 	  50.82	  20.46	   2.48
	  0.756	  0.595	  0.272
	 -0.655	  0.704	  0.273
	 -0.031	 -0.385	  0.922

6 	  42.29	  12.99	   0.49
	 -0.397	 -0.719	 -0.570
	 -0.114	  0.655	 -0.747
	  0.911	 -0.231	 -0.342

7 	  40.55	  -6.13	  -6.28
	  0.598	 -0.796	 -0.097
	  0.631	  0.541	 -0.556
	  0.497	  0.271	  0.824

8 	  47.88	 -22.75	  -0.07
	  0.705	 -0.668	  0.238
	  0.708	  0.685	 -0.171
	 -0.050	  0.288	  0.956

9 	  40.80	 -14.62	   0.16
	 -0.171	  0.919	 -0.355
	  0.311	  0.392	  0.866
	  0.935	  0.037	 -0.352

2 	  33.38	  -6.82	  22.75
	  0.645	  0.764	 -0.026
	 -0.765	  0.644	 -0.018
	  0.004	  0.032	  0.999

3 	  37.27	   0.16	  -2.09
	  0.191	 -0.139	 -0.972
	 -0.149	  0.974	 -0.169
	  0.970	  0.177	  0.165

4 	  39.85	   5.89	  -6.24
	  0.562	  0.822	  0.092
	 -0.708	  0.419	  0.568
	  0.430	 -0.384	  0.817

5 	  51.17	  20.62	  -1.30
	  0.788	  0.613	  0.051
	 -0.595	  0.739	  0.315
	  0.155	 -0.279	  0.947

6 	  42.64	  13.20	  -0.77
	 -0.477	 -0.767	 -0.428
	 -0.236	  0.581	 -0.779
	  0.846	 -0.271	 -0.458

7 	  40.01	  -5.85	  -6.29
	  0.577	 -0.799	 -0.169
	  0.591	  0.550	 -0.589
	  0.565	  0.239	  0.789

8 	  47.85	 -22.89	  -4.04
	  0.722	 -0.692	 -0.000
	  0.682	  0.711	 -0.169
	  0.117	  0.122	  0.985

9 	  41.01	 -14.96	  -1.21
	 -0.218	  0.954	 -0.203
	  0.437	  0.280	  0.855
	  0.873	  0.098	 -0.477

2 	  33.38	  -6.82	  22.75
	  0.645	  0.764	 -0.026
	 -0.765	  0.644	 -0.019
	  0.003	  0.032	  0.999

3 	  37.11	   0.19	  -2.00
	  0.166	 -0.154	 -0.974
	 -0.153	  0.972	 -0.180
	  0.974	  0.179	  0.138

4 	  39.48	   5.73	  -6.31
	  0.565	  0.824	  0.044
	 -0.681	  0.434	  0.590
	  0.468	 -0.363	  0.806

5 	  51.15	  20.27	  -5.27
	  0.790	  0.586	 -0.182
	 -0.512	  0.792	  0.332
	  0.340	 -0.171	  0.925

6 	  42.96	  13.32	  -2.18
	 -0.536	 -0.799	 -0.271
	 -0.343	  0.499	 -0.796
	  0.772	 -0.334	 -0.541

7 	  39.59	  -5.77	  -6.35
	  0.557	 -0.797	 -0.233
	  0.546	  0.562	 -0.621
	  0.627	  0.218	  0.747

8 	  47.90	 -22.17	  -7.96
	  0.723	 -0.641	 -0.257
	  0.612	  0.766	 -0.196
	  0.325	 -0.015	  0.945

9 	  41.41	 -15.17	  -2.62
	 -0.260	  0.963	 -0.069
	  0.549	  0.205	  0.810
	  0.795	  0.173	 -0.581

2 	  33.38	  -6.82	  22.75
	  0.645	  0.764	 -0.026
	 -0.765	  0.644	 -0.019
	  0.003	  0.032	  0.999

3 	  37.04	   0.19	  -1.88
	  0.139	 -0.158	 -0.978
	 -0.131	  0.975	 -0.177
	  0.981	  0.153	  0.115

4 	  39.25	   5.54	  -6.42
	  0.571	  0.821	 -0.008
	 -0.648	  0.456	  0.609
	  0.505	 -0.343	  0.792

5 	  50.84	  19.67	  -8.09
	  0.773	  0.541	 -0.332
	 -0.450	  0.835	  0.315
	  0.449	 -0.096	  0.888

6 	  43.03	  13.24	  -3.27
	 -0.560	 -0.812	 -0.167
	 -0.402	  0.442	 -0.802
	  0.725	 -0.382	 -0.573

7 	  39.29	  -5.73	  -6.36
	  0.538	 -0.786	 -0.304
	  0.491	  0.584	 -0.646
	  0.687	  0.198	  0.699

8 	  48.01	 -21.18	 -10.48
	  0.717	 -0.562	 -0.412
	  0.536	  0.822	 -0.193
	  0.449	 -0.082	  0.890

9 	  41.78	 -15.19	  -3.73
	 -0.295	  0.955	  0.026
	  0.610	  0.166	  0.774
	  0.736	  0.243	 -0.631

2 	  33.40	  -6.82	  22.75
	  0.645	  0.764	 -0.026
	 -0.765	  0.644	 -0.019
	  0.003	  0.032	  0.999

3 	  36.93	   0.14	  -1.72
	  0.111	 -0.167	 -0.980
	 -0.103	  0.978	 -0.178
	  0.988	  0.121	  0.091

4 	  38.94	   5.33	  -6.45
	  0.574	  0.817	 -0.056
	 -0.617	  0.475	  0.627
	  0.540	 -0.325	  0.776

5 	  50.52	  18.76	 -10.28
	  0.757	  0.473	 -0.450
	 -0.383	  0.879	  0.282
	  0.531	 -0.042	  0.846

6 	  42.98	  13.08	  -4.08
	 -0.573	 -0.816	 -0.082
	 -0.448	  0.394	 -0.802
	  0.687	 -0.422	 -0.591

7 	  38.97	  -5.71	  -6.35
	  0.516	 -0.767	 -0.381
	  0.423	  0.614	 -0.666
	  0.745	  0.183	  0.640

8 	  47.81	 -20.04	 -13.11
	  0.682	 -0.474	 -0.557
	  0.468	  0.868	 -0.168
	  0.564	 -0.145	  0.812

9 	  42.12	 -15.03	  -4.96
	 -0.315	  0.942	  0.113
	  0.679	  0.138	  0.721
	  0.665	  0.303	 -0.683

2 	  33.40	  -6.82	  22.75
	  0.645	  0.764	 -0.026
	 -0.765	  0.644	 -0.018
	  0.004	  0.032	  0.999

3 	  36.84	   0.07	  -1.60
	  0.087	 -0.169	 -0.982
	 -0.081	  0.981	 -0.176
	  0.993	  0.095	  0.072

4 	  38.64	   5.20	  -6.43
	  0.573	  0.813	 -0.102
	 -0.586	  0.492	  0.644
	  0.575	 -0.309	  0.757

5 	  50.13	  17.60	 -12.32
	  0.734	  0.374	 -0.566
	 -0.298	  0.927	  0.226
	  0.610	  0.002	  0.792

6 	  42.98	  12.88	  -4.92
	 -0.590	 -0.807	  0.015
	 -0.492	  0.344	 -0.800
	  0.641	 -0.480	 -0.599

7 	  38.65	  -5.66	  -6.36
	  0.496	 -0.743	 -0.450
	  0.355	  0.645	 -0.677
	  0.793	  0.176	  0.583

8 	  47.43	 -18.37	 -15.61
	  0.626	 -0.353	 -0.695
	  0.391	  0.913	 -0.112
	  0.675	 -0.201	  0.709

9 	  42.47	 -14.71	  -6.21
	 -0.344	  0.911	  0.224
	  0.750	  0.122	  0.650
	  0.567	  0.391	 -0.725

2 	  33.40	  -6.82	  22.75
	  0.645	  0.764	 -0.026
	 -0.765	  0.644	 -0.018
	  0.004	  0.032	  0.999

3 	  36.76	   0.09	  -1.46
	  0.067	 -0.165	 -0.984
	 -0.061	  0.984	 -0.169
	  0.996	  0.071	  0.056

4 	  38.41	   5.12	  -6.42
	  0.580	  0.800	 -0.152
	 -0.544	  0.518	  0.660
	  0.608	 -0.300	  0.735

5 	  49.69	  16.12	 -14.40
	  0.697	  0.261	 -0.668
	 -0.210	  0.965	  0.157
	  0.685	  0.031	  0.727

6 	  43.05	  12.64	  -5.84
	 -0.620	 -0.773	  0.133
	 -0.543	  0.299	 -0.785
	  0.568	 -0.559	 -0.604

7 	  38.46	  -5.62	  -6.40
	  0.473	 -0.722	 -0.505
	  0.301	  0.670	 -0.678
	  0.828	  0.168	  0.534

8 	  47.11	 -16.40	 -17.54
	  0.574	 -0.214	 -0.791
	  0.354	  0.935	  0.004
	  0.739	 -0.282	  0.611

9 	  42.68	 -14.41	  -7.26
	 -0.361	  0.872	  0.331
	  0.793	  0.100	  0.600
	  0.492	  0.478	 -0.727

2 	  33.38	  -6.82	  22.75
	  0.645	  0.764	 -0.026
	 -0.765	  0.644	 -0.019
	  0.003	  0.032	  0.999

3 	  36.76	   0.07	  -1.34
	  0.057	 -0.167	 -0.984
	 -0.039	  0.984	 -0.170
	  0.997	  0.048	  0.050

4 	  38.21	   4.97	  -6.45
	  0.575	  0.792	 -0.207
	 -0.509	  0.542	  0.668
	  0.643	 -0.279	  0.713

5 	  49.20	  14.91	 -15.98
	  0.655	  0.182	 -0.734
	 -0.156	  0.982	  0.102
	  0.740	  0.050	  0.671

6 	  43.05	  12.27	  -6.70
	 -0.630	 -0.743	  0.225
	 -0.586	  0.263	 -0.766
	  0.512	 -0.615	 -0.600

7 	  38.29	  -5.68	  -6.38
	  0.455	 -0.704	 -0.545
	  0.255	  0.689	 -0.678
	  0.853	  0.169	  0.493

8 	  46.83	 -14.73	 -18.93
	  0.517	 -0.096	 -0.850
	  0.308	  0.948	  0.081
	  0.798	 -0.304	  0.519

9 	  43.01	 -14.01	  -8.19
	 -0.391	  0.818	  0.422
	  0.830	  0.113	  0.546
	  0.401	  0.563	 -0.723

2 	  33.38	  -6.82	  22.75
	  0.645	  0.764	 -0.026
	 -0.765	  0.644	 -0.019
	  0.003	  0.032	  0.999

3 	  36.72	   0.05	  -1.21
	  0.049	 -0.168	 -0.985
	 -0.005	  0.986	 -0.168
	  0.999	  0.013	  0.047

4 	  38.02	   4.85	  -6.47
	  0.579	  0.771	 -0.267
	 -0.457	  0.576	  0.678
	  0.677	 -0.271	  0.684

5 	  48.64	  13.41	 -17.56
	  0.599	  0.087	 -0.796
	 -0.088	  0.995	  0.039
	  0.796	  0.050	  0.603

6 	  43.07	  11.85	  -7.56
	 -0.642	 -0.697	  0.320
	 -0.625	  0.232	 -0.745
	  0.446	 -0.678	 -0.583

7 	  38.07	  -5.71	  -6.40
	  0.438	 -0.685	 -0.582
	  0.221	  0.709	 -0.669
	  0.871	  0.165	  0.462

8 	  46.58	 -12.60	 -20.11
	  0.466	  0.050	 -0.883
	  0.267	  0.943	  0.195
	  0.843	 -0.328	  0.426

9 	  43.26	 -13.50	  -9.09
	 -0.430	  0.742	  0.514
	  0.844	  0.128	  0.521
	  0.322	  0.657	 -0.681

2 	  33.38	  -6.82	  22.75
	  0.645	  0.763	 -0.026
	 -0.765	  0.644	 -0.019
	  0.003	  0.032	  0.999

3 	  36.65	   0.07	  -1.12
	  0.035	 -0.169	 -0.985
	  0.023	  0.985	 -0.168
	  0.999	 -0.017	  0.039

4 	  37.85	   4.76	  -6.52
	  0.586	  0.745	 -0.318
	 -0.411	  0.611	  0.677
	  0.699	 -0.267	  0.663

5 	  48.15	  11.50	 -18.76
	  0.557	 -0.051	 -0.829
	  0.003	  0.998	 -0.065
	  0.831	  0.038	  0.554

6 	  43.08	  11.39	  -8.28
	 -0.656	 -0.633	  0.411
	 -0.649	  0.194	 -0.736
	  0.387	 -0.749	 -0.537

7 	  37.88	  -5.80	  -6.38
	  0.429	 -0.666	 -0.610
	  0.199	  0.728	 -0.655
	  0.881	  0.159	  0.445

8 	  46.53	 -10.74	 -20.64
	  0.449	  0.169	 -0.878
	  0.262	  0.913	  0.311
	  0.854	 -0.371	  0.365

9 	  43.31	 -13.15	  -9.76
	 -0.457	  0.668	  0.586
	  0.846	  0.124	  0.517
	  0.274	  0.733	 -0.623

2 	  33.40	  -6.82	  22.75
	  0.645	  0.764	 -0.026
	 -0.765	  0.644	 -0.018
	  0.004	  0.032	  0.999

3 	  36.56	   0.00	  -1.05
	  0.023	 -0.184	 -0.983
	  0.043	  0.982	 -0.183
	  0.999	 -0.038	  0.030

4 	  37.71	   4.57	  -6.59
	  0.587	  0.726	 -0.357
	 -0.384	  0.637	  0.669
	  0.714	 -0.256	  0.652

5 	  47.92	  10.32	 -19.42
	  0.532	 -0.123	 -0.838
	  0.048	  0.991	 -0.121
	  0.847	  0.028	  0.531

6 	  43.10	  10.95	  -8.74
	 -0.665	 -0.595	  0.451
	 -0.661	  0.186	 -0.727
	  0.350	 -0.781	 -0.517

7 	  37.71	  -5.98	  -6.33
	  0.415	 -0.656	 -0.631
	  0.179	  0.738	 -0.650
	  0.892	  0.157	  0.423

8 	  46.18	  -9.65	 -21.15
	  0.417	  0.238	 -0.877
	  0.264	  0.891	  0.369
	  0.869	 -0.386	  0.308

9 	  43.37	 -12.78	 -10.34
	 -0.470	  0.601	  0.645
	  0.856	  0.133	  0.499
	  0.215	  0.787	 -0.578

2 	  33.38	  -6.82	  22.75
	  0.645	  0.764	 -0.026
	 -0.765	  0.644	 -0.019
	  0.003	  0.032	  0.999

3 	  36.51	  -0.11	  -0.98
	  0.013	 -0.193	 -0.981
	  0.058	  0.979	 -0.192
	  0.998	 -0.055	  0.024

4 	  37.65	   4.39	  -6.66
	  0.592	  0.708	 -0.385
	 -0.358	  0.658	  0.662
	  0.723	 -0.255	  0.642

5 	  47.83	   9.49	 -19.72
	  0.516	 -0.165	 -0.840
	  0.081	  0.985	 -0.150
	  0.854	  0.014	  0.519

6 	  43.15	  10.62	  -9.02
	 -0.677	 -0.561	  0.477
	 -0.665	  0.188	 -0.722
	  0.316	 -0.806	 -0.500

7 	  37.56	  -6.03	  -6.31
	  0.408	 -0.640	 -0.651
	  0.161	  0.752	 -0.639
	  0.899	  0.156	  0.409

8 	  46.07	  -8.42	 -21.43
	  0.399	  0.298	 -0.867
	  0.267	  0.866	  0.422
	  0.877	 -0.401	  0.265

9 	  43.54	 -12.25	 -10.81
	 -0.500	  0.516	  0.696
	  0.854	  0.157	  0.496
	  0.146	  0.842	 -0.519

2 	  33.38	  -6.82	  22.75
	  0.645	  0.764	 -0.026
	 -0.765	  0.644	 -0.018
	  0.004	  0.032	  0.999

3 	  36.47	  -0.11	  -0.93
	  0.007	 -0.194	 -0.981
	  0.065	  0.979	 -0.193
	  0.998	 -0.062	  0.020

4 	  37.55	   4.36	  -6.64
	  0.592	  0.699	 -0.400
	 -0.341	  0.666	  0.663
	  0.730	 -0.257	  0.632

5 	  47.64	   9.00	 -20.02
	  0.498	 -0.193	 -0.845
	  0.112	  0.980	 -0.165
	  0.861	 -0.007	  0.507

6 	  43.14	  10.48	  -9.16
	 -0.680	 -0.543	  0.494
	 -0.672	  0.189	 -0.716
	  0.296	 -0.818	 -0.493

7 	  37.53	  -6.01	  -6.31
	  0.406	 -0.626	 -0.665
	  0.143	  0.762	 -0.631
	  0.902	  0.161	  0.399

8 	  45.98	  -7.68	 -21.59
	  0.380	  0.327	 -0.865
	  0.250	  0.864	  0.437
	  0.890	 -0.383	  0.245

9 	  43.68	 -11.90	 -11.04
	 -0.512	  0.475	  0.715
	  0.853	  0.182	  0.489
	  0.102	  0.860	 -0.499

2 	  33.38	  -6.82	  22.75
	  0.645	  0.764	 -0.026
	 -0.765	  0.644	 -0.019
	  0.003	  0.032	  0.999

3 	  36.44	  -0.11	  -0.90
	  0.003	 -0.193	 -0.981
	  0.070	  0.979	 -0.193
	  0.997	 -0.068	  0.017

4 	  37.46	   4.36	  -6.66
	  0.590	  0.689	 -0.420
	 -0.322	  0.677	  0.661
	  0.741	 -0.255	  0.621

5 	  47.36	   8.47	 -20.29
	  0.481	 -0.226	 -0.847
	  0.128	  0.973	 -0.193
	  0.869	 -0.011	  0.493

6 	  43.07	  10.32	  -9.40
	 -0.679	 -0.523	  0.516
	 -0.680	  0.181	 -0.711
	  0.279	 -0.833	 -0.478

7 	  37.46	  -6.06	  -6.26
	  0.403	 -0.620	 -0.673
	  0.127	  0.766	 -0.630
	  0.906	  0.168	  0.388

8 	  45.91	  -7.07	 -21.64
	  0.367	  0.356	 -0.859
	  0.241	  0.855	  0.458
	  0.898	 -0.376	  0.227

9 	  43.75	 -11.72	 -11.13
	 -0.523	  0.440	  0.730
	  0.849	  0.194	  0.491
	  0.073	  0.877	 -0.475

2 	  33.38	  -6.82	  22.75
	  0.645	  0.763	 -0.026
	 -0.765	  0.644	 -0.018
	  0.004	  0.032	  0.999

3 	  36.35	  -0.14	  -0.83
	 -0.003	 -0.195	 -0.981
	  0.076	  0.978	 -0.195
	  0.997	 -0.075	  0.013

4 	  37.35	   4.27	  -6.68
	  0.589	  0.682	 -0.434
	 -0.312	  0.686	  0.657
	  0.746	 -0.252	  0.615

5 	  47.30	   8.21	 -20.34
	  0.477	 -0.242	 -0.845
	  0.137	  0.969	 -0.207
	  0.870	 -0.012	  0.491

6 	  43.05	  10.20	  -9.44
	 -0.682	 -0.513	  0.520
	 -0.679	  0.180	 -0.712
	  0.272	 -0.839	 -0.471

7 	  37.35	  -6.13	  -6.24
	  0.396	 -0.615	 -0.682
	  0.116	  0.770	 -0.627
	  0.911	  0.170	  0.376

8 	  45.76	  -6.35	 -21.67
	  0.351	  0.393	 -0.850
	  0.230	  0.842	  0.487
	  0.907	 -0.368	  0.204

9 	  43.73	 -11.48	 -11.34
	 -0.528	  0.401	  0.748
	  0.848	  0.200	  0.490
	  0.046	  0.893	 -0.446

2 	  33.40	  -6.82	  22.75
	  0.645	  0.764	 -0.026
	 -0.765	  0.644	 -0.019
	  0.003	  0.032	  0.999

3 	  36.32	  -0.12	  -0.79
	 -0.006	 -0.193	 -0.981
	  0.078	  0.978	 -0.193
	  0.997	 -0.078	  0.009

4 	  37.32	   4.31	  -6.66
	  0.593	  0.673	 -0.442
	 -0.298	  0.692	  0.657
	  0.749	 -0.259	  0.610

5 	  47.14	   7.77	 -20.50
	  0.464	 -0.274	 -0.843
	  0.157	  0.960	 -0.232
	  0.874	 -0.021	  0.484

6 	  43.01	  10.11	  -9.53
	 -0.683	 -0.502	  0.530
	 -0.681	  0.176	 -0.711
	  0.264	 -0.847	 -0.461

7 	  37.32	  -6.10	  -6.22
	  0.396	 -0.607	 -0.689
	  0.105	  0.775	 -0.623
	  0.912	  0.174	  0.371

8 	  45.76	  -5.82	 -21.64
	  0.342	  0.422	 -0.839
	  0.217	  0.833	  0.509
	  0.914	 -0.358	  0.192

9 	  43.86	 -11.25	 -11.41
	 -0.539	  0.371	  0.755
	  0.842	  0.211	  0.496
	  0.023	  0.904	 -0.427

2 	  33.38	  -6.82	  22.75
	  0.645	  0.764	 -0.026
	 -0.765	  0.644	 -0.019
	  0.003	  0.032	  0.999

3 	  36.30	  -0.12	  -0.79
	 -0.007	 -0.193	 -0.981
	  0.078	  0.978	 -0.193
	  0.997	 -0.078	  0.008

4 	  37.30	   4.31	  -6.66
	  0.593	  0.673	 -0.443
	 -0.297	  0.692	  0.657
	  0.749	 -0.258	  0.609

5 	  47.18	   7.75	 -20.44
	  0.465	 -0.276	 -0.841
	  0.159	  0.959	 -0.234
	  0.873	 -0.021	  0.486

6 	  43.03	  10.12	  -9.49
	 -0.687	 -0.503	  0.525
	 -0.676	  0.176	 -0.715
	  0.268	 -0.846	 -0.460

7 	  37.30	  -6.10	  -6.21
	  0.396	 -0.604	 -0.692
	  0.100	  0.777	 -0.621
	  0.913	  0.176	  0.368

8 	  45.83	  -5.55	 -21.55
	  0.342	  0.436	 -0.832
	  0.207	  0.828	  0.521
	  0.916	 -0.351	  0.191

9 	  43.89	 -11.14	 -11.41
	 -0.546	  0.359	  0.757
	  0.838	  0.213	  0.502
	  0.018	  0.908	 -0.418

2 	  33.38	  -6.82	  22.75
	  0.645	  0.764	 -0.026
	 -0.765	  0.644	 -0.018
	  0.004	  0.032	  0.999

3 	  36.28	  -0.09	  -0.77
	 -0.007	 -0.192	 -0.981
	  0.079	  0.978	 -0.192
	  0.997	 -0.079	  0.008

4 	  37.30	   4.36	  -6.64
	  0.594	  0.673	 -0.440
	 -0.297	  0.691	  0.658
	  0.748	 -0.261	  0.610

5 	  47.37	   7.88	 -20.27
	  0.475	 -0.273	 -0.837
	  0.163	  0.960	 -0.228
	  0.868	 -0.023	  0.495

6 	  43.10	  10.21	  -9.32
	 -0.693	 -0.510	  0.509
	 -0.666	  0.183	 -0.723
	  0.276	 -0.840	 -0.466

7 	  37.30	  -6.08	  -6.21
	  0.397	 -0.604	 -0.691
	  0.102	  0.777	 -0.620
	  0.912	  0.176	  0.370

8 	  45.93	  -5.61	 -21.50
	  0.344	  0.435	 -0.832
	  0.201	  0.830	  0.520
	  0.916	 -0.347	  0.198

9 	  43.98	 -11.23	 -11.27
	 -0.554	  0.369	  0.746
	  0.832	  0.223	  0.507
	  0.020	  0.902	 -0.431

2 	  33.38	  -6.82	  22.76
	  0.645	  0.764	 -0.026
	 -0.765	  0.644	 -0.019
	  0.003	  0.032	  0.999

3 	  36.30	  -0.07	  -0.79
	 -0.007	 -0.191	 -0.982
	  0.077	  0.978	 -0.191
	  0.997	 -0.077	  0.008

4 	  37.34	   4.46	  -6.59
	  0.591	  0.687	 -0.423
	 -0.315	  0.679	  0.663
	  0.743	 -0.259	  0.617

5 	  47.74	   8.63	 -19.85
	  0.497	 -0.233	 -0.836
	  0.152	  0.971	 -0.186
	  0.856	 -0.029	  0.515

6 	  43.14	  10.51	  -8.91
	 -0.697	 -0.544	  0.468
	 -0.649	  0.200	 -0.734
	  0.306	 -0.815	 -0.492

7 	  37.34	  -6.03	  -6.19
	  0.404	 -0.612	 -0.680
	  0.116	  0.771	 -0.625
	  0.907	  0.174	  0.383

8 	  46.44	  -6.86	 -21.18
	  0.379	  0.366	 -0.850
	  0.194	  0.865	  0.461
	  0.904	 -0.341	  0.255

9 	  44.03	 -11.79	 -10.58
	 -0.563	  0.453	  0.691
	  0.824	  0.237	  0.514
	  0.068	  0.859	 -0.508

2 	  33.38	  -6.82	  22.75
	  0.645	  0.764	 -0.026
	 -0.765	  0.644	 -0.019
	  0.003	  0.032	  0.999

3 	  36.28	   0.02	  -0.81
	 -0.009	 -0.181	 -0.983
	  0.062	  0.981	 -0.182
	  0.998	 -0.062	  0.002

4 	  37.41	   4.73	  -6.47
	  0.591	  0.719	 -0.365
	 -0.365	  0.641	  0.675
	  0.720	 -0.266	  0.641

5 	  48.64	  10.85	 -18.21
	  0.572	 -0.110	 -0.813
	  0.116	  0.991	 -0.060
	  0.814	 -0.055	  0.578

6 	  43.17	  11.43	  -7.44
	 -0.704	 -0.634	  0.319
	 -0.587	  0.266	 -0.764
	  0.401	 -0.726	 -0.559

7 	  37.48	  -5.91	  -6.17
	  0.417	 -0.659	 -0.626
	  0.179	  0.734	 -0.654
	  0.891	  0.160	  0.424

8 	  46.92	 -10.51	 -19.56
	  0.433	  0.227	 -0.872
	  0.108	  0.947	  0.303
	  0.895	 -0.228	  0.383

9 	  43.56	 -13.55	  -8.31
	 -0.536	  0.665	  0.520
	  0.812	  0.236	  0.534
	  0.233	  0.708	 -0.666

2 	  33.38	  -6.82	  22.75
	  0.645	  0.764	 -0.026
	 -0.765	  0.644	 -0.019
	  0.003	  0.032	  0.999

3 	  36.26	   0.12	  -1.00
	 -0.014	 -0.176	 -0.984
	  0.010	  0.984	 -0.176
	  1.000	 -0.012	 -0.012

4 	  37.74	   5.15	  -6.24
	  0.580	  0.782	 -0.226
	 -0.480	  0.552	  0.682
	  0.659	 -0.288	  0.695

5 	  50.84	  15.54	 -12.25
	  0.782	  0.164	 -0.600
	 -0.030	  0.974	  0.226
	  0.622	 -0.157	  0.767

6 	  42.89	  12.66	  -3.88
	 -0.659	 -0.749	 -0.067
	 -0.377	  0.405	 -0.833
	  0.652	 -0.524	 -0.549

7 	  37.63	  -5.98	  -6.01
	  0.417	 -0.756	 -0.505
	  0.306	  0.639	 -0.705
	  0.856	  0.139	  0.498

8 	  47.85	 -14.94	 -14.52
	  0.612	  0.061	 -0.788
	 -0.048	  0.998	  0.044
	  0.790	  0.007	  0.613

9 	  42.22	 -15.10	  -3.78
	 -0.465	  0.873	  0.147
	  0.716	  0.273	  0.643
	  0.523	  0.404	 -0.751

2 	  33.38	  -6.82	  22.75
	  0.645	  0.764	 -0.026
	 -0.765	  0.644	 -0.018
	  0.004	  0.032	  0.999

3 	  36.33	   0.26	  -1.30
	  0.011	 -0.175	 -0.984
	 -0.050	  0.983	 -0.175
	  0.999	  0.051	  0.002

4 	  38.32	   5.77	  -5.80
	  0.574	  0.818	 -0.040
	 -0.550	  0.420	  0.721
	  0.608	 -0.392	  0.690

5 	  51.79	  18.54	  -0.39
	  0.918	  0.395	 -0.014
	 -0.332	  0.789	  0.516
	  0.215	 -0.470	  0.856

6 	  41.96	  12.73	   0.86
	 -0.519	 -0.658	 -0.545
	 -0.064	  0.666	 -0.743
	  0.852	 -0.350	 -0.388

7 	  38.48	  -5.98	  -5.94
	  0.467	 -0.830	 -0.305
	  0.482	  0.527	 -0.700
	  0.743	  0.179	  0.645

8 	  48.99	 -17.72	  -3.83
	  0.902	 -0.184	 -0.391
	 -0.015	  0.892	 -0.451
	  0.432	  0.410	  0.802

9 	  39.90	 -13.59	   2.13
	 -0.341	  0.849	 -0.402
	  0.466	  0.523	  0.713
	  0.817	  0.056	 -0.574

2 	  33.38	  -6.82	  22.75
	  0.645	  0.764	 -0.026
	 -0.765	  0.644	 -0.019
	  0.003	  0.032	  0.999

3 	  37.00	   0.39	  -1.83
	  0.128	 -0.154	 -0.980
	 -0.126	  0.977	 -0.170
	  0.984	  0.145	  0.105

4 	  39.76	   6.49	  -5.73
	  0.563	  0.813	  0.146
	 -0.672	  0.348	  0.653
	  0.482	 -0.466	  0.742

5 	  49.39	  17.00	   9.74
	  0.711	  0.276	  0.647
	 -0.579	  0.754	  0.311
	 -0.405	 -0.593	  0.696

6 	  40.83	  12.18	   2.90
	 -0.216	 -0.478	 -0.851
	  0.277	  0.807	 -0.521
	  0.937	 -0.346	 -0.041

7 	  40.11	  -6.40	  -5.78
	  0.534	 -0.842	 -0.073
	  0.655	  0.465	 -0.595
	  0.536	  0.270	  0.799

8 	  48.01	 -17.24	   8.28
	  0.836	 -0.289	  0.465
	  0.541	  0.571	 -0.617
	 -0.090	  0.767	  0.635

9 	  39.80	 -11.78	   4.20
	 -0.092	  0.583	 -0.807
	  0.034	  0.812	  0.583
	  0.995	  0.025	 -0.094

2 	  33.38	  -6.82	  22.75
	  0.645	  0.764	 -0.026
	 -0.765	  0.644	 -0.019
	  0.003	  0.032	  0.999

3 	  37.46	   0.40	  -2.13
	  0.173	 -0.116	 -0.978
	 -0.036	  0.991	 -0.124
	  0.984	  0.056	  0.167

4 	  40.97	   6.93	  -5.59
	  0.600	  0.768	  0.224
	 -0.707	  0.375	  0.599
	  0.377	 -0.518	  0.768

5 	  47.65	  13.11	  13.94
	  0.387	 -0.012	  0.922
	 -0.264	  0.956	  0.124
	 -0.883	 -0.292	  0.366

6 	  40.85	  11.74	   3.69
	 -0.056	 -0.370	 -0.927
	  0.479	  0.805	 -0.349
	  0.876	 -0.463	  0.133

7 	  42.10	  -7.00	  -5.50
	  0.677	 -0.734	  0.038
	  0.641	  0.563	 -0.521
	  0.363	  0.378	  0.852

8 	  47.44	 -13.75	  13.96
	  0.521	  0.017	  0.853
	  0.597	  0.709	 -0.375
	 -0.615	  0.702	  0.359

9 	  41.13	 -11.57	   5.01
	  0.003	  0.355	 -0.935
	 -0.374	  0.867	  0.327
	  0.927	  0.348	  0.135

2 	  33.40	  -6.82	  22.75
	  0.631	  0.775	 -0.026
	 -0.777	  0.630	 -0.016
	  0.005	  0.031	  0.999

3 	  37.97	   0.23	  -2.29
	  0.255	 -0.119	 -0.960
	  0.052	  0.993	 -0.109
	  0.965	 -0.022	  0.259

4 	  42.15	   7.00	  -5.59
	  0.650	  0.713	  0.264
	 -0.715	  0.452	  0.534
	  0.261	 -0.536	  0.803

5 	  47.88	  11.51	  14.78
	  0.286	 -0.156	  0.945
	 -0.139	  0.969	  0.204
	 -0.948	 -0.191	  0.254

6 	  41.89	  11.74	   3.97
	 -0.025	 -0.329	 -0.944
	  0.602	  0.749	 -0.275
	  0.798	 -0.575	  0.180

7 	  42.89	  -7.15	  -5.47
	  0.715	 -0.696	  0.066
	  0.629	  0.599	 -0.496
	  0.306	  0.396	  0.865

8 	  48.23	 -12.01	  14.78
	  0.440	  0.184	  0.878
	  0.405	  0.833	 -0.377
	 -0.802	  0.521	  0.292

9 	  41.85	 -11.79	   5.29
	 -0.015	  0.330	 -0.944
	 -0.504	  0.813	  0.291
	  0.864	  0.479	  0.155

2 	  33.40	  -6.82	  22.75
	  0.630	  0.776	 -0.026
	 -0.777	  0.629	 -0.017
	  0.004	  0.031	  0.999

3 	  38.27	   0.25	  -2.39
	  0.283	 -0.121	 -0.952
	  0.069	  0.992	 -0.105
	  0.957	 -0.036	  0.289

4 	  42.70	   7.03	  -5.45
	  0.667	  0.687	  0.287
	 -0.714	  0.478	  0.511
	  0.214	 -0.546	  0.810

5 	  48.48	  11.32	  15.03
	  0.273	 -0.167	  0.947
	 -0.063	  0.979	  0.194
	 -0.961	 -0.115	  0.254

6 	  42.49	  11.74	   4.31
	 -0.075	 -0.281	 -0.957
	  0.632	  0.729	 -0.262
	  0.771	 -0.624	  0.124

7 	  43.07	  -7.17	  -5.40
	  0.707	 -0.703	  0.074
	  0.644	  0.597	 -0.478
	  0.292	  0.386	  0.875

8 	  48.15	 -11.83	  14.85
	  0.430	  0.202	  0.880
	  0.367	  0.851	 -0.374
	 -0.826	  0.483	  0.291

9 	  41.77	 -11.83	   5.38
	 -0.013	  0.329	 -0.944
	 -0.498	  0.817	  0.291
	  0.867	  0.473	  0.154

2 	  33.40	  -6.82	  22.75
	  0.630	  0.776	 -0.026
	 -0.777	  0.629	 -0.017
	  0.004	  0.031	  0.999

3 	  38.32	   0.23	  -2.39
	  0.287	 -0.127	 -0.949
	  0.068	  0.991	 -0.112
	  0.955	 -0.032	  0.293

4 	  42.84	   7.00	  -5.45
	  0.672	  0.682	  0.287
	 -0.711	  0.485	  0.509
	  0.208	 -0.546	  0.811

5 	  48.97	  11.02	  14.92
	  0.285	 -0.177	  0.942
	 -0.019	  0.980	  0.194
	 -0.959	 -0.076	  0.275

6 	  42.73	  11.74	   4.32
	 -0.090	 -0.270	 -0.958
	  0.645	  0.718	 -0.262
	  0.759	 -0.641	  0.111

7 	  43.08	  -7.22	  -5.36
	  0.705	 -0.705	  0.077
	  0.646	  0.594	 -0.479
	  0.292	  0.388	  0.874

8 	  48.15	 -11.81	  14.92
	  0.429	  0.202	  0.880
	  0.373	  0.848	 -0.376
	 -0.823	  0.489	  0.288

9 	  41.82	 -11.83	   5.47
	 -0.018	  0.323	 -0.946
	 -0.498	  0.818	  0.288
	  0.867	  0.476	  0.147

2 	  33.38	  -6.82	  22.75
	  0.630	  0.776	 -0.026
	 -0.777	  0.629	 -0.018
	  0.003	  0.032	  0.999

3 	  38.39	   0.16	  -2.43
	  0.290	 -0.133	 -0.948
	  0.064	  0.991	 -0.119
	  0.955	 -0.027	  0.296

4 	  42.89	   6.96	  -5.47
	  0.674	  0.681	  0.286
	 -0.710	  0.489	  0.507
	  0.205	 -0.545	  0.813

5 	  49.06	  11.00	  14.94
	  0.284	 -0.174	  0.943
	 -0.018	  0.981	  0.191
	 -0.959	 -0.074	  0.273

6 	  42.80	  11.72	   4.34
	 -0.094	 -0.267	 -0.959
	  0.647	  0.716	 -0.262
	  0.757	 -0.645	  0.106

7 	  43.15	  -7.28	  -5.33
	  0.706	 -0.703	  0.080
	  0.646	  0.595	 -0.478
	  0.289	  0.389	  0.875

8 	  48.16	 -11.83	  15.01
	  0.422	  0.205	  0.883
	  0.373	  0.849	 -0.375
	 -0.827	  0.487	  0.281

9 	  41.87	 -11.88	   5.48
	 -0.015	  0.324	 -0.946
	 -0.504	  0.814	  0.286
	  0.863	  0.481	  0.152

