% Calibrated with leiden_pols
% Positions are in centimeters
Data =[
 2    96.459   -22.098    60.095
 2     0.041    -0.999    -0.012
 2     0.979     0.038     0.201
 2    -0.201    -0.020     0.979
 3   127.626    -4.437     5.221
 3     0.622    -0.126    -0.772
 3     0.221     0.975     0.020
 3     0.750    -0.184     0.635
 4   106.854     9.303    -2.498
 4     0.482    -0.770     0.418
 4     0.866     0.492    -0.093
 4    -0.134     0.407     0.903
 5   112.845    19.443    24.555
 5     0.406    -0.334     0.850
 5     0.225    -0.866    -0.447
 5     0.885     0.373    -0.277
 6   128.544    25.002    48.706
 6     0.390    -0.575    -0.720
 6     0.025     0.788    -0.615
 6     0.920     0.221     0.321
 7   110.292   -22.613    -2.564
 7     0.374     0.919     0.124
 7    -0.917     0.346     0.201
 7     0.141    -0.189     0.972
 8   113.842   -27.160    27.011
 8     0.400     0.044     0.915
 8    -0.190    -0.973     0.130
 8     0.897    -0.226    -0.381
 9   131.381   -28.757    47.983
 9     0.555     0.318    -0.769
 9     0.077     0.900     0.428
 9     0.828    -0.297     0.475
 2    96.461   -22.148    60.093
 2     0.041    -0.999    -0.012
 2     0.979     0.038     0.201
 2    -0.200    -0.020     0.979
 3   127.622    -4.438     5.251
 3     0.623    -0.127    -0.771
 3     0.222     0.975     0.019
 3     0.749    -0.184     0.636
 4   106.854     9.304    -2.549
 4     0.482    -0.770     0.419
 4     0.866     0.491    -0.094
 4    -0.134     0.407     0.903
 5   112.851    19.395    24.549
 5     0.405    -0.334     0.851
 5     0.225    -0.866    -0.447
 5     0.886     0.372    -0.276
 6   128.494    25.002    48.654
 6     0.390    -0.575    -0.719
 6     0.025     0.787    -0.616
 6     0.920     0.222     0.321
 7   110.242   -22.562    -2.564
 7     0.374     0.919     0.124
 7    -0.917     0.346     0.201
 7     0.141    -0.189     0.972
 8   113.838   -27.110    26.967
 8     0.400     0.043     0.915
 8    -0.190    -0.973     0.129
 8     0.896    -0.225    -0.381
 9   131.381   -28.757    47.983
 9     0.555     0.318    -0.769
 9     0.077     0.900     0.428
 9     0.828    -0.297     0.475
 2    96.461   -22.097    60.118
 2     0.041    -0.999    -0.012
 2     0.979     0.038     0.201
 2    -0.200    -0.020     0.979
 3   127.649    -4.445     5.251
 3     0.630    -0.132    -0.765
 3     0.223     0.974     0.016
 3     0.743    -0.181     0.643
 4   106.804     9.303    -2.498
 4     0.482    -0.769     0.419
 4     0.866     0.491    -0.094
 4    -0.134     0.408     0.903
 5   112.845    19.393    24.554
 5     0.406    -0.333     0.851
 5     0.225    -0.866    -0.446
 5     0.885     0.372    -0.277
 6   128.475    25.055    48.647
 6     0.389    -0.576    -0.719
 6     0.026     0.787    -0.616
 6     0.921     0.221     0.321
 7   110.245   -22.560    -2.639
 7     0.375     0.917     0.132
 7    -0.916     0.345     0.203
 7     0.141    -0.197     0.970
 8   113.838   -27.110    26.967
 8     0.400     0.043     0.915
 8    -0.190    -0.973     0.128
 8     0.896    -0.225    -0.381
 9   131.431   -28.757    47.984
 9     0.554     0.318    -0.769
 9     0.077     0.900     0.428
 9     0.828    -0.297     0.474
 2    96.461   -22.148    60.093
 2     0.041    -0.999    -0.012
 2     0.979     0.038     0.201
 2    -0.200    -0.020     0.979
 3   127.554    -4.475     5.118
 3     0.636    -0.138    -0.759
 3     0.225     0.974     0.011
 3     0.738    -0.178     0.650
 4   106.811     9.357    -2.564
 4     0.485    -0.765     0.423
 4     0.865     0.491    -0.103
 4    -0.130     0.416     0.900
 5   112.844    19.393    24.551
 5     0.408    -0.330     0.851
 5     0.224    -0.868    -0.444
 5     0.885     0.371    -0.280
 6   128.475    25.056    48.647
 6     0.388    -0.577    -0.719
 6     0.027     0.787    -0.616
 6     0.921     0.220     0.321
 7   110.146   -22.511    -2.735
 7     0.373     0.917     0.137
 7    -0.917     0.343     0.204
 7     0.140    -0.202     0.969
 8   113.838   -27.110    26.942
 8     0.401     0.042     0.915
 8    -0.190    -0.973     0.129
 8     0.896    -0.225    -0.382
 9   131.431   -28.757    47.958
 9     0.555     0.318    -0.769
 9     0.077     0.900     0.428
 9     0.828    -0.297     0.475
 2    96.409   -22.098    60.121
 2     0.041    -0.999    -0.012
 2     0.979     0.038     0.201
 2    -0.201    -0.020     0.979
 3   127.496    -4.452     5.127
 3     0.637    -0.139    -0.758
 3     0.227     0.974     0.011
 3     0.736    -0.179     0.652
 4   106.809     9.408    -2.617
 4     0.485    -0.763     0.427
 4     0.864     0.491    -0.105
 4    -0.130     0.420     0.898
 5   112.883    19.388    24.611
 5     0.412    -0.328     0.850
 5     0.222    -0.868    -0.443
 5     0.883     0.371    -0.285
 6   128.500    25.005    48.698
 6     0.388    -0.576    -0.719
 6     0.027     0.787    -0.616
 6     0.921     0.219     0.320
 7   110.197   -22.562    -2.760
 7     0.373     0.917     0.139
 7    -0.917     0.342     0.205
 7     0.140    -0.204     0.969
 8   113.838   -27.111    26.891
 8     0.400     0.044     0.915
 8    -0.190    -0.973     0.130
 8     0.896    -0.226    -0.382
 9   131.432   -28.757    47.856
 9     0.554     0.317    -0.769
 9     0.077     0.901     0.427
 9     0.828    -0.297     0.475
 2    96.461   -22.148    60.093
 2     0.041    -0.999    -0.012
 2     0.979     0.038     0.201
 2    -0.200    -0.020     0.979
 3   127.496    -4.452     5.127
 3     0.637    -0.140    -0.758
 3     0.227     0.974     0.011
 3     0.736    -0.179     0.652
 4   106.935     9.408    -2.615
 4     0.486    -0.764     0.424
 4     0.864     0.492    -0.104
 4    -0.130     0.417     0.899
 5   112.933    19.388    24.611
 5     0.413    -0.328     0.849
 5     0.222    -0.868    -0.444
 5     0.883     0.372    -0.286
 6   128.482    25.057    48.716
 6     0.386    -0.577    -0.720
 6     0.026     0.787    -0.616
 6     0.922     0.219     0.319
 7   110.419   -22.611    -2.813
 7     0.376     0.917     0.133
 7    -0.916     0.346     0.203
 7     0.140    -0.199     0.970
 8   114.015   -27.110    26.833
 8     0.399     0.049     0.915
 8    -0.189    -0.973     0.135
 8     0.897    -0.227    -0.379
 9   131.538   -28.678    47.895
 9     0.551     0.313    -0.773
 9     0.079     0.902     0.423
 9     0.830    -0.295     0.473
 2    96.459   -22.098    60.121
 2     0.041    -0.999    -0.012
 2     0.979     0.038     0.201
 2    -0.201    -0.020     0.979
 3   127.625    -4.476     5.225
 3     0.636    -0.140    -0.759
 3     0.227     0.974     0.011
 3     0.737    -0.180     0.651
 4   107.037     9.357    -2.562
 4     0.486    -0.766     0.421
 4     0.864     0.492    -0.102
 4    -0.130     0.413     0.901
 5   112.978    19.359    24.618
 5     0.415    -0.330     0.847
 5     0.221    -0.867    -0.446
 5     0.882     0.373    -0.287
 6   128.482    25.006    48.716
 6     0.386    -0.576    -0.721
 6     0.026     0.787    -0.616
 6     0.922     0.218     0.319
 7   110.468   -22.560    -2.763
 7     0.377     0.916     0.132
 7    -0.915     0.347     0.203
 7     0.140    -0.198     0.970
 8   114.059   -27.212    26.789
 8     0.401     0.051     0.915
 8    -0.189    -0.972     0.137
 8     0.896    -0.228    -0.380
 9   131.563   -28.677    47.844
 9     0.551     0.312    -0.774
 9     0.080     0.903     0.421
 9     0.830    -0.294     0.473
 2    96.459   -22.098    60.121
 2     0.041    -0.999    -0.012
 2     0.979     0.038     0.201
 2    -0.201    -0.020     0.979
 3   127.625    -4.476     5.225
 3     0.636    -0.139    -0.759
 3     0.227     0.974     0.012
 3     0.737    -0.180     0.651
 4   106.983     9.305    -2.556
 4     0.485    -0.766     0.421
 4     0.864     0.493    -0.098
 4    -0.132     0.411     0.901
 5   112.999    19.305    24.574
 5     0.418    -0.333     0.845
 5     0.220    -0.865    -0.450
 5     0.881     0.374    -0.288
 6   128.508    25.008    48.692
 6     0.385    -0.576    -0.721
 6     0.028     0.788    -0.614
 6     0.922     0.216     0.320
 7   110.418   -22.560    -2.763
 7     0.377     0.917     0.132
 7    -0.915     0.347     0.203
 7     0.140    -0.198     0.970
 8   114.059   -27.161    26.840
 8     0.401     0.051     0.915
 8    -0.189    -0.972     0.137
 8     0.896    -0.228    -0.380
 9   131.562   -28.677    47.946
 9     0.551     0.312    -0.774
 9     0.080     0.903     0.421
 9     0.830    -0.294     0.473
 2    96.409   -22.098    60.095
 2     0.041    -0.999    -0.012
 2     0.979     0.038     0.201
 2    -0.201    -0.020     0.979
 3   127.687    -4.522     5.290
 3     0.632    -0.137    -0.762
 3     0.228     0.973     0.015
 3     0.740    -0.184     0.647
 4   106.978     9.175    -2.597
 4     0.485    -0.767     0.419
 4     0.864     0.495    -0.094
 4    -0.135     0.408     0.903
 5   112.996    19.249    24.631
 5     0.423    -0.339     0.840
 5     0.217    -0.862    -0.458
 5     0.880     0.376    -0.291
 6   128.517    25.014    48.689
 6     0.382    -0.574    -0.724
 6     0.034     0.792    -0.610
 6     0.923     0.208     0.322
 7   110.492   -22.685    -2.642
 7     0.380     0.916     0.126
 7    -0.914     0.351     0.202
 7     0.141    -0.192     0.971
 8   114.109   -27.261    26.941
 8     0.401     0.052     0.914
 8    -0.188    -0.972     0.138
 8     0.896    -0.227    -0.381
 9   131.612   -28.702    47.946
 9     0.552     0.310    -0.774
 9     0.081     0.904     0.420
 9     0.830    -0.295     0.473
 2    96.459   -22.098    60.121
 2     0.041    -0.999    -0.012
 2     0.979     0.038     0.201
 2    -0.201    -0.020     0.979
 3   127.703    -4.694     5.426
 3     0.628    -0.134    -0.767
 3     0.229     0.973     0.018
 3     0.744    -0.187     0.641
 4   106.976     9.046    -2.590
 4     0.487    -0.767     0.417
 4     0.862     0.498    -0.092
 4    -0.137     0.405     0.904
 5   112.966    19.195    24.587
 5     0.425    -0.342     0.838
 5     0.217    -0.860    -0.461
 5     0.879     0.378    -0.292
 6   128.501    24.968    48.582
 6     0.380    -0.573    -0.726
 6     0.039     0.794    -0.606
 6     0.924     0.202     0.324
 7   110.467   -22.736    -2.592
 7     0.379     0.916     0.125
 7    -0.914     0.351     0.202
 7     0.141    -0.191     0.971
 8   114.134   -27.283    27.067
 8     0.404     0.053     0.913
 8    -0.185    -0.973     0.138
 8     0.896    -0.225    -0.383
 9   131.657   -28.677    47.977
 9     0.552     0.308    -0.775
 9     0.083     0.904     0.419
 9     0.829    -0.296     0.473
 2    96.459   -22.098    60.121
 2     0.042    -0.999    -0.012
 2     0.979     0.038     0.201
 2    -0.201    -0.020     0.979
 3   127.658    -4.693     5.447
 3     0.627    -0.132    -0.768
 3     0.229     0.973     0.020
 3     0.745    -0.189     0.640
 4   107.024     8.992    -2.582
 4     0.490    -0.766     0.415
 4     0.861     0.501    -0.091
 4    -0.139     0.402     0.905
 5   113.032    19.190    24.602
 5     0.429    -0.344     0.835
 5     0.217    -0.858    -0.465
 5     0.877     0.381    -0.293
 6   128.509    24.973    48.578
 6     0.377    -0.571    -0.729
 6     0.043     0.797    -0.603
 6     0.925     0.196     0.325
 7   110.467   -22.838    -2.565
 7     0.378     0.917     0.126
 7    -0.915     0.349     0.202
 7     0.141    -0.192     0.971
 8   114.061   -27.283    27.067
 8     0.404     0.051     0.913
 8    -0.185    -0.973     0.136
 8     0.896    -0.224    -0.384
 9   131.658   -28.702    48.028
 9     0.552     0.309    -0.774
 9     0.083     0.903     0.420
 9     0.829    -0.297     0.473
 2    96.459   -22.149    60.121
 2     0.042    -0.999    -0.012
 2     0.979     0.038     0.201
 2    -0.201    -0.020     0.979
 3   127.658    -4.794     5.550
 3     0.625    -0.130    -0.769
 3     0.230     0.973     0.022
 3     0.745    -0.191     0.638
 4   107.026     8.916    -2.607
 4     0.491    -0.766     0.414
 4     0.860     0.502    -0.090
 4    -0.139     0.400     0.906
 5   113.026    19.239    24.557
 5     0.430    -0.345     0.834
 5     0.217    -0.858    -0.466
 5     0.876     0.382    -0.294
 6   128.534    25.024    48.630
 6     0.376    -0.572    -0.729
 6     0.044     0.797    -0.602
 6     0.925     0.194     0.325
 7   110.469   -22.838    -2.568
 7     0.377     0.917     0.125
 7    -0.915     0.349     0.202
 7     0.142    -0.191     0.971
 8   114.110   -27.333    27.118
 8     0.404     0.051     0.913
 8    -0.185    -0.973     0.136
 8     0.896    -0.224    -0.384
 9   131.707   -28.701    48.079
 9     0.553     0.308    -0.774
 9     0.084     0.903     0.420
 9     0.829    -0.297     0.474
 2    96.409   -22.098    60.121
 2     0.042    -0.999    -0.012
 2     0.979     0.038     0.201
 2    -0.201    -0.021     0.979
 3   127.612    -4.792     5.596
 3     0.624    -0.130    -0.770
 3     0.231     0.972     0.023
 3     0.746    -0.192     0.637
 4   107.023     8.940    -2.604
 4     0.491    -0.766     0.414
 4     0.860     0.502    -0.090
 4    -0.140     0.400     0.906
 5   113.026    19.239    24.556
 5     0.431    -0.344     0.834
 5     0.218    -0.858    -0.466
 5     0.876     0.382    -0.295
 6   128.516    25.078    48.622
 6     0.375    -0.571    -0.730
 6     0.045     0.798    -0.601
 6     0.926     0.193     0.325
 7   110.420   -22.838    -2.568
 7     0.377     0.917     0.126
 7    -0.915     0.349     0.203
 7     0.142    -0.192     0.971
 8   114.106   -27.282    27.124
 8     0.405     0.050     0.913
 8    -0.184    -0.973     0.135
 8     0.895    -0.223    -0.385
 9   131.703   -28.703    48.085
 9     0.554     0.308    -0.773
 9     0.084     0.903     0.420
 9     0.828    -0.298     0.474
 2    96.411   -22.148    60.118
 2     0.042    -0.999    -0.012
 2     0.979     0.038     0.201
 2    -0.200    -0.020     0.979
 3   127.609    -4.794     5.601
 3     0.626    -0.129    -0.769
 3     0.231     0.973     0.024
 3     0.745    -0.193     0.638
 4   107.022     8.940    -2.605
 4     0.491    -0.765     0.417
 4     0.859     0.503    -0.091
 4    -0.140     0.403     0.904
 5   113.020    19.238    24.560
 5     0.432    -0.340     0.835
 5     0.218    -0.859    -0.463
 5     0.875     0.382    -0.297
 6   128.517    25.025    48.572
 6     0.376    -0.570    -0.731
 6     0.043     0.798    -0.600
 6     0.926     0.193     0.325
 7   110.368   -22.839    -2.564
 7     0.377     0.917     0.128
 7    -0.916     0.348     0.202
 7     0.141    -0.194     0.971
 8   114.056   -27.257    27.124
 8     0.405     0.050     0.913
 8    -0.184    -0.974     0.135
 8     0.895    -0.223    -0.385
 9   131.703   -28.703    48.084
 9     0.554     0.308    -0.773
 9     0.084     0.903     0.420
 9     0.828    -0.298     0.475
 2    96.411   -22.148    60.093
 2     0.042    -0.999    -0.012
 2     0.979     0.038     0.201
 2    -0.200    -0.020     0.979
 3   127.602    -4.745     5.509
 3     0.628    -0.130    -0.768
 3     0.231     0.972     0.024
 3     0.743    -0.193     0.640
 4   106.921     9.042    -2.607
 4     0.490    -0.764     0.419
 4     0.860     0.501    -0.092
 4    -0.140     0.405     0.903
 5   112.968    19.291    24.558
 5     0.431    -0.335     0.837
 5     0.220    -0.861    -0.458
 5     0.875     0.382    -0.298
 6   128.535    25.023    48.630
 6     0.376    -0.568    -0.732
 6     0.042     0.800    -0.599
 6     0.925     0.194     0.324
 7   110.316   -22.788    -2.562
 7     0.378     0.917     0.129
 7    -0.915     0.349     0.202
 7     0.140    -0.194     0.971
 8   114.106   -27.257    27.073
 8     0.406     0.049     0.912
 8    -0.184    -0.974     0.135
 8     0.895    -0.223    -0.386
 9   131.728   -28.703    48.033
 9     0.554     0.308    -0.773
 9     0.083     0.904     0.419
 9     0.828    -0.297     0.475
 2    96.411   -22.148    60.093
 2     0.042    -0.999    -0.012
 2     0.979     0.038     0.201
 2    -0.200    -0.020     0.979
 3   127.648    -4.696     5.462
 3     0.629    -0.131    -0.766
 3     0.231     0.972     0.023
 3     0.742    -0.192     0.642
 4   106.972     9.043    -2.610
 4     0.491    -0.763     0.420
 4     0.860     0.501    -0.094
 4    -0.139     0.407     0.902
 5   113.022    19.245    24.551
 5     0.428    -0.331     0.840
 5     0.222    -0.863    -0.453
 5     0.876     0.380    -0.297
 6   128.535    24.943    48.679
 6     0.377    -0.565    -0.734
 6     0.037     0.801    -0.598
 6     0.925     0.198     0.323
 7   110.315   -22.789    -2.583
 7     0.378     0.916     0.130
 7    -0.915     0.349     0.202
 7     0.139    -0.196     0.970
 8   114.107   -27.282    27.074
 8     0.406     0.048     0.912
 8    -0.185    -0.974     0.133
 8     0.895    -0.223    -0.386
 9   131.703   -28.703    48.033
 9     0.555     0.307    -0.773
 9     0.083     0.904     0.420
 9     0.828    -0.298     0.476
 2    96.461   -22.148    60.093
 2     0.041    -0.999    -0.012
 2     0.979     0.038     0.201
 2    -0.200    -0.020     0.979
 3   127.644    -4.697     5.441
 3     0.630    -0.132    -0.765
 3     0.231     0.972     0.023
 3     0.741    -0.192     0.643
 4   106.977     9.095    -2.590
 4     0.491    -0.764     0.418
 4     0.860     0.501    -0.095
 4    -0.137     0.406     0.903
 5   112.952    19.298    24.546
 5     0.425    -0.328     0.844
 5     0.223    -0.865    -0.449
 5     0.877     0.379    -0.294
 6   128.584    25.018    48.627
 6     0.379    -0.565    -0.733
 6     0.035     0.800    -0.598
 6     0.925     0.201     0.323
 7   110.317   -22.788    -2.561
 7     0.378     0.916     0.130
 7    -0.915     0.349     0.202
 7     0.140    -0.195     0.971
 8   114.108   -27.256    27.073
 8     0.405     0.047     0.913
 8    -0.184    -0.974     0.132
 8     0.895    -0.222    -0.386
 9   131.653   -28.703    48.033
 9     0.555     0.308    -0.773
 9     0.083     0.903     0.420
 9     0.828    -0.298     0.476
 2    96.461   -22.097    60.118
 2     0.041    -0.999    -0.012
 2     0.979     0.038     0.201
 2    -0.200    -0.020     0.979
 3   127.644    -4.697     5.390
 3     0.630    -0.131    -0.766
 3     0.230     0.973     0.023
 3     0.741    -0.191     0.643
 4   107.034     9.123    -2.598
 4     0.493    -0.764     0.417
 4     0.860     0.501    -0.099
 4    -0.134     0.407     0.903
 5   112.951    19.300    24.546
 5     0.424    -0.326     0.844
 5     0.225    -0.866    -0.447
 5     0.877     0.380    -0.294
 6   128.628    24.964    48.584
 6     0.380    -0.563    -0.734
 6     0.033     0.801    -0.598
 6     0.924     0.203     0.323
 7   110.317   -22.789    -2.561
 7     0.377     0.917     0.130
 7    -0.915     0.348     0.202
 7     0.140    -0.195     0.971
 8   114.108   -27.256    27.073
 8     0.405     0.047     0.913
 8    -0.184    -0.974     0.132
 8     0.895    -0.222    -0.386
 9   131.724   -28.704    47.988
 9     0.556     0.308    -0.772
 9     0.083     0.903     0.420
 9     0.827    -0.298     0.477
 2    96.659   -21.874    60.031
 2     0.305    -0.948     0.090
 2     0.949     0.311     0.052
 2    -0.077     0.069     0.994
 3   127.652    -4.695     5.381
 3     0.628    -0.129    -0.767
 3     0.230     0.973     0.024
 3     0.743    -0.192     0.640
 4   107.039     9.099    -2.553
 4     0.494    -0.763     0.416
 4     0.859     0.501    -0.100
 4    -0.132     0.407     0.904
 5   112.927    19.347    24.570
 5     0.427    -0.316     0.847
 5     0.233    -0.866    -0.441
 5     0.873     0.386    -0.297
 6   128.696    25.062    48.540
 6     0.383    -0.562    -0.733
 6     0.031     0.801    -0.598
 6     0.923     0.207     0.324
 7   110.369   -22.787    -2.564
 7     0.378     0.917     0.129
 7    -0.915     0.349     0.203
 7     0.141    -0.195     0.970
 8   114.246   -27.437    26.945
 8     0.396     0.058     0.916
 8    -0.186    -0.972     0.142
 8     0.899    -0.226    -0.374
 9   131.814   -28.630    47.998
 9     0.558     0.303    -0.773
 9     0.085     0.905     0.416
 9     0.825    -0.298     0.479
 2    95.517   -23.871    53.333
 2     0.519    -0.808     0.278
 2     0.847     0.529    -0.042
 2    -0.113     0.257     0.959
 3   127.659    -4.743     5.321
 3     0.626    -0.129    -0.769
 3     0.230     0.973     0.024
 3     0.745    -0.192     0.639
 4   107.040     9.099    -2.603
 4     0.494    -0.764     0.414
 4     0.859     0.502    -0.100
 4    -0.132     0.405     0.904
 5   112.961    19.469    24.433
 5     0.434    -0.295     0.851
 5     0.250    -0.869    -0.428
 5     0.866     0.398    -0.303
 6   129.008    25.148    48.280
 6     0.397    -0.558    -0.729
 6     0.026     0.800    -0.599
 6     0.917     0.219     0.332
 7   110.319   -22.838    -2.564
 7     0.378     0.917     0.129
 7    -0.915     0.349     0.203
 7     0.141    -0.195     0.970
 8   114.253   -27.516    26.906
 8     0.391     0.060     0.918
 8    -0.189    -0.971     0.144
 8     0.901    -0.230    -0.369
 9   131.930   -28.683    47.881
 9     0.562     0.298    -0.771
 9     0.085     0.907     0.412
 9     0.823    -0.298     0.484
 2    93.318   -30.578    49.049
 2     0.794    -0.589     0.149
 2     0.604     0.792    -0.084
 2    -0.069     0.156     0.985
 3   127.663    -4.691     5.317
 3     0.625    -0.129    -0.770
 3     0.230     0.973     0.024
 3     0.746    -0.193     0.637
 4   107.033     9.044    -2.615
 4     0.495    -0.765     0.413
 4     0.858     0.504    -0.095
 4    -0.136     0.401     0.906
 5   113.185    19.513    24.303
 5     0.441    -0.271     0.855
 5     0.265    -0.872    -0.412
 5     0.857     0.408    -0.313
 6   129.428    25.495    47.963
 6     0.409    -0.556    -0.724
 6     0.027     0.800    -0.599
 6     0.912     0.225     0.342
 7   110.373   -22.835    -2.470
 7     0.380     0.916     0.128
 7    -0.914     0.350     0.205
 7     0.143    -0.195     0.970
 8   114.627   -27.751    26.887
 8     0.397     0.066     0.915
 8    -0.194    -0.969     0.154
 8     0.897    -0.238    -0.373
 9   132.849   -28.774    47.542
 9     0.579     0.282    -0.765
 9     0.086     0.911     0.402
 9     0.810    -0.299     0.503
 2    82.560   -38.672    50.093
 2     0.739    -0.667     0.098
 2     0.656     0.679    -0.329
 2     0.153     0.307     0.939
 3   127.617    -4.688     5.313
 3     0.622    -0.130    -0.772
 3     0.235     0.971     0.025
 3     0.747    -0.197     0.634
 4   106.906     8.854    -2.749
 4     0.494    -0.766     0.411
 4     0.856     0.510    -0.079
 4    -0.150     0.391     0.908
 5   113.573    19.626    24.128
 5     0.457    -0.228     0.859
 5     0.290    -0.876    -0.386
 5     0.841     0.426    -0.335
 6   130.513    25.782    47.114
 6     0.434    -0.544    -0.718
 6     0.031     0.805    -0.592
 6     0.900     0.235     0.366
 7   110.323   -22.909    -2.522
 7     0.385     0.914     0.128
 7    -0.912     0.355     0.206
 7     0.143    -0.197     0.970
 8   115.787   -28.172    26.905
 8     0.438     0.085     0.895
 8    -0.199    -0.961     0.189
 8     0.876    -0.261    -0.404
 9   134.549   -28.927    46.514
 9     0.611     0.249    -0.751
 9     0.089     0.922     0.377
 9     0.786    -0.298     0.541
 2    68.755   -43.050    52.758
 2     0.711    -0.687     0.151
 2     0.703     0.702    -0.115
 2    -0.028     0.187     0.982
 3   127.672    -4.786     5.260
 3     0.618    -0.130    -0.775
 3     0.239     0.970     0.028
 3     0.748    -0.203     0.631
 4   106.929     8.664    -2.914
 4     0.494    -0.765     0.413
 4     0.854     0.516    -0.066
 4    -0.163     0.385     0.908
 5   114.215    19.986    23.979
 5     0.497    -0.168     0.851
 5     0.329    -0.871    -0.364
 5     0.803     0.461    -0.378
 6   132.258    26.559    45.734
 6     0.482    -0.531    -0.697
 6     0.040     0.808    -0.588
 6     0.875     0.256     0.410
 7   110.309   -22.914    -2.556
 7     0.386     0.913     0.130
 7    -0.912     0.357     0.201
 7     0.137    -0.196     0.971
 8   116.991   -28.734    26.602
 8     0.489     0.078     0.868
 8    -0.218    -0.953     0.209
 8     0.844    -0.292    -0.449
 9   136.529   -29.728    45.087
 9     0.652     0.229    -0.723
 9     0.077     0.928     0.364
 9     0.754    -0.293     0.587
 2    51.445   -40.074    52.485
 2     0.377    -0.900    -0.221
 2     0.913     0.400    -0.072
 2     0.153    -0.175     0.972
 3   127.683    -4.806     5.298
 3     0.614    -0.131    -0.778
 3     0.242     0.969     0.028
 3     0.751    -0.206     0.627
 4   106.840     8.469    -3.035
 4     0.493    -0.764     0.416
 4     0.851     0.523    -0.047
 4    -0.182     0.377     0.908
 5   114.821    20.407    23.750
 5     0.546    -0.123     0.829
 5     0.358    -0.860    -0.364
 5     0.757     0.495    -0.425
 6   134.168    27.214    43.965
 6     0.543    -0.505    -0.671
 6     0.032     0.811    -0.584
 6     0.839     0.295     0.456
 7   110.245   -22.853    -2.631
 7     0.386     0.912     0.134
 7    -0.914     0.360     0.184
 7     0.120    -0.194     0.974
 8   118.115   -29.401    26.283
 8     0.539     0.066     0.839
 8    -0.239    -0.944     0.228
 8     0.807    -0.323    -0.494
 9   138.600   -30.812    43.189
 9     0.694     0.210    -0.688
 9     0.061     0.936     0.347
 9     0.717    -0.283     0.637
 2    16.038    -1.879     1.288
 2     0.000     0.000     0.000
 2     0.000     0.000     0.000
 2     0.000     0.000     0.000
 3   127.615    -4.802     5.289
 3     0.610    -0.132    -0.781
 3     0.245     0.969     0.028
 3     0.753    -0.208     0.624
 4   106.812     8.354    -3.176
 4     0.495    -0.759     0.422
 4     0.846     0.531    -0.038
 4    -0.195     0.376     0.906
 5   115.697    20.860    23.222
 5     0.586    -0.080     0.806
 5     0.386    -0.847    -0.365
 5     0.712     0.525    -0.465
 6   136.090    27.749    41.985
 6     0.598    -0.476    -0.645
 6     0.032     0.818    -0.574
 6     0.801     0.323     0.504
 7   110.108   -22.716    -2.757
 7     0.386     0.912     0.140
 7    -0.917     0.362     0.169
 7     0.103    -0.194     0.975
 8   119.186   -29.783    25.887
 8     0.583     0.047     0.811
 8    -0.254    -0.937     0.238
 8     0.771    -0.345    -0.535
 9   140.382   -31.156    41.436
 9     0.731     0.193    -0.654
 9     0.052     0.940     0.336
 9     0.680    -0.280     0.678
 2    16.038    -1.879     1.288
 2     0.000     0.000     0.000
 2     0.000     0.000     0.000
 2     0.000     0.000     0.000
 3   127.569    -4.800     5.234
 3     0.609    -0.132    -0.782
 3     0.246     0.969     0.027
 3     0.754    -0.209     0.622
 4   106.716     8.258    -3.320
 4     0.495    -0.754     0.431
 4     0.841     0.540    -0.023
 4    -0.216     0.374     0.902
 5   116.513    21.344    22.679
 5     0.619    -0.040     0.784
 5     0.412    -0.834    -0.368
 5     0.668     0.551    -0.500
 6   137.557    28.634    40.405
 6     0.633    -0.461    -0.622
 6     0.047     0.825    -0.564
 6     0.772     0.328     0.544
 7   110.022   -22.655    -2.886
 7     0.383     0.912     0.144
 7    -0.919     0.362     0.153
 7     0.087    -0.192     0.977
 8   120.209   -30.063    25.629
 8     0.638     0.029     0.769
 8    -0.260    -0.933     0.250
 8     0.724    -0.360    -0.588
 9   141.946   -31.546    39.778
 9     0.764     0.177    -0.620
 9     0.049     0.943     0.329
 9     0.643    -0.282     0.712
 2    16.038    -1.879     1.288
 2     0.000     0.000     0.000
 2     0.000     0.000     0.000
 2     0.000     0.000     0.000
 3   127.623    -4.798     5.281
 3     0.607    -0.133    -0.784
 3     0.249     0.968     0.028
 3     0.755    -0.213     0.620
 4   106.638     8.007    -3.531
 4     0.493    -0.750     0.441
 4     0.836     0.548    -0.003
 4    -0.240     0.370     0.897
 5   117.034    21.859    22.006
 5     0.644    -0.010     0.765
 5     0.433    -0.819    -0.376
 5     0.630     0.573    -0.523
 6   138.767    29.644    38.452
 6     0.670    -0.447    -0.593
 6     0.063     0.830    -0.554
 6     0.739     0.334     0.585
 7   109.964   -22.491    -2.968
 7     0.383     0.911     0.148
 7    -0.921     0.365     0.139
 7     0.072    -0.190     0.979
 8   121.337   -30.216    25.210
 8     0.689     0.011     0.724
 8    -0.264    -0.927     0.265
 8     0.675    -0.373    -0.636
 9   143.734   -31.767    37.696
 9     0.802     0.156    -0.577
 9     0.047     0.946     0.321
 9     0.595    -0.285     0.751
 2    54.310   -34.048    57.123
 2     0.923    -0.365    -0.121
 2     0.378     0.918     0.117
 2     0.068    -0.155     0.985
 3   127.561    -4.799     5.295
 3     0.607    -0.140    -0.782
 3     0.255     0.966     0.026
 3     0.752    -0.216     0.622
 4   106.418     7.709    -3.703
 4     0.491    -0.746     0.451
 4     0.831     0.555     0.013
 4    -0.260     0.368     0.892
 5   117.521    22.055    21.446
 5     0.665     0.005     0.746
 5     0.442    -0.809    -0.388
 5     0.602     0.588    -0.541
 6   139.905    29.841    36.825
 6     0.700    -0.421    -0.576
 6     0.063     0.841    -0.538
 6     0.711     0.340     0.615
 7   109.824   -22.456    -3.015
 7     0.383     0.911     0.154
 7    -0.922     0.367     0.121
 7     0.054    -0.189     0.980
 8   122.423   -30.420    24.676
 8     0.734    -0.004     0.679
 8    -0.264    -0.923     0.280
 8     0.626    -0.385    -0.678
 9   145.403   -31.857    35.708
 9     0.836     0.133    -0.533
 9     0.050     0.948     0.315
 9     0.547    -0.290     0.785
 2    62.927   -34.067    73.653
 2     0.789    -0.327    -0.520
 2     0.327     0.940    -0.096
 2     0.520    -0.095     0.849
 3   127.495    -4.802     5.312
 3     0.611    -0.146    -0.778
 3     0.259     0.965     0.023
 3     0.748    -0.216     0.628
 4   106.333     7.565    -3.784
 4     0.494    -0.739     0.459
 4     0.824     0.565     0.022
 4    -0.276     0.368     0.888
 5   118.106    22.250    20.908
 5     0.686     0.023     0.727
 5     0.448    -0.801    -0.397
 5     0.573     0.598    -0.561
 6   141.127    29.804    35.114
 6     0.733    -0.394    -0.555
 6     0.058     0.849    -0.526
 6     0.677     0.353     0.645
 7   109.610   -22.295    -3.087
 7     0.381     0.910     0.160
 7    -0.924     0.369     0.104
 7     0.036    -0.188     0.981
 8   123.413   -30.416    24.104
 8     0.768    -0.018     0.640
 8    -0.262    -0.921     0.289
 8     0.584    -0.390    -0.712
 9   147.074   -31.440    33.464
 9     0.866     0.107    -0.489
 9     0.056     0.949     0.308
 9     0.497    -0.295     0.816
 2    66.681   -32.900    83.798
 2     0.783    -0.277    -0.557
 2     0.249     0.960    -0.127
 2     0.570    -0.040     0.820
 3   127.383    -4.779     5.324
 3     0.613    -0.151    -0.776
 3     0.262     0.965     0.020
 3     0.745    -0.216     0.631
 4   106.246     7.473    -3.918
 4     0.494    -0.732     0.469
 4     0.819     0.573     0.031
 4    -0.292     0.369     0.882
 5   118.693    22.490    20.366
 5     0.709     0.053     0.703
 5     0.458    -0.793    -0.401
 5     0.536     0.607    -0.587
 6   142.555    29.928    33.101
 6     0.777    -0.357    -0.518
 6     0.048     0.855    -0.517
 6     0.627     0.376     0.682
 7   109.491   -22.137    -3.204
 7     0.377     0.911     0.165
 7    -0.926     0.368     0.085
 7     0.016    -0.185     0.983
 8   124.242   -30.437    23.460
 8     0.795    -0.032     0.605
 8    -0.263    -0.918     0.297
 8     0.546    -0.395    -0.739
 9   147.996   -31.575    31.571
 9     0.888     0.093    -0.450
 9     0.057     0.948     0.311
 9     0.455    -0.302     0.837
 2    75.561   -32.832    83.656
 2     0.958    -0.213    -0.190
 2     0.134     0.923    -0.360
 2     0.252     0.319     0.913
 3   127.354    -4.779     5.330
 3     0.614    -0.153    -0.775
 3     0.265     0.964     0.020
 3     0.744    -0.219     0.632
 4   106.140     7.271    -4.126
 4     0.492    -0.724     0.483
 4     0.811     0.583     0.048
 4    -0.317     0.367     0.874
 5   119.222    22.930    19.556
 5     0.730     0.084     0.678
 5     0.471    -0.781    -0.411
 5     0.495     0.619    -0.609
 6   143.690    30.234    30.899
 6     0.815    -0.324    -0.480
 6     0.044     0.861    -0.506
 6     0.577     0.391     0.716
 7   109.295   -21.878    -3.318
 7     0.373     0.912     0.171
 7    -0.928     0.368     0.063
 7    -0.005    -0.183     0.983
 8   124.956   -30.667    22.566
 8     0.823    -0.058     0.564
 8    -0.270    -0.914     0.301
 8     0.499    -0.400    -0.769
 9   149.142   -31.796    29.157
 9     0.914     0.077    -0.397
 9     0.058     0.946     0.318
 9     0.400    -0.314     0.861
 2    84.807   -32.093    74.363
 2     0.984    -0.039     0.174
 2     0.036     0.999     0.021
 2    -0.175    -0.014     0.984
 3   127.343    -4.729     5.292
 3     0.614    -0.157    -0.773
 3     0.271     0.962     0.020
 3     0.741    -0.222     0.634
 4   106.020     7.022    -4.194
 4     0.490    -0.720     0.492
 4     0.804     0.591     0.064
 4    -0.337     0.364     0.868
 5   119.688    23.196    18.860
 5     0.747     0.110     0.655
 5     0.482    -0.769    -0.420
 5     0.457     0.630    -0.628
 6   144.676    30.270    28.840
 6     0.845    -0.298    -0.445
 6     0.041     0.865    -0.500
 6     0.534     0.404     0.743
 7   109.078   -21.822    -3.382
 7     0.368     0.912     0.179
 7    -0.929     0.367     0.045
 7    -0.025    -0.183     0.983
 8   125.823   -31.025    21.740
 8     0.846    -0.083     0.526
 8    -0.280    -0.909     0.307
 8     0.453    -0.408    -0.793
 9   150.145   -32.067    26.802
 9     0.936     0.061    -0.348
 9     0.055     0.947     0.315
 9     0.348    -0.314     0.883
 2    86.985   -30.228    60.422
 2     0.876    -0.051     0.480
 2     0.038     0.998     0.035
 2    -0.481    -0.013     0.876
 3   127.231    -4.782     5.229
 3     0.616    -0.161    -0.771
 3     0.274     0.961     0.019
 3     0.738    -0.223     0.636
 4   105.689     6.719    -4.253
 4     0.487    -0.711     0.506
 4     0.795     0.601     0.080
 4    -0.361     0.364     0.858
 5   120.125    23.340    18.118
 5     0.762     0.131     0.634
 5     0.488    -0.759    -0.430
 5     0.425     0.637    -0.643
 6   145.255    30.525    27.440
 6     0.861    -0.282    -0.423
 6     0.045     0.871    -0.490
 6     0.506     0.402     0.762
 7   108.818   -21.787    -3.380
 7     0.365     0.912     0.188
 7    -0.930     0.366     0.029
 7    -0.042    -0.185     0.982
 8   126.569   -31.053    20.958
 8     0.867    -0.104     0.486
 8    -0.286    -0.904     0.317
 8     0.407    -0.414    -0.814
 9   151.053   -32.133    24.490
 9     0.953     0.045    -0.299
 9     0.053     0.948     0.312
 9     0.297    -0.314     0.902
 2    92.243   -22.974    53.962
 2     0.913    -0.125     0.387
 2     0.205     0.963    -0.173
 2    -0.352     0.237     0.905
 3   127.171    -4.810     5.141
 3     0.618    -0.163    -0.769
 3     0.278     0.960     0.020
 3     0.735    -0.227     0.638
 4   105.562     6.519    -4.417
 4     0.483    -0.706     0.518
 4     0.787     0.609     0.095
 4    -0.383     0.362     0.850
 5   120.478    23.583    17.362
 5     0.776     0.153     0.612
 5     0.497    -0.747    -0.443
 5     0.389     0.647    -0.656
 6   146.069    30.738    25.031
 6     0.887    -0.251    -0.388
 6     0.043     0.881    -0.471
 6     0.460     0.401     0.792
 7   108.666   -21.749    -3.441
 7     0.363     0.911     0.194
 7    -0.930     0.367     0.017
 7    -0.055    -0.187     0.981
 8   127.280   -31.261    19.960
 8     0.888    -0.124     0.441
 8    -0.289    -0.899     0.329
 8     0.356    -0.420    -0.835
 9   151.858   -32.505    22.054
 9     0.968     0.029    -0.248
 9     0.049     0.950     0.308
 9     0.244    -0.311     0.918
 2    95.918   -17.108    55.621
 2     0.943    -0.326     0.059
 2     0.330     0.914    -0.236
 2     0.022     0.242     0.970
 3   127.136    -4.862     4.976
 3     0.619    -0.166    -0.767
 3     0.283     0.958     0.021
 3     0.732    -0.231     0.640
 4   105.331     6.190    -4.576
 4     0.478    -0.700     0.531
 4     0.778     0.617     0.112
 4    -0.407     0.360     0.840
 5   120.914    23.845    16.472
 5     0.790     0.182     0.585
 5     0.505    -0.733    -0.455
 5     0.346     0.656    -0.671
 6   146.950    30.792    22.609
 6     0.912    -0.214    -0.350
 6     0.035     0.890    -0.454
 6     0.409     0.401     0.819
 7   108.549   -21.689    -3.559
 7     0.364     0.909     0.204
 7    -0.928     0.371     0.001
 7    -0.075    -0.191     0.979
 8   128.036   -31.368    18.944
 8     0.909    -0.142     0.391
 8    -0.288    -0.894     0.343
 8     0.301    -0.424    -0.854
 9   152.775   -32.219    19.375
 9     0.981     0.003    -0.193
 9     0.056     0.951     0.302
 9     0.185    -0.307     0.933
 2    96.875   -17.340    57.030
 2     0.952    -0.278    -0.125
 2     0.232     0.927    -0.294
 2     0.197     0.251     0.947
 3   127.081    -4.861     4.802
 3     0.618    -0.170    -0.767
 3     0.288     0.957     0.020
 3     0.731    -0.233     0.641
 4   105.121     5.935    -4.706
 4     0.474    -0.691     0.546
 4     0.767     0.628     0.129
 4    -0.432     0.358     0.828
 5   121.328    24.071    15.403
 5     0.807     0.214     0.550
 5     0.513    -0.716    -0.474
 5     0.293     0.664    -0.688
 6   147.710    30.445    19.410
 6     0.941    -0.161    -0.296
 6     0.016     0.899    -0.437
 6     0.336     0.407     0.849
 7   108.341   -21.653    -3.585
 7     0.361     0.908     0.213
 7    -0.928     0.372    -0.013
 7    -0.091    -0.193     0.977
 8   128.679   -31.446    17.930
 8     0.925    -0.155     0.345
 8    -0.283    -0.890     0.358
 8     0.252    -0.429    -0.867
 9   153.132   -32.541    16.754
 9     0.990    -0.013    -0.143
 9     0.055     0.953     0.297
 9     0.132    -0.302     0.944
 2    98.055   -17.286    57.160
 2     0.968    -0.240    -0.076
 2     0.225     0.961    -0.158
 2     0.110     0.136     0.984
 3   126.977    -4.986     4.629
 3     0.616    -0.175    -0.768
 3     0.293     0.956     0.017
 3     0.730    -0.236     0.640
 4   104.889     5.655    -4.811
 4     0.468    -0.685     0.558
 4     0.757     0.636     0.147
 4    -0.456     0.353     0.817
 5   121.636    24.281    14.414
 5     0.817     0.243     0.523
 5     0.521    -0.700    -0.489
 5     0.247     0.671    -0.699
 6   148.178    30.274    17.098
 6     0.958    -0.127    -0.258
 6     0.005     0.906    -0.424
 6     0.287     0.404     0.868
 7   108.140   -21.615    -3.697
 7     0.359     0.907     0.219
 7    -0.928     0.373    -0.024
 7    -0.104    -0.195     0.975
 8   129.175   -31.698    17.038
 8     0.933    -0.176     0.313
 8    -0.289    -0.886     0.363
 8     0.213    -0.429    -0.877
 9   153.604   -32.705    14.517
 9     0.995    -0.026    -0.098
 9     0.053     0.956     0.288
 9     0.086    -0.292     0.952
 2    98.738   -17.705    58.475
 2     0.934    -0.317    -0.161
 2     0.281     0.936    -0.209
 2     0.217     0.150     0.964
 3   126.955    -4.983     4.447
 3     0.613    -0.180    -0.769
 3     0.299     0.954     0.015
 3     0.731    -0.240     0.639
 4   104.643     5.305    -4.957
 4     0.463    -0.681     0.568
 4     0.748     0.643     0.161
 4    -0.475     0.350     0.807
 5   121.765    24.374    13.499
 5     0.821     0.272     0.501
 5     0.531    -0.687    -0.496
 5     0.209     0.673    -0.709
 6   148.367    30.342    15.010
 6     0.969    -0.106    -0.224
 6     0.005     0.913    -0.408
 6     0.247     0.394     0.885
 7   107.930   -21.606    -3.715
 7     0.354     0.906     0.231
 7    -0.927     0.372    -0.039
 7    -0.122    -0.201     0.972
 8   129.651   -31.956    15.945
 8     0.942    -0.199     0.270
