% Calibrated with leiden_pols
% Positions are in centimeters
Data =[
 2    98.007   -18.718    59.943
 2     0.999     0.038    -0.010
 2    -0.038     0.999     0.030
 2     0.011    -0.030     0.999
 3   129.208    -4.674     5.106
 3     0.611    -0.105    -0.784
 3     0.234     0.971     0.052
 3     0.756    -0.215     0.618
 4   109.206     9.151    -3.913
 4     0.556    -0.712     0.428
 4     0.808     0.583    -0.079
 4    -0.194     0.390     0.900
 5   112.481    19.675    22.596
 5     0.275    -0.318     0.907
 5     0.259    -0.884    -0.388
 5     0.925     0.342    -0.161
 6   126.019    24.003    49.079
 6     0.156    -0.266    -0.951
 6     0.048     0.964    -0.262
 6     0.986    -0.005     0.164
 7   110.708   -21.816    -3.132
 7     0.425     0.885     0.191
 7    -0.905     0.408     0.123
 7     0.031    -0.225     0.974
 8   114.148   -28.835    25.225
 8     0.361     0.333     0.871
 8    -0.128    -0.907     0.400
 8     0.924    -0.256    -0.285
 9   129.373   -26.561    48.317
 9     0.419    -0.112    -0.901
 9     0.085     0.993    -0.084
 9     0.904    -0.042     0.425
 2    98.007   -18.692    59.918
 2     0.999     0.038    -0.010
 2    -0.038     0.999     0.030
 2     0.011    -0.030     0.999
 3   129.212    -4.673     5.101
 3     0.610    -0.105    -0.786
 3     0.234     0.971     0.052
 3     0.757    -0.215     0.616
 4   109.206     9.152    -3.912
 4     0.555    -0.713     0.428
 4     0.808     0.583    -0.078
 4    -0.194     0.389     0.900
 5   112.487    19.678    22.588
 5     0.275    -0.317     0.908
 5     0.260    -0.885    -0.387
 5     0.926     0.342    -0.161
 6   125.970    24.004    49.080
 6     0.156    -0.266    -0.951
 6     0.049     0.964    -0.262
 6     0.986    -0.006     0.164
 7   110.755   -21.817    -3.129
 7     0.426     0.884     0.190
 7    -0.904     0.409     0.122
 7     0.030    -0.224     0.974
 8   114.148   -28.785    25.251
 8     0.360     0.333     0.871
 8    -0.128    -0.907     0.400
 8     0.924    -0.256    -0.285
 9   129.373   -26.560    48.318
 9     0.418    -0.112    -0.901
 9     0.087     0.992    -0.083
 9     0.904    -0.044     0.424
 2    98.007   -18.692    59.943
 2     0.999     0.038    -0.010
 2    -0.038     0.999     0.030
 2     0.011    -0.030     0.999
 3   129.265    -4.722     5.097
 3     0.608    -0.105    -0.787
 3     0.234     0.971     0.051
 3     0.758    -0.215     0.615
 4   109.306     9.152    -3.912
 4     0.555    -0.713     0.427
 4     0.809     0.583    -0.078
 4    -0.194     0.389     0.901
 5   112.487    19.678    22.588
 5     0.274    -0.317     0.908
 5     0.259    -0.885    -0.387
 5     0.926     0.342    -0.161
 6   125.970    24.004    49.080
 6     0.156    -0.267    -0.951
 6     0.049     0.964    -0.262
 6     0.986    -0.006     0.164
 7   110.807   -21.816    -3.133
 7     0.426     0.884     0.188
 7    -0.904     0.410     0.122
 7     0.031    -0.223     0.974
 8   114.173   -28.835    25.251
 8     0.360     0.332     0.871
 8    -0.128    -0.908     0.399
 8     0.924    -0.255    -0.284
 9   129.348   -26.559    48.369
 9     0.417    -0.112    -0.902
 9     0.088     0.992    -0.083
 9     0.904    -0.045     0.424
 2    97.957   -18.718    59.943
 2     0.999     0.038    -0.011
 2    -0.038     0.999     0.030
 2     0.011    -0.030     0.999
 3   129.277    -4.718     5.134
 3     0.604    -0.105    -0.790
 3     0.234     0.971     0.050
 3     0.761    -0.216     0.611
 4   109.334     9.153    -3.914
 4     0.555    -0.714     0.425
 4     0.809     0.583    -0.078
 4    -0.193     0.387     0.901
 5   112.487    19.628    22.588
 5     0.273    -0.316     0.908
 5     0.260    -0.885    -0.386
 5     0.926     0.341    -0.160
 6   126.018    24.005    49.079
 6     0.156    -0.268    -0.951
 6     0.049     0.963    -0.264
 6     0.986    -0.005     0.163
 7   110.883   -21.866    -3.187
 7     0.426     0.885     0.186
 7    -0.904     0.410     0.122
 7     0.032    -0.221     0.975
 8   114.194   -28.837    25.219
 8     0.349     0.335     0.875
 8    -0.130    -0.907     0.400
 8     0.928    -0.254    -0.273
 9   129.348   -26.581    48.421
 9     0.416    -0.112    -0.902
 9     0.092     0.992    -0.080
 9     0.904    -0.049     0.423
 2    98.007   -18.692    59.943
 2     0.999     0.038    -0.011
 2    -0.038     0.999     0.030
 2     0.011    -0.030     0.999
 3   129.422    -4.763     5.163
 3     0.599    -0.100    -0.794
 3     0.233     0.971     0.053
 3     0.766    -0.218     0.605
 4   109.573     9.106    -3.927
 4     0.560    -0.713     0.422
 4     0.806     0.585    -0.082
 4    -0.188     0.386     0.903
 5   112.547    19.743    22.336
 5     0.256    -0.310     0.915
 5     0.270    -0.887    -0.375
 5     0.928     0.343    -0.143
 6   125.969    24.013    48.982
 6     0.153    -0.275    -0.949
 6     0.054     0.961    -0.270
 6     0.986    -0.010     0.162
 7   111.015   -21.812    -3.150
 7     0.426     0.886     0.181
 7    -0.904     0.409     0.125
 7     0.036    -0.217     0.975
 8   114.232   -28.904    24.953
 8     0.319     0.342     0.883
 8    -0.143    -0.904     0.402
 8     0.936    -0.255    -0.240
 9   129.350   -26.580    48.423
 9     0.417    -0.110    -0.902
 9     0.094     0.992    -0.078
 9     0.904    -0.053     0.424
 2    98.007   -18.692    59.918
 2     0.999     0.038    -0.010
 2    -0.038     0.999     0.030
 2     0.011    -0.030     0.999
 3   129.624    -4.702     5.260
 3     0.589    -0.097    -0.802
 3     0.234     0.970     0.055
 3     0.773    -0.221     0.594
 4   109.877     9.157    -3.978
 4     0.564    -0.712     0.418
 4     0.804     0.588    -0.083
 4    -0.187     0.383     0.904
 5   112.565    19.885    22.112
 5     0.233    -0.316     0.919
 5     0.280    -0.884    -0.375
 5     0.931     0.344    -0.118
 6   125.859    24.102    48.968
 6     0.150    -0.278    -0.949
 6     0.059     0.960    -0.272
 6     0.987    -0.015     0.160
 7   111.297   -21.858    -3.167
 7     0.427     0.887     0.174
 7    -0.903     0.410     0.127
 7     0.041    -0.211     0.976
 8   114.469   -29.039    24.930
 8     0.309     0.349     0.885
 8    -0.149    -0.901     0.407
 8     0.939    -0.258    -0.227
 9   129.422   -26.680    48.434
 9     0.417    -0.108    -0.902
 9     0.099     0.992    -0.073
 9     0.903    -0.060     0.424
 2    98.007   -18.692    59.918
 2     0.999     0.038    -0.010
 2    -0.038     0.999     0.030
 2     0.011    -0.030     0.999
 3   129.766    -4.874     5.191
 3     0.583    -0.092    -0.807
 3     0.234     0.970     0.059
 3     0.777    -0.223     0.587
 4   110.112     9.109    -4.035
 4     0.566    -0.714     0.413
 4     0.804     0.589    -0.084
 4    -0.184     0.379     0.907
 5   112.565    19.963    22.071
 5     0.228    -0.318     0.920
 5     0.283    -0.883    -0.375
 5     0.931     0.346    -0.111
 6   125.825    24.150    48.995
 6     0.146    -0.279    -0.949
 6     0.053     0.960    -0.274
 6     0.988    -0.011     0.155
 7   111.382   -21.956    -3.081
 7     0.426     0.888     0.169
 7    -0.903     0.409     0.130
 7     0.046    -0.208     0.977
 8   114.404   -29.094    24.863
 8     0.301     0.350     0.887
 8    -0.152    -0.901     0.407
 8     0.941    -0.257    -0.218
 9   129.421   -26.804    48.498
 9     0.417    -0.094    -0.904
 9     0.107     0.993    -0.054
 9     0.902    -0.074     0.424
 2    98.007   -18.718    59.918
 2     0.999     0.038    -0.010
 2    -0.038     0.999     0.030
 2     0.011    -0.030     0.999
 3   129.882    -4.869     5.224
 3     0.579    -0.090    -0.810
 3     0.234     0.970     0.060
 3     0.781    -0.225     0.583
 4   110.240     9.109    -4.037
 4     0.568    -0.714     0.410
 4     0.803     0.590    -0.084
 4    -0.183     0.377     0.908
 5   112.344    20.301    21.716
 5     0.208    -0.329     0.921
 5     0.297    -0.876    -0.380
 5     0.932     0.353    -0.084
 6   125.352    24.272    48.817
 6     0.130    -0.272    -0.953
 6     0.037     0.962    -0.269
 6     0.991    -0.001     0.135
 7   111.439   -22.004    -3.140
 7     0.425     0.889     0.168
 7    -0.904     0.407     0.132
 7     0.049    -0.208     0.977
 8   114.089   -29.187    24.711
 8     0.277     0.345     0.896
 8    -0.162    -0.903     0.398
 8     0.947    -0.256    -0.195
 9   128.713   -26.970    48.665
 9     0.405    -0.074    -0.911
 9     0.108     0.993    -0.033
 9     0.908    -0.086     0.410
 2    98.007   -18.692    59.943
 2     0.999     0.038    -0.011
 2    -0.038     0.999     0.030
 2     0.011    -0.030     0.999
 3   130.024    -4.812     5.258
 3     0.573    -0.085    -0.815
 3     0.234     0.970     0.063
 3     0.785    -0.228     0.575
 4   110.649     9.161    -4.268
 4     0.573    -0.713     0.405
 4     0.799     0.595    -0.085
 4    -0.181     0.372     0.910
 5   111.870    21.017    20.904
 5     0.171    -0.391     0.904
 5     0.311    -0.850    -0.426
 5     0.935     0.354    -0.024
 6   123.958    24.383    48.691
 6     0.088    -0.237    -0.967
 6     0.002     0.971    -0.238
 6     0.996     0.019     0.086
 7   111.621   -21.901    -3.203
 7     0.422     0.892     0.164
 7    -0.905     0.403     0.134
 7     0.053    -0.205     0.977
 8   113.511   -29.080    24.510
 8     0.244     0.349     0.905
 8    -0.168    -0.904     0.393
 8     0.955    -0.248    -0.162
 9   127.557   -27.180    48.863
 9     0.380    -0.057    -0.923
 9     0.104     0.994    -0.018
 9     0.919    -0.089     0.384
 2    97.957   -18.718    59.917
 2     0.999     0.038    -0.011
 2    -0.038     0.999     0.030
 2     0.011    -0.029     0.999
 3   130.362    -4.851     5.242
 3     0.561    -0.075    -0.824
 3     0.232     0.970     0.070
 3     0.794    -0.231     0.562
 4   111.610     9.348    -4.725
 4     0.584    -0.714     0.385
 4     0.793     0.602    -0.088
 4    -0.169     0.357     0.918
 5   111.254    22.141    20.059
 5     0.121    -0.431     0.894
 5     0.336    -0.830    -0.445
 5     0.934     0.354     0.044
 6   122.184    24.724    48.467
 6     0.036    -0.229    -0.973
 6    -0.023     0.973    -0.230
 6     0.999     0.031     0.029
 7   112.259   -21.720    -3.405
 7     0.414     0.898     0.149
 7    -0.908     0.397     0.134
 7     0.061    -0.191     0.980
 8   112.824   -29.017    24.110
 8     0.195     0.348     0.917
 8    -0.176    -0.907     0.382
 8     0.965    -0.235    -0.116
 9   125.924   -27.503    49.260
 9     0.337    -0.033    -0.941
 9     0.097     0.995    -0.001
 9     0.936    -0.091     0.338
 2    98.007   -18.718    59.918
 2     0.999     0.038    -0.010
 2    -0.038     0.999     0.030
 2     0.011    -0.030     0.999
 3   130.955    -4.599     5.668
 3     0.538    -0.069    -0.840
 3     0.230     0.970     0.068
 3     0.811    -0.230     0.538
 4   112.773     9.546    -5.107
 4     0.593    -0.724     0.351
 4     0.791     0.604    -0.092
 4    -0.146     0.333     0.931
 5   110.594    23.084    19.220
 5     0.057    -0.474     0.879
 5     0.360    -0.811    -0.461
 5     0.931     0.342     0.123
 6   120.010    24.697    48.150
 6    -0.009    -0.225    -0.974
 6    -0.043     0.973    -0.225
 6     0.999     0.040    -0.019
 7   113.278   -21.608    -3.683
 7     0.412     0.902     0.121
 7    -0.908     0.396     0.136
 7     0.075    -0.167     0.983
 8   112.101   -29.167    23.468
 8     0.125     0.342     0.931
 8    -0.191    -0.913     0.361
 8     0.973    -0.223    -0.049
 9   123.799   -28.121    49.325
 9     0.276    -0.006    -0.961
 9     0.079     0.997     0.017
 9     0.958    -0.081     0.275
 2    98.007   -18.718    59.943
 2     0.999     0.038    -0.010
 2    -0.038     0.999     0.030
 2     0.011    -0.030     0.999
 3   131.676    -4.352     5.681
 3     0.519    -0.076    -0.852
 3     0.229     0.972     0.053
 3     0.823    -0.223     0.521
 4   113.759     9.751    -5.168
 4     0.587    -0.743     0.321
 4     0.800     0.592    -0.093
 4    -0.121     0.311     0.942
 5   109.466    23.615    18.553
 5    -0.009    -0.481     0.877
 5     0.384    -0.811    -0.441
 5     0.923     0.333     0.192
 6   117.221    24.931    48.020
 6    -0.059    -0.234    -0.970
 6    -0.056     0.971    -0.231
 6     0.996     0.040    -0.070
 7   114.493   -21.340    -3.861
 7     0.420     0.903     0.091
 7    -0.903     0.406     0.139
 7     0.088    -0.141     0.986
 8   111.157   -29.703    22.569
 8     0.041     0.356     0.933
 8    -0.214    -0.910     0.356
 8     0.976    -0.214     0.038
 9   121.111   -29.054    49.308
 9     0.193     0.006    -0.981
 9     0.058     0.998     0.017
 9     0.979    -0.061     0.192
 2    98.007   -18.692    59.943
 2     0.999     0.038    -0.010
 2    -0.038     0.999     0.030
 2     0.011    -0.030     0.999
 3   132.302    -4.130     5.966
 3     0.500    -0.082    -0.862
 3     0.226     0.973     0.038
 3     0.836    -0.214     0.505
 4   114.468    10.060    -5.366
 4     0.575    -0.763     0.294
 4     0.812     0.574    -0.099
 4    -0.094     0.296     0.950
 5   107.889    24.186    17.633
 5    -0.093    -0.480     0.872
 5     0.407    -0.818    -0.407
 5     0.908     0.317     0.271
 6   113.535    25.190    47.595
 6    -0.120    -0.256    -0.959
 6    -0.073     0.966    -0.249
 6     0.990     0.040    -0.134
 7   115.424   -21.157    -4.117
 7     0.419     0.905     0.070
 7    -0.903     0.408     0.137
 7     0.095    -0.121     0.988
 8   110.023   -30.129    21.535
 8    -0.040     0.371     0.927
 8    -0.235    -0.906     0.352
 8     0.971    -0.205     0.123
 9   118.304   -29.746    48.677
 9     0.111     0.003    -0.994
 9     0.041     0.999     0.008
 9     0.993    -0.042     0.111
 2    98.007   -18.718    59.943
 2     0.999     0.038    -0.010
 2    -0.038     0.999     0.030
 2     0.011    -0.030     0.999
 3   132.821    -3.786     6.131
 3     0.484    -0.088    -0.871
 3     0.220     0.975     0.024
 3     0.847    -0.203     0.491
 4   115.147    10.342    -5.299
 4     0.558    -0.786     0.266
 4     0.826     0.554    -0.099
 4    -0.070     0.275     0.959
 5   105.876    24.115    16.473
 5    -0.182    -0.453     0.872
 5     0.426    -0.836    -0.345
 5     0.886     0.309     0.345
 6   109.875    24.609    46.835
 6    -0.170    -0.279    -0.945
 6    -0.109     0.958    -0.264
 6     0.979     0.058    -0.193
 7   116.260   -20.971    -4.328
 7     0.422     0.905     0.051
 7    -0.901     0.412     0.138
 7     0.104    -0.104     0.989
 8   109.059   -30.655    20.691
 8    -0.116     0.397     0.910
 8    -0.250    -0.899     0.360
 8     0.961    -0.185     0.203
 9   115.722   -30.073    48.064
 9     0.033    -0.015    -0.999
 9     0.037     0.999    -0.014
 9     0.999    -0.037     0.033
 2    97.957   -18.692    59.918
 2     0.999     0.038    -0.010
 2    -0.038     0.999     0.030
 2     0.011    -0.030     0.999
 3   133.213    -3.465     6.302
 3     0.467    -0.097    -0.879
 3     0.219     0.975     0.009
 3     0.857    -0.197     0.476
 4   115.578    10.543    -5.365
 4     0.532    -0.811     0.244
 4     0.844     0.527    -0.092
 4    -0.054     0.255     0.965
 5   104.253    23.684    15.512
 5    -0.265    -0.415     0.870
 5     0.438    -0.856    -0.275
 5     0.859     0.308     0.408
 6   106.657    24.849    45.815
 6    -0.204    -0.341    -0.917
 6    -0.105     0.939    -0.326
 6     0.973     0.030    -0.228
 7   117.204   -20.857    -4.600
 7     0.426     0.904     0.031
 7    -0.897     0.418     0.143
 7     0.116    -0.089     0.989
 8   108.387   -30.792    19.761
 8    -0.185     0.419     0.889
 8    -0.255    -0.894     0.369
 8     0.949    -0.158     0.272
 9   112.911   -30.084    47.777
 9    -0.039    -0.021    -0.999
 9     0.038     0.999    -0.023
 9     0.998    -0.040    -0.038
 2    98.007   -18.692    59.943
 2     0.999     0.038    -0.010
 2    -0.038     0.999     0.030
 2     0.011    -0.030     0.999
 3   133.717    -3.148     6.336
 3     0.453    -0.105    -0.885
 3     0.218     0.976    -0.005
 3     0.864    -0.191     0.464
 4   116.263    10.564    -5.455
 4     0.513    -0.829     0.222
 4     0.857     0.506    -0.091
 4    -0.038     0.237     0.971
 5   103.037    23.246    14.066
 5    -0.342    -0.396     0.852
 5     0.442    -0.868    -0.225
 5     0.829     0.300     0.472
 6   103.630    24.805    44.436
 6    -0.236    -0.399    -0.886
 6    -0.107     0.917    -0.385
 6     0.966     0.003    -0.259
 7   118.047   -20.722    -4.717
 7     0.421     0.907     0.008
 7    -0.898     0.415     0.145
 7     0.128    -0.068     0.989
 8   107.519   -30.733    19.008
 8    -0.254     0.415     0.874
 8    -0.259    -0.900     0.352
 8     0.932    -0.137     0.335
 9   110.409   -30.247    47.208
 9    -0.100     0.006    -0.995
 9     0.033     0.999     0.003
 9     0.994    -0.033    -0.100
 2    98.007   -18.692    59.918
 2     0.999     0.038    -0.010
 2    -0.038     0.999     0.030
 2     0.011    -0.030     0.999
 3   134.269    -3.026     6.627
 3     0.433    -0.108    -0.895
 3     0.218     0.976    -0.012
 3     0.875    -0.190     0.446
 4   116.951    10.580    -5.640
 4     0.485    -0.852     0.195
 4     0.873     0.481    -0.073
 4    -0.032     0.205     0.978
 5   102.074    22.729    12.756
 5    -0.422    -0.386     0.820
 5     0.434    -0.880    -0.191
 5     0.796     0.275     0.539
 6   103.340    24.846    44.240
 6    -0.250    -0.472    -0.845
 6    -0.113     0.881    -0.459
 6     0.961    -0.019    -0.274
 7   119.119   -20.712    -4.895
 7     0.414     0.910    -0.020
 7    -0.899     0.412     0.148
 7     0.143    -0.043     0.989
 8   107.025   -30.696    18.217
 8    -0.313     0.395     0.864
 8    -0.262    -0.910     0.321
 8     0.913    -0.126     0.388
 9   108.492   -30.436    46.554
 9    -0.147     0.042    -0.988
 9     0.028     0.999     0.038
 9     0.988    -0.022    -0.149
 2    98.007   -18.692    59.943
 2     0.999     0.038    -0.011
 2    -0.038     0.999     0.030
 2     0.011    -0.030     0.999
 3   134.675    -2.832     6.812
 3     0.415    -0.119    -0.902
 3     0.221     0.975    -0.026
 3     0.882    -0.189     0.431
 4   117.504    10.358    -5.765
 4     0.471    -0.863     0.181
 4     0.881     0.468    -0.063
 4    -0.031     0.189     0.981
 5   102.096    22.469    11.878
 5    -0.457    -0.377     0.806
 5     0.452    -0.878    -0.156
 5     0.766     0.293     0.571
 6   102.623    25.816    42.914
 6    -0.254    -0.564    -0.785
 6    -0.071     0.821    -0.567
 6     0.964    -0.089    -0.248
 7   119.985   -20.654    -4.983
 7     0.409     0.911    -0.043
 7    -0.899     0.411     0.149
 7     0.154    -0.023     0.988
 8   106.695   -30.412    17.704
 8    -0.358     0.378     0.854
 8    -0.255    -0.919     0.300
 8     0.898    -0.111     0.425
 9   107.204   -30.042    46.046
 9    -0.180     0.101    -0.978
 9     0.040     0.994     0.096
 9     0.983    -0.022    -0.183
 2    98.007   -18.692    59.918
 2     0.999     0.038    -0.010
 2    -0.038     0.999     0.030
 2     0.011    -0.030     0.999
 3   135.200    -2.871     6.935
 3     0.405    -0.119    -0.907
 3     0.222     0.974    -0.028
 3     0.887    -0.190     0.421
 4   118.227    10.282    -5.984
 4     0.470    -0.865     0.173
 4     0.882     0.468    -0.056
 4    -0.033     0.179     0.983
 5   102.387    22.448    11.206
 5    -0.477    -0.372     0.796
 5     0.465    -0.875    -0.131
 5     0.745     0.308     0.591
 6   102.028    26.227    42.339
 6    -0.324    -0.514    -0.794
 6    -0.078     0.851    -0.520
 6     0.943    -0.107    -0.316
 7   120.593   -20.798    -4.984
 7     0.396     0.916    -0.064
 7    -0.902     0.401     0.159
 7     0.171    -0.006     0.985
 8   106.257   -29.950    17.410
 8    -0.398     0.366     0.841
 8    -0.234    -0.927     0.293
 8     0.887    -0.081     0.454
 9   105.584   -29.103    45.686
 9    -0.220     0.106    -0.970
 9     0.055     0.994     0.096
 9     0.974    -0.033    -0.224
 2    97.957   -18.692    59.918
 2     0.999     0.038    -0.010
 2    -0.038     0.999     0.030
 2     0.011    -0.030     0.999
 3   135.473    -2.912     7.116
 3     0.394    -0.116    -0.912
 3     0.224     0.974    -0.027
 3     0.891    -0.194     0.410
 4   118.757     9.955    -6.156
 4     0.466    -0.870     0.160
 4     0.884     0.464    -0.047
 4    -0.033     0.163     0.986
 5   102.025    21.727    10.577
 5    -0.514    -0.359     0.779
 5     0.448    -0.887    -0.114
 5     0.731     0.290     0.617
 6   100.514    24.624    41.995
 6    -0.377    -0.444    -0.813
 6    -0.105     0.892    -0.439
 6     0.920    -0.081    -0.383
 7   121.091   -20.868    -4.999
 7     0.386     0.918    -0.084
 7    -0.904     0.395     0.164
 7     0.184     0.012     0.983
 8   105.717   -29.791    16.753
 8    -0.444     0.353     0.824
 8    -0.223    -0.934     0.279
 8     0.868    -0.060     0.493
 9   103.804   -28.794    44.894
 9    -0.266     0.121    -0.956
 9     0.063     0.992     0.108
 9     0.962    -0.032    -0.271
 2    97.957   -18.692    59.918
 2     0.999     0.038    -0.010
 2    -0.038     0.999     0.030
 2     0.011    -0.030     0.999
 3   135.707    -2.906     7.255
 3     0.388    -0.120    -0.914
 3     0.226     0.973    -0.033
 3     0.893    -0.194     0.405
 4   118.776     9.887    -6.255
 4     0.438    -0.887     0.148
 4     0.898     0.438    -0.036
 4    -0.033     0.148     0.988
 5   101.152    21.122     9.817
 5    -0.550    -0.339     0.763
 5     0.444    -0.893    -0.077
 5     0.707     0.296     0.641
 6    98.937    24.239    40.984
 6    -0.405    -0.422    -0.811
 6    -0.101     0.902    -0.419
 6     0.909    -0.088    -0.408
 7   121.580   -20.987    -5.209
 7     0.385     0.917    -0.099
 7    -0.902     0.397     0.167
 7     0.193     0.025     0.981
 8   105.137   -29.922    15.740
 8    -0.490     0.344     0.801
 8    -0.229    -0.937     0.263
 8     0.841    -0.054     0.538
 9   101.653   -29.170    43.803
 9    -0.320     0.137    -0.937
 9     0.057     0.990     0.125
 9     0.946    -0.014    -0.325
 2    98.007   -18.692    59.943
 2     0.999     0.038    -0.010
 2    -0.038     0.999     0.030
 2     0.011    -0.030     0.999
 3   135.769    -2.746     7.234
 3     0.381    -0.132    -0.915
 3     0.229     0.972    -0.045
 3     0.896    -0.192     0.400
 4   118.889     9.797    -6.323
 4     0.419    -0.898     0.134
 4     0.907     0.419    -0.034
 4    -0.026     0.136     0.990
 5   100.488    20.864     8.927
 5    -0.584    -0.332     0.740
 5     0.448    -0.893    -0.047
 5     0.676     0.304     0.670
 6    96.932    24.405    39.764
 6    -0.446    -0.399    -0.801
 6    -0.085     0.910    -0.406
 6     0.891    -0.113    -0.439
 7   122.089   -20.910    -5.258
 7     0.375     0.919    -0.118
 7    -0.905     0.391     0.167
 7     0.200     0.044     0.979
 8   104.284   -29.735    14.522
 8    -0.545     0.325     0.773
 8    -0.235    -0.944     0.231
 8     0.804    -0.056     0.591
 9    97.570   -28.434    39.970
 9    -0.375     0.160    -0.913
 9     0.052     0.987     0.152
 9     0.925     0.010    -0.379
 2    97.957   -18.692    59.918
 2     0.999     0.038    -0.010
 2    -0.038     0.999     0.030
 2     0.011    -0.030     0.999
 3   135.965    -2.712     7.233
 3     0.372    -0.134    -0.918
 3     0.227     0.972    -0.050
 3     0.900    -0.190     0.392
 4   119.274     9.866    -6.357
 4     0.402    -0.909     0.108
 4     0.915     0.401    -0.036
 4    -0.011     0.113     0.993
 5    99.935    20.426     7.831
 5    -0.628    -0.323     0.708
 5     0.441    -0.897    -0.018
 5     0.640     0.301     0.706
 6    94.899    24.086    38.352
 6    -0.491    -0.385    -0.781
 6    -0.086     0.914    -0.397
 6     0.866    -0.128    -0.482
 7   122.517   -20.788    -5.425
 7     0.357     0.923    -0.139
 7    -0.911     0.377     0.165
 7     0.205     0.067     0.976
 8   103.575   -29.513    13.182
 8    -0.594     0.300     0.746
 8    -0.241    -0.952     0.191
 8     0.767    -0.066     0.637
 9    95.464   -28.649    38.216
 9    -0.421     0.188    -0.887
 9     0.044     0.981     0.188
 9     0.906     0.040    -0.422
 2    98.007   -18.692    59.943
 2     0.999     0.038    -0.010
 2    -0.038     0.999     0.030
 2     0.011    -0.030     0.999
 3   136.167    -2.727     7.300
 3     0.360    -0.136    -0.923
 3     0.224     0.973    -0.056
 3     0.905    -0.187     0.381
 4   119.748     9.830    -6.453
 4     0.385    -0.919     0.082
 4     0.923     0.383    -0.034
 4    -0.001     0.088     0.996
 5    99.511    19.836     6.859
 5    -0.672    -0.313     0.671
 5     0.428    -0.904     0.007
 5     0.604     0.292     0.741
 6    92.946    23.318    36.892
 6    -0.538    -0.369    -0.757
 6    -0.092     0.919    -0.382
 6     0.837    -0.136    -0.529
 7   123.369   -20.637    -5.473
 7     0.345     0.923    -0.169
 7    -0.914     0.371     0.161
 7     0.211     0.099     0.972
 8   103.347   -29.568    11.808
 8    -0.643     0.292     0.708
 8    -0.254    -0.953     0.163
 8     0.722    -0.075     0.687
 9    93.418   -29.377    36.288
 9    -0.476     0.196    -0.857
 9     0.029     0.978     0.207
 9     0.879     0.073    -0.471
 2    98.007   -18.692    59.943
 2     0.999     0.037    -0.010
 2    -0.037     0.999     0.030
 2     0.011    -0.030     0.999
 3   136.424    -2.635     7.691
 3     0.344    -0.143    -0.928
 3     0.226     0.972    -0.066
 3     0.911    -0.187     0.366
 4   120.369     9.588    -6.513
 4     0.370    -0.927     0.052
 4     0.929     0.369    -0.027
 4     0.006     0.058     0.998
 5    99.337    19.246     5.782
 5    -0.710    -0.304     0.635
 5     0.418    -0.907     0.034
 5     0.566     0.290     0.772
 6    91.591    22.658    35.336
 6    -0.574    -0.363    -0.734
 6    -0.098     0.920    -0.379
 6     0.813    -0.146    -0.563
 7   124.297   -20.635    -5.481
 7     0.336     0.918    -0.208
 7    -0.916     0.370     0.155
 7     0.219     0.137     0.966
 8   103.255   -29.730    10.296
 8    -0.693     0.289     0.661
 8    -0.266    -0.954     0.139
 8     0.670    -0.080     0.737
 9    91.645   -30.080    34.026
 9    -0.531     0.196    -0.824
 9     0.016     0.975     0.222
 9     0.847     0.105    -0.521
 2    98.007   -18.692    59.918
 2     0.999     0.038    -0.010
 2    -0.038     0.999     0.030
 2     0.011    -0.030     0.999
 3   136.715    -2.564     7.975
 3     0.322    -0.146    -0.935
 3     0.229     0.970    -0.073
 3     0.918    -0.191     0.346
 4   121.244     9.650    -6.422
 4     0.359    -0.933     0.020
 4     0.933     0.358    -0.023
 4     0.014     0.026     0.999
 5    99.647    19.086     4.854
 5    -0.741    -0.307     0.597
 5     0.414    -0.909     0.046
 5     0.528     0.281     0.801
 6    90.614    22.620    33.796
 6    -0.615    -0.339    -0.711
 6    -0.094     0.927    -0.361
 6     0.782    -0.156    -0.603
 7   125.228   -20.558    -5.409
 7     0.325     0.916    -0.236
 7    -0.918     0.366     0.154
 7     0.227     0.167     0.959
 8   103.369   -29.599     9.347
 8    -0.727     0.276     0.628
 8    -0.265    -0.957     0.115
 8     0.633    -0.083     0.769
 9    90.655   -30.027    32.609
 9    -0.570     0.204    -0.796
 9     0.015     0.971     0.238
 9     0.822     0.123    -0.556
 2    98.007   -18.692    59.943
 2     0.999     0.038    -0.010
 2    -0.038     0.999     0.030
 2     0.011    -0.030     0.999
 3   137.259    -2.596     8.232
 3     0.303    -0.143    -0.942
 3     0.228     0.971    -0.074
 3     0.925    -0.193     0.327
 4   122.144     9.657    -6.431
 4     0.359    -0.933    -0.007
 4     0.933     0.359    -0.020
 4     0.021     0.001     1.000
 5   100.117    19.180     4.039
 5    -0.763    -0.319     0.562
 5     0.420    -0.906     0.056
 5     0.491     0.279     0.825
 6    89.877    23.275    32.197
 6    -0.659    -0.296    -0.691
 6    -0.069     0.939    -0.336
 6     0.749    -0.174    -0.640
 7   125.957   -20.407    -5.350
 7     0.314     0.914    -0.258
 7    -0.921     0.359     0.153
 7     0.232     0.189     0.954
 8   103.564   -29.363     8.314
 8    -0.758     0.264     0.596
 8    -0.265    -0.960     0.089
 8     0.596    -0.090     0.798
 9    89.634   -30.075    30.982
 9    -0.602     0.220    -0.768
 9     0.013     0.964     0.266
 9     0.799     0.150    -0.583
 2    98.007   -18.692    59.918
 2     0.999     0.038    -0.010
 2    -0.038     0.999     0.030
 2     0.011    -0.030     0.999
 3   137.542    -2.480     8.654
 3     0.289    -0.142    -0.947
 3     0.228     0.970    -0.076
 3     0.930    -0.194     0.312
 4   123.031     9.609    -6.525
 4     0.358    -0.933    -0.033
 4     0.933     0.359    -0.011
 4     0.022    -0.027     0.999
 5   100.457    19.146     3.099
 5    -0.786    -0.324     0.526
 5     0.422    -0.904     0.073
 5     0.452     0.279     0.847
 6    88.925    23.673    30.443
 6    -0.699    -0.281    -0.658
 6    -0.052     0.937    -0.345
 6     0.713    -0.207    -0.670
 7   126.735   -20.164    -5.469
 7     0.299     0.910    -0.286
 7    -0.927     0.349     0.141
 7     0.228     0.222     0.948
 8   103.568   -29.017     6.841
 8    -0.798     0.249     0.548
 8    -0.265    -0.963     0.051
 8     0.541    -0.104     0.834
 9    87.898   -30.193    28.502
 9    -0.649     0.220    -0.728
 9     0.003     0.958     0.286
 9     0.760     0.183    -0.623
 2    98.007   -18.718    59.943
 2     0.999     0.039    -0.011
 2    -0.038     0.999     0.030
 2     0.011    -0.030     0.999
 3   137.984    -2.387     8.788
 3     0.270    -0.134    -0.953
 3     0.225     0.971    -0.073
 3     0.936    -0.195     0.293
 4   123.830     9.567    -6.432
 4     0.353    -0.933    -0.062
 4     0.935     0.354    -0.008
 4     0.029    -0.055     0.998
 5   100.772    18.919     2.390
 5    -0.808    -0.323     0.492
 5     0.411    -0.908     0.079
 5     0.422     0.266     0.866
 6    88.224    23.248    29.063
 6    -0.729    -0.268    -0.630
 6    -0.058     0.941    -0.334
 6     0.682    -0.207    -0.701
 7   127.416   -20.049    -5.412
 7     0.282     0.907    -0.313
 7    -0.932     0.336     0.132
 7     0.225     0.255     0.940
 8   103.709   -28.855     5.667
 8    -0.825     0.241     0.511
 8    -0.269    -0.963     0.020
 8     0.497    -0.121     0.859
 9    88.396   -33.311    28.244
 9    -0.678     0.221    -0.701
 9    -0.010     0.951     0.309
 9     0.735     0.216    -0.642
 2    98.009   -18.717    59.915
 2     0.999     0.039    -0.011
 2    -0.038     0.999     0.030
 2     0.012    -0.030     0.999
 3   138.365    -2.502     8.962
 3     0.257    -0.125    -0.958
 3     0.221     0.973    -0.068
 3     0.940    -0.195     0.278
 4   124.585     9.527    -6.375
 4     0.353    -0.932    -0.084
 4     0.935     0.355    -0.010
 4     0.039    -0.075     0.996
 5   101.176    18.847     1.815
 5    -0.823    -0.325     0.465
 5     0.407    -0.909     0.084
 5     0.396     0.259     0.881
 6    88.052    23.133    27.960
 6    -0.746    -0.260    -0.612
 6    -0.060     0.943    -0.327
 6     0.662    -0.207    -0.720
 7   128.031   -20.002    -5.514
 7     0.276     0.902    -0.332
 7    -0.934     0.333     0.126
 7     0.224     0.275     0.934
 8   104.261   -29.084     4.684
 8    -0.841     0.257     0.476
 8    -0.287    -0.958     0.011
 8     0.458    -0.128     0.879
 9    88.003   -34.072    26.532
 9    -0.708     0.196    -0.678
 9    -0.028     0.952     0.305
 9     0.706     0.234    -0.669
 2    98.007   -18.692    59.918
 2     0.999     0.038    -0.010
 2    -0.038     0.999     0.030
 2     0.011    -0.030     0.999
 3   138.708    -2.354     9.296
 3     0.237    -0.125    -0.963
 3     0.221     0.972    -0.072
 3     0.946    -0.196     0.258
 4   125.256     9.686    -6.260
 4     0.351    -0.931    -0.105
 4     0.935     0.353    -0.010
 4     0.046    -0.094     0.994
 5   101.726    19.049     1.275
 5    -0.834    -0.339     0.435
 5     0.412    -0.907     0.084
 5     0.366     0.250     0.896
 6    87.852    23.459    26.851
 6    -0.771    -0.235    -0.591
 6    -0.049     0.948    -0.313
 6     0.634    -0.213    -0.743
 7   128.723   -19.698    -5.346
 7     0.274     0.894    -0.354
 7    -0.935     0.334     0.119
 7     0.225     0.298     0.927
 8   104.608   -29.166     3.636
 8    -0.858     0.266     0.438
 8    -0.300    -0.954    -0.007
 8     0.416    -0.137     0.898
 9    87.227   -34.592    24.673
 9    -0.740     0.188    -0.646
 9    -0.042     0.945     0.323
 9     0.672     0.266    -0.692
 2    98.009   -18.691    59.915
 2     0.999     0.038    -0.011
 2    -0.038     0.999     0.031
 2     0.012    -0.030     0.999
 3   138.989    -2.507     9.544
 3     0.212    -0.117    -0.970
 3     0.217     0.973    -0.070
 3     0.953    -0.196     0.232
 4   126.025     9.589    -6.211
 4     0.355    -0.926    -0.127
 4     0.933     0.359    -0.005
 4     0.050    -0.117     0.992
 5   102.123    18.922     0.528
 5    -0.845    -0.347     0.408
 5     0.417    -0.904     0.095
 5     0.335     0.251     0.908
 6    87.449    23.705    25.402
 6    -0.794    -0.225    -0.565
 6    -0.041     0.946    -0.321
 6     0.607    -0.231    -0.760
 7   129.179   -19.735    -5.337
 7     0.260     0.888    -0.378
 7    -0.940     0.323     0.112
 7     0.221     0.325     0.919
 8   104.835   -29.034     2.472
 8    -0.879     0.271     0.391
 8    -0.306    -0.951    -0.030
 8     0.364    -0.147     0.920
 9    86.329   -34.993    22.376
 9    -0.774     0.168    -0.610
 9    -0.058     0.941     0.333
 9     0.630     0.293    -0.719
 2    98.009   -18.691    59.915
 2     0.999     0.039    -0.011
 2    -0.038     0.999     0.030
 2     0.012    -0.030     0.999
 3   139.140    -2.492     9.827
 3     0.197    -0.113    -0.974
 3     0.218     0.973    -0.068
 3     0.956    -0.199     0.216
 4   126.616     9.465    -6.211
 4     0.357    -0.922    -0.148
 4     0.932     0.361     0.000
 4     0.053    -0.138     0.989
 5   102.474    18.847    -0.096
 5    -0.855    -0.352     0.380
 5     0.417    -0.902     0.105
 5     0.306     0.248     0.919
 6    87.214    23.733    24.127
 6    -0.810    -0.221    -0.543
 6    -0.038     0.944    -0.327
 6     0.585    -0.244    -0.773
 7   129.577   -19.738    -5.244
 7     0.250     0.883    -0.396
 7    -0.942     0.317     0.111
 7     0.223     0.344     0.911
 8   105.102   -29.188     1.750
 8    -0.891     0.278     0.360
 8    -0.313    -0.949    -0.043
 8     0.329    -0.151     0.932
 9    86.029   -35.500    20.904
 9    -0.795     0.154    -0.587
 9    -0.071     0.937     0.342
 9     0.603     0.313    -0.734
 2    98.009   -18.691    59.940
 2     0.999     0.039    -0.011
 2    -0.038     0.999     0.030
 2     0.012    -0.030     0.999
 3   139.390    -2.476    10.085
 3     0.179    -0.108    -0.978
 3     0.217     0.974    -0.068
 3     0.959    -0.200     0.198
 4   127.234     9.367    -6.113
 4     0.360    -0.918    -0.167
 4     0.931     0.364     0.005
 4     0.057    -0.158     0.986
 5   102.852    18.974    -0.775
 5    -0.860    -0.366     0.355
 5     0.428    -0.896     0.115
 5     0.276     0.251     0.927
 6    87.199    24.307    22.864
 6    -0.823    -0.218    -0.526
 6    -0.024     0.936    -0.351
 6     0.568    -0.276    -0.775
 7   129.929   -19.661    -5.133
 7     0.246     0.877    -0.412
 7    -0.942     0.316     0.110
 7     0.227     0.360     0.904
 8   105.500   -29.436     0.936
 8    -0.896     0.296     0.330
 8    -0.330    -0.943    -0.050
 8     0.296    -0.154     0.943
 9    85.902   -36.280    19.400
 9    -0.813     0.129    -0.568
 9    -0.092     0.934     0.344
 9     0.575     0.332    -0.748
 2    98.009   -18.691    59.915
 2     0.999     0.039    -0.011
 2    -0.038     0.999     0.030
 2     0.012    -0.030     0.999
 3   139.516    -2.534    10.266
 3     0.161    -0.104    -0.981
 3     0.218     0.973    -0.068
 3     0.962    -0.203     0.180
 4   127.517     9.368    -6.111
 4     0.362    -0.915    -0.180
 4     0.930     0.366     0.009
 4     0.058    -0.171     0.983
 5   103.251    19.132    -1.346
 5    -0.864    -0.377     0.334
 5     0.435    -0.893     0.117
 5     0.254     0.247     0.935
 6    87.184    24.681    21.799
 6    -0.837    -0.201    -0.508
 6    -0.008     0.934    -0.356
 6     0.546    -0.294    -0.784
 7   130.366   -19.538    -5.204
 7     0.243     0.872    -0.424
 7    -0.943     0.314     0.104
 7     0.224     0.375     0.899
 8   105.818   -29.226     0.238
 8    -0.903     0.300     0.308
 8    -0.336    -0.939    -0.070
 8     0.269    -0.167     0.948
 9    85.544   -36.433    18.076
 9    -0.828     0.128    -0.545
 9    -0.101     0.924     0.370
 9     0.551     0.361    -0.752
 2    98.009   -18.692    59.941
 2     0.999     0.039    -0.011
 2    -0.039     0.999     0.030
 2     0.012    -0.030     0.999
 3   139.669    -2.494    10.419
 3     0.147    -0.098    -0.984
 3     0.215     0.974    -0.065
 3     0.965    -0.202     0.165
 4   127.951     9.371    -6.162
 4     0.363    -0.911    -0.192
 4     0.929     0.368     0.012
 4     0.060    -0.183     0.981
 5   103.446    19.064    -1.872
 5    -0.868    -0.380     0.318
 5     0.438    -0.889     0.133
 5     0.232     0.255     0.939
 6    85.028    26.464    19.829
 6    -0.847    -0.195    -0.495
 6     0.005     0.928    -0.373
 6     0.532    -0.318    -0.784
 7   130.516   -19.323    -5.456
 7     0.234     0.871    -0.432
 7    -0.948     0.303     0.096
 7     0.215     0.387     0.896
 8   105.840   -28.867    -0.659
 8    -0.910     0.296     0.289
 8    -0.336    -0.937    -0.097
 8     0.242    -0.185     0.952
 9    85.223   -36.452    16.573
 9    -0.840     0.122    -0.529
 9    -0.109     0.917     0.384
 9     0.532     0.380    -0.757
 2    98.009   -18.692    59.941
 2     0.999     0.039    -0.011
 2    -0.039     0.999     0.030
 2     0.012    -0.030     0.999
 3   139.742    -2.332    10.225
 3     0.139    -0.086    -0.986
 3     0.214     0.975    -0.055
 3     0.967    -0.203     0.154
 4   128.091     9.340    -6.321
 4     0.365    -0.910    -0.196
 4     0.929     0.368     0.019
 4     0.054    -0.189     0.980
 5   103.599    19.109    -2.337
 5    -0.869    -0.381     0.314
 5     0.440    -0.886     0.143
 5     0.224     0.262     0.938
 6    85.198    26.817    19.193
 6    -0.847    -0.194    -0.495
 6     0.013     0.923    -0.384
 6     0.531    -0.331    -0.780
 7   130.535   -19.007    -5.721
 7     0.230     0.871    -0.434
 7    -0.952     0.294     0.085
 7     0.202     0.393     0.897
 8   105.778   -28.693    -1.089
 8    -0.911     0.297     0.286
 8    -0.339    -0.934    -0.110
 8     0.234    -0.198     0.952
 9    85.281   -36.546    16.218
 9    -0.838     0.120    -0.533
 9    -0.120     0.911     0.393
 9     0.532     0.394    -0.749
 2    98.010   -18.692    59.915
 2     0.999     0.040    -0.011
 2    -0.040     0.999     0.030
 2     0.012    -0.030     0.999
 3   139.821    -2.386    10.021
 3     0.141    -0.080    -0.987
 3     0.211     0.976    -0.049
 3     0.967    -0.202     0.154
 4   128.158     9.363    -6.543
 4     0.367    -0.910    -0.193
 4     0.929     0.369     0.022
 4     0.051    -0.187     0.981
 5   103.895    19.368    -2.642
 5    -0.861    -0.390     0.326
 5     0.452    -0.881     0.142
 5     0.231     0.269     0.935
 6    85.940    27.459    19.139
 6    -0.838    -0.181    -0.515
 6     0.033     0.924    -0.379
 6     0.544    -0.335    -0.769
 7   130.227   -18.822    -6.373
 7     0.223     0.881    -0.416
 7    -0.957     0.279     0.078
 7     0.185     0.381     0.906
 8   105.474   -28.299    -1.511
 8    -0.909     0.283     0.307
