% Calibrated with leiden_pols
% Positions are in centimeters
Data =[
 2    98.007   -18.718    59.943
 2     0.999     0.038    -0.010
 2    -0.038     0.999     0.030
 2     0.011    -0.030     0.999
 3   129.208    -4.674     5.106
 3     0.611    -0.105    -0.784
 3     0.234     0.971     0.052
 3     0.756    -0.215     0.618
 4   109.206     9.151    -3.913
 4     0.556    -0.712     0.428
 4     0.808     0.583    -0.079
 4    -0.194     0.390     0.900
 5   112.481    19.675    22.596
 5     0.275    -0.318     0.907
 5     0.259    -0.884    -0.388
 5     0.925     0.342    -0.161
 6   126.019    24.003    49.079
 6     0.156    -0.266    -0.951
 6     0.048     0.964    -0.262
 6     0.986    -0.005     0.164
 7   110.708   -21.816    -3.132
 7     0.425     0.885     0.191
 7    -0.905     0.408     0.123
 7     0.031    -0.225     0.974
 8   114.148   -28.835    25.225
 8     0.361     0.333     0.871
 8    -0.128    -0.907     0.400
 8     0.924    -0.256    -0.285
 9   129.373   -26.561    48.317
 9     0.419    -0.112    -0.901
 9     0.085     0.993    -0.084
 9     0.904    -0.042     0.425
 2    98.007   -18.692    59.918
 2     0.999     0.038    -0.010
 2    -0.038     0.999     0.030
 2     0.011    -0.030     0.999
 3   129.212    -4.673     5.101
 3     0.610    -0.105    -0.786
 3     0.234     0.971     0.052
 3     0.757    -0.215     0.616
 4   109.206     9.152    -3.912
 4     0.555    -0.713     0.428
 4     0.808     0.583    -0.078
 4    -0.194     0.389     0.900
 5   112.487    19.678    22.588
 5     0.275    -0.317     0.908
 5     0.260    -0.885    -0.387
 5     0.926     0.342    -0.161
 6   125.970    24.004    49.080
 6     0.156    -0.266    -0.951
 6     0.049     0.964    -0.262
 6     0.986    -0.006     0.164
 7   110.755   -21.817    -3.129
 7     0.426     0.884     0.190
 7    -0.904     0.409     0.122
 7     0.030    -0.224     0.974
 8   114.148   -28.785    25.251
 8     0.360     0.333     0.871
 8    -0.128    -0.907     0.400
 8     0.924    -0.256    -0.285
 9   129.373   -26.560    48.318
 9     0.418    -0.112    -0.901
 9     0.087     0.992    -0.083
 9     0.904    -0.044     0.424
 2    98.007   -18.692    59.943
 2     0.999     0.038    -0.010
 2    -0.038     0.999     0.030
 2     0.011    -0.030     0.999
 3   129.265    -4.722     5.097
 3     0.608    -0.105    -0.787
 3     0.234     0.971     0.051
 3     0.758    -0.215     0.615
 4   109.306     9.152    -3.912
 4     0.555    -0.713     0.427
 4     0.809     0.583    -0.078
 4    -0.194     0.389     0.901
 5   112.487    19.678    22.588
 5     0.274    -0.317     0.908
 5     0.259    -0.885    -0.387
 5     0.926     0.342    -0.161
 6   125.970    24.004    49.080
 6     0.156    -0.267    -0.951
 6     0.049     0.964    -0.262
 6     0.986    -0.006     0.164
 7   110.807   -21.816    -3.133
 7     0.426     0.884     0.188
 7    -0.904     0.410     0.122
 7     0.031    -0.223     0.974
 8   114.173   -28.835    25.251
 8     0.360     0.332     0.871
 8    -0.128    -0.908     0.399
 8     0.924    -0.255    -0.284
 9   129.348   -26.559    48.369
 9     0.417    -0.112    -0.902
 9     0.088     0.992    -0.083
 9     0.904    -0.045     0.424
 2    97.957   -18.718    59.943
 2     0.999     0.038    -0.011
 2    -0.038     0.999     0.030
 2     0.011    -0.030     0.999
 3   129.277    -4.718     5.134
 3     0.604    -0.105    -0.790
 3     0.234     0.971     0.050
 3     0.761    -0.216     0.611
 4   109.334     9.153    -3.914
 4     0.555    -0.714     0.425
 4     0.809     0.583    -0.078
 4    -0.193     0.387     0.901
 5   112.487    19.628    22.588
 5     0.273    -0.316     0.908
 5     0.260    -0.885    -0.386
 5     0.926     0.341    -0.160
 6   126.018    24.005    49.079
 6     0.156    -0.268    -0.951
 6     0.049     0.963    -0.264
 6     0.986    -0.005     0.163
 7   110.883   -21.866    -3.187
 7     0.426     0.885     0.186
 7    -0.904     0.410     0.122
 7     0.032    -0.221     0.975
 8   114.194   -28.837    25.219
 8     0.349     0.335     0.875
 8    -0.130    -0.907     0.400
 8     0.928    -0.254    -0.273
 9   129.348   -26.581    48.421
 9     0.416    -0.112    -0.902
 9     0.092     0.992    -0.080
 9     0.904    -0.049     0.423
 2    98.007   -18.692    59.943
 2     0.999     0.038    -0.011
 2    -0.038     0.999     0.030
 2     0.011    -0.030     0.999
 3   129.422    -4.763     5.163
 3     0.599    -0.100    -0.794
 3     0.233     0.971     0.053
 3     0.766    -0.218     0.605
 4   109.573     9.106    -3.927
 4     0.560    -0.713     0.422
 4     0.806     0.585    -0.082
 4    -0.188     0.386     0.903
 5   112.547    19.743    22.336
 5     0.256    -0.310     0.915
 5     0.270    -0.887    -0.375
 5     0.928     0.343    -0.143
 6   125.969    24.013    48.982
 6     0.153    -0.275    -0.949
 6     0.054     0.961    -0.270
 6     0.986    -0.010     0.162
 7   111.015   -21.812    -3.150
 7     0.426     0.886     0.181
 7    -0.904     0.409     0.125
 7     0.036    -0.217     0.975
 8   114.232   -28.904    24.953
 8     0.319     0.342     0.883
 8    -0.143    -0.904     0.402
 8     0.936    -0.255    -0.240
 9   129.350   -26.580    48.423
 9     0.417    -0.110    -0.902
 9     0.094     0.992    -0.078
 9     0.904    -0.053     0.424
 2    98.007   -18.692    59.918
 2     0.999     0.038    -0.010
 2    -0.038     0.999     0.030
 2     0.011    -0.030     0.999
 3   129.624    -4.702     5.260
 3     0.589    -0.097    -0.802
 3     0.234     0.970     0.055
 3     0.773    -0.221     0.594
 4   109.877     9.157    -3.978
 4     0.564    -0.712     0.418
 4     0.804     0.588    -0.083
 4    -0.187     0.383     0.904
 5   112.565    19.885    22.112
 5     0.233    -0.316     0.919
 5     0.280    -0.884    -0.375
 5     0.931     0.344    -0.118
 6   125.859    24.102    48.968
 6     0.150    -0.278    -0.949
 6     0.059     0.960    -0.272
 6     0.987    -0.015     0.160
 7   111.297   -21.858    -3.167
 7     0.427     0.887     0.174
 7    -0.903     0.410     0.127
 7     0.041    -0.211     0.976
 8   114.469   -29.039    24.930
 8     0.309     0.349     0.885
 8    -0.149    -0.901     0.407
 8     0.939    -0.258    -0.227
 9   129.422   -26.680    48.434
 9     0.417    -0.108    -0.902
 9     0.099     0.992    -0.073
 9     0.903    -0.060     0.424
 2    98.007   -18.692    59.918
 2     0.999     0.038    -0.010
 2    -0.038     0.999     0.030
 2     0.011    -0.030     0.999
 3   129.766    -4.874     5.191
 3     0.583    -0.092    -0.807
 3     0.234     0.970     0.059
 3     0.777    -0.223     0.587
 4   110.112     9.109    -4.035
 4     0.566    -0.714     0.413
 4     0.804     0.589    -0.084
 4    -0.184     0.379     0.907
 5   112.565    19.963    22.071
 5     0.228    -0.318     0.920
 5     0.283    -0.883    -0.375
 5     0.931     0.346    -0.111
 6   125.825    24.150    48.995
 6     0.146    -0.279    -0.949
 6     0.053     0.960    -0.274
 6     0.988    -0.011     0.155
 7   111.382   -21.956    -3.081
 7     0.426     0.888     0.169
 7    -0.903     0.409     0.130
 7     0.046    -0.208     0.977
 8   114.404   -29.094    24.863
 8     0.301     0.350     0.887
 8    -0.152    -0.901     0.407
 8     0.941    -0.257    -0.218
 9   129.421   -26.804    48.498
 9     0.417    -0.094    -0.904
 9     0.107     0.993    -0.054
 9     0.902    -0.074     0.424
 2    98.007   -18.718    59.918
 2     0.999     0.038    -0.010
 2    -0.038     0.999     0.030
 2     0.011    -0.030     0.999
 3   129.882    -4.869     5.224
 3     0.579    -0.090    -0.810
 3     0.234     0.970     0.060
 3     0.781    -0.225     0.583
 4   110.240     9.109    -4.037
 4     0.568    -0.714     0.410
 4     0.803     0.590    -0.084
 4    -0.183     0.377     0.908
 5   112.344    20.301    21.716
 5     0.208    -0.329     0.921
 5     0.297    -0.876    -0.380
 5     0.932     0.353    -0.084
