% Calibrated with leiden_pols
% Positions are in centimeters
Data =[
 2    96.457   -22.685    59.308
 2     0.095    -0.995     0.001
 2     0.976     0.094     0.192
 2    -0.192    -0.018     0.981
 3   127.316    -1.948     2.558
 3     0.349    -0.110    -0.931
 3     0.205     0.978    -0.038
 3     0.914    -0.178     0.363
 4   115.598    15.627    -4.807
 4     0.492    -0.867    -0.081
 4     0.781     0.481    -0.398
 4     0.383     0.132     0.914
 5   114.508    21.946    13.539
 5     0.076    -0.875     0.478
 5     0.097    -0.471    -0.877
 5     0.992     0.113     0.050
 6   124.317    26.847    47.715
 6     0.465    -0.828    -0.319
 6     0.146     0.422    -0.893
 6     0.873     0.368     0.317
 7   113.305   -21.794    -3.371
 7     0.571     0.799     0.189
 7    -0.792     0.475     0.384
 7     0.217    -0.369     0.903
 8   114.635   -27.676    16.931
 8     0.124     0.889     0.440
 8    -0.024    -0.441     0.897
 8     0.992    -0.121    -0.033
 9   124.523   -30.306    49.905
 9     0.358     0.821    -0.448
 9     0.032     0.465     0.883
 9     0.933    -0.329     0.139
 2    96.457   -22.685    59.308
 2     0.095    -0.995     0.001
 2     0.976     0.094     0.192
 2    -0.192    -0.018     0.981
 3   127.258    -1.901     2.564
 3     0.352    -0.113    -0.929
 3     0.203     0.978    -0.042
 3     0.913    -0.175     0.367
 4   115.524    15.729    -4.735
 4     0.491    -0.868    -0.079
 4     0.781     0.479    -0.400
 4     0.384     0.135     0.913
 5   114.434    21.943    13.527
 5     0.078    -0.875     0.478
 5     0.094    -0.470    -0.877
 5     0.992     0.113     0.046
 6   124.258    26.898    47.717
 6     0.466    -0.831    -0.308
 6     0.148     0.413    -0.898
 6     0.872     0.373     0.315
 7   113.310   -21.791    -3.377
 7     0.572     0.798     0.188
 7    -0.790     0.475     0.387
 7     0.219    -0.370     0.903
 8   114.683   -27.674    16.930
 8     0.123     0.891     0.437
 8    -0.023    -0.437     0.899
 8     0.992    -0.121    -0.033
 9   124.522   -30.307    49.905
 9     0.357     0.822    -0.448
 9     0.031     0.466     0.883
 9     0.933    -0.328     0.140
 2    96.505   -22.635    59.311
 2     0.095    -0.995     0.001
 2     0.976     0.094     0.193
 2    -0.193    -0.018     0.981
 3   127.257    -1.901     2.614
 3     0.352    -0.115    -0.929
 3     0.203     0.978    -0.044
 3     0.913    -0.174     0.368
 4   115.525    15.729    -4.760
 4     0.491    -0.868    -0.081
 4     0.781     0.479    -0.399
 4     0.384     0.133     0.913
 5   114.434    21.943    13.578
 5     0.078    -0.876     0.477
 5     0.094    -0.469    -0.878
 5     0.992     0.113     0.046
 6   124.233    26.847    47.766
 6     0.467    -0.832    -0.305
 6     0.148     0.410    -0.899
 6     0.872     0.374     0.314
 7   113.314   -21.763    -3.282
 7     0.573     0.798     0.187
 7    -0.789     0.475     0.388
 7     0.221    -0.370     0.902
 8   114.634   -27.674    16.956
 8     0.122     0.892     0.435
 8    -0.023    -0.436     0.899
 8     0.992    -0.120    -0.033
 9   124.471   -30.307    49.956
 9     0.357     0.821    -0.451
 9     0.031     0.468     0.882
 9     0.933    -0.327     0.140
 2    96.505   -22.635    59.311
 2     0.095    -0.995     0.001
 2     0.976     0.094     0.193
 2    -0.193    -0.018     0.981
 3   127.257    -1.900     2.613
 3     0.352    -0.117    -0.928
 3     0.203     0.978    -0.045
 3     0.913    -0.173     0.368
 4   115.477    15.730    -4.737
 4     0.490    -0.868    -0.081
 4     0.781     0.478    -0.400
 4     0.385     0.133     0.913
 5   114.434    21.891    13.624
 5     0.078    -0.876     0.476
 5     0.092    -0.469    -0.878
 5     0.992     0.112     0.044
 6   124.231    26.898    47.790
 6     0.466    -0.833    -0.302
 6     0.148     0.406    -0.900
 6     0.872     0.375     0.313
 7   113.319   -21.761    -3.288
 7     0.573     0.798     0.187
 7    -0.788     0.475     0.391
 7     0.223    -0.371     0.901
 8   114.633   -27.677    16.956
 8     0.122     0.892     0.435
 8    -0.024    -0.436     0.900
 8     0.992    -0.120    -0.032
 9   124.468   -30.308    49.903
 9     0.357     0.817    -0.457
 9     0.031     0.475     0.878
 9     0.933    -0.326     0.143
 2    96.504   -22.635    59.311
 2     0.094    -0.995     0.001
 2     0.976     0.093     0.193
 2    -0.193    -0.018     0.981
 3   127.232    -1.901     2.613
 3     0.352    -0.118    -0.928
 3     0.203     0.978    -0.047
 3     0.913    -0.173     0.368
 4   115.479    15.782    -4.741
 4     0.490    -0.868    -0.081
 4     0.781     0.478    -0.401
 4     0.386     0.133     0.912
 5   114.433    21.891    13.623
 5     0.078    -0.876     0.476
 5     0.092    -0.469    -0.878
 5     0.992     0.113     0.044
 6   124.225    26.847    47.796
 6     0.467    -0.834    -0.298
 6     0.150     0.403    -0.902
 6     0.871     0.376     0.313
 7   113.271   -21.761    -3.266
 7     0.573     0.798     0.186
 7    -0.788     0.474     0.391
 7     0.224    -0.371     0.901
 8   114.630   -27.678    17.007
 8     0.122     0.892     0.435
 8    -0.024    -0.436     0.900
 8     0.992    -0.120    -0.031
 9   124.474   -30.306    49.945
 9     0.356     0.817    -0.459
 9     0.031     0.476     0.877
 9     0.934    -0.325     0.143
 2    96.504   -22.635    59.311
 2     0.094    -0.995     0.001
 2     0.976     0.093     0.193
 2    -0.193    -0.018     0.981
 3   127.231    -1.900     2.613
 3     0.352    -0.120    -0.928
 3     0.203     0.978    -0.048
 3     0.913    -0.172     0.368
 4   115.477    15.731    -4.686
 4     0.489    -0.869    -0.082
 4     0.782     0.477    -0.400
 4     0.385     0.132     0.913
 5   114.458    21.943    13.643
 5     0.080    -0.876     0.476
 5     0.090    -0.469    -0.878
 5     0.993     0.113     0.042
 6   124.358    27.254    47.736
 6     0.465    -0.826    -0.323
 6     0.157     0.432    -0.887
 6     0.871     0.361     0.330
 7   113.275   -21.708    -3.269
 7     0.574     0.797     0.187
 7    -0.787     0.474     0.393
 7     0.225    -0.373     0.900
 8   114.445   -27.791    16.786
 8     0.118     0.888     0.445
 8    -0.036    -0.444     0.895
 8     0.992    -0.122    -0.020
 9   124.019   -31.872    49.601
 9     0.358     0.842    -0.408
 9    -0.018     0.439     0.897
 9     0.933    -0.312     0.172
 2    96.454   -22.635    59.310
 2     0.094    -0.995     0.002
 2     0.976     0.094     0.193
 2    -0.193    -0.017     0.981
 3   127.279    -1.772     2.465
 3     0.350    -0.101    -0.931
 3     0.196     0.980    -0.032
 3     0.916    -0.172     0.363
 4   115.190    15.718    -4.416
 4     0.493    -0.868    -0.068
 4     0.787     0.477    -0.391
 4     0.371     0.139     0.918
 5   113.760    22.390    13.817
 5     0.119    -0.789     0.603
 5     0.196    -0.577    -0.793
 5     0.973     0.212     0.087
 6   125.501    32.227    45.784
 6     0.494    -0.821    -0.291
 6     0.260     0.455    -0.850
 6     0.829     0.345     0.438
 7   113.022   -21.453    -3.441
 7     0.572     0.794     0.208
 7    -0.796     0.474     0.377
 7     0.200    -0.380     0.902
 8   113.428   -29.917    15.493
 8     0.130     0.828     0.545
 8    -0.191    -0.518     0.833
 8     0.973    -0.212     0.091
 9   123.595   -39.859    46.234
 9     0.353     0.858    -0.378
 9    -0.206     0.461     0.862
 9     0.912    -0.227     0.338
 2    96.504   -22.635    59.310
 2     0.094    -0.995     0.002
 2     0.976     0.093     0.193
 2    -0.193    -0.017     0.981
 3   127.343    -1.545     2.221
 3     0.347    -0.092    -0.933
 3     0.188     0.982    -0.026
 3     0.918    -0.167     0.358
 4   114.305    15.619    -4.541
 4     0.489    -0.872    -0.022
 4     0.815     0.466    -0.344
 4     0.310     0.150     0.938
 5   113.150    23.714    13.248
 5     0.196    -0.596     0.779
 5     0.359    -0.696    -0.621
 5     0.912     0.401     0.078
 6   127.337    39.039    41.294
 6     0.552    -0.808    -0.209
 6     0.405     0.476    -0.780
 6     0.728     0.346     0.590
 7   112.699   -20.919    -3.951
 7     0.589     0.770     0.246
 7    -0.797     0.503     0.333
 7     0.133    -0.392     0.910
 8   112.805   -32.742    12.831
 8     0.148     0.778     0.610
 8    -0.406    -0.515     0.754
 8     0.902    -0.359     0.240
 9   124.061   -49.506    39.327
 9     0.386     0.850    -0.362
 9    -0.418     0.507     0.753
 9     0.822    -0.140     0.550
 2    96.454   -22.686    59.310
 2     0.094    -0.995     0.002
 2     0.976     0.094     0.193
 2    -0.193    -0.017     0.981
 3   127.464    -1.227     1.873
 3     0.337    -0.088    -0.938
 3     0.197     0.980    -0.021
 3     0.921    -0.178     0.347
 4   112.715    14.913    -5.443
 4     0.468    -0.883     0.048
 4     0.865     0.445    -0.233
 4     0.183     0.151     0.971
 5   112.144    25.388    11.360
 5     0.254    -0.434     0.865
 5     0.524    -0.690    -0.499
 5     0.813     0.579     0.052
 6   128.265    46.132    33.842
 6     0.609    -0.787    -0.097
 6     0.551     0.507    -0.663
 6     0.570     0.351     0.742
 7   112.024   -20.395    -4.641
 7     0.596     0.747     0.295
 7    -0.802     0.538     0.256
 7     0.032    -0.389     0.920
 8   111.737   -35.116     9.236
 8     0.183     0.656     0.732
 8    -0.631    -0.493     0.599
 8     0.754    -0.571     0.324
 9   123.713   -58.707    28.661
 9     0.417     0.859    -0.299
 9    -0.649     0.510     0.564
 9     0.635    -0.042     0.770
 2    96.506   -22.634    59.308
 2     0.094    -0.995     0.002
 2     0.977     0.093     0.192
 2    -0.192    -0.017     0.981
 3   127.441    -0.869     1.364
 3     0.335    -0.108    -0.937
 3     0.211     0.976    -0.036
 3     0.918    -0.187     0.349
 4   111.133    13.851    -6.442
 4     0.454    -0.881     0.130
 4     0.890     0.443    -0.101
 4     0.031     0.162     0.986
 5   111.667    26.679     8.795
 5     0.309    -0.298     0.904
 5     0.646    -0.632    -0.428
 5     0.698     0.715    -0.003
 6   129.233    51.028    24.897
 6     0.656    -0.755    -0.010
 6     0.645     0.568    -0.511
 6     0.390     0.329     0.860
 7   111.631   -19.778    -5.304
 7     0.590     0.738     0.329
 7    -0.806     0.560     0.190
 7    -0.044    -0.377     0.925
 8   111.059   -36.097     5.743
 8     0.208     0.527     0.824
 8    -0.778    -0.422     0.464
 8     0.592    -0.738     0.322
 9   123.271   -63.936    18.023
 9     0.435     0.871    -0.228
 9    -0.798     0.489     0.352
 9     0.417     0.027     0.908
 2    96.458   -22.633    59.305
 2     0.094    -0.995     0.002
 2     0.977     0.093     0.191
 2    -0.191    -0.017     0.981
 3   127.271    -0.351     0.629
 3     0.326    -0.181    -0.928
 3     0.219     0.969    -0.111
 3     0.919    -0.168     0.355
 4   109.558    12.949    -7.108
 4     0.421    -0.883     0.206
 4     0.903     0.428    -0.008
 4    -0.082     0.189     0.978
 5   111.097    27.218     7.132
 5     0.359    -0.188     0.914
 5     0.709    -0.583    -0.397
 5     0.607     0.790    -0.077
 6   129.296    52.939    19.345
 6     0.676    -0.734     0.066
 6     0.684     0.591    -0.428
 6     0.275     0.333     0.901
 7   111.302   -19.003    -6.088
 7     0.586     0.725     0.363
 7    -0.802     0.581     0.134
 7    -0.114    -0.369     0.922
 8   110.297   -36.305     2.960
 8     0.214     0.415     0.884
 8    -0.863    -0.344     0.369
 8     0.457    -0.842     0.284
 9   122.123   -66.247     9.715
 9     0.422     0.889    -0.183
 9    -0.875     0.450     0.176
 9     0.238     0.084     0.967
 2    96.460   -22.632    59.302
 2     0.094    -0.995     0.002
 2     0.977     0.093     0.190
 2    -0.190    -0.017     0.982
 3   126.932     0.257     0.220
 3     0.329    -0.224    -0.918
 3     0.233     0.960    -0.150
 3     0.915    -0.166     0.367
 4   107.697    12.046    -7.394
 4     0.386    -0.885     0.259
 4     0.902     0.421     0.093
 4    -0.192     0.198     0.961
 5   110.210    27.649     5.227
 5     0.403    -0.094     0.910
 5     0.762    -0.517    -0.390
 5     0.507     0.850    -0.137
 6   128.268    54.854    12.003
 6     0.678    -0.663     0.318
 6     0.729     0.552    -0.405
 6     0.093     0.505     0.857
 7   110.494   -18.343    -6.469
 7     0.573     0.722     0.387
 7    -0.803     0.589     0.088
 7    -0.164    -0.361     0.918
 8   109.869   -36.216     1.410
 8     0.263     0.266     0.927
 8    -0.908    -0.257     0.330
 8     0.325    -0.929     0.174
 9   122.064   -66.652     2.662
 9     0.447     0.894    -0.021
 9    -0.892     0.447     0.070
 9     0.072    -0.013     0.997
 2    96.513   -22.631    59.299
 2     0.094    -0.995     0.001
 2     0.977     0.093     0.189
 2    -0.189    -0.017     0.982
 3   126.487     0.405    -0.058
 3     0.334    -0.238    -0.912
 3     0.252     0.955    -0.157
 3     0.908    -0.178     0.378
 4   106.778    11.320    -7.732
 4     0.375    -0.876     0.302
 4     0.888     0.433     0.152
 4    -0.264     0.211     0.941
 5   110.237    27.754     3.880
 5     0.439    -0.040     0.897
 5     0.785    -0.469    -0.405
 5     0.437     0.882    -0.176
 6   128.165    55.204     7.887
 6     0.673    -0.586     0.453
 6     0.739     0.541    -0.401
 6    -0.010     0.603     0.796
 7   110.101   -17.697    -6.936
 7     0.566     0.722     0.399
 7    -0.799     0.599     0.048
 7    -0.204    -0.346     0.916
 8   109.685   -36.210    -0.623
 8     0.285     0.177     0.942
 8    -0.935    -0.163     0.314
 8     0.208    -0.970     0.119
 9   121.630   -66.608    -4.550
 9     0.444     0.893     0.073
 9    -0.892     0.448    -0.057
 9    -0.084    -0.039     0.995
 2    96.515   -22.630    59.296
 2     0.094    -0.995     0.002
 2     0.977     0.093     0.188
 2    -0.188    -0.017     0.982
 3   126.414     0.603    -0.396
 3     0.340    -0.252    -0.906
 3     0.255     0.952    -0.168
 3     0.905    -0.175     0.388
 4   106.118    11.344    -7.884
 4     0.361    -0.871     0.333
 4     0.884     0.433     0.173
 4    -0.295     0.232     0.927
 5   110.343    27.955     3.449
 5     0.471    -0.001     0.882
 5     0.779    -0.468    -0.416
 5     0.413     0.883    -0.220
 6   127.583    55.679     7.019
 6     0.641    -0.384     0.665
 6     0.763     0.406    -0.503
 6    -0.077     0.829     0.552
 7   109.563   -17.175    -7.377
 7     0.564     0.711     0.420
 7    -0.789     0.614     0.018
 7    -0.244    -0.341     0.907
 8   109.811   -35.892    -1.190
 8     0.328     0.051     0.943
 8    -0.934    -0.129     0.332
 8     0.138    -0.990     0.005
 9   120.029   -66.448    -7.767
 9     0.403     0.818     0.415
 9    -0.895     0.444    -0.009
 9    -0.191    -0.366     0.910
 2    96.517   -22.630    59.293
 2     0.095    -0.995     0.002
 2     0.977     0.094     0.187
 2    -0.187    -0.016     0.982
 3   125.934     0.863    -0.952
 3     0.360    -0.267    -0.895
 3     0.258     0.949    -0.178
 3     0.896    -0.168     0.410
 4   105.259    11.115    -8.080
 4     0.354    -0.853     0.384
 4     0.868     0.452     0.203
 4    -0.347     0.261     0.901
 5   110.582    28.089     2.259
 5     0.526     0.056     0.849
 5     0.774    -0.445    -0.450
 5     0.352     0.894    -0.278
 6   126.893    56.239     3.538
 6     0.568     0.043     0.822
 6     0.799     0.211    -0.563
 6    -0.197     0.976     0.087
 7   108.553   -16.994    -7.702
 7     0.543     0.685     0.486
 7    -0.785     0.618     0.006
 7    -0.296    -0.385     0.874
 8   111.201   -36.064     0.721
 8     0.422    -0.223     0.879
 8    -0.904    -0.180     0.388
 8     0.072    -0.958    -0.277
 9   116.544   -68.166    -6.162
 9     0.169    -0.434     0.886
 9    -0.939     0.204     0.277
 9    -0.300    -0.877    -0.372
 2    96.458   -22.633    59.305
 2     0.094    -0.995     0.002
 2     0.977     0.093     0.191
 2    -0.191    -0.017     0.982
 3   125.583     0.367    -1.228
 3     0.375    -0.251    -0.893
 3     0.275     0.949    -0.150
 3     0.885    -0.190     0.425
 4   104.766    10.159    -8.456
 4     0.360    -0.833     0.419
 4     0.838     0.486     0.248
 4    -0.410     0.262     0.873
 5   110.836    27.757     0.464
 5     0.561     0.079     0.823
 5     0.778    -0.389    -0.493
 5     0.281     0.918    -0.280
 6   127.334    55.586    -0.242
 6     0.535     0.265     0.803
 6     0.798     0.154    -0.581
 6    -0.277     0.952    -0.127
 7   108.021   -17.202    -7.832
 7     0.530     0.661     0.531
 7    -0.781     0.625     0.001
 7    -0.331    -0.415     0.847
 8   112.981   -36.598     0.218
 8     0.490    -0.530     0.693
 8    -0.864    -0.187     0.468
 8    -0.118    -0.827    -0.548
 9   117.139   -68.217    -8.567
 9     0.025    -0.867     0.499
 9    -0.941     0.148     0.301
 9    -0.336    -0.476    -0.812
 2    96.509   -22.633    59.305
 2     0.095    -0.995     0.002
 2     0.977     0.094     0.191
 2    -0.191    -0.017     0.982
 3   125.366     0.000    -1.447
 3     0.387    -0.246    -0.889
 3     0.287     0.948    -0.137
 3     0.876    -0.203     0.436
 4   104.400     9.710    -8.577
 4     0.364    -0.815     0.451
 4     0.816     0.512     0.267
 4    -0.448     0.271     0.851
 5   111.123    27.659    -0.309
 5     0.586     0.117     0.801
 5     0.774    -0.370    -0.513
 5     0.236     0.921    -0.308
 6   127.319    55.472    -2.433
 6     0.509     0.359     0.785
 6     0.803     0.131    -0.579
 6    -0.309     0.924    -0.219
 7   107.364   -16.968    -7.835
 7     0.508     0.650     0.566
 7    -0.776     0.630    -0.027
 7    -0.374    -0.425     0.824
 8   112.992   -36.545    -1.126
 8     0.491    -0.616     0.618
 8    -0.844    -0.158     0.512
 8    -0.217    -0.772    -0.596
 9   116.566   -67.850   -10.729
 9    -0.015    -0.900     0.437
 9    -0.942     0.160     0.295
 9    -0.337    -0.406    -0.850
 2    96.506   -22.634    59.308
 2     0.094    -0.995     0.002
 2     0.977     0.094     0.192
 2    -0.192    -0.017     0.981
 3   124.939    -0.016    -1.683
 3     0.402    -0.242    -0.883
 3     0.297     0.946    -0.123
 3     0.865    -0.214     0.452
 4   103.567     9.295    -8.725
 4     0.357    -0.797     0.488
 4     0.788     0.536     0.300
 4    -0.501     0.277     0.820
 5   110.954    27.637    -1.970
 5     0.611     0.156     0.776
 5     0.774    -0.323    -0.544
 5     0.166     0.933    -0.318
 6   127.142    54.970    -6.571
 6     0.495     0.408     0.770
 6     0.781     0.180    -0.596
 6    -0.380     0.895    -0.227
 7   106.520   -16.937    -7.866
 7     0.493     0.619     0.612
 7    -0.759     0.649    -0.044
 7    -0.424    -0.443     0.789
 8   113.404   -36.371    -3.479
 8     0.519    -0.679     0.520
 8    -0.777    -0.122     0.617
 8    -0.356    -0.724    -0.591
 9   117.898   -65.736   -17.986
 9    -0.001    -0.941     0.339
 9    -0.896     0.151     0.415
 9    -0.443    -0.302    -0.844
 2    96.506   -22.634    59.308
 2     0.095    -0.995     0.002
 2     0.977     0.094     0.191
 2    -0.192    -0.017     0.981
 3   124.290    -0.264    -2.015
 3     0.421    -0.258    -0.870
 3     0.332     0.936    -0.116
 3     0.844    -0.241     0.479
 4   102.405     8.325    -8.973
 4     0.340    -0.770     0.541
 4     0.747     0.570     0.341
 4    -0.571     0.287     0.768
 5   110.732    26.896    -4.092
 5     0.649     0.208     0.732
 5     0.757    -0.265    -0.597
 5     0.069     0.941    -0.329
 6   127.419    52.213   -13.598
 6     0.497     0.502     0.712
 6     0.697     0.258    -0.667
 6    -0.518     0.825    -0.219
 7   105.607   -17.325    -7.761
 7     0.495     0.566     0.660
 7    -0.731     0.681    -0.036
 7    -0.470    -0.464     0.750
 8   113.731   -35.963    -6.598
 8     0.550    -0.743     0.382
 8    -0.657    -0.103     0.746
 8    -0.516    -0.661    -0.545
 9   119.027   -61.374   -27.374
 9     0.019    -0.972     0.234
 9    -0.794     0.128     0.594
 9    -0.608    -0.196    -0.770
 2    96.458   -22.633    59.305
 2     0.094    -0.995     0.002
 2     0.977     0.093     0.190
 2    -0.191    -0.017     0.982
 3   123.428    -0.709    -2.455
 3     0.458    -0.272    -0.847
 3     0.361     0.926    -0.101
 3     0.812    -0.261     0.522
 4   101.144     7.308    -8.966
 4     0.334    -0.730     0.596
 4     0.701     0.615     0.360
 4    -0.630     0.297     0.717
 5   110.788    25.679    -5.964
 5     0.697     0.240     0.676
 5     0.717    -0.216    -0.663
 5    -0.013     0.946    -0.322
 6   128.575    47.742   -19.497
 6     0.519     0.580     0.633
 6     0.574     0.311    -0.755
 6    -0.634     0.753    -0.170
 7   104.367   -17.945    -7.169
 7     0.490     0.540     0.684
 7    -0.725     0.688    -0.024
 7    -0.484    -0.485     0.728
 8   113.163   -35.259    -8.916
 8     0.585    -0.749     0.311
 8    -0.533    -0.067     0.843
 8    -0.611    -0.659    -0.438
 9   119.124   -54.983   -35.435
 9     0.042    -0.966     0.256
 9    -0.620     0.176     0.764
 9    -0.783    -0.190    -0.592
 2    96.511   -22.683    59.302
 2     0.095    -0.995     0.002
 2     0.977     0.094     0.189
 2    -0.190    -0.017     0.982
 3   122.469    -1.682    -2.684
 3     0.486    -0.281    -0.828
 3     0.400     0.913    -0.074
 3     0.777    -0.296     0.555
 4   100.019     5.762    -9.132
 4     0.331    -0.692     0.643
 4     0.636     0.665     0.388
 4    -0.697     0.280     0.660
 5   110.751    23.748    -8.226
 5     0.731     0.263     0.629
 5     0.675    -0.149    -0.723
 5    -0.096     0.953    -0.286
 6   128.993    42.136   -25.465
 6     0.518     0.631     0.581
 6     0.432     0.390    -0.811
 6    -0.738     0.670    -0.070
 7   103.444   -18.776    -6.685
 7     0.476     0.540     0.694
 7    -0.726     0.686    -0.037
 7    -0.497    -0.486     0.719
 8   112.497   -34.037   -11.067
 8     0.618    -0.730     0.293
 8    -0.414     0.015     0.910
 8    -0.669    -0.683    -0.292
 9   119.031   -47.023   -41.502
 9     0.066    -0.938     0.343
 9    -0.423     0.284     0.859
 9    -0.904    -0.201    -0.379
 2    96.603   -22.496    59.261
 2     0.101    -0.995     0.002
 2     0.983     0.100     0.149
 2    -0.149    -0.014     0.989
 3   122.047    -2.005    -2.824
 3     0.499    -0.295    -0.816
 3     0.419     0.904    -0.069
 3     0.758    -0.308     0.574
 4    99.684     5.280    -9.198
 4     0.345    -0.659     0.669
 4     0.597     0.703     0.385
 4    -0.724     0.266     0.635
 5   111.296    22.560    -9.533
 5     0.766     0.265     0.586
 5     0.626    -0.104    -0.772
 5    -0.144     0.958    -0.245
 6   130.376    37.437   -28.822
 6     0.526     0.670     0.528
 6     0.302     0.430    -0.849
 6    -0.795     0.605     0.024
 7   103.189   -18.543    -6.747
 7     0.475     0.534     0.700
 7    -0.711     0.701    -0.052
 7    -0.518    -0.473     0.712
 8   112.573   -32.446   -12.513
 8     0.635    -0.715     0.293
 8    -0.347     0.075     0.934
 8    -0.690    -0.695    -0.201
 9   119.221   -42.112   -43.997
 9     0.079    -0.910     0.408
 9    -0.309     0.366     0.877
 9    -0.948    -0.195    -0.253
 2    96.612   -22.347    59.187
 2     0.106    -0.994     0.002
 2     0.987     0.105     0.123
 2    -0.123    -0.012     0.992
 3   122.135    -1.883    -2.938
 3     0.505    -0.296    -0.812
 3     0.418     0.905    -0.068
 3     0.755    -0.306     0.579
 4    99.790     5.329    -9.269
 4     0.351    -0.657     0.668
 4     0.594     0.706     0.384
 4    -0.724     0.262     0.637
 5   111.376    22.480    -9.655
 5     0.772     0.260     0.580
 5     0.619    -0.101    -0.779
 5    -0.144     0.960    -0.239
 6   130.511    37.259   -28.876
 6     0.534     0.646     0.550
 6     0.296     0.464    -0.833
 6    -0.792     0.606     0.056
 7   102.886   -18.513    -6.776
 7     0.459     0.547     0.700
 7    -0.713     0.697    -0.077
 7    -0.530    -0.464     0.709
 8   112.184   -32.152   -13.110
 8     0.641    -0.702     0.312
 8    -0.335     0.110     0.936
 8    -0.691    -0.703    -0.164
 9   119.152   -39.649   -44.961
 9     0.098    -0.888     0.450
 9    -0.243     0.416     0.875
 9    -0.965    -0.194    -0.177
 2    96.667   -22.345    59.181
 2     0.106    -0.994     0.003
 2     0.987     0.106     0.120
 2    -0.121    -0.011     0.993
 3   121.695    -2.123    -3.170
 3     0.515    -0.302    -0.803
 3     0.426     0.902    -0.065
 3     0.744    -0.309     0.592
 4    98.982     4.985    -9.233
 4     0.328    -0.659     0.678
 4     0.591     0.702     0.396
 4    -0.737     0.270     0.619
 5   110.719    22.048    -9.850
 5     0.773     0.285     0.567
 5     0.612    -0.098    -0.785
 5    -0.168     0.953    -0.250
 6   129.129    35.038   -30.756
 6     0.498     0.713     0.497
 6     0.226     0.443    -0.866
 6    -0.837     0.543     0.058
 7   102.426   -18.774    -6.739
 7     0.467     0.529     0.708
 7    -0.697     0.713    -0.073
 7    -0.543    -0.460     0.702
 8   112.158   -31.506   -13.573
 8     0.646    -0.703     0.298
 8    -0.297     0.129     0.946
 8    -0.703    -0.699    -0.125
 9   119.053   -35.616   -46.304
 9     0.096    -0.893     0.441
 9    -0.130     0.427     0.894
 9    -0.987    -0.143    -0.076
 2    96.649   -22.334    59.193
 2     0.111    -0.994     0.002
 2     0.988     0.111     0.107
 2    -0.107    -0.010     0.994
 3   121.239    -2.317    -3.344
 3     0.528    -0.322    -0.787
 3     0.433     0.897    -0.075
 3     0.730    -0.302     0.612
 4    98.470     4.537    -9.187
 4     0.329    -0.637     0.698
 4     0.560     0.725     0.399
 4    -0.760     0.260     0.595
 5   110.847    20.868   -10.877
 5     0.798     0.298     0.524
 5     0.565    -0.067    -0.822
 5    -0.210     0.952    -0.222
 6   129.511    30.397   -33.371
 6     0.474     0.766     0.437
 6     0.107     0.440    -0.890
 6    -0.874     0.468     0.125
 7   101.941   -18.946    -6.710
 7     0.483     0.501     0.718
 7    -0.663     0.745    -0.074
 7    -0.572    -0.440     0.692
 8   112.439   -30.051   -14.822
 8     0.654    -0.722     0.225
 8    -0.195     0.127     0.972
 8    -0.731    -0.680    -0.058
 9   118.833   -31.045   -47.820
 9     0.091    -0.915     0.395
 9    -0.052     0.391     0.918
 9    -0.995    -0.104    -0.013
 2    96.770   -22.277    59.222
 2     0.117    -0.993     0.001
 2     0.988     0.117     0.099
 2    -0.099    -0.011     0.995
 3   120.911    -2.692    -3.663
 3     0.550    -0.345    -0.761
 3     0.425     0.899    -0.099
 3     0.718    -0.269     0.641
 4    98.358     4.247    -9.241
 4     0.340    -0.605     0.721
 4     0.532     0.755     0.383
 4    -0.776     0.253     0.578
 5   111.807    19.519   -11.420
 5     0.840     0.301     0.451
 5     0.490    -0.066    -0.869
 5    -0.232     0.951    -0.202
 6   130.587    25.025   -35.105
 6     0.450     0.824     0.348
 6    -0.032     0.402    -0.915
 6    -0.893     0.399     0.206
 7   101.685   -18.865    -6.983
 7     0.493     0.472     0.731
 7    -0.630     0.773    -0.074
 7    -0.600    -0.424     0.678
 8   112.694   -28.661   -15.944
 8     0.658    -0.733     0.176
 8    -0.117     0.132     0.984
 8    -0.744    -0.668     0.001
 9   118.156   -26.250   -49.749
 9     0.085    -0.921     0.380
 9     0.032     0.383     0.923
 9    -0.996    -0.065     0.061
 2    96.733   -22.249    59.157
 2     0.124    -0.992     0.002
 2     0.988     0.124     0.094
 2    -0.094    -0.010     0.995
 3   120.870    -2.776    -3.913
 3     0.561    -0.355    -0.749
 3     0.416     0.901    -0.114
 3     0.715    -0.248     0.653
 4    98.373     4.123    -9.247
 4     0.352    -0.584     0.732
 4     0.511     0.774     0.371
 4    -0.784     0.244     0.570
 5   112.182    18.665   -12.045
 5     0.860     0.305     0.409
 5     0.442    -0.048    -0.895
 5    -0.253     0.951    -0.176
 6   130.728    21.874   -36.388
 6     0.419     0.854     0.307
 6    -0.104     0.380    -0.919
 6    -0.902     0.353     0.248
 7   101.239   -18.835    -7.146
 7     0.485     0.464     0.741
 7    -0.618     0.781    -0.084
 7    -0.618    -0.417     0.666
 8   112.422   -27.959   -16.545
 8     0.654    -0.740     0.156
 8    -0.078     0.140     0.987
 8    -0.753    -0.657     0.034
 9   117.300   -23.925   -50.524
 9     0.073    -0.921     0.382
 9     0.080     0.387     0.918
 9    -0.994    -0.036     0.101
 2    96.736   -22.248    59.205
 2     0.125    -0.992     0.001
 2     0.988     0.125     0.093
 2    -0.093    -0.011     0.995
 3   120.671    -3.015    -4.064
 3     0.572    -0.355    -0.740
 3     0.412     0.903    -0.113
 3     0.708    -0.241     0.662
 4    98.278     4.031    -9.216
 4     0.354    -0.568     0.744
 4     0.499     0.786     0.363
 4    -0.791     0.243     0.561
 5   112.468    18.055   -12.178
 5     0.874     0.312     0.372
 5     0.407    -0.053    -0.912
 5    -0.265     0.948    -0.173
 6   130.739    19.760   -36.848
 6     0.393     0.874     0.287
 6    -0.164     0.373    -0.913
 6    -0.905     0.311     0.289
 7   101.134   -18.940    -7.183
 7     0.483     0.462     0.744
 7    -0.618     0.781    -0.084
 7    -0.621    -0.420     0.662
 8   112.318   -27.960   -16.542
 8     0.652    -0.743     0.153
 8    -0.076     0.138     0.987
 8    -0.754    -0.655     0.034
 9   116.611   -22.968   -50.885
 9     0.056    -0.929     0.365
 9     0.120     0.369     0.921
 9    -0.991    -0.007     0.131
 2    96.739   -22.248    59.202
 2     0.126    -0.992     0.001
 2     0.988     0.126     0.092
 2    -0.092    -0.011     0.996
 3   120.611    -3.196    -4.102
 3     0.575    -0.356    -0.738
 3     0.414     0.902    -0.111
 3     0.705    -0.242     0.665
 4    98.269     3.842    -9.240
 4     0.357    -0.560     0.748
 4     0.489     0.793     0.360
 4    -0.796     0.237     0.556
 5   112.552    17.656   -12.371
 5     0.879     0.318     0.354
 5     0.389    -0.051    -0.920
 5    -0.275     0.947    -0.168
 6   130.326    17.928   -37.585
 6     0.361     0.899     0.248
 6    -0.213     0.338    -0.917
 6    -0.908     0.277     0.313
 7   100.823   -19.003    -7.099
 7     0.472     0.461     0.751
 7    -0.618     0.780    -0.090
 7    -0.628    -0.422     0.654
 8   111.992   -27.867   -16.672
 8     0.645    -0.748     0.156
 8    -0.071     0.145     0.987
 8    -0.760    -0.648     0.040
 9   115.889   -22.070   -51.141
 9     0.044    -0.926     0.374
 9     0.143     0.376     0.915
 9    -0.989     0.013     0.148
 2    96.741   -22.247    59.199
 2     0.127    -0.992     0.002
 2     0.988     0.127     0.091
 2    -0.091    -0.010     0.996
 3   120.501    -3.326    -4.192
 3     0.578    -0.357    -0.735
 3     0.415     0.902    -0.111
 3     0.702    -0.241     0.669
 4    98.208     3.700    -9.283
 4     0.360    -0.552     0.753
 4     0.477     0.801     0.359
 4    -0.802     0.230     0.551
 5   112.616    17.180   -12.590
 5     0.886     0.323     0.332
 5     0.366    -0.049    -0.929
 5    -0.284     0.945    -0.161
 6   130.381    16.433   -37.913
 6     0.342     0.907     0.244
 6    -0.261     0.341    -0.903
 6    -0.903     0.245     0.354
 7   100.755   -19.009    -7.079
 7     0.472     0.459     0.753
 7    -0.613     0.784    -0.094
 7    -0.634    -0.418     0.651
 8   111.911   -27.442   -16.806
 8     0.645    -0.747     0.162
 8    -0.057     0.164     0.985
 8    -0.762    -0.644     0.063
 9   116.100   -20.238   -51.304
 9     0.047    -0.918     0.394
 9     0.186     0.395     0.900
 9    -0.981     0.031     0.188
 2    96.747   -22.246    59.194
 2     0.130    -0.992     0.002
 2     0.987     0.129     0.089
 2    -0.089    -0.010     0.996
 3   120.477    -3.249    -4.282
 3     0.577    -0.367    -0.731
 3     0.413     0.901    -0.125
 3     0.704    -0.230     0.671
 4    98.164     3.774    -9.252
 4     0.365    -0.549     0.753
 4     0.473     0.804     0.357
 4    -0.802     0.227     0.553
 5   112.838    16.938   -12.616
 5     0.893     0.324     0.313
 5     0.345    -0.047    -0.937
 5    -0.289     0.945    -0.154
 6   129.908    14.562   -38.466
 6     0.302     0.929     0.213
 6    -0.314     0.309    -0.897
 6    -0.900     0.204     0.386
 7   100.597   -18.864    -7.127
 7     0.476     0.447     0.757
 7    -0.598     0.795    -0.094
 7    -0.644    -0.408     0.646
 8   111.924   -26.913   -17.121
 8     0.644    -0.747     0.164
 8    -0.039     0.182     0.982
 8    -0.764    -0.639     0.089
 9   116.090   -17.648   -51.475
 9     0.041    -0.913     0.406
 9     0.251     0.402     0.880
 9    -0.967     0.067     0.245
 2    96.752   -22.194    59.189
 2     0.130    -0.991     0.001
 2     0.987     0.130     0.087
 2    -0.087    -0.011     0.996
 3   120.387    -3.142    -4.429
 3     0.572    -0.375    -0.731
 3     0.412     0.900    -0.138
 3     0.708    -0.223     0.668
 4    98.082     3.770    -9.269
 4     0.363    -0.549     0.754
 4     0.471     0.805     0.359
 4    -0.804     0.226     0.550
 5   112.872    16.665   -12.759
 5     0.898     0.332     0.289
 5     0.323    -0.051    -0.945
 5    -0.299     0.942    -0.153
 6   129.676    13.240   -38.759
 6     0.272     0.945     0.182
 6    -0.349     0.273    -0.896
 6    -0.897     0.179     0.404
 7   100.621   -18.740    -7.162
 7     0.484     0.434     0.759
 7    -0.585     0.806    -0.089
 7    -0.651    -0.401     0.645
 8   112.131   -26.271   -17.310
 8     0.650    -0.744     0.154
 8    -0.016     0.190     0.981
 8    -0.760    -0.641     0.112
 9   116.519   -15.408   -51.388
 9     0.041    -0.913     0.406
 9     0.301     0.398     0.866
 9    -0.953     0.087     0.290
 2    96.752   -22.194    59.188
 2     0.131    -0.991     0.002
 2     0.987     0.131     0.087
 2    -0.087    -0.010     0.996
 3   120.353    -3.109    -4.450
 3     0.565    -0.378    -0.734
 3     0.415     0.898    -0.142
 3     0.713    -0.225     0.664
 4    98.164     3.761    -9.299
 4     0.372    -0.540     0.756
 4     0.461     0.813     0.354
 4    -0.806     0.217     0.550
 5   113.102    16.293   -12.865
 5     0.908     0.332     0.256
 5     0.290    -0.057    -0.955
 5    -0.302     0.941    -0.148
 6   129.393    10.623   -39.010
 6     0.215     0.969     0.121
 6    -0.421     0.205    -0.883
 6    -0.881     0.138     0.453
 7   100.548   -18.842    -7.252
 7     0.493     0.421     0.762
 7    -0.571     0.817    -0.082
 7    -0.657    -0.395     0.642
 8   112.363   -25.779   -17.558
 8     0.655    -0.742     0.140
 8     0.011     0.196     0.980
 8    -0.755    -0.641     0.137
 9   116.865   -12.923   -51.190
 9     0.041    -0.916     0.399
 9     0.366     0.385     0.847
 9    -0.930     0.111     0.350
 2    96.754   -22.193    59.185
 2     0.132    -0.991     0.002
 2     0.987     0.132     0.086
 2    -0.086    -0.010     0.996
 3   120.308    -3.131    -4.509
 3     0.560    -0.382    -0.737
 3     0.418     0.896    -0.146
 3     0.715    -0.226     0.660
 4    98.284     3.670    -9.269
 4     0.389    -0.524     0.759
 4     0.442     0.827     0.344
 4    -0.808     0.202     0.553
 5   113.581    15.453   -13.096
 5     0.919     0.331     0.213
 5     0.243    -0.052    -0.969
 5    -0.310     0.942    -0.128
 6   128.720     6.756   -39.369
 6     0.134     0.984     0.112
 6    -0.528     0.167    -0.832
 6    -0.839     0.052     0.543
 7   100.493   -18.841    -7.283
 7     0.496     0.420     0.760
 7    -0.567     0.819    -0.083
 7    -0.657    -0.390     0.645
 8   112.257   -25.512   -17.624
 8     0.655    -0.734     0.178
 8     0.014     0.248     0.969
 8    -0.755    -0.632     0.173
 9   117.750    -9.897   -50.322
 9     0.054    -0.905     0.422
 9     0.484     0.392     0.782
 9    -0.873     0.162     0.458
 2    96.755   -22.193    59.186
 2     0.132    -0.991     0.001
 2     0.987     0.132     0.086
 2    -0.086    -0.011     0.996
 3   120.320    -3.125    -4.519
 3     0.553    -0.381    -0.742
 3     0.422     0.895    -0.144
 3     0.718    -0.234     0.655
 4    98.297     3.568    -9.265
 4     0.395    -0.523     0.756
 4     0.438     0.829     0.344
 4    -0.807     0.196     0.557
 5   113.579    15.453   -13.040
 5     0.918     0.332     0.218
 5     0.247    -0.045    -0.968
 5    -0.311     0.942    -0.123
 6   128.943     7.940   -38.672
 6     0.151     0.962     0.228
 6    -0.536     0.274    -0.799
 6    -0.831    -0.002     0.557
 7   100.569   -18.614    -7.286
 7     0.484     0.433     0.760
 7    -0.583     0.807    -0.089
 7    -0.652    -0.401     0.643
 8   111.942   -26.115   -17.320
 8     0.645    -0.735     0.210
 8    -0.037     0.245     0.969
 8    -0.763    -0.633     0.131
 9   116.442   -14.431   -51.303
 9     0.036    -0.880     0.474
 9     0.378     0.451     0.808
 9    -0.925     0.150     0.348
 2    96.755   -22.193    59.186
 2     0.133    -0.991     0.002
 2     0.987     0.133     0.086
 2    -0.086    -0.010     0.996
 3   120.469    -2.879    -4.085
 3     0.561    -0.352    -0.750
 3     0.418     0.901    -0.108
 3     0.714    -0.253     0.652
 4    98.318     4.266    -9.240
 4     0.372    -0.560     0.741
 4     0.498     0.793     0.349
 4    -0.783     0.240     0.573
 5   112.543    18.016   -11.537
 5     0.880     0.333     0.338
 5     0.387    -0.094    -0.917
 5    -0.273     0.938    -0.211
 6   129.055    16.920   -37.106
 6     0.278     0.901     0.334
 6    -0.351     0.418    -0.838
 6    -0.894     0.115     0.431
 7   100.987   -18.614    -7.264
 7     0.490     0.453     0.745
 7    -0.629     0.775    -0.059
 7    -0.604    -0.440     0.665
 8   111.758   -29.147   -15.865
 8     0.642    -0.710     0.290
 8    -0.204     0.205     0.957
 8    -0.739    -0.674    -0.013
 9   116.523   -25.284   -50.434
 9     0.068    -0.838     0.543
 9     0.168     0.545     0.821
 9    -0.983     0.036     0.176
 2    96.734   -22.288    59.180
 2     0.158    -0.987     0.001
 2     0.982     0.157     0.102
 2    -0.101    -0.015     0.995
 3   120.670    -2.772    -3.676
 3     0.555    -0.320    -0.769
 3     0.421     0.903    -0.071
 3     0.717    -0.286     0.635
 4    98.376     4.769    -9.227
 4     0.351    -0.606     0.715
 4     0.560     0.746     0.358
 4    -0.751     0.275     0.600
 5   111.223    20.262   -10.162
 5     0.823     0.332     0.460
 5     0.523    -0.130    -0.843
 5    -0.220     0.934    -0.281
 6   128.444    27.146   -33.975
 6     0.392     0.798     0.459
 6    -0.096     0.530    -0.842
 6    -0.915     0.286     0.283
 7   101.421   -18.416    -7.441
 7     0.477     0.478     0.738
 7    -0.663     0.746    -0.055
 7    -0.577    -0.463     0.672
 8   110.845   -32.010   -14.113
 8     0.602    -0.700     0.386
 8    -0.389     0.164     0.906
 8    -0.698    -0.695    -0.173
 9   115.774   -37.312   -46.964
 9     0.052    -0.773     0.633
 9    -0.074     0.628     0.773
 9    -0.996    -0.086    -0.026
 2    96.776   -22.298    59.202
 2     0.172    -0.985     0.001
 2     0.979     0.171     0.108
 2    -0.108    -0.018     0.994
 3   120.804    -2.173    -3.353
 3     0.541    -0.298    -0.788
 3     0.413     0.908    -0.058
 3     0.732    -0.294     0.613
 4    98.497     5.941    -8.989
 4     0.323    -0.664     0.675
 4     0.642     0.677     0.358
 4    -0.695     0.317     0.644
 5   109.498    23.053    -7.847
 5     0.749     0.319     0.581
 5     0.651    -0.187    -0.736
 5    -0.126     0.929    -0.347
 6   126.044    38.776   -28.304
 6     0.448     0.675     0.589
 6     0.215     0.556    -0.801
 6    -0.868     0.485     0.103
 7   101.723   -18.027    -7.545
 7     0.463     0.508     0.726
 7    -0.688     0.722    -0.066
 7    -0.558    -0.470     0.684
 8   110.704   -34.557   -10.578
 8     0.555    -0.705     0.442
