% Calibrated with leiden_pols
% Positions are in centimeters
Data =[
 2    96.457   -22.685    59.308
 2     0.095    -0.995     0.001
 2     0.976     0.094     0.192
 2    -0.192    -0.018     0.981
 3   127.316    -1.948     2.558
 3     0.349    -0.110    -0.931
 3     0.205     0.978    -0.038
 3     0.914    -0.178     0.363
 4   115.598    15.627    -4.807
 4     0.492    -0.867    -0.081
 4     0.781     0.481    -0.398
 4     0.383     0.132     0.914
 5   114.508    21.946    13.539
 5     0.076    -0.875     0.478
 5     0.097    -0.471    -0.877
 5     0.992     0.113     0.050
 6   124.317    26.847    47.715
 6     0.465    -0.828    -0.319
 6     0.146     0.422    -0.893
 6     0.873     0.368     0.317
 7   113.305   -21.794    -3.371
 7     0.571     0.799     0.189
 7    -0.792     0.475     0.384
 7     0.217    -0.369     0.903
 8   114.635   -27.676    16.931
 8     0.124     0.889     0.440
 8    -0.024    -0.441     0.897
 8     0.992    -0.121    -0.033
 9   124.523   -30.306    49.905
 9     0.358     0.821    -0.448
 9     0.032     0.465     0.883
 9     0.933    -0.329     0.139
 2    96.457   -22.685    59.308
 2     0.095    -0.995     0.001
 2     0.976     0.094     0.192
 2    -0.192    -0.018     0.981
 3   127.258    -1.901     2.564
 3     0.352    -0.113    -0.929
 3     0.203     0.978    -0.042
 3     0.913    -0.175     0.367
 4   115.524    15.729    -4.735
 4     0.491    -0.868    -0.079
 4     0.781     0.479    -0.400
 4     0.384     0.135     0.913
 5   114.434    21.943    13.527
 5     0.078    -0.875     0.478
 5     0.094    -0.470    -0.877
 5     0.992     0.113     0.046
 6   124.258    26.898    47.717
 6     0.466    -0.831    -0.308
 6     0.148     0.413    -0.898
 6     0.872     0.373     0.315
 7   113.310   -21.791    -3.377
 7     0.572     0.798     0.188
 7    -0.790     0.475     0.387
 7     0.219    -0.370     0.903
 8   114.683   -27.674    16.930
 8     0.123     0.891     0.437
 8    -0.023    -0.437     0.899
 8     0.992    -0.121    -0.033
 9   124.522   -30.307    49.905
 9     0.357     0.822    -0.448
 9     0.031     0.466     0.883
 9     0.933    -0.328     0.140
 2    96.505   -22.635    59.311
 2     0.095    -0.995     0.001
 2     0.976     0.094     0.193
 2    -0.193    -0.018     0.981
 3   127.257    -1.901     2.614
 3     0.352    -0.115    -0.929
 3     0.203     0.978    -0.044
 3     0.913    -0.174     0.368
 4   115.525    15.729    -4.760
 4     0.491    -0.868    -0.081
 4     0.781     0.479    -0.399
 4     0.384     0.133     0.913
 5   114.434    21.943    13.578
 5     0.078    -0.876     0.477
 5     0.094    -0.469    -0.878
 5     0.992     0.113     0.046
 6   124.233    26.847    47.766
 6     0.467    -0.832    -0.305
 6     0.148     0.410    -0.899
 6     0.872     0.374     0.314
 7   113.314   -21.763    -3.282
 7     0.573     0.798     0.187
 7    -0.789     0.475     0.388
 7     0.221    -0.370     0.902
 8   114.634   -27.674    16.956
 8     0.122     0.892     0.435
 8    -0.023    -0.436     0.899
 8     0.992    -0.120    -0.033
 9   124.471   -30.307    49.956
 9     0.357     0.821    -0.451
 9     0.031     0.468     0.882
 9     0.933    -0.327     0.140
 2    96.505   -22.635    59.311
 2     0.095    -0.995     0.001
 2     0.976     0.094     0.193
 2    -0.193    -0.018     0.981
 3   127.257    -1.900     2.613
 3     0.352    -0.117    -0.928
 3     0.203     0.978    -0.045
 3     0.913    -0.173     0.368
 4   115.477    15.730    -4.737
 4     0.490    -0.868    -0.081
 4     0.781     0.478    -0.400
 4     0.385     0.133     0.913
 5   114.434    21.891    13.624
 5     0.078    -0.876     0.476
 5     0.092    -0.469    -0.878
 5     0.992     0.112     0.044
 6   124.231    26.898    47.790
 6     0.466    -0.833    -0.302
 6     0.148     0.406    -0.900
 6     0.872     0.375     0.313
 7   113.319   -21.761    -3.288
 7     0.573     0.798     0.187
 7    -0.788     0.475     0.391
 7     0.223    -0.371     0.901
 8   114.633   -27.677    16.956
 8     0.122     0.892     0.435
 8    -0.024    -0.436     0.900
 8     0.992    -0.120    -0.032
 9   124.468   -30.308    49.903
 9     0.357     0.817    -0.457
 9     0.031     0.475     0.878
 9     0.933    -0.326     0.143
 2    96.504   -22.635    59.311
 2     0.094    -0.995     0.001
 2     0.976     0.093     0.193
 2    -0.193    -0.018     0.981
 3   127.232    -1.901     2.613
 3     0.352    -0.118    -0.928
 3     0.203     0.978    -0.047
 3     0.913    -0.173     0.368
 4   115.479    15.782    -4.741
 4     0.490    -0.868    -0.081
 4     0.781     0.478    -0.401
 4     0.386     0.133     0.912
 5   114.433    21.891    13.623
 5     0.078    -0.876     0.476
 5     0.092    -0.469    -0.878
 5     0.992     0.113     0.044
 6   124.225    26.847    47.796
 6     0.467    -0.834    -0.298
 6     0.150     0.403    -0.902
 6     0.871     0.376     0.313
 7   113.271   -21.761    -3.266
 7     0.573     0.798     0.186
 7    -0.788     0.474     0.391
 7     0.224    -0.371     0.901
 8   114.630   -27.678    17.007
 8     0.122     0.892     0.435
 8    -0.024    -0.436     0.900
 8     0.992    -0.120    -0.031
 9   124.474   -30.306    49.945
 9     0.356     0.817    -0.459
 9     0.031     0.476     0.877
 9     0.934    -0.325     0.143
 2    96.504   -22.635    59.311
 2     0.094    -0.995     0.001
 2     0.976     0.093     0.193
 2    -0.193    -0.018     0.981
 3   127.231    -1.900     2.613
 3     0.352    -0.120    -0.928
 3     0.203     0.978    -0.048
 3     0.913    -0.172     0.368
 4   115.477    15.731    -4.686
 4     0.489    -0.869    -0.082
 4     0.782     0.477    -0.400
 4     0.385     0.132     0.913
 5   114.458    21.943    13.643
 5     0.080    -0.876     0.476
 5     0.090    -0.469    -0.878
 5     0.993     0.113     0.042
 6   124.358    27.254    47.736
 6     0.465    -0.826    -0.323
 6     0.157     0.432    -0.887
 6     0.871     0.361     0.330
 7   113.275   -21.708    -3.269
 7     0.574     0.797     0.187
 7    -0.787     0.474     0.393
 7     0.225    -0.373     0.900
 8   114.445   -27.791    16.786
 8     0.118     0.888     0.445
 8    -0.036    -0.444     0.895
 8     0.992    -0.122    -0.020
 9   124.019   -31.872    49.601
 9     0.358     0.842    -0.408
 9    -0.018     0.439     0.897
 9     0.933    -0.312     0.172
 2    96.454   -22.635    59.310
 2     0.094    -0.995     0.002
 2     0.976     0.094     0.193
 2    -0.193    -0.017     0.981
 3   127.279    -1.772     2.465
 3     0.350    -0.101    -0.931
 3     0.196     0.980    -0.032
 3     0.916    -0.172     0.363
 4   115.190    15.718    -4.416
 4     0.493    -0.868    -0.068
 4     0.787     0.477    -0.391
 4     0.371     0.139     0.918
 5   113.760    22.390    13.817
 5     0.119    -0.789     0.603
 5     0.196    -0.577    -0.793
 5     0.973     0.212     0.087
 6   125.501    32.227    45.784
 6     0.494    -0.821    -0.291
 6     0.260     0.455    -0.850
 6     0.829     0.345     0.438
 7   113.022   -21.453    -3.441
 7     0.572     0.794     0.208
 7    -0.796     0.474     0.377
 7     0.200    -0.380     0.902
 8   113.428   -29.917    15.493
 8     0.130     0.828     0.545
 8    -0.191    -0.518     0.833
 8     0.973    -0.212     0.091
 9   123.595   -39.859    46.234
 9     0.353     0.858    -0.378
 9    -0.206     0.461     0.862
 9     0.912    -0.227     0.338
 2    96.504   -22.635    59.310
 2     0.094    -0.995     0.002
 2     0.976     0.093     0.193
 2    -0.193    -0.017     0.981
 3   127.343    -1.545     2.221
 3     0.347    -0.092    -0.933
 3     0.188     0.982    -0.026
 3     0.918    -0.167     0.358
 4   114.305    15.619    -4.541
 4     0.489    -0.872    -0.022
 4     0.815     0.466    -0.344
 4     0.310     0.150     0.938
 5   113.150    23.714    13.248
 5     0.196    -0.596     0.779
 5     0.359    -0.696    -0.621
 5     0.912     0.401     0.078
