% Calibrated with leiden_pols
% Positions are in centimeters
Data =[
 2    96.616   -22.599    59.304
 2     0.187    -0.982     0.001
 2     0.964     0.184     0.188
 2    -0.186    -0.035     0.982
 3   126.917    -1.783     2.654
 3     0.364    -0.132    -0.922
 3     0.211     0.976    -0.055
 3     0.907    -0.175     0.383
 4   114.285    15.399    -4.838
 4     0.496    -0.868    -0.024
 4     0.793     0.464    -0.395
 4     0.354     0.177     0.918
 5   113.227    21.766    13.437
 5     0.103    -0.760     0.642
 5     0.161    -0.624    -0.765
 5     0.981     0.182     0.058
 6   124.946    26.557    47.165
 6     0.483    -0.787    -0.389
 6     0.103     0.488    -0.865
 6     0.869     0.377     0.316
 7   112.718   -21.589    -3.513
 7     0.574     0.792     0.206
 7    -0.796     0.482     0.364
 7     0.189    -0.373     0.908
 8   114.517   -27.117    17.334
 8     0.207     0.844     0.495
 8    -0.033    -0.499     0.866
 8     0.978    -0.196    -0.075
 9   125.413   -29.954    49.988
 9     0.407     0.865    -0.297
 9     0.058     0.296     0.952
 9     0.911    -0.404     0.069
 2    96.619   -22.598    59.301
 2     0.187    -0.982     0.001
 2     0.964     0.184     0.188
 2    -0.185    -0.035     0.982
 3   126.860    -1.734     2.711
 3     0.365    -0.136    -0.921
 3     0.211     0.975    -0.060
 3     0.906    -0.173     0.385
 4   114.240    15.426    -4.743
 4     0.494    -0.869    -0.026
 4     0.792     0.463    -0.397
 4     0.356     0.176     0.917
 5   113.192    21.718    13.472
 5     0.103    -0.760     0.642
 5     0.159    -0.625    -0.764
 5     0.982     0.180     0.057
 6   124.840    26.556    47.222
 6     0.485    -0.788    -0.385
 6     0.104     0.485    -0.867
 6     0.868     0.379     0.317
 7   112.645   -21.563    -3.516
 7     0.574     0.793     0.205
 7    -0.796     0.482     0.364
 7     0.190    -0.373     0.908
 8   114.507   -27.070    17.299
 8     0.207     0.843     0.497
 8    -0.034    -0.501     0.864
 8     0.977    -0.196    -0.075
 9   125.362   -29.954    49.937
 9     0.407     0.865    -0.299
 9     0.058     0.298     0.952
 9     0.911    -0.403     0.070
 2    96.619   -22.598    59.301
 2     0.187    -0.982     0.001
 2     0.964     0.184     0.188
 2    -0.185    -0.035     0.982
 3   126.810    -1.734     2.736
 3     0.365    -0.137    -0.921
 3     0.211     0.975    -0.061
 3     0.906    -0.173     0.385
 4   114.217    15.427    -4.746
 4     0.494    -0.869    -0.026
 4     0.792     0.462    -0.398
 4     0.357     0.176     0.917
 5   113.192    21.718    13.470
 5     0.102    -0.760     0.643
 5     0.157    -0.625    -0.764
 5     0.982     0.179     0.056
 6   124.804    26.502    47.310
 6     0.488    -0.787    -0.383
 6     0.105     0.485    -0.867
 6     0.866     0.382     0.319
 7   112.670   -21.563    -3.516
 7     0.575     0.792     0.205
 7    -0.796     0.483     0.365
 7     0.190    -0.372     0.908
 8   114.518   -27.119    17.284
 8     0.207     0.842     0.498
 8    -0.034    -0.502     0.864
 8     0.978    -0.196    -0.075
 9   125.362   -29.954    49.988
 9     0.406     0.865    -0.300
 9     0.058     0.299     0.951
 9     0.911    -0.403     0.070
 2    96.616   -22.599    59.304
 2     0.187    -0.982     0.001
 2     0.964     0.184     0.188
 2    -0.186    -0.035     0.982
 3   126.924    -1.680     2.699
 3     0.362    -0.130    -0.923
 3     0.210     0.976    -0.055
 3     0.908    -0.175     0.380
 4   114.219    15.479    -4.749
 4     0.493    -0.870    -0.026
 4     0.793     0.461    -0.398
 4     0.358     0.176     0.917
 5   113.193    21.717    13.492
 5     0.103    -0.759     0.643
 5     0.155    -0.627    -0.763
 5     0.982     0.178     0.054
 6   124.829    26.450    47.283
 6     0.489    -0.785    -0.385
 6     0.103     0.486    -0.866
 6     0.866     0.384     0.318
 7   112.670   -21.512    -3.517
 7     0.576     0.792     0.203
 7    -0.795     0.484     0.365
 7     0.190    -0.372     0.908
 8   114.519   -27.068    17.335
 8     0.206     0.842     0.498
 8    -0.034    -0.502     0.864
 8     0.978    -0.195    -0.075
 9   125.366   -29.952    49.980
 9     0.405     0.864    -0.304
 9     0.058     0.302     0.950
 9     0.912    -0.401     0.071
 2    96.616   -22.599    59.304
 2     0.187    -0.982     0.001
 2     0.964     0.184     0.188
 2    -0.186    -0.035     0.982
 3   127.026    -1.630     2.522
 3     0.362    -0.124    -0.924
 3     0.208     0.977    -0.049
 3     0.908    -0.176     0.379
 4   114.217    15.581    -4.750
 4     0.491    -0.871    -0.025
 4     0.794     0.459    -0.399
 4     0.358     0.177     0.916
 5   113.206    21.770    13.461
 5     0.104    -0.754     0.648
 5     0.148    -0.633    -0.760
 5     0.983     0.174     0.046
 6   124.934    26.498    47.316
 6     0.489    -0.778    -0.399
 6     0.100     0.500    -0.858
 6     0.866     0.379     0.323
 7   112.767   -21.460    -3.540
 7     0.579     0.790     0.204
 7    -0.793     0.487     0.365
 7     0.189    -0.373     0.908
 8   114.704   -27.108    16.952
 8     0.175     0.864     0.471
 8    -0.030    -0.474     0.880
 8     0.984    -0.168    -0.057
 9   125.388   -30.029    49.785
 9     0.396     0.864    -0.317
 9     0.049     0.321     0.945
 9     0.917    -0.388     0.083
 2    96.616   -22.599    59.304
 2     0.187    -0.982     0.001
 2     0.964     0.184     0.188
 2    -0.186    -0.035     0.982
 3   127.057    -1.503     2.337
 3     0.361    -0.120    -0.925
 3     0.206     0.977    -0.045
 3     0.909    -0.175     0.377
 4   114.091    15.702    -4.672
 4     0.486    -0.874    -0.015
 4     0.801     0.452    -0.392
 4     0.349     0.179     0.920
 5   113.097    21.994    13.403
 5     0.112    -0.736     0.668
 5     0.158    -0.651    -0.743
 5     0.981     0.188     0.044
 6   125.620    27.306    46.756
 6     0.494    -0.764    -0.420
 6     0.114     0.532    -0.838
 6     0.861     0.365     0.350
 7   112.773   -21.380    -3.547
 7     0.583     0.786     0.205
 7    -0.790     0.489     0.370
 7     0.191    -0.378     0.906
 8   114.301   -27.784    16.475
 8     0.173     0.850     0.498
 8    -0.074    -0.493     0.867
 8     0.982    -0.187    -0.022
 9   125.183   -32.817    48.717
 9     0.385     0.859    -0.341
 9    -0.015     0.371     0.927
 9     0.922    -0.351     0.155
 2    96.616   -22.599    59.253
 2     0.186    -0.982     0.001
 2     0.964     0.183     0.188
 2    -0.186    -0.035     0.982
 3   127.222    -1.453     2.094
 3     0.359    -0.106    -0.927
 3     0.198     0.979    -0.035
 3     0.911    -0.172     0.373
 4   113.754    15.674    -4.673
 4     0.489    -0.872     0.009
 4     0.813     0.452    -0.366
 4     0.315     0.186     0.930
 5   112.959    22.805    13.377
 5     0.166    -0.673     0.721
 5     0.270    -0.672    -0.689
 5     0.948     0.308     0.070
 6   127.413    32.131    44.430
 6     0.524    -0.718    -0.463
 6     0.203     0.629    -0.748
 6     0.827     0.298     0.475
 7   112.457   -21.058    -3.871
 7     0.590     0.772     0.236
 7    -0.793     0.501     0.345
 7     0.148    -0.391     0.908
 8   113.608   -30.199    14.793
 8     0.180     0.812     0.555
 8    -0.245    -0.510     0.824
 8     0.953    -0.284     0.108
 9   125.363   -40.470    44.853
 9     0.389     0.843    -0.374
 9    -0.182     0.464     0.865
 9     0.903    -0.269     0.333
 2    96.616   -22.599    59.253
 2     0.186    -0.983     0.001
 2     0.964     0.183     0.188
 2    -0.186    -0.034     0.982
 3   127.172    -1.277     1.864
 3     0.361    -0.106    -0.927
 3     0.196     0.980    -0.035
 3     0.911    -0.170     0.374
 4   112.842    15.390    -5.117
 4     0.474    -0.879     0.052
 4     0.847     0.438    -0.301
 4     0.241     0.187     0.952
 5   112.095    24.347    12.466
 5     0.213    -0.544     0.812
 5     0.433    -0.692    -0.577
 5     0.875     0.474     0.088
 6   128.414    39.221    39.722
 6     0.574    -0.726    -0.384
 6     0.359     0.640    -0.677
 6     0.736     0.252     0.628
 7   111.954   -20.709    -4.463
 7     0.598     0.749     0.287
 7    -0.798     0.522     0.302
 7     0.076    -0.409     0.909
 8   112.675   -32.591    12.459
 8     0.209     0.720     0.662
 8    -0.451    -0.530     0.717
 8     0.867    -0.448     0.214
 9   125.768   -49.354    37.929
 9     0.436     0.842    -0.322
 9    -0.395     0.496     0.772
 9     0.809    -0.210     0.548
 2    96.616   -22.599    59.304
 2     0.186    -0.983     0.001
 2     0.964     0.183     0.188
 2    -0.186    -0.035     0.982
 3   127.092    -0.974     1.675
 3     0.365    -0.114    -0.924
 3     0.211     0.977    -0.036
 3     0.906    -0.183     0.380
 4   111.275    14.458    -5.655
 4     0.450    -0.886     0.108
 4     0.885     0.427    -0.187
 4     0.119     0.180     0.976
 5   111.362    25.640    10.665
 5     0.269    -0.400     0.877
 5     0.578    -0.662    -0.478
 5     0.771     0.634     0.053
 6   129.086    45.776    32.660
 6     0.625    -0.742    -0.245
 6     0.511     0.624    -0.590
 6     0.589     0.245     0.769
 7   111.267   -20.068    -4.887
 7     0.591     0.734     0.335
 7    -0.807     0.538     0.243
 7    -0.001    -0.414     0.910
 8   111.825   -34.138     9.988
 8     0.241     0.595     0.767
 8    -0.623    -0.511     0.592
 8     0.744    -0.620     0.248
 9   125.721   -56.030    30.143
 9     0.473     0.848    -0.243
 9    -0.575     0.503     0.645
 9     0.668    -0.166     0.724
 2    96.618   -22.598    59.301
 2     0.186    -0.982     0.001
 2     0.965     0.183     0.187
 2    -0.185    -0.035     0.982
 3   126.986    -0.667     1.474
 3     0.366    -0.139    -0.920
 3     0.229     0.972    -0.055
 3     0.902    -0.191     0.387
 4   109.800    13.367    -6.469
 4     0.422    -0.891     0.167
 4     0.906     0.417    -0.069
 4    -0.009     0.180     0.983
 5   110.706    26.474     8.596
 5     0.306    -0.294     0.906
 5     0.673    -0.607    -0.424
 5     0.673     0.738     0.012
 6   129.424    49.661    25.714
 6     0.647    -0.737    -0.198
 6     0.603     0.652    -0.457
 6     0.465     0.177     0.867
 7   110.954   -19.595    -5.463
 7     0.579     0.731     0.361
 7    -0.813     0.551     0.186
 7    -0.063    -0.401     0.913
 8   110.962   -35.040     7.401
 8     0.254     0.493     0.833
 8    -0.737    -0.459     0.496
 8     0.626    -0.739     0.247
 9   124.655   -60.949    22.144
 9     0.471     0.865    -0.173
 9    -0.723     0.489     0.487
 9     0.505    -0.105     0.856
 2    96.583   -22.592    59.280
 2     0.187    -0.982     0.001
 2     0.966     0.184     0.181
 2    -0.178    -0.033     0.983
 3   126.928    -0.299     1.272
 3     0.354    -0.166    -0.921
 3     0.246     0.966    -0.079
 3     0.902    -0.199     0.383
 4   108.910    12.438    -7.112
 4     0.415    -0.885     0.212
 4     0.902     0.429     0.028
 4    -0.116     0.180     0.977
 5   110.668    27.210     6.445
 5     0.352    -0.216     0.911
 5     0.735    -0.540    -0.411
 5     0.579     0.813    -0.032
 6   129.919    52.326    18.880
 6     0.665    -0.737    -0.124
 6     0.666     0.660    -0.346
 6     0.336     0.148     0.930
 7   110.446   -18.800    -5.968
 7     0.567     0.729     0.384
 7    -0.813     0.570     0.117
 7    -0.133    -0.379     0.915
 8   110.397   -35.504     4.932
 8     0.275     0.345     0.898
 8    -0.834    -0.380     0.401
 8     0.479    -0.858     0.183
 9   122.802   -64.983    12.731
 9     0.431     0.899    -0.072
 9    -0.852     0.432     0.296
 9     0.297    -0.067     0.952
 2    96.586   -22.591    59.278
 2     0.187    -0.982     0.000
 2     0.966     0.184     0.180
 2    -0.177    -0.034     0.984
 3   126.640     0.166     0.695
 3     0.345    -0.193    -0.919
 3     0.262     0.959    -0.103
 3     0.901    -0.206     0.380
 4   107.511    11.580    -7.662
 4     0.406    -0.870     0.279
 4     0.886     0.449     0.112
 4    -0.223     0.201     0.953
 5   110.568    27.605     4.290
 5     0.420    -0.105     0.901
 5     0.775    -0.475    -0.417
 5     0.471     0.873    -0.118
 6   130.495    53.845    11.453
 6     0.694    -0.720     0.016
 6     0.698     0.667    -0.259
 6     0.175     0.191     0.966
 7   110.013   -18.099    -6.582
 7     0.566     0.717     0.408
 7    -0.799     0.598     0.058
 7    -0.202    -0.359     0.911
 8   110.097   -35.987     2.085
 8     0.311     0.194     0.930
 8    -0.898    -0.261     0.354
 8     0.311    -0.945     0.093
 9   121.588   -66.749     2.603
 9     0.399     0.915     0.054
 9    -0.915     0.393     0.094
 9     0.065    -0.087     0.994
 2    96.588   -22.590    59.275
 2     0.187    -0.982     0.001
 2     0.966     0.184     0.178
 2    -0.176    -0.033     0.984
 3   126.103     0.829    -0.258
 3     0.342    -0.261    -0.903
 3     0.290     0.943    -0.162
 3     0.894    -0.207     0.397
 4   105.670    10.846    -8.275
 4     0.359    -0.863     0.356
 4     0.870     0.447     0.207
 4    -0.337     0.235     0.911
 5   109.584    28.082     1.878
 5     0.454    -0.013     0.891
 5     0.814    -0.400    -0.421
 5     0.361     0.916    -0.172
 6   129.381    54.746     3.998
 6     0.700    -0.709     0.090
 6     0.713     0.687    -0.137
 6     0.035     0.159     0.986
 7   109.644   -17.530    -7.067
 7     0.588     0.689     0.424
 7    -0.775     0.629     0.051
 7    -0.231    -0.358     0.904
 8   110.143   -36.134    -0.202
 8     0.345     0.092     0.934
 8    -0.921    -0.162     0.355
 8     0.184    -0.982     0.029
 9   121.676   -66.606    -5.384
 9     0.391     0.917     0.077
 9    -0.914     0.396    -0.089
 9    -0.112    -0.035     0.993
 2    96.594   -22.537    59.266
 2     0.187    -0.982     0.001
 2     0.967     0.184     0.175
 2    -0.173    -0.032     0.984
 3   125.590     1.007    -1.055
 3     0.339    -0.281    -0.898
 3     0.311     0.934    -0.174
 3     0.888    -0.221     0.403
 4   104.236     9.675    -8.810
 4     0.332    -0.851     0.407
 4     0.833     0.466     0.297
 4    -0.443     0.240     0.863
 5   108.870    28.148    -1.025
 5     0.479     0.042     0.877
 5     0.842    -0.304    -0.445
 5     0.248     0.951    -0.181
 6   128.532    54.501    -3.392
 6     0.694    -0.695     0.190
 6     0.711     0.701    -0.036
 6    -0.108     0.158     0.981
 7   108.635   -17.543    -7.284
 7     0.579     0.672     0.462
 7    -0.768     0.639     0.031
 7    -0.274    -0.372     0.886
 8   109.377   -36.388    -2.421
 8     0.362    -0.013     0.932
 8    -0.930    -0.067     0.361
 8     0.057    -0.998    -0.037
 9   119.442   -66.308   -12.724
 9     0.339     0.932     0.130
 9    -0.903     0.360    -0.233
 9    -0.263    -0.038     0.964
 2    96.650   -22.534    59.308
 2     0.187    -0.982     0.001
 2     0.967     0.184     0.172
 2    -0.170    -0.032     0.985
 3   124.698     0.722    -2.118
 3     0.371    -0.289    -0.883
 3     0.325     0.930    -0.167
 3     0.870    -0.226     0.438
 4   102.354     8.930    -9.007
 4     0.317    -0.817     0.482
 4     0.793     0.506     0.336
 4    -0.519     0.276     0.808
 5   108.458    27.635    -2.854
 5     0.539     0.119     0.834
 5     0.829    -0.251    -0.500
 5     0.149     0.961    -0.234
 6   128.411    52.296    -9.846
 6     0.709    -0.596     0.379
 6     0.655     0.754    -0.039
 6    -0.263     0.274     0.924
 7   106.366   -17.513    -7.413
 7     0.544     0.640     0.543
 7    -0.765     0.644     0.007
 7    -0.345    -0.419     0.839
 8   107.712   -36.580    -4.219
 8     0.385    -0.127     0.914
 8    -0.921     0.013     0.390
 8    -0.061    -0.992    -0.111
 9   115.835   -65.488   -19.312
 9     0.275     0.922     0.273
 9    -0.875     0.356    -0.328
 9    -0.398    -0.147     0.904
 2    96.663   -22.529    59.291
 2     0.187    -0.982     0.001
 2     0.968     0.185     0.166
 2    -0.164    -0.031     0.986
 3   122.968     0.258    -3.009
 3     0.429    -0.300    -0.852
 3     0.338     0.927    -0.155
 3     0.837    -0.222     0.499
 4    99.959     8.180    -8.700
 4     0.275    -0.789     0.550
 4     0.767     0.524     0.368
 4    -0.579     0.321     0.749
 5   107.461    26.787    -3.500
 5     0.599     0.231     0.766
 5     0.797    -0.255    -0.547
 5     0.069     0.939    -0.337
 6   124.942    51.777   -13.369
 6     0.592     0.020     0.806
 6     0.658     0.566    -0.495
 6    -0.466     0.824     0.323
 7   104.196   -17.808    -7.053
 7     0.501     0.589     0.635
 7    -0.761     0.648    -0.000
 7    -0.412    -0.483     0.772
 8   106.852   -36.957    -4.870
 8     0.425    -0.317     0.848
 8    -0.884     0.058     0.464
 8    -0.196    -0.947    -0.255
 9   111.684   -64.416   -23.418
 9     0.186     0.548     0.816
 9    -0.830     0.529    -0.168
 9    -0.525    -0.647     0.552
 2    96.670   -22.526    59.282
 2     0.188    -0.982     0.000
 2     0.969     0.185     0.163
 2    -0.161    -0.031     0.986
 3   121.752    -0.067    -3.539
 3     0.475    -0.324    -0.819
 3     0.353     0.921    -0.158
 3     0.805    -0.215     0.552
 4    98.354     7.700    -8.505
 4     0.237    -0.768     0.596
 4     0.744     0.537     0.396
 4    -0.624     0.349     0.698
 5   106.737    26.585    -4.751
 5     0.628     0.271     0.729
 5     0.778    -0.224    -0.587
 5     0.004     0.936    -0.352
 6   123.304    51.042   -17.127
 6     0.511     0.358     0.783
 6     0.645     0.442    -0.621
 6    -0.567     0.822    -0.003
 7   103.020   -17.802    -7.072
 7     0.478     0.560     0.677
 7    -0.751     0.659    -0.015
 7    -0.455    -0.501     0.735
 8   106.928   -36.923    -6.287
 8     0.461    -0.497     0.736
 8    -0.814     0.094     0.573
 8    -0.354    -0.863    -0.360
 9   108.880   -62.708   -28.229
 9     0.056    -0.101     0.993
 9    -0.768     0.632     0.107
 9    -0.638    -0.768    -0.041
 2    96.677   -22.498    59.273
 2     0.188    -0.982     0.001
 2     0.969     0.186     0.160
 2    -0.158    -0.030     0.987
 3   121.050    -0.350    -3.843
 3     0.501    -0.333    -0.800
 3     0.377     0.914    -0.144
 3     0.779    -0.230     0.583
 4    97.425     6.933    -8.489
 4     0.225    -0.733     0.643
 4     0.694     0.583     0.422
 4    -0.684     0.351     0.639
 5   106.993    25.720    -6.741
 5     0.667     0.319     0.674
 5     0.740    -0.180    -0.647
 5    -0.085     0.930    -0.356
 6   123.605    47.670   -22.632
 6     0.488     0.504     0.716
 6     0.553     0.455    -0.696
 6    -0.675     0.734    -0.056
 7   102.353   -17.968    -6.941
 7     0.455     0.547     0.703
 7    -0.744     0.667    -0.038
 7    -0.490    -0.505     0.710
 8   107.155   -36.425    -8.311
 8     0.479    -0.600     0.641
 8    -0.725     0.141     0.674
 8    -0.494    -0.787    -0.368
 9   108.793   -58.616   -34.379
 9     0.017    -0.347     0.938
 9    -0.660     0.701     0.269
 9    -0.751    -0.623    -0.217
 2    96.681   -22.522    59.293
 2     0.188    -0.982     0.001
 2     0.969     0.186     0.158
 2    -0.156    -0.030     0.987
 3   120.938    -0.726    -3.890
 3     0.521    -0.333    -0.787
 3     0.384     0.913    -0.131
 3     0.762    -0.235     0.602
 4    97.311     6.618    -8.467
 4     0.247    -0.684     0.687
 4     0.651     0.641     0.405
 4    -0.718     0.348     0.603
 5   108.698    24.455    -8.197
 5     0.739     0.324     0.590
 5     0.657    -0.161    -0.736
 5    -0.144     0.932    -0.332
 6   126.506    41.996   -26.908
 6     0.508     0.620     0.603
 6     0.397     0.450    -0.797
 6    -0.765     0.643    -0.017
 7   101.923   -17.927    -7.055
 7     0.447     0.534     0.717
 7    -0.725     0.685    -0.059
 7    -0.524    -0.494     0.694
 8   107.675   -35.186   -10.665
 8     0.505    -0.672     0.543
 8    -0.610     0.167     0.774
 8    -0.610    -0.722    -0.325
 9   110.121   -52.477   -40.169
 9     0.021    -0.473     0.881
 9    -0.521     0.747     0.412
 9    -0.853    -0.466    -0.231
 2    96.794   -22.301    59.197
 2     0.198    -0.980     0.001
 2     0.974     0.198     0.107
 2    -0.105    -0.021     0.994
 3   120.618    -1.029    -4.130
 3     0.543    -0.332    -0.772
 3     0.392     0.912    -0.115
 3     0.742    -0.241     0.625
 4    97.136     6.388    -8.561
 4     0.261    -0.643     0.721
 4     0.613     0.686     0.390
 4    -0.746     0.340     0.573
 5   109.596    23.270    -9.531
 5     0.786     0.321     0.529
 5     0.591    -0.138    -0.795
 5    -0.182     0.937    -0.298
 6   127.906    37.332   -30.309
 6     0.500     0.693     0.523
 6     0.280     0.440    -0.852
 6    -0.820     0.571     0.026
 7   101.483   -18.023    -6.934
 7     0.439     0.522     0.731
 7    -0.716     0.695    -0.067
 7    -0.543    -0.494     0.679
 8   109.155   -33.480   -12.426
 8     0.556    -0.732     0.394
 8    -0.455     0.129     0.881
 8    -0.696    -0.669    -0.261
 9   112.985   -44.726   -44.529
 9     0.052    -0.616     0.787
 9    -0.358     0.724     0.588
 9    -0.932    -0.310    -0.184
 2    96.809   -22.272    59.179
 2     0.202    -0.979     0.002
 2     0.974     0.201     0.100
 2    -0.099    -0.019     0.995
 3   120.531    -1.395    -4.148
 3     0.551    -0.326    -0.769
 3     0.403     0.909    -0.096
 3     0.730    -0.258     0.632
 4    97.198     5.932    -8.596
 4     0.270    -0.620     0.737
 4     0.575     0.717     0.393
 4    -0.772     0.318     0.550
 5   110.626    21.830   -10.629
 5     0.824     0.317     0.469
 5     0.522    -0.105    -0.846
 5    -0.219     0.942    -0.252
 6   129.175    31.452   -33.349
 6     0.484     0.745     0.463
 6     0.135     0.456    -0.878
 6    -0.864     0.487     0.120
 7   101.420   -18.403    -6.821
 7     0.473     0.482     0.737
 7    -0.678     0.733    -0.045
 7    -0.562    -0.479     0.674
 8   110.897   -31.435   -14.054
 8     0.612    -0.736     0.290
 8    -0.306     0.118     0.945
 8    -0.729    -0.666    -0.153
 9   116.133   -35.842   -47.503
 9     0.099    -0.694     0.715
 9    -0.155     0.697     0.698
 9    -0.983    -0.178    -0.041
 2    96.814   -22.270    59.174
 2     0.204    -0.979     0.001
 2     0.974     0.203     0.098
 2    -0.097    -0.019     0.995
 3   120.582    -1.883    -4.211
 3     0.556    -0.321    -0.767
 3     0.412     0.907    -0.080
 3     0.722    -0.272     0.636
 4    97.643     5.403    -8.877
 4     0.306    -0.584     0.752
 4     0.533     0.759     0.373
 4    -0.788     0.287     0.544
 5   111.860    20.086   -11.437
 5     0.860     0.303     0.410
 5     0.453    -0.086    -0.887
 5    -0.233     0.949    -0.211
 6   130.942    25.606   -35.139
 6     0.476     0.789     0.391
 6    -0.015     0.449    -0.892
 6    -0.879     0.419     0.225
 7   101.433   -18.665    -6.954
 7     0.492     0.457     0.741
 7    -0.649     0.760    -0.038
 7    -0.581    -0.462     0.670
 8   111.686   -29.968   -15.198
 8     0.636    -0.731     0.246
 8    -0.217     0.136     0.966
 8    -0.740    -0.668    -0.072
 9   116.941   -30.020   -49.105
 9     0.117    -0.730     0.675
 9    -0.018     0.677     0.734
 9    -0.993    -0.097     0.064
 2    96.816   -22.269    59.222
 2     0.204    -0.979     0.001
 2     0.974     0.203     0.097
 2    -0.096    -0.019     0.995
 3   120.663    -2.295    -4.363
 3     0.562    -0.321    -0.763
 3     0.413     0.907    -0.076
 3     0.716    -0.273     0.641
 4    97.812     5.047    -9.049
 4     0.323    -0.565     0.760
 4     0.510     0.779     0.363
 4    -0.797     0.271     0.539
 5   112.222    19.181   -12.258
 5     0.872     0.311     0.377
 5     0.415    -0.064    -0.907
 5    -0.258     0.948    -0.185
 6   130.883    22.077   -36.853
 6     0.438     0.833     0.340
 6    -0.108     0.423    -0.899
 6    -0.893     0.356     0.274
 7   101.267   -18.634    -7.023
 7     0.483     0.455     0.748
 7    -0.641     0.766    -0.052
 7    -0.597    -0.454     0.661
 8   111.606   -29.274   -15.679
 8     0.632    -0.739     0.235
 8    -0.182     0.153     0.971
 8    -0.753    -0.657    -0.037
 9   115.892   -26.985   -50.204
 9     0.096    -0.760     0.644
 9     0.054     0.649     0.758
 9    -0.994    -0.037     0.101
 2    96.818   -22.269    59.168
 2     0.204    -0.979     0.001
 2     0.974     0.203     0.096
 2    -0.095    -0.019     0.995
 3   120.596    -2.479    -4.420
 3     0.569    -0.322    -0.758
 3     0.413     0.907    -0.074
 3     0.711    -0.271     0.648
 4    97.800     4.903    -9.111
 4     0.328    -0.553     0.766
 4     0.496     0.790     0.358
 4    -0.804     0.262     0.534
 5   112.373    18.619   -12.556
 5     0.881     0.321     0.346
 5     0.384    -0.061    -0.921
 5    -0.274     0.945    -0.177
 6   130.504    19.637   -37.664
 6     0.398     0.871     0.289
 6    -0.179     0.382    -0.907
 6    -0.900     0.308     0.307
 7   100.861   -18.632    -6.945
 7     0.477     0.442     0.760
 7    -0.624     0.778    -0.061
 7    -0.619    -0.445     0.647
 8   111.413   -28.398   -16.232
 8     0.627    -0.753     0.202
 8    -0.133     0.152     0.979
 8    -0.768    -0.641    -0.005
 9   114.967   -24.290   -51.153
 9     0.076    -0.789     0.611
 9     0.099     0.615     0.781
 9    -0.992     0.002     0.123
 2    96.823   -22.267    59.162
 2     0.205    -0.979     0.001
 2     0.974     0.204     0.094
 2    -0.093    -0.019     0.995
 3   120.446    -2.616    -4.571
 3     0.579    -0.325    -0.748
 3     0.410     0.908    -0.076
 3     0.704    -0.264     0.659
 4    97.690     4.763    -9.211
 4     0.333    -0.543     0.772
 4     0.485     0.799     0.353
 4    -0.809     0.257     0.529
 5   112.296    18.162   -12.878
 5     0.885     0.329     0.330
 5     0.365    -0.048    -0.930
 5    -0.290     0.943    -0.162
 6   129.998    17.401   -38.701
 6     0.363     0.894     0.261
 6    -0.239     0.360    -0.902
 6    -0.900     0.265     0.344
 7   100.516   -18.553    -6.997
 7     0.465     0.435     0.772
 7    -0.613     0.786    -0.073
 7    -0.638    -0.440     0.631
 8   111.439   -27.461   -16.727
 8     0.627    -0.760     0.172
 8    -0.084     0.154     0.984
 8    -0.774    -0.631     0.033
 9   114.544   -21.299   -51.742
 9     0.059    -0.818     0.573
 9     0.154     0.573     0.804
 9    -0.986     0.042     0.158
 2    96.825   -22.266    59.159
 2     0.205    -0.979     0.001
 2     0.974     0.205     0.093
 2    -0.092    -0.018     0.996
 3   120.311    -2.788    -4.638
 3     0.573    -0.323    -0.754
 3     0.411     0.908    -0.074
 3     0.708    -0.268     0.652
 4    97.660     4.517    -9.247
 4     0.340    -0.533     0.776
 4     0.469     0.810     0.351
 4    -0.815     0.245     0.524
 5   112.395    17.447   -13.374
 5     0.890     0.339     0.303
 5     0.335    -0.039    -0.941
 5    -0.307     0.940    -0.149
 6   129.675    15.147   -39.521
 6     0.327     0.915     0.237
 6    -0.286     0.335    -0.898
 6    -0.901     0.225     0.371
 7   100.425   -18.668    -7.053
 7     0.465     0.423     0.778
 7    -0.599     0.797    -0.075
 7    -0.652    -0.431     0.624
 8   111.750   -26.685   -17.086
 8     0.636    -0.759     0.136
 8    -0.037     0.146     0.988
 8    -0.770    -0.634     0.065
 9   115.023   -18.401   -51.847
 9     0.054    -0.846     0.532
 9     0.212     0.529     0.821
 9    -0.976     0.068     0.206
 2    96.825   -22.266    59.159
 2     0.205    -0.979     0.001
 2     0.974     0.205     0.093
 2    -0.092    -0.018     0.996
 3   120.381    -2.931    -4.720
 3     0.564    -0.328    -0.759
 3     0.412     0.906    -0.085
 3     0.715    -0.265     0.646
 4    97.792     4.382    -9.328
 4     0.348    -0.527     0.776
 4     0.460     0.816     0.348
 4    -0.817     0.236     0.526
 5   112.691    17.001   -13.252
 5     0.898     0.344     0.274
 5     0.309    -0.052    -0.950
 5    -0.312     0.938    -0.152
 6   129.069    12.028   -39.875
 6     0.249     0.950     0.185
 6    -0.403     0.277    -0.872
 6    -0.880     0.141     0.453
 7   100.380   -18.629    -7.213
 7     0.468     0.410     0.783
 7    -0.581     0.810    -0.077
 7    -0.666    -0.419     0.617
 8   111.871   -25.974   -17.509
 8     0.634    -0.764     0.119
 8    -0.001     0.154     0.988
 8    -0.773    -0.626     0.096
 9   114.632   -14.827   -52.102
 9     0.030    -0.862     0.506
 9     0.302     0.490     0.817
 9    -0.953     0.128     0.274
 2    96.827   -22.265    59.156
 2     0.205    -0.979     0.001
 2     0.974     0.205     0.092
 2    -0.091    -0.018     0.996
 3   120.272    -2.925    -4.877
 3     0.558    -0.338    -0.759
 3     0.409     0.906    -0.101
 3     0.721    -0.255     0.643
 4    97.798     4.271    -9.360
 4     0.356    -0.517     0.779
 4     0.450     0.825     0.341
 4    -0.819     0.229     0.526
 5   112.764    16.434   -13.488
 5     0.903     0.354     0.244
 5     0.276    -0.043    -0.960
 5    -0.330     0.934    -0.137
 6   128.424     9.527   -40.361
 6     0.181     0.968     0.173
 6    -0.481     0.242    -0.842
 6    -0.858     0.068     0.510
 7   100.227   -18.587    -7.235
 7     0.469     0.401     0.787
 7    -0.569     0.818    -0.078
 7    -0.675    -0.412     0.611
 8   111.639   -25.277   -17.745
 8     0.629    -0.765     0.141
 8     0.017     0.195     0.980
 8    -0.777    -0.614     0.136
 9   114.829   -11.081   -51.643
 9     0.022    -0.862     0.506
 9     0.422     0.466     0.777
 9    -0.906     0.196     0.373
 2    96.827   -22.215    59.156
 2     0.205    -0.979     0.001
 2     0.974     0.205     0.092
 2    -0.091    -0.018     0.996
 3   120.335    -2.821    -4.845
 3     0.559    -0.336    -0.759
 3     0.402     0.909    -0.105
 3     0.725    -0.247     0.642
 4    97.865     4.457    -9.333
 4     0.361    -0.516     0.777
 4     0.455     0.824     0.335
 4    -0.814     0.233     0.532
 5   112.913    16.884   -13.102
 5     0.904     0.346     0.250
 5     0.286    -0.056    -0.957
 5    -0.317     0.936    -0.150
 6   129.150    12.240   -39.482
 6     0.229     0.958     0.172
 6    -0.418     0.257    -0.871
 6    -0.879     0.126     0.460
 7   100.327   -18.326    -7.311
 7     0.468     0.408     0.784
 7    -0.579     0.811    -0.076
 7    -0.667    -0.418     0.616
 8   111.692   -25.687   -17.621
 8     0.631    -0.758     0.165
 8    -0.023     0.195     0.980
 8    -0.775    -0.623     0.106
 9   114.797   -15.749   -52.028
 9     0.038    -0.861     0.507
 9     0.298     0.493     0.817
 9    -0.954     0.121     0.274
 2    96.777   -22.265    59.207
 2     0.205    -0.979     0.001
 2     0.974     0.205     0.092
 2    -0.091    -0.018     0.996
 3   120.476    -2.511    -4.538
 3     0.551    -0.319    -0.772
 3     0.409     0.908    -0.082
 3     0.727    -0.271     0.630
 4    97.854     4.861    -9.316
 4     0.351    -0.550     0.759
 4     0.496     0.795     0.347
 4    -0.794     0.255     0.551
 5   112.180    18.473   -12.336
 5     0.879     0.340     0.335
 5     0.378    -0.069    -0.923
 5    -0.291     0.938    -0.189
 6   129.136    19.702   -37.942
 6     0.326     0.913     0.246
 6    -0.217     0.326    -0.920
 6    -0.920     0.246     0.304
 7   100.724   -18.182    -7.336
 7     0.472     0.422     0.774
 7    -0.619     0.783    -0.050
 7    -0.628    -0.456     0.631
 8   111.434   -28.264   -16.334
 8     0.631    -0.740     0.234
 8    -0.173     0.160     0.972
 8    -0.756    -0.653    -0.027
 9   115.051   -25.764   -51.067
 9     0.066    -0.848     0.527
 9     0.088     0.530     0.842
 9    -0.994    -0.009     0.108
 2    96.823   -22.267    59.162
 2     0.205    -0.979     0.002
 2     0.974     0.205     0.094
 2    -0.093    -0.018     0.996
 3   120.534    -2.282    -4.284
 3     0.550    -0.307    -0.777
 3     0.407     0.910    -0.069
 3     0.728    -0.279     0.625
 4    97.796     5.507    -9.178
 4     0.328    -0.590     0.739
 4     0.549     0.754     0.358
 4    -0.768     0.288     0.571
 5   111.208    20.685   -11.084
 5     0.841     0.323     0.433
 5     0.487    -0.106    -0.867
 5    -0.234     0.940    -0.246
 6   128.553    28.840   -34.896
 6     0.408     0.830     0.380
 6     0.017     0.408    -0.912
 6    -0.913     0.379     0.152
 7   100.975   -18.041    -7.167
 7     0.469     0.448     0.761
 7    -0.661     0.749    -0.033
 7    -0.585    -0.488     0.647
 8   110.729   -31.095   -14.534
 8     0.606    -0.712     0.356
 8    -0.333     0.179     0.925
 8    -0.722    -0.679    -0.128
 9   116.679   -36.137   -46.875
 9     0.084    -0.827     0.557
 9    -0.088     0.550     0.830
 9    -0.993    -0.117    -0.028
 2    96.832   -22.308    59.199
 2     0.227    -0.974     0.002
 2     0.968     0.226     0.106
 2    -0.105    -0.023     0.994
 3   120.665    -1.880    -3.949
 3     0.555    -0.290    -0.781
 3     0.402     0.913    -0.053
 3     0.728    -0.285     0.623
 4    97.966     6.410    -9.037
 4     0.319    -0.633     0.706
 4     0.618     0.703     0.351
 4    -0.719     0.324     0.614
 5   110.170    23.052    -8.989
 5     0.788     0.303     0.536
 5     0.596    -0.164    -0.786
 5    -0.150     0.939    -0.309
 6   128.084    37.102   -29.723
 6     0.468     0.734     0.496
 6     0.216     0.447    -0.867
 6    -0.857     0.512     0.049
 7   101.219   -17.850    -7.263
 7     0.454     0.505     0.734
 7    -0.697     0.714    -0.060
 7    -0.555    -0.484     0.676
 8   110.417   -34.203   -10.985
 8     0.577    -0.691     0.435
 8    -0.540     0.077     0.838
 8    -0.613    -0.718    -0.328
 9   116.996   -49.827   -39.581
 9     0.079    -0.870     0.489
 9    -0.396     0.422     0.814
 9    -0.915    -0.257    -0.312
 2    96.836   -22.310    59.201
 2     0.234    -0.972     0.001
 2     0.966     0.233     0.107
 2    -0.105    -0.025     0.994
 3   120.844    -1.458    -3.717
 3     0.542    -0.290    -0.790
 3     0.390     0.917    -0.068
 3     0.744    -0.272     0.610
 4    98.388     7.266    -8.903
 4     0.307    -0.683     0.662
 4     0.684     0.642     0.345
 4    -0.661     0.348     0.665
 5   109.069    24.786    -6.638
 5     0.731     0.289     0.618
 5     0.680    -0.237    -0.694
 5    -0.054     0.927    -0.369
 6   126.352    44.732   -23.358
 6     0.494     0.639     0.594
 6     0.421     0.420    -0.802
 6    -0.761     0.645    -0.061
 7   101.868   -17.976    -7.411
 7     0.451     0.530     0.718
 7    -0.722     0.690    -0.056
 7    -0.525    -0.493     0.693
 8   110.203   -36.376    -6.976
 8     0.527    -0.690     0.497
 8    -0.710    -0.035     0.703
 8    -0.468    -0.723    -0.508
 9   115.362   -61.071   -29.099
 9     0.052    -0.835     0.550
 9    -0.691     0.367     0.621
 9    -0.721    -0.410    -0.558
 2    96.834   -22.311    59.254
 2     0.235    -0.972     0.001
 2     0.966     0.234     0.108
 2    -0.106    -0.025     0.994
 3   121.148    -1.177    -3.247
 3     0.517    -0.302    -0.802
 3     0.377     0.920    -0.102
 3     0.768    -0.250     0.589
 4    98.884     7.722    -8.671
 4     0.306    -0.727     0.616
 4     0.733     0.592     0.335
 4    -0.608     0.349     0.713
 5   108.178    25.850    -4.435
 5     0.673     0.247     0.696
 5     0.737    -0.284    -0.613
 5     0.046     0.926    -0.373
 6   125.007    49.666   -17.034
 6     0.506     0.520     0.691
 6     0.572     0.396    -0.716
 6    -0.645     0.756    -0.096
 7   102.870   -18.012    -7.532
 7     0.468     0.535     0.703
 7    -0.735     0.677    -0.027
 7    -0.491    -0.504     0.710
 8   109.915   -36.945    -4.082
 8     0.476    -0.680     0.559
 8    -0.810    -0.090     0.579
 8    -0.343    -0.728    -0.593
 9   112.672   -66.782   -19.556
 9    -0.015    -0.807     0.591
 9    -0.855     0.318     0.409
 9    -0.519    -0.498    -0.695
 2    96.835   -22.311    59.204
 2     0.236    -0.972     0.001
 2     0.966     0.235     0.108
 2    -0.106    -0.025     0.994
 3   121.914    -0.563    -2.775
 3     0.492    -0.306    -0.816
 3     0.343     0.928    -0.140
 3     0.800    -0.212     0.561
 4   100.298     8.953    -8.469
 4     0.313    -0.774     0.551
 4     0.796     0.529     0.292
 4    -0.517     0.347     0.782
 5   108.013    27.017    -1.709
 5     0.607     0.200     0.769
 5     0.775    -0.364    -0.517
 5     0.176     0.910    -0.376
 6   123.902    54.863    -7.714
 6     0.507     0.341     0.794
 6     0.737     0.306    -0.601
 6    -0.446     0.888    -0.094
 7   103.861   -17.553    -7.701
 7     0.471     0.573     0.671
 7    -0.755     0.655    -0.030
 7    -0.457    -0.493     0.740
 8   109.378   -36.606    -1.257
 8     0.419    -0.626     0.658
 8    -0.888    -0.133     0.439
 8    -0.188    -0.768    -0.611
 9   110.760   -68.855   -10.501
 9    -0.053    -0.786     0.616
 9    -0.930     0.264     0.255
 9    -0.364    -0.558    -0.745
 2    96.755   -22.385    59.229
 2     0.236    -0.972     0.001
 2     0.962     0.234     0.135
 2    -0.132    -0.031     0.991
 3   122.683    -0.269    -2.459
 3     0.481    -0.280    -0.832
 3     0.304     0.942    -0.140
 3     0.822    -0.186     0.537
 4   101.581    10.157    -8.136
 4     0.327    -0.807     0.491
 4     0.849     0.479     0.222
 4    -0.414     0.344     0.842
 5   107.716    27.567     1.184
 5     0.534     0.143     0.833
 5     0.788    -0.439    -0.430
 5     0.304     0.887    -0.347
 6   122.727    56.957     1.442
 6     0.503     0.218     0.837
 6     0.820     0.186    -0.540
 6    -0.272     0.958    -0.083
 7   104.627   -17.374    -7.659
 7     0.472     0.601     0.645
 7    -0.772     0.634    -0.026
 7    -0.424    -0.486     0.764
 8   109.576   -35.919     1.654
 8     0.406    -0.578     0.708
 8    -0.913    -0.228     0.336
 8    -0.033    -0.783    -0.620
 9   110.738   -69.320    -1.809
 9    -0.057    -0.780     0.624
 9    -0.977     0.173     0.123
 9    -0.204    -0.602    -0.771
 2    96.687   -22.542    59.250
 2     0.240    -0.971     0.001
 2     0.956     0.236     0.169
 2    -0.165    -0.040     0.985
 3   123.353    -0.129    -2.211
 3     0.469    -0.244    -0.850
 3     0.267     0.955    -0.126
 3     0.842    -0.168     0.512
 4   103.008    11.256    -7.744
 4     0.343    -0.846     0.408
 4     0.896     0.424     0.126
 4    -0.280     0.322     0.904
 5   107.648    27.142     4.288
 5     0.463     0.071     0.883
 5     0.764    -0.538    -0.356
 5     0.450     0.840    -0.304
 6   122.121    56.718    11.005
 6     0.527     0.045     0.848
 6     0.845     0.070    -0.529
 6    -0.083     0.996    -0.000
 7   105.909   -17.767    -7.522
 7     0.492     0.631     0.600
 7    -0.793     0.608     0.010
 7    -0.359    -0.481     0.800
 8   109.439   -35.049     4.625
 8     0.385    -0.383     0.840
 8    -0.902    -0.346     0.256
 8     0.193    -0.856    -0.479
 9   111.541   -68.412     7.367
 9     0.089    -0.238     0.967
 9    -0.995     0.026     0.097
 9    -0.047    -0.971    -0.233
 2    96.698   -22.599    59.271
 2     0.240    -0.971     0.001
 2     0.955     0.236     0.176
 2    -0.172    -0.042     0.984
 3   124.423    -0.155    -1.227
 3     0.440    -0.210    -0.873
 3     0.235     0.965    -0.113
 3     0.866    -0.156     0.474
 4   105.758    12.945    -7.272
 4     0.367    -0.875     0.315
 4     0.925     0.379    -0.024
 4    -0.098     0.300     0.948
 5   108.295    26.497     7.366
 5     0.353    -0.094     0.931
 5     0.692    -0.644    -0.327
 5     0.629     0.759    -0.163
 6   122.532    53.353    23.689
 6     0.564    -0.266     0.782
 6     0.797    -0.075    -0.599
 6     0.218     0.961     0.169
 7   108.407   -18.661    -6.672
 7     0.555     0.679     0.480
 7    -0.811     0.570     0.132
 7    -0.184    -0.462     0.867
 8   109.628   -33.275     8.992
 8     0.330    -0.002     0.944
