% Calibrated with leiden_pols
% Positions are in centimeters
Data =[
 2    96.616   -22.599    59.304
 2     0.187    -0.982     0.001
 2     0.964     0.184     0.188
 2    -0.186    -0.035     0.982
 3   126.917    -1.783     2.654
 3     0.364    -0.132    -0.922
 3     0.211     0.976    -0.055
 3     0.907    -0.175     0.383
 4   114.285    15.399    -4.838
 4     0.496    -0.868    -0.024
 4     0.793     0.464    -0.395
 4     0.354     0.177     0.918
 5   113.227    21.766    13.437
 5     0.103    -0.760     0.642
 5     0.161    -0.624    -0.765
 5     0.981     0.182     0.058
 6   124.946    26.557    47.165
 6     0.483    -0.787    -0.389
 6     0.103     0.488    -0.865
 6     0.869     0.377     0.316
 7   112.718   -21.589    -3.513
 7     0.574     0.792     0.206
 7    -0.796     0.482     0.364
 7     0.189    -0.373     0.908
 8   114.517   -27.117    17.334
 8     0.207     0.844     0.495
 8    -0.033    -0.499     0.866
 8     0.978    -0.196    -0.075
 9   125.413   -29.954    49.988
 9     0.407     0.865    -0.297
 9     0.058     0.296     0.952
 9     0.911    -0.404     0.069
 2    96.619   -22.598    59.301
 2     0.187    -0.982     0.001
 2     0.964     0.184     0.188
 2    -0.185    -0.035     0.982
 3   126.860    -1.734     2.711
 3     0.365    -0.136    -0.921
 3     0.211     0.975    -0.060
 3     0.906    -0.173     0.385
 4   114.240    15.426    -4.743
 4     0.494    -0.869    -0.026
 4     0.792     0.463    -0.397
 4     0.356     0.176     0.917
 5   113.192    21.718    13.472
 5     0.103    -0.760     0.642
 5     0.159    -0.625    -0.764
 5     0.982     0.180     0.057
 6   124.840    26.556    47.222
 6     0.485    -0.788    -0.385
 6     0.104     0.485    -0.867
 6     0.868     0.379     0.317
 7   112.645   -21.563    -3.516
 7     0.574     0.793     0.205
 7    -0.796     0.482     0.364
 7     0.190    -0.373     0.908
 8   114.507   -27.070    17.299
 8     0.207     0.843     0.497
 8    -0.034    -0.501     0.864
 8     0.977    -0.196    -0.075
 9   125.362   -29.954    49.937
 9     0.407     0.865    -0.299
 9     0.058     0.298     0.952
 9     0.911    -0.403     0.070
 2    96.619   -22.598    59.301
 2     0.187    -0.982     0.001
 2     0.964     0.184     0.188
 2    -0.185    -0.035     0.982
 3   126.810    -1.734     2.736
 3     0.365    -0.137    -0.921
 3     0.211     0.975    -0.061
 3     0.906    -0.173     0.385
 4   114.217    15.427    -4.746
 4     0.494    -0.869    -0.026
 4     0.792     0.462    -0.398
 4     0.357     0.176     0.917
 5   113.192    21.718    13.470
 5     0.102    -0.760     0.643
 5     0.157    -0.625    -0.764
 5     0.982     0.179     0.056
 6   124.804    26.502    47.310
 6     0.488    -0.787    -0.383
 6     0.105     0.485    -0.867
 6     0.866     0.382     0.319
 7   112.670   -21.563    -3.516
 7     0.575     0.792     0.205
 7    -0.796     0.483     0.365
 7     0.190    -0.372     0.908
 8   114.518   -27.119    17.284
 8     0.207     0.842     0.498
 8    -0.034    -0.502     0.864
 8     0.978    -0.196    -0.075
 9   125.362   -29.954    49.988
 9     0.406     0.865    -0.300
 9     0.058     0.299     0.951
 9     0.911    -0.403     0.070
 2    96.616   -22.599    59.304
 2     0.187    -0.982     0.001
 2     0.964     0.184     0.188
 2    -0.186    -0.035     0.982
 3   126.924    -1.680     2.699
 3     0.362    -0.130    -0.923
 3     0.210     0.976    -0.055
 3     0.908    -0.175     0.380
 4   114.219    15.479    -4.749
 4     0.493    -0.870    -0.026
 4     0.793     0.461    -0.398
 4     0.358     0.176     0.917
 5   113.193    21.717    13.492
 5     0.103    -0.759     0.643
 5     0.155    -0.627    -0.763
 5     0.982     0.178     0.054
 6   124.829    26.450    47.283
 6     0.489    -0.785    -0.385
 6     0.103     0.486    -0.866
 6     0.866     0.384     0.318
 7   112.670   -21.512    -3.517
 7     0.576     0.792     0.203
 7    -0.795     0.484     0.365
 7     0.190    -0.372     0.908
 8   114.519   -27.068    17.335
 8     0.206     0.842     0.498
 8    -0.034    -0.502     0.864
 8     0.978    -0.195    -0.075
 9   125.366   -29.952    49.980
 9     0.405     0.864    -0.304
 9     0.058     0.302     0.950
 9     0.912    -0.401     0.071
 2    96.616   -22.599    59.304
 2     0.187    -0.982     0.001
 2     0.964     0.184     0.188
 2    -0.186    -0.035     0.982
 3   127.026    -1.630     2.522
 3     0.362    -0.124    -0.924
 3     0.208     0.977    -0.049
 3     0.908    -0.176     0.379
 4   114.217    15.581    -4.750
 4     0.491    -0.871    -0.025
 4     0.794     0.459    -0.399
 4     0.358     0.177     0.916
 5   113.206    21.770    13.461
 5     0.104    -0.754     0.648
 5     0.148    -0.633    -0.760
 5     0.983     0.174     0.046
 6   124.934    26.498    47.316
 6     0.489    -0.778    -0.399
 6     0.100     0.500    -0.858
 6     0.866     0.379     0.323
 7   112.767   -21.460    -3.540
 7     0.579     0.790     0.204
 7    -0.793     0.487     0.365
 7     0.189    -0.373     0.908
 8   114.704   -27.108    16.952
 8     0.175     0.864     0.471
 8    -0.030    -0.474     0.880
 8     0.984    -0.168    -0.057
 9   125.388   -30.029    49.785
 9     0.396     0.864    -0.317
 9     0.049     0.321     0.945
 9     0.917    -0.388     0.083
 2    96.616   -22.599    59.304
 2     0.187    -0.982     0.001
 2     0.964     0.184     0.188
 2    -0.186    -0.035     0.982
 3   127.057    -1.503     2.337
 3     0.361    -0.120    -0.925
 3     0.206     0.977    -0.045
 3     0.909    -0.175     0.377
 4   114.091    15.702    -4.672
 4     0.486    -0.874    -0.015
 4     0.801     0.452    -0.392
 4     0.349     0.179     0.920
 5   113.097    21.994    13.403
 5     0.112    -0.736     0.668
 5     0.158    -0.651    -0.743
 5     0.981     0.188     0.044
 6   125.620    27.306    46.756
 6     0.494    -0.764    -0.420
 6     0.114     0.532    -0.838
 6     0.861     0.365     0.350
 7   112.773   -21.380    -3.547
 7     0.583     0.786     0.205
 7    -0.790     0.489     0.370
 7     0.191    -0.378     0.906
 8   114.301   -27.784    16.475
 8     0.173     0.850     0.498
 8    -0.074    -0.493     0.867
 8     0.982    -0.187    -0.022
 9   125.183   -32.817    48.717
 9     0.385     0.859    -0.341
 9    -0.015     0.371     0.927
 9     0.922    -0.351     0.155
 2    96.616   -22.599    59.253
 2     0.186    -0.982     0.001
 2     0.964     0.183     0.188
 2    -0.186    -0.035     0.982
 3   127.222    -1.453     2.094
 3     0.359    -0.106    -0.927
 3     0.198     0.979    -0.035
 3     0.911    -0.172     0.373
 4   113.754    15.674    -4.673
 4     0.489    -0.872     0.009
 4     0.813     0.452    -0.366
 4     0.315     0.186     0.930
 5   112.959    22.805    13.377
 5     0.166    -0.673     0.721
 5     0.270    -0.672    -0.689
 5     0.948     0.308     0.070
 6   127.413    32.131    44.430
 6     0.524    -0.718    -0.463
 6     0.203     0.629    -0.748
 6     0.827     0.298     0.475
 7   112.457   -21.058    -3.871
 7     0.590     0.772     0.236
 7    -0.793     0.501     0.345
 7     0.148    -0.391     0.908
 8   113.608   -30.199    14.793
 8     0.180     0.812     0.555
 8    -0.245    -0.510     0.824
 8     0.953    -0.284     0.108
 9   125.363   -40.470    44.853
 9     0.389     0.843    -0.374
 9    -0.182     0.464     0.865
 9     0.903    -0.269     0.333
 2    96.616   -22.599    59.253
 2     0.186    -0.983     0.001
 2     0.964     0.183     0.188
 2    -0.186    -0.034     0.982
 3   127.172    -1.277     1.864
 3     0.361    -0.106    -0.927
 3     0.196     0.980    -0.035
 3     0.911    -0.170     0.374
 4   112.842    15.390    -5.117
 4     0.474    -0.879     0.052
 4     0.847     0.438    -0.301
 4     0.241     0.187     0.952
 5   112.095    24.347    12.466
 5     0.213    -0.544     0.812
 5     0.433    -0.692    -0.577
 5     0.875     0.474     0.088
