% Calibrated with leiden_pols
% Positions are in centimeters
Data =[
 2    96.505   -22.581    59.304
 2     0.088    -0.996     0.002
 2     0.977     0.087     0.191
 2    -0.191    -0.016     0.982
 3   126.768    -2.299     2.769
 3     0.344    -0.086    -0.935
 3     0.201     0.979    -0.016
 3     0.917    -0.183     0.354
 4   113.894    14.487    -4.851
 4     0.565    -0.825     0.019
 4     0.784     0.530    -0.324
 4     0.257     0.198     0.946
 5   115.016    22.384    13.089
 5     0.251    -0.743     0.622
 5     0.267    -0.564    -0.781
 5     0.930     0.361     0.058
 6   133.532    25.588    42.349
 6     0.639    -0.382    -0.669
 6     0.017     0.875    -0.483
 6     0.769     0.297     0.565
 7   112.970   -21.440    -4.316
 7     0.576     0.792     0.201
 7    -0.807     0.511     0.296
 7     0.132    -0.333     0.933
 8   115.286   -27.994    15.902
 8     0.206     0.854     0.478
 8    -0.067    -0.475     0.877
 8     0.976    -0.213    -0.040
 9   126.987   -30.242    47.762
 9     0.395     0.707    -0.591
 9     0.029     0.630     0.774
 9     0.918    -0.321     0.228
 2    96.505   -22.581    59.304
 2     0.088    -0.996     0.002
 2     0.977     0.087     0.191
 2    -0.191    -0.016     0.982
 3   127.030    -2.195     2.795
 3     0.337    -0.079    -0.938
 3     0.185     0.982    -0.017
 3     0.923    -0.168     0.345
 4   114.302    14.787    -4.786
 4     0.557    -0.831    -0.007
 4     0.782     0.526    -0.333
 4     0.280     0.180     0.943
 5   115.181    22.293    13.240
 5     0.215    -0.787     0.580
 5     0.226    -0.537    -0.812
 5     0.950     0.305     0.063
 6   130.530    26.648    44.487
 6     0.523    -0.438    -0.733
 6     0.062     0.876    -0.476
 6     0.849     0.203     0.486
 7   112.937   -21.470    -4.262
 7     0.554     0.811     0.190
 7    -0.821     0.493     0.289
 7     0.141    -0.316     0.938
 8   115.871   -27.888    16.481
 8     0.239     0.847     0.475
 8    -0.064    -0.474     0.878
 8     0.969    -0.240    -0.059
 9   130.177   -31.272    46.669
 9     0.471     0.648    -0.602
 9    -0.022     0.688     0.723
 9     0.881    -0.327     0.338
 2    96.455   -22.632    59.304
 2     0.088    -0.996     0.001
 2     0.977     0.087     0.191
 2    -0.191    -0.016     0.982
 3   126.994    -2.077     2.575
 3     0.348    -0.095    -0.933
 3     0.189     0.981    -0.029
 3     0.918    -0.167     0.359
 4   114.103    14.854    -4.719
 4     0.565    -0.825     0.013
 4     0.779     0.528    -0.338
 4     0.272     0.202     0.941
 5   115.719    22.359    13.605
 5     0.282    -0.756     0.592
 5     0.239    -0.541    -0.806
 5     0.929     0.368     0.029
 6   134.053    25.702    43.057
 6     0.604    -0.359    -0.712
 6     0.031     0.903    -0.428
 6     0.796     0.237     0.556
 7   112.902   -21.334    -4.350
 7     0.597     0.776     0.205
 7    -0.793     0.531     0.299
 7     0.124    -0.341     0.932
 8   118.300   -28.189    16.541
 8     0.371     0.812     0.451
 8    -0.096    -0.449     0.888
 8     0.924    -0.372    -0.089
 9   136.118   -30.518    43.933
 9     0.563     0.461    -0.689
 9    -0.044     0.846     0.529
 9     0.825    -0.267     0.496
 2    96.505   -22.632    59.304
 2     0.088    -0.996     0.001
 2     0.977     0.087     0.191
 2    -0.191    -0.016     0.982
 3   126.985    -1.976     2.531
 3     0.348    -0.102    -0.932
 3     0.192     0.980    -0.035
 3     0.917    -0.167     0.360
 4   113.877    14.662    -4.719
 4     0.606    -0.793     0.068
 4     0.768     0.560    -0.311
 4     0.208     0.241     0.948
 5   117.747    22.288    13.254
 5     0.412    -0.687     0.599
 5     0.263    -0.539    -0.799
 5     0.872     0.486    -0.041
 6   140.638    26.030    38.760
 6     0.732    -0.286    -0.619
 6     0.013     0.913    -0.407
 6     0.680     0.290     0.672
 7   112.604   -20.960    -4.674
 7     0.628     0.740     0.239
 7    -0.775     0.568     0.275
 7     0.068    -0.358     0.931
 8   121.837   -28.730    15.645
 8     0.587     0.682     0.437
 8    -0.145    -0.442     0.885
 8     0.796    -0.582    -0.161
 9   145.544   -30.334    35.879
 9     0.758     0.270    -0.593
 9    -0.050     0.931     0.360
 9     0.649    -0.244     0.720
 2    96.506   -22.581    59.253
 2     0.088    -0.996     0.002
 2     0.977     0.087     0.190
 2    -0.191    -0.016     0.982
 3   127.016    -1.903     2.428
 3     0.353    -0.105    -0.930
 3     0.197     0.980    -0.035
 3     0.914    -0.171     0.366
 4   113.154    13.779    -5.388
 4     0.674    -0.713     0.193
 4     0.738     0.639    -0.216
 4     0.030     0.288     0.957
 5   120.748    22.613    10.917
 5     0.602    -0.563     0.568
 5     0.314    -0.486    -0.815
 5     0.734     0.668    -0.116
 6   148.753    25.970    28.021
 6     0.901    -0.107    -0.419
 6    -0.035     0.948    -0.318
 6     0.431     0.300     0.850
 7   111.886   -20.281    -5.359
 7     0.648     0.705     0.287
 7    -0.760     0.619     0.196
 7    -0.039    -0.345     0.938
 8   125.169   -29.149    12.510
 8     0.788     0.470     0.398
 8    -0.189    -0.430     0.882
 8     0.586    -0.770    -0.250
 9   153.076   -29.800    23.192
 9     0.930     0.113    -0.350
 9    -0.033     0.973     0.228
 9     0.367    -0.200     0.908
 2    96.506   -22.581    59.253
 2     0.088    -0.996     0.002
 2     0.977     0.087     0.191
 2    -0.191    -0.016     0.982
 3   126.694    -1.911     2.145
 3     0.364    -0.099    -0.927
 3     0.217     0.976    -0.018
 3     0.905    -0.195     0.376
 4   111.729    12.573    -6.400
 4     0.696    -0.627     0.352
 4     0.690     0.718    -0.087
 4    -0.198     0.302     0.932
 5   122.987    22.751     6.914
 5     0.758    -0.432     0.491
 5     0.335    -0.387    -0.858
 5     0.559     0.814    -0.150
 6   153.458    24.400    15.274
 6     0.978     0.067    -0.195
 6    -0.107     0.974    -0.201
 6     0.176     0.216     0.960
 7   110.992   -19.645    -5.967
 7     0.653     0.679     0.336
 7    -0.741     0.664     0.099
 7    -0.156    -0.313     0.936
 8   127.167   -29.206     8.481
 8     0.903     0.295     0.312
 8    -0.185    -0.387     0.903
 8     0.387    -0.873    -0.295
 9   156.315   -28.814    10.641
 9     0.995     0.017    -0.095
 9    -0.003     0.988     0.152
 9     0.096    -0.152     0.984
 2    96.508   -22.631    59.250
 2     0.088    -0.996     0.002
 2     0.978     0.087     0.190
 2    -0.190    -0.016     0.982
 3   126.409    -1.774     1.751
 3     0.358    -0.102    -0.928
 3     0.255     0.966    -0.008
 3     0.898    -0.235     0.372
 4   110.520    11.201    -7.529
 4     0.681    -0.567     0.465
 4     0.628     0.777     0.025
 4    -0.375     0.274     0.885
 5   124.056    22.056     3.041
 5     0.850    -0.321     0.419
 5     0.322    -0.313    -0.893
 5     0.417     0.894    -0.163
 6   155.052    22.358     4.546
 6     0.987     0.161    -0.005
 6    -0.161     0.980    -0.118
 6    -0.014     0.117     0.993
 7   110.438   -19.396    -6.242
 7     0.644     0.667     0.375
 7    -0.725     0.688     0.020
 7    -0.245    -0.285     0.926
 8   128.072   -29.257     5.037
 8     0.959     0.161     0.230
 8    -0.164    -0.344     0.924
 8     0.229    -0.925    -0.304
 9   157.013   -27.928     0.898
 9     0.995    -0.035     0.098
 9     0.024     0.993     0.109
 9    -0.101    -0.107     0.989
 2    96.507   -22.631    59.301
 2     0.088    -0.996     0.002
 2     0.978     0.087     0.190
 2    -0.190    -0.016     0.982
 3   125.989    -2.085     1.261
 3     0.365    -0.131    -0.922
 3     0.300     0.953    -0.016
 3     0.881    -0.272     0.386
 4   108.941     9.695    -8.313
 4     0.638    -0.557     0.533
 4     0.599     0.792     0.111
 4    -0.484     0.248     0.839
 5   123.230    21.539     0.089
 5     0.887    -0.214     0.410
 5     0.350    -0.265    -0.898
 5     0.300     0.940    -0.161
 6   153.591    21.061    -3.157
 6     0.960     0.234     0.156
 6    -0.220     0.970    -0.098
 6    -0.174     0.062     0.983
 7   109.402   -19.512    -6.396
 7     0.635     0.657     0.408
 7    -0.706     0.707    -0.039
 7    -0.314    -0.263     0.912
 8   127.869   -29.177     1.742
 8     0.987     0.046     0.154
 8    -0.135    -0.290     0.947
 8     0.088    -0.956    -0.280
 9   155.700   -27.064    -8.551
 9     0.960    -0.060     0.273
 9     0.040     0.996     0.072
 9    -0.276    -0.060     0.959
 2    96.457   -22.631    59.301
 2     0.088    -0.996     0.002
 2     0.977     0.087     0.190
 2    -0.190    -0.016     0.982
 3   125.208    -2.020     0.174
 3     0.403    -0.174    -0.899
 3     0.320     0.946    -0.040
 3     0.857    -0.272     0.436
 4   106.699     8.957    -8.571
 4     0.579    -0.558     0.596
 4     0.591     0.789     0.164
 4    -0.561     0.257     0.786
 5   121.600    21.430    -2.071
 5     0.904    -0.127     0.408
 5     0.372    -0.236    -0.898
 5     0.209     0.963    -0.167
 6   151.589    20.563    -8.534
 6     0.935     0.246     0.259
 6    -0.229     0.969    -0.090
 6    -0.272     0.027     0.962
 7   108.489   -19.266    -6.550
 7     0.635     0.632     0.444
 7    -0.685     0.726    -0.052
 7    -0.355    -0.271     0.894
 8   127.149   -28.860    -0.939
 8     0.993    -0.049     0.110
 8    -0.118    -0.218     0.969
 8    -0.024    -0.975    -0.222
 9   153.534   -24.937   -15.243
 9     0.909    -0.110     0.402
 9     0.099     0.994     0.041
 9    -0.403    -0.000     0.915
 2    96.505   -22.581    59.304
 2     0.088    -0.996     0.001
 2     0.977     0.087     0.191
 2    -0.191    -0.016     0.982
 3   124.670    -2.020    -0.493
 3     0.428    -0.198    -0.883
 3     0.336     0.940    -0.047
 3     0.839    -0.277     0.468
 4   105.327     8.397    -8.696
 4     0.535    -0.564     0.630
 4     0.583     0.785     0.207
 4    -0.611     0.257     0.748
 5   120.388    21.375    -3.401
 5     0.908    -0.061     0.414
 5     0.392    -0.220    -0.893
 5     0.145     0.973    -0.177
 6   149.400    21.233   -12.927
 6     0.903     0.244     0.357
 6    -0.224     0.970    -0.092
 6    -0.367     0.006     0.929
 7   107.868   -19.390    -6.464
 7     0.629     0.617     0.473
 7    -0.678     0.733    -0.053
 7    -0.380    -0.287     0.879
 8   126.303   -29.110    -2.803
 8     0.985    -0.139     0.096
 8    -0.123    -0.196     0.973
 8    -0.116    -0.971    -0.210
 9   150.912   -25.097   -20.663
 9     0.856    -0.101     0.507
 9     0.097     0.994     0.026
 9    -0.507     0.024     0.861
 2    96.458   -22.631    59.301
 2     0.089    -0.996     0.002
 2     0.978     0.088     0.190
 2    -0.190    -0.016     0.982
 3   124.264    -1.985    -0.975
 3     0.444    -0.220    -0.869
 3     0.342     0.937    -0.062
 3     0.828    -0.270     0.491
 4   104.472     8.244    -8.627
 4     0.511    -0.559     0.654
 4     0.579     0.784     0.218
 4    -0.635     0.267     0.724
 5   119.785    21.243    -3.859
 5     0.914    -0.026     0.405
 5     0.389    -0.227    -0.893
 5     0.114     0.974    -0.198
 6   148.309    21.077   -14.824
 6     0.880     0.269     0.394
 6    -0.234     0.963    -0.132
 6    -0.414     0.026     0.909
 7   107.076   -19.184    -6.410
 7     0.621     0.604     0.500
 7    -0.672     0.738    -0.057
 7    -0.403    -0.300     0.864
 8   124.433   -29.495    -5.122
 8     0.962    -0.244     0.120
 8    -0.154    -0.123     0.980
 8    -0.225    -0.962    -0.156
 9   146.531   -25.311   -27.121
 9     0.776    -0.059     0.629
 9     0.102     0.994    -0.038
 9    -0.622     0.092     0.776
 2    96.458   -22.631    59.302
 2     0.089    -0.996     0.001
 2     0.978     0.088     0.190
 2    -0.190    -0.017     0.982
 3   123.563    -2.091    -1.258
 3     0.472    -0.234    -0.851
 3     0.362     0.930    -0.054
 3     0.804    -0.283     0.523
 4   102.978     7.487    -8.496
 4     0.474    -0.563     0.677
 4     0.566     0.783     0.255
 4    -0.674     0.262     0.690
 5   118.312    20.957    -4.901
 5     0.912     0.028     0.410
 5     0.407    -0.187    -0.894
 5     0.051     0.982    -0.182
 6   146.210    21.074   -17.861
 6     0.855     0.259     0.453
 6    -0.224     0.966    -0.122
 6    -0.467     0.007     0.882
 7   105.997   -19.087    -6.195
 7     0.596     0.607     0.526
 7    -0.682     0.728    -0.068
 7    -0.424    -0.318     0.847
 8   121.916   -29.966    -7.292
 8     0.924    -0.342     0.172
 8    -0.194    -0.030     0.980
 8    -0.330    -0.939    -0.094
 9   141.677   -25.663   -32.335
 9     0.690    -0.016     0.724
 9     0.114     0.989    -0.095
 9    -0.714     0.147     0.683
 2    96.456   -22.632    59.304
 2     0.089    -0.996     0.001
 2     0.977     0.088     0.191
 2    -0.191    -0.017     0.982
 3   123.155    -2.078    -1.409
 3     0.479    -0.240    -0.845
 3     0.383     0.922    -0.044
 3     0.789    -0.303     0.533
 4   102.061     6.937    -8.449
 4     0.427    -0.596     0.680
 4     0.575     0.759     0.305
 4    -0.698     0.261     0.667
 5   116.461    21.519    -5.632
 5     0.878     0.096     0.469
 5     0.478    -0.179    -0.859
 5     0.000     0.979    -0.203
 6   143.513    23.723   -20.176
 6     0.837     0.204     0.511
 6    -0.175     0.979    -0.095
 6    -0.518    -0.008     0.854
 7   105.648   -18.829    -6.120
 7     0.580     0.598     0.553
 7    -0.684     0.726    -0.067
 7    -0.442    -0.339     0.830
 8   120.443   -30.302    -8.713
 8     0.885    -0.406     0.229
 8    -0.239     0.027     0.971
 8    -0.400    -0.914    -0.073
 9   138.511   -26.001   -35.564
 9     0.630     0.032     0.776
 9     0.114     0.984    -0.139
 9    -0.768     0.176     0.615
 2    96.505   -22.581    59.304
 2     0.088    -0.996     0.001
 2     0.977     0.087     0.191
 2    -0.191    -0.016     0.982
 3   122.994    -1.723    -1.528
 3     0.479    -0.249    -0.842
 3     0.388     0.920    -0.050
 3     0.787    -0.303     0.537
 4   101.590     7.200    -8.336
 4     0.406    -0.613     0.679
 4     0.590     0.742     0.317
 4    -0.698     0.272     0.662
 5   115.744    21.970    -5.660
 5     0.869     0.117     0.480
 5     0.494    -0.182    -0.850
 5    -0.013     0.976    -0.217
 6   142.567    25.026   -20.615
 6     0.830     0.191     0.527
 6    -0.152     0.981    -0.109
 6    -0.537     0.012     0.842
 7   105.379   -18.456    -6.218
 7     0.580     0.590     0.562
 7    -0.678     0.731    -0.068
 7    -0.451    -0.342     0.824
 8   119.738   -30.071    -9.268
 8     0.875    -0.407     0.263
 8    -0.258     0.068     0.964
 8    -0.409    -0.911    -0.045
 9   138.089   -25.276   -35.909
 9     0.632     0.049     0.773
 9     0.137     0.974    -0.180
 9    -0.762     0.219     0.608
 2    96.458   -22.631    59.301
 2     0.089    -0.996     0.002
 2     0.978     0.088     0.190
 2    -0.190    -0.016     0.982
 3   122.771    -1.501    -1.634
 3     0.485    -0.259    -0.836
 3     0.392     0.918    -0.056
 3     0.782    -0.301     0.546
 4   101.138     7.013    -8.410
 4     0.396    -0.617     0.681
 4     0.587     0.739     0.329
 4    -0.706     0.269     0.654
 5   115.216    21.950    -6.007
 5     0.866     0.137     0.481
 5     0.499    -0.171    -0.849
 5    -0.035     0.976    -0.216
 6   141.399    24.758   -21.819
 6     0.809     0.214     0.551
 6    -0.165     0.976    -0.131
 6    -0.564     0.017     0.824
 7   105.061   -18.454    -6.218
 7     0.580     0.585     0.567
 7    -0.679     0.731    -0.061
 7    -0.450    -0.350     0.821
 8   119.343   -30.262    -9.284
 8     0.868    -0.414     0.274
 8    -0.266     0.078     0.960
 8    -0.419    -0.907    -0.043
 9   137.410   -25.280   -36.162
 9     0.626     0.053     0.779
 9     0.146     0.971    -0.188
 9    -0.766     0.231     0.598
 2    96.457   -22.631    59.301
 2     0.088    -0.996     0.002
 2     0.977     0.087     0.190
 2    -0.190    -0.016     0.982
 3   122.406    -1.587    -1.765
 3     0.491    -0.268    -0.829
 3     0.402     0.913    -0.056
 3     0.772    -0.306     0.556
 4   100.603     6.746    -8.377
 4     0.386    -0.615     0.688
 4     0.582     0.740     0.335
 4    -0.716     0.271     0.643
 5   114.646    21.831    -6.311
 5     0.862     0.153     0.483
 5     0.503    -0.157    -0.850
 5    -0.054     0.976    -0.212
 6   140.743    24.562   -22.580
 6     0.799     0.216     0.565
 6    -0.168     0.976    -0.127
 6    -0.578     0.008     0.815
 7   104.723   -18.581    -6.144
 7     0.574     0.589     0.569
 7    -0.686     0.725    -0.058
 7    -0.447    -0.357     0.820
 8   118.814   -30.498    -9.168
 8     0.863    -0.416     0.287
 8    -0.277     0.084     0.957
 8    -0.422    -0.905    -0.042
 9   137.079   -25.642   -36.153
 9     0.625     0.062     0.778
 9     0.141     0.970    -0.197
 9    -0.768     0.232     0.597
 2    96.458   -22.631    59.302
 2     0.089    -0.996     0.001
 2     0.978     0.088     0.190
 2    -0.190    -0.017     0.982
 3   122.196    -1.699    -1.903
 3     0.500    -0.278    -0.821
 3     0.409     0.910    -0.057
 3     0.763    -0.308     0.568
 4   100.305     6.437    -8.439
 4     0.385    -0.594     0.706
 4     0.561     0.758     0.331
 4    -0.733     0.269     0.625
 5   115.053    21.043    -7.275
 5     0.883     0.135     0.448
 5     0.464    -0.127    -0.876
 5    -0.062     0.983    -0.175
 6   140.866    23.691   -23.855
 6     0.783     0.275     0.563
 6    -0.137     0.952    -0.268
 6    -0.607     0.134     0.781
 7   104.232   -18.850    -6.094
 7     0.562     0.584     0.586
 7    -0.688     0.723    -0.060
 7    -0.459    -0.369     0.808
 8   118.023   -30.551    -9.829
 8     0.852    -0.435     0.293
 8    -0.273     0.110     0.956
 8    -0.447    -0.894    -0.025
 9   135.437   -25.957   -37.552
 9     0.604     0.087     0.792
 9     0.128     0.969    -0.209
 9    -0.786     0.227     0.573
 2    96.458   -22.631    59.302
 2     0.089    -0.996     0.001
 2     0.978     0.088     0.190
 2    -0.190    -0.017     0.982
 3   121.988    -1.963    -2.092
 3     0.511    -0.281    -0.813
 3     0.413     0.909    -0.054
 3     0.754    -0.308     0.579
 4   100.059     6.066    -8.476
 4     0.383    -0.591     0.711
 4     0.549     0.763     0.338
 4    -0.742     0.261     0.616
 5   114.878    20.673    -7.573
 5     0.886     0.145     0.440
 5     0.457    -0.124    -0.881
 5    -0.074     0.981    -0.176
 6   140.573    23.115   -24.669
 6     0.784     0.237     0.577
 6    -0.151     0.969    -0.185
 6    -0.602     0.060     0.795
 7   103.338   -18.544    -6.088
 7     0.502     0.576     0.646
 7    -0.694     0.713    -0.096
 7    -0.516    -0.399     0.757
 8   115.408   -30.554   -11.786
 8     0.770    -0.552     0.321
 8    -0.285     0.153     0.946
 8    -0.570    -0.820    -0.039
 9   127.165   -26.239   -43.513
 9     0.435     0.138     0.889
 9     0.117     0.970    -0.211
 9    -0.893     0.197     0.405
 2    96.508   -22.631    59.301
 2     0.089    -0.996     0.002
 2     0.978     0.088     0.190
 2    -0.190    -0.016     0.982
 3   121.808    -2.151    -2.129
 3     0.524    -0.263    -0.811
 3     0.401     0.915    -0.037
 3     0.751    -0.306     0.584
 4   100.014     6.164    -8.446
 4     0.390    -0.585     0.712
 4     0.545     0.768     0.333
 4    -0.742     0.259     0.618
 5   114.690    20.717    -7.731
 5     0.885     0.148     0.441
 5     0.458    -0.114    -0.881
 5    -0.080     0.982    -0.169
 6   140.531    23.230   -24.743
 6     0.791     0.216     0.576
 6    -0.136     0.975    -0.170
 6    -0.597     0.058     0.799
 7   102.359   -17.756    -6.129
 7     0.448     0.537     0.715
 7    -0.681     0.723    -0.116
 7    -0.579    -0.435     0.689
 8   112.485   -29.862   -13.708
 8     0.665    -0.659     0.352
 8    -0.288     0.208     0.934
 8    -0.689    -0.723    -0.052
 9   118.614   -24.991   -48.135
 9     0.264     0.175     0.948
 9     0.145     0.964    -0.220
 9    -0.953     0.196     0.228
 2    96.457   -22.631    59.301
 2     0.088    -0.996     0.002
 2     0.978     0.087     0.190
 2    -0.190    -0.016     0.982
 3   121.544    -2.150    -2.283
 3     0.551    -0.253    -0.796
 3     0.387     0.921    -0.024
 3     0.739    -0.295     0.604
 4    99.719     6.400    -8.366
 4     0.388    -0.585     0.713
 4     0.552     0.766     0.327
 4    -0.738     0.267     0.619
 5   114.448    21.004    -7.569
 5     0.882     0.145     0.448
 5     0.465    -0.118    -0.877
 5    -0.075     0.982    -0.171
 6   140.236    24.495   -24.147
 6     0.801     0.175     0.575
 6    -0.104     0.983    -0.146
 6    -0.589     0.059     0.804
 7   101.535   -17.207    -6.179
 7     0.398     0.492     0.775
 7    -0.668     0.734    -0.123
 7    -0.629    -0.468     0.620
 8   110.223   -29.390   -14.793
 8     0.566    -0.745     0.354
 8    -0.285     0.225     0.931
 8    -0.773    -0.628    -0.085
 9   110.939   -24.706   -50.920
 9     0.099     0.190     0.977
 9     0.145     0.968    -0.203
 9    -0.984     0.163     0.068
 2    96.508   -22.631    59.301
 2     0.089    -0.996     0.002
 2     0.978     0.088     0.190
 2    -0.190    -0.016     0.982
 3   121.374    -2.246    -2.381
 3     0.572    -0.252    -0.782
 3     0.382     0.923    -0.017
 3     0.726    -0.289     0.623
 4    99.657     6.392    -8.402
 4     0.389    -0.576     0.719
 4     0.546     0.772     0.323
 4    -0.742     0.268     0.614
 5   114.397    21.031    -7.696
 5     0.880     0.145     0.452
 5     0.469    -0.115    -0.876
 5    -0.075     0.983    -0.169
 6   140.123    24.492   -24.493
 6     0.799     0.170     0.580
 6    -0.099     0.984    -0.144
 6    -0.593     0.060     0.801
 7   101.090   -17.289    -6.144
 7     0.374     0.478     0.795
 7    -0.680     0.723    -0.115
 7    -0.630    -0.498     0.596
 8   109.043   -29.663   -14.799
 8     0.519    -0.780     0.351
 8    -0.290     0.225     0.930
 8    -0.804    -0.584    -0.109
 9   107.852   -25.203   -51.390
 9     0.041     0.194     0.980
 9     0.139     0.970    -0.199
 9    -0.989     0.144     0.012
 2    96.458   -22.631    59.301
 2     0.089    -0.996     0.002
 2     0.978     0.088     0.190
 2    -0.190    -0.016     0.982
 3   121.090    -2.484    -2.414
 3     0.580    -0.255    -0.774
 3     0.388     0.921    -0.012
 3     0.716    -0.294     0.632
 4    99.268     5.962    -8.342
 4     0.383    -0.571     0.727
 4     0.531     0.779     0.332
 4    -0.756     0.259     0.601
 5   113.988    20.571    -8.255
 5     0.879     0.166     0.447
 5     0.465    -0.099    -0.879
 5    -0.102     0.981    -0.164
 6   139.074    23.413   -26.183
 6     0.775     0.180     0.608
 6    -0.119     0.983    -0.130
 6    -0.620     0.030     0.782
 7   100.899   -17.333    -6.008
 7     0.367     0.477     0.799
 7    -0.692     0.713    -0.108
 7    -0.622    -0.514     0.591
 8   108.647   -29.851   -14.646
 8     0.502    -0.791     0.350
 8    -0.299     0.221     0.928
 8    -0.811    -0.570    -0.126
 9   106.445   -25.518   -51.554
 9     0.009     0.189     0.982
 9     0.137     0.972    -0.189
 9    -0.990     0.137    -0.017
 2    96.458   -22.631    59.302
 2     0.089    -0.996     0.001
 2     0.978     0.088     0.190
 2    -0.190    -0.017     0.982
 3   120.892    -2.359    -2.566
 3     0.577    -0.266    -0.773
 3     0.402     0.915    -0.014
 3     0.710    -0.303     0.634
 4    98.697     5.588    -8.411
 4     0.367    -0.581     0.727
 4     0.522     0.775     0.356
 4    -0.770     0.249     0.587
 5   113.200    20.409    -8.866
 5     0.871     0.197     0.450
 5     0.471    -0.077    -0.879
 5    -0.139     0.977    -0.159
 6   137.781    23.063   -27.782
 6     0.747     0.185     0.641
 6    -0.134     0.983    -0.120
 6    -0.651     0.005     0.757
 7   100.749   -17.400    -5.953
 7     0.368     0.469     0.803
 7    -0.697     0.710    -0.096
 7    -0.615    -0.525     0.588
 8   108.250   -29.989   -14.549
 8     0.487    -0.798     0.355
 8    -0.309     0.222     0.924
 8    -0.817    -0.560    -0.138
 9   105.296   -25.604   -51.667
 9    -0.007     0.207     0.978
 9     0.140     0.969    -0.204
 9    -0.990     0.136    -0.036
 2    96.456   -22.632    59.304
 2     0.089    -0.996     0.002
 2     0.977     0.088     0.191
 2    -0.191    -0.016     0.982
 3   120.790    -2.360    -2.612
 3     0.578    -0.264    -0.773
 3     0.403     0.915    -0.010
 3     0.709    -0.306     0.634
 4    98.703     5.620    -8.477
 4     0.365    -0.586     0.724
 4     0.527     0.770     0.358
 4    -0.767     0.251     0.589
 5   112.974    20.621    -8.781
 5     0.864     0.199     0.462
 5     0.484    -0.082    -0.871
 5    -0.136     0.976    -0.168
 6   137.641    23.581   -27.498
 6     0.753     0.169     0.638
 6    -0.125     0.985    -0.105
 6    -0.646     0.002     0.762
 7   100.301   -17.001    -5.934
 7     0.333     0.470     0.818
 7    -0.699     0.704    -0.121
 7    -0.633    -0.532     0.563
 8   106.878   -29.761   -14.724
 8     0.433    -0.825     0.364
 8    -0.314     0.240     0.918
 8    -0.845    -0.512    -0.155
 9   101.083   -24.842   -52.583
 9    -0.091     0.206     0.974
 9     0.157     0.969    -0.191
 9    -0.983     0.136    -0.121
 2    96.459   -22.631    59.302
 2     0.090    -0.996     0.001
 2     0.977     0.089     0.190
 2    -0.190    -0.017     0.982
 3   120.595    -2.425    -2.711
 3     0.595    -0.254    -0.764
 3     0.392     0.919     0.001
 3     0.702    -0.301     0.646
 4    98.487     5.675    -8.439
 4     0.367    -0.586     0.723
 4     0.530     0.769     0.355
 4    -0.764     0.253     0.592
 5   112.755    20.676    -8.613
 5     0.862     0.198     0.466
 5     0.488    -0.085    -0.869
 5    -0.133     0.976    -0.169
 6   137.581    23.949   -27.297
 6     0.760     0.156     0.633
 6    -0.116     0.988    -0.097
 6    -0.639     0.001     0.768
 7    99.891   -16.898    -5.753
 7     0.313     0.465     0.828
 7    -0.714     0.690    -0.118
 7    -0.627    -0.555     0.547
 8   106.142   -29.933   -14.449
 8     0.399    -0.841     0.367
 8    -0.328     0.242     0.913
 8    -0.856    -0.484    -0.179
 9    98.915   -25.381   -52.598
 9    -0.142     0.199     0.969
 9     0.153     0.972    -0.177
 9    -0.978     0.124    -0.169
 2    96.456   -22.633    59.304
 2     0.091    -0.996     0.002
 2     0.977     0.090     0.191
 2    -0.191    -0.016     0.981
 3   120.540    -2.427    -2.803
 3     0.595    -0.252    -0.764
 3     0.393     0.919     0.005
 3     0.700    -0.303     0.645
 4    98.437     5.605    -8.545
 4     0.361    -0.600     0.715
 4     0.537     0.759     0.367
 4    -0.763     0.251     0.595
 5   112.498    20.783    -8.621
 5     0.855     0.203     0.477
 5     0.501    -0.087    -0.861
 5    -0.133     0.975    -0.176
 6   137.298    24.381   -27.297
 6     0.761     0.146     0.634
 6    -0.109     0.989    -0.091
 6    -0.640     0.002     0.767
 7    99.995   -16.852    -5.832
 7     0.302     0.458     0.836
 7    -0.715     0.688    -0.119
 7    -0.630    -0.562     0.535
 8   105.992   -30.121   -14.358
 8     0.374    -0.852     0.368
 8    -0.342     0.241     0.908
 8    -0.862    -0.465    -0.201
 9    98.251   -25.855   -52.350
 9    -0.194     0.189     0.962
 9     0.163     0.974    -0.159
 9    -0.967     0.126    -0.220
 2    96.457   -22.633    59.305
 2     0.092    -0.996     0.001
 2     0.977     0.091     0.191
 2    -0.191    -0.017     0.981
 3   120.731    -2.370    -2.697
 3     0.590    -0.253    -0.767
 3     0.392     0.919     0.000
 3     0.705    -0.302     0.641
 4    98.935     5.800    -8.593
 4     0.376    -0.598     0.709
 4     0.544     0.760     0.353
 4    -0.750     0.253     0.610
 5   113.161    20.807    -8.258
 5     0.862     0.180     0.473
 5     0.495    -0.102    -0.863
 5    -0.107     0.978    -0.177
 6   138.387    24.174   -26.121
 6     0.776     0.167     0.611
 6    -0.124     0.986    -0.104
 6    -0.619     0.006     0.784
 7   100.684   -17.190    -5.961
 7     0.344     0.460     0.819
 7    -0.719     0.689    -0.086
 7    -0.604    -0.559     0.567
 8   107.657   -30.766   -13.718
 8     0.427    -0.821     0.381
 8    -0.375     0.222     0.900
 8    -0.823    -0.527    -0.213
 9   103.582   -25.806   -50.963
 9    -0.109     0.200     0.973
 9     0.218     0.960    -0.173
 9    -0.970     0.194    -0.149
 2    96.455   -22.634    59.307
 2     0.092    -0.996     0.001
 2     0.977     0.091     0.192
 2    -0.192    -0.017     0.981
 3   121.095    -2.403    -2.357
 3     0.572    -0.250    -0.782
 3     0.399     0.916     0.000
 3     0.716    -0.313     0.623
 4    99.560     5.839    -8.758
 4     0.394    -0.596     0.700
 4     0.547     0.763     0.341
 4    -0.738     0.249     0.627
 5   113.938    20.781    -7.876
 5     0.871     0.150     0.468
 5     0.485    -0.114    -0.867
 5    -0.077     0.982    -0.172
 6   140.015    23.496   -24.622
 6     0.797     0.189     0.577
 6    -0.148     0.982    -0.110
 6    -0.586     0.005     0.809
 7   101.494   -17.627    -6.184
 7     0.406     0.471     0.783
 7    -0.707     0.705    -0.057
 7    -0.579    -0.530     0.619
 8   110.620   -31.425   -12.848
 8     0.546    -0.744     0.386
 8    -0.399     0.175     0.900
 8    -0.737    -0.645    -0.201
 9   113.071   -28.072   -47.975
 9     0.074     0.187     0.979
 9     0.191     0.961    -0.199
 9    -0.979     0.203     0.035
 2    96.455   -22.634    59.308
 2     0.093    -0.995     0.001
 2     0.977     0.092     0.192
 2    -0.192    -0.017     0.981
 3   121.426    -2.468    -2.038
 3     0.562    -0.245    -0.791
 3     0.396     0.918    -0.001
 3     0.725    -0.313     0.612
 4   100.468     6.095    -8.882
 4     0.422    -0.593     0.686
 4     0.556     0.766     0.320
 4    -0.716     0.246     0.653
 5   115.149    20.779    -7.001
 5     0.881     0.097     0.462
 5     0.471    -0.136    -0.871
 5    -0.022     0.986    -0.166
 6   142.173    23.248   -22.088
 6     0.828     0.196     0.528
 6    -0.159     0.980    -0.108
 6    -0.537     0.009     0.842
 7   102.685   -18.186    -6.369
 7     0.483     0.505     0.715
 7    -0.701     0.712    -0.030
 7    -0.524    -0.487     0.698
 8   114.572   -32.333   -10.109
 8     0.693    -0.618     0.373
 8    -0.438     0.049     0.897
 8    -0.572    -0.785    -0.237
 9   125.115   -31.930   -41.340
 9     0.323     0.117     0.939
 9     0.104     0.981    -0.160
 9    -0.940     0.151     0.304
 2    96.456   -22.634    59.308
 2     0.094    -0.995     0.001
 2     0.977     0.092     0.192
 2    -0.192    -0.018     0.981
 3   122.130    -2.630    -1.721
 3     0.550    -0.237    -0.802
 3     0.386     0.922    -0.007
 3     0.740    -0.307     0.598
 4   101.820     6.421    -9.131
 4     0.460    -0.598     0.657
 4     0.572     0.765     0.294
 4    -0.679     0.241     0.693
 5   116.358    20.796    -5.920
 5     0.882     0.042     0.469
 5     0.468    -0.177    -0.865
 5     0.046     0.983    -0.176
 6   144.470    22.901   -18.392
 6     0.859     0.231     0.459
 6    -0.193     0.973    -0.122
 6    -0.473     0.019     0.879
 7   104.012   -18.707    -6.564
 7     0.545     0.581     0.605
 7    -0.715     0.698    -0.026
 7    -0.438    -0.418     0.796
 8   118.420   -32.896    -5.125
 8     0.814    -0.474     0.336
 8    -0.463    -0.180     0.868
 8    -0.350    -0.862    -0.366
 9   134.741   -33.598   -31.362
 9     0.516    -0.016     0.857
 9     0.096     0.994    -0.044
 9    -0.851     0.106     0.513
 2    96.456   -22.634    59.308
 2     0.094    -0.996     0.002
 2     0.977     0.093     0.192
 2    -0.192    -0.017     0.981
 3   122.711    -2.615    -1.202
 3     0.539    -0.223    -0.813
 3     0.373     0.927    -0.006
 3     0.755    -0.301     0.583
 4   103.215     7.296    -9.197
 4     0.503    -0.607     0.616
 4     0.613     0.752     0.240
 4    -0.609     0.257     0.750
 5   117.513    21.188    -3.632
 5     0.874    -0.057     0.482
 5     0.456    -0.240    -0.856
 5     0.164     0.969    -0.184
 6   147.056    23.003   -11.989
 6     0.907     0.248     0.344
 6    -0.204     0.966    -0.153
 6    -0.368     0.071     0.926
 7   104.472   -18.996    -6.544
 7     0.547     0.630     0.552
 7    -0.730     0.681    -0.054
 7    -0.410    -0.373     0.832
 8   120.842   -31.995     0.023
 8     0.900    -0.246     0.359
 8    -0.428    -0.354     0.832
 8    -0.077    -0.902    -0.424
 9   144.252   -33.579   -18.079
 9     0.760    -0.082     0.646
 9     0.036     0.996     0.074
 9    -0.649    -0.035     0.759
 2    96.455   -22.634    59.308
 2     0.093    -0.996     0.002
 2     0.977     0.092     0.192
 2    -0.192    -0.017     0.981
 3   123.370    -2.545    -0.770
 3     0.524    -0.205    -0.827
 3     0.349     0.937    -0.010
 3     0.777    -0.284     0.562
 4   105.151     8.525    -9.234
 4     0.557    -0.620     0.553
 4     0.655     0.736     0.166
 4    -0.510     0.269     0.816
 5   118.928    21.548    -0.936
 5     0.852    -0.194     0.487
 5     0.422    -0.297    -0.856
 5     0.309     0.935    -0.172
 6   149.726    23.154    -3.658
 6     0.959     0.225     0.173
 6    -0.189     0.961    -0.202
 6    -0.211     0.162     0.964
 7   105.981   -19.561    -6.524
 7     0.573     0.640     0.512
 7    -0.742     0.670    -0.007
 7    -0.347    -0.376     0.858
 8   122.919   -30.486     4.999
 8     0.931    -0.024     0.363
 8    -0.325    -0.501     0.802
 8     0.162    -0.865    -0.475
 9   150.544   -32.585    -3.776
 9     0.934    -0.046     0.354
 9    -0.020     0.983     0.176
 9    -0.356    -0.174     0.918
 2    96.456   -22.634    59.308
 2     0.094    -0.995     0.001
 2     0.977     0.092     0.192
 2    -0.192    -0.018     0.981
 3   124.373    -2.695    -0.075
 3     0.501    -0.188    -0.846
 3     0.304     0.952    -0.031
 3     0.810    -0.242     0.533
 4   107.802     9.975    -8.902
 4     0.621    -0.642     0.451
 4     0.697     0.714     0.055
 4    -0.357     0.280     0.891
 5   120.117    21.572     2.872
 5     0.788    -0.356     0.503
 5     0.369    -0.380    -0.847
 5     0.492     0.854    -0.169
 6   151.015    23.029     7.937
 6     0.983     0.175    -0.051
 6    -0.182     0.942    -0.283
 6    -0.001     0.287     0.958
 7   108.076   -20.219    -6.298
 7     0.588     0.652     0.480
 7    -0.771     0.630     0.089
 7    -0.243    -0.422     0.873
 8   123.393   -29.314     9.634
 8     0.881     0.181     0.438
 8    -0.260    -0.589     0.764
 8     0.396    -0.787    -0.472
 9   151.932   -30.583    10.646
 9     0.999    -0.011     0.048
 9    -0.001     0.973     0.230
 9    -0.049    -0.231     0.972
 2    96.456   -22.634    59.308
 2     0.094    -0.996     0.002
 2     0.977     0.093     0.192
 2    -0.192    -0.017     0.981
 3   125.431    -2.532     0.789
 3     0.464    -0.169    -0.870
 3     0.257     0.965    -0.049
 3     0.847    -0.202     0.491
 4   110.571    11.784    -8.276
 4     0.656    -0.687     0.312
 4     0.736     0.673    -0.067
 4    -0.164     0.273     0.948
 5   119.916    21.879     6.869
 5     0.658    -0.527     0.541
 5     0.324    -0.449    -0.832
 5     0.679     0.722    -0.125
 6   149.052    22.513    20.751
 6     0.951     0.086    -0.297
 6    -0.186     0.926    -0.330
 6     0.246     0.367     0.896
 7   109.585   -20.694    -5.822
 7     0.589     0.684     0.431
 7    -0.799     0.571     0.187
 7    -0.118    -0.455     0.882
 8   121.464   -28.451    13.334
 8     0.746     0.370     0.554
 8    -0.234    -0.632     0.737
 8     0.623    -0.680    -0.386
 9   148.500   -29.393    24.327
 9     0.964     0.062    -0.258
 9     0.010     0.961     0.275
 9     0.265    -0.268     0.926
 2    96.456   -22.634    59.308
 2     0.094    -0.996     0.002
 2     0.977     0.093     0.192
 2    -0.192    -0.017     0.981
 3   125.967    -2.563     1.235
 3     0.440    -0.147    -0.886
 3     0.221     0.974    -0.051
 3     0.870    -0.175     0.460
 4   112.130    12.897    -7.236
 4     0.646    -0.739     0.189
 4     0.763     0.628    -0.154
 4    -0.005     0.243     0.970
 5   118.713    21.938     9.707
 5     0.523    -0.648     0.556
 5     0.284    -0.481    -0.828
 5     0.803     0.590    -0.067
 6   144.844    22.059    30.550
 6     0.870    -0.027    -0.493
 6    -0.168     0.922    -0.351
 6     0.464     0.386     0.796
 7   110.552   -21.095    -5.239
 7     0.581     0.725     0.369
 7    -0.814     0.526     0.246
 7    -0.015    -0.443     0.896
 8   119.321   -27.702    15.566
 8     0.605     0.507     0.615
 8    -0.193    -0.655     0.730
 8     0.772    -0.560    -0.298
 9   143.742   -28.410    33.287
 9     0.879     0.145    -0.455
 9     0.018     0.941     0.338
 9     0.477    -0.305     0.824
 2    96.456   -22.634    59.308
 2     0.094    -0.996     0.002
 2     0.977     0.093     0.192
 2    -0.192    -0.017     0.981
 3   126.360    -2.542     1.715
 3     0.414    -0.122    -0.902
 3     0.203     0.978    -0.038
 3     0.887    -0.168     0.430
 4   113.183    13.732    -6.029
 4     0.613    -0.786     0.086
 4     0.780     0.583    -0.228
 4     0.129     0.207     0.970
 5   116.665    22.083    11.609
 5     0.382    -0.713     0.590
 5     0.273    -0.522    -0.807
 5     0.883     0.468    -0.005
 6   138.575    23.641    38.280
 6     0.778    -0.297    -0.554
 6    -0.101     0.811    -0.577
 6     0.620     0.504     0.600
 7   111.126   -21.349    -4.768
 7     0.566     0.760     0.319
 7    -0.822     0.494     0.282
 7     0.057    -0.422     0.904
 8   116.836   -27.204    16.562
 8     0.455     0.614     0.647
 8    -0.153    -0.661     0.734
 8     0.877    -0.432    -0.206
 9   136.939   -30.753    40.910
 9     0.751     0.561    -0.351
 9     0.008     0.519     0.853
 9     0.660    -0.645     0.386
 2    96.455   -22.634    59.308
 2     0.093    -0.996     0.002
 2     0.977     0.092     0.192
 2    -0.192    -0.017     0.981
 3   126.403    -2.352     2.055
 3     0.401    -0.104    -0.910
 3     0.200     0.979    -0.024
 3     0.894    -0.173     0.413
 4   113.356    14.522    -5.264
 4     0.552    -0.833     0.033
 4     0.800     0.518    -0.301
 4     0.233     0.193     0.953
 5   114.572    21.920    12.772
 5     0.249    -0.729     0.638
 5     0.227    -0.596    -0.769
 5     0.941     0.336     0.018
 6   131.983    25.805    42.402
 6     0.714    -0.646    -0.273
 6     0.030     0.413    -0.909
 6     0.699     0.641     0.316
 7   111.687   -21.529    -4.171
 7     0.571     0.770     0.284
 7    -0.813     0.484     0.322
 7     0.110    -0.414     0.903
 8   115.139   -27.142    16.647
 8     0.320     0.705     0.634
 8    -0.118    -0.634     0.763
 8     0.940    -0.318    -0.119
 9   131.207   -30.537    46.014
 9     0.621     0.733    -0.281
 9     0.033     0.330     0.942
 9     0.782    -0.594     0.182
 2    96.506   -22.634    59.308
 2     0.093    -0.996     0.002
 2     0.977     0.092     0.192
 2    -0.192    -0.017     0.981
 3   126.587    -2.007     2.171
 3     0.385    -0.103    -0.917
 3     0.204     0.978    -0.024
 3     0.900    -0.179     0.397
 4   114.101    14.996    -5.040
 4     0.523    -0.853    -0.014
 4     0.796     0.493    -0.351
 4     0.305     0.172     0.936
 5   113.303    21.923    12.816
 5     0.121    -0.713     0.691
 5     0.208    -0.662    -0.720
 5     0.970     0.230     0.069
 6   126.513    26.528    45.393
 6     0.544    -0.728    -0.423
 6     0.052     0.528    -0.846
 6     0.837     0.437     0.325
 7   112.068   -21.715    -3.877
 7     0.554     0.797     0.241
 7    -0.815     0.459     0.354
 7     0.172    -0.392     0.903
 8   113.474   -26.104    16.992
 8     0.225     0.638     0.736
