% Calibrated with leiden_pols
% Positions are in centimeters
Data =[
 2    96.505   -22.581    59.304
 2     0.088    -0.996     0.002
 2     0.977     0.087     0.191
 2    -0.191    -0.016     0.982
 3   126.768    -2.299     2.769
 3     0.344    -0.086    -0.935
 3     0.201     0.979    -0.016
 3     0.917    -0.183     0.354
 4   113.894    14.487    -4.851
 4     0.565    -0.825     0.019
 4     0.784     0.530    -0.324
 4     0.257     0.198     0.946
 5   115.016    22.384    13.089
 5     0.251    -0.743     0.622
 5     0.267    -0.564    -0.781
 5     0.930     0.361     0.058
 6   133.532    25.588    42.349
 6     0.639    -0.382    -0.669
 6     0.017     0.875    -0.483
 6     0.769     0.297     0.565
 7   112.970   -21.440    -4.316
 7     0.576     0.792     0.201
 7    -0.807     0.511     0.296
 7     0.132    -0.333     0.933
 8   115.286   -27.994    15.902
 8     0.206     0.854     0.478
 8    -0.067    -0.475     0.877
 8     0.976    -0.213    -0.040
 9   126.987   -30.242    47.762
 9     0.395     0.707    -0.591
 9     0.029     0.630     0.774
 9     0.918    -0.321     0.228
 2    96.505   -22.581    59.304
 2     0.088    -0.996     0.002
 2     0.977     0.087     0.191
 2    -0.191    -0.016     0.982
 3   127.030    -2.195     2.795
 3     0.337    -0.079    -0.938
 3     0.185     0.982    -0.017
 3     0.923    -0.168     0.345
 4   114.302    14.787    -4.786
 4     0.557    -0.831    -0.007
 4     0.782     0.526    -0.333
 4     0.280     0.180     0.943
 5   115.181    22.293    13.240
 5     0.215    -0.787     0.580
 5     0.226    -0.537    -0.812
 5     0.950     0.305     0.063
 6   130.530    26.648    44.487
 6     0.523    -0.438    -0.733
 6     0.062     0.876    -0.476
 6     0.849     0.203     0.486
 7   112.937   -21.470    -4.262
 7     0.554     0.811     0.190
 7    -0.821     0.493     0.289
 7     0.141    -0.316     0.938
 8   115.871   -27.888    16.481
 8     0.239     0.847     0.475
 8    -0.064    -0.474     0.878
 8     0.969    -0.240    -0.059
 9   130.177   -31.272    46.669
 9     0.471     0.648    -0.602
 9    -0.022     0.688     0.723
 9     0.881    -0.327     0.338
 2    96.455   -22.632    59.304
 2     0.088    -0.996     0.001
 2     0.977     0.087     0.191
 2    -0.191    -0.016     0.982
 3   126.994    -2.077     2.575
 3     0.348    -0.095    -0.933
 3     0.189     0.981    -0.029
 3     0.918    -0.167     0.359
 4   114.103    14.854    -4.719
 4     0.565    -0.825     0.013
 4     0.779     0.528    -0.338
 4     0.272     0.202     0.941
 5   115.719    22.359    13.605
 5     0.282    -0.756     0.592
 5     0.239    -0.541    -0.806
 5     0.929     0.368     0.029
 6   134.053    25.702    43.057
 6     0.604    -0.359    -0.712
 6     0.031     0.903    -0.428
 6     0.796     0.237     0.556
 7   112.902   -21.334    -4.350
 7     0.597     0.776     0.205
 7    -0.793     0.531     0.299
 7     0.124    -0.341     0.932
 8   118.300   -28.189    16.541
 8     0.371     0.812     0.451
 8    -0.096    -0.449     0.888
 8     0.924    -0.372    -0.089
 9   136.118   -30.518    43.933
 9     0.563     0.461    -0.689
 9    -0.044     0.846     0.529
 9     0.825    -0.267     0.496
 2    96.505   -22.632    59.304
 2     0.088    -0.996     0.001
 2     0.977     0.087     0.191
 2    -0.191    -0.016     0.982
 3   126.985    -1.976     2.531
 3     0.348    -0.102    -0.932
 3     0.192     0.980    -0.035
 3     0.917    -0.167     0.360
 4   113.877    14.662    -4.719
 4     0.606    -0.793     0.068
 4     0.768     0.560    -0.311
 4     0.208     0.241     0.948
 5   117.747    22.288    13.254
 5     0.412    -0.687     0.599
 5     0.263    -0.539    -0.799
 5     0.872     0.486    -0.041
 6   140.638    26.030    38.760
 6     0.732    -0.286    -0.619
 6     0.013     0.913    -0.407
 6     0.680     0.290     0.672
 7   112.604   -20.960    -4.674
 7     0.628     0.740     0.239
 7    -0.775     0.568     0.275
 7     0.068    -0.358     0.931
 8   121.837   -28.730    15.645
 8     0.587     0.682     0.437
 8    -0.145    -0.442     0.885
 8     0.796    -0.582    -0.161
 9   145.544   -30.334    35.879
 9     0.758     0.270    -0.593
 9    -0.050     0.931     0.360
 9     0.649    -0.244     0.720
 2    96.506   -22.581    59.253
 2     0.088    -0.996     0.002
 2     0.977     0.087     0.190
 2    -0.191    -0.016     0.982
 3   127.016    -1.903     2.428
 3     0.353    -0.105    -0.930
 3     0.197     0.980    -0.035
 3     0.914    -0.171     0.366
 4   113.154    13.779    -5.388
 4     0.674    -0.713     0.193
 4     0.738     0.639    -0.216
 4     0.030     0.288     0.957
 5   120.748    22.613    10.917
 5     0.602    -0.563     0.568
 5     0.314    -0.486    -0.815
 5     0.734     0.668    -0.116
 6   148.753    25.970    28.021
 6     0.901    -0.107    -0.419
 6    -0.035     0.948    -0.318
 6     0.431     0.300     0.850
 7   111.886   -20.281    -5.359
 7     0.648     0.705     0.287
 7    -0.760     0.619     0.196
 7    -0.039    -0.345     0.938
 8   125.169   -29.149    12.510
 8     0.788     0.470     0.398
 8    -0.189    -0.430     0.882
 8     0.586    -0.770    -0.250
 9   153.076   -29.800    23.192
 9     0.930     0.113    -0.350
 9    -0.033     0.973     0.228
 9     0.367    -0.200     0.908
 2    96.506   -22.581    59.253
 2     0.088    -0.996     0.002
 2     0.977     0.087     0.191
 2    -0.191    -0.016     0.982
 3   126.694    -1.911     2.145
 3     0.364    -0.099    -0.927
 3     0.217     0.976    -0.018
 3     0.905    -0.195     0.376
 4   111.729    12.573    -6.400
 4     0.696    -0.627     0.352
 4     0.690     0.718    -0.087
 4    -0.198     0.302     0.932
 5   122.987    22.751     6.914
 5     0.758    -0.432     0.491
 5     0.335    -0.387    -0.858
 5     0.559     0.814    -0.150
 6   153.458    24.400    15.274
 6     0.978     0.067    -0.195
 6    -0.107     0.974    -0.201
 6     0.176     0.216     0.960
 7   110.992   -19.645    -5.967
 7     0.653     0.679     0.336
 7    -0.741     0.664     0.099
 7    -0.156    -0.313     0.936
 8   127.167   -29.206     8.481
 8     0.903     0.295     0.312
 8    -0.185    -0.387     0.903
 8     0.387    -0.873    -0.295
 9   156.315   -28.814    10.641
 9     0.995     0.017    -0.095
 9    -0.003     0.988     0.152
 9     0.096    -0.152     0.984
 2    96.508   -22.631    59.250
 2     0.088    -0.996     0.002
 2     0.978     0.087     0.190
 2    -0.190    -0.016     0.982
 3   126.409    -1.774     1.751
 3     0.358    -0.102    -0.928
 3     0.255     0.966    -0.008
 3     0.898    -0.235     0.372
 4   110.520    11.201    -7.529
 4     0.681    -0.567     0.465
 4     0.628     0.777     0.025
 4    -0.375     0.274     0.885
 5   124.056    22.056     3.041
 5     0.850    -0.321     0.419
 5     0.322    -0.313    -0.893
 5     0.417     0.894    -0.163
 6   155.052    22.358     4.546
 6     0.987     0.161    -0.005
 6    -0.161     0.980    -0.118
 6    -0.014     0.117     0.993
 7   110.438   -19.396    -6.242
 7     0.644     0.667     0.375
 7    -0.725     0.688     0.020
 7    -0.245    -0.285     0.926
 8   128.072   -29.257     5.037
 8     0.959     0.161     0.230
 8    -0.164    -0.344     0.924
 8     0.229    -0.925    -0.304
 9   157.013   -27.928     0.898
 9     0.995    -0.035     0.098
 9     0.024     0.993     0.109
 9    -0.101    -0.107     0.989
 2    96.507   -22.631    59.301
 2     0.088    -0.996     0.002
 2     0.978     0.087     0.190
 2    -0.190    -0.016     0.982
 3   125.989    -2.085     1.261
 3     0.365    -0.131    -0.922
 3     0.300     0.953    -0.016
 3     0.881    -0.272     0.386
 4   108.941     9.695    -8.313
 4     0.638    -0.557     0.533
 4     0.599     0.792     0.111
 4    -0.484     0.248     0.839
 5   123.230    21.539     0.089
 5     0.887    -0.214     0.410
 5     0.350    -0.265    -0.898
 5     0.300     0.940    -0.161
