% Calibrated with leiden_pols
% Positions are in centimeters
Data =[
 2    96.771   -19.298    59.023
 2    -0.264    -0.965     0.003
 2     0.964    -0.263     0.033
 2    -0.033     0.011     0.999
 3   132.714    -5.295     3.661
 3     0.337    -0.036    -0.941
 3     0.244     0.968     0.050
 3     0.909    -0.248     0.335
 4   122.668    11.266    -4.376
 4     0.641    -0.764     0.075
 4     0.719     0.564    -0.406
 4     0.267     0.314     0.911
 5   121.525    17.769    19.505
 5     0.232    -0.569     0.790
 5     0.132    -0.785    -0.604
 5     0.964     0.243    -0.105
 6   128.036    23.987    41.720
 6     0.209    -0.966    -0.158
 6     0.132     0.185    -0.974
 6     0.969     0.182     0.164
 7   119.761   -22.158    -3.528
 7     0.159     0.916     0.369
 7    -0.968     0.070     0.240
 7     0.195    -0.395     0.898
 8   122.726   -24.990    22.026
 8     0.412     0.441     0.799
 8    -0.021    -0.871     0.489
 8     0.911    -0.217    -0.349
 9   130.302   -30.123    42.914
 9     0.254     0.966    -0.052
 9    -0.081     0.073     0.994
 9     0.963    -0.248     0.095
 2    96.747   -19.298    58.972
 2    -0.263    -0.965     0.003
 2     0.964    -0.262     0.033
 2    -0.033     0.011     0.999
 3   132.632    -5.271     3.668
 3     0.339    -0.038    -0.940
 3     0.245     0.968     0.050
 3     0.908    -0.248     0.337
 4   122.618    11.266    -4.376
 4     0.641    -0.764     0.076
 4     0.719     0.564    -0.406
 4     0.267     0.314     0.911
 5   121.465    17.766    19.514
 5     0.233    -0.569     0.790
 5     0.132    -0.785    -0.604
 5     0.963     0.244    -0.107
 6   128.026    23.984    41.730
 6     0.211    -0.965    -0.156
 6     0.132     0.184    -0.974
 6     0.968     0.184     0.164
 7   119.719   -22.155    -3.537
 7     0.160     0.915     0.371
 7    -0.967     0.069     0.243
 7     0.198    -0.397     0.896
 8   122.720   -24.966    22.085
 8     0.415     0.440     0.799
 8    -0.021    -0.871     0.488
 8     0.910    -0.218    -0.350
 9   130.303   -30.175    42.915
 9     0.254     0.966    -0.051
 9    -0.082     0.072     0.994
 9     0.963    -0.248     0.095
 2    96.771   -19.349    59.023
 2    -0.264    -0.965     0.003
 2     0.964    -0.263     0.033
 2    -0.033     0.011     0.999
 3   132.576    -5.273     3.726
 3     0.340    -0.039    -0.939
 3     0.245     0.968     0.049
 3     0.907    -0.248     0.339
 4   122.569    11.318    -4.329
 4     0.640    -0.765     0.076
 4     0.720     0.561    -0.407
 4     0.268     0.315     0.910
 5   121.440    17.766    19.512
 5     0.234    -0.568     0.790
 5     0.132    -0.786    -0.603
 5     0.963     0.244    -0.108
 6   127.976    23.984    41.730
 6     0.212    -0.966    -0.153
 6     0.133     0.181    -0.974
 6     0.968     0.185     0.165
 7   119.719   -22.205    -3.538
 7     0.161     0.915     0.371
 7    -0.967     0.070     0.245
 7     0.198    -0.397     0.896
 8   122.720   -24.966    22.085
 8     0.415     0.440     0.799
 8    -0.021    -0.871     0.489
 8     0.910    -0.218    -0.351
 9   130.303   -30.124    42.966
 9     0.254     0.966    -0.051
 9    -0.082     0.072     0.994
 9     0.963    -0.248     0.095
 2    96.746   -19.298    59.023
 2    -0.264    -0.965     0.003
 2     0.964    -0.263     0.033
 2    -0.033     0.011     0.999
 3   132.159    -5.281     3.846
 3     0.349    -0.041    -0.936
 3     0.245     0.968     0.049
 3     0.904    -0.247     0.347
 4   122.004    11.186    -4.320
 4     0.642    -0.761     0.088
 4     0.719     0.559    -0.411
 4     0.263     0.327     0.907
 5   121.144    17.707    19.648
 5     0.245    -0.562     0.791
 5     0.131    -0.789    -0.599
 5     0.961     0.249    -0.119
 6   127.919    23.922    41.706
 6     0.223    -0.964    -0.144
 6     0.134     0.174    -0.975
 6     0.965     0.198     0.167
 7   119.047   -22.246    -3.432
 7     0.164     0.907     0.389
 7    -0.965     0.064     0.254
 7     0.206    -0.417     0.885
 8   122.386   -24.925    22.190
 8     0.428     0.427     0.798
 8    -0.024    -0.876     0.480
 8     0.903    -0.224    -0.363
 9   130.180   -30.179    42.925
 9     0.265     0.963    -0.042
 9    -0.084     0.064     0.994
 9     0.960    -0.260     0.096
 2    96.772   -19.298    58.972
 2    -0.264    -0.965     0.003
 2     0.964    -0.263     0.033
 2    -0.033     0.011     0.999
 3   131.703    -5.196     3.645
 3     0.366    -0.048    -0.929
 3     0.241     0.969     0.045
 3     0.899    -0.241     0.366
 4   121.535    11.358    -4.232
 4     0.643    -0.759     0.103
 4     0.721     0.555    -0.414
 4     0.257     0.340     0.904
 5   121.000    17.621    19.707
 5     0.253    -0.554     0.795
 5     0.127    -0.794    -0.593
 5     0.959     0.250    -0.129
 6   127.715    23.973    41.871
 6     0.228    -0.968    -0.112
 6     0.140     0.144    -0.979
 6     0.963     0.207     0.167
 7   118.922   -22.196    -3.479
 7     0.165     0.905     0.393
 7    -0.965     0.065     0.254
 7     0.205    -0.421     0.884
 8   122.311   -24.817    22.032
 8     0.420     0.425     0.803
 8    -0.023    -0.879     0.475
 8     0.907    -0.217    -0.358
 9   130.123   -30.132    42.886
 9     0.267     0.963    -0.035
 9    -0.086     0.058     0.995
 9     0.959    -0.263     0.097
 2    96.746   -19.298    59.023
 2    -0.264    -0.965     0.003
 2     0.964    -0.263     0.033
 2    -0.033     0.011     0.999
 3   131.653    -5.195     3.645
 3     0.365    -0.049    -0.930
 3     0.241     0.969     0.044
 3     0.899    -0.241     0.366
 4   121.593    11.364    -4.098
 4     0.639    -0.761     0.109
 4     0.722     0.547    -0.422
 4     0.262     0.348     0.900
 5   121.197    17.514    19.607
 5     0.261    -0.547     0.797
 5     0.131    -0.797    -0.589
 5     0.956     0.256    -0.135
 6   128.172    23.998    41.542
 6     0.231    -0.968    -0.105
 6     0.148     0.140    -0.979
 6     0.961     0.210     0.174
 7   118.888   -22.182    -3.396
 7     0.182     0.897     0.402
 7    -0.961     0.074     0.267
 7     0.210    -0.435     0.875
 8   123.536   -25.366    21.737
 8     0.411     0.438     0.801
 8    -0.042    -0.868     0.494
 8     0.910    -0.235    -0.338
 9   132.890   -30.924    42.138
 9     0.321     0.947    -0.019
 9    -0.106     0.053     0.993
 9     0.941    -0.316     0.115
 2    96.747   -19.298    58.972
 2    -0.264    -0.965     0.003
 2     0.964    -0.263     0.033
 2    -0.033     0.011     0.999
 3   131.514    -5.072     3.733
 3     0.370    -0.056    -0.927
 3     0.243     0.969     0.038
 3     0.897    -0.240     0.372
 4   121.351    11.519    -3.691
 4     0.685    -0.716     0.133
 4     0.682     0.566    -0.463
 4     0.256     0.407     0.876
 5   125.009    17.460    20.120
 5     0.410    -0.547     0.732
 5     0.140    -0.754    -0.641
 5     0.901     0.364    -0.232
 6   135.692    23.950    40.119
 6     0.392    -0.912    -0.131
 6     0.157     0.202    -0.966
 6     0.906     0.357     0.221
 7   118.607   -21.991    -3.285
 7     0.220     0.868     0.446
 7    -0.955     0.098     0.277
 7     0.198    -0.486     0.851
 8   127.836   -26.571    21.565
 8     0.581     0.447     0.681
 8    -0.062    -0.809     0.583
 8     0.811    -0.380    -0.443
 9   140.895   -31.826    38.985
 9     0.504     0.860    -0.085
 9    -0.126     0.166     0.978
 9     0.854    -0.482     0.191
 2    96.747   -19.349    59.023
 2    -0.263    -0.965     0.003
 2     0.964    -0.262     0.033
 2    -0.033     0.011     0.999
 3   131.525    -5.220     3.873
 3     0.392    -0.049    -0.919
 3     0.252     0.966     0.057
 3     0.884    -0.255     0.391
 4   121.603    11.198    -3.651
 4     0.752    -0.647     0.131
 4     0.613     0.613    -0.497
 4     0.240     0.454     0.858
 5   129.833    17.277    19.406
 5     0.619    -0.497     0.611
 5     0.137    -0.695    -0.704
 5     0.773     0.519    -0.362
