% Calibrated with leiden_pols
% Positions are in centimeters
Data =[
 2    96.771   -19.298    59.023
 2    -0.264    -0.965     0.003
 2     0.964    -0.263     0.033
 2    -0.033     0.011     0.999
 3   132.714    -5.295     3.661
 3     0.337    -0.036    -0.941
 3     0.244     0.968     0.050
 3     0.909    -0.248     0.335
 4   122.668    11.266    -4.376
 4     0.641    -0.764     0.075
 4     0.719     0.564    -0.406
 4     0.267     0.314     0.911
 5   121.525    17.769    19.505
 5     0.232    -0.569     0.790
 5     0.132    -0.785    -0.604
 5     0.964     0.243    -0.105
 6   128.036    23.987    41.720
 6     0.209    -0.966    -0.158
 6     0.132     0.185    -0.974
 6     0.969     0.182     0.164
 7   119.761   -22.158    -3.528
 7     0.159     0.916     0.369
 7    -0.968     0.070     0.240
 7     0.195    -0.395     0.898
 8   122.726   -24.990    22.026
 8     0.412     0.441     0.799
 8    -0.021    -0.871     0.489
 8     0.911    -0.217    -0.349
 9   130.302   -30.123    42.914
 9     0.254     0.966    -0.052
 9    -0.081     0.073     0.994
 9     0.963    -0.248     0.095
 2    96.747   -19.298    58.972
 2    -0.263    -0.965     0.003
 2     0.964    -0.262     0.033
 2    -0.033     0.011     0.999
 3   132.632    -5.271     3.668
 3     0.339    -0.038    -0.940
 3     0.245     0.968     0.050
 3     0.908    -0.248     0.337
 4   122.618    11.266    -4.376
 4     0.641    -0.764     0.076
 4     0.719     0.564    -0.406
 4     0.267     0.314     0.911
 5   121.465    17.766    19.514
 5     0.233    -0.569     0.790
 5     0.132    -0.785    -0.604
 5     0.963     0.244    -0.107
 6   128.026    23.984    41.730
 6     0.211    -0.965    -0.156
 6     0.132     0.184    -0.974
 6     0.968     0.184     0.164
 7   119.719   -22.155    -3.537
 7     0.160     0.915     0.371
 7    -0.967     0.069     0.243
 7     0.198    -0.397     0.896
 8   122.720   -24.966    22.085
 8     0.415     0.440     0.799
 8    -0.021    -0.871     0.488
 8     0.910    -0.218    -0.350
 9   130.303   -30.175    42.915
 9     0.254     0.966    -0.051
 9    -0.082     0.072     0.994
 9     0.963    -0.248     0.095
 2    96.771   -19.349    59.023
 2    -0.264    -0.965     0.003
 2     0.964    -0.263     0.033
 2    -0.033     0.011     0.999
 3   132.576    -5.273     3.726
 3     0.340    -0.039    -0.939
 3     0.245     0.968     0.049
 3     0.907    -0.248     0.339
 4   122.569    11.318    -4.329
 4     0.640    -0.765     0.076
 4     0.720     0.561    -0.407
 4     0.268     0.315     0.910
 5   121.440    17.766    19.512
 5     0.234    -0.568     0.790
 5     0.132    -0.786    -0.603
 5     0.963     0.244    -0.108
 6   127.976    23.984    41.730
 6     0.212    -0.966    -0.153
 6     0.133     0.181    -0.974
 6     0.968     0.185     0.165
 7   119.719   -22.205    -3.538
 7     0.161     0.915     0.371
 7    -0.967     0.070     0.245
 7     0.198    -0.397     0.896
 8   122.720   -24.966    22.085
 8     0.415     0.440     0.799
 8    -0.021    -0.871     0.489
 8     0.910    -0.218    -0.351
 9   130.303   -30.124    42.966
 9     0.254     0.966    -0.051
 9    -0.082     0.072     0.994
 9     0.963    -0.248     0.095
 2    96.746   -19.298    59.023
 2    -0.264    -0.965     0.003
 2     0.964    -0.263     0.033
 2    -0.033     0.011     0.999
 3   132.159    -5.281     3.846
 3     0.349    -0.041    -0.936
 3     0.245     0.968     0.049
 3     0.904    -0.247     0.347
 4   122.004    11.186    -4.320
 4     0.642    -0.761     0.088
 4     0.719     0.559    -0.411
 4     0.263     0.327     0.907
 5   121.144    17.707    19.648
 5     0.245    -0.562     0.791
 5     0.131    -0.789    -0.599
 5     0.961     0.249    -0.119
 6   127.919    23.922    41.706
 6     0.223    -0.964    -0.144
 6     0.134     0.174    -0.975
 6     0.965     0.198     0.167
 7   119.047   -22.246    -3.432
 7     0.164     0.907     0.389
 7    -0.965     0.064     0.254
 7     0.206    -0.417     0.885
 8   122.386   -24.925    22.190
 8     0.428     0.427     0.798
 8    -0.024    -0.876     0.480
 8     0.903    -0.224    -0.363
 9   130.180   -30.179    42.925
 9     0.265     0.963    -0.042
 9    -0.084     0.064     0.994
 9     0.960    -0.260     0.096
 2    96.772   -19.298    58.972
 2    -0.264    -0.965     0.003
 2     0.964    -0.263     0.033
 2    -0.033     0.011     0.999
 3   131.703    -5.196     3.645
 3     0.366    -0.048    -0.929
 3     0.241     0.969     0.045
 3     0.899    -0.241     0.366
 4   121.535    11.358    -4.232
 4     0.643    -0.759     0.103
 4     0.721     0.555    -0.414
 4     0.257     0.340     0.904
 5   121.000    17.621    19.707
 5     0.253    -0.554     0.795
 5     0.127    -0.794    -0.593
 5     0.959     0.250    -0.129
 6   127.715    23.973    41.871
 6     0.228    -0.968    -0.112
 6     0.140     0.144    -0.979
 6     0.963     0.207     0.167
 7   118.922   -22.196    -3.479
 7     0.165     0.905     0.393
 7    -0.965     0.065     0.254
 7     0.205    -0.421     0.884
 8   122.311   -24.817    22.032
 8     0.420     0.425     0.803
 8    -0.023    -0.879     0.475
 8     0.907    -0.217    -0.358
 9   130.123   -30.132    42.886
 9     0.267     0.963    -0.035
 9    -0.086     0.058     0.995
 9     0.959    -0.263     0.097
 2    96.746   -19.298    59.023
 2    -0.264    -0.965     0.003
 2     0.964    -0.263     0.033
 2    -0.033     0.011     0.999
 3   131.653    -5.195     3.645
 3     0.365    -0.049    -0.930
 3     0.241     0.969     0.044
 3     0.899    -0.241     0.366
 4   121.593    11.364    -4.098
 4     0.639    -0.761     0.109
 4     0.722     0.547    -0.422
 4     0.262     0.348     0.900
 5   121.197    17.514    19.607
 5     0.261    -0.547     0.797
 5     0.131    -0.797    -0.589
 5     0.956     0.256    -0.135
 6   128.172    23.998    41.542
 6     0.231    -0.968    -0.105
 6     0.148     0.140    -0.979
 6     0.961     0.210     0.174
 7   118.888   -22.182    -3.396
 7     0.182     0.897     0.402
 7    -0.961     0.074     0.267
 7     0.210    -0.435     0.875
 8   123.536   -25.366    21.737
 8     0.411     0.438     0.801
 8    -0.042    -0.868     0.494
 8     0.910    -0.235    -0.338
 9   132.890   -30.924    42.138
 9     0.321     0.947    -0.019
 9    -0.106     0.053     0.993
 9     0.941    -0.316     0.115
 2    96.747   -19.298    58.972
 2    -0.264    -0.965     0.003
 2     0.964    -0.263     0.033
 2    -0.033     0.011     0.999
 3   131.514    -5.072     3.733
 3     0.370    -0.056    -0.927
 3     0.243     0.969     0.038
 3     0.897    -0.240     0.372
 4   121.351    11.519    -3.691
 4     0.685    -0.716     0.133
 4     0.682     0.566    -0.463
 4     0.256     0.407     0.876
 5   125.009    17.460    20.120
 5     0.410    -0.547     0.732
 5     0.140    -0.754    -0.641
 5     0.901     0.364    -0.232
 6   135.692    23.950    40.119
 6     0.392    -0.912    -0.131
 6     0.157     0.202    -0.966
 6     0.906     0.357     0.221
 7   118.607   -21.991    -3.285
 7     0.220     0.868     0.446
 7    -0.955     0.098     0.277
 7     0.198    -0.486     0.851
 8   127.836   -26.571    21.565
 8     0.581     0.447     0.681
 8    -0.062    -0.809     0.583
 8     0.811    -0.380    -0.443
 9   140.895   -31.826    38.985
 9     0.504     0.860    -0.085
 9    -0.126     0.166     0.978
 9     0.854    -0.482     0.191
 2    96.747   -19.349    59.023
 2    -0.263    -0.965     0.003
 2     0.964    -0.262     0.033
 2    -0.033     0.011     0.999
 3   131.525    -5.220     3.873
 3     0.392    -0.049    -0.919
 3     0.252     0.966     0.057
 3     0.884    -0.255     0.391
 4   121.603    11.198    -3.651
 4     0.752    -0.647     0.131
 4     0.613     0.613    -0.497
 4     0.240     0.454     0.858
 5   129.833    17.277    19.406
 5     0.619    -0.497     0.611
 5     0.137    -0.695    -0.704
 5     0.773     0.519    -0.362
 6   144.451    23.474    35.741
 6     0.594    -0.790    -0.163
 6     0.149     0.301    -0.941
 6     0.790     0.534     0.297
 7   118.021   -21.978    -2.823
 7     0.265     0.825     0.501
 7    -0.947     0.125     0.293
 7     0.180    -0.551     0.814
 8   131.448   -27.220    20.752
 8     0.743     0.397     0.540
 8    -0.058    -0.764     0.641
 8     0.666    -0.509    -0.545
 9   147.106   -32.185    34.186
 9     0.665     0.741    -0.097
 9    -0.136     0.243     0.960
 9     0.734    -0.626     0.263
 2    96.747   -19.298    59.023
 2    -0.263    -0.965     0.003
 2     0.964    -0.262     0.033
 2    -0.033     0.011     0.999
 3   131.425    -5.363     3.809
 3     0.411    -0.050    -0.911
 3     0.259     0.963     0.064
 3     0.874    -0.263     0.408
 4   121.566    10.645    -4.040
 4     0.805    -0.577     0.141
 4     0.564     0.669    -0.484
 4     0.184     0.468     0.864
 5   133.515    17.319    17.186
 5     0.780    -0.388     0.492
 5     0.145    -0.651    -0.744
 5     0.608     0.652    -0.453
 6   150.902    23.154    29.506
 6     0.761    -0.627    -0.171
 6     0.128     0.398    -0.907
 6     0.635     0.669     0.385
 7   117.745   -21.858    -2.714
 7     0.313     0.792     0.526
 7    -0.939     0.175     0.293
 7     0.141    -0.585     0.798
 8   134.028   -27.948    18.699
 8     0.856     0.323     0.404
 8    -0.063    -0.710     0.701
 8     0.513    -0.626    -0.588
 9   151.963   -32.640    27.748
 9     0.802     0.594    -0.068
 9    -0.147     0.303     0.941
 9     0.578    -0.745     0.332
 2    96.771   -19.298    59.023
 2    -0.264    -0.965     0.003
 2     0.964    -0.263     0.033
 2    -0.033     0.011     0.999
 3   131.295    -5.305     3.584
 3     0.430    -0.068    -0.900
 3     0.261     0.964     0.053
 3     0.864    -0.258     0.432
 4   121.451    10.451    -4.247
 4     0.843    -0.515     0.156
 4     0.522     0.715    -0.464
 4     0.127     0.472     0.872
 5   135.889    17.566    14.580
 5     0.872    -0.294     0.392
 5     0.146    -0.608    -0.779
 5     0.467     0.737    -0.488
 6   154.709    22.881    23.253
 6     0.861    -0.485    -0.153
 6     0.108     0.466    -0.877
 6     0.496     0.740     0.455
 7   117.404   -21.531    -2.653
 7     0.349     0.761     0.548
 7    -0.933     0.228     0.275
 7     0.085    -0.607     0.790
 8   135.970   -28.381    16.101
 8     0.925     0.237     0.297
 8    -0.069    -0.665     0.744
 8     0.373    -0.708    -0.599
 9   154.869   -32.749    21.537
 9     0.888     0.459    -0.024
 9    -0.155     0.343     0.926
 9     0.433    -0.819     0.377
 2    96.747   -19.298    59.023
 2    -0.263    -0.965     0.003
 2     0.964    -0.262     0.033
 2    -0.033     0.011     0.999
 3   131.244    -5.195     3.384
 3     0.448    -0.080    -0.891
 3     0.262     0.964     0.046
 3     0.854    -0.255     0.452
 4   121.154    10.160    -4.599
 4     0.865    -0.468     0.180
 4     0.496     0.752    -0.433
 4     0.067     0.464     0.883
 5   137.159    17.417    12.459
 5     0.916    -0.235     0.327
 5     0.139    -0.578    -0.803
 5     0.377     0.781    -0.497
 6   156.746    22.274    18.681
 6     0.914    -0.383    -0.136
 6     0.087     0.509    -0.855
 6     0.396     0.771     0.500
 7   117.074   -21.281    -2.631
 7     0.373     0.734     0.569
 7    -0.927     0.271     0.256
 7     0.034    -0.623     0.781
 8   137.012   -28.585    13.978
 8     0.962     0.165     0.217
 8    -0.066    -0.631     0.772
 8     0.265    -0.758    -0.597
 9   156.429   -32.737    16.476
 9     0.937     0.349     0.011
 9    -0.156     0.387     0.908
 9     0.312    -0.853     0.418
 2    96.771   -19.349    59.023
 2    -0.264    -0.965     0.003
 2     0.964    -0.263     0.033
 2    -0.033     0.011     0.999
 3   131.289    -5.105     3.187
 3     0.461    -0.088    -0.883
 3     0.262     0.964     0.042
 3     0.848    -0.252     0.466
 4   121.053     9.880    -5.008
 4     0.879    -0.432     0.204
 4     0.476     0.779    -0.408
 4     0.017     0.454     0.890
 5   138.146    17.338    10.438
 5     0.944    -0.179     0.277
 5     0.137    -0.551    -0.823
 5     0.300     0.815    -0.496
 6   158.095    21.628    14.444
 6     0.949    -0.292    -0.117
 6     0.065     0.547    -0.834
 6     0.306     0.784     0.539
 7   116.919   -21.128    -2.597
 7     0.387     0.717     0.582
 7    -0.922     0.302     0.239
 7    -0.004    -0.628     0.777
 8   137.690   -28.884    12.046
 8     0.983     0.088     0.158
 8    -0.073    -0.607     0.791
 8     0.166    -0.790    -0.591
 9   157.367   -32.879    11.506
 9     0.971     0.228     0.062
 9    -0.152     0.404     0.902
 9     0.181    -0.886     0.427
 2    96.746   -19.298    59.023
 2    -0.264    -0.965     0.003
 2     0.964    -0.263     0.033
 2    -0.033     0.011     0.999
 3   131.274    -5.059     3.076
 3     0.465    -0.089    -0.881
 3     0.262     0.964     0.042
 3     0.845    -0.251     0.472
 4   120.742     9.528    -5.402
 4     0.890    -0.398     0.221
 4     0.454     0.806    -0.379
 4    -0.028     0.437     0.899
 5   138.832    17.130     8.214
 5     0.966    -0.119     0.230
 5     0.136    -0.523    -0.841
 5     0.220     0.844    -0.489
 6   159.122    20.778    10.004
 6     0.976    -0.198    -0.090
 6     0.044     0.586    -0.809
 6     0.213     0.786     0.581
 7   116.727   -20.979    -2.621
 7     0.400     0.698     0.596
 7    -0.915     0.336     0.219
 7    -0.048    -0.633     0.772
 8   138.063   -29.437     9.846
 8     0.993     0.015     0.114
 8    -0.085    -0.569     0.818
 8     0.077    -0.822    -0.564
 9   157.548   -33.404     6.579
 9     0.985     0.129     0.111
 9    -0.159     0.454     0.876
 9     0.063    -0.881     0.468
 2    96.747   -19.298    59.023
 2    -0.263    -0.965     0.003
 2     0.964    -0.262     0.033
 2    -0.033     0.011     0.999
 3   131.315    -5.113     2.985
 3     0.469    -0.090    -0.879
 3     0.263     0.964     0.042
 3     0.843    -0.251     0.475
 4   120.479     9.072    -5.682
 4     0.899    -0.368     0.240
 4     0.432     0.835    -0.340
 4    -0.076     0.409     0.909
 5   139.405    16.982     5.460
 5     0.982    -0.040     0.181
 5     0.140    -0.479    -0.866
 5     0.121     0.876    -0.466
 6   159.500    19.983     4.338
 6     0.995    -0.089    -0.040
 6     0.025     0.633    -0.774
 6     0.094     0.769     0.632
 7   116.714   -20.837    -2.540
 7     0.416     0.671     0.616
 7    -0.904     0.379     0.195
 7    -0.102    -0.637     0.763
 8   138.219   -29.975     7.248
 8     0.994    -0.076     0.076
 8    -0.105    -0.531     0.841
 8    -0.024    -0.844    -0.536
 9   157.150   -33.982     0.414
 9     0.981     0.013     0.192
 9    -0.173     0.500     0.848
 9    -0.085    -0.866     0.493
 2    96.774   -19.348    59.020
 2    -0.263    -0.965     0.003
 2     0.964    -0.262     0.032
 2    -0.032     0.010     0.999
 3   131.355    -5.116     2.818
 3     0.472    -0.092    -0.877
 3     0.263     0.964     0.041
 3     0.841    -0.251     0.478
 4   119.884     8.400    -6.076
 4     0.902    -0.334     0.275
 4     0.409     0.862    -0.298
 4    -0.138     0.381     0.914
 5   139.441    16.817     2.137
 5     0.989     0.060     0.133
 5     0.146    -0.433    -0.890
 5     0.004     0.899    -0.437
 6   159.250    19.269    -2.237
 6     0.999     0.031     0.038
 6     0.008     0.672    -0.741
 6    -0.049     0.740     0.671
 7   116.356   -20.755    -2.526
 7     0.429     0.635     0.643
 7    -0.888     0.427     0.169
 7    -0.167    -0.643     0.746
 8   138.087   -30.265     4.251
 8     0.985    -0.170     0.038
 8    -0.117    -0.484     0.867
 8    -0.129    -0.859    -0.496
 9   156.015   -33.931    -5.944
 9     0.956    -0.111     0.271
 9    -0.170     0.542     0.822
 9    -0.237    -0.833     0.500
 2    96.773   -19.297    59.019
 2    -0.264    -0.965     0.004
 2     0.964    -0.263     0.032
 2    -0.032     0.012     0.999
 3   131.340    -5.120     2.603
 3     0.477    -0.098    -0.873
 3     0.264     0.963     0.037
 3     0.838    -0.249     0.486
 4   119.257     7.894    -6.282
 4     0.898    -0.312     0.310
 4     0.397     0.877    -0.271
 4    -0.188     0.365     0.911
 5   139.018    16.784    -0.286
 5     0.984     0.139     0.106
 5     0.154    -0.400    -0.904
 5    -0.083     0.906    -0.415
 6   158.281    18.917    -6.968
 6     0.988     0.112     0.104
 6    -0.004     0.698    -0.716
 6    -0.153     0.707     0.690
 7   116.196   -20.564    -2.597
 7     0.438     0.606     0.665
 7    -0.872     0.466     0.149
 7    -0.220    -0.644     0.731
 8   137.876   -30.326     2.047
 8     0.972    -0.234     0.014
 8    -0.121    -0.450     0.885
 8    -0.201    -0.862    -0.466
 9   155.050   -33.353    -9.925
 9     0.930    -0.186     0.318
 9    -0.161     0.571     0.804
 9    -0.330    -0.799     0.502
 2    96.750   -19.296    59.016
 2    -0.264    -0.965     0.005
 2     0.964    -0.263     0.032
 2    -0.031     0.013     0.999
 3   131.364    -4.999     2.424
 3     0.483    -0.110    -0.869
 3     0.268     0.963     0.028
 3     0.833    -0.247     0.494
 4   118.639     7.491    -6.582
 4     0.885    -0.303     0.354
 4     0.397     0.886    -0.239
 4    -0.242     0.351     0.904
 5   138.495    16.630    -2.532
 5     0.975     0.207     0.083
 5     0.156    -0.367    -0.917
 5    -0.160     0.907    -0.390
 6   157.002    18.003   -11.679
 6     0.967     0.197     0.161
 6    -0.031     0.720    -0.693
 6    -0.252     0.665     0.703
 7   116.140   -20.243    -2.695
 7     0.449     0.569     0.691
 7    -0.851     0.505     0.136
 7    -0.272    -0.649     0.710
 8   137.446   -30.322    -0.493
 8     0.951    -0.308     0.000
 8    -0.130    -0.401     0.906
 8    -0.279    -0.863    -0.422
 9   153.322   -32.954   -14.909
 9     0.884    -0.270     0.383
 9    -0.147     0.616     0.772
 9    -0.443    -0.740     0.506
 2    96.752   -19.296    59.013
 2    -0.264    -0.965     0.006
 2     0.964    -0.263     0.031
 2    -0.030     0.014     0.999
 3   131.268    -4.960     2.146
 3     0.496    -0.123    -0.860
 3     0.276     0.960     0.023
 3     0.823    -0.250     0.509
 4   117.892     6.972    -6.802
 4     0.867    -0.284     0.410
 4     0.392     0.894    -0.213
 4    -0.307     0.345     0.886
 5   137.678    16.300    -5.257
 5     0.955     0.293     0.049
 5     0.151    -0.333    -0.931
 5    -0.256     0.896    -0.362
 6   155.248    17.180   -16.716
 6     0.932     0.278     0.235
 6    -0.052     0.741    -0.668
 6    -0.359     0.611     0.705
 7   115.871   -20.053    -2.767
 7     0.446     0.533     0.720
 7    -0.836     0.534     0.121
 7    -0.321    -0.656     0.683
 8   136.592   -30.271    -2.802
 8     0.924    -0.383    -0.007
 8    -0.139    -0.351     0.926
 8    -0.356    -0.855    -0.378
 9   151.215   -32.474   -19.436
 9     0.830    -0.338     0.447
 9    -0.134     0.653     0.743
 9    -0.542    -0.678     0.498
 2    96.752   -19.296    59.013
 2    -0.264    -0.965     0.007
 2     0.964    -0.263     0.031
 2    -0.030     0.014     0.999
 3   131.198    -4.854     1.793
 3     0.517    -0.136    -0.845
 3     0.283     0.958     0.021
 3     0.807    -0.251     0.534
 4   117.145     6.619    -6.907
 4     0.847    -0.273     0.457
 4     0.392     0.899    -0.191
 4    -0.359     0.340     0.868
 5   136.489    16.153    -7.614
 5     0.925     0.378     0.031
 5     0.154    -0.298    -0.942
 5    -0.347     0.876    -0.334
 6   152.876    16.304   -21.405
 6     0.885     0.352     0.307
 6    -0.075     0.754    -0.650
 6    -0.459     0.554     0.695
 7   115.318   -19.667    -3.042
 7     0.436     0.490     0.756
 7    -0.818     0.565     0.105
 7    -0.376    -0.664     0.646
 8   135.611   -30.186    -4.953
 8     0.894    -0.449    -0.011
 8    -0.147    -0.314     0.938
 8    -0.424    -0.837    -0.347
 9   148.747   -31.606   -23.449
 9     0.769    -0.410     0.494
 9    -0.109     0.673     0.728
 9    -0.629    -0.615     0.475
 2    96.754   -19.295    59.010
 2    -0.264    -0.965     0.008
 2     0.964    -0.263     0.030
 2    -0.029     0.014     0.999
 3   131.005    -4.693     1.465
 3     0.534    -0.153    -0.832
 3     0.298     0.954     0.017
 3     0.791    -0.258     0.554
 4   116.238     6.341    -7.061
 4     0.820    -0.266     0.507
 4     0.396     0.902    -0.171
 4    -0.412     0.340     0.845
 5   134.979    15.972   -10.110
 5     0.883     0.469     0.012
 5     0.157    -0.270    -0.950
 5    -0.442     0.841    -0.312
 6   149.582    15.917   -26.133
 6     0.818     0.426     0.389
 6    -0.087     0.756    -0.646
 6    -0.568     0.497     0.656
 7   115.009   -19.298    -3.195
 7     0.427     0.451     0.784
 7    -0.800     0.591     0.096
 7    -0.421    -0.669     0.613
 8   134.473   -30.032    -7.202
 8     0.856    -0.516    -0.000
 8    -0.158    -0.261     0.952
 8    -0.491    -0.816    -0.306
 9   146.133   -30.942   -27.209
 9     0.704    -0.454     0.550
 9    -0.089     0.708     0.698
 9    -0.704    -0.541     0.459
 2    96.754   -19.295    59.010
 2    -0.264    -0.965     0.008
 2     0.964    -0.263     0.030
 2    -0.029     0.014     0.999
 3   130.909    -4.601     1.160
 3     0.544    -0.168    -0.823
 3     0.309     0.950     0.012
 3     0.780    -0.262     0.568
 4   115.584     6.048    -7.121
 4     0.797    -0.262     0.545
 4     0.400     0.903    -0.153
 4    -0.453     0.339     0.824
 5   133.564    15.968   -12.061
 5     0.842     0.540     0.007
 5     0.166    -0.246    -0.955
 5    -0.514     0.805    -0.297
 6   146.971    15.537   -29.401
 6     0.761     0.476     0.445
 6    -0.100     0.759    -0.641
 6    -0.641     0.445     0.625
 7   114.641   -18.999    -3.370
 7     0.418     0.415     0.809
 7    -0.785     0.612     0.091
 7    -0.458    -0.673     0.581
 8   133.484   -29.880    -8.837
 8     0.829    -0.559     0.007
 8    -0.160    -0.224     0.961
 8    -0.535    -0.798    -0.276
 9   144.176   -30.242   -29.587
 9     0.659    -0.488     0.578
 9    -0.069     0.721     0.686
 9    -0.749    -0.493     0.441
 2    96.754   -19.295    59.010
 2    -0.264    -0.965     0.008
 2     0.964    -0.263     0.030
 2    -0.029     0.015     0.999
 3   130.733    -4.484     0.859
 3     0.552    -0.188    -0.813
 3     0.325     0.945     0.004
 3     0.768    -0.267     0.582
 4   114.944     5.660    -7.252
 4     0.774    -0.259     0.578
 4     0.404     0.904    -0.137
 4    -0.487     0.339     0.804
 5   132.012    15.758   -13.727
 5     0.797     0.604     0.004
 5     0.166    -0.212    -0.963
 5    -0.581     0.768    -0.269
 6   143.800    15.036   -32.501
 6     0.701     0.506     0.507
 6    -0.106     0.771    -0.624
 6    -0.705     0.385     0.594
 7   114.320   -18.674    -3.524
 7     0.411     0.381     0.829
 7    -0.766     0.636     0.087
 7    -0.494    -0.671     0.552
 8   132.435   -29.530   -10.385
 8     0.798    -0.603     0.018
 8    -0.161    -0.182     0.970
 8    -0.581    -0.777    -0.243
 9   141.920   -29.271   -32.012
 9     0.606    -0.516     0.614
 9    -0.046     0.740     0.666
 9    -0.794    -0.431     0.424
 2    96.756   -19.294    59.007
 2    -0.264    -0.965     0.008
 2     0.964    -0.263     0.030
 2    -0.028     0.015     0.999
 3   130.615    -4.372     0.527
 3     0.564    -0.209    -0.799
 3     0.342     0.939    -0.003
 3     0.751    -0.272     0.601
 4   114.082     5.291    -7.361
 4     0.743    -0.261     0.617
 4     0.411     0.904    -0.114
 4    -0.528     0.338     0.778
 5   129.963    15.718   -15.501
 5     0.739     0.674     0.016
 5     0.172    -0.164    -0.971
 5    -0.651     0.720    -0.238
 6   140.133    14.727   -35.562
 6     0.630     0.524     0.581
 6    -0.117     0.795    -0.590
 6    -0.768     0.305     0.560
 7   113.867   -18.350    -3.527
 7     0.392     0.349     0.851
 7    -0.755     0.650     0.081
 7    -0.526    -0.675     0.518
 8   130.856   -29.600   -11.733
 8     0.751    -0.658     0.040
 8    -0.177    -0.141     0.974
 8    -0.635    -0.739    -0.223
 9   138.534   -29.159   -34.431
 9     0.534    -0.541     0.658
 9    -0.031     0.758     0.646
 9    -0.845    -0.364     0.386
 2    96.756   -19.294    59.007
 2    -0.263    -0.965     0.008
 2     0.964    -0.262     0.030
 2    -0.028     0.015     0.999
 3   130.483    -4.292     0.088
 3     0.583    -0.229    -0.780
 3     0.357     0.933    -0.006
 3     0.729    -0.276     0.625
 4   113.113     5.002    -7.203
 4     0.705    -0.265     0.658
 4     0.425     0.900    -0.095
 4    -0.567     0.347     0.747
 5   127.403    15.830   -17.168
 5     0.663     0.747     0.043
 5     0.191    -0.114    -0.975
 5    -0.723     0.655    -0.218
 6   135.621    14.548   -38.473
 6     0.540     0.542     0.651
 6    -0.129     0.811    -0.566
 6    -0.832     0.222     0.505
 7   113.038   -18.130    -3.283
 7     0.356     0.328     0.875
 7    -0.755     0.652     0.062
 7    -0.551    -0.683     0.479
 8   128.647   -29.910   -12.901
 8     0.694    -0.715     0.080
 8    -0.202    -0.086     0.975
 8    -0.691    -0.693    -0.204
 9   134.582   -29.106   -36.559
 9     0.451    -0.559     0.702
 9    -0.016     0.776     0.626
 9    -0.892    -0.292     0.339
 2    96.757   -19.294    59.007
 2    -0.262    -0.965     0.009
 2     0.964    -0.261     0.030
 2    -0.028     0.015     1.000
 3   130.190    -4.311    -0.290
 3     0.600    -0.243    -0.763
 3     0.368     0.929    -0.004
 3     0.710    -0.279     0.646
 4   112.417     4.747    -7.177
 4     0.674    -0.262     0.691
 4     0.436     0.895    -0.086
 4    -0.596     0.359     0.718
 5   125.158    16.042   -18.289
 5     0.595     0.800     0.072
 5     0.209    -0.068    -0.975
 5    -0.775     0.596    -0.208
 6   131.811    14.572   -40.266
 6     0.466     0.555     0.695
 6    -0.137     0.815    -0.558
 6    -0.874     0.164     0.453
 7   112.535   -17.800    -3.189
 7     0.333     0.306     0.892
 7    -0.750     0.659     0.054
 7    -0.572    -0.687     0.449
 8   127.021   -29.817   -13.785
 8     0.646    -0.758     0.094
 8    -0.211    -0.059     0.976
 8    -0.733    -0.650    -0.198
 9   131.481   -29.002   -37.969
 9     0.387    -0.577     0.724
 9    -0.012     0.777     0.625
 9    -0.922    -0.249     0.291
 2    96.757   -19.294    59.007
 2    -0.261    -0.965     0.009
 2     0.965    -0.260     0.030
 2    -0.028     0.016     0.999
 3   129.797    -4.247    -0.548
 3     0.609    -0.254    -0.752
 3     0.375     0.926    -0.007
 3     0.698    -0.278     0.659
 4   111.791     4.736    -7.098
 4     0.656    -0.263     0.708
 4     0.446     0.890    -0.084
 4    -0.609     0.371     0.700
 5   123.861    16.477   -18.639
 5     0.561     0.823     0.086
 5     0.225    -0.051    -0.973
 5    -0.796     0.565    -0.214
 6   129.900    14.930   -40.858
 6     0.432     0.563     0.710
 6    -0.139     0.814    -0.559
 6    -0.891     0.142     0.427
 7   111.901   -17.538    -3.081
 7     0.312     0.299     0.902
 7    -0.750     0.660     0.040
 7    -0.583    -0.689     0.429
 8   125.642   -29.781   -14.133
 8     0.615    -0.780     0.113
 8    -0.222    -0.033     0.974
 8    -0.756    -0.624    -0.193
 9   129.499   -28.915   -38.591
 9     0.348    -0.591     0.732
 9     0.000     0.777     0.626
 9    -0.937    -0.216     0.268
 2    96.757   -19.244    59.007
 2    -0.261    -0.966     0.009
 2     0.965    -0.260     0.030
 2    -0.028     0.016     0.999
 3   129.535    -4.200    -0.614
 3     0.613    -0.258    -0.748
 3     0.376     0.926    -0.010
 3     0.695    -0.275     0.664
 4   111.300     4.731    -7.007
 4     0.639    -0.265     0.723
 4     0.458     0.885    -0.082
 4    -0.618     0.383     0.686
 5   122.601    16.844   -18.899
 5     0.529     0.841     0.114
 5     0.244    -0.022    -0.969
 5    -0.813     0.540    -0.217
 6   128.234    15.315   -41.230
 6     0.401     0.577     0.716
 6    -0.147     0.807    -0.567
 6    -0.904     0.121     0.405
 7   111.602   -17.420    -2.923
 7     0.297     0.292     0.909
 7    -0.752     0.657     0.035
 7    -0.588    -0.695     0.415
 8   124.602   -30.046   -14.326
 8     0.583    -0.801     0.135
 8    -0.239    -0.009     0.971
 8    -0.777    -0.598    -0.197
 9   127.308   -29.092   -39.183
 9     0.303    -0.604     0.741
 9     0.006     0.775     0.628
 9    -0.953    -0.183     0.236
 2    96.757   -19.294    59.007
 2    -0.261    -0.966     0.009
 2     0.965    -0.260     0.030
 2    -0.028     0.016     0.999
 3   129.357    -4.108    -0.762
 3     0.621    -0.265    -0.739
 3     0.377     0.925    -0.013
 3     0.687    -0.271     0.674
 4   110.846     4.621    -7.005
 4     0.617    -0.268     0.740
 4     0.469     0.879    -0.075
 4    -0.631     0.394     0.668
 5   121.409    17.001   -19.257
 5     0.495     0.861     0.119
 5     0.252    -0.012    -0.968
 5    -0.831     0.509    -0.223
 6   126.218    15.588   -41.866
 6     0.362     0.596     0.722
 6    -0.140     0.795    -0.586
 6    -0.922     0.110     0.368
 7   111.149   -17.253    -2.879
 7     0.283     0.276     0.918
 7    -0.751     0.659     0.033
 7    -0.596    -0.699     0.394
 8   123.403   -29.929   -14.749
 8     0.551    -0.822     0.145
 8    -0.244     0.007     0.969
 8    -0.798    -0.570    -0.196
 9   125.125   -29.006   -39.936
 9     0.258    -0.631     0.735
 9     0.014     0.760     0.647
 9    -0.966    -0.155     0.202
 2    96.758   -19.295    59.007
 2    -0.260    -0.966     0.008
 2     0.965    -0.259     0.029
 2    -0.028     0.015     1.000
 3   128.853    -4.091    -1.012
 3     0.627    -0.275    -0.730
 3     0.382     0.923    -0.018
 3     0.679    -0.268     0.683
 4   110.035     4.531    -6.947
 4     0.606    -0.264     0.751
 4     0.469     0.879    -0.071
 4    -0.642     0.395     0.656
 5   120.507    16.715   -19.503
 5     0.480     0.871     0.099
 5     0.239    -0.021    -0.971
 5    -0.844     0.490    -0.219
 6   124.878    15.310   -42.292
 6     0.331     0.642     0.696
 6    -0.141     0.759    -0.633
 6    -0.933     0.110     0.338
 7   110.569   -17.209    -2.845
 7     0.276     0.262     0.925
 7    -0.748     0.662     0.036
 7    -0.603    -0.702     0.378
 8   122.543   -29.874   -14.987
 8     0.533    -0.834     0.144
 8    -0.241     0.013     0.970
 8    -0.811    -0.552    -0.194
 9   123.845   -28.792   -40.133
 9     0.235    -0.664     0.713
 9     0.021     0.734     0.677
 9    -0.972    -0.143     0.183
 2    96.758   -19.295    59.007
 2    -0.259    -0.966     0.009
 2     0.965    -0.258     0.030
 2    -0.028     0.016     0.999
 3   128.377    -3.997    -1.165
 3     0.631    -0.285    -0.723
 3     0.387     0.921    -0.024
 3     0.672    -0.265     0.690
 4   109.427     4.474    -6.827
 4     0.592    -0.268     0.760
 4     0.477     0.876    -0.064
 4    -0.650     0.400     0.646
 5   119.580    16.751   -19.749
 5     0.461     0.882     0.099
 5     0.240    -0.016    -0.971
 5    -0.854     0.471    -0.219
 6   123.526    15.167   -42.467
 6     0.307     0.671     0.678
 6    -0.148     0.734    -0.660
 6    -0.940     0.101     0.321
 7   110.186   -17.163    -2.819
 7     0.274     0.248     0.929
 7    -0.744     0.666     0.041
 7    -0.609    -0.703     0.367
 8   122.016   -29.788   -15.219
 8     0.520    -0.842     0.143
 8    -0.239     0.018     0.971
 8    -0.820    -0.539    -0.191
 9   123.005   -28.803   -40.418
 9     0.220    -0.685     0.697
 9     0.019     0.715     0.696
 9    -0.975    -0.138     0.168
 2    96.760   -19.294    59.004
 2    -0.259    -0.966     0.009
 2     0.965    -0.258     0.029
 2    -0.027     0.016     0.999
 3   128.171    -3.947    -1.215
 3     0.632    -0.292    -0.719
 3     0.388     0.920    -0.031
 3     0.671    -0.260     0.694
 4   109.109     4.474    -6.774
 4     0.583    -0.271     0.766
 4     0.484     0.872    -0.060
 4    -0.653     0.406     0.639
 5   119.135    16.876   -19.744
 5     0.453     0.885     0.107
 5     0.245    -0.008    -0.969
 5    -0.857     0.465    -0.220
 6   123.164    15.387   -42.449
 6     0.302     0.674     0.677
 6    -0.147     0.731    -0.664
 6    -0.942     0.100     0.317
 7   110.128   -17.139    -2.806
 7     0.277     0.240     0.930
 7    -0.740     0.671     0.047
 7    -0.613    -0.702     0.363
 8   121.881   -29.716   -15.307
 8     0.517    -0.845     0.140
 8    -0.236     0.017     0.971
 8    -0.823    -0.535    -0.190
 9   122.943   -28.625   -40.435
 9     0.216    -0.698     0.685
 9     0.022     0.702     0.709
 9    -0.976    -0.136     0.165
 2    96.760   -19.294    58.953
 2    -0.259    -0.966     0.010
 2     0.965    -0.258     0.029
 2    -0.027     0.017     1.000
 3   128.194    -3.871    -1.217
 3     0.632    -0.296    -0.717
 3     0.387     0.921    -0.036
 3     0.671    -0.255     0.696
 4   109.115     4.580    -6.762
 4     0.583    -0.272     0.766
 4     0.487     0.870    -0.062
 4    -0.650     0.410     0.640
 5   119.164    17.011   -19.658
 5     0.453     0.884     0.110
 5     0.250    -0.007    -0.968
 5    -0.855     0.467    -0.224
 6   123.366    15.851   -42.349
 6     0.306     0.674     0.676
 6    -0.138     0.730    -0.667
 6    -0.942     0.110     0.313
 7   110.190   -17.042    -2.869
 7     0.278     0.240     0.930
 7    -0.737     0.674     0.046
 7    -0.617    -0.698     0.364
 8   122.052   -29.588   -15.393
 8     0.519    -0.842     0.142
 8    -0.233     0.021     0.972
 8    -0.822    -0.538    -0.185
 9   123.218   -28.382   -40.475
 9     0.223    -0.702     0.678
 9     0.029     0.698     0.713
 9    -0.974    -0.138     0.173
 2    96.758   -19.295    59.007
 2    -0.259    -0.966     0.009
 2     0.965    -0.258     0.030
 2    -0.028     0.016     0.999
 3   128.307    -3.818    -1.233
 3     0.631    -0.293    -0.720
 3     0.382     0.922    -0.038
 3     0.675    -0.251     0.693
 4   109.330     4.715    -6.809
 4     0.588    -0.271     0.763
 4     0.490     0.869    -0.069
 4    -0.644     0.414     0.643
 5   119.399    17.202   -19.558
 5     0.458     0.881     0.115
 5     0.258    -0.008    -0.966
 5    -0.851     0.472    -0.231
 6   123.555    16.166   -42.201
 6     0.311     0.672     0.676
 6    -0.131     0.731    -0.667
 6    -0.941     0.118     0.312
 7   110.240   -17.043    -2.843
 7     0.276     0.243     0.930
 7    -0.737     0.674     0.042
 7    -0.617    -0.697     0.365
 8   122.054   -29.536   -15.347
 8     0.521    -0.841     0.144
 8    -0.233     0.021     0.972
 8    -0.821    -0.540    -0.185
 9   123.360   -28.483   -40.462
 9     0.225    -0.709     0.671
 9     0.026     0.690     0.721
 9    -0.974    -0.144     0.172
 2    96.760   -19.294    59.004
 2    -0.259    -0.966     0.009
 2     0.965    -0.258     0.029
 2    -0.027     0.016     0.999
 3   128.310    -3.817    -1.186
 3     0.630    -0.292    -0.721
 3     0.381     0.923    -0.039
 3     0.676    -0.251     0.692
 4   109.329     4.715    -6.810
 4     0.587    -0.272     0.763
 4     0.490     0.868    -0.069
 4    -0.644     0.415     0.642
 5   119.273    17.305   -19.558
 5     0.456     0.881     0.121
 5     0.260    -0.002    -0.965
 5    -0.851     0.472    -0.230
 6   123.487    16.164   -42.268
 6     0.311     0.670     0.677
 6    -0.134     0.733    -0.664
 6    -0.941     0.115     0.315
 7   110.282   -17.045    -2.910
 7     0.277     0.240     0.930
 7    -0.734     0.677     0.043
 7    -0.620    -0.695     0.364
 8   122.414   -29.425   -15.377
 8     0.530    -0.836     0.140
 8    -0.231     0.016     0.973
 8    -0.816    -0.548    -0.184
 9   124.190   -28.416   -40.414
 9     0.244    -0.705     0.668
 9     0.022     0.690     0.721
 9    -0.970    -0.160     0.181
 2    96.783   -19.295    59.007
 2    -0.259    -0.966     0.009
 2     0.965    -0.258     0.030
 2    -0.028     0.015     1.000
 3   128.403    -3.707    -1.134
 3     0.623    -0.295    -0.726
 3     0.384     0.922    -0.043
 3     0.682    -0.252     0.686
 4   109.744     4.806    -6.998
 4     0.598    -0.279     0.752
 4     0.492     0.867    -0.071
 4    -0.632     0.412     0.655
 5   120.229    17.411   -19.314
 5     0.483     0.865     0.132
 5     0.265    -0.001    -0.964
 5    -0.834     0.501    -0.230
 6   125.474    16.821   -41.662
 6     0.356     0.645     0.679
 6    -0.111     0.748    -0.652
 6    -0.928     0.156     0.335
 7   110.735   -16.991    -3.204
 7     0.295     0.246     0.923
 7    -0.726     0.686     0.049
 7    -0.621    -0.685     0.381
 8   124.012   -29.021   -15.247
 8     0.581    -0.803     0.133
 8    -0.213     0.008     0.977
 8    -0.786    -0.595    -0.167
 9   127.801   -27.565   -39.634
 9     0.323    -0.684     0.658
 9     0.031     0.699     0.712
 9    -0.946    -0.209     0.244
 2    96.756   -19.296    59.010
 2    -0.259    -0.966     0.008
 2     0.965    -0.258     0.030
 2    -0.029     0.015     0.999
 3   128.575    -3.702    -0.877
 3     0.618    -0.288    -0.732
 3     0.379     0.924    -0.041
 3     0.688    -0.253     0.680
 4   110.703     5.351    -7.114
 4     0.646    -0.277     0.712
 4     0.483     0.869    -0.103
 4    -0.591     0.410     0.694
 5   123.324    17.732   -18.066
 5     0.581     0.806     0.114
 5     0.263    -0.054    -0.963
 5    -0.770     0.589    -0.243
 6   131.142    17.454   -39.298
 6     0.466     0.648     0.608
 6    -0.103     0.717    -0.686
 6    -0.879     0.257     0.399
 7   111.093   -17.199    -3.295
 7     0.309     0.275     0.910
 7    -0.738     0.673     0.047
 7    -0.600    -0.687     0.411
 8   126.571   -29.038   -13.842
 8     0.673    -0.731     0.112
 8    -0.201    -0.035     0.979
 8    -0.711    -0.682    -0.171
 9   133.391   -27.780   -36.915
 9     0.452    -0.656     0.610
 9     0.017     0.686     0.725
 9    -0.892    -0.315     0.319
 2    96.778   -19.298    59.068
 2    -0.258    -0.966     0.004
 2     0.966    -0.257     0.032
 2    -0.031     0.011     0.999
 3   129.061    -4.020    -0.295
 3     0.611    -0.254    -0.750
 3     0.362     0.931    -0.019
 3     0.703    -0.260     0.661
 4   112.125     5.882    -7.205
 4     0.693    -0.278     0.666
 4     0.476     0.869    -0.134
 4    -0.542     0.410     0.733
 5   127.008    17.956   -15.959
 5     0.685     0.723     0.087
 5     0.257    -0.128    -0.958
 5    -0.681     0.679    -0.274
 6   137.232    18.016   -35.897
 6     0.576     0.634     0.523
 6    -0.093     0.679    -0.725
 6    -0.812     0.369     0.448
 7   111.853   -17.567    -3.390
 7     0.332     0.310     0.891
 7    -0.755     0.652     0.054
 7    -0.565    -0.691     0.450
 8   129.136   -29.255   -11.859
 8     0.754    -0.652     0.081
 8    -0.193    -0.100     0.976
 8    -0.628    -0.752    -0.201
 9   138.251   -28.592   -33.682
 9     0.560    -0.621     0.555
 9    -0.004     0.662     0.746
 9    -0.829    -0.419     0.367
 2    96.751   -19.299    59.020
 2    -0.258    -0.966     0.004
 2     0.965    -0.257     0.033
 2    -0.032     0.011     0.999
 3   129.538    -4.230     0.186
 3     0.597    -0.226    -0.771
 3     0.347     0.937    -0.005
 3     0.723    -0.265     0.637
 4   113.344     6.199    -7.193
 4     0.729    -0.277     0.626
 4     0.466     0.870    -0.160
 4    -0.501     0.408     0.763
 5   129.484    17.867   -14.253
 5     0.754     0.652     0.078
 5     0.247    -0.172    -0.953
 5    -0.609     0.738    -0.291
 6   141.296    17.943   -33.093
 6     0.650     0.609     0.462
 6    -0.097     0.661    -0.741
 6    -0.754     0.438     0.487
 7   112.461   -18.017    -3.459
 7     0.347     0.337     0.875
 7    -0.771     0.633     0.061
 7    -0.534    -0.696     0.480
 8   130.911   -29.578   -10.140
 8     0.805    -0.589     0.066
