% Calibrated with leiden_pols
% Positions are in centimeters
Data =[
 2    96.957   -19.286    59.026
 2    -0.078    -0.997     0.002
 2     0.996    -0.077     0.032
 2    -0.033     0.004     0.999
 3   133.058    -4.946     2.272
 3     0.484    -0.119    -0.867
 3     0.267     0.963     0.018
 3     0.833    -0.241     0.497
 4   119.310     9.115    -4.732
 4     0.734    -0.469     0.494
 4     0.629     0.741    -0.233
 4    -0.256     0.480     0.838
 5   127.640    30.247    -1.350
 5     0.703    -0.118     0.702
 5     0.711     0.126    -0.691
 5    -0.007     0.985     0.172
 6   142.503    14.078     2.615
 6     0.247     0.955    -0.166
 6    -0.840     0.296     0.456
 6     0.484     0.026     0.874
 7   116.849   -20.030    -2.230
 7     0.276     0.614     0.740
 7    -0.921     0.387     0.021
 7    -0.274    -0.687     0.672
 8   128.252   -40.520     0.897
 8     0.761     0.005     0.648
 8    -0.639     0.175     0.749
 8    -0.109    -0.984     0.137
 9   140.664   -21.552    -0.957
 9     0.322    -0.944     0.067
 9     0.915     0.292    -0.275
 9     0.240     0.149     0.959
 2    96.908   -19.287    59.026
 2    -0.077    -0.997     0.002
 2     0.996    -0.077     0.032
 2    -0.033     0.004     0.999
 3   133.103    -4.947     2.277
 3     0.485    -0.120    -0.866
 3     0.268     0.963     0.018
 3     0.832    -0.241     0.499
 4   119.356     9.111    -4.726
 4     0.737    -0.464     0.495
 4     0.625     0.743    -0.237
 4    -0.258     0.482     0.836
 5   127.718    30.170    -1.303
 5     0.706    -0.117     0.699
 5     0.708     0.124    -0.695
 5    -0.006     0.985     0.169
 6   142.576    14.052     2.619
 6     0.247     0.955    -0.164
 6    -0.840     0.296     0.456
 6     0.483     0.025     0.875
 7   116.777   -20.030    -2.229
 7     0.275     0.612     0.742
 7    -0.922     0.386     0.021
 7    -0.274    -0.690     0.669
 8   128.248   -40.572     0.903
 8     0.761     0.003     0.648
 8    -0.639     0.175     0.749
 8    -0.111    -0.984     0.136
 9   140.610   -21.553    -0.980
 9     0.322    -0.944     0.069
 9     0.916     0.292    -0.274
 9     0.239     0.151     0.959
 2    96.907   -19.287    59.026
 2    -0.078    -0.997     0.001
 2     0.996    -0.078     0.032
 2    -0.033     0.004     0.999
 3   133.040    -4.952     2.217
 3     0.489    -0.120    -0.864
 3     0.268     0.963     0.019
 3     0.829    -0.242     0.503
 4   119.303     9.160    -4.724
 4     0.738    -0.461     0.496
 4     0.624     0.743    -0.238
 4    -0.259     0.484     0.835
 5   127.822    30.170    -1.254
 5     0.708    -0.117     0.696
 5     0.705     0.123    -0.698
 5    -0.005     0.985     0.169
 6   142.574    13.949     2.623
 6     0.246     0.955    -0.163
 6    -0.841     0.294     0.455
 6     0.482     0.025     0.875
 7   116.784   -20.126    -2.240
 7     0.281     0.608     0.744
 7    -0.921     0.388     0.029
 7    -0.271    -0.693     0.667
 8   128.377   -40.441     0.946
 8     0.766     0.002     0.643
 8    -0.634     0.173     0.754
 8    -0.109    -0.985     0.134
 9   140.652   -21.402    -0.946
 9     0.318    -0.946     0.072
 9     0.918     0.287    -0.271
 9     0.236     0.152     0.960
 2    96.907   -19.236    59.026
 2    -0.078    -0.997     0.002
 2     0.996    -0.078     0.032
 2    -0.033     0.004     0.999
 3   133.036    -4.953     2.171
 3     0.491    -0.121    -0.863
 3     0.269     0.962     0.019
 3     0.828    -0.242     0.505
 4   119.355     9.159    -4.780
 4     0.742    -0.453     0.496
 4     0.618     0.745    -0.247
 4    -0.258     0.490     0.832
 5   128.142    29.997    -1.024
 5     0.718    -0.114     0.687
 5     0.696     0.112    -0.709
 5     0.003     0.987     0.159
 6   142.889    13.531     2.667
 6     0.246     0.955    -0.166
 6    -0.848     0.294     0.440
 6     0.469     0.032     0.882
 7   116.870   -20.116    -2.238
 7     0.291     0.604     0.743
 7    -0.919     0.390     0.042
 7    -0.265    -0.695     0.668
 8   128.888   -40.282     1.888
 8     0.778    -0.021     0.628
 8    -0.621     0.119     0.774
 8    -0.091    -0.993     0.080
 9   142.224   -21.763    -2.356
 9     0.393    -0.917     0.059
 9     0.914     0.383    -0.130
 9     0.096     0.104     0.990
 2    96.908   -19.287    59.026
 2    -0.077    -0.997     0.002
 2     0.996    -0.077     0.032
 2    -0.033     0.004     0.999
 3   132.954    -4.850     2.126
 3     0.489    -0.129    -0.863
 3     0.276     0.961     0.013
 3     0.827    -0.245     0.505
 4   119.222     8.949    -5.028
 4     0.766    -0.403     0.503
 4     0.580     0.767    -0.272
 4    -0.277     0.499     0.820
 5   129.731    28.638    -1.967
 5     0.752     0.101     0.651
 5     0.648     0.067    -0.758
 5    -0.120     0.992    -0.014
 6   146.076    12.221    -3.337
 6     0.400     0.910    -0.110
 6    -0.866     0.413     0.281
 6     0.300    -0.018     0.953
 7   116.899   -20.151    -2.167
 7     0.300     0.589     0.751
 7    -0.919     0.387     0.061
 7    -0.255    -0.709     0.657
 8   129.873   -39.705     2.494
 8     0.783    -0.237     0.575
 8    -0.595    -0.017     0.803
 8    -0.180    -0.971    -0.153
 9   143.618   -23.857    -8.551
 9     0.512    -0.836     0.200
 9     0.839     0.535     0.092
 9    -0.183     0.120     0.975
 2    96.908   -19.287    59.026
 2    -0.077    -0.997     0.002
 2     0.996    -0.077     0.032
 2    -0.033     0.004     0.999
 3   132.901    -4.899     2.133
 3     0.487    -0.131    -0.863
 3     0.281     0.959     0.014
 3     0.826    -0.251     0.504
 4   119.396     8.466    -5.386
 4     0.797    -0.330     0.507
 4     0.520     0.800    -0.298
 4    -0.308     0.500     0.808
 5   130.899    27.277    -3.517
 5     0.765     0.242     0.598
 5     0.608     0.037    -0.793
 5    -0.214     0.969    -0.117
 6   146.831    11.318    -8.973
 6     0.442     0.895    -0.062
 6    -0.890     0.446     0.097
 6     0.113     0.011     0.993
 7   117.010   -20.270    -2.299
 7     0.306     0.574     0.760
 7    -0.918     0.389     0.075
 7    -0.253    -0.721     0.645
 8   131.249   -38.972     2.834
 8     0.799    -0.339     0.498
 8    -0.562    -0.127     0.817
 8    -0.213    -0.932    -0.290
 9   144.289   -27.201   -13.217
 9     0.555    -0.792     0.255
 9     0.682     0.608     0.405
 9    -0.475    -0.051     0.878
 2    96.907   -19.287    59.026
 2    -0.078    -0.997     0.003
 2     0.996    -0.077     0.032
 2    -0.033     0.005     0.999
 3   132.942    -5.050     2.017
 3     0.487    -0.137    -0.863
 3     0.289     0.957     0.013
 3     0.824    -0.257     0.505
 4   119.329     8.095    -5.658
 4     0.806    -0.276     0.525
 4     0.486     0.812    -0.323
 4    -0.338     0.515     0.787
 5   130.805    26.935    -4.445
 5     0.746     0.325     0.583
 5     0.612     0.013    -0.790
 5    -0.264     0.946    -0.187
 6   147.205    13.174   -13.514
 6     0.533     0.845    -0.060
 6    -0.840     0.518    -0.156
 6    -0.103     0.131     0.986
 7   117.095   -20.312    -2.306
 7     0.316     0.559     0.768
 7    -0.915     0.391     0.090
 7    -0.251    -0.731     0.634
 8   132.294   -38.434     3.561
 8     0.796    -0.449     0.407
 8    -0.554    -0.271     0.787
 8    -0.243    -0.851    -0.463
 9   142.659   -33.065   -16.041
 9     0.525    -0.754     0.399
 9     0.438     0.638     0.633
 9    -0.730    -0.158     0.663
 2    96.907   -19.287    59.026
 2    -0.078    -0.997     0.002
 2     0.996    -0.078     0.032
 2    -0.033     0.005     0.999
 3   132.927    -5.052     1.982
 3     0.489    -0.144    -0.861
 3     0.295     0.955     0.009
 3     0.821    -0.259     0.508
 4   119.219     8.008    -5.751
 4     0.791    -0.231     0.567
 4     0.483     0.803    -0.349
 4    -0.376     0.549     0.746
 5   129.405    27.622    -3.625
 5     0.678     0.419     0.605
 5     0.686    -0.068    -0.723
 5    -0.262     0.905    -0.332
 6   145.242    17.255   -15.606
 6     0.596     0.796     0.107
 6    -0.735     0.594    -0.324
 6    -0.323     0.113     0.940
 7   117.100   -20.422    -2.336
 7     0.307     0.555     0.774
 7    -0.924     0.368     0.101
 7    -0.230    -0.745     0.625
 8   133.373   -37.280     7.087
 8     0.795    -0.523     0.308
 8    -0.567    -0.463     0.681
 8    -0.213    -0.716    -0.664
 9   139.546   -39.338   -13.964
 9     0.365    -0.805     0.469
 9     0.153     0.547     0.822
 9    -0.918    -0.229     0.321
 2    96.957   -19.236    59.077
 2    -0.078    -0.997     0.002
 2     0.996    -0.078     0.032
 2    -0.033     0.004     0.999
 3   132.866    -5.100     1.616
 3     0.513    -0.152    -0.845
 3     0.292     0.956     0.007
 3     0.807    -0.251     0.534
 4   119.177     8.237    -5.726
 4     0.780    -0.237     0.580
 4     0.512     0.773    -0.374
 4    -0.360     0.588     0.723
 5   129.254    28.087     0.845
 5     0.653     0.474     0.593
 5     0.743    -0.248    -0.621
 5    -0.147     0.845    -0.512
 6   143.022    21.178   -13.125
 6     0.548     0.816     0.184
 6    -0.627     0.547    -0.554
 6    -0.553     0.188     0.811
 7   116.826   -20.465    -2.294
 7     0.264     0.563     0.784
 7    -0.943     0.319     0.087
 7    -0.202    -0.762     0.615
 8   134.360   -35.728     9.502
 8     0.790    -0.577     0.208
 8    -0.584    -0.604     0.542
 8    -0.188    -0.549    -0.814
 9   137.701   -43.582   -10.618
 9     0.217    -0.844     0.492
 9    -0.083     0.485     0.870
 9    -0.973    -0.229     0.033
 2    96.957   -19.236    59.077
 2    -0.078    -0.997     0.002
 2     0.996    -0.077     0.032
 2    -0.033     0.004     0.999
 3   132.972    -5.400     1.457
 3     0.534    -0.136    -0.834
 3     0.264     0.964     0.013
 3     0.802    -0.228     0.551
 4   119.412     8.500    -5.633
 4     0.783    -0.277     0.558
 4     0.540     0.745    -0.391
 4    -0.308     0.606     0.732
 5   129.067    27.844     3.548
 5     0.632     0.501     0.593
 5     0.772    -0.344    -0.534
 5    -0.062     0.794    -0.602
 6   141.634    23.828   -11.269
 6     0.525     0.828     0.196
 6    -0.513     0.491    -0.704
 6    -0.679     0.268     0.683
 7   116.633   -20.541    -2.157
 7     0.221     0.574     0.789
 7    -0.958     0.276     0.066
 7    -0.181    -0.770     0.611
 8   134.164   -35.525    10.323
 8     0.783    -0.587     0.208
 8    -0.600    -0.625     0.499
 8    -0.163    -0.515    -0.841
 9   137.001   -44.562    -9.273
 9     0.184    -0.838     0.515
 9    -0.131     0.497     0.857
 9    -0.974    -0.225    -0.020
 2    96.907   -19.287    59.026
 2    -0.077    -0.997     0.002
 2     0.996    -0.077     0.032
 2    -0.033     0.005     0.999
 3   132.965    -5.534     1.288
 3     0.542    -0.130    -0.830
 3     0.256     0.966     0.018
 3     0.800    -0.222     0.557
 4   119.414     8.624    -5.578
 4     0.773    -0.306     0.558
 4     0.563     0.734    -0.379
 4    -0.293     0.606     0.738
 5   127.474    28.266     4.659
 5     0.576     0.504     0.646
 5     0.817    -0.337    -0.466
 5    -0.017     0.795    -0.604
 6   140.319    26.595   -10.164
 6     0.568     0.797     0.203
 6    -0.426     0.496    -0.756
 6    -0.704     0.343     0.622
 7   116.544   -20.672    -1.970
 7     0.202     0.571     0.796
 7    -0.963     0.264     0.054
 7    -0.180    -0.777     0.602
 8   133.719   -36.112    10.737
 8     0.756    -0.618     0.218
 8    -0.635    -0.610     0.474
 8    -0.160    -0.496    -0.853
 9   135.788   -46.441    -8.569
 9     0.144    -0.833     0.535
 9    -0.182     0.509     0.841
 9    -0.973    -0.217    -0.080
 2    96.908   -19.287    59.026
 2    -0.077    -0.997     0.002
 2     0.996    -0.077     0.032
 2    -0.033     0.004     0.999
 3   132.948    -5.541     1.154
 3     0.549    -0.132    -0.826
 3     0.254     0.967     0.016
 3     0.796    -0.219     0.563
 4   118.979     8.888    -5.282
 4     0.739    -0.358     0.573
 4     0.614     0.705    -0.354
 4    -0.277     0.612     0.739
 5   125.491    28.814     5.748
 5     0.515     0.497     0.700
 5     0.856    -0.326    -0.398
 5     0.031     0.804    -0.592
 6   139.296    29.514    -8.081
 6     0.634     0.747     0.198
 6    -0.322     0.488    -0.811
 6    -0.703     0.450     0.550
 7   116.449   -20.667    -1.872
 7     0.190     0.573     0.798
 7    -0.967     0.247     0.051
 7    -0.168    -0.781     0.600
 8   133.280   -36.234    11.286
 8     0.744    -0.627     0.233
 8    -0.652    -0.604     0.458
 8    -0.146    -0.493    -0.858
 9   135.518   -47.170    -7.524
 9     0.144    -0.841     0.523
 9    -0.216     0.488     0.845
 9    -0.966    -0.234    -0.113
 2    96.908   -19.287    59.026
 2    -0.077    -0.997     0.002
 2     0.996    -0.077     0.032
 2    -0.033     0.004     0.999
 3   132.765    -5.368     1.137
 3     0.553    -0.132    -0.823
 3     0.252     0.967     0.016
 3     0.794    -0.217     0.567
 4   118.895     9.102    -5.081
 4     0.734    -0.370     0.571
 4     0.624     0.696    -0.353
 4    -0.268     0.615     0.741
 5   125.497    28.823     6.128
 5     0.519     0.486     0.705
 5     0.854    -0.335    -0.397
 5     0.043     0.807    -0.587
 6   139.539    29.334    -7.696
 6     0.633     0.758     0.159
 6    -0.328     0.449    -0.831
 6    -0.701     0.472     0.533
 7   116.416   -20.660    -1.791
 7     0.190     0.569     0.800
 7    -0.969     0.241     0.057
 7    -0.161    -0.786     0.597
 8   133.476   -35.994    11.511
 8     0.750    -0.620     0.229
 8    -0.646    -0.616     0.449
 8    -0.137    -0.485    -0.863
 9   135.832   -46.986    -7.354
 9     0.146    -0.844     0.517
 9    -0.220     0.481     0.848
 9    -0.965    -0.237    -0.117
 2    96.907   -19.287    59.026
 2    -0.078    -0.997     0.003
 2     0.996    -0.077     0.032
 2    -0.033     0.005     0.999
 3   132.811    -5.369     1.168
 3     0.553    -0.131    -0.823
 3     0.253     0.967     0.017
 3     0.793    -0.219     0.568
 4   118.874     9.015    -5.154
 4     0.735    -0.361     0.575
 4     0.618     0.702    -0.351
 4    -0.278     0.613     0.738
 5   125.721    28.732     5.879
 5     0.529     0.491     0.694
 5     0.848    -0.334    -0.410
 5     0.031     0.804    -0.591
 6   139.649    29.017    -7.939
 6     0.625     0.769     0.134
 6    -0.335     0.420    -0.843
 6    -0.705     0.480     0.521
 7   116.426   -20.656    -1.781
 7     0.192     0.570     0.799
 7    -0.969     0.238     0.061
 7    -0.156    -0.786     0.597
 8   133.610   -35.809    11.670
 8     0.758    -0.612     0.227
 8    -0.639    -0.625     0.448
 8    -0.132    -0.484    -0.865
 9   136.157   -46.701    -7.226
 9     0.158    -0.841     0.519
 9    -0.217     0.482     0.848
 9    -0.963    -0.246    -0.108
 2    96.908   -19.287    59.026
 2    -0.077    -0.997     0.002
 2     0.996    -0.077     0.032
 2    -0.033     0.004     0.999
 3   132.812    -5.418     1.169
 3     0.553    -0.131    -0.823
 3     0.256     0.966     0.020
 3     0.793    -0.222     0.567
 4   118.877     8.963    -5.151
 4     0.737    -0.361     0.573
 4     0.616     0.705    -0.350
 4    -0.278     0.610     0.740
 5   125.822    28.729     5.809
 5     0.534     0.487     0.693
 5     0.845    -0.334    -0.416
 5     0.030     0.807    -0.588
 6   139.830    28.693    -7.953
 6     0.626     0.769     0.129
 6    -0.347     0.425    -0.836
 6    -0.698     0.477     0.534
 7   116.428   -20.655    -1.785
 7     0.192     0.570     0.799
 7    -0.969     0.238     0.062
 7    -0.155    -0.786     0.598
 8   133.734   -35.679    11.766
 8     0.764    -0.606     0.225
 8    -0.632    -0.631     0.450
 8    -0.131    -0.485    -0.864
 9   136.420   -46.495    -7.061
 9     0.163    -0.845     0.511
 9    -0.214     0.474     0.853
 9    -0.963    -0.248    -0.105
 2    96.908   -19.287    59.026
 2    -0.077    -0.997     0.002
 2     0.996    -0.077     0.032
 2    -0.033     0.004     0.999
 3   132.764    -5.416     1.273
 3     0.550    -0.129    -0.826
 3     0.260     0.965     0.024
 3     0.793    -0.228     0.564
 4   118.984     8.914    -5.205
 4     0.738    -0.364     0.570
 4     0.615     0.706    -0.349
 4    -0.276     0.607     0.744
 5   126.476    28.558     5.687
 5     0.562     0.465     0.686
 5     0.826    -0.339    -0.449
 5     0.025     0.818    -0.573
 6   141.013    26.008    -7.509
 6     0.610     0.788     0.077
 6    -0.465     0.437    -0.769
 6    -0.641     0.432     0.634
 7   116.613   -20.843    -1.825
 7     0.214     0.575     0.790
 7    -0.966     0.243     0.082
 7    -0.146    -0.781     0.607
 8   133.592   -36.102    11.678
 8     0.794    -0.546     0.268
 8    -0.594    -0.605     0.529
 8    -0.126    -0.579    -0.805
 9   137.963   -43.079    -8.074
 9     0.258    -0.859     0.443
 9    -0.029     0.450     0.892
 9    -0.966    -0.242     0.090
 2    96.907   -19.236    59.026
 2    -0.078    -0.997     0.002
 2     0.996    -0.078     0.032
 2    -0.033     0.004     0.999
 3   132.867    -5.533     1.503
 3     0.540    -0.120    -0.833
 3     0.263     0.964     0.033
 3     0.799    -0.238     0.551
 4   119.374     8.786    -5.289
 4     0.760    -0.359     0.544
 4     0.592     0.724    -0.353
 4    -0.267     0.589     0.761
 5   127.933    28.288     4.710
 5     0.625     0.419     0.661
 5     0.781    -0.323    -0.534
 5    -0.010     0.848    -0.527
 6   142.373    21.732    -8.076
 6     0.551     0.835    -0.001
 6    -0.642     0.425    -0.636
 6    -0.532     0.349     0.771
 7   116.957   -21.012    -1.794
 7     0.235     0.580     0.781
 7    -0.961     0.256     0.097
 7    -0.144    -0.773     0.617
 8   133.076   -37.309    10.796
 8     0.818    -0.471     0.330
 8    -0.560    -0.524     0.641
 8    -0.129    -0.709    -0.692
 9   140.282   -38.133    -9.545
 9     0.380    -0.874     0.302
 9     0.255     0.413     0.874
 9    -0.889    -0.255     0.379
 2    96.907   -19.287    59.026
 2    -0.078    -0.997     0.002
 2     0.996    -0.078     0.032
 2    -0.033     0.005     0.999
 3   132.881    -5.576     1.643
 3     0.533    -0.116    -0.838
 3     0.268     0.962     0.038
 3     0.802    -0.245     0.544
 4   119.429     8.707    -5.329
 4     0.763    -0.362     0.537
 4     0.588     0.731    -0.345
 4    -0.268     0.578     0.770
 5   128.512    28.479     3.304
 5     0.678     0.328     0.659
 5     0.734    -0.263    -0.626
 5    -0.031     0.907    -0.417
 6   143.673    17.497    -6.720
 6     0.492     0.863    -0.122
 6    -0.816     0.409    -0.405
 6    -0.302     0.296     0.906
 7   117.111   -21.136    -1.788
 7     0.257     0.580     0.774
 7    -0.955     0.275     0.110
 7    -0.150    -0.767     0.623
 8   132.021   -38.907     8.518
 8     0.839    -0.356     0.411
 8    -0.530    -0.368     0.764
 8    -0.120    -0.859    -0.497
 9   143.973   -31.609    -8.690
 9     0.507    -0.863     0.008
 9     0.583     0.352     0.730
 9    -0.634    -0.363     0.683
 2    96.957   -19.236    59.026
 2    -0.078    -0.997     0.002
 2     0.996    -0.078     0.032
 2    -0.033     0.004     0.999
 3   132.881    -5.645     1.800
 3     0.525    -0.105    -0.845
 3     0.267     0.962     0.048
 3     0.807    -0.252     0.533
 4   119.704     8.915    -5.129
 4     0.785    -0.354     0.510
 4     0.565     0.743    -0.357
 4    -0.253     0.568     0.782
 5   130.555    28.145     2.268
 5     0.773     0.011     0.634
 5     0.629    -0.142    -0.764
 5     0.081     0.990    -0.117
 6   145.940    12.060     0.490
 6     0.337     0.817    -0.472
 6    -0.940     0.315    -0.120
 6     0.048     0.483     0.873
 7   117.183   -21.208    -1.840
 7     0.287     0.585     0.760
 7    -0.945     0.301     0.124
 7    -0.156    -0.753     0.638
 8   131.919   -39.306     6.629
 8     0.862    -0.151     0.483
 8    -0.505    -0.195     0.841
 8    -0.032    -0.969    -0.244
 9   146.197   -25.774    -3.792
 9     0.516    -0.817    -0.268
 9     0.796     0.343     0.493
 9    -0.314    -0.464     0.828
 2    96.907   -19.287    59.026
 2    -0.078    -0.997     0.002
 2     0.996    -0.078     0.032
 2    -0.033     0.004     0.999
 3   132.903    -5.743     1.961
 3     0.522    -0.089    -0.849
 3     0.264     0.962     0.062
 3     0.811    -0.257     0.525
 4   120.296     9.128    -4.994
 4     0.809    -0.362     0.465
 4     0.550     0.742    -0.382
 4    -0.207     0.564     0.798
 5   131.314    28.091     2.914
 5     0.776    -0.186     0.603
 5     0.602    -0.066    -0.796
 5     0.187     0.980     0.059
 6   145.726    10.635     5.128
 6     0.239     0.795    -0.560
 6    -0.940     0.332     0.073
 6     0.242     0.507     0.825
 7   117.254   -21.179    -1.756
 7     0.296     0.595     0.748
 7    -0.943     0.305     0.128
 7    -0.153    -0.743     0.651
 8   131.602   -39.787     5.876
 8     0.855    -0.039     0.517
 8    -0.518    -0.099     0.849
 8     0.018    -0.994    -0.104
 9   146.554   -23.800     0.044
 9     0.494    -0.790    -0.370
 9     0.864     0.401     0.298
 9    -0.091    -0.464     0.880
 2    96.957   -19.286    59.026
 2    -0.078    -0.997     0.003
 2     0.996    -0.077     0.032
 2    -0.033     0.005     0.999
 3   132.850    -5.691     2.096
 3     0.520    -0.087    -0.850
 3     0.268     0.961     0.067
 3     0.810    -0.263     0.523
 4   120.160     8.843    -5.329
 4     0.816    -0.353     0.459
 4     0.529     0.774    -0.348
 4    -0.233     0.526     0.817
 5   132.063    27.830    -1.496
 5     0.786    -0.288     0.548
 5     0.606     0.185    -0.774
 5     0.121     0.939     0.318
 6   145.654    10.574     5.664
 6     0.117     0.854    -0.508
 6    -0.835     0.361     0.415
 6     0.537     0.375     0.755
 7   117.542   -20.653    -3.939
 7     0.340     0.580     0.741
 7    -0.909     0.402     0.101
 7    -0.240    -0.708     0.663
 8   131.087   -39.916     1.434
 8     0.819     0.183     0.543
 8    -0.566     0.112     0.817
 8     0.088    -0.977     0.194
 9   146.334   -22.522     2.902
 9     0.433    -0.781    -0.455
 9     0.861     0.503    -0.049
 9     0.263    -0.370     0.889
 2    96.907   -19.236    59.026
 2    -0.078    -0.997     0.002
 2     0.996    -0.078     0.032
 2    -0.033     0.005     0.999
 3   132.625    -5.674     1.921
 3     0.501    -0.080    -0.862
 3     0.250     0.966     0.056
 3     0.828    -0.244     0.504
 4   120.004     8.282    -6.011
 4     0.823    -0.339     0.457
 4     0.507     0.798    -0.324
 4    -0.255     0.497     0.828
 5   131.797    27.434    -3.408
 5     0.783    -0.287     0.553
 5     0.617     0.248    -0.746
 5     0.076     0.925     0.370
 6   145.549    10.958     4.869
 6     0.117     0.886    -0.448
 6    -0.781     0.360     0.510
 6     0.613     0.289     0.734
 7   117.599   -20.172    -5.044
 7     0.340     0.595     0.730
 7    -0.903     0.422     0.074
 7    -0.264    -0.684     0.679
 8   130.133   -40.164    -0.065
 8     0.781     0.262     0.567
 8    -0.614     0.158     0.773
 8     0.113    -0.952     0.283
 9   145.570   -23.106     4.166
 9     0.420    -0.820    -0.393
 9     0.818     0.526    -0.230
 9     0.393    -0.224     0.890
 2    96.907   -19.287    59.026
 2    -0.078    -0.997     0.002
 2     0.996    -0.078     0.032
 2    -0.033     0.005     0.999
 3   132.427    -5.590     1.880
 3     0.492    -0.086    -0.867
 3     0.246     0.968     0.045
 3     0.835    -0.236     0.497
 4   119.844     7.940    -6.415
 4     0.813    -0.351     0.466
 4     0.515     0.804    -0.296
 4    -0.272     0.479     0.833
 5   130.948    27.688    -4.435
 5     0.756    -0.318     0.574
 5     0.651     0.275    -0.707
 5     0.066     0.907     0.413
 6   144.784    12.056     4.694
 6     0.123     0.920    -0.372
 6    -0.738     0.335     0.586
 6     0.663     0.202     0.720
 7   118.215   -19.919    -5.893
 7     0.360     0.613     0.705
 7    -0.894     0.441     0.070
 7    -0.268    -0.655     0.705
 8   130.180   -40.292    -1.138
 8     0.749     0.358     0.558
 8    -0.644     0.198     0.739
 8     0.154    -0.912     0.377
 9   145.182   -23.589     5.276
 9     0.384    -0.815    -0.438
 9     0.790     0.532    -0.303
 9     0.477    -0.229     0.846
 2    96.907   -19.287    59.026
 2    -0.078    -0.997     0.002
 2     0.996    -0.078     0.032
 2    -0.033     0.004     0.999
 3   132.537    -5.419     1.854
 3     0.473    -0.099    -0.875
 3     0.251     0.967     0.027
 3     0.844    -0.233     0.482
 4   119.639     7.629    -6.726
 4     0.799    -0.371     0.476
 4     0.529     0.807    -0.262
 4    -0.286     0.460     0.839
 5   130.149    27.832    -5.592
 5     0.730    -0.337     0.596
 5     0.682     0.298    -0.668
 5     0.046     0.893     0.445
 6   144.341    12.806     4.318
 6     0.132     0.928    -0.349
 6    -0.708     0.335     0.622
 6     0.693     0.165     0.701
 7   118.687   -19.642    -6.171
 7     0.372     0.625     0.688
 7    -0.887     0.455     0.064
 7    -0.273    -0.634     0.722
 8   130.199   -40.347    -1.701
 8     0.730     0.403     0.553
 8    -0.661     0.214     0.719
 8     0.171    -0.890     0.421
 9   144.671   -23.870     5.992
 9     0.362    -0.844    -0.400
 9     0.766     0.511    -0.389
 9     0.530    -0.165     0.830
 2    96.957   -19.286    59.026
 2    -0.078    -0.997     0.003
 2     0.996    -0.077     0.032
 2    -0.033     0.005     0.999
 3   132.594    -5.338     1.817
 3     0.468    -0.106    -0.877
 3     0.254     0.967     0.020
 3     0.846    -0.233     0.479
 4   119.567     7.573    -6.828
 4     0.791    -0.377     0.484
 4     0.535     0.806    -0.250
 4    -0.295     0.456     0.839
 5   129.761    28.021    -5.608
 5     0.714    -0.356     0.604
 5     0.698     0.295    -0.652
 5     0.053     0.886     0.457
 6   144.170    13.482     4.567
 6     0.140     0.920    -0.367
 6    -0.696     0.355     0.625
 6     0.704     0.168     0.689
 7   118.810   -19.642    -6.249
 7     0.374     0.626     0.686
 7    -0.886     0.457     0.065
 7    -0.273    -0.632     0.725
 8   130.168   -40.344    -1.633
 8     0.723     0.419     0.550
 8    -0.666     0.213     0.715
 8     0.182    -0.882     0.432
 9   144.684   -23.943     6.184
 9     0.362    -0.840    -0.406
 9     0.763     0.515    -0.389
 9     0.534    -0.168     0.827
 2    96.907   -19.287    59.026
 2    -0.078    -0.997     0.003
 2     0.996    -0.077     0.032
 2    -0.033     0.005     0.999
 3   132.689    -5.288     1.773
 3     0.469    -0.107    -0.877
 3     0.255     0.966     0.020
 3     0.845    -0.234     0.480
 4   119.560     7.623    -6.875
 4     0.788    -0.380     0.487
 4     0.540     0.804    -0.248
 4    -0.297     0.457     0.838
 5   129.699    28.107    -5.452
 5     0.708    -0.362     0.608
 5     0.704     0.286    -0.650
 5     0.060     0.887     0.455
 6   144.189    13.714     4.668
 6     0.148     0.915    -0.376
 6    -0.696     0.366     0.618
 6     0.703     0.170     0.690
 7   118.854   -19.620    -6.238
 7     0.371     0.626     0.687
 7    -0.887     0.457     0.061
 7    -0.276    -0.632     0.724
 8   130.085   -40.426    -1.898
 8     0.718     0.419     0.557
 8    -0.673     0.213     0.708
 8     0.178    -0.882     0.434
 9   144.739   -24.122     5.969
 9     0.373    -0.839    -0.399
 9     0.757     0.521    -0.394
 9     0.536    -0.155     0.828
];