% Calibrated with leiden_pols
% Positions are in centimeters
Data =[
 2    96.957   -19.286    59.026
 2    -0.078    -0.997     0.002
 2     0.996    -0.077     0.032
 2    -0.033     0.004     0.999
 3   133.058    -4.946     2.272
 3     0.484    -0.119    -0.867
 3     0.267     0.963     0.018
 3     0.833    -0.241     0.497
 4   119.310     9.115    -4.732
 4     0.734    -0.469     0.494
 4     0.629     0.741    -0.233
 4    -0.256     0.480     0.838
 5   127.640    30.247    -1.350
 5     0.703    -0.118     0.702
 5     0.711     0.126    -0.691
 5    -0.007     0.985     0.172
 6   142.503    14.078     2.615
 6     0.247     0.955    -0.166
 6    -0.840     0.296     0.456
 6     0.484     0.026     0.874
 7   116.849   -20.030    -2.230
 7     0.276     0.614     0.740
 7    -0.921     0.387     0.021
 7    -0.274    -0.687     0.672
 8   128.252   -40.520     0.897
 8     0.761     0.005     0.648
 8    -0.639     0.175     0.749
 8    -0.109    -0.984     0.137
 9   140.664   -21.552    -0.957
 9     0.322    -0.944     0.067
 9     0.915     0.292    -0.275
 9     0.240     0.149     0.959
 2    96.908   -19.287    59.026
 2    -0.077    -0.997     0.002
 2     0.996    -0.077     0.032
 2    -0.033     0.004     0.999
 3   133.103    -4.947     2.277
 3     0.485    -0.120    -0.866
 3     0.268     0.963     0.018
 3     0.832    -0.241     0.499
 4   119.356     9.111    -4.726
 4     0.737    -0.464     0.495
 4     0.625     0.743    -0.237
 4    -0.258     0.482     0.836
 5   127.718    30.170    -1.303
 5     0.706    -0.117     0.699
 5     0.708     0.124    -0.695
 5    -0.006     0.985     0.169
 6   142.576    14.052     2.619
 6     0.247     0.955    -0.164
 6    -0.840     0.296     0.456
 6     0.483     0.025     0.875
 7   116.777   -20.030    -2.229
 7     0.275     0.612     0.742
 7    -0.922     0.386     0.021
 7    -0.274    -0.690     0.669
 8   128.248   -40.572     0.903
 8     0.761     0.003     0.648
 8    -0.639     0.175     0.749
 8    -0.111    -0.984     0.136
 9   140.610   -21.553    -0.980
 9     0.322    -0.944     0.069
 9     0.916     0.292    -0.274
 9     0.239     0.151     0.959
 2    96.907   -19.287    59.026
 2    -0.078    -0.997     0.001
 2     0.996    -0.078     0.032
 2    -0.033     0.004     0.999
 3   133.040    -4.952     2.217
 3     0.489    -0.120    -0.864
 3     0.268     0.963     0.019
 3     0.829    -0.242     0.503
 4   119.303     9.160    -4.724
 4     0.738    -0.461     0.496
 4     0.624     0.743    -0.238
 4    -0.259     0.484     0.835
 5   127.822    30.170    -1.254
 5     0.708    -0.117     0.696
 5     0.705     0.123    -0.698
 5    -0.005     0.985     0.169
 6   142.574    13.949     2.623
 6     0.246     0.955    -0.163
 6    -0.841     0.294     0.455
 6     0.482     0.025     0.875
 7   116.784   -20.126    -2.240
 7     0.281     0.608     0.744
 7    -0.921     0.388     0.029
 7    -0.271    -0.693     0.667
 8   128.377   -40.441     0.946
 8     0.766     0.002     0.643
 8    -0.634     0.173     0.754
 8    -0.109    -0.985     0.134
 9   140.652   -21.402    -0.946
 9     0.318    -0.946     0.072
 9     0.918     0.287    -0.271
 9     0.236     0.152     0.960
 2    96.907   -19.236    59.026
 2    -0.078    -0.997     0.002
 2     0.996    -0.078     0.032
 2    -0.033     0.004     0.999
 3   133.036    -4.953     2.171
 3     0.491    -0.121    -0.863
 3     0.269     0.962     0.019
 3     0.828    -0.242     0.505
 4   119.355     9.159    -4.780
 4     0.742    -0.453     0.496
 4     0.618     0.745    -0.247
 4    -0.258     0.490     0.832
 5   128.142    29.997    -1.024
 5     0.718    -0.114     0.687
 5     0.696     0.112    -0.709
 5     0.003     0.987     0.159
 6   142.889    13.531     2.667
 6     0.246     0.955    -0.166
 6    -0.848     0.294     0.440
 6     0.469     0.032     0.882
 7   116.870   -20.116    -2.238
 7     0.291     0.604     0.743
 7    -0.919     0.390     0.042
 7    -0.265    -0.695     0.668
 8   128.888   -40.282     1.888
 8     0.778    -0.021     0.628
 8    -0.621     0.119     0.774
 8    -0.091    -0.993     0.080
 9   142.224   -21.763    -2.356
 9     0.393    -0.917     0.059
 9     0.914     0.383    -0.130
 9     0.096     0.104     0.990
 2    96.908   -19.287    59.026
 2    -0.077    -0.997     0.002
 2     0.996    -0.077     0.032
 2    -0.033     0.004     0.999
 3   132.954    -4.850     2.126
 3     0.489    -0.129    -0.863
 3     0.276     0.961     0.013
 3     0.827    -0.245     0.505
 4   119.222     8.949    -5.028
 4     0.766    -0.403     0.503
 4     0.580     0.767    -0.272
 4    -0.277     0.499     0.820
 5   129.731    28.638    -1.967
 5     0.752     0.101     0.651
 5     0.648     0.067    -0.758
 5    -0.120     0.992    -0.014
 6   146.076    12.221    -3.337
 6     0.400     0.910    -0.110
 6    -0.866     0.413     0.281
 6     0.300    -0.018     0.953
 7   116.899   -20.151    -2.167
 7     0.300     0.589     0.751
 7    -0.919     0.387     0.061
 7    -0.255    -0.709     0.657
 8   129.873   -39.705     2.494
 8     0.783    -0.237     0.575
 8    -0.595    -0.017     0.803
 8    -0.180    -0.971    -0.153
 9   143.618   -23.857    -8.551
 9     0.512    -0.836     0.200
 9     0.839     0.535     0.092
 9    -0.183     0.120     0.975
 2    96.908   -19.287    59.026
 2    -0.077    -0.997     0.002
 2     0.996    -0.077     0.032
 2    -0.033     0.004     0.999
 3   132.901    -4.899     2.133
 3     0.487    -0.131    -0.863
 3     0.281     0.959     0.014
 3     0.826    -0.251     0.504
 4   119.396     8.466    -5.386
 4     0.797    -0.330     0.507
 4     0.520     0.800    -0.298
 4    -0.308     0.500     0.808
 5   130.899    27.277    -3.517
 5     0.765     0.242     0.598
 5     0.608     0.037    -0.793
 5    -0.214     0.969    -0.117
 6   146.831    11.318    -8.973
 6     0.442     0.895    -0.062
 6    -0.890     0.446     0.097
 6     0.113     0.011     0.993
 7   117.010   -20.270    -2.299
 7     0.306     0.574     0.760
 7    -0.918     0.389     0.075
 7    -0.253    -0.721     0.645
 8   131.249   -38.972     2.834
 8     0.799    -0.339     0.498
 8    -0.562    -0.127     0.817
 8    -0.213    -0.932    -0.290
 9   144.289   -27.201   -13.217
 9     0.555    -0.792     0.255
 9     0.682     0.608     0.405
 9    -0.475    -0.051     0.878
 2    96.907   -19.287    59.026
 2    -0.078    -0.997     0.003
 2     0.996    -0.077     0.032
 2    -0.033     0.005     0.999
 3   132.942    -5.050     2.017
 3     0.487    -0.137    -0.863
 3     0.289     0.957     0.013
 3     0.824    -0.257     0.505
 4   119.329     8.095    -5.658
 4     0.806    -0.276     0.525
 4     0.486     0.812    -0.323
 4    -0.338     0.515     0.787
 5   130.805    26.935    -4.445
 5     0.746     0.325     0.583
 5     0.612     0.013    -0.790
 5    -0.264     0.946    -0.187
 6   147.205    13.174   -13.514
 6     0.533     0.845    -0.060
 6    -0.840     0.518    -0.156
 6    -0.103     0.131     0.986
 7   117.095   -20.312    -2.306
 7     0.316     0.559     0.768
 7    -0.915     0.391     0.090
 7    -0.251    -0.731     0.634
 8   132.294   -38.434     3.561
 8     0.796    -0.449     0.407
 8    -0.554    -0.271     0.787
 8    -0.243    -0.851    -0.463
 9   142.659   -33.065   -16.041
 9     0.525    -0.754     0.399
 9     0.438     0.638     0.633
 9    -0.730    -0.158     0.663
 2    96.907   -19.287    59.026
 2    -0.078    -0.997     0.002
 2     0.996    -0.078     0.032
 2    -0.033     0.005     0.999
 3   132.927    -5.052     1.982
 3     0.489    -0.144    -0.861
 3     0.295     0.955     0.009
 3     0.821    -0.259     0.508
 4   119.219     8.008    -5.751
 4     0.791    -0.231     0.567
 4     0.483     0.803    -0.349
 4    -0.376     0.549     0.746
 5   129.405    27.622    -3.625
 5     0.678     0.419     0.605
 5     0.686    -0.068    -0.723
 5    -0.262     0.905    -0.332
