2 	  32.84	  -7.12	  22.75
	  0.598	  0.801	 -0.024
	 -0.802	  0.597	 -0.014
	  0.004	  0.027	  0.999

3 	  43.21	  -1.23	   0.09
	 -0.465	 -0.094	 -0.880
	  0.011	 -0.995	  0.100
	 -0.885	  0.037	  0.463

4 	  37.44	   3.92	  -3.45
	  0.331	 -0.608	 -0.722
	  0.644	  0.704	 -0.299
	  0.690	 -0.366	  0.624

5 	  44.58	  13.08	  -2.21
	 -0.936	 -0.345	 -0.066
	  0.043	  0.073	 -0.996
	  0.349	 -0.936	 -0.053

6 	  48.94	   3.81	  -2.37
	  0.352	 -0.889	  0.293
	  0.936	  0.344	 -0.081
	 -0.030	  0.303	  0.952

7 	  37.65	  -5.59	  -4.04
	 -0.398	  0.910	  0.114
	 -0.688	 -0.378	  0.620
	  0.608	  0.168	  0.776

8 	  42.86	 -14.24	  -4.76
	  0.808	 -0.575	 -0.128
	  0.128	  0.383	 -0.915
	  0.574	  0.723	  0.383

9 	  48.52	  -6.75	  -2.11
	  0.294	  0.846	  0.443
	 -0.857	  0.438	 -0.270
	 -0.424	 -0.302	  0.854

2 	  32.84	  -7.12	  22.75
	  0.598	  0.801	 -0.024
	 -0.802	  0.597	 -0.014
	  0.004	  0.027	  0.999

3 	  43.21	  -1.23	   0.09
	 -0.459	 -0.094	 -0.883
	  0.011	 -0.995	  0.100
	 -0.888	  0.036	  0.458

4 	  37.44	   3.90	  -3.46
	  0.331	 -0.609	 -0.721
	  0.644	  0.704	 -0.299
	  0.690	 -0.365	  0.625

5 	  44.58	  13.08	  -2.21
	 -0.936	 -0.346	 -0.067
	  0.044	  0.072	 -0.996
	  0.349	 -0.936	 -0.052

6 	  48.96	   3.83	  -2.34
	  0.351	 -0.888	  0.298
	  0.936	  0.344	 -0.076
	 -0.035	  0.306	  0.951

7 	  37.67	  -5.61	  -4.04
	 -0.401	  0.909	  0.113
	 -0.687	 -0.379	  0.620
	  0.607	  0.170	  0.776

8 	  42.89	 -14.20	  -4.78
	  0.811	 -0.571	 -0.128
	  0.128	  0.386	 -0.914
	  0.571	  0.725	  0.385

9 	  48.52	  -6.71	  -2.11
	  0.287	  0.848	  0.445
	 -0.860	  0.433	 -0.272
	 -0.425	 -0.306	  0.852

2 	  32.84	  -7.10	  22.75
	  0.598	  0.801	 -0.024
	 -0.802	  0.597	 -0.014
	  0.004	  0.027	  0.999

3 	  43.21	  -1.23	   0.11
	 -0.450	 -0.090	 -0.888
	  0.012	 -0.995	  0.094
	 -0.893	  0.032	  0.449

4 	  37.49	   3.92	  -3.45
	  0.333	 -0.608	 -0.721
	  0.646	  0.704	 -0.296
	  0.687	 -0.367	  0.626

5 	  44.61	  13.06	  -2.13
	 -0.936	 -0.344	 -0.075
	  0.053	  0.072	 -0.996
	  0.348	 -0.936	 -0.050

6 	  48.97	   3.78	  -2.25
	  0.343	 -0.891	  0.298
	  0.938	  0.339	 -0.064
	 -0.044	  0.302	  0.952

7 	  37.71	  -5.59	  -4.04
	 -0.407	  0.907	  0.109
	 -0.686	 -0.382	  0.619
	  0.604	  0.176	  0.777

8 	  43.03	 -14.13	  -4.76
	  0.818	 -0.562	 -0.124
	  0.128	  0.388	 -0.913
	  0.561	  0.731	  0.389

9 	  48.53	  -6.57	  -2.07
	  0.272	  0.853	  0.444
	 -0.865	  0.419	 -0.277
	 -0.424	 -0.310	  0.851

2 	  32.84	  -7.10	  22.75
	  0.597	  0.802	 -0.024
	 -0.803	  0.596	 -0.014
	  0.005	  0.028	  0.999

3 	  43.22	  -1.21	   0.12
	 -0.445	 -0.086	 -0.891
	  0.014	 -0.996	  0.089
	 -0.895	  0.028	  0.444

4 	  37.53	   3.94	  -3.45
	  0.335	 -0.607	 -0.721
	  0.647	  0.704	 -0.292
	  0.685	 -0.369	  0.628

5 	  44.67	  13.08	  -2.06
	 -0.936	 -0.343	 -0.083
	  0.061	  0.075	 -0.995
	  0.347	 -0.936	 -0.050

6 	  48.97	   3.80	  -2.16
	  0.341	 -0.892	  0.298
	  0.939	  0.340	 -0.056
	 -0.052	  0.299	  0.953

7 	  37.74	  -5.57	  -4.04
	 -0.410	  0.905	  0.107
	 -0.686	 -0.384	  0.618
	  0.602	  0.179	  0.778

8 	  43.12	 -14.12	  -4.75
	  0.821	 -0.558	 -0.122
	  0.128	  0.388	 -0.913
	  0.556	  0.734	  0.390

9 	  48.53	  -6.52	  -2.06
	  0.265	  0.856	  0.444
	 -0.867	  0.413	 -0.281
	 -0.425	 -0.311	  0.850

2 	  32.84	  -7.10	  22.76
	  0.598	  0.801	 -0.023
	 -0.802	  0.597	 -0.014
	  0.004	  0.027	  1.000

3 	  43.24	  -1.23	   0.12
	 -0.453	 -0.083	 -0.888
	  0.018	 -0.996	  0.085
	 -0.891	  0.023	  0.453

4 	  37.55	   3.96	  -3.46
	  0.336	 -0.606	 -0.721
	  0.648	  0.704	 -0.290
	  0.684	 -0.370	  0.628

5 	  44.67	  13.08	  -2.02
	 -0.936	 -0.341	 -0.087
	  0.064	  0.078	 -0.995
	  0.346	 -0.937	 -0.051

6 	  49.01	   3.80	  -2.16
	  0.339	 -0.894	  0.294
	  0.939	  0.340	 -0.050
	 -0.056	  0.293	  0.954

7 	  37.74	  -5.59	  -4.06
	 -0.412	  0.905	  0.106
	 -0.687	 -0.384	  0.617
	  0.600	  0.181	  0.779

8 	  43.17	 -14.12	  -4.69
	  0.825	 -0.551	 -0.121
	  0.121	  0.383	 -0.916
	  0.551	  0.741	  0.383

9 	  48.55	  -6.47	  -2.11
	  0.262	  0.861	  0.434
	 -0.871	  0.404	 -0.277
	 -0.416	 -0.307	  0.856

2 	  32.84	  -7.10	  22.75
	  0.597	  0.802	 -0.024
	 -0.802	  0.596	 -0.014
	  0.004	  0.028	  0.999

3 	  43.26	  -1.23	   0.11
	 -0.462	 -0.085	 -0.883
	  0.020	 -0.996	  0.086
	 -0.887	  0.022	  0.461

4 	  37.56	   3.96	  -3.46
	  0.335	 -0.603	 -0.724
	  0.647	  0.705	 -0.289
	  0.685	 -0.372	  0.626

5 	  44.72	  13.04	  -1.85
	 -0.937	 -0.339	 -0.088
	  0.058	  0.099	 -0.993
	  0.345	 -0.936	 -0.073

6 	  49.04	   3.76	  -2.32
	  0.344	 -0.900	  0.266
	  0.937	  0.345	 -0.047
	 -0.050	  0.266	  0.962

7 	  37.74	  -5.64	  -4.04
	 -0.412	  0.905	  0.103
	 -0.686	 -0.382	  0.619
	  0.600	  0.184	  0.778

8 	  43.19	 -14.20	  -4.54
	  0.828	 -0.542	 -0.142
	  0.072	  0.353	 -0.933
	  0.555	  0.762	  0.331

9 	  48.64	  -6.40	  -2.55
	  0.279	  0.879	  0.385
	 -0.890	  0.387	 -0.242
	 -0.364	 -0.277	  0.889

2 	  32.84	  -7.10	  22.75
	  0.597	  0.802	 -0.024
	 -0.802	  0.596	 -0.014
	  0.004	  0.028	  0.999

3 	  43.24	  -1.27	   0.09
	 -0.467	 -0.090	 -0.880
	  0.018	 -0.995	  0.092
	 -0.884	  0.027	  0.466

4 	  37.55	   3.92	  -3.46
	  0.332	 -0.594	 -0.733
	  0.640	  0.712	 -0.288
	  0.693	 -0.374	  0.616

5 	  44.70	  12.99	  -1.39
	 -0.939	 -0.340	 -0.057
	 -0.007	  0.186	 -0.983
	  0.344	 -0.922	 -0.177

6 	  49.10	   3.83	  -3.13
	  0.379	 -0.915	  0.137
	  0.925	  0.372	 -0.073
	  0.016	  0.154	  0.988

7 	  37.74	  -5.70	  -3.99
	 -0.410	  0.907	  0.097
	 -0.684	 -0.376	  0.624
	  0.604	  0.189	  0.774

8 	  43.10	 -14.29	  -4.36
	  0.813	 -0.551	 -0.187
	 -0.007	  0.311	 -0.950
	  0.582	  0.774	  0.249

9 	  48.90	  -6.47	  -3.46
	  0.343	  0.890	  0.298
	 -0.898	  0.404	 -0.176
	 -0.278	 -0.209	  0.938

2 	  32.84	  -7.10	  22.76
	  0.598	  0.801	 -0.024
	 -0.802	  0.597	 -0.014
	  0.004	  0.028	  0.999

3 	  43.24	  -1.27	   0.09
	 -0.466	 -0.092	 -0.880
	  0.013	 -0.995	  0.098
	 -0.885	  0.034	  0.465

4 	  37.56	   3.97	  -3.41
	  0.331	 -0.568	 -0.753
	  0.626	  0.729	 -0.276
	  0.706	 -0.380	  0.597

5 	  44.77	  12.83	  -0.47
	 -0.936	 -0.352	 -0.013
	 -0.111	  0.329	 -0.938
	  0.334	 -0.876	 -0.348

6 	  49.17	   4.43	  -4.34
	  0.426	 -0.902	 -0.067
	  0.896	  0.431	 -0.108
	  0.126	 -0.014	  0.992

7 	  37.78	  -5.70	  -3.97
	 -0.402	  0.911	  0.088
	 -0.683	 -0.362	  0.635
	  0.611	  0.194	  0.767

8 	  42.94	 -14.36	  -4.27
	  0.775	 -0.584	 -0.239
	 -0.094	  0.268	 -0.959
	  0.624	  0.766	  0.154

9 	  49.22	  -6.82	  -4.68
	  0.432	  0.885	  0.174
	 -0.881	  0.455	 -0.128
	 -0.194	 -0.100	  0.976

2 	  32.84	  -7.10	  22.75
	  0.597	  0.802	 -0.024
	 -0.802	  0.596	 -0.014
	  0.004	  0.028	  0.999

3 	  43.28	  -1.27	   0.11
	 -0.462	 -0.093	 -0.882
	  0.010	 -0.995	  0.100
	 -0.887	  0.037	  0.460

4 	  37.58	   4.01	  -3.39
	  0.334	 -0.548	 -0.767
	  0.614	  0.743	 -0.264
	  0.715	 -0.384	  0.584

5 	  44.70	  12.87	   0.02
	 -0.924	 -0.382	  0.012
	 -0.180	  0.408	 -0.895
	  0.337	 -0.829	 -0.446

6 	  49.15	   5.04	  -5.03
	  0.460	 -0.867	 -0.192
	  0.868	  0.484	 -0.110
	  0.189	 -0.116	  0.975

7 	  37.81	  -5.70	  -3.94
	 -0.395	  0.915	  0.079
	 -0.682	 -0.349	  0.642
	  0.616	  0.199	  0.762

8 	  42.82	 -14.43	  -4.20
	  0.745	 -0.607	 -0.276
	 -0.162	  0.237	 -0.958
	  0.646	  0.758	  0.079

9 	  49.22	  -7.08	  -5.75
	  0.477	  0.877	  0.061
	 -0.873	  0.480	 -0.086
	 -0.106	 -0.014	  0.994

2 	  32.84	  -7.10	  22.75
	  0.597	  0.802	 -0.024
	 -0.802	  0.596	 -0.014
	  0.004	  0.028	  0.999

3 	  43.26	  -1.25	   0.09
	 -0.461	 -0.094	 -0.883
	  0.011	 -0.995	  0.100
	 -0.887	  0.036	  0.459

4 	  37.58	   4.10	  -3.34
	  0.338	 -0.529	 -0.778
	  0.604	  0.756	 -0.252
	  0.722	 -0.385	  0.574

5 	  44.70	  12.73	   0.56
	 -0.914	 -0.404	  0.025
	 -0.239	  0.487	 -0.840
	  0.327	 -0.774	 -0.542

6 	  49.17	   5.78	  -5.64
	  0.488	 -0.809	 -0.327
	  0.835	  0.541	 -0.094
	  0.254	 -0.228	  0.940

7 	  37.81	  -5.68	  -3.92
	 -0.383	  0.922	  0.057
	 -0.678	 -0.322	  0.660
	  0.628	  0.213	  0.748

8 	  42.73	 -14.55	  -3.48
	  0.715	 -0.642	 -0.277
	 -0.245	  0.142	 -0.959
	  0.655	  0.753	 -0.055

9 	  49.18	  -7.82	  -6.93
	  0.513	  0.847	 -0.138
	 -0.858	  0.508	 -0.073
	  0.007	  0.155	  0.988

2 	  32.84	  -7.12	  22.75
	  0.597	  0.802	 -0.024
	 -0.802	  0.596	 -0.014
	  0.004	  0.028	  0.999

3 	  43.28	  -1.23	   0.09
	 -0.458	 -0.093	 -0.884
	  0.009	 -0.995	  0.100
	 -0.889	  0.037	  0.457

4 	  37.58	   4.17	  -3.29
	  0.345	 -0.507	 -0.790
	  0.594	  0.769	 -0.235
	  0.727	 -0.388	  0.566

5 	  44.72	  12.52	   1.27
	 -0.902	 -0.430	  0.026
	 -0.295	  0.572	 -0.766
	  0.314	 -0.699	 -0.643

6 	  49.18	   6.71	  -6.06
	  0.507	 -0.729	 -0.459
	  0.805	  0.591	 -0.050
	  0.309	 -0.345	  0.886

7 	  37.83	  -5.68	  -3.92
	 -0.370	  0.928	  0.036
	 -0.679	 -0.295	  0.672
	  0.636	  0.224	  0.739

8 	  42.57	 -14.70	  -2.94
	  0.683	 -0.684	 -0.255
	 -0.280	  0.078	 -0.957
	  0.675	  0.724	 -0.137

9 	  49.22	  -8.79	  -7.58
	  0.562	  0.778	 -0.279
	 -0.825	  0.553	 -0.116
	  0.062	  0.295	  0.953

2 	  32.84	  -7.12	  22.75
	  0.597	  0.802	 -0.024
	 -0.802	  0.596	 -0.014
	  0.004	  0.028	  0.999

3 	  43.29	  -1.23	   0.09
	 -0.456	 -0.094	 -0.885
	  0.008	 -0.995	  0.102
	 -0.890	  0.040	  0.454

4 	  37.58	   4.22	  -3.27
	  0.351	 -0.488	 -0.799
	  0.585	  0.781	 -0.220
	  0.732	 -0.390	  0.559

5 	  44.70	  12.39	   1.88
	 -0.890	 -0.455	  0.013
	 -0.330	  0.625	 -0.708
	  0.314	 -0.635	 -0.706

6 	  49.20	   7.52	  -6.22
	  0.525	 -0.648	 -0.552
	  0.777	  0.629	 -0.002
	  0.350	 -0.429	  0.832

7 	  37.85	  -5.71	  -3.90
	 -0.362	  0.932	  0.027
	 -0.677	 -0.282	  0.680
	  0.642	  0.227	  0.732

8 	  42.49	 -14.80	  -2.37
	  0.653	 -0.720	 -0.235
	 -0.321	  0.019	 -0.947
	  0.686	  0.694	 -0.218

9 	  49.27	  -9.95	  -8.17
	  0.598	  0.686	 -0.414
	 -0.795	  0.577	 -0.189
	  0.108	  0.442	  0.891

2 	  32.84	  -7.10	  22.75
	  0.598	  0.801	 -0.024
	 -0.802	  0.597	 -0.014
	  0.005	  0.028	  0.999

3 	  43.29	  -1.23	   0.11
	 -0.456	 -0.097	 -0.885
	  0.008	 -0.994	  0.105
	 -0.890	  0.041	  0.453

4 	  37.62	   4.27	  -3.22
	  0.359	 -0.468	 -0.807
	  0.575	  0.792	 -0.204
	  0.735	 -0.391	  0.553

5 	  44.65	  12.20	   2.43
	 -0.877	 -0.481	 -0.003
	 -0.365	  0.669	 -0.647
	  0.313	 -0.567	 -0.762

6 	  49.17	   8.44	  -6.31
	  0.541	 -0.554	 -0.633
	  0.746	  0.663	  0.054
	  0.393	 -0.502	  0.770

7 	  37.85	  -5.77	  -3.90
	 -0.356	  0.934	  0.021
	 -0.673	 -0.271	  0.688
	  0.649	  0.230	  0.725

8 	  42.42	 -14.80	  -1.79
	  0.626	 -0.750	 -0.211
	 -0.370	 -0.047	 -0.928
	  0.687	  0.659	 -0.305

9 	  49.22	 -11.16	  -8.54
	  0.619	  0.578	 -0.532
	 -0.770	  0.583	 -0.260
	  0.158	  0.570	  0.806

2 	  32.84	  -7.10	  22.75
	  0.597	  0.802	 -0.024
	 -0.802	  0.596	 -0.014
	  0.004	  0.028	  0.999

3 	  43.29	  -1.23	   0.11
	 -0.454	 -0.098	 -0.885
	  0.008	 -0.994	  0.106
	 -0.891	  0.041	  0.452

4 	  37.63	   4.34	  -3.18
	  0.365	 -0.449	 -0.816
	  0.565	  0.802	 -0.190
	  0.740	 -0.392	  0.546

5 	  44.60	  12.09	   2.95
	 -0.863	 -0.505	 -0.013
	 -0.402	  0.701	 -0.588
	  0.306	 -0.503	 -0.808

6 	  48.99	   9.35	  -6.29
	  0.539	 -0.464	 -0.702
	  0.722	  0.684	  0.100
	  0.437	 -0.561	  0.702

7 	  37.83	  -5.77	  -3.87
	 -0.349	  0.937	  0.018
	 -0.671	 -0.263	  0.693
	  0.655	  0.229	  0.720

8 	  42.26	 -14.89	  -1.42
	  0.601	 -0.776	 -0.192
	 -0.400	 -0.083	 -0.913
	  0.693	  0.625	 -0.359

9 	  49.03	 -12.20	  -8.72
	  0.631	  0.484	 -0.606
	 -0.752	  0.575	 -0.322
	  0.191	  0.659	  0.728

2 	  32.84	  -7.10	  22.75
	  0.597	  0.802	 -0.024
	 -0.802	  0.596	 -0.014
	  0.004	  0.028	  0.999

3 	  43.26	  -1.23	   0.11
	 -0.453	 -0.105	 -0.886
	  0.008	 -0.993	  0.113
	 -0.892	  0.044	  0.450

4 	  37.58	   4.36	  -3.15
	  0.365	 -0.431	 -0.825
	  0.551	  0.814	 -0.183
	  0.750	 -0.388	  0.534

5 	  44.37	  12.06	   3.18
	 -0.842	 -0.540	 -0.014
	 -0.446	  0.709	 -0.545
	  0.305	 -0.453	 -0.838

6 	  48.76	  10.18	  -6.33
	  0.549	 -0.384	 -0.742
	  0.690	  0.709	  0.142
	  0.475	 -0.590	  0.652

7 	  37.81	  -5.80	  -3.85
	 -0.342	  0.939	  0.015
	 -0.667	 -0.254	  0.700
	  0.663	  0.229	  0.713

8 	  42.08	 -14.94	  -1.11
	  0.574	 -0.799	 -0.178
	 -0.433	 -0.111	 -0.894
	  0.696	  0.590	 -0.409

9 	  48.71	 -13.10	  -8.86
	  0.630	  0.405	 -0.662
	 -0.742	  0.567	 -0.359
	  0.229	  0.717	  0.658

2 	  32.85	  -7.10	  22.75
	  0.597	  0.802	 -0.024
	 -0.803	  0.596	 -0.014
	  0.005	  0.028	  0.999

3 	  43.24	  -1.25	   0.09
	 -0.451	 -0.110	 -0.886
	  0.009	 -0.993	  0.118
	 -0.892	  0.045	  0.449

4 	  37.53	   4.38	  -3.09
	  0.365	 -0.417	 -0.832
	  0.539	  0.823	 -0.177
	  0.759	 -0.384	  0.525

5 	  44.28	  11.99	   3.43
	 -0.820	 -0.572	 -0.018
	 -0.489	  0.716	 -0.498
	  0.298	 -0.400	 -0.867

6 	  48.52	  11.04	  -6.36
	  0.545	 -0.297	 -0.784
	  0.665	  0.723	  0.187
	  0.515	 -0.623	  0.589

7 	  37.79	  -5.80	  -3.85
	 -0.335	  0.942	  0.014
	 -0.664	 -0.246	  0.706
	  0.669	  0.226	  0.708

8 	  41.99	 -14.96	  -0.88
	  0.553	 -0.816	 -0.170
	 -0.461	 -0.129	 -0.878
	  0.695	  0.563	 -0.447

9 	  48.48	 -13.80	  -9.02
	  0.618	  0.337	 -0.710
	 -0.742	  0.548	 -0.385
	  0.258	  0.765	  0.589

2 	  32.84	  -7.12	  22.75
	  0.598	  0.801	 -0.024
	 -0.802	  0.597	 -0.014
	  0.004	  0.027	  0.999

3 	  43.22	  -1.25	   0.09
	 -0.450	 -0.113	 -0.886
	  0.009	 -0.992	  0.122
	 -0.893	  0.047	  0.448

4 	  37.53	   4.39	  -3.08
	  0.363	 -0.405	 -0.839
	  0.528	  0.831	 -0.173
	  0.768	 -0.380	  0.515

5 	  44.33	  11.87	   3.66
	 -0.802	 -0.596	 -0.016
	 -0.528	  0.723	 -0.445
	  0.278	 -0.349	 -0.895

6 	  48.22	  11.87	  -6.40
	  0.527	 -0.209	 -0.824
	  0.650	  0.723	  0.231
	  0.551	 -0.657	  0.515

7 	  37.79	  -5.82	  -3.87
	 -0.332	  0.943	  0.017
	 -0.660	 -0.245	  0.710
	  0.675	  0.223	  0.703

8 	  42.01	 -14.96	  -0.62
	  0.534	 -0.829	 -0.168
	 -0.518	 -0.162	 -0.840
	  0.670	  0.535	 -0.514

9 	  47.85	 -14.55	  -9.39
	  0.559	  0.259	 -0.787
	 -0.766	  0.525	 -0.370
	  0.318	  0.810	  0.493

2 	  32.84	  -7.10	  22.75
	  0.597	  0.802	 -0.024
	 -0.802	  0.596	 -0.014
	  0.004	  0.028	  0.999

3 	  43.21	  -1.25	   0.09
	 -0.449	 -0.116	 -0.886
	  0.009	 -0.992	  0.126
	 -0.894	  0.048	  0.446

4 	  37.46	   4.41	  -3.04
	  0.359	 -0.394	 -0.846
	  0.516	  0.839	 -0.173
	  0.778	 -0.375	  0.504

5 	  44.24	  11.85	   3.76
	 -0.781	 -0.624	 -0.014
	 -0.568	  0.720	 -0.398
	  0.259	 -0.303	 -0.917

6 	  47.88	  12.66	  -6.42
	  0.516	 -0.127	 -0.847
	  0.632	  0.724	  0.275
	  0.582	 -0.676	  0.452

7 	  37.74	  -5.80	  -3.85
	 -0.326	  0.945	  0.022
	 -0.654	 -0.242	  0.716
	  0.683	  0.218	  0.697

8 	  41.92	 -14.92	  -0.53
	  0.515	 -0.841	 -0.169
	 -0.554	 -0.175	 -0.814
	  0.656	  0.512	 -0.555

9 	  47.41	 -15.17	  -9.56
	  0.532	  0.193	 -0.824
	 -0.771	  0.513	 -0.376
	  0.351	  0.836	  0.422

2 	  32.84	  -7.10	  22.73
	  0.598	  0.801	 -0.024
	 -0.802	  0.597	 -0.014
	  0.004	  0.028	  0.999

3 	  43.15	  -1.25	   0.05
	 -0.450	 -0.120	 -0.885
	  0.012	 -0.992	  0.129
	 -0.893	  0.048	  0.448

4 	  37.37	   4.39	  -3.01
	  0.355	 -0.386	 -0.851
	  0.503	  0.846	 -0.174
	  0.788	 -0.367	  0.494

5 	  44.00	  11.88	   3.92
	 -0.763	 -0.645	 -0.027
	 -0.587	  0.711	 -0.387
	  0.269	 -0.279	 -0.922

6 	  47.65	  13.24	  -6.15
	  0.528	 -0.074	 -0.846
	  0.614	  0.722	  0.318
	  0.591	 -0.685	  0.424

7 	  37.71	  -5.80	  -3.85
	 -0.320	  0.947	  0.025
	 -0.651	 -0.238	  0.721
	  0.689	  0.214	  0.692

8 	  41.82	 -14.96	  -0.47
	  0.498	 -0.851	 -0.166
	 -0.568	 -0.174	 -0.805
	  0.657	  0.494	 -0.569

9 	  47.14	 -15.71	  -9.60
	  0.525	  0.141	 -0.839
	 -0.761	  0.519	 -0.388
	  0.381	  0.843	  0.380

2 	  32.85	  -7.10	  22.75
	  0.597	  0.802	 -0.024
	 -0.803	  0.596	 -0.013
	  0.005	  0.027	  0.999

3 	  43.15	  -1.25	   0.05
	 -0.451	 -0.123	 -0.884
	  0.016	 -0.991	  0.130
	 -0.892	  0.045	  0.449

4 	  37.32	   4.36	  -2.99
	  0.353	 -0.379	 -0.855
	  0.489	  0.854	 -0.177
	  0.798	 -0.356	  0.486

5 	  43.75	  11.92	   4.01
	 -0.739	 -0.673	 -0.037
	 -0.616	  0.696	 -0.369
	  0.275	 -0.251	 -0.928

6 	  47.37	  13.85	  -6.03
	  0.530	 -0.018	 -0.848
	  0.590	  0.726	  0.352
	  0.612	 -0.685	  0.394

7 	  37.72	  -5.80	  -3.85
	 -0.314	  0.949	  0.025
	 -0.649	 -0.233	  0.724
	  0.694	  0.211	  0.688

8 	  41.70	 -15.01	  -0.44
	  0.477	 -0.864	 -0.163
	 -0.584	 -0.172	 -0.793
	  0.658	  0.473	 -0.586

9 	  46.83	 -16.28	  -9.63
	  0.513	  0.085	 -0.854
	 -0.750	  0.529	 -0.397
	  0.419	  0.844	  0.335

2 	  32.84	  -7.10	  22.75
	  0.597	  0.802	 -0.024
	 -0.803	  0.596	 -0.014
	  0.005	  0.028	  0.999

3 	  43.15	  -1.23	   0.04
	 -0.456	 -0.131	 -0.881
	  0.026	 -0.991	  0.134
	 -0.890	  0.038	  0.454

4 	  37.20	   4.32	  -2.97
	  0.347	 -0.373	 -0.861
	  0.471	  0.862	 -0.184
	  0.811	 -0.341	  0.474

5 	  43.38	  12.11	   3.94
	 -0.706	 -0.707	 -0.040
	 -0.650	  0.669	 -0.361
	  0.283	 -0.229	 -0.931

6 	  46.88	  14.75	  -5.99
	  0.535	  0.059	 -0.843
	  0.542	  0.742	  0.394
	  0.652	 -0.666	  0.362

7 	  37.71	  -5.80	  -3.81
	 -0.306	  0.952	  0.025
	 -0.643	 -0.225	  0.731
	  0.702	  0.207	  0.681

8 	  41.52	 -15.05	  -0.33
	  0.447	 -0.881	 -0.156
	 -0.610	 -0.171	 -0.774
	  0.656	  0.440	 -0.613

9 	  46.25	 -17.03	  -9.65
	  0.485	  0.013	 -0.875
	 -0.736	  0.547	 -0.399
	  0.475	  0.836	  0.274

2 	  32.85	  -7.10	  22.75
	  0.597	  0.802	 -0.024
	 -0.803	  0.596	 -0.014
	  0.005	  0.028	  0.999

3 	  43.12	  -1.23	   0.00
	 -0.458	 -0.137	 -0.879
	  0.030	 -0.990	  0.139
	 -0.889	  0.037	  0.457

4 	  37.12	   4.25	  -2.97
	  0.338	 -0.370	 -0.865
	  0.458	  0.867	 -0.193
	  0.822	 -0.331	  0.462

5 	  43.07	  12.23	   3.88
	 -0.676	 -0.735	 -0.050
	 -0.677	  0.646	 -0.352
	  0.292	 -0.204	 -0.934

6 	  46.51	  15.40	  -5.91
	  0.538	  0.124	 -0.834
	  0.502	  0.748	  0.432
	  0.681	 -0.649	  0.339

7 	  37.63	  -5.84	  -3.80
	 -0.295	  0.955	  0.023
	 -0.639	 -0.214	  0.738
	  0.711	  0.203	  0.673

8 	  41.34	 -15.10	  -0.14
	  0.419	 -0.896	 -0.148
	 -0.641	 -0.175	 -0.747
	  0.644	  0.407	 -0.647

9 	  45.67	 -17.70	  -9.58
	  0.446	 -0.056	 -0.893
	 -0.729	  0.557	 -0.398
	  0.522	  0.827	  0.207

2 	  32.85	  -7.10	  22.75
	  0.597	  0.802	 -0.024
	 -0.803	  0.596	 -0.013
	  0.005	  0.027	  0.999

3 	  43.08	  -1.25	   0.00
	 -0.461	 -0.144	 -0.876
	  0.035	 -0.989	  0.145
	 -0.887	  0.037	  0.460

4 	  37.07	   4.22	  -2.95
	  0.333	 -0.366	 -0.869
	  0.447	  0.872	 -0.197
	  0.830	 -0.323	  0.454

5 	  42.79	  12.30	   3.94
	 -0.649	 -0.758	 -0.062
	 -0.698	  0.626	 -0.346
	  0.302	 -0.181	 -0.936

6 	  46.21	  15.86	  -5.68
	  0.539	  0.170	 -0.825
	  0.475	  0.749	  0.462
	  0.699	 -0.638	  0.321

7 	  37.60	  -5.85	  -3.80
	 -0.285	  0.958	  0.021
	 -0.635	 -0.205	  0.745
	  0.719	  0.198	  0.666

8 	  41.22	 -15.12	  -0.02
	  0.398	 -0.906	 -0.142
	 -0.659	 -0.174	 -0.731
	  0.639	  0.384	 -0.666

9 	  45.23	 -18.21	  -9.46
	  0.417	 -0.106	 -0.903
	 -0.722	  0.565	 -0.399
	  0.554	  0.817	  0.158

2 	  32.84	  -7.08	  22.75
	  0.597	  0.802	 -0.024
	 -0.803	  0.596	 -0.014
	  0.004	  0.028	  0.999

3 	  43.05	  -1.27	  -0.05
	 -0.464	 -0.153	 -0.873
	  0.038	 -0.987	  0.153
	 -0.885	  0.038	  0.463

4 	  36.97	   4.15	  -2.92
	  0.327	 -0.363	 -0.873
	  0.431	  0.879	 -0.204
	  0.841	 -0.310	  0.443

5 	  42.59	  12.34	   3.99
	 -0.627	 -0.776	 -0.065
	 -0.719	  0.609	 -0.336
	  0.301	 -0.164	 -0.939

6 	  45.77	  16.28	  -5.62
	  0.524	  0.212	 -0.825
	  0.466	  0.741	  0.483
	  0.717	 -0.635	  0.288

7 	  37.60	  -5.89	  -3.76
	 -0.281	  0.959	  0.021
	 -0.629	 -0.200	  0.751
	  0.725	  0.197	  0.659

8 	  41.17	 -15.13	   0.11
	  0.382	 -0.914	 -0.135
	 -0.683	 -0.180	 -0.708
	  0.623	  0.363	 -0.692

9 	  44.75	 -18.65	  -9.42
	  0.374	 -0.151	 -0.915
	 -0.727	  0.566	 -0.389
	  0.578	  0.809	  0.101

2 	  32.84	  -7.08	  22.73
	  0.597	  0.802	 -0.025
	 -0.803	  0.596	 -0.013
	  0.005	  0.028	  0.999

3 	  43.03	  -1.28	  -0.09
	 -0.462	 -0.161	 -0.872
	  0.043	 -0.986	  0.159
	 -0.886	  0.036	  0.462

4 	  36.83	   4.04	  -2.88
	  0.315	 -0.364	 -0.877
	  0.409	  0.885	 -0.221
	  0.856	 -0.289	  0.427

5 	  42.42	  12.27	   3.99
	 -0.607	 -0.792	 -0.061
	 -0.742	  0.593	 -0.312
	  0.284	 -0.145	 -0.948

6 	  45.28	  16.56	  -5.62
	  0.492	  0.245	 -0.835
	  0.479	  0.726	  0.492
	  0.730	 -0.640	  0.239

7 	  37.60	  -5.91	  -3.76
	 -0.278	  0.960	  0.022
	 -0.622	 -0.197	  0.758
	  0.733	  0.196	  0.651

8 	  41.17	 -15.15	   0.18
	  0.366	 -0.921	 -0.133
	 -0.708	 -0.181	 -0.683
	  0.606	  0.343	 -0.717

9 	  44.26	 -18.91	  -9.40
	  0.326	 -0.182	 -0.928
	 -0.734	  0.570	 -0.369
	  0.597	  0.800	  0.051

2 	  32.85	  -7.08	  22.75
	  0.597	  0.802	 -0.025
	 -0.803	  0.596	 -0.014
	  0.005	  0.028	  0.999

3 	  43.00	  -1.27	  -0.12
	 -0.460	 -0.169	 -0.872
	  0.051	 -0.985	  0.164
	 -0.887	  0.031	  0.461

4 	  36.67	   3.99	  -2.87
	  0.306	 -0.364	 -0.880
	  0.387	  0.891	 -0.235
	  0.870	 -0.268	  0.413

5 	  42.19	  12.27	   3.99
	 -0.584	 -0.810	 -0.057
	 -0.765	  0.572	 -0.294
	  0.272	 -0.128	 -0.954

6 	  44.82	  16.82	  -5.54
	  0.472	  0.272	 -0.839
	  0.478	  0.722	  0.500
	  0.744	 -0.634	  0.209

7 	  37.51	  -5.92	  -3.76
	 -0.273	  0.962	  0.023
	 -0.614	 -0.192	  0.765
	  0.741	  0.193	  0.643

8 	  41.01	 -15.17	   0.32
	  0.349	 -0.929	 -0.126
	 -0.721	 -0.179	 -0.670
	  0.601	  0.323	 -0.730

9 	  43.80	 -19.23	  -9.25
	  0.301	 -0.210	 -0.930
	 -0.729	  0.579	 -0.365
	  0.617	  0.786	  0.020

2 	  32.84	  -7.08	  22.75
	  0.597	  0.802	 -0.024
	 -0.803	  0.596	 -0.014
	  0.004	  0.028	  0.999

3 	  42.93	  -1.30	  -0.16
	 -0.460	 -0.177	 -0.870
	  0.056	 -0.984	  0.171
	 -0.886	  0.030	  0.462

4 	  36.63	   3.96	  -2.87
	  0.305	 -0.362	 -0.881
	  0.383	  0.893	 -0.235
	  0.872	 -0.265	  0.411

5 	  41.94	  12.23	   4.10
	 -0.568	 -0.820	 -0.078
	 -0.773	  0.563	 -0.291
	  0.283	 -0.105	 -0.953

6 	  44.58	  17.21	  -5.31
	  0.471	  0.313	 -0.825
	  0.479	  0.695	  0.535
	  0.743	 -0.645	  0.177

7 	  37.44	  -5.96	  -3.73
	 -0.262	  0.964	  0.021
	 -0.612	 -0.183	  0.769
	  0.746	  0.188	  0.638

8 	  40.80	 -15.22	   0.46
	  0.331	 -0.936	 -0.118
	 -0.725	 -0.171	 -0.667
	  0.606	  0.305	 -0.734

9 	  43.44	 -19.49	  -9.09
	  0.289	 -0.227	 -0.930
	 -0.719	  0.591	 -0.367
	  0.634	  0.773	  0.006

2 	  32.84	  -7.10	  22.75
	  0.597	  0.802	 -0.024
	 -0.803	  0.596	 -0.014
	  0.004	  0.028	  0.999

3 	  42.91	  -1.37	  -0.19
	 -0.459	 -0.182	 -0.870
	  0.053	 -0.982	  0.179
	 -0.887	  0.036	  0.460

4 	  36.58	   3.88	  -2.87
	  0.301	 -0.362	 -0.882
	  0.384	  0.893	 -0.236
	  0.873	 -0.268	  0.407

5 	  41.77	  12.29	   3.99
	 -0.547	 -0.833	 -0.079
	 -0.788	  0.544	 -0.287
	  0.283	 -0.094	 -0.954

6 	  44.23	  17.51	  -5.33
	  0.460	  0.344	 -0.819
	  0.459	  0.698	  0.549
	  0.762	 -0.626	  0.163

7 	  37.37	  -6.01	  -3.69
	 -0.256	  0.966	  0.018
	 -0.608	 -0.174	  0.775
	  0.752	  0.187	  0.631

8 	  40.69	 -15.28	   0.53
	  0.319	 -0.941	 -0.114
	 -0.733	 -0.168	 -0.659
	  0.603	  0.292	 -0.742

9 	  43.17	 -19.65	  -8.96
	  0.271	 -0.243	 -0.931
	 -0.714	  0.599	 -0.363
	  0.647	  0.762	 -0.012

2 	  32.84	  -7.10	  22.73
	  0.597	  0.802	 -0.024
	 -0.803	  0.596	 -0.013
	  0.005	  0.027	  0.999

3 	  42.87	  -1.41	  -0.21
	 -0.456	 -0.191	 -0.869
	  0.052	 -0.981	  0.188
	 -0.889	  0.040	  0.457

4 	  36.51	   3.83	  -2.83
	  0.294	 -0.363	 -0.884
	  0.382	  0.892	 -0.240
	  0.876	 -0.268	  0.400

5 	  41.66	  12.39	   3.80
	 -0.529	 -0.846	 -0.068
	 -0.804	  0.524	 -0.279
	  0.273	 -0.093	 -0.958

6 	  43.88	  17.68	  -5.55
	  0.440	  0.357	 -0.824
	  0.453	  0.706	  0.545
	  0.778	 -0.610	  0.148

7 	  37.32	  -6.05	  -3.66
	 -0.250	  0.968	  0.015
	 -0.603	 -0.167	  0.780
	  0.758	  0.186	  0.625

8 	  40.57	 -15.33	   0.63
	  0.307	 -0.945	 -0.110
	 -0.747	 -0.166	 -0.644
	  0.592	  0.278	 -0.756

9 	  42.71	 -19.88	  -8.84
	  0.237	 -0.264	 -0.935
	 -0.713	  0.606	 -0.352
	  0.661	  0.749	 -0.045

2 	  32.85	  -7.10	  22.73
	  0.597	  0.802	 -0.025
	 -0.803	  0.596	 -0.013
	  0.005	  0.028	  0.999

3 	  42.84	  -1.42	  -0.23
	 -0.455	 -0.195	 -0.869
	  0.052	 -0.980	  0.193
	 -0.889	  0.042	  0.455

4 	  36.44	   3.74	  -2.83
	  0.289	 -0.364	 -0.886
	  0.378	  0.893	 -0.244
	  0.880	 -0.264	  0.395

5 	  41.52	  12.36	   3.74
	 -0.517	 -0.853	 -0.068
	 -0.812	  0.514	 -0.275
	  0.271	 -0.087	 -0.959

6 	  43.63	  17.86	  -5.48
	  0.434	  0.381	 -0.816
	  0.438	  0.704	  0.559
	  0.790	 -0.597	  0.138

7 	  37.23	  -6.12	  -3.62
	 -0.242	  0.970	  0.010
	 -0.597	 -0.157	  0.786
	  0.765	  0.183	  0.617

8 	  40.41	 -15.35	   0.79
	  0.288	 -0.952	 -0.099
	 -0.759	 -0.163	 -0.631
	  0.587	  0.255	 -0.768

9 	  42.31	 -20.20	  -8.65
	  0.212	 -0.289	 -0.933
	 -0.709	  0.612	 -0.350
	  0.673	  0.735	 -0.077

2 	  32.85	  -7.08	  22.75
	  0.597	  0.802	 -0.025
	 -0.803	  0.596	 -0.013
	  0.005	  0.028	  0.999

3 	  42.79	  -1.49	  -0.23
	 -0.456	 -0.199	 -0.867
	  0.051	 -0.979	  0.198
	 -0.889	  0.047	  0.455

4 	  36.40	   3.71	  -2.85
	  0.288	 -0.363	 -0.886
	  0.376	  0.893	 -0.244
	  0.881	 -0.263	  0.393

5 	  41.40	  12.36	   3.80
	 -0.508	 -0.858	 -0.079
	 -0.817	  0.508	 -0.273
	  0.275	 -0.074	 -0.958

6 	  43.51	  17.98	  -5.38
	  0.435	  0.398	 -0.807
	  0.426	  0.700	  0.572
	  0.795	 -0.591	  0.135

7 	  37.18	  -6.13	  -3.59
	 -0.233	  0.972	  0.007
	 -0.596	 -0.148	  0.789
	  0.769	  0.179	  0.613

8 	  40.22	 -15.40	   0.86
	  0.270	 -0.959	 -0.090
	 -0.762	 -0.154	 -0.629
	  0.590	  0.237	 -0.772

9 	  41.99	 -20.39	  -8.54
	  0.201	 -0.305	 -0.931
	 -0.699	  0.621	 -0.353
	  0.687	  0.720	 -0.090

2 	  32.84	  -7.08	  22.73
	  0.597	  0.802	 -0.024
	 -0.803	  0.596	 -0.014
	  0.004	  0.028	  0.999

3 	  42.77	  -1.53	  -0.25
	 -0.455	 -0.200	 -0.868
	  0.048	 -0.978	  0.201
	 -0.890	  0.049	  0.454

4 	  36.37	   3.67	  -2.83
	  0.289	 -0.360	 -0.887
	  0.372	  0.896	 -0.243
	  0.882	 -0.260	  0.393

5 	  41.22	  12.32	   3.87
	 -0.500	 -0.861	 -0.096
	 -0.817	  0.505	 -0.277
	  0.288	 -0.060	 -0.956

6 	  43.44	  18.19	  -5.10
	  0.446	  0.424	 -0.788
	  0.408	  0.689	  0.599
	  0.799	 -0.586	  0.134

7 	  37.16	  -6.17	  -3.57
	 -0.227	  0.974	  0.005
	 -0.594	 -0.143	  0.791
	  0.772	  0.176	  0.610

8 	  40.13	 -15.42	   0.91
	  0.259	 -0.962	 -0.082
	 -0.765	 -0.151	 -0.627
	  0.592	  0.224	 -0.774

9 	  41.82	 -20.57	  -8.42
	  0.194	 -0.324	 -0.926
	 -0.691	  0.625	 -0.363
	  0.698	  0.709	 -0.103

2 	  32.84	  -7.10	  22.73
	  0.597	  0.802	 -0.025
	 -0.803	  0.596	 -0.013
	  0.005	  0.028	  0.999

3 	  42.75	  -1.55	  -0.25
	 -0.454	 -0.200	 -0.868
	  0.048	 -0.978	  0.200
	 -0.889	  0.049	  0.454

4 	  36.35	   3.66	  -2.83
	  0.292	 -0.357	 -0.887
	  0.368	  0.898	 -0.241
	  0.882	 -0.256	  0.394

5 	  41.10	  12.30	   3.94
	 -0.496	 -0.861	 -0.111
	 -0.815	  0.505	 -0.284
	  0.302	 -0.051	 -0.952

6 	  43.45	  18.28	  -4.92
	  0.458	  0.437	 -0.774
	  0.393	  0.683	  0.615
	  0.800	 -0.583	  0.140

7 	  37.16	  -6.19	  -3.57
	 -0.226	  0.974	  0.005
	 -0.594	 -0.141	  0.792
	  0.773	  0.175	  0.610

8 	  40.11	 -15.45	   0.90
	  0.254	 -0.964	 -0.078
	 -0.766	 -0.150	 -0.625
	  0.592	  0.217	 -0.776

9 	  41.77	 -20.65	  -8.40
	  0.190	 -0.333	 -0.923
	 -0.687	  0.627	 -0.367
	  0.702	  0.703	 -0.111

2 	  32.85	  -7.08	  22.73
	  0.597	  0.802	 -0.025
	 -0.803	  0.596	 -0.013
	  0.005	  0.028	  0.999

3 	  42.73	  -1.56	  -0.25
	 -0.453	 -0.200	 -0.869
	  0.048	 -0.979	  0.200
	 -0.890	  0.050	  0.453

4 	  36.35	   3.66	  -2.83
	  0.295	 -0.356	 -0.887
	  0.367	  0.898	 -0.240
	  0.882	 -0.255	  0.395

5 	  41.08	  12.30	   3.96
	 -0.496	 -0.860	 -0.118
	 -0.812	  0.506	 -0.288
	  0.309	 -0.047	 -0.950

6 	  43.51	  18.32	  -4.82
	  0.466	  0.441	 -0.767
	  0.386	  0.680	  0.623
	  0.798	 -0.584	  0.146

7 	  37.16	  -6.17	  -3.57
	 -0.226	  0.974	  0.005
	 -0.593	 -0.141	  0.793
	  0.773	  0.175	  0.609

8 	  40.10	 -15.45	   0.90
	  0.250	 -0.965	 -0.077
	 -0.766	 -0.147	 -0.625
	  0.593	  0.214	 -0.776

9 	  41.75	 -20.69	  -8.44
	  0.190	 -0.335	 -0.923
	 -0.683	  0.630	 -0.368
	  0.706	  0.699	 -0.111

2 	  32.85	  -7.08	  22.75
	  0.596	  0.802	 -0.025
	 -0.803	  0.595	 -0.013
	  0.005	  0.028	  0.999

3 	  42.73	  -1.56	  -0.23
	 -0.451	 -0.199	 -0.870
	  0.046	 -0.979	  0.200
	 -0.891	  0.050	  0.450

4 	  36.37	   3.66	  -2.83
	  0.295	 -0.358	 -0.886
	  0.370	  0.897	 -0.240
	  0.881	 -0.258	  0.397

5 	  41.10	  12.34	   3.92
	 -0.502	 -0.856	 -0.121
	 -0.802	  0.513	 -0.306
	  0.325	 -0.057	 -0.944

6 	  43.80	  18.09	  -4.92
	  0.492	  0.415	 -0.765
	  0.381	  0.689	  0.616
	  0.785	 -0.592	  0.181

7 	  37.18	  -6.21	  -3.57
	 -0.230	  0.973	  0.010
	 -0.597	 -0.149	  0.788
	  0.769	  0.175	  0.615

8 	  40.17	 -15.52	   0.58
	  0.267	 -0.958	 -0.100
	 -0.745	 -0.138	 -0.652
	  0.613	  0.247	 -0.750

9 	  42.40	 -20.30	  -8.88
	  0.248	 -0.283	 -0.927
	 -0.678	  0.632	 -0.374
	  0.693	  0.719	 -0.037

2 	  32.85	  -7.08	  22.73
	  0.596	  0.802	 -0.025
	 -0.803	  0.595	 -0.013
	  0.005	  0.028	  0.999

3 	  42.77	  -1.56	  -0.23
	 -0.458	 -0.194	 -0.867
	  0.047	 -0.980	  0.195
	 -0.888	  0.049	  0.457

4 	  36.46	   3.69	  -2.87
	  0.296	 -0.368	 -0.882
	  0.387	  0.889	 -0.242
	  0.873	 -0.270	  0.405

5 	  41.27	  12.38	   3.81
	 -0.524	 -0.843	 -0.121
	 -0.780	  0.530	 -0.332
	  0.346	 -0.080	 -0.935

6 	  44.42	  17.72	  -5.10
	  0.526	  0.367	 -0.767
	  0.395	  0.695	  0.601
	  0.756	 -0.616	  0.220

7 	  37.28	  -6.21	  -3.62
	 -0.242	  0.970	  0.017
	 -0.607	 -0.165	  0.777
	  0.757	  0.177	  0.628

8 	  40.36	 -15.56	   0.32
	  0.293	 -0.949	 -0.118
	 -0.716	 -0.135	 -0.684
	  0.635	  0.284	 -0.718

9 	  43.17	 -19.78	  -9.21
	  0.309	 -0.226	 -0.924
	 -0.673	  0.635	 -0.380
	  0.674	  0.737	  0.043

2 	  32.84	  -7.08	  22.73
	  0.597	  0.802	 -0.025
	 -0.803	  0.596	 -0.013
	  0.005	  0.028	  0.999

3 	  42.82	  -1.55	  -0.19
	 -0.462	 -0.189	 -0.867
	  0.044	 -0.981	  0.191
	 -0.886	  0.050	  0.461

4 	  36.62	   3.73	  -2.90
	  0.298	 -0.374	 -0.878
	  0.407	  0.882	 -0.238
	  0.863	 -0.287	  0.415

5 	  41.52	  12.43	   3.71
	 -0.550	 -0.826	 -0.126
	 -0.748	  0.553	 -0.367
	  0.374	 -0.107	 -0.921

6 	  45.12	  17.31	  -5.19
	  0.571	  0.318	 -0.757
	  0.399	  0.700	  0.592
	  0.720	 -0.637	  0.272

7 	  37.34	  -6.19	  -3.64
	 -0.249	  0.968	  0.018
	 -0.613	 -0.172	  0.771
	  0.750	  0.180	  0.636

8 	  40.45	 -15.61	   0.11
	  0.312	 -0.941	 -0.134
	 -0.695	 -0.128	 -0.708
	  0.650	  0.313	 -0.693

9 	  43.77	 -19.34	  -9.39
	  0.357	 -0.177	 -0.917
	 -0.666	  0.640	 -0.383
	  0.657	  0.746	  0.109

2 	  32.85	  -7.10	  22.73
	  0.597	  0.802	 -0.025
	 -0.803	  0.596	 -0.013
	  0.005	  0.028	  0.999

3 	  42.86	  -1.56	  -0.18
	 -0.471	 -0.182	 -0.863
	  0.040	 -0.982	  0.186
	 -0.882	  0.053	  0.469

4 	  36.70	   3.76	  -2.94
	  0.299	 -0.383	 -0.874
	  0.425	  0.873	 -0.239
	  0.854	 -0.300	  0.423

5 	  41.70	  12.45	   3.59
	 -0.576	 -0.808	 -0.124
	 -0.714	  0.570	 -0.406
	  0.400	 -0.146	 -0.905

6 	  45.84	  16.68	  -5.36
	  0.612	  0.244	 -0.752
	  0.426	  0.701	  0.571
	  0.670	 -0.667	  0.325

7 	  37.37	  -6.21	  -3.64
	 -0.255	  0.967	  0.017
	 -0.623	 -0.177	  0.762
	  0.740	  0.183	  0.647

8 	  40.55	 -15.66	  -0.05
	  0.338	 -0.929	 -0.149
	 -0.668	 -0.124	 -0.734
	  0.665	  0.347	 -0.661

9 	  44.44	 -18.70	  -9.56
	  0.411	 -0.099	 -0.906
	 -0.674	  0.637	 -0.374
	  0.616	  0.763	  0.194

2 	  32.85	  -7.08	  22.73
	  0.597	  0.802	 -0.025
	 -0.803	  0.596	 -0.013
	  0.005	  0.028	  0.999

3 	  42.89	  -1.58	  -0.16
	 -0.480	 -0.178	 -0.859
	  0.035	 -0.982	  0.185
	 -0.877	  0.059	  0.477

4 	  36.81	   3.80	  -2.99
	  0.296	 -0.397	 -0.869
	  0.448	  0.860	 -0.241
	  0.843	 -0.318	  0.432

5 	  41.94	  12.52	   3.38
	 -0.615	 -0.781	 -0.109
	 -0.661	  0.586	 -0.469
	  0.431	 -0.217	 -0.876

6 	  46.81	  15.47	  -5.57
	  0.663	  0.102	 -0.742
	  0.476	  0.708	  0.521
	  0.582	 -0.696	  0.420

7 	  37.41	  -6.21	  -3.67
	 -0.255	  0.967	  0.015
	 -0.635	 -0.178	  0.752
	  0.730	  0.181	  0.659

8 	  40.55	 -15.73	  -0.30
	  0.374	 -0.911	 -0.173
	 -0.612	 -0.101	 -0.784
	  0.698	  0.398	 -0.594

9 	  45.35	 -17.49	  -9.54
	  0.500	  0.054	 -0.864
	 -0.680	  0.643	 -0.353
	  0.538	  0.763	  0.357

2 	  32.84	  -7.10	  22.75
	  0.597	  0.802	 -0.025
	 -0.803	  0.596	 -0.014
	  0.005	  0.028	  0.999

3 	  42.96	  -1.60	  -0.16
	 -0.488	 -0.173	 -0.856
	  0.027	 -0.983	  0.183
	 -0.873	  0.066	  0.484

4 	  36.98	   3.85	  -3.02
	  0.300	 -0.410	 -0.861
	  0.474	  0.847	 -0.239
	  0.828	 -0.336	  0.449

5 	  42.21	  12.57	   3.20
	 -0.658	 -0.748	 -0.091
	 -0.605	  0.596	 -0.528
	  0.450	 -0.293	 -0.844

6 	  47.57	  14.06	  -5.84
	  0.690	 -0.062	 -0.721
	  0.536	  0.714	  0.451
	  0.489	 -0.696	  0.526

7 	  37.49	  -6.22	  -3.66
	 -0.255	  0.967	  0.006
	 -0.646	 -0.175	  0.743
	  0.720	  0.184	  0.669

8 	  40.62	 -15.79	  -0.69
	  0.422	 -0.886	 -0.193
	 -0.534	 -0.068	 -0.843
	  0.735	  0.458	 -0.500

9 	  46.44	 -15.93	  -9.32
	  0.589	  0.244	 -0.770
	 -0.697	  0.635	 -0.332
	  0.409	  0.732	  0.544

2 	  32.84	  -7.10	  22.73
	  0.597	  0.802	 -0.024
	 -0.803	  0.596	 -0.013
	  0.005	  0.027	  0.999

3 	  43.05	  -1.62	  -0.07
	 -0.474	 -0.168	 -0.864
	  0.015	 -0.983	  0.183
	 -0.880	  0.074	  0.468

4 	  37.11	   3.85	  -3.06
	  0.307	 -0.426	 -0.851
	  0.495	  0.835	 -0.240
	  0.813	 -0.348	  0.466

5 	  42.42	  12.71	   2.81
	 -0.691	 -0.719	 -0.065
	 -0.551	  0.583	 -0.596
	  0.468	 -0.376	 -0.800

6 	  48.09	  12.81	  -5.96
	  0.706	 -0.201	 -0.679
	  0.576	  0.722	  0.384
	  0.415	 -0.661	  0.624

7 	  37.62	  -6.28	  -3.69
	 -0.266	  0.964	 -0.004
	 -0.652	 -0.177	  0.737
	  0.711	  0.198	  0.675

8 	  40.85	 -15.84	  -1.30
	  0.472	 -0.854	 -0.219
	 -0.454	 -0.021	 -0.891
	  0.756	  0.519	 -0.397

9 	  47.50	 -14.48	  -9.07
	  0.650	  0.390	 -0.652
	 -0.705	  0.629	 -0.327
	  0.282	  0.672	  0.684

2 	  32.84	  -7.08	  22.75
	  0.597	  0.802	 -0.025
	 -0.803	  0.596	 -0.014
	  0.005	  0.028	  0.999

3 	  43.12	  -1.56	   0.00
	 -0.458	 -0.157	 -0.875
	  0.008	 -0.985	  0.173
	 -0.889	  0.072	  0.452

4 	  37.27	   3.92	  -3.04
	  0.317	 -0.430	 -0.845
	  0.509	  0.829	 -0.232
	  0.800	 -0.357	  0.481

5 	  42.56	  12.83	   2.69
	 -0.710	 -0.701	 -0.067
	 -0.510	  0.578	 -0.637
	  0.485	 -0.418	 -0.768

6 	  48.55	  12.29	  -5.87
	  0.720	 -0.263	 -0.642
	  0.590	  0.721	  0.363
	  0.369	 -0.640	  0.674

7 	  37.71	  -6.22	  -3.69
	 -0.274	  0.961	 -0.008
	 -0.656	 -0.181	  0.732
	  0.703	  0.205	  0.680

8 	  41.06	 -15.75	  -1.79
	  0.500	 -0.831	 -0.244
	 -0.415	  0.018	 -0.910
	  0.760	  0.556	 -0.335

9 	  48.02	 -13.64	  -9.02
	  0.674	  0.463	 -0.576
	 -0.707	  0.632	 -0.317
	  0.215	  0.621	  0.754

2 	  32.84	  -7.10	  22.75
	  0.597	  0.802	 -0.024
	 -0.803	  0.596	 -0.014
	  0.004	  0.028	  0.999

3 	  43.14	  -1.53	   0.04
	 -0.452	 -0.150	 -0.879
	  0.004	 -0.986	  0.166
	 -0.892	  0.072	  0.446

4 	  37.32	   4.01	  -3.01
	  0.319	 -0.441	 -0.839
	  0.526	  0.818	 -0.231
	  0.788	 -0.368	  0.492

5 	  42.68	  13.13	   2.20
	 -0.737	 -0.673	 -0.065
	 -0.440	  0.549	 -0.711
	  0.515	 -0.496	 -0.700

6 	  49.17	  11.34	  -5.62
	  0.753	 -0.371	 -0.544
	  0.599	  0.727	  0.333
	  0.273	 -0.577	  0.770

7 	  37.72	  -6.17	  -3.69
	 -0.280	  0.960	 -0.011
	 -0.656	 -0.182	  0.732
	  0.702	  0.211	  0.680

8 	  41.15	 -15.70	  -2.29
	  0.523	 -0.806	 -0.278
	 -0.399	  0.057	 -0.915
	  0.753	  0.589	 -0.291

9 	  48.29	 -12.73	  -8.98
	  0.676	  0.545	 -0.495
	 -0.720	  0.631	 -0.288
	  0.153	  0.551	  0.820

2 	  32.84	  -7.10	  22.75
	  0.597	  0.802	 -0.024
	 -0.803	  0.596	 -0.014
	  0.004	  0.028	  0.999

3 	  43.10	  -1.49	   0.07
	 -0.457	 -0.142	 -0.878
	  0.001	 -0.987	  0.159
	 -0.890	  0.072	  0.451

4 	  37.37	   4.03	  -3.04
	  0.309	 -0.460	 -0.832
	  0.545	  0.803	 -0.242
	  0.779	 -0.379	  0.499

5 	  42.71	  13.27	   1.76
	 -0.762	 -0.644	 -0.060
	 -0.364	  0.502	 -0.784
	  0.537	 -0.576	 -0.616

6 	  49.50	  10.20	  -5.34
	  0.755	 -0.482	 -0.444
	  0.628	  0.727	  0.277
	  0.190	 -0.488	  0.851

7 	  37.71	  -6.17	  -3.69
	 -0.282	  0.959	 -0.014
	 -0.659	 -0.182	  0.729
	  0.698	  0.215	  0.683

8 	  41.17	 -15.73	  -2.76
	  0.546	 -0.782	 -0.301
	 -0.356	  0.110	 -0.928
	  0.759	  0.613	 -0.217

9 	  48.52	 -11.95	  -8.60
	  0.681	  0.621	 -0.387
	 -0.728	  0.634	 -0.260
	  0.081	  0.458	  0.885

2 	  32.84	  -7.10	  22.75
	  0.597	  0.802	 -0.024
	 -0.803	  0.596	 -0.014
	  0.005	  0.028	  0.999

3 	  43.12	  -1.56	   0.04
	 -0.474	 -0.144	 -0.869
	  0.001	 -0.987	  0.164
	 -0.881	  0.077	  0.467

4 	  37.39	   3.96	  -3.09
	  0.303	 -0.478	 -0.824
	  0.558	  0.790	 -0.254
	  0.773	 -0.383	  0.506

5 	  42.82	  13.34	   1.27
	 -0.779	 -0.625	 -0.054
	 -0.311	  0.459	 -0.832
	  0.546	 -0.631	 -0.551

6 	  49.75	   9.26	  -5.10
	  0.743	 -0.566	 -0.357
	  0.660	  0.709	  0.246
	  0.113	 -0.419	  0.901

7 	  37.71	  -6.24	  -3.67
	 -0.285	  0.958	 -0.020
	 -0.664	 -0.182	  0.725
	  0.692	  0.220	  0.687

8 	  41.20	 -15.70	  -3.30
	  0.570	 -0.758	 -0.316
	 -0.301	  0.166	 -0.939
	  0.765	  0.630	 -0.133

9 	  48.88	 -11.29	  -8.02
	  0.692	  0.674	 -0.258
	 -0.723	  0.646	 -0.246
	 -0.003	  0.356	  0.934

2 	  32.84	  -7.08	  22.75
	  0.597	  0.802	 -0.024
	 -0.803	  0.596	 -0.014
	  0.004	  0.028	  0.999

3 	  43.14	  -1.60	   0.00
	 -0.486	 -0.145	 -0.862
	  0.000	 -0.986	  0.165
	 -0.874	  0.080	  0.478

4 	  37.44	   3.94	  -3.15
	  0.297	 -0.495	 -0.817
	  0.572	  0.776	 -0.264
	  0.765	 -0.389	  0.513

5 	  42.96	  13.38	   0.83
	 -0.799	 -0.599	 -0.049
	 -0.260	  0.417	 -0.871
	  0.543	 -0.683	 -0.488

6 	  49.87	   8.44	  -4.94
	  0.720	 -0.635	 -0.278
	  0.691	  0.693	  0.203
	  0.062	 -0.339	  0.938

7 	  37.72	  -6.26	  -3.69
	 -0.289	  0.957	 -0.022
	 -0.669	 -0.186	  0.719
	  0.685	  0.222	  0.694

8 	  41.26	 -15.64	  -3.74
	  0.593	 -0.738	 -0.323
	 -0.246	  0.216	 -0.945
	  0.767	  0.639	 -0.053

9 	  49.18	 -10.71	  -7.37
	  0.690	  0.711	 -0.132
	 -0.720	  0.655	 -0.229
	 -0.080	  0.252	  0.964

2 	  32.84	  -7.08	  22.75
	  0.597	  0.802	 -0.024
	 -0.803	  0.596	 -0.014
	  0.004	  0.028	  0.999

3 	  43.14	  -1.60	   0.02
	 -0.490	 -0.145	 -0.859
	  0.001	 -0.986	  0.166
	 -0.872	  0.081	  0.483

4 	  37.44	   3.90	  -3.18
	  0.291	 -0.513	 -0.808
	  0.584	  0.764	 -0.275
	  0.758	 -0.392	  0.521

5 	  43.10	  13.41	   0.33
	 -0.814	 -0.579	 -0.042
	 -0.214	  0.366	 -0.906
	  0.539	 -0.729	 -0.422

6 	  49.94	   7.70	  -4.62
	  0.700	 -0.689	 -0.189
	  0.714	  0.686	  0.140
	  0.032	 -0.233	  0.972

7 	  37.71	  -6.28	  -3.69
	 -0.293	  0.956	 -0.022
	 -0.674	 -0.189	  0.714
	  0.678	  0.223	  0.699

8 	  41.40	 -15.52	  -4.15
	  0.621	 -0.713	 -0.325
	 -0.190	  0.265	 -0.945
	  0.760	  0.648	  0.029

9 	  49.36	 -10.09	  -6.56
	  0.672	  0.740	 -0.005
	 -0.724	  0.655	 -0.218
	 -0.162	  0.149	  0.975

2 	  32.84	  -7.08	  22.75
	  0.597	  0.802	 -0.025
	 -0.803	  0.596	 -0.014
	  0.005	  0.028	  0.999

3 	  43.14	  -1.60	   0.02
	 -0.490	 -0.144	 -0.859
	 -0.001	 -0.986	  0.166
	 -0.872	  0.082	  0.483

4 	  37.48	   3.90	  -3.20
	  0.289	 -0.523	 -0.802
	  0.595	  0.754	 -0.279
	  0.750	 -0.396	  0.528

5 	  43.26	  13.45	   0.00
	 -0.827	 -0.560	 -0.049
	 -0.165	  0.324	 -0.931
	  0.538	 -0.762	 -0.360

6 	  50.15	   7.19	  -4.24
	  0.683	 -0.722	 -0.111
	  0.731	  0.672	  0.119
	 -0.014	 -0.162	  0.986

7 	  37.72	  -6.26	  -3.67
	 -0.297	  0.954	 -0.024
	 -0.679	 -0.193	  0.708
	  0.672	  0.226	  0.705

8 	  41.52	 -15.43	  -4.46
	  0.644	 -0.697	 -0.316
	 -0.138	  0.300	 -0.944
	  0.753	  0.651	  0.098

9 	  49.48	  -9.70	  -5.82
	  0.647	  0.755	  0.099
	 -0.726	  0.650	 -0.223
	 -0.238	  0.071	  0.969

2 	  32.84	  -7.08	  22.75
	  0.597	  0.802	 -0.024
	 -0.803	  0.596	 -0.014
	  0.004	  0.028	  0.999

3 	  43.15	  -1.60	   0.02
	 -0.488	 -0.142	 -0.861
	 -0.002	 -0.986	  0.164
	 -0.873	  0.082	  0.481

4 	  37.55	   3.90	  -3.20
	  0.289	 -0.536	 -0.793
	  0.605	  0.744	 -0.284
	  0.742	 -0.398	  0.539

5 	  43.52	  13.39	  -0.39
	 -0.844	 -0.534	 -0.046
	 -0.129	  0.285	 -0.950
	  0.520	 -0.796	 -0.309

6 	  50.22	   6.54	  -3.96
