2 	  33.13	  -6.87	  22.78
	  0.571	  0.820	 -0.028
	 -0.821	  0.570	 -0.015
	  0.005	  0.032	  0.999

3 	  44.88	  -0.39	   0.60
	  0.575	  0.092	  0.813
	 -0.074	  0.995	 -0.061
	 -0.815	 -0.025	  0.579

4 	  40.57	   7.10	  -2.04
	  0.727	  0.661	  0.187
	 -0.649	  0.570	  0.505
	  0.228	 -0.488	  0.842

5 	  40.82	   9.77	  10.16
	  0.377	  0.117	  0.919
	 -0.553	 -0.769	  0.322
	  0.746	 -0.628	 -0.223

6 	  45.88	  11.41	  18.49
	  0.469	  0.076	  0.879
	 -0.874	  0.190	  0.448
	 -0.137	 -0.978	  0.154

7 	  39.25	  -5.77	  -3.11
	  0.680	 -0.661	 -0.317
	  0.486	  0.729	 -0.482
	  0.551	  0.174	  0.816

8 	  38.92	 -10.20	   8.12
	  0.239	 -0.219	  0.946
	  0.555	 -0.769	 -0.317
	  0.798	  0.599	 -0.062

9 	  44.00	 -11.69	  18.88
	  0.489	  0.096	  0.867
	  0.868	  0.042	 -0.494
	 -0.088	  0.994	 -0.064

2 	  33.13	  -6.87	  22.78
	  0.571	  0.820	 -0.028
	 -0.821	  0.570	 -0.015
	  0.005	  0.032	  0.999

3 	  44.89	  -0.37	   0.56
	  0.575	  0.093	  0.813
	 -0.082	  0.995	 -0.056
	 -0.814	 -0.034	  0.579

4 	  40.55	   7.10	  -2.04
	  0.726	  0.662	  0.185
	 -0.648	  0.569	  0.505
	  0.230	 -0.487	  0.842

5 	  40.82	   9.77	  10.14
	  0.376	  0.117	  0.919
	 -0.554	 -0.768	  0.322
	  0.745	 -0.629	 -0.222

6 	  45.90	  11.41	  18.47
	  0.469	  0.076	  0.880
	 -0.874	  0.191	  0.448
	 -0.138	 -0.978	  0.155

7 	  39.29	  -5.78	  -3.15
	  0.683	 -0.659	 -0.315
	  0.484	  0.730	 -0.481
	  0.548	  0.177	  0.817

8 	  38.94	 -10.20	   8.10
	  0.239	 -0.216	  0.947
	  0.559	 -0.767	 -0.315
	  0.794	  0.604	 -0.062

9 	  43.98	 -11.69	  18.88
	  0.485	  0.098	  0.869
	  0.870	  0.045	 -0.490
	 -0.091	  0.994	 -0.064

2 	  33.13	  -6.87	  22.78
	  0.571	  0.820	 -0.028
	 -0.822	  0.570	 -0.015
	  0.005	  0.032	  0.999

3 	  44.93	  -0.39	   0.53
	  0.576	  0.092	  0.812
	 -0.086	  0.995	 -0.053
	 -0.813	 -0.039	  0.581

4 	  40.55	   7.10	  -2.07
	  0.726	  0.663	  0.181
	 -0.646	  0.569	  0.508
	  0.234	 -0.486	  0.842

5 	  40.85	   9.77	  10.09
	  0.376	  0.122	  0.919
	 -0.554	 -0.766	  0.326
	  0.745	 -0.630	 -0.219

6 	  45.88	  11.43	  18.46
	  0.466	  0.080	  0.881
	 -0.874	  0.199	  0.443
	 -0.144	 -0.976	  0.161

7 	  39.34	  -5.84	  -3.15
	  0.685	 -0.659	 -0.311
	  0.484	  0.730	 -0.482
	  0.546	  0.179	  0.818

8 	  38.95	 -10.20	   8.12
	  0.237	 -0.212	  0.948
	  0.562	 -0.767	 -0.311
	  0.793	  0.605	 -0.061

9 	  43.96	 -11.69	  18.91
	  0.483	  0.100	  0.870
	  0.871	  0.047	 -0.489
	 -0.094	  0.994	 -0.065

2 	  33.13	  -6.87	  22.78
	  0.571	  0.820	 -0.028
	 -0.822	  0.570	 -0.015
	  0.004	  0.032	  0.999

3 	  44.95	  -0.39	   0.51
	  0.575	  0.095	  0.812
	 -0.089	  0.994	 -0.055
	 -0.813	 -0.040	  0.580

4 	  40.57	   7.05	  -2.07
	  0.727	  0.663	  0.179
	 -0.644	  0.568	  0.511
	  0.238	 -0.487	  0.840

5 	  40.87	   9.84	  10.00
	  0.360	  0.129	  0.924
	 -0.574	 -0.751	  0.326
	  0.737	 -0.647	 -0.195

6 	  46.25	  10.88	  18.30
	  0.446	  0.017	  0.895
	 -0.724	  0.596	  0.346
	 -0.532	 -0.800	  0.278

7 	  39.36	  -5.85	  -3.15
	  0.686	 -0.659	 -0.309
	  0.486	  0.730	 -0.480
	  0.542	  0.180	  0.820

8 	  38.95	 -10.20	   8.12
	  0.236	 -0.211	  0.948
	  0.563	 -0.766	 -0.309
	  0.793	  0.606	 -0.061

9 	  43.98	 -11.67	  18.91
	  0.481	  0.102	  0.870
	  0.871	  0.051	 -0.487
	 -0.098	  0.993	 -0.065

2 	  33.13	  -6.87	  22.78
	  0.571	  0.820	 -0.028
	 -0.821	  0.570	 -0.015
	  0.005	  0.032	  0.999

3 	  44.95	  -0.39	   0.51
	  0.575	  0.096	  0.812
	 -0.089	  0.994	 -0.055
	 -0.813	 -0.040	  0.580

4 	  40.55	   7.05	  -2.09
	  0.728	  0.662	  0.177
	 -0.643	  0.568	  0.514
	  0.240	 -0.488	  0.839

5 	  40.87	   9.84	  10.02
	  0.359	  0.130	  0.924
	 -0.579	 -0.747	  0.327
	  0.734	 -0.651	 -0.192

6 	  46.28	  10.79	  18.28
	  0.443	  0.010	  0.896
	 -0.682	  0.655	  0.326
	 -0.588	 -0.753	  0.296

7 	  39.36	  -5.84	  -3.15
	  0.686	 -0.659	 -0.308
	  0.486	  0.730	 -0.480
	  0.542	  0.180	  0.821

8 	  38.94	 -10.21	   8.14
	  0.237	 -0.210	  0.949
	  0.562	 -0.767	 -0.309
	  0.793	  0.606	 -0.063

9 	  43.95	 -11.72	  18.95
	  0.485	  0.098	  0.869
	  0.870	  0.043	 -0.490
	 -0.090	  0.994	 -0.066

2 	  33.13	  -6.87	  22.76
	  0.571	  0.820	 -0.028
	 -0.822	  0.570	 -0.015
	  0.004	  0.032	  0.999

3 	  44.93	  -0.37	   0.53
	  0.578	  0.097	  0.810
	 -0.088	  0.994	 -0.057
	 -0.811	 -0.037	  0.583

4 	  40.46	   7.07	  -2.07
	  0.721	  0.672	  0.170
	 -0.650	  0.568	  0.505
	  0.244	 -0.475	  0.845

5 	  40.57	   9.51	  10.14
	  0.365	  0.141	  0.920
	 -0.492	 -0.810	  0.318
	  0.792	 -0.567	 -0.225

6 	  45.46	  12.15	  18.39
	  0.486	  0.151	  0.860
	 -0.873	  0.027	  0.488
	  0.048	 -0.988	  0.145

7 	  39.27	  -5.80	  -3.09
	  0.683	 -0.660	 -0.312
	  0.495	  0.732	 -0.468
	  0.538	  0.165	  0.826

8 	  38.90	 -10.02	   8.17
	  0.245	 -0.228	  0.942
	  0.510	 -0.797	 -0.324
	  0.825	  0.559	 -0.079

9 	  44.07	 -12.36	  18.51
	  0.571	 -0.069	  0.818
	  0.764	 -0.319	 -0.560
	  0.300	  0.945	 -0.130

2 	  33.15	  -6.87	  22.76
	  0.571	  0.820	 -0.028
	 -0.822	  0.570	 -0.015
	  0.004	  0.032	  0.999

3 	  44.88	  -0.35	   0.53
	  0.582	  0.097	  0.807
	 -0.087	  0.994	 -0.057
	 -0.808	 -0.037	  0.587

4 	  40.24	   7.00	  -2.16
	  0.706	  0.689	  0.161
	 -0.661	  0.558	  0.501
	  0.256	 -0.461	  0.849

5 	  40.68	   9.25	  10.16
	  0.427	  0.218	  0.877
	 -0.292	 -0.886	  0.360
	  0.857	 -0.408	 -0.314

6 	  45.39	  13.31	  17.84
	  0.521	  0.321	  0.790
	 -0.724	 -0.326	  0.608
	  0.456	 -0.888	  0.062

7 	  39.13	  -5.73	  -3.15
	  0.676	 -0.659	 -0.330
	  0.496	  0.737	 -0.458
	  0.546	  0.146	  0.824

8 	  39.09	  -9.84	   8.23
	  0.293	 -0.294	  0.910
	  0.351	 -0.853	 -0.387
	  0.890	  0.431	 -0.147

9 	  44.03	 -13.92	  17.70
	  0.575	 -0.326	  0.750
	  0.487	 -0.602	 -0.633
	  0.660	  0.726	 -0.189

2 	  33.13	  -6.87	  22.78
	  0.571	  0.821	 -0.028
	 -0.822	  0.569	 -0.015
	  0.004	  0.032	  0.999

3 	  44.81	  -0.37	   0.47
	  0.589	  0.097	  0.802
	 -0.087	  0.994	 -0.057
	 -0.803	 -0.036	  0.594

4 	  39.97	   6.82	  -2.29
	  0.680	  0.717	  0.151
	 -0.683	  0.544	  0.487
	  0.268	 -0.435	  0.859

5 	  40.82	   9.37	   9.81
	  0.460	  0.337	  0.821
	 -0.056	 -0.913	  0.404
	  0.886	 -0.231	 -0.401

6 	  45.14	  14.82	  16.84
	  0.513	  0.463	  0.723
	 -0.569	 -0.449	  0.688
	  0.646	 -0.762	  0.032

7 	  39.04	  -5.70	  -3.13
	  0.667	 -0.666	 -0.336
	  0.507	  0.734	 -0.452
	  0.548	  0.131	  0.826

8 	  39.30	 -10.09	   8.03
	  0.324	 -0.416	  0.849
	  0.114	 -0.875	 -0.471
	  0.939	  0.248	 -0.236

9 	  43.91	 -15.73	  16.65
	  0.536	 -0.503	  0.678
	  0.283	 -0.652	 -0.704
	  0.797	  0.566	 -0.208

2 	  33.13	  -6.87	  22.78
	  0.571	  0.821	 -0.028
	 -0.822	  0.569	 -0.015
	  0.004	  0.032	  0.999

3 	  44.74	  -0.40	   0.44
	  0.592	  0.103	  0.799
	 -0.084	  0.994	 -0.067
	 -0.802	 -0.027	  0.597

4 	  39.76	   6.57	  -2.60
	  0.654	  0.748	  0.114
	 -0.702	  0.542	  0.461
	  0.284	 -0.382	  0.879

5 	  40.87	   9.93	   9.26
	  0.453	  0.495	  0.741
	  0.168	 -0.864	  0.474
	  0.876	 -0.091	 -0.474

6 	  44.54	  16.72	  15.49
	  0.463	  0.600	  0.652
	 -0.438	 -0.486	  0.756
	  0.773	 -0.633	  0.036

7 	  38.88	  -5.55	  -3.27
	  0.649	 -0.660	 -0.378
	  0.513	  0.746	 -0.424
	  0.562	  0.082	  0.822

8 	  39.34	 -10.72	   7.54
	  0.320	 -0.544	  0.776
	 -0.060	 -0.829	 -0.556
	  0.945	  0.131	 -0.298

9 	  43.66	 -17.70	  15.12
	  0.499	 -0.642	  0.583
	  0.124	 -0.613	 -0.780
	  0.858	  0.460	 -0.227

2 	  33.13	  -6.87	  22.78
	  0.571	  0.820	 -0.028
	 -0.821	  0.570	 -0.015
	  0.005	  0.032	  0.999

3 	  44.68	  -0.40	   0.37
	  0.593	  0.104	  0.798
	 -0.083	  0.994	 -0.068
	 -0.801	 -0.025	  0.598

4 	  39.53	   6.45	  -2.76
	  0.625	  0.776	  0.086
	 -0.722	  0.532	  0.442
	  0.298	 -0.338	  0.892

5 	  40.78	  10.51	   8.84
	  0.426	  0.602	  0.675
	  0.322	 -0.798	  0.510
	  0.846	 -0.001	 -0.533

6 	  43.98	  17.95	  14.54
	  0.422	  0.681	  0.598
	 -0.350	 -0.488	  0.799
	  0.838	 -0.545	  0.030

7 	  38.79	  -5.47	  -3.34
	  0.632	 -0.660	 -0.406
	  0.522	  0.750	 -0.407
	  0.574	  0.045	  0.817

8 	  39.27	 -10.99	   7.19
	  0.304	 -0.602	  0.738
	 -0.139	 -0.795	 -0.591
	  0.942	  0.077	 -0.325

9 	  43.31	 -18.53	  14.41
	  0.466	 -0.693	  0.550
	  0.076	 -0.588	 -0.805
	  0.881	  0.417	 -0.222

2 	  33.13	  -6.87	  22.78
	  0.571	  0.820	 -0.028
	 -0.821	  0.570	 -0.015
	  0.004	  0.032	  0.999

3 	  44.63	  -0.40	   0.33
	  0.595	  0.100	  0.797
	 -0.077	  0.995	 -0.067
	 -0.800	 -0.022	  0.599

4 	  39.45	   6.42	  -2.81
	  0.619	  0.781	  0.074
	 -0.724	  0.531	  0.441
	  0.306	 -0.327	  0.894

5 	  40.68	  11.00	   8.46
	  0.393	  0.675	  0.624
	  0.409	 -0.735	  0.540
	  0.824	  0.042	 -0.564

6 	  43.38	  19.05	  13.54
	  0.381	  0.743	  0.549
	 -0.293	 -0.468	  0.833
	  0.878	 -0.477	  0.039

7 	  38.69	  -5.34	  -3.43
	  0.627	 -0.648	 -0.432
	  0.519	  0.760	 -0.391
	  0.583	  0.021	  0.812

8 	  39.09	 -11.51	   6.61
	  0.281	 -0.675	  0.682
	 -0.189	 -0.735	 -0.651
	  0.941	  0.054	 -0.334

9 	  42.91	 -19.86	  12.99
	  0.441	 -0.758	  0.480
	  0.036	 -0.520	 -0.854
	  0.897	  0.393	 -0.202

2 	  33.13	  -6.87	  22.78
	  0.571	  0.820	 -0.028
	 -0.821	  0.570	 -0.015
	  0.004	  0.032	  0.999

3 	  44.56	  -0.35	   0.28
	  0.596	  0.097	  0.797
	 -0.075	  0.995	 -0.066
	 -0.799	 -0.020	  0.600

4 	  39.25	   6.36	  -2.92
	  0.615	  0.788	  0.029
	 -0.715	  0.541	  0.443
	  0.334	 -0.293	  0.896

5 	  40.75	  11.85	   7.73
	  0.368	  0.760	  0.536
	  0.495	 -0.646	  0.581
	  0.789	  0.051	 -0.612

6 	  43.14	  20.44	  11.87
	  0.352	  0.812	  0.465
	 -0.228	 -0.410	  0.883
	  0.909	 -0.415	  0.039

7 	  38.65	  -5.24	  -3.53
	  0.621	 -0.626	 -0.471
	  0.508	  0.779	 -0.367
	  0.598	 -0.011	  0.802

8 	  39.18	 -12.32	   5.70
	  0.269	 -0.756	  0.596
	 -0.229	 -0.652	 -0.723
	  0.935	  0.058	 -0.348

9 	  42.93	 -21.52	  10.81
	  0.431	 -0.821	  0.375
	  0.024	 -0.406	 -0.914
	  0.902	  0.402	 -0.154

2 	  33.13	  -6.87	  22.78
	  0.571	  0.821	 -0.028
	 -0.822	  0.569	 -0.015
	  0.004	  0.032	  0.999

3 	  44.56	  -0.35	   0.26
	  0.595	  0.096	  0.798
	 -0.072	  0.995	 -0.067
	 -0.801	 -0.017	  0.599

4 	  39.34	   6.31	  -2.99
	  0.625	  0.780	  0.001
	 -0.700	  0.559	  0.444
	  0.347	 -0.279	  0.895

5 	  40.94	  12.71	   6.87
	  0.349	  0.828	  0.439
	  0.548	 -0.558	  0.623
	  0.763	  0.024	 -0.646

6 	  43.07	  21.83	   9.91
	  0.332	  0.869	  0.366
	 -0.194	 -0.318	  0.928
	  0.924	 -0.378	  0.062

7 	  38.72	  -5.13	  -3.62
	  0.621	 -0.609	 -0.494
	  0.507	  0.792	 -0.341
	  0.599	 -0.039	  0.799

8 	  39.09	 -12.85	   4.92
	  0.256	 -0.801	  0.541
	 -0.208	 -0.592	 -0.778
	  0.944	  0.087	 -0.319

9 	  42.84	 -22.39	   9.39
	  0.435	 -0.841	  0.322
	  0.081	 -0.320	 -0.944
	  0.897	  0.436	 -0.071

2 	  33.13	  -6.87	  22.78
	  0.571	  0.821	 -0.028
	 -0.822	  0.569	 -0.015
	  0.004	  0.032	  0.999

3 	  44.56	  -0.33	   0.25
	  0.589	  0.092	  0.802
	 -0.064	  0.995	 -0.068
	 -0.806	 -0.011	  0.592

4 	  39.32	   6.31	  -3.09
	  0.629	  0.777	 -0.018
	 -0.692	  0.569	  0.445
	  0.357	 -0.268	  0.895

5 	  41.19	  13.54	   5.80
	  0.357	  0.877	  0.322
	  0.581	 -0.477	  0.659
	  0.733	 -0.048	 -0.679

6 	  43.35	  22.90	   7.56
	  0.343	  0.907	  0.242
	 -0.153	 -0.202	  0.967
	  0.927	 -0.369	  0.069

7 	  38.65	  -4.96	  -3.71
	  0.615	 -0.598	 -0.515
	  0.509	  0.798	 -0.321
	  0.604	 -0.064	  0.794

8 	  39.06	 -12.99	   4.50
	  0.250	 -0.824	  0.508
	 -0.221	 -0.559	 -0.799
	  0.943	  0.087	 -0.321

9 	  42.73	 -22.73	   8.60
	  0.425	 -0.858	  0.287
	  0.078	 -0.282	 -0.956
	  0.902	  0.428	 -0.053

2 	  33.13	  -6.87	  22.78
	  0.571	  0.821	 -0.028
	 -0.822	  0.569	 -0.015
	  0.004	  0.032	  0.999

3 	  44.54	  -0.33	   0.23
	  0.587	  0.090	  0.804
	 -0.058	  0.996	 -0.070
	 -0.807	 -0.006	  0.589

4 	  39.36	   6.24	  -3.22
	  0.639	  0.768	 -0.049
	 -0.675	  0.589	  0.443
	  0.370	 -0.250	  0.894

5 	  41.54	  14.08	   4.83
	  0.367	  0.903	  0.221
	  0.618	 -0.413	  0.668
	  0.697	 -0.108	 -0.709

6 	  43.65	  23.54	   5.64
	  0.348	  0.927	  0.142
	 -0.103	 -0.113	  0.988
	  0.932	 -0.358	  0.056

7 	  38.64	  -4.87	  -3.76
	  0.609	 -0.591	 -0.528
	  0.509	  0.802	 -0.312
	  0.609	 -0.078	  0.789

8 	  39.09	 -13.11	   4.20
	  0.248	 -0.838	  0.485
	 -0.231	 -0.538	 -0.811
	  0.941	  0.089	 -0.327

9 	  42.73	 -22.96	   8.05
	  0.421	 -0.868	  0.263
	  0.069	 -0.259	 -0.963
	  0.904	  0.423	 -0.050

2 	  33.13	  -6.89	  22.76
	  0.571	  0.820	 -0.028
	 -0.821	  0.570	 -0.015
	  0.004	  0.032	  0.999

3 	  44.56	  -0.35	   0.23
	  0.579	  0.090	  0.810
	 -0.046	  0.996	 -0.078
	 -0.814	  0.007	  0.581

4 	  39.39	   6.15	  -3.32
	  0.641	  0.763	 -0.075
	 -0.667	  0.602	  0.438
	  0.380	 -0.231	  0.895

5 	  41.70	  14.33	   4.22
	  0.369	  0.914	  0.168
	  0.635	 -0.378	  0.673
	  0.680	 -0.141	 -0.719

6 	  43.75	  23.80	   4.50
	  0.347	  0.933	  0.090
	 -0.081	 -0.066	  0.994
	  0.934	 -0.352	  0.052

7 	  38.65	  -4.78	  -3.87
	  0.604	 -0.585	 -0.541
	  0.510	  0.805	 -0.303
	  0.613	 -0.093	  0.784

8 	  39.18	 -13.22	   3.85
	  0.246	 -0.854	  0.459
	 -0.245	 -0.513	 -0.823
	  0.938	  0.090	 -0.335

9 	  42.71	 -23.22	   7.26
	  0.408	 -0.883	  0.230
	  0.052	 -0.229	 -0.972
	  0.911	  0.408	 -0.048

2 	  33.13	  -6.87	  22.76
	  0.571	  0.821	 -0.028
	 -0.822	  0.569	 -0.015
	  0.004	  0.032	  0.999

3 	  44.54	  -0.32	   0.23
	  0.566	  0.090	  0.819
	 -0.043	  0.996	 -0.081
	 -0.823	  0.010	  0.568

4 	  39.36	   6.10	  -3.38
	  0.641	  0.762	 -0.095
	 -0.663	  0.611	  0.433
	  0.389	 -0.214	  0.896

5 	  41.75	  14.59	   3.66
	  0.362	  0.925	  0.116
	  0.654	 -0.339	  0.676
	  0.666	 -0.169	 -0.727

6 	  43.68	  24.06	   3.41
	  0.337	  0.941	  0.038
	 -0.059	 -0.020	  0.998
	  0.940	 -0.339	  0.048

7 	  38.64	  -4.62	  -3.99
	  0.598	 -0.566	 -0.567
	  0.506	  0.815	 -0.282
	  0.623	 -0.118	  0.773

8 	  39.25	 -13.43	   3.20
	  0.250	 -0.879	  0.405
	 -0.255	 -0.463	 -0.849
	  0.934	  0.109	 -0.340

9 	  42.84	 -23.64	   5.92
	  0.408	 -0.897	  0.169
	  0.040	 -0.167	 -0.985
	  0.912	  0.408	 -0.032

2 	  33.13	  -6.87	  22.78
	  0.571	  0.820	 -0.028
	 -0.821	  0.570	 -0.015
	  0.004	  0.032	  0.999

3 	  44.53	  -0.28	   0.21
	  0.564	  0.086	  0.821
	 -0.042	  0.996	 -0.077
	 -0.825	  0.009	  0.565

4 	  39.34	   6.12	  -3.45
	  0.641	  0.759	 -0.116
	 -0.654	  0.618	  0.435
	  0.403	 -0.204	  0.892

5 	  41.80	  14.85	   3.04
	  0.361	  0.930	  0.061
	  0.669	 -0.302	  0.678
	  0.651	 -0.203	 -0.731

6 	  43.65	  24.35	   2.14
	  0.331	  0.943	 -0.025
	 -0.035	  0.039	  0.998
	  0.943	 -0.329	  0.046

7 	  38.60	  -4.52	  -4.04
	  0.591	 -0.557	 -0.583
	  0.502	  0.820	 -0.275
	  0.632	 -0.130	  0.763

8 	  39.29	 -13.52	   2.87
	  0.256	 -0.888	  0.382
	 -0.253	 -0.443	 -0.860
	  0.933	  0.123	 -0.338

9 	  42.94	 -23.80	   5.27
	  0.415	 -0.898	  0.144
	  0.047	 -0.137	 -0.989
	  0.908	  0.418	 -0.015

2 	  33.13	  -6.87	  22.78
	  0.571	  0.820	 -0.028
	 -0.822	  0.570	 -0.015
	  0.004	  0.032	  0.999

3 	  44.49	  -0.28	   0.18
	  0.557	  0.087	  0.826
	 -0.041	  0.996	 -0.078
	 -0.830	  0.010	  0.558

4 	  39.30	   6.03	  -3.55
	  0.638	  0.757	 -0.141
	 -0.651	  0.627	  0.427
	  0.412	 -0.181	  0.893

5 	  41.77	  15.08	   2.13
	  0.354	  0.935	 -0.007
	  0.678	 -0.250	  0.691
	  0.646	 -0.248	 -0.721

6 	  43.54	  24.49	   0.35
	  0.325	  0.939	 -0.107
	 -0.026	  0.123	  0.992
	  0.945	 -0.319	  0.064

7 	  38.58	  -4.46	  -4.11
	  0.589	 -0.546	 -0.596
	  0.497	  0.825	 -0.267
	  0.638	 -0.139	  0.757

8 	  39.30	 -13.61	   2.53
	  0.259	 -0.896	  0.360
	 -0.246	 -0.421	 -0.873
	  0.934	  0.137	 -0.330

9 	  42.98	 -23.91	   4.68
	  0.417	 -0.901	  0.123
	  0.057	 -0.109	 -0.992
	  0.907	  0.420	  0.006

2 	  33.13	  -6.87	  22.78
	  0.571	  0.820	 -0.028
	 -0.822	  0.570	 -0.015
	  0.004	  0.032	  0.999

3 	  44.44	  -0.28	   0.14
	  0.469	  0.127	  0.874
	 -0.037	  0.991	 -0.125
	 -0.882	  0.026	  0.470

4 	  39.23	   5.91	  -3.74
	  0.636	  0.746	 -0.199
	 -0.636	  0.651	  0.414
	  0.439	 -0.137	  0.888

5 	  41.96	  15.35	   0.74
	  0.356	  0.928	 -0.109
	  0.707	 -0.190	  0.681
	  0.613	 -0.319	 -0.723

6 	  43.70	  24.49	  -2.29
	  0.323	  0.918	 -0.229
	  0.024	  0.235	  0.971
	  0.946	 -0.319	  0.055

7 	  38.60	  -4.34	  -4.25
	  0.588	 -0.530	 -0.611
	  0.492	  0.833	 -0.251
	  0.644	 -0.152	  0.750

8 	  39.36	 -13.73	   1.97
	  0.255	 -0.910	  0.326
	 -0.235	 -0.385	 -0.892
	  0.938	  0.151	 -0.312

9 	  42.93	 -24.12	   3.67
	  0.408	 -0.909	  0.086
	  0.082	 -0.058	 -0.995
	  0.909	  0.413	  0.050

2 	  33.13	  -6.87	  22.78
	  0.571	  0.820	 -0.028
	 -0.822	  0.570	 -0.015
	  0.005	  0.032	  0.999

3 	  44.40	  -0.21	   0.14
	  0.458	  0.137	  0.878
	 -0.063	  0.990	 -0.122
	 -0.887	  0.000	  0.462

4 	  39.15	   5.80	  -3.96
	  0.642	  0.717	 -0.271
	 -0.604	  0.689	  0.399
	  0.474	 -0.093	  0.875

5 	  42.47	  15.38	  -1.14
	  0.385	  0.890	 -0.245
	  0.744	 -0.140	  0.653
	  0.549	 -0.433	 -0.715

6 	  44.31	  23.82	  -5.96
	  0.343	  0.846	 -0.407
	  0.112	  0.396	  0.911
	  0.933	 -0.357	  0.042

7 	  38.55	  -4.24	  -4.32
	  0.586	 -0.518	 -0.623
	  0.486	  0.839	 -0.243
	  0.650	 -0.160	  0.743

8 	  39.36	 -13.66	   1.69
	  0.256	 -0.913	  0.316
	 -0.222	 -0.374	 -0.901
	  0.941	  0.161	 -0.298

9 	  42.89	 -24.10	   3.23
	  0.405	 -0.911	  0.075
	  0.102	 -0.037	 -0.994
	  0.908	  0.410	  0.078

2 	  33.13	  -6.89	  22.78
	  0.571	  0.820	 -0.028
	 -0.821	  0.570	 -0.015
	  0.004	  0.032	  0.999

3 	  44.31	  -0.21	   0.07
	  0.433	  0.141	  0.890
	 -0.067	  0.990	 -0.125
	 -0.899	 -0.005	  0.438

4 	  39.02	   5.59	  -4.11
	  0.650	  0.685	 -0.329
	 -0.570	  0.725	  0.386
	  0.504	 -0.064	  0.861

5 	  42.75	  15.12	  -2.71
	  0.407	  0.842	 -0.355
	  0.763	 -0.098	  0.639
	  0.505	 -0.530	 -0.682

6 	  44.75	  22.75	  -8.70
	  0.360	  0.760	 -0.541
	  0.173	  0.518	  0.838
	  0.918	 -0.392	  0.057

7 	  38.46	  -4.18	  -4.39
	  0.580	 -0.508	 -0.637
	  0.484	  0.843	 -0.233
	  0.656	 -0.173	  0.734

8 	  39.22	 -13.80	   1.37
	  0.250	 -0.923	  0.292
	 -0.226	 -0.349	 -0.909
	  0.942	  0.161	 -0.295

9 	  42.66	 -24.29	   2.74
	  0.394	 -0.917	  0.054
	  0.102	 -0.015	 -0.995
	  0.913	  0.397	  0.087

2 	  33.13	  -6.87	  22.78
	  0.571	  0.821	 -0.028
	 -0.822	  0.569	 -0.015
	  0.004	  0.032	  0.999

3 	  44.28	  -0.26	   0.07
	  0.427	  0.139	  0.893
	 -0.060	  0.990	 -0.126
	 -0.902	 -0.000	  0.431

4 	  39.01	   5.50	  -4.17
	  0.666	  0.657	 -0.352
	 -0.540	  0.750	  0.382
	  0.516	 -0.065	  0.854

5 	  43.14	  14.87	  -3.34
	  0.435	  0.809	 -0.396
	  0.768	 -0.103	  0.631
	  0.472	 -0.578	 -0.666

6 	  45.28	  22.06	  -9.83
	  0.382	  0.711	 -0.590
	  0.207	  0.559	  0.803
	  0.902	 -0.426	  0.068

7 	  38.37	  -4.13	  -4.43
	  0.572	 -0.503	 -0.648
	  0.484	  0.844	 -0.229
	  0.663	 -0.182	  0.725

8 	  39.18	 -13.80	   1.18
	  0.250	 -0.928	  0.275
	 -0.237	 -0.334	 -0.912
	  0.939	  0.163	 -0.303

9 	  42.64	 -24.29	   2.37
	  0.394	 -0.918	  0.035
	  0.090	  0.000	 -0.996
	  0.914	  0.396	  0.082

2 	  33.13	  -6.87	  22.78
	  0.571	  0.820	 -0.028
	 -0.822	  0.570	 -0.015
	  0.004	  0.032	  0.999

3 	  44.28	  -0.25	   0.05
	  0.426	  0.135	  0.894
	 -0.054	  0.991	 -0.124
	 -0.903	  0.004	  0.429

4 	  39.04	   5.55	  -4.17
	  0.673	  0.644	 -0.364
	 -0.525	  0.761	  0.381
	  0.523	 -0.066	  0.849

5 	  43.29	  14.85	  -3.80
	  0.439	  0.788	 -0.431
	  0.782	 -0.098	  0.616
	  0.445	 -0.606	 -0.659

6 	  45.46	  21.64	 -10.81
	  0.380	  0.662	 -0.646
	  0.259	  0.597	  0.759
	  0.890	 -0.452	  0.056

7 	  38.43	  -3.97	  -4.50
	  0.571	 -0.494	 -0.655
	  0.483	  0.848	 -0.219
	  0.665	 -0.190	  0.722

8 	  39.22	 -13.71	   0.97
	  0.249	 -0.932	  0.264
	 -0.235	 -0.322	 -0.917
	  0.939	  0.166	 -0.299

9 	  42.68	 -24.26	   2.02
	  0.395	 -0.918	  0.019
	  0.087	  0.017	 -0.996
	  0.914	  0.395	  0.087

2 	  33.13	  -6.87	  22.78
	  0.571	  0.821	 -0.028
	 -0.822	  0.569	 -0.015
	  0.004	  0.032	  0.999

3 	  44.30	  -0.19	   0.05
	  0.426	  0.134	  0.894
	 -0.056	  0.991	 -0.122
	 -0.903	  0.002	  0.430

4 	  39.04	   5.54	  -4.18
	  0.677	  0.633	 -0.375
	 -0.510	  0.770	  0.383
	  0.533	 -0.069	  0.843

5 	  43.45	  14.64	  -4.22
	  0.454	  0.762	 -0.461
	  0.782	 -0.093	  0.615
	  0.428	 -0.639	 -0.639

6 	  45.65	  21.01	 -11.65
	  0.389	  0.607	 -0.692
	  0.293	  0.634	  0.715
	  0.876	 -0.476	  0.070

7 	  38.41	  -3.96	  -4.52
	  0.570	 -0.488	 -0.661
	  0.483	  0.849	 -0.212
	  0.666	 -0.198	  0.719

8 	  39.13	 -13.80	   0.72
	  0.244	 -0.939	  0.243
	 -0.232	 -0.299	 -0.926
	  0.942	  0.170	 -0.290

9 	  42.59	 -24.35	   1.49
	  0.396	 -0.918	 -0.006
	  0.091	  0.045	 -0.995
	  0.914	  0.393	  0.101

2 	  33.13	  -6.87	  22.78
	  0.571	  0.821	 -0.028
	 -0.822	  0.569	 -0.015
	  0.004	  0.032	  0.999

3 	  44.37	  -0.26	   0.04
	  0.413	  0.131	  0.901
	 -0.046	  0.991	 -0.123
	 -0.910	  0.010	  0.415

4 	  39.18	   5.47	  -4.24
	  0.691	  0.621	 -0.371
	 -0.495	  0.779	  0.385
	  0.529	 -0.083	  0.844

5 	  43.66	  14.52	  -4.43
	  0.458	  0.753	 -0.472
	  0.785	 -0.093	  0.612
	  0.419	 -0.650	 -0.634

6 	  45.88	  20.72	 -12.01
	  0.394	  0.587	 -0.707
	  0.310	  0.643	  0.701
	  0.868	 -0.490	  0.073

7 	  38.48	  -3.90	  -4.57
	  0.567	 -0.490	 -0.662
	  0.493	  0.845	 -0.205
	  0.660	 -0.210	  0.720

8 	  39.01	 -13.73	   0.70
	  0.226	 -0.942	  0.248
	 -0.227	 -0.298	 -0.927
	  0.947	  0.153	 -0.281

9 	  42.29	 -24.36	   1.56
	  0.379	 -0.926	  0.000
	  0.105	  0.042	 -0.994
	  0.920	  0.376	  0.113

2 	  33.13	  -6.87	  22.78
	  0.571	  0.821	 -0.028
	 -0.822	  0.569	 -0.015
	  0.004	  0.032	  0.999

3 	  44.38	  -0.23	   0.05
	  0.409	  0.130	  0.903
	 -0.046	  0.991	 -0.122
	 -0.911	  0.009	  0.412

4 	  39.16	   5.52	  -4.20
	  0.700	  0.613	 -0.366
	 -0.481	  0.783	  0.394
	  0.529	 -0.100	  0.842

5 	  43.70	  14.43	  -4.80
	  0.465	  0.731	 -0.500
	  0.786	 -0.079	  0.613
	  0.411	 -0.677	 -0.611

6 	  45.93	  20.13	 -12.87
	  0.400	  0.531	 -0.747
	  0.327	  0.681	  0.655
	  0.859	 -0.501	  0.099

7 	  38.48	  -3.87	  -4.57
	  0.569	 -0.488	 -0.662
	  0.491	  0.847	 -0.203
	  0.660	 -0.210	  0.721

8 	  38.99	 -13.69	   0.69
	  0.226	 -0.942	  0.247
	 -0.226	 -0.297	 -0.928
	  0.948	  0.153	 -0.279

9 	  42.33	 -24.33	   1.51
	  0.385	 -0.923	 -0.003
	  0.112	  0.050	 -0.992
	  0.916	  0.381	  0.123

2 	  33.13	  -6.87	  22.78
	  0.571	  0.820	 -0.028
	 -0.822	  0.570	 -0.015
	  0.004	  0.032	  0.999

3 	  44.40	  -0.21	   0.07
	  0.396	  0.129	  0.909
	 -0.048	  0.991	 -0.120
	 -0.917	  0.004	  0.398

4 	  39.16	   5.43	  -4.25
	  0.700	  0.611	 -0.369
	 -0.479	  0.784	  0.394
	  0.531	 -0.100	  0.841

5 	  43.79	  14.17	  -5.26
	  0.458	  0.713	 -0.531
	  0.802	 -0.073	  0.593
	  0.385	 -0.696	 -0.605

6 	  45.86	  19.83	 -13.31
	  0.392	  0.513	 -0.763
	  0.339	  0.693	  0.635
	  0.858	 -0.503	  0.098

7 	  38.48	  -3.87	  -4.57
	  0.569	 -0.488	 -0.662
	  0.492	  0.847	 -0.202
	  0.660	 -0.210	  0.721

8 	  38.95	 -13.68	   0.72
	  0.221	 -0.941	  0.255
	 -0.227	 -0.303	 -0.926
	  0.948	  0.147	 -0.281

9 	  42.24	 -24.33	   1.55
	  0.378	 -0.926	  0.001
	  0.123	  0.048	 -0.991
	  0.917	  0.375	  0.132

2 	  33.13	  -6.87	  22.78
	  0.571	  0.821	 -0.028
	 -0.822	  0.569	 -0.015
	  0.004	  0.032	  0.999

3 	  44.37	  -0.14	   0.07
	  0.390	  0.122	  0.912
	 -0.055	  0.992	 -0.110
	 -0.919	 -0.007	  0.394

4 	  39.06	   5.45	  -4.24
	  0.718	  0.581	 -0.383
	 -0.440	  0.804	  0.399
	  0.541	 -0.119	  0.832

5 	  44.26	  13.62	  -6.08
	  0.492	  0.637	 -0.593
	  0.822	 -0.116	  0.557
	  0.287	 -0.761	 -0.581

6 	  46.34	  18.02	 -15.01
	  0.386	  0.391	 -0.835
	  0.439	  0.722	  0.535
	  0.816	 -0.568	  0.106

7 	  38.46	  -3.76	  -4.61
	  0.573	 -0.475	 -0.668
	  0.483	  0.854	 -0.194
	  0.663	 -0.211	  0.718

8 	  39.04	 -13.61	   0.54
	  0.230	 -0.942	  0.246
	 -0.222	 -0.297	 -0.929
	  0.948	  0.158	 -0.276

9 	  42.40	 -24.22	   1.34
	  0.387	 -0.922	 -0.006
	  0.135	  0.062	 -0.989
	  0.912	  0.382	  0.149

2 	  33.13	  -6.87	  22.78
	  0.571	  0.820	 -0.028
	 -0.821	  0.570	 -0.015
	  0.004	  0.032	  0.999

3 	  44.30	  -0.07	   0.07
	  0.394	  0.109	  0.912
	 -0.054	  0.994	 -0.095
	 -0.917	 -0.012	  0.398

4 	  39.08	   5.41	  -4.25
	  0.747	  0.540	 -0.388
	 -0.395	  0.829	  0.395
	  0.536	 -0.143	  0.832

5 	  45.00	  12.69	  -6.84
	  0.547	  0.531	 -0.647
	  0.819	 -0.179	  0.544
	  0.173	 -0.828	 -0.533

6 	  47.18	  15.75	 -16.38
	  0.392	  0.245	 -0.887
	  0.526	  0.734	  0.430
	  0.761	 -0.628	  0.157

7 	  38.37	  -3.66	  -4.62
	  0.568	 -0.474	 -0.672
	  0.490	  0.851	 -0.188
	  0.662	 -0.222	  0.716

8 	  38.69	 -13.54	   0.42
	  0.206	 -0.946	  0.249
	 -0.207	 -0.290	 -0.934
	  0.956	  0.141	 -0.255

9 	  41.71	 -24.33	   1.23
	  0.359	 -0.933	 -0.000
	  0.170	  0.065	 -0.983
	  0.917	  0.353	  0.182

2 	  33.13	  -6.87	  22.78
	  0.571	  0.820	 -0.028
	 -0.821	  0.570	 -0.015
	  0.004	  0.032	  0.999

3 	  44.30	  -0.16	   0.07
	  0.390	  0.085	  0.917
	 -0.026	  0.996	 -0.082
	 -0.921	  0.008	  0.390

4 	  39.29	   5.41	  -4.27
	  0.781	  0.492	 -0.384
	 -0.353	  0.855	  0.380
	  0.516	 -0.162	  0.841

5 	  45.65	  12.01	  -7.21
	  0.589	  0.448	 -0.672
	  0.801	 -0.216	  0.557
	  0.104	 -0.867	 -0.487

6 	  47.79	  13.99	 -17.12
	  0.386	  0.115	 -0.915
	  0.594	  0.730	  0.337
	  0.714	 -0.668	  0.210

7 	  38.30	  -3.59	  -4.64
	  0.554	 -0.490	 -0.672
	  0.520	  0.834	 -0.181
	  0.651	 -0.249	  0.717

8 	  38.25	 -13.48	   0.40
	  0.166	 -0.953	  0.254
	 -0.202	 -0.285	 -0.937
	  0.965	  0.104	 -0.240

9 	  40.80	 -24.40	   1.39
	  0.318	 -0.948	  0.010
	  0.192	  0.053	 -0.980
	  0.929	  0.313	  0.198

2 	  33.13	  -6.87	  22.78
	  0.571	  0.820	 -0.028
	 -0.822	  0.570	 -0.015
	  0.004	  0.032	  0.999

3 	  44.28	  -0.26	   0.07
	  0.402	  0.085	  0.911
	 -0.010	  0.996	 -0.088
	 -0.915	  0.026	  0.401

4 	  39.34	   5.34	  -4.29
	  0.792	  0.472	 -0.386
	 -0.336	  0.865	  0.373
	  0.510	 -0.167	  0.843

5 	  45.86	  11.76	  -7.29
	  0.601	  0.428	 -0.675
	  0.795	 -0.235	  0.559
	  0.081	 -0.873	 -0.482

6 	  48.01	  13.64	 -17.24
	  0.389	  0.105	 -0.915
	  0.606	  0.721	  0.336
	  0.701	 -0.680	  0.214

7 	  38.25	  -3.64	  -4.64
	  0.549	 -0.500	 -0.670
	  0.528	  0.828	 -0.187
	  0.649	 -0.251	  0.718

8 	  38.11	 -13.50	   0.54
	  0.153	 -0.951	  0.270
	 -0.198	 -0.297	 -0.934
	  0.968	  0.089	 -0.233

9 	  40.57	 -24.45	   1.63
	  0.306	 -0.952	  0.023
	  0.202	  0.040	 -0.979
	  0.931	  0.304	  0.203

2 	  33.13	  -6.87	  22.78
	  0.571	  0.821	 -0.028
	 -0.822	  0.569	 -0.015
	  0.004	  0.032	  0.999

3 	  44.24	  -0.35	   0.07
	  0.411	  0.090	  0.907
	 -0.007	  0.995	 -0.096
	 -0.912	  0.033	  0.409

4 	  39.34	   5.29	  -4.31
	  0.795	  0.466	 -0.388
	 -0.331	  0.868	  0.369
	  0.510	 -0.165	  0.844

5 	  45.95	  11.46	  -7.44
	  0.610	  0.401	 -0.683
	  0.791	 -0.251	  0.558
	  0.052	 -0.881	 -0.471

6 	  48.11	  12.94	 -17.42
	  0.389	  0.055	 -0.920
	  0.615	  0.729	  0.299
	  0.693	 -0.677	  0.245

7 	  38.20	  -3.66	  -4.62
	  0.549	 -0.499	 -0.671
	  0.526	  0.829	 -0.187
	  0.650	 -0.250	  0.717

8 	  38.11	 -13.50	   0.54
	  0.159	 -0.950	  0.268
	 -0.196	 -0.297	 -0.935
	  0.968	  0.096	 -0.233

9 	  40.61	 -24.43	   1.62
	  0.311	 -0.950	  0.023
	  0.205	  0.042	 -0.978
	  0.928	  0.309	  0.207

2 	  33.13	  -6.87	  22.78
	  0.571	  0.821	 -0.028
	 -0.822	  0.569	 -0.015
	  0.004	  0.032	  0.999

3 	  44.23	  -0.35	   0.07
	  0.426	  0.092	  0.900
	 -0.006	  0.995	 -0.099
	 -0.905	  0.036	  0.424

4 	  39.32	   5.27	  -4.29
	  0.796	  0.463	 -0.389
	 -0.328	  0.870	  0.367
	  0.509	 -0.165	  0.844

5 	  45.98	  11.41	  -7.44
	  0.616	  0.394	 -0.682
	  0.786	 -0.242	  0.569
	  0.059	 -0.887	 -0.458

6 	  48.16	  12.71	 -17.51
	  0.388	  0.037	 -0.921
	  0.616	  0.734	  0.284
	  0.693	 -0.672	  0.257

7 	  38.20	  -3.67	  -4.62
	  0.548	 -0.501	 -0.670
	  0.527	  0.828	 -0.188
	  0.650	 -0.250	  0.717

8 	  37.97	 -13.54	   0.58
	  0.147	 -0.949	  0.277
	 -0.188	 -0.302	 -0.935
	  0.971	  0.086	 -0.223

9 	  40.36	 -24.47	   1.83
	  0.300	 -0.953	  0.034
	  0.220	  0.033	 -0.975
	  0.928	  0.300	  0.219

2 	  33.13	  -6.87	  22.78
	  0.571	  0.821	 -0.028
	 -0.822	  0.569	 -0.015
	  0.004	  0.032	  0.999

3 	  44.21	  -0.49	   0.05
	  0.457	  0.093	  0.884
	 -0.008	  0.995	 -0.101
	 -0.890	  0.039	  0.455

4 	  39.34	   5.20	  -4.31
	  0.800	  0.456	 -0.389
	 -0.325	  0.874	  0.360
	  0.505	 -0.163	  0.848

5 	  46.09	  11.30	  -7.35
	  0.627	  0.391	 -0.673
	  0.776	 -0.239	  0.583
	  0.067	 -0.888	 -0.454

6 	  48.46	  12.55	 -17.37
	  0.407	  0.035	 -0.913
	  0.608	  0.737	  0.293
	  0.690	 -0.669	  0.275

7 	  38.14	  -3.78	  -4.61
	  0.544	 -0.510	 -0.666
	  0.533	  0.823	 -0.196
	  0.648	 -0.249	  0.719

8 	  37.86	 -13.52	   0.72
	  0.138	 -0.946	  0.293
	 -0.187	 -0.316	 -0.930
	  0.973	  0.073	 -0.220

9 	  40.03	 -24.50	   2.16
	  0.282	 -0.958	  0.052
	  0.232	  0.014	 -0.972
	  0.931	  0.286	  0.226

2 	  33.13	  -6.87	  22.78
	  0.571	  0.820	 -0.028
	 -0.822	  0.570	 -0.015
	  0.004	  0.032	  0.999

3 	  44.23	  -0.51	   0.05
	  0.460	  0.095	  0.882
	 -0.007	  0.994	 -0.103
	 -0.888	  0.041	  0.458

4 	  39.38	   5.19	  -4.31
	  0.802	  0.455	 -0.386
	 -0.327	  0.876	  0.355
	  0.500	 -0.159	  0.851

5 	  46.20	  11.30	  -7.24
	  0.636	  0.395	 -0.663
	  0.768	 -0.242	  0.593
	  0.074	 -0.886	 -0.457

6 	  48.62	  12.62	 -17.23
	  0.415	  0.039	 -0.909
	  0.605	  0.736	  0.303
	  0.687	 -0.670	  0.279

7 	  38.16	  -3.71	  -4.62
	  0.542	 -0.510	 -0.668
	  0.539	  0.820	 -0.190
	  0.646	 -0.257	  0.719

8 	  37.81	 -13.46	   0.62
	  0.129	 -0.947	  0.293
	 -0.191	 -0.314	 -0.930
	  0.973	  0.064	 -0.221

9 	  39.85	 -24.45	   1.95
	  0.269	 -0.962	  0.047
	  0.243	  0.019	 -0.970
	  0.932	  0.272	  0.238

2 	  33.13	  -6.87	  22.78
	  0.571	  0.821	 -0.028
	 -0.822	  0.569	 -0.015
	  0.004	  0.032	  0.999

3 	  44.28	  -0.46	   0.04
	  0.448	  0.085	  0.890
	  0.002	  0.995	 -0.096
	 -0.894	  0.045	  0.445

4 	  39.45	   5.26	  -4.29
	  0.805	  0.452	 -0.383
	 -0.322	  0.876	  0.359
	  0.499	 -0.167	  0.850

5 	  46.30	  11.29	  -7.24
	  0.637	  0.385	 -0.667
	  0.768	 -0.250	  0.589
	  0.059	 -0.889	 -0.455

6 	  48.64	  12.45	 -17.28
	  0.407	  0.010	 -0.914
	  0.617	  0.736	  0.278
	  0.682	 -0.672	  0.288

7 	  38.21	  -3.66	  -4.66
	  0.541	 -0.509	 -0.669
	  0.545	  0.818	 -0.183
	  0.641	 -0.265	  0.720

8 	  37.79	 -13.41	   0.54
	  0.126	 -0.949	  0.289
	 -0.191	 -0.309	 -0.932
	  0.973	  0.062	 -0.220

9 	  39.88	 -24.42	   1.97
	  0.273	 -0.961	  0.047
	  0.249	  0.021	 -0.968
	  0.929	  0.276	  0.244

2 	  33.13	  -6.87	  22.78
	  0.571	  0.821	 -0.028
	 -0.822	  0.569	 -0.015
	  0.004	  0.032	  0.999

3 	  44.28	  -0.44	   0.04
	  0.451	  0.083	  0.889
	  0.001	  0.995	 -0.094
	 -0.893	  0.043	  0.448

4 	  39.48	   5.27	  -4.29
	  0.807	  0.453	 -0.379
	 -0.323	  0.875	  0.361
	  0.496	 -0.170	  0.851

5 	  46.30	  11.37	  -7.12
	  0.641	  0.393	 -0.658
	  0.764	 -0.246	  0.596
	  0.072	 -0.886	 -0.459

6 	  48.76	  12.74	 -17.12
	  0.420	  0.037	 -0.907
	  0.602	  0.738	  0.304
	  0.687	 -0.669	  0.283

7 	  38.21	  -3.64	  -4.66
	  0.543	 -0.508	 -0.668
	  0.543	  0.819	 -0.183
	  0.641	 -0.264	  0.720

8 	  37.83	 -13.38	   0.60
	  0.129	 -0.946	  0.296
	 -0.187	 -0.316	 -0.930
	  0.974	  0.065	 -0.218

9 	  39.96	 -24.40	   2.04
	  0.276	 -0.960	  0.052
	  0.255	  0.020	 -0.967
	  0.927	  0.280	  0.249

2 	  33.13	  -6.87	  22.78
	  0.571	  0.820	 -0.028
	 -0.821	  0.570	 -0.015
	  0.004	  0.032	  0.999

3 	  44.28	  -0.44	   0.05
	  0.450	  0.084	  0.889
	  0.000	  0.995	 -0.095
	 -0.893	  0.043	  0.448

4 	  39.50	   5.29	  -4.31
	  0.807	  0.456	 -0.374
	 -0.326	  0.873	  0.362
	  0.493	 -0.171	  0.853

5 	  46.30	  11.50	  -7.00
	  0.645	  0.406	 -0.647
	  0.759	 -0.242	  0.604
	  0.089	 -0.881	 -0.464

6 	  48.90	  12.99	 -16.88
	  0.434	  0.052	 -0.900
	  0.588	  0.742	  0.320
	  0.691	 -0.662	  0.288

7 	  38.25	  -3.64	  -4.66
	  0.545	 -0.510	 -0.666
	  0.543	  0.819	 -0.184
	  0.640	 -0.261	  0.722

8 	  37.86	 -13.38	   0.67
	  0.131	 -0.944	  0.302
	 -0.181	 -0.323	 -0.929
	  0.975	  0.067	 -0.213

9 	  40.04	 -24.36	   2.23
	  0.282	 -0.957	  0.062
	  0.263	  0.014	 -0.965
	  0.923	  0.288	  0.255

2 	  33.13	  -6.87	  22.78
	  0.571	  0.820	 -0.028
	 -0.822	  0.570	 -0.015
	  0.004	  0.032	  0.999

3 	  44.35	  -0.49	   0.09
	  0.460	  0.089	  0.883
	 -0.005	  0.995	 -0.099
	 -0.888	  0.041	  0.458

4 	  39.57	   5.27	  -4.31
	  0.805	  0.475	 -0.355
	 -0.342	  0.860	  0.378
	  0.486	 -0.183	  0.854

5 	  46.07	  12.16	  -6.31
	  0.628	  0.494	 -0.602
	  0.762	 -0.232	  0.605
	  0.160	 -0.838	 -0.521

6 	  48.78	  14.94	 -15.73
	  0.456	  0.174	 -0.873
	  0.514	  0.752	  0.413
	  0.734	 -0.630	  0.252

7 	  38.30	  -3.96	  -4.57
	  0.549	 -0.525	 -0.650
	  0.538	  0.817	 -0.206
	  0.640	 -0.236	  0.730

8 	  37.95	 -13.46	   1.20
	  0.139	 -0.927	  0.348
	 -0.158	 -0.368	 -0.916
	  0.978	  0.072	 -0.197

9 	  40.31	 -24.31	   3.50
	  0.303	 -0.945	  0.123
	  0.303	 -0.028	 -0.952
	  0.904	  0.325	  0.277

2 	  33.13	  -6.87	  22.78
	  0.571	  0.820	 -0.028
	 -0.822	  0.570	 -0.015
	  0.004	  0.032	  0.999

3 	  44.37	  -0.62	   0.11
	  0.508	  0.106	  0.854
	 -0.037	  0.994	 -0.102
	 -0.860	  0.020	  0.509

4 	  39.39	   5.31	  -4.11
	  0.777	  0.563	 -0.282
	 -0.437	  0.804	  0.403
	  0.454	 -0.190	  0.870

5 	  45.00	  13.54	  -4.01
	  0.603	  0.665	 -0.441
	  0.710	 -0.194	  0.677
	  0.366	 -0.721	 -0.588

6 	  48.60	  18.49	 -11.97
	  0.544	  0.407	 -0.734
	  0.261	  0.752	  0.605
	  0.801	 -0.514	  0.304

7 	  38.36	  -4.43	  -4.32
	  0.569	 -0.555	 -0.606
	  0.526	  0.812	 -0.251
	  0.633	 -0.176	  0.754

8 	  37.93	 -13.48	   2.36
	  0.142	 -0.887	  0.438
	 -0.102	 -0.454	 -0.885
	  0.984	  0.081	 -0.155

9 	  40.48	 -23.91	   5.99
	  0.330	 -0.911	  0.247
	  0.359	 -0.123	 -0.925
	  0.874	  0.393	  0.285

2 	  33.13	  -6.87	  22.78
	  0.571	  0.821	 -0.028
	 -0.822	  0.569	 -0.015
	  0.004	  0.032	  0.999

3 	  44.46	  -0.67	   0.18
	  0.534	  0.117	  0.837
	 -0.054	  0.993	 -0.105
	 -0.844	  0.010	  0.536

4 	  39.43	   5.57	  -3.73
	  0.737	  0.661	 -0.141
	 -0.549	  0.706	  0.446
	  0.395	 -0.252	  0.883

5 	  43.61	  14.57	   0.09
	  0.546	  0.821	 -0.165
	  0.623	 -0.266	  0.735
	  0.562	 -0.504	 -0.655

6 	  47.67	  22.38	  -4.43
	  0.587	  0.704	 -0.400
	 -0.056	  0.529	  0.847
	  0.808	 -0.474	  0.350

7 	  38.62	  -5.01	  -3.90
	  0.604	 -0.605	 -0.519
	  0.530	  0.790	 -0.307
	  0.597	 -0.089	  0.797

8 	  37.79	 -12.92	   4.15
	  0.119	 -0.790	  0.602
	  0.018	 -0.605	 -0.796
	  0.993	  0.105	 -0.058

9 	  40.39	 -22.34	  10.11
	  0.355	 -0.807	  0.473
	  0.506	 -0.261	 -0.822
	  0.788	  0.529	  0.314

2 	  33.13	  -6.87	  22.78
	  0.571	  0.820	 -0.028
	 -0.821	  0.570	 -0.015
	  0.004	  0.032	  0.999

3 	  44.58	  -0.60	   0.35
	  0.556	  0.120	  0.822
	 -0.075	  0.993	 -0.095
	 -0.828	 -0.008	  0.560

4 	  39.52	   6.08	  -2.97
	  0.702	  0.711	  0.031
	 -0.633	  0.602	  0.487
	  0.328	 -0.362	  0.872

5 	  42.01	  14.01	   4.94
	  0.483	  0.857	  0.181
	  0.511	 -0.442	  0.737
	  0.713	 -0.263	 -0.650

6 	  45.86	  22.90	   5.27
	  0.552	  0.831	  0.068
	 -0.291	  0.114	  0.950
	  0.782	 -0.545	  0.303

7 	  38.81	  -5.54	  -3.46
	  0.641	 -0.629	 -0.439
	  0.500	  0.776	 -0.384
	  0.583	  0.027	  0.812

8 	  38.00	 -12.25	   5.70
	  0.136	 -0.667	  0.732
	  0.118	 -0.724	 -0.680
	  0.984	  0.179	 -0.020

9 	  41.10	 -20.11	  13.52
	  0.399	 -0.660	  0.636
	  0.583	 -0.355	 -0.731
	  0.710	  0.661	  0.242

2 	  33.13	  -6.87	  22.78
	  0.571	  0.820	 -0.028
	 -0.821	  0.570	 -0.015
	  0.004	  0.032	  0.999

3 	  44.58	  -0.54	   0.49
	  0.569	  0.126	  0.812
	 -0.096	  0.991	 -0.087
	 -0.817	 -0.028	  0.576

4 	  39.69	   6.40	  -2.51
	  0.689	  0.715	  0.116
	 -0.661	  0.553	  0.507
	  0.300	 -0.427	  0.853

5 	  40.54	  11.90	   8.17
	  0.396	  0.739	  0.544
	  0.331	 -0.667	  0.667
	  0.857	 -0.084	 -0.507

6 	  44.16	  19.95	  12.64
	  0.487	  0.723	  0.490
	 -0.541	 -0.194	  0.818
	  0.689	 -0.662	  0.294

7 	  39.02	  -6.03	  -3.11
	  0.680	 -0.633	 -0.370
	  0.456	  0.760	 -0.464
	  0.575	  0.147	  0.805

8 	  38.41	 -11.37	   7.05
	  0.176	 -0.504	  0.845
	  0.254	 -0.807	 -0.533
	  0.951	  0.307	 -0.013

9 	  42.38	 -17.03	  16.45
	  0.473	 -0.407	  0.781
	  0.732	 -0.312	 -0.605
	  0.492	  0.857	  0.150

2 	  33.13	  -6.87	  22.78
	  0.571	  0.821	 -0.028
	 -0.822	  0.569	 -0.015
	  0.004	  0.032	  0.999

3 	  44.61	  -0.60	   0.53
	  0.578	  0.127	  0.806
	 -0.094	  0.991	 -0.090
	 -0.811	 -0.023	  0.585

4 	  40.17	   6.63	  -2.20
	  0.715	  0.676	  0.177
	 -0.649	  0.547	  0.528
	  0.260	 -0.493	  0.830

5 	  40.04	  10.12	   9.54
	  0.367	  0.484	  0.794
	  0.011	 -0.857	  0.516
	  0.930	 -0.180	 -0.320

6 	  44.09	  15.89	  16.63
	  0.463	  0.470	  0.751
	 -0.759	 -0.228	  0.609
	  0.460	 -0.851	  0.251

7 	  39.11	  -6.13	  -2.92
	  0.691	 -0.641	 -0.333
	  0.447	  0.741	 -0.500
	  0.568	  0.197	  0.798

8 	  38.44	 -10.78	   7.80
	  0.200	 -0.385	  0.901
	  0.360	 -0.827	 -0.432
	  0.911	  0.410	 -0.026

9 	  43.08	 -14.84	  17.84
	  0.524	 -0.206	  0.826
	  0.791	 -0.241	 -0.562
	  0.316	  0.948	  0.036

2 	  33.13	  -6.87	  22.78
	  0.571	  0.821	 -0.028
	 -0.822	  0.569	 -0.015
	  0.004	  0.032	  0.999

3 	  44.74	  -0.63	   0.65
	  0.572	  0.126	  0.810
	 -0.085	  0.992	 -0.095
	 -0.816	 -0.015	  0.578

4 	  40.45	   6.71	  -2.14
	  0.717	  0.672	  0.184
	 -0.652	  0.553	  0.517
	  0.246	 -0.492	  0.835

5 	  40.24	   9.67	   9.83
	  0.345	  0.205	  0.916
	 -0.448	 -0.822	  0.350
	  0.826	 -0.530	 -0.191

6 	  45.19	  12.16	  18.30
	  0.465	  0.135	  0.875
	 -0.881	  0.168	  0.441
	 -0.091	 -0.976	  0.196

7 	  39.25	  -6.17	  -2.83
	  0.685	 -0.656	 -0.317
	  0.462	  0.726	 -0.508
	  0.564	  0.203	  0.800

8 	  38.79	 -10.34	   8.21
	  0.231	 -0.252	  0.940
	  0.502	 -0.797	 -0.336
	  0.834	  0.548	 -0.057

9 	  44.03	 -12.22	  18.84
	  0.512	  0.052	  0.857
	  0.858	  0.004	 -0.513
	 -0.034	  0.999	 -0.044

2 	  33.13	  -6.87	  22.78
	  0.571	  0.821	 -0.028
	 -0.822	  0.569	 -0.015
	  0.004	  0.032	  0.999

3 	  44.89	  -0.62	   0.70
	  0.563	  0.119	  0.817
	 -0.077	  0.993	 -0.093
	 -0.823	 -0.010	  0.568

4 	  40.73	   6.82	  -2.13
	  0.729	  0.656	  0.193
	 -0.646	  0.567	  0.510
	  0.226	 -0.497	  0.838

5 	  40.71	  10.23	   9.97
	  0.324	  0.127	  0.937
	 -0.653	 -0.688	  0.318
	  0.687	 -0.713	 -0.139

6 	  46.14	  10.63	  18.44
	  0.454	 -0.059	  0.889
	 -0.708	  0.585	  0.395
	 -0.548	 -0.806	  0.223

7 	  39.43	  -6.12	  -2.87
	  0.694	 -0.649	 -0.310
	  0.456	  0.730	 -0.509
	  0.558	  0.212	  0.802

8 	  39.34	 -10.44	   8.31
	  0.249	 -0.200	  0.947
	  0.625	 -0.714	 -0.314
	  0.741	  0.669	 -0.052

9 	  44.49	 -11.76	  19.07
	  0.428	  0.135	  0.893
	  0.830	  0.332	 -0.446
	 -0.363	  0.932	  0.028

2 	  33.13	  -6.87	  22.78
	  0.571	  0.820	 -0.028
	 -0.821	  0.570	 -0.015
	  0.004	  0.032	  0.999

3 	  44.96	  -0.46	   0.74
	  0.561	  0.119	  0.819
	 -0.085	  0.992	 -0.087
	 -0.824	 -0.020	  0.567

4 	  40.76	   7.00	  -2.07
	  0.733	  0.651	  0.197
	 -0.642	  0.564	  0.519
	  0.228	 -0.507	  0.831

5 	  40.66	  10.42	   9.95
	  0.296	  0.114	  0.948
	 -0.709	 -0.640	  0.296
	  0.643	 -0.758	 -0.108

6 	  45.70	  10.46	  18.70
	  0.387	 -0.073	  0.919
	 -0.617	  0.722	  0.313
	 -0.689	 -0.685	  0.234

7 	  39.48	  -6.01	  -2.88
	  0.700	 -0.644	 -0.310
	  0.452	  0.734	 -0.506
	  0.554	  0.214	  0.804

8 	  39.20	 -10.32	   8.33
	  0.240	 -0.201	  0.949
	  0.600	 -0.739	 -0.307
	  0.764	  0.642	 -0.056

9 	  44.23	 -11.76	  19.11
	  0.427	  0.127	  0.895
	  0.848	  0.288	 -0.444
	 -0.319	  0.948	  0.014

2 	  33.13	  -6.87	  22.78
	  0.571	  0.820	 -0.028
	 -0.821	  0.570	 -0.015
	  0.004	  0.032	  0.999

3 	  44.98	  -0.39	   0.74
	  0.559	  0.114	  0.821
	 -0.085	  0.993	 -0.080
	 -0.825	 -0.025	  0.564

4 	  40.80	   7.03	  -2.06
	  0.733	  0.648	  0.204
	 -0.641	  0.559	  0.526
	  0.228	 -0.517	  0.825

5 	  40.55	  10.35	   9.97
	  0.285	  0.116	  0.951
	 -0.697	 -0.658	  0.287
	  0.660	 -0.743	 -0.105

6 	  45.53	  10.56	  18.74
