2 	  33.13	  -6.87	  22.78
	  0.571	  0.820	 -0.028
	 -0.821	  0.570	 -0.015
	  0.005	  0.032	  0.999

3 	  45.25	  -0.51	   0.90
	  0.524	  0.122	  0.843
	 -0.092	  0.992	 -0.087
	 -0.847	 -0.032	  0.531

4 	  40.92	   6.86	  -2.23
	  0.748	  0.639	  0.181
	 -0.625	  0.584	  0.517
	  0.225	 -0.500	  0.836

5 	  41.12	  10.51	   9.58
	  0.297	  0.160	  0.941
	 -0.713	 -0.619	  0.329
	  0.637	 -0.768	 -0.068

6 	  46.62	  10.34	  18.07
	  0.443	 -0.079	  0.892
	 -0.569	  0.746	  0.345
	 -0.696	 -0.659	  0.285

7 	  40.06	  -6.49	  -2.51
	  0.751	 -0.620	 -0.227
	  0.438	  0.724	 -0.533
	  0.496	  0.301	  0.814

8 	  39.99	 -10.39	   9.05
	  0.257	 -0.184	  0.948
	  0.551	 -0.779	 -0.299
	  0.795	  0.598	 -0.098

9 	  45.60	 -11.64	  19.49
	  0.390	  0.120	  0.913
	  0.699	  0.608	 -0.375
	 -0.605	  0.782	  0.152

2 	  33.13	  -6.87	  22.78
	  0.571	  0.820	 -0.028
	 -0.821	  0.570	 -0.015
	  0.004	  0.032	  0.999

3 	  45.26	  -0.49	   0.88
	  0.527	  0.120	  0.841
	 -0.091	  0.992	 -0.085
	 -0.845	 -0.032	  0.534

4 	  40.94	   6.87	  -2.23
	  0.748	  0.638	  0.180
	 -0.624	  0.585	  0.518
	  0.226	 -0.500	  0.836

5 	  41.13	  10.53	   9.58
	  0.297	  0.159	  0.942
	 -0.713	 -0.620	  0.328
	  0.638	 -0.767	 -0.069

6 	  46.62	  10.34	  18.04
	  0.443	 -0.079	  0.893
	 -0.568	  0.747	  0.344
	 -0.697	 -0.657	  0.286

7 	  40.08	  -6.49	  -2.51
	  0.751	 -0.620	 -0.227
	  0.437	  0.724	 -0.534
	  0.496	  0.302	  0.814

8 	  40.01	 -10.39	   9.04
	  0.257	 -0.184	  0.949
	  0.552	 -0.778	 -0.298
	  0.794	  0.599	 -0.097

9 	  45.62	 -11.64	  19.49
	  0.389	  0.119	  0.913
	  0.699	  0.610	 -0.373
	 -0.606	  0.781	  0.153

2 	  33.13	  -6.87	  22.78
	  0.571	  0.820	 -0.028
	 -0.822	  0.570	 -0.015
	  0.005	  0.032	  0.999

3 	  45.26	  -0.49	   0.86
	  0.529	  0.118	  0.840
	 -0.090	  0.992	 -0.083
	 -0.844	 -0.032	  0.535

4 	  40.94	   6.87	  -2.25
	  0.748	  0.638	  0.180
	 -0.624	  0.585	  0.518
	  0.226	 -0.501	  0.835

5 	  41.13	  10.53	   9.58
	  0.296	  0.159	  0.942
	 -0.713	 -0.620	  0.328
	  0.638	 -0.767	 -0.068

6 	  46.63	  10.35	  18.05
	  0.442	 -0.079	  0.893
	 -0.567	  0.749	  0.343
	 -0.699	 -0.656	  0.286

7 	  40.06	  -6.50	  -2.53
	  0.751	 -0.619	 -0.228
	  0.435	  0.724	 -0.535
	  0.497	  0.303	  0.813

8 	  40.01	 -10.39	   9.04
	  0.257	 -0.183	  0.949
	  0.554	 -0.777	 -0.298
	  0.793	  0.601	 -0.097

9 	  45.60	 -11.64	  19.49
	  0.387	  0.119	  0.914
	  0.698	  0.611	 -0.372
	 -0.608	  0.780	  0.152

2 	  33.13	  -6.87	  22.78
	  0.571	  0.820	 -0.028
	 -0.821	  0.570	 -0.015
	  0.005	  0.032	  0.999

3 	  45.28	  -0.49	   0.84
	  0.531	  0.117	  0.839
	 -0.089	  0.992	 -0.082
	 -0.843	 -0.031	  0.537

4 	  40.96	   6.87	  -2.25
	  0.749	  0.637	  0.180
	 -0.623	  0.585	  0.519
	  0.226	 -0.501	  0.835

5 	  41.13	  10.51	   9.56
	  0.296	  0.159	  0.942
	 -0.713	 -0.620	  0.327
	  0.638	 -0.767	 -0.068

6 	  46.63	  10.34	  18.04
	  0.443	 -0.079	  0.893
	 -0.566	  0.749	  0.343
	 -0.699	 -0.655	  0.286

7 	  40.06	  -6.50	  -2.53
	  0.751	 -0.620	 -0.228
	  0.435	  0.723	 -0.536
	  0.497	  0.303	  0.812

8 	  40.01	 -10.39	   9.04
	  0.256	 -0.183	  0.949
	  0.554	 -0.778	 -0.298
	  0.794	  0.600	 -0.097

9 	  45.60	 -11.64	  19.49
	  0.386	  0.120	  0.914
	  0.699	  0.611	 -0.372
	 -0.608	  0.779	  0.151

2 	  33.13	  -6.87	  22.78
	  0.571	  0.820	 -0.028
	 -0.822	  0.570	 -0.015
	  0.004	  0.032	  0.999

3 	  45.28	  -0.49	   0.84
	  0.530	  0.117	  0.839
	 -0.090	  0.992	 -0.083
	 -0.843	 -0.031	  0.537

4 	  40.96	   6.87	  -2.25
	  0.749	  0.638	  0.180
	 -0.623	  0.585	  0.518
	  0.226	 -0.501	  0.835

5 	  41.13	  10.51	   9.58
	  0.296	  0.159	  0.942
	 -0.713	 -0.620	  0.328
	  0.638	 -0.767	 -0.068

6 	  46.63	  10.35	  18.04
	  0.443	 -0.079	  0.893
	 -0.567	  0.749	  0.344
	 -0.699	 -0.656	  0.286

7 	  40.08	  -6.50	  -2.53
	  0.752	 -0.619	 -0.227
	  0.435	  0.724	 -0.536
	  0.497	  0.304	  0.813

8 	  40.01	 -10.39	   9.04
	  0.256	 -0.183	  0.949
	  0.553	 -0.778	 -0.297
	  0.794	  0.600	 -0.097

9 	  45.60	 -11.64	  19.51
	  0.387	  0.121	  0.914
	  0.700	  0.609	 -0.373
	 -0.607	  0.781	  0.150

2 	  33.13	  -6.87	  22.78
	  0.571	  0.820	 -0.028
	 -0.821	  0.570	 -0.015
	  0.004	  0.032	  0.999

3 	  45.26	  -0.49	   0.88
	  0.527	  0.119	  0.841
	 -0.091	  0.992	 -0.084
	 -0.845	 -0.032	  0.533

4 	  40.94	   6.87	  -2.23
	  0.748	  0.638	  0.180
	 -0.624	  0.584	  0.518
	  0.226	 -0.500	  0.836

5 	  41.13	  10.53	   9.60
	  0.297	  0.160	  0.941
	 -0.712	 -0.620	  0.329
	  0.638	 -0.767	 -0.069

6 	  46.63	  10.35	  18.05
	  0.444	 -0.079	  0.892
	 -0.569	  0.746	  0.345
	 -0.696	 -0.658	  0.286

7 	  40.06	  -6.49	  -2.51
	  0.753	 -0.619	 -0.225
	  0.436	  0.724	 -0.534
	  0.494	  0.304	  0.814

8 	  39.99	 -10.39	   9.05
	  0.256	 -0.183	  0.949
	  0.552	 -0.779	 -0.297
	  0.795	  0.598	 -0.098

9 	  45.60	 -11.64	  19.51
	  0.389	  0.122	  0.913
	  0.700	  0.607	 -0.375
	 -0.605	  0.782	  0.149

2 	  33.13	  -6.87	  22.78
	  0.571	  0.820	 -0.028
	 -0.822	  0.570	 -0.015
	  0.004	  0.032	  0.999

3 	  45.25	  -0.49	   0.90
	  0.524	  0.121	  0.843
	 -0.094	  0.992	 -0.086
	 -0.847	 -0.034	  0.531

4 	  40.90	   6.87	  -2.21
	  0.746	  0.640	  0.182
	 -0.627	  0.583	  0.517
	  0.226	 -0.500	  0.836

5 	  41.10	  10.48	   9.62
	  0.300	  0.162	  0.940
	 -0.707	 -0.625	  0.332
	  0.643	 -0.762	 -0.071

6 	  46.63	  10.35	  18.05
	  0.447	 -0.079	  0.891
	 -0.571	  0.743	  0.348
	 -0.693	 -0.662	  0.286

7 	  40.10	  -6.49	  -2.50
	  0.754	 -0.618	 -0.223
	  0.436	  0.723	 -0.535
	  0.493	  0.306	  0.814

8 	  39.96	 -10.39	   8.89
	  0.242	 -0.202	  0.949
	  0.552	 -0.776	 -0.305
	  0.799	  0.596	 -0.075

9 	  45.56	 -11.67	  19.41
	  0.386	  0.117	  0.915
	  0.677	  0.639	 -0.364
	 -0.632	  0.757	  0.166

2 	  33.13	  -6.87	  22.78
	  0.571	  0.820	 -0.028
	 -0.821	  0.570	 -0.015
	  0.005	  0.032	  0.999

3 	  45.40	  -0.49	   1.00
	  0.509	  0.140	  0.849
	 -0.109	  0.989	 -0.099
	 -0.854	 -0.042	  0.518

4 	  41.03	   6.73	  -2.27
	  0.721	  0.670	  0.177
	 -0.658	  0.579	  0.481
	  0.221	 -0.464	  0.858

5 	  40.97	  10.30	   9.40
	  0.250	  0.201	  0.947
	 -0.666	 -0.675	  0.317
	  0.704	 -0.709	 -0.034

6 	  46.37	  10.72	  17.98
	  0.427	 -0.017	  0.904
	 -0.539	  0.799	  0.266
	 -0.729	 -0.598	  0.331

7 	  40.78	  -6.61	  -2.51
	  0.770	 -0.601	 -0.214
	  0.428	  0.735	 -0.526
	  0.473	  0.314	  0.822

8 	  39.59	 -10.93	   8.23
	  0.093	 -0.264	  0.960
	  0.621	 -0.738	 -0.262
	  0.778	  0.620	  0.096

9 	  43.77	 -12.29	  19.56
	  0.229	  0.107	  0.967
	  0.575	  0.788	 -0.221
	 -0.788	  0.604	  0.118

2 	  33.13	  -6.87	  22.78
	  0.571	  0.820	 -0.028
	 -0.821	  0.570	 -0.015
	  0.004	  0.032	  0.999

3 	  45.91	  -0.56	   1.21
	  0.449	  0.149	  0.881
	 -0.120	  0.987	 -0.106
	 -0.885	 -0.058	  0.461

4 	  41.50	   6.59	  -2.29
	  0.689	  0.697	  0.198
	 -0.699	  0.565	  0.437
	  0.193	 -0.440	  0.877

5 	  39.64	  10.12	   8.98
	  0.049	  0.239	  0.970
	 -0.614	 -0.759	  0.216
	  0.789	 -0.605	  0.111

6 	  43.17	  11.30	  18.65
	  0.222	  0.044	  0.974
	 -0.593	  0.799	  0.095
	 -0.776	 -0.597	  0.202

7 	  41.64	  -6.82	  -2.53
	  0.790	 -0.591	 -0.161
	  0.459	  0.745	 -0.483
	  0.406	  0.308	  0.860

8 	  38.51	 -11.39	   7.26
	 -0.139	 -0.301	  0.943
	  0.652	 -0.744	 -0.141
	  0.745	  0.596	  0.300

9 	  40.13	 -12.76	  19.58
	 -0.027	  0.115	  0.993
	  0.536	  0.840	 -0.082
	 -0.844	  0.529	 -0.085

2 	  33.13	  -6.89	  22.78
	  0.571	  0.820	 -0.028
	 -0.821	  0.570	 -0.015
	  0.004	  0.032	  0.999

3 	  46.25	  -0.65	   1.48
	  0.385	  0.133	  0.913
	 -0.102	  0.989	 -0.102
	 -0.917	 -0.054	  0.395

4 	  42.40	   6.70	  -2.18
	  0.693	  0.660	  0.290
	 -0.706	  0.536	  0.462
	  0.150	 -0.525	  0.838

5 	  38.65	  10.55	   8.07
	 -0.179	  0.281	  0.943
	 -0.645	 -0.757	  0.103
	  0.743	 -0.590	  0.316

6 	  40.50	  11.32	  18.53
	  0.045	  0.015	  0.999
	 -0.553	  0.833	  0.011
	 -0.833	 -0.552	  0.045

7 	  42.38	  -6.84	  -2.53
	  0.805	 -0.590	 -0.070
	  0.509	  0.745	 -0.432
	  0.308	  0.312	  0.898

8 	  37.62	 -11.53	   6.21
	 -0.349	 -0.312	  0.883
	  0.688	 -0.726	  0.016
	  0.637	  0.613	  0.467

9 	  36.86	 -12.39	  18.86
	 -0.237	  0.161	  0.958
	  0.471	  0.881	 -0.031
	 -0.850	  0.444	 -0.285

2 	  33.13	  -6.87	  22.78
	  0.571	  0.820	 -0.028
	 -0.822	  0.570	 -0.015
	  0.004	  0.032	  0.999

3 	  46.32	  -0.56	   1.63
	  0.360	  0.125	  0.924
	 -0.105	  0.990	 -0.094
	 -0.927	 -0.062	  0.369

4 	  42.68	   6.89	  -2.11
	  0.664	  0.667	  0.336
	 -0.737	  0.506	  0.447
	  0.128	 -0.545	  0.828

5 	  37.83	  10.60	   7.35
	 -0.318	  0.274	  0.907
	 -0.645	 -0.764	  0.005
	  0.695	 -0.584	  0.419

6 	  38.57	  10.85	  18.16
	 -0.062	 -0.042	  0.997
	 -0.533	  0.846	  0.001
	 -0.844	 -0.531	 -0.076

7 	  42.68	  -6.70	  -2.57
	  0.806	 -0.592	 -0.004
	  0.551	  0.750	 -0.366
	  0.220	  0.293	  0.930

8 	  36.91	 -11.57	   5.12
	 -0.493	 -0.333	  0.804
	  0.686	 -0.717	  0.123
	  0.536	  0.612	  0.581

9 	  34.35	 -12.06	  17.68
	 -0.377	  0.196	  0.905
	  0.422	  0.906	 -0.021
	 -0.825	  0.374	 -0.424

2 	  33.13	  -6.87	  22.78
	  0.571	  0.821	 -0.028
	 -0.822	  0.569	 -0.015
	  0.004	  0.032	  0.999

3 	  46.32	  -0.47	   1.67
	  0.343	  0.104	  0.933
	 -0.102	  0.992	 -0.074
	 -0.934	 -0.069	  0.351

4 	  42.79	   7.05	  -1.97
	  0.634	  0.674	  0.378
	 -0.766	  0.482	  0.425
	  0.104	 -0.560	  0.822

5 	  37.27	  10.53	   7.07
	 -0.410	  0.256	  0.875
	 -0.618	 -0.784	 -0.060
	  0.671	 -0.566	  0.479

6 	  37.34	  10.53	  17.89
	 -0.124	 -0.065	  0.990
	 -0.548	  0.836	 -0.015
	 -0.827	 -0.544	 -0.140

7 	  42.70	  -6.57	  -2.60
	  0.789	 -0.612	  0.049
	  0.592	  0.737	 -0.325
	  0.164	  0.286	  0.944

8 	  36.28	 -11.29	   4.50
	 -0.572	 -0.324	  0.753
	  0.644	 -0.746	  0.167
	  0.508	  0.581	  0.635

9 	  32.92	 -11.94	  16.86
	 -0.446	  0.188	  0.875
	  0.423	  0.906	  0.020
	 -0.789	  0.379	 -0.484

2 	  33.13	  -6.87	  22.78
	  0.571	  0.821	 -0.028
	 -0.822	  0.569	 -0.015
	  0.004	  0.032	  0.999

3 	  46.27	  -0.46	   1.67
	  0.339	  0.091	  0.936
	 -0.095	  0.993	 -0.063
	 -0.936	 -0.067	  0.345

4 	  42.79	   7.08	  -1.93
	  0.620	  0.679	  0.394
	 -0.779	  0.469	  0.416
	  0.097	 -0.565	  0.819

5 	  36.93	  10.23	   6.87
	 -0.441	  0.251	  0.861
	 -0.560	 -0.827	 -0.046
	  0.701	 -0.503	  0.505

6 	  36.84	  10.95	  17.68
	 -0.145	 -0.007	  0.989
	 -0.674	  0.732	 -0.095
	 -0.725	 -0.680	 -0.112

7 	  42.73	  -6.57	  -2.60
	  0.780	 -0.622	  0.067
	  0.608	  0.726	 -0.322
	  0.151	  0.292	  0.944

8 	  36.25	 -11.09	   4.39
	 -0.596	 -0.311	  0.740
	  0.628	 -0.755	  0.188
	  0.501	  0.577	  0.645

9 	  32.47	 -11.83	  16.59
	 -0.487	  0.172	  0.856
	  0.374	  0.927	  0.026
	 -0.789	  0.333	 -0.516

2 	  33.13	  -6.87	  22.78
	  0.571	  0.820	 -0.027
	 -0.822	  0.570	 -0.015
	  0.004	  0.031	  0.999

3 	  46.30	  -0.40	   1.71
	  0.331	  0.084	  0.940
	 -0.093	  0.994	 -0.057
	 -0.939	 -0.068	  0.336

4 	  42.87	   7.10	  -1.88
	  0.615	  0.677	  0.403
	 -0.784	  0.465	  0.412
	  0.091	 -0.570	  0.817

5 	  36.95	  10.32	   6.70
	 -0.464	  0.259	  0.847
	 -0.565	 -0.823	 -0.058
	  0.682	 -0.506	  0.527

6 	  36.23	  11.18	  17.54
	 -0.215	  0.022	  0.976
	 -0.641	  0.750	 -0.159
	 -0.737	 -0.660	 -0.148

7 	  42.75	  -6.50	  -2.65
	  0.769	 -0.635	  0.079
	  0.625	  0.717	 -0.309
	  0.140	  0.287	  0.948

8 	  36.02	 -10.93	   4.13
	 -0.624	 -0.306	  0.719
	  0.609	 -0.767	  0.202
	  0.490	  0.564	  0.665

9 	  31.78	 -11.79	  16.14
	 -0.534	  0.154	  0.831
	  0.303	  0.953	  0.018
	 -0.789	  0.262	 -0.555

2 	  33.13	  -6.87	  22.78
	  0.571	  0.821	 -0.028
	 -0.822	  0.569	 -0.015
	  0.004	  0.032	  0.999

3 	  46.25	  -0.39	   1.72
	  0.324	  0.077	  0.943
	 -0.093	  0.994	 -0.050
	 -0.941	 -0.071	  0.329

4 	  42.86	   7.19	  -1.92
	  0.601	  0.681	  0.419
	 -0.795	  0.451	  0.404
	  0.086	 -0.576	  0.813

5 	  36.56	  10.25	   6.33
	 -0.512	  0.247	  0.823
	 -0.553	 -0.828	 -0.095
	  0.658	 -0.504	  0.560

6 	  35.33	  11.00	  17.16
	 -0.264	  0.008	  0.964
	 -0.629	  0.756	 -0.179
	 -0.731	 -0.654	 -0.195

7 	  42.73	  -6.40	  -2.71
	  0.757	 -0.647	  0.091
	  0.642	  0.709	 -0.292
	  0.124	  0.280	  0.952

8 	  35.74	 -10.74	   3.78
	 -0.653	 -0.303	  0.694
	  0.586	 -0.783	  0.208
	  0.481	  0.543	  0.688

9 	  31.15	 -11.67	  15.66
	 -0.562	  0.150	  0.813
	  0.291	  0.956	  0.024
	 -0.774	  0.250	 -0.581

2 	  33.13	  -6.87	  22.78
	  0.571	  0.820	 -0.028
	 -0.822	  0.570	 -0.015
	  0.004	  0.032	  0.999

3 	  46.20	  -0.35	   1.79
	  0.315	  0.066	  0.946
	 -0.089	  0.995	 -0.041
	 -0.945	 -0.071	  0.319

4 	  42.93	   7.22	  -1.90
	  0.593	  0.679	  0.432
	 -0.802	  0.447	  0.396
	  0.075	 -0.582	  0.810

5 	  36.40	  10.32	   6.05
	 -0.548	  0.250	  0.798
	 -0.548	 -0.828	 -0.117
	  0.632	 -0.501	  0.591

6 	  34.77	  11.06	  16.84
	 -0.303	  0.005	  0.953
	 -0.613	  0.764	 -0.200
	 -0.730	 -0.644	 -0.228

7 	  42.71	  -6.36	  -2.72
	  0.746	 -0.659	  0.097
	  0.656	  0.698	 -0.286
	  0.120	  0.277	  0.953

8 	  35.65	 -10.69	   3.67
	 -0.662	 -0.303	  0.685
	  0.576	 -0.790	  0.208
	  0.479	  0.533	  0.697

9 	  30.97	 -11.71	  15.50
	 -0.575	  0.138	  0.806
	  0.274	  0.961	  0.030
	 -0.771	  0.238	 -0.590

2 	  33.13	  -6.87	  22.78
	  0.571	  0.820	 -0.028
	 -0.822	  0.570	 -0.015
	  0.004	  0.032	  0.999

3 	  46.14	  -0.33	   1.81
	  0.315	  0.062	  0.947
	 -0.089	  0.995	 -0.037
	 -0.945	 -0.072	  0.319

4 	  42.86	   7.24	  -1.81
	  0.582	  0.681	  0.444
	 -0.811	  0.437	  0.390
	  0.071	 -0.588	  0.806

5 	  36.16	  10.20	   5.89
	 -0.577	  0.235	  0.782
	 -0.536	 -0.832	 -0.145
	  0.617	 -0.503	  0.606

6 	  34.26	  10.71	  16.66
	 -0.327	 -0.022	  0.945
	 -0.593	  0.783	 -0.188
	 -0.736	 -0.621	 -0.269

7 	  42.70	  -6.31	  -2.74
	  0.743	 -0.662	  0.101
	  0.659	  0.694	 -0.289
	  0.121	  0.281	  0.952

8 	  35.56	 -10.58	   3.53
	 -0.671	 -0.302	  0.677
	  0.568	 -0.796	  0.208
	  0.477	  0.524	  0.705

9 	  30.76	 -11.60	  15.33
	 -0.587	  0.138	  0.798
	  0.266	  0.963	  0.029
	 -0.765	  0.229	 -0.602

2 	  33.13	  -6.87	  22.78
	  0.571	  0.821	 -0.028
	 -0.822	  0.569	 -0.015
	  0.004	  0.032	  0.999

3 	  46.12	  -0.26	   1.79
	  0.316	  0.054	  0.947
	 -0.087	  0.996	 -0.028
	 -0.945	 -0.073	  0.319

4 	  42.87	   7.33	  -1.74
	  0.578	  0.674	  0.458
	 -0.813	  0.429	  0.393
	  0.068	 -0.600	  0.797

5 	  36.11	  10.28	   5.85
	 -0.588	  0.236	  0.774
	 -0.536	 -0.830	 -0.153
	  0.607	 -0.505	  0.614

6 	  33.94	  10.83	  16.58
	 -0.351	 -0.019	  0.936
	 -0.569	  0.798	 -0.198
	 -0.743	 -0.602	 -0.291

7 	  42.56	  -6.17	  -2.81
	  0.731	 -0.675	  0.096
	  0.670	  0.684	 -0.287
	  0.128	  0.274	  0.953

8 	  35.40	 -10.48	   3.38
	 -0.678	 -0.302	  0.670
	  0.557	 -0.805	  0.201
	  0.480	  0.510	  0.714

9 	  30.39	 -11.55	  15.01
	 -0.609	  0.117	  0.784
	  0.190	  0.981	  0.001
	 -0.770	  0.150	 -0.620

2 	  33.13	  -6.89	  22.78
	  0.571	  0.820	 -0.028
	 -0.821	  0.570	 -0.015
	  0.004	  0.032	  0.999

3 	  46.09	  -0.25	   1.78
	  0.320	  0.046	  0.946
	 -0.078	  0.997	 -0.022
	 -0.944	 -0.067	  0.322

4 	  42.86	   7.38	  -1.74
	  0.572	  0.671	  0.471
	 -0.818	  0.425	  0.386
	  0.059	 -0.607	  0.793

5 	  35.95	  10.28	   5.64
	 -0.611	  0.236	  0.755
	 -0.529	 -0.832	 -0.167
	  0.590	 -0.502	  0.632

6 	  33.57	  10.83	  16.35
	 -0.381	 -0.021	  0.924
	 -0.544	  0.813	 -0.207
	 -0.747	 -0.582	 -0.321

7 	  42.57	  -6.13	  -2.83
	  0.726	 -0.681	  0.094
	  0.676	  0.681	 -0.279
	  0.126	  0.266	  0.955

8 	  35.47	 -10.53	   3.22
	 -0.684	 -0.317	  0.657
	  0.568	 -0.797	  0.207
	  0.458	  0.514	  0.725

9 	  30.34	 -11.95	  14.78
	 -0.633	  0.081	  0.770
	  0.161	  0.986	  0.029
	 -0.757	  0.142	 -0.637

2 	  33.13	  -6.87	  22.78
	  0.571	  0.821	 -0.028
	 -0.822	  0.569	 -0.015
	  0.004	  0.032	  0.999

3 	  46.12	  -0.23	   1.78
	  0.320	  0.043	  0.946
	 -0.078	  0.997	 -0.020
	 -0.944	 -0.067	  0.322

4 	  42.87	   7.40	  -1.71
	  0.570	  0.670	  0.476
	 -0.820	  0.421	  0.388
	  0.059	 -0.612	  0.789

5 	  35.96	  10.30	   5.68
	 -0.611	  0.236	  0.755
	 -0.529	 -0.832	 -0.167
	  0.589	 -0.501	  0.633

6 	  33.57	  10.83	  16.38
	 -0.380	 -0.022	  0.925
	 -0.547	  0.812	 -0.206
	 -0.746	 -0.583	 -0.320

7 	  42.57	  -6.10	  -2.85
	  0.724	 -0.683	  0.095
	  0.678	  0.679	 -0.281
	  0.128	  0.267	  0.955

8 	  35.38	 -10.44	   3.18
	 -0.687	 -0.308	  0.657
	  0.558	 -0.803	  0.206
	  0.465	  0.509	  0.724

9 	  30.20	 -11.67	  14.78
	 -0.635	  0.092	  0.767
	  0.143	  0.990	 -0.000
	 -0.759	  0.109	 -0.641

2 	  33.13	  -6.87	  22.78
	  0.571	  0.821	 -0.028
	 -0.822	  0.569	 -0.015
	  0.004	  0.032	  0.999

3 	  46.12	  -0.23	   1.78
	  0.321	  0.041	  0.946
	 -0.077	  0.997	 -0.018
	 -0.944	 -0.067	  0.323

4 	  42.87	   7.44	  -1.69
	  0.570	  0.668	  0.479
	 -0.820	  0.420	  0.389
	  0.058	 -0.615	  0.787

5 	  35.93	  10.32	   5.61
	 -0.616	  0.245	  0.748
	 -0.526	 -0.836	 -0.158
	  0.587	 -0.490	  0.644

6 	  33.43	  11.09	  16.22
	 -0.396	 -0.000	  0.918
	 -0.542	  0.807	 -0.234
	 -0.741	 -0.590	 -0.320

7 	  42.56	  -6.13	  -2.87
	  0.717	 -0.690	  0.097
	  0.685	  0.672	 -0.281
	  0.129	  0.269	  0.954

8 	  35.35	 -10.42	   3.11
	 -0.696	 -0.305	  0.650
	  0.554	 -0.804	  0.215
	  0.457	  0.510	  0.728

9 	  30.02	 -11.64	  14.57
	 -0.651	  0.083	  0.755
	  0.095	  0.995	 -0.028
	 -0.754	  0.054	 -0.655

2 	  33.13	  -6.87	  22.78
	  0.571	  0.820	 -0.028
	 -0.822	  0.570	 -0.015
	  0.004	  0.032	  0.999

3 	  46.20	  -0.23	   1.78
	  0.314	  0.034	  0.949
	 -0.069	  0.997	 -0.014
	 -0.947	 -0.061	  0.315

4 	  42.93	   7.44	  -1.60
	  0.570	  0.658	  0.492
	 -0.821	  0.419	  0.389
	  0.049	 -0.626	  0.778

5 	  35.93	  10.34	   5.59
	 -0.625	  0.246	  0.741
	 -0.523	 -0.836	 -0.163
	  0.580	 -0.489	  0.651

6 	  33.35	  11.06	  16.24
	 -0.404	 -0.000	  0.915
	 -0.543	  0.805	 -0.240
	 -0.736	 -0.594	 -0.325

7 	  42.59	  -6.08	  -2.87
	  0.718	 -0.689	  0.097
	  0.684	  0.673	 -0.280
	  0.128	  0.267	  0.955

8 	  35.44	 -10.46	   3.04
	 -0.688	 -0.319	  0.651
	  0.567	 -0.797	  0.208
	  0.453	  0.513	  0.729

9 	  30.22	 -11.83	  14.55
	 -0.648	  0.070	  0.758
	  0.083	  0.996	 -0.021
	 -0.757	  0.049	 -0.652

2 	  33.13	  -6.87	  22.78
	  0.571	  0.820	 -0.028
	 -0.822	  0.570	 -0.015
	  0.004	  0.032	  0.999

3 	  46.12	  -0.18	   1.78
	  0.321	  0.029	  0.947
	 -0.073	  0.997	 -0.006
	 -0.944	 -0.068	  0.322

4 	  42.87	   7.49	  -1.51
	  0.569	  0.651	  0.502
	 -0.821	  0.410	  0.396
	  0.051	 -0.638	  0.768

5 	  35.79	  10.27	   5.61
	 -0.635	  0.240	  0.734
	 -0.510	 -0.844	 -0.164
	  0.580	 -0.479	  0.659

6 	  33.08	  11.06	  16.17
	 -0.423	  0.008	  0.906
	 -0.547	  0.795	 -0.262
	 -0.723	 -0.606	 -0.332

7 	  42.56	  -6.06	  -2.97
	  0.719	 -0.689	  0.091
	  0.683	  0.675	 -0.278
	  0.130	  0.262	  0.956

8 	  35.35	 -10.51	   2.95
	 -0.693	 -0.315	  0.648
	  0.561	 -0.800	  0.210
	  0.453	  0.509	  0.732

9 	  29.88	 -11.94	  14.31
	 -0.671	  0.060	  0.739
	  0.073	  0.997	 -0.015
	 -0.738	  0.044	 -0.673

2 	  33.15	  -6.87	  22.76
	  0.571	  0.821	 -0.028
	 -0.822	  0.569	 -0.015
	  0.004	  0.032	  0.999

3 	  46.11	  -0.26	   1.79
	  0.317	  0.029	  0.948
	 -0.070	  0.997	 -0.008
	 -0.946	 -0.063	  0.318

4 	  42.98	   7.37	  -1.56
	  0.576	  0.645	  0.501
	 -0.817	  0.423	  0.392
	  0.041	 -0.636	  0.771

5 	  35.96	  10.35	   5.48
	 -0.635	  0.259	  0.728
	 -0.533	 -0.829	 -0.169
	  0.561	 -0.495	  0.663

6 	  33.21	  11.20	  16.05
	 -0.430	  0.018	  0.902
	 -0.530	  0.804	 -0.269
	 -0.731	 -0.594	 -0.336

7 	  42.80	  -6.19	  -3.08
	  0.721	 -0.685	  0.103
	  0.683	  0.680	 -0.265
	  0.112	  0.261	  0.958

8 	  35.61	 -10.81	   2.83
	 -0.693	 -0.321	  0.646
	  0.596	 -0.759	  0.261
	  0.407	  0.566	  0.716

9 	  29.67	 -12.62	  13.85
	 -0.716	  0.007	  0.698
	  0.031	  0.999	  0.021
	 -0.698	  0.037	 -0.715

2 	  33.13	  -6.87	  22.78
	  0.571	  0.820	 -0.028
	 -0.822	  0.570	 -0.015
	  0.004	  0.032	  0.999

3 	  46.09	  -0.33	   1.83
	  0.305	  0.038	  0.951
	 -0.070	  0.997	 -0.019
	 -0.950	 -0.061	  0.307

4 	  43.01	   7.28	  -1.58
	  0.575	  0.644	  0.503
	 -0.817	  0.426	  0.388
	  0.035	 -0.635	  0.772

5 	  35.95	  10.28	   5.40
	 -0.639	  0.264	  0.723
	 -0.527	 -0.834	 -0.161
	  0.561	 -0.483	  0.672

6 	  33.21	  11.32	  15.96
	 -0.427	  0.030	  0.904
	 -0.540	  0.793	 -0.281
	 -0.726	 -0.608	 -0.323

7 	  42.71	  -6.26	  -3.04
	  0.717	 -0.689	  0.105
	  0.688	  0.673	 -0.271
	  0.116	  0.267	  0.957

8 	  35.44	 -10.65	   3.06
	 -0.686	 -0.300	  0.663
	  0.585	 -0.769	  0.256
	  0.434	  0.564	  0.702

9 	  29.79	 -12.06	  14.34
	 -0.691	  0.042	  0.721
	  0.069	  0.997	  0.008
	 -0.719	  0.055	 -0.692

2 	  33.13	  -6.87	  22.78
	  0.571	  0.820	 -0.028
	 -0.822	  0.570	 -0.015
	  0.004	  0.032	  0.999

3 	  46.02	  -0.37	   1.86
	  0.319	  0.041	  0.947
	 -0.059	  0.998	 -0.024
	 -0.946	 -0.049	  0.321

4 	  43.03	   7.29	  -1.56
	  0.580	  0.637	  0.508
	 -0.814	  0.425	  0.395
	  0.035	 -0.643	  0.765

5 	  35.95	  10.48	   5.24
	 -0.640	  0.285	  0.713
	 -0.539	 -0.828	 -0.152
	  0.548	 -0.482	  0.683

6 	  33.08	  11.65	  15.71
	 -0.437	  0.048	  0.898
	 -0.528	  0.794	 -0.300
	 -0.728	 -0.605	 -0.322

7 	  42.47	  -6.28	  -2.99
	  0.699	 -0.707	  0.107
	  0.702	  0.650	 -0.290
	  0.136	  0.278	  0.951

8 	  35.23	 -10.46	   3.25
	 -0.684	 -0.274	  0.675
	  0.568	 -0.782	  0.257
	  0.458	  0.559	  0.690

9 	  29.60	 -11.67	  14.54
	 -0.685	  0.067	  0.725
	  0.085	  0.996	 -0.012
	 -0.724	  0.053	 -0.688

2 	  33.13	  -6.87	  22.78
	  0.571	  0.821	 -0.028
	 -0.822	  0.569	 -0.015
	  0.004	  0.032	  0.999

3 	  45.98	  -0.46	   1.83
	  0.323	  0.041	  0.945
	 -0.050	  0.998	 -0.027
	 -0.945	 -0.039	  0.324

4 	  43.05	   7.22	  -1.60
	  0.582	  0.633	  0.510
	 -0.813	  0.429	  0.393
	  0.029	 -0.644	  0.765

5 	  35.91	  10.53	   5.12
	 -0.643	  0.300	  0.704
	 -0.547	 -0.823	 -0.148
	  0.536	 -0.481	  0.694

6 	  33.01	  11.83	  15.59
	 -0.441	  0.062	  0.895
	 -0.523	  0.793	 -0.313
	 -0.729	 -0.606	 -0.318

7 	  42.40	  -6.35	  -2.95
	  0.695	 -0.711	  0.106
	  0.706	  0.645	 -0.292
	  0.139	  0.278	  0.950

8 	  35.19	 -10.49	   3.25
	 -0.682	 -0.278	  0.676
	  0.569	 -0.782	  0.252
	  0.459	  0.557	  0.692

9 	  29.64	 -11.78	  14.54
	 -0.683	  0.058	  0.728
	  0.072	  0.997	 -0.011
	 -0.727	  0.045	 -0.686

2 	  33.13	  -6.87	  22.78
	  0.571	  0.821	 -0.028
	 -0.822	  0.569	 -0.015
	  0.004	  0.032	  0.999

3 	  45.93	  -0.46	   1.85
	  0.323	  0.039	  0.945
	 -0.047	  0.998	 -0.025
	 -0.945	 -0.036	  0.324

4 	  43.00	   7.22	  -1.56
	  0.582	  0.631	  0.513
	 -0.813	  0.428	  0.394
	  0.029	 -0.647	  0.762

5 	  35.88	  10.51	   5.20
	 -0.643	  0.291	  0.708
	 -0.543	 -0.825	 -0.154
	  0.540	 -0.484	  0.688

6 	  32.96	  11.72	  15.68
	 -0.441	  0.053	  0.896
	 -0.529	  0.791	 -0.308
	 -0.725	 -0.609	 -0.321

7 	  42.31	  -6.21	  -3.04
	  0.687	 -0.720	  0.093
	  0.712	  0.643	 -0.283
	  0.145	  0.261	  0.954

8 	  35.03	 -10.37	   3.02
	 -0.690	 -0.286	  0.665
	  0.556	 -0.797	  0.234
	  0.464	  0.532	  0.708

9 	  29.36	 -11.87	  14.24
	 -0.688	  0.047	  0.724
	  0.083	  0.996	  0.014
	 -0.721	  0.071	 -0.690

2 	  33.13	  -6.87	  22.78
	  0.571	  0.821	 -0.028
	 -0.822	  0.570	 -0.015
	  0.005	  0.032	  0.999

3 	  45.90	  -0.44	   1.85
	  0.322	  0.029	  0.946
	 -0.039	  0.999	 -0.018
	 -0.946	 -0.031	  0.323

4 	  43.00	   7.28	  -1.53
	  0.583	  0.627	  0.516
	 -0.812	  0.428	  0.397
	  0.027	 -0.651	  0.758

5 	  35.91	  10.55	   5.24
	 -0.640	  0.293	  0.710
	 -0.549	 -0.821	 -0.155
	  0.539	 -0.489	  0.686

6 	  33.01	  11.83	  15.73
	 -0.442	  0.060	  0.895
	 -0.527	  0.790	 -0.313
	 -0.726	 -0.610	 -0.318

7 	  42.31	  -6.21	  -3.02
	  0.685	 -0.723	  0.092
	  0.714	  0.640	 -0.284
	  0.147	  0.260	  0.954

8 	  35.09	 -10.37	   3.18
	 -0.680	 -0.281	  0.677
	  0.560	 -0.795	  0.232
	  0.474	  0.537	  0.698

9 	  29.71	 -11.76	  14.57
	 -0.670	  0.058	  0.740
	  0.096	  0.995	  0.009
	 -0.736	  0.077	 -0.672

2 	  33.13	  -6.87	  22.78
	  0.571	  0.820	 -0.028
	 -0.822	  0.570	 -0.015
	  0.004	  0.032	  0.999

3 	  45.88	  -0.44	   1.85
	  0.328	  0.033	  0.944
	 -0.038	  0.999	 -0.022
	 -0.944	 -0.029	  0.329

4 	  42.98	   7.26	  -1.51
	  0.585	  0.626	  0.515
	 -0.811	  0.428	  0.398
	  0.028	 -0.651	  0.758

5 	  35.89	  10.53	   5.26
	 -0.636	  0.293	  0.714
	 -0.549	 -0.822	 -0.152
	  0.542	 -0.489	  0.683

6 	  33.01	  11.81	  15.75
	 -0.436	  0.058	  0.898
	 -0.539	  0.782	 -0.312
	 -0.721	 -0.620	 -0.310

7 	  42.26	  -6.22	  -3.01
	  0.687	 -0.722	  0.088
	  0.710	  0.639	 -0.294
	  0.156	  0.264	  0.952

8 	  35.00	 -10.37	   3.13
	 -0.682	 -0.285	  0.674
	  0.557	 -0.800	  0.224
	  0.475	  0.528	  0.704

9 	  29.53	 -11.85	  14.43
	 -0.677	  0.051	  0.734
	  0.094	  0.995	  0.017
	 -0.730	  0.081	 -0.678

2 	  33.13	  -6.87	  22.78
	  0.571	  0.821	 -0.028
	 -0.822	  0.569	 -0.015
	  0.004	  0.032	  0.999

3 	  45.86	  -0.42	   1.85
	  0.328	  0.032	  0.944
	 -0.039	  0.999	 -0.020
	 -0.944	 -0.030	  0.329

4 	  42.93	   7.28	  -1.53
	  0.586	  0.628	  0.512
	 -0.810	  0.428	  0.400
	  0.031	 -0.650	  0.759

5 	  35.93	  10.51	   5.43
	 -0.628	  0.284	  0.725
	 -0.551	 -0.820	 -0.155
	  0.551	 -0.496	  0.671

6 	  33.35	  11.64	  16.07
	 -0.415	  0.044	  0.909
	 -0.556	  0.778	 -0.292
	 -0.720	 -0.626	 -0.299

7 	  42.26	  -6.19	  -2.99
	  0.699	 -0.711	  0.080
	  0.695	  0.648	 -0.311
	  0.169	  0.273	  0.947

8 	  35.31	 -10.46	   3.64
	 -0.646	 -0.286	  0.708
	  0.585	 -0.781	  0.218
	  0.491	  0.555	  0.671

9 	  30.81	 -11.71	  15.40
	 -0.620	  0.069	  0.781
	  0.118	  0.993	  0.005
	 -0.776	  0.095	 -0.624

2 	  33.13	  -6.87	  22.78
	  0.571	  0.820	 -0.028
	 -0.822	  0.570	 -0.015
	  0.004	  0.032	  0.999

3 	  45.84	  -0.33	   1.81
	  0.360	  0.066	  0.930
	 -0.058	  0.997	 -0.049
	 -0.931	 -0.037	  0.363

4 	  42.64	   7.31	  -1.56
	  0.617	  0.637	  0.461
	 -0.784	  0.445	  0.432
	  0.070	 -0.629	  0.774

5 	  36.49	  10.55	   6.64
	 -0.495	  0.279	  0.823
	 -0.616	 -0.780	 -0.106
	  0.613	 -0.559	  0.558

6 	  35.91	  11.71	  17.44
	 -0.239	  0.051	  0.970
	 -0.656	  0.727	 -0.201
	 -0.716	 -0.684	 -0.141

7 	  41.94	  -6.36	  -2.74
	  0.753	 -0.657	  0.036
	  0.607	  0.672	 -0.425
	  0.255	  0.342	  0.904

8 	  36.04	 -10.99	   5.04
	 -0.504	 -0.303	  0.809
	  0.681	 -0.716	  0.156
	  0.532	  0.629	  0.566

9 	  33.87	 -12.16	  17.47
	 -0.450	  0.103	  0.887
	  0.220	  0.975	 -0.002
	 -0.865	  0.194	 -0.462

2 	  33.13	  -6.87	  22.78
	  0.571	  0.820	 -0.028
	 -0.822	  0.570	 -0.015
	  0.004	  0.032	  0.999

3 	  45.62	  -0.39	   1.58
	  0.423	  0.095	  0.901
	 -0.076	  0.995	 -0.069
	 -0.903	 -0.039	  0.428

4 	  42.12	   7.24	  -1.69
	  0.653	  0.652	  0.386
	 -0.750	  0.479	  0.457
	  0.113	 -0.588	  0.801

5 	  37.12	  10.18	   8.03
	 -0.302	  0.268	  0.915
	 -0.583	 -0.811	  0.045
	  0.754	 -0.519	  0.401

6 	  38.65	  11.97	  18.54
	 -0.004	  0.089	  0.996
	 -0.795	  0.604	 -0.059
	 -0.608	 -0.791	  0.067

7 	  41.40	  -6.63	  -2.64
	  0.786	 -0.619	 -0.008
	  0.532	  0.681	 -0.504
	  0.318	  0.391	  0.863

8 	  36.81	 -11.57	   6.26
	 -0.327	 -0.330	  0.885
	  0.749	 -0.661	  0.030
	  0.576	  0.673	  0.463

9 	  37.18	 -12.73	  18.88
	 -0.197	  0.157	  0.968
	  0.519	  0.854	 -0.032
	 -0.832	  0.495	 -0.250

2 	  33.13	  -6.87	  22.78
	  0.571	  0.820	 -0.028
	 -0.822	  0.570	 -0.015
	  0.004	  0.032	  0.999

3 	  45.39	  -0.44	   1.28
	  0.477	  0.118	  0.871
	 -0.091	  0.992	 -0.086
	 -0.874	 -0.038	  0.484

4 	  41.68	   7.14	  -1.81
	  0.677	  0.660	  0.326
	 -0.723	  0.510	  0.465
	  0.141	 -0.551	  0.822

5 	  38.21	  10.12	   8.93
	 -0.114	  0.267	  0.957
	 -0.589	 -0.794	  0.151
	  0.800	 -0.546	  0.247

6 	  41.36	  12.13	  18.86
	  0.176	  0.097	  0.979
	 -0.786	  0.614	  0.078
	 -0.596	 -0.782	  0.182

7 	  41.08	  -6.79	  -2.37
	  0.798	 -0.603	 -0.018
	  0.488	  0.662	 -0.568
	  0.355	  0.445	  0.822

8 	  37.90	 -11.48	   7.77
	 -0.131	 -0.285	  0.949
	  0.738	 -0.667	 -0.098
	  0.661	  0.688	  0.298

9 	  40.82	 -11.97	  19.99
	  0.015	  0.206	  0.978
	  0.531	  0.828	 -0.181
	 -0.848	  0.521	 -0.098

2 	  33.13	  -6.87	  22.78
	  0.571	  0.820	 -0.028
	 -0.822	  0.570	 -0.015
	  0.004	  0.032	  0.999

3 	  45.46	  -0.56	   1.14
	  0.492	  0.133	  0.860
	 -0.099	  0.990	 -0.098
	 -0.865	 -0.036	  0.500

4 	  41.70	   7.00	  -1.93
	  0.698	  0.651	  0.298
	 -0.704	  0.542	  0.459
	  0.137	 -0.530	  0.837

5 	  39.41	  10.07	   9.47
	  0.033	  0.263	  0.964
	 -0.583	 -0.779	  0.231
	  0.812	 -0.569	  0.128

6 	  43.49	  12.08	  18.98
	  0.283	  0.098	  0.954
	 -0.775	  0.610	  0.163
	 -0.570	 -0.784	  0.247

7 	  41.15	  -6.94	  -2.21
	  0.809	 -0.587	 -0.019
	  0.461	  0.653	 -0.600
	  0.366	  0.477	  0.799

8 	  38.92	 -10.81	   8.75
	  0.021	 -0.248	  0.968
	  0.606	 -0.768	 -0.209
	  0.795	  0.590	  0.135

9 	  43.42	 -11.95	  20.16
	  0.260	  0.198	  0.945
	  0.746	  0.582	 -0.323
	 -0.618	  0.787	  0.003

2 	  33.13	  -6.87	  22.78
	  0.571	  0.820	 -0.028
	 -0.822	  0.570	 -0.015
	  0.005	  0.032	  0.999

3 	  45.56	  -0.49	   1.11
	  0.498	  0.140	  0.855
	 -0.113	  0.989	 -0.097
	 -0.860	 -0.048	  0.508

4 	  41.73	   7.05	  -1.74
	  0.701	  0.642	  0.310
	 -0.703	  0.551	  0.448
	  0.117	 -0.533	  0.838

5 	  40.32	   9.97	  10.23
	  0.170	  0.183	  0.968
	 -0.611	 -0.752	  0.248
	  0.775	 -0.632	 -0.015

6 	  45.21	  11.44	  19.20
	  0.417	  0.033	  0.908
	 -0.833	  0.416	  0.365
	 -0.371	 -0.907	  0.200

7 	  41.19	  -6.94	  -2.16
	  0.816	 -0.578	 -0.020
	  0.447	  0.652	 -0.612
	  0.367	  0.491	  0.790

8 	  39.97	 -10.58	   9.28
	  0.146	 -0.168	  0.975
	  0.657	 -0.721	 -0.222
	  0.740	  0.672	  0.006

9 	  44.79	 -11.60	  20.25
	  0.438	  0.160	  0.884
	  0.862	  0.205	 -0.462
	 -0.262	  0.964	 -0.049

2 	  33.13	  -6.87	  22.78
	  0.571	  0.820	 -0.028
	 -0.822	  0.570	 -0.015
	  0.004	  0.032	  0.999

3 	  45.69	  -0.46	   1.11
	  0.502	  0.143	  0.853
	 -0.121	  0.988	 -0.096
	 -0.857	 -0.054	  0.513

4 	  41.84	   7.07	  -1.71
	  0.711	  0.632	  0.308
	 -0.695	  0.562	  0.449
	  0.111	 -0.533	  0.838

5 	  40.94	  10.34	  10.16
	  0.213	  0.165	  0.963
	 -0.705	 -0.657	  0.266
	  0.679	 -0.734	 -0.022

6 	  45.97	  10.51	  19.07
	  0.385	 -0.066	  0.920
	 -0.583	  0.757	  0.295
	 -0.718	 -0.648	  0.253

7 	  41.29	  -6.98	  -2.18
	  0.823	 -0.568	 -0.028
	  0.437	  0.663	 -0.607
	  0.364	  0.488	  0.793

8 	  40.03	 -10.60	   9.35
	  0.172	 -0.150	  0.974
	  0.646	 -0.729	 -0.225
	  0.744	  0.667	 -0.027

9 	  44.63	 -11.55	  20.43
	  0.415	  0.163	  0.895
	  0.869	  0.222	 -0.441
	 -0.277	  0.960	 -0.052

2 	  33.13	  -6.87	  22.78
	  0.571	  0.821	 -0.028
	 -0.822	  0.569	 -0.015
	  0.004	  0.032	  0.999

3 	  45.81	  -0.60	   1.07
	  0.497	  0.149	  0.854
	 -0.115	  0.988	 -0.107
	 -0.860	 -0.045	  0.508

4 	  42.06	   6.91	  -1.92
	  0.718	  0.630	  0.296
	 -0.688	  0.580	  0.434
	  0.102	 -0.516	  0.850

5 	  41.01	  10.28	   9.91
	  0.183	  0.165	  0.969
	 -0.733	 -0.634	  0.245
	  0.656	 -0.754	  0.007

6 	  45.42	  10.39	  19.20
	  0.307	 -0.053	  0.950
	 -0.559	  0.799	  0.221
	 -0.773	 -0.597	  0.214

7 	  41.29	  -7.14	  -2.18
	  0.814	 -0.581	 -0.021
	  0.456	  0.660	 -0.597
	  0.361	  0.477	  0.801

8 	  39.87	 -10.62	   9.39
	  0.165	 -0.149	  0.975
	  0.616	 -0.757	 -0.219
	  0.771	  0.636	 -0.031

9 	  44.60	 -11.55	  20.46
	  0.419	  0.165	  0.892
	  0.870	  0.209	 -0.445
	 -0.266	  0.962	 -0.058

2 	  33.13	  -6.87	  22.78
	  0.571	  0.821	 -0.028
	 -0.822	  0.569	 -0.015
	  0.004	  0.032	  0.999

3 	  45.84	  -0.69	   1.09
	  0.496	  0.150	  0.855
	 -0.109	  0.988	 -0.111
	 -0.862	 -0.037	  0.506

4 	  42.08	   6.87	  -1.93
	  0.720	  0.629	  0.293
	 -0.687	  0.584	  0.432
	  0.100	 -0.513	  0.852

5 	  41.06	  10.35	   9.95
	  0.193	  0.164	  0.967
	 -0.742	 -0.621	  0.253
	  0.643	 -0.765	  0.003

6 	  45.69	  10.30	  19.12
	  0.325	 -0.067	  0.943
	 -0.525	  0.818	  0.235
	 -0.789	 -0.570	  0.230

7 	  41.26	  -7.12	  -2.20
	  0.812	 -0.583	 -0.022
	  0.457	  0.660	 -0.596
	  0.363	  0.474	  0.802

8 	  39.88	 -10.60	   9.40
	  0.166	 -0.146	  0.975
	  0.621	 -0.753	 -0.217
	  0.767	  0.640	 -0.033

9 	  44.61	 -11.55	  20.46
	  0.417	  0.162	  0.894
	  0.869	  0.218	 -0.443
	 -0.273	  0.961	 -0.052

