2 	  32.70	  -7.37	  22.75
	  0.555	  0.831	 -0.025
	 -0.832	  0.554	 -0.015
	  0.002	  0.030	  0.999

3 	  45.54	   0.33	   2.43
	  0.431	 -0.172	  0.885
	 -0.119	  0.962	  0.244
	 -0.895	 -0.210	  0.394

4 	  39.74	   6.22	  -3.78
	  0.163	  0.969	  0.185
	 -0.923	  0.083	  0.376
	  0.349	 -0.232	  0.908

5 	  45.14	   7.96	   7.15
	  0.762	  0.056	  0.645
	 -0.491	 -0.600	  0.631
	  0.423	 -0.797	 -0.430

6 	  55.18	   6.86	  11.25
	  0.898	 -0.118	  0.423
	 -0.143	  0.832	  0.536
	 -0.415	 -0.543	  0.729

7 	  42.61	  -6.57	  -4.57
	  0.606	 -0.796	 -0.006
	  0.754	  0.576	 -0.313
	  0.254	  0.185	  0.949

8 	  46.85	 -12.09	   4.34
	  0.719	 -0.515	  0.467
	  0.098	 -0.591	 -0.801
	  0.688	  0.620	 -0.375

9 	  53.77	  -7.63	  -0.90
	  0.547	  0.591	 -0.593
	 -0.716	  0.697	  0.037
	  0.439	  0.405	  0.802

2 	  32.70	  -7.37	  22.75
	  0.555	  0.831	 -0.025
	 -0.832	  0.554	 -0.014
	  0.003	  0.029	  0.999

3 	  45.39	   0.53	   2.39
	  0.434	 -0.214	  0.875
	 -0.077	  0.959	  0.272
	 -0.898	 -0.185	  0.400

4 	  39.52	   6.70	  -3.52
	  0.172	  0.959	  0.223
	 -0.917	  0.072	  0.392
	  0.361	 -0.272	  0.892

5 	  45.11	   8.09	   7.33
	  0.772	  0.036	  0.634
	 -0.485	 -0.612	  0.625
	  0.412	 -0.789	 -0.455

6 	  55.16	   6.89	  11.27
	  0.900	 -0.122	  0.417
	 -0.140	  0.826	  0.545
	 -0.411	 -0.551	  0.726

7 	  42.13	  -5.96	  -4.99
	  0.599	 -0.799	 -0.052
	  0.754	  0.584	 -0.300
	  0.271	  0.140	  0.952

8 	  46.30	 -11.74	   4.01
	  0.713	 -0.521	  0.469
	  0.098	 -0.590	 -0.802
	  0.694	  0.617	 -0.370

9 	  53.24	  -7.38	  -1.28
	  0.562	  0.579	 -0.590
	 -0.730	  0.682	 -0.020
	  0.397	  0.443	  0.803

2 	  32.70	  -7.37	  22.75
	  0.555	  0.831	 -0.025
	 -0.832	  0.554	 -0.015
	  0.002	  0.030	  0.999

3 	  45.39	   0.60	   2.39
	  0.436	 -0.219	  0.873
	 -0.086	  0.955	  0.282
	 -0.896	 -0.198	  0.397

4 	  39.41	   6.84	  -3.39
	  0.169	  0.958	  0.232
	 -0.915	  0.064	  0.399
	  0.368	 -0.279	  0.887

5 	  45.09	   8.12	   7.38
	  0.776	  0.031	  0.630
	 -0.481	 -0.618	  0.622
	  0.410	 -0.784	 -0.465

6 	  55.18	   6.91	  11.25
	  0.902	 -0.124	  0.412
	 -0.139	  0.823	  0.551
	 -0.407	 -0.556	  0.725

7 	  42.10	  -5.91	  -4.97
	  0.596	 -0.801	 -0.055
	  0.756	  0.582	 -0.299
	  0.272	  0.136	  0.952

8 	  46.30	 -11.72	   4.03
	  0.718	 -0.518	  0.464
	  0.097	 -0.588	 -0.803
	  0.689	  0.621	 -0.373

9 	  53.33	  -7.47	  -1.18
	  0.577	  0.567	 -0.588
	 -0.732	  0.679	 -0.059
	  0.371	  0.466	  0.803

2 	  32.70	  -7.37	  22.75
	  0.555	  0.831	 -0.025
	 -0.832	  0.554	 -0.015
	  0.002	  0.030	  0.999

3 	  45.35	   0.40	   2.32
	  0.445	 -0.186	  0.876
	 -0.091	  0.964	  0.250
	 -0.891	 -0.191	  0.411

4 	  39.36	   6.61	  -3.46
	  0.190	  0.957	  0.216
	 -0.904	  0.084	  0.418
	  0.382	 -0.275	  0.882

5 	  45.14	   7.98	   7.26
	  0.779	  0.030	  0.627
	 -0.486	 -0.604	  0.632
	  0.398	 -0.796	 -0.456

6 	  55.18	   6.87	  11.23
	  0.900	 -0.111	  0.422
	 -0.147	  0.832	  0.534
	 -0.411	 -0.544	  0.732

7 	  41.75	  -6.38	  -4.87
	  0.609	 -0.792	 -0.023
	  0.732	  0.573	 -0.368
	  0.306	  0.208	  0.929

8 	  46.32	 -11.78	   4.10
	  0.730	 -0.505	  0.459
	  0.089	 -0.597	 -0.797
	  0.677	  0.622	 -0.392

9 	  53.54	  -7.45	  -0.98
	  0.604	  0.555	 -0.573
	 -0.676	  0.737	  0.009
	  0.434	  0.382	  0.815

2 	  32.70	  -7.37	  22.75
	  0.555	  0.832	 -0.026
	 -0.832	  0.554	 -0.015
	  0.003	  0.030	  0.999

3 	  45.26	   0.21	   2.25
	  0.451	 -0.161	  0.878
	 -0.094	  0.969	  0.226
	 -0.888	 -0.185	  0.422

4 	  39.32	   6.42	  -3.55
	  0.206	  0.958	  0.199
	 -0.896	  0.103	  0.431
	  0.393	 -0.267	  0.880

5 	  45.19	   7.84	   7.10
	  0.781	  0.028	  0.624
	 -0.493	 -0.587	  0.642
	  0.385	 -0.809	 -0.445

6 	  55.20	   6.84	  11.23
	  0.896	 -0.099	  0.433
	 -0.155	  0.843	  0.514
	 -0.416	 -0.529	  0.740

7 	  41.73	  -6.54	  -4.89
	  0.612	 -0.791	 -0.001
	  0.726	  0.561	 -0.397
	  0.315	  0.242	  0.917

8 	  46.28	 -11.78	   4.13
	  0.733	 -0.503	  0.458
	  0.085	 -0.601	 -0.795
	  0.675	  0.620	 -0.399

9 	  53.51	  -7.44	  -0.95
	  0.606	  0.556	 -0.569
	 -0.672	  0.740	  0.014
	  0.436	  0.374	  0.818

