% Calibrated with leiden_pols
% Positions are in centimeters
Data =[
 2    96.778   -19.301    59.023
 2    -0.251    -0.968     0.003
 2     0.967    -0.250     0.033
 2    -0.033     0.010     0.999
 3   132.013    -4.946     3.463
 3     0.532    -0.243    -0.812
 3     0.340     0.938    -0.056
 3     0.775    -0.247     0.581
 4   123.499    10.946    -4.386
 4     0.819    -0.565     0.104
 4     0.531     0.677    -0.509
 4     0.217     0.471     0.854
 5   132.868    14.482    19.870
 5     0.461    -0.886     0.053
 5    -0.224    -0.175    -0.958
 5     0.859     0.429    -0.280
 6   137.722   -10.073    27.481
 6     0.017    -0.029    -0.999
 6    -0.999     0.048    -0.019
 6     0.050     0.998    -0.029
 7   119.430   -21.575    -3.828
 7     0.421     0.788     0.451
 7    -0.894     0.276     0.351
 7     0.153    -0.550     0.820
 8   136.623   -21.911    18.807
 8     0.593     0.715    -0.376
 8     0.483     0.055     0.872
 8     0.643    -0.697    -0.313
 9   139.352     1.719    20.035
 9    -0.026    -0.274    -0.962
 9     0.990    -0.137     0.012
 9    -0.135    -0.952     0.274
 2    96.777   -19.301    59.022
 2    -0.251    -0.968     0.003
 2     0.967    -0.250     0.033
 2    -0.033     0.011     0.999
 3   132.130    -4.948     3.320
 3     0.534    -0.246    -0.810
 3     0.341     0.937    -0.057
 3     0.773    -0.247     0.583
 4   123.535    10.941    -4.470
 4     0.820    -0.564     0.107
 4     0.532     0.679    -0.505
 4     0.211     0.471     0.856
 5   132.908    14.530    19.832
 5     0.463    -0.885     0.053
 5    -0.224    -0.176    -0.958
 5     0.857     0.431    -0.280
 6   137.823   -10.072    27.457
 6     0.019    -0.025    -1.000
 6    -0.999     0.049    -0.020
 6     0.050     0.998    -0.025
 7   119.567   -21.578    -3.862
 7     0.426     0.784     0.453
 7    -0.893     0.282     0.350
 7     0.147    -0.552     0.820
 8   136.795   -21.859    18.680
 8     0.591     0.713    -0.383
 8     0.486     0.061     0.870
 8     0.643    -0.698    -0.310
 9   139.475     1.771    19.933
 9    -0.030    -0.274    -0.962
 9     0.990    -0.138     0.008
 9    -0.135    -0.952     0.274
 2    96.778   -19.301    59.023
 2    -0.251    -0.968     0.003
 2     0.967    -0.250     0.033
 2    -0.033     0.010     0.999
 3   132.176    -4.999     3.248
 3     0.535    -0.246    -0.809
 3     0.342     0.937    -0.057
 3     0.772    -0.247     0.585
 4   123.548    10.887    -4.455
 4     0.819    -0.563     0.112
 4     0.535     0.679    -0.501
 4     0.206     0.470     0.858
 5   132.997    14.426    19.713
 5     0.466    -0.883     0.058
 5    -0.227    -0.184    -0.956
 5     0.855     0.432    -0.286
 6   138.179    -9.887    27.307
 6     0.032    -0.009    -0.999
 6    -0.998     0.049    -0.033
 6     0.050     0.999    -0.007
 7   119.565   -21.629    -3.910
 7     0.425     0.784     0.454
 7    -0.893     0.281     0.348
 7     0.146    -0.553     0.820
 8   136.846   -21.865    18.716
 8     0.596     0.709    -0.383
 8     0.492     0.051     0.867
 8     0.634    -0.703    -0.318
 9   140.393     1.509    18.993
 9     0.019    -0.316    -0.949
 9     0.986    -0.153     0.069
 9    -0.166    -0.936     0.308
 2    96.777   -19.301    59.022
 2    -0.251    -0.968     0.003
 2     0.967    -0.250     0.033
 2    -0.033     0.011     0.999
 3   132.345    -5.005     3.164
 3     0.541    -0.232    -0.809
 3     0.338     0.939    -0.041
 3     0.769    -0.253     0.586
 4   123.592    10.970    -4.451
 4     0.805    -0.582     0.118
 4     0.556     0.671    -0.490
 4     0.205     0.460     0.864
 5   131.388    14.213    20.249
 5     0.469    -0.860     0.201
 5    -0.237    -0.341    -0.910
 5     0.851     0.379    -0.363
 6   140.270    -7.996    27.175
 6     0.241     0.031    -0.970
 6    -0.970     0.009    -0.240
 6     0.004     0.999     0.031
 7   119.474   -21.582    -3.790
 7     0.412     0.792     0.452
 7    -0.899     0.271     0.344
 7     0.150    -0.547     0.823
 8   136.416   -21.900    19.297
 8     0.645     0.698    -0.318
 8     0.483    -0.053     0.872
 8     0.591    -0.714    -0.371
 9   143.500    -0.514    18.488
 9     0.213    -0.349    -0.914
 9     0.952    -0.139     0.272
 9    -0.219    -0.927     0.301
 2    96.778   -19.301    59.023
 2    -0.251    -0.968     0.003
 2     0.967    -0.250     0.033
 2    -0.033     0.010     0.999
 3   132.378    -4.996     3.365
 3     0.533    -0.215    -0.819
 3     0.337     0.941    -0.026
 3     0.776    -0.263     0.573
 4   123.596    11.086    -4.537
 4     0.782    -0.612     0.122
 4     0.587     0.656    -0.474
 4     0.209     0.441     0.872
 5   129.747    14.090    20.820
 5     0.474    -0.804     0.360
 5    -0.207    -0.498    -0.842
 5     0.855     0.325    -0.402
 6   142.243    -4.741    27.034
 6     0.461     0.048    -0.887
 6    -0.887    -0.012    -0.461
 6    -0.029     0.999     0.034
 7   119.178   -21.468    -3.563
 7     0.385     0.808     0.448
 7    -0.910     0.251     0.328
 7     0.153    -0.533     0.832
 8   135.202   -22.459    20.110
 8     0.705     0.687    -0.182
 8     0.424    -0.207     0.881
 8     0.568    -0.696    -0.437
 9   145.977    -4.249    17.552
 9     0.414    -0.395    -0.824
 9     0.866    -0.111     0.484
 9    -0.278    -0.912     0.293
 2    96.777   -19.301    59.022
 2    -0.251    -0.968     0.003
 2     0.967    -0.250     0.033
 2    -0.033     0.011     0.999
 3   132.362    -4.992     3.387
 3     0.529    -0.192    -0.827
 3     0.325     0.945    -0.009
 3     0.783    -0.265     0.562
 4   123.588    11.301    -4.815
 4     0.737    -0.668     0.109
 4     0.636     0.630    -0.445
 4     0.229     0.397     0.889
 5   127.870    13.939    20.916
 5     0.488    -0.669     0.563
 5    -0.129    -0.691    -0.710
 5     0.863     0.273    -0.423
 6   143.845     0.203    26.554
 6     0.679     0.115    -0.727
 6    -0.730    -0.010    -0.682
 6    -0.082     0.993     0.073
 7   118.841   -21.335    -3.382
 7     0.337     0.828     0.449
 7    -0.928     0.211     0.305
 7     0.158    -0.519     0.839
 8   133.027   -23.075    21.443
 8     0.791     0.605     0.088
 8     0.288    -0.498     0.818
 8     0.539    -0.621    -0.568
 9   148.328   -11.855    17.318
 9     0.682    -0.421    -0.608
 9     0.617    -0.115     0.774
 9    -0.390    -0.900     0.177
 2    96.777   -19.301    59.022
 2    -0.251    -0.968     0.003
 2     0.967    -0.250     0.033
 2    -0.033     0.011     0.999
 3   132.448    -5.077     3.350
 3     0.514    -0.154    -0.844
 3     0.304     0.952     0.012
 3     0.802    -0.264     0.535
 4   123.347    11.400    -4.879
 4     0.670    -0.739     0.079
 4     0.697     0.587    -0.411
 4     0.256     0.330     0.908
 5   125.863    13.834    21.107
 5     0.491    -0.453     0.746
 5    -0.029    -0.863    -0.503
 5     0.871     0.224    -0.436
 6   143.871     5.778    25.885
 6     0.834     0.176    -0.527
 6    -0.531    -0.007    -0.846
 6    -0.149     0.984     0.082
 7   118.529   -21.278    -3.347
 7     0.270     0.847     0.458
 7    -0.947     0.149     0.282
 7     0.172    -0.510     0.842
 8   130.551   -23.246    22.508
 8     0.820     0.416     0.394
 8     0.095    -0.776     0.622
 8     0.564    -0.474    -0.676
 9   148.277   -20.827    18.774
 9     0.867    -0.415    -0.285
 9     0.265    -0.094     0.958
 9    -0.421    -0.905     0.023
 2    96.778   -19.301    59.023
 2    -0.251    -0.968     0.003
 2     0.967    -0.250     0.033
 2    -0.033     0.010     0.999
 3   132.377    -5.088     3.318
 3     0.498    -0.138    -0.856
 3     0.297     0.954     0.021
 3     0.814    -0.266     0.515
 4   122.590    11.449    -5.133
 4     0.609    -0.789     0.077
 4     0.749     0.542    -0.380
 4     0.258     0.289     0.922
 5   124.505    13.905    20.691
 5     0.483    -0.315     0.818
 5     0.045    -0.923    -0.381
 5     0.874     0.220    -0.431
