% Calibrated with leiden_pols
% Positions are in centimeters
Data =[
 2    96.778   -19.301    59.023
 2    -0.251    -0.968     0.003
 2     0.967    -0.250     0.033
 2    -0.033     0.010     0.999
 3   132.013    -4.946     3.463
 3     0.532    -0.243    -0.812
 3     0.340     0.938    -0.056
 3     0.775    -0.247     0.581
 4   123.499    10.946    -4.386
 4     0.819    -0.565     0.104
 4     0.531     0.677    -0.509
 4     0.217     0.471     0.854
 5   132.868    14.482    19.870
 5     0.461    -0.886     0.053
 5    -0.224    -0.175    -0.958
 5     0.859     0.429    -0.280
 6   137.722   -10.073    27.481
 6     0.017    -0.029    -0.999
 6    -0.999     0.048    -0.019
 6     0.050     0.998    -0.029
 7   119.430   -21.575    -3.828
 7     0.421     0.788     0.451
 7    -0.894     0.276     0.351
 7     0.153    -0.550     0.820
 8   136.623   -21.911    18.807
 8     0.593     0.715    -0.376
 8     0.483     0.055     0.872
 8     0.643    -0.697    -0.313
 9   139.352     1.719    20.035
 9    -0.026    -0.274    -0.962
 9     0.990    -0.137     0.012
 9    -0.135    -0.952     0.274
 2    96.777   -19.301    59.022
 2    -0.251    -0.968     0.003
 2     0.967    -0.250     0.033
 2    -0.033     0.011     0.999
 3   132.130    -4.948     3.320
 3     0.534    -0.246    -0.810
 3     0.341     0.937    -0.057
 3     0.773    -0.247     0.583
 4   123.535    10.941    -4.470
 4     0.820    -0.564     0.107
 4     0.532     0.679    -0.505
 4     0.211     0.471     0.856
 5   132.908    14.530    19.832
 5     0.463    -0.885     0.053
 5    -0.224    -0.176    -0.958
 5     0.857     0.431    -0.280
 6   137.823   -10.072    27.457
 6     0.019    -0.025    -1.000
 6    -0.999     0.049    -0.020
 6     0.050     0.998    -0.025
 7   119.567   -21.578    -3.862
 7     0.426     0.784     0.453
 7    -0.893     0.282     0.350
 7     0.147    -0.552     0.820
 8   136.795   -21.859    18.680
 8     0.591     0.713    -0.383
 8     0.486     0.061     0.870
 8     0.643    -0.698    -0.310
 9   139.475     1.771    19.933
 9    -0.030    -0.274    -0.962
 9     0.990    -0.138     0.008
 9    -0.135    -0.952     0.274
 2    96.778   -19.301    59.023
 2    -0.251    -0.968     0.003
 2     0.967    -0.250     0.033
 2    -0.033     0.010     0.999
 3   132.176    -4.999     3.248
 3     0.535    -0.246    -0.809
 3     0.342     0.937    -0.057
 3     0.772    -0.247     0.585
 4   123.548    10.887    -4.455
 4     0.819    -0.563     0.112
 4     0.535     0.679    -0.501
 4     0.206     0.470     0.858
 5   132.997    14.426    19.713
 5     0.466    -0.883     0.058
 5    -0.227    -0.184    -0.956
 5     0.855     0.432    -0.286
 6   138.179    -9.887    27.307
 6     0.032    -0.009    -0.999
 6    -0.998     0.049    -0.033
 6     0.050     0.999    -0.007
 7   119.565   -21.629    -3.910
 7     0.425     0.784     0.454
 7    -0.893     0.281     0.348
 7     0.146    -0.553     0.820
 8   136.846   -21.865    18.716
 8     0.596     0.709    -0.383
 8     0.492     0.051     0.867
 8     0.634    -0.703    -0.318
 9   140.393     1.509    18.993
 9     0.019    -0.316    -0.949
 9     0.986    -0.153     0.069
 9    -0.166    -0.936     0.308
 2    96.777   -19.301    59.022
 2    -0.251    -0.968     0.003
 2     0.967    -0.250     0.033
 2    -0.033     0.011     0.999
 3   132.345    -5.005     3.164
 3     0.541    -0.232    -0.809
 3     0.338     0.939    -0.041
 3     0.769    -0.253     0.586
 4   123.592    10.970    -4.451
 4     0.805    -0.582     0.118
 4     0.556     0.671    -0.490
 4     0.205     0.460     0.864
 5   131.388    14.213    20.249
 5     0.469    -0.860     0.201
 5    -0.237    -0.341    -0.910
 5     0.851     0.379    -0.363
 6   140.270    -7.996    27.175
 6     0.241     0.031    -0.970
 6    -0.970     0.009    -0.240
 6     0.004     0.999     0.031
 7   119.474   -21.582    -3.790
 7     0.412     0.792     0.452
 7    -0.899     0.271     0.344
 7     0.150    -0.547     0.823
 8   136.416   -21.900    19.297
 8     0.645     0.698    -0.318
 8     0.483    -0.053     0.872
 8     0.591    -0.714    -0.371
 9   143.500    -0.514    18.488
 9     0.213    -0.349    -0.914
 9     0.952    -0.139     0.272
 9    -0.219    -0.927     0.301
 2    96.778   -19.301    59.023
 2    -0.251    -0.968     0.003
 2     0.967    -0.250     0.033
 2    -0.033     0.010     0.999
 3   132.378    -4.996     3.365
 3     0.533    -0.215    -0.819
 3     0.337     0.941    -0.026
 3     0.776    -0.263     0.573
 4   123.596    11.086    -4.537
 4     0.782    -0.612     0.122
 4     0.587     0.656    -0.474
 4     0.209     0.441     0.872
 5   129.747    14.090    20.820
 5     0.474    -0.804     0.360
 5    -0.207    -0.498    -0.842
 5     0.855     0.325    -0.402
 6   142.243    -4.741    27.034
 6     0.461     0.048    -0.887
 6    -0.887    -0.012    -0.461
 6    -0.029     0.999     0.034
 7   119.178   -21.468    -3.563
 7     0.385     0.808     0.448
 7    -0.910     0.251     0.328
 7     0.153    -0.533     0.832
 8   135.202   -22.459    20.110
 8     0.705     0.687    -0.182
 8     0.424    -0.207     0.881
 8     0.568    -0.696    -0.437
 9   145.977    -4.249    17.552
 9     0.414    -0.395    -0.824
 9     0.866    -0.111     0.484
 9    -0.278    -0.912     0.293
 2    96.777   -19.301    59.022
 2    -0.251    -0.968     0.003
 2     0.967    -0.250     0.033
 2    -0.033     0.011     0.999
 3   132.362    -4.992     3.387
 3     0.529    -0.192    -0.827
 3     0.325     0.945    -0.009
 3     0.783    -0.265     0.562
 4   123.588    11.301    -4.815
 4     0.737    -0.668     0.109
 4     0.636     0.630    -0.445
 4     0.229     0.397     0.889
 5   127.870    13.939    20.916
 5     0.488    -0.669     0.563
 5    -0.129    -0.691    -0.710
 5     0.863     0.273    -0.423
 6   143.845     0.203    26.554
 6     0.679     0.115    -0.727
 6    -0.730    -0.010    -0.682
 6    -0.082     0.993     0.073
 7   118.841   -21.335    -3.382
 7     0.337     0.828     0.449
 7    -0.928     0.211     0.305
 7     0.158    -0.519     0.839
 8   133.027   -23.075    21.443
 8     0.791     0.605     0.088
 8     0.288    -0.498     0.818
 8     0.539    -0.621    -0.568
 9   148.328   -11.855    17.318
 9     0.682    -0.421    -0.608
 9     0.617    -0.115     0.774
 9    -0.390    -0.900     0.177
 2    96.777   -19.301    59.022
 2    -0.251    -0.968     0.003
 2     0.967    -0.250     0.033
 2    -0.033     0.011     0.999
 3   132.448    -5.077     3.350
 3     0.514    -0.154    -0.844
 3     0.304     0.952     0.012
 3     0.802    -0.264     0.535
 4   123.347    11.400    -4.879
 4     0.670    -0.739     0.079
 4     0.697     0.587    -0.411
 4     0.256     0.330     0.908
 5   125.863    13.834    21.107
 5     0.491    -0.453     0.746
 5    -0.029    -0.863    -0.503
 5     0.871     0.224    -0.436
 6   143.871     5.778    25.885
 6     0.834     0.176    -0.527
 6    -0.531    -0.007    -0.846
 6    -0.149     0.984     0.082
 7   118.529   -21.278    -3.347
 7     0.270     0.847     0.458
 7    -0.947     0.149     0.282
 7     0.172    -0.510     0.842
 8   130.551   -23.246    22.508
 8     0.820     0.416     0.394
 8     0.095    -0.776     0.622
 8     0.564    -0.474    -0.676
 9   148.277   -20.827    18.774
 9     0.867    -0.415    -0.285
 9     0.265    -0.094     0.958
 9    -0.421    -0.905     0.023
 2    96.778   -19.301    59.023
 2    -0.251    -0.968     0.003
 2     0.967    -0.250     0.033
 2    -0.033     0.010     0.999
 3   132.377    -5.088     3.318
 3     0.498    -0.138    -0.856
 3     0.297     0.954     0.021
 3     0.814    -0.266     0.515
 4   122.590    11.449    -5.133
 4     0.609    -0.789     0.077
 4     0.749     0.542    -0.380
 4     0.258     0.289     0.922
 5   124.505    13.905    20.691
 5     0.483    -0.315     0.818
 5     0.045    -0.923    -0.381
 5     0.874     0.220    -0.431
 6   143.101     9.442    24.751
 6     0.899     0.236    -0.373
 6    -0.387     0.035    -0.920
 6    -0.203     0.971     0.118
 7   118.376   -21.273    -3.206
 7     0.226     0.865     0.448
 7    -0.952     0.099     0.287
 7     0.205    -0.491     0.846
 8   128.855   -22.988    23.207
 8     0.790     0.279     0.546
 8    -0.009    -0.885     0.463
 8     0.612    -0.372    -0.697
 9   146.432   -27.250    20.472
 9     0.913    -0.407     0.016
 9    -0.036    -0.036     0.998
 9    -0.405    -0.913    -0.050
 2    96.778   -19.301    59.023
 2    -0.251    -0.968     0.003
 2     0.967    -0.250     0.033
 2    -0.033     0.010     0.999
 3   132.388    -5.059     3.224
 3     0.495    -0.139    -0.858
 3     0.295     0.955     0.016
 3     0.817    -0.262     0.513
 4   121.550    11.341    -5.438
 4     0.532    -0.842     0.087
 4     0.808     0.474    -0.347
 4     0.250     0.255     0.934
 5   122.861    14.196    20.302
 5     0.468    -0.186     0.865
 5     0.120    -0.956    -0.267
 5     0.875     0.227    -0.425
 6   141.408    13.981    23.785
 6     0.944     0.273    -0.189
 6    -0.218     0.088    -0.972
 6    -0.248     0.958     0.140
 7   118.103   -21.053    -3.253
 7     0.168     0.891     0.422
 7    -0.958     0.047     0.282
 7     0.233    -0.451     0.861
 8   127.708   -22.804    23.422
 8     0.765     0.176     0.619
 8    -0.081    -0.928     0.363
 8     0.638    -0.328    -0.696
 9   144.038   -31.464    21.663
 9     0.893    -0.385     0.234
 9    -0.251     0.007     0.968
 9    -0.372    -0.923    -0.090
 2    96.778   -19.301    59.023
 2    -0.251    -0.968     0.003
 2     0.967    -0.250     0.033
 2    -0.033     0.010     0.999
 3   132.409    -4.720     3.090
 3     0.485    -0.149    -0.862
 3     0.295     0.955     0.003
 3     0.823    -0.257     0.506
 4   120.465    11.270    -5.757
 4     0.473    -0.874     0.116
 4     0.849     0.416    -0.325
 4     0.235     0.252     0.938
 5   121.537    14.364    19.781
 5     0.452    -0.100     0.887
 5     0.161    -0.969    -0.189
 5     0.878     0.227    -0.420
 6   139.897    16.815    23.530
 6     0.963     0.260    -0.073
 6    -0.096     0.083    -0.992
 6    -0.252     0.962     0.103
 7   117.949   -20.835    -3.285
 7     0.130     0.906     0.402
 7    -0.960     0.014     0.277
 7     0.246    -0.422     0.872
 8   126.481   -22.864    23.598
 8     0.737     0.058     0.673
 8    -0.164    -0.951     0.261
 8     0.655    -0.303    -0.692
 9   141.767   -34.987    22.922
 9     0.856    -0.344     0.390
 9    -0.410     0.010     0.911
 9    -0.316    -0.939    -0.130
 2    96.778   -19.301    59.023
 2    -0.251    -0.968     0.003
 2     0.967    -0.250     0.033
 2    -0.033     0.010     0.999
 3   132.393    -4.597     2.797
 3     0.489    -0.157    -0.858
 3     0.296     0.955    -0.005
 3     0.820    -0.252     0.513
 4   119.627    11.170    -6.072
 4     0.420    -0.896     0.147
 4     0.881     0.363    -0.303
 4     0.218     0.256     0.941
 5   120.258    14.408    19.407
 5     0.419    -0.048     0.907
 5     0.186    -0.973    -0.137
 5     0.888     0.225    -0.399
 6   138.409    19.039    23.886
 6     0.975     0.220     0.020
 6    -0.001     0.096    -0.996
 6    -0.220     0.971     0.093
 7   117.961   -20.660    -3.285
 7     0.097     0.917     0.388
 7    -0.959    -0.018     0.281
 7     0.265    -0.399     0.878
 8   125.323   -22.868    23.699
 8     0.693    -0.034     0.720
 8    -0.231    -0.957     0.176
 8     0.683    -0.288    -0.671
 9   139.651   -36.982    24.288
 9     0.819    -0.312     0.484
 9    -0.507     0.002     0.861
 9    -0.268    -0.950    -0.153
 2    96.778   -19.301    59.023
 2    -0.251    -0.968     0.003
 2     0.967    -0.250     0.033
 2    -0.033     0.010     0.999
 3   132.403    -4.320     2.523
 3     0.491    -0.173    -0.854
 3     0.298     0.954    -0.021
 3     0.818    -0.245     0.519
 4   118.893    11.175    -6.134
 4     0.382    -0.909     0.167
 4     0.900     0.324    -0.292
 4     0.211     0.261     0.942
 5   119.086    14.618    19.115
 5     0.392    -0.024     0.920
 5     0.198    -0.974    -0.109
 5     0.898     0.224    -0.377
 6   137.032    20.636    24.361
 6     0.979     0.189     0.079
 6     0.066     0.076    -0.995
 6    -0.194     0.979     0.062
 7   117.896   -20.527    -3.155
 7     0.084     0.921     0.381
 7    -0.956    -0.034     0.291
 7     0.281    -0.389     0.877
 8   124.659   -22.826    23.880
 8     0.662    -0.096     0.743
 8    -0.275    -0.953     0.122
 8     0.697    -0.286    -0.658
 9   138.115   -38.339    24.724
 9     0.787    -0.296     0.545
 9    -0.563     0.019     0.825
 9    -0.254    -0.955    -0.149
 2    96.778   -19.301    59.023
 2    -0.251    -0.968     0.003
 2     0.967    -0.250     0.033
 2    -0.033     0.010     0.999
 3   132.321    -4.196     2.449
 3     0.494    -0.178    -0.851
 3     0.297     0.954    -0.026
 3     0.817    -0.240     0.524
 4   118.702    11.225    -6.177
 4     0.372    -0.911     0.178
 4     0.905     0.313    -0.288
 4     0.207     0.268     0.941
 5   118.753    14.729    18.970
 5     0.384    -0.018     0.923
 5     0.201    -0.974    -0.102
 5     0.901     0.224    -0.370
 6   136.574    21.161    24.564
 6     0.978     0.184     0.095
 6     0.091     0.036    -0.995
 6    -0.187     0.982     0.018
 7   117.741   -20.524    -3.227
 7     0.075     0.920     0.385
 7    -0.954    -0.046     0.294
 7     0.289    -0.390     0.874
 8   124.289   -22.697    23.897
 8     0.650    -0.109     0.752
 8    -0.282    -0.953     0.105
 8     0.705    -0.281    -0.651
 9   137.476   -38.625    24.712
 9     0.773    -0.285     0.570
 9    -0.583     0.034     0.810
 9    -0.248    -0.958    -0.137
 2    96.778   -19.301    59.023
 2    -0.251    -0.968     0.002
 2     0.967    -0.250     0.033
 2    -0.033     0.010     0.999
 3   132.253    -4.258     2.245
 3     0.506    -0.173    -0.846
 3     0.290     0.956    -0.021
 3     0.812    -0.236     0.533
 4   118.580    11.118    -6.259
 4     0.370    -0.910     0.187
 4     0.907     0.311    -0.283
 4     0.199     0.274     0.941
 5   118.785    14.671    18.938
 5     0.390    -0.018     0.921
 5     0.202    -0.974    -0.103
 5     0.898     0.226    -0.376
 6   136.547    21.179    24.278
 6     0.976     0.196     0.098
 6     0.095     0.026    -0.995
 6    -0.197     0.980     0.006
 7   117.626   -20.474    -3.261
 7     0.067     0.920     0.387
 7    -0.954    -0.055     0.295
 7     0.293    -0.389     0.873
 8   124.130   -22.515    23.772
 8     0.646    -0.107     0.756
 8    -0.279    -0.955     0.104
 8     0.710    -0.278    -0.646
 9   137.305   -38.578    24.793
 9     0.767    -0.285     0.578
 9    -0.592     0.034     0.804
 9    -0.248    -0.958    -0.139
 2    96.777   -19.301    59.022
 2    -0.251    -0.968     0.003
 2     0.967    -0.250     0.033
 2    -0.033     0.011     0.999
 3   132.205    -4.260     2.246
 3     0.508    -0.165    -0.846
 3     0.286     0.957    -0.014
 3     0.812    -0.236     0.533
 4   118.532    11.119    -6.262
 4     0.369    -0.910     0.187
 4     0.907     0.310    -0.284
 4     0.200     0.274     0.940
 5   118.748    14.675    18.873
 5     0.388    -0.019     0.922
 5     0.200    -0.974    -0.104
 5     0.900     0.224    -0.374
 6   136.497    21.181    24.373
 6     0.976     0.195     0.098
 6     0.097     0.020    -0.995
 6    -0.196     0.980    -0.000
 7   117.628   -20.399    -3.314
 7     0.064     0.920     0.387
 7    -0.954    -0.057     0.295
 7     0.294    -0.388     0.874
 8   124.153   -22.515    23.772
 8     0.646    -0.101     0.756
 8    -0.277    -0.954     0.109
 8     0.710    -0.280    -0.646
 9   137.303   -38.399    24.722
 9     0.769    -0.290     0.573
 9    -0.588     0.031     0.807
 9    -0.250    -0.956    -0.144
 2    96.778   -19.301    59.023
 2    -0.251    -0.968     0.003
 2     0.967    -0.250     0.033
 2    -0.033     0.010     0.999
 3   132.210    -4.259     2.292
 3     0.507    -0.164    -0.847
 3     0.286     0.957    -0.013
 3     0.813    -0.237     0.532
 4   118.541    11.092    -6.216
 4     0.380    -0.907     0.184
 4     0.902     0.320    -0.288
 4     0.202     0.275     0.940
 5   118.975    14.770    18.957
 5     0.402    -0.091     0.911
 5     0.178    -0.969    -0.174
 5     0.898     0.231    -0.373
 6   137.335    19.513    24.576
 6     0.982     0.189     0.021
 6     0.023    -0.003    -1.000
 6    -0.189     0.982    -0.008
 7   117.652   -20.426    -3.340
 7     0.078     0.921     0.381
 7    -0.955    -0.040     0.292
 7     0.284    -0.387     0.877
 8   124.809   -22.545    23.653
 8     0.683     0.033     0.729
 8    -0.196    -0.954     0.226
 8     0.703    -0.297    -0.645
 9   139.849   -35.046    23.852
 9     0.845    -0.304     0.442
 9    -0.446     0.053     0.893
 9    -0.294    -0.951    -0.089
 2    96.777   -19.301    59.022
 2    -0.251    -0.968     0.003
 2     0.967    -0.250     0.033
 2    -0.033     0.011     0.999
 3   132.144    -4.304     2.462
 3     0.501    -0.161    -0.851
 3     0.291     0.956    -0.009
 3     0.815    -0.243     0.525
 4   118.871    10.976    -6.247
 4     0.415    -0.894     0.169
 4     0.888     0.357    -0.288
 4     0.197     0.269     0.943
 5   120.679    15.401    19.174
 5     0.473    -0.288     0.834
 5     0.113    -0.918    -0.379
 5     0.874     0.272    -0.401
 6   139.789    14.935    23.546
 6     0.956     0.219    -0.195
 6    -0.190    -0.032    -0.981
 6    -0.220     0.975     0.009
 7   117.702   -20.441    -3.504
 7     0.104     0.919     0.379
 7    -0.962    -0.003     0.272
 7     0.252    -0.393     0.884
 8   125.879   -22.713    23.237
 8     0.728     0.236     0.645
 8    -0.076    -0.906     0.415
 8     0.681    -0.352    -0.642
 9   143.226   -29.547    21.826
 9     0.919    -0.352     0.182
 9    -0.172     0.060     0.983
 9    -0.356    -0.934    -0.005
 2    96.778   -19.301    59.023
 2    -0.251    -0.968     0.002
 2     0.967    -0.250     0.033
 2    -0.033     0.010     0.999
 3   132.151    -4.429     2.638
 3     0.498    -0.155    -0.853
 3     0.292     0.956    -0.002
 3     0.816    -0.249     0.521
 4   119.483    10.752    -6.289
 4     0.495    -0.853     0.166
 4     0.852     0.439    -0.283
 4     0.169     0.281     0.944
 5   122.872    15.909    19.056
 5     0.505    -0.524     0.689
 5     0.008    -0.793    -0.608
 5     0.863     0.311    -0.395
 6   141.237     8.530    23.281
 6     0.864     0.198    -0.467
 6    -0.467    -0.033    -0.882
 6    -0.187     0.979     0.059
 7   117.660   -20.549    -3.603
 7     0.123     0.915     0.384
 7    -0.964     0.019     0.262
 7     0.233    -0.402     0.885
 8   126.821   -23.053    23.015
 8     0.737     0.411     0.537
 8     0.037    -0.817     0.574
 8     0.674    -0.404    -0.618
 9   144.888   -21.889    20.782
 9     0.906    -0.385    -0.183
 9     0.214     0.050     0.975
 9    -0.365    -0.922     0.124
 2    96.778   -19.301    59.023
 2    -0.251    -0.968     0.003
 2     0.967    -0.250     0.033
 2    -0.033     0.010     0.999
 3   132.226    -4.657     2.774
 3     0.498    -0.148    -0.855
 3     0.295     0.955     0.008
 3     0.815    -0.257     0.519
 4   120.093    10.643    -6.417
 4     0.559    -0.814     0.161
 4     0.815     0.503    -0.288
 4     0.153     0.292     0.944
 5   124.215    16.293    18.823
 5     0.472    -0.674     0.570
 5    -0.067    -0.671    -0.738
 5     0.879     0.310    -0.361
 6   140.850     3.586    24.440
 6     0.729     0.137    -0.672
 6    -0.677     0.000    -0.735
 6    -0.098     0.990     0.089
 7   117.714   -20.499    -3.605
 7     0.136     0.913     0.384
 7    -0.965     0.033     0.259
 7     0.224    -0.406     0.886
 8   127.462   -23.421    22.836
 8     0.751     0.475     0.458
 8     0.082    -0.755     0.650
 8     0.654    -0.452    -0.606
 9   144.383   -17.586    19.276
 9     0.812    -0.460    -0.369
 9     0.434     0.056     0.897
 9    -0.390    -0.886     0.242
 2    96.778   -19.301    59.023
 2    -0.251    -0.968     0.003
 2     0.967    -0.250     0.033
 2    -0.033     0.010     0.999
 3   132.325    -4.842     2.965
 3     0.507    -0.126    -0.853
 3     0.286     0.957     0.029
 3     0.813    -0.259     0.521
 4   120.633    10.706    -6.235
 4     0.599    -0.786     0.153
 4     0.785     0.541    -0.300
 4     0.153     0.299     0.941
 5   125.261    16.488    18.856
 5     0.463    -0.735     0.495
 5    -0.099    -0.598    -0.795
 5     0.880     0.319    -0.349
 6   140.678     1.435    24.880
 6     0.635     0.137    -0.762
 6    -0.770     0.036    -0.635
 6    -0.057     0.990     0.125
 7   117.496   -20.336    -3.640
 7     0.141     0.908     0.394
 7    -0.969     0.044     0.243
 7     0.203    -0.416     0.886
 8   128.085   -24.144    22.352
 8     0.755     0.535     0.379
 8     0.113    -0.675     0.728
 8     0.646    -0.507    -0.570
 9   143.728   -13.910    18.913
 9     0.698    -0.451    -0.563
 9     0.618    -0.018     0.783
 9    -0.360    -0.892     0.262
 2    96.778   -19.301    59.023
 2    -0.251    -0.968     0.003
 2     0.967    -0.250     0.033
 2    -0.033     0.010     0.999
 3   132.323    -4.872     2.971
 3     0.511    -0.119    -0.851
 3     0.280     0.959     0.036
 3     0.812    -0.258     0.523
 4   120.986    10.645    -6.281
 4     0.626    -0.765     0.153
 4     0.764     0.564    -0.310
 4     0.151     0.311     0.938
 5   126.136    16.644    18.747
 5     0.465    -0.766     0.444
 5    -0.111    -0.547    -0.829
 5     0.878     0.336    -0.339
 6   140.189    -0.481    25.415
 6     0.531     0.129    -0.839
 6    -0.848     0.067    -0.525
 6    -0.008     0.989     0.142
 7   117.648   -20.166    -3.807
 7     0.183     0.897     0.402
 7    -0.968     0.094     0.230
 7     0.170    -0.431     0.886
 8   129.809   -24.634    21.366
 8     0.750     0.622     0.222
 8     0.187    -0.523     0.832
 8     0.634    -0.583    -0.509
 9   143.118    -9.717    18.430
 9     0.542    -0.449    -0.716
 9     0.781    -0.045     0.619
 9    -0.307    -0.892     0.324
 2    96.777   -19.301    59.022
 2    -0.251    -0.968     0.003
 2     0.967    -0.250     0.033
 2    -0.033     0.011     0.999
 3   132.406    -4.757     2.987
 3     0.523    -0.132    -0.842
 3     0.283     0.958     0.027
 3     0.803    -0.253     0.539
 4   121.455    10.600    -6.267
 4     0.668    -0.728     0.159
 4     0.730     0.598    -0.331
 4     0.145     0.337     0.930
 5   127.686    16.532    18.535
 5     0.476    -0.800     0.367
 5    -0.129    -0.476    -0.870
 5     0.870     0.366    -0.329
 6   140.216    -2.262    25.493
 6     0.423     0.122    -0.899
 6    -0.906     0.073    -0.416
 6     0.019     0.990     0.139
 7   117.674   -20.126    -4.137
 7     0.238     0.874     0.424
 7    -0.963     0.157     0.216
 7     0.123    -0.460     0.879
 8   132.232   -24.447    19.629
 8     0.741     0.672     0.003
 8     0.278    -0.313     0.908
 8     0.611    -0.671    -0.418
 9   142.462    -5.615    17.341
 9     0.352    -0.468    -0.814
 9     0.905    -0.052     0.418
 9    -0.235    -0.882     0.404
 2    96.778   -19.301    59.023
 2    -0.251    -0.968     0.003
 2     0.967    -0.250     0.033
 2    -0.033     0.010     0.999
 3   132.377    -4.911     2.787
 3     0.552    -0.153    -0.820
 3     0.279     0.960     0.011
 3     0.785    -0.236     0.572
 4   122.188    10.556    -6.045
 4     0.745    -0.647     0.163
 4     0.654     0.661    -0.365
 4     0.129     0.378     0.916
 5   130.705    15.893    18.207
 5     0.496    -0.847     0.190
 5    -0.172    -0.311    -0.935
 5     0.851     0.431    -0.300
 6   139.786    -5.779    25.056
 6     0.219     0.138    -0.966
 6    -0.976     0.031    -0.215
 6     0.003     0.990     0.140
 7   117.874   -19.789    -4.694
 7     0.300     0.843     0.447
 7    -0.952     0.232     0.199
 7     0.065    -0.484     0.872
 8   134.324   -23.577    17.731
 8     0.703     0.686    -0.190
 8     0.354    -0.111     0.928
 8     0.616    -0.719    -0.321
 9   141.373    -2.123    17.514
 9     0.187    -0.438    -0.881
 9     0.970    -0.063     0.234
 9    -0.156    -0.897     0.412
 2    96.778   -19.301    59.023
 2    -0.251    -0.968     0.002
 2     0.967    -0.250     0.033
 2    -0.033     0.010     0.999
 3   132.477    -4.892     2.764
 3     0.559    -0.159    -0.814
 3     0.283     0.958     0.009
 3     0.779    -0.236     0.580
 4   122.913    10.537    -5.958
 4     0.796    -0.587     0.149
 4     0.590     0.698    -0.406
 4     0.134     0.410     0.901
 5   132.757    15.404    17.895
 5     0.503    -0.864     0.038
 5    -0.205    -0.163    -0.965
 5     0.839     0.477    -0.259
 6   139.007    -7.656    25.506
 6     0.068     0.127    -0.990
 6    -0.997     0.037    -0.063
 6     0.030     0.991     0.128
 7   117.996   -19.587    -5.119
 7     0.338     0.824     0.456
 7    -0.940     0.274     0.201
 7     0.041    -0.496     0.867
 8   134.798   -23.123    17.177
 8     0.667     0.698    -0.265
 8     0.384    -0.021     0.922
 8     0.638    -0.715    -0.281
 9   140.237    -0.648    18.529
 9     0.104    -0.349    -0.932
 9     0.988    -0.071     0.135
 9    -0.112    -0.934     0.337
 2    96.777   -19.301    59.022
 2    -0.251    -0.968     0.003
 2     0.967    -0.250     0.033
 2    -0.033     0.011     0.999
 3   132.181    -4.749     2.805
 3     0.566    -0.186    -0.803
 3     0.294     0.955    -0.012
 3     0.769    -0.230     0.595
 4   122.558    10.373    -6.055
 4     0.812    -0.564     0.152
 4     0.568     0.705    -0.423
 4     0.131     0.429     0.893
 5   132.972    15.608    17.355
 5     0.508    -0.861     0.030
 5    -0.166    -0.134    -0.977
 5     0.845     0.491    -0.212
 6   138.270    -7.735    25.844
 6     0.020     0.077    -0.997
 6    -0.998     0.054    -0.015
 6     0.054     0.995     0.078
 7   117.744   -19.866    -4.950
 7     0.336     0.822     0.462
 7    -0.939     0.254     0.228
 7     0.071    -0.510     0.857
 8   134.349   -23.192    17.652
 8     0.665     0.710    -0.237
 8     0.382    -0.054     0.922
 8     0.641    -0.702    -0.307
 9   139.972    -0.878    18.922
 9     0.110    -0.298    -0.949
 9     0.986    -0.085     0.140
 9    -0.120    -0.951     0.284
 2    96.778   -19.301    59.023
 2    -0.251    -0.968     0.003
 2     0.967    -0.250     0.033
 2    -0.033     0.010     0.999
 3   131.998    -4.726     2.784
 3     0.568    -0.209    -0.797
 3     0.309     0.950    -0.027
 3     0.762    -0.231     0.604
 4   122.330    10.345    -6.054
 4     0.815    -0.559     0.153
 4     0.565     0.706    -0.426
 4     0.130     0.433     0.891
 5   132.767    15.886    17.100
 5     0.514    -0.857     0.041
 5    -0.128    -0.126    -0.984
 5     0.848     0.500    -0.175
 6   137.987    -7.916    25.835
 6     0.013     0.054    -0.998
 6    -0.998     0.054    -0.010
 6     0.054     0.997     0.054
 7   118.080   -19.980    -5.026
 7     0.352     0.817     0.458
 7    -0.933     0.265     0.242
 7     0.077    -0.512     0.855
 8   134.387   -23.179    17.787
 8     0.654     0.724    -0.226
 8     0.383    -0.062     0.921
 8     0.652    -0.687    -0.318
 9   139.862    -0.645    19.377
 9     0.102    -0.241    -0.965
 9     0.987    -0.097     0.127
 9    -0.123    -0.966     0.227
 2    96.778   -19.301    59.023
 2    -0.251    -0.968     0.003
 2     0.967    -0.250     0.033
 2    -0.033     0.010     0.999
 3   131.999    -4.671     2.779
 3     0.564    -0.218    -0.797
 3     0.315     0.948    -0.034
 3     0.763    -0.232     0.603
 4   122.270    10.380    -6.029
 4     0.810    -0.567     0.152
 4     0.570     0.699    -0.432
 4     0.138     0.436     0.889
 5   132.670    15.864    17.117
 5     0.513    -0.857     0.048
 5    -0.126    -0.131    -0.983
 5     0.849     0.498    -0.176
 6   137.744    -7.921    25.967
 6     0.014     0.033    -0.999
 6    -0.999     0.048    -0.012
 6     0.049     0.998     0.034
 7   118.127   -19.929    -5.050
 7     0.354     0.817     0.458
 7    -0.932     0.267     0.242
 7     0.076    -0.511     0.855
 8   134.297   -23.177    17.826
 8     0.652     0.726    -0.222
 8     0.380    -0.064     0.922
 8     0.655    -0.684    -0.318
 9   139.866    -0.746    19.426
 9     0.104    -0.238    -0.966
 9     0.987    -0.096     0.129
 9    -0.122    -0.966     0.224
];