% Calibrated with leiden_pols
% Positions are in centimeters
Data =[
 2    98.502   -22.423    59.339
 2     0.823    -0.568    -0.009
 2     0.567     0.821     0.052
 2    -0.021    -0.049     0.998
 3   129.698    -3.242    -3.095
 3     0.538    -0.292    -0.792
 3     0.403     0.912    -0.061
 3     0.740    -0.287     0.608
 4   112.865    17.656    -9.383
 4     0.478    -0.697     0.536
 4     0.843     0.192    -0.501
 4     0.246     0.691     0.679
 5   115.779    22.350    17.805
 5     0.103    -0.128     0.986
 5     0.270    -0.951    -0.151
 5     0.957     0.281    -0.063
 6   125.119    32.075    41.268
 6     0.243    -0.932    -0.273
 6     0.202     0.320    -0.925
 6     0.948     0.169     0.264
 7   112.253   -21.519    -7.631
 7     0.671     0.515     0.534
 7    -0.739     0.411     0.533
 7     0.055    -0.752     0.656
 8   118.207   -24.271    18.617
 8     0.214    -0.149     0.965
 8    -0.319    -0.945    -0.075
 8     0.923    -0.291    -0.250
 9   126.398   -36.624    41.639
 9     0.431     0.865     0.256
 9    -0.296    -0.132     0.946
 9     0.852    -0.484     0.199
 2    98.505   -22.422    59.337
 2     0.824    -0.568    -0.009
 2     0.566     0.821     0.051
 2    -0.020    -0.049     0.998
 3   129.804    -3.265    -3.097
 3     0.535    -0.288    -0.795
 3     0.405     0.912    -0.056
 3     0.741    -0.292     0.603
 4   113.011    17.604    -9.401
 4     0.479    -0.698     0.535
 4     0.843     0.195    -0.500
 4     0.244     0.689     0.681
 5   115.905    22.349    17.780
 5     0.104    -0.132     0.986
 5     0.271    -0.950    -0.155
 5     0.957     0.282    -0.063
 6   125.219    32.176    41.219
 6     0.245    -0.932    -0.272
 6     0.204     0.321    -0.925
 6     0.948     0.169     0.266
 7   112.254   -21.518    -7.584
 7     0.671     0.516     0.533
 7    -0.739     0.411     0.533
 7     0.056    -0.751     0.657
 8   118.211   -24.270    18.583
 8     0.213    -0.150     0.965
 8    -0.318    -0.945    -0.076
 8     0.924    -0.291    -0.248
 9   126.353   -36.623    41.659
 9     0.430     0.865     0.261
 9    -0.296    -0.138     0.945
 9     0.853    -0.483     0.197
 2    98.503   -22.423    59.339
 2     0.824    -0.568    -0.009
 2     0.566     0.821     0.052
 2    -0.021    -0.049     0.998
 3   129.756    -3.261    -3.151
 3     0.531    -0.292    -0.797
 3     0.410     0.910    -0.059
 3     0.742    -0.296     0.601
 4   112.767    17.573    -9.484
 4     0.476    -0.695     0.540
 4     0.847     0.196    -0.494
 4     0.237     0.692     0.681
 5   115.761    22.344    17.740
 5     0.108    -0.120     0.987
 5     0.274    -0.951    -0.146
 5     0.955     0.285    -0.069
 6   125.048    32.353    41.108
 6     0.246    -0.936    -0.256
 6     0.210     0.305    -0.928
 6     0.946     0.173     0.270
 7   112.205   -21.592    -7.585
 7     0.675     0.513     0.532
 7    -0.736     0.411     0.537
 7     0.056    -0.753     0.654
 8   118.287   -24.213    18.614
 8     0.218    -0.156     0.963
 8    -0.316    -0.945    -0.081
 8     0.923    -0.287    -0.255
 9   126.019   -36.632    41.868
 9     0.427     0.827     0.369
 9    -0.317    -0.243     0.916
 9     0.847    -0.507     0.159
 2    98.502   -22.423    59.339
 2     0.823    -0.568    -0.009
 2     0.567     0.821     0.052
 2    -0.021    -0.049     0.998
 3   129.669    -3.239    -3.190
 3     0.532    -0.298    -0.794
 3     0.412     0.908    -0.063
 3     0.739    -0.295     0.605
 4   112.666    17.524    -9.485
 4     0.471    -0.696     0.543
 4     0.849     0.192    -0.491
 4     0.237     0.692     0.681
 5   115.580    22.351    17.742
 5     0.102    -0.102     0.990
 5     0.279    -0.952    -0.126
 5     0.955     0.289    -0.068
 6   124.601    32.767    41.034
 6     0.242    -0.947    -0.216
 6     0.221     0.267    -0.938
 6     0.945     0.178     0.272
 7   112.365   -21.565    -7.548
 7     0.671     0.518     0.531
 7    -0.739     0.408     0.536
 7     0.061    -0.751     0.656
 8   118.079   -24.152    18.600
 8     0.200    -0.177     0.964
 8    -0.321    -0.941    -0.106
 8     0.926    -0.289    -0.245
 9   125.342   -36.790    41.970
 9     0.411     0.827     0.385
 9    -0.324    -0.261     0.909
 9     0.852    -0.497     0.161
 2    98.503   -22.423    59.339
 2     0.824    -0.568    -0.009
 2     0.566     0.821     0.052
 2    -0.021    -0.049     0.998
 3   129.935    -3.184    -3.028
 3     0.529    -0.290    -0.798
 3     0.408     0.910    -0.058
 3     0.743    -0.296     0.600
 4   112.956    17.530    -9.501
 4     0.469    -0.700     0.540
 4     0.849     0.188    -0.493
 4     0.243     0.688     0.682
 5   115.816    23.212    17.746
 5     0.109    -0.058     0.992
 5     0.323    -0.942    -0.090
 5     0.940     0.330    -0.083
 6   124.830    34.937    40.410
 6     0.247    -0.953    -0.182
 6     0.267     0.244    -0.932
 6     0.931     0.181     0.313
 7   112.570   -21.461    -7.659
 7     0.671     0.521     0.529
 7    -0.739     0.407     0.536
 7     0.064    -0.750     0.658
 8   118.146   -24.353    18.587
 8     0.192    -0.209     0.959
 8    -0.341    -0.930    -0.135
 8     0.920    -0.302    -0.250
 9   125.035   -37.604    41.636
 9     0.406     0.804     0.437
 9    -0.356    -0.300     0.884
 9     0.842    -0.513     0.165
 2    98.503   -22.423    59.339
 2     0.824    -0.568    -0.009
 2     0.566     0.821     0.052
 2    -0.021    -0.049     0.998
 3   129.854    -3.136    -2.917
 3     0.532    -0.289    -0.796
 3     0.408     0.910    -0.056
 3     0.741    -0.296     0.602
 4   112.652    17.523    -9.376
 4     0.467    -0.691     0.553
 4     0.853     0.187    -0.487
 4     0.233     0.698     0.676
 5   116.111    23.426    17.792
 5     0.131    -0.030     0.991
 5     0.334    -0.940    -0.072
 5     0.933     0.340    -0.113
 6   125.392    35.508    40.185
 6     0.262    -0.953    -0.154
 6     0.281     0.225    -0.933
 6     0.923     0.201     0.325
 7   112.160   -21.419    -7.535
 7     0.664     0.522     0.536
 7    -0.746     0.406     0.528
 7     0.058    -0.750     0.658
 8   118.089   -23.990    18.758
 8     0.205    -0.203     0.957
 8    -0.320    -0.938    -0.130
 8     0.925    -0.280    -0.257
 9   125.582   -36.634    42.030
 9     0.419     0.828     0.375
 9    -0.319    -0.251     0.913
 9     0.850    -0.501     0.159
 2    98.503   -22.423    59.339
 2     0.824    -0.568    -0.009
 2     0.566     0.821     0.052
 2    -0.021    -0.049     0.998
 3   129.694    -3.191    -2.904
 3     0.536    -0.290    -0.794
 3     0.409     0.910    -0.054
 3     0.738    -0.297     0.605
 4   112.672    17.476    -9.319
 4     0.474    -0.691     0.547
 4     0.847     0.187    -0.496
 4     0.240     0.698     0.674
 5   115.890    22.465    17.849
 5     0.120    -0.063     0.991
 5     0.295    -0.951    -0.096
 5     0.948     0.303    -0.095
 6   124.889    33.546    40.871
 6     0.248    -0.949    -0.198
 6     0.240     0.255    -0.937
 6     0.938     0.185     0.289
 7   112.140   -21.469    -7.465
 7     0.663     0.523     0.536
 7    -0.746     0.403     0.529
 7     0.060    -0.750     0.657
 8   118.178   -24.090    18.774
 8     0.210    -0.203     0.956
 8    -0.323    -0.938    -0.128
 8     0.923    -0.282    -0.262
 9   125.536   -37.232    41.785
 9     0.417     0.822     0.390
 9    -0.334    -0.259     0.905
 9     0.845    -0.507     0.167
 2    98.454   -22.422    59.336
 2     0.824    -0.568    -0.010
 2     0.567     0.821     0.052
 2    -0.020    -0.049     0.998
 3   129.689    -3.242    -2.901
 3     0.536    -0.292    -0.793
 3     0.410     0.910    -0.056
 3     0.737    -0.296     0.607
 4   112.426    17.371    -9.353
 4     0.466    -0.688     0.557
 4     0.853     0.184    -0.487
 4     0.233     0.701     0.673
 5   115.605    24.337    17.412
 5     0.122    -0.010     0.992
 5     0.382    -0.923    -0.056
 5     0.916     0.385    -0.108
