% Calibrated with leiden_pols
% Positions are in centimeters
Data =[
 2    98.502   -22.423    59.339
 2     0.823    -0.568    -0.009
 2     0.567     0.821     0.052
 2    -0.021    -0.049     0.998
 3   129.698    -3.242    -3.095
 3     0.538    -0.292    -0.792
 3     0.403     0.912    -0.061
 3     0.740    -0.287     0.608
 4   112.865    17.656    -9.383
 4     0.478    -0.697     0.536
 4     0.843     0.192    -0.501
 4     0.246     0.691     0.679
 5   115.779    22.350    17.805
 5     0.103    -0.128     0.986
 5     0.270    -0.951    -0.151
 5     0.957     0.281    -0.063
 6   125.119    32.075    41.268
 6     0.243    -0.932    -0.273
 6     0.202     0.320    -0.925
 6     0.948     0.169     0.264
 7   112.253   -21.519    -7.631
 7     0.671     0.515     0.534
 7    -0.739     0.411     0.533
 7     0.055    -0.752     0.656
 8   118.207   -24.271    18.617
 8     0.214    -0.149     0.965
 8    -0.319    -0.945    -0.075
 8     0.923    -0.291    -0.250
 9   126.398   -36.624    41.639
 9     0.431     0.865     0.256
 9    -0.296    -0.132     0.946
 9     0.852    -0.484     0.199
 2    98.505   -22.422    59.337
 2     0.824    -0.568    -0.009
 2     0.566     0.821     0.051
 2    -0.020    -0.049     0.998
 3   129.804    -3.265    -3.097
 3     0.535    -0.288    -0.795
 3     0.405     0.912    -0.056
 3     0.741    -0.292     0.603
 4   113.011    17.604    -9.401
 4     0.479    -0.698     0.535
 4     0.843     0.195    -0.500
 4     0.244     0.689     0.681
 5   115.905    22.349    17.780
 5     0.104    -0.132     0.986
 5     0.271    -0.950    -0.155
 5     0.957     0.282    -0.063
 6   125.219    32.176    41.219
 6     0.245    -0.932    -0.272
 6     0.204     0.321    -0.925
 6     0.948     0.169     0.266
 7   112.254   -21.518    -7.584
 7     0.671     0.516     0.533
 7    -0.739     0.411     0.533
 7     0.056    -0.751     0.657
 8   118.211   -24.270    18.583
 8     0.213    -0.150     0.965
 8    -0.318    -0.945    -0.076
 8     0.924    -0.291    -0.248
 9   126.353   -36.623    41.659
 9     0.430     0.865     0.261
 9    -0.296    -0.138     0.945
 9     0.853    -0.483     0.197
 2    98.503   -22.423    59.339
 2     0.824    -0.568    -0.009
 2     0.566     0.821     0.052
 2    -0.021    -0.049     0.998
 3   129.756    -3.261    -3.151
 3     0.531    -0.292    -0.797
 3     0.410     0.910    -0.059
 3     0.742    -0.296     0.601
 4   112.767    17.573    -9.484
 4     0.476    -0.695     0.540
 4     0.847     0.196    -0.494
 4     0.237     0.692     0.681
 5   115.761    22.344    17.740
 5     0.108    -0.120     0.987
 5     0.274    -0.951    -0.146
 5     0.955     0.285    -0.069
 6   125.048    32.353    41.108
 6     0.246    -0.936    -0.256
 6     0.210     0.305    -0.928
 6     0.946     0.173     0.270
 7   112.205   -21.592    -7.585
 7     0.675     0.513     0.532
 7    -0.736     0.411     0.537
 7     0.056    -0.753     0.654
 8   118.287   -24.213    18.614
 8     0.218    -0.156     0.963
 8    -0.316    -0.945    -0.081
 8     0.923    -0.287    -0.255
 9   126.019   -36.632    41.868
 9     0.427     0.827     0.369
 9    -0.317    -0.243     0.916
 9     0.847    -0.507     0.159
 2    98.502   -22.423    59.339
 2     0.823    -0.568    -0.009
 2     0.567     0.821     0.052
 2    -0.021    -0.049     0.998
 3   129.669    -3.239    -3.190
 3     0.532    -0.298    -0.794
 3     0.412     0.908    -0.063
 3     0.739    -0.295     0.605
 4   112.666    17.524    -9.485
 4     0.471    -0.696     0.543
 4     0.849     0.192    -0.491
 4     0.237     0.692     0.681
 5   115.580    22.351    17.742
 5     0.102    -0.102     0.990
 5     0.279    -0.952    -0.126
 5     0.955     0.289    -0.068
 6   124.601    32.767    41.034
 6     0.242    -0.947    -0.216
 6     0.221     0.267    -0.938
 6     0.945     0.178     0.272
 7   112.365   -21.565    -7.548
 7     0.671     0.518     0.531
 7    -0.739     0.408     0.536
 7     0.061    -0.751     0.656
 8   118.079   -24.152    18.600
 8     0.200    -0.177     0.964
 8    -0.321    -0.941    -0.106
 8     0.926    -0.289    -0.245
 9   125.342   -36.790    41.970
 9     0.411     0.827     0.385
 9    -0.324    -0.261     0.909
 9     0.852    -0.497     0.161
 2    98.503   -22.423    59.339
 2     0.824    -0.568    -0.009
 2     0.566     0.821     0.052
 2    -0.021    -0.049     0.998
 3   129.935    -3.184    -3.028
 3     0.529    -0.290    -0.798
 3     0.408     0.910    -0.058
 3     0.743    -0.296     0.600
 4   112.956    17.530    -9.501
 4     0.469    -0.700     0.540
 4     0.849     0.188    -0.493
 4     0.243     0.688     0.682
 5   115.816    23.212    17.746
 5     0.109    -0.058     0.992
 5     0.323    -0.942    -0.090
 5     0.940     0.330    -0.083
 6   124.830    34.937    40.410
 6     0.247    -0.953    -0.182
 6     0.267     0.244    -0.932
 6     0.931     0.181     0.313
 7   112.570   -21.461    -7.659
 7     0.671     0.521     0.529
 7    -0.739     0.407     0.536
 7     0.064    -0.750     0.658
 8   118.146   -24.353    18.587
 8     0.192    -0.209     0.959
 8    -0.341    -0.930    -0.135
 8     0.920    -0.302    -0.250
 9   125.035   -37.604    41.636
 9     0.406     0.804     0.437
 9    -0.356    -0.300     0.884
 9     0.842    -0.513     0.165
 2    98.503   -22.423    59.339
 2     0.824    -0.568    -0.009
 2     0.566     0.821     0.052
 2    -0.021    -0.049     0.998
 3   129.854    -3.136    -2.917
 3     0.532    -0.289    -0.796
 3     0.408     0.910    -0.056
 3     0.741    -0.296     0.602
 4   112.652    17.523    -9.376
 4     0.467    -0.691     0.553
 4     0.853     0.187    -0.487
 4     0.233     0.698     0.676
 5   116.111    23.426    17.792
 5     0.131    -0.030     0.991
 5     0.334    -0.940    -0.072
 5     0.933     0.340    -0.113
 6   125.392    35.508    40.185
 6     0.262    -0.953    -0.154
 6     0.281     0.225    -0.933
 6     0.923     0.201     0.325
 7   112.160   -21.419    -7.535
 7     0.664     0.522     0.536
 7    -0.746     0.406     0.528
 7     0.058    -0.750     0.658
 8   118.089   -23.990    18.758
 8     0.205    -0.203     0.957
 8    -0.320    -0.938    -0.130
 8     0.925    -0.280    -0.257
 9   125.582   -36.634    42.030
 9     0.419     0.828     0.375
 9    -0.319    -0.251     0.913
 9     0.850    -0.501     0.159
 2    98.503   -22.423    59.339
 2     0.824    -0.568    -0.009
 2     0.566     0.821     0.052
 2    -0.021    -0.049     0.998
 3   129.694    -3.191    -2.904
 3     0.536    -0.290    -0.794
 3     0.409     0.910    -0.054
 3     0.738    -0.297     0.605
 4   112.672    17.476    -9.319
 4     0.474    -0.691     0.547
 4     0.847     0.187    -0.496
 4     0.240     0.698     0.674
 5   115.890    22.465    17.849
 5     0.120    -0.063     0.991
 5     0.295    -0.951    -0.096
 5     0.948     0.303    -0.095
 6   124.889    33.546    40.871
 6     0.248    -0.949    -0.198
 6     0.240     0.255    -0.937
 6     0.938     0.185     0.289
 7   112.140   -21.469    -7.465
 7     0.663     0.523     0.536
 7    -0.746     0.403     0.529
 7     0.060    -0.750     0.657
 8   118.178   -24.090    18.774
 8     0.210    -0.203     0.956
 8    -0.323    -0.938    -0.128
 8     0.923    -0.282    -0.262
 9   125.536   -37.232    41.785
 9     0.417     0.822     0.390
 9    -0.334    -0.259     0.905
 9     0.845    -0.507     0.167
 2    98.454   -22.422    59.336
 2     0.824    -0.568    -0.010
 2     0.567     0.821     0.052
 2    -0.020    -0.049     0.998
 3   129.689    -3.242    -2.901
 3     0.536    -0.292    -0.793
 3     0.410     0.910    -0.056
 3     0.737    -0.296     0.607
 4   112.426    17.371    -9.353
 4     0.466    -0.688     0.557
 4     0.853     0.184    -0.487
 4     0.233     0.701     0.673
 5   115.605    24.337    17.412
 5     0.122    -0.010     0.992
 5     0.382    -0.923    -0.056
 5     0.916     0.385    -0.108
 6   124.556    37.806    38.969
 6     0.256    -0.959    -0.127
 6     0.331     0.207    -0.921
 6     0.908     0.193     0.369
 7   112.172   -21.414    -7.475
 7     0.666     0.521     0.534
 7    -0.743     0.402     0.534
 7     0.063    -0.752     0.655
 8   118.081   -25.140    18.502
 8     0.190    -0.264     0.946
 8    -0.397    -0.902    -0.172
 8     0.898    -0.343    -0.276
 9   124.809   -39.762    40.630
 9     0.406     0.773     0.489
 9    -0.410    -0.323     0.852
 9     0.816    -0.546     0.186
 2    98.452   -22.423    59.339
 2     0.824    -0.568    -0.009
 2     0.566     0.821     0.052
 2    -0.021    -0.049     0.998
 3   129.733    -3.093    -2.891
 3     0.538    -0.290    -0.792
 3     0.410     0.909    -0.052
 3     0.735    -0.297     0.608
 4   111.637    16.701    -9.913
 4     0.458    -0.656     0.601
 4     0.874     0.211    -0.435
 4     0.158     0.724     0.670
 5   116.218    27.621    15.583
 5     0.181     0.062     0.981
 5     0.527    -0.849    -0.043
 5     0.830     0.525    -0.186
 6   126.268    44.415    33.613
 6     0.317    -0.946    -0.073
 6     0.475     0.222    -0.852
 6     0.821     0.235     0.518
 7   112.260   -21.342    -7.583
 7     0.666     0.518     0.538
 7    -0.744     0.405     0.531
 7     0.057    -0.753     0.654
 8   118.128   -27.939    17.723
 8     0.188    -0.335     0.923
 8    -0.522    -0.830    -0.195
 8     0.832    -0.445    -0.331
 9   124.434   -45.905    37.059
 9     0.409     0.703     0.585
 9    -0.544    -0.326     0.771
 9     0.733    -0.632     0.248
 2    98.452   -22.423    59.339
 2     0.824    -0.568    -0.009
 2     0.566     0.821     0.052
 2    -0.021    -0.049     0.998
 3   129.755    -2.922    -3.025
 3     0.543    -0.286    -0.790
 3     0.420     0.906    -0.038
 3     0.726    -0.312     0.611
 4   110.036    15.302   -10.754
 4     0.423    -0.613     0.669
 4     0.906     0.263    -0.331
 4     0.026     0.745     0.665
 5   116.557    30.232    12.311
 5     0.249     0.136     0.959
 5     0.654    -0.754    -0.063
 5     0.714     0.642    -0.276
 6   127.957    49.257    26.466
 6     0.390    -0.921    -0.003
 6     0.593     0.251    -0.766
 6     0.704     0.297     0.643
 7   112.219   -21.277    -7.895
 7     0.661     0.508     0.553
 7    -0.750     0.430     0.501
 7     0.017    -0.746     0.665
 8   118.573   -31.336    16.175
 8     0.219    -0.383     0.897
 8    -0.652    -0.741    -0.158
 8     0.726    -0.551    -0.412
 9   125.356   -51.848    31.658
 9     0.432     0.603     0.674
 9    -0.671    -0.285     0.683
 9     0.603    -0.745     0.280
 2    98.452   -22.423    59.339
 2     0.823    -0.568    -0.009
 2     0.567     0.821     0.052
 2    -0.021    -0.049     0.998
 3   129.621    -2.851    -3.200
 3     0.542    -0.286    -0.791
 3     0.441     0.896    -0.021
 3     0.715    -0.338     0.611
 4   108.951    13.954   -11.635
 4     0.413    -0.557     0.721
 4     0.906     0.332    -0.262
 4    -0.094     0.761     0.641
 5   117.248    32.016     8.683
 5     0.309     0.179     0.934
 5     0.743    -0.658    -0.120
 5     0.593     0.731    -0.336
 6   129.450    52.339    19.480
 6     0.447    -0.892     0.068
 6     0.674     0.284    -0.682
 6     0.587     0.351     0.728
 7   111.957   -21.373    -8.254
 7     0.656     0.494     0.571
 7    -0.754     0.461     0.467
 7    -0.033    -0.737     0.675
 8   119.990   -34.224    13.915
 8     0.282    -0.435     0.856
 8    -0.749    -0.656    -0.087
 8     0.600    -0.617    -0.510
 9   127.685   -56.397    25.450
 9     0.477     0.497     0.728
 9    -0.753    -0.198     0.627
 9     0.454    -0.845     0.278
 2    98.452   -22.423    59.339
 2     0.824    -0.568    -0.009
 2     0.566     0.821     0.052
 2    -0.021    -0.049     0.998
 3   129.622    -2.855    -3.485
 3     0.536    -0.294    -0.792
 3     0.471     0.881    -0.007
 3     0.700    -0.370     0.610
 4   108.082    12.785   -12.503
 4     0.395    -0.508     0.766
 4     0.900     0.379    -0.213
 4    -0.183     0.774     0.606
 5   117.501    32.927     5.525
 5     0.334     0.246     0.910
 5     0.806    -0.575    -0.140
 5     0.489     0.780    -0.390
 6   129.511    54.279    13.177
 6     0.492    -0.783     0.382
 6     0.753     0.164    -0.636
 6     0.436     0.599     0.670
 7   111.778   -21.361    -8.551
 7     0.654     0.479     0.586
 7    -0.752     0.492     0.437
 7    -0.079    -0.727     0.681
 8   121.182   -35.859    12.132
 8     0.319    -0.537     0.782
 8    -0.805    -0.588    -0.076
 8     0.501    -0.605    -0.618
 9   128.190   -59.174    20.976
 9     0.432     0.124     0.894
 9    -0.852    -0.270     0.448
 9     0.296    -0.955    -0.011
 2    98.503   -22.423    59.339
 2     0.824    -0.568    -0.009
 2     0.566     0.821     0.052
 2    -0.021    -0.049     0.998
 3   129.404    -2.918    -3.839
 3     0.545    -0.301    -0.784
 3     0.481     0.876    -0.002
 3     0.687    -0.376     0.621
 4   107.256    12.255   -12.689
 4     0.393    -0.460     0.797
 4     0.889     0.409    -0.202
 4    -0.233     0.788     0.569
 5   118.233    33.212     3.706
 5     0.375     0.324     0.869
 5     0.829    -0.535    -0.158
 5     0.414     0.780    -0.469
 6   130.154    55.033     9.119
 6     0.525    -0.604     0.604
 6     0.789     0.079    -0.607
 6     0.318     0.793     0.515
 7   110.960   -21.234    -8.969
 7     0.644     0.460     0.612
 7    -0.753     0.520     0.402
 7    -0.134    -0.719     0.681
 8   121.787   -36.730    10.620
 8     0.345    -0.619     0.706
 8    -0.843    -0.534    -0.056
 8     0.412    -0.576    -0.705
 9   128.885   -60.551    17.321
 9     0.395    -0.158     0.906
 9    -0.897    -0.277     0.343
 9     0.198    -0.948    -0.249
 2    98.452   -22.423    59.339
 2     0.824    -0.568    -0.009
 2     0.566     0.821     0.052
 2    -0.021    -0.049     0.998
 3   128.755    -3.329    -4.414
 3     0.574    -0.306    -0.760
 3     0.479     0.877     0.010
 3     0.664    -0.370     0.649
 4   106.397    11.854   -12.666
 4     0.403    -0.401     0.823
 4     0.873     0.438    -0.214
 4    -0.276     0.804     0.526
 5   119.144    33.070     2.154
 5     0.429     0.376     0.822
 5     0.831    -0.518    -0.198
 5     0.352     0.768    -0.534
 6   131.597    54.352     5.772
 6     0.566    -0.446     0.696
 6     0.792     0.062    -0.606
 6     0.226     0.893     0.385
 7   109.762   -21.331    -8.929
 7     0.631     0.427     0.648
 7    -0.753     0.537     0.380
 7    -0.186    -0.728     0.660
 8   123.260   -37.459     9.045
 8     0.403    -0.727     0.557
 8    -0.858    -0.511    -0.046
 8     0.318    -0.458    -0.829
 9   130.937   -61.285    13.600
 9     0.358    -0.481     0.804
 9    -0.928    -0.274     0.248
 9     0.102    -0.833    -0.541
 2    98.503   -22.423    59.339
 2     0.824    -0.568    -0.009
 2     0.566     0.821     0.052
 2    -0.021    -0.049     0.998
 3   128.083    -3.636    -4.972
 3     0.601    -0.319    -0.734
 3     0.475     0.879     0.009
 3     0.642    -0.355     0.678
 4   105.438    11.596   -12.579
 4     0.399    -0.353     0.846
 4     0.864     0.452    -0.219
 4    -0.306     0.819     0.485
 5   119.393    33.153     1.058
 5     0.462     0.426     0.778
 5     0.832    -0.510    -0.215
 5     0.306     0.747    -0.589
 6   131.879    54.605     3.452
 6     0.579    -0.368     0.729
 6     0.798     0.075    -0.597
 6     0.163     0.927     0.334
 7   108.939   -21.153    -9.138
 7     0.624     0.378     0.684
 7    -0.741     0.564     0.363
 7    -0.249    -0.734     0.632
 8   123.973   -37.869     6.959
 8     0.438    -0.763     0.477
 8    -0.869    -0.494     0.006
 8     0.230    -0.417    -0.879
 9   131.987   -61.819     9.872
 9     0.355    -0.555     0.756
 9    -0.934    -0.237     0.261
 9     0.035    -0.797    -0.599
 2    98.452   -22.423    59.339
 2     0.824    -0.568    -0.009
 2     0.566     0.821     0.052
 2    -0.021    -0.049     0.998
 3   127.368    -3.490    -5.655
 3     0.628    -0.351    -0.696
 3     0.474     0.879    -0.013
 3     0.617    -0.322     0.717
 4   104.155    11.496   -12.350
 4     0.386    -0.308     0.870
 4     0.860     0.459    -0.219
 4    -0.333     0.833     0.442
 5   118.958    33.382    -0.166
 5     0.484     0.466     0.742
 5     0.837    -0.491    -0.237
 5     0.255     0.736    -0.626
 6   131.555    54.674     0.767
 6     0.594    -0.319     0.740
 6     0.798     0.116    -0.591
 6     0.101     0.940     0.321
 7   108.024   -21.119    -9.183
 7     0.624     0.319     0.714
 7    -0.718     0.593     0.363
 7    -0.308    -0.739     0.598
 8   124.389   -38.256     4.951
 8     0.471    -0.781     0.411
 8    -0.870    -0.488     0.068
 8     0.147    -0.389    -0.909
 9   133.232   -61.936     5.476
 9     0.372    -0.604     0.709
 9    -0.927    -0.197     0.316
 9    -0.051    -0.772    -0.630
 2    98.452   -22.423    59.339
 2     0.824    -0.568    -0.009
 2     0.566     0.821     0.052
 2    -0.021    -0.049     0.998
 3   126.774    -3.511    -5.948
 3     0.644    -0.374    -0.669
 3     0.477     0.877    -0.029
 3     0.597    -0.301     0.743
 4   103.412    11.154   -12.272
 4     0.376    -0.288     0.881
 4     0.859     0.463    -0.215
 4    -0.347     0.838     0.421
 5   118.506    33.363    -0.749
 5     0.485     0.476     0.735
 5     0.842    -0.478    -0.246
 5     0.235     0.738    -0.631
 6   130.999    54.649    -0.731
 6     0.595    -0.319     0.739
 6     0.800     0.148    -0.581
 6     0.075     0.936     0.340
 7   107.740   -21.139    -9.191
 7     0.625     0.284     0.727
 7    -0.704     0.608     0.367
 7    -0.338    -0.741     0.579
 8   124.533   -38.745     3.552
 8     0.470    -0.800     0.374
 8    -0.878    -0.467     0.103
 8     0.091    -0.376    -0.921
 9   132.961   -62.607     2.734
 9     0.359    -0.630     0.694
 9    -0.928    -0.157     0.334
 9    -0.101    -0.761    -0.637
 2    98.452   -22.423    59.339
 2     0.824    -0.568    -0.009
 2     0.566     0.821     0.052
 2    -0.021    -0.049     0.998
 3   126.876    -3.517    -6.126
 3     0.647    -0.380    -0.663
 3     0.482     0.875    -0.029
 3     0.590    -0.301     0.748
 4   103.550    10.784   -12.579
 4     0.369    -0.292     0.883
 4     0.856     0.476    -0.200
 4    -0.363     0.829     0.425
 5   118.084    33.569    -1.860
 5     0.467     0.482     0.743
 5     0.859    -0.442    -0.253
 5     0.208     0.756    -0.619
 6   130.407    54.980    -2.596
 6     0.583    -0.332     0.744
 6     0.811     0.183    -0.555
 6     0.046     0.925     0.373
 7   107.857   -20.988    -9.217
 7     0.613     0.263     0.745
 7    -0.699     0.619     0.357
 7    -0.368    -0.740     0.563
 8   123.783   -40.156     1.408
 8     0.423    -0.841     0.340
 8    -0.906    -0.396     0.146
 8     0.010    -0.369    -0.929
 9   130.749   -64.396    -2.025
 9     0.300    -0.657     0.696
 9    -0.935    -0.053     0.349
 9    -0.192    -0.752    -0.627
 2    98.455   -22.423    59.337
 2     0.824    -0.568    -0.010
 2     0.566     0.821     0.051
 2    -0.020    -0.049     0.998
 3   127.075    -3.574    -6.327
 3     0.651    -0.387    -0.655
 3     0.486     0.872    -0.030
 3     0.582    -0.299     0.755
 4   103.764    10.652   -12.792
 4     0.371    -0.290     0.882
 4     0.852     0.482    -0.200
 4    -0.368     0.827     0.425
 5   117.788    34.134    -3.270
 5     0.453     0.489     0.747
 5     0.877    -0.394    -0.274
 5     0.161     0.778    -0.605
 6   129.692    55.750    -5.706
 6     0.571    -0.339     0.750
 6     0.821     0.236    -0.518
 6    -0.002     0.911     0.410
 7   107.939   -20.480    -9.332
 7     0.609     0.223     0.761
 7    -0.683     0.635     0.360
 7    -0.403    -0.739     0.539
 8   123.375   -40.532    -1.192
 8     0.396    -0.865     0.311
 8    -0.915    -0.340     0.217
 8    -0.083    -0.369    -0.925
 9   129.471   -64.747    -7.545
 9     0.267    -0.664     0.703
 9    -0.918     0.051     0.391
 9    -0.295    -0.746    -0.593
 2    98.454   -22.422    59.336
 2     0.823    -0.568    -0.010
 2     0.567     0.821     0.051
 2    -0.020    -0.049     0.998
 3   127.179    -2.992    -6.497
 3     0.649    -0.407    -0.644
 3     0.494     0.867    -0.048
 3     0.578    -0.287     0.763
 4   103.544    10.635   -12.875
 4     0.366    -0.277     0.888
 4     0.847     0.493    -0.196
 4    -0.385     0.825     0.415
 5   117.380    34.795    -4.874
 5     0.440     0.525     0.731
 5     0.892    -0.345    -0.288
 5     0.102     0.778    -0.618
 6   128.705    56.364    -8.383
 6     0.556    -0.322     0.768
 6     0.829     0.274    -0.486
 6    -0.056     0.906     0.417
 7   107.838   -20.092    -9.438
 7     0.609     0.200     0.767
 7    -0.669     0.649     0.362
 7    -0.426    -0.734     0.529
 8   123.229   -40.456    -2.857
 8     0.395    -0.872     0.292
 8    -0.906    -0.316     0.281
 8    -0.153    -0.375    -0.914
 9   129.221   -64.271   -11.079
 9     0.259    -0.683     0.687
 9    -0.894     0.102     0.434
 9    -0.367    -0.723    -0.582
 2    98.452   -22.398    59.339
 2     0.823    -0.568    -0.009
 2     0.567     0.821     0.052
 2    -0.021    -0.049     0.998
 3   127.099    -2.868    -6.655
 3     0.654    -0.412    -0.636
 3     0.487     0.870    -0.061
 3     0.578    -0.270     0.769
 4   103.649    10.950   -12.784
 4     0.374    -0.274     0.886
 4     0.849     0.484    -0.208
 4    -0.373     0.830     0.414
 5   117.535    34.957    -4.600
 5     0.443     0.517     0.734
 5     0.889    -0.356    -0.286
 5     0.114     0.778    -0.616
 6   128.997    56.520    -8.141
 6     0.561    -0.328     0.762
 6     0.826     0.275    -0.490
 6    -0.050     0.904     0.422
 7   107.818   -19.795    -9.617
 7     0.608     0.197     0.769
 7    -0.665     0.656     0.358
 7    -0.434    -0.729     0.529
 8   123.075   -40.292    -3.614
 8     0.384    -0.879     0.285
 8    -0.908    -0.302     0.290
 8    -0.170    -0.369    -0.913
 9   128.651   -64.118   -12.555
 9     0.242    -0.686     0.691
 9    -0.889     0.130     0.436
 9    -0.388    -0.716    -0.576
 2    98.452   -22.398    59.339
 2     0.823    -0.568    -0.009
 2     0.567     0.821     0.052
 2    -0.021    -0.049     0.998
 3   127.185    -2.636    -6.701
 3     0.652    -0.415    -0.637
 3     0.484     0.871    -0.070
 3     0.583    -0.262     0.768
 4   103.805    11.056   -12.842
 4     0.370    -0.281     0.885
 4     0.852     0.481    -0.204
 4    -0.370     0.830     0.418
 5   117.357    35.162    -4.673
 5     0.433     0.515     0.741
 5     0.894    -0.348    -0.280
 5     0.114     0.783    -0.610
 6   128.824    56.773    -8.310
 6     0.557    -0.344     0.757
 6     0.828     0.283    -0.482
 6    -0.050     0.895     0.440
 7   107.859   -19.697    -9.756
 7     0.606     0.194     0.771
 7    -0.663     0.658     0.356
 7    -0.438    -0.728     0.527
 8   122.835   -40.495    -4.522
 8     0.374    -0.887     0.271
 8    -0.905    -0.284     0.315
 8    -0.204    -0.362    -0.909
 9   128.163   -64.095   -14.330
 9     0.229    -0.696     0.685
 9    -0.879     0.156     0.448
 9    -0.419    -0.701    -0.574
 2    98.452   -22.398    59.339
 2     0.823    -0.568    -0.009
 2     0.567     0.821     0.052
 2    -0.021    -0.049     0.998
 3   127.163    -2.872    -6.831
 3     0.659    -0.418    -0.627
 3     0.484     0.871    -0.071
 3     0.576    -0.256     0.776
 4   103.717    10.731   -12.996
 4     0.375    -0.270     0.887
 4     0.842     0.497    -0.205
 4    -0.387     0.824     0.413
 5   117.515    34.928    -5.660
 5     0.443     0.521     0.731
 5     0.892    -0.331    -0.304
 5     0.085     0.786    -0.610
 6   129.150    56.153   -10.338
 6     0.567    -0.332     0.755
 6     0.819     0.322    -0.474
 6    -0.087     0.886     0.452
 7   107.372   -19.819    -9.751
 7     0.593     0.171     0.786
 7    -0.660     0.662     0.354
 7    -0.460    -0.730     0.506
 8   122.530   -40.722    -6.624
 8     0.368    -0.905     0.215
 8    -0.885    -0.269     0.380
 8    -0.287    -0.330    -0.899
 9   127.442   -63.494   -18.685
 9     0.210    -0.728     0.657
 9    -0.845     0.203     0.492
 9    -0.491    -0.655    -0.571
 2    98.452   -22.423    59.339
 2     0.823    -0.568    -0.009
 2     0.567     0.821     0.052
 2    -0.021    -0.049     0.998
 3   126.877    -3.370    -6.971
 3     0.674    -0.421    -0.609
 3     0.477     0.875    -0.075
 3     0.564    -0.240     0.789
 4   103.567    10.388   -13.068
 4     0.378    -0.258     0.889
 4     0.836     0.507    -0.208
 4    -0.398     0.822     0.407
 5   117.507    34.683    -6.203
 5     0.448     0.523     0.727
 5     0.891    -0.322    -0.317
 5     0.070     0.789    -0.609
 6   129.148    55.782   -11.183
 6     0.572    -0.329     0.754
 6     0.814     0.340    -0.470
 6    -0.102     0.881     0.459
 7   106.746   -19.764    -9.986
 7     0.573     0.127     0.809
 7    -0.642     0.683     0.348
 7    -0.509    -0.719     0.473
 8   121.757   -40.426   -10.341
 8     0.351    -0.921     0.168
 8    -0.833    -0.225     0.504
 8    -0.427    -0.317    -0.847
 9   125.768   -61.314   -26.308
 9     0.175    -0.751     0.640
 9    -0.766     0.304     0.563
 9    -0.618    -0.585    -0.522
 2    98.452   -22.398    59.339
 2     0.823    -0.568    -0.009
 2     0.567     0.821     0.052
 2    -0.021    -0.049     0.998
 3   126.488    -3.203    -7.340
 3     0.683    -0.444    -0.582
 3     0.473     0.873    -0.109
 3     0.556    -0.200     0.806
 4   103.032    10.299   -12.991
 4     0.374    -0.240     0.896
 4     0.832     0.513    -0.210
 4    -0.410     0.824     0.391
 5   117.253    34.730    -6.945
 5     0.453     0.545     0.707
 5     0.890    -0.310    -0.332
 5     0.039     0.779    -0.624
 6   128.896    55.625   -12.576
 6     0.572    -0.305     0.763
 6     0.809     0.360    -0.464
 6    -0.134     0.882     0.450
 7   105.948   -19.454   -10.050
 7     0.554     0.086     0.828
 7    -0.621     0.705     0.342
 7    -0.555    -0.704     0.444
 8   121.285   -39.282   -13.882
 8     0.355    -0.929     0.100
 8    -0.752    -0.221     0.621
 8    -0.555    -0.296    -0.777
 9   125.104   -57.665   -32.668
 9     0.163    -0.784     0.602
 9    -0.673     0.357     0.645
 9    -0.721    -0.507    -0.470
 2    98.452   -22.398    59.339
 2     0.823    -0.569    -0.009
 2     0.567     0.821     0.052
 2    -0.021    -0.049     0.998
 3   126.251    -3.158    -7.634
 3     0.693    -0.455    -0.561
 3     0.459     0.876    -0.143
 3     0.556    -0.158     0.815
 4   102.984    10.489   -12.852
 4     0.379    -0.235     0.895
 4     0.835     0.502    -0.222
 4    -0.398     0.832     0.386
 5   117.382    34.736    -6.661
 5     0.461     0.534     0.710
 5     0.886    -0.320    -0.334
 5     0.049     0.783    -0.619
 6   129.199    55.525   -12.354
 6     0.584    -0.317     0.749
 6     0.802     0.367    -0.471
 6    -0.127     0.874     0.466
 7   105.845   -18.781   -10.530
 7     0.545     0.058     0.836
 7    -0.592     0.733     0.335
 7    -0.594    -0.678     0.434
 8   121.080   -37.759   -16.498
 8     0.347    -0.935     0.071
 8    -0.691    -0.203     0.693
 8    -0.634    -0.290    -0.717
 9   124.446   -54.575   -36.988
 9     0.144    -0.796     0.592
 9    -0.604     0.402     0.685
 9    -0.784    -0.453    -0.424
 2    98.452   -22.398    59.339
 2     0.823    -0.568    -0.009
 2     0.567     0.821     0.052
 2    -0.021    -0.049     0.998
 3   126.136    -2.731    -7.922
 3     0.697    -0.470    -0.544
 3     0.453     0.874    -0.172
 3     0.555    -0.126     0.821
 4   102.845    10.713   -12.895
 4     0.377    -0.229     0.898
 4     0.834     0.504    -0.222
 4    -0.402     0.833     0.380
 5   117.223    35.044    -7.313
 5     0.460     0.544     0.703
 5     0.887    -0.303    -0.346
 5     0.026     0.782    -0.620
 6   129.094    55.605   -13.461
 6     0.582    -0.307     0.754
 6     0.799     0.385    -0.462
 6    -0.150     0.870     0.467
 7   105.366   -18.813   -10.694
 7     0.533     0.028     0.845
 7    -0.569     0.751     0.334
 7    -0.626    -0.660     0.417
 8   120.719   -36.442   -19.121
 8     0.341    -0.940     0.004
 8    -0.604    -0.216     0.767
 8    -0.720    -0.264    -0.641
 9   123.547   -50.731   -41.726
 9     0.120    -0.828     0.551
 9    -0.512     0.423     0.745
 9    -0.851    -0.368    -0.375
 2    98.452   -22.398    59.339
 2     0.823    -0.569    -0.009
 2     0.567     0.821     0.052
 2    -0.021    -0.049     0.998
 3   126.114    -3.092    -8.147
 3     0.710    -0.465    -0.531
 3     0.429     0.881    -0.196
 3     0.558    -0.089     0.824
 4   103.316    10.902   -12.886
 4     0.397    -0.225     0.890
 4     0.832     0.496    -0.247
 4    -0.386     0.839     0.384
 5   118.121    34.870    -6.979
 5     0.482     0.518     0.708
 5     0.875    -0.320    -0.361
 5     0.040     0.793    -0.607
 6   130.598    55.026   -12.997
 6     0.607    -0.317     0.730
 6     0.783     0.395    -0.480
 6    -0.137     0.862     0.486
 7   105.068   -18.214   -11.051
 7     0.516     0.021     0.856
 7    -0.554     0.770     0.315
 7    -0.653    -0.637     0.409
 8   119.986   -35.085   -20.842
 8     0.324    -0.946    -0.014
 8    -0.549    -0.199     0.812
 8    -0.770    -0.255    -0.584
 9   122.237   -47.441   -44.885
 9     0.090    -0.840     0.537
 9    -0.430     0.453     0.778
 9    -0.898    -0.298    -0.323
 2    98.502   -22.398    59.339
 2     0.823    -0.569    -0.009
 2     0.567     0.821     0.052
 2    -0.021    -0.049     0.998
 3   125.828    -3.103    -8.327
 3     0.723    -0.461    -0.518
 3     0.409     0.886    -0.213
 3     0.556    -0.057     0.828
 4   103.193    11.075   -12.838
 4     0.409    -0.211     0.888
 4     0.826     0.497    -0.263
 4    -0.386     0.842     0.377
 5   118.537    34.681    -7.143
 5     0.501     0.519     0.693
 5     0.864    -0.332    -0.377
 5     0.034     0.787    -0.614
 6   131.239    54.611   -13.284
 6     0.619    -0.302     0.727
 6     0.772     0.402    -0.492
 6    -0.144     0.864     0.479
 7   104.473   -17.894   -11.122
 7     0.498     0.009     0.867
 7    -0.538     0.787     0.301
 7    -0.680    -0.617     0.397
 8   118.971   -34.105   -22.131
 8     0.304    -0.952    -0.019
 8    -0.501    -0.176     0.847
 8    -0.810    -0.248    -0.531
 9   120.368   -44.838   -47.188
 9     0.048    -0.845     0.534
 9    -0.353     0.484     0.799
 9    -0.935    -0.225    -0.277
 2    98.502   -22.398    59.339
 2     0.823    -0.569    -0.009
 2     0.567     0.821     0.052
 2    -0.021    -0.049     0.998
 3   125.648    -2.702    -8.563
 3     0.729    -0.459    -0.511
 3     0.397     0.887    -0.229
 3     0.556    -0.035     0.829
 4   102.947    11.805   -12.536
 4     0.406    -0.207     0.890
 4     0.835     0.478    -0.270
 4    -0.370     0.853     0.367
 5   118.309    35.227    -6.471
 5     0.501     0.525     0.689
 5     0.864    -0.345    -0.365
 5     0.046     0.778    -0.625
 6   130.996    55.200   -12.369
 6     0.620    -0.294     0.729
 6     0.773     0.388    -0.501
 6    -0.137     0.873     0.465
 7   104.163   -17.419   -11.226
 7     0.493     0.003     0.869
 7    -0.536     0.788     0.301
 7    -0.685    -0.615     0.391
 8   118.878   -33.747   -22.046
 8     0.308    -0.951    -0.018
 8    -0.504    -0.179     0.845
 8    -0.807    -0.252    -0.534
 9   120.544   -44.527   -47.119
 9     0.053    -0.853     0.522
 9    -0.352     0.472     0.806
 9    -0.935    -0.224    -0.278
 2    98.502   -22.398    59.339
 2     0.823    -0.569    -0.009
 2     0.567     0.821     0.052
 2    -0.021    -0.049     0.998
 3   125.468    -2.473    -8.560
 3     0.727    -0.466    -0.508
 3     0.402     0.884    -0.232
 3     0.555    -0.034     0.829
 4   102.520    11.519   -12.516
 4     0.396    -0.202     0.896
 4     0.836     0.481    -0.262
 4    -0.379     0.853     0.359
 5   117.796    35.169    -6.930
 5     0.491     0.542     0.683
 5     0.870    -0.333    -0.361
 5     0.033     0.771    -0.634
 6   130.191    55.235   -13.262
 6     0.610    -0.280     0.742
 6     0.776     0.396    -0.490
 6    -0.157     0.874     0.457
 7   103.999   -17.645   -11.051
 7     0.492     0.000     0.870
 7    -0.540     0.785     0.304
 7    -0.683    -0.620     0.386
 8   118.654   -33.976   -21.918
 8     0.308    -0.951    -0.017
 8    -0.505    -0.178     0.845
 8    -0.807    -0.252    -0.535
 9   120.100   -44.710   -46.987
 9     0.045    -0.853     0.522
 9    -0.347     0.475     0.806
 9    -0.937    -0.215    -0.277
 2    98.502   -22.398    59.339
 2     0.823    -0.568    -0.009
 2     0.567     0.821     0.052
 2    -0.021    -0.049     0.998
 3   125.276    -2.758    -8.585
 3     0.731    -0.463    -0.504
 3     0.406     0.885    -0.223
 3     0.548    -0.041     0.834
 4   102.481    11.307   -12.546
 4     0.400    -0.195     0.895
 4     0.831     0.488    -0.265
 4    -0.386     0.850     0.357
 5   117.802    34.980    -7.259
 5     0.495     0.541     0.681
 5     0.868    -0.329    -0.370
 5     0.024     0.774    -0.632
 6   130.267    54.916   -13.935
 6     0.614    -0.276     0.741
 6     0.770     0.410    -0.488
 6    -0.170     0.869     0.462
 7   103.796   -17.821   -10.884
 7     0.486     0.010     0.874
 7    -0.551     0.779     0.297
 7    -0.678    -0.627     0.384
 8   118.424   -34.377   -21.548
 8     0.310    -0.951    -0.000
 8    -0.515    -0.168     0.841
 8    -0.799    -0.261    -0.541
 9   120.012   -45.022   -46.675
 9     0.045    -0.847     0.532
 9    -0.345     0.485     0.802
 9    -0.938    -0.217    -0.272
 2    98.502   -22.397    59.339
 2     0.823    -0.569    -0.009
 2     0.568     0.820     0.052
 2    -0.021    -0.049     0.998
 3   125.288    -2.879    -8.489
 3     0.724    -0.464    -0.513
 3     0.413     0.884    -0.213
 3     0.551    -0.057     0.831
 4   102.511    11.105   -12.598
 4     0.400    -0.200     0.894
 4     0.831     0.489    -0.263
 4    -0.385     0.849     0.361
 5   117.755    34.814    -7.008
 5     0.492     0.537     0.687
 5     0.870    -0.333    -0.362
 5     0.035     0.775    -0.630
 6   130.319    54.823   -13.603
 6     0.617    -0.285     0.735
 6     0.770     0.406    -0.490
 6    -0.160     0.868     0.468
 7   103.922   -18.013   -10.790
 7     0.490     0.014     0.872
 7    -0.559     0.772     0.301
 7    -0.669    -0.635     0.386
 8   118.764   -34.710   -21.072
 8     0.327    -0.945     0.006
 8    -0.528    -0.177     0.830
 8    -0.783    -0.275    -0.557
 9   120.580   -45.696   -46.147
 9     0.059    -0.846     0.533
 9    -0.353     0.480     0.801
 9    -0.934    -0.233    -0.272
 2    98.502   -22.398    59.339
 2     0.823    -0.569    -0.009
 2     0.567     0.821     0.052
 2    -0.021    -0.049     0.998
 3   125.369    -3.008    -8.472
 3     0.729    -0.457    -0.513
 3     0.402     0.888    -0.217
 3     0.553    -0.047     0.830
 4   102.740    11.256   -12.625
 4     0.407    -0.197     0.892
 4     0.829     0.489    -0.271
 4    -0.384     0.850     0.362
 5   118.105    34.861    -7.104
 5     0.499     0.533     0.685
 5     0.866    -0.336    -0.369
 5     0.034     0.776    -0.628
 6   130.728    54.594   -13.551
 6     0.623    -0.285     0.730
 6     0.766     0.410    -0.495
 6    -0.159     0.866     0.471
 7   103.656   -17.679   -10.989
 7     0.478     0.018     0.878
 7    -0.551     0.784     0.284
 7    -0.683    -0.620     0.385
 8   117.908   -33.924   -22.204
 8     0.300    -0.954     0.005
 8    -0.494    -0.150     0.856
 8    -0.816    -0.260    -0.516
 9   119.126   -43.642   -47.892
 9     0.032    -0.842     0.541
 9    -0.308     0.505     0.804
 9    -0.951    -0.191    -0.246
 2    98.502   -22.398    59.339
 2     0.823    -0.568    -0.009
 2     0.567     0.821     0.052
 2    -0.021    -0.049     0.998
 3   125.178    -2.889    -8.642
 3     0.737    -0.457    -0.502
 3     0.393     0.889    -0.229
 3     0.549    -0.028     0.834
 4   102.522    11.388   -12.564
 4     0.406    -0.194     0.893
 4     0.831     0.483    -0.273
 4    -0.380     0.853     0.357
 5   118.054    34.937    -7.004
 5     0.500     0.535     0.682
 5     0.865    -0.339    -0.369
 5     0.034     0.774    -0.631
 6   130.776    54.643   -13.548
 6     0.625    -0.282     0.729
 6     0.764     0.412    -0.497
 6    -0.160     0.866     0.471
 7   103.535   -17.509   -11.014
 7     0.477     0.011     0.879
 7    -0.544     0.789     0.285
 7    -0.690    -0.614     0.382
 8   118.108   -33.572   -22.322
 8     0.308    -0.951    -0.005
 8    -0.481    -0.161     0.861
 8    -0.820    -0.263    -0.507
 9   119.525   -43.063   -48.054
 9     0.037    -0.848     0.531
 9    -0.296     0.497     0.814
 9    -0.954    -0.186    -0.235
 2    98.502   -22.398    59.339
 2     0.823    -0.568    -0.009
 2     0.567     0.821     0.052
 2    -0.021    -0.049     0.998
 3   125.232    -2.782    -8.674
 3     0.730    -0.465    -0.504
 3     0.403     0.885    -0.229
 3     0.551    -0.035     0.833
 4   102.546    11.148   -12.708
 4     0.403    -0.193     0.895
 4     0.827     0.494    -0.266
 4    -0.391     0.848     0.358
 5   117.889    34.845    -7.693
 5     0.497     0.537     0.683
 5     0.868    -0.322    -0.378
 5     0.017     0.779    -0.625
 6   130.552    54.444   -14.705
 6     0.623    -0.277     0.732
 6     0.760     0.431    -0.486
 6    -0.182     0.859     0.477
 7   103.846   -17.848   -10.958
 7     0.483     0.013     0.875
 7    -0.553     0.779     0.294
 7    -0.678    -0.626     0.384
 8   118.603   -34.156   -21.701
 8     0.326    -0.945     0.003
 8    -0.498    -0.169     0.850
 8    -0.803    -0.279    -0.526
 9   120.498   -44.162   -47.100
 9     0.055    -0.845     0.534
 9    -0.315     0.492     0.810
 9    -0.948    -0.211    -0.241
 2    98.502   -22.398    59.339
 2     0.823    -0.568    -0.009
 2     0.567     0.821     0.052
 2    -0.021    -0.049     0.998
 3   125.342    -3.106    -8.548
 3     0.725    -0.464    -0.513
 3     0.410     0.884    -0.219
 3     0.553    -0.051     0.830
 4   102.646    10.917   -12.800
 4     0.405    -0.197     0.893
 4     0.825     0.498    -0.265
 4    -0.393     0.844     0.364
 5   118.063    34.613    -7.888
 5     0.500     0.534     0.683
 5     0.866    -0.320    -0.383
 5     0.015     0.782    -0.622
 6   130.840    54.027   -15.285
 6     0.630    -0.274     0.728
 6     0.753     0.444    -0.486
 6    -0.191     0.853     0.484
 7   103.916   -18.069   -10.902
 7     0.484     0.017     0.875
 7    -0.560     0.774     0.294
 7    -0.672    -0.633     0.384
 8   118.645   -34.429   -21.444
 8     0.329    -0.944     0.008
 8    -0.505    -0.169     0.846
 8    -0.798    -0.282    -0.532
 9   120.502   -44.511   -46.945
 9     0.058    -0.843     0.536
 9    -0.318     0.492     0.808
 9    -0.946    -0.215    -0.242
 2    98.502   -22.398    59.339
 2     0.823    -0.569    -0.009
 2     0.567     0.821     0.052
 2    -0.021    -0.049     0.998
 3   125.291    -3.183    -8.493
 3     0.725    -0.463    -0.513
 3     0.411     0.885    -0.214
 3     0.552    -0.055     0.831
 4   102.569    10.724   -12.941
 4     0.408    -0.190     0.893
 4     0.818     0.509    -0.266
 4    -0.405     0.839     0.363
 5   118.155    34.418    -8.380
 5     0.507     0.537     0.676
 5     0.862    -0.314    -0.397
 5    -0.000     0.783    -0.621
 6   131.038    53.708   -16.007
 6     0.634    -0.265     0.728
 6     0.745     0.457    -0.484
 6    -0.205     0.849     0.485
 7   103.637   -18.227   -10.835
 7     0.478     0.017     0.878
 7    -0.561     0.775     0.290
 7    -0.675    -0.632     0.380
 8   118.071   -34.276   -21.845
 8     0.314    -0.949     0.004
