% Calibrated with leiden_pols
% Positions are in centimeters
Data =[
 2    98.502   -22.398    59.339
 2     0.823    -0.569    -0.009
 2     0.567     0.821     0.052
 2    -0.021    -0.049     0.998
 3   124.205    -6.358    -6.341
 3     0.701    -0.374    -0.609
 3     0.354     0.921    -0.155
 3     0.618    -0.107     0.777
 4   103.482     9.601   -12.192
 4     0.558    -0.160     0.814
 4     0.727     0.566    -0.387
 4    -0.400     0.808     0.432
 5   122.656    30.555   -12.312
 5     0.809     0.169     0.563
 5     0.564     0.047    -0.824
 5    -0.166     0.984    -0.057
 6   136.675     8.632   -14.684
 6     0.299     0.953     0.049
 6    -0.925     0.277     0.258
 6     0.232    -0.123     0.965
 7   103.746   -20.708   -11.796
 7     0.579     0.196     0.791
 7    -0.562     0.799     0.213
 7    -0.591    -0.568     0.573
 8   123.328   -37.463   -14.670
 8     0.832    -0.173     0.527
 8    -0.449     0.347     0.823
 8    -0.325    -0.922     0.212
 9   134.286   -13.539   -15.236
 9     0.150    -0.822     0.549
 9     0.928    -0.073    -0.364
 9     0.339     0.564     0.752
 2    98.502   -22.398    59.339
 2     0.823    -0.569    -0.009
 2     0.567     0.821     0.052
 2    -0.021    -0.049     0.998
 3   124.358    -6.306    -6.344
 3     0.700    -0.374    -0.611
 3     0.355     0.921    -0.154
 3     0.619    -0.109     0.777
 4   103.696     9.605   -12.254
 4     0.561    -0.165     0.811
 4     0.727     0.566    -0.389
 4    -0.395     0.808     0.437
 5   122.712    30.635   -12.295
 5     0.807     0.166     0.566
 5     0.567     0.047    -0.822
 5    -0.163     0.985    -0.056
 6   136.786     8.759   -14.723
 6     0.309     0.950     0.047
 6    -0.924     0.287     0.254
 6     0.227    -0.123     0.966
 7   103.929   -20.702   -11.864
 7     0.583     0.195     0.788
 7    -0.561     0.798     0.217
 7    -0.587    -0.569     0.575
 8   123.425   -37.544   -14.612
 8     0.826    -0.189     0.531
 8    -0.454     0.333     0.826
 8    -0.333    -0.923     0.190
 9   134.322   -13.839   -15.890
 9     0.163    -0.806     0.569
 9     0.935    -0.058    -0.350
 9     0.315     0.589     0.744
 2    98.452   -22.398    59.339
 2     0.823    -0.569    -0.009
 2     0.567     0.821     0.052
 2    -0.021    -0.049     0.998
 3   124.371    -6.304    -6.319
 3     0.696    -0.379    -0.613
 3     0.372     0.916    -0.142
 3     0.614    -0.130     0.777
 4   103.233     9.297   -12.233
 4     0.539    -0.164     0.826
 4     0.737     0.565    -0.370
 4    -0.406     0.808     0.425
 5   121.438    30.855   -12.215
 5     0.771     0.244     0.588
 5     0.606     0.004    -0.795
 5    -0.197     0.969    -0.144
 6   136.754    10.288   -17.331
 6     0.409     0.908     0.091
 6    -0.905     0.391     0.170
 6     0.119    -0.152     0.981
 7   103.853   -21.096   -11.438
 7     0.579     0.199     0.790
 7    -0.578     0.783     0.227
 7    -0.574    -0.589     0.569
 8   122.046   -39.222   -12.098
 8     0.773    -0.275     0.572
 8    -0.547     0.167     0.819
 8    -0.321    -0.947    -0.020
 9   133.357   -17.213   -19.297
 9     0.266    -0.706     0.657
 9     0.963     0.161    -0.216
 9     0.046     0.689     0.722
 2    98.452   -22.398    59.339
 2     0.823    -0.569    -0.009
 2     0.567     0.821     0.052
 2    -0.021    -0.049     0.998
 3   124.037    -6.387    -6.360
 3     0.696    -0.377    -0.613
 3     0.393     0.912    -0.112
 3     0.600    -0.162     0.782
 4   102.439     8.982   -12.075
 4     0.523    -0.153     0.838
 4     0.741     0.566    -0.359
 4    -0.420     0.809     0.410
 5   120.493    30.673   -12.330
 5     0.749     0.293     0.594
 5     0.626    -0.021    -0.779
 5    -0.216     0.956    -0.198
 6   136.652    11.259   -19.262
 6     0.484     0.869     0.107
 6    -0.875     0.475     0.091
 6     0.028    -0.138     0.990
 7   103.525   -21.771   -10.836
 7     0.576     0.216     0.788
 7    -0.618     0.746     0.246
 7    -0.535    -0.629     0.563
 8   121.768   -40.424    -8.347
 8     0.753    -0.320     0.575
 8    -0.613    -0.022     0.790
 8    -0.240    -0.947    -0.212
 9   133.015   -20.319   -20.568
 9     0.309    -0.651     0.694
 9     0.934     0.342    -0.094
 9    -0.177     0.677     0.714
 2    98.452   -22.398    59.339
 2     0.823    -0.569    -0.009
 2     0.567     0.821     0.052
 2    -0.021    -0.049     0.998
 3   123.836    -6.900    -6.211
 3     0.696    -0.377    -0.614
 3     0.410     0.907    -0.090
 3     0.589    -0.188     0.784
 4   102.167     8.275   -12.144
 4     0.517    -0.143     0.844
 4     0.734     0.580    -0.352
 4    -0.440     0.801     0.405
 5   120.081    30.189   -12.951
 5     0.741     0.292     0.605
 5     0.634    -0.008    -0.773
 5    -0.221     0.956    -0.191
 6   136.885    11.096   -19.481
 6     0.506     0.854     0.115
 6    -0.862     0.497     0.104
 6     0.031    -0.152     0.988
 7   103.829   -22.435   -10.307
 7     0.581     0.214     0.785
 7    -0.629     0.730     0.266
 7    -0.517    -0.648     0.559
 8   121.900   -40.871    -7.881
 8     0.748    -0.329     0.577
 8    -0.622    -0.043     0.782
 8    -0.232    -0.943    -0.236
 9   133.230   -22.528   -20.821
 9     0.337    -0.622     0.708
 9     0.900     0.432    -0.047
 9    -0.276     0.653     0.704
 2    98.452   -22.398    59.339
 2     0.823    -0.569    -0.009
 2     0.567     0.821     0.052
 2    -0.021    -0.049     0.998
 3   124.091    -6.791    -6.133
 3     0.687    -0.381    -0.621
 3     0.423     0.901    -0.081
 3     0.590    -0.206     0.779
 4   102.373     8.446   -12.059
 4     0.514    -0.157     0.844
 4     0.744     0.569    -0.348
 4    -0.426     0.807     0.409
 5   120.237    30.393   -12.307
 5     0.736     0.297     0.609
 5     0.646    -0.038    -0.762
 5    -0.203     0.954    -0.219
 6   137.765    12.658   -19.402
 6     0.560     0.823     0.095
 6    -0.828     0.557     0.054
 6    -0.009    -0.110     0.994
 7   104.447   -22.483   -10.253
 7     0.586     0.215     0.781
 7    -0.643     0.710     0.287
 7    -0.493    -0.670     0.554
 8   123.378   -40.233    -3.807
 8     0.738    -0.427     0.523
 8    -0.659    -0.293     0.692
 8    -0.142    -0.855    -0.497
 9   130.789   -27.116   -24.234
 9     0.252    -0.525     0.815
 9     0.750     0.635     0.178
 9    -0.611     0.567     0.552
 2    98.452   -22.398    59.339
 2     0.823    -0.569    -0.009
 2     0.567     0.821     0.052
 2    -0.021    -0.049     0.998
 3   124.330    -6.427    -6.156
 3     0.679    -0.388    -0.626
 3     0.428     0.898    -0.089
 3     0.596    -0.207     0.775
 4   102.374     8.657   -12.022
 4     0.505    -0.163     0.848
 4     0.752     0.563    -0.340
 4    -0.423     0.810     0.407
 5   120.041    30.755   -12.142
 5     0.729     0.294     0.618
 5     0.654    -0.037    -0.755
 5    -0.199     0.955    -0.219
 6   137.674    13.012   -19.392
 6     0.567     0.818     0.094
 6    -0.824     0.564     0.048
 6    -0.014    -0.105     0.994
 7   104.655   -22.464   -10.293
 7     0.597     0.202     0.776
 7    -0.642     0.701     0.311
 7    -0.481    -0.684     0.548
 8   126.322   -37.203    -1.408
 8     0.781    -0.535     0.323
 8    -0.614    -0.562     0.554
 8    -0.115    -0.630    -0.767
 9   126.969   -32.731   -26.321
 9     0.017    -0.546     0.838
 9     0.462     0.747     0.477
 9    -0.886     0.380     0.263
 2    98.452   -22.398    59.339
 2     0.823    -0.569    -0.009
 2     0.567     0.821     0.052
 2    -0.021    -0.049     0.998
 3   124.200    -6.071    -6.185
 3     0.677    -0.399    -0.621
 3     0.432     0.895    -0.102
 3     0.596    -0.199     0.777
 4   101.549     8.576   -11.821
 4     0.476    -0.158     0.865
 4     0.764     0.561    -0.318
 4    -0.436     0.812     0.388
 5   118.288    31.401   -12.477
 5     0.694     0.343     0.634
 5     0.683    -0.034    -0.730
 5    -0.229     0.938    -0.257
 6   136.145    14.651   -21.271
 6     0.606     0.785     0.126
 6    -0.792     0.610     0.003
 6    -0.075    -0.102     0.992
 7   104.706   -22.499   -10.146
 7     0.608     0.186     0.771
 7    -0.638     0.693     0.336
 7    -0.472    -0.696     0.540
 8   127.061   -36.217    -0.485
 8     0.792    -0.550     0.265
 8    -0.602    -0.633     0.486
 8    -0.100    -0.544    -0.832
 9   126.232   -35.570   -25.502
 9    -0.031    -0.589     0.808
 9     0.324     0.758     0.565
 9    -0.945     0.280     0.166
 2    98.452   -22.398    59.339
 2     0.823    -0.569    -0.009
 2     0.567     0.821     0.052
 2    -0.021    -0.049     0.998
 3   123.885    -5.667    -6.350
 3     0.668    -0.426    -0.613
 3     0.459     0.880    -0.109
 3     0.585    -0.208     0.783
 4   100.594     8.040   -11.742
 4     0.438    -0.163     0.884
 4     0.777     0.561    -0.282
 4    -0.451     0.811     0.372
 5   116.585    31.502   -12.789
 5     0.663     0.366     0.654
 5     0.708    -0.022    -0.705
 5    -0.243     0.930    -0.272
 6   135.237    15.575   -21.987
 6     0.634     0.760     0.139
 6    -0.766     0.642    -0.022
 6    -0.106    -0.093     0.990
 7   104.925   -22.884    -9.836
 7     0.616     0.177     0.767
 7    -0.642     0.678     0.359
 7    -0.457    -0.714     0.531
 8   127.175   -36.246     0.444
 8     0.789    -0.554     0.267
 8    -0.609    -0.650     0.454
 8    -0.078    -0.520    -0.850
 9   125.894   -37.267   -24.386
 9    -0.048    -0.658     0.752
 9     0.262     0.717     0.645
 9    -0.964     0.228     0.137
 2    98.452   -22.398    59.339
 2     0.823    -0.569    -0.009
 2     0.567     0.821     0.052
 2    -0.021    -0.049     0.998
 3   124.280    -5.186    -6.339
 3     0.668    -0.424    -0.614
 3     0.461     0.880    -0.104
 3     0.583    -0.214     0.782
 4   101.309     8.845   -11.742
 4     0.445    -0.167     0.880
 4     0.783     0.548    -0.293
 4    -0.434     0.820     0.374
 5   117.390    32.315   -12.046
 5     0.668     0.353     0.655
 5     0.711    -0.045    -0.702
 5    -0.218     0.934    -0.280
 6   136.155    16.673   -21.234
 6     0.633     0.764     0.120
 6    -0.764     0.642    -0.060
 6    -0.124    -0.055     0.991
 7   105.348   -21.942    -9.920
 7     0.611     0.201     0.765
 7    -0.654     0.672     0.345
 7    -0.446    -0.712     0.542
 8   126.481   -36.477     1.015
 8     0.759    -0.570     0.316
 8    -0.649    -0.623     0.436
 8    -0.052    -0.535    -0.842
 9   125.771   -37.330   -23.681
 9    -0.022    -0.635     0.773
 9     0.280     0.738     0.614
 9    -0.960     0.230     0.160
 2    98.452   -22.398    59.339
 2     0.823    -0.569    -0.009
 2     0.567     0.821     0.052
 2    -0.021    -0.049     0.998
 3   124.891    -4.899    -6.326
 3     0.668    -0.411    -0.624
 3     0.448     0.887    -0.101
 3     0.594    -0.212     0.775
 4   102.294     9.500   -11.900
 4     0.463    -0.178     0.869
 4     0.785     0.536    -0.309
 4    -0.412     0.825     0.387
 5   118.538    32.646   -11.357
 5     0.680     0.331     0.654
 5     0.708    -0.066    -0.703
 5    -0.189     0.941    -0.279
 6   137.154    17.004   -20.408
 6     0.631     0.769     0.101
 6    -0.766     0.638    -0.072
 6    -0.121    -0.032     0.992
 7   105.889   -21.805   -10.024
 7     0.616     0.204     0.761
 7    -0.655     0.669     0.351
 7    -0.438    -0.714     0.546
 8   127.339   -35.927     1.256
 8     0.760    -0.579     0.294
 8    -0.647    -0.643     0.409
 8    -0.047    -0.501    -0.863
 9   125.311   -37.610   -23.557
 9    -0.073    -0.630     0.773
 9     0.241     0.741     0.626
 9    -0.968     0.232     0.097
 2    98.452   -22.398    59.339
 2     0.823    -0.569    -0.009
 2     0.567     0.821     0.052
 2    -0.021    -0.049     0.998
 3   125.114    -4.770    -6.402
 3     0.664    -0.414    -0.625
 3     0.454     0.884    -0.102
 3     0.594    -0.216     0.774
 4   102.225     9.369   -12.007
 4     0.452    -0.183     0.873
 4     0.787     0.541    -0.295
 4    -0.419     0.821     0.389
 5   118.528    32.645   -11.481
 5     0.678     0.338     0.653
 5     0.709    -0.069    -0.701
 5    -0.192     0.938    -0.286
 6   136.899    17.078   -20.580
 6     0.631     0.769     0.104
 6    -0.766     0.638    -0.073
 6    -0.123    -0.034     0.992
 7   106.544   -22.152    -9.594
 7     0.635     0.161     0.755
 7    -0.629     0.675     0.385
 7    -0.448    -0.720     0.530
 8   130.871   -33.330     0.252
 8     0.806    -0.587     0.078
 8    -0.577    -0.749     0.324
 8    -0.132    -0.306    -0.943
 9   122.764   -38.756   -25.733
 9    -0.338    -0.670     0.662
 9     0.042     0.691     0.721
 9    -0.940     0.271    -0.205
 2    98.452   -22.398    59.339
 2     0.823    -0.569    -0.009
 2     0.567     0.821     0.052
 2    -0.021    -0.049     0.998
 3   125.401    -4.281    -6.568
 3     0.654    -0.447    -0.613
 3     0.466     0.873    -0.137
 3     0.595    -0.196     0.778
 4   102.193     9.463   -11.919
 4     0.440    -0.193     0.877
 4     0.800     0.527    -0.286
 4    -0.408     0.828     0.385
 5   118.125    33.046   -10.920
 5     0.668     0.340     0.662
 5     0.722    -0.084    -0.686
 5    -0.178     0.937    -0.300
 6   136.509    17.867   -20.332
 6     0.632     0.767     0.111
 6    -0.760     0.641    -0.101
 6    -0.149    -0.021     0.989
 7   106.723   -21.935    -9.725
 7     0.649     0.119     0.751
 7    -0.594     0.695     0.403
 7    -0.475    -0.708     0.522
 8   131.941   -31.661    -0.778
 8     0.823    -0.568    -0.003
 8    -0.538    -0.782     0.315
 8    -0.181    -0.258    -0.949
 9   122.403   -37.501   -26.824
 9    -0.405    -0.683     0.608
 9     0.036     0.652     0.757
 9    -0.913     0.328    -0.238
 2    98.452   -22.398    59.365
 2     0.823    -0.569    -0.009
 2     0.567     0.821     0.052
 2    -0.021    -0.049     0.998
 3   125.401    -3.929    -6.575
 3     0.660    -0.446    -0.608
 3     0.457     0.876    -0.145
 3     0.596    -0.182     0.781
 4   102.571    10.537   -11.489
 4     0.454    -0.191     0.870
 4     0.809     0.497    -0.313
 4    -0.374     0.846     0.380
 5   118.631    33.819    -9.376
 5     0.676     0.328     0.661
 5     0.724    -0.124    -0.679
 5    -0.141     0.936    -0.320
 6   136.963    18.605   -18.886
 6     0.621     0.778     0.095
 6    -0.766     0.628    -0.136
 6    -0.166     0.010     0.986
 7   106.499   -21.379    -9.490
 7     0.633     0.112     0.765
 7    -0.592     0.707     0.386
 7    -0.498    -0.698     0.514
 8   131.998   -31.277    -1.574
 8     0.811    -0.581    -0.059
 8    -0.538    -0.783     0.311
 8    -0.227    -0.221    -0.948
 9   120.909   -36.809   -27.168
 9    -0.492    -0.659     0.569
 9     0.041     0.635     0.771
 9    -0.869     0.403    -0.285
 2    98.454   -22.397    59.362
 2     0.823    -0.568    -0.010
 2     0.567     0.821     0.051
 2    -0.020    -0.049     0.998
 3   125.423    -4.199    -6.853
 3     0.688    -0.407    -0.604
 3     0.406     0.901    -0.142
 3     0.601    -0.147     0.784
 4   103.457    11.961   -10.116
 4     0.500    -0.140     0.854
 4     0.807     0.431    -0.402
 4    -0.313     0.891     0.328
 5   121.360    33.500    -5.368
 5     0.725     0.371     0.581
 5     0.684    -0.289    -0.670
 5    -0.080     0.882    -0.462
 6   136.973    18.449   -17.662
 6     0.530     0.833     0.158
 6    -0.782     0.552    -0.287
 6    -0.327     0.028     0.945
 7   105.583   -20.596   -10.377
 7     0.603     0.153     0.783
 7    -0.598     0.736     0.316
 7    -0.529    -0.659     0.535
 8   130.493   -32.205    -2.652
 8     0.793    -0.609    -0.017
 8    -0.561    -0.740     0.370
 8    -0.238    -0.284    -0.929
 9   120.050   -35.782   -28.778
 9    -0.462    -0.632     0.623
 9     0.138     0.642     0.753
 9    -0.876     0.434    -0.209
 2    98.452   -22.398    59.365
 2     0.823    -0.569    -0.009
 2     0.567     0.821     0.052
 2    -0.021    -0.049     0.998
 3   125.633    -4.297    -7.036
 3     0.692    -0.397    -0.605
 3     0.378     0.910    -0.161
 3     0.614    -0.117     0.779
 4   103.997    12.252   -10.153
 4     0.514    -0.146     0.845
 4     0.804     0.423    -0.416
 4    -0.298     0.894     0.334
 5   121.657    33.645    -5.087
 5     0.732     0.333     0.594
 5     0.678    -0.288    -0.676
 5    -0.054     0.898    -0.436
 6   137.682    18.692   -16.838
 6     0.544     0.832     0.113
 6    -0.778     0.550    -0.301
 6    -0.313     0.075     0.947
 7   105.906   -20.604   -10.424
 7     0.615     0.153     0.773
 7    -0.595     0.733     0.328
 7    -0.517    -0.663     0.542
 8   130.622   -32.146    -2.122
 8     0.795    -0.606     0.006
 8    -0.565    -0.737     0.370
 8    -0.220    -0.298    -0.929
 9   120.846   -35.598   -27.565
 9    -0.436    -0.647     0.627
 9     0.151     0.633     0.758
 9    -0.887     0.425    -0.177
 2    98.452   -22.398    59.339
 2     0.823    -0.568    -0.009
 2     0.567     0.821     0.052
 2    -0.021    -0.049     0.998
 3   125.714    -4.112    -6.888
 3     0.688    -0.388    -0.616
 3     0.372     0.913    -0.157
 3     0.623    -0.122     0.772
 4   104.615    13.501    -9.385
 4     0.536    -0.162     0.828
 4     0.810     0.373    -0.452
 4    -0.237     0.913     0.331
 5   123.319    33.137    -1.614
 5     0.773     0.294     0.562
 5     0.633    -0.406    -0.660
 5     0.034     0.865    -0.499
 6   137.665    18.106   -14.056
 6     0.467     0.875     0.124
 6    -0.795     0.477    -0.375
 6    -0.387     0.076     0.919
 7   105.484   -19.830   -10.602
 7     0.600     0.185     0.778
 7    -0.612     0.732     0.298
 7    -0.515    -0.655     0.553
 8   129.425   -32.564    -1.820
 8     0.776    -0.628     0.064
 8    -0.598    -0.700     0.389
 8    -0.199    -0.340    -0.919
 9   120.217   -34.945   -27.959
 9    -0.402    -0.624     0.671
 9     0.204     0.653     0.729
 9    -0.892     0.430    -0.134
 2    98.452   -22.398    59.339
 2     0.823    -0.568    -0.009
 2     0.567     0.821     0.052
 2    -0.021    -0.049     0.998
 3   125.774    -3.884    -6.907
 3     0.690    -0.383    -0.616
 3     0.361     0.917    -0.163
 3     0.627    -0.109     0.771
 4   104.605    13.316   -10.165
 4     0.540    -0.149     0.828
 4     0.790     0.427    -0.439
 4    -0.289     0.892     0.348
 5   123.452    33.334    -4.583
 5     0.777     0.316     0.544
 5     0.627    -0.332    -0.704
 5    -0.042     0.889    -0.456
 6   137.891    17.295   -17.461
 6     0.485     0.858     0.171
 6    -0.813     0.514    -0.272
 6    -0.322    -0.007     0.947
 7   105.689   -19.938   -10.544
 7     0.613     0.176     0.770
 7    -0.609     0.726     0.319
 7    -0.503    -0.665     0.552
 8   129.540   -32.617    -1.725
 8     0.781    -0.621     0.072
 8    -0.593    -0.699     0.399
 8    -0.198    -0.355    -0.914
 9   120.989   -34.786   -27.477
 9    -0.391    -0.640     0.662
 9     0.206     0.640     0.740
 9    -0.897     0.425    -0.118
 2    98.452   -22.398    59.339
 2     0.823    -0.569    -0.009
 2     0.567     0.821     0.052
 2    -0.021    -0.049     0.998
 3   125.169    -4.196    -6.797
 3     0.682    -0.414    -0.606
 3     0.416     0.897    -0.141
 3     0.600    -0.155     0.783
 4   102.712    11.119   -11.360
 4     0.485    -0.128     0.865
 4     0.783     0.502    -0.365
 4    -0.388     0.855     0.344
 5   121.180    32.507    -8.657
 5     0.744     0.385     0.546
 5     0.652    -0.244    -0.718
 5    -0.144     0.890    -0.432
 6   136.275    16.525   -20.840
 6     0.521     0.826     0.216
 6    -0.799     0.560    -0.216
 6    -0.299    -0.060     0.952
 7   105.286   -21.423    -9.480
 7     0.621     0.154     0.768
 7    -0.625     0.690     0.366
 7    -0.474    -0.707     0.525
 8   129.684   -32.817    -0.414
 8     0.800    -0.597     0.059
 8    -0.572    -0.730     0.374
 8    -0.180    -0.333    -0.925
 9   120.757   -35.810   -26.051
 9    -0.400    -0.653     0.644
 9     0.176     0.633     0.753
 9    -0.899     0.414    -0.138
 2    98.452   -22.398    59.339
 2     0.823    -0.568    -0.009
 2     0.567     0.821     0.052
 2    -0.021    -0.049     0.998
 3   124.625    -4.560    -6.844
 3     0.684    -0.427    -0.595
 3     0.436     0.889    -0.134
 3     0.585    -0.167     0.792
 4   102.206    10.675   -11.473
 4     0.477    -0.130     0.869
 4     0.782     0.513    -0.353
 4    -0.401     0.848     0.347
 5   120.528    32.378    -8.996
 5     0.736     0.376     0.563
 5     0.660    -0.220    -0.718
 5    -0.146     0.900    -0.410
 6   135.885    16.112   -20.294
 6     0.521     0.811     0.266
 6    -0.813     0.566    -0.134
 6    -0.258    -0.147     0.954
 7   105.146   -21.591    -9.147
 7     0.618     0.153     0.771
 7    -0.635     0.676     0.375
 7    -0.464    -0.721     0.515
 8   129.443   -32.932     0.241
 8     0.798    -0.599     0.058
 8    -0.578    -0.735     0.354
 8    -0.169    -0.317    -0.933
 9   120.484   -36.202   -25.648
 9    -0.409    -0.651     0.640
 9     0.163     0.638     0.752
 9    -0.898     0.412    -0.154
 2    98.452   -22.398    59.339
 2     0.823    -0.568    -0.009
 2     0.567     0.821     0.052
 2    -0.021    -0.049     0.998
 3   124.769    -4.260    -7.066
 3     0.689    -0.422    -0.592
 3     0.429     0.892    -0.133
 3     0.583    -0.162     0.795
 4   102.361    11.276   -11.344
 4     0.479    -0.130     0.868
 4     0.788     0.498    -0.361
 4    -0.386     0.857     0.340
 5   120.767    32.871    -7.705
 5     0.739     0.375     0.560
 5     0.664    -0.265    -0.699
 5    -0.114     0.888    -0.445
 6   135.895    17.446   -19.484
 6     0.516     0.824     0.234
 6    -0.796     0.562    -0.224
 6    -0.316    -0.071     0.946
 7   105.202   -21.131    -9.618
 7     0.619     0.147     0.771
 7    -0.616     0.700     0.360
 7    -0.487    -0.699     0.524
 8   129.959   -32.115    -0.368
 8     0.805    -0.592     0.031
 8    -0.565    -0.751     0.342
 8    -0.179    -0.293    -0.939
 9   120.394   -35.699   -25.760
 9    -0.438    -0.650     0.623
 9     0.146     0.631     0.761
 9    -0.887     0.424    -0.180
 2    98.452   -22.398    59.365
 2     0.823    -0.568    -0.009
 2     0.567     0.821     0.052
 2    -0.021    -0.049     0.998
 3   124.812    -4.075    -7.176
 3     0.685    -0.429    -0.593
 3     0.426     0.891    -0.149
 3     0.591    -0.150     0.791
 4   102.621    11.410   -11.444
 4     0.492    -0.139     0.859
 4     0.786     0.495    -0.370
 4    -0.375     0.857     0.352
 5   121.049    32.706    -8.300
 5     0.745     0.349     0.568
 5     0.656    -0.233    -0.718
 5    -0.118     0.907    -0.402
 6   136.972    15.825   -19.468
 6     0.523     0.826     0.211
 6    -0.820     0.554    -0.140
 6    -0.233    -0.100     0.967
 7   105.421   -21.491    -9.690
 7     0.627     0.163     0.761
 7    -0.624     0.691     0.366
 7    -0.466    -0.704     0.535
 8   126.684   -37.057    -2.857
 8     0.796    -0.497     0.347
 8    -0.577    -0.450     0.681
 8    -0.182    -0.742    -0.645
 9   129.320   -26.170   -25.639
 9    -0.003    -0.774     0.633
 9     0.706     0.446     0.549
 9    -0.708     0.449     0.545
 2    98.452   -22.423    59.339
 2     0.823    -0.568    -0.009
 2     0.567     0.821     0.052
 2    -0.021    -0.049     0.998
 3   125.379    -5.005    -6.833
 3     0.679    -0.397    -0.621
 3     0.424     0.898    -0.108
 3     0.599    -0.189     0.776
 4   103.993    10.995   -12.066
 4     0.535    -0.151     0.831
 4     0.760     0.514    -0.396
 4    -0.369     0.844     0.389
 5   123.007    31.791    -8.757
 5     0.775     0.287     0.562
 5     0.623    -0.208    -0.754
 5    -0.099     0.935    -0.339
 6   139.037    14.055   -17.919
 6     0.508     0.847     0.157
 6    -0.846     0.524    -0.093
 6    -0.161    -0.086     0.983
 7   106.043   -21.715   -10.031
 7     0.635     0.187     0.750
 7    -0.622     0.700     0.352
 7    -0.459    -0.689     0.560
 8   126.522   -37.694    -4.652
 8     0.822    -0.342     0.456
 8    -0.547    -0.248     0.800
 8    -0.160    -0.906    -0.390
 9   134.840   -20.280   -21.248
 9     0.139    -0.868     0.477
 9     0.888     0.322     0.327
 9    -0.437     0.378     0.816
 2    98.452   -22.398    59.339
 2     0.823    -0.568    -0.009
 2     0.567     0.821     0.052
 2    -0.021    -0.049     0.998
 3   126.025    -4.882    -6.495
 3     0.664    -0.378    -0.648
 3     0.418     0.902    -0.097
 3     0.620    -0.207     0.755
 4   105.215    11.416   -12.486
 4     0.560    -0.180     0.809
 4     0.752     0.519    -0.406
 4    -0.347     0.835     0.425
 5   124.130    32.414    -9.295
 5     0.781     0.194     0.594
 5     0.620    -0.134    -0.773
 5    -0.071     0.972    -0.225
 6   141.548    14.321   -15.064
 6     0.539     0.840     0.061
 6    -0.842     0.539     0.024
 6    -0.013    -0.065     0.998
 7   106.954   -21.128   -10.721
 7     0.644     0.208     0.736
 7    -0.615     0.713     0.336
 7    -0.455    -0.669     0.587
 8   125.232   -38.953    -5.707
 8     0.786    -0.226     0.576
 8    -0.606    -0.095     0.790
 8    -0.124    -0.969    -0.211
 9   137.466   -20.521   -17.845
 9     0.285    -0.886     0.366
 9     0.923     0.356     0.145
 9    -0.258     0.296     0.919
 2    98.452   -22.398    59.339
 2     0.823    -0.568    -0.009
 2     0.567     0.821     0.052
 2    -0.021    -0.049     0.998
 3   126.747    -5.011    -5.991
 3     0.652    -0.350    -0.674
 3     0.391     0.914    -0.094
 3     0.649    -0.203     0.732
 4   107.023    12.074   -12.628
 4     0.598    -0.221     0.770
 4     0.747     0.499    -0.437
 4    -0.289     0.837     0.463
 5   125.822    32.482    -7.494
 5     0.794     0.093     0.601
 5     0.608    -0.139    -0.781
 5     0.011     0.986    -0.167
 6   143.344    13.889   -11.288
 6     0.520     0.854    -0.026
 6    -0.852     0.520     0.055
 6     0.059    -0.007     0.998
 7   107.212   -20.872   -11.056
 7     0.633     0.257     0.730
 7    -0.639     0.705     0.306
 7    -0.437    -0.660     0.611
 8   123.923   -40.066    -6.346
 8     0.755    -0.105     0.647
 8    -0.650     0.006     0.760
 8    -0.083    -0.995    -0.063
 9   138.531   -20.971   -14.217
 9     0.351    -0.889     0.296
 9     0.932     0.362    -0.018
 9    -0.091     0.282     0.955
 2    98.452   -22.398    59.339
 2     0.823    -0.569    -0.009
 2     0.567     0.821     0.052
 2    -0.021    -0.049     0.998
 3   126.922    -5.535    -5.706
 3     0.648    -0.325    -0.690
 3     0.377     0.922    -0.078
 3     0.662    -0.210     0.719
 4   107.744    11.875   -12.747
 4     0.620    -0.233     0.750
 4     0.734     0.508    -0.449
 4    -0.277     0.829     0.485
 5   126.370    32.192    -7.615
 5     0.796     0.009     0.604
 5     0.603    -0.077    -0.794
 5     0.039     0.997    -0.067
 6   143.459    12.180    -8.337
 6     0.469     0.883     0.040
 6    -0.858     0.443     0.257
 6     0.209    -0.155     0.965
 7   107.086   -21.129   -11.186
 7     0.628     0.271     0.730
 7    -0.645     0.705     0.293
 7    -0.436    -0.655     0.617
 8   123.494   -40.498    -7.693
 8     0.765     0.003     0.644
 8    -0.639     0.125     0.759
 8    -0.078    -0.992     0.098
 9   138.917   -20.311   -10.376
 9     0.348    -0.901     0.261
 9     0.930     0.296    -0.215
 9     0.117     0.317     0.941
 2    98.452   -22.398    59.339
 2     0.823    -0.569    -0.009
 2     0.567     0.821     0.052
 2    -0.021    -0.049     0.998
 3   126.721    -6.016    -5.526
 3     0.649    -0.310    -0.696
 3     0.364     0.928    -0.073
 3     0.668    -0.207     0.714
 4   108.028    11.697   -13.059
 4     0.641    -0.239     0.730
 4     0.719     0.519    -0.462
 4    -0.269     0.820     0.504
 5   126.831    31.845    -7.640
 5     0.805    -0.031     0.592
 5     0.590    -0.056    -0.805
 5     0.057     0.998    -0.028
 6   143.139    11.494    -7.348
 6     0.430     0.900     0.076
 6    -0.867     0.387     0.313
 6     0.253    -0.200     0.946
 7   106.906   -20.890   -11.800
 7     0.621     0.288     0.729
 7    -0.646     0.715     0.267
 7    -0.444    -0.637     0.630
 8   122.562   -40.781    -8.355
 8     0.739     0.105     0.665
 8    -0.672     0.169     0.720
 8    -0.037    -0.980     0.195
 9   139.062   -21.442    -8.346
 9     0.380    -0.913     0.147
 9     0.902     0.331    -0.277
 9     0.204     0.237     0.949
 2    98.452   -22.398    59.339
 2     0.823    -0.569    -0.009
 2     0.567     0.821     0.052
 2    -0.021    -0.049     0.998
 3   126.944    -5.947    -5.498
 3     0.634    -0.320    -0.705
 3     0.358     0.928    -0.097
 3     0.685    -0.191     0.702
 4   108.642    11.315   -13.731
 4     0.626    -0.281     0.728
 4     0.737     0.515    -0.436
 4    -0.253     0.809     0.529
 5   125.450    33.065    -8.073
 5     0.749    -0.099     0.655
 5     0.656    -0.028    -0.754
 5     0.092     0.994     0.042
 6   142.993    13.874    -5.581
 6     0.447     0.894    -0.007
 6    -0.831     0.418     0.367
 6     0.331    -0.158     0.930
 7   107.690   -20.365   -13.014
 7     0.614     0.330     0.717
 7    -0.654     0.720     0.229
 7    -0.441    -0.610     0.658
 8   121.111   -41.542    -8.915
 8     0.667     0.240     0.705
 8    -0.744     0.169     0.646
 8     0.036    -0.956     0.290
 9   138.613   -23.713    -5.749
 9     0.415    -0.908     0.062
 9     0.859     0.369    -0.352
 9     0.297     0.199     0.934
 2    98.452   -22.398    59.339
 2     0.823    -0.569    -0.009
 2     0.567     0.821     0.052
 2    -0.021    -0.049     0.998
 3   127.580    -5.714    -5.441
 3     0.609    -0.328    -0.724
 3     0.347     0.928    -0.126
 3     0.713    -0.175     0.678
 4   109.382    11.296   -14.045
 4     0.617    -0.328     0.716
 4     0.753     0.508    -0.417
 4    -0.227     0.796     0.560
 5   124.883    33.901    -8.209
 5     0.711    -0.214     0.670
 5     0.688     0.018    -0.725
 5     0.142     0.976     0.158
 6   141.623    14.441    -3.218
 6     0.367     0.927    -0.076
 6    -0.829     0.363     0.425
 6     0.421    -0.093     0.902
 7   108.530   -19.907   -13.782
 7     0.631     0.328     0.703
 7    -0.635     0.739     0.225
 7    -0.446    -0.588     0.675
 8   121.806   -41.176    -9.517
 8     0.656     0.314     0.687
 8    -0.751     0.185     0.633
 8     0.072    -0.931     0.356
 9   139.505   -23.380    -4.237
 9     0.422    -0.906    -0.009
 9     0.829     0.390    -0.401
 9     0.367     0.162     0.916
 2    98.502   -22.398    59.339
 2     0.823    -0.569    -0.009
 2     0.567     0.821     0.052
 2    -0.021    -0.049     0.998
 3   127.997    -5.361    -5.306
 3     0.588    -0.335    -0.737
 3     0.338     0.928    -0.151
 3     0.734    -0.161     0.658
 4   110.180    11.630   -14.115
 4     0.619    -0.362     0.698
 4     0.760     0.498    -0.416
 4    -0.198     0.787     0.582
 5   125.349    34.224    -7.330
 5     0.696    -0.270     0.667
 5     0.693     0.007    -0.720
 5     0.188     0.963     0.190
 6   141.914    14.912    -1.482
 6     0.356     0.925    -0.134
 6    -0.821     0.378     0.428
 6     0.446    -0.043     0.894
 7   109.375   -19.759   -14.060
 7     0.649     0.322     0.690
 7    -0.625     0.741     0.242
 7    -0.434    -0.589     0.682
 8   122.561   -40.971    -8.931
 8     0.650     0.354     0.673
 8    -0.751     0.167     0.638
 8     0.113    -0.920     0.373
 9   140.050   -23.315    -2.983
 9     0.418    -0.908    -0.025
 9     0.823     0.391    -0.411
 9     0.383     0.151     0.911
 2    98.502   -22.398    59.339
 2     0.823    -0.568    -0.009
 2     0.567     0.821     0.052
 2    -0.021    -0.049     0.998
 3   128.219    -5.218    -5.108
 3     0.573    -0.334    -0.750
 3     0.336     0.928    -0.155
 3     0.747    -0.164     0.643
 4   110.387    11.697   -14.024
 4     0.612    -0.381     0.694
 4     0.769     0.490    -0.410
 4    -0.184     0.784     0.592
 5   124.986    34.602    -6.846
 5     0.677    -0.288     0.679
 5     0.707    -0.006    -0.707
 5     0.206     0.958     0.197
 6   141.906    15.503    -0.689
 6     0.372     0.914    -0.164
 6    -0.813     0.406     0.418
 6     0.448    -0.022     0.893
 7   109.529   -19.756   -14.016
 7     0.651     0.320     0.688
 7    -0.624     0.741     0.246
 7    -0.432    -0.590     0.682
 8   122.437   -40.967    -8.724
 8     0.641     0.357     0.680
 8    -0.758     0.153     0.634
 8     0.122    -0.922     0.367
 9   140.301   -23.678    -2.852
 9     0.442    -0.897    -0.025
 9     0.812     0.411    -0.414
 9     0.381     0.162     0.910
 2    98.502   -22.398    59.339
 2     0.823    -0.569    -0.009
 2     0.567     0.821     0.051
 2    -0.021    -0.048     0.998
 3   128.225    -5.140    -5.015
 3     0.571    -0.334    -0.751
 3     0.334     0.928    -0.157
 3     0.749    -0.162     0.641
 4   110.367    11.828   -13.957
 4     0.610    -0.384     0.695
 4     0.771     0.486    -0.410
 4    -0.181     0.785     0.591
 5   124.698    34.687    -6.516
 5     0.671    -0.286     0.686
 5     0.710    -0.020    -0.703
 5     0.213     0.958     0.188
 6   141.752    15.727    -0.483
 6     0.384     0.908    -0.169
 6    -0.813     0.418     0.405
 6     0.438    -0.019     0.898
 7   109.480   -19.631   -13.960
 7     0.649     0.319     0.691
 7    -0.626     0.740     0.246
 7    -0.433    -0.592     0.679
 8   122.270   -40.917    -8.596
 8     0.635     0.352     0.688
 8    -0.762     0.144     0.630
 8     0.123    -0.925     0.359
 9   140.207   -23.739    -2.900
 9     0.451    -0.892    -0.025
 9     0.811     0.421    -0.405
 9     0.372     0.162     0.914
 2    98.502   -22.398    59.339
 2     0.823    -0.568    -0.009
 2     0.567     0.821     0.052
 2    -0.021    -0.049     0.998
 3   128.083    -5.036    -4.948
 3     0.569    -0.334    -0.752
 3     0.334     0.928    -0.158
 3     0.751    -0.162     0.640
 4   110.153    12.014   -13.751
 4     0.604    -0.386     0.698
 4     0.777     0.476    -0.410
 4    -0.174     0.789     0.587
 5   124.333    34.883    -5.910
 5     0.662    -0.289     0.693
 5     0.713    -0.042    -0.699
 5     0.230     0.956     0.177
 6   141.632    16.025     0.142
 6     0.401     0.898    -0.181
 6    -0.812     0.439     0.383
 6     0.423    -0.008     0.906
 7   109.359   -19.867   -13.576
 7     0.650     0.320     0.690
 7    -0.637     0.724     0.265
 7    -0.415    -0.612     0.673
 8   121.999   -40.955    -7.007
 8     0.620     0.384     0.684
 8    -0.763     0.095     0.638
 8     0.179    -0.918     0.351
 9   140.259   -24.108    -0.957
 9     0.472    -0.880    -0.056
 9     0.802     0.455    -0.386
 9     0.365     0.136     0.921
 2    98.502   -22.398    59.339
 2     0.823    -0.568    -0.009
 2     0.567     0.821     0.052
 2    -0.021    -0.049     0.998
 3   127.891    -5.034    -4.770
 3     0.566    -0.325    -0.759
 3     0.336     0.929    -0.146
 3     0.752    -0.173     0.635
 4   110.183    12.205   -13.608
 4     0.603    -0.397     0.693
 4     0.781     0.468    -0.412
 4    -0.161     0.789     0.591
 5   124.032    35.084    -5.060
 5     0.651    -0.301     0.699
 5     0.716    -0.064    -0.694
 5     0.252     0.951     0.172
 6   141.567    16.252     0.629
 6     0.407     0.893    -0.194
 6    -0.811     0.450     0.374
 6     0.420     0.005     0.907
 7   109.379   -19.987   -13.494
 7     0.650     0.319     0.689
 7    -0.641     0.717     0.273
 7    -0.408    -0.619     0.671
 8   121.963   -40.943    -6.678
 8     0.617     0.393     0.682
 8    -0.762     0.082     0.642
 8     0.196    -0.916     0.349
 9   140.413   -24.222    -0.563
 9     0.483    -0.874    -0.062
 9     0.801     0.469    -0.372
 9     0.354     0.130     0.926
];