% Calibrated with leiden_pols
% Positions are in centimeters
Data =[
 2    98.502   -22.398    59.339
 2     0.823    -0.569    -0.009
 2     0.567     0.821     0.052
 2    -0.021    -0.049     0.998
 3   124.205    -6.358    -6.341
 3     0.701    -0.374    -0.609
 3     0.354     0.921    -0.155
 3     0.618    -0.107     0.777
 4   103.482     9.601   -12.192
 4     0.558    -0.160     0.814
 4     0.727     0.566    -0.387
 4    -0.400     0.808     0.432
 5   122.656    30.555   -12.312
 5     0.809     0.169     0.563
 5     0.564     0.047    -0.824
 5    -0.166     0.984    -0.057
 6   136.675     8.632   -14.684
 6     0.299     0.953     0.049
 6    -0.925     0.277     0.258
 6     0.232    -0.123     0.965
 7   103.746   -20.708   -11.796
 7     0.579     0.196     0.791
 7    -0.562     0.799     0.213
 7    -0.591    -0.568     0.573
 8   123.328   -37.463   -14.670
 8     0.832    -0.173     0.527
 8    -0.449     0.347     0.823
 8    -0.325    -0.922     0.212
 9   134.286   -13.539   -15.236
 9     0.150    -0.822     0.549
 9     0.928    -0.073    -0.364
 9     0.339     0.564     0.752
 2    98.502   -22.398    59.339
 2     0.823    -0.569    -0.009
 2     0.567     0.821     0.052
 2    -0.021    -0.049     0.998
 3   124.358    -6.306    -6.344
 3     0.700    -0.374    -0.611
 3     0.355     0.921    -0.154
 3     0.619    -0.109     0.777
 4   103.696     9.605   -12.254
 4     0.561    -0.165     0.811
 4     0.727     0.566    -0.389
 4    -0.395     0.808     0.437
 5   122.712    30.635   -12.295
 5     0.807     0.166     0.566
 5     0.567     0.047    -0.822
 5    -0.163     0.985    -0.056
 6   136.786     8.759   -14.723
 6     0.309     0.950     0.047
 6    -0.924     0.287     0.254
 6     0.227    -0.123     0.966
 7   103.929   -20.702   -11.864
 7     0.583     0.195     0.788
 7    -0.561     0.798     0.217
 7    -0.587    -0.569     0.575
 8   123.425   -37.544   -14.612
 8     0.826    -0.189     0.531
 8    -0.454     0.333     0.826
 8    -0.333    -0.923     0.190
 9   134.322   -13.839   -15.890
 9     0.163    -0.806     0.569
 9     0.935    -0.058    -0.350
 9     0.315     0.589     0.744
 2    98.452   -22.398    59.339
 2     0.823    -0.569    -0.009
 2     0.567     0.821     0.052
 2    -0.021    -0.049     0.998
 3   124.371    -6.304    -6.319
 3     0.696    -0.379    -0.613
 3     0.372     0.916    -0.142
 3     0.614    -0.130     0.777
 4   103.233     9.297   -12.233
 4     0.539    -0.164     0.826
 4     0.737     0.565    -0.370
 4    -0.406     0.808     0.425
 5   121.438    30.855   -12.215
 5     0.771     0.244     0.588
 5     0.606     0.004    -0.795
 5    -0.197     0.969    -0.144
 6   136.754    10.288   -17.331
 6     0.409     0.908     0.091
 6    -0.905     0.391     0.170
 6     0.119    -0.152     0.981
 7   103.853   -21.096   -11.438
 7     0.579     0.199     0.790
 7    -0.578     0.783     0.227
 7    -0.574    -0.589     0.569
 8   122.046   -39.222   -12.098
 8     0.773    -0.275     0.572
 8    -0.547     0.167     0.819
 8    -0.321    -0.947    -0.020
 9   133.357   -17.213   -19.297
 9     0.266    -0.706     0.657
 9     0.963     0.161    -0.216
 9     0.046     0.689     0.722
 2    98.452   -22.398    59.339
 2     0.823    -0.569    -0.009
 2     0.567     0.821     0.052
 2    -0.021    -0.049     0.998
 3   124.037    -6.387    -6.360
 3     0.696    -0.377    -0.613
 3     0.393     0.912    -0.112
 3     0.600    -0.162     0.782
 4   102.439     8.982   -12.075
 4     0.523    -0.153     0.838
 4     0.741     0.566    -0.359
 4    -0.420     0.809     0.410
 5   120.493    30.673   -12.330
 5     0.749     0.293     0.594
 5     0.626    -0.021    -0.779
 5    -0.216     0.956    -0.198
 6   136.652    11.259   -19.262
 6     0.484     0.869     0.107
 6    -0.875     0.475     0.091
 6     0.028    -0.138     0.990
 7   103.525   -21.771   -10.836
 7     0.576     0.216     0.788
 7    -0.618     0.746     0.246
 7    -0.535    -0.629     0.563
 8   121.768   -40.424    -8.347
 8     0.753    -0.320     0.575
 8    -0.613    -0.022     0.790
 8    -0.240    -0.947    -0.212
 9   133.015   -20.319   -20.568
 9     0.309    -0.651     0.694
 9     0.934     0.342    -0.094
 9    -0.177     0.677     0.714
 2    98.452   -22.398    59.339
 2     0.823    -0.569    -0.009
 2     0.567     0.821     0.052
 2    -0.021    -0.049     0.998
 3   123.836    -6.900    -6.211
 3     0.696    -0.377    -0.614
 3     0.410     0.907    -0.090
 3     0.589    -0.188     0.784
 4   102.167     8.275   -12.144
 4     0.517    -0.143     0.844
 4     0.734     0.580    -0.352
 4    -0.440     0.801     0.405
 5   120.081    30.189   -12.951
 5     0.741     0.292     0.605
 5     0.634    -0.008    -0.773
 5    -0.221     0.956    -0.191
 6   136.885    11.096   -19.481
 6     0.506     0.854     0.115
 6    -0.862     0.497     0.104
 6     0.031    -0.152     0.988
 7   103.829   -22.435   -10.307
 7     0.581     0.214     0.785
 7    -0.629     0.730     0.266
 7    -0.517    -0.648     0.559
 8   121.900   -40.871    -7.881
 8     0.748    -0.329     0.577
 8    -0.622    -0.043     0.782
 8    -0.232    -0.943    -0.236
 9   133.230   -22.528   -20.821
 9     0.337    -0.622     0.708
 9     0.900     0.432    -0.047
 9    -0.276     0.653     0.704
 2    98.452   -22.398    59.339
 2     0.823    -0.569    -0.009
 2     0.567     0.821     0.052
 2    -0.021    -0.049     0.998
 3   124.091    -6.791    -6.133
 3     0.687    -0.381    -0.621
 3     0.423     0.901    -0.081
 3     0.590    -0.206     0.779
 4   102.373     8.446   -12.059
 4     0.514    -0.157     0.844
 4     0.744     0.569    -0.348
 4    -0.426     0.807     0.409
 5   120.237    30.393   -12.307
 5     0.736     0.297     0.609
 5     0.646    -0.038    -0.762
 5    -0.203     0.954    -0.219
 6   137.765    12.658   -19.402
 6     0.560     0.823     0.095
 6    -0.828     0.557     0.054
 6    -0.009    -0.110     0.994
 7   104.447   -22.483   -10.253
 7     0.586     0.215     0.781
 7    -0.643     0.710     0.287
 7    -0.493    -0.670     0.554
 8   123.378   -40.233    -3.807
 8     0.738    -0.427     0.523
 8    -0.659    -0.293     0.692
 8    -0.142    -0.855    -0.497
 9   130.789   -27.116   -24.234
 9     0.252    -0.525     0.815
 9     0.750     0.635     0.178
 9    -0.611     0.567     0.552
 2    98.452   -22.398    59.339
 2     0.823    -0.569    -0.009
 2     0.567     0.821     0.052
 2    -0.021    -0.049     0.998
 3   124.330    -6.427    -6.156
 3     0.679    -0.388    -0.626
 3     0.428     0.898    -0.089
 3     0.596    -0.207     0.775
 4   102.374     8.657   -12.022
 4     0.505    -0.163     0.848
 4     0.752     0.563    -0.340
 4    -0.423     0.810     0.407
 5   120.041    30.755   -12.142
 5     0.729     0.294     0.618
 5     0.654    -0.037    -0.755
 5    -0.199     0.955    -0.219
 6   137.674    13.012   -19.392
 6     0.567     0.818     0.094
 6    -0.824     0.564     0.048
 6    -0.014    -0.105     0.994
 7   104.655   -22.464   -10.293
 7     0.597     0.202     0.776
 7    -0.642     0.701     0.311
 7    -0.481    -0.684     0.548
 8   126.322   -37.203    -1.408
 8     0.781    -0.535     0.323
 8    -0.614    -0.562     0.554
 8    -0.115    -0.630    -0.767
 9   126.969   -32.731   -26.321
 9     0.017    -0.546     0.838
 9     0.462     0.747     0.477
 9    -0.886     0.380     0.263
 2    98.452   -22.398    59.339
 2     0.823    -0.569    -0.009
 2     0.567     0.821     0.052
 2    -0.021    -0.049     0.998
 3   124.200    -6.071    -6.185
 3     0.677    -0.399    -0.621
 3     0.432     0.895    -0.102
 3     0.596    -0.199     0.777
 4   101.549     8.576   -11.821
 4     0.476    -0.158     0.865
 4     0.764     0.561    -0.318
 4    -0.436     0.812     0.388
 5   118.288    31.401   -12.477
 5     0.694     0.343     0.634
 5     0.683    -0.034    -0.730
 5    -0.229     0.938    -0.257
