2 	  32.77	  -6.79	  22.94
	  0.829	  0.555	 -0.064
	 -0.555	  0.831	  0.016
	  0.062	  0.023	  0.998

3 	  45.53	   0.09	   2.99
	 -0.273	  0.166	 -0.948
	 -0.071	 -0.986	 -0.153
	 -0.959	  0.026	  0.281

4 	  40.82	   5.66	  -6.24
	  0.671	  0.734	 -0.101
	 -0.620	  0.630	  0.467
	  0.406	 -0.251	  0.878

5 	  41.77	  10.11	   6.31
	  0.381	  0.218	  0.898
	 -0.462	 -0.797	  0.389
	  0.801	 -0.563	 -0.203

6 	  50.15	   3.97	  11.34
	  0.502	 -0.656	  0.564
	  0.713	  0.682	  0.158
	 -0.489	  0.323	  0.810

7 	  43.15	  -7.82	  -5.78
	  0.616	 -0.731	  0.295
	  0.787	  0.580	 -0.208
	 -0.019	  0.360	  0.932

8 	  45.77	 -12.59	   5.52
	  0.625	 -0.147	  0.767
	  0.608	 -0.525	 -0.596
	  0.490	  0.838	 -0.239

9 	  51.15	  -3.99	  11.32
	  0.123	  0.760	  0.638
	 -0.851	  0.412	 -0.326
	 -0.511	 -0.503	  0.697

2 	  32.77	  -6.79	  22.94
	  0.829	  0.555	 -0.064
	 -0.555	  0.831	  0.015
	  0.062	  0.023	  0.998

3 	  45.49	   0.11	   3.01
	 -0.269	  0.166	 -0.949
	 -0.070	 -0.986	 -0.153
	 -0.960	  0.025	  0.277

4 	  40.80	   5.66	  -6.24
	  0.671	  0.734	 -0.100
	 -0.620	  0.630	  0.467
	  0.406	 -0.251	  0.878

5 	  41.92	  10.35	   6.19
	  0.396	  0.233	  0.888
	 -0.457	 -0.789	  0.411
	  0.796	 -0.569	 -0.206

6 	  50.12	   4.03	  11.13
	  0.481	 -0.672	  0.562
	  0.740	  0.655	  0.149
	 -0.469	  0.344	  0.813

7 	  43.14	  -7.80	  -5.77
	  0.613	 -0.733	  0.293
	  0.790	  0.576	 -0.210
	 -0.015	  0.360	  0.932

8 	  45.83	 -12.62	   5.43
	  0.626	 -0.153	  0.764
	  0.603	 -0.526	 -0.599
	  0.494	  0.836	 -0.237

9 	  51.12	  -3.90	  10.86
	  0.115	  0.781	  0.614
	 -0.868	  0.379	 -0.320
	 -0.483	 -0.496	  0.721

2 	  32.77	  -6.77	  22.94
	  0.829	  0.555	 -0.064
	 -0.556	  0.831	  0.015
	  0.062	  0.023	  0.998

3 	  45.39	   0.07	   3.02
	 -0.254	  0.168	 -0.953
	 -0.069	 -0.985	 -0.155
	 -0.965	  0.026	  0.262

4 	  40.80	   5.64	  -6.26
	  0.674	  0.731	 -0.103
	 -0.617	  0.634	  0.466
	  0.406	 -0.251	  0.879

5 	  42.24	  10.78	   5.80
	  0.419	  0.260	  0.870
	 -0.477	 -0.752	  0.454
	  0.772	 -0.606	 -0.191

6 	  50.13	   3.99	  10.65
	  0.449	 -0.702	  0.553
	  0.774	  0.615	  0.152
	 -0.447	  0.360	  0.819

7 	  43.08	  -7.77	  -5.91
	  0.613	 -0.739	  0.278
	  0.790	  0.572	 -0.220
	  0.003	  0.355	  0.935

8 	  45.95	 -12.74	   5.19
	  0.635	 -0.160	  0.756
	  0.591	 -0.529	 -0.609
	  0.497	  0.833	 -0.241

9 	  51.15	  -3.81	  10.05
	  0.103	  0.806	  0.582
	 -0.885	  0.341	 -0.316
	 -0.454	 -0.483	  0.749

2 	  32.77	  -6.79	  22.94
	  0.829	  0.555	 -0.064
	 -0.555	  0.831	  0.015
	  0.061	  0.023	  0.998

3 	  45.37	   0.05	   2.95
	 -0.244	  0.169	 -0.955
	 -0.069	 -0.985	 -0.156
	 -0.967	  0.028	  0.252

4 	  40.94	   5.47	  -6.56
	  0.692	  0.710	 -0.131
	 -0.592	  0.661	  0.461
	  0.413	 -0.242	  0.878

5 	  42.49	  11.18	   5.19
	  0.425	  0.295	  0.855
	 -0.490	 -0.720	  0.491
	  0.761	 -0.628	 -0.162

6 	  50.15	   4.11	   9.97
	  0.420	 -0.727	  0.543
	  0.800	  0.579	  0.155
	 -0.427	  0.369	  0.825

7 	  43.15	  -7.63	  -6.26
	  0.630	 -0.736	  0.247
	  0.776	  0.584	 -0.238
	  0.031	  0.342	  0.939

8 	  46.41	 -12.87	   4.41
	  0.657	 -0.167	  0.735
	  0.590	 -0.491	 -0.640
	  0.468	  0.855	 -0.224

9 	  51.17	  -3.69	   9.23
	  0.059	  0.815	  0.576
	 -0.904	  0.288	 -0.316
	 -0.423	 -0.502	  0.754

2 	  32.75	  -6.79	  22.96
	  0.829	  0.555	 -0.064
	 -0.555	  0.831	  0.015
	  0.062	  0.023	  0.998

3 	  45.35	   0.02	   2.88
	 -0.240	  0.169	 -0.956
	 -0.067	 -0.985	 -0.157
	 -0.969	  0.026	  0.247

4 	  41.03	   5.33	  -6.80
	  0.703	  0.694	 -0.157
	 -0.570	  0.681	  0.459
	  0.425	 -0.234	  0.874

5 	  42.56	  11.39	   4.62
	  0.425	  0.325	  0.844
	 -0.493	 -0.699	  0.517
	  0.759	 -0.637	 -0.137

6 	  50.13	   4.08	   9.18
	  0.406	 -0.749	  0.523
	  0.819	  0.552	  0.155
	 -0.406	  0.365	  0.838

7 	  43.10	  -7.42	  -6.73
	  0.653	 -0.731	  0.199
	  0.754	  0.603	 -0.260
	  0.070	  0.320	  0.945

8 	  46.79	 -12.87	   3.64
	  0.685	 -0.173	  0.707
	  0.585	 -0.446	 -0.677
	  0.433	  0.878	 -0.204

9 	  51.21	  -3.59	   8.26
	  0.021	  0.819	  0.573
	 -0.922	  0.238	 -0.306
	 -0.387	 -0.522	  0.760

2 	  32.75	  -6.79	  22.96
	  0.829	  0.555	 -0.064
	 -0.555	  0.831	  0.015
	  0.061	  0.023	  0.998

3 	  45.33	   0.02	   2.78
	 -0.241	  0.165	 -0.956
	 -0.066	 -0.986	 -0.154
	 -0.968	  0.026	  0.248

4 	  41.13	   5.10	  -7.15
	  0.716	  0.671	 -0.191
	 -0.538	  0.705	  0.461
	  0.444	 -0.228	  0.866

5 	  42.61	  11.60	   3.96
	  0.415	  0.360	  0.835
	 -0.495	 -0.681	  0.540
	  0.763	 -0.638	 -0.105

6 	  50.06	   4.11	   8.30
	  0.390	 -0.772	  0.502
	  0.839	  0.523	  0.151
	 -0.380	  0.362	  0.851

7 	  43.00	  -7.12	  -7.15
	  0.668	 -0.728	  0.153
	  0.737	  0.619	 -0.273
	  0.104	  0.295	  0.950

8 	  47.09	 -12.97	   2.74
	  0.708	 -0.192	  0.679
	  0.572	 -0.409	 -0.711
	  0.414	  0.892	 -0.180

9 	  51.21	  -3.55	   7.35
	 -0.005	  0.820	  0.572
	 -0.938	  0.195	 -0.287
	 -0.347	 -0.538	  0.768

2 	  32.75	  -6.79	  22.94
	  0.829	  0.555	 -0.064
	 -0.555	  0.831	  0.015
	  0.061	  0.023	  0.998

3 	  45.25	   0.05	   2.53
	 -0.253	  0.152	 -0.955
	 -0.075	 -0.988	 -0.137
	 -0.964	  0.037	  0.261

4 	  41.13	   4.90	  -7.51
	  0.728	  0.649	 -0.221
	 -0.510	  0.727	  0.459
	  0.459	 -0.222	  0.860

5 	  42.79	  11.71	   3.36
	  0.425	  0.386	  0.818
	 -0.500	 -0.653	  0.568
	  0.754	 -0.651	 -0.084

6 	  50.15	   4.08	   7.31
	  0.381	 -0.794	  0.474
	  0.859	  0.494	  0.136
	 -0.342	  0.355	  0.870

7 	  42.87	  -6.79	  -7.58
	  0.679	 -0.727	  0.103
	  0.720	  0.633	 -0.283
	  0.140	  0.267	  0.953

8 	  47.23	 -13.01	   1.93
	  0.731	 -0.216	  0.647
	  0.548	 -0.379	 -0.746
	  0.407	  0.900	 -0.159

9 	  51.29	  -3.57	   6.38
	 -0.011	  0.825	  0.565
	 -0.950	  0.168	 -0.264
	 -0.313	 -0.540	  0.781

2 	  32.75	  -6.79	  22.96
	  0.829	  0.555	 -0.064
	 -0.555	  0.831	  0.015
	  0.061	  0.023	  0.998

3 	  45.23	   0.09	   2.41
	 -0.262	  0.148	 -0.954
	 -0.083	 -0.988	 -0.130
	 -0.961	  0.045	  0.271

4 	  41.12	   4.78	  -7.70
	  0.732	  0.637	 -0.241
	 -0.493	  0.739	  0.459
	  0.471	 -0.217	  0.855

5 	  42.94	  11.85	   3.02
	  0.447	  0.407	  0.796
	 -0.475	 -0.646	  0.597
	  0.758	 -0.645	 -0.095

6 	  50.41	   4.20	   6.70
	  0.392	 -0.806	  0.443
	  0.862	  0.490	  0.129
	 -0.322	  0.331	  0.887

7 	  42.68	  -6.54	  -7.82
	  0.687	 -0.723	  0.066
	  0.706	  0.645	 -0.291
	  0.168	  0.246	  0.954

8 	  47.44	 -13.01	   1.16
	  0.764	 -0.231	  0.602
	  0.512	 -0.350	 -0.784
	  0.392	  0.908	 -0.149

9 	  51.57	  -3.52	   5.82
	 -0.011	  0.813	  0.581
	 -0.964	  0.146	 -0.222
	 -0.265	 -0.563	  0.782

2 	  32.75	  -6.79	  22.96
	  0.829	  0.555	 -0.064
	 -0.555	  0.831	  0.015
	  0.061	  0.023	  0.998

3 	  45.23	   0.07	   2.37
	 -0.262	  0.150	 -0.953
	 -0.083	 -0.988	 -0.133
	 -0.961	  0.044	  0.271

4 	  41.12	   4.80	  -7.66
	  0.733	  0.635	 -0.244
	 -0.487	  0.740	  0.463
	  0.474	 -0.221	  0.852

5 	  43.01	  11.88	   2.97
	  0.459	  0.414	  0.786
	 -0.461	 -0.645	  0.609
	  0.759	 -0.642	 -0.105

6 	  50.40	   4.11	   6.06
	  0.394	 -0.820	  0.414
	  0.880	  0.466	  0.085
	 -0.264	  0.331	  0.906

7 	  42.63	  -6.47	  -7.93
	  0.691	 -0.720	  0.054
	  0.701	  0.651	 -0.293
	  0.175	  0.240	  0.954

8 	  47.65	 -13.01	   0.76
	  0.783	 -0.243	  0.573
	  0.491	 -0.324	 -0.808
	  0.381	  0.914	 -0.134

9 	  51.75	  -3.60	   5.52
	 -0.001	  0.793	  0.609
	 -0.979	  0.124	 -0.164
	 -0.206	 -0.596	  0.776

2 	  32.77	  -6.79	  22.96
	  0.829	  0.555	 -0.064
	 -0.555	  0.831	  0.015
	  0.061	  0.023	  0.998

3 	  45.23	   0.09	   2.32
	 -0.262	  0.153	 -0.953
	 -0.082	 -0.987	 -0.136
	 -0.962	  0.042	  0.271

4 	  41.12	   4.78	  -7.70
	  0.733	  0.633	 -0.247
	 -0.485	  0.742	  0.463
	  0.477	 -0.220	  0.851

5 	  43.29	  12.20	   2.58
	  0.477	  0.444	  0.758
	 -0.455	 -0.614	  0.645
	  0.752	 -0.653	 -0.091

6 	  50.62	   4.38	   5.64
	  0.388	 -0.820	  0.421
	  0.892	  0.449	  0.050
	 -0.231	  0.356	  0.905

7 	  42.64	  -6.40	  -7.96
	  0.694	 -0.719	  0.046
	  0.697	  0.655	 -0.290
	  0.178	  0.233	  0.956

8 	  47.97	 -13.06	   0.26
	  0.801	 -0.255	  0.541
	  0.474	 -0.280	 -0.835
	  0.365	  0.925	 -0.103

9 	  51.94	  -3.76	   5.24
	 -0.012	  0.776	  0.630
	 -0.985	  0.099	 -0.140
	 -0.171	 -0.623	  0.764

2 	  32.77	  -6.79	  22.96
	  0.829	  0.555	 -0.064
	 -0.555	  0.831	  0.015
	  0.061	  0.023	  0.998

3 	  45.28	   0.09	   2.27
	 -0.256	  0.144	 -0.956
	 -0.087	 -0.988	 -0.126
	 -0.963	  0.050	  0.266

4 	  41.15	   4.73	  -7.73
	  0.733	  0.631	 -0.252
	 -0.484	  0.745	  0.459
	  0.478	 -0.215	  0.851

5 	  43.42	  12.38	   2.34
	  0.494	  0.473	  0.730
	 -0.420	 -0.605	  0.676
	  0.761	 -0.641	 -0.100

6 	  50.78	   4.55	   5.10
	  0.401	 -0.825	  0.397
	  0.894	  0.447	  0.025
	 -0.199	  0.345	  0.917

7 	  42.70	  -6.36	  -8.02
	  0.699	 -0.714	  0.042
	  0.692	  0.660	 -0.292
	  0.180	  0.233	  0.955

8 	  48.13	 -13.04	   0.00
	  0.815	 -0.262	  0.516
	  0.451	 -0.271	 -0.850
	  0.362	  0.926	 -0.103

9 	  52.10	  -3.78	   4.75
	 -0.003	  0.785	  0.619
	 -0.989	  0.091	 -0.120
	 -0.150	 -0.612	  0.776

2 	  32.75	  -6.79	  22.96
	  0.829	  0.555	 -0.064
	 -0.555	  0.831	  0.015
	  0.061	  0.023	  0.998

3 	  45.25	   0.12	   2.27
	 -0.258	  0.137	 -0.956
	 -0.097	 -0.989	 -0.115
	 -0.961	  0.063	  0.268

4 	  41.17	   4.71	  -7.75
	  0.732	  0.633	 -0.251
	 -0.485	  0.744	  0.460
	  0.478	 -0.215	  0.852

5 	  43.51	  12.67	   2.21
	  0.522	  0.505	  0.687
	 -0.343	 -0.613	  0.711
	  0.781	 -0.607	 -0.147

6 	  51.31	   5.31	   3.39
	  0.450	 -0.851	  0.271
	  0.876	  0.479	  0.051
	 -0.174	  0.214	  0.961

7 	  42.73	  -6.36	  -8.02
	  0.700	 -0.713	  0.044
	  0.690	  0.660	 -0.298
	  0.183	  0.239	  0.953

8 	  47.88	 -13.45	  -0.19
	  0.831	 -0.307	  0.464
	  0.356	 -0.347	 -0.868
	  0.427	  0.886	 -0.179

9 	  52.72	  -4.04	   2.53
	  0.080	  0.872	  0.482
	 -0.984	  0.145	 -0.098
	 -0.155	 -0.467	  0.870

2 	  32.75	  -6.77	  22.96
	  0.829	  0.555	 -0.064
	 -0.555	  0.831	  0.015
	  0.061	  0.023	  0.998

3 	  45.21	   0.16	   2.21
	 -0.266	  0.129	 -0.955
	 -0.116	 -0.988	 -0.101
	 -0.957	  0.083	  0.278

4 	  41.17	   4.75	  -7.70
	  0.727	  0.641	 -0.247
	 -0.497	  0.739	  0.454
	  0.473	 -0.208	  0.856

5 	  43.33	  12.67	   2.29
	  0.545	  0.553	  0.630
	 -0.168	 -0.664	  0.728
	  0.821	 -0.503	 -0.269

6 	  51.66	   6.42	   1.49
	  0.558	 -0.825	  0.086
	  0.826	  0.562	  0.035
	 -0.078	  0.052	  0.995

7 	  42.70	  -6.54	  -7.93
	  0.673	 -0.738	  0.046
	  0.711	  0.629	 -0.313
	  0.202	  0.243	  0.948

8 	  47.16	 -13.87	   0.18
	  0.829	 -0.380	  0.409
	  0.181	 -0.510	 -0.841
	  0.528	  0.771	 -0.355

9 	  53.24	  -4.97	   0.46
	  0.224	  0.939	  0.259
	 -0.959	  0.260	 -0.114
	 -0.175	 -0.223	  0.959

2 	  32.75	  -6.79	  22.96
	  0.829	  0.555	 -0.064
	 -0.555	  0.831	  0.015
	  0.061	  0.023	  0.998

3 	  45.21	   0.18	   2.18
	 -0.266	  0.127	 -0.955
	 -0.114	 -0.988	 -0.100
	 -0.957	  0.082	  0.277

4 	  41.13	   4.82	  -7.66
	  0.714	  0.656	 -0.242
	 -0.525	  0.731	  0.435
	  0.463	 -0.184	  0.867

5 	  43.17	  12.53	   2.67
	  0.550	  0.580	  0.600
	 -0.006	 -0.716	  0.698
	  0.835	 -0.388	 -0.391

6 	  51.73	   7.49	  -0.33
	  0.613	 -0.780	 -0.122
	  0.788	  0.615	  0.030
	  0.052	 -0.115	  0.992

7 	  42.84	  -6.57	  -7.91
	  0.651	 -0.757	  0.049
	  0.729	  0.606	 -0.319
	  0.212	  0.243	  0.946

8 	  46.62	 -13.90	   0.83
	  0.811	 -0.426	  0.401
	  0.046	 -0.636	 -0.770
	  0.583	  0.643	 -0.496

9 	  53.31	  -5.89	  -1.20
	  0.320	  0.947	  0.033
	 -0.940	  0.322	 -0.111
	 -0.116	  0.004	  0.993

2 	  32.75	  -6.79	  22.96
	  0.829	  0.555	 -0.064
	 -0.555	  0.831	  0.015
	  0.061	  0.023	  0.998

3 	  45.23	   0.21	   2.13
	 -0.262	  0.126	 -0.957
	 -0.107	 -0.989	 -0.102
	 -0.959	  0.076	  0.272

4 	  41.22	   4.92	  -7.61
	  0.713	  0.663	 -0.228
	 -0.543	  0.728	  0.417
	  0.443	 -0.174	  0.879

5 	  43.29	  12.20	   3.09
	  0.568	  0.592	  0.571
	  0.129	 -0.750	  0.649
	  0.812	 -0.295	 -0.503

6 	  51.43	   8.26	  -1.63
	  0.611	 -0.730	 -0.306
	  0.773	  0.633	  0.037
	  0.166	 -0.259	  0.951

7 	  42.94	  -6.66	  -7.86
	  0.635	 -0.769	  0.065
	  0.744	  0.587	 -0.319
	  0.207	  0.251	  0.945

8 	  46.35	 -13.54	   1.78
	  0.806	 -0.448	  0.387
	 -0.087	 -0.736	 -0.671
	  0.586	  0.507	 -0.632

9 	  53.07	  -6.80	  -2.72
	  0.370	  0.907	 -0.201
	 -0.929	  0.360	 -0.086
	 -0.006	  0.218	  0.976

2 	  32.77	  -6.79	  22.96
	  0.829	  0.555	 -0.064
	 -0.555	  0.831	  0.015
	  0.061	  0.023	  0.998

3 	  45.23	   0.21	   2.11
	 -0.260	  0.127	 -0.957
	 -0.103	 -0.989	 -0.104
	 -0.960	  0.072	  0.270

4 	  41.26	   4.97	  -7.54
	  0.711	  0.668	 -0.219
	 -0.553	  0.724	  0.413
	  0.434	 -0.173	  0.884

5 	  43.82	  12.01	   3.38
	  0.603	  0.614	  0.509
	  0.282	 -0.761	  0.584
	  0.746	 -0.209	 -0.632

6 	  51.13	   9.23	  -3.02
	  0.578	 -0.665	 -0.472
	  0.743	  0.668	 -0.031
	  0.336	 -0.333	  0.881

7 	  42.98	  -6.71	  -7.79
	  0.622	 -0.779	  0.075
	  0.755	  0.572	 -0.322
	  0.208	  0.256	  0.944

8 	  46.49	 -13.17	   2.02
	  0.811	 -0.481	  0.332
	 -0.237	 -0.790	 -0.566
	  0.534	  0.380	 -0.755

9 	  52.89	  -7.73	  -4.18
	  0.383	  0.838	 -0.388
	 -0.917	  0.394	 -0.055
	  0.107	  0.377	  0.920

2 	  32.75	  -6.79	  22.96
	  0.829	  0.555	 -0.064
	 -0.555	  0.831	  0.015
	  0.061	  0.023	  0.998

3 	  45.25	   0.25	   2.06
	 -0.256	  0.128	 -0.958
	 -0.100	 -0.989	 -0.106
	 -0.961	  0.069	  0.266

4 	  41.27	   5.06	  -7.52
	  0.711	  0.669	 -0.214
	 -0.557	  0.722	  0.410
	  0.429	 -0.172	  0.887

5 	  44.42	  12.02	   3.45
	  0.627	  0.647	  0.433
	  0.431	 -0.752	  0.498
	  0.648	 -0.126	 -0.751

6 	  50.55	  10.21	  -4.61
	  0.495	 -0.599	 -0.630
	  0.731	  0.678	 -0.070
	  0.469	 -0.426	  0.774

7 	  43.03	  -6.70	  -7.79
	  0.616	 -0.783	  0.079
	  0.759	  0.565	 -0.323
	  0.208	  0.259	  0.943

8 	  46.69	 -12.96	   2.18
	  0.807	 -0.517	  0.285
	 -0.344	 -0.805	 -0.483
	  0.479	  0.292	 -0.828

9 	  52.47	  -8.53	  -5.34
	  0.357	  0.768	 -0.531
	 -0.908	  0.419	 -0.005
	  0.219	  0.484	  0.847

2 	  32.75	  -6.79	  22.96
	  0.829	  0.555	 -0.064
	 -0.555	  0.831	  0.015
	  0.061	  0.023	  0.998

3 	  45.21	   0.28	   1.97
	 -0.255	  0.126	 -0.959
	 -0.093	 -0.990	 -0.106
	 -0.963	  0.062	  0.264

4 	  41.26	   5.10	  -7.47
	  0.710	  0.671	 -0.213
	 -0.559	  0.721	  0.409
	  0.428	 -0.172	  0.887

5 	  44.86	  12.09	   3.29
	  0.639	  0.674	  0.371
	  0.518	 -0.733	  0.440
	  0.568	 -0.089	 -0.818

6 	  50.20	  10.71	  -5.48
	  0.434	 -0.569	 -0.699
	  0.723	  0.682	 -0.106
	  0.537	 -0.459	  0.707

7 	  43.07	  -6.77	  -7.77
	  0.606	 -0.790	  0.090
	  0.767	  0.552	 -0.326
	  0.207	  0.267	  0.941

8 	  46.86	 -12.59	   2.57
	  0.789	 -0.561	  0.251
	 -0.460	 -0.810	 -0.364
	  0.407	  0.172	 -0.897

9 	  51.87	  -9.70	  -6.26
	  0.340	  0.658	 -0.672
	 -0.867	  0.496	  0.046
	  0.364	  0.566	  0.739

2 	  32.75	  -6.79	  22.96
	  0.829	  0.555	 -0.064
	 -0.555	  0.831	  0.015
	  0.062	  0.023	  0.998

3 	  45.21	   0.35	   1.93
	 -0.253	  0.124	 -0.959
	 -0.086	 -0.991	 -0.105
	 -0.964	  0.055	  0.261

4 	  41.22	   5.20	  -7.42
	  0.703	  0.678	 -0.214
	 -0.567	  0.716	  0.406
	  0.428	 -0.165	  0.888

5 	  44.93	  12.23	   3.29
	  0.627	  0.702	  0.338
	  0.585	 -0.711	  0.390
	  0.514	 -0.047	 -0.856

6 	  49.62	  11.64	  -6.12
	  0.385	 -0.511	 -0.769
	  0.740	  0.669	 -0.074
	  0.552	 -0.540	  0.635

7 	  43.08	  -6.80	  -7.70
	  0.590	 -0.801	  0.101
	  0.779	  0.533	 -0.328
	  0.208	  0.273	  0.939

8 	  46.93	 -12.46	   2.72
	  0.759	 -0.610	  0.229
	 -0.553	 -0.789	 -0.269
	  0.344	  0.078	 -0.936

9 	  51.21	 -10.83	  -6.73
	  0.311	  0.562	 -0.766
	 -0.836	  0.546	  0.061
	  0.452	  0.621	  0.640

2 	  32.75	  -6.77	  22.96
	  0.829	  0.555	 -0.064
	 -0.555	  0.831	  0.015
	  0.061	  0.023	  0.998

3 	  45.19	   0.39	   1.86
	 -0.251	  0.123	 -0.960
	 -0.078	 -0.991	 -0.106
	 -0.965	  0.048	  0.258

4 	  41.15	   5.31	  -7.33
	  0.695	  0.687	 -0.212
	 -0.583	  0.711	  0.393
	  0.421	 -0.149	  0.895

5 	  44.81	  12.27	   3.34
	  0.619	  0.713	  0.330
	  0.610	 -0.701	  0.370
	  0.495	 -0.028	 -0.868

6 	  49.39	  11.99	  -6.17
	  0.362	 -0.485	 -0.796
	  0.768	  0.639	 -0.040
	  0.528	 -0.597	  0.604

7 	  43.03	  -6.86	  -7.63
	  0.574	 -0.812	  0.106
	  0.791	  0.517	 -0.328
	  0.211	  0.272	  0.939

8 	  46.86	 -12.48	   2.78
	  0.734	 -0.644	  0.213
	 -0.606	 -0.764	 -0.219
	  0.304	  0.032	 -0.952

9 	  50.78	 -11.50	  -7.05
	  0.287	  0.510	 -0.811
	 -0.820	  0.568	  0.067
	  0.495	  0.646	  0.581

2 	  32.77	  -6.77	  22.96
	  0.829	  0.555	 -0.064
	 -0.555	  0.831	  0.015
	  0.062	  0.023	  0.998

3 	  45.18	   0.39	   1.86
	 -0.249	  0.124	 -0.960
	 -0.075	 -0.991	 -0.108
	 -0.965	  0.045	  0.256

4 	  41.08	   5.40	  -7.24
	  0.692	  0.692	 -0.206
	 -0.590	  0.706	  0.390
	  0.415	 -0.149	  0.897

5 	  44.72	  12.38	   3.46
	  0.614	  0.717	  0.330
	  0.622	 -0.697	  0.356
	  0.485	 -0.013	 -0.874

6 	  49.17	  12.16	  -6.03
	  0.348	 -0.465	 -0.814
	  0.792	  0.610	 -0.010
	  0.501	 -0.641	  0.581

7 	  43.00	  -6.87	  -7.61
	  0.562	 -0.820	  0.109
	  0.798	  0.504	 -0.328
	  0.214	  0.272	  0.938

8 	  46.71	 -12.45	   2.88
	  0.712	 -0.669	  0.211
	 -0.641	 -0.743	 -0.192
	  0.285	  0.001	 -0.958

9 	  50.31	 -11.97	  -7.15
	  0.279	  0.474	 -0.835
	 -0.799	  0.597	  0.073
	  0.533	  0.646	  0.546

2 	  32.75	  -6.79	  22.96
	  0.829	  0.555	 -0.064
	 -0.555	  0.831	  0.015
	  0.061	  0.023	  0.998

3 	  45.14	   0.37	   1.85
	 -0.248	  0.128	 -0.960
	 -0.073	 -0.991	 -0.113
	 -0.966	  0.042	  0.255

4 	  41.01	   5.45	  -7.17
	  0.691	  0.694	 -0.201
	 -0.593	  0.704	  0.391
	  0.413	 -0.152	  0.898

5 	  44.65	  12.46	   3.60
	  0.609	  0.722	  0.328
	  0.635	 -0.692	  0.342
	  0.474	 -0.001	 -0.880

6 	  48.97	  12.34	  -6.12
	  0.329	 -0.451	 -0.829
	  0.807	  0.591	 -0.001
	  0.490	 -0.668	  0.559

7 	  42.98	  -6.94	  -7.56
	  0.549	 -0.828	  0.118
	  0.808	  0.490	 -0.327
	  0.212	  0.275	  0.938

8 	  46.51	 -12.60	   3.04
	  0.681	 -0.698	  0.219
	 -0.682	 -0.714	 -0.154
	  0.264	 -0.044	 -0.964

9 	  49.90	 -12.53	  -7.12
	  0.268	  0.435	 -0.860
	 -0.780	  0.622	  0.072
	  0.566	  0.651	  0.506

2 	  32.75	  -6.79	  22.96
	  0.829	  0.554	 -0.064
	 -0.555	  0.831	  0.015
	  0.061	  0.023	  0.998

3 	  45.16	   0.37	   1.81
	 -0.247	  0.131	 -0.960
	 -0.072	 -0.990	 -0.117
	 -0.966	  0.040	  0.254

4 	  40.78	   5.61	  -6.98
	  0.674	  0.711	 -0.198
	 -0.608	  0.687	  0.398
	  0.419	 -0.148	  0.896

5 	  44.38	  12.52	   3.87
	  0.599	  0.732	  0.324
	  0.659	 -0.681	  0.319
	  0.454	  0.022	 -0.891

6 	  48.60	  12.73	  -6.06
	  0.322	 -0.412	 -0.852
	  0.816	  0.578	  0.029
	  0.480	 -0.705	  0.522

7 	  42.89	  -7.19	  -7.44
	  0.526	 -0.838	  0.143
	  0.822	  0.459	 -0.336
	  0.216	  0.294	  0.931

8 	  46.35	 -12.39	   3.46
	  0.662	 -0.708	  0.247
	 -0.709	 -0.698	 -0.100
	  0.243	 -0.109	 -0.964

9 	  49.48	 -13.11	  -6.71
	  0.253	  0.371	 -0.894
	 -0.779	  0.626	  0.039
	  0.574	  0.686	  0.447

2 	  32.75	  -6.79	  22.96
	  0.829	  0.555	 -0.064
	 -0.555	  0.831	  0.015
	  0.061	  0.023	  0.998

3 	  45.19	   0.32	   1.78
	 -0.249	  0.134	 -0.959
	 -0.074	 -0.990	 -0.119
	 -0.966	  0.042	  0.256

4 	  40.50	   5.59	  -6.84
	  0.657	  0.726	 -0.202
	 -0.631	  0.676	  0.380
	  0.413	 -0.122	  0.902

5 	  44.00	  12.38	   4.17
	  0.583	  0.742	  0.332
	  0.685	 -0.668	  0.290
	  0.437	  0.058	 -0.898

6 	  48.02	  13.03	  -5.84
	  0.315	 -0.366	 -0.876
	  0.810	  0.585	  0.047
	  0.495	 -0.724	  0.480

7 	  42.71	  -7.44	  -7.29
	  0.504	 -0.848	  0.166
	  0.833	  0.426	 -0.351
	  0.226	  0.315	  0.921

8 	  46.39	 -12.34	   3.81
	  0.652	 -0.711	  0.262
	 -0.727	 -0.685	 -0.050
	  0.215	 -0.158	 -0.964

9 	  49.13	 -13.66	  -6.43
	  0.221	  0.320	 -0.921
	 -0.790	  0.613	  0.023
	  0.572	  0.722	  0.388

2 	  32.75	  -6.79	  22.96
	  0.829	  0.555	 -0.064
	 -0.555	  0.831	  0.015
	  0.061	  0.023	  0.998

3 	  45.21	   0.26	   1.69
	 -0.254	  0.132	 -0.958
	 -0.081	 -0.990	 -0.116
	 -0.964	  0.048	  0.262

4 	  40.34	   5.61	  -6.73
	  0.649	  0.733	 -0.202
	 -0.640	  0.670	  0.376
	  0.411	 -0.115	  0.904

5 	  43.86	  12.38	   4.29
	  0.577	  0.746	  0.331
	  0.700	 -0.661	  0.270
	  0.420	  0.076	 -0.904

6 	  47.71	  13.25	  -5.77
	  0.292	 -0.343	 -0.893
	  0.833	  0.549	  0.062
	  0.469	 -0.762	  0.446

7 	  42.66	  -7.56	  -7.22
	  0.494	 -0.851	  0.179
	  0.839	  0.412	 -0.356
	  0.229	  0.326	  0.917

8 	  46.32	 -12.27	   3.94
	  0.652	 -0.708	  0.272
	 -0.728	 -0.685	 -0.038
	  0.213	 -0.173	 -0.962

9 	  49.06	 -13.75	  -6.29
	  0.214	  0.308	 -0.927
	 -0.801	  0.598	  0.014
	  0.559	  0.739	  0.375

2 	  32.77	  -6.79	  22.96
	  0.829	  0.555	 -0.064
	 -0.555	  0.831	  0.015
	  0.061	  0.023	  0.998

3 	  45.21	   0.23	   1.69
	 -0.258	  0.129	 -0.957
	 -0.082	 -0.990	 -0.112
	 -0.963	  0.050	  0.266

4 	  40.29	   5.61	  -6.66
	  0.649	  0.735	 -0.198
	 -0.642	  0.668	  0.376
	  0.409	 -0.117	  0.905

5 	  43.84	  12.36	   4.22
	  0.586	  0.742	  0.324
	  0.692	 -0.667	  0.274
	  0.420	  0.064	 -0.905

6 	  47.87	  12.96	  -5.73
	  0.298	 -0.365	 -0.882
	  0.840	  0.538	  0.061
	  0.453	 -0.760	  0.467

7 	  42.68	  -7.58	  -7.15
	  0.499	 -0.846	  0.185
	  0.838	  0.418	 -0.350
	  0.218	  0.330	  0.918

8 	  46.21	 -12.32	   3.99
	  0.674	 -0.684	  0.277
	 -0.693	 -0.716	 -0.083
	  0.255	 -0.135	 -0.957

9 	  49.45	 -13.31	  -6.15
	  0.242	  0.346	 -0.906
	 -0.818	  0.575	  0.001
	  0.521	  0.741	  0.423

2 	  32.75	  -6.79	  22.96
	  0.829	  0.555	 -0.064
	 -0.555	  0.831	  0.015
	  0.061	  0.023	  0.998

3 	  45.18	   0.23	   1.79
	 -0.255	  0.122	 -0.959
	 -0.079	 -0.991	 -0.105
	 -0.964	  0.049	  0.263

4 	  40.25	   5.64	  -6.56
	  0.652	  0.735	 -0.185
	 -0.634	  0.663	  0.398
	  0.415	 -0.143	  0.898

5 	  43.91	  12.73	   3.96
	  0.633	  0.710	  0.308
	  0.600	 -0.702	  0.383
	  0.488	 -0.057	 -0.871

6 	  48.78	  11.97	  -5.40
	  0.361	 -0.488	 -0.794
	  0.842	  0.537	  0.053
	  0.400	 -0.688	  0.605

7 	  42.71	  -7.51	  -7.08
	  0.524	 -0.832	  0.180
	  0.827	  0.448	 -0.341
	  0.203	  0.327	  0.923

8 	  46.23	 -12.57	   3.67
	  0.713	 -0.653	  0.255
	 -0.632	 -0.756	 -0.170
	  0.303	 -0.040	 -0.952

9 	  50.10	 -12.41	  -6.22
	  0.279	  0.454	 -0.846
	 -0.834	  0.551	  0.020
	  0.476	  0.700	  0.532

2 	  32.77	  -6.77	  22.96
	  0.829	  0.555	 -0.064
	 -0.555	  0.831	  0.015
	  0.061	  0.023	  0.998

3 	  45.18	   0.21	   1.90
	 -0.252	  0.121	 -0.960
	 -0.077	 -0.991	 -0.105
	 -0.964	  0.047	  0.259

4 	  40.27	   5.62	  -6.52
	  0.657	  0.732	 -0.176
	 -0.623	  0.660	  0.420
	  0.424	 -0.167	  0.890

5 	  43.91	  13.08	   3.66
	  0.659	  0.688	  0.302
	  0.518	 -0.708	  0.480
	  0.545	 -0.160	 -0.823

6 	  49.34	  10.99	  -5.24
	  0.385	 -0.589	 -0.710
	  0.860	  0.509	  0.044
	  0.335	 -0.628	  0.703

7 	  42.63	  -7.47	  -7.14
	  0.542	 -0.824	  0.163
	  0.816	  0.470	 -0.337
	  0.201	  0.316	  0.927

8 	  46.14	 -13.10	   3.22
	  0.747	 -0.622	  0.236
	 -0.561	 -0.780	 -0.277
	  0.356	  0.074	 -0.931

9 	  50.73	 -11.41	  -6.08
	  0.305	  0.568	 -0.764
	 -0.875	  0.485	  0.011
	  0.377	  0.665	  0.645

2 	  32.75	  -6.79	  22.96
	  0.829	  0.555	 -0.064
	 -0.555	  0.831	  0.015
	  0.061	  0.023	  0.998

3 	  45.16	   0.19	   1.95
	 -0.249	  0.120	 -0.961
	 -0.077	 -0.992	 -0.104
	 -0.965	  0.048	  0.256

4 	  40.31	   5.61	  -6.54
	  0.661	  0.730	 -0.173
	 -0.618	  0.661	  0.425
	  0.425	 -0.174	  0.888

5 	  43.80	  13.46	   3.32
	  0.677	  0.666	  0.312
	  0.428	 -0.702	  0.570
	  0.599	 -0.252	 -0.760

6 	  49.89	  10.28	  -4.64
	  0.419	 -0.671	 -0.612
	  0.876	  0.475	  0.079
	  0.237	 -0.570	  0.787

7 	  42.57	  -7.42	  -7.10
	  0.556	 -0.818	  0.149
	  0.807	  0.488	 -0.334
	  0.199	  0.306	  0.931

8 	  45.95	 -13.45	   2.88
	  0.777	 -0.580	  0.243
	 -0.464	 -0.790	 -0.401
	  0.424	  0.199	 -0.883

9 	  51.24	 -10.48	  -5.62
	  0.336	  0.674	 -0.657
	 -0.896	  0.443	 -0.004
	  0.289	  0.590	  0.754

2 	  32.75	  -6.79	  22.96
	  0.829	  0.555	 -0.064
	 -0.555	  0.831	  0.015
	  0.061	  0.023	  0.998

3 	  45.14	   0.18	   2.04
	 -0.245	  0.120	 -0.962
	 -0.077	 -0.992	 -0.104
	 -0.966	  0.048	  0.252

4 	  40.24	   5.59	  -6.49
	  0.663	  0.730	 -0.166
	 -0.614	  0.657	  0.438
	  0.428	 -0.189	  0.883

5 	  43.44	  13.45	   3.48
	  0.676	  0.632	  0.379
	  0.311	 -0.711	  0.630
	  0.668	 -0.308	 -0.677

6 	  50.26	   9.39	  -3.50
	  0.455	 -0.724	 -0.518
	  0.879	  0.458	  0.133
	  0.141	 -0.516	  0.845

7 	  42.49	  -7.42	  -7.05
	  0.566	 -0.811	  0.148
	  0.801	  0.500	 -0.329
	  0.192	  0.305	  0.932

8 	  45.58	 -13.76	   2.65
	  0.789	 -0.536	  0.299
	 -0.336	 -0.785	 -0.521
	  0.514	  0.311	 -0.799

9 	  51.86	  -9.44	  -4.32
	  0.377	  0.774	 -0.509
	 -0.917	  0.391	 -0.085
	  0.133	  0.498	  0.857

2 	  32.75	  -6.79	  22.96
	  0.829	  0.555	 -0.064
	 -0.555	  0.831	  0.015
	  0.061	  0.023	  0.998

3 	  45.11	   0.14	   2.30
	 -0.238	  0.135	 -0.962
	 -0.078	 -0.990	 -0.120
	 -0.968	  0.046	  0.246

4 	  40.29	   5.68	  -6.38
	  0.666	  0.734	 -0.132
	 -0.625	  0.645	  0.439
	  0.408	 -0.210	  0.888

5 	  42.98	  13.43	   4.04
	  0.649	  0.589	  0.482
	  0.166	 -0.728	  0.665
	  0.742	 -0.352	 -0.570

6 	  50.71	   8.77	  -1.53
	  0.507	 -0.760	 -0.406
	  0.862	  0.446	  0.240
	 -0.001	 -0.472	  0.881

7 	  42.61	  -7.33	  -6.93
	  0.573	 -0.803	  0.161
	  0.803	  0.512	 -0.303
	  0.161	  0.303	  0.939

8 	  45.35	 -13.90	   2.81
	  0.777	 -0.488	  0.398
	 -0.165	 -0.768	 -0.619
	  0.607	  0.415	 -0.677

9 	  52.35	  -8.37	  -2.39
	  0.394	  0.850	 -0.350
	 -0.918	  0.347	 -0.190
	 -0.040	  0.396	  0.917

2 	  32.75	  -6.79	  22.96
	  0.829	  0.555	 -0.064
	 -0.555	  0.831	  0.015
	  0.061	  0.023	  0.998

3 	  45.07	   0.14	   2.76
	 -0.256	  0.161	 -0.953
	 -0.078	 -0.986	 -0.146
	 -0.964	  0.037	  0.265

4 	  40.54	   5.80	  -6.12
	  0.670	  0.739	 -0.071
	 -0.654	  0.633	  0.414
	  0.351	 -0.231	  0.907

5 	  42.56	  13.20	   4.71
	  0.598	  0.535	  0.597
	 -0.003	 -0.744	  0.668
	  0.801	 -0.401	 -0.443

6 	  51.06	   7.88	   1.21
	  0.547	 -0.794	 -0.265
	  0.810	  0.422	  0.406
	 -0.211	 -0.437	  0.874

7 	  43.12	  -7.38	  -6.68
	  0.573	 -0.795	  0.197
	  0.814	  0.526	 -0.246
	  0.091	  0.302	  0.949

8 	  45.25	 -13.85	   3.32
	  0.737	 -0.454	  0.501
	 -0.016	 -0.752	 -0.659
	  0.676	  0.477	 -0.562

9 	  52.93	  -7.42	   0.14
	  0.409	  0.890	 -0.198
	 -0.882	  0.331	 -0.335
	 -0.233	  0.312	  0.921

2 	  32.77	  -6.77	  22.96
	  0.829	  0.555	 -0.064
	 -0.555	  0.831	  0.015
	  0.062	  0.023	  0.998

3 	  45.09	   0.14	   3.13
	 -0.277	  0.184	 -0.943
	 -0.070	 -0.983	 -0.171
	 -0.958	  0.019	  0.285

4 	  40.90	   5.92	  -5.82
	  0.669	  0.743	 -0.012
	 -0.679	  0.617	  0.399
	  0.303	 -0.259	  0.917

5 	  42.24	  12.41	   5.85
	  0.521	  0.456	  0.721
	 -0.126	 -0.795	  0.593
	  0.844	 -0.401	 -0.357

6 	  51.59	   6.86	   4.55
	  0.608	 -0.788	 -0.098
	  0.700	  0.474	  0.534
	 -0.375	 -0.393	  0.839

7 	  43.72	  -7.35	  -6.28
	  0.565	 -0.784	  0.256
	  0.824	  0.533	 -0.189
	  0.011	  0.318	  0.948

8 	  45.32	 -13.34	   4.29
	  0.680	 -0.413	  0.605
	  0.091	 -0.772	 -0.629
	  0.727	  0.483	 -0.488

9 	  53.54	  -6.54	   3.08
	  0.453	  0.890	 -0.053
	 -0.801	  0.380	 -0.463
	 -0.391	  0.252	  0.885

2 	  32.75	  -6.79	  22.96
	  0.829	  0.555	 -0.064
	 -0.555	  0.831	  0.015
	  0.061	  0.023	  0.998

3 	  45.23	   0.14	   3.32
	 -0.278	  0.192	 -0.941
	 -0.071	 -0.981	 -0.179
	 -0.958	  0.017	  0.286

4 	  41.33	   6.03	  -5.59
	  0.668	  0.742	  0.041
	 -0.695	  0.604	  0.389
	  0.264	 -0.289	  0.920

5 	  42.24	  11.67	   6.56
	  0.466	  0.401	  0.788
	 -0.177	 -0.831	  0.527
	  0.867	 -0.385	 -0.317

6 	  51.77	   6.19	   7.03
	  0.635	 -0.770	  0.061
	  0.609	  0.548	  0.572
	 -0.474	 -0.327	  0.817

7 	  44.03	  -7.40	  -6.15
	  0.550	 -0.783	  0.290
	  0.834	  0.528	 -0.156
	 -0.031	  0.328	  0.944

8 	  45.35	 -13.04	   4.94
	  0.640	 -0.376	  0.670
	  0.177	 -0.777	 -0.604
	  0.748	  0.505	 -0.431

9 	  53.75	  -6.05	   5.71
	  0.464	  0.878	  0.119
	 -0.733	  0.455	 -0.505
	 -0.497	  0.147	  0.855

2 	  32.75	  -6.79	  22.96
	  0.829	  0.554	 -0.064
	 -0.555	  0.832	  0.015
	  0.062	  0.023	  0.998

3 	  45.39	   0.04	   3.43
	 -0.271	  0.198	 -0.942
	 -0.077	 -0.980	 -0.184
	 -0.960	  0.023	  0.280

4 	  41.59	   6.05	  -5.45
	  0.669	  0.740	  0.063
	 -0.702	  0.601	  0.382
	  0.245	 -0.301	  0.922

5 	  42.21	  11.74	   6.80
	  0.429	  0.389	  0.815
	 -0.238	 -0.822	  0.517
	  0.871	 -0.416	 -0.260

6 	  51.47	   6.08	   8.51
	  0.597	 -0.774	  0.209
	  0.633	  0.615	  0.469
	 -0.492	 -0.148	  0.858

7 	  44.09	  -7.51	  -5.98
	  0.540	 -0.783	  0.307
	  0.840	  0.523	 -0.145
	 -0.047	  0.336	  0.941

8 	  45.39	 -13.36	   4.96
	  0.623	 -0.358	  0.695
	  0.282	 -0.726	 -0.627
	  0.729	  0.586	 -0.352

9 	  53.26	  -5.75	   7.59
	  0.387	  0.868	  0.312
	 -0.777	  0.489	 -0.397
	 -0.497	 -0.089	  0.863

2 	  32.75	  -6.79	  22.96
	  0.829	  0.554	 -0.064
	 -0.555	  0.831	  0.015
	  0.062	  0.023	  0.998

3 	  45.42	   0.05	   3.48
	 -0.277	  0.199	 -0.940
	 -0.081	 -0.980	 -0.183
	 -0.957	  0.026	  0.288

4 	  41.61	   6.05	  -5.41
	  0.666	  0.743	  0.064
	 -0.704	  0.598	  0.382
	  0.245	 -0.300	  0.922

5 	  42.13	  11.87	   6.59
	  0.419	  0.382	  0.823
	 -0.315	 -0.789	  0.527
	  0.851	 -0.480	 -0.211

6 	  50.70	   5.52	   9.56
	  0.527	 -0.782	  0.331
	  0.736	  0.615	  0.282
	 -0.425	  0.096	  0.900

7 	  44.00	  -7.59	  -5.89
	  0.543	 -0.780	  0.310
	  0.838	  0.526	 -0.144
	 -0.051	  0.338	  0.940

8 	  45.58	 -13.43	   4.82
	  0.617	 -0.320	  0.719
	  0.418	 -0.641	 -0.643
	  0.667	  0.697	 -0.262

9 	  52.35	  -5.33	   9.00
	  0.259	  0.843	  0.470
	 -0.832	  0.443	 -0.335
	 -0.491	 -0.304	  0.816

2 	  32.75	  -6.79	  22.96
	  0.829	  0.555	 -0.064
	 -0.555	  0.831	  0.015
	  0.061	  0.023	  0.998

3 	  45.32	   0.02	   3.43
	 -0.287	  0.199	 -0.937
	 -0.083	 -0.980	 -0.183
	 -0.954	  0.026	  0.298

4 	  41.54	   6.05	  -5.43
	  0.671	  0.739	  0.057
	 -0.698	  0.604	  0.384
	  0.249	 -0.298	  0.921

5 	  42.03	  11.78	   6.66
	  0.408	  0.351	  0.842
	 -0.369	 -0.780	  0.504
	  0.835	 -0.517	 -0.189

6 	  50.41	   4.94	   9.90
	  0.502	 -0.771	  0.392
	  0.778	  0.600	  0.182
	 -0.376	  0.214	  0.901

7 	  43.63	  -7.63	  -5.96
	  0.570	 -0.763	  0.304
	  0.820	  0.548	 -0.163
	 -0.042	  0.342	  0.938

8 	  45.79	 -13.22	   4.89
	  0.626	 -0.260	  0.735
	  0.510	 -0.577	 -0.638
	  0.590	  0.774	 -0.229

9 	  51.82	  -4.57	   9.79
	  0.193	  0.812	  0.550
	 -0.890	  0.381	 -0.250
	 -0.413	 -0.442	  0.796

2 	  32.75	  -6.79	  22.96
	  0.829	  0.555	 -0.064
	 -0.555	  0.831	  0.015
	  0.062	  0.023	  0.998

3 	  45.32	   0.02	   3.36
	 -0.293	  0.200	 -0.935
	 -0.081	 -0.979	 -0.185
	 -0.953	  0.022	  0.303

4 	  41.27	   6.03	  -5.50
	  0.675	  0.737	  0.038
	 -0.685	  0.606	  0.405
	  0.275	 -0.300	  0.913

5 	  41.99	  11.04	   7.01
	  0.419	  0.282	  0.863
	 -0.399	 -0.797	  0.453
	  0.815	 -0.535	 -0.222

6 	  50.36	   4.22	  10.65
	  0.503	 -0.746	  0.436
	  0.769	  0.617	  0.166
	 -0.393	  0.252	  0.884

7 	  43.45	  -7.65	  -5.99
	  0.579	 -0.758	  0.300
	  0.814	  0.556	 -0.167
	 -0.040	  0.341	  0.939

8 	  45.74	 -12.73	   5.24
	  0.627	 -0.202	  0.752
	  0.540	 -0.583	 -0.607
	  0.561	  0.787	 -0.257

9 	  51.59	  -3.96	  10.28
	  0.184	  0.797	  0.575
	 -0.895	  0.378	 -0.238
	 -0.407	 -0.471	  0.782

2 	  32.77	  -6.79	  22.94
	  0.829	  0.555	 -0.064
	 -0.555	  0.831	  0.015
	  0.062	  0.023	  0.998

3 	  45.28	   0.02	   3.27
	 -0.296	  0.202	 -0.933
	 -0.077	 -0.979	 -0.187
	 -0.952	  0.017	  0.306

4 	  40.96	   6.03	  -5.54
	  0.668	  0.744	  0.021
	 -0.681	  0.599	  0.421
	  0.300	 -0.295	  0.907

5 	  41.96	  10.27	   7.31
	  0.433	  0.222	  0.873
	 -0.380	 -0.833	  0.401
	  0.817	 -0.506	 -0.277

6 	  50.64	   3.90	  11.07
	  0.532	 -0.711	  0.459
	  0.729	  0.661	  0.178
	 -0.431	  0.240	  0.870

7 	  43.29	  -7.63	  -5.94
	  0.578	 -0.756	  0.307
	  0.815	  0.553	 -0.171
	 -0.041	  0.349	  0.936

8 	  45.42	 -12.23	   5.71
	  0.618	 -0.169	  0.768
	  0.535	 -0.625	 -0.568
	  0.576	  0.762	 -0.296

9 	  51.66	  -3.85	  10.74
	  0.220	  0.777	  0.590
	 -0.864	  0.436	 -0.252
	 -0.453	 -0.454	  0.767

2 	  32.77	  -6.79	  22.94
	  0.829	  0.555	 -0.064
	 -0.555	  0.831	  0.015
	  0.061	  0.023	  0.998

3 	  45.26	   0.05	   3.23
	 -0.299	  0.203	 -0.932
	 -0.077	 -0.979	 -0.188
	 -0.951	  0.015	  0.308

4 	  40.85	   6.08	  -5.52
	  0.663	  0.748	  0.016
	 -0.682	  0.595	  0.423
	  0.307	 -0.292	  0.906

5 	  41.91	  10.27	   7.40
	  0.441	  0.209	  0.873
	 -0.382	 -0.836	  0.393
	  0.812	 -0.506	 -0.289

6 	  50.59	   3.94	  11.18
	  0.536	 -0.705	  0.463
	  0.724	  0.666	  0.176
	 -0.433	  0.241	  0.868

7 	  43.14	  -7.66	  -5.92
	  0.574	 -0.760	  0.304
	  0.818	  0.547	 -0.177
	 -0.032	  0.350	  0.936

8 	  45.47	 -12.25	   5.59
	  0.627	 -0.157	  0.762
	  0.551	 -0.602	 -0.578
	  0.550	  0.783	 -0.291

9 	  51.57	  -3.92	  10.79
	  0.216	  0.768	  0.603
	 -0.865	  0.436	 -0.246
	 -0.452	 -0.469	  0.759

2 	  32.77	  -6.79	  22.94
	  0.829	  0.555	 -0.064
	 -0.555	  0.831	  0.015
	  0.062	  0.023	  0.998

3 	  45.25	   0.05	   3.13
	 -0.303	  0.204	 -0.931
	 -0.077	 -0.979	 -0.190
	 -0.950	  0.014	  0.312

4 	  40.66	   6.06	  -5.57
	  0.663	  0.748	  0.003
	 -0.676	  0.597	  0.431
	  0.321	 -0.288	  0.902

5 	  41.89	  10.09	   7.38
	  0.449	  0.195	  0.872
	 -0.386	 -0.838	  0.386
	  0.806	 -0.510	 -0.301

6 	  50.61	   3.96	  11.25
	  0.551	 -0.683	  0.480
	  0.701	  0.691	  0.177
	 -0.453	  0.239	  0.859

7 	  42.94	  -7.68	  -5.98
	  0.588	 -0.752	  0.298
	  0.808	  0.557	 -0.192
	 -0.022	  0.354	  0.935

8 	  45.49	 -12.23	   5.59
	  0.630	 -0.157	  0.760
	  0.550	 -0.601	 -0.580
	  0.548	  0.784	 -0.292

9 	  51.64	  -3.96	  10.93
	  0.212	  0.755	  0.620
	 -0.854	  0.452	 -0.258
	 -0.475	 -0.475	  0.740

2 	  32.75	  -6.79	  22.96
	  0.829	  0.555	 -0.064
	 -0.555	  0.831	  0.015
	  0.062	  0.023	  0.998

3 	  45.23	   0.07	   3.04
	 -0.306	  0.204	 -0.930
	 -0.075	 -0.979	 -0.191
	 -0.949	  0.011	  0.314

4 	  40.59	   6.01	  -5.57
	  0.664	  0.748	 -0.002
	 -0.674	  0.599	  0.433
	  0.324	 -0.286	  0.901

5 	  41.82	  10.18	   7.42
	  0.468	  0.189	  0.863
	 -0.391	 -0.832	  0.394
	  0.792	 -0.522	 -0.315

6 	  50.62	   3.96	  11.27
	  0.551	 -0.682	  0.481
	  0.700	  0.691	  0.178
	 -0.454	  0.239	  0.858

7 	  42.91	  -7.72	  -5.98
	  0.589	 -0.752	  0.296
	  0.807	  0.557	 -0.193
	 -0.020	  0.352	  0.935

8 	  45.49	 -12.30	   5.57
	  0.637	 -0.146	  0.756
	  0.559	 -0.588	 -0.585
	  0.530	  0.795	 -0.293

9 	  51.59	  -4.08	  11.16
	  0.207	  0.748	  0.630
	 -0.825	  0.479	 -0.298
	 -0.525	 -0.459	  0.716

2 	  32.77	  -6.77	  22.94
	  0.829	  0.555	 -0.064
	 -0.555	  0.831	  0.015
	  0.062	  0.023	  0.998

3 	  45.25	   0.04	   2.97
	 -0.307	  0.204	 -0.929
	 -0.073	 -0.979	 -0.191
	 -0.949	  0.010	  0.315

4 	  40.55	   5.99	  -5.57
	  0.662	  0.749	 -0.006
	 -0.673	  0.598	  0.434
	  0.329	 -0.284	  0.901

5 	  41.75	  10.02	   7.45
	  0.462	  0.179	  0.868
	 -0.394	 -0.836	  0.382
	  0.795	 -0.519	 -0.316

6 	  50.62	   3.92	  11.32
	  0.561	 -0.675	  0.479
	  0.688	  0.702	  0.182
	 -0.460	  0.228	  0.858

7 	  42.91	  -7.75	  -5.96
	  0.590	 -0.752	  0.295
	  0.807	  0.559	 -0.190
	 -0.023	  0.350	  0.936

8 	  45.46	 -12.30	   5.62
	  0.638	 -0.140	  0.757
	  0.561	 -0.589	 -0.582
	  0.527	  0.796	 -0.298

9 	  51.68	  -4.13	  11.37
	  0.211	  0.740	  0.638
	 -0.793	  0.511	 -0.331
	 -0.571	 -0.436	  0.695

2 	  32.77	  -6.79	  22.94
	  0.829	  0.555	 -0.064
	 -0.555	  0.831	  0.015
	  0.061	  0.023	  0.998

3 	  45.33	   0.07	   2.92
	 -0.307	  0.202	 -0.930
	 -0.067	 -0.979	 -0.191
	 -0.949	  0.004	  0.315

4 	  40.54	   5.99	  -5.57
	  0.656	  0.755	 -0.007
	 -0.678	  0.593	  0.434
	  0.331	 -0.280	  0.901

5 	  41.68	   9.88	   7.54
	  0.455	  0.171	  0.874
	 -0.387	 -0.846	  0.367
	  0.802	 -0.505	 -0.319

6 	  50.62	   3.99	  11.41
	  0.568	 -0.668	  0.481
	  0.682	  0.709	  0.179
	 -0.461	  0.227	  0.858

7 	  42.94	  -7.79	  -5.94
	  0.593	 -0.749	  0.295
	  0.804	  0.564	 -0.186
	 -0.028	  0.348	  0.937

8 	  45.46	 -12.29	   5.64
	  0.638	 -0.138	  0.757
	  0.562	 -0.589	 -0.581
	  0.526	  0.796	 -0.298

9 	  51.70	  -4.13	  11.41
	  0.211	  0.741	  0.637
	 -0.793	  0.511	 -0.332
	 -0.572	 -0.436	  0.695

2 	  32.75	  -6.79	  22.96
	  0.829	  0.555	 -0.064
	 -0.555	  0.831	  0.015
	  0.062	  0.023	  0.998

3 	  45.37	   0.07	   2.88
	 -0.307	  0.203	 -0.930
	 -0.065	 -0.979	 -0.193
	 -0.949	  0.001	  0.314

4 	  40.50	   6.01	  -5.57
	  0.651	  0.759	 -0.008
	 -0.681	  0.589	  0.434
	  0.334	 -0.277	  0.901

5 	  41.66	   9.88	   7.56
	  0.456	  0.169	  0.874
	 -0.386	 -0.847	  0.365
	  0.802	 -0.504	 -0.321

6 	  50.59	   3.99	  11.37
	  0.571	 -0.666	  0.479
	  0.680	  0.711	  0.176
	 -0.459	  0.226	  0.859

7 	  42.94	  -7.79	  -5.94
	  0.595	 -0.748	  0.295
	  0.803	  0.566	 -0.186
	 -0.028	  0.347	  0.937

8 	  45.46	 -12.29	   5.66
	  0.638	 -0.136	  0.758
	  0.564	 -0.588	 -0.580
	  0.525	  0.797	 -0.298

9 	  51.70	  -4.13	  11.39
	  0.211	  0.741	  0.638
	 -0.794	  0.511	 -0.331
	 -0.571	 -0.436	  0.696

2 	  32.75	  -6.79	  22.96
	  0.829	  0.555	 -0.064
	 -0.555	  0.831	  0.015
	  0.061	  0.023	  0.998

3 	  45.37	   0.12	   2.85
	 -0.308	  0.204	 -0.929
	 -0.061	 -0.979	 -0.195
	 -0.949	 -0.003	  0.314

4 	  40.43	   6.05	  -5.57
	  0.647	  0.762	 -0.008
	 -0.684	  0.585	  0.435
	  0.336	 -0.276	  0.900

5 	  41.61	   9.84	   7.58
	  0.457	  0.163	  0.874
	 -0.385	 -0.850	  0.360
	  0.802	 -0.501	 -0.326

6 	  50.59	   4.03	  11.41
	  0.574	 -0.664	  0.479
	  0.679	  0.713	  0.175
	 -0.458	  0.225	  0.860

7 	  42.94	  -7.75	  -5.94
	  0.597	 -0.747	  0.293
	  0.802	  0.568	 -0.186
	 -0.028	  0.346	  0.938

8 	  45.47	 -12.27	   5.62
	  0.638	 -0.136	  0.758
	  0.564	 -0.588	 -0.580
	  0.524	  0.797	 -0.298

9 	  51.68	  -4.13	  11.41
	  0.211	  0.740	  0.638
	 -0.794	  0.510	 -0.330
	 -0.570	 -0.437	  0.695

2 	  32.77	  -6.79	  22.94
	  0.829	  0.555	 -0.064
	 -0.555	  0.831	  0.015
	  0.062	  0.023	  0.998

3 	  45.39	   0.16	   2.83
	 -0.309	  0.206	 -0.929
	 -0.056	 -0.978	 -0.198
	 -0.949	 -0.010	  0.314

4 	  40.43	   6.08	  -5.55
	  0.644	  0.765	 -0.008
	 -0.687	  0.583	  0.434
	  0.337	 -0.275	  0.901

5 	  41.59	   9.84	   7.59
	  0.458	  0.161	  0.874
	 -0.384	 -0.851	  0.358
	  0.801	 -0.500	 -0.329

6 	  50.59	   4.01	  11.37
	  0.575	 -0.663	  0.479
	  0.679	  0.714	  0.172
	 -0.456	  0.225	  0.861

7 	  42.96	  -7.73	  -5.96
	  0.599	 -0.745	  0.291
	  0.800	  0.570	 -0.187
	 -0.027	  0.345	  0.938

8 	  45.47	 -12.27	   5.62
	  0.637	 -0.137	  0.758
	  0.565	 -0.586	 -0.581
	  0.523	  0.799	 -0.296

9 	  51.68	  -4.11	  11.41
	  0.208	  0.740	  0.639
	 -0.796	  0.508	 -0.330
	 -0.569	 -0.440	  0.694

