% Calibrated with leiden_pols
% Positions are in centimeters
Data =[
 2    97.336   -18.754    59.749
 2     0.620    -0.785     0.004
 2     0.784     0.620     0.037
 2    -0.032    -0.020     0.999
 3   129.438    -2.669     4.324
 3     0.306    -0.261    -0.915
 3     0.163     0.961    -0.220
 3     0.938    -0.083     0.337
 4   112.201     9.411   -12.760
 4     0.789    -0.518     0.330
 4     0.548     0.836     0.002
 4    -0.277     0.179     0.944
 5   129.376    29.441    -4.793
 5     0.927    -0.198     0.317
 5     0.349     0.150    -0.925
 5     0.135     0.968     0.208
 6   140.323     4.138     5.173
 6     0.064     0.920     0.385
 6    -0.822    -0.170     0.544
 6     0.566    -0.352     0.745
 7   112.388   -17.287   -11.799
 7     0.853     0.308     0.420
 7    -0.379     0.921     0.094
 7    -0.358    -0.239     0.902
 8   129.164   -33.178     3.149
 8     0.918     0.021     0.396
 8    -0.307    -0.594     0.744
 8     0.251    -0.804    -0.539
 9   141.358    -8.400     5.663
 9     0.237    -0.962     0.139
 9     0.933     0.185    -0.307
 9     0.269     0.202     0.941
 2    97.336   -18.754    59.749
 2     0.620    -0.784     0.004
 2     0.783     0.620     0.037
 2    -0.032    -0.020     0.999
 3   129.495    -2.739     4.445
 3     0.302    -0.261    -0.917
 3     0.167     0.961    -0.219
 3     0.939    -0.087     0.333
 4   112.335     9.286   -12.712
 4     0.791    -0.518     0.325
 4     0.546     0.837     0.004
 4    -0.275     0.174     0.945
 5   129.413    29.343    -4.675
 5     0.927    -0.203     0.315
 5     0.348     0.153    -0.925
 5     0.139     0.967     0.212
 6   140.433     3.987     5.398
 6     0.061     0.917     0.394
 6    -0.820    -0.179     0.543
 6     0.568    -0.357     0.741
 7   112.574   -17.434   -11.713
 7     0.855     0.309     0.416
 7    -0.379     0.920     0.096
 7    -0.353    -0.240     0.904
 8   129.221   -33.327     3.238
 8     0.917     0.026     0.398
 8    -0.306    -0.594     0.744
 8     0.255    -0.804    -0.537
 9   141.294    -8.477     5.722
 9     0.232    -0.961     0.148
 9     0.936     0.178    -0.304
 9     0.265     0.209     0.941
 2    97.311   -18.754    59.750
 2     0.620    -0.784     0.003
 2     0.783     0.620     0.037
 2    -0.032    -0.021     0.999
 3   129.570    -2.788     4.446
 3     0.299    -0.262    -0.917
 3     0.168     0.961    -0.219
 3     0.939    -0.089     0.332
 4   112.416     9.237   -12.717
 4     0.792    -0.517     0.323
 4     0.545     0.838     0.005
 4    -0.273     0.172     0.946
 5   129.469    29.268    -4.628
 5     0.927    -0.206     0.313
 5     0.347     0.155    -0.925
 5     0.141     0.966     0.215
 6   140.387     3.861     5.446
 6     0.060     0.916     0.396
 6    -0.820    -0.182     0.543
 6     0.569    -0.358     0.740
 7   112.631   -17.456   -11.696
 7     0.856     0.310     0.413
 7    -0.381     0.919     0.097
 7    -0.350    -0.241     0.905
 8   129.252   -33.274     3.355
 8     0.917     0.029     0.398
 8    -0.305    -0.594     0.744
 8     0.258    -0.804    -0.536
 9   141.341    -8.453     5.801
 9     0.231    -0.961     0.150
 9     0.936     0.178    -0.303
 9     0.264     0.211     0.941
 2    97.311   -18.704    59.750
 2     0.620    -0.784     0.003
 2     0.783     0.620     0.037
 2    -0.032    -0.021     0.999
 3   129.520    -2.786     4.549
 3     0.298    -0.262    -0.918
 3     0.170     0.960    -0.219
 3     0.939    -0.091     0.331
 4   112.467     9.212   -12.716
 4     0.792    -0.518     0.321
 4     0.545     0.838     0.006
 4    -0.273     0.170     0.947
 5   129.472    29.269    -4.605
 5     0.927    -0.207     0.313
 5     0.347     0.156    -0.925
 5     0.142     0.966     0.216
 6   140.391     3.914     5.569
 6     0.062     0.915     0.399
 6    -0.819    -0.182     0.544
 6     0.570    -0.361     0.738
 7   112.682   -17.557   -11.595
 7     0.856     0.308     0.413
 7    -0.379     0.920     0.099
 7    -0.350    -0.242     0.905
 8   129.298   -33.325     3.412
 8     0.918     0.027     0.396
 8    -0.303    -0.595     0.744
 8     0.256    -0.803    -0.538
 9   141.408    -8.530     5.726
 9     0.232    -0.959     0.160
 9     0.937     0.176    -0.302
 9     0.262     0.220     0.939
 2    97.311   -18.754    59.750
 2     0.620    -0.784     0.003
 2     0.783     0.620     0.037
 2    -0.032    -0.021     0.999
 3   129.570    -2.785     4.601
 3     0.297    -0.263    -0.918
 3     0.171     0.960    -0.220
 3     0.939    -0.092     0.330
 4   112.415     9.160   -12.713
 4     0.792    -0.519     0.322
 4     0.546     0.838     0.008
 4    -0.274     0.169     0.947
 5   129.523    29.168    -4.603
 5     0.926    -0.208     0.313
 5     0.348     0.158    -0.924
 5     0.142     0.965     0.219
 6   140.401     3.867     5.558
 6     0.064     0.913     0.402
 6    -0.817    -0.183     0.546
 6     0.573    -0.364     0.734
 7   112.682   -17.632   -11.545
 7     0.857     0.305     0.413
 7    -0.377     0.920     0.101
 7    -0.350    -0.243     0.905
 8   129.472   -33.324     3.538
 8     0.919     0.030     0.392
 8    -0.299    -0.595     0.746
 8     0.256    -0.803    -0.538
 9   141.408    -8.452     5.798
 9     0.230    -0.959     0.164
 9     0.937     0.173    -0.304
 9     0.263     0.223     0.938
 2    97.311   -18.754    59.750
 2     0.620    -0.784     0.003
 2     0.783     0.620     0.037
 2    -0.032    -0.021     0.999
 3   129.577    -2.782     4.592
 3     0.295    -0.265    -0.918
 3     0.172     0.959    -0.222
 3     0.940    -0.093     0.329
 4   112.415     9.109   -12.712
 4     0.792    -0.518     0.321
 4     0.545     0.838     0.008
 4    -0.274     0.168     0.947
 5   129.585    29.095    -4.560
 5     0.925    -0.214     0.312
 5     0.349     0.163    -0.922
 5     0.146     0.963     0.226
 6   140.791     3.833     6.394
 6     0.069     0.913     0.401
 6    -0.806    -0.186     0.562
 6     0.587    -0.363     0.723
 7   112.758   -17.629   -11.549
 7     0.859     0.301     0.412
 7    -0.374     0.922     0.105
 7    -0.349    -0.244     0.905
 8   129.579   -33.168     3.652
 8     0.919     0.037     0.391
 8    -0.294    -0.595     0.748
 8     0.260    -0.803    -0.536
 9   141.469    -8.218     6.237
 9     0.226    -0.959     0.169
 9     0.936     0.166    -0.310
 9     0.269     0.228     0.935
 2    97.311   -18.754    59.750
 2     0.620    -0.784     0.003
 2     0.783     0.620     0.037
 2    -0.032    -0.021     0.999
 3   129.533    -2.828     4.660
 3     0.290    -0.269    -0.919
 3     0.173     0.958    -0.226
 3     0.941    -0.093     0.324
 4   112.572     9.161   -12.716
 4     0.795    -0.516     0.318
 4     0.542     0.840     0.009
 4    -0.272     0.166     0.948
 5   129.798    28.955    -4.466
 5     0.923    -0.231     0.307
 5     0.349     0.171    -0.921
 5     0.160     0.958     0.239
 6   140.909     3.942     6.594
 6     0.070     0.914     0.398
 6    -0.802    -0.186     0.568
 6     0.594    -0.359     0.720
 7   112.815   -17.625   -11.559
 7     0.861     0.299     0.410
 7    -0.371     0.922     0.107
 7    -0.346    -0.245     0.905
 8   129.783   -33.036     3.637
 8     0.921     0.047     0.385
 8    -0.285    -0.593     0.753
 8     0.264    -0.804    -0.533
 9   141.524    -8.036     6.477
 9     0.221    -0.959     0.176
 9     0.936     0.158    -0.314
 9     0.273     0.234     0.933
 2    97.311   -18.754    59.750
 2     0.620    -0.784     0.003
 2     0.783     0.620     0.037
 2    -0.032    -0.021     0.999
 3   129.546    -2.720     4.642
 3     0.284    -0.276    -0.918
 3     0.173     0.957    -0.234
 3     0.943    -0.093     0.319
 4   112.601     9.111   -12.794
 4     0.796    -0.516     0.316
 4     0.541     0.841     0.009
 4    -0.271     0.164     0.948
 5   129.895    28.835    -4.435
 5     0.922    -0.240     0.302
 5     0.347     0.173    -0.922
 5     0.168     0.955     0.243
 6   140.936     3.942     6.768
 6     0.069     0.916     0.395
 6    -0.800    -0.185     0.570
 6     0.595    -0.356     0.720
 7   112.868   -17.620   -11.567
 7     0.865     0.292     0.407
 7    -0.365     0.924     0.112
 7    -0.344    -0.246     0.906
 8   129.896   -32.954     3.791
 8     0.921     0.057     0.384
 8    -0.278    -0.593     0.756
 8     0.271    -0.803    -0.530
 9   141.527    -7.856     6.650
 9     0.217    -0.960     0.177
 9     0.936     0.154    -0.315
 9     0.275     0.234     0.932
 2    97.311   -18.754    59.750
 2     0.620    -0.784     0.003
 2     0.783     0.620     0.037
 2    -0.032    -0.021     0.999
 3   129.546    -2.719     4.693
 3     0.282    -0.277    -0.919
 3     0.174     0.956    -0.235
 3     0.943    -0.094     0.317
 4   112.602     9.111   -12.793
 4     0.797    -0.516     0.315
 4     0.540     0.841     0.010
 4    -0.271     0.162     0.949
 5   129.950    28.838    -4.490
 5     0.921    -0.243     0.303
 5     0.349     0.175    -0.921
 5     0.170     0.954     0.246
 6   141.000     4.025     7.048
 6     0.072     0.918     0.390
 6    -0.796    -0.183     0.577
 6     0.601    -0.352     0.718
 7   112.945   -17.670   -11.621
 7     0.865     0.291     0.407
 7    -0.365     0.924     0.113
 7    -0.343    -0.247     0.906
 8   129.979   -32.849     3.828
 8     0.921     0.062     0.383
 8    -0.275    -0.593     0.757
 8     0.275    -0.803    -0.529
 9   141.477    -7.804     6.753
 9     0.214    -0.961     0.175
 9     0.937     0.151    -0.314
 9     0.275     0.231     0.933
 2    97.311   -18.704    59.750
 2     0.620    -0.784     0.003
 2     0.783     0.620     0.038
 2    -0.032    -0.021     0.999
 3   129.595    -2.769     4.642
 3     0.281    -0.277    -0.919
 3     0.174     0.956    -0.235
 3     0.943    -0.094     0.317
 4   112.650     9.035   -12.790
 4     0.795    -0.519     0.316
 4     0.542     0.840     0.014
 4    -0.272     0.160     0.949
 5   129.907    28.841    -4.397
 5     0.920    -0.247     0.305
 5     0.352     0.175    -0.919
 5     0.173     0.953     0.248
 6   140.949     4.075     7.098
 6     0.072     0.919     0.387
 6    -0.796    -0.181     0.578
 6     0.601    -0.350     0.718
 7   112.945   -17.669   -11.570
 7     0.866     0.290     0.407
 7    -0.364     0.924     0.115
 7    -0.343    -0.248     0.906
 8   129.984   -32.898     3.873
 8     0.921     0.063     0.385
 8    -0.275    -0.594     0.756
 8     0.277    -0.802    -0.530
 9   141.472    -7.806     6.810
 9     0.213    -0.961     0.175
 9     0.938     0.151    -0.312
 9     0.273     0.230     0.934
 2    97.311   -18.754    59.750
 2     0.620    -0.784     0.003
 2     0.784     0.620     0.038
 2    -0.032    -0.021     0.999
 3   129.594    -2.768     4.642
 3     0.281    -0.277    -0.919
 3     0.176     0.956    -0.235
 3     0.943    -0.095     0.318
 4   112.697     9.035   -12.787
 4     0.793    -0.521     0.315
 4     0.544     0.839     0.015
 4    -0.273     0.160     0.949
 5   129.888    28.947    -4.354
 5     0.918    -0.250     0.307
 5     0.355     0.175    -0.918
 5     0.176     0.952     0.250
 6   140.998     4.177     7.148
 6     0.073     0.920     0.384
 6    -0.795    -0.178     0.579
 6     0.601    -0.349     0.719
 7   112.996   -17.669   -11.570
 7     0.866     0.289     0.407
 7    -0.364     0.924     0.116
 7    -0.343    -0.249     0.906
 8   129.985   -32.898     3.895
 8     0.920     0.064     0.386
 8    -0.275    -0.594     0.755
 8     0.278    -0.802    -0.529
 9   141.472    -7.755     6.887
 9     0.211    -0.962     0.173
 9     0.938     0.150    -0.311
 9     0.273     0.228     0.934
 2    97.311   -18.704    59.750
 2     0.620    -0.784     0.004
 2     0.783     0.620     0.038
 2    -0.032    -0.021     0.999
 3   129.646    -2.768     4.593
 3     0.282    -0.277    -0.919
 3     0.176     0.956    -0.234
 3     0.943    -0.096     0.318
 4   112.699     9.036   -12.791
 4     0.793    -0.521     0.315
 4     0.545     0.838     0.015
 4    -0.272     0.160     0.949
 5   129.837    28.973    -4.355
 5     0.917    -0.251     0.308
 5     0.356     0.174    -0.918
 5     0.176     0.952     0.249
 6   140.944     4.177     7.151
 6     0.075     0.921     0.382
 6    -0.796    -0.176     0.579
 6     0.600    -0.348     0.720
 7   112.996   -17.720   -11.570
 7     0.865     0.291     0.407
 7    -0.365     0.924     0.116
 7    -0.343    -0.249     0.906
 8   129.989   -32.974     3.893
 8     0.919     0.063     0.388
 8    -0.278    -0.595     0.754
 8     0.279    -0.801    -0.529
 9   141.473    -7.857     6.887
 9     0.212    -0.962     0.171
 9     0.938     0.152    -0.311
 9     0.273     0.227     0.935
 2    97.311   -18.704    59.750
 2     0.620    -0.784     0.003
 2     0.783     0.620     0.038
 2    -0.032    -0.021     0.999
 3   129.696    -2.767     4.594
 3     0.281    -0.275    -0.919
 3     0.177     0.956    -0.232
 3     0.943    -0.098     0.318
 4   112.700     9.038   -12.794
 4     0.792    -0.523     0.315
 4     0.547     0.837     0.014
 4    -0.271     0.161     0.949
 5   129.892    28.949    -4.234
 5     0.917    -0.252     0.308
 5     0.356     0.172    -0.918
 5     0.178     0.952     0.247
 6   140.981     4.123     7.190
 6     0.076     0.923     0.377
 6    -0.799    -0.170     0.576
 6     0.596    -0.346     0.725
 7   113.048   -17.822   -11.568
 7     0.864     0.293     0.408
 7    -0.368     0.922     0.115
 7    -0.343    -0.250     0.905
 8   129.869   -33.075     3.938
 8     0.917     0.062     0.393
 8    -0.282    -0.596     0.752
 8     0.281    -0.801    -0.529
 9   141.525    -8.061     6.944
 9     0.216    -0.963     0.163
 9     0.938     0.158    -0.309
 9     0.272     0.220     0.937
 2    97.311   -18.704    59.750
 2     0.620    -0.784     0.003
 2     0.784     0.620     0.038
 2    -0.032    -0.021     0.999
 3   129.764    -2.819     4.604
 3     0.282    -0.273    -0.920
 3     0.179     0.957    -0.229
 3     0.942    -0.100     0.319
 4   112.828     9.116   -12.775
 4     0.791    -0.525     0.313
 4     0.549     0.835     0.013
 4    -0.269     0.162     0.949
 5   129.920    28.952    -4.166
 5     0.916    -0.253     0.310
 5     0.357     0.167    -0.919
 5     0.180     0.953     0.243
 6   141.004     4.115     7.218
 6     0.078     0.926     0.369
 6    -0.805    -0.160     0.571
 6     0.588    -0.341     0.733
 7   113.124   -17.823   -11.567
 7     0.863     0.295     0.409
 7    -0.370     0.922     0.116
 7    -0.343    -0.251     0.905
 8   129.875   -33.201     3.984
 8     0.916     0.061     0.397
 8    -0.285    -0.598     0.749
 8     0.283    -0.799    -0.530
 9   141.550    -8.164     7.026
 9     0.218    -0.963     0.156
 9     0.938     0.162    -0.307
 9     0.271     0.214     0.938
 2    97.311   -18.704    59.750
 2     0.620    -0.785     0.003
 2     0.784     0.620     0.038
 2    -0.032    -0.021     0.999
 3   129.815    -2.844     4.580
 3     0.284    -0.271    -0.920
 3     0.181     0.957    -0.227
 3     0.942    -0.102     0.321
 4   112.783     9.120   -12.735
 4     0.789    -0.529     0.312
 4     0.553     0.833     0.011
 4    -0.266     0.163     0.950
 5   129.800    29.033    -3.904
 5     0.915    -0.254     0.314
 5     0.359     0.155    -0.920
 5     0.184     0.955     0.232
 6   141.005     4.048     6.896
 6     0.077     0.930     0.359
 6    -0.817    -0.148     0.558
 6     0.572    -0.336     0.748
 7   113.123   -17.900   -11.562
 7     0.862     0.296     0.410
 7    -0.372     0.921     0.116
 7    -0.344    -0.253     0.904
 8   129.876   -33.201     4.035
 8     0.915     0.059     0.398
 8    -0.287    -0.599     0.748
 8     0.283    -0.799    -0.531
 9   141.641    -8.449     6.692
 9     0.220    -0.964     0.145
 9     0.938     0.169    -0.301
 9     0.265     0.203     0.942
 2    97.311   -18.704    59.750
 2     0.620    -0.784     0.003
 2     0.784     0.620     0.038
 2    -0.032    -0.021     0.999
 3   129.894    -2.825     4.608
 3     0.289    -0.271    -0.918
 3     0.183     0.957    -0.225
 3     0.939    -0.104     0.326
 4   112.779     9.172   -12.687
 4     0.787    -0.531     0.314
 4     0.557     0.830     0.009
 4    -0.266     0.168     0.949
 5   129.498    29.395    -3.568
 5     0.911    -0.251     0.328
 5     0.368     0.134    -0.920
 5     0.187     0.958     0.214
 6   140.964     4.132     6.564
 6     0.086     0.934     0.346
 6    -0.831    -0.125     0.542
 6     0.550    -0.334     0.766
 7   113.088   -17.957   -11.545
 7     0.859     0.297     0.416
 7    -0.373     0.920     0.115
 7    -0.349    -0.254     0.902
 8   129.914   -33.333     3.906
 8     0.916     0.050     0.397
 8    -0.291    -0.600     0.745
 8     0.276    -0.799    -0.535
 9   141.705    -8.580     6.102
 9     0.219    -0.966     0.138
 9     0.941     0.172    -0.293
 9     0.259     0.194     0.946
 2    97.311   -18.704    59.750
 2     0.620    -0.784     0.003
 2     0.784     0.620     0.038
 2    -0.032    -0.021     0.999
 3   129.954    -2.855     4.471
 3     0.296    -0.271    -0.916
 3     0.185     0.957    -0.224
 3     0.937    -0.103     0.333
 4   112.646     9.302   -12.617
 4     0.781    -0.536     0.320
 4     0.565     0.825     0.003
 4    -0.266     0.179     0.947
 5   128.890    29.701    -3.340
 5     0.905    -0.235     0.353
 5     0.384     0.101    -0.918
 5     0.180     0.966     0.182
 6   141.043     4.727     5.636
 6     0.120     0.934     0.337
 6    -0.849    -0.080     0.523
 6     0.515    -0.349     0.783
 7   113.024   -17.964   -11.497
 7     0.856     0.296     0.423
 7    -0.374     0.920     0.113
 7    -0.356    -0.255     0.899
 8   129.942   -33.502     3.556
 8     0.920     0.021     0.391
 8    -0.301    -0.603     0.739
 8     0.251    -0.798    -0.548
 9   142.009    -8.592     5.100
 9     0.226    -0.966     0.124
 9     0.942     0.184    -0.280
 9     0.247     0.180     0.952
 2    97.311   -18.704    59.750
 2     0.620    -0.785     0.003
 2     0.784     0.620     0.038
 2    -0.032    -0.021     0.999
 3   129.947    -2.858     4.403
 3     0.299    -0.271    -0.915
 3     0.185     0.957    -0.222
 3     0.936    -0.103     0.337
 4   112.393     9.480   -12.510
 4     0.766    -0.548     0.336
 4     0.582     0.813    -0.001
 4    -0.272     0.196     0.942
 5   128.030    30.463    -3.153
 5     0.894    -0.209     0.395
 5     0.415     0.059    -0.908
 5     0.166     0.976     0.139
 6   141.155     5.342     4.452
 6     0.157     0.929     0.335
 6    -0.867    -0.032     0.496
 6     0.472    -0.369     0.801
 7   113.000   -17.924   -11.411
 7     0.852     0.294     0.433
 7    -0.373     0.921     0.109
 7    -0.367    -0.255     0.895
 8   129.974   -33.704     3.223
 8     0.924    -0.026     0.382
 8    -0.318    -0.607     0.728
 8     0.213    -0.794    -0.569
 9   142.458    -9.140     3.822
 9     0.247    -0.962     0.117
 9     0.941     0.208    -0.267
 9     0.232     0.176     0.956
 2    97.311   -18.704    59.750
 2     0.620    -0.784     0.003
 2     0.784     0.620     0.038
 2    -0.032    -0.021     0.999
 3   129.983    -2.864     4.318
 3     0.304    -0.270    -0.913
 3     0.185     0.957    -0.222
 3     0.934    -0.102     0.341
 4   112.113     9.605   -12.450
 4     0.753    -0.557     0.351
 4     0.596     0.803    -0.006
 4    -0.279     0.213     0.936
 5   127.132    30.965    -2.899
 5     0.884    -0.172     0.435
 5     0.444     0.019    -0.896
 5     0.146     0.985     0.093
 6   141.200     6.158     2.690
 6     0.208     0.913     0.351
 6    -0.884     0.022     0.466
 6     0.418    -0.408     0.812
 7   112.741   -17.889   -11.411
 7     0.845     0.290     0.448
 7    -0.372     0.922     0.105
 7    -0.383    -0.255     0.888
 8   129.832   -34.042     2.493
 8     0.928    -0.080     0.364
 8    -0.335    -0.608     0.720
 8     0.163    -0.790    -0.591
 9   142.814    -9.516     1.845
 9     0.265    -0.957     0.121
 9     0.941     0.229    -0.250
 9     0.211     0.180     0.961
 2    97.311   -18.754    59.750
 2     0.620    -0.784     0.003
 2     0.783     0.620     0.038
 2    -0.032    -0.021     0.999
 3   129.975    -2.690     4.197
 3     0.309    -0.272    -0.911
 3     0.184     0.957    -0.223
 3     0.933    -0.099     0.346
 4   111.763     9.805   -12.391
 4     0.743    -0.562     0.364
 4     0.606     0.795    -0.009
 4    -0.285     0.226     0.931
 5   126.522    31.304    -2.998
 5     0.879    -0.130     0.459
 5     0.462    -0.007    -0.887
 5     0.118     0.991     0.054
 6   141.281     6.777     1.266
 6     0.245     0.896     0.371
 6    -0.893     0.060     0.446
 6     0.377    -0.440     0.815
 7   112.536   -17.828   -11.365
 7     0.839     0.287     0.461
 7    -0.371     0.923     0.101
 7    -0.397    -0.256     0.881
 8   129.787   -34.203     1.877
 8     0.929    -0.140     0.342
 8    -0.353    -0.610     0.710
 8     0.109    -0.780    -0.616
 9   143.234    -9.999    -0.166
 9     0.290    -0.949     0.126
 9     0.939     0.256    -0.229
 9     0.184     0.185     0.965
 2    97.311   -18.704    59.750
 2     0.620    -0.784     0.003
 2     0.783     0.620     0.038
 2    -0.032    -0.021     0.999
 3   129.905    -2.675     4.041
 3     0.318    -0.271    -0.909
 3     0.182     0.958    -0.222
 3     0.930    -0.095     0.354
 4   111.486     9.980   -12.359
 4     0.733    -0.564     0.380
 4     0.615     0.788    -0.016
 4    -0.291     0.245     0.925
 5   125.919    31.639    -2.765
 5     0.873    -0.072     0.482
 5     0.480    -0.046    -0.876
 5     0.085     0.996    -0.006
 6   141.232     7.347    -0.856
 6     0.278     0.869     0.409
 6    -0.909     0.101     0.403
 6     0.309    -0.485     0.818
 7   112.332   -17.743   -11.263
 7     0.830     0.287     0.477
 7    -0.375     0.922     0.096
 7    -0.412    -0.259     0.874
 8   129.604   -34.464     1.463
 8     0.925    -0.206     0.319
 8    -0.376    -0.619     0.690
 8     0.056    -0.758    -0.650
 9   143.416   -10.776    -2.637
 9     0.318    -0.938     0.135
 9     0.937     0.290    -0.191
 9     0.140     0.187     0.972
 2    97.311   -18.704    59.750
 2     0.620    -0.785     0.003
 2     0.784     0.620     0.038
 2    -0.032    -0.021     0.999
 3   129.942    -2.681     3.929
 3     0.325    -0.267    -0.907
 3     0.181     0.959    -0.218
 3     0.928    -0.094     0.360
 4   111.251    10.057   -12.185
 4     0.727    -0.566     0.388
 4     0.621     0.783    -0.022
 4    -0.292     0.257     0.921
 5   125.381    32.147    -2.889
 5     0.864    -0.015     0.503
 5     0.501    -0.066    -0.863
 5     0.046     0.998    -0.049
 6   140.900     8.010    -3.004
 6     0.300     0.847     0.439
 6    -0.924     0.143     0.356
 6     0.239    -0.512     0.825
 7   112.039   -17.859   -11.093
 7     0.821     0.291     0.490
 7    -0.382     0.919     0.095
 7    -0.423    -0.265     0.866
 8   129.400   -34.799     1.321
 8     0.916    -0.280     0.288
 8    -0.401    -0.636     0.659
 8    -0.002    -0.719    -0.695
 9   143.290   -11.778    -5.514
 9     0.340    -0.929     0.143
 9     0.938     0.324    -0.124
 9     0.069     0.176     0.982
 2    97.311   -18.704    59.750
 2     0.620    -0.784     0.004
 2     0.784     0.620     0.038
 2    -0.032    -0.021     0.999
 3   129.981    -2.688     3.945
 3     0.331    -0.260    -0.907
 3     0.179     0.961    -0.210
 3     0.926    -0.093     0.365
 4   110.860    10.227   -11.832
 4     0.714    -0.567     0.411
 4     0.631     0.775    -0.026
 4    -0.304     0.277     0.911
 5   124.668    32.297    -2.607
 5     0.851     0.065     0.521
 5     0.525    -0.106    -0.844
 5    -0.000     0.992    -0.125
 6   140.552     8.874    -5.174
 6     0.331     0.811     0.481
 6    -0.930     0.195     0.310
 6     0.158    -0.551     0.820
 7   111.852   -18.048   -10.878
 7     0.813     0.292     0.503
 7    -0.389     0.916     0.097
 7    -0.432    -0.275     0.859
 8   129.268   -35.229     1.344
 8     0.904    -0.340     0.256
 8    -0.423    -0.651     0.630
 8    -0.048    -0.679    -0.733
 9   143.156   -12.750    -7.567
 9     0.360    -0.921     0.147
 9     0.933     0.355    -0.062
 9     0.004     0.159     0.987
 2    97.311   -18.754    59.750
 2     0.620    -0.784     0.003
 2     0.784     0.620     0.038
 2    -0.032    -0.021     0.999
 3   129.869    -2.644     3.961
 3     0.337    -0.255    -0.906
 3     0.177     0.963    -0.204
 3     0.924    -0.092     0.370
 4   110.360    10.279   -11.631
 4     0.698    -0.574     0.427
 4     0.646     0.763    -0.031
 4    -0.308     0.297     0.904
 5   123.911    32.516    -1.897
 5     0.833     0.143     0.533
 5     0.552    -0.164    -0.818
 5    -0.030     0.976    -0.215
 6   139.743    10.175    -7.401
 6     0.368     0.767     0.525
 6    -0.929     0.273     0.251
 6     0.050    -0.580     0.813
 7   111.599   -18.134   -10.514
 7     0.805     0.292     0.516
 7    -0.398     0.911     0.105
 7    -0.439    -0.290     0.850
 8   129.109   -35.285     1.819
 8     0.890    -0.402     0.216
 8    -0.449    -0.686     0.572
 8    -0.082    -0.606    -0.791
 9   142.848   -14.091   -10.139
 9     0.383    -0.906     0.179
 9     0.918     0.395     0.037
 9    -0.105     0.150     0.983
 2    97.311   -18.704    59.750
 2     0.620    -0.784     0.003
 2     0.783     0.620     0.038
 2    -0.032    -0.021     0.999
 3   129.782    -2.600     3.975
 3     0.343    -0.253    -0.905
 3     0.176     0.963    -0.202
 3     0.922    -0.090     0.375
 4   109.982    10.458   -11.482
 4     0.683    -0.579     0.446
 4     0.661     0.749    -0.039
 4    -0.312     0.321     0.894
 5   123.300    32.770    -1.011
 5     0.816     0.217     0.536
 5     0.576    -0.224    -0.786
 5    -0.051     0.950    -0.308
 6   138.899    11.139    -9.334
 6     0.381     0.730     0.566
 6    -0.923     0.336     0.188
 6    -0.053    -0.594     0.802
 7   111.302   -18.295   -10.285
 7     0.797     0.297     0.526
 7    -0.411     0.905     0.110
 7    -0.443    -0.304     0.843
 8   128.865   -35.038     3.001
 8     0.880    -0.434     0.191
 8    -0.467    -0.724     0.506
 8    -0.082    -0.535    -0.841
 9   142.397   -15.258   -11.425
 9     0.397    -0.896     0.198
 9     0.892     0.427     0.145
 9    -0.215     0.119     0.969
 2    97.311   -18.704    59.750
 2     0.620    -0.784     0.003
 2     0.784     0.620     0.038
 2    -0.032    -0.021     0.999
 3   129.617    -2.532     3.884
 3     0.352    -0.255    -0.900
 3     0.172     0.963    -0.205
 3     0.920    -0.082     0.383
 4   109.558    10.762   -11.178
 4     0.671    -0.579     0.464
 4     0.671     0.740    -0.047
 4    -0.316     0.342     0.885
 5   123.218    32.587    -0.124
 5     0.807     0.292     0.513
 5     0.585    -0.289    -0.757
 5    -0.073     0.912    -0.404
 6   138.050    12.236   -11.467
 6     0.377     0.689     0.619
 6    -0.910     0.400     0.109
 6    -0.172    -0.604     0.778
 7   111.060   -18.418    -9.967
 7     0.792     0.306     0.527
 7    -0.427     0.896     0.122
 7    -0.435    -0.322     0.841
 8   128.938   -34.300     4.478
 8     0.872    -0.464     0.153
 8    -0.482    -0.767     0.423
 8    -0.079    -0.443    -0.893
 9   141.743   -16.565   -12.849
 9     0.397    -0.891     0.219
 9     0.854     0.446     0.267
 9    -0.336     0.081     0.938
 2    97.311   -18.704    59.750
 2     0.620    -0.784     0.003
 2     0.783     0.620     0.038
 2    -0.032    -0.021     0.999
 3   129.596    -2.392     3.825
 3     0.361    -0.257    -0.896
 3     0.165     0.964    -0.209
 3     0.917    -0.072     0.391
 4   109.193    11.068   -10.957
 4     0.661    -0.579     0.476
 4     0.679     0.731    -0.055
 4    -0.317     0.360     0.877
 5   123.125    32.517     0.661
 5     0.801     0.341     0.492
 5     0.593    -0.341    -0.729
 5    -0.081     0.876    -0.475
 6   137.427    13.338   -12.316
 6     0.377     0.659     0.650
 6    -0.891     0.450     0.061
 6    -0.253    -0.603     0.757
 7   110.901   -18.467    -9.744
 7     0.791     0.309     0.528
 7    -0.434     0.891     0.129
 7    -0.431    -0.331     0.839
 8   129.099   -33.802     4.963
 8     0.870    -0.476     0.130
 8    -0.487    -0.787     0.378
 8    -0.078    -0.392    -0.917
 9   141.402   -17.493   -13.743
 9     0.396    -0.888     0.231
 9     0.825     0.455     0.333
 9    -0.402     0.059     0.914
 2    97.311   -18.704    59.750
 2     0.620    -0.784     0.003
 2     0.783     0.620     0.038
 2    -0.032    -0.021     0.999
 3   129.507    -2.273     3.735
 3     0.369    -0.259    -0.893
 3     0.160     0.963    -0.214
 3     0.915    -0.064     0.397
 4   109.017    11.354   -10.724
 4     0.655    -0.580     0.484
 4     0.687     0.723    -0.064
 4    -0.313     0.375     0.872
 5   123.189    32.378     1.556
 5     0.798     0.371     0.475
 5     0.598    -0.386    -0.703
 5    -0.078     0.845    -0.529
 6   136.860    14.104   -13.051
 6     0.362     0.648     0.669
 6    -0.872     0.489    -0.002
 6    -0.328    -0.584     0.743
 7   110.805   -18.417    -9.715
 7     0.789     0.308     0.530
 7    -0.437     0.890     0.133
 7    -0.431    -0.336     0.837
 8   129.293   -33.386     5.254
 8     0.869    -0.483     0.107
 8    -0.488    -0.801     0.346
 8    -0.081    -0.353    -0.932
 9   141.031   -18.217   -15.036
 9     0.381    -0.895     0.231
 9     0.797     0.444     0.407
 9    -0.468     0.029     0.883
 2    97.311   -18.704    59.750
 2     0.620    -0.784     0.003
 2     0.783     0.620     0.038
 2    -0.032    -0.021     0.999
 3   129.493    -2.155     3.669
 3     0.376    -0.261    -0.889
 3     0.155     0.964    -0.217
 3     0.913    -0.056     0.402
 4   108.858    11.659   -10.452
 4     0.651    -0.576     0.495
 4     0.692     0.718    -0.073
 4    -0.313     0.389     0.866
 5   123.687    32.077     2.190
 5     0.799     0.404     0.444
 5     0.595    -0.431    -0.678
 5    -0.083     0.807    -0.585
 6   136.463    14.749   -13.996
 6     0.342     0.628     0.698
 6    -0.852     0.522    -0.052
 6    -0.397    -0.577     0.714
 7   110.682   -18.419    -9.551
 7     0.787     0.306     0.536
 7    -0.440     0.887     0.139
 7    -0.433    -0.345     0.833
 8   129.808   -32.841     5.454
 8     0.870    -0.487     0.076
 8    -0.485    -0.818     0.309
 8    -0.088    -0.306    -0.948
 9   140.815   -19.281   -16.368
 9     0.362    -0.905     0.224
 9     0.758     0.425     0.494
 9    -0.542    -0.009     0.840
 2    97.311   -18.704    59.750
 2     0.620    -0.784     0.003
 2     0.784     0.620     0.038
 2    -0.032    -0.021     0.999
 3   129.486    -2.163     3.520
 3     0.384    -0.257    -0.887
 3     0.146     0.965    -0.217
 3     0.912    -0.046     0.408
 4   108.826    11.939   -10.331
 4     0.648    -0.573     0.502
 4     0.694     0.715    -0.081
 4    -0.313     0.401     0.861
 5   123.917    31.840     2.668
 5     0.799     0.423     0.426
 5     0.596    -0.471    -0.651
 5    -0.075     0.774    -0.629
 6   136.325    15.634   -14.361
 6     0.337     0.627     0.702
 6    -0.826     0.555    -0.099
 6    -0.452    -0.547     0.705
 7   110.690   -18.492    -9.423
 7     0.787     0.298     0.539
 7    -0.439     0.885     0.151
 7    -0.432    -0.356     0.828
 8   130.533   -31.934     5.828
 8     0.873    -0.485     0.037
 8    -0.478    -0.840     0.258
 8    -0.094    -0.243    -0.965
 9   140.707   -19.834   -17.311
 9     0.338    -0.915     0.219
 9     0.718     0.401     0.568
 9    -0.608    -0.035     0.793
 2    97.311   -18.704    59.750
 2     0.620    -0.784     0.003
 2     0.784     0.620     0.038
 2    -0.032    -0.021     0.999
 3   129.504    -2.116     3.500
 3     0.385    -0.258    -0.886
 3     0.143     0.965    -0.219
 3     0.911    -0.042     0.409
 4   108.726    12.122   -10.244
 4     0.641    -0.576     0.506
 4     0.701     0.707    -0.084
 4    -0.310     0.409     0.858
 5   123.969    31.695     2.875
 5     0.799     0.431     0.419
 5     0.597    -0.486    -0.638
 5    -0.072     0.760    -0.646
 6   136.310    16.287   -14.666
 6     0.339     0.624     0.704
 6    -0.806     0.579    -0.125
 6    -0.486    -0.525     0.699
 7   110.816   -18.413    -9.296
 7     0.790     0.292     0.539
 7    -0.435     0.886     0.158
 7    -0.432    -0.359     0.827
 8   130.837   -31.598     5.846
 8     0.874    -0.485     0.017
 8    -0.475    -0.848     0.235
 8    -0.100    -0.214    -0.972
 9   140.679   -20.136   -17.721
 9     0.330    -0.918     0.219
 9     0.703     0.394     0.591
 9    -0.629    -0.041     0.776
 2    97.311   -18.754    59.750
 2     0.620    -0.784     0.003
 2     0.783     0.620     0.038
 2    -0.032    -0.021     0.999
 3   129.546    -1.993     3.404
 3     0.388    -0.261    -0.884
 3     0.141     0.964    -0.223
 3     0.910    -0.038     0.411
 4   108.648    12.251   -10.226
 4     0.639    -0.574     0.511
 4     0.703     0.705    -0.089
 4    -0.309     0.417     0.854
 5   124.077    31.698     2.989
 5     0.796     0.448     0.405
 5     0.600    -0.503    -0.623
 5    -0.075     0.739    -0.670
 6   136.009    16.785   -15.212
 6     0.328     0.613     0.718
 6    -0.789     0.596    -0.148
 6    -0.519    -0.518     0.679
 7   110.783   -18.366    -9.360
 7     0.789     0.287     0.543
 7    -0.433     0.887     0.159
 7    -0.436    -0.360     0.824
 8   130.961   -31.394     5.728
 8     0.875    -0.484     0.010
 8    -0.473    -0.850     0.230
 8    -0.103    -0.206    -0.973
 9   140.530   -20.044   -18.001
 9     0.325    -0.919     0.222
 9     0.699     0.391     0.598
 9    -0.637    -0.039     0.770
 2    97.311   -18.704    59.750
 2     0.620    -0.784     0.003
 2     0.783     0.620     0.038
 2    -0.032    -0.021     0.999
 3   129.538    -1.846     3.331
 3     0.392    -0.264    -0.881
 3     0.137     0.964    -0.228
 3     0.909    -0.031     0.414
 4   108.496    12.427   -10.127
 4     0.642    -0.567     0.516
 4     0.701     0.706    -0.097
 4    -0.309     0.424     0.851
 5   124.244    31.569     2.938
 5     0.799     0.454     0.394
 5     0.596    -0.513    -0.618
 5    -0.078     0.729    -0.680
 6   135.795    16.943   -15.329
 6     0.319     0.612     0.723
 6    -0.781     0.602    -0.165
 6    -0.536    -0.513     0.670
 7   110.674   -18.243    -9.346
 7     0.787     0.285     0.546
 7    -0.432     0.888     0.159
 7    -0.440    -0.361     0.822
 8   130.963   -31.240     5.677
 8     0.875    -0.483     0.008
 8    -0.472    -0.852     0.228
 8    -0.103    -0.203    -0.974
 9   140.273   -20.158   -18.243
 9     0.319    -0.921     0.225
 9     0.692     0.388     0.609
 9    -0.648    -0.039     0.761
 2    97.311   -18.704    59.750
 2     0.620    -0.784     0.003
 2     0.783     0.620     0.038
 2    -0.032    -0.021     0.999
 3   129.463    -1.822     3.330
 3     0.394    -0.265    -0.880
 3     0.135     0.964    -0.229
 3     0.909    -0.029     0.416
 4   108.465    12.425   -10.122
 4     0.642    -0.565     0.518
 4     0.701     0.706    -0.098
 4    -0.311     0.426     0.849
 5   124.256    31.449     3.144
 5     0.800     0.453     0.393
 5     0.595    -0.522    -0.611
 5    -0.072     0.722    -0.688
 6   135.731    17.103   -15.553
 6     0.314     0.609     0.728
 6    -0.773     0.609    -0.177
 6    -0.552    -0.507     0.662
 7   110.600   -18.242    -9.320
 7     0.788     0.283     0.547
 7    -0.431     0.888     0.161
 7    -0.440    -0.363     0.821
 8   131.081   -31.053     5.791
 8     0.877    -0.480     0.000
 8    -0.469    -0.858     0.208
 8    -0.099    -0.183    -0.978
 9   140.096   -20.382   -18.436
 9     0.309    -0.923     0.230
 9     0.679     0.383     0.626
 9    -0.666    -0.037     0.745
 2    97.311   -18.704    59.750
 2     0.620    -0.784     0.003
 2     0.784     0.620     0.038
 2    -0.032    -0.021     0.999
 3   129.456    -1.824     3.285
 3     0.396    -0.266    -0.879
 3     0.135     0.963    -0.231
 3     0.908    -0.027     0.418
 4   108.417    12.476   -10.125
 4     0.642    -0.565     0.518
 4     0.701     0.706    -0.099
 4    -0.310     0.427     0.849
 5   124.264    31.351     3.136
 5     0.801     0.451     0.392
 5     0.594    -0.525    -0.609
 5    -0.069     0.721    -0.689
 6   135.746    17.126   -15.546
 6     0.316     0.609     0.727
 6    -0.769     0.613    -0.179
 6    -0.555    -0.503     0.662
 7   110.552   -18.242    -9.268
 7     0.788     0.281     0.548
 7    -0.431     0.887     0.165
 7    -0.440    -0.366     0.820
 8   131.091   -30.921     5.886
 8     0.879    -0.477    -0.003
 8    -0.467    -0.862     0.199
 8    -0.097    -0.173    -0.980
 9   139.874   -20.604   -18.558
 9     0.300    -0.924     0.236
 9     0.667     0.380     0.640
 9    -0.682    -0.035     0.731
 2    97.311   -18.704    59.750
 2     0.620    -0.785     0.003
 2     0.784     0.620     0.038
 2    -0.032    -0.021     0.999
 3   129.405    -1.773     3.285
 3     0.397    -0.267    -0.878
 3     0.135     0.963    -0.232
 3     0.908    -0.026     0.418
 4   108.419    12.477   -10.078
 4     0.642    -0.565     0.518
 4     0.701     0.705    -0.101
 4    -0.309     0.428     0.849
 5   124.369    31.177     3.400
 5     0.803     0.453     0.387
 5     0.593    -0.535    -0.602
 5    -0.066     0.713    -0.698
 6   135.753    17.647   -15.697
 6     0.311     0.618     0.722
 6    -0.747     0.628    -0.216
 6    -0.587    -0.473     0.657
 7   110.559   -18.367    -9.272
 7     0.787     0.281     0.548
 7    -0.433     0.885     0.168
 7    -0.438    -0.370     0.819
 8   131.528   -30.240     6.248
 8     0.883    -0.468    -0.021
 8    -0.460    -0.875     0.155
 8    -0.091    -0.127    -0.988
 9   139.631   -21.392   -18.915
 9     0.280    -0.928     0.245
 9     0.631     0.370     0.681
 9    -0.723    -0.036     0.690
 2    97.311   -18.704    59.750
 2     0.620    -0.785     0.003
 2     0.784     0.620     0.038
 2    -0.032    -0.021     0.999
 3   129.406    -1.825     3.336
 3     0.397    -0.267    -0.878
 3     0.134     0.963    -0.232
 3     0.908    -0.026     0.418
 4   108.421    12.529   -10.056
 4     0.643    -0.564     0.518
 4     0.702     0.705    -0.103
 4    -0.308     0.429     0.849
 5   124.592    30.931     3.629
 5     0.803     0.464     0.374
 5     0.593    -0.554    -0.585
 5    -0.064     0.691    -0.720
 6   135.879    18.313   -16.105
 6     0.302     0.662     0.685
 6    -0.709     0.637    -0.303
 6    -0.637    -0.394     0.662
 7   110.652   -18.486    -9.238
 7     0.791     0.277     0.545
 7    -0.434     0.883     0.180
 7    -0.432    -0.379     0.818
 8   132.037   -29.535     6.561
 8     0.888    -0.459    -0.038
 8    -0.452    -0.885     0.113
 8    -0.086    -0.083    -0.993
 9   139.393   -22.374   -19.669
 9     0.257    -0.939     0.227
 9     0.580     0.338     0.741
 9    -0.773    -0.059     0.631
 2    97.311   -18.704    59.750
 2     0.620    -0.784     0.003
 2     0.784     0.620     0.038
 2    -0.032    -0.021     0.999
 3   129.400    -1.827     3.291
 3     0.398    -0.268    -0.878
 3     0.134     0.963    -0.233
 3     0.907    -0.025     0.419
 4   108.424    12.556   -10.063
 4     0.642    -0.565     0.518
 4     0.703     0.703    -0.104
 4    -0.306     0.431     0.849
 5   124.792    30.760     3.763
 5     0.802     0.471     0.366
 5     0.594    -0.566    -0.572
 5    -0.062     0.676    -0.734
 6   135.874    19.288   -16.589
 6     0.302     0.710     0.636
 6    -0.666     0.634    -0.392
 6    -0.682    -0.306     0.664
 7   110.705   -18.484    -9.190
 7     0.791     0.275     0.545
 7    -0.433     0.882     0.183
 7    -0.431    -0.381     0.818
 8   132.319   -29.173     6.427
 8     0.887    -0.458    -0.059
