% Calibrated with leiden_pols
% Positions are in centimeters
Data =[
 2    97.311   -18.754    59.750
 2     0.620    -0.784     0.003
 2     0.783     0.620     0.037
 2    -0.032    -0.021     0.999
 3   129.372    -2.397     4.982
 3     0.389    -0.266    -0.882
 3     0.144     0.963    -0.226
 3     0.910    -0.040     0.413
 4   111.917    12.316    -9.980
 4     0.792    -0.557     0.249
 4     0.596     0.793    -0.123
 4    -0.130     0.246     0.960
 5   128.198    28.232     7.686
 5     0.839    -0.472     0.272
 5     0.255    -0.101    -0.962
 5     0.481     0.875     0.036
 6   144.235     5.376    20.973
 6     0.339     0.939     0.053
 6    -0.744     0.233     0.626
 6     0.576    -0.252     0.778
 7   112.040   -20.611    -7.164
 7     0.868     0.322     0.376
 7    -0.442     0.847     0.294
 7    -0.224    -0.422     0.879
 8   125.910   -32.359    14.195
 8     0.812     0.119     0.571
 8    -0.282    -0.777     0.562
 8     0.511    -0.618    -0.598
 9   142.973   -11.170    21.318
 9     0.462    -0.883    -0.084
 9     0.815     0.460    -0.352
 9     0.349     0.093     0.932
 2    97.311   -18.754    59.750
 2     0.620    -0.784     0.004
 2     0.783     0.620     0.037
 2    -0.032    -0.021     0.999
 3   129.453    -2.403     4.901
 3     0.394    -0.265    -0.880
 3     0.145     0.963    -0.225
 3     0.907    -0.039     0.418
 4   111.917    12.317    -9.980
 4     0.792    -0.558     0.250
 4     0.597     0.793    -0.122
 4    -0.130     0.245     0.960
 5   128.154    28.234     7.731
 5     0.837    -0.474     0.272
 5     0.255    -0.102    -0.961
 5     0.483     0.875     0.036
 6   144.187     5.377    21.020
 6     0.339     0.939     0.051
 6    -0.743     0.234     0.627
 6     0.577    -0.250     0.777
 7   112.132   -20.561    -7.234
 7     0.869     0.318     0.377
 7    -0.438     0.849     0.293
 7    -0.227    -0.420     0.878
 8   125.988   -32.358    14.085
 8     0.812     0.124     0.571
 8    -0.279    -0.776     0.565
 8     0.513    -0.618    -0.595
 9   142.977   -11.117    21.363
 9     0.458    -0.885    -0.085
 9     0.816     0.457    -0.353
 9     0.351     0.092     0.932
 2    97.336   -18.704    59.750
 2     0.620    -0.784     0.004
 2     0.783     0.620     0.037
 2    -0.032    -0.021     0.999
 3   129.522    -2.354     4.857
 3     0.396    -0.264    -0.879
 3     0.144     0.964    -0.224
 3     0.906    -0.038     0.420
 4   111.937    12.366   -10.026
 4     0.790    -0.559     0.251
 4     0.598     0.792    -0.120
 4    -0.132     0.245     0.960
 5   128.105    28.312     7.726
 5     0.836    -0.474     0.275
 5     0.257    -0.104    -0.961
 5     0.484     0.874     0.035
 6   144.188     5.530    21.117
 6     0.339     0.939     0.048
 6    -0.742     0.235     0.627
 6     0.578    -0.248     0.777
 7   112.128   -20.562    -7.279
 7     0.870     0.316     0.378
 7    -0.437     0.850     0.293
 7    -0.229    -0.421     0.878
 8   126.044   -32.304    14.124
 8     0.810     0.129     0.571
 8    -0.276    -0.776     0.567
 8     0.516    -0.617    -0.593
 9   142.931   -11.114    21.434
 9     0.455    -0.886    -0.088
 9     0.817     0.455    -0.354
 9     0.353     0.089     0.931
 2    97.336   -18.754    59.750
 2     0.620    -0.784     0.004
 2     0.783     0.620     0.037
 2    -0.032    -0.021     0.999
 3   129.573    -2.303     4.782
 3     0.397    -0.262    -0.880
 3     0.145     0.964    -0.222
 3     0.906    -0.040     0.421
 4   111.988    12.368   -10.029
 4     0.789    -0.560     0.251
 4     0.599     0.791    -0.121
 4    -0.131     0.245     0.960
 5   128.112    28.315     7.842
 5     0.835    -0.476     0.276
 5     0.256    -0.108    -0.960
 5     0.487     0.873     0.032
 6   144.097     5.549    21.135
 6     0.339     0.940     0.044
 6    -0.746     0.240     0.621
 6     0.573    -0.244     0.782
 7   112.201   -20.614    -7.326
 7     0.869     0.316     0.379
 7    -0.437     0.850     0.293
 7    -0.230    -0.421     0.877
 8   126.123   -32.354    14.066
 8     0.810     0.131     0.572
 8    -0.276    -0.775     0.568
 8     0.518    -0.618    -0.592
 9   142.933   -11.036    21.432
 9     0.450    -0.888    -0.089
 9     0.820     0.451    -0.353
 9     0.354     0.086     0.931
 2    97.311   -18.704    59.750
 2     0.620    -0.784     0.004
 2     0.784     0.620     0.038
 2    -0.032    -0.021     0.999
 3   129.622    -2.305     4.730
 3     0.398    -0.261    -0.880
 3     0.142     0.964    -0.222
 3     0.906    -0.036     0.420
 4   112.037    12.369    -9.928
 4     0.787    -0.563     0.252
 4     0.602     0.789    -0.121
 4    -0.131     0.247     0.960
 5   127.919    28.649     8.120
 5     0.832    -0.467     0.299
 5     0.270    -0.130    -0.954
 5     0.484     0.875     0.018
 6   144.640     5.983    20.187
 6     0.368     0.929     0.032
 6    -0.759     0.281     0.587
 6     0.537    -0.241     0.808
 7   112.338   -20.667    -7.144
 7     0.870     0.317     0.377
 7    -0.434     0.855     0.283
 7    -0.233    -0.410     0.882
 8   126.649   -32.595    14.076
 8     0.821     0.103     0.561
 8    -0.284    -0.779     0.558
 8     0.495    -0.618    -0.611
 9   143.756   -11.549    20.439
 9     0.472    -0.878    -0.073
 9     0.821     0.468    -0.326
 9     0.320     0.094     0.942
 2    97.311   -18.704    59.750
 2     0.620    -0.784     0.004
 2     0.783     0.620     0.038
 2    -0.032    -0.021     0.999
 3   129.847    -2.410     4.499
 3     0.400    -0.262    -0.878
 3     0.136     0.964    -0.226
 3     0.906    -0.030     0.421
 4   111.816    12.470    -9.548
 4     0.762    -0.586     0.274
 4     0.631     0.767    -0.114
 4    -0.144     0.260     0.955
 5   126.770    29.478     8.495
 5     0.832    -0.392     0.393
 5     0.331    -0.219    -0.918
 5     0.445     0.893    -0.053
 6   146.012     8.130    17.818
 6     0.473     0.881     0.014
 6    -0.759     0.400     0.514
 6     0.447    -0.254     0.857
 7   112.407   -20.748    -7.007
 7     0.867     0.321     0.380
 7    -0.439     0.855     0.277
 7    -0.236    -0.407     0.882
 8   126.895   -32.876    14.162
 8     0.836     0.009     0.548
 8    -0.320    -0.804     0.501
 8     0.445    -0.594    -0.670
 9   145.488   -12.760    16.995
 9     0.533    -0.842    -0.082
 9     0.817     0.538    -0.208
 9     0.219     0.044     0.975
 2    97.311   -18.704    59.750
 2     0.620    -0.784     0.004
 2     0.784     0.620     0.038
 2    -0.032    -0.021     0.999
 3   129.846    -2.411     4.472
 3     0.400    -0.263    -0.878
 3     0.135     0.964    -0.228
 3     0.906    -0.028     0.421
 4   111.370    12.489    -9.393
 4     0.744    -0.598     0.298
 4     0.649     0.753    -0.111
 4    -0.158     0.276     0.948
 5   125.870    29.956     8.662
 5     0.829    -0.331     0.450
 5     0.370    -0.280    -0.886
 5     0.419     0.901    -0.110
 6   146.523     9.714    14.973
 6     0.554     0.832     0.027
 6    -0.762     0.493     0.420
 6     0.336    -0.254     0.907
 7   112.153   -20.769    -6.794
 7     0.855     0.327     0.401
 7    -0.452     0.850     0.270
 7    -0.253    -0.412     0.875
 8   126.801   -32.586    14.755
 8     0.845    -0.116     0.521
 8    -0.359    -0.845     0.395
 8     0.395    -0.521    -0.756
 9   146.804   -14.597    13.164
 9     0.614    -0.783    -0.096
 9     0.786     0.618    -0.016
 9     0.071    -0.066     0.995
 2    97.311   -18.754    59.750
 2     0.620    -0.784     0.004
 2     0.783     0.620     0.038
 2    -0.032    -0.021     0.999
 3   129.846    -2.411     4.421
 3     0.401    -0.264    -0.877
 3     0.135     0.964    -0.228
 3     0.906    -0.028     0.422
 4   110.840    12.532    -9.363
 4     0.724    -0.606     0.328
 4     0.667     0.736    -0.112
 4    -0.174     0.300     0.938
 5   124.801    30.281     9.110
 5     0.824    -0.225     0.519
 5     0.418    -0.378    -0.826
 5     0.382     0.898    -0.217
