% Calibrated with leiden_pols
% Positions are in centimeters
Data =[
 2    97.311   -18.754    59.750
 2     0.620    -0.784     0.003
 2     0.783     0.620     0.037
 2    -0.032    -0.021     0.999
 3   129.372    -2.397     4.982
 3     0.389    -0.266    -0.882
 3     0.144     0.963    -0.226
 3     0.910    -0.040     0.413
 4   111.917    12.316    -9.980
 4     0.792    -0.557     0.249
 4     0.596     0.793    -0.123
 4    -0.130     0.246     0.960
 5   128.198    28.232     7.686
 5     0.839    -0.472     0.272
 5     0.255    -0.101    -0.962
 5     0.481     0.875     0.036
 6   144.235     5.376    20.973
 6     0.339     0.939     0.053
 6    -0.744     0.233     0.626
 6     0.576    -0.252     0.778
 7   112.040   -20.611    -7.164
 7     0.868     0.322     0.376
 7    -0.442     0.847     0.294
 7    -0.224    -0.422     0.879
 8   125.910   -32.359    14.195
 8     0.812     0.119     0.571
 8    -0.282    -0.777     0.562
 8     0.511    -0.618    -0.598
 9   142.973   -11.170    21.318
 9     0.462    -0.883    -0.084
 9     0.815     0.460    -0.352
 9     0.349     0.093     0.932
 2    97.311   -18.754    59.750
 2     0.620    -0.784     0.004
 2     0.783     0.620     0.037
 2    -0.032    -0.021     0.999
 3   129.453    -2.403     4.901
 3     0.394    -0.265    -0.880
 3     0.145     0.963    -0.225
 3     0.907    -0.039     0.418
 4   111.917    12.317    -9.980
 4     0.792    -0.558     0.250
 4     0.597     0.793    -0.122
 4    -0.130     0.245     0.960
 5   128.154    28.234     7.731
 5     0.837    -0.474     0.272
 5     0.255    -0.102    -0.961
 5     0.483     0.875     0.036
 6   144.187     5.377    21.020
 6     0.339     0.939     0.051
 6    -0.743     0.234     0.627
 6     0.577    -0.250     0.777
 7   112.132   -20.561    -7.234
 7     0.869     0.318     0.377
 7    -0.438     0.849     0.293
 7    -0.227    -0.420     0.878
 8   125.988   -32.358    14.085
 8     0.812     0.124     0.571
 8    -0.279    -0.776     0.565
 8     0.513    -0.618    -0.595
 9   142.977   -11.117    21.363
 9     0.458    -0.885    -0.085
 9     0.816     0.457    -0.353
 9     0.351     0.092     0.932
 2    97.336   -18.704    59.750
 2     0.620    -0.784     0.004
 2     0.783     0.620     0.037
 2    -0.032    -0.021     0.999
 3   129.522    -2.354     4.857
 3     0.396    -0.264    -0.879
 3     0.144     0.964    -0.224
 3     0.906    -0.038     0.420
 4   111.937    12.366   -10.026
 4     0.790    -0.559     0.251
 4     0.598     0.792    -0.120
 4    -0.132     0.245     0.960
 5   128.105    28.312     7.726
 5     0.836    -0.474     0.275
 5     0.257    -0.104    -0.961
 5     0.484     0.874     0.035
 6   144.188     5.530    21.117
 6     0.339     0.939     0.048
 6    -0.742     0.235     0.627
 6     0.578    -0.248     0.777
 7   112.128   -20.562    -7.279
 7     0.870     0.316     0.378
 7    -0.437     0.850     0.293
 7    -0.229    -0.421     0.878
 8   126.044   -32.304    14.124
 8     0.810     0.129     0.571
 8    -0.276    -0.776     0.567
 8     0.516    -0.617    -0.593
 9   142.931   -11.114    21.434
 9     0.455    -0.886    -0.088
 9     0.817     0.455    -0.354
 9     0.353     0.089     0.931
 2    97.336   -18.754    59.750
 2     0.620    -0.784     0.004
 2     0.783     0.620     0.037
 2    -0.032    -0.021     0.999
 3   129.573    -2.303     4.782
 3     0.397    -0.262    -0.880
 3     0.145     0.964    -0.222
 3     0.906    -0.040     0.421
 4   111.988    12.368   -10.029
 4     0.789    -0.560     0.251
 4     0.599     0.791    -0.121
 4    -0.131     0.245     0.960
 5   128.112    28.315     7.842
 5     0.835    -0.476     0.276
 5     0.256    -0.108    -0.960
 5     0.487     0.873     0.032
 6   144.097     5.549    21.135
 6     0.339     0.940     0.044
 6    -0.746     0.240     0.621
 6     0.573    -0.244     0.782
 7   112.201   -20.614    -7.326
 7     0.869     0.316     0.379
 7    -0.437     0.850     0.293
 7    -0.230    -0.421     0.877
 8   126.123   -32.354    14.066
 8     0.810     0.131     0.572
 8    -0.276    -0.775     0.568
 8     0.518    -0.618    -0.592
 9   142.933   -11.036    21.432
 9     0.450    -0.888    -0.089
 9     0.820     0.451    -0.353
 9     0.354     0.086     0.931
 2    97.311   -18.704    59.750
 2     0.620    -0.784     0.004
 2     0.784     0.620     0.038
 2    -0.032    -0.021     0.999
 3   129.622    -2.305     4.730
 3     0.398    -0.261    -0.880
 3     0.142     0.964    -0.222
 3     0.906    -0.036     0.420
 4   112.037    12.369    -9.928
 4     0.787    -0.563     0.252
 4     0.602     0.789    -0.121
 4    -0.131     0.247     0.960
 5   127.919    28.649     8.120
 5     0.832    -0.467     0.299
 5     0.270    -0.130    -0.954
 5     0.484     0.875     0.018
 6   144.640     5.983    20.187
 6     0.368     0.929     0.032
 6    -0.759     0.281     0.587
 6     0.537    -0.241     0.808
 7   112.338   -20.667    -7.144
 7     0.870     0.317     0.377
 7    -0.434     0.855     0.283
 7    -0.233    -0.410     0.882
 8   126.649   -32.595    14.076
 8     0.821     0.103     0.561
 8    -0.284    -0.779     0.558
 8     0.495    -0.618    -0.611
 9   143.756   -11.549    20.439
 9     0.472    -0.878    -0.073
 9     0.821     0.468    -0.326
 9     0.320     0.094     0.942
 2    97.311   -18.704    59.750
 2     0.620    -0.784     0.004
 2     0.783     0.620     0.038
 2    -0.032    -0.021     0.999
 3   129.847    -2.410     4.499
 3     0.400    -0.262    -0.878
 3     0.136     0.964    -0.226
 3     0.906    -0.030     0.421
 4   111.816    12.470    -9.548
 4     0.762    -0.586     0.274
 4     0.631     0.767    -0.114
 4    -0.144     0.260     0.955
 5   126.770    29.478     8.495
 5     0.832    -0.392     0.393
 5     0.331    -0.219    -0.918
 5     0.445     0.893    -0.053
 6   146.012     8.130    17.818
 6     0.473     0.881     0.014
 6    -0.759     0.400     0.514
 6     0.447    -0.254     0.857
 7   112.407   -20.748    -7.007
 7     0.867     0.321     0.380
 7    -0.439     0.855     0.277
 7    -0.236    -0.407     0.882
 8   126.895   -32.876    14.162
 8     0.836     0.009     0.548
 8    -0.320    -0.804     0.501
 8     0.445    -0.594    -0.670
 9   145.488   -12.760    16.995
 9     0.533    -0.842    -0.082
 9     0.817     0.538    -0.208
 9     0.219     0.044     0.975
 2    97.311   -18.704    59.750
 2     0.620    -0.784     0.004
 2     0.784     0.620     0.038
 2    -0.032    -0.021     0.999
 3   129.846    -2.411     4.472
 3     0.400    -0.263    -0.878
 3     0.135     0.964    -0.228
 3     0.906    -0.028     0.421
 4   111.370    12.489    -9.393
 4     0.744    -0.598     0.298
 4     0.649     0.753    -0.111
 4    -0.158     0.276     0.948
 5   125.870    29.956     8.662
 5     0.829    -0.331     0.450
 5     0.370    -0.280    -0.886
 5     0.419     0.901    -0.110
 6   146.523     9.714    14.973
 6     0.554     0.832     0.027
 6    -0.762     0.493     0.420
 6     0.336    -0.254     0.907
 7   112.153   -20.769    -6.794
 7     0.855     0.327     0.401
 7    -0.452     0.850     0.270
 7    -0.253    -0.412     0.875
 8   126.801   -32.586    14.755
 8     0.845    -0.116     0.521
 8    -0.359    -0.845     0.395
 8     0.395    -0.521    -0.756
 9   146.804   -14.597    13.164
 9     0.614    -0.783    -0.096
 9     0.786     0.618    -0.016
 9     0.071    -0.066     0.995
 2    97.311   -18.754    59.750
 2     0.620    -0.784     0.004
 2     0.783     0.620     0.038
 2    -0.032    -0.021     0.999
 3   129.846    -2.411     4.421
 3     0.401    -0.264    -0.877
 3     0.135     0.964    -0.228
 3     0.906    -0.028     0.422
 4   110.840    12.532    -9.363
 4     0.724    -0.606     0.328
 4     0.667     0.736    -0.112
 4    -0.174     0.300     0.938
 5   124.801    30.281     9.110
 5     0.824    -0.225     0.519
 5     0.418    -0.378    -0.826
 5     0.382     0.898    -0.217
 6   146.726    11.416    11.161
 6     0.633     0.770     0.073
 6    -0.752     0.590     0.295
 6     0.184    -0.242     0.952
 7   111.969   -20.727    -6.772
 7     0.850     0.331     0.410
 7    -0.459     0.847     0.267
 7    -0.259    -0.415     0.872
 8   127.096   -32.321    14.904
 8     0.854    -0.228     0.468
 8    -0.395    -0.869     0.297
 8     0.339    -0.439    -0.832
 9   147.771   -16.267     9.385
 9     0.665    -0.743    -0.080
 9     0.744     0.649     0.156
 9    -0.064    -0.163     0.984
 2    97.311   -18.754    59.750
 2     0.620    -0.784     0.003
 2     0.783     0.620     0.038
 2    -0.032    -0.021     0.999
 3   129.683    -2.314     4.332
 3     0.406    -0.266    -0.874
 3     0.135     0.963    -0.230
 3     0.904    -0.025     0.427
 4   110.289    12.575    -9.385
 4     0.706    -0.613     0.355
 4     0.682     0.722    -0.111
 4    -0.189     0.321     0.928
 5   124.183    30.313     9.081
 5     0.825    -0.128     0.550
 5     0.452    -0.435    -0.779
 5     0.339     0.891    -0.301
 6   146.655    13.044     7.772
 6     0.674     0.728     0.126
 6    -0.737     0.651     0.180
 6     0.049    -0.214     0.975
 7   111.826   -20.713    -6.737
 7     0.844     0.332     0.421
 7    -0.464     0.846     0.263
 7    -0.269    -0.417     0.868
 8   127.596   -31.932    14.776
 8     0.866    -0.286     0.408
 8    -0.409    -0.877     0.252
 8     0.286    -0.385    -0.877
 9   148.111   -17.645     6.614
 9     0.679    -0.733    -0.036
 9     0.717     0.651     0.249
 9    -0.160    -0.195     0.968
 2    97.311   -18.704    59.750
 2     0.620    -0.784     0.003
 2     0.784     0.620     0.038
 2    -0.032    -0.021     0.999
 3   129.645    -2.241     4.217
 3     0.410    -0.268    -0.872
 3     0.136     0.963    -0.233
 3     0.902    -0.023     0.431
 4   109.954    12.518    -9.389
 4     0.694    -0.615     0.374
 4     0.691     0.714    -0.110
 4    -0.200     0.334     0.921
 5   123.689    30.474     8.784
 5     0.824    -0.070     0.562
 5     0.474    -0.457    -0.752
 5     0.309     0.887    -0.344
 6   146.177    14.652     4.907
 6     0.689     0.710     0.143
 6    -0.722     0.690     0.054
 6    -0.061    -0.141     0.988
 7   111.628   -20.572    -6.754
 7     0.840     0.331     0.430
 7    -0.465     0.847     0.257
 7    -0.280    -0.416     0.865
 8   128.127   -31.743    14.396
 8     0.877    -0.326     0.352
 8    -0.417    -0.882     0.220
 8     0.239    -0.340    -0.909
 9   148.267   -18.952     3.197
 9     0.676    -0.737    -0.011
 9     0.687     0.625     0.369
 9    -0.265    -0.257     0.929
 2    97.311   -18.754    59.750
 2     0.620    -0.784     0.003
 2     0.783     0.620     0.038
 2    -0.032    -0.021     0.999
 3   129.589    -2.192     4.173
 3     0.412    -0.270    -0.870
 3     0.136     0.962    -0.234
 3     0.901    -0.022     0.433
 4   109.697    12.512    -9.470
 4     0.685    -0.615     0.391
 4     0.698     0.708    -0.108
 4    -0.210     0.347     0.914
 5   123.560    30.703     8.442
 5     0.823     0.005     0.568
 5     0.502    -0.474    -0.723
 5     0.266     0.880    -0.393
 6   145.760    15.569     1.999
 6     0.682     0.715     0.151
 6    -0.712     0.697    -0.084
 6    -0.165    -0.050     0.985
 7   111.536   -20.530    -6.830
 7     0.837     0.330     0.437
 7    -0.466     0.848     0.252
 7    -0.288    -0.415     0.863
 8   128.839   -31.433    14.003
 8     0.887    -0.367     0.279
 8    -0.425    -0.886     0.186
 8     0.179    -0.284    -0.942
 9   148.105   -20.376    -0.492
 9     0.651    -0.759     0.012
 9     0.652     0.568     0.501
 9    -0.387    -0.319     0.865
 2    97.311   -18.704    59.750
 2     0.620    -0.784     0.004
 2     0.783     0.620     0.038
 2    -0.032    -0.021     0.999
 3   129.583    -2.194     4.104
 3     0.413    -0.269    -0.870
 3     0.136     0.963    -0.234
 3     0.900    -0.022     0.434
 4   109.293    12.319    -9.549
 4     0.673    -0.613     0.413
 4     0.703     0.704    -0.100
 4    -0.230     0.358     0.905
 5   123.657    31.001     7.450
 5     0.827     0.100     0.552
 5     0.528    -0.474    -0.705
 5     0.192     0.875    -0.445
 6   145.355    16.675    -2.461
 6     0.658     0.728     0.190
 6    -0.699     0.685    -0.206
 6    -0.280     0.003     0.960
 7   111.394   -20.419    -6.774
 7     0.833     0.319     0.451
 7    -0.460     0.853     0.245
 7    -0.307    -0.412     0.858
 8   130.054   -31.339    12.740
 8     0.896    -0.404     0.183
 8    -0.433    -0.886     0.165
 8     0.095    -0.227    -0.969
 9   147.565   -21.658    -5.730
 9     0.592    -0.805     0.037
 9     0.619     0.483     0.619
 9    -0.517    -0.343     0.785
 2    97.311   -18.754    59.750
 2     0.620    -0.784     0.004
 2     0.783     0.620     0.038
 2    -0.032    -0.021     0.999
 3   129.583    -2.145     3.976
 3     0.415    -0.269    -0.869
 3     0.134     0.963    -0.233
 3     0.900    -0.020     0.435
 4   108.824    12.246    -9.662
 4     0.662    -0.605     0.442
 4     0.704     0.704    -0.091
 4    -0.256     0.372     0.892
 5   123.810    31.408     5.667
 5     0.827     0.205     0.523
 5     0.553    -0.461    -0.694
 5     0.098     0.863    -0.495
 6   144.502    17.870    -6.127
 6     0.626     0.745     0.229
 6    -0.684     0.666    -0.297
 6    -0.374     0.030     0.927
 7   111.144   -20.271    -6.848
 7     0.825     0.300     0.478
 7    -0.450     0.861     0.235
 7    -0.341    -0.410     0.846
 8   130.729   -31.555    11.264
 8     0.895    -0.433     0.107
 8    -0.446    -0.879     0.167
 8     0.022    -0.197    -0.980
 9   146.720   -23.081    -9.478
 9     0.547    -0.836     0.050
 9     0.586     0.424     0.690
 9    -0.598    -0.348     0.722
 2    97.311   -18.704    59.750
 2     0.620    -0.784     0.003
 2     0.783     0.620     0.038
 2    -0.032    -0.021     0.999
 3   129.486    -2.047     3.569
 3     0.417    -0.259    -0.871
 3     0.129     0.965    -0.225
 3     0.900    -0.019     0.436
 4   108.258    12.013    -9.807
 4     0.646    -0.594     0.479
 4     0.706     0.703    -0.080
 4    -0.290     0.390     0.874
 5   123.567    31.575     4.432
 5     0.820     0.253     0.513
 5     0.570    -0.444    -0.691
 5     0.052     0.859    -0.508
 6   143.300    19.598   -10.027
 6     0.602     0.746     0.285
 6    -0.644     0.664    -0.380
 6    -0.473     0.045     0.880
 7   110.788   -20.079    -6.803
 7     0.811     0.285     0.510
 7    -0.445     0.867     0.223
 7    -0.379    -0.409     0.830
 8   130.933   -31.629    10.297
 8     0.887    -0.458     0.053
 8    -0.460    -0.874     0.157
 8    -0.026    -0.164    -0.986
 9   145.814   -24.630   -12.451
 9     0.511    -0.859     0.029
 9     0.537     0.345     0.769
 9    -0.671    -0.378     0.638
 2    97.311   -18.704    59.750
 2     0.620    -0.784     0.003
 2     0.783     0.620     0.038
 2    -0.032    -0.021     0.999
 3   129.413    -2.025     3.341
 3     0.418    -0.248    -0.874
 3     0.125     0.969    -0.215
 3     0.900    -0.019     0.436
 4   107.534    11.847    -9.936
 4     0.619    -0.596     0.511
 4     0.720     0.690    -0.068
 4    -0.313     0.410     0.856
 5   122.579    31.938     3.538
 5     0.796     0.316     0.516
 5     0.606    -0.435    -0.666
 5     0.014     0.843    -0.538
 6   141.565    22.251   -12.394
 6     0.585     0.778     0.230
 6    -0.579     0.599    -0.553
 6    -0.568     0.190     0.801
 7   110.563   -20.068    -6.885
 7     0.804     0.281     0.524
 7    -0.447     0.867     0.220
 7    -0.392    -0.411     0.823
 8   130.980   -31.639     9.733
 8     0.877    -0.481     0.009
 8    -0.477    -0.869     0.132
 8    -0.056    -0.121    -0.991
 9   145.177   -26.712   -13.993
 9     0.490    -0.872     0.000
 9     0.469     0.264     0.843
 9    -0.735    -0.413     0.538
 2    97.311   -18.704    59.750
 2     0.620    -0.785     0.003
 2     0.784     0.620     0.038
 2    -0.032    -0.021     0.999
 3   129.250    -1.933     3.262
 3     0.425    -0.238    -0.873
 3     0.121     0.971    -0.205
 3     0.897    -0.019     0.442
 4   106.866    11.823    -9.978
 4     0.589    -0.606     0.534
 4     0.741     0.669    -0.059
 4    -0.322     0.430     0.844
 5   121.284    32.344     3.509
 5     0.762     0.386     0.519
 5     0.647    -0.441    -0.622
 5    -0.012     0.810    -0.586
 6   140.052    24.343   -13.737
 6     0.565     0.801     0.197
 6    -0.522     0.532    -0.667
 6    -0.640     0.274     0.718
 7   110.261   -19.933    -6.933
 7     0.794     0.279     0.540
 7    -0.452     0.865     0.216
 7    -0.407    -0.416     0.813
 8   130.896   -31.543     9.356
 8     0.862    -0.505    -0.034
 8    -0.500    -0.860     0.100
 8    -0.080    -0.069    -0.994
 9   144.536   -29.016   -15.242
 9     0.478    -0.878    -0.026
 9     0.390     0.185     0.902
 9    -0.787    -0.442     0.431
 2    97.311   -18.704    59.750
 2     0.620    -0.784     0.003
 2     0.783     0.620     0.038
 2    -0.032    -0.021     0.999
 3   129.152    -1.891     3.160
 3     0.433    -0.237    -0.870
 3     0.119     0.971    -0.205
 3     0.893    -0.015     0.449
 4   106.488    11.825    -9.925
 4     0.568    -0.613     0.549
 4     0.755     0.654    -0.052
 4    -0.327     0.444     0.834
 5   120.345    33.020     3.209
 5     0.724     0.453     0.519
 5     0.687    -0.425    -0.589
 5    -0.047     0.783    -0.620
 6   138.840    27.271   -15.130
 6     0.564     0.806     0.180
 6    -0.431     0.473    -0.769
 6    -0.705     0.356     0.614
 7   110.018   -19.873    -7.068
 7     0.782     0.285     0.553
 7    -0.462     0.862     0.209
 7    -0.418    -0.419     0.806
 8   130.745   -31.701     9.068
 8     0.843    -0.533    -0.071
 8    -0.529    -0.846     0.073
 8    -0.099    -0.024    -0.995
 9   143.506   -31.499   -16.209
 9     0.463    -0.886    -0.021
 9     0.309     0.139     0.941
 9    -0.830    -0.442     0.339
 2    97.311   -18.754    59.750
 2     0.620    -0.784     0.003
 2     0.783     0.620     0.038
 2    -0.032    -0.021     0.999
 3   129.140    -1.870     3.121
 3     0.438    -0.237    -0.867
 3     0.117     0.971    -0.206
 3     0.891    -0.011     0.454
 4   106.223    11.831    -9.856
 4     0.549    -0.621     0.559
 4     0.768     0.638    -0.046
 4    -0.328     0.455     0.828
 5   119.299    33.460     3.342
 5     0.684     0.510     0.522
 5     0.727    -0.413    -0.549
 5    -0.064     0.754    -0.653
 6   137.724    30.486   -15.397
 6     0.575     0.801     0.165
 6    -0.315     0.403    -0.859
 6    -0.755     0.442     0.484
 7   109.819   -19.937    -7.042
 7     0.767     0.302     0.565
 7    -0.482     0.853     0.198
 7    -0.422    -0.425     0.801
 8   127.622   -32.710     6.738
 8     0.818    -0.566    -0.105
 8    -0.565    -0.824     0.039
 8    -0.109     0.027    -0.994
 9   142.196   -34.830   -16.790
 9     0.439    -0.898    -0.008
 9     0.210     0.094     0.973
 9    -0.874    -0.429     0.230
 2    97.311   -18.704    59.750
 2     0.620    -0.784     0.004
 2     0.783     0.620     0.038
 2    -0.032    -0.021     0.999
 3   129.129    -1.875     3.134
 3     0.442    -0.236    -0.865
 3     0.116     0.971    -0.206
 3     0.889    -0.009     0.457
 4   105.984    11.683    -9.856
 4     0.531    -0.633     0.563
 4     0.780     0.624    -0.035
 4    -0.330     0.458     0.826
 5   118.425    33.762     3.589
 5     0.638     0.567     0.520
 5     0.766    -0.408    -0.496
 5    -0.070     0.715    -0.695
 6   136.452    34.548   -15.198
 6     0.582     0.789     0.195
 6    -0.172     0.354    -0.919
 6    -0.795     0.501     0.341
 7   109.685   -19.965    -6.939
 7     0.759     0.315     0.569
 7    -0.498     0.844     0.197
 7    -0.419    -0.433     0.798
 8   127.209   -33.195     7.138
 8     0.788    -0.601    -0.131
 8    -0.607    -0.795    -0.004
 8    -0.102     0.083    -0.991
 9   141.305   -37.948   -16.330
 9     0.432    -0.902    -0.001
 9     0.114     0.054     0.992
 9    -0.895    -0.428     0.126
 2    97.311   -18.704    59.750
 2     0.620    -0.784     0.003
 2     0.784     0.620     0.038
 2    -0.032    -0.021     0.999
 3   129.079    -1.875     3.134
 3     0.442    -0.237    -0.865
 3     0.116     0.971    -0.206
 3     0.889    -0.009     0.457
 4   105.938    11.670    -9.880
 4     0.515    -0.644     0.565
 4     0.793     0.608    -0.031
 4    -0.324     0.464     0.824
 5   117.781    33.621     4.127
 5     0.598     0.622     0.505
 5     0.799    -0.412    -0.438
 5    -0.064     0.665    -0.744
 6   135.065    37.616   -14.970
 6     0.567     0.792     0.228
 6    -0.040     0.303    -0.952
 6    -0.823     0.530     0.203
 7   109.641   -20.191    -6.885
 7     0.752     0.333     0.568
 7    -0.517     0.833     0.196
 7    -0.409    -0.441     0.799
 8   126.797   -33.557     7.717
 8     0.763    -0.629    -0.145
 8    -0.640    -0.766    -0.046
 8    -0.082     0.128    -0.988
 9   140.499   -41.726   -15.216
 9     0.423    -0.906     0.004
 9    -0.003     0.004     1.000
 9    -0.906    -0.424    -0.001
 2    97.311   -18.704    59.750
 2     0.620    -0.784     0.003
 2     0.784     0.620     0.038
 2    -0.032    -0.021     0.999
 3   129.079    -1.875     3.134
 3     0.443    -0.237    -0.865
 3     0.116     0.971    -0.207
 3     0.889    -0.009     0.458
 4   105.893    11.625    -9.894
 4     0.510    -0.647     0.566
 4     0.798     0.602    -0.032
 4    -0.320     0.468     0.823
 5   116.936    33.891     4.038
 5     0.559     0.646     0.519
 5     0.826    -0.386    -0.410
 5    -0.065     0.658    -0.750
 6   134.337    41.034   -14.260
 6     0.589     0.769     0.247
 6     0.092     0.240    -0.967
 6    -0.803     0.592     0.070
 7   109.572   -20.312    -6.785
 7     0.748     0.346     0.566
 7    -0.531     0.824     0.198
 7    -0.398    -0.448     0.800
 8   126.384   -33.685     8.233
 8     0.742    -0.652    -0.154
 8    -0.667    -0.740    -0.081
 8    -0.061     0.163    -0.985
 9   140.327   -44.112   -13.977
 9     0.430    -0.902    -0.001
 9    -0.093    -0.045     0.994
 9    -0.898    -0.428    -0.103
 2    97.311   -18.704    59.750
 2     0.620    -0.784     0.003
 2     0.783     0.620     0.038
 2    -0.032    -0.021     0.999
 3   129.030    -1.900     3.134
 3     0.443    -0.236    -0.865
 3     0.116     0.971    -0.206
 3     0.889    -0.010     0.458
 4   105.825    11.529    -9.934
 4     0.506    -0.650     0.567
 4     0.802     0.595    -0.033
 4    -0.316     0.472     0.823
 5   115.893    34.221     4.135
 5     0.515     0.657     0.551
 5     0.855    -0.353    -0.379
 5    -0.055     0.666    -0.744
 6   133.581    44.228   -12.741
 6     0.605     0.739     0.294
 6     0.205     0.213    -0.955
 6    -0.769     0.639    -0.023
 7   109.467   -20.464    -6.694
 7     0.740     0.360     0.567
 7    -0.545     0.815     0.194
 7    -0.392    -0.453     0.800
 8   125.809   -34.040     8.660
 8     0.719    -0.678    -0.150
 8    -0.693    -0.714    -0.097
 8    -0.042     0.173    -0.984
 9   140.035   -46.521   -12.673
 9     0.450    -0.893    -0.004
 9    -0.172    -0.091     0.981
 9    -0.876    -0.441    -0.195
 2    97.311   -18.704    59.750
 2     0.620    -0.784     0.003
 2     0.783     0.620     0.038
 2    -0.032    -0.021     0.999
 3   129.001    -1.953     3.116
 3     0.444    -0.233    -0.865
 3     0.115     0.972    -0.203
 3     0.888    -0.010     0.459
 4   105.840    11.594    -9.891
 4     0.495    -0.660     0.566
 4     0.813     0.580    -0.035
 4    -0.306     0.477     0.824
 5   115.039    34.478     4.448
 5     0.469     0.683     0.559
 5     0.881    -0.329    -0.338
 5    -0.047     0.651    -0.757
 6   132.091    47.328   -11.553
 6     0.587     0.730     0.349
 6     0.318     0.188    -0.929
 6    -0.744     0.657    -0.122
 7   109.314   -20.491    -6.575
 7     0.731     0.376     0.569
 7    -0.563     0.804     0.190
 7    -0.386    -0.459     0.800
 8   125.278   -34.339     9.252
 8     0.694    -0.704    -0.148
 8    -0.719    -0.684    -0.122
 8    -0.016     0.191    -0.981
 9   139.943   -48.652   -11.195
 9     0.464    -0.886     0.013
 9    -0.251    -0.118     0.961
 9    -0.850    -0.449    -0.277
 2    97.311   -18.704    59.750
 2     0.620    -0.784     0.003
 2     0.784     0.620     0.038
 2    -0.032    -0.021     0.999
 3   128.892    -2.009     3.079
 3     0.449    -0.225    -0.865
 3     0.114     0.974    -0.194
 3     0.886    -0.011     0.463
 4   105.748    11.730    -9.811
 4     0.486    -0.665     0.567
 4     0.820     0.570    -0.036
 4    -0.300     0.483     0.823
 5   114.515    34.687     4.801
 5     0.427     0.712     0.557
 5     0.903    -0.312    -0.296
 5    -0.037     0.630    -0.776
 6   130.557    49.649   -10.628
 6     0.555     0.733     0.392
 6     0.411     0.168    -0.896
 6    -0.723     0.659    -0.209
 7   109.054   -20.641    -6.419
 7     0.717     0.398     0.572
 7    -0.588     0.786     0.190
 7    -0.374    -0.473     0.798
 8   124.572   -34.498    10.066
 8     0.671    -0.727    -0.141
 8    -0.741    -0.653    -0.155
 8     0.021     0.209    -0.978
 9   139.310   -51.181    -8.986
 9     0.483    -0.873     0.060
 9    -0.337    -0.122     0.934
 9    -0.808    -0.472    -0.353
 2    97.311   -18.704    59.750
 2     0.620    -0.785     0.004
 2     0.784     0.620     0.038
 2    -0.032    -0.021     0.999
 3   128.929    -2.141     2.923
 3     0.456    -0.217    -0.864
 3     0.114     0.976    -0.185
 3     0.883    -0.014     0.469
 4   105.755    11.662    -9.803
 4     0.479    -0.670     0.567
 4     0.827     0.561    -0.035
 4    -0.295     0.486     0.822
 5   114.164    34.641     5.100
 5     0.392     0.744     0.542
 5     0.919    -0.299    -0.255
 5    -0.028     0.598    -0.801
 6   129.215    51.825    -9.754
 6     0.519     0.726     0.451
 6     0.500     0.170    -0.849
 6    -0.693     0.666    -0.275
 7   108.994   -20.861    -6.331
 7     0.712     0.412     0.568
 7    -0.603     0.773     0.194
 7    -0.359    -0.481     0.799
 8   124.224   -34.283    11.147
 8     0.654    -0.745    -0.129
 8    -0.753    -0.626    -0.204
 8     0.071     0.231    -0.970
 9   139.801   -52.746    -5.369
 9     0.508    -0.859     0.059
 9    -0.439    -0.200     0.876
 9    -0.740    -0.471    -0.479
 2    97.311   -18.704    59.750
 2     0.620    -0.784     0.004
 2     0.784     0.620     0.038
 2    -0.032    -0.021     0.999
 3   128.925    -2.142     2.880
 3     0.457    -0.216    -0.863
 3     0.115     0.976    -0.183
 3     0.882    -0.016     0.471
 4   105.626    11.536    -9.876
 4     0.473    -0.675     0.567
 4     0.830     0.557    -0.030
 4    -0.296     0.484     0.823
 5   114.287    34.257     4.955
 5     0.368     0.770     0.520
 5     0.929    -0.292    -0.226
 5    -0.023     0.567    -0.823
 6   128.696    53.601    -8.268
 6     0.496     0.704     0.508
 6     0.593     0.153    -0.790
 6    -0.634     0.693    -0.342
 7   109.082   -21.025    -6.195
 7     0.713     0.420     0.561
 7    -0.612     0.764     0.204
 7    -0.344    -0.489     0.802
 8   124.000   -34.047    11.757
 8     0.640    -0.759    -0.114
 8    -0.760    -0.605    -0.239
 8     0.112     0.239    -0.964
 9   140.078   -54.411    -3.001
 9     0.535    -0.841     0.079
 9    -0.511    -0.248     0.823
 9    -0.672    -0.481    -0.562
 2    97.311   -18.704    59.750
 2     0.620    -0.784     0.004
 2     0.784     0.620     0.038
 2    -0.032    -0.021     0.999
 3   128.920    -2.193     2.836
 3     0.458    -0.217    -0.862
 3     0.118     0.976    -0.183
 3     0.881    -0.018     0.473
 4   105.626    11.485    -9.876
 4     0.473    -0.675     0.567
 4     0.830     0.557    -0.030
 4    -0.296     0.484     0.823
 5   114.171    34.289     4.998
 5     0.334     0.795     0.506
 5     0.942    -0.276    -0.189
 5    -0.011     0.540    -0.842
 6   127.504    55.643    -6.681
 6     0.457     0.697     0.552
 6     0.676     0.132    -0.725
 6    -0.579     0.704    -0.411
 7   109.068   -21.090    -6.191
 7     0.712     0.433     0.553
 7    -0.621     0.756     0.208
 7    -0.328    -0.491     0.807
 8   123.729   -33.924    12.142
 8     0.623    -0.775    -0.107
 8    -0.769    -0.582    -0.266
 8     0.143     0.248    -0.958
 9   140.097   -55.534    -0.581
 9     0.550    -0.828     0.111
 9    -0.574    -0.278     0.771
 9    -0.607    -0.488    -0.627
 2    97.311   -18.704    59.750
 2     0.620    -0.784     0.003
 2     0.784     0.620     0.038
 2    -0.032    -0.021     0.999
 3   128.965    -2.194     2.842
 3     0.459    -0.216    -0.862
 3     0.118     0.976    -0.182
 3     0.880    -0.018     0.473
 4   105.584    11.543    -9.894
 4     0.468    -0.677     0.568
 4     0.834     0.550    -0.031
 4    -0.291     0.488     0.822
 5   113.832    34.369     5.195
 5     0.303     0.816     0.491
 5     0.953    -0.261    -0.156
 5     0.001     0.515    -0.857
 6   126.342    57.024    -5.496
 6     0.417     0.701     0.578
 6     0.735     0.114    -0.668
 6    -0.535     0.704    -0.468
 7   109.010   -21.035    -6.109
 7     0.710     0.441     0.549
 7    -0.627     0.751     0.208
 7    -0.321    -0.492     0.809
 8   123.378   -33.838    12.353
 8     0.609    -0.786    -0.104
 8    -0.776    -0.564    -0.281
 8     0.162     0.252    -0.954
 9   140.037   -56.761     1.456
 9     0.562    -0.811     0.162
 9    -0.634    -0.296     0.714
 9    -0.532    -0.504    -0.680
 2    97.311   -18.704    59.750
 2     0.620    -0.784     0.004
 2     0.784     0.620     0.038
 2    -0.032    -0.021     0.999
 3   128.915    -2.145     2.816
 3     0.460    -0.216    -0.861
 3     0.117     0.976    -0.182
 3     0.880    -0.017     0.474
 4   105.518    11.678    -9.913
 4     0.462    -0.682     0.567
 4     0.840     0.542    -0.034
 4    -0.285     0.492     0.823
 5   113.447    34.565     5.390
 5     0.284     0.823     0.490
 5     0.958    -0.250    -0.136
 5     0.011     0.509    -0.861
 6   125.484    58.015    -4.082
 6     0.399     0.687     0.608
 6     0.768     0.112    -0.630
 6    -0.501     0.718    -0.483
 7   109.021   -20.954    -6.129
 7     0.711     0.445     0.544
 7    -0.628     0.750     0.208
 7    -0.315    -0.490     0.813
 8   123.324   -33.639    12.510
 8     0.594    -0.799    -0.095
 8    -0.781    -0.545    -0.303
 8     0.190     0.254    -0.948
 9   140.367   -57.059     3.441
 9     0.573    -0.798     0.187
 9    -0.671    -0.326     0.666
 9    -0.470    -0.507    -0.722
 2    97.311   -18.704    59.750
 2     0.620    -0.784     0.003
 2     0.784     0.620     0.038
 2    -0.032    -0.021     0.999
 3   128.864    -2.070     2.764
 3     0.461    -0.218    -0.860
 3     0.115     0.976    -0.185
 3     0.880    -0.014     0.475
 4   105.480    11.813    -9.935
 4     0.457    -0.687     0.565
 4     0.845     0.533    -0.035
 4    -0.278     0.494     0.824
 5   113.182    34.597     5.779
 5     0.259     0.836     0.483
 5     0.965    -0.240    -0.102
 5     0.031     0.493    -0.869
 6   124.312    59.038    -2.432
 6     0.365     0.674     0.641
 6     0.817     0.099    -0.569
 6    -0.447     0.731    -0.515
 7   109.032   -20.849    -6.144
 7     0.712     0.449     0.540
 7    -0.630     0.748     0.209
 7    -0.310    -0.489     0.815
 8   123.167   -33.389    12.796
 8     0.583    -0.807    -0.086
 8    -0.783    -0.531    -0.325
 8     0.217     0.257    -0.942
 9   140.076   -57.528     4.863
 9     0.572    -0.795     0.201
 9    -0.700    -0.346     0.625
 9    -0.428    -0.498    -0.754
 2    97.311   -18.704    59.750
 2     0.620    -0.784     0.003
 2     0.783     0.620     0.038
 2    -0.032    -0.021     0.999
 3   128.907    -1.970     2.719
 3     0.463    -0.220    -0.859
 3     0.115     0.975    -0.188
 3     0.879    -0.012     0.476
 4   105.397    11.925    -9.962
 4     0.451    -0.692     0.563
 4     0.850     0.524    -0.038
 4    -0.269     0.496     0.825
 5   113.047    34.475     6.016
 5     0.243     0.846     0.474
 5     0.969    -0.237    -0.073
 5     0.051     0.477    -0.878
 6   123.589    59.717    -0.833
 6     0.338     0.663     0.668
 6     0.853     0.083    -0.515
 6    -0.397     0.744    -0.537
 7   108.946   -20.823    -6.159
 7     0.706     0.460     0.537
 7    -0.639     0.741     0.205
 7    -0.304    -0.488     0.818
 8   123.014   -32.900    12.939
 8     0.575    -0.814    -0.089
 8    -0.778    -0.510    -0.367
 8     0.253     0.279    -0.926
 9   140.034   -57.555     6.465
 9     0.574    -0.793     0.202
 9    -0.726    -0.380     0.573
 9    -0.378    -0.476    -0.794
 2    97.311   -18.704    59.750
 2     0.620    -0.784     0.003
 2     0.784     0.620     0.038
 2    -0.032    -0.021     0.999
 3   128.852    -1.897     2.674
 3     0.465    -0.220    -0.858
 3     0.113     0.975    -0.189
 3     0.878    -0.010     0.478
 4   105.413    12.009    -9.931
 4     0.451    -0.695     0.559
 4     0.853     0.520    -0.042
 4    -0.262     0.496     0.828
 5   113.088    34.302     6.302
 5     0.229     0.857     0.460
 5     0.971    -0.236    -0.044
 5     0.071     0.457    -0.886
 6   123.110    60.242     0.514
 6     0.311     0.660     0.684
 6     0.884     0.063    -0.463
 6    -0.349     0.749    -0.564
 7   108.732   -20.723    -6.324
 7     0.700     0.472     0.534
 7    -0.648     0.735     0.198
 7    -0.299    -0.485     0.821
 8   122.799   -32.433    13.148
 8     0.574    -0.815    -0.073
 8    -0.767    -0.505    -0.396
 8     0.286     0.283    -0.915
 9   140.207   -57.229     7.471
 9     0.583    -0.788     0.197
 9    -0.729    -0.401     0.555
 9    -0.359    -0.468    -0.808
 2    97.311   -18.704    59.750
 2     0.620    -0.784     0.003
 2     0.784     0.620     0.038
 2    -0.032    -0.021     0.999
 3   128.797    -1.899     2.679
 3     0.466    -0.219    -0.857
 3     0.113     0.975    -0.188
 3     0.877    -0.009     0.479
 4   105.531    12.066    -9.949
 4     0.452    -0.700     0.553
 4     0.855     0.517    -0.045
 4    -0.255     0.493     0.831
 5   113.212    34.266     6.394
 5     0.226     0.861     0.455
 5     0.970    -0.239    -0.031
 5     0.082     0.449    -0.890
 6   122.865    60.549     1.970
 6     0.299     0.639     0.708
 6     0.905     0.045    -0.424
 6    -0.303     0.767    -0.565
 7   108.846   -20.666    -6.372
 7     0.702     0.478     0.527
 7    -0.650     0.734     0.200
 7    -0.292    -0.483     0.825
 8   122.698   -32.081    13.413
 8     0.570    -0.820    -0.054
 8    -0.762    -0.504    -0.406
 8     0.306     0.272    -0.912
 9   140.333   -57.022     8.482
 9     0.591    -0.779     0.207
 9    -0.738    -0.419     0.529
 9    -0.325    -0.466    -0.823
 2    97.311   -18.704    59.750
 2     0.620    -0.785     0.003
 2     0.784     0.620     0.038
 2    -0.032    -0.021     0.999
 3   128.796    -1.848     2.679
 3     0.466    -0.220    -0.857
 3     0.113     0.975    -0.189
 3     0.877    -0.009     0.480
 4   105.543    12.147    -9.962
 4     0.452    -0.702     0.549
 4     0.856     0.515    -0.047
 4    -0.250     0.491     0.834
 5   113.276    34.109     6.749
 5     0.222     0.864     0.451
 5     0.970    -0.243    -0.013
 5     0.099     0.440    -0.892
 6   122.661    60.689     3.001
 6     0.287     0.630     0.721
 6     0.918     0.031    -0.394
 6    -0.271     0.776    -0.570
 7   108.755   -20.663    -6.362
 7     0.702     0.483     0.523
 7    -0.652     0.732     0.199
 7    -0.287    -0.481     0.828
 8   122.565   -31.936    13.613
 8     0.566    -0.823    -0.040
 8    -0.758    -0.502    -0.416
 8     0.323     0.266    -0.908
 9   140.221   -56.822     9.642
 9     0.595    -0.774     0.217
 9    -0.747    -0.432     0.505
 9    -0.297    -0.463    -0.835
 2    97.311   -18.704    59.750
 2     0.620    -0.784     0.004
 2     0.784     0.620     0.038
 2    -0.032    -0.021     0.999
 3   128.797    -1.849     2.679
 3     0.468    -0.220    -0.856
 3     0.112     0.975    -0.190
 3     0.877    -0.008     0.481
 4   105.550    12.150    -9.944
 4     0.453    -0.703     0.547
 4     0.856     0.514    -0.049
 4    -0.247     0.491     0.835
 5   113.400    33.994     6.894
 5     0.223     0.866     0.446
 5     0.969    -0.248    -0.002
 5     0.109     0.432    -0.895
 6   122.772    60.589     3.826
 6     0.286     0.621     0.729
 6     0.926     0.016    -0.377
 6    -0.246     0.783    -0.571
 7   108.764   -20.609    -6.374
 7     0.702     0.484     0.521
 7    -0.653     0.730     0.201
 7    -0.283    -0.482     0.829
 8   122.382   -31.613    13.965
 8     0.563    -0.826    -0.025
 8    -0.753    -0.500    -0.427
 8     0.340     0.259    -0.904
 9   140.216   -56.704    10.565
 9     0.599    -0.768     0.228
 9    -0.752    -0.441     0.489
 9    -0.275    -0.465    -0.842
 2    97.311   -18.704    59.750
 2     0.620    -0.785     0.004
 2     0.784     0.620     0.038
 2    -0.032    -0.021     0.999
 3   128.791    -1.800     2.736
 3     0.469    -0.222    -0.855
 3     0.112     0.975    -0.191
 3     0.876    -0.007     0.482
 4   105.563    12.255    -9.906
 4     0.455    -0.705     0.543
 4     0.857     0.513    -0.053
 4    -0.242     0.490     0.838
 5   113.469    33.949     7.054
 5     0.225     0.865     0.447
 5     0.967    -0.253     0.003
 5     0.116     0.432    -0.894
 6   122.848    60.598     4.260
 6     0.287     0.616     0.733
 6     0.928     0.010    -0.372
 6    -0.236     0.788    -0.569
 7   108.783   -20.652    -6.351
 7     0.703     0.490     0.515
 7    -0.656     0.726     0.204
 7    -0.274    -0.481     0.832
 8   122.238   -31.423    14.232
 8     0.559    -0.829    -0.016
 8    -0.750    -0.498    -0.435
 8     0.352     0.255    -0.900
 9   140.137   -56.612    11.613
 9     0.602    -0.761     0.243
 9    -0.758    -0.448     0.474
 9    -0.252    -0.469    -0.846
 2    97.311   -18.704    59.750
 2     0.620    -0.784     0.003
 2     0.784     0.620     0.038
 2    -0.032    -0.021     0.999
 3   128.840    -1.799     2.735
 3     0.469    -0.222    -0.855
 3     0.112     0.975    -0.192
 3     0.876    -0.006     0.482
 4   105.621    12.257    -9.863
 4     0.457    -0.705     0.542
 4     0.856     0.513    -0.056
 4    -0.239     0.489     0.839
 5   113.500    33.849     7.100
 5     0.227     0.864     0.448
 5     0.966    -0.256     0.004
 5     0.118     0.432    -0.894
 6   123.041    60.551     4.555
 6     0.291     0.609     0.738
 6     0.928     0.005    -0.371
 6    -0.230     0.793    -0.564
 7   108.792   -20.649    -6.363
 7     0.703     0.493     0.512
 7    -0.658     0.725     0.205
 7    -0.270    -0.481     0.834
 8   122.178   -31.365    14.390
 8     0.558    -0.830    -0.011
 8    -0.748    -0.497    -0.439
 8     0.358     0.253    -0.899
 9   140.098   -56.609    11.849
 9     0.602    -0.759     0.247
 9    -0.760    -0.449     0.470
 9    -0.246    -0.471    -0.847
 2    97.311   -18.704    59.750
 2     0.620    -0.784     0.003
 2     0.784     0.620     0.038
 2    -0.032    -0.021     0.999
 3   128.840    -1.799     2.735
 3     0.469    -0.222    -0.855
 3     0.112     0.975    -0.192
 3     0.876    -0.006     0.482
 4   105.626    12.310    -9.868
 4     0.458    -0.706     0.540
 4     0.856     0.513    -0.057
 4    -0.237     0.488     0.840
 5   113.504    33.848     7.228
 5     0.230     0.862     0.451
 5     0.966    -0.260     0.002
 5     0.119     0.435    -0.892
 6   123.161    60.491     4.526
 6     0.298     0.601     0.741
 6     0.925     0.009    -0.379
 6    -0.235     0.799    -0.554
 7   108.796   -20.698    -6.369
 7     0.703     0.494     0.510
 7    -0.658     0.724     0.206
 7    -0.268    -0.481     0.835
 8   122.185   -31.311    14.483
 8     0.557    -0.830    -0.009
