% Calibrated with leiden_pols
% Positions are in centimeters
Data =[
 2    97.336   -18.704    59.750
 2     0.620    -0.784     0.004
 2     0.784     0.620     0.038
 2    -0.032    -0.021     0.999
 3   129.237    -2.032     4.009
 3     0.437    -0.170    -0.883
 3     0.047     0.985    -0.166
 3     0.898     0.031     0.439
 4   110.563    15.674    -7.654
 4     0.467    -0.865     0.183
 4     0.850     0.382    -0.362
 4     0.243     0.325     0.914
 5   108.682    22.789    20.464
 5     0.327    -0.236     0.915
 5     0.309    -0.888    -0.339
 5     0.893     0.394    -0.217
 6   124.513    25.995    46.328
 6     0.513    -0.755    -0.409
 6    -0.058     0.445    -0.894
 6     0.856     0.482     0.184
 7   111.538   -21.821    -5.644
 7     0.772     0.578     0.263
 7    -0.635     0.684     0.358
 7     0.027    -0.444     0.896
 8   113.116   -23.181    21.950
 8     0.308    -0.399     0.864
 8    -0.220    -0.913    -0.343
 8     0.925    -0.085    -0.369
 9   127.977   -33.072    47.679
 9     0.414     0.855    -0.312
 9    -0.085     0.378     0.922
 9     0.906    -0.356     0.229
 2    97.311   -18.704    59.750
 2     0.620    -0.784     0.004
 2     0.784     0.620     0.038
 2    -0.032    -0.021     0.999
 3   129.262    -2.032     4.060
 3     0.437    -0.170    -0.883
 3     0.047     0.985    -0.166
 3     0.898     0.031     0.438
 4   110.646    15.625    -7.663
 4     0.470    -0.864     0.182
 4     0.848     0.384    -0.366
 4     0.246     0.326     0.912
 5   108.683    22.815    20.391
 5     0.326    -0.239     0.915
 5     0.311    -0.887    -0.342
 5     0.893     0.396    -0.215
 6   124.515    25.994    46.227
 6     0.513    -0.753    -0.413
 6    -0.059     0.448    -0.892
 6     0.856     0.482     0.185
 7   111.591   -21.820    -5.596
 7     0.773     0.577     0.263
 7    -0.634     0.684     0.360
 7     0.028    -0.446     0.895
 8   113.035   -23.298    22.016
 8     0.313    -0.395     0.864
 8    -0.233    -0.914    -0.333
 8     0.921    -0.097    -0.378
 9   128.140   -33.096    47.504
 9     0.418     0.845    -0.333
 9    -0.081     0.400     0.913
 9     0.905    -0.355     0.235
 2    97.311   -18.704    59.750
 2     0.620    -0.784     0.003
 2     0.783     0.620     0.038
 2    -0.032    -0.021     0.999
 3   129.263    -2.032     4.010
 3     0.437    -0.170    -0.883
 3     0.047     0.985    -0.166
 3     0.898     0.030     0.438
 4   110.707    15.627    -7.676
 4     0.475    -0.861     0.181
 4     0.843     0.387    -0.372
 4     0.250     0.329     0.910
 5   108.778    22.862    20.302
 5     0.325    -0.247     0.913
 5     0.313    -0.883    -0.350
 5     0.892     0.399    -0.210
 6   124.604    26.044    46.222
 6     0.509    -0.747    -0.428
 6    -0.063     0.464    -0.884
 6     0.858     0.477     0.189
 7   111.520   -21.818    -5.547
 7     0.773     0.576     0.264
 7    -0.633     0.683     0.364
 7     0.029    -0.449     0.893
 8   112.890   -23.441    21.912
 8     0.311    -0.391     0.866
 8    -0.244    -0.914    -0.325
 8     0.919    -0.110    -0.379
 9   128.196   -33.070    47.336
 9     0.423     0.833    -0.355
 9    -0.075     0.422     0.903
 9     0.903    -0.355     0.241
 2    97.311   -18.704    59.750
 2     0.620    -0.784     0.004
 2     0.784     0.620     0.038
 2    -0.032    -0.021     0.999
 3   129.264    -2.083     4.062
 3     0.436    -0.168    -0.884
 3     0.047     0.985    -0.164
 3     0.898     0.029     0.438
 4   110.762    15.628    -7.683
 4     0.479    -0.859     0.181
 4     0.841     0.389    -0.376
 4     0.252     0.332     0.908
 5   108.801    23.179    19.950
 5     0.303    -0.262     0.916
 5     0.324    -0.876    -0.357
 5     0.896     0.405    -0.181
 6   124.667    25.987    45.997
 6     0.506    -0.734    -0.453
 6    -0.071     0.487    -0.870
 6     0.859     0.472     0.194
 7   111.549   -21.765    -5.545
 7     0.776     0.570     0.269
 7    -0.630     0.682     0.373
 7     0.029    -0.459     0.888
 8   112.671   -23.936    21.784
 8     0.300    -0.384     0.873
 8    -0.268    -0.912    -0.309
 8     0.915    -0.141    -0.377
 9   128.046   -33.662    47.040
 9     0.414     0.797    -0.439
 9    -0.083     0.513     0.854
 9     0.906    -0.318     0.279
 2    97.311   -18.754    59.750
 2     0.620    -0.784     0.004
 2     0.783     0.620     0.038
 2    -0.032    -0.021     0.999
 3   129.271    -2.106     4.056
 3     0.436    -0.165    -0.885
 3     0.047     0.986    -0.160
 3     0.899     0.027     0.437
 4   110.874    15.533    -7.728
 4     0.495    -0.850     0.180
 4     0.827     0.397    -0.397
 4     0.266     0.345     0.900
 5   108.882    24.119    19.265
 5     0.281    -0.322     0.904
 5     0.332    -0.851    -0.406
 5     0.900     0.414    -0.133
 6   124.818    25.809    45.672
 6     0.466    -0.663    -0.586
 6    -0.094     0.621    -0.778
 6     0.880     0.418     0.227
 7   111.601   -21.761    -5.545
 7     0.780     0.563     0.271
 7    -0.624     0.682     0.381
 7     0.029    -0.467     0.884
 8   112.140   -25.081    21.228
 8     0.258    -0.341     0.904
 8    -0.305    -0.917    -0.258
 8     0.916    -0.210    -0.340
 9   126.708   -35.045    46.859
 9     0.375     0.775    -0.508
 9    -0.109     0.581     0.806
 9     0.920    -0.247     0.303
 2    97.311   -18.754    59.750
 2     0.620    -0.784     0.003
 2     0.783     0.620     0.037
 2    -0.032    -0.021     0.999
 3   129.328    -2.155     4.101
 3     0.433    -0.161    -0.887
 3     0.047     0.986    -0.156
 3     0.900     0.025     0.435
 4   111.119    15.509    -7.871
 4     0.506    -0.846     0.169
 4     0.818     0.409    -0.404
 4     0.272     0.342     0.899
 5   108.236    25.113    18.671
 5     0.247    -0.385     0.889
 5     0.348    -0.821    -0.453
 5     0.904     0.421    -0.069
 6   123.433    26.516    45.716
 6     0.390    -0.573    -0.721
 6    -0.105     0.750    -0.653
 6     0.915     0.330     0.233
 7   111.599   -21.813    -5.542
 7     0.780     0.563     0.272
 7    -0.625     0.682     0.380
 7     0.028    -0.466     0.884
 8   111.313   -26.817    20.562
 8     0.214    -0.276     0.937
 8    -0.343    -0.919    -0.193
 8     0.915    -0.280    -0.291
 9   125.459   -36.770    46.211
 9     0.319     0.692    -0.648
 9    -0.144     0.711     0.688
 9     0.937    -0.126     0.326
 2    97.311   -18.704    59.750
 2     0.620    -0.784     0.003
 2     0.784     0.620     0.038
 2    -0.032    -0.021     0.999
 3   129.340    -2.253     4.139
 3     0.429    -0.157    -0.890
 3     0.047     0.987    -0.152
 3     0.902     0.023     0.431
 4   111.221    15.459    -7.868
 4     0.505    -0.848     0.163
 4     0.819     0.411    -0.401
 4     0.272     0.335     0.901
 5   107.422    26.135    17.966
 5     0.204    -0.436     0.876
 5     0.370    -0.795    -0.481
 5     0.906     0.422    -0.002
 6   122.004    27.036    45.605
 6     0.296    -0.440    -0.848
 6    -0.096     0.869    -0.485
 6     0.950     0.225     0.215
 7   111.707   -21.765    -5.680
 7     0.783     0.559     0.271
 7    -0.621     0.689     0.373
 7     0.022    -0.461     0.887
 8   110.445   -28.467    19.428
 8     0.191    -0.129     0.973
 8    -0.346    -0.937    -0.056
 8     0.918    -0.326    -0.224
 9   124.158   -37.375    45.809
 9     0.268     0.550    -0.791
 9    -0.162     0.835     0.526
 9     0.949    -0.014     0.313
 2    97.311   -18.704    59.750
 2     0.620    -0.784     0.003
 2     0.783     0.620     0.038
 2    -0.032    -0.021     0.999
 3   129.396    -2.253     4.208
 3     0.426    -0.156    -0.891
 3     0.045     0.987    -0.151
 3     0.903     0.024     0.427
 4   111.415    15.540    -7.980
 4     0.503    -0.852     0.145
 4     0.818     0.415    -0.398
 4     0.278     0.319     0.906
 5   106.626    27.308    17.011
 5     0.155    -0.513     0.844
 5     0.385    -0.756    -0.530
 5     0.910     0.407     0.080
 6   120.047    27.278    45.506
 6     0.206    -0.278    -0.938
 6    -0.091     0.949    -0.301
 6     0.974     0.148     0.170
 7   111.839   -21.769    -5.870
 7     0.786     0.555     0.270
 7    -0.617     0.696     0.367
 7     0.016    -0.455     0.890
 8   109.301   -29.399    18.639
 8     0.168    -0.012     0.985
 8    -0.349    -0.936     0.048
 8     0.922    -0.352    -0.162
 9   122.041   -37.557    45.780
 9     0.222     0.424    -0.878
 9    -0.163     0.904     0.395
 9     0.961     0.055     0.270
 2    97.311   -18.704    59.750
 2     0.620    -0.784     0.003
 2     0.783     0.620     0.038
 2    -0.032    -0.021     0.999
 3   129.458    -2.252     4.245
 3     0.424    -0.152    -0.893
 3     0.042     0.988    -0.148
 3     0.905     0.025     0.425
 4   111.444    15.541    -8.000
 4     0.500    -0.855     0.134
 4     0.820     0.418    -0.391
 4     0.278     0.305     0.910
 5   105.415    28.074    16.080
 5     0.100    -0.560     0.822
 5     0.403    -0.733    -0.548
 5     0.909     0.386     0.152
 6   117.458    27.948    45.214
 6     0.131    -0.143    -0.981
 6    -0.073     0.985    -0.153
 6     0.989     0.091     0.119
 7   111.825   -21.674    -6.043
 7     0.784     0.562     0.262
 7    -0.621     0.701     0.350
 7     0.013    -0.438     0.899
 8   108.050   -29.977    17.797
 8     0.115     0.028     0.993
 8    -0.359    -0.931     0.068
 8     0.926    -0.364    -0.098
 9   119.373   -37.896    45.709
 9     0.170     0.356    -0.919
 9    -0.173     0.929     0.327
 9     0.970     0.104     0.219
 2    97.311   -18.704    59.750
 2     0.620    -0.784     0.003
 2     0.783     0.620     0.038
 2    -0.032    -0.021     0.999
 3   129.409    -2.204     4.245
 3     0.422    -0.145    -0.895
 3     0.038     0.989    -0.142
 3     0.905     0.026     0.423
 4   111.529    15.538    -8.126
 4     0.490    -0.862     0.127
 4     0.828     0.415    -0.376
 4     0.271     0.289     0.918
 5   104.272    28.735    15.069
 5     0.041    -0.585     0.810
 5     0.426    -0.723    -0.543
 5     0.904     0.367     0.220
 6   114.936    28.874    44.705
 6     0.072    -0.070    -0.995
 6    -0.054     0.996    -0.074
 6     0.996     0.058     0.068
 7   111.771   -21.678    -6.205
 7     0.779     0.574     0.252
 7    -0.627     0.703     0.335
 7     0.015    -0.419     0.908
 8   106.833   -30.413    17.052
 8     0.059     0.068     0.996
 8    -0.366    -0.927     0.085
 8     0.928    -0.370    -0.031
 9   116.623   -38.669    45.356
 9     0.119     0.308    -0.944
 9    -0.187     0.940     0.284
 9     0.975     0.143     0.169
 2    97.311   -18.704    59.750
 2     0.620    -0.784     0.004
 2     0.784     0.620     0.038
 2    -0.032    -0.021     0.999
 3   129.462    -2.258     4.247
 3     0.423    -0.135    -0.896
 3     0.034     0.990    -0.134
 3     0.905     0.026     0.424
 4   111.698    15.538    -8.238
 4     0.482    -0.868     0.118
 4     0.834     0.414    -0.365
 4     0.268     0.274     0.923
 5   103.218    29.082    14.108
 5    -0.015    -0.596     0.802
 5     0.448    -0.721    -0.527
 5     0.893     0.352     0.278
 6   112.552    29.805    44.005
 6     0.020    -0.046    -0.999
 6    -0.029     0.998    -0.046
 6     0.999     0.029     0.018
 7   111.721   -21.682    -6.339
 7     0.772     0.586     0.245
 7    -0.635     0.702     0.323
 7     0.017    -0.405     0.914
 8   105.759   -30.711    16.441
 8     0.014     0.076     0.997
 8    -0.378    -0.923     0.076
 8     0.926    -0.378     0.015
 9   114.617   -39.322    45.048
 9     0.081     0.286    -0.955
 9    -0.203     0.942     0.265
 9     0.976     0.172     0.135
 2    97.311   -18.754    59.750
 2     0.620    -0.784     0.003
 2     0.783     0.620     0.037
 2    -0.032    -0.021     0.999
 3   129.464    -2.259     4.249
 3     0.425    -0.130    -0.896
 3     0.032     0.991    -0.128
 3     0.905     0.025     0.425
 4   111.872    15.514    -8.510
 4     0.475    -0.873     0.109
 4     0.838     0.411    -0.358
 4     0.267     0.261     0.927
 5   102.280    29.228    13.246
 5    -0.064    -0.604     0.794
 5     0.463    -0.723    -0.512
 5     0.884     0.335     0.326
 6   110.010    29.986    43.134
 6    -0.023    -0.038    -0.999
 6    -0.008     0.999    -0.038
 6     1.000     0.007    -0.024
 7   111.788   -21.679    -6.417
 7     0.766     0.598     0.236
 7    -0.642     0.697     0.318
 7     0.026    -0.395     0.918
 8   104.831   -30.779    15.974
 8    -0.030     0.071     0.997
 8    -0.386    -0.921     0.054
 8     0.922    -0.383     0.055
 9   112.490   -39.929    44.826
 9     0.045     0.284    -0.958
 9    -0.215     0.939     0.268
 9     0.975     0.194     0.103
 2    97.311   -18.754    59.750
 2     0.620    -0.784     0.004
 2     0.783     0.620     0.037
 2    -0.032    -0.021     0.999
 3   129.485    -2.312     4.207
 3     0.425    -0.123    -0.897
 3     0.032     0.992    -0.121
 3     0.904     0.023     0.425
 4   112.044    15.465    -8.759
 4     0.468    -0.877     0.105
 4     0.842     0.407    -0.353
 4     0.266     0.254     0.930
 5   101.487    29.049    12.461
 5    -0.110    -0.606     0.788
 5     0.466    -0.732    -0.498
 5     0.878     0.312     0.363
 6   107.720    29.827    42.926
 6    -0.067    -0.043    -0.997
 6    -0.009     0.999    -0.043
 6     0.998     0.006    -0.068
 7   111.749   -21.629    -6.509
 7     0.757     0.611     0.229
 7    -0.652     0.691     0.312
 7     0.032    -0.386     0.922
 8   103.684   -30.569    15.460
 8    -0.077     0.052     0.995
 8    -0.388    -0.922     0.019
 8     0.918    -0.385     0.091
 9   110.157   -40.105    44.474
 9     0.008     0.299    -0.954
 9    -0.220     0.931     0.290
 9     0.975     0.207     0.073
 2    97.311   -18.704    59.750
 2     0.620    -0.784     0.004
 2     0.783     0.620     0.037
 2    -0.032    -0.021     0.999
 3   129.537    -2.389     4.133
 3     0.427    -0.115    -0.897
 3     0.030     0.993    -0.113
 3     0.904     0.021     0.427
 4   112.226    15.470    -8.868
 4     0.461    -0.881     0.100
 4     0.845     0.402    -0.352
 4     0.269     0.247     0.931
 5   100.753    28.772    11.768
 5    -0.159    -0.607     0.778
 5     0.459    -0.744    -0.486
 5     0.874     0.280     0.397
 6   105.545    29.405    42.606
 6    -0.109    -0.051    -0.993
 6    -0.021     0.998    -0.049
 6     0.994     0.016    -0.110
 7   111.762   -21.633    -6.654
 7     0.744     0.629     0.222
 7    -0.667     0.681     0.302
 7     0.039    -0.373     0.927
 8   102.482   -30.244    14.776
 8    -0.133     0.029     0.990
 8    -0.383    -0.923    -0.024
 8     0.914    -0.383     0.134
 9   107.245   -40.038    44.144
 9    -0.044     0.318    -0.947
 9    -0.219     0.922     0.319
 9     0.974     0.221     0.029
 2    97.311   -18.704    59.750
 2     0.620    -0.784     0.003
 2     0.783     0.620     0.037
 2    -0.032    -0.021     0.999
 3   129.640    -2.443     4.135
 3     0.426    -0.104    -0.898
 3     0.026     0.994    -0.103
 3     0.904     0.020     0.427
 4   112.529    15.424    -9.176
 4     0.452    -0.887     0.095
 4     0.849     0.396    -0.348
 4     0.271     0.238     0.932
 5    99.957    28.416    11.113
 5    -0.210    -0.604     0.769
 5     0.450    -0.758    -0.472
 5     0.868     0.247     0.431
 6   103.225    28.956    42.129
 6    -0.153    -0.060    -0.986
 6    -0.029     0.998    -0.056
 6     0.988     0.020    -0.155
 7   111.774   -21.636    -6.901
 7     0.729     0.649     0.214
 7    -0.682     0.670     0.292
 7     0.046    -0.359     0.932
 8   101.301   -29.800    14.004
 8    -0.192     0.010     0.981
 8    -0.379    -0.923    -0.065
 8     0.905    -0.385     0.181
 9   104.238   -40.006    43.458
 9    -0.099     0.324    -0.941
 9    -0.224     0.914     0.339
 9     0.969     0.244    -0.018
 2    97.311   -18.704    59.750
 2     0.620    -0.784     0.003
 2     0.783     0.620     0.037
 2    -0.032    -0.021     0.999
 3   129.692    -2.445     4.086
 3     0.426    -0.098    -0.900
 3     0.024     0.995    -0.097
 3     0.904     0.019     0.426
 4   112.750    15.428    -9.399
 4     0.439    -0.894     0.090
 4     0.857     0.387    -0.341
 4     0.270     0.227     0.936
 5    99.173    27.928    10.392
 5    -0.258    -0.596     0.760
 5     0.442    -0.772    -0.456
 5     0.859     0.218     0.463
 6   101.245    28.437    41.533
 6    -0.190    -0.070    -0.979
 6    -0.036     0.997    -0.065
 6     0.981     0.022    -0.193
 7   111.918   -21.637    -7.157
 7     0.715     0.669     0.203
 7    -0.697     0.658     0.285
 7     0.056    -0.345     0.937
 8   100.250   -29.487    13.209
 8    -0.255    -0.006     0.967
 8    -0.374    -0.921    -0.104
 8     0.892    -0.388     0.232
 9   101.317   -40.114    42.679
 9    -0.151     0.331    -0.931
 9    -0.229     0.905     0.359
 9     0.961     0.268    -0.061
 2    97.311   -18.704    59.750
 2     0.620    -0.784     0.003
 2     0.783     0.620     0.038
 2    -0.032    -0.021     0.999
 3   129.729    -2.493     4.122
 3     0.423    -0.095    -0.901
 3     0.022     0.995    -0.095
 3     0.906     0.020     0.423
 4   112.931    15.358    -9.480
 4     0.426    -0.901     0.083
 4     0.862     0.377    -0.338
 4     0.273     0.215     0.937
 5    98.542    27.465     9.882
 5    -0.294    -0.583     0.757
 5     0.436    -0.787    -0.436
 5     0.850     0.202     0.486
 6    99.679    28.031    41.015
 6    -0.214    -0.089    -0.973
 6    -0.039     0.996    -0.083
 6     0.976     0.020    -0.217
 7   112.079   -21.639    -7.350
 7     0.704     0.682     0.196
 7    -0.707     0.650     0.278
 7     0.062    -0.335     0.940
 8    99.292   -29.131    12.387
 8    -0.308    -0.028     0.951
 8    -0.377    -0.914    -0.149
 8     0.873    -0.405     0.271
 9    98.859   -40.413    41.666
 9    -0.187     0.359    -0.914
 9    -0.237     0.887     0.396
 9     0.953     0.291    -0.081
 2    97.311   -18.754    59.750
 2     0.620    -0.784     0.003
 2     0.783     0.620     0.037
 2    -0.032    -0.021     0.999
 3   129.778    -2.519     4.122
 3     0.422    -0.094    -0.902
 3     0.021     0.995    -0.094
 3     0.906     0.021     0.422
 4   113.058    15.311    -9.532
 4     0.417    -0.906     0.079
 4     0.867     0.370    -0.335
 4     0.274     0.208     0.939
 5    97.796    27.048     9.315
 5    -0.336    -0.567     0.751
 5     0.428    -0.803    -0.414
 5     0.838     0.182     0.513
 6    97.846    27.693    40.386
 6    -0.244    -0.107    -0.964
 6    -0.042     0.994    -0.100
 6     0.969     0.016    -0.248
 7   112.152   -21.518    -7.531
 7     0.694     0.695     0.188
 7    -0.717     0.644     0.266
 7     0.063    -0.319     0.945
 8    98.485   -28.744    11.439
 8    -0.360    -0.048     0.932
 8    -0.379    -0.905    -0.193
 8     0.852    -0.423     0.307
 9    96.158   -40.709    40.503
 9    -0.225     0.379    -0.898
 9    -0.253     0.867     0.429
 9     0.941     0.323    -0.099
 2    97.311   -18.704    59.750
 2     0.620    -0.784     0.003
 2     0.784     0.620     0.038
 2    -0.032    -0.021     0.999
 3   129.783    -2.571     4.190
 3     0.420    -0.094    -0.903
 3     0.017     0.995    -0.095
 3     0.907     0.025     0.420
 4   113.217    15.369    -9.539
 4     0.404    -0.912     0.069
 4     0.871     0.361    -0.332
 4     0.278     0.194     0.940
 5    97.139    26.609     8.811
 5    -0.374    -0.558     0.741
 5     0.417    -0.815    -0.403
 5     0.828     0.159     0.537
 6    95.839    27.219    39.952
 6    -0.281    -0.109    -0.954
 6    -0.047     0.994    -0.100
 6     0.958     0.016    -0.284
 7   112.485   -21.566    -7.844
 7     0.689     0.706     0.165
 7    -0.721     0.645     0.253
 7     0.072    -0.293     0.953
 8    97.804   -28.583    10.521
 8    -0.409    -0.048     0.911
 8    -0.375    -0.901    -0.216
 8     0.832    -0.430     0.350
 9    93.726   -40.873    39.375
 9    -0.278     0.361    -0.890
 9    -0.267     0.861     0.433
 9     0.922     0.358    -0.143
 2    97.311   -18.704    59.750
 2     0.620    -0.784     0.003
 2     0.784     0.620     0.038
 2    -0.032    -0.021     0.999
 3   129.787    -2.523     4.179
 3     0.417    -0.098    -0.903
 3     0.011     0.995    -0.103
 3     0.908     0.032     0.416
 4   113.281    15.402    -9.552
 4     0.391    -0.918     0.058
 4     0.875     0.352    -0.332
 4     0.284     0.181     0.941
 5    96.578    26.274     8.641
 5    -0.404    -0.550     0.731
 5     0.402    -0.825    -0.398
 5     0.822     0.133     0.554
 6    94.307    26.723    39.581
 6    -0.313    -0.099    -0.945
 6    -0.050     0.995    -0.088
 6     0.948     0.020    -0.316
 7   112.881   -21.326    -8.024
 7     0.689     0.711     0.137
 7    -0.719     0.649     0.248
 7     0.087    -0.269     0.959
 8    97.460   -28.206     9.763
 8    -0.448    -0.044     0.893
 8    -0.371    -0.900    -0.230
 8     0.813    -0.434     0.387
 9    91.830   -40.990    38.265
 9    -0.322     0.349    -0.880
 9    -0.277     0.854     0.439
 9     0.905     0.385    -0.179
 2    97.311   -18.704    59.750
 2     0.620    -0.784     0.003
 2     0.784     0.620     0.038
 2    -0.032    -0.021     0.999
 3   129.795    -2.396     4.339
 3     0.413    -0.104    -0.905
 3     0.006     0.994    -0.111
 3     0.910     0.040     0.411
 4   113.320    15.562    -9.465
 4     0.380    -0.924     0.050
 4     0.878     0.343    -0.333
 4     0.290     0.170     0.942
 5    96.265    26.140     8.463
 5    -0.424    -0.544     0.724
 5     0.394    -0.831    -0.392
 5     0.815     0.119     0.567
 6    93.139    26.614    39.354
 6    -0.336    -0.094    -0.937
 6    -0.048     0.995    -0.083
 6     0.940     0.017    -0.339
 7   113.168   -21.246    -8.310
 7     0.685     0.718     0.117
 7    -0.722     0.649     0.240
 7     0.096    -0.249     0.964
 8    97.047   -27.901     9.079
 8    -0.486    -0.045     0.873
 8    -0.368    -0.896    -0.250
 8     0.793    -0.442     0.419
 9    89.879   -41.237    37.063
 9    -0.368     0.355    -0.859
 9    -0.292     0.833     0.469
 9     0.883     0.423    -0.203
 2    97.311   -18.754    59.750
 2     0.620    -0.784     0.003
 2     0.784     0.620     0.038
 2    -0.032    -0.021     0.999
 3   129.848    -2.346     4.430
 3     0.411    -0.107    -0.905
 3     0.002     0.993    -0.116
 3     0.911     0.046     0.408
 4   113.481    15.696    -9.451
 4     0.370    -0.928     0.042
 4     0.881     0.336    -0.333
 4     0.295     0.160     0.942
 5    95.999    26.078     8.165
 5    -0.442    -0.545     0.712
 5     0.393    -0.831    -0.393
 5     0.806     0.106     0.581
 6    91.990    26.910    38.928
 6    -0.368    -0.083    -0.926
 6    -0.034     0.996    -0.075
 6     0.929     0.003    -0.370
 7   113.399   -21.017    -8.488
 7     0.680     0.726     0.098
 7    -0.726     0.648     0.229
 7     0.103    -0.227     0.968
 8    96.757   -27.614     8.426
 8    -0.519    -0.041     0.854
 8    -0.371    -0.889    -0.268
 8     0.770    -0.456     0.446
 9    87.884   -41.792    35.699
 9    -0.419     0.337    -0.843
 9    -0.319     0.814     0.484
 9     0.850     0.472    -0.234
 2    97.311   -18.704    59.750
 2     0.620    -0.784     0.003
 2     0.784     0.620     0.038
 2    -0.032    -0.021     0.999
 3   129.809    -2.269     4.439
 3     0.407    -0.109    -0.907
 3    -0.001     0.993    -0.119
 3     0.913     0.049     0.404
 4   113.667    15.753    -9.482
 4     0.361    -0.932     0.028
 4     0.883     0.332    -0.331
 4     0.299     0.144     0.943
 5    95.694    26.065     7.755
 5    -0.466    -0.544     0.698
 5     0.391    -0.834    -0.389
 5     0.794     0.091     0.601
 6    93.178    27.696    39.694
 6    -0.400    -0.077    -0.913
 6    -0.025     0.997    -0.073
 6     0.916    -0.006    -0.401
 7   113.635   -20.962    -8.593
 7     0.677     0.731     0.080
 7    -0.728     0.648     0.223
 7     0.111    -0.210     0.971
 8    96.521   -27.467     8.003
 8    -0.541    -0.036     0.840
 8    -0.369    -0.888    -0.275
 8     0.755    -0.459     0.467
 9    86.874   -41.709    34.958
 9    -0.452     0.286    -0.845
 9    -0.328     0.828     0.455
 9     0.830     0.482    -0.280
 2    97.311   -18.754    59.750
 2     0.620    -0.784     0.003
 2     0.783     0.620     0.038
 2    -0.032    -0.021     0.999
 3   129.870    -2.216     4.576
 3     0.404    -0.110    -0.908
 3    -0.003     0.992    -0.121
 3     0.915     0.051     0.400
 4   113.798    15.707    -9.585
 4     0.349    -0.937     0.016
 4     0.887     0.325    -0.327
 4     0.301     0.129     0.945
 5    95.187    25.748     7.344
 5    -0.492    -0.533     0.688
 5     0.382    -0.843    -0.380
 5     0.782     0.076     0.618
 6    91.801    27.306    39.076
 6    -0.427    -0.079    -0.901
 6    -0.031     0.997    -0.073
 6     0.904    -0.003    -0.428
 7   114.007   -20.900    -8.586
 7     0.677     0.733     0.060
 7    -0.725     0.651     0.223
 7     0.124    -0.195     0.973
 8    96.565   -27.464     7.808
 8    -0.555    -0.028     0.831
 8    -0.359    -0.894    -0.269
 8     0.750    -0.448     0.486
 9    86.450   -41.118    34.812
 9    -0.465     0.233    -0.854
 9    -0.323     0.853     0.409
 9     0.824     0.466    -0.322
 2    97.311   -18.704    59.750
 2     0.620    -0.784     0.003
 2     0.783     0.620     0.038
 2    -0.032    -0.021     0.999
 3   129.875    -2.164     4.644
 3     0.401    -0.113    -0.909
 3    -0.003     0.992    -0.124
 3     0.916     0.052     0.398
 4   113.851    15.711    -9.582
 4     0.337    -0.941     0.005
 4     0.891     0.318    -0.323
 4     0.302     0.114     0.946
 5    94.882    25.557     6.907
 5    -0.514    -0.528     0.676
 5     0.379    -0.847    -0.374
 5     0.769     0.064     0.635
 6    90.848    27.185    38.405
 6    -0.449    -0.074    -0.890
 6    -0.029     0.997    -0.068
 6     0.893    -0.005    -0.450
 7   114.203   -21.043    -8.622
 7     0.676     0.735     0.048
 7    -0.724     0.651     0.226
 7     0.135    -0.188     0.973
 8    96.456   -27.432     7.593
 8    -0.567    -0.019     0.824
 8    -0.355    -0.897    -0.265
 8     0.743    -0.442     0.501
 9    85.842   -40.964    34.471
 9    -0.482     0.197    -0.854
 9    -0.323     0.865     0.382
 9     0.814     0.460    -0.353
 2    97.311   -18.754    59.750
 2     0.620    -0.784     0.003
 2     0.783     0.620     0.038
 2    -0.032    -0.021     0.999
 3   129.831    -2.160     4.738
 3     0.399    -0.116    -0.910
 3    -0.000     0.992    -0.126
 3     0.917     0.050     0.395
 4   114.024    15.584    -9.647
 4     0.332    -0.943    -0.005
 4     0.894     0.317    -0.317
 4     0.300     0.100     0.948
 5    94.842    25.595     6.372
 5    -0.524    -0.534     0.663
 5     0.388    -0.843    -0.372
 5     0.758     0.062     0.649
 6    90.205    27.629    37.656
 6    -0.472    -0.057    -0.880
 6    -0.014     0.998    -0.058
 6     0.881    -0.016    -0.472
 7   114.344   -21.038    -8.625
 7     0.673     0.739     0.035
 7    -0.725     0.650     0.226
 7     0.144    -0.178     0.973
 8    96.261   -27.355     7.299
 8    -0.584    -0.016     0.811
 8    -0.350    -0.897    -0.269
 8     0.732    -0.441     0.519
 9    84.796   -40.771    33.952
 9    -0.506     0.172    -0.845
 9    -0.322     0.871     0.370
 9     0.800     0.460    -0.385
 2    97.311   -18.704    59.750
 2     0.620    -0.784     0.003
 2     0.783     0.620     0.038
 2    -0.032    -0.021     0.999
 3   129.838    -2.156     4.858
 3     0.395    -0.116    -0.911
 3     0.002     0.992    -0.125
 3     0.918     0.047     0.392
 4   114.319    15.429    -9.833
 4     0.331    -0.943    -0.019
 4     0.896     0.320    -0.308
 4     0.296     0.085     0.951
 5    94.911    25.704     5.858
 5    -0.539    -0.541     0.646
 5     0.396    -0.839    -0.372
 5     0.743     0.056     0.667
 6    87.381    29.511    36.123
 6    -0.502    -0.047    -0.863
 6     0.005     0.998    -0.058
 6     0.865    -0.034    -0.501
 7   114.590   -21.160    -8.608
 7     0.664     0.747     0.020
 7    -0.731     0.644     0.225
 7     0.155    -0.165     0.974
 8    96.083   -27.306     6.867
 8    -0.604    -0.013     0.797
 8    -0.345    -0.897    -0.276
 8     0.718    -0.442     0.537
 9    83.844   -40.707    33.146
 9    -0.531     0.154    -0.833
 9    -0.324     0.871     0.367
 9     0.783     0.465    -0.413
 2    97.311   -18.754    59.750
 2     0.620    -0.784     0.003
 2     0.783     0.620     0.037
 2    -0.032    -0.021     0.999
 3   129.972    -2.247     5.101
 3     0.384    -0.113    -0.916
 3     0.004     0.992    -0.121
 3     0.923     0.042     0.382
 4   114.725    15.303    -9.851
 4     0.327    -0.944    -0.036
 4     0.897     0.322    -0.301
 4     0.296     0.066     0.953
 5    94.848    25.636     5.275
 5    -0.558    -0.541     0.629
 5     0.401    -0.840    -0.366
 5     0.726     0.048     0.686
 6    86.262    29.943    35.273
 6    -0.537    -0.046    -0.843
 6     0.020     0.997    -0.067
 6     0.843    -0.053    -0.535
 7   114.959   -21.103    -8.645
 7     0.659     0.751     0.001
 7    -0.733     0.643     0.223
 7     0.166    -0.148     0.975
 8    96.123   -27.330     6.467
 8    -0.622    -0.003     0.783
 8    -0.348    -0.894    -0.281
 8     0.701    -0.447     0.555
 9    83.083   -40.917    32.198
 9    -0.554     0.128    -0.822
 9    -0.335     0.870     0.360
 9     0.762     0.475    -0.440
 2    97.311   -18.704    59.750
 2     0.620    -0.784     0.003
 2     0.783     0.620     0.038
 2    -0.032    -0.021     0.999
 3   130.073    -2.315     5.247
 3     0.375    -0.111    -0.920
 3     0.005     0.993    -0.118
 3     0.927     0.040     0.373
 4   114.979    15.256    -9.950
 4     0.319    -0.946    -0.048
 4     0.900     0.318    -0.298
 4     0.297     0.051     0.953
 5    94.695    25.495     4.935
 5    -0.577    -0.536     0.616
 5     0.399    -0.843    -0.360
 5     0.712     0.038     0.700
 6    85.313    30.001    34.503
 6    -0.564    -0.049    -0.824
 6     0.025     0.997    -0.076
 6     0.825    -0.063    -0.561
 7   115.267   -21.099    -8.742
 7     0.656     0.754    -0.011
 7    -0.734     0.643     0.218
 7     0.172    -0.135     0.975
 8    96.076   -27.346     6.054
 8    -0.636     0.002     0.772
 8    -0.354    -0.890    -0.289
 8     0.686    -0.456     0.566
 9    82.454   -41.303    31.355
 9    -0.575     0.111    -0.811
 9    -0.347     0.864     0.364
 9     0.741     0.491    -0.458
 2    97.311   -18.754    59.750
 2     0.620    -0.784     0.003
 2     0.783     0.620     0.038
 2    -0.032    -0.021     0.999
 3   130.130    -2.288     5.316
 3     0.371    -0.113    -0.922
 3     0.005     0.993    -0.119
 3     0.928     0.039     0.369
 4   115.135    15.260    -9.901
 4     0.311    -0.949    -0.056
 4     0.902     0.313    -0.297
 4     0.299     0.041     0.953
 5    94.591    25.411     4.715
 5    -0.585    -0.535     0.609
 5     0.401    -0.844    -0.355
 5     0.704     0.036     0.709
 6    84.928    30.168    34.063
 6    -0.576    -0.047    -0.816
 6     0.032     0.996    -0.080
 6     0.816    -0.073    -0.573
 7   115.445   -21.048    -8.753
 7     0.654     0.756    -0.020
 7    -0.736     0.642     0.215
 7     0.175    -0.126     0.976
 8    95.933   -27.307     5.612
 8    -0.647     0.007     0.762
 8    -0.363    -0.882    -0.300
 8     0.671    -0.470     0.573
 9    81.809   -41.734    30.428
 9    -0.591     0.099    -0.801
 9    -0.361     0.855     0.372
 9     0.721     0.509    -0.469
 2    97.312   -18.755    59.750
 2     0.621    -0.784     0.003
 2     0.783     0.620     0.038
 2    -0.032    -0.021     0.999
 3   130.200    -2.181     5.393
 3     0.365    -0.112    -0.924
 3     0.005     0.993    -0.118
 3     0.931     0.038     0.363
 4   115.311    15.236    -9.899
 4     0.307    -0.950    -0.062
 4     0.903     0.311    -0.295
 4     0.299     0.034     0.953
 5    94.620    25.472     4.235
 5    -0.595    -0.538     0.596
 5     0.412    -0.842    -0.348
 5     0.690     0.038     0.723
 6    84.438    30.791    33.348
 6    -0.591    -0.041    -0.805
 6     0.045     0.995    -0.084
 6     0.805    -0.086    -0.587
 7   115.564   -20.977    -8.958
 7     0.646     0.762    -0.031
 7    -0.743     0.638     0.204
 7     0.175    -0.109     0.978
 8    95.810   -27.198     5.033
 8    -0.661     0.007     0.750
 8    -0.369    -0.873    -0.318
 8     0.653    -0.487     0.579
 9    81.073   -41.938    29.388
 9    -0.607     0.088    -0.790
 9    -0.370     0.848     0.378
 9     0.703     0.522    -0.482
 2    97.311   -18.704    59.750
 2     0.620    -0.784     0.003
 2     0.783     0.620     0.038
 2    -0.032    -0.021     0.999
 3   130.247    -2.304     5.444
 3     0.356    -0.109    -0.928
 3     0.002     0.993    -0.115
 3     0.934     0.038     0.354
 4   115.610    15.136   -10.067
 4     0.297    -0.952    -0.076
 4     0.907     0.306    -0.289
 4     0.298     0.016     0.954
 5    94.543    25.502     3.507
 5    -0.614    -0.535     0.581
 5     0.421    -0.844    -0.333
 5     0.668     0.040     0.743
 6    83.669    31.253    32.239
 6    -0.615    -0.039    -0.787
 6     0.059     0.994    -0.095
 6     0.786    -0.105    -0.609
 7   115.842   -20.928    -9.099
 7     0.638     0.768    -0.045
 7    -0.748     0.633     0.197
 7     0.179    -0.092     0.979
 8    95.831   -27.091     4.585
 8    -0.677     0.008     0.736
 8    -0.373    -0.865    -0.334
 8     0.634    -0.501     0.589
 9    80.408   -42.069    28.358
 9    -0.625     0.079    -0.777
 9    -0.378     0.839     0.390
 9     0.683     0.537    -0.495
 2    97.311   -18.754    59.750
 2     0.620    -0.784     0.003
 2     0.783     0.620     0.038
 2    -0.032    -0.021     0.999
 3   130.367    -2.298     5.544
 3     0.348    -0.109    -0.931
 3     0.002     0.993    -0.115
 3     0.937     0.038     0.346
 4   115.781    15.011   -10.108
 4     0.286    -0.954    -0.086
 4     0.911     0.299    -0.283
 4     0.296     0.003     0.955
 5    94.366    25.311     3.029
 5    -0.628    -0.528     0.572
 5     0.424    -0.848    -0.318
 5     0.653     0.043     0.756
 6    82.921    31.417    31.406
 6    -0.630    -0.043    -0.775
 6     0.067     0.991    -0.110
 6     0.773    -0.121    -0.622
 7   116.021   -20.877    -9.165
 7     0.633     0.771    -0.058
 7    -0.752     0.631     0.190
 7     0.183    -0.077     0.980
 8    95.728   -27.182     4.013
 8    -0.690     0.010     0.724
 8    -0.384    -0.853    -0.354
 8     0.613    -0.522     0.592
 9    79.816   -42.702    27.105
 9    -0.638     0.071    -0.766
 9    -0.394     0.825     0.405
 9     0.661     0.560    -0.499
 2    97.311   -18.754    59.750
 2     0.620    -0.784     0.003
 2     0.783     0.620     0.038
 2    -0.032    -0.021     0.999
 3   130.381    -2.295     5.578
 3     0.343    -0.108    -0.933
 3     0.001     0.993    -0.114
 3     0.939     0.038     0.341
 4   115.824    14.884   -10.172
 4     0.279    -0.956    -0.090
 4     0.914     0.293    -0.279
 4     0.293    -0.005     0.956
 5    94.214    25.152     2.752
 5    -0.634    -0.525     0.568
 5     0.427    -0.850    -0.309
 5     0.645     0.046     0.763
 6    82.596    31.511    30.902
 6    -0.638    -0.045    -0.768
 6     0.073     0.990    -0.118
 6     0.766    -0.131    -0.629
 7   116.059   -20.807    -9.230
 7     0.630     0.773    -0.061
 7    -0.755     0.630     0.182
 7     0.179    -0.069     0.981
 8    95.631   -27.237     3.647
 8    -0.695     0.011     0.719
 8    -0.391    -0.844    -0.366
 8     0.603    -0.536     0.591
 9    79.506   -43.070    26.444
 9    -0.645     0.067    -0.761
 9    -0.403     0.816     0.413
 9     0.649     0.573    -0.500
 2    97.311   -18.704    59.750
 2     0.620    -0.784     0.003
 2     0.783     0.620     0.038
 2    -0.032    -0.021     0.999
 3   130.347    -2.394     5.560
 3     0.337    -0.105    -0.936
 3    -0.001     0.994    -0.111
 3     0.941     0.038     0.334
 4   115.821    14.883   -10.220
 4     0.277    -0.957    -0.090
 4     0.915     0.291    -0.278
 4     0.292    -0.006     0.956
 5    94.258    25.243     2.459
 5    -0.640    -0.528     0.558
 5     0.433    -0.848    -0.306
 5     0.635     0.046     0.771
 6    82.437    31.856    30.388
 6    -0.650    -0.034    -0.759
 6     0.083     0.990    -0.115
 6     0.755    -0.138    -0.640
 7   115.994   -20.764    -9.394
 7     0.626     0.776    -0.066
 7    -0.760     0.627     0.171
 7     0.174    -0.057     0.983
 8    95.427   -27.195     3.239
 8    -0.703     0.011     0.711
 8    -0.397    -0.836    -0.379
 8     0.591    -0.548     0.592
 9    78.930   -43.245    25.677
 9    -0.658     0.062    -0.751
 9    -0.410     0.807     0.425
 9     0.632     0.587    -0.506
 2    97.311   -18.704    59.750
 2     0.620    -0.784     0.003
 2     0.784     0.620     0.038
 2    -0.032    -0.021     0.999
 3   130.421    -2.619     5.583
 3     0.329    -0.099    -0.939
 3    -0.004     0.994    -0.106
 3     0.944     0.038     0.326
 4   116.049    14.731   -10.268
 4     0.278    -0.956    -0.098
 4     0.915     0.294    -0.276
 4     0.292    -0.013     0.956
 5    94.403    25.284     2.086
 5    -0.644    -0.532     0.550
 5     0.441    -0.845    -0.301
 5     0.625     0.049     0.779
 6    82.300    32.201    29.875
 6    -0.661    -0.030    -0.749
 6     0.091     0.988    -0.120
 6     0.744    -0.148    -0.651
 7   116.120   -20.816    -9.503
 7     0.621     0.779    -0.075
 7    -0.763     0.624     0.167
 7     0.176    -0.047     0.983
 8    95.467   -27.134     2.939
 8    -0.713     0.013     0.701
 8    -0.397    -0.832    -0.388
 8     0.578    -0.555     0.599
 9    78.587   -43.292    25.049
 9    -0.669     0.055    -0.741
 9    -0.412     0.802     0.432
 9     0.618     0.595    -0.514
 2    97.311   -18.754    59.750
 2     0.620    -0.784     0.003
 2     0.783     0.620     0.038
 2    -0.032    -0.021     0.999
 3   130.494    -2.560     5.632
 3     0.320    -0.099    -0.942
 3    -0.002     0.994    -0.105
 3     0.947     0.035     0.318
 4   116.240    14.602   -10.324
 4     0.272    -0.956    -0.109
 4     0.918     0.291    -0.268
 4     0.287    -0.027     0.957
 5    94.263    25.114     1.443
 5    -0.658    -0.527     0.538
 5     0.448    -0.848    -0.283
 5     0.605     0.055     0.794
 6    81.590    32.489    28.779
 6    -0.679    -0.030    -0.733
 6     0.102     0.985    -0.135
 6     0.726    -0.167    -0.666
 7   116.406   -20.760    -9.426
 7     0.620     0.779    -0.088
 7    -0.763     0.625     0.165
 7     0.183    -0.036     0.982
 8    95.539   -27.169     2.751
 8    -0.720     0.019     0.694
 8    -0.400    -0.829    -0.392
 8     0.568    -0.559     0.604
 9    78.370   -43.460    24.517
 9    -0.677     0.045    -0.734
 9    -0.419     0.796     0.435
 9     0.604     0.603    -0.521
 2    97.311   -18.754    59.750
 2     0.620    -0.784     0.003
 2     0.783     0.620     0.037
 2    -0.032    -0.021     0.999
 3   130.518    -2.550     5.706
 3     0.313    -0.101    -0.944
 3     0.002     0.994    -0.106
 3     0.950     0.031     0.311
 4   116.319    14.369   -10.574
 4     0.263    -0.958    -0.115
 4     0.924     0.285    -0.256
 4     0.278    -0.038     0.960
 5    94.162    25.075     0.832
 5    -0.666    -0.524     0.531
 5     0.458    -0.849    -0.263
 5     0.589     0.068     0.805
 6    81.236    32.960    27.818
 6    -0.687    -0.028    -0.726
 6     0.117     0.982    -0.149
 6     0.717    -0.188    -0.672
 7   116.536   -20.808    -9.385
 7     0.619     0.780    -0.093
 7    -0.763     0.625     0.164
 7     0.186    -0.031     0.982
 8    95.589   -27.175     2.612
 8    -0.724     0.022     0.689
