% Calibrated with leiden_pols
% Positions are in centimeters
Data =[
 2    97.336   -18.704    59.750
 2     0.620    -0.784     0.004
 2     0.784     0.620     0.038
 2    -0.032    -0.021     0.999
 3   129.237    -2.032     4.009
 3     0.437    -0.170    -0.883
 3     0.047     0.985    -0.166
 3     0.898     0.031     0.439
 4   110.563    15.674    -7.654
 4     0.467    -0.865     0.183
 4     0.850     0.382    -0.362
 4     0.243     0.325     0.914
 5   108.682    22.789    20.464
 5     0.327    -0.236     0.915
 5     0.309    -0.888    -0.339
 5     0.893     0.394    -0.217
 6   124.513    25.995    46.328
 6     0.513    -0.755    -0.409
 6    -0.058     0.445    -0.894
 6     0.856     0.482     0.184
 7   111.538   -21.821    -5.644
 7     0.772     0.578     0.263
 7    -0.635     0.684     0.358
 7     0.027    -0.444     0.896
 8   113.116   -23.181    21.950
 8     0.308    -0.399     0.864
 8    -0.220    -0.913    -0.343
 8     0.925    -0.085    -0.369
 9   127.977   -33.072    47.679
 9     0.414     0.855    -0.312
 9    -0.085     0.378     0.922
 9     0.906    -0.356     0.229
 2    97.311   -18.704    59.750
 2     0.620    -0.784     0.004
 2     0.784     0.620     0.038
 2    -0.032    -0.021     0.999
 3   129.262    -2.032     4.060
 3     0.437    -0.170    -0.883
 3     0.047     0.985    -0.166
 3     0.898     0.031     0.438
 4   110.646    15.625    -7.663
 4     0.470    -0.864     0.182
 4     0.848     0.384    -0.366
 4     0.246     0.326     0.912
 5   108.683    22.815    20.391
 5     0.326    -0.239     0.915
 5     0.311    -0.887    -0.342
 5     0.893     0.396    -0.215
 6   124.515    25.994    46.227
 6     0.513    -0.753    -0.413
 6    -0.059     0.448    -0.892
 6     0.856     0.482     0.185
 7   111.591   -21.820    -5.596
 7     0.773     0.577     0.263
 7    -0.634     0.684     0.360
 7     0.028    -0.446     0.895
 8   113.035   -23.298    22.016
 8     0.313    -0.395     0.864
 8    -0.233    -0.914    -0.333
 8     0.921    -0.097    -0.378
 9   128.140   -33.096    47.504
 9     0.418     0.845    -0.333
 9    -0.081     0.400     0.913
 9     0.905    -0.355     0.235
 2    97.311   -18.704    59.750
 2     0.620    -0.784     0.003
 2     0.783     0.620     0.038
 2    -0.032    -0.021     0.999
 3   129.263    -2.032     4.010
 3     0.437    -0.170    -0.883
 3     0.047     0.985    -0.166
 3     0.898     0.030     0.438
 4   110.707    15.627    -7.676
 4     0.475    -0.861     0.181
 4     0.843     0.387    -0.372
 4     0.250     0.329     0.910
 5   108.778    22.862    20.302
 5     0.325    -0.247     0.913
 5     0.313    -0.883    -0.350
 5     0.892     0.399    -0.210
 6   124.604    26.044    46.222
 6     0.509    -0.747    -0.428
 6    -0.063     0.464    -0.884
 6     0.858     0.477     0.189
 7   111.520   -21.818    -5.547
 7     0.773     0.576     0.264
 7    -0.633     0.683     0.364
 7     0.029    -0.449     0.893
 8   112.890   -23.441    21.912
 8     0.311    -0.391     0.866
 8    -0.244    -0.914    -0.325
 8     0.919    -0.110    -0.379
 9   128.196   -33.070    47.336
 9     0.423     0.833    -0.355
 9    -0.075     0.422     0.903
 9     0.903    -0.355     0.241
 2    97.311   -18.704    59.750
 2     0.620    -0.784     0.004
 2     0.784     0.620     0.038
 2    -0.032    -0.021     0.999
 3   129.264    -2.083     4.062
 3     0.436    -0.168    -0.884
 3     0.047     0.985    -0.164
 3     0.898     0.029     0.438
 4   110.762    15.628    -7.683
 4     0.479    -0.859     0.181
 4     0.841     0.389    -0.376
 4     0.252     0.332     0.908
 5   108.801    23.179    19.950
 5     0.303    -0.262     0.916
 5     0.324    -0.876    -0.357
 5     0.896     0.405    -0.181
 6   124.667    25.987    45.997
 6     0.506    -0.734    -0.453
 6    -0.071     0.487    -0.870
 6     0.859     0.472     0.194
 7   111.549   -21.765    -5.545
 7     0.776     0.570     0.269
 7    -0.630     0.682     0.373
 7     0.029    -0.459     0.888
 8   112.671   -23.936    21.784
 8     0.300    -0.384     0.873
 8    -0.268    -0.912    -0.309
 8     0.915    -0.141    -0.377
 9   128.046   -33.662    47.040
 9     0.414     0.797    -0.439
 9    -0.083     0.513     0.854
 9     0.906    -0.318     0.279
 2    97.311   -18.754    59.750
 2     0.620    -0.784     0.004
 2     0.783     0.620     0.038
 2    -0.032    -0.021     0.999
 3   129.271    -2.106     4.056
 3     0.436    -0.165    -0.885
 3     0.047     0.986    -0.160
 3     0.899     0.027     0.437
 4   110.874    15.533    -7.728
 4     0.495    -0.850     0.180
 4     0.827     0.397    -0.397
 4     0.266     0.345     0.900
 5   108.882    24.119    19.265
 5     0.281    -0.322     0.904
 5     0.332    -0.851    -0.406
 5     0.900     0.414    -0.133
 6   124.818    25.809    45.672
 6     0.466    -0.663    -0.586
 6    -0.094     0.621    -0.778
 6     0.880     0.418     0.227
 7   111.601   -21.761    -5.545
 7     0.780     0.563     0.271
 7    -0.624     0.682     0.381
 7     0.029    -0.467     0.884
 8   112.140   -25.081    21.228
 8     0.258    -0.341     0.904
 8    -0.305    -0.917    -0.258
 8     0.916    -0.210    -0.340
 9   126.708   -35.045    46.859
 9     0.375     0.775    -0.508
 9    -0.109     0.581     0.806
 9     0.920    -0.247     0.303
 2    97.311   -18.754    59.750
 2     0.620    -0.784     0.003
 2     0.783     0.620     0.037
 2    -0.032    -0.021     0.999
 3   129.328    -2.155     4.101
 3     0.433    -0.161    -0.887
 3     0.047     0.986    -0.156
 3     0.900     0.025     0.435
 4   111.119    15.509    -7.871
 4     0.506    -0.846     0.169
 4     0.818     0.409    -0.404
 4     0.272     0.342     0.899
 5   108.236    25.113    18.671
 5     0.247    -0.385     0.889
 5     0.348    -0.821    -0.453
 5     0.904     0.421    -0.069
 6   123.433    26.516    45.716
 6     0.390    -0.573    -0.721
 6    -0.105     0.750    -0.653
 6     0.915     0.330     0.233
 7   111.599   -21.813    -5.542
 7     0.780     0.563     0.272
 7    -0.625     0.682     0.380
 7     0.028    -0.466     0.884
 8   111.313   -26.817    20.562
 8     0.214    -0.276     0.937
 8    -0.343    -0.919    -0.193
 8     0.915    -0.280    -0.291
 9   125.459   -36.770    46.211
 9     0.319     0.692    -0.648
 9    -0.144     0.711     0.688
 9     0.937    -0.126     0.326
 2    97.311   -18.704    59.750
 2     0.620    -0.784     0.003
 2     0.784     0.620     0.038
 2    -0.032    -0.021     0.999
 3   129.340    -2.253     4.139
 3     0.429    -0.157    -0.890
 3     0.047     0.987    -0.152
 3     0.902     0.023     0.431
 4   111.221    15.459    -7.868
 4     0.505    -0.848     0.163
 4     0.819     0.411    -0.401
 4     0.272     0.335     0.901
 5   107.422    26.135    17.966
 5     0.204    -0.436     0.876
 5     0.370    -0.795    -0.481
 5     0.906     0.422    -0.002
 6   122.004    27.036    45.605
 6     0.296    -0.440    -0.848
 6    -0.096     0.869    -0.485
 6     0.950     0.225     0.215
 7   111.707   -21.765    -5.680
 7     0.783     0.559     0.271
 7    -0.621     0.689     0.373
 7     0.022    -0.461     0.887
 8   110.445   -28.467    19.428
 8     0.191    -0.129     0.973
 8    -0.346    -0.937    -0.056
 8     0.918    -0.326    -0.224
 9   124.158   -37.375    45.809
 9     0.268     0.550    -0.791
 9    -0.162     0.835     0.526
 9     0.949    -0.014     0.313
 2    97.311   -18.704    59.750
 2     0.620    -0.784     0.003
 2     0.783     0.620     0.038
 2    -0.032    -0.021     0.999
 3   129.396    -2.253     4.208
 3     0.426    -0.156    -0.891
 3     0.045     0.987    -0.151
 3     0.903     0.024     0.427
 4   111.415    15.540    -7.980
 4     0.503    -0.852     0.145
 4     0.818     0.415    -0.398
 4     0.278     0.319     0.906
 5   106.626    27.308    17.011
 5     0.155    -0.513     0.844
 5     0.385    -0.756    -0.530
 5     0.910     0.407     0.080
