2 	  32.71	  -7.17	  22.71
	 -0.262	  0.964	 -0.033
	 -0.965	 -0.261	  0.011
	  0.004	  0.033	  0.999

3 	  46.05	  -0.39	   1.93
	  0.102	  0.039	  0.994
	 -0.186	  0.982	 -0.020
	 -0.977	 -0.183	  0.107

4 	  42.79	   7.89	  -2.92
	  0.324	  0.835	  0.443
	 -0.938	  0.220	  0.268
	  0.126	 -0.503	  0.855

5 	  41.06	   7.63	   9.26
	 -0.095	 -0.113	 -0.989
	 -0.059	  0.992	 -0.107
	  0.994	  0.048	 -0.100

6 	  45.19	  10.97	  20.83
	  0.171	  0.212	  0.962
	 -0.833	  0.553	  0.021
	 -0.533	 -0.803	  0.266

7 	  40.87	  -7.29	  -3.27
	  0.095	 -0.943	  0.318
	  0.957	 -0.002	 -0.290
	  0.275	  0.332	  0.902

8 	  40.41	  -9.67	   8.60
	  0.236	 -0.203	  0.950
	  0.429	 -0.857	 -0.287
	  0.873	  0.474	 -0.115

9 	  44.31	 -11.94	  19.93
	  0.215	 -0.114	  0.969
	  0.740	  0.667	 -0.083
	 -0.642	  0.733	  0.224

2 	  32.71	  -7.17	  22.73
	 -0.262	  0.964	 -0.033
	 -0.965	 -0.261	  0.011
	  0.004	  0.033	  0.999

3 	  46.04	  -0.35	   1.93
	  0.103	  0.038	  0.994
	 -0.185	  0.982	 -0.019
	 -0.977	 -0.182	  0.108

4 	  42.75	   7.95	  -2.88
	  0.321	  0.835	  0.447
	 -0.939	  0.216	  0.268
	  0.127	 -0.506	  0.853

5 	  41.01	   7.63	   9.30
	 -0.095	 -0.112	 -0.989
	 -0.064	  0.992	 -0.106
	  0.993	  0.054	 -0.101

6 	  45.16	  10.97	  20.85
	  0.171	  0.209	  0.962
	 -0.836	  0.548	  0.025
	 -0.527	 -0.807	  0.264

7 	  40.85	  -7.26	  -3.27
	  0.098	 -0.943	  0.317
	  0.956	  0.001	 -0.292
	  0.275	  0.331	  0.902

8 	  40.43	  -9.63	   8.56
	  0.239	 -0.201	  0.950
	  0.435	 -0.853	 -0.288
	  0.869	  0.481	 -0.115

9 	  44.31	 -11.94	  19.92
	  0.215	 -0.115	  0.969
	  0.739	  0.668	 -0.082
	 -0.642	  0.733	  0.225

2 	  32.71	  -7.17	  22.71
	 -0.262	  0.964	 -0.033
	 -0.965	 -0.261	  0.011
	  0.004	  0.033	  0.999

3 	  46.04	  -0.33	   1.95
	  0.103	  0.037	  0.994
	 -0.184	  0.983	 -0.018
	 -0.977	 -0.181	  0.108

4 	  42.73	   7.98	  -2.87
	  0.319	  0.834	  0.450
	 -0.939	  0.212	  0.269
	  0.129	 -0.509	  0.851

5 	  41.01	   7.65	   9.35
	 -0.097	 -0.113	 -0.989
	 -0.068	  0.992	 -0.106
	  0.993	  0.057	 -0.103

6 	  45.14	  10.97	  20.85
	  0.174	  0.208	  0.962
	 -0.837	  0.546	  0.029
	 -0.525	 -0.809	  0.264

7 	  40.85	  -7.19	  -3.29
	  0.101	 -0.944	  0.314
	  0.956	  0.004	 -0.294
	  0.276	  0.330	  0.903

8 	  40.43	  -9.63	   8.56
	  0.240	 -0.201	  0.950
	  0.437	 -0.851	 -0.289
	  0.867	  0.484	 -0.115

9 	  44.31	 -11.90	  19.92
	  0.216	 -0.115	  0.969
	  0.739	  0.668	 -0.082
	 -0.642	  0.733	  0.226

2 	  32.71	  -7.17	  22.71
	 -0.262	  0.964	 -0.033
	 -0.965	 -0.261	  0.011
	  0.004	  0.033	  0.999

3 	  46.04	  -0.32	   1.95
	  0.103	  0.037	  0.994
	 -0.185	  0.982	 -0.018
	 -0.977	 -0.182	  0.108

4 	  42.71	   8.00	  -2.85
	  0.317	  0.832	  0.454
	 -0.940	  0.211	  0.267
	  0.126	 -0.512	  0.849

5 	  41.06	   7.63	   9.39
	 -0.102	 -0.115	 -0.988
	 -0.076	  0.991	 -0.107
	  0.992	  0.065	 -0.110

6 	  45.16	  10.99	  20.87
	  0.172	  0.209	  0.962
	 -0.839	  0.543	  0.027
	 -0.522	 -0.811	  0.264

7 	  40.85	  -7.14	  -3.25
	  0.107	 -0.940	  0.325
	  0.958	  0.011	 -0.285
	  0.264	  0.341	  0.902

8 	  40.66	  -9.90	   8.58
	  0.254	 -0.217	  0.943
	  0.466	 -0.827	 -0.314
	  0.849	  0.518	 -0.108

9 	  44.96	 -12.11	  19.74
	  0.245	 -0.119	  0.962
	  0.663	  0.745	 -0.073
	 -0.712	  0.653	  0.259

2 	  32.71	  -7.17	  22.71
	 -0.262	  0.964	 -0.033
	 -0.965	 -0.261	  0.011
	  0.004	  0.033	  0.999

3 	  45.97	  -0.26	   2.02
	  0.095	  0.041	  0.994
	 -0.189	  0.981	 -0.023
	 -0.977	 -0.186	  0.101

4 	  42.68	   7.98	  -2.76
	  0.319	  0.821	  0.472
	 -0.942	  0.219	  0.254
	  0.105	 -0.526	  0.844

5 	  41.82	   8.33	   9.60
	 -0.178	 -0.172	 -0.969
	 -0.028	  0.985	 -0.169
	  0.983	 -0.003	 -0.180

6 	  47.13	  11.87	  20.30
	  0.260	  0.245	  0.934
	 -0.770	  0.636	  0.042
	 -0.590	 -0.727	  0.350

7 	  40.80	  -7.14	  -3.22
	  0.111	 -0.939	  0.324
	  0.956	  0.012	 -0.292
	  0.270	  0.343	  0.899

8 	  41.57	 -10.67	   8.42
	  0.359	 -0.287	  0.888
	  0.445	 -0.784	 -0.432
	  0.822	  0.548	 -0.154

9 	  47.43	 -13.22	  18.47
	  0.388	 -0.162	  0.907
	  0.585	  0.804	 -0.104
	 -0.717	  0.568	  0.404

2 	  32.71	  -7.17	  22.73
	 -0.262	  0.964	 -0.033
	 -0.965	 -0.261	  0.011
	  0.004	  0.033	  0.999

3 	  45.90	  -0.26	   2.00
	  0.100	  0.046	  0.994
	 -0.195	  0.980	 -0.027
	 -0.976	 -0.191	  0.106

4 	  42.59	   7.93	  -2.87
	  0.362	  0.822	  0.440
	 -0.924	  0.252	  0.287
	  0.125	 -0.511	  0.850

5 	  43.15	   9.00	   9.49
	 -0.318	 -0.222	 -0.922
	  0.007	  0.971	 -0.236
	  0.948	 -0.081	 -0.307

6 	  50.01	  12.39	  18.97
	  0.429	  0.258	  0.865
	 -0.686	  0.717	  0.123
	 -0.594	 -0.643	  0.483

7 	  40.71	  -7.17	  -3.25
	  0.118	 -0.943	  0.312
	  0.949	  0.014	 -0.315
	  0.292	  0.333	  0.896

8 	  42.56	 -11.13	   8.10
	  0.471	 -0.339	  0.814
	  0.366	 -0.766	 -0.529
	  0.803	  0.546	 -0.237

9 	  49.52	 -13.73	  17.12
	  0.516	 -0.182	  0.837
	  0.551	  0.819	 -0.160
	 -0.659	  0.541	  0.522

2 	  32.71	  -7.17	  22.73
	 -0.262	  0.964	 -0.033
	 -0.965	 -0.261	  0.011
	  0.004	  0.033	  0.999

3 	  45.83	  -0.26	   1.97
	  0.106	  0.049	  0.993
	 -0.202	  0.979	 -0.028
	 -0.974	 -0.197	  0.113

4 	  42.54	   7.88	  -2.99
	  0.406	  0.814	  0.415
	 -0.904	  0.288	  0.316
	  0.138	 -0.504	  0.852

5 	  44.09	   9.02	   9.35
	 -0.417	 -0.210	 -0.884
	  0.018	  0.971	 -0.238
	  0.909	 -0.115	 -0.401

6 	  51.93	  11.88	  17.86
	  0.542	  0.226	  0.809
	 -0.606	  0.773	  0.186
	 -0.589	 -0.587	  0.555

7 	  40.61	  -7.19	  -3.25
	  0.122	 -0.945	  0.304
	  0.945	  0.017	 -0.325
	  0.302	  0.327	  0.895

8 	  43.15	 -11.29	   7.95
	  0.540	 -0.345	  0.768
	  0.333	 -0.751	 -0.570
	  0.774	  0.562	 -0.291

9 	  50.78	 -13.80	  16.17
	  0.590	 -0.175	  0.788
	  0.504	  0.842	 -0.188
	 -0.634	  0.506	  0.585

2 	  32.71	  -7.17	  22.73
	 -0.262	  0.964	 -0.033
	 -0.965	 -0.261	  0.011
	  0.004	  0.033	  0.999

3 	  45.74	  -0.28	   1.93
	  0.109	  0.049	  0.993
	 -0.205	  0.978	 -0.027
	 -0.973	 -0.200	  0.117

4 	  42.47	   7.84	  -3.08
	  0.435	  0.810	  0.392
	 -0.889	  0.315	  0.333
	  0.146	 -0.493	  0.857

5 	  44.65	   9.02	   9.18
	 -0.474	 -0.205	 -0.856
	  0.026	  0.969	 -0.245
	  0.880	 -0.138	 -0.454

6 	  53.28	  11.57	  16.79
	  0.633	  0.199	  0.748
	 -0.539	  0.808	  0.239
	 -0.560	 -0.551	  0.618

7 	  40.50	  -7.22	  -3.30
	  0.121	 -0.951	  0.286
	  0.941	  0.018	 -0.338
	  0.316	  0.309	  0.896

8 	  43.72	 -11.44	   7.68
	  0.601	 -0.349	  0.719
	  0.304	 -0.733	 -0.608
	  0.741	  0.582	 -0.335

9 	  51.94	 -13.66	  15.22
	  0.654	 -0.164	  0.738
	  0.453	  0.867	 -0.207
	 -0.609	  0.467	  0.641

2 	  32.71	  -7.17	  22.73
	 -0.262	  0.964	 -0.033
	 -0.965	 -0.261	  0.011
	  0.004	  0.033	  0.999

3 	  45.69	  -0.28	   1.92
	  0.111	  0.048	  0.992
	 -0.208	  0.978	 -0.025
	 -0.972	 -0.204	  0.118

4 	  42.40	   7.86	  -3.15
	  0.457	  0.812	  0.362
	 -0.874	  0.335	  0.351
	  0.164	 -0.477	  0.863

5 	  45.16	   9.21	   8.93
	 -0.517	 -0.220	 -0.827
	  0.011	  0.965	 -0.262
	  0.856	 -0.144	 -0.496

6 	  54.60	  11.57	  15.21
	  0.740	  0.169	  0.651
	 -0.459	  0.835	  0.303
	 -0.495	 -0.520	  0.696

7 	  40.46	  -7.19	  -3.36
	  0.126	 -0.956	  0.266
	  0.935	  0.024	 -0.354
	  0.332	  0.292	  0.896

8 	  44.60	 -11.64	   7.22
	  0.675	 -0.350	  0.650
	  0.272	 -0.701	 -0.659
	  0.687	  0.620	 -0.379

9 	  53.58	 -13.59	  13.68
	  0.734	 -0.153	  0.661
	  0.379	  0.901	 -0.211
	 -0.565	  0.403	  0.719

2 	  32.71	  -7.17	  22.73
	 -0.262	  0.964	 -0.033
	 -0.965	 -0.261	  0.011
	  0.004	  0.033	  0.999

3 	  45.62	  -0.26	   1.93
	  0.111	  0.050	  0.992
	 -0.209	  0.977	 -0.027
	 -0.972	 -0.205	  0.119

4 	  42.35	   7.80	  -3.30
	  0.503	  0.803	  0.320
	 -0.841	  0.370	  0.394
	  0.198	 -0.467	  0.861

5 	  46.05	   9.35	   8.42
	 -0.583	 -0.226	 -0.781
	  0.013	  0.958	 -0.286
	  0.813	 -0.175	 -0.555

6 	  56.16	  11.36	  13.08
	  0.838	  0.134	  0.529
	 -0.360	  0.864	  0.351
	 -0.412	 -0.483	  0.772

7 	  40.41	  -7.22	  -3.39
	  0.128	 -0.962	  0.240
	  0.926	  0.029	 -0.377
	  0.356	  0.269	  0.894

8 	  45.56	 -11.90	   6.47
	  0.758	 -0.357	  0.546
	  0.208	 -0.662	 -0.720
	  0.619	  0.658	 -0.428

9 	  55.23	 -13.62	  11.50
	  0.820	 -0.146	  0.553
	  0.307	  0.928	 -0.210
	 -0.484	  0.341	  0.806

2 	  32.71	  -7.17	  22.71
	 -0.262	  0.964	 -0.033
	 -0.965	 -0.261	  0.011
	  0.004	  0.033	  0.999

3 	  45.58	  -0.28	   1.95
	  0.110	  0.054	  0.992
	 -0.207	  0.978	 -0.031
	 -0.972	 -0.202	  0.119

4 	  42.33	   7.70	  -3.46
	  0.552	  0.789	  0.269
	 -0.802	  0.413	  0.431
	  0.230	 -0.454	  0.861

5 	  46.76	   9.47	   7.82
	 -0.642	 -0.232	 -0.731
	  0.009	  0.951	 -0.308
	  0.767	 -0.203	 -0.608

6 	  57.36	  11.11	  10.93
	  0.911	  0.097	  0.400
	 -0.262	  0.886	  0.381
	 -0.318	 -0.452	  0.833

7 	  40.31	  -7.21	  -3.48
	  0.128	 -0.970	  0.205
	  0.916	  0.036	 -0.399
	  0.380	  0.238	  0.894

8 	  46.30	 -12.13	   5.61
	  0.818	 -0.365	  0.444
	  0.132	 -0.632	 -0.763
	  0.560	  0.682	 -0.470

9 	  56.36	 -13.80	   9.21
	  0.885	 -0.149	  0.440
	  0.262	  0.942	 -0.209
	 -0.384	  0.300	  0.873

2 	  32.71	  -7.17	  22.73
	 -0.262	  0.964	 -0.033
	 -0.965	 -0.261	  0.011
	  0.004	  0.033	  0.999

3 	  45.51	  -0.32	   1.97
	  0.109	  0.058	  0.992
	 -0.201	  0.979	 -0.036
	 -0.974	 -0.195	  0.119

4 	  42.21	   7.59	  -3.62
	  0.588	  0.779	  0.216
	 -0.766	  0.448	  0.461
	  0.264	 -0.437	  0.860

5 	  47.27	   9.53	   7.28
	 -0.687	 -0.232	 -0.688
	  0.006	  0.946	 -0.323
	  0.726	 -0.225	 -0.649

6 	  58.11	  10.92	   9.05
	  0.955	  0.068	  0.287
	 -0.187	  0.893	  0.408
	 -0.229	 -0.445	  0.866

7 	  40.24	  -7.17	  -3.60
	  0.135	 -0.976	  0.172
	  0.908	  0.051	 -0.417
	  0.398	  0.212	  0.892

8 	  46.76	 -12.16	   4.92
	  0.857	 -0.364	  0.365
	  0.074	 -0.614	 -0.786
	  0.510	  0.700	 -0.500

9 	  57.08	 -13.68	   7.45
	  0.927	 -0.140	  0.346
	  0.224	  0.950	 -0.216
	 -0.299	  0.277	  0.913

2 	  32.71	  -7.17	  22.73
	 -0.262	  0.964	 -0.033
	 -0.965	 -0.261	  0.011
	  0.004	  0.033	  0.999

3 	  45.46	  -0.30	   1.95
	  0.113	  0.063	  0.991
	 -0.193	  0.980	 -0.041
	 -0.975	 -0.186	  0.122

4 	  42.05	   7.49	  -3.83
	  0.623	  0.766	  0.158
	 -0.724	  0.488	  0.487
	  0.297	 -0.418	  0.858

5 	  47.79	   9.51	   6.57
	 -0.736	 -0.228	 -0.637
	  0.004	  0.940	 -0.340
	  0.677	 -0.252	 -0.691

6 	  58.76	  10.67	   6.94
	  0.984	  0.041	  0.172
	 -0.111	  0.900	  0.421
	 -0.138	 -0.434	  0.890

7 	  40.13	  -7.10	  -3.67
	  0.144	 -0.981	  0.134
	  0.898	  0.072	 -0.435
	  0.417	  0.182	  0.890

8 	  47.18	 -12.27	   4.17
	  0.888	 -0.362	  0.284
	  0.013	 -0.597	 -0.802
	  0.460	  0.715	 -0.526

9 	  57.74	 -13.52	   5.40
	  0.965	 -0.120	  0.232
	  0.172	  0.961	 -0.218
	 -0.197	  0.251	  0.948

2 	  32.71	  -7.17	  22.71
	 -0.262	  0.964	 -0.033
	 -0.965	 -0.261	  0.011
	  0.004	  0.033	  0.999

3 	  45.39	  -0.33	   1.93
	  0.115	  0.067	  0.991
	 -0.185	  0.981	 -0.045
	 -0.976	 -0.178	  0.126

4 	  41.94	   7.31	  -4.08
	  0.655	  0.749	  0.099
	 -0.683	  0.529	  0.503
	  0.325	 -0.398	  0.858

5 	  48.27	   9.46	   5.73
	 -0.783	 -0.228	 -0.579
	 -0.004	  0.933	 -0.360
	  0.622	 -0.278	 -0.732

6 	  59.19	  10.44	   4.96
	  0.997	  0.022	  0.073
	 -0.050	  0.908	  0.416
	 -0.057	 -0.419	  0.906

7 	  40.03	  -7.07	  -3.76
	  0.153	 -0.984	  0.092
	  0.886	  0.095	 -0.453
	  0.437	  0.150	  0.887

8 	  47.55	 -12.34	   3.25
	  0.914	 -0.357	  0.194
	 -0.052	 -0.577	 -0.815
	  0.402	  0.735	 -0.546

9 	  58.17	 -13.46	   3.09
	  0.988	 -0.107	  0.110
	  0.128	  0.968	 -0.215
	 -0.084	  0.227	  0.970

2 	  32.71	  -7.17	  22.71
	 -0.262	  0.964	 -0.033
	 -0.965	 -0.261	  0.011
	  0.004	  0.033	  0.999

3 	  45.32	  -0.37	   1.92
	  0.121	  0.070	  0.990
	 -0.177	  0.983	 -0.049
	 -0.977	 -0.169	  0.131

4 	  41.66	   7.17	  -4.32
	  0.668	  0.743	  0.029
	 -0.649	  0.561	  0.514
	  0.367	 -0.362	  0.856

5 	  48.57	   9.56	   4.85
	 -0.825	 -0.236	 -0.513
	 -0.025	  0.923	 -0.384
	  0.565	 -0.303	 -0.768

6 	  59.36	  10.37	   2.71
	  0.999	  0.003	 -0.045
	  0.015	  0.917	  0.399
	  0.042	 -0.399	  0.916

7 	  39.92	  -6.96	  -3.92
	  0.177	 -0.983	  0.047
	  0.871	  0.134	 -0.473
	  0.459	  0.123	  0.880

8 	  47.81	 -12.39	   2.21
	  0.927	 -0.363	  0.091
	 -0.136	 -0.554	 -0.821
	  0.349	  0.749	 -0.563

9 	  58.36	 -13.61	   0.44
	  0.993	 -0.112	 -0.034
	  0.102	  0.972	 -0.211
	  0.057	  0.206	  0.977

2 	  32.71	  -7.14	  22.73
	 -0.198	  0.979	 -0.027
	 -0.980	 -0.197	  0.017
	  0.012	  0.028	  0.999

3 	  45.30	  -0.35	   1.86
	  0.126	  0.073	  0.989
	 -0.174	  0.983	 -0.052
	 -0.977	 -0.165	  0.136

4 	  41.36	   6.98	  -4.64
	  0.672	  0.739	 -0.050
	 -0.617	  0.594	  0.517
	  0.413	 -0.317	  0.854

5 	  48.81	   9.69	   3.76
	 -0.865	 -0.253	 -0.434
	 -0.055	  0.907	 -0.418
	  0.499	 -0.337	 -0.798

6 	  59.36	  10.35	   0.32
	  0.987	 -0.006	 -0.157
	  0.066	  0.925	  0.374
	  0.144	 -0.378	  0.914

7 	  39.88	  -6.87	  -4.10
	  0.192	 -0.981	 -0.008
	  0.860	  0.172	 -0.480
	  0.473	  0.084	  0.877

8 	  47.95	 -12.55	   0.98
	  0.928	 -0.371	 -0.012
	 -0.221	 -0.527	 -0.821
	  0.298	  0.765	 -0.571

9 	  58.20	 -13.87	  -2.23
	  0.977	 -0.125	 -0.170
	  0.089	  0.974	 -0.206
	  0.192	  0.184	  0.964

2 	  32.75	  -7.12	  22.73
	 -0.011	  0.999	 -0.027
	 -1.000	 -0.010	  0.010
	  0.010	  0.026	  0.999

3 	  45.26	  -0.37	   1.78
	  0.130	  0.077	  0.988
	 -0.156	  0.986	 -0.057
	 -0.979	 -0.146	  0.140

4 	  41.10	   6.70	  -4.85
	  0.681	  0.720	 -0.132
	 -0.569	  0.633	  0.525
	  0.464	 -0.283	  0.840

5 	  49.13	   9.77	   2.44
	 -0.902	 -0.269	 -0.336
	 -0.091	  0.882	 -0.462
	  0.421	 -0.386	 -0.821

6 	  59.24	  10.28	  -2.32
	  0.961	 -0.012	 -0.277
	  0.108	  0.938	  0.330
	  0.257	 -0.344	  0.903

7 	  39.76	  -6.82	  -4.22
	  0.198	 -0.979	 -0.042
	  0.856	  0.193	 -0.480
	  0.478	  0.059	  0.876

8 	  47.95	 -12.57	   0.09
	  0.924	 -0.369	 -0.095
	 -0.291	 -0.522	 -0.802
	  0.246	  0.769	 -0.590

9 	  57.85	 -14.17	  -4.24
	  0.950	 -0.154	 -0.273
	  0.090	  0.969	 -0.229
	  0.300	  0.191	  0.934

2 	  32.75	  -7.10	  22.73
	  0.079	  0.996	 -0.024
	 -0.997	  0.079	  0.010
	  0.012	  0.023	  1.000

3 	  45.23	  -0.40	   1.71
	  0.134	  0.087	  0.987
	 -0.133	  0.989	 -0.070
	 -0.982	 -0.122	  0.144

4 	  40.82	   6.49	  -5.08
	  0.675	  0.710	 -0.201
	 -0.533	  0.656	  0.534
	  0.512	 -0.254	  0.820

5 	  49.29	   9.88	   1.23
	 -0.926	 -0.287	 -0.245
	 -0.136	  0.860	 -0.492
	  0.352	 -0.422	 -0.835

6 	  58.89	  10.46	  -4.80
	  0.925	  0.002	 -0.379
	  0.120	  0.948	  0.294
	  0.362	 -0.312	  0.878

7 	  39.62	  -6.80	  -4.32
	  0.210	 -0.975	 -0.073
	  0.846	  0.218	 -0.486
	  0.490	  0.039	  0.870

8 	  47.99	 -12.53	  -0.93
	  0.914	 -0.360	 -0.188
	 -0.362	 -0.508	 -0.782
	  0.187	  0.782	 -0.594

9 	  57.39	 -13.97	  -6.63
	  0.906	 -0.141	 -0.398
	  0.055	  0.974	 -0.217
	  0.419	  0.171	  0.891

2 	  32.78	  -7.07	  22.73
	  0.212	  0.977	 -0.004
	 -0.977	  0.212	  0.011
	  0.012	  0.001	  1.000

3 	  45.19	  -0.40	   1.56
	  0.147	  0.095	  0.984
	 -0.125	  0.989	 -0.078
	 -0.981	 -0.112	  0.157

4 	  40.38	   6.26	  -5.26
	  0.651	  0.713	 -0.262
	 -0.513	  0.666	  0.541
	  0.562	 -0.218	  0.798

5 	  49.10	  10.02	   0.18
	 -0.938	 -0.307	 -0.160
	 -0.187	  0.837	 -0.514
	  0.291	 -0.452	 -0.843

6 	  58.17	  10.51	  -7.07
	  0.881	  0.004	 -0.474
	  0.137	  0.956	  0.259
	  0.456	 -0.288	  0.842

7 	  39.43	  -6.63	  -4.57
	  0.219	 -0.968	 -0.125
	  0.823	  0.252	 -0.510
	  0.525	  0.008	  0.851

8 	  47.83	 -12.45	  -2.11
	  0.891	 -0.354	 -0.284
	 -0.437	 -0.497	 -0.750
	  0.124	  0.792	 -0.598

9 	  56.57	 -13.71	  -9.16
	  0.844	 -0.129	 -0.520
	  0.018	  0.978	 -0.209
	  0.535	  0.162	  0.829

2 	  32.85	  -7.00	  22.73
	  0.439	  0.898	  0.032
	 -0.899	  0.438	  0.017
	  0.002	 -0.036	  0.999

3 	  45.12	  -0.39	   1.39
	  0.166	  0.104	  0.980
	 -0.106	  0.990	 -0.087
	 -0.980	 -0.090	  0.175

4 	  40.01	   6.05	  -5.47
	  0.623	  0.712	 -0.323
	 -0.491	  0.676	  0.549
	  0.611	 -0.184	  0.770

5 	  48.96	  10.16	  -1.14
	 -0.943	 -0.329	 -0.060
	 -0.246	  0.803	 -0.542
	  0.226	 -0.496	 -0.838

6 	  57.34	  10.53	  -9.44
	  0.827	  0.009	 -0.562
	  0.143	  0.965	  0.219
	  0.548	 -0.255	  0.796

7 	  39.18	  -6.50	  -4.73
	  0.211	 -0.963	 -0.167
	  0.802	  0.268	 -0.534
	  0.559	 -0.022	  0.828

8 	  47.46	 -12.50	  -3.22
	  0.850	 -0.366	 -0.379
	 -0.521	 -0.477	 -0.708
	  0.078	  0.799	 -0.597

9 	  55.28	 -13.73	 -11.60
	  0.756	 -0.127	 -0.642
	 -0.010	  0.979	 -0.200
	  0.655	  0.153	  0.740

2 	  32.85	  -6.94	  22.69
	  0.590	  0.804	  0.075
	 -0.808	  0.587	  0.050
	 -0.002	 -0.090	  0.996

3 	  45.12	  -0.42	   1.21
	  0.198	  0.109	  0.974
	 -0.089	  0.992	 -0.094
	 -0.976	 -0.068	  0.205

4 	  39.67	   5.85	  -5.57
	  0.591	  0.716	 -0.370
	 -0.476	  0.679	  0.558
	  0.653	 -0.155	  0.741

5 	  48.71	  10.18	  -2.18
	 -0.940	 -0.339	  0.030
	 -0.300	  0.781	 -0.548
	  0.162	 -0.525	 -0.836

6 	  56.30	  10.55	 -11.58
	  0.758	  0.011	 -0.652
	  0.157	  0.968	  0.193
	  0.636	 -0.242	  0.732

7 	  38.87	  -6.38	  -4.82
	  0.201	 -0.957	 -0.210
	  0.769	  0.286	 -0.571
	  0.607	 -0.048	  0.793

8 	  46.86	 -12.57	  -4.32
	  0.793	 -0.381	 -0.475
	 -0.609	 -0.453	 -0.651
	  0.032	  0.805	 -0.592

9 	  53.58	 -13.82	 -13.94
	  0.641	 -0.130	 -0.757
	 -0.032	  0.981	 -0.191
	  0.768	  0.141	  0.624

2 	  32.87	  -6.96	  22.69
	  0.696	  0.714	  0.072
	 -0.719	  0.693	  0.054
	 -0.009	 -0.090	  0.996

3 	  45.00	  -0.46	   1.04
	  0.225	  0.114	  0.967
	 -0.063	  0.993	 -0.103
	 -0.972	 -0.038	  0.231

4 	  39.27	   5.75	  -5.62
	  0.562	  0.721	 -0.405
	 -0.462	  0.679	  0.570
	  0.687	 -0.134	  0.714

5 	  48.41	  10.25	  -3.16
	 -0.931	 -0.347	  0.112
	 -0.349	  0.758	 -0.551
	  0.106	 -0.552	 -0.827

6 	  55.27	  10.62	 -13.29
	  0.700	  0.018	 -0.714
	  0.175	  0.966	  0.190
	  0.696	 -0.251	  0.672

7 	  38.39	  -6.22	  -4.89
	  0.166	 -0.956	 -0.243
	  0.749	  0.281	 -0.599
	  0.642	 -0.083	  0.762

8 	  45.97	 -12.62	  -5.40
	  0.723	 -0.402	 -0.562
	 -0.691	 -0.419	 -0.589
	  0.000	  0.814	 -0.581

9 	  51.56	 -13.94	 -15.96
	  0.521	 -0.137	 -0.842
	 -0.030	  0.984	 -0.175
	  0.854	  0.112	  0.508

2 	  32.89	  -6.94	  22.69
	  0.744	  0.665	  0.068
	 -0.669	  0.741	  0.058
	 -0.010	 -0.089	  0.996

3 	  44.84	  -0.44	   0.84
	  0.254	  0.111	  0.961
	 -0.045	  0.993	 -0.103
	 -0.966	 -0.018	  0.257

4 	  38.88	   5.71	  -5.68
	  0.545	  0.719	 -0.431
	 -0.440	  0.682	  0.584
	  0.715	 -0.129	  0.687

5 	  48.04	  10.25	  -3.97
	 -0.922	 -0.342	  0.182
	 -0.384	  0.739	 -0.554
	  0.055	 -0.581	 -0.812

6 	  54.32	  10.49	 -14.70
	  0.648	  0.018	 -0.761
	  0.186	  0.967	  0.175
	  0.742	 -0.248	  0.622

7 	  38.06	  -6.06	  -4.89
	  0.140	 -0.954	 -0.266
	  0.726	  0.281	 -0.628
	  0.674	 -0.106	  0.731

8 	  45.23	 -12.69	  -6.19
	  0.657	 -0.426	 -0.623
	 -0.754	 -0.373	 -0.541
	 -0.003	  0.824	 -0.566

9 	  49.85	 -14.36	 -17.35
	  0.417	 -0.175	 -0.892
	 -0.005	  0.981	 -0.191
	  0.909	  0.081	  0.408

2 	  32.91	  -6.98	  22.69
	  0.814	  0.577	  0.061
	 -0.582	  0.811	  0.065
	 -0.010	 -0.089	  0.996

3 	  44.86	  -0.46	   0.69
	  0.275	  0.102	  0.956
	 -0.036	  0.995	 -0.096
	 -0.961	 -0.008	  0.277

4 	  38.78	   5.64	  -5.68
	  0.526	  0.724	 -0.446
	 -0.433	  0.678	  0.593
	  0.733	 -0.119	  0.670

5 	  47.83	  10.37	  -4.68
	 -0.902	 -0.355	  0.244
	 -0.431	  0.708	 -0.560
	  0.026	 -0.610	 -0.792

6 	  53.49	  10.55	 -15.84
	  0.596	  0.014	 -0.803
	  0.186	  0.971	  0.149
	  0.784	 -0.232	  0.575

7 	  37.92	  -5.96	  -4.99
	  0.108	 -0.947	 -0.301
	  0.690	  0.289	 -0.663
	  0.715	 -0.137	  0.685

8 	  44.42	 -12.99	  -6.84
	  0.585	 -0.465	 -0.664
	 -0.811	 -0.301	 -0.503
	  0.033	  0.832	 -0.553

9 	  48.27	 -14.98	 -18.28
	  0.338	 -0.202	 -0.919
	  0.046	  0.980	 -0.194
	  0.940	  0.020	  0.340

2 	  32.91	  -6.98	  22.69
	  0.826	  0.561	  0.055
	 -0.565	  0.822	  0.067
	 -0.006	 -0.087	  0.996

3 	  44.88	  -0.53	   0.49
	  0.303	  0.094	  0.948
	 -0.022	  0.995	 -0.091
	 -0.953	  0.007	  0.304

4 	  38.60	   5.54	  -5.70
	  0.508	  0.725	 -0.465
	 -0.419	  0.678	  0.603
	  0.753	 -0.112	  0.648

5 	  47.57	  10.46	  -5.34
	 -0.880	 -0.365	  0.305
	 -0.476	  0.690	 -0.546
	 -0.012	 -0.625	 -0.781

6 	  52.47	  10.74	 -16.98
	  0.536	  0.028	 -0.844
	  0.187	  0.971	  0.145
	  0.826	 -0.230	  0.514

7 	  37.63	  -5.80	  -5.06
	  0.076	 -0.942	 -0.327
	  0.659	  0.293	 -0.693
	  0.748	 -0.163	  0.642

8 	  43.66	 -13.10	  -7.31
	  0.521	 -0.485	 -0.701
	 -0.852	 -0.257	 -0.456
	  0.041	  0.836	 -0.548

9 	  46.62	 -15.19	 -19.20
	  0.247	 -0.197	 -0.949
	  0.064	  0.981	 -0.184
	  0.967	 -0.018	  0.253

2 	  32.91	  -6.98	  22.68
	  0.849	  0.525	  0.050
	 -0.529	  0.846	  0.065
	 -0.007	 -0.083	  0.996

3 	  44.86	  -0.56	   0.30
	  0.331	  0.087	  0.939
	 -0.013	  0.996	 -0.088
	 -0.943	  0.017	  0.331

4 	  38.34	   5.43	  -5.70
	  0.477	  0.732	 -0.486
	 -0.409	  0.673	  0.616
	  0.779	 -0.095	  0.620

5 	  47.06	  10.62	  -5.99
	 -0.843	 -0.390	  0.370
	 -0.536	  0.667	 -0.518
	 -0.045	 -0.634	 -0.772

6 	  51.05	  11.07	 -18.16
	  0.462	  0.040	 -0.886
	  0.180	  0.975	  0.132
	  0.871	 -0.216	  0.442

7 	  37.37	  -5.70	  -5.15
	  0.047	 -0.937	 -0.346
	  0.628	  0.297	 -0.720
	  0.777	 -0.183	  0.602

8 	  42.93	 -13.18	  -7.72
	  0.462	 -0.505	 -0.729
	 -0.885	 -0.209	 -0.416
	  0.057	  0.837	 -0.543

9 	  45.19	 -15.35	 -19.83
	  0.173	 -0.204	 -0.963
	  0.073	  0.979	 -0.191
	  0.982	 -0.040	  0.184

2 	  32.91	  -7.00	  22.69
	  0.865	  0.499	  0.048
	 -0.503	  0.862	  0.059
	 -0.011	 -0.076	  0.997

3 	  44.77	  -0.60	   0.09
	  0.357	  0.079	  0.931
	 -0.003	  0.996	 -0.084
	 -0.934	  0.027	  0.356

4 	  38.04	   5.33	  -5.66
	  0.448	  0.740	 -0.502
	 -0.399	  0.667	  0.629
	  0.801	 -0.081	  0.593

5 	  46.55	  10.78	  -6.54
	 -0.807	 -0.416	  0.419
	 -0.587	  0.640	 -0.495
	 -0.064	 -0.645	 -0.761

6 	  49.90	  11.36	 -18.95
	  0.408	  0.057	 -0.911
	  0.168	  0.977	  0.131
	  0.899	 -0.202	  0.387

7 	  37.07	  -5.62	  -5.22
	  0.025	 -0.929	 -0.368
	  0.602	  0.307	 -0.737
	  0.797	 -0.204	  0.567

8 	  42.35	 -13.20	  -8.19
	  0.415	 -0.502	 -0.759
	 -0.908	 -0.178	 -0.379
	  0.055	  0.846	 -0.530

9 	  44.00	 -15.17	 -20.48
	  0.108	 -0.186	 -0.977
	  0.063	  0.982	 -0.178
	  0.992	 -0.045	  0.116

2 	  32.92	  -7.00	  22.69
	  0.873	  0.486	  0.047
	 -0.490	  0.870	  0.059
	 -0.011	 -0.075	  0.997

3 	  44.68	  -0.70	  -0.07
	  0.375	  0.070	  0.924
	 -0.001	  0.997	 -0.076
	 -0.927	  0.028	  0.374

4 	  37.85	   5.22	  -5.64
	  0.435	  0.740	 -0.513
	 -0.380	  0.667	  0.641
	  0.817	 -0.083	  0.570

5 	  46.18	  10.74	  -6.98
	 -0.781	 -0.419	  0.463
	 -0.618	  0.627	 -0.474
	 -0.093	 -0.656	 -0.749

6 	  48.87	  11.25	 -19.67
	  0.350	  0.049	 -0.936
	  0.178	  0.977	  0.112
	  0.921	 -0.202	  0.332

7 	  36.83	  -5.59	  -5.24
	 -0.000	 -0.925	 -0.380
	  0.580	  0.309	 -0.753
	  0.814	 -0.221	  0.537

8 	  41.77	 -13.22	  -8.51
	  0.377	 -0.505	 -0.776
	 -0.924	 -0.149	 -0.352
	  0.062	  0.850	 -0.523

9 	  43.03	 -15.36	 -20.85
	  0.059	 -0.207	 -0.976
	  0.056	  0.978	 -0.202
	  0.996	 -0.044	  0.069

2 	  32.91	  -7.03	  22.69
	  0.892	  0.451	  0.035
	 -0.453	  0.890	  0.051
	 -0.007	 -0.062	  0.998

3 	  44.56	  -0.81	  -0.23
	  0.396	  0.069	  0.915
	  0.001	  0.997	 -0.076
	 -0.918	  0.031	  0.395

4 	  37.55	   5.03	  -5.66
	  0.420	  0.735	 -0.532
	 -0.367	  0.673	  0.642
	  0.831	 -0.075	  0.551

5 	  45.76	  10.62	  -7.47
	 -0.755	 -0.423	  0.500
	 -0.646	  0.611	 -0.458
	 -0.114	 -0.669	 -0.735

6 	  47.92	  11.02	 -20.32
	  0.306	  0.043	 -0.951
	  0.184	  0.978	  0.096
	  0.936	 -0.199	  0.289

7 	  36.53	  -5.64	  -5.24
	 -0.017	 -0.921	 -0.389
	  0.559	  0.313	 -0.768
	  0.829	 -0.231	  0.509

8 	  41.31	 -13.25	  -8.74
	  0.354	 -0.506	 -0.786
	 -0.932	 -0.127	 -0.338
	  0.071	  0.853	 -0.517

9 	  42.22	 -15.54	 -21.11
	  0.030	 -0.225	 -0.974
	  0.060	  0.973	 -0.221
	  0.998	 -0.053	  0.042

2 	  32.92	  -7.03	  22.69
	  0.895	  0.445	  0.031
	 -0.447	  0.893	  0.045
	 -0.007	 -0.055	  0.998

3 	  44.44	  -0.88	  -0.42
	  0.418	  0.064	  0.906
	 -0.004	  0.997	 -0.069
	 -0.908	  0.025	  0.417

4 	  37.25	   4.94	  -5.62
	  0.405	  0.734	 -0.546
	 -0.354	  0.675	  0.647
	  0.844	 -0.070	  0.532

5 	  45.35	  10.55	  -7.73
	 -0.736	 -0.424	  0.528
	 -0.663	  0.612	 -0.431
	 -0.143	 -0.667	 -0.732

6 	  47.06	  11.06	 -20.72
	  0.264	  0.054	 -0.963
	  0.195	  0.976	  0.100
	  0.946	 -0.210	  0.245

7 	  36.21	  -5.61	  -5.24
	 -0.037	 -0.916	 -0.400
	  0.535	  0.320	 -0.782
	  0.844	 -0.243	  0.478

8 	  40.76	 -13.24	  -8.98
	  0.334	 -0.503	 -0.797
	 -0.938	 -0.096	 -0.332
	  0.091	  0.859	 -0.504

9 	  41.52	 -15.66	 -21.29
	  0.016	 -0.242	 -0.970
	  0.077	  0.968	 -0.238
	  0.997	 -0.072	  0.034

2 	  32.91	  -7.03	  22.69
	  0.896	  0.443	  0.028
	 -0.445	  0.895	  0.039
	 -0.007	 -0.049	  0.999

3 	  44.30	  -0.90	  -0.54
	  0.445	  0.059	  0.893
	 -0.008	  0.998	 -0.063
	 -0.896	  0.021	  0.444

4 	  37.00	   4.96	  -5.55
	  0.392	  0.738	 -0.549
	 -0.347	  0.670	  0.656
	  0.852	 -0.067	  0.518

5 	  45.07	  10.62	  -7.77
	 -0.725	 -0.429	  0.539
	 -0.672	  0.615	 -0.413
	 -0.156	 -0.661	 -0.734

6 	  46.58	  11.25	 -20.78
	  0.244	  0.057	 -0.968
	  0.200	  0.974	  0.101
	  0.951	 -0.214	  0.224

7 	  36.11	  -5.57	  -5.15
	 -0.043	 -0.916	 -0.399
	  0.520	  0.320	 -0.792
	  0.853	 -0.242	  0.462

8 	  40.66	 -13.24	  -8.95
	  0.332	 -0.505	 -0.796
	 -0.937	 -0.076	 -0.341
	  0.111	  0.859	 -0.499

9 	  41.38	 -15.70	 -21.23
	  0.022	 -0.248	 -0.968
	  0.092	  0.965	 -0.243
	  0.995	 -0.085	  0.044

2 	  32.92	  -7.10	  22.71
	  0.896	  0.443	  0.006
	 -0.445	  0.896	 -0.002
	 -0.005	 -0.001	  1.000

3 	  44.38	  -0.74	  -0.60
	  0.458	  0.064	  0.886
	 -0.016	  0.998	 -0.065
	 -0.889	  0.015	  0.458

4 	  36.97	   5.04	  -5.54
	  0.376	  0.747	 -0.548
	 -0.356	  0.661	  0.660
	  0.856	 -0.053	  0.514

5 	  45.00	  10.86	  -7.70
	 -0.718	 -0.444	  0.536
	 -0.682	  0.607	 -0.409
	 -0.145	 -0.658	 -0.738

6 	  46.53	  11.50	 -20.71
	  0.245	  0.063	 -0.968
	  0.189	  0.976	  0.104
	  0.953	 -0.204	  0.224

7 	  36.28	  -5.57	  -5.01
	 -0.032	 -0.921	 -0.389
	  0.504	  0.321	 -0.802
	  0.863	 -0.222	  0.453

8 	  40.97	 -13.25	  -8.61
	  0.336	 -0.517	 -0.787
	 -0.937	 -0.098	 -0.336
	  0.097	  0.850	 -0.517

9 	  41.55	 -15.96	 -20.87
	  0.025	 -0.266	 -0.964
	  0.061	  0.963	 -0.263
	  0.998	 -0.053	  0.039

2 	  32.92	  -7.10	  22.73
	  0.864	  0.503	 -0.013
	 -0.504	  0.863	 -0.021
	  0.002	  0.024	  0.999

3 	  44.47	  -0.58	  -0.56
	  0.459	  0.076	  0.885
	 -0.029	  0.997	 -0.071
	 -0.888	  0.006	  0.460

4 	  37.04	   5.12	  -5.55
	  0.364	  0.754	 -0.546
	 -0.371	  0.654	  0.659
	  0.855	 -0.038	  0.517

5 	  44.91	  11.14	  -7.56
	 -0.713	 -0.466	  0.524
	 -0.692	  0.592	 -0.413
	 -0.119	 -0.656	 -0.745

6 	  46.60	  11.92	 -20.53
	  0.252	  0.075	 -0.965
	  0.168	  0.979	  0.113
	  0.954	 -0.186	  0.232

7 	  36.44	  -5.66	  -4.94
	 -0.019	 -0.926	 -0.378
	  0.501	  0.318	 -0.805
	  0.865	 -0.205	  0.458

8 	  41.33	 -13.41	  -8.26
	  0.363	 -0.536	 -0.762
	 -0.926	 -0.115	 -0.360
	  0.105	  0.836	 -0.538

9 	  42.26	 -16.49	 -20.37
	  0.070	 -0.303	 -0.950
	  0.067	  0.953	 -0.297
	  0.995	 -0.044	  0.086

2 	  32.91	  -7.07	  22.71
	  0.816	  0.577	  0.006
	 -0.578	  0.815	 -0.019
	 -0.014	  0.011	  1.000

3 	  44.56	  -0.53	  -0.54
	  0.457	  0.087	  0.885
	 -0.036	  0.996	 -0.079
	 -0.889	  0.004	  0.458

4 	  37.09	   5.10	  -5.57
	  0.360	  0.758	 -0.544
	 -0.380	  0.651	  0.657
	  0.852	 -0.030	  0.522

5 	  44.96	  11.23	  -7.45
	 -0.714	 -0.473	  0.516
	 -0.692	  0.590	 -0.416
	 -0.109	 -0.653	 -0.749

6 	  46.74	  12.15	 -20.37
	  0.263	  0.087	 -0.961
	  0.158	  0.979	  0.125
	  0.953	 -0.181	  0.241

7 	  36.53	  -5.70	  -4.94
	 -0.011	 -0.928	 -0.373
	  0.497	  0.318	 -0.807
	  0.867	 -0.195	  0.457

8 	  41.50	 -13.43	  -8.23
	  0.377	 -0.535	 -0.756
	 -0.918	 -0.107	 -0.382
	  0.124	  0.838	 -0.531

9 	  42.56	 -16.58	 -20.29
	  0.095	 -0.310	 -0.946
	  0.070	  0.950	 -0.302
	  0.993	 -0.039	  0.111

2 	  32.91	  -7.07	  22.71
	  0.745	  0.667	 -0.001
	 -0.668	  0.744	 -0.006
	 -0.002	  0.005	  1.000

3 	  44.58	  -0.51	  -0.54
	  0.455	  0.088	  0.886
	 -0.039	  0.996	 -0.079
	 -0.890	  0.001	  0.456

4 	  37.09	   5.12	  -5.55
	  0.357	  0.761	 -0.541
	 -0.385	  0.647	  0.658
	  0.852	 -0.027	  0.523

5 	  44.98	  11.32	  -7.35
	 -0.715	 -0.480	  0.508
	 -0.692	  0.593	 -0.412
	 -0.104	 -0.646	 -0.756

6 	  46.79	  12.34	 -20.27
	  0.266	  0.096	 -0.959
	  0.154	  0.979	  0.134
	  0.953	 -0.179	  0.243

7 	  36.54	  -5.62	  -4.97
	 -0.006	 -0.923	 -0.384
	  0.493	  0.331	 -0.804
	  0.870	 -0.194	  0.453

8 	  41.52	 -13.24	  -8.40
	  0.381	 -0.520	 -0.764
	 -0.916	 -0.099	 -0.390
	  0.127	  0.848	 -0.514

9 	  42.59	 -16.12	 -20.57
	  0.098	 -0.287	 -0.953
	  0.067	  0.957	 -0.280
	  0.993	 -0.038	  0.113

2 	  32.89	  -7.07	  22.73
	  0.733	  0.680	 -0.006
	 -0.681	  0.732	 -0.013
	 -0.003	  0.013	  1.000

3 	  44.56	  -0.44	  -0.53
	  0.456	  0.083	  0.886
	 -0.042	  0.996	 -0.072
	 -0.889	 -0.005	  0.457

4 	  37.04	   5.22	  -5.48
	  0.351	  0.768	 -0.536
	 -0.384	  0.639	  0.666
	  0.854	 -0.029	  0.519

5 	  44.91	  11.48	  -7.21
	 -0.712	 -0.493	  0.500
	 -0.696	  0.591	 -0.408
	 -0.096	 -0.638	 -0.764

6 	  46.72	  12.67	 -20.13
	  0.265	  0.112	 -0.958
	  0.148	  0.978	  0.149
	  0.954	 -0.177	  0.240

7 	  36.46	  -5.47	  -5.12
	  0.003	 -0.911	 -0.412
	  0.480	  0.362	 -0.799
	  0.877	 -0.196	  0.438

8 	  41.43	 -12.83	  -9.02
	  0.372	 -0.481	 -0.794
	 -0.921	 -0.086	 -0.380
	  0.115	  0.872	 -0.475

9 	  42.36	 -15.08	 -21.34
	  0.083	 -0.243	 -0.966
	  0.053	  0.970	 -0.237
	  0.995	 -0.033	  0.093

2 	  32.89	  -7.00	  22.71
	  0.733	  0.679	  0.024
	 -0.681	  0.732	  0.014
	 -0.007	 -0.027	  0.999

3 	  44.49	  -0.35	  -0.56
	  0.463	  0.072	  0.883
	 -0.041	  0.997	 -0.060
	 -0.885	 -0.009	  0.465

4 	  36.91	   5.31	  -5.41
	  0.350	  0.768	 -0.536
	 -0.371	  0.638	  0.674
	  0.860	 -0.037	  0.508

5 	  44.75	  11.51	  -7.33
	 -0.703	 -0.490	  0.515
	 -0.702	  0.593	 -0.393
	 -0.115	 -0.638	 -0.762

6 	  46.32	  12.80	 -20.29
	  0.247	  0.119	 -0.962
	  0.155	  0.976	  0.153
	  0.958	 -0.182	  0.220

7 	  36.32	  -5.27	  -5.20
	  0.005	 -0.895	 -0.447
	  0.457	  0.399	 -0.795
	  0.889	 -0.201	  0.410

8 	  41.19	 -12.34	  -9.70
	  0.358	 -0.431	 -0.829
	 -0.927	 -0.056	 -0.371
	  0.113	  0.901	 -0.419

9 	  41.89	 -13.87	 -22.22
	  0.058	 -0.182	 -0.981
	  0.046	  0.983	 -0.178
	  0.997	 -0.036	  0.065

2 	  32.91	  -6.94	  22.68
	  0.705	  0.703	  0.087
	 -0.709	  0.704	  0.040
	 -0.031	 -0.090	  0.995

3 	  44.40	  -0.33	  -0.65
	  0.474	  0.063	  0.878
	 -0.037	  0.998	 -0.052
	 -0.879	 -0.008	  0.476

4 	  36.77	   5.29	  -5.38
	  0.348	  0.765	 -0.542
	 -0.357	  0.642	  0.678
	  0.867	 -0.042	  0.495

5 	  44.49	  11.46	  -7.61
	 -0.686	 -0.484	  0.543
	 -0.716	  0.587	 -0.379
	 -0.137	 -0.648	 -0.749

6 	  45.56	  12.57	 -20.72
	  0.205	  0.105	 -0.973
	  0.162	  0.978	  0.134
	  0.966	 -0.181	  0.181

7 	  36.16	  -5.20	  -5.27
	  0.000	 -0.885	 -0.465
	  0.438	  0.417	 -0.796
	  0.899	 -0.203	  0.388

8 	  40.94	 -12.06	 -10.09
	  0.336	 -0.399	 -0.853
	 -0.936	 -0.043	 -0.349
	  0.103	  0.916	 -0.388

9 	  41.22	 -13.06	 -22.75
	  0.020	 -0.136	 -0.990
	  0.022	  0.991	 -0.134
	  0.999	 -0.021	  0.022

2 	  32.91	  -6.94	  22.68
	  0.701	  0.706	  0.092
	 -0.712	  0.701	  0.032
	 -0.041	 -0.089	  0.995

3 	  44.35	  -0.35	  -0.72
	  0.482	  0.061	  0.874
	 -0.033	  0.998	 -0.052
	 -0.875	 -0.005	  0.483

4 	  36.65	   5.19	  -5.40
	  0.334	  0.762	 -0.554
	 -0.350	  0.646	  0.678
	  0.875	 -0.033	  0.482

5 	  44.21	  11.34	  -7.96
	 -0.665	 -0.478	  0.574
	 -0.731	  0.575	 -0.366
	 -0.157	 -0.663	 -0.732

6 	  44.95	  12.29	 -21.11
	  0.169	  0.092	 -0.981
	  0.177	  0.977	  0.116
	  0.970	 -0.190	  0.146

7 	  36.12	  -5.19	  -5.34
	 -0.002	 -0.876	 -0.482
	  0.421	  0.436	 -0.795
	  0.907	 -0.205	  0.368

8 	  40.73	 -11.81	 -10.53
	  0.313	 -0.374	 -0.873
	 -0.944	 -0.021	 -0.328
	  0.104	  0.927	 -0.360

9 	  40.75	 -12.50	 -23.19
	 -0.009	 -0.109	 -0.994
	  0.003	  0.994	 -0.107
	  1.000	 -0.005	 -0.010

2 	  32.85	  -7.07	  22.62
	  0.708	  0.706	  0.015
	 -0.707	  0.707	  0.011
	 -0.001	 -0.018	  1.000

3 	  44.35	  -0.37	  -0.72
	  0.478	  0.062	  0.876
	 -0.040	  0.998	 -0.049
	 -0.877	 -0.012	  0.480

4 	  36.77	   5.20	  -5.52
	  0.351	  0.759	 -0.548
	 -0.361	  0.649	  0.670
	  0.864	 -0.038	  0.501

5 	  44.70	  11.21	  -7.79
	 -0.712	 -0.458	  0.532
	 -0.693	  0.584	 -0.422
	 -0.119	 -0.669	 -0.734

6 	  46.99	  11.99	 -20.39
	  0.287	  0.089	 -0.954
	  0.126	  0.984	  0.124
	  0.951	 -0.151	  0.269

7 	  36.30	  -5.22	  -5.36
	  0.010	 -0.878	 -0.479
	  0.436	  0.435	 -0.788
	  0.900	 -0.201	  0.387

8 	  41.61	 -11.83	 -10.07
	  0.408	 -0.385	 -0.828
	 -0.906	 -0.052	 -0.421
	  0.118	  0.921	 -0.370

9 	  43.52	 -12.90	 -22.20
	  0.151	 -0.154	 -0.976
	  0.071	  0.987	 -0.143
	  0.986	 -0.049	  0.159

2 	  32.87	  -7.07	  22.73
	  0.699	  0.715	 -0.015
	 -0.716	  0.698	 -0.015
	  0.001	  0.021	  1.000

3 	  44.40	  -0.33	  -0.40
	  0.449	  0.068	  0.891
	 -0.075	  0.996	 -0.039
	 -0.891	 -0.049	  0.452

4 	  37.32	   5.50	  -5.62
	  0.423	  0.754	 -0.502
	 -0.389	  0.651	  0.652
	  0.819	 -0.081	  0.568

5 	  45.91	  11.00	  -6.56
	 -0.814	 -0.415	  0.406
	 -0.579	  0.633	 -0.514
	 -0.044	 -0.653	 -0.756

6 	  50.19	  11.76	 -18.35
	  0.462	  0.082	 -0.883
	  0.109	  0.983	  0.145
	  0.881	 -0.160	  0.444

7 	  36.72	  -5.55	  -5.04
	  0.085	 -0.904	 -0.419
	  0.426	  0.413	 -0.805
	  0.901	 -0.110	  0.420

8 	  43.22	 -12.23	  -8.54
	  0.564	 -0.414	 -0.714
	 -0.812	 -0.121	 -0.571
	  0.150	  0.902	 -0.404

9 	  47.23	 -13.89	 -19.86
	  0.353	 -0.196	 -0.915
	  0.125	  0.979	 -0.159
	  0.927	 -0.060	  0.369

2 	  32.87	  -7.08	  22.73
	  0.699	  0.715	 -0.020
	 -0.716	  0.698	 -0.018
	  0.003	  0.027	  0.999

3 	  44.54	  -0.39	  -0.05
	  0.408	  0.103	  0.907
	 -0.107	  0.992	 -0.065
	 -0.906	 -0.071	  0.416

4 	  37.81	   5.52	  -5.68
	  0.451	  0.753	 -0.479
	 -0.425	  0.652	  0.627
	  0.785	 -0.080	  0.614

5 	  46.63	  10.85	  -5.50
	 -0.865	 -0.398	  0.306
	 -0.502	  0.669	 -0.548
	  0.013	 -0.628	 -0.778

6 	  52.14	  11.76	 -16.63
	  0.570	  0.095	 -0.816
	  0.089	  0.981	  0.171
	  0.818	 -0.166	  0.550

7 	  37.09	  -5.92	  -4.78
	  0.156	 -0.915	 -0.372
	  0.423	  0.402	 -0.812
	  0.892	 -0.031	  0.450

8 	  44.40	 -12.57	  -7.07
	  0.670	 -0.430	 -0.605
	 -0.725	 -0.201	 -0.659
	  0.161	  0.880	 -0.446

9 	  49.83	 -14.75	 -17.38
	  0.498	 -0.245	 -0.832
	  0.127	  0.969	 -0.209
	  0.858	 -0.003	  0.514

2 	  32.87	  -7.08	  22.73
	  0.699	  0.714	 -0.020
	 -0.716	  0.698	 -0.018
	  0.002	  0.027	  0.999

3 	  44.56	  -0.46	   0.19
	  0.385	  0.120	  0.915
	 -0.123	  0.989	 -0.079
	 -0.915	 -0.082	  0.396

4 	  38.07	   5.57	  -5.59
	  0.464	  0.762	 -0.453
	 -0.458	  0.642	  0.614
	  0.759	 -0.077	  0.646

5 	  46.97	  10.85	  -4.29
	 -0.892	 -0.400	  0.209
	 -0.444	  0.691	 -0.570
	  0.083	 -0.602	 -0.794

6 	  53.44	  11.95	 -14.78
	  0.649	  0.105	 -0.753
	  0.073	  0.978	  0.194
	  0.758	 -0.176	  0.627

7 	  37.27	  -6.19	  -4.64
	  0.194	 -0.925	 -0.327
	  0.451	  0.380	 -0.808
	  0.871	  0.009	  0.490

8 	  45.14	 -12.90	  -5.34
	  0.753	 -0.458	 -0.473
	 -0.629	 -0.286	 -0.723
	  0.196	  0.842	 -0.503

9 	  51.93	 -15.73	 -14.29
	  0.630	 -0.304	 -0.715
	  0.151	  0.951	 -0.271
	  0.762	  0.062	  0.644

2 	  32.87	  -7.08	  22.73
	  0.700	  0.714	 -0.019
	 -0.715	  0.699	 -0.017
	  0.003	  0.026	  0.999

3 	  44.56	  -0.49	   0.42
	  0.363	  0.126	  0.923
	 -0.134	  0.987	 -0.083
	 -0.922	 -0.094	  0.375

4 	  38.43	   5.80	  -5.29
	  0.493	  0.777	 -0.391
	 -0.501	  0.620	  0.604
	  0.713	 -0.101	  0.694

5 	  47.34	  10.86	  -2.62
	 -0.915	 -0.396	  0.080
	 -0.369	  0.737	 -0.567
	  0.165	 -0.548	 -0.820

6 	  54.98	  12.30	 -11.83
	  0.748	  0.120	 -0.653
	  0.053	  0.970	  0.235
	  0.663	 -0.206	  0.719

7 	  37.48	  -6.33	  -4.52
	  0.222	 -0.935	 -0.277
	  0.509	  0.353	 -0.785
	  0.831	  0.033	  0.554

8 	  45.69	 -13.04	  -3.25
	  0.824	 -0.476	 -0.306
	 -0.507	 -0.378	 -0.775
	  0.254	  0.794	 -0.552

9 	  53.86	 -16.42	 -10.23
	  0.766	 -0.339	 -0.546
	  0.198	  0.933	 -0.299
	  0.611	  0.120	  0.782

2 	  32.87	  -7.08	  22.73
	  0.702	  0.712	 -0.017
	 -0.713	  0.701	 -0.016
	  0.002	  0.024	  1.000

3 	  44.60	  -0.47	   0.70
	  0.326	  0.124	  0.937
	 -0.135	  0.987	 -0.084
	 -0.936	 -0.099	  0.338

4 	  38.94	   6.15	  -4.99
	  0.525	  0.797	 -0.299
	 -0.550	  0.584	  0.597
	  0.651	 -0.149	  0.744

5 	  47.60	  10.88	  -0.60
	 -0.921	 -0.385	 -0.066
	 -0.292	  0.790	 -0.539
	  0.260	 -0.477	 -0.840

6 	  56.43	  12.92	  -8.17
	  0.845	  0.157	 -0.511
	  0.003	  0.955	  0.296
	  0.535	 -0.248	  0.807

7 	  37.78	  -6.49	  -4.39
	  0.245	 -0.945	 -0.216
	  0.575	  0.320	 -0.752
	  0.780	  0.060	  0.622

8 	  45.97	 -13.04	  -0.95
	  0.864	 -0.489	 -0.120
	 -0.382	 -0.481	 -0.789
	  0.328	  0.728	 -0.602

9 	  55.25	 -16.79	  -5.57
	  0.870	 -0.362	 -0.334
	  0.249	  0.908	 -0.335
	  0.425	  0.208	  0.881

2 	  32.87	  -7.07	  22.73
	  0.703	  0.711	 -0.011
	 -0.712	  0.702	 -0.014
	 -0.000	  0.017	  1.000

3 	  44.70	  -0.44	   0.95
	  0.286	  0.120	  0.950
	 -0.140	  0.986	 -0.083
	 -0.948	 -0.110	  0.299

4 	  39.50	   6.50	  -4.73
	  0.553	  0.809	 -0.199
	 -0.596	  0.550	  0.585
	  0.585	 -0.205	  0.785

5 	  47.72	  10.76	   1.25
	 -0.904	 -0.372	 -0.210
	 -0.225	  0.833	 -0.506
	  0.364	 -0.410	 -0.836

6 	  57.45	  13.25	  -4.36
	  0.920	  0.188	 -0.343
	 -0.062	  0.937	  0.344
	  0.386	 -0.293	  0.874

7 	  38.16	  -6.66	  -4.17
	  0.266	 -0.954	 -0.138
	  0.642	  0.281	 -0.713
	  0.720	  0.100	  0.687

8 	  46.05	 -12.88	   1.14
	  0.876	 -0.479	  0.052
	 -0.261	 -0.563	 -0.784
	  0.405	  0.674	 -0.618

9 	  55.95	 -16.56	  -1.11
	  0.930	 -0.351	 -0.105
	  0.301	  0.895	 -0.330
	  0.210	  0.276	  0.938

2 	  32.87	  -7.07	  22.73
	  0.704	  0.710	 -0.010
	 -0.711	  0.703	 -0.013
	 -0.000	  0.016	  1.000

3 	  44.77	  -0.44	   1.11
	  0.256	  0.111	  0.960
	 -0.147	  0.986	 -0.075
	 -0.955	 -0.122	  0.269

4 	  39.96	   6.79	  -4.45
	  0.572	  0.814	 -0.096
	 -0.639	  0.514	  0.572
	  0.517	 -0.266	  0.814

5 	  47.57	  10.55	   3.02
	 -0.869	 -0.352	 -0.347
	 -0.166	  0.869	 -0.467
	  0.467	 -0.348	 -0.813

6 	  57.92	  13.17	  -0.74
	  0.965	  0.195	 -0.175
	 -0.122	  0.925	  0.358
	  0.232	 -0.324	  0.917

7 	  38.36	  -6.86	  -3.94
	  0.261	 -0.964	 -0.044
	  0.706	  0.221	 -0.672
	  0.659	  0.143	  0.738

8 	  45.49	 -12.71	   3.23
	  0.851	 -0.470	  0.235
	 -0.135	 -0.628	 -0.766
	  0.508	  0.620	 -0.598

9 	  55.62	 -16.29	   3.67
	  0.936	 -0.319	  0.146
	  0.349	  0.894	 -0.281
	 -0.042	  0.314	  0.948

2 	  32.87	  -7.07	  22.73
	  0.705	  0.709	 -0.008
	 -0.710	  0.704	 -0.010
	  0.000	  0.013	  1.000

3 	  44.77	  -0.47	   1.21
	  0.231	  0.095	  0.968
	 -0.147	  0.987	 -0.063
	 -0.962	 -0.128	  0.242

4 	  40.25	   7.05	  -4.15
	  0.569	  0.822	  0.010
	 -0.693	  0.472	  0.545
	  0.445	 -0.318	  0.837

5 	  47.06	  10.27	   4.59
	 -0.820	 -0.331	 -0.467
	 -0.123	  0.899	 -0.421
	  0.559	 -0.287	 -0.777

6 	  57.74	  13.20	   3.11
	  0.976	  0.216	  0.022
	 -0.209	  0.905	  0.370
	  0.060	 -0.366	  0.928

7 	  38.53	  -7.03	  -3.71
	  0.252	 -0.967	  0.040
	  0.757	  0.171	 -0.631
	  0.603	  0.189	  0.774

8 	  44.51	 -12.69	   4.89
	  0.788	 -0.475	  0.391
	 -0.033	 -0.667	 -0.744
	  0.614	  0.573	 -0.542

9 	  54.40	 -16.07	   7.63
	  0.890	 -0.286	  0.355
	  0.373	  0.904	 -0.207
	 -0.263	  0.316	  0.911

2 	  32.87	  -7.07	  22.73
	  0.706	  0.708	 -0.007
	 -0.709	  0.705	 -0.010
	 -0.000	  0.011	  1.000

3 	  44.77	  -0.47	   1.28
	  0.219	  0.083	  0.972
	 -0.156	  0.986	 -0.050
	 -0.963	 -0.140	  0.229

4 	  40.48	   7.28	  -3.83
	  0.544	  0.830	  0.121
	 -0.756	  0.422	  0.499
	  0.364	 -0.363	  0.857

5 	  46.25	  10.05	   6.10
	 -0.753	 -0.314	 -0.579
	 -0.093	  0.921	 -0.379
	  0.652	 -0.231	 -0.722

6 	  56.94	  13.22	   7.00
