2 	  32.70	  -7.37	  22.73
	  0.508	  0.861	 -0.027
	 -0.862	  0.507	 -0.012
	  0.004	  0.030	  0.999

3 	  44.53	  -0.40	   0.98
	  0.592	 -0.080	  0.802
	 -0.028	  0.992	  0.119
	 -0.805	 -0.093	  0.585

4 	  37.83	   6.13	  -3.29
	  0.113	  0.973	  0.202
	 -0.856	 -0.008	  0.516
	  0.504	 -0.231	  0.832

5 	  40.06	   8.47	   8.86
	  0.520	  0.188	  0.833
	 -0.436	 -0.782	  0.445
	  0.737	 -0.593	 -0.324

6 	  48.67	   9.04	  16.33
	  0.725	 -0.049	  0.686
	 -0.477	  0.684	  0.551
	 -0.499	 -0.726	  0.474

7 	  39.11	  -8.38	  -2.92
	  0.260	 -0.918	  0.298
	  0.917	  0.138	 -0.374
	  0.302	  0.370	  0.878

8 	  40.48	 -10.20	   9.67
	  0.566	 -0.060	  0.822
	  0.354	 -0.884	 -0.306
	  0.746	  0.462	 -0.478

9 	  46.65	 -12.22	  18.70
	  0.505	 -0.066	  0.860
	  0.796	  0.421	 -0.433
	 -0.339	  0.903	  0.265

2 	  32.70	  -7.37	  22.73
	  0.508	  0.861	 -0.027
	 -0.862	  0.507	 -0.012
	  0.004	  0.030	  0.999

3 	  44.51	  -0.40	   0.98
	  0.595	 -0.078	  0.799
	 -0.027	  0.993	  0.117
	 -0.803	 -0.091	  0.588

4 	  37.83	   6.13	  -3.29
	  0.113	  0.973	  0.203
	 -0.856	 -0.008	  0.517
	  0.505	 -0.232	  0.831

5 	  40.04	   8.49	   8.86
	  0.520	  0.188	  0.833
	 -0.436	 -0.782	  0.446
	  0.736	 -0.594	 -0.324

6 	  48.67	   9.04	  16.33
	  0.725	 -0.049	  0.686
	 -0.477	  0.685	  0.550
	 -0.499	 -0.725	  0.474

7 	  39.11	  -8.38	  -2.92
	  0.261	 -0.918	  0.298
	  0.917	  0.139	 -0.374
	  0.302	  0.371	  0.878

8 	  40.50	 -10.21	   9.69
	  0.565	 -0.059	  0.823
	  0.354	 -0.884	 -0.305
	  0.747	  0.462	 -0.479

9 	  46.67	 -12.22	  18.70
	  0.502	 -0.067	  0.862
	  0.797	  0.423	 -0.430
	 -0.342	  0.901	  0.266

2 	  32.70	  -7.37	  22.73
	  0.507	  0.861	 -0.027
	 -0.862	  0.507	 -0.013
	  0.003	  0.029	  0.999

3 	  44.53	  -0.40	   0.97
	  0.597	 -0.077	  0.798
	 -0.028	  0.993	  0.116
	 -0.802	 -0.092	  0.590

4 	  37.85	   6.12	  -3.30
	  0.114	  0.973	  0.202
	 -0.855	 -0.007	  0.518
	  0.505	 -0.232	  0.831

5 	  40.04	   8.49	   8.84
	  0.519	  0.188	  0.834
	 -0.436	 -0.782	  0.445
	  0.737	 -0.593	 -0.324

6 	  48.67	   9.04	  16.31
	  0.724	 -0.048	  0.687
	 -0.475	  0.689	  0.547
	 -0.502	 -0.721	  0.477

7 	  39.15	  -8.38	  -2.94
	  0.264	 -0.917	  0.297
	  0.915	  0.141	 -0.377
	  0.304	  0.371	  0.877

8 	  40.50	 -10.20	   9.65
	  0.566	 -0.059	  0.822
	  0.352	 -0.885	 -0.304
	  0.747	  0.459	 -0.480

9 	  46.69	 -12.20	  18.69
	  0.502	 -0.068	  0.862
	  0.797	  0.425	 -0.429
	 -0.343	  0.901	  0.267

2 	  32.70	  -7.37	  22.73
	  0.508	  0.861	 -0.026
	 -0.862	  0.507	 -0.013
	  0.003	  0.029	  0.999

3 	  44.56	  -0.42	   0.93
	  0.597	 -0.077	  0.798
	 -0.027	  0.993	  0.115
	 -0.801	 -0.091	  0.591

4 	  37.86	   6.12	  -3.32
	  0.115	  0.973	  0.201
	 -0.855	 -0.006	  0.519
	  0.506	 -0.232	  0.831

5 	  40.06	   8.49	   8.82
	  0.519	  0.188	  0.834
	 -0.436	 -0.782	  0.445
	  0.738	 -0.593	 -0.323

6 	  48.69	   9.04	  16.29
	  0.723	 -0.047	  0.689
	 -0.474	  0.693	  0.543
	 -0.505	 -0.718	  0.479

7 	  39.16	  -8.40	  -2.95
	  0.265	 -0.917	  0.297
	  0.915	  0.141	 -0.379
	  0.305	  0.371	  0.877

8 	  40.54	 -10.21	   9.65
	  0.567	 -0.059	  0.822
	  0.350	 -0.886	 -0.304
	  0.747	  0.458	 -0.481

9 	  46.72	 -12.22	  18.65
	  0.505	 -0.070	  0.860
	  0.797	  0.425	 -0.430
	 -0.342	  0.901	  0.269

2 	  32.70	  -7.38	  22.73
	  0.508	  0.861	 -0.027
	 -0.862	  0.507	 -0.012
	  0.004	  0.029	  0.999

3 	  44.56	  -0.42	   0.93
	  0.597	 -0.077	  0.798
	 -0.026	  0.993	  0.115
	 -0.802	 -0.089	  0.590

4 	  37.88	   6.12	  -3.32
	  0.115	  0.973	  0.201
	 -0.855	 -0.006	  0.518
	  0.505	 -0.232	  0.831

5 	  40.06	   8.49	   8.82
	  0.518	  0.189	  0.834
	 -0.435	 -0.783	  0.445
	  0.739	 -0.591	 -0.323

6 	  48.67	   9.05	  16.31
	  0.724	 -0.047	  0.688
	 -0.476	  0.690	  0.546
	 -0.502	 -0.721	  0.477

7 	  39.16	  -8.40	  -2.92
	  0.261	 -0.917	  0.301
	  0.916	  0.136	 -0.376
	  0.304	  0.374	  0.876

8 	  40.52	 -10.23	   9.63
	  0.565	 -0.066	  0.822
	  0.338	 -0.891	 -0.303
	  0.754	  0.447	 -0.481

9 	  46.72	 -12.30	  18.63
	  0.508	 -0.082	  0.857
	  0.805	  0.400	 -0.438
	 -0.313	  0.911	  0.268

2 	  32.70	  -7.37	  22.73
	  0.508	  0.861	 -0.026
	 -0.862	  0.507	 -0.012
	  0.004	  0.029	  0.999

3 	  44.58	  -0.44	   0.95
	  0.593	 -0.078	  0.801
	 -0.023	  0.993	  0.114
	 -0.805	 -0.086	  0.587

4 	  37.97	   6.12	  -3.32
	  0.124	  0.968	  0.216
	 -0.864	 -0.002	  0.503
	  0.488	 -0.249	  0.836

5 	  39.97	   8.53	   8.82
	  0.512	  0.205	  0.834
	 -0.414	 -0.793	  0.447
	  0.754	 -0.573	 -0.321

6 	  48.62	   9.21	  16.33
	  0.729	 -0.034	  0.684
	 -0.501	  0.656	  0.565
	 -0.470	 -0.752	  0.461

7 	  39.01	  -8.38	  -2.90
	  0.253	 -0.915	  0.314
	  0.916	  0.121	 -0.382
	  0.312	  0.384	  0.869

8 	  40.54	 -10.27	   9.56
	  0.564	 -0.135	  0.815
	  0.251	 -0.912	 -0.323
	  0.788	  0.385	 -0.480

9 	  46.81	 -13.32	  18.21
	  0.528	 -0.162	  0.833
	  0.826	  0.325	 -0.459
	 -0.202	  0.931	  0.304

2 	  32.70	  -7.37	  22.73
	  0.507	  0.861	 -0.027
	 -0.862	  0.506	 -0.012
	  0.004	  0.030	  0.999

3 	  44.58	  -0.46	   0.97
	  0.590	 -0.082	  0.803
	 -0.020	  0.993	  0.115
	 -0.807	 -0.084	  0.584

4 	  37.88	   6.06	  -3.30
	  0.113	  0.962	  0.247
	 -0.875	 -0.022	  0.483
	  0.471	 -0.270	  0.840

5 	  39.55	   8.53	   8.84
	  0.497	  0.286	  0.819
	 -0.285	 -0.839	  0.464
	  0.820	 -0.463	 -0.335

6 	  47.60	  11.57	  16.47
	  0.698	  0.161	  0.697
	 -0.698	  0.371	  0.612
	 -0.163	 -0.913	  0.373

7 	  38.67	  -8.21	  -2.85
	  0.255	 -0.918	  0.303
	  0.906	  0.117	 -0.407
	  0.339	  0.378	  0.861

8 	  40.76	 -11.13	   9.23
	  0.612	 -0.344	  0.712
	 -0.006	 -0.903	 -0.430
	  0.791	  0.258	 -0.555

9 	  46.90	 -16.26	  16.42
	  0.564	 -0.366	  0.740
	  0.821	  0.143	 -0.553
	  0.096	  0.920	  0.381

2 	  32.70	  -7.37	  22.73
	  0.507	  0.861	 -0.027
	 -0.862	  0.507	 -0.013
	  0.003	  0.029	  0.999

3 	  44.33	  -0.33	   0.90
	  0.598	 -0.061	  0.799
	 -0.068	  0.990	  0.126
	 -0.798	 -0.130	  0.588

4 	  36.90	   5.62	  -3.53
	  0.015	  0.979	  0.201
	 -0.863	 -0.090	  0.497
	  0.505	 -0.181	  0.844

5 	  38.92	   9.53	   8.05
	  0.502	  0.498	  0.707
	 -0.011	 -0.814	  0.580
	  0.865	 -0.299	 -0.404

6 	  47.09	  15.28	  13.97
	  0.724	  0.391	  0.568
	 -0.683	  0.294	  0.668
	  0.094	 -0.872	  0.480

7 	  38.14	  -7.93	  -3.11
	  0.312	 -0.932	  0.183
	  0.852	  0.189	 -0.488
	  0.421	  0.308	  0.853

8 	  41.13	 -12.60	   7.89
	  0.636	 -0.558	  0.532
	 -0.233	 -0.796	 -0.559
	  0.736	  0.232	 -0.636

9 	  47.07	 -19.78	  12.83
	  0.583	 -0.577	  0.571
	  0.751	  0.115	 -0.650
	  0.312	  0.808	  0.499

2 	  32.70	  -7.37	  22.73
	  0.508	  0.861	 -0.027
	 -0.862	  0.507	 -0.012
	  0.004	  0.030	  0.999

3 	  43.98	  -0.18	   0.63
	  0.607	 -0.051	  0.792
	 -0.131	  0.978	  0.162
	 -0.784	 -0.202	  0.587

4 	  36.00	   5.17	  -3.73
	 -0.040	  0.988	  0.146
	 -0.838	 -0.113	  0.533
	  0.544	 -0.101	  0.833

5 	  39.15	  10.71	   6.73
	  0.550	  0.646	  0.529
	  0.195	 -0.715	  0.671
	  0.812	 -0.266	 -0.520

6 	  47.76	  17.84	   9.63
	  0.788	  0.524	  0.321
	 -0.561	  0.398	  0.726
	  0.254	 -0.753	  0.607

7 	  37.55	  -7.51	  -3.50
	  0.355	 -0.935	  0.015
	  0.775	  0.285	 -0.564
	  0.523	  0.211	  0.825

8 	  41.27	 -13.85	   6.08
	  0.643	 -0.676	  0.359
	 -0.349	 -0.676	 -0.649
	  0.682	  0.292	 -0.670

9 	  47.09	 -22.10	   8.70
	  0.591	 -0.712	  0.378
	  0.667	  0.165	 -0.727
	  0.458	  0.681	  0.570

2 	  32.70	  -7.37	  22.73
	  0.508	  0.861	 -0.027
	 -0.862	  0.507	 -0.012
	  0.004	  0.029	  0.999

3 	  43.70	  -0.07	   0.40
	  0.615	 -0.056	  0.786
	 -0.164	  0.967	  0.196
	 -0.772	 -0.249	  0.585

4 	  35.35	   4.94	  -3.76
	 -0.050	  0.996	  0.076
	 -0.803	 -0.086	  0.590
	  0.594	 -0.031	  0.804

5 	  39.66	  11.44	   5.47
	  0.608	  0.699	  0.376
	  0.310	 -0.645	  0.699
	  0.732	 -0.308	 -0.608

6 	  48.46	  18.77	   5.91
	  0.827	  0.549	  0.117
	 -0.449	  0.521	  0.726
	  0.338	 -0.654	  0.677

7 	  36.95	  -7.22	  -3.74
	  0.378	 -0.918	 -0.120
	  0.694	  0.366	 -0.620
	  0.613	  0.151	  0.775

8 	  41.45	 -14.59	   4.39
	  0.660	 -0.724	  0.200
	 -0.431	 -0.583	 -0.689
	  0.616	  0.369	 -0.696

9 	  47.13	 -23.27	   5.10
	  0.589	 -0.780	  0.213
	  0.593	  0.234	 -0.770
	  0.554	  0.579	  0.597

2 	  32.70	  -7.37	  22.75
	  0.508	  0.861	 -0.026
	 -0.862	  0.507	 -0.013
	  0.003	  0.029	  0.999

3 	  43.40	  -0.02	   0.18
	  0.641	 -0.061	  0.765
	 -0.178	  0.958	  0.224
	 -0.748	 -0.278	  0.603

4 	  34.86	   4.82	  -3.80
	 -0.053	  0.998	  0.008
	 -0.759	 -0.045	  0.650
	  0.649	  0.028	  0.760

5 	  40.01	  11.99	   4.29
	  0.649	  0.718	  0.252
	  0.375	 -0.590	  0.715
	  0.663	 -0.370	 -0.651

6 	  48.85	  19.05	   3.09
	  0.842	  0.538	 -0.033
	 -0.359	  0.604	  0.711
	  0.404	 -0.587	  0.701

7 	  36.44	  -6.93	  -3.92
	  0.401	 -0.888	 -0.225
	  0.607	  0.441	 -0.661
	  0.686	  0.128	  0.716

8 	  41.77	 -14.94	   2.69
	  0.672	 -0.740	  0.040
	 -0.516	 -0.506	 -0.691
	  0.532	  0.443	 -0.721

9 	  47.25	 -23.75	   1.48
	  0.582	 -0.812	  0.045
	  0.495	  0.306	 -0.813
	  0.649	  0.495	  0.577

2 	  32.70	  -7.37	  22.73
	  0.508	  0.861	 -0.026
	 -0.862	  0.507	 -0.013
	  0.003	  0.029	  0.999

3 	  43.21	   0.04	   0.02
	  0.658	 -0.071	  0.749
	 -0.176	  0.954	  0.244
	 -0.733	 -0.291	  0.615

4 	  34.56	   4.85	  -3.74
	 -0.044	  0.998	 -0.036
	 -0.721	 -0.007	  0.692
	  0.691	  0.056	  0.720

5 	  40.45	  12.30	   3.45
	  0.682	  0.713	  0.165
	  0.414	 -0.562	  0.716
	  0.604	 -0.420	 -0.677

6 	  49.24	  19.05	   0.95
	  0.843	  0.519	 -0.139
	 -0.283	  0.649	  0.706
	  0.457	 -0.556	  0.694

7 	  36.07	  -6.61	  -4.01
	  0.409	 -0.856	 -0.316
	  0.531	  0.504	 -0.681
	  0.743	  0.111	  0.660

8 	  42.08	 -14.98	   1.12
	  0.683	 -0.723	 -0.099
	 -0.583	 -0.457	 -0.672
	  0.441	  0.517	 -0.733

9 	  47.39	 -23.59	  -1.62
	  0.570	 -0.816	 -0.095
	  0.398	  0.373	 -0.838
	  0.722	  0.439	  0.534

2 	  32.68	  -7.37	  22.73
	  0.508	  0.861	 -0.027
	 -0.862	  0.507	 -0.012
	  0.004	  0.030	  0.999

3 	  43.03	   0.11	  -0.09
	  0.674	 -0.080	  0.734
	 -0.167	  0.952	  0.256
	 -0.720	 -0.294	  0.628

4 	  34.35	   4.87	  -3.74
	 -0.022	  0.996	 -0.083
	 -0.688	  0.044	  0.724
	  0.725	  0.073	  0.684

5 	  40.97	  12.50	   2.29
	  0.720	  0.690	  0.062
	  0.442	 -0.526	  0.726
	  0.535	 -0.496	 -0.683

6 	  49.87	  18.18	  -2.21
	  0.860	  0.430	 -0.275
	 -0.256	  0.829	  0.496
	  0.442	 -0.356	  0.823

7 	  35.72	  -6.45	  -4.01
	  0.413	 -0.816	 -0.403
	  0.456	  0.568	 -0.685
	  0.789	  0.099	  0.607

8 	  42.52	 -14.84	  -0.51
	  0.704	 -0.672	 -0.230
	 -0.626	 -0.434	 -0.648
	  0.336	  0.600	 -0.725

9 	  48.08	 -22.59	  -5.34
	  0.589	 -0.758	 -0.282
	  0.223	  0.486	 -0.845
	  0.778	  0.434	  0.453

2 	  32.70	  -7.37	  22.73
	  0.508	  0.861	 -0.027
	 -0.862	  0.507	 -0.012
	  0.004	  0.030	  0.999

3 	  42.93	   0.09	  -0.19
	  0.685	 -0.082	  0.723
	 -0.156	  0.954	  0.255
	 -0.712	 -0.287	  0.640

4 	  34.19	   4.75	  -3.81
	  0.008	  0.990	 -0.143
	 -0.642	  0.115	  0.758
	  0.767	  0.085	  0.635

5 	  41.66	  12.34	   0.98
	  0.765	  0.642	 -0.050
	  0.468	 -0.500	  0.729
	  0.444	 -0.581	 -0.682

6 	  50.41	  16.82	  -5.08
	  0.845	  0.322	 -0.426
	 -0.038	  0.833	  0.552
	  0.533	 -0.448	  0.717

7 	  35.51	  -6.45	  -3.99
	  0.417	 -0.778	 -0.471
	  0.389	  0.620	 -0.681
	  0.822	  0.101	  0.560

8 	  43.49	 -14.10	  -1.88
	  0.732	 -0.580	 -0.358
	 -0.666	 -0.494	 -0.559
	  0.147	  0.647	 -0.747

9 	  48.99	 -21.15	  -8.03
	  0.575	 -0.692	 -0.436
	 -0.262	  0.353	 -0.898
	  0.778	  0.627	  0.025

2 	  32.70	  -7.35	  22.73
	  0.507	  0.861	 -0.027
	 -0.862	  0.507	 -0.012
	  0.004	  0.030	  0.999

3 	  42.87	   0.00	  -0.25
	  0.690	 -0.082	  0.719
	 -0.143	  0.959	  0.245
	 -0.710	 -0.272	  0.650

4 	  34.21	   4.64	  -3.88
	  0.036	  0.982	 -0.185
	 -0.609	  0.168	  0.775
	  0.793	  0.085	  0.603

5 	  42.15	  12.04	   0.25
	  0.792	  0.599	 -0.115
	  0.489	 -0.510	  0.708
	  0.367	 -0.617	 -0.696

6 	  50.62	  16.03	  -6.75
	  0.784	  0.264	 -0.561
	  0.409	  0.461	  0.787
	  0.469	 -0.845	  0.254

7 	  35.47	  -6.50	  -4.01
	  0.422	 -0.741	 -0.522
	  0.335	  0.663	 -0.670
	  0.842	  0.108	  0.527

8 	  44.35	 -13.25	  -2.90
	  0.741	 -0.501	 -0.446
	 -0.670	 -0.586	 -0.456
	 -0.034	  0.637	 -0.770

9 	  49.85	 -19.83	  -9.76
	  0.553	 -0.656	 -0.513
	 -0.622	  0.086	 -0.778
	  0.558	  0.748	 -0.359

2 	  32.70	  -7.37	  22.73
	  0.508	  0.861	 -0.026
	 -0.862	  0.507	 -0.012
	  0.004	  0.029	  0.999

3 	  42.87	  -0.05	  -0.28
	  0.691	 -0.078	  0.718
	 -0.136	  0.962	  0.234
	 -0.710	 -0.260	  0.655

4 	  34.19	   4.57	  -3.97
	  0.049	  0.975	 -0.218
	 -0.587	  0.204	  0.784
	  0.809	  0.090	  0.581

5 	  42.52	  11.76	  -0.51
	  0.809	  0.563	 -0.166
	  0.503	 -0.518	  0.692
	  0.304	 -0.644	 -0.702

6 	  50.68	  15.36	  -8.02
	  0.727	  0.228	 -0.647
	  0.635	  0.134	  0.760
	  0.260	 -0.964	 -0.047

7 	  35.42	  -6.50	  -4.03
	  0.419	 -0.706	 -0.571
	  0.290	  0.700	 -0.653
	  0.860	  0.108	  0.498

8 	  44.60	 -12.73	  -3.96
	  0.728	 -0.447	 -0.520
	 -0.670	 -0.624	 -0.401
	 -0.146	  0.640	 -0.754

9 	  49.85	 -19.05	 -11.29
	  0.524	 -0.631	 -0.572
	 -0.734	  0.008	 -0.679
	  0.436	  0.775	 -0.458

2 	  32.70	  -7.37	  22.73
	  0.507	  0.861	 -0.026
	 -0.862	  0.506	 -0.013
	  0.003	  0.029	  0.999

3 	  42.84	  -0.11	  -0.33
	  0.694	 -0.077	  0.715
	 -0.131	  0.964	  0.230
	 -0.708	 -0.253	  0.659

4 	  34.12	   4.46	  -4.03
	  0.060	  0.967	 -0.248
	 -0.561	  0.238	  0.793
	  0.826	  0.091	  0.556

5 	  42.61	  11.64	  -1.09
	  0.812	  0.544	 -0.209
	  0.518	 -0.510	  0.687
	  0.268	 -0.666	 -0.696

6 	  50.40	  14.94	  -9.11
	  0.696	  0.195	 -0.691
	  0.670	  0.175	  0.721
	  0.261	 -0.965	 -0.009

7 	  35.17	  -6.45	  -4.01
	  0.396	 -0.674	 -0.624
	  0.261	  0.734	 -0.627
	  0.880	  0.085	  0.467

8 	  44.26	 -12.48	  -5.08
	  0.695	 -0.401	 -0.596
	 -0.688	 -0.611	 -0.391
	 -0.209	  0.682	 -0.701

9 	  48.96	 -18.14	 -13.59
	  0.474	 -0.581	 -0.662
	 -0.776	  0.084	 -0.625
	  0.425	  0.807	 -0.409

2 	  32.70	  -7.37	  22.73
	  0.508	  0.861	 -0.026
	 -0.862	  0.507	 -0.013
	  0.003	  0.029	  0.999

3 	  42.70	  -0.19	  -0.42
	  0.698	 -0.074	  0.712
	 -0.126	  0.967	  0.222
	 -0.706	 -0.244	  0.665

4 	  33.87	   4.36	  -3.99
	  0.068	  0.958	 -0.279
	 -0.528	  0.271	  0.804
	  0.846	  0.093	  0.524

5 	  42.57	  11.50	  -1.90
	  0.810	  0.519	 -0.274
	  0.544	 -0.488	  0.682
	  0.221	 -0.702	 -0.677

6 	  49.73	  13.71	 -10.95
	  0.628	  0.085	 -0.773
	  0.726	  0.296	  0.621
	  0.282	 -0.951	  0.124

7 	  34.98	  -6.42	  -3.94
	  0.378	 -0.639	 -0.670
	  0.240	  0.766	 -0.596
	  0.894	  0.065	  0.443

8 	  43.93	 -12.08	  -6.29
	  0.655	 -0.338	 -0.676
	 -0.705	 -0.596	 -0.384
	 -0.275	  0.727	 -0.629

9 	  47.92	 -16.79	 -16.03
	  0.412	 -0.493	 -0.767
	 -0.826	  0.158	 -0.542
	  0.392	  0.854	 -0.342

2 	  32.70	  -7.37	  22.75
	  0.508	  0.861	 -0.026
	 -0.862	  0.507	 -0.013
	  0.003	  0.029	  0.999

3 	  42.61	  -0.26	  -0.51
	  0.705	 -0.076	  0.704
	 -0.120	  0.967	  0.224
	 -0.699	 -0.242	  0.673

4 	  33.77	   4.24	  -3.99
	  0.076	  0.948	 -0.309
	 -0.506	  0.303	  0.807
	  0.860	  0.095	  0.502

5 	  42.49	  11.25	  -2.71
	  0.799	  0.499	 -0.336
	  0.570	 -0.448	  0.689
	  0.194	 -0.742	 -0.642

6 	  48.88	  11.88	 -12.92
	  0.525	 -0.081	 -0.847
	  0.809	  0.358	  0.466
	  0.265	 -0.930	  0.253

7 	  34.72	  -6.38	  -3.96
	  0.356	 -0.607	 -0.711
	  0.243	  0.794	 -0.557
	  0.902	  0.025	  0.430

8 	  43.42	 -11.67	  -7.28
	  0.620	 -0.274	 -0.735
	 -0.717	 -0.578	 -0.389
	 -0.320	  0.768	 -0.555

9 	  46.76	 -15.40	 -18.02
	  0.345	 -0.395	 -0.852
	 -0.862	  0.228	 -0.452
	  0.376	  0.888	 -0.263

2 	  32.70	  -7.37	  22.75
	  0.509	  0.860	 -0.025
	 -0.861	  0.508	 -0.013
	  0.002	  0.028	  0.999

3 	  42.56	  -0.37	  -0.60
	  0.708	 -0.080	  0.701
	 -0.113	  0.968	  0.223
	 -0.697	 -0.237	  0.676

4 	  33.75	   4.17	  -4.06
	  0.091	  0.937	 -0.338
	 -0.484	  0.338	  0.807
	  0.871	  0.090	  0.483

5 	  42.61	  10.99	  -3.25
	  0.798	  0.478	 -0.366
	  0.577	 -0.429	  0.695
	  0.176	 -0.766	 -0.618

6 	  48.62	  10.69	 -13.82
	  0.473	 -0.172	 -0.864
	  0.846	  0.365	  0.389
	  0.248	 -0.915	  0.318

7 	  34.61	  -6.35	  -4.01
	  0.336	 -0.594	 -0.731
	  0.256	  0.804	 -0.536
	  0.906	 -0.007	  0.422

8 	  43.15	 -11.44	  -7.91
	  0.593	 -0.244	 -0.767
	 -0.728	 -0.570	 -0.380
	 -0.346	  0.783	 -0.516

9 	  46.16	 -14.70	 -18.97
	  0.308	 -0.357	 -0.882
	 -0.879	  0.248	 -0.406
	  0.367	  0.899	 -0.239

2 	  32.68	  -7.37	  22.73
	  0.511	  0.859	 -0.023
	 -0.860	  0.510	 -0.012
	  0.002	  0.026	  0.999

3 	  42.54	  -0.44	  -0.70
	  0.713	 -0.090	  0.695
	 -0.101	  0.968	  0.227
	 -0.695	 -0.232	  0.681

4 	  33.79	   4.15	  -4.13
	  0.104	  0.932	 -0.347
	 -0.473	  0.352	  0.807
	  0.875	  0.080	  0.477

5 	  42.73	  10.78	  -3.55
	  0.803	  0.456	 -0.383
	  0.575	 -0.427	  0.697
	  0.154	 -0.781	 -0.605

6 	  48.43	   9.77	 -14.29
	  0.433	 -0.242	 -0.868
	  0.874	  0.349	  0.338
	  0.221	 -0.905	  0.363

7 	  34.59	  -6.29	  -4.04
	  0.331	 -0.585	 -0.741
	  0.264	  0.811	 -0.522
	  0.906	 -0.023	  0.423

8 	  43.10	 -11.11	  -8.31
	  0.582	 -0.208	 -0.786
	 -0.725	 -0.571	 -0.384
	 -0.371	  0.793	 -0.484

9 	  45.88	 -13.83	 -19.65
	  0.287	 -0.311	 -0.906
	 -0.891	  0.260	 -0.371
	  0.354	  0.913	 -0.203

2 	  32.70	  -7.37	  22.73
	  0.513	  0.858	 -0.022
	 -0.859	  0.512	 -0.011
	  0.002	  0.024	  1.000

3 	  42.54	  -0.44	  -0.72
	  0.715	 -0.095	  0.692
	 -0.095	  0.968	  0.230
	 -0.693	 -0.230	  0.683

4 	  33.79	   4.15	  -4.13
	  0.109	  0.929	 -0.352
	 -0.468	  0.360	  0.807
	  0.877	  0.077	  0.473

5 	  42.80	  10.69	  -3.69
	  0.805	  0.447	 -0.390
	  0.574	 -0.422	  0.701
	  0.149	 -0.789	 -0.596

6 	  48.22	   9.18	 -14.47
	  0.406	 -0.294	 -0.865
	  0.886	  0.359	  0.293
	  0.224	 -0.886	  0.406

7 	  34.59	  -6.26	  -4.06
	  0.329	 -0.577	 -0.748
	  0.272	  0.816	 -0.510
	  0.904	 -0.036	  0.425

8 	  43.01	 -10.90	  -8.60
	  0.575	 -0.179	 -0.798
	 -0.725	 -0.564	 -0.395
	 -0.382	  0.805	 -0.454

9 	  45.54	 -13.04	 -20.23
	  0.260	 -0.251	 -0.933
	 -0.908	  0.265	 -0.324
	  0.330	  0.930	 -0.161

2 	  32.70	  -7.35	  22.73
	  0.513	  0.858	 -0.020
	 -0.858	  0.513	 -0.011
	  0.002	  0.023	  1.000

3 	  42.54	  -0.44	  -0.74
	  0.716	 -0.099	  0.690
	 -0.092	  0.968	  0.232
	 -0.692	 -0.230	  0.684

4 	  33.79	   4.15	  -4.13
	  0.111	  0.928	 -0.355
	 -0.464	  0.364	  0.808
	  0.879	  0.074	  0.470

5 	  42.84	  10.60	  -3.80
	  0.804	  0.442	 -0.397
	  0.576	 -0.416	  0.704
	  0.146	 -0.795	 -0.589

6 	  48.01	   8.75	 -14.62
	  0.375	 -0.333	 -0.865
	  0.901	  0.352	  0.253
	  0.219	 -0.874	  0.433

7 	  34.61	  -6.26	  -4.10
	  0.329	 -0.575	 -0.749
	  0.281	  0.816	 -0.504
	  0.901	 -0.045	  0.430

8 	  43.00	 -10.81	  -8.74
	  0.574	 -0.155	 -0.804
	 -0.725	 -0.553	 -0.410
	 -0.383	  0.817	 -0.430

9 	  45.39	 -12.32	 -20.58
	  0.231	 -0.185	 -0.955
	 -0.925	  0.263	 -0.275
	  0.303	  0.946	 -0.111

2 	  32.70	  -7.35	  22.73
	  0.514	  0.858	 -0.020
	 -0.858	  0.513	 -0.011
	  0.001	  0.023	  1.000

3 	  42.59	  -0.46	  -0.70
	  0.714	 -0.103	  0.692
	 -0.089	  0.968	  0.236
	 -0.694	 -0.230	  0.682

4 	  33.89	   4.11	  -4.17
	  0.118	  0.927	 -0.356
	 -0.469	  0.367	  0.803
	  0.875	  0.072	  0.477

5 	  42.96	  10.49	  -3.76
	  0.812	  0.433	 -0.390
	  0.565	 -0.415	  0.713
	  0.147	 -0.800	 -0.581

6 	  48.09	   8.40	 -14.57
	  0.359	 -0.363	 -0.860
	  0.910	  0.340	  0.236
	  0.206	 -0.867	  0.453

7 	  34.75	  -6.29	  -4.15
	  0.339	 -0.576	 -0.744
	  0.286	  0.816	 -0.502
	  0.896	 -0.042	  0.441

8 	  43.22	 -10.71	  -8.70
	  0.591	 -0.138	 -0.795
	 -0.713	 -0.551	 -0.433
	 -0.381	  0.822	 -0.424

9 	  45.69	 -11.83	 -20.62
	  0.230	 -0.148	 -0.962
	 -0.932	  0.252	 -0.261
	  0.283	  0.956	 -0.080

2 	  32.70	  -7.35	  22.75
	  0.514	  0.857	 -0.020
	 -0.858	  0.514	 -0.011
	  0.001	  0.023	  1.000

3 	  42.64	  -0.44	  -0.69
	  0.712	 -0.105	  0.694
	 -0.088	  0.968	  0.236
	 -0.697	 -0.229	  0.679

4 	  33.93	   4.11	  -4.18
	  0.116	  0.929	 -0.352
	 -0.474	  0.362	  0.802
	  0.873	  0.074	  0.481

5 	  42.98	  10.51	  -3.71
	  0.813	  0.436	 -0.386
	  0.563	 -0.415	  0.714
	  0.151	 -0.798	 -0.583

6 	  48.13	   8.44	 -14.48
	  0.358	 -0.365	 -0.859
	  0.912	  0.335	  0.236
	  0.201	 -0.868	  0.453

7 	  34.77	  -6.28	  -4.15
	  0.340	 -0.575	 -0.744
	  0.284	  0.817	 -0.502
	  0.896	 -0.041	  0.441

8 	  43.24	 -10.69	  -8.70
	  0.592	 -0.136	 -0.794
	 -0.712	 -0.551	 -0.436
	 -0.380	  0.823	 -0.423

9 	  45.62	 -11.78	 -20.65
	  0.222	 -0.140	 -0.965
	 -0.936	  0.248	 -0.250
	  0.275	  0.958	 -0.077

2 	  32.68	  -7.37	  22.73
	  0.515	  0.857	 -0.019
	 -0.858	  0.514	 -0.011
	  0.001	  0.023	  1.000

3 	  42.61	  -0.42	  -0.67
	  0.713	 -0.106	  0.693
	 -0.089	  0.967	  0.238
	 -0.696	 -0.231	  0.680

4 	  33.89	   4.17	  -4.13
	  0.113	  0.933	 -0.340
	 -0.480	  0.350	  0.804
	  0.870	  0.073	  0.487

5 	  42.91	  10.67	  -3.36
	  0.813	  0.454	 -0.364
	  0.556	 -0.423	  0.715
	  0.171	 -0.784	 -0.596

6 	  48.32	   9.11	 -13.78
	  0.389	 -0.320	 -0.864
	  0.889	  0.374	  0.262
	  0.239	 -0.870	  0.430

7 	  34.79	  -6.28	  -4.10
	  0.331	 -0.596	 -0.731
	  0.286	  0.802	 -0.525
	  0.899	 -0.035	  0.435

8 	  43.26	 -11.51	  -7.95
	  0.614	 -0.209	 -0.761
	 -0.728	 -0.524	 -0.443
	 -0.308	  0.825	 -0.474

9 	  45.67	 -12.76	 -19.69
	  0.193	 -0.107	 -0.975
	 -0.932	  0.290	 -0.216
	  0.307	  0.951	 -0.045

2 	  32.68	  -7.37	  22.73
	  0.519	  0.854	 -0.023
	 -0.855	  0.519	 -0.013
	  0.002	  0.026	  0.999

3 	  42.79	  -0.37	  -0.54
	  0.700	 -0.113	  0.705
	 -0.088	  0.966	  0.241
	 -0.709	 -0.230	  0.666

4 	  34.19	   4.39	  -3.97
	  0.094	  0.961	 -0.261
	 -0.539	  0.269	  0.798
	  0.837	  0.066	  0.542

5 	  42.61	  11.41	  -1.44
	  0.813	  0.536	 -0.226
	  0.505	 -0.457	  0.732
	  0.289	 -0.710	 -0.642

6 	  49.43	  11.27	 -10.93
	  0.539	 -0.182	 -0.822
	  0.787	  0.457	  0.415
	  0.301	 -0.871	  0.389

7 	  35.19	  -6.42	  -3.97
	  0.342	 -0.673	 -0.656
	  0.303	  0.739	 -0.601
	  0.889	  0.006	  0.457

8 	  43.65	 -12.81	  -5.99
	  0.671	 -0.349	 -0.654
	 -0.726	 -0.488	 -0.484
	 -0.152	  0.799	 -0.581

9 	  46.62	 -14.03	 -17.81
	  0.214	 -0.072	 -0.974
	 -0.900	  0.372	 -0.225
	  0.380	  0.925	  0.014

2 	  32.68	  -7.37	  22.73
	  0.520	  0.854	 -0.025
	 -0.855	  0.519	 -0.012
	  0.003	  0.028	  0.999

3 	  43.07	  -0.28	  -0.46
	  0.681	 -0.112	  0.723
	 -0.096	  0.966	  0.239
	 -0.726	 -0.232	  0.647

4 	  34.52	   4.54	  -3.97
	  0.075	  0.977	 -0.196
	 -0.591	  0.202	  0.780
	  0.803	  0.057	  0.593

5 	  42.26	  11.83	   0.16
	  0.790	  0.606	 -0.091
	  0.458	 -0.486	  0.745
	  0.408	 -0.630	 -0.660

6 	  50.36	  13.52	  -7.98
	  0.691	 -0.018	 -0.722
	  0.639	  0.484	  0.597
	  0.341	 -0.874	  0.346

7 	  35.68	  -6.45	  -4.06
	  0.370	 -0.694	 -0.618
	  0.313	  0.719	 -0.620
	  0.874	  0.036	  0.483

8 	  43.98	 -13.22	  -5.22
	  0.695	 -0.416	 -0.586
	 -0.715	 -0.488	 -0.501
	 -0.079	  0.767	 -0.636

9 	  47.90	 -16.26	 -16.21
	  0.328	 -0.255	 -0.910
	 -0.835	  0.373	 -0.404
	  0.445	  0.890	 -0.092

2 	  32.70	  -7.37	  22.75
	  0.520	  0.853	 -0.025
	 -0.854	  0.520	 -0.013
	  0.002	  0.028	  0.999

3 	  43.24	  -0.16	  -0.33
	  0.669	 -0.113	  0.734
	 -0.113	  0.961	  0.250
	 -0.735	 -0.250	  0.630

4 	  34.70	   4.64	  -3.94
	  0.056	  0.985	 -0.161
	 -0.622	  0.160	  0.766
	  0.781	  0.057	  0.622

5 	  41.89	  12.13	   0.93
	  0.759	  0.650	 -0.024
	  0.450	 -0.498	  0.741
	  0.471	 -0.574	 -0.670

6 	  50.45	  15.75	  -5.92
	  0.765	  0.169	 -0.621
	  0.491	  0.471	  0.732
	  0.420	 -0.864	  0.278

7 	  35.84	  -6.38	  -4.10
	  0.378	 -0.714	 -0.589
	  0.333	  0.699	 -0.633
	  0.864	  0.043	  0.502

8 	  43.84	 -13.59	  -4.52
	  0.690	 -0.498	 -0.525
	 -0.724	 -0.475	 -0.500
	 -0.001	  0.725	 -0.688

9 	  48.11	 -18.76	 -14.10
	  0.390	 -0.467	 -0.794
	 -0.743	  0.353	 -0.569
	  0.551	  0.807	 -0.209

2 	  32.70	  -7.37	  22.75
	  0.520	  0.853	 -0.025
	 -0.854	  0.520	 -0.013
	  0.002	  0.028	  0.999

3 	  43.24	  -0.04	  -0.21
	  0.667	 -0.112	  0.736
	 -0.135	  0.954	  0.266
	 -0.733	 -0.277	  0.621

4 	  34.80	   4.87	  -3.94
	  0.041	  0.995	 -0.094
	 -0.652	  0.098	  0.751
	  0.757	  0.030	  0.653

5 	  41.40	  12.25	   2.18
	  0.732	  0.675	  0.088
	  0.424	 -0.551	  0.718
	  0.535	 -0.489	 -0.689

6 	  50.34	  17.75	  -2.29
	  0.824	  0.373	 -0.426
	  0.279	  0.389	  0.878
	  0.495	 -0.841	  0.219

7 	  35.93	  -6.43	  -4.04
	  0.376	 -0.767	 -0.519
	  0.374	  0.638	 -0.673
	  0.848	  0.059	  0.527

8 	  43.49	 -14.22	  -2.71
	  0.689	 -0.605	 -0.400
	 -0.715	 -0.476	 -0.512
	  0.119	  0.638	 -0.760

9 	  48.22	 -21.18	 -10.39
	  0.437	 -0.627	 -0.645
	 -0.649	  0.281	 -0.706
	  0.630	  0.723	 -0.282

2 	  32.68	  -7.37	  22.73
	  0.520	  0.854	 -0.026
	 -0.855	  0.519	 -0.013
	  0.003	  0.029	  0.999

3 	  43.28	   0.00	  -0.09
	  0.673	 -0.100	  0.733
	 -0.139	  0.956	  0.257
	 -0.727	 -0.274	  0.629

4 	  35.23	   5.29	  -3.81
	  0.060	  0.998	  0.020
	 -0.701	  0.028	  0.712
	  0.710	 -0.057	  0.701

5 	  41.03	  11.97	   4.06
	  0.700	  0.668	  0.252
	  0.362	 -0.636	  0.681
	  0.617	 -0.386	 -0.686

6 	  50.24	  18.39	   2.48
	  0.865	  0.469	 -0.175
	  0.051	  0.265	  0.963
	  0.499	 -0.841	  0.206

7 	  36.19	  -6.52	  -4.03
	  0.388	 -0.821	 -0.418
	  0.445	  0.564	 -0.696
	  0.807	  0.084	  0.584

8 	  43.29	 -14.47	  -0.44
	  0.705	 -0.671	 -0.231
	 -0.666	 -0.514	 -0.541
	  0.245	  0.535	 -0.808

9 	  48.74	 -22.41	  -5.85
	  0.509	 -0.726	 -0.463
	 -0.542	  0.154	 -0.826
	  0.676	  0.668	 -0.311

2 	  32.70	  -7.37	  22.75
	  0.517	  0.856	 -0.026
	 -0.857	  0.516	 -0.013
	  0.003	  0.029	  0.999

3 	  43.52	   0.00	   0.12
	  0.674	 -0.084	  0.733
	 -0.120	  0.968	  0.221
	 -0.729	 -0.237	  0.642

4 	  35.82	   5.82	  -3.55
	  0.059	  0.990	  0.128
	 -0.763	 -0.038	  0.645
	  0.643	 -0.136	  0.753

5 	  40.39	  11.44	   6.19
	  0.643	  0.633	  0.431
	  0.275	 -0.716	  0.642
	  0.715	 -0.295	 -0.633

6 	  49.52	  18.12	   7.44
	  0.869	  0.488	  0.077
	 -0.162	  0.134	  0.977
	  0.467	 -0.862	  0.196

7 	  36.79	  -6.66	  -3.99
	  0.406	 -0.864	 -0.298
	  0.540	  0.490	 -0.684
	  0.737	  0.117	  0.665

8 	  43.31	 -14.13	   1.95
	  0.724	 -0.689	 -0.030
	 -0.574	 -0.578	 -0.580
	  0.383	  0.438	 -0.813

9 	  49.50	 -22.39	  -0.12
	  0.600	 -0.778	 -0.185
	 -0.303	 -0.004	 -0.953
	  0.742	  0.627	 -0.235

2 	  32.68	  -7.35	  22.75
	  0.511	  0.859	 -0.026
	 -0.860	  0.510	 -0.015
	  0.001	  0.030	  0.999

3 	  43.82	   0.30	   0.39
	  0.658	 -0.076	  0.749
	 -0.126	  0.970	  0.208
	 -0.742	 -0.231	  0.629

4 	  36.40	   6.38	  -3.16
	  0.057	  0.974	  0.218
	 -0.805	 -0.085	  0.587
	  0.591	 -0.209	  0.779

5 	  40.24	  10.83	   7.65
	  0.614	  0.562	  0.553
	  0.190	 -0.786	  0.588
	  0.766	 -0.256	 -0.590

6 	  49.27	  17.00	  10.78
	  0.863	  0.439	  0.249
	 -0.303	  0.057	  0.951
	  0.403	 -0.897	  0.182

7 	  37.69	  -6.77	  -4.03
	  0.440	 -0.885	 -0.155
	  0.637	  0.428	 -0.641
	  0.634	  0.183	  0.751

8 	  43.63	 -13.15	   4.11
	  0.748	 -0.641	  0.171
	 -0.441	 -0.672	 -0.595
	  0.497	  0.370	 -0.784

9 	  50.06	 -21.01	   5.06
	  0.657	 -0.748	  0.093
	 -0.048	 -0.164	 -0.985
	  0.752	  0.643	 -0.143

2 	  32.70	  -7.37	  22.73
	  0.506	  0.862	 -0.027
	 -0.863	  0.506	 -0.014
	  0.002	  0.030	  0.999

3 	  44.17	   0.56	   0.63
	  0.626	 -0.078	  0.775
	 -0.111	  0.976	  0.187
	 -0.772	 -0.203	  0.603

4 	  37.00	   6.77	  -2.92
	  0.069	  0.960	  0.270
	 -0.833	 -0.094	  0.546
	  0.550	 -0.263	  0.793

5 	  39.97	  10.25	   8.61
	  0.582	  0.479	  0.657
	  0.066	 -0.833	  0.548
	  0.810	 -0.276	 -0.517

6 	  48.97	  15.35	  13.50
	  0.853	  0.332	  0.402
	 -0.444	  0.054	  0.894
	  0.276	 -0.942	  0.193

7 	  38.44	  -6.98	  -3.83
	  0.435	 -0.901	 -0.007
	  0.733	  0.358	 -0.578
	  0.524	  0.246	  0.815

8 	  43.52	 -11.92	   6.24
	  0.752	 -0.546	  0.368
	 -0.304	 -0.783	 -0.543
	  0.585	  0.297	 -0.755

9 	  49.85	 -18.81	  10.05
	  0.665	 -0.659	  0.351
	  0.183	 -0.313	 -0.932
	  0.726	  0.682	 -0.089

2 	  32.70	  -7.37	  22.73
	  0.508	  0.861	 -0.027
	 -0.862	  0.507	 -0.013
	  0.003	  0.030	  0.999

3 	  44.40	   0.53	   0.84
	  0.606	 -0.083	  0.791
	 -0.100	  0.979	  0.179
	 -0.789	 -0.188	  0.585

4 	  37.46	   6.91	  -2.85
	  0.063	  0.951	  0.304
	 -0.861	 -0.102	  0.498
	  0.504	 -0.293	  0.812

5 	  39.36	   9.32	   9.28
	  0.527	  0.364	  0.768
	 -0.099	 -0.872	  0.479
	  0.844	 -0.328	 -0.423

6 	  48.06	  12.85	  15.93
	  0.806	  0.184	  0.563
	 -0.588	  0.128	  0.798
	  0.073	 -0.974	  0.212

7 	  38.97	  -7.31	  -3.59
	  0.426	 -0.897	  0.123
	  0.798	  0.307	 -0.518
	  0.427	  0.318	  0.846

8 	  42.79	 -10.92	   7.86
	  0.721	 -0.403	  0.563
	 -0.103	 -0.866	 -0.488
	  0.684	  0.294	 -0.667

9 	  49.10	 -16.29	  14.06
	  0.665	 -0.494	  0.559
	  0.457	 -0.327	 -0.827
	  0.596	  0.803	  0.006

2 	  32.70	  -7.37	  22.73
	  0.508	  0.861	 -0.026
	 -0.862	  0.507	 -0.013
	  0.003	  0.029	  0.999

3 	  44.49	   0.40	   0.95
	  0.588	 -0.080	  0.805
	 -0.101	  0.980	  0.171
	 -0.803	 -0.182	  0.568

4 	  37.74	   6.79	  -2.97
	  0.062	  0.948	  0.313
	 -0.880	 -0.096	  0.465
	  0.471	 -0.304	  0.828

5 	  38.65	   8.49	   9.39
	  0.462	  0.252	  0.850
	 -0.241	 -0.888	  0.392
	  0.854	 -0.385	 -0.349

6 	  47.29	  10.53	  17.00
	  0.778	  0.048	  0.626
	 -0.626	  0.145	  0.766
	 -0.056	 -0.988	  0.144

7 	  39.16	  -7.65	  -3.30
	  0.379	 -0.899	  0.220
	  0.853	  0.247	 -0.459
	  0.359	  0.361	  0.860

8 	  41.57	 -10.51	   8.88
	  0.671	 -0.240	  0.701
	  0.164	 -0.875	 -0.455
	  0.723	  0.420	 -0.548

9 	  48.43	 -13.73	  16.52
	  0.685	 -0.220	  0.694
	  0.709	 -0.023	 -0.705
	  0.171	  0.975	  0.139

2 	  32.70	  -7.37	  22.73
	  0.508	  0.861	 -0.027
	 -0.862	  0.507	 -0.013
	  0.003	  0.030	  0.999

3 	  44.40	   0.23	   0.97
	  0.596	 -0.065	  0.800
	 -0.098	  0.983	  0.151
	 -0.797	 -0.169	  0.579

4 	  37.44	   6.47	  -3.08
	  0.014	  0.966	  0.259
	 -0.879	 -0.111	  0.463
	  0.476	 -0.234	  0.848

5 	  37.99	   8.09	   9.35
	  0.415	  0.200	  0.887
	 -0.300	 -0.891	  0.340
	  0.860	 -0.406	 -0.310

6 	  46.56	   9.65	  17.26
	  0.771	  0.009	  0.637
	 -0.636	  0.085	  0.767
	 -0.049	 -0.996	  0.072

7 	  39.25	  -7.93	  -3.06
	  0.366	 -0.889	  0.274
	  0.873	  0.225	 -0.433
	  0.323	  0.397	  0.859

8 	  40.76	 -10.49	   9.35
	  0.594	 -0.147	  0.791
	  0.325	 -0.856	 -0.402
	  0.737	  0.494	 -0.461

9 	  48.15	 -12.20	  17.31
	  0.695	 -0.061	  0.716
	  0.719	  0.074	 -0.691
	 -0.015	  0.995	  0.096

2 	  32.70	  -7.37	  22.73
	  0.508	  0.861	 -0.026
	 -0.862	  0.507	 -0.013
	  0.003	  0.029	  0.999

3 	  44.37	   0.02	   0.98
	  0.603	 -0.059	  0.795
	 -0.072	  0.989	  0.127
	 -0.795	 -0.134	  0.592

4 	  37.62	   6.40	  -3.11
	  0.039	  0.968	  0.245
	 -0.885	 -0.080	  0.458
	  0.464	 -0.235	  0.854

5 	  38.18	   8.16	   9.35
	  0.412	  0.211	  0.886
	 -0.312	 -0.882	  0.353
	  0.857	 -0.421	 -0.297

6 	  47.02	   9.97	  16.89
	  0.794	  0.012	  0.608
	 -0.597	  0.211	  0.774
	 -0.121	 -0.977	  0.176

7 	  38.97	  -8.12	  -2.97
	  0.318	 -0.915	  0.248
	  0.883	  0.190	 -0.430
	  0.347	  0.355	  0.868

8 	  40.94	 -11.04	   9.25
	  0.612	 -0.186	  0.768
	  0.313	 -0.836	 -0.451
	  0.728	  0.515	 -0.453

9 	  49.38	 -11.95	  16.40
	  0.733	  0.020	  0.680
	  0.650	  0.276	 -0.708
	 -0.207	  0.960	  0.191

2 	  32.70	  -7.37	  22.73
	  0.508	  0.861	 -0.027
	 -0.862	  0.507	 -0.013
	  0.003	  0.029	  0.999

3 	  44.40	  -0.12	   1.00
	  0.601	 -0.065	  0.796
	 -0.062	  0.990	  0.127
	 -0.797	 -0.126	  0.591

4 	  37.83	   6.29	  -3.11
	  0.076	  0.969	  0.234
	 -0.880	 -0.045	  0.473
	  0.469	 -0.241	  0.849

5 	  39.74	   8.60	   9.11
	  0.490	  0.208	  0.846
	 -0.415	 -0.799	  0.435
	  0.768	 -0.563	 -0.304

6 	  48.66	   9.00	  16.37
	  0.760	 -0.110	  0.640
	 -0.465	  0.597	  0.653
	 -0.456	 -0.793	  0.402

7 	  39.13	  -8.24	  -3.08
	  0.342	 -0.911	  0.231
	  0.869	  0.213	 -0.447
	  0.358	  0.353	  0.864

8 	  41.55	 -11.51	   8.95
	  0.627	 -0.160	  0.762
	  0.407	 -0.768	 -0.495
	  0.665	  0.619	 -0.416

9 	  49.82	 -11.65	  16.19
	  0.708	  0.067	  0.703
	  0.575	  0.524	 -0.628
	 -0.415	  0.846	  0.335

2 	  32.68	  -7.37	  22.73
	  0.508	  0.861	 -0.027
	 -0.862	  0.507	 -0.013
	  0.003	  0.030	  0.999

3 	  44.49	  -0.26	   0.91
	  0.601	 -0.068	  0.796
	 -0.048	  0.991	  0.121
	 -0.798	 -0.111	  0.592

4 	  37.90	   6.17	  -3.30
	  0.100	  0.974	  0.204
	 -0.874	 -0.013	  0.485
	  0.476	 -0.227	  0.850

5 	  40.22	   9.04	   8.67
	  0.509	  0.205	  0.836
	 -0.515	 -0.707	  0.485
	  0.692	 -0.675	 -0.253

6 	  48.94	   8.74	  16.08
	  0.747	 -0.143	  0.649
	 -0.314	  0.786	  0.532
	 -0.587	 -0.602	  0.542

7 	  39.36	  -8.44	  -3.18
	  0.368	 -0.902	  0.224
	  0.856	  0.235	 -0.460
	  0.362	  0.361	  0.859

8 	  42.15	 -11.48	   8.82
	  0.636	 -0.124	  0.761
	  0.456	 -0.736	 -0.500
	  0.623	  0.664	 -0.412

9 	  50.29	 -11.23	  16.22
	  0.691	  0.098	  0.716
	  0.526	  0.613	 -0.589
	 -0.500	  0.781	  0.373

