2 	  47.44	  -0.19	   3.62
	  0.228	 -0.561	  0.796
	  0.242	  0.823	  0.512
	 -0.943	  0.075	  0.322

3 	  45.37	   0.05	   1.56
	  0.549	 -0.043	  0.834
	 -0.057	  0.994	  0.088
	 -0.834	 -0.096	  0.543

4 	  39.62	   6.75	  -3.55
	  0.208	  0.961	  0.180
	 -0.882	  0.104	  0.459
	  0.423	 -0.254	  0.870

5 	  44.35	   8.42	   7.98
	  0.692	 -0.011	  0.721
	 -0.601	 -0.563	  0.567
	  0.401	 -0.826	 -0.397

6 	  54.32	   5.06	  11.14
	  0.901	 -0.304	  0.309
	  0.083	  0.819	  0.566
	 -0.427	 -0.487	  0.762

7 	  40.38	  -7.75	  -3.16
	  0.259	 -0.910	  0.323
	  0.933	  0.148	 -0.328
	  0.251	  0.386	  0.887

8 	  41.64	 -10.25	   9.23
	  0.558	 -0.096	  0.824
	  0.446	 -0.803	 -0.394
	  0.701	  0.586	 -0.405

9 	  51.33	  -6.91	  13.06
	  0.851	  0.437	  0.289
	  0.027	  0.512	 -0.859
	 -0.525	  0.740	  0.420

2 	  47.43	  -0.39	   3.88
	 -0.003	 -0.536	  0.844
	  0.310	  0.801	  0.511
	 -0.951	  0.263	  0.163

3 	  45.39	   0.05	   1.53
	  0.552	 -0.044	  0.833
	 -0.041	  0.996	  0.079
	 -0.833	 -0.078	  0.547

4 	  39.64	   6.80	  -3.55
	  0.206	  0.961	  0.182
	 -0.884	  0.104	  0.455
	  0.419	 -0.254	  0.871

5 	  44.37	   8.42	   8.00
	  0.693	 -0.013	  0.721
	 -0.601	 -0.563	  0.567
	  0.400	 -0.826	 -0.398

6 	  54.32	   5.06	  11.14
	  0.901	 -0.305	  0.309
	  0.083	  0.820	  0.566
	 -0.427	 -0.486	  0.762

7 	  40.36	  -7.72	  -3.18
	  0.260	 -0.911	  0.322
	  0.932	  0.150	 -0.329
	  0.252	  0.385	  0.887

8 	  41.64	 -10.23	   9.23
	  0.556	 -0.098	  0.825
	  0.445	 -0.804	 -0.395
	  0.703	  0.585	 -0.403

9 	  51.33	  -6.91	  13.06
	  0.851	  0.437	  0.291
	  0.027	  0.513	 -0.858
	 -0.525	  0.740	  0.421

2 	  47.14	  -0.42	   3.30
	  0.367	 -0.588	  0.721
	  0.520	  0.771	  0.367
	 -0.774	  0.239	  0.586

3 	  45.35	   0.00	   1.56
	  0.562	 -0.054	  0.825
	 -0.005	  0.997	  0.069
	 -0.827	 -0.043	  0.561

4 	  39.60	   6.82	  -3.52
	  0.206	  0.961	  0.182
	 -0.882	  0.101	  0.459
	  0.424	 -0.255	  0.869

5 	  44.35	   8.44	   8.02
	  0.694	 -0.017	  0.719
	 -0.602	 -0.561	  0.567
	  0.396	 -0.827	 -0.400

6 	  54.32	   5.06	  11.14
	  0.901	 -0.305	  0.308
	  0.084	  0.820	  0.565
	 -0.427	 -0.486	  0.763

7 	  40.36	  -7.70	  -3.16
	  0.259	 -0.910	  0.324
	  0.933	  0.149	 -0.327
	  0.249	  0.387	  0.888

8 	  41.62	 -10.21	   9.23
	  0.555	 -0.098	  0.826
	  0.445	 -0.804	 -0.394
	  0.704	  0.585	 -0.403

9 	  51.31	  -6.91	  13.04
	  0.852	  0.436	  0.290
	  0.027	  0.512	 -0.858
	 -0.523	  0.741	  0.421

2 	  47.21	   0.21	   3.38
	  0.510	 -0.643	  0.571
	  0.316	  0.756	  0.572
	 -0.802	 -0.112	  0.587

3 	  45.33	   0.11	   1.62
	  0.548	 -0.043	  0.835
	 -0.052	  0.995	  0.085
	 -0.835	 -0.090	  0.543

4 	  39.57	   6.86	  -3.50
	  0.203	  0.961	  0.185
	 -0.883	  0.097	  0.459
	  0.424	 -0.256	  0.868

5 	  44.35	   8.44	   8.00
	  0.695	 -0.018	  0.718
	 -0.603	 -0.559	  0.569
	  0.392	 -0.828	 -0.399

6 	  54.32	   5.06	  11.14
	  0.901	 -0.304	  0.308
	  0.084	  0.821	  0.565
	 -0.426	 -0.486	  0.763

7 	  40.36	  -7.68	  -3.20
	  0.260	 -0.910	  0.324
	  0.933	  0.150	 -0.327
	  0.249	  0.387	  0.888

8 	  41.62	 -10.21	   9.21
	  0.555	 -0.099	  0.826
	  0.445	 -0.804	 -0.395
	  0.704	  0.586	 -0.402

9 	  51.31	  -6.91	  13.06
	  0.852	  0.435	  0.291
	  0.028	  0.513	 -0.858
	 -0.523	  0.740	  0.421

2 	  47.39	  -0.25	   3.66
	  0.131	 -0.673	  0.728
	  0.354	  0.716	  0.601
	 -0.926	  0.179	  0.331

3 	  45.37	   0.16	   1.55
	  0.557	 -0.042	  0.829
	 -0.069	  0.993	  0.097
	 -0.828	 -0.111	  0.550

4 	  39.62	   6.84	  -3.53
	  0.209	  0.960	  0.184
	 -0.883	  0.104	  0.457
	  0.420	 -0.257	  0.870

5 	  44.38	   8.46	   7.96
	  0.695	 -0.019	  0.719
	 -0.605	 -0.557	  0.569
	  0.390	 -0.830	 -0.398

6 	  54.32	   5.06	  11.14
	  0.901	 -0.304	  0.310
	  0.084	  0.822	  0.562
	 -0.427	 -0.483	  0.764

7 	  40.39	  -7.66	  -3.20
	  0.262	 -0.909	  0.323
	  0.932	  0.153	 -0.328
	  0.248	  0.386	  0.888

8 	  41.64	 -10.21	   9.19
	  0.554	 -0.099	  0.826
	  0.446	 -0.803	 -0.394
	  0.704	  0.586	 -0.401

9 	  51.31	  -6.89	  13.06
	  0.851	  0.435	  0.292
	  0.029	  0.514	 -0.857
	 -0.524	  0.740	  0.421

2 	  44.84	  -0.16	  -2.30
	  0.489	 -0.838	  0.241
	  0.598	  0.522	  0.608
	 -0.637	 -0.153	  0.756

3 	  45.53	   0.04	   1.42
	  0.576	 -0.028	  0.816
	 -0.041	  0.997	  0.062
	 -0.816	 -0.069	  0.574

4 	  39.73	   6.70	  -3.71
	  0.215	  0.962	  0.166
	 -0.880	  0.117	  0.459
	  0.423	 -0.245	  0.872

5 	  44.44	   8.37	   7.84
	  0.694	 -0.014	  0.720
	 -0.602	 -0.560	  0.569
	  0.396	 -0.828	 -0.397

6 	  54.37	   4.97	  11.09
	  0.893	 -0.307	  0.327
	  0.088	  0.834	  0.543
	 -0.441	 -0.459	  0.771

7 	  40.31	  -7.77	  -3.16
	  0.254	 -0.909	  0.331
	  0.931	  0.138	 -0.337
	  0.260	  0.394	  0.881

8 	  41.55	 -10.18	   9.25
	  0.554	 -0.093	  0.827
	  0.436	 -0.815	 -0.382
	  0.711	  0.571	 -0.410

9 	  51.29	  -6.94	  13.08
	  0.857	  0.431	  0.282
	  0.032	  0.498	 -0.867
	 -0.515	  0.753	  0.409

2 	  44.86	  -0.69	  -2.07
	  0.089	 -0.886	  0.455
	  0.646	  0.399	  0.651
	 -0.759	  0.236	  0.607

3 	  45.49	   0.05	   1.35
	  0.584	 -0.024	  0.811
	 -0.037	  0.998	  0.056
	 -0.811	 -0.063	  0.581

4 	  39.64	   6.70	  -3.71
	  0.218	  0.962	  0.164
	 -0.875	  0.118	  0.468
	  0.431	 -0.245	  0.868

5 	  44.46	   8.37	   7.79
	  0.698	 -0.017	  0.715
	 -0.601	 -0.557	  0.573
	  0.390	 -0.830	 -0.399

6 	  54.37	   4.92	  11.07
	  0.891	 -0.308	  0.332
	  0.089	  0.837	  0.540
	 -0.445	 -0.455	  0.771

7 	  40.24	  -7.77	  -3.16
	  0.255	 -0.909	  0.330
	  0.930	  0.137	 -0.341
	  0.264	  0.394	  0.880

8 	  41.55	 -10.16	   9.25
	  0.557	 -0.092	  0.826
	  0.434	 -0.816	 -0.382
	  0.711	  0.568	 -0.414

9 	  51.28	  -6.94	  13.08
	  0.857	  0.430	  0.282
	  0.033	  0.497	 -0.867
	 -0.514	  0.754	  0.408

2 	  44.53	  -0.39	  -2.53
	  0.284	 -0.934	  0.214
	  0.800	  0.353	  0.485
	 -0.530	  0.035	  0.847

3 	  45.53	   0.05	   1.30
	  0.580	 -0.020	  0.814
	 -0.030	  0.998	  0.046
	 -0.814	 -0.051	  0.579

4 	  39.64	   6.71	  -3.71
	  0.218	  0.962	  0.162
	 -0.875	  0.119	  0.469
	  0.432	 -0.244	  0.868

5 	  44.46	   8.37	   7.77
	  0.699	 -0.018	  0.715
	 -0.601	 -0.558	  0.572
	  0.390	 -0.829	 -0.401

6 	  54.39	   4.92	  11.07
	  0.891	 -0.307	  0.334
	  0.088	  0.839	  0.537
	 -0.446	 -0.452	  0.772

7 	  40.17	  -7.75	  -3.18
	  0.251	 -0.911	  0.328
	  0.929	  0.133	 -0.344
	  0.270	  0.391	  0.880

8 	  41.52	 -10.16	   9.23
	  0.560	 -0.090	  0.823
	  0.431	 -0.818	 -0.381
	  0.710	  0.566	 -0.418

9 	  51.28	  -6.96	  13.08
	  0.858	  0.430	  0.282
	  0.033	  0.497	 -0.867
	 -0.513	  0.755	  0.408

2 	  44.63	  -0.02	  -2.48
	  0.449	 -0.893	  0.018
	  0.716	  0.371	  0.591
	 -0.536	 -0.252	  0.805

3 	  45.53	   0.02	   1.30
	  0.579	 -0.016	  0.815
	 -0.023	  0.999	  0.035
	 -0.815	 -0.039	  0.578

4 	  39.64	   6.70	  -3.73
	  0.219	  0.962	  0.163
	 -0.876	  0.120	  0.466
	  0.430	 -0.245	  0.869

5 	  44.47	   8.35	   7.77
	  0.699	 -0.018	  0.715
	 -0.600	 -0.559	  0.572
	  0.391	 -0.828	 -0.402

6 	  54.39	   4.90	  11.06
	  0.891	 -0.306	  0.335
	  0.088	  0.840	  0.534
	 -0.446	 -0.449	  0.774

7 	  40.15	  -7.75	  -3.18
	  0.250	 -0.911	  0.328
	  0.930	  0.131	 -0.343
	  0.270	  0.390	  0.880

8 	  41.48	 -10.16	   9.23
	  0.560	 -0.090	  0.824
	  0.430	 -0.819	 -0.380
	  0.710	  0.565	 -0.419

9 	  51.26	  -6.98	  13.06
	  0.859	  0.428	  0.278
	  0.033	  0.494	 -0.869
	 -0.511	  0.758	  0.406

2 	  44.95	  -0.46	  -2.25
	  0.255	 -0.918	  0.302
	  0.591	  0.394	  0.703
	 -0.766	  0.000	  0.643

3 	  45.54	  -0.05	   1.30
	  0.588	 -0.012	  0.809
	 -0.010	  1.000	  0.022
	 -0.809	 -0.022	  0.587

4 	  39.67	   6.68	  -3.76
	  0.223	  0.961	  0.163
	 -0.877	  0.124	  0.464
	  0.426	 -0.246	  0.870

5 	  44.47	   8.30	   7.75
	  0.699	 -0.020	  0.714
	 -0.599	 -0.562	  0.570
	  0.392	 -0.826	 -0.405

6 	  54.40	   4.89	  11.06
	  0.891	 -0.304	  0.338
	  0.087	  0.843	  0.531
	 -0.447	 -0.447	  0.775

7 	  40.11	  -7.79	  -3.20
	  0.246	 -0.912	  0.329
	  0.931	  0.127	 -0.342
	  0.270	  0.391	  0.880

8 	  41.47	 -10.16	   9.23
	  0.559	 -0.088	  0.824
	  0.429	 -0.821	 -0.377
	  0.712	  0.562	 -0.421

9 	  51.22	  -6.96	  13.06
	  0.861	  0.428	  0.273
	  0.032	  0.486	 -0.873
	 -0.508	  0.762	  0.401

2 	  38.95	  -0.53	  -5.96
	  0.356	 -0.765	 -0.536
	  0.577	  0.630	 -0.519
	  0.736	 -0.125	  0.665

3 	  45.90	  -0.21	   2.07
	  0.432	 -0.107	  0.895
	 -0.039	  0.990	  0.137
	 -0.901	 -0.094	  0.423

4 	  40.59	   6.59	  -3.57
	  0.218	  0.959	  0.179
	 -0.919	  0.140	  0.368
	  0.328	 -0.244	  0.912

5 	  44.70	   8.37	   8.21
	  0.664	 -0.003	  0.747
	 -0.632	 -0.536	  0.559
	  0.401	 -0.843	 -0.358

6 	  54.44	   4.38	  11.25
	  0.874	 -0.359	  0.326
	  0.192	  0.873	  0.448
	 -0.448	 -0.332	  0.830

7 	  41.41	  -7.79	  -3.32
	  0.218	 -0.911	  0.350
	  0.968	  0.156	 -0.194
	  0.121	  0.381	  0.916

8 	  41.68	 -10.46	   9.16
	  0.496	 -0.103	  0.862
	  0.478	 -0.797	 -0.370
	  0.726	  0.594	 -0.346

9 	  51.28	  -6.94	  13.11
	  0.848	  0.457	  0.267
	  0.029	  0.459	 -0.888
	 -0.529	  0.762	  0.372

2 	  38.88	  -1.39	  -5.77
	  0.586	 -0.802	 -0.113
	  0.506	  0.471	 -0.722
	  0.634	  0.366	  0.681

3 	  45.77	  -0.19	   2.06
	  0.436	 -0.103	  0.894
	 -0.034	  0.991	  0.130
	 -0.899	 -0.087	  0.428

4 	  40.36	   6.61	  -3.55
	  0.214	  0.959	  0.183
	 -0.917	  0.132	  0.377
	  0.338	 -0.248	  0.908

5 	  44.70	   8.30	   8.12
	  0.676	 -0.009	  0.737
	 -0.630	 -0.526	  0.571
	  0.384	 -0.850	 -0.361

6 	  54.44	   4.36	  11.23
	  0.873	 -0.352	  0.336
	  0.184	  0.878	  0.442
	 -0.453	 -0.328	  0.829

7 	  41.29	  -7.80	  -3.29
	  0.215	 -0.908	  0.359
	  0.969	  0.153	 -0.193
	  0.120	  0.390	  0.913

8 	  41.66	 -10.41	   9.21
	  0.501	 -0.099	  0.859
	  0.473	 -0.801	 -0.367
	  0.726	  0.589	 -0.354

9 	  51.28	  -6.96	  13.10
	  0.853	  0.452	  0.260
	  0.030	  0.453	 -0.891
	 -0.522	  0.769	  0.369

2 	  38.29	  -1.09	  -5.34
	  0.320	 -0.787	 -0.527
	  0.220	  0.602	 -0.768
	  0.922	  0.130	  0.365

3 	  45.69	  -0.23	   2.02
	  0.449	 -0.089	  0.889
	 -0.042	  0.992	  0.119
	 -0.892	 -0.091	  0.442

4 	  40.24	   6.52	  -3.59
	  0.214	  0.961	  0.174
	 -0.914	  0.133	  0.384
	  0.347	 -0.241	  0.906

5 	  44.74	   8.30	   8.02
	  0.683	 -0.007	  0.730
	 -0.627	 -0.518	  0.582
	  0.375	 -0.855	 -0.358

6 	  54.46	   4.43	  11.27
	  0.872	 -0.342	  0.349
	  0.163	  0.876	  0.453
	 -0.463	 -0.342	  0.818

7 	  41.20	  -7.80	  -3.18
	  0.213	 -0.906	  0.367
	  0.969	  0.147	 -0.199
	  0.126	  0.398	  0.908

8 	  41.59	 -10.41	   9.30
	  0.504	 -0.101	  0.858
	  0.469	 -0.802	 -0.369
	  0.726	  0.587	 -0.356

9 	  51.28	  -6.96	  13.10
	  0.857	  0.450	  0.252
	  0.027	  0.445	 -0.895
	 -0.516	  0.775	  0.365

2 	  38.60	   0.12	  -5.66
	  0.253	 -0.516	 -0.818
	  0.611	  0.740	 -0.278
	  0.750	 -0.430	  0.502

3 	  45.70	  -0.21	   2.02
	  0.456	 -0.084	  0.886
	 -0.045	  0.992	  0.117
	 -0.889	 -0.093	  0.449

4 	  40.22	   6.56	  -3.60
	  0.213	  0.963	  0.166
	 -0.911	  0.134	  0.390
	  0.354	 -0.234	  0.905

5 	  44.74	   8.30	   7.98
	  0.684	 -0.007	  0.729
	 -0.627	 -0.516	  0.583
	  0.373	 -0.856	 -0.358

6 	  54.46	   4.46	  11.30
	  0.871	 -0.342	  0.352
	  0.157	  0.873	  0.461
	 -0.467	 -0.350	  0.812

7 	  41.22	  -7.77	  -3.20
	  0.215	 -0.906	  0.363
	  0.967	  0.146	 -0.206
	  0.133	  0.396	  0.908

8 	  41.62	 -10.41	   9.26
	  0.505	 -0.104	  0.857
	  0.469	 -0.800	 -0.372
	  0.725	  0.589	 -0.355

9 	  51.26	  -6.96	  13.10
	  0.856	  0.450	  0.253
	  0.028	  0.446	 -0.895
	 -0.516	  0.774	  0.365

2 	  38.92	  -0.65	  -6.05
	  0.484	 -0.755	 -0.442
	  0.654	  0.647	 -0.392
	  0.583	 -0.099	  0.806

3 	  45.74	  -0.19	   2.02
	  0.454	 -0.085	  0.887
	 -0.050	  0.991	  0.120
	 -0.890	 -0.099	  0.446

4 	  40.25	   6.54	  -3.60
	  0.212	  0.963	  0.168
	 -0.912	  0.133	  0.387
	  0.351	 -0.235	  0.906

5 	  44.77	   8.31	   7.98
	  0.683	 -0.007	  0.730
	 -0.629	 -0.513	  0.583
	  0.372	 -0.858	 -0.355

6 	  54.47	   4.48	  11.30
	  0.871	 -0.341	  0.352
	  0.155	  0.872	  0.463
	 -0.467	 -0.352	  0.811

7 	  41.27	  -7.79	  -3.20
	  0.214	 -0.906	  0.364
	  0.968	  0.147	 -0.204
	  0.131	  0.396	  0.909

8 	  41.62	 -10.44	   9.26
	  0.502	 -0.105	  0.858
	  0.472	 -0.799	 -0.373
	  0.725	  0.591	 -0.351

9 	  51.28	  -6.96	  13.08
	  0.855	  0.452	  0.253
	  0.026	  0.446	 -0.895
	 -0.518	  0.773	  0.365

2 	  36.21	  -0.44	   1.93
	 -0.046	 -0.885	 -0.464
	  0.037	  0.463	 -0.886
	  0.998	 -0.058	  0.012

3 	  47.36	   0.09	   2.79
	  0.318	 -0.105	  0.942
	 -0.093	  0.985	  0.141
	 -0.943	 -0.132	  0.304

4 	  43.21	   6.75	  -3.96
	  0.257	  0.944	  0.203
	 -0.942	  0.198	  0.272
	  0.217	 -0.261	  0.940

5 	  46.74	   8.00	   8.19
	  0.672	  0.018	  0.740
	 -0.520	 -0.702	  0.487
	  0.531	 -0.710	 -0.462

6 	  56.67	   5.19	  10.99
	  0.908	 -0.274	  0.315
	  0.146	  0.914	  0.377
	 -0.393	 -0.300	  0.869

7 	  44.23	  -7.40	  -3.66
	  0.181	 -0.911	  0.371
	  0.982	  0.187	 -0.019
	 -0.052	  0.368	  0.928

8 	  42.24	 -10.30	   8.54
	  0.317	 -0.128	  0.939
	  0.538	 -0.792	 -0.288
	  0.782	  0.596	 -0.181

9 	  51.19	  -6.45	  13.31
	  0.807	  0.490	  0.327
	  0.070	  0.469	 -0.881
	 -0.586	  0.735	  0.340

2 	  36.32	  -1.23	   1.79
	  0.348	 -0.914	 -0.209
	  0.084	  0.252	 -0.964
	  0.933	  0.318	  0.165

3 	  47.32	   0.09	   2.78
	  0.321	 -0.104	  0.941
	 -0.092	  0.986	  0.140
	 -0.943	 -0.131	  0.307

4 	  43.15	   6.73	  -3.94
	  0.257	  0.945	  0.203
	 -0.941	  0.197	  0.274
	  0.220	 -0.262	  0.940

5 	  46.72	   8.00	   8.16
	  0.673	  0.017	  0.739
	 -0.522	 -0.698	  0.490
	  0.527	 -0.714	 -0.461

6 	  56.67	   5.17	  10.99
	  0.907	 -0.274	  0.319
	  0.145	  0.915	  0.377
	 -0.396	 -0.299	  0.868

7 	  44.19	  -7.40	  -3.67
	  0.184	 -0.909	  0.373
	  0.981	  0.190	 -0.020
	 -0.053	  0.370	  0.927

8 	  42.24	 -10.28	   8.53
	  0.317	 -0.128	  0.940
	  0.538	 -0.792	 -0.288
	  0.782	  0.596	 -0.181

9 	  51.19	  -6.47	  13.31
	  0.808	  0.489	  0.327
	  0.071	  0.468	 -0.881
	 -0.586	  0.736	  0.340

2 	  36.21	  -0.88	   2.71
	  0.062	 -0.949	 -0.308
	 -0.297	  0.277	 -0.914
	  0.953	  0.148	 -0.264

3 	  47.32	   0.07	   2.76
	  0.327	 -0.103	  0.939
	 -0.092	  0.986	  0.139
	 -0.941	 -0.132	  0.312

4 	  43.12	   6.73	  -3.96
	  0.257	  0.945	  0.200
	 -0.940	  0.196	  0.278
	  0.224	 -0.260	  0.939

5 	  46.74	   7.98	   8.16
	  0.675	  0.017	  0.738
	 -0.521	 -0.698	  0.490
	  0.526	 -0.714	 -0.462

6 	  56.67	   5.17	  11.00
	  0.907	 -0.273	  0.321
	  0.143	  0.915	  0.377
	 -0.398	 -0.300	  0.867

7 	  44.16	  -7.40	  -3.67
	  0.186	 -0.909	  0.374
	  0.981	  0.189	 -0.027
	 -0.047	  0.372	  0.927

8 	  42.24	 -10.28	   8.53
	  0.319	 -0.129	  0.939
	  0.536	 -0.793	 -0.289
	  0.782	  0.595	 -0.183

9 	  51.19	  -6.45	  13.31
	  0.808	  0.490	  0.327
	  0.070	  0.469	 -0.880
	 -0.586	  0.735	  0.341

2 	  36.12	  -0.05	   2.34
	 -0.271	 -0.796	 -0.541
	  0.067	  0.545	 -0.836
	  0.960	 -0.262	 -0.094

3 	  47.37	   0.05	   2.71
	  0.331	 -0.100	  0.938
	 -0.087	  0.987	  0.135
	 -0.940	 -0.126	  0.317

4 	  43.10	   6.73	  -3.97
	  0.257	  0.947	  0.191
	 -0.939	  0.196	  0.283
	  0.231	 -0.252	  0.940

5 	  46.74	   7.98	   8.10
	  0.677	  0.018	  0.735
	 -0.519	 -0.698	  0.493
	  0.525	 -0.714	 -0.464

6 	  56.67	   5.19	  10.99
	  0.906	 -0.272	  0.324
	  0.141	  0.915	  0.377
	 -0.401	 -0.300	  0.866

7 	  44.14	  -7.44	  -3.67
	  0.188	 -0.908	  0.373
	  0.981	  0.189	 -0.033
	 -0.041	  0.373	  0.927

8 	  42.24	 -10.28	   8.53
	  0.320	 -0.128	  0.939
	  0.535	 -0.794	 -0.289
	  0.782	  0.594	 -0.185

9 	  51.19	  -6.45	  13.29
	  0.808	  0.490	  0.327
	  0.070	  0.469	 -0.881
	 -0.586	  0.735	  0.340

2 	  36.23	  -0.83	   1.46
	  0.101	 -0.941	 -0.323
	  0.223	  0.338	 -0.914
	  0.969	  0.021	  0.244

3 	  47.37	   0.04	   2.72
	  0.327	 -0.099	  0.939
	 -0.091	  0.986	  0.135
	 -0.941	 -0.130	  0.314

4 	  43.12	   6.68	  -3.97
	  0.256	  0.948	  0.190
	 -0.940	  0.196	  0.280
	  0.228	 -0.250	  0.941

5 	  46.74	   7.96	   8.10
	  0.678	  0.018	  0.735
	 -0.519	 -0.698	  0.493
	  0.524	 -0.714	 -0.464

6 	  56.71	   5.13	  11.04
	  0.904	 -0.270	  0.332
	  0.152	  0.926	  0.344
	 -0.402	 -0.264	  0.877

7 	  44.19	  -7.49	  -3.64
	  0.188	 -0.907	  0.376
	  0.981	  0.193	 -0.026
	 -0.050	  0.375	  0.926

8 	  42.22	 -10.32	   8.54
	  0.316	 -0.126	  0.940
	  0.537	 -0.793	 -0.286
	  0.783	  0.595	 -0.182

9 	  51.19	  -6.47	  13.31
	  0.809	  0.490	  0.324
	  0.070	  0.465	 -0.882
	 -0.584	  0.737	  0.338

2 	  45.58	   1.00	  -2.00
	  0.053	 -0.997	 -0.059
	  0.697	 -0.006	  0.716
	 -0.715	 -0.079	  0.695

3 	  46.21	   0.18	   2.09
	  0.444	 -0.137	  0.885
	 -0.121	  0.970	  0.209
	 -0.888	 -0.200	  0.414

4 	  40.83	   7.10	  -3.01
	  0.246	  0.945	  0.216
	 -0.897	  0.137	  0.419
	  0.367	 -0.297	  0.881

5 	  46.42	   7.86	   8.07
	  0.772	 -0.050	  0.633
	 -0.493	 -0.676	  0.547
	  0.403	 -0.734	 -0.547

6 	  56.48	   5.40	  11.09
	  0.905	 -0.217	  0.366
	  0.044	  0.903	  0.427
	 -0.424	 -0.374	  0.825

7 	  41.70	  -7.45	  -3.39
	  0.216	 -0.907	  0.362
	  0.968	  0.151	 -0.200
	  0.126	  0.393	  0.910

8 	  41.55	 -10.07	   9.05
	  0.463	 -0.112	  0.879
	  0.449	 -0.826	 -0.339
	  0.766	  0.550	 -0.331

9 	  51.15	  -6.84	  13.20
	  0.863	  0.432	  0.259
	  0.041	  0.449	 -0.893
	 -0.503	  0.782	  0.366

2 	  45.72	   0.79	  -1.69
	 -0.074	 -0.995	  0.062
	  0.567	  0.010	  0.823
	 -0.820	  0.096	  0.563

3 	  46.20	   0.18	   2.13
	  0.437	 -0.136	  0.889
	 -0.122	  0.970	  0.207
	 -0.891	 -0.199	  0.407

4 	  40.83	   7.10	  -3.01
	  0.247	  0.945	  0.215
	 -0.897	  0.138	  0.419
	  0.367	 -0.296	  0.882

5 	  46.44	   7.84	   8.05
	  0.772	 -0.050	  0.633
	 -0.496	 -0.671	  0.550
	  0.399	 -0.738	 -0.544

6 	  56.48	   5.38	  11.09
	  0.904	 -0.217	  0.368
	  0.044	  0.904	  0.425
	 -0.426	 -0.371	  0.825

7 	  41.70	  -7.49	  -3.41
	  0.214	 -0.907	  0.362
	  0.968	  0.150	 -0.199
	  0.126	  0.393	  0.911

8 	  41.54	 -10.05	   9.05
	  0.463	 -0.112	  0.879
	  0.449	 -0.827	 -0.339
	  0.767	  0.550	 -0.331

9 	  51.13	  -6.84	  13.20
	  0.863	  0.431	  0.261
	  0.043	  0.451	 -0.892
	 -0.504	  0.782	  0.367

2 	  45.39	   0.86	  -2.13
	  0.025	 -0.999	  0.035
	  0.792	  0.041	  0.608
	 -0.609	  0.013	  0.792

3 	  46.20	   0.18	   2.09
	  0.436	 -0.138	  0.889
	 -0.116	  0.971	  0.207
	 -0.893	 -0.193	  0.407

4 	  40.80	   7.10	  -3.01
	  0.248	  0.945	  0.213
	 -0.896	  0.139	  0.422
	  0.370	 -0.295	  0.881

5 	  46.44	   7.84	   8.03
	  0.773	 -0.052	  0.632
	 -0.497	 -0.669	  0.553
	  0.396	 -0.740	 -0.543

6 	  56.48	   5.38	  11.09
	  0.903	 -0.214	  0.371
	  0.042	  0.906	  0.421
	 -0.427	 -0.367	  0.826

7 	  41.66	  -7.45	  -3.41
	  0.215	 -0.907	  0.362
	  0.968	  0.149	 -0.202
	  0.128	  0.394	  0.910

8 	  41.52	 -10.04	   9.05
	  0.462	 -0.112	  0.879
	  0.449	 -0.827	 -0.339
	  0.767	  0.550	 -0.331

9 	  51.12	  -6.82	  13.22
	  0.864	  0.431	  0.260
	  0.041	  0.452	 -0.891
	 -0.503	  0.781	  0.369

2 	  45.32	   1.25	  -2.16
	  0.311	 -0.948	 -0.071
	  0.787	  0.214	  0.578
	 -0.533	 -0.234	  0.813

3 	  46.20	   0.21	   2.09
	  0.443	 -0.147	  0.884
	 -0.106	  0.971	  0.213
	 -0.891	 -0.188	  0.414

4 	  40.78	   7.14	  -3.01
	  0.249	  0.944	  0.213
	 -0.894	  0.139	  0.426
	  0.374	 -0.297	  0.879

5 	  46.46	   7.80	   7.98
	  0.776	 -0.056	  0.628
	 -0.498	 -0.666	  0.555
	  0.389	 -0.743	 -0.545

6 	  56.50	   5.36	  11.11
	  0.902	 -0.213	  0.375
	  0.041	  0.907	  0.418
	 -0.430	 -0.365	  0.826

7 	  41.66	  -7.44	  -3.41
	  0.215	 -0.908	  0.360
	  0.968	  0.149	 -0.201
	  0.129	  0.392	  0.911

8 	  41.52	 -10.04	   9.04
	  0.462	 -0.113	  0.880
	  0.450	 -0.826	 -0.339
	  0.767	  0.550	 -0.330

9 	  51.12	  -6.80	  13.20
	  0.864	  0.430	  0.261
	  0.041	  0.456	 -0.889
	 -0.503	  0.780	  0.372

2 	  45.60	   1.09	  -1.90
	  0.155	 -0.977	  0.148
	  0.678	  0.213	  0.703
	 -0.719	 -0.008	  0.695

3 	  46.21	   0.23	   2.06
	  0.446	 -0.144	  0.883
	 -0.111	  0.970	  0.213
	 -0.888	 -0.193	  0.417

4 	  40.80	   7.15	  -3.02
	  0.254	  0.943	  0.212
	 -0.891	  0.142	  0.432
	  0.378	 -0.298	  0.876

5 	  46.49	   7.80	   7.96
	  0.775	 -0.059	  0.629
	 -0.501	 -0.665	  0.554
	  0.386	 -0.744	 -0.545

6 	  56.50	   5.33	  11.11
	  0.901	 -0.213	  0.377
	  0.041	  0.909	  0.415
	 -0.432	 -0.362	  0.826

7 	  41.66	  -7.42	  -3.45
	  0.214	 -0.909	  0.358
	  0.968	  0.148	 -0.203
	  0.131	  0.390	  0.911

8 	  41.54	 -10.04	   9.02
	  0.462	 -0.114	  0.879
	  0.448	 -0.827	 -0.340
	  0.768	  0.549	 -0.329

9 	  51.10	  -6.80	  13.20
	  0.861	  0.432	  0.266
	  0.040	  0.462	 -0.886
	 -0.508	  0.775	  0.377

2 	  42.75	   4.96	  -3.20
	 -0.259	 -0.953	  0.155
	  0.848	 -0.145	  0.510
	 -0.466	  0.262	  0.845

3 	  46.18	   0.28	   2.11
	  0.420	 -0.121	  0.899
	 -0.118	  0.975	  0.185
	 -0.900	 -0.184	  0.396

4 	  40.76	   7.17	  -2.88
	  0.302	  0.936	  0.181
	 -0.895	  0.212	  0.392
	  0.330	 -0.280	  0.901

5 	  46.46	   7.82	   8.10
	  0.785	 -0.070	  0.615
	 -0.499	 -0.661	  0.560
	  0.369	 -0.746	 -0.554

6 	  56.50	   5.31	  11.11
	  0.902	 -0.212	  0.374
	  0.041	  0.908	  0.416
	 -0.429	 -0.364	  0.827

7 	  41.75	  -7.26	  -3.46
	  0.220	 -0.911	  0.350
	  0.967	  0.157	 -0.198
	  0.125	  0.382	  0.915

8 	  41.57	 -10.00	   8.95
	  0.459	 -0.124	  0.880
	  0.454	 -0.819	 -0.350
	  0.766	  0.558	 -0.318

9 	  51.12	  -6.75	  13.20
	  0.858	  0.434	  0.274
	  0.033	  0.484	 -0.875
	 -0.513	  0.760	  0.397

2 	  43.17	   4.82	  -2.71
	 -0.343	 -0.924	  0.171
	  0.594	 -0.070	  0.801
	 -0.729	  0.375	  0.572

3 	  46.14	   0.26	   2.13
	  0.418	 -0.119	  0.900
	 -0.119	  0.975	  0.184
	 -0.901	 -0.184	  0.394

4 	  40.76	   7.17	  -2.88
	  0.299	  0.936	  0.183
	 -0.895	  0.208	  0.395
	  0.333	 -0.281	  0.900

5 	  46.46	   7.80	   8.10
	  0.785	 -0.070	  0.615
	 -0.498	 -0.661	  0.560
	  0.369	 -0.746	 -0.554

6 	  56.50	   5.33	  11.09
	  0.903	 -0.211	  0.373
	  0.040	  0.908	  0.416
	 -0.428	 -0.364	  0.827

7 	  41.73	  -7.26	  -3.46
	  0.221	 -0.910	  0.350
	  0.967	  0.158	 -0.199
	  0.126	  0.383	  0.915

8 	  41.57	  -9.98	   8.96
	  0.458	 -0.123	  0.880
	  0.454	 -0.820	 -0.349
	  0.766	  0.557	 -0.318

9 	  51.12	  -6.75	  13.20
	  0.859	  0.433	  0.272
	  0.032	  0.482	 -0.876
	 -0.512	  0.762	  0.396

2 	  42.70	   4.75	  -3.02
	 -0.059	 -0.907	  0.418
	  0.909	  0.125	  0.398
	 -0.414	  0.402	  0.816

3 	  46.12	   0.26	   2.13
	  0.420	 -0.120	  0.899
	 -0.119	  0.975	  0.185
	 -0.900	 -0.185	  0.395

4 	  40.76	   7.19	  -2.87
	  0.301	  0.936	  0.183
	 -0.897	  0.213	  0.387
	  0.324	 -0.280	  0.904

5 	  46.46	   7.80	   8.10
	  0.786	 -0.071	  0.614
	 -0.498	 -0.662	  0.560
	  0.369	 -0.745	 -0.556

6 	  56.50	   5.36	  11.13
	  0.903	 -0.209	  0.374
	  0.039	  0.908	  0.416
	 -0.428	 -0.365	  0.827

7 	  41.71	  -7.26	  -3.46
	  0.221	 -0.911	  0.349
	  0.967	  0.158	 -0.199
	  0.126	  0.382	  0.915

8 	  41.57	  -9.98	   8.95
	  0.458	 -0.125	  0.880
	  0.455	 -0.819	 -0.350
	  0.766	  0.558	 -0.318

9 	  51.10	  -6.77	  13.18
	  0.859	  0.432	  0.271
	  0.031	  0.483	 -0.875
	 -0.511	  0.762	  0.397

2 	  42.86	   5.62	  -3.23
	  0.147	 -0.984	 -0.100
	  0.900	  0.091	  0.425
	 -0.410	 -0.152	  0.899

3 	  46.18	   0.32	   2.09
	  0.436	 -0.121	  0.891
	 -0.113	  0.975	  0.188
	 -0.893	 -0.183	  0.412

4 	  40.85	   7.24	  -2.87
	  0.303	  0.935	  0.183
	 -0.905	  0.221	  0.364
	  0.301	 -0.276	  0.913

5 	  46.48	   7.82	   8.14
	  0.784	 -0.072	  0.616
	 -0.497	 -0.667	  0.555
	  0.372	 -0.741	 -0.559

6 	  56.50	   5.34	  11.13
	  0.904	 -0.211	  0.372
	  0.039	  0.907	  0.419
	 -0.427	 -0.367	  0.826

7 	  41.78	  -7.17	  -3.50
	  0.222	 -0.912	  0.345
	  0.967	  0.159	 -0.198
	  0.126	  0.378	  0.917

8 	  41.61	  -9.98	   8.91
	  0.458	 -0.127	  0.880
	  0.455	 -0.818	 -0.353
	  0.766	  0.560	 -0.315

9 	  51.12	  -6.73	  13.20
	  0.857	  0.434	  0.278
	  0.034	  0.488	 -0.872
	 -0.516	  0.758	  0.399

2 	  43.17	   5.12	  -2.94
	 -0.184	 -0.967	  0.176
	  0.738	 -0.016	  0.674
	 -0.650	  0.253	  0.716

3 	  46.20	   0.32	   2.06
	  0.434	 -0.118	  0.893
	 -0.110	  0.977	  0.181
	 -0.895	 -0.176	  0.411

4 	  40.82	   7.26	  -2.87
	  0.300	  0.936	  0.183
	 -0.904	  0.217	  0.367
	  0.305	 -0.275	  0.912

5 	  46.48	   7.82	   8.12
	  0.785	 -0.072	  0.615
	 -0.496	 -0.668	  0.554
	  0.372	 -0.740	 -0.561

6 	  56.50	   5.36	  11.13
	  0.903	 -0.211	  0.374
	  0.039	  0.907	  0.418
	 -0.429	 -0.365	  0.826

7 	  41.77	  -7.17	  -3.50
	  0.220	 -0.913	  0.344
	  0.967	  0.157	 -0.199
	  0.127	  0.377	  0.917

8 	  41.59	  -9.97	   8.89
	  0.458	 -0.127	  0.880
	  0.454	 -0.819	 -0.352
	  0.767	  0.558	 -0.316

9 	  51.12	  -6.73	  13.20
	  0.857	  0.433	  0.277
	  0.033	  0.489	 -0.872
	 -0.515	  0.758	  0.400

2 	  42.64	   6.40	  -3.80
	 -0.020	 -0.999	 -0.045
	  0.952	 -0.032	  0.304
	 -0.306	 -0.037	  0.951

3 	  46.21	   0.30	   2.09
	  0.434	 -0.118	  0.893
	 -0.110	  0.977	  0.182
	 -0.894	 -0.177	  0.411

4 	  40.76	   7.17	  -2.95
	  0.300	  0.939	  0.168
	 -0.895	  0.215	  0.391
	  0.332	 -0.267	  0.904

5 	  46.44	   7.84	   8.16
	  0.785	 -0.067	  0.616
	 -0.490	 -0.677	  0.549
	  0.381	 -0.732	 -0.564

6 	  56.48	   5.38	  11.14
	  0.904	 -0.211	  0.371
	  0.039	  0.906	  0.422
	 -0.426	 -0.370	  0.826

7 	  41.77	  -7.22	  -3.48
	  0.218	 -0.912	  0.348
	  0.968	  0.156	 -0.196
	  0.124	  0.380	  0.917

8 	  41.59	 -10.00	   8.93
	  0.458	 -0.125	  0.880
	  0.456	 -0.818	 -0.351
	  0.766	  0.560	 -0.316

9 	  51.12	  -6.73	  13.20
	  0.857	  0.435	  0.275
	  0.031	  0.486	 -0.873
	 -0.515	  0.758	  0.399

2 	  43.15	   6.01	  -3.34
	 -0.181	 -0.952	  0.248
	  0.765	  0.024	  0.643
	 -0.620	  0.305	  0.723

3 	  46.18	   0.30	   2.09
	  0.433	 -0.119	  0.893
	 -0.109	  0.977	  0.182
	 -0.895	 -0.176	  0.410

4 	  40.80	   7.26	  -2.87
	  0.294	  0.940	  0.174
	 -0.902	  0.212	  0.376
	  0.317	 -0.267	  0.910

5 	  46.42	   7.82	   8.16
	  0.785	 -0.068	  0.615
	 -0.492	 -0.673	  0.552
	  0.379	 -0.735	 -0.562

6 	  56.48	   5.40	  11.16
	  0.904	 -0.210	  0.371
	  0.037	  0.906	  0.421
	 -0.426	 -0.370	  0.825

7 	  41.77	  -7.21	  -3.48
	  0.218	 -0.912	  0.348
	  0.968	  0.156	 -0.195
	  0.123	  0.380	  0.917

8 	  41.59	 -10.00	   8.93
	  0.458	 -0.127	  0.880
	  0.456	 -0.818	 -0.352
	  0.766	  0.560	 -0.315

9 	  51.10	  -6.75	  13.20
	  0.857	  0.435	  0.275
	  0.030	  0.488	 -0.872
	 -0.515	  0.757	  0.401

2 	  42.45	   5.68	  -3.39
	 -0.047	 -0.917	  0.397
	  0.977	  0.040	  0.208
	 -0.207	  0.397	  0.894

3 	  46.18	   0.30	   2.09
	  0.431	 -0.121	  0.894
	 -0.108	  0.977	  0.183
	 -0.896	 -0.175	  0.408

4 	  40.76	   7.21	  -2.88
	  0.294	  0.941	  0.167
	 -0.892	  0.207	  0.401
	  0.343	 -0.267	  0.900

5 	  46.42	   7.82	   8.16
	  0.785	 -0.068	  0.615
	 -0.492	 -0.672	  0.552
	  0.377	 -0.736	 -0.562

6 	  56.48	   5.40	  11.16
	  0.904	 -0.209	  0.372
	  0.036	  0.906	  0.421
	 -0.426	 -0.370	  0.826

7 	  41.75	  -7.22	  -3.46
	  0.217	 -0.912	  0.348
	  0.968	  0.156	 -0.194
	  0.122	  0.380	  0.917

8 	  41.59	 -10.00	   8.95
	  0.458	 -0.128	  0.880
	  0.455	 -0.818	 -0.353
	  0.766	  0.560	 -0.315

9 	  51.10	  -6.75	  13.20
	  0.858	  0.434	  0.273
	  0.029	  0.488	 -0.872
	 -0.514	  0.758	  0.402

2 	  42.45	   6.64	  -3.94
	  0.189	 -0.949	 -0.254
	  0.970	  0.140	  0.197
	 -0.152	 -0.283	  0.947

3 	  46.14	   0.26	   2.09
	  0.431	 -0.121	  0.894
	 -0.102	  0.978	  0.181
	 -0.896	 -0.169	  0.409

4 	  40.78	   7.12	  -2.99
	  0.308	  0.937	  0.167
	 -0.897	  0.227	  0.380
	  0.319	 -0.266	  0.910

5 	  46.44	   7.80	   8.12
	  0.786	 -0.068	  0.615
	 -0.494	 -0.669	  0.555
	  0.375	 -0.739	 -0.560

6 	  56.48	   5.38	  11.14
	  0.904	 -0.208	  0.374
	  0.037	  0.908	  0.417
	 -0.427	 -0.366	  0.827

7 	  41.71	  -7.28	  -3.43
	  0.213	 -0.911	  0.353
	  0.969	  0.150	 -0.197
	  0.126	  0.384	  0.914

8 	  41.55	 -10.00	   9.00
	  0.458	 -0.124	  0.880
	  0.453	 -0.820	 -0.349
	  0.767	  0.557	 -0.319

9 	  51.10	  -6.77	  13.17
	  0.861	  0.433	  0.266
	  0.026	  0.483	 -0.875
	 -0.509	  0.762	  0.401

2 	  43.08	   6.49	  -3.57
	  0.027	 -0.993	 -0.111
	  0.831	 -0.039	  0.554
	 -0.556	 -0.108	  0.824

3 	  46.14	   0.23	   2.09
	  0.431	 -0.120	  0.894
	 -0.099	  0.979	  0.178
	 -0.897	 -0.166	  0.409

4 	  40.80	   7.14	  -2.94
	  0.311	  0.935	  0.169
	 -0.899	  0.231	  0.371
	  0.309	 -0.267	  0.913

5 	  46.44	   7.79	   8.10
	  0.785	 -0.068	  0.615
	 -0.495	 -0.667	  0.557
	  0.374	 -0.741	 -0.558

6 	  56.50	   5.36	  11.14
	  0.903	 -0.207	  0.375
	  0.037	  0.909	  0.413
	 -0.428	 -0.363	  0.828

7 	  41.70	  -7.29	  -3.41
	  0.212	 -0.911	  0.355
	  0.969	  0.149	 -0.197
	  0.126	  0.386	  0.914

8 	  41.52	 -10.00	   9.00
	  0.459	 -0.124	  0.880
	  0.451	 -0.821	 -0.349
	  0.767	  0.555	 -0.320

9 	  51.10	  -6.79	  13.17
	  0.863	  0.430	  0.264
	  0.027	  0.480	 -0.877
	 -0.505	  0.765	  0.399

2 	  39.13	   8.46	  -2.32
	 -0.573	 -0.799	 -0.183
	  0.372	 -0.054	 -0.927
	  0.731	 -0.598	  0.327

3 	  46.18	   0.30	   2.11
	  0.451	 -0.127	  0.883
	 -0.110	  0.974	  0.195
	 -0.886	 -0.185	  0.425

4 	  40.64	   7.17	  -2.88
	  0.269	  0.948	  0.166
	 -0.855	  0.155	  0.494
	  0.443	 -0.275	  0.853

5 	  46.51	   7.86	   8.10
	  0.783	 -0.065	  0.618
	 -0.499	 -0.660	  0.561
	  0.373	 -0.747	 -0.550

6 	  56.55	   5.33	  11.18
	  0.901	 -0.212	  0.379
	  0.043	  0.911	  0.409
	 -0.433	 -0.355	  0.828

7 	  41.80	  -7.24	  -3.45
	  0.214	 -0.912	  0.350
	  0.969	  0.153	 -0.192
	  0.121	  0.381	  0.916

8 	  41.59	 -10.02	   8.96
	  0.454	 -0.130	  0.881
	  0.453	 -0.819	 -0.352
	  0.769	  0.558	 -0.312

9 	  51.12	  -6.75	  13.17
	  0.860	  0.434	  0.268
	  0.022	  0.492	 -0.870
	 -0.511	  0.755	  0.409

2 	  38.92	   7.72	  -2.55
	 -0.278	 -0.958	  0.063
	  0.394	 -0.173	 -0.903
	  0.877	 -0.226	  0.424

3 	  46.21	   0.28	   2.07
	  0.450	 -0.125	  0.884
	 -0.109	  0.975	  0.192
	 -0.887	 -0.183	  0.425

4 	  40.57	   7.15	  -2.87
	  0.265	  0.949	  0.173
	 -0.854	  0.146	  0.500
	  0.450	 -0.279	  0.848

5 	  46.53	   7.86	   8.07
	  0.783	 -0.066	  0.618
	 -0.500	 -0.659	  0.561
	  0.372	 -0.748	 -0.550

6 	  56.55	   5.33	  11.18
	  0.900	 -0.213	  0.380
	  0.044	  0.912	  0.407
	 -0.434	 -0.353	  0.829

7 	  41.82	  -7.24	  -3.45
	  0.214	 -0.912	  0.350
	  0.969	  0.152	 -0.193
	  0.122	  0.381	  0.916

8 	  41.59	 -10.02	   8.96
	  0.455	 -0.130	  0.881
	  0.453	 -0.818	 -0.352
	  0.769	  0.558	 -0.312

9 	  51.10	  -6.77	  13.17
	  0.860	  0.433	  0.269
	  0.022	  0.494	 -0.869
	 -0.511	  0.755	  0.411

2 	  39.04	   8.47	  -1.90
	 -0.528	 -0.771	 -0.356
	  0.204	  0.293	 -0.934
	  0.825	 -0.565	  0.002

3 	  46.20	   0.28	   2.11
	  0.446	 -0.126	  0.886
	 -0.109	  0.975	  0.193
	 -0.889	 -0.183	  0.420

4 	  40.64	   7.15	  -2.90
	  0.270	  0.952	  0.144
	 -0.853	  0.166	  0.495
	  0.449	 -0.256	  0.856

5 	  46.53	   7.86	   8.07
	  0.783	 -0.066	  0.618
	 -0.500	 -0.657	  0.563
	  0.370	 -0.750	 -0.548

6 	  56.55	   5.33	  11.20
	  0.899	 -0.213	  0.382
	  0.043	  0.912	  0.407
	 -0.436	 -0.353	  0.828

7 	  41.82	  -7.26	  -3.43
	  0.213	 -0.912	  0.351
	  0.969	  0.152	 -0.193
	  0.122	  0.381	  0.916

8 	  41.57	 -10.02	   8.96
	  0.454	 -0.129	  0.881
	  0.455	 -0.818	 -0.352
	  0.768	  0.558	 -0.312

9 	  51.12	  -6.77	  13.17
	  0.860	  0.433	  0.268
	  0.021	  0.494	 -0.870
	 -0.511	  0.755	  0.411

2 	  39.46	   8.58	  -2.57
	 -0.519	 -0.658	 -0.545
	  0.674	  0.078	 -0.735
	  0.527	 -0.748	  0.403

3 	  46.18	   0.23	   2.09
	  0.444	 -0.125	  0.887
	 -0.102	  0.977	  0.188
	 -0.890	 -0.174	  0.420

4 	  40.61	   7.05	  -2.92
	  0.266	  0.953	  0.146
	 -0.848	  0.158	  0.506
	  0.460	 -0.258	  0.849

5 	  46.53	   7.82	   8.05
	  0.784	 -0.064	  0.618
	 -0.501	 -0.655	  0.566
	  0.369	 -0.752	 -0.546

6 	  56.55	   5.31	  11.16
	  0.899	 -0.212	  0.382
	  0.043	  0.913	  0.404
	 -0.435	 -0.350	  0.829

7 	  41.75	  -7.35	  -3.39
	  0.209	 -0.910	  0.357
	  0.970	  0.147	 -0.193
	  0.123	  0.387	  0.914

8 	  41.54	 -10.05	   9.02
	  0.455	 -0.123	  0.882
	  0.452	 -0.822	 -0.346
	  0.769	  0.554	 -0.318

9 	  51.08	  -6.79	  13.15
	  0.863	  0.431	  0.260
	  0.020	  0.484	 -0.875
	 -0.505	  0.762	  0.405

2 	  39.04	   7.86	  -2.58
	 -0.375	 -0.916	 -0.143
	  0.444	 -0.041	 -0.895
	  0.815	 -0.399	  0.421

3 	  46.18	   0.16	   2.09
	  0.443	 -0.123	  0.887
	 -0.103	  0.977	  0.186
	 -0.890	 -0.174	  0.421

4 	  40.61	   6.98	  -2.95
	  0.273	  0.951	  0.142
	 -0.849	  0.168	  0.500
	  0.453	 -0.256	  0.854

5 	  46.53	   7.79	   8.03
	  0.783	 -0.063	  0.618
	 -0.502	 -0.652	  0.568
	  0.369	 -0.755	 -0.543

6 	  56.55	   5.29	  11.14
	  0.899	 -0.210	  0.383
	  0.043	  0.915	  0.401
	 -0.436	 -0.348	  0.830

7 	  41.75	  -7.38	  -3.38
	  0.209	 -0.910	  0.359
	  0.970	  0.146	 -0.195
	  0.124	  0.389	  0.913

8 	  41.52	 -10.05	   9.04
	  0.456	 -0.124	  0.881
	  0.451	 -0.822	 -0.347
	  0.769	  0.554	 -0.318

9 	  51.08	  -6.79	  13.15
	  0.864	  0.432	  0.259
	  0.019	  0.483	 -0.876
	 -0.505	  0.762	  0.405

2 	  36.26	   3.11	  -0.70
	 -0.224	 -0.545	  0.808
	  0.192	 -0.838	 -0.511
	  0.955	  0.041	  0.292

3 	  46.28	   0.30	   2.11
	  0.426	 -0.140	  0.894
	 -0.092	  0.976	  0.196
	 -0.900	 -0.166	  0.402

4 	  41.13	   7.49	  -2.97
	  0.246	  0.948	  0.201
	 -0.906	  0.150	  0.396
	  0.346	 -0.280	  0.896

5 	  46.67	   7.95	   8.10
	  0.771	 -0.069	  0.633
	 -0.512	 -0.659	  0.551
	  0.380	 -0.748	 -0.543

6 	  56.62	   5.31	  11.23
	  0.897	 -0.221	  0.382
	  0.052	  0.912	  0.406
	 -0.440	 -0.347	  0.828

7 	  41.91	  -7.15	  -3.45
	  0.198	 -0.919	  0.341
	  0.974	  0.147	 -0.168
	  0.104	  0.366	  0.925

8 	  41.59	 -10.02	   8.95
	  0.450	 -0.131	  0.883
	  0.460	 -0.814	 -0.353
	  0.767	  0.564	 -0.305

9 	  51.12	  -6.75	  13.15
	  0.858	  0.436	  0.270
	  0.015	  0.502	 -0.865
	 -0.514	  0.748	  0.420

2 	  36.35	   2.74	  -1.05
	 -0.383	 -0.414	  0.825
	  0.341	 -0.894	 -0.291
	  0.859	  0.170	  0.483

3 	  46.25	   0.32	   2.14
	  0.434	 -0.140	  0.890
	 -0.095	  0.975	  0.199
	 -0.896	 -0.171	  0.410

4 	  41.10	   7.42	  -2.99
	  0.247	  0.948	  0.200
	 -0.903	  0.149	  0.402
	  0.352	 -0.279	  0.893

5 	  46.67	   7.91	   8.10
	  0.770	 -0.069	  0.634
	 -0.513	 -0.658	  0.551
	  0.381	 -0.749	 -0.543

6 	  56.62	   5.29	  11.23
	  0.897	 -0.222	  0.382
	  0.054	  0.912	  0.405
	 -0.440	 -0.346	  0.828

7 	  41.94	  -7.17	  -3.43
	  0.198	 -0.918	  0.343
	  0.975	  0.149	 -0.164
	  0.099	  0.367	  0.925

8 	  41.57	 -10.04	   8.98
	  0.446	 -0.131	  0.885
	  0.463	 -0.814	 -0.351
	  0.769	  0.564	 -0.301

9 	  51.10	  -6.77	  13.15
	  0.859	  0.436	  0.267
	  0.014	  0.500	 -0.866
	 -0.513	  0.749	  0.420

2 	  36.23	   3.20	  -0.14
	 -0.067	 -0.561	  0.825
	 -0.037	 -0.825	 -0.564
	  0.997	 -0.068	  0.034

3 	  46.21	   0.30	   2.16
	  0.440	 -0.138	  0.887
	 -0.095	  0.975	  0.198
	 -0.893	 -0.171	  0.416

4 	  41.10	   7.42	  -2.99
	  0.250	  0.947	  0.200
	 -0.903	  0.152	  0.401
	  0.350	 -0.280	  0.894

5 	  46.67	   7.89	   8.10
	  0.770	 -0.070	  0.634
	 -0.514	 -0.658	  0.550
	  0.380	 -0.749	 -0.543

6 	  56.64	   5.27	  11.21
	  0.897	 -0.220	  0.383
	  0.052	  0.913	  0.404
	 -0.440	 -0.346	  0.829

7 	  41.94	  -7.19	  -3.43
	  0.198	 -0.918	  0.343
	  0.975	  0.150	 -0.162
	  0.097	  0.367	  0.925

8 	  41.54	 -10.04	   8.98
	  0.445	 -0.131	  0.886
	  0.463	 -0.814	 -0.350
	  0.769	  0.564	 -0.300

9 	  51.10	  -6.75	  13.15
	  0.860	  0.435	  0.265
	  0.012	  0.499	 -0.867
	 -0.511	  0.750	  0.419

2 	  36.40	   3.80	  -0.72
	 -0.530	 -0.491	  0.691
	 -0.071	 -0.787	 -0.613
	  0.845	 -0.374	  0.383

3 	  46.20	   0.30	   2.20
	  0.446	 -0.137	  0.884
	 -0.092	  0.976	  0.196
	 -0.890	 -0.169	  0.423

4 	  41.17	   7.42	  -3.02
	  0.256	  0.946	  0.197
	 -0.903	  0.161	  0.398
	  0.345	 -0.280	  0.896

5 	  46.67	   7.88	   8.09
	  0.769	 -0.070	  0.635
	 -0.516	 -0.657	  0.550
	  0.381	 -0.749	 -0.542

6 	  56.65	   5.27	  11.25
	  0.897	 -0.220	  0.383
	  0.051	  0.912	  0.405
	 -0.440	 -0.347	  0.828

7 	  41.92	  -7.21	  -3.41
	  0.195	 -0.918	  0.344
	  0.976	  0.146	 -0.163
	  0.099	  0.368	  0.924

8 	  41.55	 -10.05	   9.00
	  0.444	 -0.131	  0.886
	  0.464	 -0.814	 -0.350
	  0.769	  0.565	 -0.299

9 	  51.08	  -6.77	  13.13
	  0.863	  0.434	  0.259
	  0.009	  0.495	 -0.869
	 -0.507	  0.753	  0.419

2 	  36.35	   3.16	  -1.04
	 -0.421	 -0.379	  0.824
	  0.142	 -0.925	 -0.353
	  0.896	 -0.031	  0.443

3 	  46.16	   0.32	   2.20
	  0.452	 -0.137	  0.881
	 -0.092	  0.976	  0.198
	 -0.887	 -0.170	  0.428

4 	  41.15	   7.42	  -3.04
	  0.258	  0.945	  0.201
	 -0.902	  0.160	  0.401
	  0.347	 -0.285	  0.893

5 	  46.69	   7.86	   8.09
	  0.769	 -0.072	  0.635
	 -0.515	 -0.660	  0.547
	  0.381	 -0.747	 -0.545

6 	  56.64	   5.26	  11.23
	  0.897	 -0.218	  0.383
	  0.049	  0.913	  0.404
	 -0.439	 -0.347	  0.829

7 	  41.94	  -7.21	  -3.41
	  0.198	 -0.918	  0.344
	  0.976	  0.152	 -0.158
	  0.092	  0.367	  0.925

8 	  41.54	 -10.05	   9.00
	  0.442	 -0.130	  0.887
	  0.464	 -0.814	 -0.348
	  0.770	  0.564	 -0.298

9 	  51.08	  -6.77	  13.13
	  0.863	  0.434	  0.257
	  0.009	  0.493	 -0.870
	 -0.506	  0.755	  0.417

2 	  36.25	   4.82	   3.66
	 -0.070	 -0.414	  0.907
	 -0.438	 -0.804	 -0.401
	  0.896	 -0.426	 -0.126

3 	  46.25	   0.26	   2.23
	  0.448	 -0.134	  0.884
	 -0.096	  0.976	  0.196
	 -0.889	 -0.172	  0.424

4 	  41.41	   7.37	  -3.25
	  0.271	  0.943	  0.193
	 -0.900	  0.176	  0.399
	  0.343	 -0.281	  0.896

5 	  46.79	   7.82	   7.96
	  0.759	 -0.069	  0.648
	 -0.526	 -0.653	  0.545
	  0.387	 -0.753	 -0.532

6 	  56.69	   5.19	  11.25
	  0.892	 -0.216	  0.396
	  0.045	  0.915	  0.400
	 -0.449	 -0.342	  0.825

7 	  42.15	  -7.28	  -3.34
	  0.190	 -0.917	  0.350
	  0.978	  0.144	 -0.153
	  0.089	  0.371	  0.924

8 	  41.54	 -10.07	   9.07
	  0.428	 -0.130	  0.894
	  0.471	 -0.814	 -0.340
	  0.774	  0.564	 -0.286

9 	  51.10	  -6.79	  13.11
	  0.867	  0.433	  0.247
	  0.007	  0.481	 -0.877
	 -0.500	  0.763	  0.410

2 	  36.05	   4.18	   3.48
	 -0.078	 -0.245	  0.966
	 -0.176	 -0.951	 -0.255
	  0.981	 -0.190	  0.031

3 	  46.27	   0.26	   2.25
	  0.446	 -0.133	  0.885
	 -0.095	  0.976	  0.194
	 -0.890	 -0.171	  0.423

4 	  41.45	   7.33	  -3.27
	  0.267	  0.944	  0.194
	 -0.903	  0.174	  0.393
	  0.338	 -0.279	  0.898

5 	  46.79	   7.82	   7.96
	  0.758	 -0.069	  0.648
	 -0.527	 -0.651	  0.546
	  0.386	 -0.755	 -0.530

6 	  56.69	   5.17	  11.25
	  0.892	 -0.217	  0.397
	  0.046	  0.916	  0.398
	 -0.451	 -0.340	  0.825

7 	  42.17	  -7.31	  -3.30
	  0.191	 -0.917	  0.351
	  0.978	  0.146	 -0.150
	  0.086	  0.372	  0.924

8 	  41.54	 -10.07	   9.09
	  0.426	 -0.130	  0.895
	  0.471	 -0.814	 -0.339
	  0.775	  0.564	 -0.284

9 	  51.08	  -6.77	  13.13
	  0.867	  0.433	  0.246
	  0.007	  0.479	 -0.878
	 -0.500	  0.764	  0.408

2 	  36.23	   4.54	   3.92
	  0.065	 -0.416	  0.907
	 -0.451	 -0.823	 -0.346
	  0.890	 -0.386	 -0.241

3 	  46.25	   0.23	   2.27
	  0.443	 -0.134	  0.886
	 -0.095	  0.976	  0.194
	 -0.891	 -0.170	  0.420

4 	  41.43	   7.31	  -3.27
	  0.288	  0.942	  0.169
	 -0.889	  0.198	  0.412
	  0.355	 -0.269	  0.895

5 	  46.81	   7.80	   7.95
	  0.758	 -0.068	  0.649
	 -0.528	 -0.650	  0.547
	  0.386	 -0.756	 -0.529

6 	  56.69	   5.15	  11.25
	  0.891	 -0.217	  0.398
	  0.047	  0.917	  0.395
	 -0.453	 -0.337	  0.826

7 	  42.15	  -7.31	  -3.30
	  0.191	 -0.917	  0.351
	  0.978	  0.146	 -0.150
	  0.086	  0.372	  0.924

8 	  41.54	 -10.07	   9.09
	  0.425	 -0.129	  0.896
	  0.471	 -0.815	 -0.338
	  0.775	  0.564	 -0.284

9 	  51.08	  -6.79	  13.15
	  0.867	  0.433	  0.244
	  0.007	  0.477	 -0.879
	 -0.499	  0.766	  0.406

2 	  36.44	   5.15	   3.48
	 -0.534	 -0.471	  0.702
	 -0.517	 -0.476	 -0.711
	  0.670	 -0.743	  0.010

3 	  46.23	   0.23	   2.29
	  0.443	 -0.133	  0.886
	 -0.094	  0.977	  0.193
	 -0.891	 -0.168	  0.420

4 	  41.43	   7.28	  -3.32
	  0.290	  0.942	  0.169
	 -0.889	  0.199	  0.412
	  0.355	 -0.269	  0.895

5 	  46.81	   7.80	   7.93
	  0.758	 -0.068	  0.649
	 -0.528	 -0.649	  0.548
	  0.385	 -0.757	 -0.527

6 	  56.71	   5.12	  11.27
