2 	  32.70	  -6.61	  22.99
	  0.108	  0.993	 -0.033
	 -0.994	  0.108	 -0.003
	  0.001	  0.033	  0.999

3 	  44.98	   0.11	   2.32
	 -0.114	  0.123	 -0.986
	  0.077	 -0.988	 -0.132
	 -0.990	 -0.091	  0.103

4 	  39.66	   6.33	  -4.15
	  0.473	  0.875	  0.101
	 -0.853	  0.425	  0.303
	  0.223	 -0.230	  0.947

5 	  37.56	   9.65	   8.93
	  0.137	  0.205	  0.969
	 -0.083	 -0.973	  0.217
	  0.987	 -0.110	 -0.117

6 	  42.59	  10.63	  20.00
	  0.217	  0.078	  0.973
	 -0.143	  0.988	 -0.048
	 -0.966	 -0.129	  0.225

7 	  40.25	  -7.05	  -4.59
	  0.459	 -0.877	  0.143
	  0.869	  0.410	 -0.277
	  0.184	  0.252	  0.950

8 	  41.47	 -10.46	   8.91
	  0.624	 -0.208	  0.753
	 -0.017	 -0.967	 -0.253
	  0.781	  0.145	 -0.607

9 	  52.24	 -10.16	   7.51
	  0.920	  0.209	  0.332
	  0.109	  0.675	 -0.729
	 -0.377	  0.707	  0.598

2 	  32.70	  -6.61	  22.99
	  0.109	  0.993	 -0.033
	 -0.994	  0.109	 -0.003
	  0.000	  0.033	  0.999

3 	  45.02	   0.14	   2.44
	 -0.106	  0.118	 -0.987
	  0.083	 -0.988	 -0.128
	 -0.991	 -0.095	  0.095

4 	  39.69	   6.29	  -4.17
	  0.465	  0.879	  0.101
	 -0.859	  0.421	  0.293
	  0.215	 -0.223	  0.950

5 	  37.49	   9.58	   8.91
	  0.140	  0.212	  0.967
	 -0.053	 -0.974	  0.221
	  0.988	 -0.083	 -0.126

6 	  42.86	  10.83	  19.83
	  0.253	  0.052	  0.966
	 -0.421	  0.905	  0.062
	 -0.871	 -0.422	  0.251

7 	  40.38	  -7.14	  -4.43
	  0.448	 -0.875	  0.180
	  0.878	  0.394	 -0.269
	  0.164	  0.279	  0.946

8 	  40.71	 -10.30	   9.28
	  0.573	 -0.244	  0.782
	 -0.114	 -0.969	 -0.219
	  0.811	  0.036	 -0.583

9 	  51.06	 -11.92	   8.17
	  0.943	  0.119	  0.310
	  0.215	  0.493	 -0.843
	 -0.253	  0.862	  0.439

2 	  32.70	  -6.61	  22.99
	  0.109	  0.993	 -0.034
	 -0.994	  0.109	 -0.003
	  0.000	  0.033	  0.999

3 	  45.02	   0.14	   2.51
	 -0.104	  0.113	 -0.988
	  0.091	 -0.988	 -0.122
	 -0.990	 -0.103	  0.092

4 	  39.64	   6.19	  -4.18
	  0.458	  0.884	  0.094
	 -0.862	  0.416	  0.288
	  0.216	 -0.214	  0.953

5 	  37.37	   9.67	   8.91
	  0.152	  0.219	  0.964
	 -0.041	 -0.973	  0.228
	  0.987	 -0.074	 -0.139

6 	  43.15	  10.69	  19.53
	  0.294	 -0.001	  0.955
	 -0.545	  0.821	  0.169
	 -0.785	 -0.570	  0.241

7 	  40.27	  -7.33	  -4.29
	  0.419	 -0.881	  0.219
	  0.895	  0.361	 -0.261
	  0.151	  0.305	  0.940

8 	  39.60	 -10.35	   9.44
	  0.505	 -0.276	  0.817
	 -0.181	 -0.960	 -0.212
	  0.843	 -0.041	 -0.536

9 	  48.50	 -13.90	   9.58
	  0.920	 -0.026	  0.390
	  0.388	  0.186	 -0.902
	 -0.050	  0.982	  0.181

2 	  32.70	  -6.61	  22.99
	  0.108	  0.993	 -0.033
	 -0.994	  0.108	 -0.003
	  0.000	  0.033	  0.999

3 	  44.95	   0.14	   2.53
	 -0.109	  0.104	 -0.989
	  0.088	 -0.989	 -0.114
	 -0.990	 -0.100	  0.099

4 	  39.45	   6.10	  -4.22
	  0.456	  0.886	  0.080
	 -0.859	  0.414	  0.301
	  0.234	 -0.206	  0.950

5 	  37.46	   9.62	   8.88
	  0.184	  0.216	  0.959
	 -0.019	 -0.975	  0.223
	  0.982	 -0.059	 -0.176

6 	  43.35	  10.56	  19.60
	  0.256	 -0.056	  0.965
	 -0.581	  0.789	  0.200
	 -0.773	 -0.612	  0.169

7 	  40.08	  -7.47	  -4.08
	  0.388	 -0.888	  0.246
	  0.909	  0.325	 -0.261
	  0.151	  0.325	  0.933

8 	  38.67	 -10.41	   9.40
	  0.432	 -0.300	  0.851
	 -0.228	 -0.949	 -0.218
	  0.872	 -0.100	 -0.478

9 	  44.84	 -15.15	  12.87
	  0.744	 -0.162	  0.648
	  0.650	 -0.048	 -0.758
	  0.154	  0.985	  0.069

2 	  32.70	  -6.61	  22.99
	  0.109	  0.993	 -0.033
	 -0.994	  0.109	 -0.003
	  0.000	  0.033	  0.999

3 	  44.86	   0.05	   2.50
	 -0.121	  0.098	 -0.988
	  0.078	 -0.991	 -0.108
	 -0.990	 -0.091	  0.112

4 	  39.32	   6.05	  -4.25
	  0.459	  0.885	  0.071
	 -0.854	  0.418	  0.310
	  0.245	 -0.204	  0.948

5 	  37.42	   9.56	   8.88
	  0.190	  0.210	  0.959
	 -0.030	 -0.975	  0.219
	  0.981	 -0.071	 -0.180

6 	  43.26	  10.53	  19.60
	  0.273	 -0.056	  0.960
	 -0.660	  0.716	  0.229
	 -0.700	 -0.696	  0.158

7 	  39.83	  -7.59	  -3.99
	  0.369	 -0.895	  0.252
	  0.915	  0.303	 -0.265
	  0.161	  0.328	  0.931

8 	  37.72	 -10.63	   9.28
	  0.330	 -0.301	  0.895
	 -0.190	 -0.949	 -0.249
	  0.924	 -0.088	 -0.371

9 	  41.66	 -14.26	  15.82
	  0.456	 -0.137	  0.879
	  0.887	  0.152	 -0.437
	 -0.074	  0.979	  0.191

2 	  32.70	  -6.61	  22.99
	  0.109	  0.993	 -0.033
	 -0.994	  0.109	 -0.004
	  0.000	  0.033	  0.999

3 	  44.77	  -0.02	   2.44
	 -0.132	  0.094	 -0.987
	  0.072	 -0.992	 -0.104
	 -0.989	 -0.085	  0.124

4 	  39.22	   6.01	  -4.25
	  0.460	  0.885	  0.067
	 -0.851	  0.418	  0.317
	  0.253	 -0.204	  0.946

5 	  37.42	   9.44	   8.91
	  0.194	  0.204	  0.959
	 -0.019	 -0.977	  0.211
	  0.981	 -0.059	 -0.186

6 	  42.77	  11.11	  19.81
	  0.298	  0.000	  0.954
	 -0.896	  0.343	  0.280
	 -0.327	 -0.939	  0.103

7 	  39.69	  -7.65	  -3.92
	  0.351	 -0.901	  0.253
	  0.921	  0.285	 -0.265
	  0.167	  0.326	  0.930

8 	  36.69	 -10.49	   9.14
	  0.234	 -0.265	  0.935
	 -0.131	 -0.962	 -0.240
	  0.963	 -0.067	 -0.260

9 	  39.57	 -13.13	  17.68
	  0.262	 -0.075	  0.962
	  0.911	  0.346	 -0.222
	 -0.316	  0.935	  0.159

2 	  32.70	  -6.61	  22.99
	  0.109	  0.993	 -0.033
	 -0.994	  0.109	 -0.003
	  0.000	  0.033	  0.999

3 	  44.68	  -0.04	   2.41
	 -0.137	  0.095	 -0.986
	  0.066	 -0.992	 -0.105
	 -0.988	 -0.080	  0.130

4 	  39.16	   6.01	  -4.22
	  0.461	  0.884	  0.068
	 -0.850	  0.418	  0.320
	  0.254	 -0.206	  0.945

5 	  37.48	   9.30	   9.04
	  0.200	  0.198	  0.959
	  0.003	 -0.979	  0.202
	  0.979	 -0.038	 -0.196

6 	  42.64	  11.34	  20.02
	  0.309	  0.042	  0.950
	 -0.948	  0.098	  0.304
	 -0.080	 -0.994	  0.069

7 	  39.52	  -7.59	  -3.92
	  0.323	 -0.912	  0.252
	  0.929	  0.256	 -0.265
	  0.176	  0.320	  0.930

8 	  36.05	  -9.86	   9.09
	  0.192	 -0.242	  0.951
	 -0.187	 -0.960	 -0.207
	  0.963	 -0.138	 -0.230

9 	  39.02	 -12.64	  17.68
	  0.266	 -0.055	  0.962
	  0.930	  0.277	 -0.241
	 -0.254	  0.959	  0.125

2 	  32.70	  -6.61	  22.99
	  0.109	  0.993	 -0.033
	 -0.994	  0.109	 -0.003
	  0.000	  0.033	  0.999

3 	  44.65	  -0.05	   2.39
	 -0.143	  0.100	 -0.985
	  0.055	 -0.992	 -0.109
	 -0.988	 -0.069	  0.136

4 	  39.13	   6.12	  -4.15
	  0.466	  0.881	  0.075
	 -0.847	  0.421	  0.323
	  0.254	 -0.215	  0.943

5 	  37.67	   9.16	   9.18
	  0.206	  0.181	  0.961
	  0.002	 -0.983	  0.185
	  0.978	 -0.036	 -0.203

6 	  42.56	  11.44	  20.14
	  0.318	  0.071	  0.945
	 -0.942	 -0.083	  0.323
	  0.102	 -0.994	  0.041

7 	  39.46	  -7.52	  -3.94
	  0.314	 -0.915	  0.252
	  0.931	  0.245	 -0.271
	  0.186	  0.320	  0.929

8 	  36.05	  -9.65	   9.04
	  0.179	 -0.226	  0.957
	 -0.208	 -0.960	 -0.187
	  0.961	 -0.166	 -0.219

9 	  39.52	 -12.76	  17.16
	  0.345	 -0.059	  0.936
	  0.933	  0.124	 -0.336
	 -0.097	  0.990	  0.098

2 	  32.70	  -6.61	  22.99
	  0.109	  0.993	 -0.034
	 -0.994	  0.109	 -0.004
	  0.000	  0.033	  0.999

3 	  44.61	  -0.05	   2.30
	 -0.150	  0.105	 -0.983
	  0.048	 -0.992	 -0.114
	 -0.987	 -0.065	  0.144

4 	  39.09	   6.21	  -4.11
	  0.469	  0.879	  0.081
	 -0.846	  0.421	  0.326
	  0.252	 -0.222	  0.942

5 	  37.78	   9.11	   9.35
	  0.216	  0.168	  0.961
	  0.000	 -0.985	  0.172
	  0.976	 -0.037	 -0.214

6 	  42.63	  11.39	  20.25
	  0.322	  0.068	  0.944
	 -0.937	 -0.119	  0.328
	  0.134	 -0.990	  0.025

7 	  39.43	  -7.54	  -4.10
	  0.325	 -0.916	  0.233
	  0.924	  0.255	 -0.285
	  0.201	  0.308	  0.929

8 	  36.49	  -9.76	   8.98
	  0.200	 -0.228	  0.953
	 -0.196	 -0.962	 -0.189
	  0.960	 -0.149	 -0.238

9 	  40.18	 -13.11	  16.65
	  0.392	 -0.075	  0.917
	  0.918	  0.085	 -0.385
	 -0.049	  0.993	  0.102

2 	  32.70	  -6.61	  22.99
	  0.109	  0.993	 -0.034
	 -0.994	  0.109	 -0.004
	  0.000	  0.033	  0.999

3 	  44.60	  -0.05	   2.30
	 -0.160	  0.108	 -0.981
	  0.054	 -0.991	 -0.118
	 -0.986	 -0.072	  0.152

4 	  38.94	   6.15	  -4.06
	  0.462	  0.882	  0.084
	 -0.847	  0.411	  0.335
	  0.261	 -0.227	  0.938

5 	  37.78	   8.95	   9.39
	  0.230	  0.162	  0.959
	  0.010	 -0.986	  0.164
	  0.973	 -0.029	 -0.229

6 	  42.80	  11.14	  20.18
	  0.326	  0.040	  0.944
	 -0.944	 -0.038	  0.327
	  0.049	 -0.998	  0.026

7 	  39.52	  -7.61	  -4.18
	  0.348	 -0.913	  0.212
	  0.913	  0.279	 -0.297
	  0.212	  0.297	  0.931

8 	  36.98	  -9.95	   8.95
	  0.232	 -0.222	  0.947
	 -0.178	 -0.967	 -0.183
	  0.956	 -0.126	 -0.265

9 	  40.66	 -12.92	  16.58
	  0.378	 -0.072	  0.923
	  0.917	  0.163	 -0.363
	 -0.125	  0.984	  0.128

2 	  32.70	  -6.61	  22.99
	  0.109	  0.993	 -0.034
	 -0.994	  0.109	 -0.003
	  0.000	  0.033	  0.999

3 	  44.53	  -0.02	   2.20
	 -0.180	  0.107	 -0.978
	  0.068	 -0.990	 -0.121
	 -0.981	 -0.089	  0.170

4 	  38.81	   6.13	  -4.11
	  0.455	  0.887	  0.076
	 -0.844	  0.403	  0.353
	  0.283	 -0.225	  0.932

5 	  37.67	   8.89	   9.32
	  0.234	  0.150	  0.960
	 -0.014	 -0.987	  0.157
	  0.972	 -0.051	 -0.229

6 	  42.98	  11.00	  20.00
	  0.314	  0.068	  0.947
	 -0.931	  0.216	  0.293
	 -0.185	 -0.974	  0.131

7 	  39.53	  -7.66	  -4.18
	  0.378	 -0.902	  0.208
	  0.899	  0.305	 -0.313
	  0.219	  0.305	  0.926

8 	  37.32	  -9.86	   9.07
	  0.242	 -0.179	  0.953
	 -0.089	 -0.983	 -0.162
	  0.966	 -0.046	 -0.254

9 	  40.69	 -11.36	  16.72
	  0.336	 -0.018	  0.942
	  0.828	  0.481	 -0.286
	 -0.449	  0.876	  0.176

2 	  32.70	  -6.61	  22.99
	  0.109	  0.993	 -0.033
	 -0.994	  0.109	 -0.003
	  0.000	  0.033	  0.999

3 	  44.49	  -0.04	   2.14
	 -0.180	  0.106	 -0.978
	  0.075	 -0.990	 -0.121
	 -0.981	 -0.095	  0.170

4 	  38.78	   6.10	  -4.13
	  0.457	  0.886	  0.071
	 -0.843	  0.406	  0.354
	  0.285	 -0.222	  0.932

5 	  37.72	   8.95	   9.26
	  0.238	  0.153	  0.959
	 -0.032	 -0.986	  0.165
	  0.970	 -0.070	 -0.230

6 	  43.12	  10.97	  19.90
	  0.318	  0.055	  0.946
	 -0.913	  0.287	  0.290
	 -0.256	 -0.956	  0.141

7 	  39.48	  -7.70	  -4.15
	  0.381	 -0.899	  0.213
	  0.897	  0.304	 -0.321
	  0.223	  0.314	  0.922

8 	  37.37	  -9.95	   9.14
	  0.238	 -0.179	  0.954
	 -0.083	 -0.983	 -0.164
	  0.967	 -0.040	 -0.249

9 	  41.10	 -11.02	  16.65
	  0.353	  0.014	  0.935
	  0.801	  0.513	 -0.309
	 -0.485	  0.858	  0.170

2 	  32.70	  -6.61	  22.99
	  0.109	  0.993	 -0.034
	 -0.994	  0.109	 -0.003
	  0.000	  0.033	  0.999

3 	  44.51	  -0.05	   2.11
	 -0.180	  0.105	 -0.978
	  0.077	 -0.990	 -0.121
	 -0.981	 -0.097	  0.170

4 	  38.74	   6.05	  -4.15
	  0.462	  0.884	  0.067
	 -0.840	  0.413	  0.352
	  0.283	 -0.219	  0.933

5 	  37.79	   8.96	   9.26
	  0.244	  0.160	  0.956
	 -0.028	 -0.985	  0.172
	  0.969	 -0.068	 -0.237

6 	  43.47	  10.95	  19.85
	  0.309	  0.035	  0.950
	 -0.868	  0.420	  0.266
	 -0.390	 -0.907	  0.160

7 	  39.39	  -7.75	  -4.10
	  0.379	 -0.898	  0.222
	  0.897	  0.297	 -0.327
	  0.227	  0.323	  0.918

8 	  37.35	  -9.90	   9.26
	  0.238	 -0.181	  0.954
	 -0.118	 -0.980	 -0.157
	  0.964	 -0.075	 -0.255

9 	  40.99	 -11.34	  16.44
	  0.371	 -0.002	  0.928
	  0.824	  0.461	 -0.329
	 -0.428	  0.887	  0.172

2 	  32.70	  -6.61	  22.99
	  0.109	  0.993	 -0.034
	 -0.994	  0.109	 -0.003
	  0.000	  0.033	  0.999

3 	  44.54	  -0.11	   2.07
	 -0.180	  0.101	 -0.979
	  0.075	 -0.990	 -0.116
	 -0.981	 -0.095	  0.170

4 	  38.78	   5.98	  -4.20
	  0.468	  0.881	  0.060
	 -0.838	  0.421	  0.348
	  0.281	 -0.213	  0.936

5 	  37.85	   9.11	   9.11
	  0.249	  0.175	  0.952
	 -0.041	 -0.981	  0.191
	  0.967	 -0.087	 -0.237

6 	  43.86	  10.51	  19.58
	  0.278	  0.007	  0.960
	 -0.607	  0.776	  0.170
	 -0.745	 -0.630	  0.220

7 	  39.36	  -7.84	  -4.03
	  0.375	 -0.896	  0.235
	  0.898	  0.289	 -0.331
	  0.228	  0.335	  0.914

8 	  37.27	  -9.91	   9.30
	  0.229	 -0.190	  0.954
	 -0.144	 -0.976	 -0.160
	  0.962	 -0.101	 -0.251

9 	  40.48	 -11.41	  16.86
	  0.327	 -0.020	  0.945
	  0.830	  0.484	 -0.277
	 -0.452	  0.875	  0.174

2 	  32.70	  -6.61	  22.99
	  0.108	  0.993	 -0.033
	 -0.994	  0.108	 -0.003
	  0.000	  0.033	  0.999

3 	  44.60	  -0.19	   2.00
	 -0.178	  0.093	 -0.980
	  0.068	 -0.992	 -0.107
	 -0.982	 -0.086	  0.170

4 	  38.79	   5.91	  -4.27
	  0.473	  0.879	  0.053
	 -0.835	  0.428	  0.344
	  0.280	 -0.207	  0.937

5 	  37.88	   9.19	   9.00
	  0.243	  0.181	  0.953
	 -0.055	 -0.978	  0.200
	  0.968	 -0.101	 -0.228

6 	  43.84	  10.56	  19.55
	  0.271	  0.023	  0.962
	 -0.570	  0.810	  0.141
	 -0.776	 -0.586	  0.232

7 	  39.34	  -7.86	  -3.97
	  0.373	 -0.896	  0.240
	  0.899	  0.286	 -0.332
	  0.229	  0.339	  0.912

8 	  37.21	  -9.95	   9.26
	  0.218	 -0.204	  0.954
	 -0.162	 -0.972	 -0.171
	  0.962	 -0.117	 -0.245

9 	  39.62	 -11.85	  17.72
	  0.244	 -0.056	  0.968
	  0.855	  0.484	 -0.188
	 -0.459	  0.873	  0.165

2 	  32.70	  -6.61	  22.99
	  0.108	  0.993	 -0.033
	 -0.994	  0.108	 -0.003
	  0.000	  0.033	  0.999

3 	  44.61	  -0.23	   1.93
	 -0.176	  0.091	 -0.980
	  0.063	 -0.992	 -0.104
	 -0.982	 -0.081	  0.169

4 	  38.83	   5.85	  -4.31
	  0.479	  0.876	  0.050
	 -0.833	  0.436	  0.340
	  0.276	 -0.205	  0.939

5 	  37.90	   9.19	   8.98
	  0.236	  0.187	  0.953
	 -0.052	 -0.977	  0.205
	  0.970	 -0.098	 -0.221

6 	  43.77	  10.86	  19.46
	  0.263	  0.045	  0.964
	 -0.591	  0.797	  0.124
	 -0.763	 -0.602	  0.236

7 	  39.34	  -7.89	  -3.99
	  0.372	 -0.896	  0.242
	  0.899	  0.283	 -0.334
	  0.230	  0.342	  0.911

8 	  37.23	  -9.97	   9.23
	  0.211	 -0.236	  0.948
	 -0.219	 -0.957	 -0.190
	  0.953	 -0.167	 -0.254

9 	  39.27	 -12.43	  17.79
	  0.218	 -0.106	  0.970
	  0.881	  0.449	 -0.149
	 -0.420	  0.887	  0.190

2 	  32.70	  -6.61	  22.99
	  0.109	  0.993	 -0.034
	 -0.994	  0.108	 -0.003
	  0.001	  0.033	  0.999

3 	  44.65	  -0.25	   1.86
	 -0.174	  0.091	 -0.981
	  0.057	 -0.993	 -0.102
	 -0.983	 -0.074	  0.167

4 	  38.87	   5.89	  -4.34
	  0.485	  0.873	  0.050
	 -0.831	  0.442	  0.338
	  0.273	 -0.206	  0.939

5 	  37.88	   9.30	   8.88
	  0.228	  0.207	  0.951
	 -0.054	 -0.973	  0.224
	  0.972	 -0.102	 -0.211

6 	  43.66	  11.21	  19.37
	  0.261	  0.076	  0.962
	 -0.586	  0.805	  0.095
	 -0.767	 -0.588	  0.255

7 	  39.25	  -7.89	  -4.01
	  0.369	 -0.896	  0.248
	  0.897	  0.274	 -0.345
	  0.241	  0.350	  0.905

8 	  37.28	 -10.07	   9.23
	  0.212	 -0.279	  0.936
	 -0.296	 -0.932	 -0.211
	  0.931	 -0.232	 -0.280

9 	  39.02	 -13.41	  17.46
	  0.215	 -0.155	  0.964
	  0.912	  0.385	 -0.142
	 -0.349	  0.910	  0.224

2 	  32.70	  -6.61	  22.99
	  0.108	  0.993	 -0.034
	 -0.994	  0.108	 -0.003
	  0.000	  0.033	  0.999

3 	  44.65	  -0.26	   1.78
	 -0.175	  0.088	 -0.981
	  0.050	 -0.994	 -0.098
	 -0.983	 -0.066	  0.170

4 	  38.79	   5.78	  -4.39
	  0.486	  0.873	  0.041
	 -0.829	  0.446	  0.337
	  0.276	 -0.199	  0.940

5 	  37.79	   9.54	   8.67
	  0.229	  0.252	  0.940
	 -0.030	 -0.964	  0.266
	  0.973	 -0.089	 -0.213

6 	  43.59	  11.99	  18.98
	  0.278	  0.142	  0.950
	 -0.573	  0.818	  0.045
	 -0.771	 -0.557	  0.309

7 	  39.15	  -7.93	  -3.99
	  0.367	 -0.895	  0.253
	  0.896	  0.267	 -0.355
	  0.250	  0.357	  0.900

8 	  37.44	 -10.32	   9.28
	  0.218	 -0.326	  0.920
	 -0.373	 -0.899	 -0.230
	  0.901	 -0.293	 -0.318

9 	  39.25	 -14.12	  16.79
	  0.244	 -0.199	  0.949
	  0.920	  0.357	 -0.162
	 -0.307	  0.912	  0.270

2 	  32.70	  -6.61	  22.99
	  0.108	  0.993	 -0.034
	 -0.994	  0.108	 -0.003
	  0.000	  0.033	  0.999

3 	  44.63	  -0.30	   1.71
	 -0.176	  0.081	 -0.981
	  0.045	 -0.995	 -0.090
	 -0.983	 -0.060	  0.172

4 	  38.69	   5.62	  -4.61
	  0.479	  0.878	  0.018
	 -0.829	  0.445	  0.337
	  0.287	 -0.176	  0.941

5 	  37.72	   9.79	   8.33
	  0.225	  0.297	  0.928
	 -0.015	 -0.951	  0.308
	  0.974	 -0.083	 -0.210

6 	  43.51	  12.81	  18.53
	  0.279	  0.196	  0.940
	 -0.565	  0.825	 -0.004
	 -0.776	 -0.530	  0.341

7 	  39.22	  -7.96	  -3.94
	  0.372	 -0.888	  0.272
	  0.896	  0.267	 -0.354
	  0.242	  0.375	  0.895

8 	  37.60	 -10.41	   9.32
	  0.221	 -0.370	  0.902
	 -0.448	 -0.860	 -0.243
	  0.866	 -0.350	 -0.356

9 	  39.20	 -15.22	  16.21
	  0.245	 -0.270	  0.931
	  0.945	  0.280	 -0.168
	 -0.215	  0.921	  0.324

2 	  32.70	  -6.61	  22.99
	  0.108	  0.993	 -0.034
	 -0.994	  0.108	 -0.003
	  0.000	  0.033	  0.999

3 	  44.65	  -0.30	   1.65
	 -0.172	  0.073	 -0.982
	  0.042	 -0.996	 -0.082
	 -0.984	 -0.056	  0.168

4 	  38.71	   5.55	  -4.71
	  0.476	  0.879	  0.002
	 -0.828	  0.448	  0.338
	  0.296	 -0.163	  0.941

5 	  37.79	  10.23	   7.95
	  0.220	  0.356	  0.908
	  0.002	 -0.931	  0.365
	  0.975	 -0.078	 -0.206

6 	  43.47	  13.97	  17.81
	  0.277	  0.267	  0.923
	 -0.569	  0.820	 -0.067
	 -0.774	 -0.507	  0.379

7 	  39.23	  -7.93	  -3.97
	  0.373	 -0.885	  0.278
	  0.898	  0.269	 -0.349
	  0.234	  0.380	  0.895

8 	  37.74	 -10.60	   9.26
	  0.223	 -0.422	  0.878
	 -0.519	 -0.814	 -0.260
	  0.825	 -0.398	 -0.401

9 	  38.99	 -16.29	  15.54
	  0.243	 -0.339	  0.909
	  0.964	  0.186	 -0.189
	 -0.106	  0.922	  0.372

2 	  32.70	  -6.61	  22.99
	  0.108	  0.993	 -0.034
	 -0.994	  0.108	 -0.003
	  0.000	  0.033	  0.999

3 	  44.67	  -0.26	   1.60
	 -0.163	  0.066	 -0.984
	  0.040	 -0.996	 -0.074
	 -0.986	 -0.051	  0.159

4 	  38.76	   5.50	  -4.89
	  0.485	  0.874	 -0.025
	 -0.819	  0.463	  0.339
	  0.308	 -0.144	  0.940

5 	  37.92	  10.79	   7.44
	  0.220	  0.414	  0.883
	  0.012	 -0.907	  0.422
	  0.975	 -0.082	 -0.205

6 	  43.58	  15.19	  16.98
	  0.277	  0.338	  0.899
	 -0.567	  0.813	 -0.131
	 -0.776	 -0.474	  0.417

7 	  39.27	  -7.80	  -4.03
	  0.376	 -0.883	  0.279
	  0.900	  0.278	 -0.334
	  0.217	  0.377	  0.900

8 	  37.95	 -10.83	   9.21
	  0.225	 -0.479	  0.848
	 -0.590	 -0.760	 -0.272
	  0.775	 -0.440	 -0.454

9 	  38.94	 -17.30	  14.66
	  0.255	 -0.406	  0.877
	  0.967	  0.103	 -0.234
	  0.004	  0.908	  0.419

2 	  32.70	  -6.61	  22.99
	  0.109	  0.993	 -0.034
	 -0.994	  0.108	 -0.003
	  0.000	  0.033	  0.999

3 	  44.70	  -0.21	   1.56
	 -0.155	  0.059	 -0.986
	  0.036	 -0.997	 -0.066
	 -0.987	 -0.046	  0.152

4 	  38.83	   5.43	  -5.10
	  0.495	  0.867	 -0.054
	 -0.807	  0.482	  0.342
	  0.322	 -0.127	  0.938

5 	  38.06	  11.36	   6.82
	  0.220	  0.460	  0.860
	 -0.014	 -0.880	  0.474
	  0.975	 -0.116	 -0.188

6 	  43.70	  16.01	  16.19
	  0.277	  0.385	  0.880
	 -0.499	  0.841	 -0.211
	 -0.821	 -0.380	  0.425

7 	  39.23	  -7.77	  -4.06
	  0.378	 -0.883	  0.278
	  0.901	  0.282	 -0.330
	  0.212	  0.375	  0.902

8 	  38.11	 -11.11	   9.11
	  0.231	 -0.527	  0.817
	 -0.644	 -0.713	 -0.277
	  0.729	 -0.463	 -0.505

9 	  39.04	 -18.18	  13.73
	  0.276	 -0.464	  0.842
	  0.957	  0.049	 -0.287
	  0.091	  0.885	  0.457

2 	  32.68	  -6.61	  22.99
	  0.109	  0.993	 -0.034
	 -0.994	  0.109	 -0.004
	  0.000	  0.033	  0.999

3 	  44.70	  -0.25	   1.55
	 -0.148	  0.051	 -0.988
	  0.031	 -0.998	 -0.056
	 -0.988	 -0.040	  0.146

4 	  38.87	   5.33	  -5.29
	  0.502	  0.861	 -0.079
	 -0.797	  0.496	  0.344
	  0.335	 -0.109	  0.935

5 	  38.14	  11.64	   6.40
	  0.219	  0.488	  0.845
	 -0.031	 -0.862	  0.506
	  0.975	 -0.137	 -0.174

6 	  43.80	  16.63	  15.52
	  0.274	  0.419	  0.865
	 -0.430	  0.858	 -0.279
	 -0.860	 -0.296	  0.416

7 	  39.23	  -7.77	  -4.08
	  0.381	 -0.881	  0.281
	  0.901	  0.287	 -0.324
	  0.204	  0.377	  0.903

8 	  38.30	 -11.44	   9.04
	  0.238	 -0.566	  0.789
	 -0.686	 -0.673	 -0.276
	  0.687	 -0.476	 -0.549

9 	  39.30	 -18.79	  13.11
	  0.292	 -0.500	  0.815
	  0.946	  0.026	 -0.323
	  0.140	  0.865	  0.481

2 	  32.70	  -6.61	  22.99
	  0.108	  0.993	 -0.034
	 -0.994	  0.108	 -0.003
	  0.000	  0.033	  0.999

3 	  44.70	  -0.25	   1.53
	 -0.143	  0.039	 -0.989
	  0.032	 -0.998	 -0.044
	 -0.989	 -0.038	  0.142

4 	  38.87	   5.17	  -5.47
	  0.503	  0.858	 -0.104
	 -0.792	  0.505	  0.343
	  0.346	 -0.091	  0.933

5 	  38.11	  11.81	   6.12
	  0.215	  0.505	  0.836
	 -0.042	 -0.850	  0.524
	  0.976	 -0.148	 -0.162

6 	  43.79	  16.82	  15.28
	  0.271	  0.430	  0.861
	 -0.397	  0.865	 -0.307
	 -0.877	 -0.259	  0.404

7 	  39.23	  -7.80	  -4.03
	  0.383	 -0.877	  0.289
	  0.902	  0.288	 -0.322
	  0.199	  0.384	  0.902

8 	  38.44	 -11.74	   8.98
	  0.245	 -0.591	  0.769
	 -0.701	 -0.656	 -0.281
	  0.669	 -0.470	 -0.575

9 	  39.50	 -19.21	  12.55
	  0.311	 -0.528	  0.790
	  0.934	  0.019	 -0.356
	  0.172	  0.849	  0.499

2 	  32.68	  -6.61	  22.99
	  0.109	  0.993	 -0.034
	 -0.994	  0.108	 -0.003
	  0.000	  0.034	  0.999

3 	  44.70	  -0.30	   1.55
	 -0.142	  0.032	 -0.989
	  0.031	 -0.999	 -0.037
	 -0.989	 -0.036	  0.141

4 	  38.90	   5.13	  -5.52
	  0.503	  0.857	 -0.109
	 -0.791	  0.507	  0.342
	  0.348	 -0.086	  0.933

5 	  38.11	  11.88	   5.98
	  0.209	  0.516	  0.831
	 -0.051	 -0.843	  0.536
	  0.976	 -0.154	 -0.150

6 	  43.77	  16.96	  15.19
	  0.267	  0.436	  0.859
	 -0.405	  0.860	 -0.311
	 -0.874	 -0.265	  0.406

7 	  39.25	  -7.84	  -3.99
	  0.386	 -0.875	  0.292
	  0.901	  0.289	 -0.323
	  0.198	  0.388	  0.900

8 	  38.51	 -11.94	   8.95
	  0.248	 -0.608	  0.754
	 -0.706	 -0.646	 -0.289
	  0.663	 -0.461	 -0.590

9 	  39.59	 -19.62	  12.16
	  0.313	 -0.549	  0.775
	  0.932	  0.022	 -0.361
	  0.180	  0.835	  0.519

2 	  32.70	  -6.61	  22.99
	  0.109	  0.993	 -0.033
	 -0.994	  0.108	 -0.003
	  0.001	  0.033	  0.999

3 	  44.70	  -0.28	   1.56
	 -0.141	  0.030	 -0.990
	  0.032	 -0.999	 -0.035
	 -0.989	 -0.036	  0.140

4 	  38.92	   5.13	  -5.52
	  0.503	  0.857	 -0.109
	 -0.791	  0.508	  0.342
	  0.348	 -0.087	  0.933

5 	  38.20	  12.01	   5.89
	  0.212	  0.528	  0.822
	 -0.043	 -0.836	  0.547
	  0.976	 -0.151	 -0.155

6 	  43.82	  17.31	  14.87
	  0.271	  0.457	  0.847
	 -0.443	  0.840	 -0.311
	 -0.854	 -0.291	  0.430

7 	  39.27	  -7.84	  -3.99
	  0.392	 -0.872	  0.292
	  0.898	  0.295	 -0.325
	  0.197	  0.390	  0.899

8 	  38.50	 -12.34	   8.70
	  0.247	 -0.640	  0.728
	 -0.712	 -0.629	 -0.312
	  0.657	 -0.441	 -0.611

9 	  39.50	 -20.09	  11.65
	  0.301	 -0.580	  0.757
	  0.942	  0.056	 -0.331
	  0.149	  0.813	  0.563

2 	  32.70	  -6.61	  22.99
	  0.109	  0.993	 -0.034
	 -0.994	  0.109	 -0.004
	  0.000	  0.034	  0.999

3 	  44.70	  -0.30	   1.55
	 -0.141	  0.029	 -0.990
	  0.031	 -0.999	 -0.033
	 -0.989	 -0.035	  0.140

4 	  38.94	   5.13	  -5.55
	  0.506	  0.855	 -0.114
	 -0.788	  0.511	  0.342
	  0.351	 -0.084	  0.932

5 	  38.23	  12.18	   5.68
	  0.213	  0.552	  0.806
	 -0.030	 -0.821	  0.569
	  0.976	 -0.145	 -0.159

6 	  43.89	  17.89	  14.31
	  0.277	  0.489	  0.827
	 -0.473	  0.819	 -0.325
	 -0.836	 -0.301	  0.458

7 	  39.29	  -7.80	  -4.01
	  0.401	 -0.872	  0.279
	  0.894	  0.308	 -0.324
	  0.196	  0.379	  0.904

8 	  38.48	 -12.85	   8.38
	  0.237	 -0.687	  0.687
	 -0.727	 -0.594	 -0.344
	  0.644	 -0.418	 -0.640

9 	  39.25	 -20.94	  10.85
	  0.287	 -0.628	  0.723
	  0.937	  0.028	 -0.349
	  0.198	  0.778	  0.596

2 	  32.70	  -6.61	  22.99
	  0.109	  0.993	 -0.034
	 -0.994	  0.109	 -0.003
	  0.000	  0.033	  0.999

3 	  44.72	  -0.30	   1.55
	 -0.141	  0.028	 -0.990
	  0.029	 -0.999	 -0.032
	 -0.990	 -0.034	  0.140

4 	  38.97	   5.13	  -5.57
	  0.508	  0.853	 -0.121
	 -0.785	  0.516	  0.343
	  0.355	 -0.080	  0.931

5 	  38.25	  12.38	   5.54
	  0.210	  0.561	  0.801
	 -0.045	 -0.813	  0.581
	  0.976	 -0.158	 -0.146

6 	  43.89	  18.09	  14.22
	  0.272	  0.497	  0.824
	 -0.458	  0.820	 -0.344
	 -0.847	 -0.284	  0.450

7 	  39.23	  -7.75	  -4.03
	  0.403	 -0.875	  0.270
	  0.893	  0.311	 -0.324
	  0.199	  0.372	  0.906

8 	  38.51	 -13.13	   8.14
	  0.234	 -0.717	  0.656
	 -0.753	 -0.561	 -0.344
	  0.615	 -0.413	 -0.672

9 	  39.13	 -21.46	  10.20
	  0.281	 -0.659	  0.698
	  0.929	  0.004	 -0.370
	  0.240	  0.752	  0.613

2 	  32.70	  -6.61	  22.99
	  0.109	  0.993	 -0.033
	 -0.994	  0.108	 -0.003
	  0.000	  0.033	  0.999

3 	  44.68	  -0.30	   1.55
	 -0.140	  0.024	 -0.990
	  0.024	 -0.999	 -0.028
	 -0.990	 -0.027	  0.139

4 	  38.99	   5.10	  -5.66
	  0.511	  0.849	 -0.134
	 -0.779	  0.523	  0.346
	  0.364	 -0.073	  0.928

5 	  38.39	  12.48	   5.33
	  0.219	  0.571	  0.791
	 -0.056	 -0.802	  0.594
	  0.974	 -0.174	 -0.144

6 	  44.14	  18.26	  13.85
	  0.282	  0.506	  0.815
	 -0.436	  0.824	 -0.361
	 -0.855	 -0.253	  0.453

7 	  39.15	  -7.72	  -3.99
	  0.404	 -0.875	  0.267
	  0.890	  0.310	 -0.333
	  0.208	  0.372	  0.904

8 	  38.60	 -13.55	   7.93
	  0.236	 -0.753	  0.614
	 -0.772	 -0.530	 -0.352
	  0.590	 -0.391	 -0.706

9 	  39.09	 -21.97	   9.53
	  0.275	 -0.689	  0.671
	  0.924	 -0.002	 -0.381
	  0.264	  0.725	  0.636

2 	  32.70	  -6.61	  22.99
	  0.108	  0.993	 -0.034
	 -0.994	  0.108	 -0.003
	  0.000	  0.033	  0.999

3 	  44.72	  -0.30	   1.46
	 -0.141	  0.015	 -0.990
	  0.016	 -1.000	 -0.018
	 -0.990	 -0.019	  0.141

4 	  38.94	   5.04	  -5.77
	  0.510	  0.845	 -0.158
	 -0.770	  0.530	  0.354
	  0.383	 -0.059	  0.922

5 	  38.57	  12.78	   4.92
	  0.235	  0.604	  0.762
	 -0.044	 -0.776	  0.629
	  0.971	 -0.182	 -0.156

6 	  44.44	  18.91	  13.06
	  0.297	  0.541	  0.787
	 -0.436	  0.810	 -0.393
	 -0.850	 -0.226	  0.476

7 	  39.01	  -7.72	  -3.99
	  0.401	 -0.881	  0.248
	  0.883	  0.302	 -0.358
	  0.240	  0.363	  0.900

8 	  38.69	 -14.12	   7.44
	  0.234	 -0.798	  0.555
	 -0.799	 -0.484	 -0.358
	  0.554	 -0.360	 -0.751

9 	  38.83	 -23.10	   8.14
	  0.260	 -0.752	  0.605
	  0.905	 -0.029	 -0.425
	  0.338	  0.658	  0.673

2 	  32.70	  -6.61	  22.99
	  0.109	  0.993	 -0.033
	 -0.994	  0.108	 -0.003
	  0.000	  0.033	  0.999

3 	  44.70	  -0.30	   1.39
	 -0.144	  0.010	 -0.989
	  0.012	 -1.000	 -0.012
	 -0.989	 -0.014	  0.144

4 	  38.85	   4.99	  -5.85
	  0.507	  0.842	 -0.182
	 -0.759	  0.536	  0.369
	  0.408	 -0.049	  0.911

5 	  38.69	  13.08	   4.54
	  0.252	  0.633	  0.732
	 -0.028	 -0.751	  0.659
	  0.967	 -0.187	 -0.172

6 	  44.75	  19.58	  12.08
	  0.317	  0.577	  0.753
	 -0.446	  0.791	 -0.419
	 -0.837	 -0.203	  0.508

7 	  38.87	  -7.63	  -4.06
	  0.406	 -0.887	  0.220
	  0.874	  0.306	 -0.377
	  0.266	  0.346	  0.900

8 	  38.78	 -14.57	   6.82
	  0.234	 -0.843	  0.484
	 -0.829	 -0.433	 -0.353
	  0.507	 -0.319	 -0.801

9 	  38.48	 -24.24	   6.61
	  0.234	 -0.816	  0.528
	  0.847	 -0.096	 -0.523
	  0.478	  0.569	  0.668

2 	  32.70	  -6.61	  22.99
	  0.109	  0.993	 -0.034
	 -0.994	  0.109	 -0.003
	  0.000	  0.033	  0.999

3 	  44.67	  -0.26	   1.27
	 -0.151	  0.005	 -0.989
	  0.009	 -1.000	 -0.006
	 -0.988	 -0.010	  0.151

4 	  38.72	   4.94	  -5.99
	  0.502	  0.838	 -0.212
	 -0.747	  0.544	  0.382
	  0.435	 -0.034	  0.899

5 	  38.81	  13.38	   4.06
	  0.270	  0.658	  0.703
	 -0.020	 -0.726	  0.687
	  0.963	 -0.199	 -0.183

6 	  45.00	  20.20	  11.29
	  0.328	  0.606	  0.724
	 -0.428	  0.779	 -0.457
	 -0.842	 -0.160	  0.516

7 	  38.72	  -7.49	  -4.17
	  0.415	 -0.890	  0.187
	  0.863	  0.321	 -0.390
	  0.287	  0.323	  0.901

8 	  38.79	 -15.13	   6.10
	  0.231	 -0.883	  0.407
	 -0.854	 -0.385	 -0.349
	  0.465	 -0.267	 -0.844

9 	  38.34	 -25.01	   4.83
	  0.221	 -0.867	  0.446
	  0.794	 -0.105	 -0.599
	  0.567	  0.486	  0.665

2 	  32.70	  -6.61	  22.99
	  0.109	  0.993	 -0.033
	 -0.994	  0.109	 -0.004
	  0.000	  0.033	  0.999

3 	  44.61	  -0.25	   1.14
	 -0.156	 -0.002	 -0.988
	  0.008	 -1.000	  0.000
	 -0.988	 -0.008	  0.156

4 	  38.62	   4.87	  -6.13
	  0.496	  0.835	 -0.235
	 -0.738	  0.549	  0.393
	  0.457	 -0.022	  0.889

5 	  38.88	  13.55	   3.67
	  0.281	  0.681	  0.675
	 -0.003	 -0.703	  0.711
	  0.959	 -0.202	 -0.196

6 	  45.11	  20.62	  10.63
	  0.338	  0.626	  0.702
	 -0.446	  0.763	 -0.467
	 -0.829	 -0.156	  0.538

7 	  38.62	  -7.37	  -4.31
	  0.423	 -0.894	  0.148
	  0.852	  0.337	 -0.401
	  0.308	  0.296	  0.904

8 	  38.90	 -15.61	   5.34
	  0.232	 -0.919	  0.319
	 -0.878	 -0.339	 -0.337
	  0.417	 -0.202	 -0.886

9 	  38.67	 -25.79	   3.06
	  0.217	 -0.916	  0.336
	  0.676	 -0.107	 -0.729
	  0.704	  0.385	  0.596

2 	  32.68	  -6.61	  22.99
	  0.109	  0.993	 -0.033
	 -0.994	  0.109	 -0.003
	  0.000	  0.033	  0.999

3 	  44.61	  -0.25	   1.07
	 -0.158	 -0.004	 -0.987
	  0.008	 -1.000	  0.003
	 -0.987	 -0.008	  0.158

4 	  38.58	   4.80	  -6.22
	  0.492	  0.833	 -0.252
	 -0.732	  0.553	  0.397
	  0.470	 -0.012	  0.882

5 	  38.95	  13.73	   3.27
	  0.288	  0.702	  0.651
	  0.006	 -0.682	  0.732
	  0.958	 -0.207	 -0.200

6 	  45.23	  21.06	   9.72
	  0.348	  0.652	  0.673
	 -0.453	  0.745	 -0.489
	 -0.821	 -0.135	  0.555

7 	  38.55	  -7.24	  -4.41
	  0.431	 -0.896	  0.104
	  0.839	  0.356	 -0.411
	  0.331	  0.264	  0.905

8 	  39.06	 -16.00	   4.57
	  0.237	 -0.942	  0.239
	 -0.895	 -0.308	 -0.323
	  0.378	 -0.137	 -0.916

9 	  38.95	 -26.14	   1.60
	  0.219	 -0.941	  0.259
	  0.607	 -0.077	 -0.791
	  0.763	  0.330	  0.555

2 	  32.70	  -6.61	  22.99
	  0.109	  0.993	 -0.033
	 -0.994	  0.109	 -0.004
	  0.000	  0.033	  0.999

3 	  44.61	  -0.23	   1.00
	 -0.159	 -0.007	 -0.987
	  0.009	 -1.000	  0.005
	 -0.987	 -0.008	  0.159

4 	  38.58	   4.73	  -6.33
	  0.489	  0.830	 -0.268
	 -0.728	  0.557	  0.398
	  0.480	  0.000	  0.877

5 	  39.01	  13.90	   2.90
	  0.291	  0.725	  0.624
	  0.017	 -0.657	  0.754
	  0.956	 -0.208	 -0.204

6 	  45.21	  21.67	   8.91
	  0.345	  0.687	  0.640
	 -0.443	  0.720	 -0.534
	 -0.828	 -0.099	  0.552

7 	  38.48	  -7.17	  -4.48
	  0.436	 -0.897	  0.069
	  0.829	  0.370	 -0.419
	  0.350	  0.240	  0.905

8 	  39.23	 -16.33	   3.88
	  0.244	 -0.955	  0.170
	 -0.906	 -0.287	 -0.312
	  0.347	 -0.078	 -0.934

9 	  39.38	 -26.49	   0.00
	  0.221	 -0.961	  0.168
	  0.514	 -0.032	 -0.857
	  0.829	  0.275	  0.487

2 	  32.70	  -6.61	  22.99
	  0.108	  0.993	 -0.033
	 -0.994	  0.108	 -0.003
	  0.000	  0.033	  0.999

3 	  44.60	  -0.23	   0.91
	 -0.162	 -0.010	 -0.987
	  0.012	 -1.000	  0.008
	 -0.987	 -0.011	  0.162

4 	  38.55	   4.68	  -6.38
	  0.483	  0.829	 -0.280
	 -0.729	  0.558	  0.396
	  0.485	  0.013	  0.874

5 	  39.02	  14.10	   2.62
	  0.294	  0.746	  0.597
	  0.036	 -0.633	  0.773
	  0.955	 -0.206	 -0.213

6 	  45.21	  22.03	   8.42
	  0.352	  0.707	  0.613
	 -0.458	  0.702	 -0.546
	 -0.817	 -0.089	  0.570

7 	  38.43	  -7.08	  -4.54
	  0.443	 -0.895	  0.043
	  0.819	  0.385	 -0.425
	  0.363	  0.223	  0.904

8 	  39.39	 -16.54	   3.39
	  0.247	 -0.961	  0.121
	 -0.916	 -0.272	 -0.293
	  0.315	 -0.039	 -0.948

9 	  39.80	 -26.63	  -0.69
	  0.218	 -0.969	  0.117
	  0.378	 -0.027	 -0.925
	  0.899	  0.246	  0.361

2 	  32.68	  -6.61	  22.99
	  0.109	  0.993	 -0.033
	 -0.994	  0.108	 -0.004
	  0.000	  0.033	  0.999

3 	  44.60	  -0.21	   0.86
	 -0.163	 -0.010	 -0.986
	  0.014	 -1.000	  0.008
	 -0.986	 -0.013	  0.163

4 	  38.48	   4.69	  -6.42
	  0.479	  0.828	 -0.290
	 -0.725	  0.559	  0.401
	  0.494	  0.018	  0.869

5 	  39.08	  14.20	   2.48
	  0.303	  0.757	  0.579
	  0.059	 -0.621	  0.781
	  0.951	 -0.203	 -0.234

6 	  45.26	  22.68	   7.58
	  0.369	  0.743	  0.558
	 -0.662	  0.631	 -0.403
	 -0.652	 -0.221	  0.725

7 	  38.39	  -7.03	  -4.59
	  0.448	 -0.894	  0.025
	  0.812	  0.395	 -0.430
	  0.374	  0.213	  0.902

8 	  39.64	 -16.56	   3.20
	  0.241	 -0.966	  0.095
	 -0.936	 -0.258	 -0.240
	  0.256	 -0.031	 -0.966

9 	  40.04	 -26.98	  -0.19
	  0.190	 -0.976	  0.105
	  0.159	 -0.075	 -0.984
	  0.969	  0.204	  0.141

2 	  32.70	  -6.61	  22.99
	  0.109	  0.993	 -0.033
	 -0.994	  0.109	 -0.003
	  0.000	  0.033	  0.999

3 	  44.58	  -0.16	   0.77
	 -0.167	 -0.011	 -0.986
	  0.018	 -1.000	  0.008
	 -0.986	 -0.017	  0.168

4 	  38.39	   4.69	  -6.45
	  0.476	  0.827	 -0.300
	 -0.719	  0.562	  0.408
	  0.506	  0.022	  0.862

5 	  39.13	  14.27	   2.39
	  0.313	  0.762	  0.566
	  0.081	 -0.615	  0.784
	  0.946	 -0.199	 -0.255

6 	  45.19	  22.92	   7.12
	  0.372	  0.761	  0.531
	 -0.801	  0.552	 -0.230
	 -0.469	 -0.341	  0.815

7 	  38.39	  -6.98	  -4.62
	  0.455	 -0.890	  0.022
	  0.806	  0.402	 -0.433
	  0.377	  0.215	  0.901

8 	  39.78	 -16.49	   3.32
	  0.240	 -0.966	  0.098
	 -0.943	 -0.257	 -0.214
	  0.232	 -0.041	 -0.972

9 	  40.18	 -26.98	   0.60
	  0.176	 -0.977	  0.123
	  0.055	 -0.115	 -0.992
	  0.983	  0.181	  0.034

2 	  32.68	  -6.61	  22.99
	  0.109	  0.993	 -0.033
	 -0.994	  0.109	 -0.004
	  0.000	  0.033	  0.999

3 	  44.54	  -0.12	   0.72
	 -0.172	 -0.015	 -0.985
	  0.025	 -1.000	  0.011
	 -0.985	 -0.022	  0.173

4 	  38.34	   4.64	  -6.50
	  0.471	  0.826	 -0.309
	 -0.718	  0.563	  0.410
	  0.512	  0.028	  0.858

5 	  39.16	  14.26	   2.29
	  0.319	  0.771	  0.552
	  0.100	 -0.606	  0.789
	  0.942	 -0.197	 -0.271

6 	  44.88	  23.40	   6.56
	  0.359	  0.789	  0.498
	 -0.897	  0.439	 -0.050
	 -0.259	 -0.429	  0.865

7 	  38.37	  -7.01	  -4.57
	  0.461	 -0.887	  0.023
	  0.802	  0.406	 -0.437
	  0.378	  0.220	  0.899

8 	  39.88	 -16.51	   3.38
	  0.235	 -0.967	  0.098
	 -0.949	 -0.250	 -0.191
	  0.209	 -0.049	 -0.977

9 	  40.17	 -27.18	   0.93
	  0.156	 -0.979	  0.129
	 -0.014	 -0.133	 -0.991
	  0.987	  0.153	 -0.034

2 	  32.70	  -6.61	  22.99
	  0.108	  0.993	 -0.034
	 -0.994	  0.108	 -0.004
	  0.000	  0.034	  0.999

3 	  44.53	  -0.12	   0.63
	 -0.177	 -0.021	 -0.984
	  0.029	 -0.999	  0.016
	 -0.984	 -0.026	  0.178

4 	  38.27	   4.52	  -6.57
	  0.464	  0.825	 -0.323
	 -0.717	  0.563	  0.410
	  0.520	  0.041	  0.853

5 	  39.16	  14.26	   2.06
	  0.323	  0.786	  0.528
	  0.129	 -0.589	  0.797
	  0.938	 -0.189	 -0.292

6 	  44.65	  23.78	   5.89
	  0.356	  0.810	  0.465
	 -0.934	  0.322	  0.153
	 -0.026	 -0.489	  0.872

7 	  38.37	  -7.07	  -4.55
	  0.464	 -0.885	  0.022
	  0.798	  0.408	 -0.443
	  0.383	  0.223	  0.896

8 	  39.97	 -16.58	   3.30
	  0.235	 -0.968	  0.090
	 -0.953	 -0.248	 -0.176
	  0.192	 -0.045	 -0.980

9 	  40.25	 -27.18	   0.95
	  0.155	 -0.980	  0.126
	 -0.045	 -0.135	 -0.990
	  0.987	  0.148	 -0.064

2 	  32.70	  -6.61	  22.99
	  0.109	  0.993	 -0.034
	 -0.994	  0.109	 -0.003
	  0.000	  0.033	  0.999

3 	  44.51	  -0.11	   0.58
	 -0.182	 -0.028	 -0.983
	  0.036	 -0.999	  0.022
	 -0.983	 -0.031	  0.182

4 	  38.16	   4.43	  -6.61
	  0.458	  0.823	 -0.335
	 -0.714	  0.565	  0.413
	  0.529	  0.050	  0.847

5 	  39.13	  14.26	   1.90
	  0.328	  0.797	  0.506
	  0.159	 -0.575	  0.802
	  0.931	 -0.183	 -0.316

6 	  44.37	  24.12	   5.52
	  0.349	  0.831	  0.433
	 -0.910	  0.190	  0.368
	  0.224	 -0.523	  0.822

7 	  38.29	  -7.10	  -4.55
	  0.469	 -0.883	  0.012
	  0.790	  0.414	 -0.452
	  0.394	  0.221	  0.892

8 	  39.99	 -16.63	   3.16
	  0.238	 -0.968	  0.076
	 -0.955	 -0.247	 -0.160
	  0.174	 -0.035	 -0.984

9 	  40.41	 -27.23	   0.83
	  0.155	 -0.981	  0.114
	 -0.090	 -0.129	 -0.988
	  0.984	  0.143	 -0.108

2 	  32.70	  -6.63	  22.99
	  0.109	  0.993	 -0.033
	 -0.994	  0.109	 -0.003
	  0.001	  0.033	  0.999

3 	  44.47	  -0.11	   0.51
	 -0.189	 -0.032	 -0.981
	  0.041	 -0.999	  0.024
	 -0.981	 -0.036	  0.190

4 	  38.06	   4.41	  -6.64
	  0.451	  0.823	 -0.344
	 -0.710	  0.565	  0.420
	  0.540	  0.055	  0.839

5 	  39.16	  14.29	   1.81
	  0.334	  0.802	  0.494
	  0.182	 -0.570	  0.801
	  0.924	 -0.178	 -0.337

6 	  44.23	  24.15	   5.27
	  0.355	  0.836	  0.418
	 -0.871	  0.133	  0.474
	  0.340	 -0.532	  0.775

7 	  38.21	  -7.07	  -4.57
	  0.473	 -0.881	  0.003
	  0.783	  0.419	 -0.460
	  0.404	  0.220	  0.888

8 	  40.10	 -16.63	   3.04
	  0.240	 -0.968	  0.063
	 -0.958	 -0.248	 -0.141
	  0.152	 -0.027	 -0.988

9 	  40.54	 -27.26	   0.90
	  0.152	 -0.982	  0.110
	 -0.139	 -0.132	 -0.981
	  0.978	  0.134	 -0.157

2 	  32.70	  -6.61	  22.99
	  0.109	  0.993	 -0.033
	 -0.994	  0.109	 -0.003
	  0.000	  0.033	  0.999

3 	  44.42	  -0.07	   0.44
	 -0.196	 -0.033	 -0.980
	  0.044	 -0.999	  0.025
	 -0.979	 -0.039	  0.198

4 	  37.92	   4.41	  -6.66
	  0.444	  0.823	 -0.353
	 -0.706	  0.564	  0.427
	  0.551	  0.059	  0.832

5 	  39.13	  14.31	   1.76
	  0.339	  0.808	  0.481
	  0.210	 -0.564	  0.799
	  0.917	 -0.170	 -0.361

6 	  44.00	  24.38	   5.12
	  0.342	  0.851	  0.397
	 -0.836	  0.083	  0.542
	  0.428	 -0.518	  0.740

7 	  38.14	  -7.03	  -4.61
	  0.473	 -0.881	 -0.010
	  0.776	  0.422	 -0.469
	  0.417	  0.215	  0.883

8 	  40.13	 -16.66	   2.81
	  0.236	 -0.971	  0.044
	 -0.964	 -0.240	 -0.116
	  0.123	 -0.015	 -0.992

9 	  40.52	 -27.25	   0.74
	  0.144	 -0.985	  0.098
	 -0.204	 -0.126	 -0.971
	  0.968	  0.120	 -0.219

2 	  32.68	  -6.61	  22.99
	  0.109	  0.993	 -0.033
	 -0.994	  0.109	 -0.003
	  0.000	  0.033	  0.999

3 	  44.38	  -0.05	   0.37
	 -0.203	 -0.032	 -0.979
	  0.045	 -0.999	  0.024
	 -0.978	 -0.040	  0.204

4 	  37.83	   4.43	  -6.66
	  0.438	  0.824	 -0.358
	 -0.703	  0.563	  0.434
	  0.560	  0.061	  0.826

5 	  39.11	  14.36	   1.63
	  0.340	  0.817	  0.465
	  0.241	 -0.554	  0.797
	  0.909	 -0.159	 -0.385

6 	  43.80	  24.61	   4.71
	  0.330	  0.869	  0.367
	 -0.797	  0.048	  0.602
	  0.506	 -0.492	  0.708

7 	  38.00	  -6.96	  -4.69
	  0.472	 -0.881	 -0.040
	  0.763	  0.431	 -0.481
	  0.441	  0.196	  0.876

8 	  40.15	 -16.73	   2.41
	  0.228	 -0.974	  0.008
	 -0.969	 -0.228	 -0.088
	  0.088	  0.013	 -0.996

9 	  40.59	 -27.26	   0.18
	  0.135	 -0.989	  0.067
	 -0.268	 -0.102	 -0.958
	  0.954	  0.111	 -0.279

2 	  32.70	  -6.63	  22.99
	  0.109	  0.993	 -0.033
	 -0.994	  0.109	 -0.003
	  0.001	  0.033	  0.999

3 	  44.35	  -0.02	   0.26
	 -0.211	 -0.030	 -0.977
	  0.045	 -0.999	  0.020
	 -0.976	 -0.040	  0.212

4 	  37.71	   4.46	  -6.70
	  0.431	  0.825	 -0.366
	 -0.700	  0.561	  0.442
	  0.570	  0.066	  0.819

5 	  39.04	  14.38	   1.63
	  0.339	  0.818	  0.463
	  0.246	 -0.553	  0.796
	  0.908	 -0.156	 -0.389

6 	  43.72	  24.66	   4.66
	  0.327	  0.872	  0.363
	 -0.794	  0.045	  0.606
	  0.513	 -0.487	  0.707

7 	  37.88	  -6.80	  -4.75
	  0.472	 -0.878	 -0.079
	  0.748	  0.446	 -0.490
	  0.465	  0.172	  0.868

8 	  40.13	 -16.86	   1.76
	  0.221	 -0.974	 -0.049
	 -0.973	 -0.218	 -0.071
	  0.059	  0.063	 -0.996

9 	  40.55	 -27.23	  -0.70
	  0.130	 -0.991	  0.024
	 -0.301	 -0.063	 -0.952
	  0.945	  0.117	 -0.306

2 	  32.70	  -6.61	  22.99
	  0.109	  0.993	 -0.033
	 -0.994	  0.109	 -0.003
	  0.000	  0.033	  0.999

3 	  44.28	   0.00	   0.18
	 -0.220	 -0.021	 -0.975
	  0.043	 -0.999	  0.011
	 -0.975	 -0.040	  0.220

4 	  37.63	   4.48	  -6.68
	  0.429	  0.826	 -0.366
	 -0.698	  0.560	  0.446
	  0.573	  0.064	  0.817

5 	  39.01	  14.43	   1.63
	  0.341	  0.818	  0.462
	  0.253	 -0.554	  0.793
	  0.905	 -0.154	 -0.396

6 	  43.68	  24.66	   4.66
	  0.326	  0.873	  0.363
	 -0.794	  0.044	  0.607
	  0.513	 -0.486	  0.707

7 	  37.76	  -6.61	  -4.96
	  0.472	 -0.872	 -0.128
	  0.730	  0.469	 -0.497
	  0.493	  0.141	  0.858

8 	  40.22	 -16.96	   0.67
	  0.219	 -0.968	 -0.123
	 -0.975	 -0.215	 -0.048
	  0.020	  0.130	 -0.991

9 	  40.71	 -27.16	  -2.41
	  0.129	 -0.990	 -0.048
	 -0.336	  0.001	 -0.942
	  0.933	  0.137	 -0.333

2 	  32.68	  -6.61	  22.99
	  0.109	  0.993	 -0.033
	 -0.994	  0.109	 -0.003
	  0.000	  0.033	  0.999

3 	  44.24	   0.07	   0.05
	 -0.225	 -0.008	 -0.974
	  0.043	 -0.999	 -0.002
	 -0.973	 -0.043	  0.225

4 	  37.58	   4.61	  -6.66
	  0.425	  0.828	 -0.366
	 -0.697	  0.557	  0.451
	  0.578	  0.062	  0.814

5 	  39.02	  14.64	   1.55
	  0.346	  0.824	  0.448
	  0.262	 -0.544	  0.797
	  0.900	 -0.158	 -0.405

6 	  43.68	  24.86	   4.41
	  0.327	  0.878	  0.349
	 -0.790	  0.051	  0.611
	  0.519	 -0.476	  0.710

7 	  37.71	  -6.36	  -5.13
	  0.471	 -0.863	 -0.181
	  0.712	  0.493	 -0.499
	  0.519	  0.106	  0.848

8 	  40.36	 -16.98	  -0.42
	  0.222	 -0.954	 -0.203
	 -0.975	 -0.219	 -0.038
	 -0.008	  0.206	 -0.978

9 	  40.85	 -26.95	  -4.27
	  0.131	 -0.984	 -0.125
	 -0.365	  0.069	 -0.928
	  0.922	  0.167	 -0.350

2 	  32.68	  -6.61	  22.99
	  0.109	  0.993	 -0.033
	 -0.994	  0.109	 -0.003
	  0.000	  0.033	  0.999

3 	  44.24	   0.16	   0.00
	 -0.227	  0.003	 -0.974
	  0.040	 -0.999	 -0.013
	 -0.973	 -0.042	  0.227

4 	  37.56	   4.69	  -6.68
	  0.423	  0.827	 -0.371
	 -0.692	  0.559	  0.457
	  0.585	  0.063	  0.808

5 	  39.09	  14.77	   1.37
	  0.351	  0.830	  0.433
	  0.270	 -0.533	  0.802
	  0.896	 -0.165	 -0.412

6 	  43.70	  25.14	   3.99
	  0.324	  0.887	  0.329
	 -0.784	  0.057	  0.618
	  0.530	 -0.458	  0.714

7 	  37.63	  -6.17	  -5.34
	  0.462	 -0.852	 -0.246
	  0.689	  0.520	 -0.505
	  0.558	  0.064	  0.827

8 	  40.59	 -16.96	  -1.60
	  0.221	 -0.932	 -0.286
	 -0.973	 -0.230	 -0.005
	 -0.061	  0.279	 -0.958

9 	  41.17	 -26.67	  -6.06
	  0.133	 -0.971	 -0.200
	 -0.413	  0.129	 -0.901
	  0.901	  0.203	 -0.384

2 	  32.68	  -6.61	  22.99
	  0.108	  0.993	 -0.034
	 -0.994	  0.108	 -0.003
	  0.000	  0.033	  0.999

3 	  44.23	   0.19	  -0.07
	 -0.226	  0.018	 -0.974
	  0.036	 -0.999	 -0.027
	 -0.974	 -0.041	  0.224

4 	  37.58	   4.69	  -6.71
	  0.422	  0.825	 -0.374
	 -0.688	  0.561	  0.461
	  0.590	  0.062	  0.804

5 	  39.16	  14.84	   1.23
	  0.354	  0.837	  0.417
	  0.284	 -0.522	  0.804
	  0.891	 -0.167	 -0.423

6 	  43.68	  25.29	   3.64
