% Calibrated with leiden_pols
% Positions are in centimeters
Data =[
 2    96.549   -20.074    59.076
 2    -0.195    -0.981     0.004
 2     0.980    -0.194     0.034
 2    -0.034     0.009     0.999
 3   131.310    -5.187     1.872
 3     0.457     0.043    -0.888
 3    -0.254     0.963    -0.084
 3     0.852     0.264     0.451
 4   117.589    14.056    -9.286
 4     0.505    -0.851     0.146
 4     0.843     0.449    -0.295
 4     0.186     0.271     0.944
 5   116.663    22.547    21.507
 5     0.270    -0.314     0.911
 5     0.206    -0.905    -0.371
 5     0.941     0.286    -0.179
 6   132.578    22.810    43.838
 6     0.449    -0.285    -0.847
 6     0.024     0.951    -0.307
 6     0.893     0.117     0.433
 7   117.392   -25.579    -6.444
 7     0.292     0.916     0.273
 7    -0.844     0.112     0.525
 7     0.450    -0.384     0.806
 8   116.255   -29.375    20.979
 8     0.131     0.336     0.933
 8    -0.133    -0.927     0.352
 8     0.982    -0.169    -0.077
 9   129.070   -32.015    50.105
 9     0.317     0.603    -0.736
 9     0.001     0.772     0.632
 9     0.948    -0.200     0.242
 2    96.499   -20.075    59.076
 2    -0.195    -0.981     0.004
 2     0.980    -0.194     0.034
 2    -0.034     0.009     0.999
 3   131.310    -5.185     1.795
 3     0.459     0.042    -0.888
 3    -0.252     0.964    -0.085
 3     0.852     0.263     0.452
 4   117.610    14.003    -9.331
 4     0.506    -0.851     0.145
 4     0.843     0.450    -0.294
 4     0.184     0.271     0.944
 5   116.807    22.493    21.415
 5     0.271    -0.316     0.910
 5     0.205    -0.905    -0.373
 5     0.940     0.286    -0.179
 6   132.636    22.761    43.732
 6     0.448    -0.279    -0.850
 6     0.024     0.953    -0.300
 6     0.894     0.114     0.433
 7   117.390   -25.579    -6.543
 7     0.293     0.916     0.275
 7    -0.844     0.113     0.524
 7     0.449    -0.385     0.806
 8   116.356   -29.369    20.874
 8     0.132     0.334     0.933
 8    -0.130    -0.928     0.349
 8     0.982    -0.167    -0.078
 9   129.118   -32.066    50.054
 9     0.317     0.601    -0.737
 9     0.001     0.774     0.631
 9     0.948    -0.199     0.243
 2    96.499   -20.074    59.076
 2    -0.196    -0.981     0.003
 2     0.980    -0.195     0.034
 2    -0.034     0.009     0.999
 3   131.431    -5.236     1.674
 3     0.460     0.041    -0.887
 3    -0.252     0.964    -0.086
 3     0.851     0.263     0.454
 4   117.603    13.975    -9.399
 4     0.507    -0.850     0.147
 4     0.843     0.452    -0.292
 4     0.181     0.272     0.945
 5   116.882    22.543    21.339
 5     0.271    -0.318     0.909
 5     0.205    -0.903    -0.376
 5     0.940     0.287    -0.179
 6   132.659    22.709    43.691
 6     0.448    -0.275    -0.851
 6     0.025     0.955    -0.295
 6     0.893     0.110     0.435
 7   117.440   -25.628    -6.594
 7     0.295     0.915     0.276
 7    -0.843     0.113     0.525
 7     0.449    -0.388     0.805
 8   116.357   -29.367    20.874
 8     0.133     0.333     0.933
 8    -0.130    -0.928     0.349
 8     0.982    -0.167    -0.079
 9   129.169   -32.065    50.003
 9     0.317     0.601    -0.737
 9     0.001     0.774     0.631
 9     0.948    -0.199     0.242
 2    96.499   -20.075    59.076
 2    -0.195    -0.981     0.003
 2     0.980    -0.194     0.034
 2    -0.034     0.009     0.999
 3   131.431    -5.236     1.674
 3     0.460     0.042    -0.887
 3    -0.252     0.964    -0.086
 3     0.851     0.263     0.453
 4   117.600    13.974    -9.447
 4     0.507    -0.849     0.148
 4     0.843     0.452    -0.291
 4     0.180     0.272     0.945
 5   116.882    22.493    21.340
 5     0.271    -0.318     0.909
 5     0.206    -0.903    -0.376
 5     0.940     0.287    -0.178
 6   132.827    22.392    43.603
 6     0.458    -0.231    -0.859
 6     0.018     0.968    -0.251
 6     0.889     0.099     0.447
 7   117.393   -25.628    -6.546
 7     0.294     0.915     0.276
 7    -0.843     0.112     0.525
 7     0.450    -0.387     0.805
 8   116.320   -29.369    20.909
 8     0.131     0.333     0.934
 8    -0.131    -0.928     0.349
 8     0.983    -0.167    -0.078
 9   129.127   -32.012    50.044
 9     0.315     0.602    -0.737
 9     0.002     0.773     0.632
 9     0.949    -0.199     0.241
 2    96.500   -20.074    59.025
 2    -0.195    -0.981     0.003
 2     0.980    -0.194     0.034
 2    -0.034     0.009     0.999
 3   131.361    -5.237     1.744
 3     0.457     0.042    -0.888
 3    -0.253     0.964    -0.084
 3     0.852     0.263     0.451
 4   117.578    13.975    -9.399
 4     0.506    -0.850     0.147
 4     0.843     0.451    -0.292
 4     0.181     0.271     0.945
 5   116.534    22.427    21.453
 5     0.265    -0.297     0.918
 5     0.210    -0.911    -0.354
 5     0.941     0.286    -0.179
 6   131.989    23.920    43.973
 6     0.427    -0.467    -0.776
 6     0.054     0.869    -0.490
 6     0.902     0.166     0.396
 7   117.402   -25.625    -6.510
 7     0.293     0.917     0.272
 7    -0.842     0.112     0.528
 7     0.454    -0.383     0.804
 8   116.119   -29.323    20.807
 8     0.111     0.327     0.938
 8    -0.143    -0.929     0.340
 8     0.983    -0.171    -0.056
 9   129.104   -32.147    50.074
 9     0.323     0.604    -0.732
 9    -0.001     0.770     0.635
 9     0.946    -0.203     0.248
 2    96.499   -20.075    59.076
 2    -0.195    -0.981     0.004
 2     0.980    -0.194     0.034
 2    -0.034     0.009     0.999
 3   131.315    -5.184     1.840
 3     0.456     0.041    -0.889
 3    -0.252     0.964    -0.085
 3     0.853     0.262     0.450
 4   117.610    13.992    -9.499
 4     0.497    -0.856     0.146
 4     0.845     0.438    -0.305
 4     0.197     0.274     0.941
 5   115.895    21.806    21.344
 5     0.267    -0.174     0.948
 5     0.254    -0.936    -0.243
 5     0.929     0.305    -0.206
 6   131.348    27.816    43.048
 6     0.426    -0.735    -0.534
 6     0.171     0.640    -0.746
 6     0.888     0.225     0.397
 7   117.926   -25.544    -6.234
 7     0.320     0.918     0.234
 7    -0.791     0.123     0.599
 7     0.522    -0.377     0.765
 8   116.277   -29.762    21.089
 8     0.092     0.179     0.979
 8    -0.243    -0.950     0.196
 8     0.966    -0.255    -0.044
 9   129.958   -39.070    48.126
 9     0.370     0.778    -0.513
 9    -0.181     0.596     0.779
 9     0.911    -0.194     0.359
 2    96.499   -20.125    59.076
 2    -0.195    -0.981     0.003
 2     0.980    -0.194     0.034
 2    -0.034     0.009     0.999
 3   131.321    -5.179     1.834
 3     0.458     0.038    -0.888
 3    -0.246     0.965    -0.086
 3     0.854     0.258     0.452
 4   117.357    13.727    -9.695
 4     0.471    -0.873     0.125
 4     0.857     0.420    -0.296
 4     0.206     0.246     0.947
 5   116.270    23.030    21.092
 5     0.304     0.065     0.950
 5     0.422    -0.904    -0.073
 5     0.854     0.423    -0.302
 6   131.420    35.849    39.889
 6     0.435    -0.853    -0.295
 6     0.376     0.464    -0.801
 6     0.818     0.238     0.521
 7   118.306   -25.554    -6.709
 7     0.336     0.917     0.215
 7    -0.763     0.131     0.633
 7     0.552    -0.377     0.743
 8   115.883   -32.818    20.378
 8     0.099    -0.012     0.995
 8    -0.448    -0.894     0.033
 8     0.888    -0.449    -0.094
 9   128.678   -49.242    43.316
 9     0.353     0.854    -0.387
 9    -0.415     0.509     0.753
 9     0.838    -0.106     0.532
 2    96.499   -20.075    59.076
 2    -0.195    -0.981     0.003
 2     0.980    -0.194     0.034
 2    -0.034     0.009     0.999
 3   131.361    -5.283     1.744
 3     0.460     0.040    -0.887
 3    -0.247     0.965    -0.085
 3     0.852     0.259     0.453
 4   117.108    13.491   -10.192
 4     0.465    -0.878     0.119
 4     0.864     0.419    -0.279
 4     0.195     0.232     0.953
 5   116.414    26.655    19.474
 5     0.315     0.214     0.925
 5     0.598    -0.801    -0.019
 5     0.736     0.560    -0.380
