% Calibrated with leiden_pols
% Positions are in centimeters
Data =[
 2    96.549   -20.074    59.076
 2    -0.195    -0.981     0.004
 2     0.980    -0.194     0.034
 2    -0.034     0.009     0.999
 3   131.310    -5.187     1.872
 3     0.457     0.043    -0.888
 3    -0.254     0.963    -0.084
 3     0.852     0.264     0.451
 4   117.589    14.056    -9.286
 4     0.505    -0.851     0.146
 4     0.843     0.449    -0.295
 4     0.186     0.271     0.944
 5   116.663    22.547    21.507
 5     0.270    -0.314     0.911
 5     0.206    -0.905    -0.371
 5     0.941     0.286    -0.179
 6   132.578    22.810    43.838
 6     0.449    -0.285    -0.847
 6     0.024     0.951    -0.307
 6     0.893     0.117     0.433
 7   117.392   -25.579    -6.444
 7     0.292     0.916     0.273
 7    -0.844     0.112     0.525
 7     0.450    -0.384     0.806
 8   116.255   -29.375    20.979
 8     0.131     0.336     0.933
 8    -0.133    -0.927     0.352
 8     0.982    -0.169    -0.077
 9   129.070   -32.015    50.105
 9     0.317     0.603    -0.736
 9     0.001     0.772     0.632
 9     0.948    -0.200     0.242
 2    96.499   -20.075    59.076
 2    -0.195    -0.981     0.004
 2     0.980    -0.194     0.034
 2    -0.034     0.009     0.999
 3   131.310    -5.185     1.795
 3     0.459     0.042    -0.888
 3    -0.252     0.964    -0.085
 3     0.852     0.263     0.452
 4   117.610    14.003    -9.331
 4     0.506    -0.851     0.145
 4     0.843     0.450    -0.294
 4     0.184     0.271     0.944
 5   116.807    22.493    21.415
 5     0.271    -0.316     0.910
 5     0.205    -0.905    -0.373
 5     0.940     0.286    -0.179
 6   132.636    22.761    43.732
 6     0.448    -0.279    -0.850
 6     0.024     0.953    -0.300
 6     0.894     0.114     0.433
 7   117.390   -25.579    -6.543
 7     0.293     0.916     0.275
 7    -0.844     0.113     0.524
 7     0.449    -0.385     0.806
 8   116.356   -29.369    20.874
 8     0.132     0.334     0.933
 8    -0.130    -0.928     0.349
 8     0.982    -0.167    -0.078
 9   129.118   -32.066    50.054
 9     0.317     0.601    -0.737
 9     0.001     0.774     0.631
 9     0.948    -0.199     0.243
 2    96.499   -20.074    59.076
 2    -0.196    -0.981     0.003
 2     0.980    -0.195     0.034
 2    -0.034     0.009     0.999
 3   131.431    -5.236     1.674
 3     0.460     0.041    -0.887
 3    -0.252     0.964    -0.086
 3     0.851     0.263     0.454
 4   117.603    13.975    -9.399
 4     0.507    -0.850     0.147
 4     0.843     0.452    -0.292
 4     0.181     0.272     0.945
 5   116.882    22.543    21.339
 5     0.271    -0.318     0.909
 5     0.205    -0.903    -0.376
 5     0.940     0.287    -0.179
 6   132.659    22.709    43.691
 6     0.448    -0.275    -0.851
 6     0.025     0.955    -0.295
 6     0.893     0.110     0.435
 7   117.440   -25.628    -6.594
 7     0.295     0.915     0.276
 7    -0.843     0.113     0.525
 7     0.449    -0.388     0.805
 8   116.357   -29.367    20.874
 8     0.133     0.333     0.933
 8    -0.130    -0.928     0.349
 8     0.982    -0.167    -0.079
 9   129.169   -32.065    50.003
 9     0.317     0.601    -0.737
 9     0.001     0.774     0.631
 9     0.948    -0.199     0.242
 2    96.499   -20.075    59.076
 2    -0.195    -0.981     0.003
 2     0.980    -0.194     0.034
 2    -0.034     0.009     0.999
 3   131.431    -5.236     1.674
 3     0.460     0.042    -0.887
 3    -0.252     0.964    -0.086
 3     0.851     0.263     0.453
 4   117.600    13.974    -9.447
 4     0.507    -0.849     0.148
 4     0.843     0.452    -0.291
 4     0.180     0.272     0.945
 5   116.882    22.493    21.340
 5     0.271    -0.318     0.909
 5     0.206    -0.903    -0.376
 5     0.940     0.287    -0.178
 6   132.827    22.392    43.603
 6     0.458    -0.231    -0.859
 6     0.018     0.968    -0.251
 6     0.889     0.099     0.447
 7   117.393   -25.628    -6.546
 7     0.294     0.915     0.276
 7    -0.843     0.112     0.525
 7     0.450    -0.387     0.805
 8   116.320   -29.369    20.909
 8     0.131     0.333     0.934
 8    -0.131    -0.928     0.349
 8     0.983    -0.167    -0.078
 9   129.127   -32.012    50.044
 9     0.315     0.602    -0.737
 9     0.002     0.773     0.632
 9     0.949    -0.199     0.241
 2    96.500   -20.074    59.025
 2    -0.195    -0.981     0.003
 2     0.980    -0.194     0.034
 2    -0.034     0.009     0.999
 3   131.361    -5.237     1.744
 3     0.457     0.042    -0.888
 3    -0.253     0.964    -0.084
 3     0.852     0.263     0.451
 4   117.578    13.975    -9.399
 4     0.506    -0.850     0.147
 4     0.843     0.451    -0.292
 4     0.181     0.271     0.945
 5   116.534    22.427    21.453
 5     0.265    -0.297     0.918
 5     0.210    -0.911    -0.354
 5     0.941     0.286    -0.179
 6   131.989    23.920    43.973
 6     0.427    -0.467    -0.776
 6     0.054     0.869    -0.490
 6     0.902     0.166     0.396
 7   117.402   -25.625    -6.510
 7     0.293     0.917     0.272
 7    -0.842     0.112     0.528
 7     0.454    -0.383     0.804
 8   116.119   -29.323    20.807
 8     0.111     0.327     0.938
 8    -0.143    -0.929     0.340
 8     0.983    -0.171    -0.056
 9   129.104   -32.147    50.074
 9     0.323     0.604    -0.732
 9    -0.001     0.770     0.635
 9     0.946    -0.203     0.248
 2    96.499   -20.075    59.076
 2    -0.195    -0.981     0.004
 2     0.980    -0.194     0.034
 2    -0.034     0.009     0.999
 3   131.315    -5.184     1.840
 3     0.456     0.041    -0.889
 3    -0.252     0.964    -0.085
 3     0.853     0.262     0.450
 4   117.610    13.992    -9.499
 4     0.497    -0.856     0.146
 4     0.845     0.438    -0.305
 4     0.197     0.274     0.941
 5   115.895    21.806    21.344
 5     0.267    -0.174     0.948
 5     0.254    -0.936    -0.243
 5     0.929     0.305    -0.206
 6   131.348    27.816    43.048
 6     0.426    -0.735    -0.534
 6     0.171     0.640    -0.746
 6     0.888     0.225     0.397
 7   117.926   -25.544    -6.234
 7     0.320     0.918     0.234
 7    -0.791     0.123     0.599
 7     0.522    -0.377     0.765
 8   116.277   -29.762    21.089
 8     0.092     0.179     0.979
 8    -0.243    -0.950     0.196
 8     0.966    -0.255    -0.044
 9   129.958   -39.070    48.126
 9     0.370     0.778    -0.513
 9    -0.181     0.596     0.779
 9     0.911    -0.194     0.359
 2    96.499   -20.125    59.076
 2    -0.195    -0.981     0.003
 2     0.980    -0.194     0.034
 2    -0.034     0.009     0.999
 3   131.321    -5.179     1.834
 3     0.458     0.038    -0.888
 3    -0.246     0.965    -0.086
 3     0.854     0.258     0.452
 4   117.357    13.727    -9.695
 4     0.471    -0.873     0.125
 4     0.857     0.420    -0.296
 4     0.206     0.246     0.947
 5   116.270    23.030    21.092
 5     0.304     0.065     0.950
 5     0.422    -0.904    -0.073
 5     0.854     0.423    -0.302
 6   131.420    35.849    39.889
 6     0.435    -0.853    -0.295
 6     0.376     0.464    -0.801
 6     0.818     0.238     0.521
 7   118.306   -25.554    -6.709
 7     0.336     0.917     0.215
 7    -0.763     0.131     0.633
 7     0.552    -0.377     0.743
 8   115.883   -32.818    20.378
 8     0.099    -0.012     0.995
 8    -0.448    -0.894     0.033
 8     0.888    -0.449    -0.094
 9   128.678   -49.242    43.316
 9     0.353     0.854    -0.387
 9    -0.415     0.509     0.753
 9     0.838    -0.106     0.532
 2    96.499   -20.075    59.076
 2    -0.195    -0.981     0.003
 2     0.980    -0.194     0.034
 2    -0.034     0.009     0.999
 3   131.361    -5.283     1.744
 3     0.460     0.040    -0.887
 3    -0.247     0.965    -0.085
 3     0.852     0.259     0.453
 4   117.108    13.491   -10.192
 4     0.465    -0.878     0.119
 4     0.864     0.419    -0.279
 4     0.195     0.232     0.953
 5   116.414    26.655    19.474
 5     0.315     0.214     0.925
 5     0.598    -0.801    -0.019
 5     0.736     0.560    -0.380
 6   131.287    43.299    34.325
 6     0.444    -0.873    -0.210
 6     0.540     0.444    -0.714
 6     0.714     0.204     0.667
 7   118.062   -25.510    -7.358
 7     0.320     0.924     0.210
 7    -0.767     0.122     0.630
 7     0.556    -0.363     0.748
 8   114.154   -35.717    18.443
 8     0.076    -0.128     0.989
 8    -0.603    -0.796    -0.057
 8     0.794    -0.592    -0.137
 9   125.541   -57.150    37.462
 9     0.329     0.897    -0.299
 9    -0.589     0.439     0.678
 9     0.738    -0.049     0.671
 2    96.499   -20.075    59.076
 2    -0.195    -0.981     0.003
 2     0.980    -0.194     0.034
 2    -0.034     0.009     0.999
 3   131.245    -5.699     1.235
 3     0.463     0.051    -0.885
 3    -0.256     0.963    -0.079
 3     0.848     0.263     0.459
 4   116.585    13.069   -10.621
 4     0.463    -0.877     0.131
 4     0.869     0.419    -0.263
 4     0.175     0.236     0.956
 5   116.192    28.973    17.570
 5     0.325     0.275     0.905
 5     0.686    -0.727    -0.026
 5     0.651     0.630    -0.424
 6   130.937    47.493    29.787
 6     0.444    -0.877    -0.187
 6     0.633     0.452    -0.628
 6     0.633     0.162     0.755
 7   117.527   -25.611    -8.173
 7     0.337     0.911     0.237
 7    -0.784     0.132     0.607
 7     0.522    -0.390     0.759
 8   113.225   -37.864    16.190
 8     0.056    -0.188     0.980
 8    -0.704    -0.704    -0.095
 8     0.708    -0.685    -0.172
 9   124.280   -62.142    31.595
 9     0.324     0.893    -0.316
 9    -0.705     0.448     0.550
 9     0.631     0.042     0.773
 2    96.499   -20.074    59.076
 2    -0.196    -0.981     0.003
 2     0.980    -0.195     0.034
 2    -0.034     0.009     0.999
 3   130.783    -6.017     0.526
 3     0.475     0.066    -0.878
 3    -0.264     0.962    -0.071
 3     0.839     0.265     0.474
 4   115.411    12.693   -11.122
 4     0.461    -0.870     0.176
 4     0.875     0.411    -0.254
 4     0.149     0.271     0.951
 5   116.079    30.432    15.634
 5     0.337     0.386     0.859
 5     0.761    -0.647    -0.009
 5     0.553     0.658    -0.511
 6   129.841    51.058    25.076
 6     0.425    -0.901    -0.090
 6     0.721     0.395    -0.569
 6     0.547     0.178     0.817
 7   116.817   -25.461    -9.043
 7     0.385     0.880     0.279
 7    -0.797     0.165     0.580
 7     0.465    -0.446     0.765
 8   112.909   -39.518    13.947
 8     0.063    -0.243     0.968
 8    -0.776    -0.622    -0.106
 8     0.628    -0.744    -0.228
 9   123.623   -65.962    25.758
 9     0.328     0.911    -0.252
 9    -0.787     0.409     0.462
 9     0.522     0.045     0.850
 2    96.499   -20.074    59.076
 2    -0.196    -0.981     0.004
 2     0.980    -0.195     0.034
 2    -0.034     0.009     0.999
 3   130.272    -6.084    -0.381
 3     0.498     0.076    -0.864
 3    -0.268     0.961    -0.071
 3     0.824     0.266     0.499
 4   114.344    12.672   -11.436
 4     0.467    -0.855     0.226
 4     0.875     0.410    -0.257
 4     0.127     0.318     0.939
 5   115.872    31.724    13.992
 5     0.328     0.474     0.818
 5     0.812    -0.583     0.012
 5     0.483     0.660    -0.575
 6   128.257    53.788    21.300
 6     0.382    -0.924    -0.014
 6     0.785     0.332    -0.523
 6     0.487     0.189     0.852
 7   115.933   -25.192    -9.993
 7     0.403     0.857     0.320
 7    -0.814     0.176     0.552
 7     0.417    -0.483     0.769
 8   112.532   -40.203    12.352
 8     0.067    -0.292     0.954
 8    -0.810    -0.574    -0.119
 8     0.583    -0.765    -0.275
 9   123.129   -67.472    21.986
 9     0.335     0.921    -0.202
 9    -0.825     0.389     0.410
 9     0.454     0.027     0.890
 2    96.499   -20.075    59.076
 2    -0.195    -0.981     0.003
 2     0.980    -0.194     0.034
 2    -0.034     0.009     0.999
 3   129.599    -5.960    -1.451
 3     0.531     0.088    -0.842
 3    -0.277     0.958    -0.075
 3     0.800     0.274     0.533
 4   113.030    12.830   -11.759
 4     0.474    -0.835     0.280
 4     0.874     0.407    -0.264
 4     0.107     0.370     0.923
 5   115.594    32.724    12.599
 5     0.324     0.520     0.792
 5     0.840    -0.540     0.011
 5     0.434     0.662    -0.611
 6   127.508    55.530    18.442
 6     0.369    -0.929     0.033
 6     0.818     0.307    -0.485
 6     0.440     0.206     0.874
 7   115.008   -24.877   -10.739
 7     0.423     0.829     0.367
 7    -0.832     0.193     0.520
 7     0.360    -0.525     0.771
 8   112.291   -40.496    11.128
 8     0.075    -0.327     0.942
 8    -0.831    -0.542    -0.122
 8     0.551    -0.774    -0.312
 9   123.104   -68.175    19.124
 9     0.350     0.924    -0.154
 9    -0.847     0.381     0.370
 9     0.399     0.000     0.916
 2    96.499   -20.075    59.076
 2    -0.195    -0.981     0.004
 2     0.980    -0.194     0.034
 2    -0.034     0.009     0.999
 3   129.188    -5.952    -2.031
 3     0.552     0.097    -0.828
 3    -0.283     0.956    -0.078
 3     0.784     0.277     0.555
 4   112.398    12.808   -12.015
 4     0.484    -0.818     0.312
 4     0.871     0.415    -0.262
 4     0.085     0.398     0.913
 5   116.134    33.215    11.305
 5     0.350     0.541     0.766
 5     0.849    -0.526    -0.016
 5     0.394     0.656    -0.642
 6   128.399    56.021    15.939
 6     0.394    -0.918     0.043
 6     0.829     0.335    -0.447
 6     0.395     0.212     0.893
 7   114.342   -24.730   -11.486
 7     0.436     0.804     0.403
 7    -0.842     0.207     0.497
 7     0.317    -0.556     0.768
 8   112.672   -41.084     9.873
 8     0.099    -0.356     0.929
 8    -0.849    -0.516    -0.107
 8     0.518    -0.779    -0.354
 9   124.011   -68.978    15.877
 9     0.373     0.918    -0.133
 9    -0.863     0.395     0.314
 9     0.340    -0.004     0.940
 2    96.499   -20.075    59.101
 2    -0.195    -0.981     0.004
 2     0.980    -0.194     0.034
 2    -0.034     0.009     0.999
 3   128.789    -6.155    -2.601
 3     0.560     0.117    -0.820
 3    -0.304     0.950    -0.073
 3     0.771     0.289     0.567
 4   112.080    12.975   -12.084
 4     0.500    -0.800     0.332
 4     0.862     0.425    -0.275
 4     0.079     0.423     0.902
 5   116.690    33.544    11.057
 5     0.374     0.561     0.740
 5     0.851    -0.523    -0.033
 5     0.369     0.642    -0.671
 6   129.304    56.145    14.947
 6     0.423    -0.904     0.073
 6     0.828     0.351    -0.436
 6     0.367     0.244     0.897
 7   113.736   -24.453   -12.124
 7     0.445     0.785     0.431
 7    -0.851     0.221     0.476
 7     0.279    -0.578     0.766
 8   112.778   -41.271     8.989
 8     0.120    -0.374     0.920
 8    -0.865    -0.493    -0.088
 8     0.487    -0.785    -0.382
 9   124.370   -69.311    13.194
 9     0.398     0.917    -0.033
 9    -0.871     0.389     0.299
 9     0.286    -0.091     0.954
 2    96.498   -20.074    59.075
 2    -0.196    -0.981     0.004
 2     0.980    -0.195     0.034
 2    -0.034     0.010     0.999
 3   128.513    -5.843    -2.949
 3     0.571     0.119    -0.812
 3    -0.314     0.946    -0.082
 3     0.758     0.302     0.577
 4   111.602    13.382   -11.970
 4     0.501    -0.794     0.345
 4     0.862     0.419    -0.285
 4     0.081     0.440     0.894
 5   116.819    33.196    11.784
 5     0.388     0.584     0.715
 5     0.843    -0.536    -0.019
 5     0.372     0.609    -0.699
 6   128.964    55.749    16.050
 6     0.448    -0.808     0.386
 6     0.816     0.193    -0.544
 6     0.365     0.556     0.745
 7   113.608   -24.222   -12.120
 7     0.455     0.778     0.433
 7    -0.846     0.227     0.482
 7     0.277    -0.585     0.762
 8   113.576   -40.604    10.072
 8     0.147    -0.412     0.899
 8    -0.856    -0.508    -0.092
 8     0.495    -0.756    -0.427
 9   123.137   -69.459    15.847
 9     0.426     0.606     0.676
 9    -0.872     0.074     0.482
 9     0.240    -0.792     0.558
 2    96.498   -20.074    59.075
 2    -0.196    -0.981     0.004
 2     0.980    -0.195     0.034
 2    -0.034     0.010     0.999
 3   128.443    -5.820    -2.877
 3     0.579     0.115    -0.807
 3    -0.312     0.946    -0.090
 3     0.753     0.304     0.583
 4   111.367    13.305   -11.963
 4     0.494    -0.796     0.351
 4     0.866     0.414    -0.280
 4     0.078     0.441     0.894
 5   117.852    31.932    12.831
 5     0.401     0.667     0.631
 5     0.845    -0.533     0.027
 5     0.353     0.521    -0.775
 6   128.149    55.496    16.705
 6     0.474    -0.430     0.770
 6     0.812    -0.127    -0.569
 6     0.340     0.894     0.286
 7   113.626   -24.650   -11.622
 7     0.460     0.778     0.429
 7    -0.834     0.213     0.508
 7     0.304    -0.591     0.747
 8   115.029   -39.816    12.259
 8     0.219    -0.448     0.867
 8    -0.824    -0.560    -0.081
 8     0.522    -0.697    -0.491
 9   125.685   -67.793    18.322
 9     0.469     0.025     0.883
 9    -0.867    -0.176     0.465
 9     0.167    -0.984    -0.061
 2    96.498   -20.074    59.075
 2    -0.196    -0.981     0.004
 2     0.980    -0.195     0.034
 2    -0.034     0.010     0.999
 3   128.299    -5.845    -2.951
 3     0.592     0.112    -0.798
 3    -0.303     0.948    -0.092
 3     0.747     0.296     0.595
 4   110.989    13.017   -11.982
 4     0.490    -0.795     0.358
 4     0.869     0.414    -0.270
 4     0.066     0.443     0.894
 5   118.709    31.322    13.108
 5     0.435     0.694     0.576
 5     0.830    -0.554     0.041
 5     0.347     0.459    -0.816
 6   129.323    54.539    16.583
 6     0.530    -0.191     0.827
 6     0.793    -0.236    -0.562
 6     0.300     0.953     0.025
 7   113.617   -24.884   -11.188
 7     0.469     0.772     0.429
 7    -0.824     0.207     0.527
 7     0.319    -0.600     0.733
 8   116.676   -39.769    13.106
 8     0.281    -0.473     0.835
 8    -0.806    -0.588    -0.062
 8     0.521    -0.656    -0.546
 9   128.692   -67.077    17.934
 9     0.514    -0.139     0.847
 9    -0.852    -0.193     0.486
 9     0.097    -0.971    -0.216
 2    96.499   -20.075    59.076
 2    -0.195    -0.981     0.003
 2     0.980    -0.194     0.034
 2    -0.034     0.009     0.999
 3   128.298    -5.995    -2.970
 3     0.595     0.115    -0.796
 3    -0.298     0.950    -0.087
 3     0.746     0.289     0.599
 4   110.919    12.831   -12.084
 4     0.492    -0.792     0.362
 4     0.869     0.418    -0.264
 4     0.057     0.444     0.894
 5   119.225    31.083    12.759
 5     0.440     0.719     0.540
 5     0.836    -0.545     0.046
 5     0.327     0.430    -0.841
 6   129.175    54.715    15.937
 6     0.519    -0.148     0.842
 6     0.805    -0.248    -0.539
 6     0.287     0.957    -0.011
 7   113.248   -25.194   -11.095
 7     0.474     0.758     0.449
 7    -0.825     0.204     0.526
 7     0.307    -0.619     0.722
 8   117.711   -40.610    12.534
 8     0.333    -0.514     0.791
 8    -0.820    -0.571    -0.026
 8     0.465    -0.640    -0.610
 9   129.579   -68.004    15.326
 9     0.505    -0.215     0.837
 9    -0.862    -0.157     0.480
 9     0.030    -0.964    -0.262
 2    96.499   -20.075    59.076
 2    -0.195    -0.981     0.003
 2     0.980    -0.194     0.034
 2    -0.034     0.009     0.999
 3   127.904    -6.558    -3.279
 3     0.596     0.146    -0.789
 3    -0.302     0.952    -0.052
 3     0.744     0.269     0.611
 4   110.753    12.625   -12.130
 4     0.523    -0.766     0.376
 4     0.851     0.450    -0.268
 4     0.036     0.459     0.887
 5   120.311    31.885    11.181
 5     0.464     0.753     0.469
 5     0.853    -0.520    -0.008
 5     0.237     0.403    -0.883
 6   130.294    55.413    11.034
 6     0.546    -0.026     0.838
 6     0.823    -0.169    -0.541
 6     0.156     0.985    -0.071
 7   110.388   -25.455    -8.975
 7     0.519     0.583     0.625
 7    -0.845     0.240     0.478
 7     0.129    -0.776     0.616
 8   121.766   -40.496    12.349
 8     0.502    -0.647     0.576
 8    -0.803    -0.594     0.032
 8     0.321    -0.478    -0.817
 9   134.671   -67.275     9.460
 9     0.514    -0.479     0.717
 9    -0.845    -0.133     0.516
 9    -0.150    -0.868    -0.468
 2    96.499   -20.075    59.076
 2    -0.195    -0.981     0.003
 2     0.980    -0.194     0.034
 2    -0.034     0.009     0.999
 3   127.435    -6.747    -3.749
 3     0.620     0.177    -0.764
 3    -0.294     0.955    -0.018
 3     0.727     0.236     0.644
 4   109.840    11.902   -12.663
 4     0.531    -0.732     0.428
 4     0.846     0.478    -0.234
 4    -0.033     0.486     0.873
 5   121.514    32.842     7.600
 5     0.522     0.774     0.360
 5     0.848    -0.513    -0.127
 5     0.086     0.370    -0.924
 6   131.878    55.303     1.828
 6     0.597     0.106     0.796
 6     0.798     0.027    -0.602
 6    -0.085     0.994    -0.067
 7   109.559   -25.628    -8.435
 7     0.537     0.437     0.722
 7    -0.843     0.303     0.443
 7    -0.025    -0.847     0.531
 8   124.421   -41.925     9.110
 8     0.574    -0.688     0.445
 8    -0.802    -0.579     0.140
 8     0.161    -0.437    -0.884
 9   136.712   -67.796     0.424
 9     0.497    -0.578     0.651
 9    -0.806    -0.030     0.590
 9    -0.321    -0.816    -0.478
 2    96.499   -20.075    59.076
 2    -0.195    -0.981     0.004
 2     0.980    -0.194     0.034
 2    -0.034     0.009     0.999
 3   127.280    -6.977    -3.891
 3     0.622     0.180    -0.762
 3    -0.294     0.955    -0.015
 3     0.725     0.233     0.647
 4   109.272    11.221   -12.960
 4     0.534    -0.709     0.462
 4     0.841     0.499    -0.206
 4    -0.084     0.498     0.862
 5   122.517    33.413     4.451
 5     0.562     0.770     0.303
 5     0.827    -0.508    -0.242
 5    -0.033     0.386    -0.921
 6   133.167    53.931    -5.343
 6     0.626     0.168     0.763
 6     0.739     0.186    -0.646
 6    -0.249     0.968    -0.006
 7   108.713   -25.547    -8.583
 7     0.511     0.350     0.785
 7    -0.847     0.359     0.391
 7    -0.145    -0.865     0.479
 8   125.101   -43.227     5.167
 8     0.586    -0.740     0.331
 8    -0.810    -0.538     0.232
 8     0.006    -0.403    -0.914
 9   135.454   -68.402    -8.200
 9     0.432    -0.647     0.632
 9    -0.778     0.087     0.621
 9    -0.457    -0.757    -0.464
 2    96.503   -20.073    59.095
 2    -0.195    -0.981     0.006
 2     0.980    -0.194     0.032
 2    -0.032     0.011     0.999
 3   127.041    -7.320    -4.199
 3     0.609     0.209    -0.766
 3    -0.318     0.948     0.005
 3     0.727     0.240     0.643
 4   109.063    11.005   -13.017
 4     0.548    -0.678     0.491
 4     0.828     0.524    -0.200
 4    -0.121     0.515     0.848
 5   124.011    33.356     2.042
 5     0.608     0.756     0.242
 5     0.785    -0.528    -0.324
 5    -0.117     0.386    -0.915
 6   134.962    51.351   -11.115
 6     0.652     0.252     0.717
 6     0.649     0.303    -0.696
 6    -0.390     0.919     0.037
 7   108.198   -25.446    -8.872
 7     0.481     0.287     0.829
 7    -0.845     0.404     0.350
 7    -0.235    -0.868     0.436
 8   125.421   -44.150     1.195
 8     0.590    -0.770     0.244
 8    -0.796    -0.505     0.333
 8    -0.134    -0.390    -0.911
 9   134.239   -67.255   -16.990
 9     0.371    -0.706     0.608
 9    -0.705     0.210     0.675
 9    -0.604    -0.676    -0.419
 2    96.603   -20.043    59.017
 2    -0.089    -0.996     0.009
 2     0.995    -0.088     0.031
 2    -0.031     0.011     0.999
 3   126.866    -7.636    -4.368
 3     0.600     0.232    -0.767
 3    -0.335     0.941     0.022
 3     0.726     0.244     0.641
 4   108.803    10.693   -13.170
 4     0.558    -0.636     0.534
 4     0.810     0.555    -0.185
 4    -0.179     0.535     0.825
 5   125.317    32.837    -0.785
 5     0.643     0.746     0.171
 5     0.737    -0.544    -0.400
 5    -0.206     0.383    -0.900
 6   135.695    47.793   -17.392
 6     0.645     0.373     0.671
 6     0.531     0.411    -0.738
 6    -0.549     0.832     0.070
 7   107.590   -25.409    -9.049
 7     0.466     0.249     0.849
 7    -0.839     0.428     0.334
 7    -0.281    -0.869     0.408
 8   125.835   -44.030    -1.572
 8     0.606    -0.779     0.161
 8    -0.759    -0.505     0.410
 8    -0.238    -0.370    -0.898
 9   133.570   -64.782   -23.360
 9     0.327    -0.757     0.568
 9    -0.621     0.279     0.730
 9    -0.712    -0.590    -0.379
 2    96.619   -20.051    59.069
 2    -0.052    -0.999     0.009
 2     0.998    -0.051     0.030
 2    -0.031     0.010     0.999
 3   126.694    -7.692    -4.415
 3     0.596     0.245    -0.766
 3    -0.343     0.938     0.031
 3     0.726     0.244     0.643
 4   108.476    10.368   -13.187
 4     0.569    -0.594     0.570
 4     0.792     0.582    -0.184
 4    -0.222     0.555     0.801
 5   126.293    32.214    -3.104
 5     0.665     0.738     0.114
 5     0.694    -0.555    -0.458
 5    -0.275     0.383    -0.882
 6   135.868    44.874   -21.958
 6     0.622     0.456     0.642
 6     0.437     0.475    -0.760
 6    -0.650     0.753     0.098
 7   107.453   -25.324    -8.984
 7     0.462     0.233     0.856
 7    -0.834     0.441     0.330
 7    -0.301    -0.867     0.398
 8   126.326   -43.711    -3.219
 8     0.617    -0.779     0.112
 8    -0.727    -0.511     0.459
 8    -0.300    -0.364    -0.881
 9   133.172   -62.752   -27.144
 9     0.294    -0.794     0.536
 9    -0.557     0.312     0.768
 9    -0.777    -0.523    -0.351
 2    96.621   -20.053    59.069
 2    -0.047    -0.999     0.008
 2     0.998    -0.047     0.030
 2    -0.031     0.009     0.999
 3   126.643    -7.722    -4.458
 3     0.594     0.254    -0.764
 3    -0.349     0.936     0.038
 3     0.725     0.243     0.644
 4   108.191    10.145   -13.302
 4     0.570    -0.554     0.607
 4     0.776     0.603    -0.179
 4    -0.267     0.573     0.774
 5   126.767    31.700    -5.230
 5     0.668     0.741     0.062
 5     0.661    -0.554    -0.505
 5    -0.341     0.378    -0.861
 6   135.062    42.378   -26.124
 6     0.578     0.517     0.638
 6     0.360     0.536    -0.760
 6    -0.732     0.667     0.124
 7   107.085   -25.177    -9.042
 7     0.452     0.205     0.868
 7    -0.826     0.463     0.320
 7    -0.337    -0.862     0.379
 8   126.463   -43.177    -5.514
 8     0.621    -0.781     0.057
 8    -0.689    -0.510     0.515
 8    -0.373    -0.360    -0.855
 9   132.380   -59.945   -31.602
 9     0.261    -0.811     0.529
 9    -0.486     0.361     0.793
 9    -0.834    -0.461    -0.302
 2    96.623   -20.003    59.095
 2    -0.043    -0.999     0.009
 2     0.998    -0.042     0.030
 2    -0.031     0.009     0.999
 3   126.513    -7.728    -4.573
 3     0.592     0.266    -0.762
 3    -0.355     0.933     0.049
 3     0.723     0.241     0.646
 4   107.743    10.027   -13.254
 4     0.571    -0.514     0.641
 4     0.761     0.622    -0.180
 4    -0.306     0.590     0.746
 5   127.085    31.202    -7.439
 5     0.667     0.744     0.013
 5     0.622    -0.548    -0.559
 5    -0.409     0.381    -0.829
 6   133.746    38.917   -30.374
 6     0.516     0.583     0.635
 6     0.246     0.604    -0.753
 6    -0.820     0.543     0.168
 7   106.572   -24.928    -9.104
 7     0.439     0.180     0.880
 7    -0.818     0.484     0.310
 7    -0.371    -0.856     0.359
 8   126.257   -42.568    -7.445
 8     0.620    -0.785     0.014
 8    -0.651    -0.503     0.569
 8    -0.439    -0.362    -0.822
 9   130.842   -56.981   -35.629
 9     0.212    -0.824     0.530
 9    -0.403     0.417     0.811
 9    -0.890    -0.382    -0.246
 2    96.583   -20.107    59.067
 2    -0.024    -1.000     0.008
 2     0.999    -0.024     0.030
 2    -0.030     0.008     0.999
 3   126.377    -7.736    -4.628
 3     0.592     0.277    -0.758
 3    -0.363     0.930     0.055
 3     0.719     0.241     0.650
 4   107.422     9.885   -13.208
 4     0.571    -0.473     0.672
 4     0.745     0.640    -0.184
 4    -0.344     0.605     0.717
 5   127.529    30.255    -9.366
 5     0.669     0.742    -0.038
 5     0.578    -0.551    -0.601
 5    -0.467     0.380    -0.798
 6   133.109    35.891   -33.238
 6     0.468     0.630     0.625
 6     0.163     0.629    -0.756
 6    -0.868     0.455     0.190
 7   106.131   -24.758    -8.988
 7     0.426     0.158     0.891
 7    -0.809     0.507     0.297
 7    -0.405    -0.847     0.344
 8   125.999   -41.790    -9.683
 8     0.615    -0.788    -0.032
 8    -0.600    -0.493     0.629
 8    -0.511    -0.368    -0.777
 9   129.219   -53.287   -39.798
 9     0.162    -0.838     0.525
 9    -0.309     0.460     0.830
 9    -0.937    -0.295    -0.186
 2    96.647   -20.013    59.068
 2     0.008    -1.000     0.009
 2     0.999     0.008     0.029
 2    -0.030     0.008     0.999
 3   126.269    -7.795    -4.714
 3     0.590     0.289    -0.755
 3    -0.372     0.926     0.062
 3     0.716     0.243     0.652
 4   107.158     9.797   -13.148
 4     0.570    -0.429     0.701
 4     0.729     0.656    -0.192
 4    -0.378     0.620     0.687
 5   127.901    29.391   -11.339
 5     0.664     0.742    -0.096
 5     0.537    -0.561    -0.630
 5    -0.520     0.367    -0.771
 6   132.214    33.708   -35.790
 6     0.420     0.663     0.627
 6     0.110     0.643    -0.754
 6    -0.901     0.383     0.194
 7   105.741   -24.433    -9.000
 7     0.414     0.136     0.900
 7    -0.798     0.530     0.286
 7    -0.438    -0.837     0.328
 8   125.676   -40.629   -11.834
 8     0.607    -0.790    -0.083
 8    -0.547    -0.490     0.679
 8    -0.576    -0.368    -0.730
 9   127.707   -49.665   -42.861
 9     0.114    -0.859     0.502
 9    -0.234     0.466     0.851
 9    -0.966    -0.213    -0.150
 2    96.655   -20.015    59.066
 2     0.020    -1.000     0.008
 2     0.999     0.021     0.028
 2    -0.029     0.007     0.999
 3   126.126    -7.501    -4.767
 3     0.591     0.297    -0.752
 3    -0.381     0.922     0.064
 3     0.711     0.249     0.656
 4   106.769     9.913   -13.166
 4     0.564    -0.393     0.727
 4     0.716     0.669    -0.194
 4    -0.411     0.630     0.658
 5   127.862    28.572   -13.953
 5     0.651     0.743    -0.153
 5     0.480    -0.558    -0.676
 5    -0.587     0.368    -0.721
 6   130.334    29.661   -39.480
 6     0.342     0.701     0.632
 6     0.002     0.667    -0.742
 6    -0.940     0.252     0.222
 7   105.134   -23.885    -8.898
 7     0.406     0.087     0.909
 7    -0.776     0.558     0.294
 7    -0.482    -0.825     0.294
 8   125.141   -39.041   -13.875
 8     0.594    -0.793    -0.137
 8    -0.485    -0.487     0.726
 8    -0.641    -0.365    -0.674
 9   125.429   -45.053   -46.090
 9     0.049    -0.870     0.491
 9    -0.131     0.481     0.865
 9    -0.990    -0.106    -0.093
 2    96.683   -20.014    59.063
 2     0.022    -1.000     0.009
 2     0.999     0.022     0.027
 2    -0.028     0.008     0.999
 3   125.933    -7.514    -5.017
 3     0.589     0.313    -0.746
 3    -0.394     0.915     0.071
 3     0.705     0.252     0.662
 4   106.255     9.583   -13.227
 4     0.560    -0.338     0.757
 4     0.692     0.691    -0.204
 4    -0.455     0.638     0.620
 5   127.688    26.752   -16.876
 5     0.628     0.748    -0.217
 5     0.417    -0.556    -0.718
 5    -0.656     0.362    -0.661
 6   128.557    25.486   -42.685
 6     0.267     0.727     0.638
 6    -0.088     0.673    -0.732
 6    -0.960     0.138     0.239
 7   104.110   -23.476    -8.839
 7     0.389     0.040     0.920
 7    -0.752     0.591     0.291
 7    -0.533    -0.805     0.260
 8   124.057   -37.514   -16.159
 8     0.572    -0.799    -0.188
 8    -0.417    -0.479     0.772
 8    -0.706    -0.365    -0.607
 9   119.746   -41.834   -49.787
 9    -0.026    -0.870     0.494
 9    -0.011     0.493     0.869
 9    -1.000     0.018    -0.025
 2    96.698   -19.983    59.043
 2     0.022    -1.000     0.010
 2     0.999     0.023     0.020
 2    -0.021     0.009     1.000
 3   125.589    -7.608    -5.115
 3     0.583     0.329    -0.744
 3    -0.414     0.906     0.075
 3     0.699     0.263     0.663
 4   105.766     9.494   -13.220
 4     0.554    -0.293     0.779
 4     0.675     0.706    -0.215
 4    -0.487     0.645     0.588
 5   127.266    25.467   -19.268
 5     0.604     0.754    -0.260
 5     0.354    -0.544    -0.760
 5    -0.714     0.368    -0.596
 6   126.845    21.660   -44.984
 6     0.199     0.734     0.653
 6    -0.183     0.678    -0.709
 6    -0.963     0.020     0.265
 7   103.515   -22.979    -8.889
 7     0.372     0.017     0.928
 7    -0.735     0.616     0.283
 7    -0.567    -0.787     0.242
 8   123.421   -35.995   -17.637
 8     0.551    -0.802    -0.231
 8    -0.360    -0.476     0.802
 8    -0.752    -0.359    -0.551
 9   116.951   -34.235   -53.420
 9    -0.100    -0.860     0.500
 9     0.113     0.489     0.865
 9    -0.989     0.144     0.046
 2    96.705   -19.980    59.035
 2     0.021    -1.000     0.008
 2     0.999     0.022     0.017
 2    -0.018     0.008     1.000
 3   125.536    -7.446    -5.240
 3     0.580     0.333    -0.745
 3    -0.430     0.900     0.066
 3     0.692     0.281     0.664
 4   105.489     9.573   -13.142
 4     0.548    -0.272     0.791
 4     0.666     0.713    -0.216
 4    -0.506     0.645     0.571
 5   126.861    24.493   -20.867
 5     0.581     0.758    -0.298
 5     0.307    -0.540    -0.783
 5    -0.753     0.364    -0.547
 6   125.575    18.899   -46.249
 6     0.148     0.736     0.664
 6    -0.251     0.674    -0.693
 6    -0.957    -0.066     0.280
 7   103.285   -22.596    -8.990
 7     0.369     0.006     0.929
 7    -0.719     0.636     0.281
 7    -0.589    -0.772     0.239
 8   123.353   -35.073   -18.166
 8     0.548    -0.797    -0.256
 8    -0.330    -0.485     0.809
 8    -0.768    -0.360    -0.529
 9   116.835   -32.232   -53.398
 9    -0.116    -0.868     0.483
 9     0.152     0.465     0.872
 9    -0.982     0.175     0.076
 2    96.654   -20.016    59.069
 2     0.022    -1.000     0.007
 2     0.999     0.023     0.029
 2    -0.030     0.006     0.999
 3   125.449    -7.152    -5.227
 3     0.588     0.327    -0.741
 3    -0.435     0.898     0.051
 3     0.682     0.292     0.669
 4   105.203     9.640   -13.064
 4     0.536    -0.268     0.801
 4     0.667     0.714    -0.209
 4    -0.517     0.647     0.561
 5   126.545    24.229   -21.376
 5     0.572     0.761    -0.311
 5     0.289    -0.538    -0.791
 5    -0.768     0.363    -0.527
 6   125.082    17.534   -46.502
 6     0.126     0.735     0.669
 6    -0.296     0.668    -0.681
 6    -0.947    -0.113     0.297
 7   103.611   -22.756    -8.922
 7     0.382     0.014     0.924
 7    -0.723     0.627     0.290
 7    -0.575    -0.779     0.250
 8   124.099   -35.098   -17.545
 8     0.566    -0.781    -0.265
 8    -0.332    -0.508     0.794
 8    -0.754    -0.362    -0.547
 9   117.927   -32.811   -52.929
 9    -0.104    -0.880     0.464
 9     0.140     0.448     0.883
 9    -0.985     0.157     0.075
 2    96.653   -20.017    59.073
 2     0.022    -1.000     0.005
 2     0.999     0.023     0.030
 2    -0.031     0.004     0.999
 3   125.573    -7.252    -5.228
 3     0.589     0.324    -0.741
 3    -0.432     0.900     0.048
 3     0.682     0.291     0.669
 4   105.371     9.457   -13.125
 4     0.537    -0.266     0.801
 4     0.663     0.718    -0.207
 4    -0.521     0.642     0.561
 5   126.804    23.439   -21.777
 5     0.569     0.756    -0.326
 5     0.268    -0.542    -0.795
 5    -0.777     0.366    -0.511
 6   124.973    15.963   -46.888
 6     0.102     0.740     0.667
 6    -0.329     0.655    -0.679
 6    -0.939    -0.151     0.307
 7   103.710   -22.857    -8.952
 7     0.383     0.019     0.923
 7    -0.724     0.627     0.287
 7    -0.574    -0.779     0.254
 8   124.200   -35.148   -17.525
 8     0.567    -0.781    -0.264
 8    -0.332    -0.508     0.794
 8    -0.753    -0.364    -0.547
 9   117.843   -32.618   -52.965
 9    -0.112    -0.873     0.474
 9     0.155     0.456     0.876
 9    -0.982     0.172     0.083
 2    96.650   -20.018    59.076
 2     0.022    -1.000     0.005
 2     0.999     0.023     0.031
 2    -0.032     0.004     0.999
 3   125.574    -7.278    -5.202
 3     0.589     0.326    -0.741
 3    -0.434     0.899     0.049
 3     0.682     0.292     0.670
 4   105.168     9.367   -13.067
 4     0.534    -0.255     0.806
 4     0.656     0.725    -0.207
 4    -0.532     0.640     0.554
 5   126.343    22.856   -22.508
 5     0.551     0.763    -0.341
 5     0.245    -0.535    -0.807
 5    -0.798     0.361    -0.481
 6   123.777    14.623   -47.622
 6     0.071     0.729     0.682
 6    -0.361     0.654    -0.664
 6    -0.930    -0.200     0.305
 7   103.608   -22.808    -8.923
 7     0.382     0.020     0.924
 7    -0.724     0.628     0.286
 7    -0.575    -0.778     0.254
 8   124.152   -35.147   -17.474
 8     0.568    -0.780    -0.265
 8    -0.332    -0.509     0.793
 8    -0.753    -0.363    -0.548
 9   117.698   -32.449   -52.825
 9    -0.120    -0.873     0.472
 9     0.165     0.451     0.877
 9    -0.979     0.183     0.088
 2    96.648   -20.019    59.104
 2     0.022    -1.000     0.005
 2     0.999     0.023     0.032
 2    -0.033     0.004     0.999
 3   125.427    -7.258    -5.173
 3     0.597     0.327    -0.734
 3    -0.433     0.899     0.048
 3     0.675     0.289     0.677
 4   104.906     9.173   -13.023
 4     0.528    -0.250     0.812
 4     0.651     0.732    -0.198
 4    -0.546     0.634     0.548
 5   125.819    22.233   -23.235
 5     0.534     0.772    -0.347
 5     0.229    -0.524    -0.819
 5    -0.814     0.358    -0.456
 6   122.971    13.511   -48.040
 6     0.053     0.720     0.692
 6    -0.377     0.655    -0.655
 6    -0.925    -0.228     0.302
 7   103.588   -22.907    -8.879
 7     0.382     0.020     0.924
 7    -0.725     0.626     0.286
 7    -0.573    -0.779     0.254
 8   124.100   -35.274   -17.368
 8     0.568    -0.779    -0.269
 8    -0.331    -0.512     0.792
 8    -0.754    -0.361    -0.548
 9   117.546   -32.414   -52.817
 9    -0.125    -0.873     0.471
 9     0.173     0.448     0.877
 9    -0.977     0.192     0.094
 2    96.673   -20.019    59.079
 2     0.022    -1.000     0.005
 2     0.999     0.023     0.032
 2    -0.033     0.003     0.999
 3   125.363    -7.466    -5.151
 3     0.600     0.334    -0.729
 3    -0.437     0.897     0.051
 3     0.670     0.288     0.683
 4   104.769     8.985   -12.945
 4     0.529    -0.246     0.812
 4     0.644     0.739    -0.196
 4    -0.553     0.627     0.549
 5   125.628    21.592   -23.700
 5     0.527     0.775    -0.353
 5     0.209    -0.517    -0.829
 5    -0.823     0.363    -0.435
 6   122.644    12.339   -48.389
 6     0.044     0.715     0.698
 6    -0.400     0.651    -0.644
 6    -0.915    -0.253     0.311
 7   103.541   -22.983    -8.830
 7     0.381     0.022     0.924
 7    -0.726     0.625     0.285
 7    -0.572    -0.780     0.254
 8   124.107   -35.372   -17.248
 8     0.569    -0.779    -0.268
 8    -0.333    -0.513     0.791
 8    -0.752    -0.361    -0.550
 9   117.484   -32.613   -52.671
 9    -0.128    -0.877     0.463
 9     0.170     0.440     0.881
 9    -0.977     0.192     0.092
 2    96.673   -20.019    59.079
 2     0.022    -1.000     0.005
 2     0.999     0.023     0.032
 2    -0.033     0.004     0.999
 3   125.363    -7.466    -5.100
 3     0.600     0.332    -0.729
 3    -0.436     0.898     0.049
 3     0.670     0.288     0.683
 4   104.818     8.832   -12.939
 4     0.527    -0.251     0.812
 4     0.644     0.740    -0.189
 4    -0.554     0.623     0.552
 5   125.623    21.591   -23.696
 5     0.526     0.775    -0.352
 5     0.210    -0.516    -0.829
 5    -0.824     0.363    -0.435
 6   122.784    12.555   -48.354
 6     0.046     0.716     0.698
 6    -0.387     0.655    -0.648
 6    -0.921    -0.242     0.303
 7   103.962   -23.245    -8.764
 7     0.396     0.033     0.917
 7    -0.729     0.619     0.292
 7    -0.558    -0.784     0.270
 8   124.967   -35.725   -16.339
 8     0.588    -0.766    -0.263
