% Calibrated with leiden_pols
% Positions are in centimeters
Data =[
 2    96.947   -20.006    59.117
 2     0.301    -0.954     0.007
 2     0.953     0.301     0.030
 2    -0.031    -0.004     0.999
 3   131.537    -6.218     1.573
 3     0.441     0.067    -0.895
 3    -0.252     0.966    -0.052
 3     0.861     0.248     0.443
 4   117.783    13.022    -9.908
 4     0.564    -0.811     0.159
 4     0.811     0.507    -0.290
 4     0.154     0.292     0.944
 5   119.878    22.178    20.705
 5     0.272    -0.404     0.875
 5     0.159    -0.877    -0.452
 5     0.949     0.260    -0.173
 6   134.656    22.356    43.863
 6     0.336    -0.208    -0.919
 6     0.083     0.978    -0.191
 6     0.938    -0.012     0.345
 7   116.943   -26.005    -6.444
 7     0.251     0.930     0.268
 7    -0.855     0.083     0.511
 7     0.453    -0.358     0.816
 8   117.408   -30.046    21.319
 8     0.146     0.361     0.921
 8    -0.123    -0.917     0.378
 8     0.982    -0.167    -0.089
 9   130.814   -31.694    49.950
 9     0.334     0.455    -0.827
 9     0.005     0.875     0.482
 9     0.942    -0.165     0.288
 2    96.997   -20.006    59.091
 2     0.301    -0.954     0.006
 2     0.953     0.301     0.030
 2    -0.031    -0.004     0.999
 3   131.491    -6.243     1.642
 3     0.438     0.067    -0.896
 3    -0.252     0.966    -0.052
 3     0.862     0.249     0.440
 4   117.840    13.076    -9.865
 4     0.563    -0.812     0.156
 4     0.811     0.507    -0.291
 4     0.157     0.290     0.944
 5   119.828    22.127    20.704
 5     0.272    -0.404     0.875
 5     0.158    -0.877    -0.453
 5     0.949     0.260    -0.174
 6   134.606    22.304    43.913
 6     0.335    -0.209    -0.919
 6     0.081     0.978    -0.193
 6     0.938    -0.011     0.344
 7   116.945   -26.005    -6.422
 7     0.250     0.931     0.266
 7    -0.855     0.083     0.511
 7     0.454    -0.356     0.817
 8   117.393   -30.051    21.337
 8     0.146     0.361     0.921
 8    -0.124    -0.917     0.379
 8     0.981    -0.168    -0.088
 9   130.764   -31.745    49.899
 9     0.334     0.456    -0.827
 9     0.005     0.874     0.483
 9     0.942    -0.165     0.288
 2    96.947   -20.006    59.091
 2     0.301    -0.954     0.007
 2     0.953     0.301     0.030
 2    -0.031    -0.004     0.999
 3   131.446    -6.216     1.687
 3     0.437     0.067    -0.897
 3    -0.252     0.966    -0.052
 3     0.863     0.249     0.439
 4   117.793    13.076    -9.868
 4     0.563    -0.812     0.156
 4     0.811     0.506    -0.292
 4     0.158     0.290     0.944
 5   119.819    22.099    20.709
 5     0.274    -0.400     0.876
 5     0.158    -0.879    -0.449
 5     0.948     0.260    -0.177
 6   134.649    22.353    43.871
 6     0.340    -0.206    -0.918
 6     0.082     0.978    -0.190
 6     0.937    -0.011     0.349
 7   117.171   -26.052    -6.509
 7     0.255     0.932     0.257
 7    -0.853     0.091     0.514
 7     0.456    -0.350     0.818
 8   118.100   -30.230    21.429
 8     0.177     0.365     0.914
 8    -0.127    -0.913     0.388
 8     0.976    -0.183    -0.115
 9   132.088   -31.932    49.272
 9     0.344     0.382    -0.859
 9    -0.000     0.913     0.405
 9     0.939    -0.139     0.314
 2    96.947   -20.006    59.091
 2     0.301    -0.954     0.006
 2     0.953     0.301     0.031
 2    -0.031    -0.004     0.999
 3   131.401    -6.227     1.510
 3     0.452     0.062    -0.890
 3    -0.257     0.964    -0.064
 3     0.854     0.257     0.452
 4   117.639    13.205    -9.761
 4     0.559    -0.817     0.146
 4     0.807     0.494    -0.321
 4     0.190     0.297     0.935
 5   121.483    22.576    21.235
 5     0.421    -0.281     0.863
 5     0.232    -0.887    -0.399
 5     0.877     0.367    -0.309
 6   140.819    24.544    39.755
 6     0.557    -0.219    -0.802
 6     0.121     0.976    -0.181
 6     0.822     0.003     0.569
 7   116.796   -26.201    -6.184
 7     0.295     0.918     0.266
 7    -0.837     0.113     0.536
 7     0.462    -0.380     0.801
 8   122.323   -31.259    22.774
 8     0.413     0.286     0.865
 8    -0.193    -0.901     0.389
 8     0.890    -0.327    -0.316
 9   142.080   -34.827    44.976
 9     0.549     0.364    -0.754
 9    -0.070     0.917     0.390
 9     0.833    -0.162     0.528
 2    96.947   -20.006    59.091
 2     0.301    -0.954     0.006
 2     0.953     0.301     0.031
 2    -0.031    -0.004     0.999
 3   131.030    -6.089     1.348
 3     0.480     0.065    -0.875
 3    -0.258     0.963    -0.071
 3     0.838     0.260     0.479
 4   116.698    13.080    -9.879
 4     0.568    -0.803     0.182
 4     0.807     0.497    -0.319
 4     0.165     0.327     0.930
 5   125.551    23.552    20.363
 5     0.636    -0.177     0.752
 5     0.273    -0.859    -0.432
 5     0.722     0.479    -0.498
 6   148.328    25.066    32.355
 6     0.788    -0.167    -0.593
 6     0.101     0.984    -0.143
 6     0.607     0.052     0.793
 7   116.899   -26.056    -6.188
 7     0.377     0.883     0.279
 7    -0.805     0.165     0.569
 7     0.457    -0.439     0.773
 8   128.102   -32.234    21.719
 8     0.653     0.166     0.739
 8    -0.243    -0.879     0.410
 8     0.717    -0.448    -0.534
 9   152.287   -35.716    35.513
 9     0.779     0.276    -0.562
 9    -0.092     0.938     0.333
 9     0.619    -0.208     0.757
 2    96.947   -20.006    59.091
 2     0.301    -0.954     0.006
 2     0.953     0.301     0.031
 2    -0.031    -0.004     0.999
 3   130.705    -6.164     1.169
 3     0.505     0.080    -0.860
 3    -0.270     0.960    -0.070
 3     0.820     0.267     0.506
 4   116.341    12.973   -10.070
 4     0.595    -0.777     0.208
 4     0.791     0.520    -0.320
 4     0.140     0.354     0.924
 5   129.417    22.827    18.889
 5     0.779    -0.109     0.618
 5     0.251    -0.849    -0.465
 5     0.574     0.517    -0.634
 6   153.235    23.140    24.834
 6     0.917    -0.099    -0.385
 6     0.044     0.988    -0.150
 6     0.395     0.120     0.910
 7   116.646   -25.985    -6.535
 7     0.426     0.853     0.300
 7    -0.800     0.200     0.565
 7     0.422    -0.481     0.768
 8   131.696   -33.176    19.254
 8     0.796     0.090     0.599
 8    -0.257    -0.846     0.466
 8     0.548    -0.526    -0.651
 9   157.610   -35.481    26.082
 9     0.911     0.165    -0.379
 9    -0.080     0.969     0.233
 9     0.405    -0.181     0.896
 2    96.947   -20.006    59.091
 2     0.301    -0.954     0.006
 2     0.953     0.300     0.031
 2    -0.031    -0.004     0.999
 3   130.561    -6.283     0.974
 3     0.516     0.089    -0.852
 3    -0.280     0.957    -0.069
 3     0.809     0.274     0.519
 4   116.148    12.787   -10.271
 4     0.620    -0.750     0.234
 4     0.777     0.543    -0.317
 4     0.110     0.378     0.919
 5   132.038    21.767    17.224
 5     0.853    -0.078     0.517
 5     0.217    -0.848    -0.484
 5     0.475     0.525    -0.706
 6   155.856    21.324    19.724
 6     0.964    -0.055    -0.261
 6     0.003     0.981    -0.193
 6     0.266     0.184     0.946
 7   116.686   -25.997    -6.774
 7     0.466     0.826     0.318
 7    -0.797     0.235     0.557
 7     0.385    -0.513     0.767
 8   134.269   -33.048    17.342
 8     0.864     0.041     0.502
 8    -0.240    -0.843     0.480
 8     0.442    -0.536    -0.719
 9   160.657   -34.568    19.951
 9     0.961     0.111    -0.254
 9    -0.066     0.981     0.181
 9     0.269    -0.156     0.950
 2    96.947   -20.006    59.091
 2     0.301    -0.954     0.006
 2     0.953     0.301     0.031
 2    -0.031    -0.004     0.999
 3   130.599    -6.362     0.812
 3     0.521     0.093    -0.849
 3    -0.282     0.957    -0.069
 3     0.806     0.275     0.524
 4   115.982    12.378   -10.550
 4     0.633    -0.730     0.259
 4     0.769     0.558    -0.309
 4     0.081     0.394     0.915
 5   133.990    20.547    15.544
 5     0.904    -0.040     0.425
 5     0.191    -0.852    -0.487
 5     0.381     0.522    -0.763
 6   157.401    19.735    14.665
 6     0.991    -0.006    -0.134
 6    -0.025     0.973    -0.231
 6     0.131     0.232     0.964
 7   117.026   -26.118    -6.761
 7     0.522     0.783     0.339
 7    -0.776     0.270     0.570
 7     0.355    -0.560     0.748
 8   136.805   -32.743    14.861
 8     0.917     0.008     0.400
 8    -0.213    -0.836     0.505
 8     0.338    -0.549    -0.765
 9   163.040   -33.925    13.728
 9     0.986     0.091    -0.140
 9    -0.070     0.986     0.149
 9     0.151    -0.137     0.979
 2    96.948   -20.006    59.091
 2     0.302    -0.953     0.006
 2     0.953     0.302     0.031
 2    -0.031    -0.004     0.999
 3   130.596    -6.491     0.718
 3     0.520     0.097    -0.849
 3    -0.284     0.957    -0.065
 3     0.805     0.274     0.525
 4   115.854    11.885   -10.826
 4     0.658    -0.693     0.296
 4     0.751     0.579    -0.317
 4     0.048     0.430     0.901
 5   136.055    19.583    13.253
 5     0.943     0.048     0.329
 5     0.202    -0.868    -0.453
 5     0.264     0.494    -0.829
 6   158.595    19.501     8.188
 6     0.999     0.019     0.036
 6    -0.009     0.967    -0.253
 6    -0.039     0.253     0.967
 7   116.816   -26.146    -7.019
 7     0.588     0.704     0.400
 7    -0.760     0.312     0.569
 7     0.276    -0.638     0.718
 8   138.681   -32.537    11.455
 8     0.956    -0.038     0.290
 8    -0.197    -0.817     0.542
 8     0.216    -0.576    -0.789
 9   164.516   -33.436     5.790
 9     0.997     0.074     0.011
 9    -0.075     0.987     0.140
 9    -0.000    -0.141     0.990
 2    96.947   -20.006    59.091
 2     0.301    -0.954     0.006
 2     0.953     0.301     0.031
 2    -0.031    -0.004     0.999
 3   130.495    -6.773     0.369
 3     0.520     0.106    -0.848
 3    -0.287     0.956    -0.057
 3     0.804     0.272     0.527
 4   115.508    11.590   -10.950
 4     0.674    -0.659     0.335
 4     0.738     0.596    -0.314
 4     0.007     0.458     0.888
 5   137.626    19.859    10.097
 5     0.968     0.122     0.220
 5     0.216    -0.850    -0.479
 5     0.129     0.512    -0.849
 6   158.473    19.027     0.465
 6     0.973     0.086     0.215
 6    -0.033     0.970    -0.236
 6    -0.228     0.225     0.947
 7   116.298   -26.203    -7.347
 7     0.642     0.609     0.468
 7    -0.748     0.362     0.556
 7     0.169    -0.706     0.687
 8   139.686   -32.789     7.625
 8     0.977    -0.127     0.171
 8    -0.204    -0.794     0.573
 8     0.063    -0.595    -0.802
 9   163.727   -32.827    -5.063
 9     0.968     0.021     0.250
 9    -0.044     0.995     0.080
 9    -0.247    -0.091     0.965
 2    96.947   -20.006    59.091
 2     0.301    -0.954     0.006
 2     0.953     0.301     0.031
 2    -0.031    -0.004     0.999
 3   130.189    -6.906    -0.025
 3     0.520     0.119    -0.846
 3    -0.292     0.955    -0.046
 3     0.802     0.271     0.530
 4   114.493    11.255   -11.109
 4     0.683    -0.618     0.391
 4     0.729     0.613    -0.305
 4    -0.051     0.492     0.868
 5   138.260    20.138     6.670
 5     0.973     0.199     0.117
 5     0.231    -0.829    -0.510
 5    -0.004     0.523    -0.852
 6   156.941    18.313    -7.340
 6     0.909     0.145     0.392
 6    -0.066     0.977    -0.199
 6    -0.411     0.158     0.898
 7   115.085   -25.984    -7.622
 7     0.660     0.510     0.554
 7    -0.750     0.401     0.525
 7     0.046    -0.761     0.646
 8   139.220   -33.921     3.436
 8     0.963    -0.261     0.060
 8    -0.246    -0.775     0.583
 8    -0.105    -0.576    -0.811
 9   159.772   -33.292   -15.747
 9     0.868    -0.013     0.498
 9    -0.015     0.999     0.041
 9    -0.496    -0.047     0.866
 2    97.039   -20.078    59.043
 2     0.390    -0.921     0.008
 2     0.920     0.390     0.028
 2    -0.029    -0.004     0.999
 3   129.638    -7.106    -0.460
 3     0.521     0.151    -0.841
 3    -0.314     0.949    -0.025
 3     0.794     0.276     0.541
 4   113.550    10.918   -11.087
 4     0.689    -0.572     0.447
 4     0.716     0.630    -0.299
 4    -0.110     0.525     0.843
 5   138.606    20.638     2.621
 5     0.958     0.286     0.017
 5     0.247    -0.797    -0.550
 5    -0.143     0.531    -0.835
 6   154.777    18.121   -14.344
 6     0.835     0.150     0.532
 6    -0.081     0.985    -0.143
 6    -0.544     0.080     0.834
 7   113.906   -25.846    -8.002
 7     0.656     0.411     0.634
 7    -0.751     0.439     0.492
 7    -0.076    -0.799     0.596
 8   138.371   -34.607    -0.369
 8     0.925    -0.378    -0.034
 8    -0.289    -0.759     0.583
 8    -0.246    -0.530    -0.812
 9   155.024   -33.981   -24.192
 9     0.740    -0.004     0.673
 9    -0.001     1.000    -0.003
 9    -0.672    -0.000     0.740
 2    97.161   -20.102    59.049
 2     0.484    -0.875     0.006
 2     0.875     0.483     0.028
 2    -0.027    -0.009     0.999
 3   129.321    -6.995    -1.057
 3     0.534     0.170    -0.828
 3    -0.321     0.947    -0.014
 3     0.782     0.274     0.560
 4   112.608    11.018   -11.254
 4     0.684    -0.531     0.501
 4     0.710     0.640    -0.292
 4    -0.166     0.555     0.814
 5   138.253    21.103    -0.486
 5     0.937     0.347    -0.049
 5     0.258    -0.778    -0.573
 5    -0.237     0.524    -0.818
 6   151.730    17.553   -20.008
 6     0.736     0.182     0.655
 6    -0.124     0.983    -0.125
 6    -0.665     0.012     0.745
 7   112.914   -25.400    -8.013
 7     0.642     0.372     0.671
 7    -0.757     0.442     0.480
 7    -0.118    -0.816     0.565
 8   136.825   -35.515    -1.662
 8     0.887    -0.461    -0.033
 8    -0.343    -0.705     0.619
 8    -0.308    -0.539    -0.785
 9   149.852   -34.129   -29.193
 9     0.629     0.001     0.778
 9     0.028     0.999    -0.033
 9    -0.777     0.042     0.627
 2    96.765   -20.089    59.034
 2    -0.064    -0.998     0.011
 2     0.998    -0.063     0.019
 2    -0.019     0.011     1.000
 3   128.921    -6.735    -1.445
 3     0.548     0.183    -0.816
 3    -0.331     0.943    -0.011
 3     0.768     0.276     0.577
 4   111.775    11.271   -11.101
 4     0.680    -0.484     0.552
 4     0.700     0.651    -0.292
 4    -0.218     0.584     0.781
 5   137.806    21.441    -2.247
 5     0.916     0.387    -0.106
 5     0.261    -0.774    -0.576
 5    -0.305     0.501    -0.811
 6   149.357    17.187   -23.108
 6     0.660     0.207     0.726
 6    -0.151     0.978    -0.133
 6    -0.736    -0.022     0.675
 7   112.061   -24.862    -8.198
 7     0.631     0.334     0.701
 7    -0.757     0.464     0.460
 7    -0.172    -0.820     0.545
 8   136.062   -35.335    -3.422
 8     0.865    -0.498    -0.063
 8    -0.348    -0.683     0.641
 8    -0.362    -0.534    -0.765
 9   147.911   -33.289   -31.699
 9     0.586     0.003     0.811
 9     0.044     0.998    -0.043
 9    -0.809     0.061     0.583
 2    96.411   -20.102    59.088
 2    -0.291    -0.957     0.008
 2     0.956    -0.289     0.032
 2    -0.030     0.016     0.999
 3   128.824    -6.486    -1.722
 3     0.556     0.184    -0.811
 3    -0.332     0.943    -0.015
 3     0.762     0.277     0.585
 4   111.496    11.659   -11.085
 4     0.676    -0.462     0.575
 4     0.697     0.651    -0.298
 4    -0.237     0.601     0.762
 5   137.555    21.953    -4.076
 5     0.894     0.422    -0.151
 5     0.256    -0.756    -0.601
 5    -0.367     0.499    -0.785
 6   147.970    16.947   -25.507
 6     0.612     0.198     0.769
 6    -0.177     0.977    -0.104
 6    -0.771    -0.074     0.630
 7   112.053   -24.385    -8.612
 7     0.631     0.305     0.714
 7    -0.746     0.489     0.450
 7    -0.212    -0.817     0.536
 8   136.139   -34.759    -5.201
 8     0.857    -0.509    -0.084
 8    -0.328    -0.663     0.672
 8    -0.397    -0.549    -0.736
 9   147.178   -31.605   -33.918
 9     0.562     0.005     0.828
 9     0.074     0.995    -0.064
 9    -0.824     0.099     0.557
 2    96.380   -20.058    59.059
 2    -0.256    -0.967     0.009
 2     0.966    -0.254     0.031
 2    -0.029     0.016     0.999
 3   128.904    -6.306    -2.013
 3     0.554     0.180    -0.813
 3    -0.331     0.943    -0.018
 3     0.764     0.279     0.581
 4   111.294    11.326   -11.234
 4     0.668    -0.442     0.600
 4     0.694     0.659    -0.288
 4    -0.268     0.608     0.746
 5   137.041    22.234    -6.243
 5     0.863     0.469    -0.186
 5     0.259    -0.727    -0.635
 5    -0.433     0.501    -0.750
 6   145.531    15.999   -28.835
 6     0.539     0.169     0.828
 6    -0.212     0.974    -0.054
 6    -0.815    -0.148     0.558
 7   112.030   -24.605    -9.026
 7     0.629     0.242     0.739
 7    -0.727     0.519     0.448
 7    -0.275    -0.820     0.502
 8   135.896   -34.540    -7.781
 8     0.830    -0.542    -0.134
 8    -0.305    -0.640     0.705
 8    -0.466    -0.546    -0.697
 9   143.541   -29.187   -38.618
 9     0.456     0.000     0.890
 9     0.144     0.986    -0.080
 9    -0.878     0.167     0.448
 2    96.449   -20.064    59.057
 2    -0.221    -0.975     0.009
 2     0.975    -0.220     0.029
 2    -0.028     0.015     0.999
 3   128.635    -6.370    -2.293
 3     0.553     0.189    -0.812
 3    -0.343     0.939    -0.016
 3     0.759     0.287     0.584
 4   110.483    10.877   -11.400
 4     0.657    -0.408     0.635
 4     0.686     0.670    -0.280
 4    -0.312     0.619     0.720
 5   136.218    21.725    -9.255
 5     0.819     0.513    -0.259
 5     0.246    -0.719    -0.649
 5    -0.518     0.469    -0.715
 6   142.094    14.730   -32.751
 6     0.432     0.161     0.890
 6    -0.239     0.968    -0.052
 6    -0.870    -0.194     0.453
 7   110.737   -24.418    -9.178
 7     0.604     0.175     0.777
 7    -0.715     0.549     0.432
 7    -0.352    -0.817     0.457
 8   134.317   -34.366   -10.438
 8     0.783    -0.592    -0.196
 8    -0.284    -0.617     0.733
 8    -0.553    -0.519    -0.652
 9   138.003   -26.821   -42.592
 9     0.324    -0.000     0.946
 9     0.215     0.973    -0.077
 9    -0.922     0.231     0.313
 2    96.459   -20.063    59.048
 2    -0.212    -0.977     0.010
 2     0.977    -0.211     0.026
 2    -0.025     0.015     1.000
 3   128.062    -6.594    -2.734
 3     0.562     0.207    -0.801
 3    -0.358     0.933    -0.011
 3     0.745     0.293     0.599
 4   109.570    10.667   -11.325
 4     0.647    -0.373     0.666
 4     0.680     0.675    -0.284
 4    -0.344     0.636     0.690
 5   134.952    21.804   -11.368
 5     0.779     0.554    -0.298
 5     0.245    -0.701    -0.667
 5    -0.577     0.448    -0.683
 6   139.168    14.244   -35.030
 6     0.357     0.134     0.926
 6    -0.257     0.964    -0.035
 6    -0.898    -0.230     0.375
 7   109.588   -24.164    -9.297
 7     0.580     0.127     0.804
 7    -0.706     0.571     0.419
 7    -0.406    -0.811     0.421
 8   132.861   -34.068   -12.351
 8     0.745    -0.626    -0.232
 8    -0.274    -0.601     0.750
 8    -0.608    -0.496    -0.620
 9   134.531   -25.471   -44.948
 9     0.251     0.017     0.968
 9     0.248     0.964    -0.085
 9    -0.936     0.266     0.235
 2    96.462   -20.012    59.045
 2    -0.211    -0.978     0.012
 2     0.977    -0.209     0.026
 2    -0.024     0.016     1.000
 3   127.623    -6.582    -3.059
 3     0.575     0.217    -0.789
 3    -0.363     0.931    -0.009
 3     0.733     0.291     0.614
 4   108.684    10.663   -11.307
 4     0.634    -0.340     0.695
 4     0.677     0.677    -0.286
 4    -0.374     0.652     0.659
 5   133.538    22.164   -13.437
 5     0.728     0.598    -0.339
 5     0.252    -0.689    -0.677
 5    -0.637     0.408    -0.653
 6   135.557    14.328   -37.566
 6     0.270     0.098     0.958
 6    -0.258     0.964    -0.023
 6    -0.927    -0.246     0.284
 7   108.705   -23.869    -9.324
 7     0.557     0.098     0.825
 7    -0.704     0.581     0.406
 7    -0.440    -0.807     0.392
 8   131.662   -33.951   -13.469
 8     0.717    -0.651    -0.252
 8    -0.274    -0.592     0.757
 8    -0.641    -0.475    -0.603
 9   131.790   -24.881   -46.528
 9     0.203     0.039     0.979
 9     0.260     0.960    -0.095
 9    -0.944     0.278     0.181
 2    96.522   -20.012    58.988
 2    -0.199    -0.980     0.013
 2     0.979    -0.198     0.024
 2    -0.022     0.017     1.000
 3   127.212    -6.599    -3.659
 3     0.596     0.230    -0.770
 3    -0.366     0.930    -0.006
 3     0.714     0.285     0.638
 4   107.899    10.612   -11.372
 4     0.616    -0.311     0.724
 4     0.677     0.677    -0.286
 4    -0.402     0.667     0.627
 5   132.423    22.162   -14.821
 5     0.689     0.620    -0.378
 5     0.252    -0.690    -0.676
 5    -0.679     0.372    -0.633
 6   132.706    13.838   -39.119
 6     0.182     0.100     0.979
 6    -0.279     0.958    -0.045
 6    -0.943    -0.269     0.199
 7   107.598   -23.777    -9.208
 7     0.521     0.075     0.850
 7    -0.715     0.583     0.386
 7    -0.467    -0.809     0.357
 8   130.157   -34.266   -14.395
 8     0.680    -0.681    -0.273
 8    -0.287    -0.587     0.756
 8    -0.674    -0.437    -0.595
 9   128.546   -25.519   -47.855
 9     0.150     0.071     0.986
 9     0.256     0.960    -0.111
 9    -0.955     0.272     0.124
 2    96.464   -20.067    59.051
 2    -0.196    -0.981     0.011
 2     0.980    -0.195     0.027
 2    -0.026     0.015     0.999
 3   126.671    -6.796    -4.247
 3     0.608     0.258    -0.751
 3    -0.376     0.926     0.012
 3     0.699     0.274     0.660
 4   106.928    10.344   -11.455
 4     0.606    -0.271     0.748
 4     0.663     0.690    -0.288
 4    -0.438     0.671     0.598
 5   130.946    21.728   -16.935
 5     0.644     0.647    -0.411
 5     0.237    -0.676    -0.696
 5    -0.727     0.352    -0.589
 6   130.245    12.820   -41.151
 6     0.135     0.063     0.989
 6    -0.291     0.955    -0.019
 6    -0.947    -0.289     0.146
 7   106.140   -23.750    -8.991
 7     0.474     0.044     0.879
 7    -0.720     0.595     0.358
 7    -0.507    -0.803     0.314
 8   127.881   -34.575   -15.847
 8     0.636    -0.720    -0.282
 8    -0.291    -0.558     0.776
 8    -0.715    -0.412    -0.565
 9   124.508   -25.409   -49.642
 9     0.093     0.117     0.989
 9     0.263     0.954    -0.139
 9    -0.960     0.275     0.057
 2    96.512   -20.068    59.053
 2    -0.196    -0.981     0.011
 2     0.980    -0.195     0.029
 2    -0.027     0.016     0.999
 3   126.124    -7.036    -4.558
 3     0.614     0.281    -0.739
 3    -0.384     0.922     0.031
 3     0.690     0.265     0.673
 4   106.089    10.079   -11.493
 4     0.592    -0.243     0.769
 4     0.654     0.701    -0.283
 4    -0.471     0.671     0.573
 5   129.284    21.474   -18.902
 5     0.592     0.676    -0.441
 5     0.225    -0.661    -0.714
 5    -0.773     0.323    -0.544
 6   126.881    11.732   -42.787
 6     0.049     0.033     0.998
 6    -0.328     0.943    -0.015
 6    -0.943    -0.329     0.056
 7   105.298   -23.574    -8.782
 7     0.441     0.035     0.897
 7    -0.728     0.598     0.334
 7    -0.524    -0.801     0.290
 8   126.493   -35.013   -16.257
 8     0.599    -0.746    -0.293
 8    -0.304    -0.548     0.778
 8    -0.740    -0.378    -0.555
 9   120.874   -25.305   -50.139
 9     0.016     0.143     0.989
 9     0.290     0.946    -0.142
 9    -0.957     0.291    -0.027
 2    96.510   -20.069    59.057
 2    -0.196    -0.981     0.010
 2     0.980    -0.195     0.029
 2    -0.028     0.015     0.999
 3   125.845    -7.227    -4.786
 3     0.621     0.301    -0.725
 3    -0.391     0.918     0.045
 3     0.679     0.256     0.687
 4   105.622     9.829   -11.611
 4     0.576    -0.224     0.786
 4     0.651     0.707    -0.276
 4    -0.494     0.670     0.552
 5   127.972    21.691   -20.210
 5     0.545     0.708    -0.454
 5     0.237    -0.645    -0.725
 5    -0.804     0.288    -0.518
 6   124.495    11.646   -43.735
 6    -0.007     0.005     1.000
 6    -0.339     0.940    -0.006
 6    -0.941    -0.341    -0.005
 7   104.669   -23.566    -8.580
 7     0.417     0.032     0.908
 7    -0.736     0.598     0.316
 7    -0.533    -0.800     0.273
 8   125.487   -35.442   -16.527
 8     0.574    -0.765    -0.297
 8    -0.311    -0.536     0.784
 8    -0.757    -0.358    -0.545
 9   118.364   -24.630   -50.415
 9    -0.044     0.166     0.985
 9     0.328     0.933    -0.143
 9    -0.943     0.318    -0.097
 2    96.509   -20.070    59.060
 2    -0.195    -0.981     0.009
 2     0.980    -0.194     0.030
 2    -0.029     0.014     0.999
 3   125.490    -7.367    -4.990
 3     0.629     0.316    -0.712
 3    -0.398     0.915     0.053
 3     0.668     0.250     0.700
 4   104.992     9.734   -11.616
 4     0.562    -0.211     0.800
 4     0.649     0.711    -0.270
 4    -0.512     0.671     0.536
 5   126.703    21.897   -21.151
 5     0.512     0.728    -0.461
 5     0.245    -0.634    -0.732
 5    -0.823     0.262    -0.502
 6   122.663    11.824   -44.507
 6    -0.042    -0.022     0.999
 6    -0.342     0.939     0.006
 6    -0.939    -0.343    -0.048
 7   103.863   -23.434    -8.394
 7     0.388     0.028     0.921
 7    -0.744     0.599     0.295
 7    -0.544    -0.800     0.254
 8   124.294   -35.769   -16.804
 8     0.549    -0.783    -0.296
 8    -0.323    -0.522     0.788
 8    -0.771    -0.338    -0.539
 9   116.468   -24.741   -50.720
 9    -0.072     0.185     0.980
 9     0.336     0.929    -0.151
 9    -0.939     0.319    -0.130
 2    96.509   -20.070    59.060
 2    -0.195    -0.981     0.009
 2     0.980    -0.194     0.031
 2    -0.029     0.014     0.999
 3   124.978    -7.509    -5.258
 3     0.639     0.334    -0.695
 3    -0.405     0.911     0.064
 3     0.654     0.240     0.716
 4   104.231     9.609   -11.558
 4     0.549    -0.193     0.813
 4     0.643     0.718    -0.265
 4    -0.533     0.668     0.518
 5   125.208    21.787   -22.274
 5     0.471     0.745    -0.476
 5     0.248    -0.625    -0.739
 5    -0.847     0.230    -0.478
 6   120.323    11.645   -45.380
 6    -0.087    -0.039     0.995
 6    -0.344     0.938     0.007
 6    -0.935    -0.343    -0.095
 7   102.949   -23.254    -8.146
 7     0.361     0.020     0.932
 7    -0.747     0.604     0.276
 7    -0.558    -0.797     0.234
 8   123.003   -35.940   -17.153
 8     0.529    -0.799    -0.289
 8    -0.332    -0.506     0.796
 8    -0.781    -0.325    -0.532
 9   114.841   -25.180   -51.226
 9    -0.076     0.198     0.977
 9     0.324     0.931    -0.164
 9    -0.943     0.305    -0.136
 2    96.508   -20.070    59.060
 2    -0.196    -0.981     0.009
 2     0.980    -0.194     0.031
 2    -0.029     0.014     0.999
 3   124.655    -7.620    -5.396
 3     0.646     0.344    -0.683
 3    -0.407     0.910     0.071
 3     0.645     0.232     0.727
 4   103.737     9.466   -11.517
 4     0.539    -0.180     0.823
 4     0.639     0.723    -0.261
 4    -0.548     0.667     0.505
 5   124.196    21.765   -23.041
 5     0.439     0.760    -0.483
 5     0.249    -0.616    -0.746
 5    -0.863     0.206    -0.459
 6   118.654    11.378   -45.947
 6    -0.124    -0.056     0.990
 6    -0.351     0.936     0.008
 6    -0.928    -0.348    -0.136
 7   102.631   -23.261    -8.004
 7     0.346     0.023     0.938
 7    -0.754     0.602     0.263
 7    -0.559    -0.798     0.226
 8   122.305   -36.432   -17.111
 8     0.512    -0.810    -0.287
 8    -0.343    -0.497     0.797
 8    -0.787    -0.310    -0.532
 9   113.502   -25.501   -51.134
 9    -0.095     0.219     0.971
 9     0.333     0.926    -0.176
 9    -0.938     0.307    -0.161
 2    96.509   -20.070    59.060
 2    -0.195    -0.981     0.009
 2     0.980    -0.194     0.031
 2    -0.029     0.014     0.999
 3   124.472    -7.879    -5.503
 3     0.646     0.357    -0.676
 3    -0.412     0.906     0.082
 3     0.641     0.225     0.732
 4   103.690     9.276   -11.615
 4     0.539    -0.170     0.825
 4     0.632     0.729    -0.263
 4    -0.557     0.663     0.500
 5   123.797    21.522   -23.546
 5     0.422     0.764    -0.492
 5     0.247    -0.615    -0.747
 5    -0.872     0.193    -0.448
 6   117.995    11.027   -46.222
 6    -0.140    -0.059     0.988
 6    -0.354     0.935     0.006
 6    -0.925    -0.349    -0.152
 7   102.019   -23.178    -7.898
 7     0.323     0.021     0.946
 7    -0.755     0.608     0.244
 7    -0.570    -0.794     0.212
 8   121.248   -36.633   -17.458
 8     0.495    -0.826    -0.275
 8    -0.345    -0.474     0.809
 8    -0.798    -0.306    -0.519
 9   112.505   -25.178   -51.492
 9    -0.102     0.239     0.965
 9     0.341     0.920    -0.192
 9    -0.934     0.310    -0.176
 2    96.509   -20.070    59.060
 2    -0.195    -0.981     0.009
 2     0.980    -0.194     0.031
 2    -0.029     0.014     0.999
 3   124.241    -8.117    -5.538
 3     0.643     0.371    -0.671
 3    -0.423     0.901     0.090
 3     0.638     0.225     0.735
 4   103.502     9.319   -11.550
 4     0.539    -0.161     0.827
 4     0.627     0.731    -0.267
 4    -0.562     0.662     0.495
 5   123.466    21.384   -23.878
 5     0.411     0.767    -0.495
 5     0.245    -0.613    -0.750
 5    -0.878     0.187    -0.439
 6   117.499    10.978   -46.393
 6    -0.151    -0.062     0.986
 6    -0.353     0.935     0.005
 6    -0.923    -0.349    -0.164
 7   101.782   -23.062    -7.916
 7     0.312     0.020     0.949
 7    -0.754     0.613     0.235
 7    -0.577    -0.790     0.207
 8   120.839   -36.565   -17.745
 8     0.488    -0.831    -0.269
 8    -0.347    -0.465     0.814
 8    -0.801    -0.305    -0.515
 9   112.164   -25.243   -51.698
 9    -0.096     0.248     0.964
 9     0.335     0.919    -0.204
 9    -0.937     0.304    -0.172
 2    96.456   -20.071    59.088
 2    -0.194    -0.981     0.009
 2     0.980    -0.193     0.031
 2    -0.030     0.014     0.999
 3   124.186    -8.018    -5.555
 3     0.644     0.373    -0.670
 3    -0.426     0.899     0.090
 3     0.636     0.226     0.737
 4   103.446     9.344   -11.524
 4     0.537    -0.160     0.828
 4     0.628     0.730    -0.267
 4    -0.563     0.664     0.492
 5   123.358    21.466   -23.841
 5     0.408     0.767    -0.498
 5     0.249    -0.615    -0.746
 5    -0.878     0.181    -0.442
 6   117.370    11.273   -46.257
 6    -0.154    -0.059     0.986
 6    -0.345     0.938     0.002
 6    -0.926    -0.341    -0.165
 7   101.742   -22.956    -7.890
 7     0.315     0.031     0.948
 7    -0.758     0.610     0.232
 7    -0.571    -0.792     0.215
 8   120.964   -36.682   -17.421
 8     0.494    -0.830    -0.263
 8    -0.354    -0.466     0.810
 8    -0.794    -0.307    -0.523
 9   112.980   -25.756   -51.047
 9    -0.078     0.251     0.964
 9     0.330     0.919    -0.214
 9    -0.941     0.302    -0.154
 2    96.507   -20.071    59.088
 2    -0.194    -0.981     0.009
 2     0.980    -0.193     0.031
 2    -0.030     0.014     0.999
 3   124.243    -8.013    -5.366
 3     0.644     0.365    -0.674
 3    -0.421     0.902     0.085
 3     0.639     0.228     0.734
 4   103.776     9.404   -11.444
 4     0.545    -0.168     0.821
 4     0.629     0.728    -0.269
 4    -0.554     0.664     0.503
 5   124.706    21.373   -22.844
 5     0.451     0.752    -0.485
 5     0.251    -0.624    -0.738
 5    -0.856     0.211    -0.469
 6   120.309    11.525   -45.257
 6    -0.092    -0.018     0.995
 6    -0.333     0.942    -0.013
 6    -0.939    -0.333    -0.093
 7   102.973   -23.433    -7.759
 7     0.359     0.092     0.928
 7    -0.777     0.580     0.243
 7    -0.517    -0.809     0.280
 8   124.110   -37.235   -14.180
 8     0.594    -0.776    -0.214
 8    -0.375    -0.500     0.780
 8    -0.711    -0.384    -0.588
 9   121.205   -27.601   -46.897
 9     0.066     0.186     0.980
 9     0.299     0.933    -0.198
 9    -0.952     0.308     0.005
 2    96.505   -20.072    59.066
 2    -0.193    -0.981     0.008
 2     0.980    -0.192     0.031
 2    -0.031     0.013     0.999
 3   125.586    -7.897    -4.383
 3     0.638     0.323    -0.701
 3    -0.390     0.918     0.067
 3     0.664     0.230     0.710
 4   105.873     9.455   -11.556
 4     0.576    -0.228     0.785
 4     0.641     0.722    -0.261
 4    -0.508     0.653     0.561
 5   128.938    21.914   -19.349
 5     0.585     0.712    -0.391
 5     0.262    -0.619    -0.739
 5    -0.767     0.330    -0.549
 6   128.920    12.599   -42.164
 6     0.112     0.015     0.993
 6    -0.311     0.949     0.022
 6    -0.944    -0.315     0.110
 7   106.291   -24.428    -7.963
 7     0.456     0.186     0.870
 7    -0.791     0.533     0.300
 7    -0.408    -0.825     0.390
 8   129.149   -37.490   -10.000
 8     0.722    -0.679    -0.136
 8    -0.383    -0.554     0.739
 8    -0.576    -0.482    -0.660
 9   132.967   -29.108   -41.291
 9     0.289     0.117     0.950
 9     0.256     0.945    -0.198
 9    -0.922     0.303     0.240
 2    96.454   -20.073    59.095
 2    -0.193    -0.981     0.006
 2     0.980    -0.192     0.032
 2    -0.032     0.011     0.999
 3   127.235    -7.722    -3.565
 3     0.601     0.271    -0.752
 3    -0.369     0.928     0.038
 3     0.708     0.255     0.658
 4   108.242     9.988   -11.682
 4     0.608    -0.299     0.736
 4     0.660     0.704    -0.261
 4    -0.440     0.644     0.625
 5   132.799    22.983   -14.644
 5     0.719     0.645    -0.260
 5     0.280    -0.608    -0.741
 5    -0.636     0.461    -0.619
 6   137.947    14.969   -37.326
 6     0.348     0.011     0.938
 6    -0.262     0.960     0.089
 6    -0.900    -0.280     0.335
 7   108.751   -24.746    -8.041
 7     0.521     0.272     0.809
 7    -0.792     0.508     0.339
 7    -0.319    -0.817     0.480
 8   132.651   -36.638    -5.653
 8     0.820    -0.568    -0.064
 8    -0.374    -0.617     0.692
 8    -0.432    -0.544    -0.719
 9   142.041   -29.785   -34.602
 9     0.476     0.054     0.878
 9     0.206     0.962    -0.175
 9    -0.855     0.266     0.446
 2    96.502   -20.074    59.073
 2    -0.193    -0.981     0.005
 2     0.980    -0.192     0.033
 2    -0.033     0.010     0.999
 3   127.943    -7.329    -2.805
 3     0.583     0.229    -0.779
 3    -0.344     0.938     0.017
 3     0.735     0.258     0.626
 4   109.518    10.642   -11.503
 4     0.632    -0.359     0.688
 4     0.679     0.682    -0.269
 4    -0.373     0.637     0.673
 5   134.565    23.949   -10.212
 5     0.806     0.573    -0.150
 5     0.297    -0.609    -0.734
 5    -0.511     0.548    -0.662
 6   143.557    17.210   -31.837
 6     0.518     0.044     0.855
 6    -0.219     0.971     0.086
 6    -0.827    -0.234     0.512
 7   109.950   -24.887    -7.753
 7     0.563     0.363     0.743
 7    -0.798     0.473     0.373
 7    -0.217    -0.802     0.556
 8   134.322   -35.919    -0.687
 8     0.890    -0.456     0.019
 8    -0.362    -0.680     0.638
 8    -0.277    -0.575    -0.770
 9   148.357   -30.322   -26.584
 9     0.632    -0.021     0.775
 9     0.172     0.977    -0.121
 9    -0.755     0.209     0.620
 2    96.502   -20.125    59.073
 2    -0.193    -0.981     0.004
 2     0.980    -0.192     0.033
 2    -0.033     0.010     0.999
 3   128.489    -6.843    -2.234
 3     0.563     0.191    -0.804
 3    -0.328     0.944    -0.006
 3     0.758     0.267     0.594
 4   110.764    11.419   -11.194
 4     0.653    -0.411     0.638
 4     0.693     0.662    -0.284
 4    -0.306     0.627     0.715
 5   135.739    25.071    -5.999
 5     0.867     0.497    -0.031
 5     0.325    -0.610    -0.722
 5    -0.377     0.616    -0.692
 6   148.752    19.777   -25.541
 6     0.680     0.040     0.733
 6    -0.159     0.982     0.100
 6    -0.716    -0.184     0.672
 7   111.391   -24.965    -7.478
 7     0.593     0.453     0.666
 7    -0.799     0.431     0.418
 7    -0.098    -0.780     0.617
 8   135.410   -34.975     4.059
 8     0.933    -0.339     0.120
 8    -0.342    -0.735     0.584
 8    -0.109    -0.587    -0.802
 9   154.118   -30.623   -17.345
 9     0.785    -0.048     0.619
 9     0.129     0.987    -0.097
 9    -0.606     0.153     0.779
 2    96.500   -20.126    59.075
 2    -0.193    -0.981     0.004
 2     0.980    -0.192     0.034
 2    -0.034     0.010     0.999
 3   129.166    -6.541    -1.842
 3     0.547     0.155    -0.823
 3    -0.316     0.948    -0.032
 3     0.775     0.277     0.568
 4   112.052    11.918   -11.021
 4     0.675    -0.464     0.575
 4     0.700     0.647    -0.300
 4    -0.233     0.604     0.761
 5   136.753    25.175    -1.261
 5     0.911     0.407     0.057
 5     0.337    -0.660    -0.671
 5    -0.236     0.631    -0.739
 6   152.760    21.426   -18.403
 6     0.802     0.055     0.596
 6    -0.097     0.994     0.047
 6    -0.590    -0.094     0.801
 7   112.544   -24.989    -7.433
 7     0.608     0.523     0.598
 7    -0.794     0.401     0.457
 7    -0.001    -0.752     0.659
 8   135.997   -33.628     7.476
 8     0.952    -0.239     0.190
 8    -0.304    -0.785     0.539
 8     0.020    -0.571    -0.821
 9   157.741   -31.015    -9.809
 9     0.884    -0.041     0.466
 9     0.061     0.997    -0.037
 9    -0.463     0.057     0.884
 2    96.500   -20.075    59.076
 2    -0.193    -0.981     0.004
 2     0.980    -0.192     0.034
 2    -0.034     0.009     0.999
 3   129.407    -6.282    -1.453
 3     0.535     0.134    -0.834
 3    -0.318     0.946    -0.053
 3     0.782     0.293     0.548
 4   112.991    12.451   -10.930
 4     0.696    -0.518     0.499
 4     0.702     0.633    -0.324
 4    -0.148     0.575     0.804
 5   136.962    24.602     3.492
 5     0.945     0.294     0.141
 5     0.314    -0.702    -0.639
 5    -0.089     0.648    -0.756
 6   155.944    21.873    -9.727
 6     0.906     0.050     0.421
 6    -0.061     0.998     0.020
 6    -0.419    -0.042     0.906
 7   113.351   -25.017    -7.443
 7     0.618     0.562     0.551
 7    -0.784     0.388     0.483
 7     0.057    -0.730     0.680
 8   136.356   -32.489     9.500
 8     0.958    -0.158     0.239
 8    -0.264    -0.814     0.518
 8     0.113    -0.559    -0.821
 9   159.919   -31.073    -4.256
 9     0.943    -0.021     0.332
 9     0.016     1.000     0.010
 9    -0.331    -0.008     0.943
 2    96.450   -20.126    59.076
 2    -0.193    -0.981     0.003
 2     0.980    -0.192     0.034
 2    -0.034     0.009     0.999
 3   129.644    -6.151    -1.196
 3     0.530     0.122    -0.839
 3    -0.317     0.946    -0.063
 3     0.786     0.299     0.540
 4   113.855    12.772   -10.714
 4     0.705    -0.567     0.428
 4     0.705     0.620    -0.342
 4    -0.072     0.542     0.836
 5   136.792    23.597     7.404
 5     0.959     0.192     0.207
 5     0.279    -0.743    -0.608
 5     0.037     0.641    -0.766
 6   157.759    21.841    -2.183
 6     0.969     0.033     0.244
 6    -0.027     0.999    -0.021
 6    -0.244     0.016     0.969
 7   113.576   -25.082    -7.424
 7     0.613     0.597     0.518
 7    -0.783     0.369     0.500
 7     0.108    -0.712     0.693
 8   136.082   -31.305    11.341
 8     0.954    -0.085     0.286
 8    -0.223    -0.840     0.494
 8     0.198    -0.536    -0.821
 9   161.102   -30.526     1.444
 9     0.980     0.001     0.196
 9    -0.015     0.998     0.062
 9    -0.196    -0.066     0.978
 2    96.500   -20.075    59.076
 2    -0.193    -0.981     0.003
 2     0.980    -0.192     0.034
 2    -0.034     0.009     0.999
 3   129.584    -6.103    -0.959
 3     0.532     0.119    -0.838
 3    -0.319     0.945    -0.069
 3     0.784     0.304     0.541
 4   114.390    13.123   -10.404
 4     0.699    -0.618     0.360
 4     0.714     0.600    -0.359
 4     0.005     0.508     0.861
 5   135.668    23.111    11.157
 5     0.951     0.094     0.294
 5     0.256    -0.772    -0.582
 5     0.172     0.629    -0.758
 6   158.216    22.574     6.564
 6     0.999    -0.018     0.025
 6     0.018     0.999    -0.039
 6    -0.024     0.040     0.999
 7   114.176   -25.091    -7.505
 7     0.591     0.667     0.455
 7    -0.780     0.326     0.533
 7     0.207    -0.669     0.713
 8   134.733   -30.027    14.593
 8     0.921     0.021     0.388
