% Calibrated with leiden_pols
% Positions are in centimeters
Data =[
 2    96.947   -20.006    59.117
 2     0.301    -0.954     0.007
 2     0.953     0.301     0.030
 2    -0.031    -0.004     0.999
 3   131.537    -6.218     1.573
 3     0.441     0.067    -0.895
 3    -0.252     0.966    -0.052
 3     0.861     0.248     0.443
 4   117.783    13.022    -9.908
 4     0.564    -0.811     0.159
 4     0.811     0.507    -0.290
 4     0.154     0.292     0.944
 5   119.878    22.178    20.705
 5     0.272    -0.404     0.875
 5     0.159    -0.877    -0.452
 5     0.949     0.260    -0.173
 6   134.656    22.356    43.863
 6     0.336    -0.208    -0.919
 6     0.083     0.978    -0.191
 6     0.938    -0.012     0.345
 7   116.943   -26.005    -6.444
 7     0.251     0.930     0.268
 7    -0.855     0.083     0.511
 7     0.453    -0.358     0.816
 8   117.408   -30.046    21.319
 8     0.146     0.361     0.921
 8    -0.123    -0.917     0.378
 8     0.982    -0.167    -0.089
 9   130.814   -31.694    49.950
 9     0.334     0.455    -0.827
 9     0.005     0.875     0.482
 9     0.942    -0.165     0.288
 2    96.997   -20.006    59.091
 2     0.301    -0.954     0.006
 2     0.953     0.301     0.030
 2    -0.031    -0.004     0.999
 3   131.491    -6.243     1.642
 3     0.438     0.067    -0.896
 3    -0.252     0.966    -0.052
 3     0.862     0.249     0.440
 4   117.840    13.076    -9.865
 4     0.563    -0.812     0.156
 4     0.811     0.507    -0.291
 4     0.157     0.290     0.944
 5   119.828    22.127    20.704
 5     0.272    -0.404     0.875
 5     0.158    -0.877    -0.453
 5     0.949     0.260    -0.174
 6   134.606    22.304    43.913
 6     0.335    -0.209    -0.919
 6     0.081     0.978    -0.193
 6     0.938    -0.011     0.344
 7   116.945   -26.005    -6.422
 7     0.250     0.931     0.266
 7    -0.855     0.083     0.511
 7     0.454    -0.356     0.817
 8   117.393   -30.051    21.337
 8     0.146     0.361     0.921
 8    -0.124    -0.917     0.379
 8     0.981    -0.168    -0.088
 9   130.764   -31.745    49.899
 9     0.334     0.456    -0.827
 9     0.005     0.874     0.483
 9     0.942    -0.165     0.288
 2    96.947   -20.006    59.091
 2     0.301    -0.954     0.007
 2     0.953     0.301     0.030
 2    -0.031    -0.004     0.999
 3   131.446    -6.216     1.687
 3     0.437     0.067    -0.897
 3    -0.252     0.966    -0.052
 3     0.863     0.249     0.439
 4   117.793    13.076    -9.868
 4     0.563    -0.812     0.156
 4     0.811     0.506    -0.292
 4     0.158     0.290     0.944
 5   119.819    22.099    20.709
 5     0.274    -0.400     0.876
 5     0.158    -0.879    -0.449
 5     0.948     0.260    -0.177
 6   134.649    22.353    43.871
 6     0.340    -0.206    -0.918
 6     0.082     0.978    -0.190
 6     0.937    -0.011     0.349
 7   117.171   -26.052    -6.509
 7     0.255     0.932     0.257
 7    -0.853     0.091     0.514
 7     0.456    -0.350     0.818
 8   118.100   -30.230    21.429
 8     0.177     0.365     0.914
 8    -0.127    -0.913     0.388
 8     0.976    -0.183    -0.115
 9   132.088   -31.932    49.272
 9     0.344     0.382    -0.859
 9    -0.000     0.913     0.405
 9     0.939    -0.139     0.314
 2    96.947   -20.006    59.091
 2     0.301    -0.954     0.006
 2     0.953     0.301     0.031
 2    -0.031    -0.004     0.999
 3   131.401    -6.227     1.510
 3     0.452     0.062    -0.890
 3    -0.257     0.964    -0.064
 3     0.854     0.257     0.452
 4   117.639    13.205    -9.761
 4     0.559    -0.817     0.146
 4     0.807     0.494    -0.321
 4     0.190     0.297     0.935
 5   121.483    22.576    21.235
 5     0.421    -0.281     0.863
 5     0.232    -0.887    -0.399
 5     0.877     0.367    -0.309
 6   140.819    24.544    39.755
 6     0.557    -0.219    -0.802
 6     0.121     0.976    -0.181
 6     0.822     0.003     0.569
 7   116.796   -26.201    -6.184
 7     0.295     0.918     0.266
 7    -0.837     0.113     0.536
 7     0.462    -0.380     0.801
 8   122.323   -31.259    22.774
 8     0.413     0.286     0.865
 8    -0.193    -0.901     0.389
 8     0.890    -0.327    -0.316
 9   142.080   -34.827    44.976
 9     0.549     0.364    -0.754
 9    -0.070     0.917     0.390
 9     0.833    -0.162     0.528
 2    96.947   -20.006    59.091
 2     0.301    -0.954     0.006
 2     0.953     0.301     0.031
 2    -0.031    -0.004     0.999
 3   131.030    -6.089     1.348
 3     0.480     0.065    -0.875
 3    -0.258     0.963    -0.071
 3     0.838     0.260     0.479
 4   116.698    13.080    -9.879
 4     0.568    -0.803     0.182
 4     0.807     0.497    -0.319
 4     0.165     0.327     0.930
 5   125.551    23.552    20.363
 5     0.636    -0.177     0.752
 5     0.273    -0.859    -0.432
 5     0.722     0.479    -0.498
 6   148.328    25.066    32.355
 6     0.788    -0.167    -0.593
 6     0.101     0.984    -0.143
 6     0.607     0.052     0.793
 7   116.899   -26.056    -6.188
 7     0.377     0.883     0.279
 7    -0.805     0.165     0.569
 7     0.457    -0.439     0.773
 8   128.102   -32.234    21.719
 8     0.653     0.166     0.739
 8    -0.243    -0.879     0.410
 8     0.717    -0.448    -0.534
 9   152.287   -35.716    35.513
 9     0.779     0.276    -0.562
 9    -0.092     0.938     0.333
 9     0.619    -0.208     0.757
 2    96.947   -20.006    59.091
 2     0.301    -0.954     0.006
 2     0.953     0.301     0.031
 2    -0.031    -0.004     0.999
 3   130.705    -6.164     1.169
 3     0.505     0.080    -0.860
 3    -0.270     0.960    -0.070
 3     0.820     0.267     0.506
 4   116.341    12.973   -10.070
 4     0.595    -0.777     0.208
 4     0.791     0.520    -0.320
 4     0.140     0.354     0.924
 5   129.417    22.827    18.889
 5     0.779    -0.109     0.618
 5     0.251    -0.849    -0.465
 5     0.574     0.517    -0.634
 6   153.235    23.140    24.834
 6     0.917    -0.099    -0.385
 6     0.044     0.988    -0.150
 6     0.395     0.120     0.910
 7   116.646   -25.985    -6.535
 7     0.426     0.853     0.300
 7    -0.800     0.200     0.565
 7     0.422    -0.481     0.768
 8   131.696   -33.176    19.254
 8     0.796     0.090     0.599
 8    -0.257    -0.846     0.466
 8     0.548    -0.526    -0.651
 9   157.610   -35.481    26.082
 9     0.911     0.165    -0.379
 9    -0.080     0.969     0.233
 9     0.405    -0.181     0.896
 2    96.947   -20.006    59.091
 2     0.301    -0.954     0.006
 2     0.953     0.300     0.031
 2    -0.031    -0.004     0.999
 3   130.561    -6.283     0.974
 3     0.516     0.089    -0.852
 3    -0.280     0.957    -0.069
 3     0.809     0.274     0.519
 4   116.148    12.787   -10.271
 4     0.620    -0.750     0.234
 4     0.777     0.543    -0.317
 4     0.110     0.378     0.919
 5   132.038    21.767    17.224
 5     0.853    -0.078     0.517
 5     0.217    -0.848    -0.484
 5     0.475     0.525    -0.706
 6   155.856    21.324    19.724
 6     0.964    -0.055    -0.261
 6     0.003     0.981    -0.193
 6     0.266     0.184     0.946
 7   116.686   -25.997    -6.774
 7     0.466     0.826     0.318
 7    -0.797     0.235     0.557
 7     0.385    -0.513     0.767
 8   134.269   -33.048    17.342
 8     0.864     0.041     0.502
 8    -0.240    -0.843     0.480
 8     0.442    -0.536    -0.719
 9   160.657   -34.568    19.951
 9     0.961     0.111    -0.254
 9    -0.066     0.981     0.181
 9     0.269    -0.156     0.950
 2    96.947   -20.006    59.091
 2     0.301    -0.954     0.006
 2     0.953     0.301     0.031
 2    -0.031    -0.004     0.999
 3   130.599    -6.362     0.812
 3     0.521     0.093    -0.849
 3    -0.282     0.957    -0.069
 3     0.806     0.275     0.524
 4   115.982    12.378   -10.550
 4     0.633    -0.730     0.259
 4     0.769     0.558    -0.309
 4     0.081     0.394     0.915
 5   133.990    20.547    15.544
 5     0.904    -0.040     0.425
 5     0.191    -0.852    -0.487
 5     0.381     0.522    -0.763
