% Calibrated with leiden_pols
% Positions are in centimeters
Data =[
 2    97.803   -18.801    59.111
 2     0.141    -0.990     0.007
 2     0.989     0.142     0.032
 2    -0.033     0.002     0.999
 3   132.181    -1.791     1.247
 3     0.536    -0.125    -0.835
 3     0.170     0.984    -0.037
 3     0.827    -0.122     0.548
 4   120.013    16.578    -4.620
 4     0.772    -0.601     0.210
 4     0.614     0.619    -0.490
 4     0.164     0.506     0.846
 5   126.293    24.735    23.369
 5     0.565    -0.659     0.498
 5    -0.011    -0.608    -0.793
 5     0.825     0.443    -0.350
 6   145.110    10.724    31.113
 6     0.716     0.165    -0.683
 6    -0.671     0.423    -0.607
 6     0.191     0.891     0.407
 7   116.542   -17.570    -4.473
 7     0.756     0.378     0.535
 7    -0.568     0.783     0.251
 7    -0.324    -0.493     0.807
 8   124.244   -26.254    21.311
 8     0.504     0.487     0.714
 8    -0.110    -0.783     0.611
 8     0.856    -0.386    -0.341
 9   145.764   -13.265    30.941
 9     0.707    -0.301    -0.646
 9     0.693     0.464     0.548
 9     0.137    -0.834     0.531
 2    97.803   -18.801    59.111
 2     0.141    -0.990     0.007
 2     0.989     0.142     0.032
 2    -0.033     0.002     0.999
 3   132.035    -1.788     1.318
 3     0.532    -0.126    -0.837
 3     0.172     0.984    -0.038
 3     0.828    -0.124     0.545
 4   119.965    16.579    -4.572
 4     0.771    -0.602     0.210
 4     0.614     0.618    -0.490
 4     0.165     0.506     0.846
 5   126.288    24.733    23.424
 5     0.566    -0.659     0.497
 5    -0.011    -0.607    -0.793
 5     0.824     0.443    -0.351
 6   145.108    10.723    31.166
 6     0.717     0.165    -0.682
 6    -0.670     0.423    -0.608
 6     0.190     0.891     0.407
 7   116.494   -17.569    -4.476
 7     0.756     0.379     0.534
 7    -0.569     0.783     0.250
 7    -0.323    -0.493     0.807
 8   124.244   -26.254    21.311
 8     0.505     0.486     0.714
 8    -0.110    -0.783     0.610
 8     0.856    -0.387    -0.342
 9   145.711   -13.240    30.943
 9     0.706    -0.302    -0.646
 9     0.694     0.463     0.548
 9     0.136    -0.833     0.532
 2    97.803   -18.801    59.112
 2     0.141    -0.990     0.006
 2     0.989     0.142     0.032
 2    -0.033     0.001     0.999
 3   132.015    -1.787     1.312
 3     0.532    -0.126    -0.838
 3     0.172     0.984    -0.038
 3     0.829    -0.124     0.545
 4   119.918    16.630    -4.549
 4     0.771    -0.603     0.209
 4     0.615     0.617    -0.490
 4     0.166     0.505     0.846
 5   126.238    24.732    23.475
 5     0.566    -0.659     0.497
 5    -0.012    -0.608    -0.793
 5     0.824     0.443    -0.351
 6   145.103    10.721    31.172
 6     0.717     0.167    -0.681
 6    -0.671     0.422    -0.608
 6     0.188     0.891     0.407
 7   116.495   -17.569    -4.425
 7     0.756     0.380     0.534
 7    -0.569     0.783     0.250
 7    -0.323    -0.493     0.807
 8   124.214   -26.255    21.368
 8     0.506     0.486     0.714
 8    -0.110    -0.783     0.611
 8     0.855    -0.387    -0.342
 9   145.708   -13.190    30.946
 9     0.706    -0.304    -0.646
 9     0.695     0.463     0.547
 9     0.135    -0.833     0.533
 2    97.803   -18.801    59.112
 2     0.141    -0.990     0.006
 2     0.989     0.142     0.032
 2    -0.033     0.001     0.999
 3   132.015    -1.787     1.364
 3     0.531    -0.127    -0.838
 3     0.172     0.984    -0.039
 3     0.829    -0.125     0.544
 4   119.915    16.579    -4.546
 4     0.771    -0.602     0.209
 4     0.615     0.617    -0.490
 4     0.165     0.506     0.846
 5   126.238    24.732    23.501
 5     0.566    -0.659     0.497
 5    -0.012    -0.608    -0.793
 5     0.824     0.443    -0.351
 6   145.099    10.720    31.127
 6     0.718     0.168    -0.680
 6    -0.670     0.422    -0.609
 6     0.186     0.891     0.409
 7   116.495   -17.519    -4.425
 7     0.756     0.381     0.534
 7    -0.570     0.782     0.250
 7    -0.323    -0.493     0.807
 8   124.215   -26.204    21.368
 8     0.506     0.486     0.714
 8    -0.110    -0.783     0.611
 8     0.855    -0.387    -0.343
 9   145.708   -13.190    30.946
 9     0.705    -0.305    -0.646
 9     0.695     0.463     0.547
 9     0.135    -0.833     0.533
 2    97.803   -18.801    59.111
 2     0.141    -0.990     0.007
 2     0.989     0.142     0.032
 2    -0.033     0.002     0.999
 3   132.015    -1.787     1.364
 3     0.531    -0.126    -0.838
 3     0.172     0.984    -0.038
 3     0.829    -0.125     0.544
 4   119.920    16.581    -4.552
 4     0.770    -0.603     0.208
 4     0.615     0.617    -0.490
 4     0.167     0.505     0.846
 5   126.213    24.733    23.500
 5     0.566    -0.659     0.498
 5    -0.011    -0.608    -0.793
 5     0.824     0.443    -0.351
 6   145.099    10.720    31.128
 6     0.718     0.169    -0.680
 6    -0.670     0.422    -0.608
 6     0.186     0.890     0.409
 7   116.494   -17.519    -4.476
 7     0.755     0.381     0.534
 7    -0.570     0.782     0.249
 7    -0.323    -0.492     0.808
 8   124.214   -26.205    21.368
 8     0.505     0.487     0.714
 8    -0.110    -0.783     0.611
 8     0.855    -0.387    -0.342
 9   145.658   -13.190    30.946
 9     0.705    -0.305    -0.646
 9     0.695     0.463     0.547
 9     0.135    -0.833     0.533
 2    97.802   -18.801    59.162
 2     0.141    -0.990     0.007
 2     0.989     0.142     0.032
 2    -0.033     0.002     0.999
 3   132.020    -1.786     1.358
 3     0.531    -0.126    -0.838
 3     0.172     0.984    -0.038
 3     0.830    -0.125     0.544
 4   119.920    16.580    -4.552
 4     0.771    -0.603     0.208
 4     0.615     0.617    -0.490
 4     0.167     0.505     0.846
 5   126.213    24.733    23.500
 5     0.566    -0.659     0.498
 5    -0.011    -0.608    -0.793
 5     0.824     0.443    -0.351
 6   145.097    10.719    31.131
 6     0.718     0.170    -0.680
 6    -0.671     0.422    -0.608
 6     0.185     0.890     0.410
 7   116.494   -17.519    -4.476
 7     0.755     0.381     0.534
 7    -0.570     0.782     0.249
 7    -0.323    -0.492     0.807
 8   124.214   -26.205    21.368
 8     0.506     0.486     0.714
 8    -0.110    -0.783     0.611
 8     0.855    -0.387    -0.342
 9   145.658   -13.242    30.946
 9     0.706    -0.305    -0.645
 9     0.694     0.464     0.546
 9     0.135    -0.832     0.534
 2    97.803   -18.801    59.112
 2     0.142    -0.990     0.006
 2     0.989     0.142     0.032
 2    -0.033     0.001     0.999
 3   132.020    -1.786     1.358
 3     0.531    -0.125    -0.839
 3     0.172     0.984    -0.037
 3     0.830    -0.125     0.543
 4   119.920    16.631    -4.552
 4     0.770    -0.603     0.208
 4     0.615     0.617    -0.490
 4     0.167     0.505     0.846
 5   126.238    24.735    23.477
 5     0.566    -0.657     0.499
 5    -0.007    -0.607    -0.793
 5     0.824     0.446    -0.348
 6   145.454    11.416    31.018
 6     0.722     0.128    -0.684
 6    -0.671     0.363    -0.645
 6     0.168     0.923     0.342
 7   116.451   -17.637    -4.381
 7     0.751     0.382     0.539
 7    -0.566     0.792     0.229
 7    -0.339    -0.476     0.811
 8   124.194   -26.933    20.535
 8     0.490     0.494     0.719
 8    -0.159    -0.760     0.629
 8     0.856    -0.423    -0.294
 9   145.520   -14.188    29.958
 9     0.707    -0.270    -0.659
 9     0.697     0.407     0.587
 9     0.113    -0.873     0.470
 2    97.803   -18.801    59.111
 2     0.141    -0.990     0.007
 2     0.989     0.142     0.032
 2    -0.033     0.002     0.999
 3   131.976    -1.833     1.269
 3     0.526    -0.131    -0.840
 3     0.172     0.984    -0.045
 3     0.832    -0.122     0.540
 4   119.002    15.834    -5.167
 4     0.763    -0.609     0.220
 4     0.635     0.641    -0.430
 4     0.121     0.466     0.876
 5   127.963    26.838    20.814
 5     0.718    -0.481     0.505
 5     0.155    -0.595    -0.788
 5     0.678     0.644    -0.353
