% Calibrated with leiden_pols
% Positions are in centimeters
Data =[
 2    97.803   -18.801    59.111
 2     0.141    -0.990     0.007
 2     0.989     0.142     0.032
 2    -0.033     0.002     0.999
 3   132.181    -1.791     1.247
 3     0.536    -0.125    -0.835
 3     0.170     0.984    -0.037
 3     0.827    -0.122     0.548
 4   120.013    16.578    -4.620
 4     0.772    -0.601     0.210
 4     0.614     0.619    -0.490
 4     0.164     0.506     0.846
 5   126.293    24.735    23.369
 5     0.565    -0.659     0.498
 5    -0.011    -0.608    -0.793
 5     0.825     0.443    -0.350
 6   145.110    10.724    31.113
 6     0.716     0.165    -0.683
 6    -0.671     0.423    -0.607
 6     0.191     0.891     0.407
 7   116.542   -17.570    -4.473
 7     0.756     0.378     0.535
 7    -0.568     0.783     0.251
 7    -0.324    -0.493     0.807
 8   124.244   -26.254    21.311
 8     0.504     0.487     0.714
 8    -0.110    -0.783     0.611
 8     0.856    -0.386    -0.341
 9   145.764   -13.265    30.941
 9     0.707    -0.301    -0.646
 9     0.693     0.464     0.548
 9     0.137    -0.834     0.531
 2    97.803   -18.801    59.111
 2     0.141    -0.990     0.007
 2     0.989     0.142     0.032
 2    -0.033     0.002     0.999
 3   132.035    -1.788     1.318
 3     0.532    -0.126    -0.837
 3     0.172     0.984    -0.038
 3     0.828    -0.124     0.545
 4   119.965    16.579    -4.572
 4     0.771    -0.602     0.210
 4     0.614     0.618    -0.490
 4     0.165     0.506     0.846
 5   126.288    24.733    23.424
 5     0.566    -0.659     0.497
 5    -0.011    -0.607    -0.793
 5     0.824     0.443    -0.351
 6   145.108    10.723    31.166
 6     0.717     0.165    -0.682
 6    -0.670     0.423    -0.608
 6     0.190     0.891     0.407
 7   116.494   -17.569    -4.476
 7     0.756     0.379     0.534
 7    -0.569     0.783     0.250
 7    -0.323    -0.493     0.807
 8   124.244   -26.254    21.311
 8     0.505     0.486     0.714
 8    -0.110    -0.783     0.610
 8     0.856    -0.387    -0.342
 9   145.711   -13.240    30.943
 9     0.706    -0.302    -0.646
 9     0.694     0.463     0.548
 9     0.136    -0.833     0.532
 2    97.803   -18.801    59.112
 2     0.141    -0.990     0.006
 2     0.989     0.142     0.032
 2    -0.033     0.001     0.999
 3   132.015    -1.787     1.312
 3     0.532    -0.126    -0.838
 3     0.172     0.984    -0.038
 3     0.829    -0.124     0.545
 4   119.918    16.630    -4.549
 4     0.771    -0.603     0.209
 4     0.615     0.617    -0.490
 4     0.166     0.505     0.846
 5   126.238    24.732    23.475
 5     0.566    -0.659     0.497
 5    -0.012    -0.608    -0.793
 5     0.824     0.443    -0.351
 6   145.103    10.721    31.172
 6     0.717     0.167    -0.681
 6    -0.671     0.422    -0.608
 6     0.188     0.891     0.407
 7   116.495   -17.569    -4.425
 7     0.756     0.380     0.534
 7    -0.569     0.783     0.250
 7    -0.323    -0.493     0.807
 8   124.214   -26.255    21.368
 8     0.506     0.486     0.714
 8    -0.110    -0.783     0.611
 8     0.855    -0.387    -0.342
 9   145.708   -13.190    30.946
 9     0.706    -0.304    -0.646
 9     0.695     0.463     0.547
 9     0.135    -0.833     0.533
 2    97.803   -18.801    59.112
 2     0.141    -0.990     0.006
 2     0.989     0.142     0.032
 2    -0.033     0.001     0.999
 3   132.015    -1.787     1.364
 3     0.531    -0.127    -0.838
 3     0.172     0.984    -0.039
 3     0.829    -0.125     0.544
 4   119.915    16.579    -4.546
 4     0.771    -0.602     0.209
 4     0.615     0.617    -0.490
 4     0.165     0.506     0.846
 5   126.238    24.732    23.501
 5     0.566    -0.659     0.497
 5    -0.012    -0.608    -0.793
 5     0.824     0.443    -0.351
 6   145.099    10.720    31.127
 6     0.718     0.168    -0.680
 6    -0.670     0.422    -0.609
 6     0.186     0.891     0.409
 7   116.495   -17.519    -4.425
 7     0.756     0.381     0.534
 7    -0.570     0.782     0.250
 7    -0.323    -0.493     0.807
 8   124.215   -26.204    21.368
 8     0.506     0.486     0.714
 8    -0.110    -0.783     0.611
 8     0.855    -0.387    -0.343
 9   145.708   -13.190    30.946
 9     0.705    -0.305    -0.646
 9     0.695     0.463     0.547
 9     0.135    -0.833     0.533
 2    97.803   -18.801    59.111
 2     0.141    -0.990     0.007
 2     0.989     0.142     0.032
 2    -0.033     0.002     0.999
 3   132.015    -1.787     1.364
 3     0.531    -0.126    -0.838
 3     0.172     0.984    -0.038
 3     0.829    -0.125     0.544
 4   119.920    16.581    -4.552
 4     0.770    -0.603     0.208
 4     0.615     0.617    -0.490
 4     0.167     0.505     0.846
 5   126.213    24.733    23.500
 5     0.566    -0.659     0.498
 5    -0.011    -0.608    -0.793
 5     0.824     0.443    -0.351
 6   145.099    10.720    31.128
 6     0.718     0.169    -0.680
 6    -0.670     0.422    -0.608
 6     0.186     0.890     0.409
 7   116.494   -17.519    -4.476
 7     0.755     0.381     0.534
 7    -0.570     0.782     0.249
 7    -0.323    -0.492     0.808
 8   124.214   -26.205    21.368
 8     0.505     0.487     0.714
 8    -0.110    -0.783     0.611
 8     0.855    -0.387    -0.342
 9   145.658   -13.190    30.946
 9     0.705    -0.305    -0.646
 9     0.695     0.463     0.547
 9     0.135    -0.833     0.533
 2    97.802   -18.801    59.162
 2     0.141    -0.990     0.007
 2     0.989     0.142     0.032
 2    -0.033     0.002     0.999
 3   132.020    -1.786     1.358
 3     0.531    -0.126    -0.838
 3     0.172     0.984    -0.038
 3     0.830    -0.125     0.544
 4   119.920    16.580    -4.552
 4     0.771    -0.603     0.208
 4     0.615     0.617    -0.490
 4     0.167     0.505     0.846
 5   126.213    24.733    23.500
 5     0.566    -0.659     0.498
 5    -0.011    -0.608    -0.793
 5     0.824     0.443    -0.351
 6   145.097    10.719    31.131
 6     0.718     0.170    -0.680
 6    -0.671     0.422    -0.608
 6     0.185     0.890     0.410
 7   116.494   -17.519    -4.476
 7     0.755     0.381     0.534
 7    -0.570     0.782     0.249
 7    -0.323    -0.492     0.807
 8   124.214   -26.205    21.368
 8     0.506     0.486     0.714
 8    -0.110    -0.783     0.611
 8     0.855    -0.387    -0.342
 9   145.658   -13.242    30.946
 9     0.706    -0.305    -0.645
 9     0.694     0.464     0.546
 9     0.135    -0.832     0.534
 2    97.803   -18.801    59.112
 2     0.142    -0.990     0.006
 2     0.989     0.142     0.032
 2    -0.033     0.001     0.999
 3   132.020    -1.786     1.358
 3     0.531    -0.125    -0.839
 3     0.172     0.984    -0.037
 3     0.830    -0.125     0.543
 4   119.920    16.631    -4.552
 4     0.770    -0.603     0.208
 4     0.615     0.617    -0.490
 4     0.167     0.505     0.846
 5   126.238    24.735    23.477
 5     0.566    -0.657     0.499
 5    -0.007    -0.607    -0.793
 5     0.824     0.446    -0.348
 6   145.454    11.416    31.018
 6     0.722     0.128    -0.684
 6    -0.671     0.363    -0.645
 6     0.168     0.923     0.342
 7   116.451   -17.637    -4.381
 7     0.751     0.382     0.539
 7    -0.566     0.792     0.229
 7    -0.339    -0.476     0.811
 8   124.194   -26.933    20.535
 8     0.490     0.494     0.719
 8    -0.159    -0.760     0.629
 8     0.856    -0.423    -0.294
 9   145.520   -14.188    29.958
 9     0.707    -0.270    -0.659
 9     0.697     0.407     0.587
 9     0.113    -0.873     0.470
 2    97.803   -18.801    59.111
 2     0.141    -0.990     0.007
 2     0.989     0.142     0.032
 2    -0.033     0.002     0.999
 3   131.976    -1.833     1.269
 3     0.526    -0.131    -0.840
 3     0.172     0.984    -0.045
 3     0.832    -0.122     0.540
 4   119.002    15.834    -5.167
 4     0.763    -0.609     0.220
 4     0.635     0.641    -0.430
 4     0.121     0.466     0.876
 5   127.963    26.838    20.814
 5     0.718    -0.481     0.505
 5     0.155    -0.595    -0.788
 5     0.678     0.644    -0.353
 6   145.246    12.286    18.745
 6     0.597     0.675    -0.441
 6    -0.769     0.324    -0.547
 6    -0.228     0.662     0.712
 7   115.200   -17.036    -4.947
 7     0.714     0.384     0.586
 7    -0.545     0.829     0.122
 7    -0.439    -0.406     0.801
 8   124.979   -30.909    16.966
 8     0.640     0.271     0.719
 8    -0.379    -0.703     0.601
 8     0.668    -0.658    -0.347
 9   142.412   -17.033     9.677
 9     0.597    -0.801    -0.045
 9     0.776     0.562     0.285
 9    -0.203    -0.205     0.957
 2    97.803   -18.801    59.111
 2     0.141    -0.990     0.007
 2     0.989     0.142     0.032
 2    -0.033     0.002     0.999
 3   131.176    -2.083     0.694
 3     0.547    -0.128    -0.827
 3     0.167     0.985    -0.040
 3     0.820    -0.117     0.560
 4   116.810    13.972    -7.073
 4     0.719    -0.641     0.270
 4     0.694     0.678    -0.240
 4    -0.029     0.359     0.932
 5   130.089    30.465    12.048
 5     0.874    -0.261     0.410
 5     0.304    -0.364    -0.880
 5     0.378     0.894    -0.239
 6   141.658    11.518     4.804
 6     0.202     0.970    -0.136
 6    -0.945     0.156    -0.288
 6    -0.258     0.186     0.948
 7   114.405   -16.093    -5.864
 7     0.692     0.360     0.626
 7    -0.485     0.874     0.034
 7    -0.535    -0.327     0.779
 8   126.128   -33.448    12.029
 8     0.717     0.213     0.664
 8    -0.471    -0.554     0.686
 8     0.513    -0.805    -0.298
 9   140.662   -16.254     2.034
 9     0.389    -0.911    -0.142
 9     0.893     0.335     0.297
 9    -0.224    -0.242     0.944
 2    97.803   -18.801    59.111
 2     0.141    -0.990     0.007
 2     0.989     0.142     0.032
 2    -0.033     0.002     0.999
 3   131.037    -1.982     0.353
 3     0.549    -0.135    -0.825
 3     0.173     0.984    -0.045
 3     0.817    -0.119     0.564
 4   116.154    12.945    -8.055
 4     0.707    -0.642     0.297
 4     0.695     0.708    -0.122
 4    -0.132     0.292     0.947
 5   131.475    32.011     5.068
 5     0.917    -0.172     0.360
 5     0.344    -0.115    -0.932
 5     0.202     0.978    -0.047
 6   141.088    10.248     0.862
 6     0.044     0.991    -0.123
 6    -0.997     0.035    -0.075
 6    -0.070     0.125     0.989
 7   114.107   -15.566    -6.349
 7     0.671     0.361     0.648
 7    -0.455     0.890    -0.024
 7    -0.585    -0.279     0.761
 8   126.505   -34.633     9.518
 8     0.736     0.198     0.647
 8    -0.508    -0.470     0.721
 8     0.446    -0.860    -0.246
 9   140.089   -16.110     0.892
 9     0.328    -0.921    -0.212
 9     0.924     0.266     0.271
 9    -0.195    -0.284     0.939
 2    97.803   -18.801    59.111
 2     0.141    -0.990     0.007
 2     0.989     0.142     0.032
 2    -0.033     0.002     0.999
 3   131.090    -2.214    -0.103
 3     0.551    -0.122    -0.825
 3     0.167     0.985    -0.034
 3     0.817    -0.119     0.563
 4   115.959    12.381    -8.522
 4     0.701    -0.647     0.301
 4     0.692     0.717    -0.072
 4    -0.169     0.258     0.951
 5   131.932    31.566     3.890
 5     0.925    -0.136     0.353
 5     0.343    -0.095    -0.934
 5     0.161     0.986    -0.042
 6   141.360     9.384    -0.024
 6     0.034     0.994    -0.102
 6    -0.999     0.029    -0.046
 6    -0.042     0.103     0.994
 7   113.811   -15.105    -6.672
 7     0.662     0.384     0.645
 7    -0.453     0.889    -0.063
 7    -0.597    -0.251     0.761
 8   126.823   -34.689     8.082
 8     0.756     0.197     0.624
 8    -0.510    -0.420     0.750
 8     0.410    -0.886    -0.218
 9   139.929   -14.803     0.326
 9     0.296    -0.935    -0.197
 9     0.946     0.259     0.189
 9    -0.127    -0.242     0.962
 2    97.827   -18.801    59.162
 2     0.141    -0.990     0.007
 2     0.989     0.142     0.032
 2    -0.033     0.002     0.999
 3   131.019    -2.157    -0.209
 3     0.544    -0.112    -0.832
 3     0.163     0.986    -0.025
 3     0.823    -0.122     0.555
 4   115.875    12.240    -8.850
 4     0.696    -0.653     0.302
 4     0.694     0.718    -0.048
 4    -0.186     0.242     0.952
 5   131.823    31.672     3.104
 5     0.921    -0.151     0.359
 5     0.353    -0.068    -0.933
 5     0.165     0.986    -0.010
 6   141.506     9.291     0.136
 6     0.043     0.992    -0.121
 6    -0.999     0.043    -0.010
 6    -0.005     0.121     0.992
 7   113.785   -14.832    -6.794
 7     0.663     0.388     0.641
 7    -0.444     0.892    -0.079
 7    -0.602    -0.232     0.763
 8   126.974   -34.848     7.498
 8     0.759     0.221     0.613
 8    -0.507    -0.390     0.768
 8     0.408    -0.894    -0.185
 9   139.847   -14.245     0.558
 9     0.278    -0.940    -0.199
 9     0.955     0.248     0.160
 9    -0.102    -0.234     0.967
 2    97.827   -18.801    59.162
 2     0.141    -0.990     0.007
 2     0.989     0.142     0.032
 2    -0.033     0.002     0.999
 3   130.886    -2.143    -0.203
 3     0.529    -0.104    -0.843
 3     0.165     0.986    -0.018
 3     0.832    -0.130     0.538
 4   115.860    12.134    -9.109
 4     0.692    -0.655     0.304
 4     0.695     0.717    -0.037
 4    -0.193     0.236     0.952
 5   131.774    31.730     2.512
 5     0.917    -0.170     0.360
 5     0.359    -0.042    -0.932
 5     0.173     0.984     0.022
 6   141.574     9.318     0.285
 6     0.043     0.990    -0.134
 6    -0.999     0.046     0.022
 6     0.029     0.133     0.990
 7   113.457   -14.412    -7.148
 7     0.660     0.412     0.629
 7    -0.443     0.888    -0.115
 7    -0.606    -0.203     0.768
 8   126.845   -34.953     6.277
 8     0.764     0.229     0.603
 8    -0.518    -0.339     0.785
 8     0.384    -0.912    -0.141
 9   139.820   -13.795     0.465
 9     0.265    -0.943    -0.202
 9     0.963     0.247     0.107
 9    -0.052    -0.222     0.974
 2    97.803   -18.801    59.112
 2     0.142    -0.990     0.006
 2     0.989     0.142     0.032
 2    -0.033     0.001     0.999
 3   130.731    -2.188    -0.224
 3     0.523    -0.101    -0.846
 3     0.165     0.986    -0.015
 3     0.836    -0.133     0.532
 4   115.850    12.101    -9.349
 4     0.697    -0.648     0.309
 4     0.688     0.723    -0.039
 4    -0.198     0.239     0.950
 5   131.850    31.681     2.556
 5     0.917    -0.168     0.361
 5     0.358    -0.049    -0.932
 5     0.174     0.984     0.015
 6   141.705     9.118     0.156
 6     0.045     0.991    -0.128
 6    -0.999     0.048     0.024
 6     0.030     0.126     0.991
 7   112.857   -14.380    -7.077
 7     0.648     0.418     0.637
 7    -0.446     0.885    -0.127
 7    -0.617    -0.202     0.760
 8   126.772   -34.974     5.941
 8     0.777     0.188     0.601
 8    -0.524    -0.336     0.782
 8     0.348    -0.923    -0.164
 9   139.884   -13.688    -0.281
 9     0.272    -0.945    -0.182
 9     0.961     0.258     0.094
 9    -0.043    -0.200     0.979
 2    97.828   -18.852    59.163
 2     0.142    -0.990     0.006
 2     0.989     0.142     0.032
 2    -0.033     0.001     0.999
 3   130.082    -2.304    -0.524
 3     0.535    -0.093    -0.840
 3     0.156     0.987    -0.009
 3     0.830    -0.127     0.543
 4   115.153    12.016    -9.490
 4     0.702    -0.627     0.339
 4     0.674     0.737    -0.031
 4    -0.230     0.250     0.940
 5   131.907    31.387     1.116
 5     0.929    -0.097     0.357
 5     0.355    -0.041    -0.934
 5     0.104     0.994    -0.004
 6   141.777     8.951    -1.276
 6     0.050     0.994    -0.097
 6    -0.998     0.053     0.030
 6     0.035     0.095     0.995
 7   112.268   -14.065    -7.174
 7     0.628     0.419     0.655
 7    -0.430     0.889    -0.156
 7    -0.648    -0.183     0.738
 8   127.279   -35.021     4.459
 8     0.804     0.117     0.582
 8    -0.528    -0.307     0.791
 8     0.271    -0.944    -0.186
 9   140.274   -13.126    -2.776
 9     0.248    -0.952    -0.180
 9     0.968     0.240     0.062
 9    -0.017    -0.190     0.982
 2    97.828   -18.801    59.163
 2     0.141    -0.990     0.006
 2     0.989     0.142     0.032
 2    -0.033     0.001     0.999
 3   130.142    -2.174    -0.615
 3     0.509    -0.095    -0.856
 3     0.172     0.985    -0.006
 3     0.843    -0.145     0.517
 4   115.176    11.952    -9.629
 4     0.702    -0.624     0.346
 4     0.669     0.742    -0.022
 4    -0.243     0.246     0.938
 5   132.055    31.375     0.717
 5     0.931    -0.085     0.354
 5     0.352    -0.035    -0.935
 5     0.092     0.996    -0.004
 6   141.880     8.821    -2.393
 6     0.039     0.995    -0.094
 6    -0.999     0.042     0.032
 6     0.036     0.092     0.995
 7   112.701   -13.997    -7.371
 7     0.633     0.402     0.662
 7    -0.397     0.902    -0.167
 7    -0.664    -0.157     0.730
 8   127.667   -35.409     3.218
 8     0.805     0.103     0.584
 8    -0.543    -0.267     0.795
 8     0.237    -0.958    -0.160
 9   140.561   -13.263    -3.274
 9     0.240    -0.950    -0.199
 9     0.970     0.235     0.048
 9    -0.001    -0.204     0.979
 2    97.803   -18.801    59.112
 2     0.142    -0.990     0.006
 2     0.989     0.142     0.032
 2    -0.033     0.001     0.999
 3   130.383    -1.990    -0.638
 3     0.503    -0.099    -0.859
 3     0.172     0.985    -0.011
 3     0.847    -0.143     0.512
 4   115.418    12.138    -9.709
 4     0.704    -0.622     0.344
 4     0.670     0.741    -0.034
 4    -0.234     0.254     0.938
 5   131.554    32.023     1.176
 5     0.919    -0.069     0.387
 5     0.382    -0.072    -0.921
 5     0.091     0.995    -0.041
 6   141.689    10.252    -2.986
 6     0.069     0.993    -0.089
 6    -0.997     0.067    -0.032
 6    -0.026     0.091     0.995
 7   112.877   -13.893    -7.299
 7     0.624     0.413     0.664
 7    -0.426     0.891    -0.154
 7    -0.655    -0.187     0.731
 8   124.365   -35.341     5.963
 8     0.711     0.024     0.703
 8    -0.638    -0.398     0.659
 8     0.295    -0.917    -0.268
 9   139.634   -18.367    -2.948
 9     0.421    -0.893    -0.159
 9     0.885     0.367     0.283
 9    -0.197    -0.259     0.946
 2    97.803   -18.801    59.111
 2     0.141    -0.990     0.007
 2     0.989     0.142     0.032
 2    -0.033     0.002     0.999
 3   130.458    -1.908    -0.538
 3     0.495    -0.092    -0.864
 3     0.170     0.985    -0.007
 3     0.852    -0.144     0.503
 4   115.706    12.301    -9.605
 4     0.704    -0.620     0.346
 4     0.682     0.725    -0.088
 4    -0.197     0.297     0.934
 5   128.889    32.265     5.293
 5     0.863     0.006     0.505
 5     0.484    -0.302    -0.822
 5     0.147     0.953    -0.264
 6   141.145    15.413    -3.592
 6     0.250     0.967    -0.049
 6    -0.911     0.218    -0.350
 6    -0.329     0.131     0.935
 7   113.152   -14.124    -7.165
 7     0.609     0.454     0.651
 7    -0.464     0.869    -0.171
 7    -0.643    -0.198     0.739
 8   121.488   -35.531     7.577
 8     0.601    -0.064     0.796
 8    -0.727    -0.457     0.512
 8     0.331    -0.887    -0.322
 9   138.334   -23.506    -2.908
 9     0.572    -0.820     0.025
 9     0.741     0.531     0.410
 9    -0.350    -0.215     0.912
 2    97.803   -18.801    59.112
 2     0.142    -0.990     0.006
 2     0.989     0.142     0.032
 2    -0.033     0.001     0.999
 3   130.794    -2.251    -0.489
 3     0.484    -0.071    -0.872
 3     0.172     0.985     0.015
 3     0.858    -0.158     0.488
 4   116.123    12.220    -9.693
 4     0.691    -0.634     0.350
 4     0.706     0.694    -0.137
 4    -0.156     0.340     0.927
 5   125.602    29.586    11.763
 5     0.749     0.305     0.589
 5     0.629    -0.605    -0.488
 5     0.207     0.735    -0.644
 6   135.981    24.621    -2.794
 6     0.368     0.884     0.288
 6    -0.522     0.452    -0.724
 6    -0.769     0.116     0.627
 7   112.929   -14.603    -6.822
 7     0.583     0.503     0.639
 7    -0.527     0.831    -0.174
 7    -0.619    -0.235     0.749
 8   118.954   -34.300    10.729
 8     0.511    -0.208     0.834
 8    -0.766    -0.551     0.331
 8     0.391    -0.808    -0.441
 9   136.174   -29.743    -0.755
 9     0.625    -0.776    -0.097
 9     0.454     0.263     0.850
 9    -0.635    -0.573     0.517
 2    97.828   -18.801    59.163
 2     0.142    -0.990     0.006
 2     0.989     0.142     0.032
 2    -0.033     0.001     0.999
 3   130.961    -2.733    -0.613
 3     0.482    -0.038    -0.875
 3     0.169     0.984     0.050
 3     0.859    -0.172     0.481
 4   116.119    12.277    -9.544
 4     0.667    -0.667     0.332
 4     0.737     0.654    -0.168
 4    -0.105     0.356     0.928
 5   122.369    28.169    14.419
 5     0.593     0.489     0.641
 5     0.751    -0.621    -0.222
 5     0.289     0.612    -0.734
 6   130.828    30.664    -0.365
 6     0.406     0.744     0.532
 6    -0.229     0.644    -0.729
 6    -0.885     0.174     0.430
 7   112.435   -15.051    -6.409
 7     0.556     0.581     0.596
 7    -0.592     0.778    -0.207
 7    -0.583    -0.238     0.776
 8   114.991   -33.830    12.024
 8     0.395    -0.222     0.891
 8    -0.798    -0.562     0.214
 8     0.454    -0.796    -0.399
 9   133.369   -32.360     1.500
 9     0.683    -0.730    -0.046
 9     0.358     0.283     0.889
 9    -0.636    -0.622     0.455
 2    97.803   -18.801    59.112
 2     0.141    -0.990     0.006
 2     0.989     0.142     0.032
 2    -0.033     0.001     0.999
 3   130.675    -2.926    -0.460
 3     0.495    -0.014    -0.869
 3     0.155     0.985     0.073
 3     0.855    -0.171     0.490
 4   115.858    12.714    -8.993
 4     0.641    -0.708     0.299
 4     0.767     0.601    -0.220
 4    -0.024     0.369     0.929
 5   119.864    27.494    16.289
 5     0.518     0.529     0.673
 5     0.782    -0.610    -0.122
 5     0.346     0.589    -0.729
 6   128.267    33.125     2.144
 6     0.465     0.659     0.594
 6    -0.088     0.699    -0.708
 6    -0.881     0.276     0.381
 7   112.066   -15.064    -6.174
 7     0.540     0.617     0.574
 7    -0.632     0.746    -0.207
 7    -0.556    -0.251     0.792
 8   113.636   -33.115    12.855
 8     0.347    -0.234     0.908
 8    -0.800    -0.579     0.157
 8     0.489    -0.781    -0.387
 9   132.724   -33.917     3.129
 9     0.719    -0.693    -0.071
 9     0.259     0.176     0.949
 9    -0.645    -0.699     0.306
 2    97.803   -18.801    59.112
 2     0.142    -0.990     0.006
 2     0.989     0.142     0.032
 2    -0.033     0.001     0.999
 3   130.397    -2.754    -0.541
 3     0.498    -0.015    -0.867
 3     0.147     0.987     0.067
 3     0.855    -0.161     0.493
 4   115.306    13.065    -8.842
 4     0.619    -0.726     0.301
 4     0.785     0.575    -0.227
 4    -0.008     0.376     0.926
 5   119.311    27.516    16.726
 5     0.499     0.547     0.674
 5     0.789    -0.606    -0.092
 5     0.358     0.577    -0.732
 6   127.365    34.216     2.666
 6     0.462     0.631     0.625
 6    -0.029     0.713    -0.699
 6    -0.886     0.304     0.346
 7   111.766   -14.706    -6.237
 7     0.533     0.614     0.583
 7    -0.621     0.751    -0.223
 7    -0.575    -0.243     0.781
 8   113.796   -32.989    12.355
 8     0.306    -0.268     0.914
 8    -0.823    -0.556     0.113
 8     0.478    -0.787    -0.390
 9   134.701   -36.972     4.667
 9     0.796    -0.602    -0.077
 9     0.060    -0.042     0.997
 9    -0.602    -0.798     0.001
 2    97.803   -18.751    59.111
 2     0.141    -0.990     0.007
 2     0.989     0.142     0.032
 2    -0.033     0.002     0.999
 3   130.459    -2.500    -0.612
 3     0.495    -0.017    -0.869
 3     0.138     0.988     0.060
 3     0.858    -0.150     0.491
 4   115.511    13.384    -8.709
 4     0.617    -0.729     0.297
 4     0.787     0.568    -0.241
 4     0.007     0.382     0.924
 5   119.132    27.460    17.003
 5     0.488     0.544     0.685
 5     0.787    -0.610    -0.076
 5     0.376     0.575    -0.725
 6   127.459    34.745     3.249
 6     0.472     0.641     0.608
 6    -0.007     0.690    -0.722
 6    -0.882     0.336     0.328
 7   112.061   -14.526    -6.294
 7     0.537     0.613     0.580
 7    -0.617     0.753    -0.225
 7    -0.575    -0.237     0.782
 8   113.952   -32.912    12.345
 8     0.304    -0.265     0.915
 8    -0.822    -0.558     0.111
 8     0.481    -0.787    -0.387
 9   134.800   -36.834     5.140
 9     0.803    -0.591    -0.078
 9     0.062    -0.041     0.997
 9    -0.592    -0.805     0.002
 2    97.803   -18.801    59.111
 2     0.141    -0.990     0.007
 2     0.989     0.142     0.032
 2    -0.033     0.002     0.999
 3   130.682    -2.382    -0.569
 3     0.476    -0.015    -0.879
 3     0.139     0.988     0.059
 3     0.868    -0.150     0.472
 4   115.700    13.465    -8.725
 4     0.617    -0.731     0.293
 4     0.786     0.566    -0.245
 4     0.013     0.381     0.924
 5   119.094    27.543    17.019
 5     0.480     0.542     0.692
 5     0.790    -0.607    -0.072
 5     0.381     0.581    -0.718
 6   127.454    35.200     3.320
 6     0.480     0.629     0.615
 6     0.012     0.693    -0.719
 6    -0.877     0.351     0.323
 7   112.152   -14.424    -6.358
 7     0.541     0.621     0.568
 7    -0.614     0.752    -0.238
 7    -0.574    -0.220     0.787
 8   113.613   -33.194    11.936
 8     0.292    -0.275     0.916
 8    -0.841    -0.529     0.109
 8     0.455    -0.803    -0.386
 9   134.976   -37.698     5.084
 9     0.823    -0.565    -0.063
 9     0.044    -0.042     0.998
 9    -0.566    -0.824    -0.012
 2    97.803   -18.801    59.112
 2     0.141    -0.990     0.006
 2     0.989     0.142     0.032
 2    -0.033     0.001     0.999
 3   130.665    -2.312    -0.375
 3     0.482    -0.021    -0.876
 3     0.136     0.989     0.052
 3     0.865    -0.145     0.480
 4   115.796    13.627    -8.677
 4     0.614    -0.736     0.288
 4     0.789     0.560    -0.251
 4     0.023     0.380     0.924
 5   118.724    27.562    17.261
 5     0.461     0.546     0.702
 5     0.795    -0.602    -0.054
 5     0.394     0.582    -0.710
 6   127.090    35.815     3.921
 6     0.492     0.617     0.617
 6     0.041     0.689    -0.722
 6    -0.870     0.379     0.312
 7   112.205   -14.376    -6.417
 7     0.547     0.610     0.574
 7    -0.602     0.762    -0.236
 7    -0.581    -0.217     0.783
 8   114.090   -33.532    11.826
 8     0.304    -0.282     0.910
 8    -0.848    -0.516     0.123
 8     0.435    -0.809    -0.395
 9   135.647   -38.049     5.055
 9     0.830    -0.557    -0.042
 9     0.031    -0.023     0.999
 9    -0.557    -0.830    -0.004
 2    97.803   -18.801    59.111
 2     0.141    -0.990     0.007
 2     0.989     0.142     0.032
 2    -0.033     0.002     0.999
 3   130.666    -2.180    -0.328
 3     0.500    -0.030    -0.866
 3     0.126     0.991     0.039
 3     0.856    -0.129     0.499
 4   115.816    13.765    -8.604
 4     0.608    -0.742     0.284
 4     0.793     0.552    -0.256
 4     0.033     0.380     0.924
 5   118.325    27.577    17.359
 5     0.443     0.546     0.713
 5     0.799    -0.598    -0.039
 5     0.405     0.587    -0.700
 6   126.872    36.298     4.285
 6     0.504     0.607     0.617
 6     0.058     0.687    -0.723
 6    -0.862     0.399     0.308
 7   112.303   -14.301    -6.413
 7     0.546     0.610     0.575
 7    -0.602     0.761    -0.237
 7    -0.582    -0.217     0.783
 8   114.015   -33.170    11.880
 8     0.286    -0.271     0.919
 8    -0.842    -0.528     0.106
 8     0.457    -0.805    -0.379
 9   135.770   -38.307     5.888
 9     0.844    -0.536    -0.033
 9     0.010    -0.041     0.999
 9    -0.536    -0.843    -0.031
 2    97.827   -18.801    59.162
 2     0.141    -0.990     0.007
 2     0.989     0.142     0.032
 2    -0.033     0.002     0.999
 3   130.719    -2.103    -0.309
 3     0.499    -0.033    -0.866
 3     0.125     0.991     0.035
 3     0.857    -0.127     0.498
 4   115.822    13.768    -8.587
 4     0.607    -0.744     0.282
 4     0.794     0.550    -0.257
 4     0.036     0.379     0.924
 5   118.351    27.576    17.358
 5     0.446     0.546     0.712
 5     0.798    -0.599    -0.040
 5     0.405     0.586    -0.701
 6   126.917    36.245     4.289
 6     0.502     0.608     0.617
 6     0.058     0.686    -0.724
 6    -0.863     0.399     0.307
 7   112.430   -14.249    -6.422
 7     0.547     0.615     0.569
 7    -0.604     0.759    -0.241
 7    -0.580    -0.212     0.786
 8   113.788   -33.176    11.807
 8     0.277    -0.269     0.923
 8    -0.845    -0.524     0.101
 8     0.457    -0.808    -0.372
 9   135.663   -38.351     5.971
 9     0.848    -0.530    -0.035
 9     0.008    -0.047     0.999
 9    -0.530    -0.847    -0.037
 2    97.803   -18.801    59.112
 2     0.142    -0.990     0.006
 2     0.989     0.142     0.032
 2    -0.033     0.001     0.999
 3   130.778    -2.092    -0.300
 3     0.487    -0.030    -0.873
 3     0.125     0.991     0.036
 3     0.864    -0.127     0.487
 4   115.984    13.824    -8.625
 4     0.605    -0.747     0.278
 4     0.795     0.548    -0.259
 4     0.041     0.376     0.925
 5   118.351    27.525    17.411
 5     0.445     0.544     0.714
 5     0.798    -0.599    -0.041
 5     0.405     0.588    -0.699
 6   127.015    36.327     4.377
 6     0.503     0.607     0.618
 6     0.063     0.684    -0.725
 6    -0.862     0.403     0.304
 7   112.608   -14.242    -6.394
 7     0.555     0.613     0.563
 7    -0.600     0.763    -0.240
 7    -0.576    -0.205     0.790
 8   114.296   -33.740    11.228
 8     0.310    -0.238     0.920
 8    -0.844    -0.514     0.152
 8     0.437    -0.824    -0.360
 9   137.084   -36.593     5.857
 9     0.862    -0.491    -0.135
 9     0.118    -0.058     0.991
 9    -0.493    -0.869     0.006
 2    97.803   -18.801    59.111
 2     0.141    -0.990     0.007
 2     0.989     0.142     0.032
 2    -0.033     0.002     0.999
 3   130.644    -2.056    -0.087
 3     0.505    -0.052    -0.862
 3     0.130     0.991     0.017
 3     0.853    -0.121     0.507
 4   115.910    13.754    -8.456
 4     0.622    -0.732     0.280
 4     0.782     0.568    -0.254
 4     0.027     0.376     0.926
 5   120.037    29.238    15.821
 5     0.565     0.423     0.709
 5     0.754    -0.611    -0.237
 5     0.333     0.668    -0.664
 6   131.842    30.985     2.073
 6     0.521     0.756     0.397
 6    -0.259     0.581    -0.771
 6    -0.813     0.299     0.497
 7   113.109   -14.703    -6.518
 7     0.605     0.521     0.603
 7    -0.526     0.829    -0.187
 7    -0.597    -0.204     0.775
 8   118.586   -36.011     8.476
 8     0.487    -0.045     0.872
 8    -0.783    -0.464     0.414
 8     0.385    -0.885    -0.261
 9   140.381   -28.245     3.562
 9     0.705    -0.549    -0.457
 9     0.609     0.141     0.777
 9    -0.361    -0.824     0.432
 2    97.827   -18.801    59.162
 2     0.141    -0.990     0.007
 2     0.989     0.142     0.032
 2    -0.033     0.002     0.999
 3   130.737    -1.963     0.015
 3     0.522    -0.101    -0.847
 3     0.154     0.988    -0.023
 3     0.838    -0.119     0.531
 4   115.715    13.478    -8.224
 4     0.663    -0.687     0.300
 4     0.748     0.613    -0.253
 4    -0.010     0.391     0.920
 5   124.497    32.440    10.648
 5     0.784     0.094     0.613
 5     0.581    -0.456    -0.674
 5     0.216     0.885    -0.412
 6   138.559    20.306    -0.389
 6     0.381     0.924    -0.022
 6    -0.783     0.311    -0.537
 6    -0.490     0.221     0.843
 7   113.824   -15.158    -6.368
 7     0.669     0.357     0.652
 7    -0.428     0.902    -0.054
 7    -0.608    -0.243     0.756
 8   124.967   -36.428     6.861
 8     0.697     0.063     0.714
 8    -0.644    -0.385     0.661
 8     0.316    -0.921    -0.228
 9   141.186   -19.404     0.193
 9     0.403    -0.862    -0.313
 9     0.882     0.275     0.377
 9    -0.241    -0.426     0.872
 2    97.803   -18.801    59.111
 2     0.141    -0.990     0.007
 2     0.989     0.142     0.032
 2    -0.033     0.002     0.999
 3   130.658    -2.036    -0.024
 3     0.547    -0.116    -0.829
 3     0.159     0.986    -0.032
 3     0.821    -0.115     0.558
 4   115.832    13.054    -8.312
 4     0.720    -0.626     0.302
 4     0.691     0.684    -0.231
 4    -0.062     0.374     0.925
 5   128.975    32.538     5.719
 5     0.884    -0.054     0.464
 5     0.443    -0.215    -0.870
 5     0.146     0.975    -0.167
 6   140.923    13.107    -0.513
 6     0.183     0.976    -0.121
 6    -0.968     0.157    -0.197
 6    -0.174     0.153     0.973
 7   113.298   -15.297    -6.383
 7     0.664     0.351     0.661
 7    -0.422     0.904    -0.056
 7    -0.618    -0.242     0.748
 8   126.473   -35.873     6.734
 8     0.761     0.137     0.635
 8    -0.555    -0.370     0.745
 8     0.336    -0.919    -0.206
 9   140.344   -16.140     0.260
 9     0.315    -0.940    -0.135
 9     0.933     0.281     0.223
 9    -0.173    -0.195     0.965
 2    97.803   -18.801    59.111
 2     0.141    -0.990     0.007
 2     0.989     0.142     0.032
 2    -0.033     0.002     0.999
 3   130.387    -2.564    -0.241
 3     0.568    -0.105    -0.817
 3     0.152     0.988    -0.021
 3     0.809    -0.113     0.576
 4   115.584    12.879    -8.277
 4     0.709    -0.642     0.292
 4     0.702     0.680    -0.211
 4    -0.063     0.353     0.933
 5   128.772    32.316     6.214
 5     0.879    -0.098     0.467
 5     0.440    -0.210    -0.873
 5     0.183     0.973    -0.142
 6   140.912    12.824     0.601
 6     0.192     0.970    -0.151
 6    -0.970     0.164    -0.181
 6    -0.151     0.180     0.972
 7   112.937   -15.368    -6.498
 7     0.646     0.377     0.665
 7    -0.439     0.894    -0.081
 7    -0.625    -0.240     0.743
 8   126.045   -35.488     7.196
 8     0.749     0.179     0.638
 8    -0.543    -0.387     0.745
 8     0.380    -0.905    -0.193
 9   140.134   -16.038     1.332
 9     0.333    -0.927    -0.178
 9     0.928     0.288     0.234
 9    -0.167    -0.242     0.956
 2    97.828   -18.801    59.163
 2     0.141    -0.990     0.006
 2     0.989     0.142     0.032
 2    -0.033     0.001     0.999
 3   130.409    -2.395    -0.391
 3     0.576    -0.112    -0.810
 3     0.151     0.988    -0.028
 3     0.803    -0.107     0.586
 4   115.356    13.014    -8.285
 4     0.694    -0.658     0.294
 4     0.717     0.665    -0.205
 4    -0.061     0.352     0.933
 5   128.241    32.641     6.740
 5     0.871    -0.114     0.478
 5     0.447    -0.220    -0.867
 5     0.203     0.969    -0.141
 6   140.696    13.348     1.283
 6     0.204     0.964    -0.172
 6    -0.965     0.168    -0.198
 6    -0.163     0.206     0.965
 7   112.921   -15.197    -6.559
 7     0.643     0.378     0.666
 7    -0.436     0.895    -0.087
 7    -0.630    -0.235     0.740
 8   125.926   -35.414     7.057
 8     0.743     0.186     0.643
 8    -0.548    -0.383     0.743
 8     0.384    -0.905    -0.183
 9   140.194   -15.960     1.408
 9     0.334    -0.924    -0.190
 9     0.927     0.287     0.236
 9    -0.165    -0.254     0.953
 2    97.803   -18.801    59.111
 2     0.141    -0.990     0.007
 2     0.989     0.142     0.032
 2    -0.033     0.002     0.999
 3   130.402    -2.194    -0.388
 3     0.578    -0.115    -0.808
 3     0.149     0.988    -0.033
 3     0.802    -0.101     0.588
 4   115.495    13.362    -8.016
 4     0.692    -0.662     0.289
 4     0.720     0.656    -0.225
 4    -0.041     0.363     0.930
 5   128.137    32.570     7.712
 5     0.865    -0.134     0.483
 5     0.442    -0.247    -0.862
 5     0.234     0.959    -0.155
 6   140.701    13.463     2.259
 6     0.214     0.959    -0.188
 6    -0.960     0.171    -0.220
 6    -0.179     0.227     0.957
 7   113.107   -15.015    -6.623
 7     0.644     0.383     0.663
 7    -0.440     0.893    -0.087
 7    -0.626    -0.236     0.743
 8   125.474   -35.174     7.546
 8     0.719     0.207     0.664
 8    -0.558    -0.398     0.727
 8     0.414    -0.894    -0.172
 9   140.494   -16.086     2.806
 9     0.365    -0.903    -0.229
 9     0.917     0.307     0.250
 9    -0.157    -0.301     0.941
 2    97.827   -18.801    59.162
 2     0.141    -0.990     0.007
 2     0.989     0.142     0.032
 2    -0.033     0.002     0.999
 3   130.720    -2.061    -0.262
 3     0.571    -0.121    -0.812
 3     0.147     0.988    -0.043
 3     0.807    -0.096     0.582
 4   115.883    13.455    -7.993
 4     0.693    -0.664     0.282
 4     0.720     0.650    -0.241
 4    -0.023     0.370     0.928
 5   128.322    32.473     8.309
 5     0.859    -0.168     0.483
 5     0.436    -0.253    -0.863
 5     0.267     0.953    -0.145
 6   140.929    13.291     3.278
 6     0.220     0.953    -0.207
 6    -0.960     0.174    -0.219
 6    -0.174     0.246     0.953
 7   113.464   -14.915    -6.765
 7     0.641     0.402     0.654
 7    -0.449     0.887    -0.104
 7    -0.622    -0.227     0.749
 8   125.010   -35.356     7.341
 8     0.693     0.224     0.686
 8    -0.578    -0.397     0.713
 8     0.431    -0.890    -0.146
 9   140.744   -16.729     3.383
 9     0.390    -0.886    -0.255
 9     0.911     0.331     0.242
 9    -0.132    -0.325     0.936
];