2  1298.82  -19.20  179.93  
   0.36  0.19  -0.91  
   -0.78  -0.47  -0.41  
   -0.50  0.86  -0.02  

3  1243.91  -36.17  2.23  
   -0.39  -0.03  -0.92  
   -0.08  -0.99  0.06  
   -0.92  0.10  0.38  

2  1299.72  -14.73  174.13  
   0.11  0.45  -0.89  
   -0.78  -0.51  -0.35  
   -0.61  0.73  0.29  

3  1245.69  -33.93  3.57  
   -0.38  -0.02  -0.92  
   -0.08  -0.99  0.06  
   -0.92  0.10  0.38  

2  1301.06  -20.98  174.13  
   -0.14  0.29  -0.95  
   -0.86  -0.51  -0.03  
   -0.49  0.81  0.32  

3  1245.69  -33.49  4.46  
   -0.40  -0.02  -0.92  
   -0.07  -1.00  0.06  
   -0.91  0.09  0.40  

2  1301.06  -24.56  179.04  
   -0.13  0.01  -0.99  
   -0.89  -0.45  0.11  
   -0.44  0.89  0.06  

3  1246.14  -33.93  4.91  
   -0.40  -0.03  -0.92  
   -0.07  -1.00  0.06  
   -0.92  0.09  0.39  

2  1298.82  -18.75  182.17  
   -0.03  -0.09  -1.00  
   -0.90  -0.42  0.07  
   -0.43  0.90  -0.07  

3  1245.24  -33.49  4.46  
   -0.39  -0.02  -0.92  
   -0.07  -1.00  0.06  
   -0.92  0.09  0.39  

2  1228.72  -43.76  -56.26  
   -0.52  -0.02  -0.85  
   -0.21  -0.96  0.16  
   -0.83  0.26  0.50  

3  1242.12  -33.93  3.57  
   -0.42  -0.03  -0.91  
   -0.08  -0.99  0.07  
   -0.91  0.10  0.41  

2  1233.19  -32.59  -52.24  
   -0.39  0.13  -0.91  
   -0.01  -0.99  -0.14  
   -0.92  -0.04  0.38  

3  1242.57  -34.83  3.57  
   -0.42  -0.03  -0.91  
   -0.08  -0.99  0.07  
   -0.91  0.10  0.41  

2  1222.92  -31.25  -58.94  
   -0.69  0.07  -0.72  
   0.06  -0.98  -0.16  
   -0.72  -0.16  0.67  

3  1242.57  -34.83  3.57  
   -0.42  -0.02  -0.91  
   -0.09  -0.99  0.06  
   -0.91  0.10  0.41  

2  1215.78  -41.08  -65.63  
   -0.80  -0.06  -0.60  
   0.00  -0.99  0.10  
   -0.60  0.08  0.79  

3  1242.57  -34.83  3.57  
   -0.42  -0.02  -0.91  
   -0.09  -0.99  0.06  
   -0.91  0.10  0.41  

2  1221.58  -52.69  -58.94  
   -0.66  -0.21  -0.72  
   -0.15  -0.90  0.40  
   -0.74  0.37  0.56  

3  1242.12  -35.27  3.57  
   -0.42  -0.02  -0.91  
   -0.08  -0.99  0.07  
   -0.91  0.10  0.41  

2  1086.74  -41.08  -151.36  
   -0.82  0.34  0.46  
   -0.31  -0.94  0.14  
   0.48  -0.02  0.88  

3  1258.64  -34.38  12.50  
   -0.29  -0.03  -0.96  
   -0.08  -0.99  0.06  
   -0.95  0.10  0.28  

2  1084.51  -27.68  -149.13  
   -0.86  0.02  0.51  
   -0.12  -0.98  -0.16  
   0.50  -0.20  0.84  

3  1259.09  -36.17  12.06  
   -0.29  -0.04  -0.96  
   -0.09  -0.99  0.06  
   -0.95  0.10  0.28  

2  1075.58  -35.72  -134.39  
   -0.54  0.06  0.84  
   -0.25  -0.96  -0.09  
   0.81  -0.26  0.53  

3  1259.09  -37.06  12.50  
   -0.28  -0.04  -0.96  
   -0.09  -0.99  0.07  
   -0.95  0.10  0.28  

2  1077.37  -51.35  -137.07  
   -0.53  0.34  0.77  
   -0.24  -0.94  0.25  
   0.81  -0.05  0.58  

3  1259.53  -36.61  12.50  
   -0.29  -0.04  -0.96  
   -0.09  -0.99  0.06  
   -0.95  0.11  0.28  

2  1086.30  -56.70  -143.77  
   -0.68  0.52  0.52  
   -0.33  -0.85  0.42  
   0.65  0.12  0.75  

3  1259.98  -37.06  12.06  
   -0.29  -0.03  -0.96  
   -0.09  -0.99  0.06  
   -0.95  0.11  0.28  

2  1151.93  -29.02  5.80  
   -0.70  0.25  0.67  
   -0.24  -0.96  0.12  
   0.67  -0.07  0.74  

3  1408.66  -22.77  86.17  
   0.14  -0.05  -0.99  
   -0.10  -0.99  0.03  
   -0.98  0.09  -0.15  

2  1151.48  -18.31  8.04  
   -0.70  -0.02  0.72  
   -0.16  -0.97  -0.18  
   0.70  -0.25  0.67  

3  1408.66  -24.11  86.62  
   0.14  -0.05  -0.99  
   -0.10  -0.99  0.03  
   -0.98  0.09  -0.15  

2  1146.57  -31.70  23.66  
   -0.40  0.15  0.91  
   -0.20  -0.98  0.07  
   0.90  -0.15  0.42  

3  1409.10  -23.66  86.62  
   0.14  -0.05  -0.99  
   -0.10  -0.99  0.03  
   -0.98  0.09  -0.15  

2  1147.91  -45.99  19.20  
   -0.37  0.43  0.82  
   -0.22  -0.90  0.37  
   0.90  -0.05  0.42  

3  1408.66  -25.45  85.72  
   0.14  -0.05  -0.99  
   -0.10  -0.99  0.04  
   -0.98  0.10  -0.15  

2  1153.27  -44.20  8.04  
   -0.59  0.50  0.63  
   -0.28  -0.86  0.42  
   0.76  0.07  0.65  

3  1408.66  -25.45  85.72  
   0.14  -0.06  -0.99  
   -0.11  -0.99  0.04  
   -0.98  0.10  -0.15  

2  1221.13  12.50  -43.76  
   -0.04  0.24  -0.97  
   -0.42  -0.88  -0.20  
   -0.91  0.40  0.13  

3  1228.28  -25.45  1.79  
   -0.44  -0.01  -0.90  
   -0.08  -1.00  0.05  
   -0.89  0.09  0.44  

2  1213.10  19.20  -50.01  
   -0.30  0.45  -0.84  
   -0.18  -0.89  -0.41  
   -0.93  0.03  0.35  

3  1227.39  -25.45  2.23  
   -0.45  -0.01  -0.90  
   -0.08  -1.00  0.05  
   -0.89  0.09  0.44  

2  1205.95  13.84  -58.04  
   -0.62  0.34  -0.71  
   -0.28  -0.94  -0.21  
   -0.74  0.07  0.67  

3  1227.39  -25.90  1.79  
   -0.44  -0.01  -0.90  
   -0.08  -1.00  0.05  
   -0.89  0.09  0.44  

2  1201.94  2.23  -63.40  
   -0.73  0.24  -0.64  
   -0.38  -0.92  0.09  
   -0.57  0.31  0.76  

3  1227.39  -25.90  1.79  
   -0.44  -0.01  -0.90  
   -0.08  -1.00  0.05  
   -0.89  0.09  0.44  

2  1207.29  -1.34  -59.83  
   -0.65  0.17  -0.74  
   -0.47  -0.86  0.21  
   -0.60  0.48  0.64  

3  1228.28  -25.00  1.34  
   -0.44  -0.01  -0.90  
   -0.08  -1.00  0.05  
   -0.89  0.09  0.44  

2  1201.49  127.25  -8.48  
   -0.11  -0.16  -0.98  
   0.00  -0.99  0.16  
   -0.99  0.01  0.11  

4  1105.05  164.75  -35.27  
   0.76  -0.55  0.33  
   0.64  0.58  -0.50  
   0.08  0.59  0.80  

2  1201.49  137.96  -6.25  
   -0.19  0.10  -0.98  
   0.25  -0.96  -0.15  
   -0.95  -0.28  0.16  

4  1104.60  164.31  -34.83  
   0.76  -0.56  0.33  
   0.64  0.58  -0.50  
   0.09  0.59  0.80  

2  1197.47  138.41  -12.95  
   -0.41  0.04  -0.91  
   0.26  -0.95  -0.16  
   -0.87  -0.31  0.38  

4  1104.60  164.75  -34.38  
   0.76  -0.56  0.33  
   0.65  0.58  -0.50  
   0.09  0.59  0.80  

2  1192.56  131.27  -19.65  
   -0.53  -0.15  -0.83  
   0.17  -0.98  0.07  
   -0.83  -0.10  0.55  

4  1105.05  165.20  -34.38  
   0.76  -0.56  0.33  
   0.65  0.58  -0.50  
   0.09  0.59  0.80  

2  1195.24  125.02  -16.07  
   -0.39  -0.25  -0.88  
   0.11  -0.97  0.22  
   -0.91  -0.01  0.41  

4  1105.05  166.09  -34.38  
   0.76  -0.56  0.33  
   0.65  0.58  -0.50  
   0.09  0.59  0.80  

2  1154.16  146.45  -79.03  
   -0.85  -0.13  -0.51  
   0.24  -0.96  -0.15  
   -0.47  -0.25  0.85  

4  1114.43  168.77  -33.49  
   0.78  -0.54  0.32  
   0.62  0.60  -0.51  
   0.08  0.60  0.80  

2  1151.93  159.84  -73.67  
   -0.85  -0.18  -0.49  
   0.42  -0.78  -0.46  
   -0.30  -0.60  0.74  

4  1113.53  168.32  -34.83  
   0.78  -0.54  0.32  
   0.62  0.59  -0.51  
   0.08  0.60  0.80  

2  1134.52  154.93  -83.05  
   -0.98  -0.18  0.00  
   0.17  -0.90  -0.39  
   0.07  -0.38  0.92  

4  1116.21  168.77  -36.61  
   0.78  -0.54  0.31  
   0.62  0.60  -0.51  
   0.09  0.59  0.80  

2  1131.39  144.66  -83.49  
   -0.99  -0.10  0.10  
   0.09  -0.98  -0.16  
   0.11  -0.15  0.98  

4  1117.10  169.22  -35.27  
   0.78  -0.55  0.30  
   0.62  0.60  -0.51  
   0.10  0.58  0.80  

2  1141.21  137.96  -83.49  
   -0.97  -0.14  -0.18  
   0.13  -0.99  0.07  
   -0.19  0.04  0.98  

4  1116.66  169.66  -34.38  
   0.78  -0.55  0.30  
   0.62  0.60  -0.51  
   0.10  0.59  0.80  

2  1105.05  209.85  2.23  
   0.01  0.94  0.34  
   0.26  0.32  -0.91  
   -0.97  0.10  -0.24  

4  1132.73  165.20  -34.38  
   0.79  -0.55  0.26  
   0.60  0.62  -0.51  
   0.12  0.56  0.82  

2  1098.80  209.40  0.00  
   -0.15  0.84  0.51  
   0.14  0.53  -0.83  
   -0.98  -0.05  -0.20  

4  1134.52  166.54  -34.38  
   0.80  -0.54  0.26  
   0.59  0.63  -0.51  
   0.11  0.56  0.82  

2  1095.23  210.74  -10.72  
   -0.06  0.79  0.61  
   -0.07  0.60  -0.80  
   -1.00  -0.09  0.02  

4  1134.52  167.43  -34.83  
   0.80  -0.54  0.26  
   0.59  0.63  -0.51  
   0.11  0.56  0.82  

2  1099.24  211.63  -19.65  
   0.07  0.81  0.58  
   -0.19  0.58  -0.79  
   -0.98  -0.05  0.19  

4  1135.41  169.22  -34.38  
   0.81  -0.53  0.26  
   0.58  0.64  -0.51  
   0.11  0.56  0.82  

2  1115.76  217.88  -17.41  
   0.26  0.95  0.19  
   -0.13  0.23  -0.96  
   -0.96  0.23  0.18  

4  1135.86  169.22  -33.93  
   0.81  -0.53  0.25  
   0.57  0.64  -0.51  
   0.11  0.56  0.82  

2  1040.76  63.40  -54.47  
   0.04  0.89  0.45  
   -0.99  0.09  -0.08  
   -0.11  -0.44  0.89  

4  1143.00  176.36  -26.79  
   0.79  -0.55  0.25  
   0.59  0.61  -0.53  
   0.14  0.57  0.81  

2  1026.91  63.85  -38.40  
   -0.15  0.53  0.84  
   -0.99  -0.04  -0.15  
   -0.04  -0.85  0.53  

4  1142.55  175.91  -27.24  
   0.79  -0.55  0.25  
   0.59  0.61  -0.53  
   0.14  0.57  0.81  

2  1029.59  40.63  -41.08  
   0.25  0.50  0.83  
   -0.96  -0.02  0.29  
   0.16  -0.87  0.47  

4  1142.55  175.47  -28.13  
   0.79  -0.55  0.25  
   0.59  0.61  -0.53  
   0.14  0.57  0.81  

2  1037.18  49.56  -54.47  
   0.17  0.79  0.59  
   -0.98  0.07  0.19  
   0.10  -0.61  0.78  

4  1142.55  175.47  -28.13  
   0.79  -0.55  0.25  
   0.59  0.61  -0.53  
   0.14  0.57  0.81  

2  1039.86  61.17  -55.36  
   0.06  0.87  0.50  
   -0.99  0.11  -0.08  
   -0.13  -0.49  0.86  

4  1143.00  175.47  -28.13  
   0.79  -0.55  0.25  
   0.59  0.61  -0.53  
   0.14  0.57  0.81  

2  1055.94  135.73  104.92  
   -0.34  0.76  0.56  
   -0.34  0.45  -0.82  
   -0.88  -0.47  0.10  

4  1203.28  148.23  -46.88  
   0.86  -0.49  0.12  
   0.48  0.74  -0.46  
   0.14  0.46  0.88  

2  1046.56  121.89  105.37  
   -0.36  0.46  0.81  
   -0.63  0.52  -0.58  
   -0.69  -0.72  0.10  

4  1202.38  148.68  -45.99  
   0.86  -0.49  0.12  
   0.48  0.74  -0.46  
   0.14  0.46  0.88  

2  1046.11  112.07  125.46  
   -0.40  -0.05  0.92  
   -0.79  0.53  -0.31  
   -0.47  -0.84  -0.25  

4  1200.60  150.91  -46.43  
   0.86  -0.49  0.12  
   0.49  0.74  -0.47  
   0.14  0.46  0.88  

2  1047.45  127.69  127.25  
   -0.64  0.19  0.74  
   -0.49  0.64  -0.59  
   -0.59  -0.74  -0.32  

4  1200.60  150.91  -46.43  
   0.86  -0.49  0.12  
   0.49  0.74  -0.47  
   0.14  0.46  0.88  

2  1054.60  134.84  122.78  
   -0.66  0.54  0.52  
   -0.19  0.55  -0.81  
   -0.72  -0.64  -0.27  

4  1200.60  150.02  -46.88  
   0.86  -0.49  0.12  
   0.48  0.74  -0.47  
   0.14  0.46  0.88  

2  1139.87  302.27  252.71  
   -0.72  0.68  0.11  
   -0.34  -0.21  -0.92  
   -0.60  -0.70  0.39  

5  1116.21  221.90  263.43  
   -0.29  -0.16  0.94  
   -0.50  0.86  -0.01  
   -0.81  -0.48  -0.33  

2  1122.46  303.16  265.21  
   -0.84  0.17  0.52  
   -0.52  0.04  -0.85  
   -0.17  -0.98  0.06  

5  1116.21  221.90  261.64  
   -0.28  -0.17  0.94  
   -0.51  0.86  0.00  
   -0.81  -0.48  -0.33  

2  1113.98  290.21  251.82  
   -0.50  0.27  0.83  
   -0.87  -0.10  -0.49  
   -0.05  -0.96  0.28  

5  1115.32  223.24  260.75  
   -0.28  -0.17  0.94  
   -0.51  0.86  0.00  
   -0.81  -0.48  -0.33  

2  1123.80  286.64  230.83  
   -0.38  0.65  0.65  
   -0.90  -0.10  -0.43  
   -0.22  -0.75  0.62  

5  1116.66  224.58  259.85  
   -0.29  -0.16  0.94  
   -0.51  0.86  -0.01  
   -0.81  -0.48  -0.33  

2  1133.62  296.91  232.17  
   -0.49  0.80  0.34  
   -0.72  -0.15  -0.68  
   -0.49  -0.58  0.65  

5  1115.76  224.14  259.41  
   -0.29  -0.16  0.95  
   -0.51  0.86  -0.01  
   -0.81  -0.49  -0.32  

2  1169.79  196.90  303.16  
   -0.23  -0.82  -0.52  
   -0.69  -0.24  0.68  
   -0.68  0.52  -0.51  

5  1104.16  244.23  241.55  
   -0.25  -0.05  0.97  
   -0.59  0.80  -0.11  
   -0.77  -0.60  -0.22  

2  1161.31  199.58  311.20  
   -0.01  -0.93  -0.36  
   -0.82  -0.20  0.53  
   -0.57  0.30  -0.77  

5  1101.92  244.67  241.10  
   -0.24  -0.05  0.97  
   -0.60  0.80  -0.11  
   -0.77  -0.60  -0.22  

2  1143.89  196.45  311.20  
   -0.34  -0.94  -0.06  
   -0.73  0.23  0.64  
   -0.59  0.26  -0.77  

5  1100.14  244.67  239.76  
   -0.23  -0.04  0.97  
   -0.60  0.80  -0.11  
   -0.77  -0.61  -0.21  

2  1135.86  197.79  313.88  
   -0.66  -0.74  0.15  
   -0.51  0.57  0.64  
   -0.56  0.35  -0.75  

5  1100.14  244.67  239.32  
   -0.23  -0.04  0.97  
   -0.60  0.79  -0.11  
   -0.77  -0.61  -0.21  

2  1159.52  198.24  302.27  
   -0.35  -0.81  -0.46  
   -0.71  -0.09  0.69  
   -0.61  0.57  -0.55  

5  1098.35  246.01  239.32  
   -0.23  -0.05  0.97  
   -0.60  0.79  -0.10  
   -0.76  -0.61  -0.21  

2  1359.54  337.10  248.69  
   -0.35  0.68  -0.65  
   -0.94  -0.20  0.29  
   0.07  0.71  0.70  

6  1290.79  389.33  279.95  
   0.92  -0.15  0.36  
   0.39  0.32  -0.86  
   0.02  0.94  0.35  

2  1351.51  350.94  233.06  
   -0.38  0.85  -0.36  
   -0.89  -0.45  -0.13  
   -0.27  0.27  0.92  

6  1292.57  387.10  275.93  
   0.92  -0.13  0.36  
   0.39  0.32  -0.87  
   -0.00  0.94  0.35  

2  1343.47  329.51  231.73  
   -0.47  0.86  -0.17  
   -0.84  -0.38  0.38  
   0.26  0.32  0.91  

6  1292.13  387.10  276.82  
   0.92  -0.13  0.36  
   0.38  0.31  -0.87  
   -0.00  0.94  0.34  

2  1350.62  318.79  249.14  
   -0.52  0.73  -0.44  
   -0.69  -0.05  0.72  
   0.51  0.68  0.53  

6  1290.79  387.55  275.93  
   0.92  -0.12  0.36  
   0.38  0.31  -0.87  
   -0.01  0.94  0.33  

2  1359.99  325.04  249.58  
   -0.52  0.54  -0.66  
   -0.79  -0.01  0.61  
   0.32  0.84  0.43  

6  1290.79  387.99  274.59  
   0.92  -0.12  0.37  
   0.39  0.31  -0.87  
   -0.01  0.94  0.33  

2  1328.29  397.82  340.67  
   0.98  -0.13  0.15  
   -0.02  -0.82  -0.58  
   0.19  0.56  -0.80  

6  1301.06  380.40  265.66  
   0.92  -0.21  0.32  
   0.38  0.44  -0.82  
   0.03  0.88  0.48  

2  1322.93  401.39  332.18  
   0.90  0.25  0.36  
   0.44  -0.52  -0.73  
   0.00  0.82  -0.58  

6  1305.52  376.83  261.19  
   0.93  -0.19  0.32  
   0.38  0.44  -0.82  
   0.01  0.88  0.48  

2  1329.18  409.43  317.00  
   0.92  0.35  0.16  
   0.23  -0.17  -0.96  
   -0.31  0.92  -0.24  

6  1305.07  375.94  261.19  
   0.93  -0.19  0.32  
   0.37  0.44  -0.82  
   0.01  0.88  0.47  

2  1339.45  408.53  314.32  
   0.97  0.20  -0.17  
   -0.11  -0.29  -0.95  
   -0.24  0.94  -0.26  

6  1302.84  377.73  261.64  
   0.93  -0.18  0.33  
   0.38  0.43  -0.82  
   0.01  0.88  0.47  

2  1343.02  398.71  327.72  
   0.98  0.01  -0.22  
   -0.15  -0.72  -0.68  
   -0.16  0.69  -0.70  

6  1301.50  378.62  261.64  
   0.93  -0.18  0.33  
   0.38  0.43  -0.82  
   0.01  0.88  0.47  

2  1222.92  -44.20  -61.17  
   0.19  -0.76  -0.62  
   0.92  -0.09  0.39  
   -0.36  -0.64  0.68  

3  1246.14  -19.65  11.16  
   -0.39  -0.05  -0.92  
   0.03  -1.00  0.04  
   -0.92  -0.01  0.39  

2  1237.21  -39.74  -50.01  
   0.17  -0.49  -0.85  
   0.98  0.10  0.14  
   0.01  -0.87  0.50  

3  1247.48  -20.54  11.61  
   -0.39  -0.04  -0.92  
   0.03  -1.00  0.04  
   -0.92  -0.01  0.39  

2  1233.64  -29.47  -46.88  
   -0.11  -0.58  -0.81  
   0.89  0.31  -0.33  
   0.44  -0.76  0.48  

3  1247.92  -22.32  12.06  
   -0.39  -0.04  -0.92  
   0.02  -1.00  0.04  
   -0.92  0.00  0.39  

2  1224.26  -33.49  -62.51  
   -0.01  -0.78  -0.63  
   0.98  0.10  -0.14  
   0.17  -0.62  0.76  

3  1247.92  -23.22  12.06  
   -0.39  -0.04  -0.92  
   0.01  -1.00  0.04  
   -0.92  0.00  0.39  

2  1218.46  -47.77  -65.63  
   0.07  -0.87  -0.49  
   0.97  -0.06  0.24  
   -0.24  -0.49  0.84  

3  1247.48  -24.11  11.61  
   -0.39  -0.05  -0.92  
   0.01  -1.00  0.04  
   -0.92  0.01  0.39  

2  1221.13  -182.61  -12.95  
   0.02  -0.24  -0.97  
   0.28  -0.93  0.24  
   -0.96  -0.27  0.05  

7  1117.10  -217.88  -45.54  
   0.73  0.62  0.29  
   -0.66  0.55  0.51  
   0.16  -0.57  0.81  

2  1221.13  -174.13  -17.41  
   -0.25  -0.01  -0.97  
   0.41  -0.90  -0.10  
   -0.87  -0.43  0.23  

7  1117.55  -217.88  -45.54  
   0.73  0.62  0.29  
   -0.66  0.55  0.51  
   0.16  -0.57  0.81  

2  1207.74  -175.02  -30.36  
   -0.69  -0.14  -0.71  
   0.29  -0.95  -0.09  
   -0.66  -0.27  0.70  

7  1119.34  -218.33  -45.99  
   0.73  0.62  0.29  
   -0.66  0.55  0.51  
   0.16  -0.57  0.81  

2  1206.85  -183.95  -24.56  
   -0.66  -0.33  -0.68  
   0.21  -0.94  0.25  
   -0.72  0.02  0.69  

7  1119.34  -218.78  -45.09  
   0.73  0.62  0.28  
   -0.66  0.55  0.51  
   0.16  -0.56  0.81  

2  1213.10  -191.54  -20.54  
   -0.45  -0.41  -0.79  
   0.07  -0.90  0.43  
   -0.89  0.14  0.44  

7  1120.23  -219.67  -45.09  
   0.73  0.62  0.28  
   -0.66  0.55  0.51  
   0.16  -0.56  0.81  

2  1147.02  -199.13  -89.74  
   -0.33  -0.91  -0.24  
   0.65  -0.41  0.64  
   -0.68  0.06  0.73  

7  1106.39  -204.94  -50.45  
   0.74  0.59  0.33  
   -0.66  0.56  0.50  
   0.11  -0.58  0.80  

2  1173.81  -187.97  -79.92  
   -0.03  -0.73  -0.68  
   0.75  -0.47  0.47  
   -0.66  -0.49  0.56  

7  1109.96  -204.94  -51.35  
   0.75  0.59  0.31  
   -0.66  0.57  0.49  
   0.11  -0.57  0.81  

2  1163.54  -176.36  -87.06  
   -0.31  -0.81  -0.50  
   0.90  -0.42  0.13  
   -0.31  -0.41  0.86  

7  1110.85  -205.38  -51.35  
   0.74  0.59  0.32  
   -0.66  0.57  0.49  
   0.11  -0.57  0.81  

2  1144.79  -179.93  -98.23  
   -0.47  -0.88  -0.03  
   0.87  -0.47  0.17  
   -0.16  0.05  0.99  

7  1111.30  -206.28  -52.24  
   0.74  0.59  0.32  
   -0.66  0.57  0.49  
   0.11  -0.57  0.81  

2  1144.34  -195.11  -96.89  
   -0.40  -0.92  -0.01  
   0.79  -0.35  0.50  
   -0.46  0.19  0.87  

7  1111.75  -207.17  -51.79  
   0.74  0.59  0.31  
   -0.66  0.57  0.49  
   0.11  -0.57  0.81  

2  1084.51  -250.03  -8.48  
   0.03  -0.74  0.68  
   -0.37  0.62  0.69  
   -0.93  -0.27  -0.25  

7  1122.46  -210.29  -48.22  
   0.74  0.63  0.25  
   -0.65  0.56  0.51  
   0.18  -0.54  0.82  

2  1095.67  -259.41  -9.38  
   0.43  -0.83  0.36  
   -0.36  0.21  0.91  
   -0.82  -0.53  -0.21  

7  1121.57  -211.63  -46.88  
   0.73  0.64  0.26  
   -0.66  0.55  0.52  
   0.19  -0.55  0.82  

2  1103.71  -258.07  -26.34  
   0.54  -0.82  0.18  
   0.06  0.25  0.97  
   -0.84  -0.52  0.19  

7  1120.68  -212.53  -46.88  
   0.73  0.63  0.27  
   -0.66  0.54  0.52  
   0.18  -0.55  0.81  

2  1096.12  -246.91  -40.63  
   0.47  -0.81  0.36  
   0.31  0.53  0.79  
   -0.83  -0.25  0.50  

7  1121.57  -212.53  -46.43  
   0.73  0.63  0.27  
   -0.66  0.54  0.52  
   0.18  -0.56  0.81  

2  1082.72  -246.01  -35.27  
   0.28  -0.70  0.66  
   0.23  0.71  0.66  
   -0.93  -0.04  0.36  

7  1120.68  -212.53  -45.54  
   0.73  0.63  0.27  
   -0.66  0.54  0.53  
   0.19  -0.56  0.80  

2  1169.79  -97.33  -72.33  
   0.49  0.06  0.87  
   0.10  0.99  -0.13  
   -0.86  0.16  0.48  

7  1283.20  -219.22  -34.83  
   0.71  0.69  -0.15  
   -0.53  0.66  0.53  
   0.46  -0.30  0.84  

2  1165.32  -120.55  -68.76  
   0.41  -0.22  0.88  
   -0.09  0.96  0.28  
   -0.91  -0.19  0.37  

7  1283.20  -219.22  -35.27  
   0.71  0.69  -0.15  
   -0.53  0.66  0.53  
   0.46  -0.30  0.84  

2  1175.59  -123.23  -81.71  
   0.72  -0.29  0.63  
   0.02  0.92  0.40  
   -0.69  -0.27  0.67  

7  1282.75  -219.22  -35.72  
   0.71  0.69  -0.15  
   -0.53  0.66  0.53  
   0.46  -0.30  0.84  

2  1181.40  -110.28  -86.17  
   0.86  -0.23  0.46  
   0.16  0.97  0.19  
   -0.49  -0.09  0.86  

7  1282.75  -218.78  -35.27  
   0.71  0.69  -0.15  
   -0.53  0.66  0.53  
   0.46  -0.30  0.84  

2  1176.49  -96.44  -82.60  
   0.81  -0.10  0.57  
   0.20  0.97  -0.12  
   -0.55  0.21  0.81  

7  1282.75  -218.78  -35.27  
   0.71  0.69  -0.15  
   -0.53  0.66  0.53  
   0.46  -0.30  0.84  

2  1081.39  -141.09  78.58  
   -0.17  -0.02  0.98  
   0.32  0.94  0.07  
   -0.93  0.33  -0.16  

7  1258.64  -212.53  -41.52  
   0.67  0.73  -0.11  
   -0.58  0.61  0.54  
   0.46  -0.30  0.84  

2  1087.19  -168.77  69.21  
   -0.02  -0.54  0.84  
   -0.07  0.84  0.54  
   -1.00  -0.05  -0.05  

7  1258.64  -212.08  -41.52  
   0.67  0.73  -0.11  
   -0.58  0.61  0.54  
   0.46  -0.30  0.84  

2  1091.65  -161.63  48.67  
   0.35  -0.63  0.69  
   0.24  0.77  0.59  
   -0.91  -0.04  0.42  

7  1258.64  -212.08  -41.97  
   0.67  0.73  -0.11  
   -0.58  0.61  0.54  
   0.46  -0.30  0.84  

2  1088.53  -142.43  45.99  
   0.42  -0.42  0.80  
   0.46  0.86  0.22  
   -0.78  0.28  0.55  

7  1258.64  -212.08  -41.52  
   0.67  0.73  -0.11  
   -0.58  0.61  0.54  
   0.46  -0.30  0.84  

2  1083.17  -130.37  58.49  
   0.31  -0.15  0.94  
   0.51  0.86  -0.03  
   -0.80  0.49  0.34  

7  1258.64  -211.63  -41.08  
   0.67  0.73  -0.11  
   -0.58  0.61  0.54  
   0.46  -0.30  0.84  

2  1161.75  -346.03  267.89  
   -0.20  -0.96  0.22  
   0.01  0.22  0.97  
   -0.98  0.19  -0.04  

8  1124.69  -286.64  245.12  
   -0.34  -0.44  0.83  
   0.28  0.79  0.54  
   -0.90  0.42  -0.14  

2  1175.59  -346.47  261.64  
   0.11  -0.99  -0.08  
   0.04  -0.08  1.00  
   -0.99  -0.11  0.03  

8  1124.69  -286.64  245.57  
   -0.34  -0.43  0.84  
   0.29  0.80  0.53  
   -0.90  0.42  -0.15  

2  1176.49  -339.33  243.33  
   0.16  -0.98  -0.12  
   0.44  -0.04  0.90  
   -0.88  -0.19  0.43  

8  1126.03  -287.09  244.67  
   -0.34  -0.43  0.84  
   0.29  0.80  0.52  
   -0.89  0.42  -0.15  

2  1161.31  -340.22  239.76  
   -0.04  -0.97  0.22  
   0.63  0.15  0.76  
   -0.77  0.17  0.61  

8  1125.14  -289.32  244.23  
   -0.34  -0.41  0.85  
   0.30  0.80  0.51  
   -0.89  0.43  -0.14  

2  1149.70  -346.47  248.69  
   -0.15  -0.86  0.48  
   0.52  0.35  0.78  
   -0.84  0.36  0.40  

8  1125.14  -289.32  245.12  
   -0.33  -0.41  0.85  
   0.30  0.80  0.51  
   -0.89  0.43  -0.14  

2  1156.84  -250.92  314.32  
   0.09  0.91  0.41  
   0.75  0.21  -0.62  
   -0.65  0.36  -0.66  

8  1137.20  -319.68  233.96  
   -0.37  -0.45  0.81  
   0.37  0.73  0.57  
   -0.85  0.51  -0.10  

2  1169.79  -247.80  317.45  
   0.33  0.93  0.14  
   0.73  -0.16  -0.66  
   -0.60  0.32  -0.74  

8  1135.41  -318.34  234.40  
   -0.36  -0.43  0.83  
   0.38  0.74  0.55  
   -0.85  0.52  -0.11  

2  1153.27  -255.84  321.02  
   0.03  0.90  0.43  
   0.84  0.21  -0.50  
   -0.54  0.38  -0.75  

8  1134.96  -318.79  234.85  
   -0.36  -0.43  0.83  
   0.38  0.74  0.55  
   -0.85  0.52  -0.10  

2  1143.00  -254.50  309.41  
   0.11  0.66  0.75  
   0.74  0.45  -0.50  
   -0.67  0.60  -0.44  

8  1134.96  -319.68  234.40  
   -0.36  -0.44  0.82  
   0.39  0.73  0.56  
   -0.85  0.52  -0.09  

2  1156.39  -238.87  308.07  
   0.47  0.76  0.45  
   0.55  0.14  -0.82  
   -0.69  0.63  -0.36  

8  1134.96  -319.24  235.74  
   -0.36  -0.44  0.82  
   0.40  0.73  0.56  
   -0.85  0.53  -0.09  

2  1401.07  -263.43  241.55  
   0.81  -0.51  0.28  
   0.55  0.51  -0.66  
   0.19  0.69  0.70  

9  1380.98  -348.70  276.82  
   1.00  0.01  -0.01  
   0.01  0.33  0.94  
   0.01  -0.94  0.33  

2  1410.00  -274.14  225.03  
   0.93  -0.34  0.09  
   0.35  0.87  -0.33  
   0.03  0.34  0.94  

9  1382.76  -347.81  275.48  
   1.00  0.01  -0.01  
   0.01  0.34  0.94  
   0.01  -0.94  0.34  

2  1418.03  -272.36  230.39  
   0.89  -0.40  -0.21  
   0.25  0.82  -0.52  
   0.38  0.41  0.83  

9  1382.76  -347.81  274.59  
   1.00  0.00  -0.01  
   0.01  0.33  0.94  
   0.01  -0.94  0.33  

2  1415.36  -263.87  244.67  
   0.86  -0.48  -0.20  
   0.16  0.61  -0.78  
   0.49  0.64  0.59  

9  1381.87  -349.15  274.14  
   1.00  0.00  -0.01  
   0.01  0.33  0.94  
   0.01  -0.94  0.33  

2  1410.44  -255.39  255.39  
   0.87  -0.48  0.07  
   0.21  0.25  -0.94  
   0.44  0.84  0.33  

9  1382.32  -350.04  271.91  
   1.00  -0.00  -0.01  
   0.01  0.33  0.94  
   -0.00  -0.94  0.33  

2  1343.92  -421.48  335.76  
   -0.89  -0.38  0.23  
   0.08  0.38  0.92  
   -0.44  0.84  -0.31  

9  1351.51  -370.14  295.13  
   0.96  0.29  -0.07  
   -0.21  0.82  0.53  
   0.21  -0.49  0.85  

2  1351.95  -424.16  325.49  
   -0.71  -0.70  -0.00  
   0.01  -0.01  1.00  
   -0.70  0.71  0.01  

9  1349.72  -373.26  294.68  
   0.95  0.29  -0.06  
   -0.22  0.82  0.53  
   0.20  -0.50  0.84  

2  1347.49  -432.20  310.75  
   -0.70  -0.71  0.04  
   0.23  -0.16  0.96  
   -0.68  0.68  0.27  

9  1347.49  -377.28  294.68  
   0.95  0.30  -0.05  
   -0.23  0.81  0.53  
   0.20  -0.50  0.85  

2  1336.77  -430.86  316.56  
   -0.74  -0.60  0.31  
   0.33  0.07  0.94  
   -0.58  0.80  0.15  

9  1346.15  -379.07  295.57  
   0.95  0.31  -0.04  
   -0.24  0.81  0.54  
   0.20  -0.50  0.84  

2  1332.31  -430.86  326.83  
   -0.80  -0.46  0.39  
   0.28  0.28  0.92  
   -0.53  0.84  -0.10  

9  1345.26  -379.51  293.79  
   0.95  0.31  -0.03  
   -0.24  0.80  0.54  
   0.19  -0.51  0.84  

