% Calibrated with leiden_pols
% Positions are in centimeters
Data =[
 2    95.962   -19.314    59.899
 2    -0.444    -0.891    -0.094
 2     0.864    -0.453     0.217
 2    -0.237     0.015     0.971
 3   132.680    -5.328     5.093
 3     0.455    -0.028    -0.890
 3     0.235     0.968     0.090
 3     0.859    -0.250     0.446
 4   119.339     7.847    -5.130
 4     0.729    -0.563     0.388
 4     0.622     0.782    -0.034
 4    -0.285     0.266     0.921
 5   124.004    17.102     9.671
 5     0.493    -0.756     0.430
 5     0.051    -0.468    -0.882
 5     0.868     0.457    -0.192
 6   139.157    19.567    32.821
 6     0.436    -0.578    -0.690
 6     0.032     0.776    -0.630
 6     0.899     0.252     0.357
 7   120.005   -21.862    -1.971
 7     0.780     0.588     0.215
 7    -0.620     0.772     0.140
 7    -0.084    -0.243     0.966
 8   123.275   -23.561    19.271
 8     0.633     0.215     0.743
 8    -0.060    -0.944     0.324
 8     0.772    -0.250    -0.585
 9   134.474   -26.787    34.546
 9     0.667     0.662     0.342
 9    -0.005    -0.454     0.891
 9     0.745    -0.596    -0.300
 2    95.962   -19.314    59.899
 2    -0.444    -0.891    -0.094
 2     0.864    -0.453     0.217
 2    -0.237     0.015     0.971
 3   132.625    -5.332     5.098
 3     0.458    -0.027    -0.888
 3     0.232     0.968     0.091
 3     0.858    -0.248     0.450
 4   119.345     8.028    -5.043
 4     0.730    -0.562     0.388
 4     0.623     0.781    -0.041
 4    -0.281     0.272     0.920
 5   124.068    17.277     9.696
 5     0.503    -0.748     0.433
 5     0.070    -0.464    -0.883
 5     0.861     0.474    -0.182
 6   139.287    20.046    32.728
 6     0.437    -0.562    -0.703
 6     0.031     0.790    -0.612
 6     0.899     0.245     0.362
 7   119.907   -21.687    -2.070
 7     0.776     0.592     0.217
 7    -0.625     0.768     0.139
 7    -0.084    -0.244     0.966
 8   123.169   -23.468    19.238
 8     0.635     0.198     0.746
 8    -0.073    -0.947     0.314
 8     0.769    -0.254    -0.587
 9   134.425   -26.865    34.444
 9     0.667     0.661     0.344
 9    -0.008    -0.456     0.890
 9     0.745    -0.596    -0.299
 2    95.962   -19.314    59.899
 2    -0.444    -0.891    -0.094
 2     0.864    -0.453     0.217
 2    -0.237     0.015     0.971
 3   132.622    -5.234     5.104
 3     0.461    -0.022    -0.887
 3     0.229     0.969     0.094
 3     0.857    -0.247     0.451
 4   119.429     8.132    -5.055
 4     0.733    -0.560     0.387
 4     0.622     0.782    -0.046
 4    -0.277     0.275     0.921
 5   124.007    17.353     9.710
 5     0.505    -0.743     0.439
 5     0.078    -0.468    -0.880
 5     0.859     0.479    -0.178
 6   139.237    20.045    32.830
 6     0.436    -0.558    -0.706
 6     0.029     0.793    -0.609
 6     0.899     0.245     0.362
 7   119.835   -21.512    -2.096
 7     0.772     0.597     0.216
 7    -0.630     0.764     0.138
 7    -0.083    -0.243     0.966
 8   123.096   -23.399    19.222
 8     0.634     0.178     0.752
 8    -0.088    -0.950     0.300
 8     0.768    -0.257    -0.587
 9   134.304   -27.046    34.364
 9     0.665     0.658     0.352
 9    -0.016    -0.459     0.888
 9     0.746    -0.597    -0.295
 2    95.962   -19.263    59.899
 2    -0.444    -0.891    -0.094
 2     0.864    -0.454     0.217
 2    -0.237     0.015     0.971
 3   132.677    -5.233     5.098
 3     0.461    -0.021    -0.887
 3     0.227     0.969     0.095
 3     0.858    -0.246     0.451
 4   119.534     8.212    -5.115
 4     0.733    -0.560     0.386
 4     0.622     0.781    -0.049
 4    -0.274     0.277     0.921
 5   124.096    17.355     9.723
 5     0.508    -0.737     0.445
 5     0.087    -0.471    -0.878
 5     0.857     0.485    -0.175
 6   139.235    20.148    32.829
 6     0.437    -0.561    -0.703
 6     0.031     0.790    -0.612
 6     0.899     0.246     0.362
 7   119.885   -21.512    -2.097
 7     0.772     0.598     0.216
 7    -0.630     0.764     0.137
 7    -0.083    -0.242     0.967
 8   123.151   -23.354    19.067
 8     0.631     0.167     0.757
 8    -0.101    -0.950     0.294
 8     0.769    -0.262    -0.583
 9   134.171   -27.454    34.241
 9     0.660     0.658     0.362
 9    -0.029    -0.460     0.887
 9     0.751    -0.596    -0.285
 2    95.962   -19.314    59.899
 2    -0.444    -0.891    -0.094
 2     0.864    -0.453     0.217
 2    -0.237     0.015     0.971
 3   132.797    -5.210     5.104
 3     0.462    -0.019    -0.886
 3     0.226     0.969     0.097
 3     0.857    -0.246     0.452
 4   119.613     8.265    -5.122
 4     0.733    -0.560     0.386
 4     0.623     0.780    -0.053
 4    -0.272     0.279     0.921
 5   124.104    17.448     9.571
 5     0.524    -0.717     0.460
 5     0.111    -0.478    -0.871
 5     0.844     0.507    -0.171
 6   139.493    20.813    32.663
 6     0.440    -0.578    -0.687
 6     0.043     0.778    -0.627
 6     0.897     0.246     0.367
 7   120.050   -21.337    -2.319
 7     0.772     0.598     0.214
 7    -0.630     0.766     0.131
 7    -0.086    -0.236     0.968
 8   123.073   -23.567    18.876
 8     0.632     0.113     0.766
 8    -0.155    -0.951     0.269
 8     0.759    -0.289    -0.583
 9   133.621   -29.083    33.413
 9     0.641     0.653     0.403
 9    -0.097    -0.452     0.887
 9     0.761    -0.608    -0.226
 2    95.962   -19.314    59.899
 2    -0.444    -0.891    -0.094
 2     0.864    -0.453     0.217
 2    -0.237     0.015     0.971
 3   133.069    -5.163     4.983
 3     0.466    -0.014    -0.884
 3     0.222     0.969     0.102
 3     0.856    -0.245     0.455
 4   119.831     8.312    -5.291
 4     0.734    -0.558     0.387
 4     0.621     0.782    -0.051
 4    -0.275     0.278     0.920
 5   124.240    17.676     9.383
 5     0.539    -0.676     0.502
 5     0.159    -0.504    -0.849
 5     0.827     0.537    -0.164
 6   139.735    22.619    31.746
 6     0.433    -0.602    -0.671
 6     0.096     0.771    -0.629
 6     0.896     0.208     0.392
 7   120.143   -21.073    -2.511
 7     0.766     0.605     0.216
 7    -0.635     0.764     0.111
 7    -0.099    -0.223     0.970
 8   123.104   -23.927    18.347
 8     0.625     0.024     0.780
 8    -0.242    -0.944     0.223
 8     0.742    -0.328    -0.584
 9   133.189   -31.531    32.212
 9     0.615     0.628     0.477
 9    -0.207    -0.455     0.866
 9     0.761    -0.632    -0.150
 2    95.962   -19.314    59.899
 2    -0.444    -0.891    -0.094
 2     0.864    -0.453     0.217
 2    -0.237     0.015     0.971
 3   133.359    -5.066     4.765
 3     0.472    -0.012    -0.882
 3     0.219     0.970     0.104
 3     0.854    -0.242     0.460
 4   119.931     8.355    -5.354
 4     0.726    -0.565     0.390
 4     0.624     0.780    -0.032
 4    -0.287     0.266     0.920
 5   123.810    17.931     9.144
 5     0.550    -0.607     0.573
 5     0.231    -0.549    -0.803
 5     0.802     0.574    -0.162
 6   139.269    25.226    30.731
 6     0.441    -0.674    -0.593
 6     0.174     0.712    -0.680
 6     0.880     0.196     0.431
 7   120.147   -20.839    -2.864
 7     0.762     0.607     0.224
 7    -0.637     0.766     0.088
 7    -0.118    -0.210     0.970
 8   123.305   -24.577    17.551
 8     0.611    -0.063     0.788
 8    -0.335    -0.924     0.186
 8     0.717    -0.378    -0.586
 9   133.038   -33.742    30.540
 9     0.606     0.582     0.542
 9    -0.310    -0.454     0.835
 9     0.732    -0.674    -0.095
 2    95.962   -19.314    59.899
 2    -0.443    -0.891    -0.094
 2     0.864    -0.453     0.217
 2    -0.237     0.015     0.971
 3   133.631    -4.845     4.537
 3     0.480    -0.023    -0.877
 3     0.220     0.970     0.095
 3     0.849    -0.239     0.471
 4   119.764     8.423    -5.544
 4     0.709    -0.579     0.401
 4     0.636     0.771    -0.013
 4    -0.302     0.265     0.916
 5   123.460    17.926     8.966
 5     0.564    -0.497     0.659
 5     0.305    -0.617    -0.726
 5     0.767     0.610    -0.197
 6   138.878    28.373    29.208
 6     0.488    -0.788    -0.376
 6     0.269     0.545    -0.794
 6     0.830     0.287     0.478
 7   120.257   -20.532    -3.269
 7     0.762     0.601     0.240
 7    -0.631     0.773     0.066
 7    -0.146    -0.202     0.968
 8   123.681   -25.095    16.964
 8     0.601    -0.139     0.787
 8    -0.415    -0.896     0.158
 8     0.683    -0.422    -0.596
 9   133.197   -35.595    28.964
 9     0.597     0.515     0.615
 9    -0.407    -0.467     0.785
 9     0.692    -0.719    -0.069
 2    95.962   -19.314    59.899
 2    -0.443    -0.891    -0.094
 2     0.864    -0.453     0.217
 2    -0.237     0.015     0.971
 3   134.039    -4.678     4.172
 3     0.492    -0.040    -0.870
 3     0.224     0.971     0.082
 3     0.841    -0.235     0.487
 4   119.672     8.412    -5.678
 4     0.695    -0.589     0.412
 4     0.645     0.764     0.004
 4    -0.318     0.263     0.911
 5   123.350    18.367     8.438
 5     0.570    -0.436     0.697
 5     0.365    -0.626    -0.690
 5     0.736     0.647    -0.198
 6   138.773    29.883    27.980
 6     0.496    -0.800    -0.337
 6     0.317     0.528    -0.787
 6     0.808     0.284     0.516
 7   120.330   -20.247    -3.611
 7     0.762     0.595     0.255
 7    -0.625     0.779     0.050
 7    -0.169    -0.198     0.966
 8   123.917   -25.634    16.284
 8     0.583    -0.203     0.786
 8    -0.485    -0.864     0.137
 8     0.651    -0.461    -0.602
 9   132.847   -37.649    27.245
 9     0.579     0.450     0.679
 9    -0.496    -0.467     0.732
 9     0.647    -0.761    -0.047
 2    95.962   -19.314    59.899
 2    -0.444    -0.891    -0.094
 2     0.864    -0.453     0.217
 2    -0.237     0.015     0.971
 3   134.174    -4.612     3.756
 3     0.504    -0.053    -0.862
 3     0.228     0.970     0.074
 3     0.833    -0.234     0.501
 4   119.616     8.266    -5.964
 4     0.681    -0.596     0.425
 4     0.647     0.762     0.031
 4    -0.342     0.254     0.905
 5   123.119    18.711     7.720
 5     0.559    -0.355     0.749
 5     0.446    -0.633    -0.633
 5     0.699     0.688    -0.196
 6   138.309    32.523    25.811
 6     0.505    -0.825    -0.253
 6     0.396     0.482    -0.781
 6     0.767     0.294     0.570
 7   120.446   -19.966    -4.018
 7     0.758     0.592     0.272
 7    -0.622     0.782     0.030
 7    -0.195    -0.193     0.962
 8   124.156   -26.284    15.496
 8     0.556    -0.284     0.781
 8    -0.566    -0.818     0.106
 8     0.608    -0.501    -0.615
 9   132.312   -39.685    25.422
 9     0.546     0.379     0.746
 9    -0.589    -0.459     0.664
 9     0.595    -0.803    -0.027
 2    95.962   -19.314    59.899
 2    -0.444    -0.891    -0.094
 2     0.864    -0.453     0.217
 2    -0.237     0.015     0.971
 3   134.539    -4.391     3.486
 3     0.513    -0.068    -0.856
 3     0.234     0.970     0.063
 3     0.826    -0.233     0.513
 4   119.518     8.063    -6.254
 4     0.663    -0.605     0.441
 4     0.649     0.758     0.063
 4    -0.373     0.244     0.895
 5   122.853    18.870     7.067
 5     0.549    -0.289     0.784
 5     0.508    -0.630    -0.588
 5     0.663     0.721    -0.199
 6   137.690    34.726    23.945
 6     0.510    -0.850    -0.132
 6     0.474     0.405    -0.782
 6     0.718     0.336     0.609
 7   120.430   -19.767    -4.385
 7     0.749     0.594     0.292
 7    -0.623     0.782     0.007
 7    -0.225    -0.188     0.956
 8   124.260   -27.185    14.713
 8     0.526    -0.377     0.762
 8    -0.644    -0.762     0.068
 8     0.555    -0.527    -0.643
 9   131.649   -41.587    23.404
 9     0.516     0.305     0.800
 9    -0.667    -0.442     0.599
 9     0.537    -0.843    -0.025
 2    95.962   -19.314    59.899
 2    -0.444    -0.891    -0.094
 2     0.864    -0.453     0.217
 2    -0.237     0.015     0.971
 3   134.801    -4.350     3.043
 3     0.525    -0.078    -0.848
 3     0.237     0.970     0.057
 3     0.818    -0.231     0.527
 4   119.361     7.686    -6.565
 4     0.651    -0.606     0.456
 4     0.646     0.758     0.084
 4    -0.397     0.240     0.886
 5   122.737    18.974     6.432
 5     0.545    -0.221     0.809
 5     0.559    -0.623    -0.547
 5     0.625     0.750    -0.216
 6   136.525    37.029    21.775
 6     0.522    -0.839     0.154
 6     0.579     0.215    -0.787
 6     0.627     0.500     0.598
 7   120.456   -19.613    -4.619
 7     0.740     0.596     0.309
 7    -0.625     0.781    -0.011
 7    -0.248    -0.185     0.951
 8   124.294   -27.741    14.078
 8     0.498    -0.441     0.746
 8    -0.699    -0.714     0.045
 8     0.513    -0.544    -0.664
 9   130.847   -43.067    21.797
 9     0.481     0.234     0.845
 9    -0.728    -0.431     0.533
 9     0.489    -0.872    -0.037
 2    95.912   -19.314    59.899
 2    -0.443    -0.891    -0.094
 2     0.864    -0.453     0.217
 2    -0.237     0.015     0.971
 3   134.953    -4.407     2.736
 3     0.532    -0.085    -0.843
 3     0.238     0.970     0.052
 3     0.813    -0.228     0.536
 4   119.411     7.519    -6.761
 4     0.636    -0.615     0.466
 4     0.648     0.753     0.107
 4    -0.417     0.234     0.878
 5   122.755    19.054     5.967
 5     0.536    -0.159     0.829
 5     0.605    -0.612    -0.509
 5     0.588     0.774    -0.232
 6   136.083    38.284    20.068
 6     0.523    -0.805     0.278
 6     0.635     0.151    -0.758
 6     0.568     0.573     0.590
 7   120.576   -19.628    -4.855
 7     0.733     0.600     0.318
 7    -0.627     0.778    -0.022
 7    -0.262    -0.184     0.947
 8   124.239   -28.028    13.658
 8     0.472    -0.485     0.736
 8    -0.735    -0.677     0.026
 8     0.486    -0.554    -0.676
 9   130.161   -43.919    21.002
 9     0.448     0.193     0.873
 9    -0.766    -0.420     0.486
 9     0.460    -0.887    -0.039
 2    95.912   -19.314    59.899
 2    -0.444    -0.891    -0.094
 2     0.864    -0.453     0.217
 2    -0.237     0.015     0.971
 3   135.224    -4.458     2.564
 3     0.532    -0.086    -0.842
 3     0.240     0.969     0.053
 3     0.812    -0.231     0.536
 4   119.512     7.305    -6.898
 4     0.632    -0.619     0.467
 4     0.646     0.753     0.124
 4    -0.429     0.223     0.875
 5   122.787    19.161     5.528
 5     0.529    -0.125     0.839
 5     0.637    -0.594    -0.491
 5     0.560     0.794    -0.234
 6   135.667    39.109    18.260
 6     0.526    -0.759     0.385
 6     0.679     0.101    -0.727
 6     0.513     0.643     0.568
 7   120.641   -19.582    -4.919
 7     0.731     0.602     0.320
 7    -0.629     0.777    -0.028
 7    -0.266    -0.181     0.947
 8   124.236   -28.463    13.532
 8     0.450    -0.517     0.728
 8    -0.765    -0.644     0.016
 8     0.461    -0.564    -0.685
 9   129.673   -44.969    20.027
 9     0.424     0.158     0.891
 9    -0.797    -0.402     0.451
 9     0.430    -0.902    -0.045
 2    95.962   -19.314    59.899
 2    -0.444    -0.891    -0.094
 2     0.864    -0.453     0.217
 2    -0.237     0.015     0.971
 3   135.339    -4.408     2.447
 3     0.532    -0.089    -0.842
 3     0.243     0.968     0.051
 3     0.810    -0.232     0.537
 4   119.376     7.014    -6.954
 4     0.619    -0.627     0.472
 4     0.647     0.748     0.145
 4    -0.444     0.216     0.869
 5   122.605    19.100     5.424
 5     0.525    -0.096     0.845
 5     0.655    -0.589    -0.474
 5     0.543     0.802    -0.246
 6   134.958    39.676    17.814
 6     0.519    -0.702     0.488
 6     0.708     0.032    -0.706
 6     0.479     0.712     0.513
 7   120.717   -19.594    -5.033
 7     0.726     0.603     0.330
 7    -0.629     0.776    -0.036
 7    -0.278    -0.182     0.943
 8   124.204   -28.844    13.213
 8     0.434    -0.552     0.712
 8    -0.790    -0.613     0.007
 8     0.432    -0.566    -0.702
 9   129.386   -45.583    19.216
 9     0.406     0.108     0.907
 9    -0.823    -0.387     0.415
 9     0.396    -0.916    -0.069
 2    95.912   -19.314    59.899
 2    -0.443    -0.891    -0.094
 2     0.864    -0.453     0.217
 2    -0.237     0.015     0.971
 3   135.441    -4.463     2.216
 3     0.538    -0.102    -0.836
 3     0.249     0.967     0.043
 3     0.805    -0.232     0.546
 4   119.028     6.775    -7.039
 4     0.599    -0.638     0.483
 4     0.655     0.738     0.162
 4    -0.460     0.219     0.860
 5   122.359    18.908     5.121
 5     0.526    -0.056     0.848
 5     0.671    -0.586    -0.454
 5     0.522     0.808    -0.272
 6   134.590    39.834    16.889
 6     0.505    -0.664     0.550
 6     0.740     0.006    -0.672
 6     0.443     0.747     0.495
 7   120.628   -19.560    -5.155
 7     0.720     0.601     0.344
 7    -0.627     0.777    -0.046
 7    -0.296    -0.183     0.937
 8   124.206   -29.142    12.798
 8     0.425    -0.578     0.696
 8    -0.808    -0.589     0.005
 8     0.407    -0.565    -0.718
 9   129.155   -46.240    18.427
 9     0.398     0.076     0.914
 9    -0.840    -0.369     0.396
 9     0.368    -0.926    -0.083
 2    95.912   -19.314    59.899
 2    -0.444    -0.891    -0.094
 2     0.864    -0.454     0.218
 2    -0.237     0.015     0.971
 3   135.480    -4.464     2.124
 3     0.539    -0.107    -0.835
 3     0.252     0.967     0.038
 3     0.803    -0.231     0.548
 4   118.888     6.771    -7.076
 4     0.593    -0.642     0.485
 4     0.657     0.734     0.169
 4    -0.465     0.219     0.858
 5   122.184    18.903     5.017
 5     0.523    -0.044     0.851
 5     0.679    -0.581    -0.448
 5     0.514     0.812    -0.275
 6   134.131    40.255    16.932
 6     0.498    -0.647     0.578
 6     0.755    -0.005    -0.656
 6     0.426     0.763     0.486
 7   120.564   -19.566    -5.214
 7     0.720     0.600     0.349
 7    -0.625     0.779    -0.050
 7    -0.302    -0.182     0.936
 8   124.224   -29.331    12.674
 8     0.423    -0.588     0.689
 8    -0.817    -0.577     0.009
 8     0.392    -0.567    -0.724
 9   129.017   -46.508    17.909
 9     0.395     0.056     0.917
 9    -0.849    -0.357     0.389
 9     0.349    -0.932    -0.093
 2    95.912   -19.314    59.899
 2    -0.444    -0.891    -0.094
 2     0.864    -0.453     0.217
 2    -0.237     0.015     0.971
 3   135.294    -4.466     2.004
 3     0.541    -0.117    -0.833
 3     0.254     0.966     0.029
 3     0.801    -0.228     0.553
 4   118.507     6.637    -7.076
 4     0.580    -0.649     0.493
 4     0.662     0.728     0.178
 4    -0.475     0.223     0.851
 5   121.847    18.899     4.987
 5     0.518    -0.015     0.855
 5     0.690    -0.583    -0.429
 5     0.504     0.812    -0.292
 6   133.592    40.160    16.450
 6     0.503    -0.594     0.627
 6     0.766    -0.029    -0.642
 6     0.399     0.803     0.441
 7   120.417   -19.574    -5.282
 7     0.719     0.594     0.360
 7    -0.621     0.782    -0.053
 7    -0.313    -0.186     0.931
 8   124.202   -29.363    12.509
 8     0.424    -0.596     0.682
 8    -0.822    -0.570     0.013
 8     0.381    -0.566    -0.731
 9   129.041   -46.697    17.437
 9     0.390     0.027     0.920
 9    -0.858    -0.350     0.375
 9     0.332    -0.936    -0.113
 2    95.962   -19.314    59.899
 2    -0.443    -0.891    -0.094
 2     0.864    -0.453     0.217
 2    -0.237     0.015     0.971
 3   135.222    -4.292     1.842
 3     0.544    -0.134    -0.828
 3     0.259     0.965     0.014
 3     0.797    -0.223     0.560
 4   118.063     6.526    -7.147
 4     0.563    -0.652     0.508
 4     0.667     0.721     0.187
 4    -0.488     0.233     0.841
 5   121.710    18.882     4.912
 5     0.525     0.015     0.851
 5     0.700    -0.577    -0.422
 5     0.484     0.817    -0.313
 6   133.388    40.580    15.811
 6     0.493    -0.556     0.669
 6     0.785    -0.048    -0.618
 6     0.376     0.830     0.412
 7   120.258   -19.459    -5.365
 7     0.719     0.586     0.373
 7    -0.612     0.788    -0.058
 7    -0.328    -0.187     0.926
 8   124.380   -29.555    12.186
 8     0.423    -0.613     0.667
 8    -0.832    -0.554     0.020
 8     0.357    -0.564    -0.745
 9   129.160   -46.895    16.603
 9     0.387    -0.009     0.922
 9    -0.871    -0.330     0.363
 9     0.301    -0.944    -0.136
 2    95.962   -19.314    59.899
 2    -0.444    -0.891    -0.094
 2     0.864    -0.453     0.217
 2    -0.237     0.015     0.971
 3   135.128    -4.245     1.579
 3     0.549    -0.145    -0.823
 3     0.263     0.964     0.005
 3     0.793    -0.220     0.568
 4   117.694     6.295    -7.192
 4     0.549    -0.650     0.525
 4     0.658     0.724     0.206
 4    -0.515     0.232     0.825
 5   121.552    18.950     4.361
 5     0.530     0.048     0.846
 5     0.721    -0.552    -0.420
 5     0.447     0.832    -0.327
 6   133.103    41.136    14.013
 6     0.483    -0.532     0.695
 6     0.808    -0.035    -0.589
 6     0.337     0.846     0.413
 7   120.096   -19.306    -5.539
 7     0.714     0.579     0.392
 7    -0.603     0.794    -0.074
 7    -0.355    -0.183     0.917
 8   124.489   -29.914    11.630
 8     0.421    -0.638     0.644
 8    -0.852    -0.523     0.039
 8     0.312    -0.565    -0.764
 9   129.014   -47.567    15.041
 9     0.376    -0.050     0.925
 9    -0.892    -0.291     0.347
 9     0.252    -0.955    -0.154
 2    95.962   -19.314    59.899
 2    -0.444    -0.891    -0.094
 2     0.864    -0.453     0.218
 2    -0.237     0.015     0.971
 3   135.107    -4.120     1.342
 3     0.552    -0.160    -0.819
 3     0.271     0.962    -0.006
 3     0.789    -0.219     0.574
 4   117.294     5.934    -7.433
 4     0.533    -0.648     0.544
 4     0.647     0.726     0.229
 4    -0.544     0.230     0.807
 5   121.380    19.216     3.550
 5     0.531     0.080     0.843
 5     0.745    -0.519    -0.420
 5     0.404     0.851    -0.335
 6   132.867    42.033    11.921
 6     0.479    -0.508     0.716
 6     0.830    -0.004    -0.558
 6     0.286     0.861     0.419
 7   119.912   -19.100    -5.644
 7     0.711     0.571     0.409
 7    -0.591     0.801    -0.091
 7    -0.380    -0.177     0.908
 8   124.548   -30.250    10.957
 8     0.419    -0.651     0.632
 8    -0.867    -0.495     0.065
 8     0.270    -0.576    -0.772
 9   129.044   -48.271    13.108
 9     0.370    -0.070     0.926
 9    -0.908    -0.239     0.344
 9     0.197    -0.969    -0.151
 2    95.962   -19.314    59.899
 2    -0.444    -0.891    -0.094
 2     0.864    -0.453     0.217
 2    -0.237     0.015     0.971
 3   135.021    -3.948     1.200
 3     0.556    -0.179    -0.811
 3     0.282     0.959    -0.018
 3     0.781    -0.220     0.584
 4   117.012     5.594    -7.686
 4     0.518    -0.643     0.564
 4     0.632     0.732     0.253
 4    -0.576     0.225     0.786
 5   121.221    19.306     2.779
 5     0.534     0.104     0.839
 5     0.763    -0.487    -0.425
 5     0.364     0.867    -0.340
 6   132.673    42.401     9.713
 6     0.476    -0.487     0.732
 6     0.846     0.027    -0.532
 6     0.239     0.873     0.424
 7   119.567   -18.842    -5.875
 7     0.701     0.558     0.443
 7    -0.569     0.813    -0.125
 7    -0.430    -0.165     0.887
 8   124.592   -30.886     9.449
 8     0.416    -0.678     0.606
 8    -0.888    -0.446     0.111
 8     0.195    -0.585    -0.788
 9   128.852   -49.078    10.090
 9     0.361    -0.103     0.927
 9    -0.927    -0.152     0.344
 9     0.106    -0.983    -0.150
 2    95.962   -19.314    59.899
 2    -0.444    -0.891    -0.094
 2     0.864    -0.453     0.217
 2    -0.237     0.015     0.971
 3   134.924    -3.830     0.782
 3     0.567    -0.204    -0.798
 3     0.291     0.956    -0.038
 3     0.771    -0.211     0.601
 4   116.533     5.259    -7.909
 4     0.499    -0.640     0.584
 4     0.622     0.734     0.271
 4    -0.603     0.228     0.764
 5   121.001    19.271     2.119
 5     0.541     0.128     0.831
 5     0.775    -0.461    -0.433
 5     0.328     0.878    -0.349
 6   132.469    42.848     7.867
 6     0.475    -0.467     0.746
 6     0.857     0.055    -0.512
 6     0.198     0.883     0.426
 7   119.328   -18.580    -6.047
 7     0.692     0.546     0.472
 7    -0.544     0.824    -0.156
 7    -0.475    -0.149     0.867
 8   124.637   -31.471     8.189
 8     0.412    -0.699     0.584
 8    -0.903    -0.399     0.161
 8     0.120    -0.594    -0.796
 9   128.564   -49.888     6.990
 9     0.342    -0.131     0.930
 9    -0.939    -0.065     0.337
 9     0.016    -0.989    -0.145
 2    95.912   -19.314    59.899
 2    -0.444    -0.891    -0.094
 2     0.864    -0.453     0.218
 2    -0.237     0.015     0.971
 3   134.769    -3.630     0.552
 3     0.569    -0.226    -0.790
 3     0.302     0.952    -0.055
 3     0.765    -0.208     0.610
 4   116.121     4.879    -8.066
 4     0.483    -0.640     0.598
 4     0.613     0.734     0.291
 4    -0.625     0.226     0.747
 5   120.655    19.222     1.507
 5     0.541     0.147     0.828
 5     0.785    -0.442    -0.435
 5     0.301     0.885    -0.355
 6   132.190    42.921     6.407
 6     0.477    -0.452     0.754
 6     0.863     0.079    -0.498
 6     0.165     0.888     0.428
 7   118.904   -18.391    -6.053
 7     0.680     0.536     0.500
 7    -0.523     0.833    -0.182
 7    -0.514    -0.137     0.847
 8   124.682   -31.795     7.135
 8     0.405    -0.725     0.556
 8    -0.913    -0.356     0.201
 8     0.052    -0.589    -0.806
 9   128.341   -50.129     4.479
 9     0.316    -0.183     0.931
 9    -0.946     0.006     0.323
 9    -0.065    -0.983    -0.171
 2    95.962   -19.314    59.899
 2    -0.444    -0.891    -0.094
 2     0.864    -0.453     0.217
 2    -0.237     0.015     0.971
 3   134.734    -3.510     0.204
 3     0.574    -0.243    -0.782
 3     0.311     0.948    -0.067
 3     0.757    -0.205     0.620
 4   115.697     4.495    -8.283
 4     0.463    -0.644     0.609
 4     0.602     0.732     0.318
 4    -0.651     0.220     0.727
 5   120.278    19.223     0.878
 5     0.535     0.166     0.828
 5     0.800    -0.415    -0.433
 5     0.272     0.894    -0.355
 6   131.598    43.246     4.576
 6     0.470    -0.441     0.765
 6     0.873     0.106    -0.476
 6     0.128     0.891     0.434
 7   118.582   -18.162    -6.015
 7     0.660     0.520     0.542
 7    -0.496     0.844    -0.205
 7    -0.564    -0.134     0.815
 8   124.991   -32.035     6.075
 8     0.392    -0.776     0.494
 8    -0.919    -0.318     0.231
 8    -0.022    -0.545    -0.838
 9   128.226   -50.286     2.082
 9     0.269    -0.300     0.915
 9    -0.951     0.067     0.302
 9    -0.152    -0.951    -0.267
 2    95.962   -19.314    59.899
 2    -0.444    -0.891    -0.094
 2     0.864    -0.453     0.217
 2    -0.237     0.015     0.971
 3   134.570    -3.285     0.039
 3     0.577    -0.265    -0.773
 3     0.329     0.941    -0.077
 3     0.748    -0.210     0.630
 4   115.125     4.061    -8.379
 4     0.441    -0.650     0.619
 4     0.591     0.729     0.345
 4    -0.675     0.214     0.706
 5   119.848    19.018     0.200
 5     0.531     0.186     0.826
 5     0.812    -0.390    -0.434
 5     0.241     0.902    -0.359
 6   131.105    43.159     2.752
 6     0.471    -0.426     0.772
 6     0.877     0.139    -0.459
 6     0.088     0.894     0.439
 7   118.350   -18.198    -5.952
 7     0.644     0.509     0.570
 7    -0.478     0.850    -0.219
 7    -0.597    -0.132     0.791
 8   125.212   -32.288     5.307
 8     0.382    -0.812     0.442
 8    -0.921    -0.295     0.254
 8    -0.076    -0.504    -0.860
 9   128.000   -50.449     0.451
 9     0.238    -0.375     0.896
 9    -0.948     0.109     0.298
 9    -0.210    -0.920    -0.330
 2    95.962   -19.314    59.899
 2    -0.444    -0.891    -0.094
 2     0.864    -0.453     0.218
 2    -0.237     0.015     0.971
 3   134.408    -3.210    -0.101
 3     0.576    -0.273    -0.771
 3     0.335     0.938    -0.082
 3     0.745    -0.212     0.632
 4   114.980     4.053    -8.480
 4     0.435    -0.653     0.620
 4     0.588     0.727     0.353
 4    -0.682     0.211     0.700
 5   119.695    19.160    -0.022
 5     0.529     0.191     0.827
 5     0.817    -0.379    -0.435
 5     0.230     0.906    -0.356
 6   130.887    43.445     2.199
 6     0.474    -0.425     0.771
 6     0.878     0.159    -0.452
 6     0.069     0.891     0.448
 7   118.232   -18.088    -5.898
 7     0.637     0.503     0.583
 7    -0.467     0.854    -0.227
 7    -0.613    -0.128     0.780
 8   125.348   -32.122     4.862
 8     0.378    -0.829     0.412
 8    -0.920    -0.286     0.268
 8    -0.104    -0.480    -0.871
 9   128.121   -50.235    -0.270
 9     0.219    -0.435     0.873
 9    -0.945     0.128     0.302
 9    -0.243    -0.891    -0.383
 2    95.912   -19.314    59.899
 2    -0.444    -0.891    -0.094
 2     0.864    -0.453     0.218
 2    -0.237     0.015     0.971
 3   134.280    -3.082    -0.179
 3     0.575    -0.279    -0.769
 3     0.338     0.937    -0.087
 3     0.745    -0.210     0.633
 4   114.685     3.995    -8.511
 4     0.428    -0.656     0.622
 4     0.586     0.725     0.361
 4    -0.688     0.210     0.695
 5   119.288    19.159    -0.068
 5     0.525     0.193     0.829
 5     0.820    -0.376    -0.432
 5     0.228     0.906    -0.355
 6   130.656    43.298     1.965
 6     0.490    -0.414     0.767
 6     0.870     0.178    -0.460
 6     0.053     0.892     0.448
 7   117.741   -18.111    -5.700
 7     0.623     0.499     0.601
 7    -0.461     0.856    -0.233
 7    -0.631    -0.132     0.764
 8   125.260   -32.173     4.916
 8     0.370    -0.857     0.359
 8    -0.920    -0.285     0.269
 8    -0.128    -0.429    -0.894
 9   127.776   -50.517    -0.905
 9     0.209    -0.522     0.826
 9    -0.937     0.134     0.322
 9    -0.279    -0.842    -0.462
 2    95.912   -19.314    59.899
 2    -0.444    -0.891    -0.094
 2     0.864    -0.453     0.217
 2    -0.237     0.015     0.971
 3   133.832    -2.987    -0.154
 3     0.580    -0.287    -0.763
 3     0.343     0.934    -0.091
 3     0.739    -0.209     0.640
 4   114.097     3.726    -8.469
 4     0.417    -0.656     0.628
 4     0.579     0.725     0.372
 4    -0.700     0.209     0.683
 5   118.727    19.096    -0.285
 5     0.523     0.203     0.827
 5     0.824    -0.365    -0.432
 5     0.214     0.908    -0.358
 6   130.220    43.282     1.348
 6     0.493    -0.408     0.768
 6     0.869     0.193    -0.455
 6     0.037     0.892     0.450
 7   117.111   -18.144    -5.318
 7     0.603     0.493     0.627
 7    -0.454     0.858    -0.238
 7    -0.656    -0.141     0.741
 8   125.270   -32.181     4.745
 8     0.367    -0.878     0.306
 8    -0.916    -0.284     0.283
 8    -0.162    -0.385    -0.909
 9   127.748   -50.216    -1.343
 9     0.189    -0.588     0.786
 9    -0.934     0.141     0.329
 9    -0.304    -0.797    -0.522
 2    95.912   -19.314    59.899
 2    -0.443    -0.891    -0.094
 2     0.864    -0.453     0.217
 2    -0.237     0.015     0.971
 3   133.396    -2.917    -0.218
 3     0.583    -0.302    -0.754
 3     0.356     0.929    -0.097
 3     0.730    -0.212     0.649
 4   113.274     3.233    -8.425
 4     0.401    -0.654     0.641
 4     0.559     0.729     0.393
 4    -0.725     0.201     0.658
 5   118.208    19.015    -0.761
 5     0.528     0.212     0.822
 5     0.829    -0.339    -0.445
 5     0.185     0.916    -0.355
 6   129.829    43.177     0.032
 6     0.496    -0.398     0.771
 6     0.868     0.220    -0.445
 6     0.007     0.890     0.455
 7   116.563   -18.182    -5.115
 7     0.580     0.474     0.661
 7    -0.437     0.867    -0.239
 7    -0.687    -0.151     0.711
 8   125.404   -32.240     3.977
 8     0.359    -0.901     0.244
 8    -0.912    -0.282     0.298
 8    -0.200    -0.330    -0.923
 9   127.732   -50.125    -2.801
 9     0.161    -0.647     0.745
 9    -0.928     0.157     0.337
 9    -0.335    -0.746    -0.575
 2    95.912   -19.314    59.899
 2    -0.444    -0.891    -0.094
 2     0.864    -0.453     0.217
 2    -0.237     0.015     0.971
 3   132.954    -2.926    -0.530
 3     0.588    -0.319    -0.743
 3     0.369     0.923    -0.104
 3     0.719    -0.214     0.661
 4   112.748     2.792    -8.562
 4     0.385    -0.648     0.658
 4     0.539     0.736     0.409
 4    -0.749     0.197     0.632
 5   117.879    18.741    -1.606
 5     0.539     0.233     0.809
 5     0.830    -0.308    -0.464
 5     0.141     0.922    -0.359
 6   129.562    42.965    -2.468
 6     0.505    -0.367     0.781
 6     0.861     0.272    -0.429
 6    -0.056     0.889     0.453
 7   116.157   -18.159    -5.101
 7     0.563     0.463     0.684
 7    -0.424     0.873    -0.242
 7    -0.709    -0.153     0.688
 8   125.366   -32.435     3.431
 8     0.361    -0.908     0.211
 8    -0.902    -0.283     0.327
 8    -0.237    -0.308    -0.921
 9   127.671   -50.096    -4.098
 9     0.155    -0.674     0.722
 9    -0.915     0.178     0.362
 9    -0.373    -0.717    -0.589
 2    95.962   -19.314    59.899
 2    -0.444    -0.891    -0.094
 2     0.864    -0.453     0.217
 2    -0.237     0.015     0.971
 3   132.822    -2.952    -0.521
 3     0.589    -0.321    -0.742
 3     0.373     0.922    -0.103
 3     0.717    -0.217     0.662
 4   112.507     2.605    -8.561
 4     0.382    -0.647     0.660
 4     0.532     0.738     0.414
 4    -0.755     0.193     0.627
 5   117.728    18.730    -1.726
 5     0.537     0.235     0.810
 5     0.833    -0.296    -0.467
 5     0.130     0.926    -0.355
 6   129.441    42.944    -3.171
 6     0.509    -0.359     0.782
 6     0.857     0.292    -0.424
 6    -0.077     0.886     0.457
 7   115.956   -18.275    -4.982
 7     0.554     0.461     0.693
 7    -0.419     0.874    -0.247
 7    -0.719    -0.153     0.677
 8   125.380   -32.443     3.138
 8     0.366    -0.911     0.190
 8    -0.894    -0.288     0.343
 8    -0.258    -0.295    -0.920
 9   127.665   -50.029    -4.744
 9     0.156    -0.693     0.704
 9    -0.906     0.184     0.381
 9    -0.393    -0.698    -0.599
 2    95.962   -19.314    59.899
 2    -0.444    -0.891    -0.094
 2     0.864    -0.453     0.217
 2    -0.237     0.015     0.971
 3   132.665    -3.106    -0.539
 3     0.589    -0.323    -0.740
 3     0.375     0.921    -0.104
 3     0.715    -0.217     0.664
 4   112.318     2.526    -8.527
 4     0.376    -0.649     0.661
 4     0.533     0.735     0.418
 4    -0.758     0.195     0.623
 5   117.402    18.566    -1.709
 5     0.530     0.234     0.815
 5     0.836    -0.304    -0.456
 5     0.141     0.923    -0.357
 6   129.299    42.715    -2.998
 6     0.514    -0.358     0.779
 6     0.854     0.293    -0.429
 6    -0.075     0.886     0.457
 7   115.809   -18.413    -4.993
 7     0.547     0.455     0.703
 7    -0.414     0.876    -0.246
 7    -0.728    -0.157     0.668
 8   125.520   -32.569     2.958
 8     0.370    -0.912     0.172
 8    -0.890    -0.296     0.347
 8    -0.266    -0.282    -0.922
 9   127.977   -50.080    -5.069
 9     0.160    -0.706     0.690
 9    -0.901     0.181     0.394
 9    -0.403    -0.684    -0.608
 2    95.912   -19.314    59.899
 2    -0.444    -0.891    -0.094
 2     0.864    -0.453     0.217
 2    -0.237     0.015     0.971
 3   132.582    -3.106    -0.531
 3     0.589    -0.329    -0.738
 3     0.380     0.919    -0.106
 3     0.713    -0.218     0.666
 4   112.052     2.293    -8.514
 4     0.369    -0.653     0.662
 4     0.531     0.732     0.425
 4    -0.762     0.195     0.617
 5   117.168    18.513    -1.650
 5     0.526     0.237     0.817
 5     0.839    -0.301    -0.453
 5     0.138     0.924    -0.357
 6   128.817    42.687    -3.040
 6     0.512    -0.359     0.780
 6     0.855     0.295    -0.426
 6    -0.078     0.885     0.458
 7   115.757   -18.466    -4.881
 7     0.545     0.449     0.708
 7    -0.412     0.879    -0.240
 7    -0.730    -0.161     0.664
 8   125.686   -32.515     2.947
 8     0.380    -0.911     0.157
 8    -0.884    -0.308     0.352
 8    -0.272    -0.273    -0.922
 9   128.310   -49.800    -5.224
 9     0.174    -0.716     0.676
 9    -0.894     0.172     0.413
 9    -0.412    -0.677    -0.610
 2    95.912   -19.314    59.899
 2    -0.444    -0.891    -0.094
 2     0.864    -0.453     0.218
 2    -0.237     0.015     0.971
 3   132.388    -3.108    -0.687
 3     0.587    -0.337    -0.736
 3     0.391     0.914    -0.106
 3     0.708    -0.225     0.668
 4   111.847     2.047    -8.540
 4     0.362    -0.656     0.662
 4     0.520     0.731     0.440
 4    -0.773     0.185     0.606
 5   116.868    18.417    -2.073
 5     0.524     0.243     0.816
 5     0.843    -0.281    -0.458
 5     0.117     0.928    -0.352
 6   128.629    42.479    -4.150
 6     0.518    -0.349     0.781
 6     0.848     0.325    -0.418
 6    -0.108     0.879     0.464
 7   115.709   -18.541    -4.746
 7     0.545     0.440     0.713
 7    -0.411     0.882    -0.230
 7    -0.731    -0.168     0.662
 8   126.051   -32.381     2.976
 8     0.400    -0.905     0.142
 8    -0.874    -0.331     0.357
 8    -0.276    -0.267    -0.923
 9   128.988   -49.720    -5.257
 9     0.197    -0.723     0.662
 9    -0.886     0.158     0.436
 9    -0.421    -0.672    -0.609
 2    95.962   -19.314    59.899
 2    -0.444    -0.891    -0.094
 2     0.864    -0.453     0.217
 2    -0.237     0.015     0.971
 3   132.339    -3.003    -0.557
 3     0.583    -0.338    -0.739
 3     0.399     0.911    -0.102
 3     0.708    -0.235     0.666
 4   111.837     1.858    -8.609
 4     0.364    -0.654     0.663
 4     0.510     0.735     0.446
 4    -0.779     0.176     0.601
 5   116.917    18.275    -2.387
 5     0.528     0.240     0.814
 5     0.842    -0.266    -0.469
 5     0.104     0.934    -0.343
 6   128.942    42.279    -4.851
 6     0.528    -0.344     0.776
 6     0.839     0.350    -0.417
 6    -0.128     0.871     0.473
 7   115.765   -18.691    -4.621
 7     0.545     0.435     0.716
 7    -0.411     0.884    -0.224
 7    -0.730    -0.172     0.661
 8   126.214   -32.378     3.032
 8     0.416    -0.899     0.133
 8    -0.865    -0.347     0.363
 8    -0.280    -0.266    -0.922
 9   129.441   -49.568    -5.515
 9     0.212    -0.727     0.653
 9    -0.878     0.152     0.455
 9    -0.430    -0.669    -0.606
 2    95.912   -19.314    59.899
 2    -0.444    -0.891    -0.094
 2     0.864    -0.453     0.218
 2    -0.237     0.015     0.971
 3   132.260    -3.130    -0.470
 3     0.582    -0.337    -0.740
 3     0.404     0.909    -0.096
 3     0.706    -0.243     0.665
 4   111.829     1.568    -8.607
 4     0.366    -0.650     0.666
 4     0.501     0.741     0.448
 4    -0.784     0.169     0.597
 5   116.957    18.116    -2.524
 5     0.533     0.239     0.811
 5     0.840    -0.263    -0.475
 5     0.099     0.935    -0.341
 6   129.112    41.866    -5.140
 6     0.535    -0.341     0.773
 6     0.834     0.357    -0.421
 6    -0.133     0.870     0.475
 7   115.682   -18.909    -4.589
 7     0.535     0.423     0.731
 7    -0.402     0.889    -0.220
 7    -0.743    -0.176     0.646
 8   126.357   -32.436     2.830
 8     0.420    -0.900     0.119
 8    -0.858    -0.351     0.375
 8    -0.297    -0.259    -0.919
 9   129.513   -49.578    -6.295
 9     0.206    -0.740     0.640
 9    -0.870     0.160     0.466
 9    -0.447    -0.653    -0.611
 2    95.962   -19.314    59.899
 2    -0.444    -0.891    -0.094
 2     0.864    -0.453     0.217
 2    -0.237     0.015     0.971
 3   132.255    -3.466    -0.610
 3     0.585    -0.343    -0.735
 3     0.414     0.905    -0.094
 3     0.697    -0.250     0.671
 4   111.590     0.925    -8.748
 4     0.354    -0.641     0.681
 4     0.478     0.750     0.457
 4    -0.804     0.163     0.572
 5   117.088    17.714    -2.951
 5     0.540     0.247     0.804
 5     0.838    -0.248    -0.487
 5     0.079     0.937    -0.341
 6   129.154    41.546    -5.961
 6     0.538    -0.332     0.775
 6     0.829     0.371    -0.417
 6    -0.149     0.867     0.475
 7   115.477   -19.156    -4.526
 7     0.521     0.415     0.745
 7    -0.396     0.891    -0.220
 7    -0.756    -0.181     0.629
 8   126.410   -32.755     2.161
 8     0.413    -0.906     0.089
