% Calibrated with leiden_pols
% Positions are in centimeters
Data =[
 2    95.967   -19.312    59.894
 2    -0.444    -0.891    -0.094
 2     0.865    -0.453     0.216
 2    -0.235     0.015     0.972
 3   132.057    -4.387     5.374
 3     0.448    -0.037    -0.893
 3     0.221     0.972     0.070
 3     0.866    -0.229     0.444
 4   120.157    10.552    -2.673
 4     0.731    -0.626     0.273
 4     0.678     0.713    -0.179
 4    -0.083     0.316     0.945
 5   120.157    18.591    11.849
 5     0.373    -0.619     0.691
 5     0.192    -0.677    -0.710
 5     0.907     0.398    -0.134
 6   130.272    22.193    38.673
 6     0.150    -0.607    -0.781
 6     0.069     0.794    -0.604
 6     0.986     0.036     0.161
 7   120.313   -21.585    -0.962
 7     0.781     0.614     0.112
 7    -0.623     0.756     0.200
 7     0.038    -0.227     0.973
 8   119.614   -23.118    18.530
 8     0.339     0.199     0.919
 8    -0.142    -0.955     0.259
 8     0.930    -0.219    -0.296
 9   125.452   -28.598    35.884
 9     0.333     0.788     0.517
 9    -0.165    -0.492     0.855
 9     0.928    -0.370    -0.034
 2    95.914   -19.313    59.897
 2    -0.444    -0.891    -0.094
 2     0.864    -0.453     0.216
 2    -0.236     0.015     0.972
 3   132.007    -4.387     5.374
 3     0.448    -0.038    -0.893
 3     0.221     0.973     0.070
 3     0.866    -0.229     0.444
 4   120.109    10.578    -2.650
 4     0.730    -0.627     0.272
 4     0.678     0.712    -0.179
 4    -0.082     0.316     0.945
 5   120.156    18.642    11.848
 5     0.373    -0.618     0.692
 5     0.192    -0.678    -0.709
 5     0.907     0.397    -0.135
 6   130.245    22.193    38.671
 6     0.150    -0.607    -0.780
 6     0.069     0.793    -0.604
 6     0.986     0.037     0.161
 7   120.261   -21.585    -0.984
 7     0.781     0.613     0.113
 7    -0.623     0.756     0.200
 7     0.037    -0.227     0.973
 8   119.614   -23.118    18.581
 8     0.339     0.199     0.919
 8    -0.142    -0.955     0.259
 8     0.930    -0.219    -0.296
 9   125.453   -28.598    35.884
 9     0.332     0.788     0.517
 9    -0.165    -0.492     0.855
 9     0.928    -0.370    -0.034
 2    95.967   -19.312    59.894
 2    -0.444    -0.891    -0.094
 2     0.865    -0.453     0.216
 2    -0.235     0.015     0.972
 3   132.007    -4.387     5.374
 3     0.448    -0.038    -0.893
 3     0.221     0.972     0.070
 3     0.866    -0.229     0.444
 4   120.158    10.630    -2.650
 4     0.729    -0.627     0.272
 4     0.679     0.712    -0.179
 4    -0.082     0.315     0.945
 5   120.156    18.592    11.797
 5     0.374    -0.617     0.692
 5     0.193    -0.678    -0.709
 5     0.907     0.398    -0.135
 6   130.246    22.141    38.672
 6     0.150    -0.608    -0.780
 6     0.068     0.793    -0.605
 6     0.986     0.037     0.161
 7   120.311   -21.585    -0.984
 7     0.781     0.613     0.113
 7    -0.623     0.756     0.200
 7     0.037    -0.227     0.973
 8   119.614   -23.118    18.581
 8     0.339     0.200     0.919
 8    -0.142    -0.955     0.260
 8     0.930    -0.219    -0.295
 9   125.453   -28.598    35.884
 9     0.332     0.788     0.517
 9    -0.165    -0.491     0.855
 9     0.928    -0.370    -0.034
 2    95.967   -19.312    59.894
 2    -0.444    -0.891    -0.094
 2     0.865    -0.453     0.216
 2    -0.235     0.015     0.972
 3   132.007    -4.337     5.374
 3     0.448    -0.039    -0.893
 3     0.221     0.972     0.069
 3     0.866    -0.229     0.444
 4   120.158    10.579    -2.650
 4     0.729    -0.627     0.272
 4     0.679     0.712    -0.179
 4    -0.082     0.316     0.945
 5   120.131    18.592    11.848
 5     0.373    -0.617     0.693
 5     0.193    -0.679    -0.708
 5     0.907     0.398    -0.135
 6   130.193    22.245    38.669
 6     0.150    -0.609    -0.778
 6     0.069     0.792    -0.607
 6     0.986     0.038     0.161
 7   120.261   -21.534    -0.985
 7     0.782     0.613     0.112
 7    -0.622     0.757     0.200
 7     0.037    -0.227     0.973
 8   119.614   -23.169    18.581
 8     0.339     0.199     0.919
 8    -0.142    -0.955     0.260
 8     0.930    -0.219    -0.295
 9   125.452   -28.650    35.884
 9     0.333     0.788     0.517
 9    -0.166    -0.491     0.855
 9     0.928    -0.370    -0.033
 2    95.914   -19.313    59.897
 2    -0.444    -0.891    -0.094
 2     0.865    -0.453     0.216
 2    -0.236     0.015     0.972
 3   132.006    -4.438     5.373
 3     0.448    -0.038    -0.893
 3     0.221     0.973     0.069
 3     0.866    -0.228     0.444
 4   120.298    10.636    -2.575
 4     0.731    -0.624     0.273
 4     0.677     0.709    -0.193
 4    -0.074     0.326     0.942
 5   120.150    18.592    11.809
 5     0.373    -0.617     0.693
 5     0.198    -0.677    -0.709
 5     0.906     0.402    -0.131
 6   130.425    22.354    38.565
 6     0.154    -0.587    -0.795
 6     0.059     0.808    -0.586
 6     0.986     0.043     0.159
 7   120.438   -21.533    -1.043
 7     0.781     0.614     0.109
 7    -0.623     0.757     0.198
 7     0.039    -0.223     0.974
 8   119.704   -23.122    18.489
 8     0.341     0.205     0.917
 8    -0.144    -0.953     0.267
 8     0.929    -0.223    -0.295
 9   126.052   -28.853    35.541
 9     0.340     0.804     0.487
 9    -0.163    -0.460     0.873
 9     0.926    -0.376    -0.025
 2    95.914   -19.313    59.897
 2    -0.444    -0.891    -0.094
 2     0.864    -0.453     0.216
 2    -0.236     0.015     0.972
 3   132.150    -4.204     5.425
 3     0.442    -0.039    -0.896
 3     0.218     0.973     0.065
 3     0.870    -0.225     0.439
 4   120.621    10.770    -2.527
 4     0.738    -0.619     0.268
 4     0.672     0.712    -0.204
 4    -0.064     0.331     0.941
 5   120.697    19.015    11.923
 5     0.376    -0.630     0.679
 5     0.217    -0.653    -0.726
 5     0.901     0.420    -0.109
 6   131.548    22.216    38.847
 6     0.148    -0.465    -0.873
 6     0.050     0.885    -0.463
 6     0.988     0.024     0.154
 7   120.794   -21.170    -1.169
 7     0.787     0.608     0.096
 7    -0.614     0.765     0.194
 7     0.045    -0.212     0.976
 8   120.553   -23.607    18.476
 8     0.366     0.235     0.900
 8    -0.161    -0.937     0.311
 8     0.916    -0.259    -0.306
 9   127.480   -29.228    35.426
 9     0.370     0.807     0.460
 9    -0.176    -0.426     0.887
 9     0.912    -0.409    -0.016
 2    95.914   -19.313    59.897
 2    -0.444    -0.891    -0.094
 2     0.864    -0.453     0.216
 2    -0.236     0.014     0.971
 3   132.392    -4.098     5.501
 3     0.435    -0.042    -0.899
 3     0.214     0.975     0.058
 3     0.874    -0.218     0.433
 4   120.875    10.956    -2.457
 4     0.742    -0.619     0.257
 4     0.668     0.713    -0.212
 4    -0.052     0.329     0.943
 5   121.427    19.323    12.202
 5     0.413    -0.653     0.635
 5     0.205    -0.612    -0.763
 5     0.887     0.446    -0.119
 6   133.177    22.420    38.444
 6     0.198    -0.432    -0.880
 6     0.052     0.901    -0.431
 6     0.979     0.039     0.200
 7   121.232   -21.037    -1.371
 7     0.799     0.593     0.092
 7    -0.599     0.777     0.192
 7     0.042    -0.209     0.977
 8   121.997   -23.716    18.767
 8     0.432     0.242     0.869
 8    -0.180    -0.921     0.346
 8     0.884    -0.306    -0.354
 9   130.166   -29.843    34.787
 9     0.439     0.787     0.432
 9    -0.192    -0.388     0.901
 9     0.877    -0.479    -0.020
 2    95.915   -19.313    59.897
 2    -0.443    -0.891    -0.094
 2     0.865    -0.453     0.216
 2    -0.236     0.014     0.972
 3   132.495    -3.919     5.493
 3     0.434    -0.046    -0.900
 3     0.213     0.975     0.053
 3     0.875    -0.215     0.433
 4   120.976    11.108    -2.379
 4     0.744    -0.617     0.255
 4     0.665     0.715    -0.213
 4    -0.052     0.328     0.943
 5   122.075    19.735    12.339
 5     0.450    -0.658     0.604
 5     0.212    -0.578    -0.788
 5     0.867     0.483    -0.120
