% Calibrated with leiden_pols
% Positions are in centimeters
Data =[
 2    95.967   -19.312    59.894
 2    -0.444    -0.891    -0.094
 2     0.865    -0.453     0.216
 2    -0.235     0.015     0.972
 3   132.057    -4.387     5.374
 3     0.448    -0.037    -0.893
 3     0.221     0.972     0.070
 3     0.866    -0.229     0.444
 4   120.157    10.552    -2.673
 4     0.731    -0.626     0.273
 4     0.678     0.713    -0.179
 4    -0.083     0.316     0.945
 5   120.157    18.591    11.849
 5     0.373    -0.619     0.691
 5     0.192    -0.677    -0.710
 5     0.907     0.398    -0.134
 6   130.272    22.193    38.673
 6     0.150    -0.607    -0.781
 6     0.069     0.794    -0.604
 6     0.986     0.036     0.161
 7   120.313   -21.585    -0.962
 7     0.781     0.614     0.112
 7    -0.623     0.756     0.200
 7     0.038    -0.227     0.973
 8   119.614   -23.118    18.530
 8     0.339     0.199     0.919
 8    -0.142    -0.955     0.259
 8     0.930    -0.219    -0.296
 9   125.452   -28.598    35.884
 9     0.333     0.788     0.517
 9    -0.165    -0.492     0.855
 9     0.928    -0.370    -0.034
 2    95.914   -19.313    59.897
 2    -0.444    -0.891    -0.094
 2     0.864    -0.453     0.216
 2    -0.236     0.015     0.972
 3   132.007    -4.387     5.374
 3     0.448    -0.038    -0.893
 3     0.221     0.973     0.070
 3     0.866    -0.229     0.444
 4   120.109    10.578    -2.650
 4     0.730    -0.627     0.272
 4     0.678     0.712    -0.179
 4    -0.082     0.316     0.945
 5   120.156    18.642    11.848
 5     0.373    -0.618     0.692
 5     0.192    -0.678    -0.709
 5     0.907     0.397    -0.135
 6   130.245    22.193    38.671
 6     0.150    -0.607    -0.780
 6     0.069     0.793    -0.604
 6     0.986     0.037     0.161
 7   120.261   -21.585    -0.984
 7     0.781     0.613     0.113
 7    -0.623     0.756     0.200
 7     0.037    -0.227     0.973
 8   119.614   -23.118    18.581
 8     0.339     0.199     0.919
 8    -0.142    -0.955     0.259
 8     0.930    -0.219    -0.296
 9   125.453   -28.598    35.884
 9     0.332     0.788     0.517
 9    -0.165    -0.492     0.855
 9     0.928    -0.370    -0.034
 2    95.967   -19.312    59.894
 2    -0.444    -0.891    -0.094
 2     0.865    -0.453     0.216
 2    -0.235     0.015     0.972
 3   132.007    -4.387     5.374
 3     0.448    -0.038    -0.893
 3     0.221     0.972     0.070
 3     0.866    -0.229     0.444
 4   120.158    10.630    -2.650
 4     0.729    -0.627     0.272
 4     0.679     0.712    -0.179
 4    -0.082     0.315     0.945
 5   120.156    18.592    11.797
 5     0.374    -0.617     0.692
 5     0.193    -0.678    -0.709
 5     0.907     0.398    -0.135
 6   130.246    22.141    38.672
 6     0.150    -0.608    -0.780
 6     0.068     0.793    -0.605
 6     0.986     0.037     0.161
 7   120.311   -21.585    -0.984
 7     0.781     0.613     0.113
 7    -0.623     0.756     0.200
 7     0.037    -0.227     0.973
 8   119.614   -23.118    18.581
 8     0.339     0.200     0.919
 8    -0.142    -0.955     0.260
 8     0.930    -0.219    -0.295
 9   125.453   -28.598    35.884
 9     0.332     0.788     0.517
 9    -0.165    -0.491     0.855
 9     0.928    -0.370    -0.034
 2    95.967   -19.312    59.894
 2    -0.444    -0.891    -0.094
 2     0.865    -0.453     0.216
 2    -0.235     0.015     0.972
 3   132.007    -4.337     5.374
 3     0.448    -0.039    -0.893
 3     0.221     0.972     0.069
 3     0.866    -0.229     0.444
 4   120.158    10.579    -2.650
 4     0.729    -0.627     0.272
 4     0.679     0.712    -0.179
 4    -0.082     0.316     0.945
 5   120.131    18.592    11.848
 5     0.373    -0.617     0.693
 5     0.193    -0.679    -0.708
 5     0.907     0.398    -0.135
 6   130.193    22.245    38.669
 6     0.150    -0.609    -0.778
 6     0.069     0.792    -0.607
 6     0.986     0.038     0.161
 7   120.261   -21.534    -0.985
 7     0.782     0.613     0.112
 7    -0.622     0.757     0.200
 7     0.037    -0.227     0.973
 8   119.614   -23.169    18.581
 8     0.339     0.199     0.919
 8    -0.142    -0.955     0.260
 8     0.930    -0.219    -0.295
 9   125.452   -28.650    35.884
 9     0.333     0.788     0.517
 9    -0.166    -0.491     0.855
 9     0.928    -0.370    -0.033
 2    95.914   -19.313    59.897
 2    -0.444    -0.891    -0.094
 2     0.865    -0.453     0.216
 2    -0.236     0.015     0.972
 3   132.006    -4.438     5.373
 3     0.448    -0.038    -0.893
 3     0.221     0.973     0.069
 3     0.866    -0.228     0.444
 4   120.298    10.636    -2.575
 4     0.731    -0.624     0.273
 4     0.677     0.709    -0.193
 4    -0.074     0.326     0.942
 5   120.150    18.592    11.809
 5     0.373    -0.617     0.693
 5     0.198    -0.677    -0.709
 5     0.906     0.402    -0.131
 6   130.425    22.354    38.565
 6     0.154    -0.587    -0.795
 6     0.059     0.808    -0.586
 6     0.986     0.043     0.159
 7   120.438   -21.533    -1.043
 7     0.781     0.614     0.109
 7    -0.623     0.757     0.198
 7     0.039    -0.223     0.974
 8   119.704   -23.122    18.489
 8     0.341     0.205     0.917
 8    -0.144    -0.953     0.267
 8     0.929    -0.223    -0.295
 9   126.052   -28.853    35.541
 9     0.340     0.804     0.487
 9    -0.163    -0.460     0.873
 9     0.926    -0.376    -0.025
 2    95.914   -19.313    59.897
 2    -0.444    -0.891    -0.094
 2     0.864    -0.453     0.216
 2    -0.236     0.015     0.972
 3   132.150    -4.204     5.425
 3     0.442    -0.039    -0.896
 3     0.218     0.973     0.065
 3     0.870    -0.225     0.439
 4   120.621    10.770    -2.527
 4     0.738    -0.619     0.268
 4     0.672     0.712    -0.204
 4    -0.064     0.331     0.941
 5   120.697    19.015    11.923
 5     0.376    -0.630     0.679
 5     0.217    -0.653    -0.726
 5     0.901     0.420    -0.109
 6   131.548    22.216    38.847
 6     0.148    -0.465    -0.873
 6     0.050     0.885    -0.463
 6     0.988     0.024     0.154
 7   120.794   -21.170    -1.169
 7     0.787     0.608     0.096
 7    -0.614     0.765     0.194
 7     0.045    -0.212     0.976
 8   120.553   -23.607    18.476
 8     0.366     0.235     0.900
 8    -0.161    -0.937     0.311
 8     0.916    -0.259    -0.306
 9   127.480   -29.228    35.426
 9     0.370     0.807     0.460
 9    -0.176    -0.426     0.887
 9     0.912    -0.409    -0.016
 2    95.914   -19.313    59.897
 2    -0.444    -0.891    -0.094
 2     0.864    -0.453     0.216
 2    -0.236     0.014     0.971
 3   132.392    -4.098     5.501
 3     0.435    -0.042    -0.899
 3     0.214     0.975     0.058
 3     0.874    -0.218     0.433
 4   120.875    10.956    -2.457
 4     0.742    -0.619     0.257
 4     0.668     0.713    -0.212
 4    -0.052     0.329     0.943
 5   121.427    19.323    12.202
 5     0.413    -0.653     0.635
 5     0.205    -0.612    -0.763
 5     0.887     0.446    -0.119
 6   133.177    22.420    38.444
 6     0.198    -0.432    -0.880
 6     0.052     0.901    -0.431
 6     0.979     0.039     0.200
 7   121.232   -21.037    -1.371
 7     0.799     0.593     0.092
 7    -0.599     0.777     0.192
 7     0.042    -0.209     0.977
 8   121.997   -23.716    18.767
 8     0.432     0.242     0.869
 8    -0.180    -0.921     0.346
 8     0.884    -0.306    -0.354
 9   130.166   -29.843    34.787
 9     0.439     0.787     0.432
 9    -0.192    -0.388     0.901
 9     0.877    -0.479    -0.020
 2    95.915   -19.313    59.897
 2    -0.443    -0.891    -0.094
 2     0.865    -0.453     0.216
 2    -0.236     0.014     0.972
 3   132.495    -3.919     5.493
 3     0.434    -0.046    -0.900
 3     0.213     0.975     0.053
 3     0.875    -0.215     0.433
 4   120.976    11.108    -2.379
 4     0.744    -0.617     0.255
 4     0.665     0.715    -0.213
 4    -0.052     0.328     0.943
 5   122.075    19.735    12.339
 5     0.450    -0.658     0.604
 5     0.212    -0.578    -0.788
 5     0.867     0.483    -0.120
 6   135.336    23.704    38.033
 6     0.275    -0.438    -0.856
 6     0.063     0.896    -0.438
 6     0.959     0.066     0.274
 7   121.387   -20.809    -1.404
 7     0.810     0.578     0.096
 7    -0.586     0.788     0.190
 7     0.034    -0.211     0.977
 8   123.486   -23.617    19.123
 8     0.506     0.205     0.837
 8    -0.194    -0.919     0.342
 8     0.840    -0.336    -0.426
 9   132.933   -29.843    34.224
 9     0.513     0.755     0.409
 9    -0.195    -0.361     0.912
 9     0.836    -0.548    -0.038
 2    95.915   -19.313    59.897
 2    -0.443    -0.891    -0.094
 2     0.865    -0.453     0.216
 2    -0.236     0.014     0.972
 3   132.504    -3.790     5.479
 3     0.431    -0.048    -0.901
 3     0.211     0.976     0.048
 3     0.877    -0.211     0.431
 4   120.996    11.204    -2.410
 4     0.751    -0.607     0.260
 4     0.655     0.734    -0.180
 4    -0.082     0.305     0.948
 5   123.098    20.255    11.979
 5     0.503    -0.666     0.551
 5     0.208    -0.526    -0.825
 5     0.839     0.529    -0.126
 6   137.821    24.122    36.588
 6     0.352    -0.398    -0.847
 6     0.066     0.913    -0.402
 6     0.933     0.085     0.347
 7   121.145   -20.422    -1.544
 7     0.821     0.557     0.124
 7    -0.571     0.800     0.183
 7     0.003    -0.221     0.975
 8   125.430   -23.611    19.214
 8     0.604     0.137     0.784
 8    -0.215    -0.920     0.327
 8     0.767    -0.366    -0.527
 9   136.974   -30.259    32.477
 9     0.625     0.678     0.386
 9    -0.208    -0.333     0.920
 9     0.752    -0.655    -0.067
 2    95.915   -19.313    59.897
 2    -0.444    -0.891    -0.094
 2     0.865    -0.453     0.216
 2    -0.236     0.014     0.971
 3   132.449    -3.563     5.424
 3     0.432    -0.060    -0.900
 3     0.209     0.977     0.036
 3     0.877    -0.204     0.435
 4   120.838    11.234    -2.634
 4     0.755    -0.583     0.300
 4     0.643     0.749    -0.162
 4    -0.130     0.315     0.940
 5   124.347    20.356    11.315
 5     0.561    -0.673     0.482
 5     0.206    -0.451    -0.869
 5     0.801     0.587    -0.115
 6   140.914    24.567    34.798
 6     0.455    -0.347    -0.820
 6     0.061     0.931    -0.360
 6     0.888     0.113     0.444
 7   120.950   -20.223    -1.592
 7     0.832     0.530     0.164
 7    -0.554     0.815     0.173
 7    -0.042    -0.235     0.971
 8   127.625   -23.664    18.896
 8     0.712     0.099     0.695
 8    -0.213    -0.913     0.348
 8     0.669    -0.396    -0.629
 9   140.656   -30.172    29.926
 9     0.732     0.584     0.349
 9    -0.205    -0.300     0.932
 9     0.649    -0.754    -0.100
 2    95.915   -19.313    59.897
 2    -0.443    -0.891    -0.094
 2     0.865    -0.453     0.216
 2    -0.236     0.014     0.971
 3   132.267    -3.573     5.332
 3     0.443    -0.068    -0.894
 3     0.211     0.977     0.030
 3     0.871    -0.203     0.447
 4   120.309    10.905    -3.079
 4     0.753    -0.546     0.366
 4     0.624     0.770    -0.134
 4    -0.209     0.329     0.921
 5   124.733    19.567    11.402
 5     0.638    -0.565     0.523
 5     0.258    -0.484    -0.836
 5     0.725     0.669    -0.163
 6   144.062    24.217    31.582
 6     0.564    -0.279    -0.777
 6     0.052     0.951    -0.304
 6     0.824     0.131     0.551
 7   120.440   -20.136    -1.970
 7     0.835     0.507     0.213
 7    -0.542     0.825     0.160
 7    -0.095    -0.249     0.964
 8   129.310   -23.595    17.939
 8     0.802     0.043     0.595
 8    -0.211    -0.913     0.349
 8     0.558    -0.406    -0.723
 9   143.845   -30.067    26.812
 9     0.823     0.474     0.312
 9    -0.197    -0.277     0.940
 9     0.532    -0.836    -0.135
 2    95.914   -19.313    59.897
 2    -0.444    -0.891    -0.094
 2     0.864    -0.453     0.216
 2    -0.236     0.015     0.972
 3   132.092    -3.458     5.062
 3     0.457    -0.076    -0.886
 3     0.221     0.974     0.031
 3     0.861    -0.210     0.462
 4   119.794    10.482    -3.780
 4     0.743    -0.513     0.430
 4     0.609     0.785    -0.115
 4    -0.279     0.347     0.895
 5   125.305    19.345    10.298
 5     0.717    -0.393     0.576
 5     0.328    -0.539    -0.776
 5     0.615     0.745    -0.258
 6   147.002    25.061    27.932
 6     0.669    -0.239    -0.703
 6     0.059     0.961    -0.270
 6     0.740     0.139     0.657
 7   119.983   -20.048    -2.180
 7     0.836     0.485     0.256
 7    -0.529     0.836     0.142
 7    -0.145    -0.255     0.956
 8   130.625   -23.648    16.812
 8     0.862     0.007     0.506
 8    -0.208    -0.907     0.365
 8     0.462    -0.420    -0.781
 9   146.003   -30.061    23.374
 9     0.885     0.373     0.277
 9    -0.193    -0.249     0.949
 9     0.423    -0.894    -0.148
 2    95.915   -19.313    59.897
 2    -0.443    -0.891    -0.094
 2     0.864    -0.453     0.216
 2    -0.236     0.014     0.971
 3   131.898    -3.462     4.882
 3     0.463    -0.080    -0.883
 3     0.226     0.973     0.030
 3     0.857    -0.214     0.469
 4   119.293    10.005    -4.395
 4     0.736    -0.478     0.479
 4     0.581     0.809    -0.086
 4    -0.347     0.342     0.873
 5   126.010    19.518     9.076
 5     0.768    -0.404     0.497
 5     0.295    -0.466    -0.834
 5     0.568     0.787    -0.238
 6   149.206    24.292    24.050
 6     0.746    -0.169    -0.644
 6     0.045     0.978    -0.204
 6     0.664     0.123     0.737
 7   119.487   -19.858    -2.399
 7     0.833     0.467     0.297
 7    -0.520     0.845     0.129
 7    -0.191    -0.262     0.946
 8   131.634   -23.652    15.529
 8     0.906    -0.028     0.421
 8    -0.205    -0.901     0.381
 8     0.368    -0.432    -0.823
 9   147.564   -29.851    20.175
 9     0.928     0.276     0.247
 9    -0.189    -0.221     0.957
 9     0.319    -0.935    -0.153
 2    95.914   -19.313    59.897
 2    -0.444    -0.891    -0.094
 2     0.864    -0.453     0.217
 2    -0.236     0.014     0.971
 3   131.727    -3.373     4.609
 3     0.476    -0.084    -0.875
 3     0.234     0.971     0.034
 3     0.847    -0.221     0.482
 4   118.701     9.638    -4.934
 4     0.720    -0.449     0.529
 4     0.562     0.824    -0.066
 4    -0.407     0.344     0.846
 5   126.558    19.197     7.995
 5     0.808    -0.333     0.485
 5     0.309    -0.462    -0.831
 5     0.500     0.822    -0.271
 6   150.870    24.397    20.912
 6     0.807    -0.133    -0.575
 6     0.039     0.984    -0.173
 6     0.589     0.117     0.799
 7   119.124   -19.619    -2.756
 7     0.830     0.440     0.342
 7    -0.502     0.857     0.114
 7    -0.243    -0.266     0.933
 8   132.651   -23.426    14.053
 8     0.941    -0.058     0.332
 8    -0.196    -0.895     0.400
 8     0.274    -0.442    -0.854
 9   148.819   -29.391    16.375
 9     0.961     0.171     0.216
 9    -0.181    -0.197     0.963
 9     0.207    -0.965    -0.159
 2    95.915   -19.313    59.897
 2    -0.443    -0.891    -0.094
 2     0.865    -0.453     0.216
 2    -0.236     0.014     0.971
 3   131.678    -3.260     4.290
 3     0.492    -0.089    -0.866
 3     0.243     0.969     0.039
 3     0.836    -0.230     0.498
 4   118.325     9.066    -5.523
 4     0.709    -0.416     0.568
 4     0.532     0.846    -0.045
 4    -0.463     0.334     0.821
 5   127.022    18.866     6.679
 5     0.834    -0.310     0.456
 5     0.309    -0.422    -0.852
 5     0.456     0.852    -0.256
 6   152.383    23.171    16.687
 6     0.865    -0.073    -0.496
 6     0.016     0.993    -0.117
 6     0.501     0.093     0.860
 7   118.652   -19.411    -3.128
 7     0.823     0.415     0.387
 7    -0.483     0.871     0.094
 7    -0.298    -0.264     0.917
 8   133.326   -23.278    12.363
 8     0.965    -0.090     0.245
 8    -0.189    -0.889     0.417
 8     0.180    -0.449    -0.875
 9   149.801   -29.165    12.344
 9     0.979     0.060     0.191
 9    -0.179    -0.174     0.968
 9     0.092    -0.983    -0.160
 2    95.915   -19.313    59.897
 2    -0.443    -0.891    -0.094
 2     0.865    -0.453     0.216
 2    -0.236     0.015     0.972
 3   131.668    -3.381     3.856
 3     0.513    -0.092    -0.853
 3     0.247     0.968     0.044
 3     0.822    -0.234     0.519
 4   117.921     8.529    -6.061
 4     0.698    -0.388     0.602
 4     0.503     0.863    -0.027
 4    -0.509     0.321     0.798
 5   127.523    18.585     5.203
 5     0.857    -0.259     0.444
 5     0.324    -0.399    -0.858
 5     0.400     0.879    -0.258
 6   153.703    23.225    12.694
 6     0.910    -0.040    -0.411
 6     0.015     0.998    -0.064
 6     0.413     0.052     0.909
 7   118.304   -18.999    -3.407
 7     0.816     0.388     0.428
 7    -0.459     0.885     0.072
 7    -0.351    -0.256     0.901
 8   134.007   -23.108    10.555
 8     0.979    -0.123     0.163
 8    -0.184    -0.877     0.444
 8     0.089    -0.464    -0.881
 9   150.447   -29.063     8.586
 9     0.984    -0.040     0.171
 9    -0.175    -0.141     0.974
 9    -0.015    -0.989    -0.146
 2    95.915   -19.313    59.897
 2    -0.443    -0.891    -0.094
 2     0.865    -0.453     0.216
 2    -0.236     0.014     0.971
 3   131.691    -3.346     3.484
 3     0.530    -0.099    -0.842
 3     0.251     0.967     0.044
 3     0.810    -0.235     0.537
 4   117.499     7.947    -6.583
 4     0.681    -0.374     0.629
 4     0.482     0.876    -0.002
 4    -0.551     0.305     0.777
 5   127.772    18.252     3.639
 5     0.888    -0.192     0.418
 5     0.330    -0.367    -0.870
 5     0.321     0.910    -0.263
 6   154.153    22.741     8.576
 6     0.948    -0.029    -0.315
 6     0.016     0.999    -0.044
 6     0.316     0.036     0.948
 7   117.942   -18.868    -3.881
 7     0.806     0.359     0.470
 7    -0.429     0.902     0.047
 7    -0.407    -0.240     0.881
 8   134.498   -23.065     8.649
 8     0.984    -0.155     0.090
 8    -0.179    -0.862     0.474
 8     0.004    -0.483    -0.876
 9   150.686   -28.790     4.499
 9     0.978    -0.142     0.152
 9    -0.167    -0.101     0.981
 9    -0.124    -0.985    -0.123
 2    95.915   -19.313    59.897
 2    -0.443    -0.891    -0.094
 2     0.865    -0.453     0.216
 2    -0.236     0.015     0.972
 3   131.735    -3.362     3.089
 3     0.547    -0.111    -0.830
 3     0.255     0.966     0.039
 3     0.797    -0.233     0.556
 4   117.037     7.444    -6.886
 4     0.665    -0.360     0.654
 4     0.461     0.887     0.020
 4    -0.588     0.288     0.756
 5   127.813    18.044     2.506
 5     0.906    -0.147     0.397
 5     0.329    -0.346    -0.879
 5     0.266     0.927    -0.265
 6   154.515    22.664     4.796
 6     0.975    -0.018    -0.221
 6     0.012     1.000    -0.023
 6     0.221     0.019     0.975
 7   117.646   -18.428    -4.102
 7     0.796     0.335     0.504
 7    -0.400     0.916     0.023
 7    -0.454    -0.219     0.863
 8   134.859   -22.915     6.917
 8     0.982    -0.186     0.025
 8    -0.173    -0.847     0.502
 8    -0.072    -0.497    -0.865
 9   150.566   -28.512     0.642
 9     0.962    -0.237     0.136
 9    -0.156    -0.067     0.985
 9    -0.224    -0.969    -0.101
 2    95.915   -19.313    59.897
 2    -0.443    -0.891    -0.094
 2     0.865    -0.453     0.216
 2    -0.236     0.014     0.971
 3   131.774    -3.245     2.769
 3     0.557    -0.122    -0.821
 3     0.258     0.965     0.032
 3     0.789    -0.230     0.569
 4   116.587     7.048    -7.157
 4     0.649    -0.349     0.676
 4     0.442     0.896     0.038
 4    -0.619     0.274     0.736
 5   127.846    17.856     1.269
 5     0.920    -0.101     0.377
 5     0.332    -0.306    -0.892
 5     0.205     0.947    -0.248
 6   154.450    21.843     1.884
 6     0.988     0.006    -0.152
 6    -0.005     1.000     0.011
 6     0.151    -0.010     0.988
 7   117.352   -18.114    -4.453
 7     0.782     0.316     0.537
 7    -0.373     0.928    -0.003
 7    -0.499    -0.198     0.844
 8   134.893   -22.786     5.331
 8     0.976    -0.217    -0.028
 8    -0.170    -0.833     0.527
 8    -0.137    -0.509    -0.849
 9   150.096   -28.000    -2.643
 9     0.940    -0.318     0.125
 9    -0.144    -0.035     0.989
 9    -0.310    -0.948    -0.078
 2    95.914   -19.313    59.897
 2    -0.444    -0.891    -0.094
 2     0.864    -0.454     0.216
 2    -0.236     0.015     0.972
 3   131.931    -3.214     2.366
 3     0.577    -0.135    -0.805
 3     0.265     0.964     0.029
 3     0.772    -0.231     0.592
 4   116.194     6.468    -7.556
 4     0.626    -0.343     0.700
 4     0.422     0.904     0.065
 4    -0.656     0.255     0.711
 5   127.755    17.583     0.302
 5     0.923    -0.060     0.379
 5     0.351    -0.266    -0.898
 5     0.155     0.962    -0.224
 6   154.269    21.432    -1.390
 6     0.996     0.019    -0.082
 6    -0.015     0.998     0.055
 6     0.083    -0.054     0.995
 7   117.187   -17.981    -4.677
 7     0.763     0.304     0.569
 7    -0.352     0.936    -0.029
 7    -0.542    -0.178     0.821
 8   135.016   -22.790     3.488
 8     0.962    -0.258    -0.082
 8    -0.172    -0.817     0.551
 8    -0.209    -0.516    -0.831
 9   149.689   -27.722    -6.035
 9     0.906    -0.405     0.122
 9    -0.135    -0.004     0.991
 9    -0.400    -0.914    -0.058
 2    95.914   -19.338    59.897
 2    -0.444    -0.891    -0.095
 2     0.864    -0.454     0.216
 2    -0.236     0.014     0.971
 3   132.018    -3.351     1.954
 3     0.588    -0.140    -0.796
 3     0.270     0.962     0.030
 3     0.762    -0.234     0.604
 4   115.902     5.818    -7.820
 4     0.609    -0.337     0.717
 4     0.399     0.912     0.088
 4    -0.685     0.233     0.691
 5   127.639    17.384    -1.016
 5     0.927    -0.009     0.375
 5     0.366    -0.194    -0.910
 5     0.080     0.981    -0.177
 6   154.090    20.908    -4.166
 6     0.999     0.018    -0.025
 6    -0.015     0.994     0.104
 6     0.027    -0.104     0.994
 7   116.796   -17.918    -4.974
 7     0.743     0.303     0.596
 7    -0.340     0.939    -0.054
 7    -0.576    -0.162     0.801
 8   134.696   -23.194     2.066
 8     0.946    -0.303    -0.117
 8    -0.185    -0.799     0.572
 8    -0.267    -0.519    -0.812
 9   148.437   -28.051    -9.026
 9     0.869    -0.476     0.135
 9    -0.138     0.029     0.990
 9    -0.476    -0.879    -0.041
 2    95.914   -19.313    59.897
 2    -0.445    -0.891    -0.095
 2     0.864    -0.454     0.216
 2    -0.236     0.014     0.972
 3   132.002    -3.482     1.844
 3     0.593    -0.141    -0.792
 3     0.271     0.962     0.031
 3     0.758    -0.233     0.609
 4   115.609     5.439    -8.032
 4     0.596    -0.336     0.729
 4     0.388     0.916     0.104
 4    -0.702     0.221     0.676
 5   127.342    17.059    -1.863
 5     0.926     0.039     0.376
 5     0.377    -0.168    -0.911
 5     0.028     0.985    -0.170
 6   153.470    20.271    -6.751
 6     0.999     0.022     0.038
 6    -0.027     0.990     0.133
 6    -0.035    -0.134     0.990
 7   116.315   -17.778    -4.995
 7     0.723     0.301     0.621
 7    -0.330     0.941    -0.072
 7    -0.607    -0.153     0.780
 8   134.213   -23.419     0.839
 8     0.926    -0.348    -0.148
 8    -0.200    -0.783     0.589
 8    -0.321    -0.515    -0.795
 9   147.152   -28.579   -11.648
 9     0.826    -0.542     0.152
 9    -0.145     0.056     0.988
 9    -0.544    -0.838    -0.032
 2    95.964   -19.313    59.897
 2    -0.445    -0.891    -0.095
 2     0.864    -0.455     0.216
 2    -0.236     0.014     0.971
 3   131.751    -3.668     1.519
 3     0.601    -0.146    -0.786
 3     0.273     0.961     0.030
 3     0.751    -0.233     0.618
 4   114.882     5.080    -8.076
 4     0.581    -0.336     0.741
 4     0.375     0.918     0.122
 4    -0.722     0.207     0.660
 5   126.929    16.902    -2.489
 5     0.926     0.061     0.371
 5     0.376    -0.146    -0.915
 5    -0.001     0.987    -0.158
 6   152.868    19.829    -8.380
 6     0.996     0.025     0.081
 6    -0.038     0.987     0.155
 6    -0.076    -0.158     0.984
 7   115.654   -17.688    -5.042
 7     0.703     0.294     0.648
 7    -0.314     0.945    -0.089
 7    -0.638    -0.141     0.757
 8   133.480   -23.517    -0.367
 8     0.903    -0.390    -0.178
 8    -0.211    -0.766     0.607
 8    -0.373    -0.511    -0.774
 9   145.666   -28.343   -13.955
 9     0.783    -0.601     0.159
 9    -0.137     0.083     0.987
 9    -0.606    -0.795    -0.018
 2    95.914   -19.338    59.948
 2    -0.444    -0.891    -0.095
 2     0.864    -0.454     0.216
 2    -0.236     0.014     0.971
 3   131.522    -3.829     1.197
 3     0.609    -0.151    -0.778
 3     0.278     0.960     0.031
 3     0.743    -0.235     0.627
 4   114.464     4.695    -8.148
 4     0.569    -0.331     0.753
 4     0.357     0.924     0.135
 4    -0.740     0.192     0.644
 5   126.616    16.553    -3.309
 5     0.929     0.092     0.357
 5     0.366    -0.121    -0.923
 5    -0.042     0.988    -0.146
 6   152.411    18.720   -10.546
 6     0.990     0.036     0.132
 6    -0.060     0.981     0.181
 6    -0.123    -0.188     0.974
 7   115.210   -17.499    -5.180
 7     0.680     0.284     0.675
 7    -0.296     0.950    -0.102
 7    -0.671    -0.130     0.730
 8   132.919   -23.514    -1.553
 8     0.880    -0.429    -0.205
 8    -0.216    -0.745     0.631
 8    -0.423    -0.511    -0.748
 9   144.490   -28.536   -16.123
 9     0.738    -0.651     0.175
 9    -0.133     0.113     0.984
 9    -0.661    -0.750    -0.003
 2    95.914   -19.313    59.897
 2    -0.445    -0.891    -0.095
 2     0.864    -0.454     0.217
 2    -0.236     0.014     0.971
 3   131.380    -3.916     1.073
 3     0.619    -0.157    -0.769
 3     0.285     0.958     0.034
 3     0.731    -0.241     0.638
 4   113.914     4.259    -8.241
 4     0.553    -0.331     0.764
 4     0.342     0.927     0.153
 4    -0.759     0.177     0.626
 5   126.216    16.022    -4.066
 5     0.929     0.130     0.345
 5     0.359    -0.095    -0.929
 5    -0.088     0.987    -0.135
 6   151.686    17.730   -12.739
 6     0.980     0.040     0.191
 6    -0.081     0.974     0.208
 6    -0.178    -0.220     0.959
 7   114.606   -17.427    -5.207
 7     0.647     0.279     0.709
 7    -0.271     0.954    -0.127
 7    -0.713    -0.110     0.693
 8   132.126   -23.834    -3.033
 8     0.841    -0.488    -0.233
 8    -0.231    -0.714     0.661
 8    -0.489    -0.502    -0.713
 9   142.044   -28.458   -19.266
 9     0.665    -0.720     0.196
 9    -0.124     0.153     0.980
 9    -0.736    -0.677     0.013
 2    95.964   -19.338    59.948
 2    -0.444    -0.891    -0.095
 2     0.864    -0.454     0.217
 2    -0.236     0.014     0.971
 3   131.271    -4.110     0.688
 3     0.634    -0.164    -0.755
 3     0.295     0.954     0.040
 3     0.714    -0.248     0.654
 4   113.324     3.613    -8.340
 4     0.531    -0.333     0.779
 4     0.326     0.929     0.174
 4    -0.782     0.161     0.602
 5   125.568    15.563    -5.086
 5     0.923     0.179     0.341
 5     0.358    -0.071    -0.931
 5    -0.142     0.981    -0.129
 6   150.513    16.965   -15.475
 6     0.966     0.027     0.254
 6    -0.088     0.969     0.229
 6    -0.240    -0.245     0.939
 7   113.882   -17.270    -5.301
 7     0.599     0.286     0.747
 7    -0.251     0.954    -0.165
 7    -0.760    -0.088     0.644
 8   130.784   -24.452    -4.816
 8     0.784    -0.565    -0.255
 8    -0.255    -0.669     0.698
 8    -0.566    -0.483    -0.669
 9   139.039   -29.057   -22.524
 9     0.574    -0.783     0.240
 9    -0.125     0.206     0.970
 9    -0.809    -0.587     0.020
 2    95.912   -19.314    59.900
 2    -0.444    -0.891    -0.095
 2     0.864    -0.454     0.217
 2    -0.237     0.014     0.971
 3   131.028    -4.308     0.237
 3     0.652    -0.174    -0.738
 3     0.303     0.952     0.044
 3     0.694    -0.252     0.673
 4   112.661     3.123    -8.420
 4     0.508    -0.339     0.792
 4     0.312     0.929     0.198
 4    -0.803     0.146     0.578
 5   124.816    15.153    -6.077
 5     0.912     0.227     0.341
 5     0.359    -0.043    -0.932
 5    -0.197     0.973    -0.121
 6   149.232    16.428   -18.011
 6     0.949     0.007     0.314
 6    -0.088     0.965     0.244
 6    -0.302    -0.260     0.917
 7   112.859   -16.989    -5.339
 7     0.547     0.301     0.781
 7    -0.231     0.951    -0.204
 7    -0.804    -0.069     0.590
 8   129.117   -24.590    -6.545
 8     0.721    -0.636    -0.274
 8    -0.269    -0.621     0.736
 8    -0.639    -0.457    -0.619
 9   135.515   -29.098   -25.409
 9     0.478    -0.833     0.278
 9    -0.117     0.253     0.960
 9    -0.870    -0.492     0.024
 2    95.912   -19.314    59.900
 2    -0.444    -0.891    -0.095
 2     0.864    -0.454     0.217
 2    -0.237     0.014     0.971
 3   130.718    -4.479    -0.099
 3     0.669    -0.184    -0.720
 3     0.308     0.950     0.044
 3     0.676    -0.251     0.692
 4   111.872     2.864    -8.339
 4     0.483    -0.344     0.805
 4     0.302     0.928     0.215
 4    -0.821     0.140     0.553
 5   123.947    14.926    -6.857
 5     0.899     0.273     0.341
 5     0.361    -0.024    -0.932
 5    -0.247     0.961    -0.121
 6   147.558    15.777   -20.617
 6     0.923    -0.010     0.384
 6    -0.096     0.962     0.255
 6    -0.372    -0.273     0.887
 7   111.804   -16.881    -5.428
 7     0.500     0.322     0.803
 7    -0.216     0.945    -0.245
 7    -0.839    -0.051     0.542
 8   127.579   -24.842    -7.833
 8     0.662    -0.693    -0.286
 8    -0.276    -0.579     0.767
 8    -0.697    -0.429    -0.575
 9   132.678   -28.740   -27.438
 9     0.395    -0.868     0.299
 9    -0.092     0.286     0.953
 9    -0.914    -0.405     0.033
 2    95.912   -19.314    59.900
 2    -0.444    -0.891    -0.095
 2     0.864    -0.454     0.217
 2    -0.237     0.014     0.971
 3   130.457    -4.618    -0.362
 3     0.679    -0.189    -0.709
 3     0.310     0.950     0.044
 3     0.665    -0.250     0.704
 4   111.289     2.661    -8.271
 4     0.462    -0.346     0.817
 4     0.294     0.928     0.226
 4    -0.836     0.136     0.531
 5   123.127    14.735    -7.356
 5     0.885     0.309     0.348
 5     0.366    -0.002    -0.930
 5    -0.287     0.951    -0.115
 6   145.837    15.621   -22.483
 6     0.899    -0.027     0.436
 6    -0.098     0.960     0.262
 6    -0.426    -0.278     0.861
 7   111.161   -16.691    -5.334
 7     0.471     0.333     0.817
 7    -0.207     0.942    -0.265
 7    -0.857    -0.044     0.513
 8   126.470   -24.759    -8.346
 8     0.625    -0.721    -0.299
 8    -0.274    -0.561     0.781
 8    -0.731    -0.407    -0.548
 9   130.756   -28.570   -28.528
 9     0.342    -0.889     0.304
 9    -0.077     0.296     0.952
 9    -0.936    -0.349     0.033
 2    95.914   -19.338    59.897
 2    -0.444    -0.891    -0.095
 2     0.864    -0.454     0.217
 2    -0.236     0.014     0.971
 3   130.083    -4.625    -0.566
 3     0.685    -0.196    -0.702
 3     0.312     0.949     0.041
 3     0.658    -0.247     0.711
 4   110.697     2.568    -8.099
 4     0.446    -0.350     0.824
 4     0.291     0.927     0.235
 4    -0.846     0.135     0.516
 5   122.488    14.763    -7.748
 5     0.873     0.332     0.357
 5     0.375     0.010    -0.927
 5    -0.312     0.943    -0.116
 6   144.836    15.561   -23.593
 6     0.882    -0.039     0.469
 6    -0.100     0.958     0.266
 6    -0.460    -0.282     0.842
 7   110.716   -16.668    -5.189
 7     0.452     0.338     0.825
 7    -0.202     0.940    -0.275
 7    -0.869    -0.042     0.493
 8   125.779   -24.682    -8.664
 8     0.601    -0.737    -0.309
 8    -0.274    -0.553     0.786
 8    -0.750    -0.388    -0.535
 9   129.403   -28.478   -28.969
 9     0.310    -0.900     0.304
 9    -0.066     0.299     0.952
 9    -0.948    -0.316     0.033
 2    95.912   -19.314    59.900
 2    -0.444    -0.891    -0.095
 2     0.864    -0.454     0.217
 2    -0.237     0.014     0.971
 3   129.840    -4.579    -0.726
 3     0.688    -0.203    -0.697
 3     0.316     0.948     0.036
 3     0.653    -0.245     0.716
 4   110.395     2.561    -8.004
 4     0.435    -0.354     0.828
 4     0.292     0.925     0.241
 4    -0.851     0.137     0.506
 5   122.060    14.857    -7.774
 5     0.866     0.342     0.365
 5     0.383     0.016    -0.924
 5    -0.322     0.939    -0.117
 6   144.280    15.804   -24.040
 6     0.877    -0.051     0.478
 6    -0.093     0.958     0.272
 6    -0.472    -0.283     0.835
 7   110.346   -16.606    -4.973
 7     0.441     0.340     0.830
 7    -0.200     0.939    -0.279
 7    -0.875    -0.043     0.482
 8   125.356   -24.748    -8.783
 8     0.585    -0.747    -0.316
 8    -0.276    -0.550     0.788
 8    -0.762    -0.374    -0.528
 9   128.621   -28.425   -29.229
 9     0.288    -0.907     0.305
 9    -0.065     0.299     0.952
 9    -0.955    -0.295     0.027
 2    95.912   -19.314    59.900
 2    -0.444    -0.891    -0.095
 2     0.864    -0.454     0.217
 2    -0.237     0.014     0.971
 3   129.707    -4.531    -0.719
 3     0.690    -0.206    -0.694
 3     0.316     0.948     0.033
 3     0.651    -0.243     0.719
 4   110.284     2.609    -7.946
 4     0.432    -0.355     0.829
 4     0.293     0.924     0.243
 4    -0.853     0.138     0.504
 5   121.876    14.931    -7.792
 5     0.863     0.344     0.369
 5     0.386     0.019    -0.922
 5    -0.325     0.938    -0.117
 6   144.094    15.979   -24.206
 6     0.875    -0.057     0.481
 6    -0.089     0.957     0.276
 6    -0.476    -0.284     0.832
 7   110.236   -16.397    -5.004
 7     0.427     0.347     0.835
 7    -0.195     0.937    -0.290
 7    -0.883    -0.039     0.468
 8   124.879   -24.640    -9.022
 8     0.567    -0.760    -0.317
 8    -0.280    -0.540     0.794
 8    -0.775    -0.361    -0.518
 9   127.902   -28.174   -29.539
 9     0.267    -0.912     0.312
 9    -0.063     0.306     0.950
 9    -0.962    -0.273     0.025
 2    95.912   -19.314    59.900
 2    -0.444    -0.891    -0.095
 2     0.864    -0.453     0.217
 2    -0.237     0.014     0.971
 3   129.703    -4.507    -0.767
 3     0.691    -0.208    -0.692
 3     0.315     0.948     0.031
 3     0.650    -0.240     0.721
 4   110.274     2.605    -7.989
 4     0.428    -0.354     0.831
 4     0.292     0.925     0.243
 4    -0.855     0.139     0.499
 5   121.860    14.926    -7.829
 5     0.860     0.351     0.369
 5     0.387     0.019    -0.922
 5    -0.331     0.936    -0.120
 6   143.963    15.976   -24.348
 6     0.873    -0.062     0.483
 6    -0.088     0.956     0.280
 6    -0.479    -0.287     0.829
 7   110.033   -16.370    -4.949
 7     0.409     0.359     0.838
 7    -0.195     0.932    -0.305
 7    -0.891    -0.038     0.451
 8   124.495   -24.662    -9.301
 8     0.544    -0.775    -0.320
 8    -0.281    -0.528     0.801
 8    -0.790    -0.346    -0.506
 9   126.703   -28.159   -30.132
 9     0.233    -0.918     0.320
 9    -0.054     0.317     0.947
 9    -0.971    -0.238     0.024
 2    95.912   -19.314    59.900
 2    -0.444    -0.891    -0.095
 2     0.864    -0.454     0.217
 2    -0.237     0.014     0.971
 3   129.694    -4.510    -0.832
 3     0.694    -0.207    -0.689
 3     0.314     0.949     0.032
 3     0.647    -0.239     0.724
 4   110.116     2.413    -7.949
 4     0.415    -0.354     0.838
 4     0.286     0.925     0.249
 4    -0.863     0.136     0.486
 5   121.570    14.724    -8.165
 5     0.848     0.375     0.373
 5     0.391     0.031    -0.920
 5    -0.357     0.926    -0.121
 6   143.258    15.647   -25.332
 6     0.859    -0.076     0.506
 6    -0.088     0.952     0.291
 6    -0.504    -0.295     0.811
 7   109.685   -16.384    -4.794
 7     0.378     0.369     0.849
 7    -0.192     0.928    -0.318
 7    -0.905    -0.042     0.422
 8   123.691   -24.827    -9.845
 8     0.503    -0.800    -0.327
 8    -0.285    -0.510     0.811
 8    -0.816    -0.315    -0.485
 9   124.833   -28.169   -30.964
 9     0.177    -0.927     0.330
 9    -0.050     0.326     0.944
 9    -0.983    -0.184     0.011
 2    95.962   -19.314    59.899
 2    -0.444    -0.891    -0.095
 2     0.864    -0.454     0.217
 2    -0.237     0.015     0.971
 3   129.689    -4.641    -0.977
 3     0.698    -0.203    -0.687
 3     0.311     0.949     0.036
 3     0.645    -0.239     0.726
 4   109.919     2.223    -7.915
 4     0.407    -0.356     0.841
 4     0.280     0.925     0.256
 4    -0.869     0.131     0.476
 5   121.271    14.577    -8.515
 5     0.839     0.392     0.377
 5     0.393     0.044    -0.918
 5    -0.377     0.919    -0.117
 6   142.665    15.527   -26.208
 6     0.848    -0.090     0.522
 6    -0.086     0.949     0.302
 6    -0.523    -0.301     0.797
 7   109.176   -16.276    -4.679
 7     0.345     0.377     0.859
 7    -0.184     0.925    -0.332
 7    -0.920    -0.043     0.389
 8   122.562   -24.807   -10.523
 8     0.441    -0.829    -0.343
 8    -0.281    -0.491     0.825
 8    -0.852    -0.268    -0.449
 9   122.293   -27.953   -31.635
 9     0.092    -0.939     0.331
 9    -0.040     0.328     0.943
 9    -0.995    -0.100    -0.007
 2    95.962   -19.314    59.899
 2    -0.444    -0.891    -0.095
 2     0.864    -0.454     0.217
 2    -0.237     0.015     0.971
 3   129.582    -4.722    -1.219
 3     0.702    -0.197    -0.684
 3     0.307     0.951     0.041
 3     0.642    -0.239     0.728
 4   109.647     2.033    -7.830
 4     0.398    -0.359     0.844
 4     0.274     0.925     0.263
 4    -0.875     0.126     0.466
 5   120.813    14.376    -8.756
 5     0.827     0.412     0.383
 5     0.396     0.057    -0.916
 5    -0.400     0.909    -0.116
 6   141.796    15.204   -27.085
 6     0.836    -0.106     0.537
 6    -0.082     0.946     0.313
 6    -0.542    -0.306     0.783
 7   108.679   -16.285    -4.587
 7     0.320     0.388     0.864
 7    -0.186     0.920    -0.344
 7    -0.929    -0.051     0.367
 8   121.574   -24.867   -10.864
 8     0.399    -0.847    -0.351
 8    -0.281    -0.477     0.833
 8    -0.873    -0.234    -0.428
 9   120.751   -28.133   -31.793
 9     0.039    -0.944     0.327
 9    -0.031     0.326     0.945
 9    -0.999    -0.047    -0.016
 2    95.912   -19.314    59.900
 2    -0.444    -0.891    -0.095
 2     0.864    -0.454     0.217
 2    -0.237     0.014     0.971
 3   129.368    -4.881    -1.505
 3     0.709    -0.192    -0.678
 3     0.302     0.952     0.047
 3     0.637    -0.238     0.733
 4   109.158     1.858    -7.771
 4     0.383    -0.360     0.850
 4     0.263     0.925     0.273
 4    -0.885     0.119     0.449
 5   120.200    14.214    -9.187
 5     0.807     0.440     0.394
 5     0.400     0.085    -0.913
 5    -0.435     0.894    -0.108
 6   140.613    15.125   -28.546
 6     0.818    -0.132     0.559
 6    -0.066     0.945     0.320
 6    -0.571    -0.299     0.764
 7   108.300   -16.326    -4.358
 7     0.308     0.392     0.867
 7    -0.197     0.917    -0.345
 7    -0.931    -0.065     0.360
 8   121.133   -25.074   -10.828
 8     0.387    -0.850    -0.358
 8    -0.286    -0.479     0.830
 8    -0.877    -0.219    -0.428
 9   120.515   -28.443   -31.558
 9     0.026    -0.949     0.313
 9    -0.028     0.313     0.949
 9    -0.999    -0.033    -0.019
 2    95.912   -19.314    59.900
 2    -0.444    -0.891    -0.095
 2     0.864    -0.454     0.217
 2    -0.237     0.014     0.971
 3   129.001    -4.963    -1.533
 3     0.713    -0.193    -0.674
 3     0.305     0.951     0.050
 3     0.631    -0.241     0.737
 4   108.596     1.661    -7.666
 4     0.369    -0.365     0.854
 4     0.255     0.924     0.284
 4    -0.894     0.113     0.434
 5   119.303    13.945    -9.659
 5     0.783     0.470     0.406
 5     0.403     0.113    -0.908
 5    -0.473     0.875    -0.101
 6   139.210    14.839   -29.740
 6     0.797    -0.153     0.584
 6    -0.060     0.942     0.329
 6    -0.601    -0.297     0.742
 7   108.017   -16.482    -4.262
 7     0.304     0.388     0.870
 7    -0.204     0.918    -0.339
 7    -0.931    -0.074     0.359
 8   121.033   -25.242   -10.594
 8     0.391    -0.846    -0.362
