% Calibrated with leiden_pols
% Positions are in centimeters
Data =[
 2    95.962   -19.314    59.899
 2    -0.444    -0.891    -0.094
 2     0.864    -0.453     0.217
 2    -0.237     0.015     0.971
 3   131.624    -5.570     3.844
 3     0.576     0.013    -0.818
 3     0.245     0.951     0.188
 3     0.780    -0.309     0.544
 4   117.767     3.161    -8.170
 4     0.716    -0.219     0.663
 4     0.251     0.967     0.049
 4    -0.652     0.131     0.747
 5   128.814    16.246    -1.194
 5     0.842    -0.311     0.440
 5     0.459    -0.014    -0.888
 5     0.282     0.950     0.131
 6   141.521     2.499     5.233
 6    -0.213     0.969    -0.125
 6    -0.906    -0.149     0.396
 6     0.365     0.197     0.910
 7   114.994   -16.663    -5.687
 7     0.656     0.424     0.624
 7    -0.321     0.905    -0.278
 7    -0.682    -0.018     0.730
 8   129.704   -28.289    -0.088
 8     0.924    -0.122     0.362
 8    -0.380    -0.179     0.907
 8    -0.046    -0.976    -0.212
 9   146.094   -20.211    -0.359
 9     0.122    -0.397    -0.910
 9     0.733     0.654    -0.187
 9     0.669    -0.644     0.370
 2    95.962   -19.314    59.899
 2    -0.444    -0.891    -0.094
 2     0.864    -0.453     0.217
 2    -0.237     0.015     0.971
 3   131.607    -5.525     3.632
 3     0.582     0.010    -0.813
 3     0.244     0.952     0.186
 3     0.776    -0.307     0.551
 4   117.677     3.286    -8.267
 4     0.711    -0.223     0.667
 4     0.256     0.965     0.049
 4    -0.655     0.136     0.743
 5   128.706    16.399    -1.217
 5     0.841    -0.307     0.445
 5     0.463    -0.019    -0.886
 5     0.280     0.951     0.126
 6   141.404     2.852     4.973
 6    -0.206     0.970    -0.127
 6    -0.911    -0.143     0.387
 6     0.358     0.195     0.913
 7   114.986   -16.614    -5.758
 7     0.656     0.423     0.625
 7    -0.318     0.906    -0.279
 7    -0.684    -0.016     0.729
 8   129.772   -28.189    -0.258
 8     0.924    -0.124     0.360
 8    -0.378    -0.177     0.909
 8    -0.049    -0.976    -0.210
 9   146.145   -20.109    -0.593
 9     0.122    -0.400    -0.908
 9     0.732     0.654    -0.190
 9     0.670    -0.642     0.373
 2    95.962   -19.314    59.899
 2    -0.444    -0.891    -0.094
 2     0.864    -0.453     0.218
 2    -0.237     0.015     0.971
 3   131.655    -5.450     3.529
 3     0.582     0.006    -0.813
 3     0.243     0.953     0.182
 3     0.776    -0.304     0.553
 4   117.756     3.391    -8.326
 4     0.712    -0.226     0.665
 4     0.259     0.964     0.050
 4    -0.653     0.136     0.745
 5   128.710    16.477    -1.198
 5     0.840    -0.309     0.446
 5     0.463    -0.021    -0.886
 5     0.282     0.951     0.125
 6   141.450     2.953     4.924
 6    -0.205     0.970    -0.130
 6    -0.911    -0.141     0.387
 6     0.357     0.197     0.913
 7   115.168   -16.558    -5.873
 7     0.660     0.422     0.622
 7    -0.318     0.906    -0.277
 7    -0.681    -0.015     0.732
 8   129.898   -28.061    -0.287
 8     0.925    -0.123     0.358
 8    -0.375    -0.178     0.910
 8    -0.048    -0.976    -0.211
 9   146.234   -19.983    -0.758
 9     0.119    -0.402    -0.908
 9     0.735     0.650    -0.192
 9     0.667    -0.645     0.373
 2    95.962   -19.314    59.899
 2    -0.444    -0.891    -0.094
 2     0.864    -0.453     0.218
 2    -0.237     0.015     0.971
 3   131.831    -5.448     3.454
 3     0.581     0.008    -0.814
 3     0.245     0.952     0.184
 3     0.776    -0.307     0.551
 4   117.944     3.343    -8.460
 4     0.715    -0.225     0.661
 4     0.255     0.965     0.052
 4    -0.650     0.132     0.748
 5   128.868    16.480    -1.282
 5     0.839    -0.312     0.446
 5     0.464    -0.019    -0.886
 5     0.285     0.950     0.128
 6   141.523     2.898     4.874
 6    -0.211     0.968    -0.135
 6    -0.910    -0.144     0.389
 6     0.357     0.204     0.911
 7   115.305   -16.655    -5.912
 7     0.662     0.424     0.618
 7    -0.322     0.905    -0.276
 7    -0.677    -0.016     0.736
 8   130.008   -28.056    -0.223
 8     0.926    -0.121     0.356
 8    -0.374    -0.184     0.909
 8    -0.044    -0.975    -0.215
 9   146.346   -19.935    -0.741
 9     0.117    -0.403    -0.908
 9     0.739     0.645    -0.191
 9     0.663    -0.649     0.373
 2    95.912   -19.314    59.899
 2    -0.444    -0.891    -0.094
 2     0.864    -0.453     0.217
 2    -0.237     0.015     0.971
 3   131.975    -5.620     3.507
 3     0.575     0.011    -0.818
 3     0.243     0.952     0.184
 3     0.781    -0.305     0.545
 4   118.134     3.248    -8.425
 4     0.719    -0.225     0.656
 4     0.255     0.965     0.051
 4    -0.645     0.131     0.752
 5   129.001    16.432    -1.239
 5     0.838    -0.316     0.445
 5     0.464    -0.019    -0.886
 5     0.288     0.949     0.130
 6   141.617     2.947     4.880
 6    -0.211     0.968    -0.137
 6    -0.911    -0.144     0.387
 6     0.355     0.206     0.911
 7   115.468   -16.826    -5.906
 7     0.666     0.426     0.613
 7    -0.324     0.905    -0.276
 7    -0.672    -0.015     0.740
 8   130.141   -28.104    -0.180
 8     0.926    -0.119     0.357
 8    -0.375    -0.186     0.908
 8    -0.041    -0.975    -0.217
 9   146.344   -19.987    -0.661
 9     0.116    -0.401    -0.909
 9     0.740     0.644    -0.190
 9     0.662    -0.651     0.372
 2    95.912   -19.314    59.899
 2    -0.444    -0.891    -0.094
 2     0.864    -0.453     0.218
 2    -0.237     0.015     0.971
 3   131.936    -5.665     3.671
 3     0.569     0.009    -0.822
 3     0.246     0.952     0.181
 3     0.784    -0.305     0.540
 4   118.144     3.176    -8.409
 4     0.722    -0.227     0.653
 4     0.256     0.965     0.052
 4    -0.642     0.129     0.755
 5   128.904    16.408    -1.241
 5     0.837    -0.317     0.446
 5     0.465    -0.020    -0.885
 5     0.289     0.948     0.131
 6   141.564     2.895     4.934
 6    -0.212     0.967    -0.138
 6    -0.911    -0.144     0.387
 6     0.354     0.208     0.911
 7   115.425   -16.923    -5.817
 7     0.669     0.424     0.610
 7    -0.323     0.906    -0.275
 7    -0.669    -0.014     0.743
 8   130.068   -28.230    -0.107
 8     0.926    -0.118     0.358
 8    -0.375    -0.188     0.908
 8    -0.040    -0.975    -0.218
 9   146.335   -20.065    -0.546
 9     0.115    -0.400    -0.909
 9     0.743     0.642    -0.188
 9     0.659    -0.654     0.371
 2    95.962   -19.314    59.899
 2    -0.444    -0.891    -0.094
 2     0.864    -0.453     0.217
 2    -0.237     0.015     0.971
 3   131.916    -5.740     3.666
 3     0.569     0.009    -0.823
 3     0.246     0.952     0.181
 3     0.785    -0.306     0.539
 4   118.069     3.075    -8.359
 4     0.722    -0.228     0.653
 4     0.257     0.965     0.053
 4    -0.642     0.129     0.755
 5   128.901    16.357    -1.213
 5     0.837    -0.316     0.447
 5     0.465    -0.021    -0.885
 5     0.288     0.948     0.130
 6   141.504     2.894     4.949
 6    -0.207     0.969    -0.137
 6    -0.914    -0.141     0.380
 6     0.349     0.203     0.914
 7   115.304   -16.926    -5.736
 7     0.666     0.428     0.610
 7    -0.328     0.904    -0.275
 7    -0.669    -0.017     0.743
 8   129.552   -28.593     0.480
 8     0.913    -0.153     0.378
 8    -0.404    -0.223     0.887
 8    -0.052    -0.963    -0.265
 9   145.979   -21.030    -1.014
 9     0.165    -0.403    -0.900
 9     0.774     0.619    -0.135
 9     0.612    -0.674     0.413
 2    95.965   -19.313    59.897
 2    -0.443    -0.891    -0.094
 2     0.864    -0.453     0.217
 2    -0.236     0.015     0.971
 3   131.907    -5.742     3.675
 3     0.571     0.006    -0.821
 3     0.248     0.952     0.180
 3     0.783    -0.306     0.542
 4   117.819     3.120    -8.339
 4     0.713    -0.237     0.660
 4     0.264     0.963     0.059
 4    -0.649     0.132     0.749
 5   128.387    16.361    -1.040
 5     0.828    -0.287     0.481
 5     0.485    -0.062    -0.872
 5     0.280     0.956     0.088
 6   141.746     3.372     3.919
 6    -0.139     0.982    -0.125
 6    -0.944    -0.093     0.315
 6     0.298     0.161     0.941
 7   115.168   -17.062    -5.561
 7     0.656     0.440     0.612
 7    -0.346     0.897    -0.274
 7    -0.670    -0.032     0.741
 8   129.089   -29.179     0.979
 8     0.893    -0.198     0.404
 8    -0.446    -0.273     0.852
 8    -0.058    -0.941    -0.332
 9   145.663   -22.671    -1.582
 9     0.248    -0.401    -0.882
 9     0.819     0.573    -0.031
 9     0.518    -0.714     0.470
 2    95.962   -19.314    59.899
 2    -0.444    -0.891    -0.094
 2     0.864    -0.453     0.218
 2    -0.237     0.015     0.971
 3   131.914    -5.618     3.515
 3     0.573    -0.003    -0.820
 3     0.253     0.952     0.173
 3     0.779    -0.307     0.546
 4   117.669     3.247    -8.280
 4     0.703    -0.253     0.665
 4     0.280     0.958     0.068
 4    -0.654     0.138     0.744
 5   128.094    16.501    -0.744
 5     0.818    -0.261     0.513
 5     0.502    -0.113    -0.858
 5     0.281     0.959     0.038
 6   142.224     4.313     2.627
 6    -0.057     0.991    -0.123
 6    -0.980    -0.033     0.194
 6     0.188     0.132     0.973
 7   115.368   -17.238    -5.357
 7     0.648     0.452     0.612
 7    -0.375     0.890    -0.259
 7    -0.662    -0.062     0.747
 8   128.591   -29.818     2.395
 8     0.865    -0.271     0.422
 8    -0.499    -0.377     0.780
 8    -0.052    -0.885    -0.462
 9   145.010   -24.940    -1.633
 9     0.362    -0.419    -0.833
 9     0.870     0.471     0.141
 9     0.334    -0.776     0.535
 2    95.962   -19.314    59.899
 2    -0.444    -0.891    -0.094
 2     0.864    -0.453     0.218
 2    -0.237     0.015     0.971
 3   132.068    -5.435     3.504
 3     0.569    -0.013    -0.822
 3     0.257     0.952     0.163
 3     0.781    -0.305     0.545
 4   117.594     3.405    -8.234
 4     0.691    -0.275     0.669
 4     0.302     0.950     0.078
 4    -0.657     0.148     0.739
 5   127.752    16.657    -0.168
 5     0.804    -0.228     0.549
 5     0.516    -0.191    -0.835
 5     0.295     0.954    -0.036
 6   142.378     5.167     0.850
 6     0.020     0.994    -0.109
 6    -0.999     0.024     0.040
 6     0.042     0.108     0.993
 7   115.434   -17.362    -5.308
 7     0.642     0.457     0.615
 7    -0.397     0.885    -0.243
 7    -0.655    -0.088     0.750
 8   128.330   -30.124     3.771
 8     0.841    -0.365     0.399
 8    -0.538    -0.484     0.690
 8    -0.059    -0.795    -0.604
 9   143.818   -27.242    -2.543
 9     0.472    -0.492    -0.732
 9     0.879     0.328     0.346
 9     0.070    -0.806     0.587
 2    95.962   -19.314    59.899
 2    -0.444    -0.891    -0.094
 2     0.864    -0.453     0.217
 2    -0.237     0.015     0.971
 3   132.146    -5.331     3.365
 3     0.566    -0.021    -0.824
 3     0.257     0.954     0.152
 3     0.783    -0.298     0.545
 4   117.569     3.710    -8.281
 4     0.680    -0.287     0.674
 4     0.316     0.945     0.083
 4    -0.661     0.157     0.734
 5   127.712    16.814    -0.019
 5     0.806    -0.199     0.557
 5     0.513    -0.236    -0.825
 5     0.295     0.951    -0.088
 6   142.479     6.437    -0.689
 6     0.071     0.996    -0.051
 6    -0.988     0.063    -0.140
 6    -0.137     0.061     0.989
 7   115.592   -17.354    -5.268
 7     0.638     0.458     0.619
 7    -0.423     0.880    -0.216
 7    -0.644    -0.124     0.755
 8   128.620   -29.145     6.091
 8     0.832    -0.439     0.340
 8    -0.554    -0.616     0.560
 8    -0.036    -0.655    -0.755
 9   142.588   -29.152    -1.821
 9     0.508    -0.598    -0.620
 9     0.815     0.101     0.569
 9    -0.278    -0.795     0.539
 2    95.962   -19.314    59.899
 2    -0.443    -0.891    -0.094
 2     0.864    -0.453     0.218
 2    -0.237     0.015     0.971
 3   132.293    -5.153     3.312
 3     0.565    -0.027    -0.824
 3     0.257     0.955     0.146
 3     0.783    -0.294     0.547
 4   117.480     3.891    -8.236
 4     0.674    -0.296     0.677
 4     0.328     0.941     0.084
 4    -0.662     0.165     0.731
 5   127.659    16.770     0.397
 5     0.812    -0.172     0.558
 5     0.502    -0.284    -0.817
 5     0.299     0.943    -0.145
 6   141.791     7.518    -1.812
 6     0.076     0.996     0.034
 6    -0.959     0.083    -0.271
 6    -0.273    -0.012     0.962
 7   115.661   -17.464    -5.071
 7     0.637     0.455     0.621
 7    -0.446     0.876    -0.184
 7    -0.628    -0.160     0.761
 8   129.207   -28.027     7.415
 8     0.832    -0.482     0.274
 8    -0.554    -0.700     0.449
 8    -0.025    -0.526    -0.850
 9   141.671   -29.912    -1.619
 9     0.460    -0.686    -0.564
 9     0.731    -0.067     0.679
 9    -0.504    -0.725     0.470
 2    95.962   -19.314    59.899
 2    -0.444    -0.891    -0.094
 2     0.864    -0.453     0.218
 2    -0.237     0.015     0.971
 3   132.283    -5.028     3.194
 3     0.567    -0.034    -0.823
 3     0.260     0.955     0.139
 3     0.781    -0.293     0.550
 4   117.286     4.070    -8.235
 4     0.665    -0.306     0.681
 4     0.340     0.936     0.089
 4    -0.665     0.172     0.727
 5   127.598    16.767     0.463
 5     0.819    -0.155     0.553
 5     0.491    -0.309    -0.814
 5     0.297     0.938    -0.177
 6   141.246     8.715    -2.902
 6     0.076     0.989     0.129
 6    -0.918     0.120    -0.378
 6    -0.389    -0.089     0.917
 7   115.630   -17.511    -4.996
 7     0.636     0.450     0.626
 7    -0.452     0.875    -0.171
 7    -0.625    -0.175     0.760
 8   129.770   -27.268     8.293
 8     0.845    -0.481     0.231
 8    -0.534    -0.758     0.374
 8    -0.005    -0.440    -0.898
 9   141.161   -30.487    -0.660
 9     0.372    -0.748    -0.550
 9     0.617    -0.243     0.748
 9    -0.693    -0.618     0.371
 2    95.962   -19.314    59.950
 2    -0.444    -0.891    -0.094
 2     0.864    -0.453     0.218
 2    -0.237     0.015     0.971
 3   132.402    -4.927     3.070
 3     0.568    -0.040    -0.822
 3     0.262     0.955     0.134
 3     0.780    -0.292     0.554
 4   117.121     4.250    -8.191
 4     0.658    -0.313     0.685
 4     0.351     0.932     0.089
 4    -0.666     0.182     0.723
 5   127.717    16.584     0.796
 5     0.835    -0.137     0.532
 5     0.463    -0.348    -0.815
 5     0.297     0.927    -0.228
 6   140.772     9.244    -3.409
 6     0.066     0.978     0.195
 6    -0.863     0.154    -0.480
 6    -0.500    -0.137     0.855
 7   115.367   -17.687    -4.664
 7     0.628     0.452     0.633
 7    -0.471     0.869    -0.154
 7    -0.619    -0.201     0.759
 8   130.363   -25.917     9.080
 8     0.864    -0.474     0.169
 8    -0.503    -0.820     0.271
 8     0.010    -0.320    -0.947
 9   140.313   -30.518     0.271
 9     0.256    -0.792    -0.554
 9     0.489    -0.388     0.781
 9    -0.833    -0.472     0.288
 2    95.912   -19.314    59.899
 2    -0.444    -0.891    -0.094
 2     0.864    -0.453     0.218
 2    -0.237     0.015     0.971
 3   132.385    -4.933     2.858
 3     0.575    -0.044    -0.817
 3     0.260     0.956     0.132
 3     0.776    -0.288     0.561
 4   116.754     4.563    -8.040
 4     0.650    -0.315     0.691
 4     0.369     0.926     0.074
 4    -0.664     0.206     0.719
 5   127.929    16.461     1.474
 5     0.866    -0.122     0.485
 5     0.406    -0.394    -0.824
 5     0.292     0.911    -0.292
 6   140.008     9.821    -3.875
 6     0.029     0.967     0.254
 6    -0.787     0.178    -0.590
 6    -0.616    -0.183     0.766
 7   114.824   -18.055    -3.922
 7     0.605     0.471     0.641
 7    -0.501     0.852    -0.152
 7    -0.618    -0.229     0.752
 8   130.827   -24.748    10.069
 8     0.892    -0.434     0.122
 8    -0.450    -0.872     0.191
 8     0.023    -0.226    -0.974
 9   139.637   -30.783     1.222
 9     0.134    -0.808    -0.573
 9     0.357    -0.500     0.789
 9    -0.924    -0.311     0.222
 2    95.962   -19.314    59.950
 2    -0.444    -0.891    -0.094
 2     0.864    -0.453     0.218
 2    -0.237     0.015     0.971
 3   132.422    -4.940     2.743
 3     0.580    -0.045    -0.813
 3     0.255     0.958     0.128
 3     0.773    -0.282     0.568
 4   115.901     4.981    -7.638
 4     0.632    -0.336     0.698
 4     0.401     0.913     0.077
 4    -0.663     0.231     0.712
 5   127.694    16.047     1.940
 5     0.894    -0.092     0.438
 5     0.358    -0.443    -0.822
 5     0.270     0.892    -0.363
 6   138.778    10.569    -4.386
 6    -0.027     0.954     0.298
 6    -0.698     0.195    -0.689
 6    -0.715    -0.227     0.661
 7   114.309   -18.354    -3.571
 7     0.579     0.492     0.650
 7    -0.525     0.835    -0.164
 7    -0.623    -0.246     0.742
 8   130.819   -24.054    10.452
 8     0.908    -0.408     0.089
 8    -0.417    -0.900     0.126
 8     0.028    -0.152    -0.988
 9   138.788   -30.528     1.442
 9     0.034    -0.803    -0.595
 9     0.265    -0.566     0.780
 9    -0.964    -0.184     0.193
 2    95.912   -19.314    59.899
 2    -0.444    -0.891    -0.094
 2     0.864    -0.453     0.218
 2    -0.237     0.015     0.971
 3   132.303    -5.015     2.188
 3     0.604    -0.053    -0.795
 3     0.253     0.959     0.128
 3     0.755    -0.279     0.593
 4   114.995     5.028    -7.390
 4     0.604    -0.360     0.711
 4     0.424     0.900     0.095
 4    -0.674     0.244     0.697
 5   127.260    15.789     2.195
 5     0.915    -0.085     0.393
 5     0.311    -0.472    -0.825
 5     0.256     0.878    -0.405
 6   137.879    11.116    -4.573
 6    -0.068     0.949     0.308
 6    -0.621     0.202    -0.757
 6    -0.781    -0.243     0.576
 7   113.697   -18.511    -3.308
 7     0.556     0.497     0.666
 7    -0.527     0.830    -0.179
 7    -0.642    -0.251     0.724
 8   131.003   -23.360    10.096
 8     0.930    -0.364     0.052
 8    -0.368    -0.923     0.112
 8     0.007    -0.123    -0.992
 9   138.342   -29.659     0.771
 9    -0.029    -0.783    -0.621
 9     0.225    -0.611     0.759
 9    -0.974    -0.118     0.194
 2    95.962   -19.314    59.899
 2    -0.444    -0.891    -0.094
 2     0.864    -0.453     0.218
 2    -0.237     0.015     0.971
 3   132.130    -5.032     2.015
 3     0.621    -0.059    -0.781
 3     0.252     0.959     0.128
 3     0.742    -0.277     0.611
 4   114.303     5.310    -7.142
 4     0.583    -0.370     0.723
 4     0.446     0.890     0.096
 4    -0.679     0.266     0.684
 5   127.154    15.529     2.532
 5     0.935    -0.087     0.342
 5     0.257    -0.496    -0.829
 5     0.242     0.864    -0.442
 6   137.047    11.076    -4.466
 6    -0.126     0.943     0.306
 6    -0.558     0.187    -0.808
 6    -0.820    -0.273     0.503
 7   113.377   -18.527    -3.207
 7     0.544     0.493     0.678
 7    -0.526     0.830    -0.182
 7    -0.653    -0.258     0.712
 8   131.158   -22.556     9.923
 8     0.952    -0.303     0.030
 8    -0.305    -0.948     0.093
 8     0.000    -0.098    -0.995
 9   138.305   -28.199     0.493
 9    -0.098    -0.739    -0.667
 9     0.179    -0.672     0.718
 9    -0.979    -0.049     0.198
 2    95.962   -19.314    59.899
 2    -0.444    -0.891    -0.094
 2     0.864    -0.453     0.218
 2    -0.237     0.015     0.971
 3   131.944    -4.916     1.797
 3     0.631    -0.070    -0.773
 3     0.253     0.960     0.120
 3     0.733    -0.271     0.623
 4   113.849     5.618    -6.698
 4     0.568    -0.374     0.733
 4     0.463     0.882     0.091
 4    -0.681     0.288     0.674
 5   127.193    15.219     2.749
 5     0.951    -0.089     0.297
 5     0.211    -0.516    -0.830
 5     0.226     0.852    -0.472
 6   136.575    11.022    -4.457
 6    -0.187     0.932     0.308
 6    -0.518     0.173    -0.838
 6    -0.835    -0.317     0.451
 7   113.384   -18.879    -2.938
 7     0.545     0.472     0.693
 7    -0.523     0.837    -0.159
 7    -0.655    -0.276     0.703
 8   131.727   -21.835     9.953
 8     0.966    -0.256     0.005
 8    -0.256    -0.964     0.077
 8    -0.014    -0.076    -0.997
 9   138.380   -27.158    -0.196
 9    -0.176    -0.699    -0.693
 9     0.159    -0.715     0.681
 9    -0.971     0.010     0.237
 2    95.912   -19.314    59.899
 2    -0.444    -0.891    -0.094
 2     0.864    -0.453     0.218
 2    -0.237     0.015     0.971
 3   132.080    -4.817     1.630
 3     0.634    -0.081    -0.769
 3     0.255     0.960     0.109
 3     0.730    -0.266     0.629
 4   113.547     5.989    -6.326
 4     0.546    -0.388     0.742
 4     0.491     0.866     0.092
 4    -0.679     0.314     0.664
 5   127.106    15.395     3.248
 5     0.952    -0.081     0.294
 5     0.206    -0.540    -0.816
 5     0.224     0.838    -0.497
 6   135.863    11.868    -3.666
 6    -0.220     0.916     0.336
 6    -0.475     0.200    -0.857
 6    -0.852    -0.348     0.391
 7   113.687   -19.151    -2.842
 7     0.550     0.460     0.696
 7    -0.518     0.842    -0.147
 7    -0.654    -0.280     0.702
 8   132.109   -21.657     9.930
 8     0.969    -0.245    -0.007
 8    -0.243    -0.967     0.069
 8    -0.024    -0.065    -0.998
 9   138.393   -27.138    -0.497
 9    -0.218    -0.685    -0.696
 9     0.151    -0.728     0.669
 9    -0.964     0.041     0.262
 2    95.912   -19.314    59.899
 2    -0.443    -0.891    -0.094
 2     0.864    -0.453     0.218
 2    -0.237     0.015     0.971
 3   132.168    -4.633     1.546
 3     0.628    -0.095    -0.773
 3     0.254     0.963     0.088
 3     0.736    -0.251     0.629
 4   113.610     6.563    -6.023
 4     0.528    -0.410     0.743
 4     0.535     0.841     0.084
 4    -0.660     0.353     0.663
 5   126.831    15.606     4.170
 5     0.944    -0.068     0.321
 5     0.221    -0.594    -0.774
 5     0.243     0.802    -0.546
 6   135.647    12.828    -2.684
 6    -0.215     0.912     0.349
 6    -0.447     0.226    -0.866
 6    -0.869    -0.343     0.358
 7   114.020   -19.341    -2.707
 7     0.555     0.468     0.687
 7    -0.529     0.837    -0.143
 7    -0.642    -0.284     0.712
 8   132.218   -21.818    10.353
 8     0.965    -0.261     0.009
 8    -0.261    -0.964     0.043
 8    -0.003    -0.044    -0.999
 9   138.225   -27.538     0.015
 9    -0.225    -0.685    -0.692
 9     0.141    -0.726     0.673
 9    -0.964     0.053     0.261
 2    95.962   -19.314    59.899
 2    -0.444    -0.891    -0.094
 2     0.864    -0.453     0.218
 2    -0.237     0.015     0.971
 3   132.458    -4.502     1.472
 3     0.624    -0.097    -0.776
 3     0.248     0.965     0.079
 3     0.741    -0.242     0.626
 4   113.864     6.950    -5.663
 4     0.518    -0.437     0.735
 4     0.564     0.821     0.090
 4    -0.643     0.368     0.672
 5   126.566    16.058     4.902
 5     0.929    -0.063     0.365
 5     0.250    -0.619    -0.745
 5     0.273     0.783    -0.559
 6   135.631    14.052    -1.496
 6    -0.178     0.912     0.368
 6    -0.426     0.266    -0.865
 6    -0.887    -0.311     0.341
 7   114.383   -19.378    -2.577
 7     0.557     0.483     0.675
 7    -0.542     0.828    -0.145
 7    -0.628    -0.286     0.723
 8   132.317   -22.011    10.863
 8     0.959    -0.282     0.023
 8    -0.282    -0.959     0.026
 8     0.015    -0.032    -0.999
 9   138.268   -28.186     0.720
 9    -0.214    -0.695    -0.686
 9     0.128    -0.717     0.685
 9    -0.968     0.059     0.242
 2    95.912   -19.314    59.899
 2    -0.444    -0.891    -0.094
 2     0.864    -0.453     0.217
 2    -0.237     0.015     0.971
 3   132.581    -4.451     1.522
 3     0.623    -0.099    -0.776
 3     0.248     0.965     0.076
 3     0.741    -0.240     0.626
 4   113.915     6.952    -5.474
 4     0.501    -0.454     0.737
 4     0.574     0.811     0.109
 4    -0.648     0.369     0.667
 5   126.508    16.347     5.046
 5     0.922    -0.047     0.382
 5     0.272    -0.624    -0.733
 5     0.273     0.780    -0.562
 6   135.444    14.508    -1.405
 6    -0.172     0.908     0.382
 6    -0.422     0.283    -0.861
 6    -0.890    -0.309     0.335
 7   114.601   -19.500    -2.544
 7     0.557     0.489     0.671
 7    -0.551     0.822    -0.143
 7    -0.622    -0.290     0.727
 8   132.369   -22.183    11.013
 8     0.955    -0.293     0.031
 8    -0.294    -0.956     0.016
 8     0.025    -0.025    -0.999
 9   138.287   -28.784     1.228
 9    -0.203    -0.701    -0.684
 9     0.115    -0.710     0.694
 9    -0.972     0.062     0.225
 2    95.962   -19.314    59.899
 2    -0.444    -0.891    -0.094
 2     0.864    -0.453     0.217
 2    -0.237     0.015     0.971
 3   132.908    -4.379     1.421
 3     0.628    -0.107    -0.771
 3     0.254     0.964     0.073
 3     0.735    -0.242     0.632
 4   113.878     6.896    -5.395
 4     0.480    -0.470     0.741
 4     0.580     0.803     0.133
 4    -0.658     0.366     0.658
 5   126.451    16.524     5.015
 5     0.919    -0.023     0.394
 5     0.294    -0.626    -0.722
 5     0.263     0.779    -0.568
 6   135.234    15.176    -1.523
 6    -0.171     0.895     0.412
 6    -0.422     0.311    -0.851
 6    -0.890    -0.319     0.324
 7   114.814   -19.598    -2.429
 7     0.556     0.493     0.669
 7    -0.556     0.819    -0.142
 7    -0.618    -0.293     0.730
 8   132.536   -22.280    11.203
 8     0.953    -0.302     0.034
 8    -0.302    -0.953     0.008
 8     0.030    -0.018    -0.999
 9   138.359   -29.039     1.355
 9    -0.203    -0.702    -0.682
 9     0.110    -0.709     0.697
 9    -0.973     0.066     0.221
 2    95.962   -19.314    59.899
 2    -0.444    -0.891    -0.094
 2     0.864    -0.453     0.218
 2    -0.237     0.015     0.971
 3   132.972    -4.433     1.332
 3     0.631    -0.109    -0.768
 3     0.256     0.964     0.073
 3     0.732    -0.243     0.636
 4   113.819     6.772    -5.345
 4     0.471    -0.479     0.741
 4     0.587     0.797     0.142
 4    -0.659     0.368     0.656
 5   126.181    16.587     5.074
 5     0.911    -0.013     0.411
 5     0.313    -0.628    -0.713
 5     0.267     0.778    -0.568
 6   135.092    15.403    -1.514
 6    -0.163     0.892     0.421
 6    -0.420     0.323    -0.848
 6    -0.893    -0.315     0.322
 7   114.767   -19.651    -2.526
 7     0.552     0.495     0.670
 7    -0.559     0.817    -0.143
 7    -0.618    -0.296     0.728
 8   132.494   -22.356    11.352
 8     0.950    -0.309     0.035
 8    -0.309    -0.951     0.005
 8     0.032    -0.015    -0.999
 9   138.239   -29.315     1.445
 9    -0.206    -0.702    -0.682
 9     0.106    -0.709     0.698
 9    -0.973     0.071     0.220
 2    95.912   -19.314    59.899
 2    -0.444    -0.891    -0.094
 2     0.864    -0.453     0.217
 2    -0.237     0.015     0.971
 3   132.893    -4.435     1.285
 3     0.633    -0.110    -0.767
 3     0.255     0.964     0.072
 3     0.731    -0.241     0.638
 4   113.603     6.963    -5.250
 4     0.465    -0.485     0.740
 4     0.599     0.788     0.140
 4    -0.652     0.378     0.657
 5   125.899    16.726     5.321
 5     0.907    -0.012     0.421
 5     0.318    -0.635    -0.704
 5     0.276     0.772    -0.573
 6   134.746    15.976    -1.049
 6    -0.147     0.892     0.427
 6    -0.409     0.339    -0.847
 6    -0.901    -0.299     0.315
 7   114.498   -19.657    -2.283
 7     0.543     0.502     0.672
 7    -0.568     0.810    -0.147
 7    -0.619    -0.302     0.725
 8   132.324   -22.509    11.382
 8     0.947    -0.318     0.032
 8    -0.318    -0.948    -0.002
 8     0.031    -0.008    -1.000
 9   137.814   -29.606     1.632
 9    -0.215    -0.702    -0.678
 9     0.100    -0.707     0.700
 9    -0.971     0.083     0.222
 2    95.962   -19.314    59.899
 2    -0.444    -0.891    -0.094
 2     0.864    -0.453     0.218
 2    -0.237     0.015     0.971
 3   132.713    -4.387     1.211
 3     0.635    -0.110    -0.765
 3     0.251     0.965     0.069
 3     0.730    -0.236     0.641
 4   113.309     7.203    -5.152
 4     0.457    -0.493     0.740
 4     0.610     0.779     0.142
 4    -0.646     0.387     0.658
 5   125.396    16.974     5.630
 5     0.898    -0.005     0.439
 5     0.331    -0.649    -0.685
 5     0.288     0.761    -0.582
 6   134.315    16.447    -0.559
 6    -0.138     0.891     0.432
 6    -0.399     0.349    -0.848
 6    -0.907    -0.289     0.307
 7   114.432   -19.706    -2.241
 7     0.542     0.505     0.671
 7    -0.571     0.808    -0.146
 7    -0.616    -0.304     0.727
 8   132.113   -22.557    11.524
 8     0.945    -0.324     0.034
 8    -0.324    -0.946    -0.011
 8     0.035    -0.001    -0.999
 9   137.541   -29.736     1.864
 9    -0.216    -0.702    -0.678
 9     0.096    -0.706     0.701
 9    -0.972     0.086     0.220
 2    95.962   -19.314    59.899
 2    -0.444    -0.891    -0.094
 2     0.864    -0.453     0.218
 2    -0.237     0.016     0.971
 3   132.541    -4.260     1.155
 3     0.634    -0.113    -0.765
 3     0.250     0.966     0.065
 3     0.731    -0.233     0.641
 4   113.136     7.259    -5.116
 4     0.454    -0.496     0.740
 4     0.616     0.775     0.140
 4    -0.643     0.393     0.657
 5   125.350    17.002     5.748
 5     0.898    -0.004     0.440
 5     0.331    -0.653    -0.682
 5     0.290     0.757    -0.585
 6   134.129    16.669    -0.307
 6    -0.136     0.891     0.432
 6    -0.392     0.352    -0.850
 6    -0.910    -0.286     0.301
 7   114.293   -19.651    -2.178
 7     0.544     0.506     0.669
 7    -0.574     0.806    -0.143
 7    -0.612    -0.307     0.729
 8   129.493   -22.874     9.448
 8     0.945    -0.324     0.036
 8    -0.323    -0.946    -0.016
 8     0.039     0.003    -0.999
 9   137.469   -29.656     2.058
 9    -0.217    -0.700    -0.680
 9     0.090    -0.708     0.700
 9    -0.972     0.090     0.217
 2    95.962   -19.314    59.899
 2    -0.444    -0.891    -0.094
 2     0.864    -0.453     0.218
 2    -0.237     0.015     0.971
 3   132.444    -4.158     1.201
 3     0.634    -0.115    -0.765
 3     0.250     0.966     0.063
 3     0.732    -0.232     0.641
 4   113.091     7.391    -5.079
 4     0.453    -0.497     0.740
 4     0.620     0.772     0.138
 4    -0.640     0.397     0.658
 5   125.229    17.003     5.840
 5     0.899    -0.005     0.438
 5     0.327    -0.658    -0.678
 5     0.292     0.752    -0.590
 6   134.022    16.735    -0.099
 6    -0.138     0.891     0.431
 6    -0.384     0.353    -0.853
 6    -0.913    -0.284     0.294
 7   114.273   -19.701    -2.129
 7     0.543     0.507     0.669
 7    -0.577     0.804    -0.142
 7    -0.611    -0.309     0.729
 8   129.347   -22.774     9.449
 8     0.945    -0.325     0.036
 8    -0.325    -0.946    -0.021
 8     0.040     0.008    -0.999
 9   137.287   -29.650     2.091
 9    -0.222    -0.698    -0.680
 9     0.088    -0.709     0.699
 9    -0.971     0.095     0.219
 2    95.912   -19.314    59.899
 2    -0.443    -0.891    -0.094
 2     0.864    -0.453     0.217
 2    -0.237     0.015     0.971
 3   132.418    -4.108     1.200
 3     0.634    -0.114    -0.765
 3     0.248     0.966     0.062
 3     0.732    -0.229     0.641
 4   113.018     7.445    -5.037
 4     0.451    -0.499     0.740
 4     0.624     0.769     0.137
 4    -0.638     0.400     0.658
 5   125.188    17.006     6.003
 5     0.899    -0.007     0.437
 5     0.323    -0.665    -0.674
 5     0.296     0.747    -0.596
 6   133.940    16.897     0.365
 6    -0.142     0.891     0.431
 6    -0.369     0.356    -0.858
 6    -0.918    -0.281     0.278
 7   114.188   -19.698    -2.092
 7     0.541     0.513     0.666
 7    -0.583     0.800    -0.142
 7    -0.606    -0.312     0.732
 8   129.249   -22.740     9.734
 8     0.944    -0.327     0.041
 8    -0.326    -0.945    -0.032
 8     0.050     0.017    -0.999
 9   137.215   -29.722     2.258
 9    -0.223    -0.698    -0.681
 9     0.082    -0.709     0.700
 9    -0.971     0.099     0.215
 2    95.912   -19.314    59.899
 2    -0.444    -0.891    -0.094
 2     0.864    -0.453     0.218
 2    -0.237     0.015     0.971
 3   132.321    -4.159     1.195
 3     0.635    -0.112    -0.764
 3     0.245     0.968     0.061
 3     0.733    -0.226     0.641
 4   113.002     7.670    -4.890
 4     0.451    -0.508     0.734
 4     0.639     0.758     0.131
 4    -0.623     0.410     0.666
 5   124.946    16.902     6.558
 5     0.895    -0.023     0.446
 5     0.311    -0.685    -0.659
 5     0.320     0.728    -0.606
 6   133.724    17.029     1.158
 6    -0.134     0.894     0.427
 6    -0.353     0.359    -0.864
 6    -0.926    -0.267     0.268
 7   114.129   -19.718    -2.010
 7     0.542     0.517     0.662
 7    -0.589     0.796    -0.140
 7    -0.600    -0.313     0.736
 8   129.143   -22.682     9.892
 8     0.943    -0.328     0.048
 8    -0.326    -0.944    -0.038
 8     0.058     0.020    -0.998
 9   137.088   -29.550     2.630
 9    -0.220    -0.695    -0.685
 9     0.082    -0.712     0.697
 9    -0.972     0.096     0.214
 2    95.912   -19.314    59.899
 2    -0.444    -0.891    -0.094
 2     0.864    -0.453     0.217
 2    -0.237     0.015     0.971
 3   132.275    -4.158     1.190
 3     0.634    -0.112    -0.766
 3     0.244     0.968     0.060
 3     0.734    -0.225     0.640
 4   113.017     7.644    -4.965
 4     0.460    -0.507     0.729
 4     0.635     0.761     0.129
 4    -0.621     0.403     0.672
 5   124.688    17.139     6.449
 5     0.888    -0.027     0.459
 5     0.325    -0.671    -0.667
 5     0.326     0.741    -0.587
 6   133.971    16.303     0.771
 6    -0.096     0.899     0.427
 6    -0.424     0.351    -0.834
 6    -0.900    -0.261     0.348
 7   114.305   -19.580    -2.316
 7     0.556     0.507     0.658
 7    -0.579     0.804    -0.130
 7    -0.596    -0.309     0.741
 8   131.292   -22.927    12.219
 8     0.943    -0.319     0.096
 8    -0.327    -0.942     0.077
 8     0.066    -0.105    -0.992
 9   138.641   -28.956     3.246
 9    -0.106    -0.696    -0.710
 9     0.235    -0.712     0.662
 9    -0.966    -0.097     0.239
 2    95.912   -19.314    59.899
 2    -0.444    -0.891    -0.094
 2     0.864    -0.453     0.218
 2    -0.237     0.015     0.971
 3   132.308    -4.094     1.560
 3     0.621    -0.111    -0.776
 3     0.250     0.966     0.062
 3     0.743    -0.232     0.628
 4   113.426     7.340    -5.263
 4     0.487    -0.493     0.721
 4     0.604     0.786     0.129
 4    -0.630     0.373     0.680
 5   124.854    17.268     5.833
 5     0.879    -0.062     0.473
 5     0.339    -0.615    -0.712
 5     0.335     0.786    -0.520
 6   135.185    14.644     0.385
 6    -0.043     0.936     0.349
 6    -0.573     0.264    -0.776
 6    -0.819    -0.234     0.524
 7   114.660   -19.343    -2.685
 7     0.574     0.489     0.656
 7    -0.559     0.820    -0.122
 7    -0.598    -0.297     0.745
 8   130.916   -23.795    12.131
 8     0.941    -0.310     0.134
 8    -0.331    -0.927     0.176
 8     0.070    -0.210    -0.975
 9   139.950   -28.023     3.573
 9     0.006    -0.681    -0.732
 9     0.378    -0.676     0.632
 9    -0.926    -0.281     0.253
 2    95.962   -19.314    59.899
 2    -0.444    -0.891    -0.094
 2     0.864    -0.453     0.218
 2    -0.237     0.015     0.971
 3   132.533    -4.053     1.860
 3     0.605    -0.102    -0.789
 3     0.247     0.966     0.065
 3     0.756    -0.235     0.610
 4   114.220     7.198    -5.742
 4     0.527    -0.472     0.707
 4     0.571     0.812     0.116
 4    -0.629     0.343     0.697
 5   125.367    17.560     5.392
 5     0.867    -0.107     0.485
 5     0.350    -0.563    -0.749
 5     0.353     0.819    -0.451
 6   136.712    12.633     0.495
 6    -0.016     0.972     0.234
 6    -0.698     0.157    -0.698
 6    -0.715    -0.174     0.676
 7   115.110   -18.895    -3.086
 7     0.594     0.482     0.644
 7    -0.546     0.830    -0.117
 7    -0.591    -0.282     0.756
 8   130.702   -24.401    11.918
 8     0.931    -0.317     0.179
 8    -0.354    -0.902     0.246
 8     0.083    -0.293    -0.952
 9   141.092   -27.504     3.972
 9     0.127    -0.652    -0.748
 9     0.505    -0.606     0.614
 9    -0.854    -0.456     0.252
 2    95.912   -19.314    59.899
 2    -0.444    -0.891    -0.094
 2     0.864    -0.453     0.218
 2    -0.237     0.015     0.971
 3   132.888    -4.105     2.358
 3     0.582    -0.083    -0.809
 3     0.243     0.967     0.075
 3     0.776    -0.241     0.583
 4   115.339     7.007    -6.150
 4     0.576    -0.447     0.685
 4     0.529     0.842     0.104
 4    -0.623     0.302     0.721
 5   126.007    17.756     4.745
 5     0.850    -0.151     0.505
 5     0.373    -0.504    -0.779
 5     0.372     0.850    -0.372
 6   138.154    11.062     0.849
 6    -0.007     0.995     0.099
 6    -0.818     0.051    -0.573
 6    -0.575    -0.085     0.814
 7   115.751   -18.472    -3.617
 7     0.617     0.472     0.629
 7    -0.526     0.842    -0.115
 7    -0.585    -0.260     0.768
 8   130.369   -25.375    11.525
 8     0.906    -0.344     0.245
 8    -0.410    -0.853     0.321
 8     0.099    -0.392    -0.915
 9   142.029   -27.781     4.258
 9     0.270    -0.615    -0.741
 9     0.637    -0.463     0.616
 9    -0.721    -0.639     0.267
 2    95.912   -19.314    59.899
 2    -0.444    -0.891    -0.094
 2     0.864    -0.453     0.218
 2    -0.237     0.015     0.971
 3   133.204    -4.135     2.717
 3     0.561    -0.069    -0.825
 3     0.239     0.967     0.082
 3     0.792    -0.244     0.559
 4   116.501     6.691    -6.762
 4     0.619    -0.419     0.664
 4     0.485     0.869     0.096
 4    -0.618     0.263     0.741
 5   126.766    18.023     3.733
 5     0.834    -0.203     0.513
 5     0.393    -0.434    -0.811
 5     0.387     0.878    -0.283
 6   139.578     9.229     1.797
 6    -0.025     0.999    -0.013
 6    -0.897    -0.028    -0.441
 6    -0.441     0.000     0.897
 7   116.493   -18.000    -4.043
 7     0.636     0.467     0.614
 7    -0.510     0.851    -0.120
 7    -0.579    -0.237     0.780
 8   129.983   -26.412    10.872
 8     0.882    -0.349     0.315
 8    -0.454    -0.808     0.375
 8     0.124    -0.474    -0.872
 9   142.917   -28.281     4.738
 9     0.397    -0.547    -0.737
 9     0.720    -0.313     0.619
 9    -0.569    -0.777     0.269
 2    95.962   -19.314    59.899
 2    -0.444    -0.891    -0.094
 2     0.864    -0.454     0.218
 2    -0.237     0.016     0.971
 3   133.844    -4.242     3.106
 3     0.541    -0.050    -0.840
 3     0.235     0.967     0.094
 3     0.807    -0.249     0.534
 4   118.272     6.183    -7.307
 4     0.669    -0.382     0.637
 4     0.435     0.897     0.081
 4    -0.602     0.223     0.766
 5   128.235    17.872     2.972
 5     0.816    -0.284     0.504
 5     0.395    -0.362    -0.844
 5     0.422     0.888    -0.184
 6   141.058     7.305     3.057
 6    -0.055     0.990    -0.130
 6    -0.950    -0.092    -0.298
 6    -0.307     0.107     0.945
 7   117.550   -17.749    -4.594
 7     0.659     0.461     0.594
 7    -0.494     0.861    -0.121
 7    -0.567    -0.214     0.795
 8   130.219   -26.906    10.368
 8     0.866    -0.347     0.361
 8    -0.480    -0.779     0.404
 8     0.141    -0.523    -0.841
 9   143.970   -27.847     5.609
 9     0.466    -0.463    -0.754
 9     0.773    -0.201     0.602
 9    -0.430    -0.863     0.264
 2    95.912   -19.314    59.899
 2    -0.444    -0.891    -0.094
 2     0.864    -0.453     0.218
 2    -0.237     0.015     0.971
 3   134.532    -4.446     3.295
 3     0.518    -0.036    -0.855
 3     0.239     0.965     0.104
 3     0.821    -0.258     0.508
 4   120.453     5.529    -8.179
 4     0.729    -0.331     0.598
 4     0.368     0.927     0.064
 4    -0.576     0.173     0.799
 5   130.003    17.656     2.081
 5     0.791    -0.373     0.485
 5     0.398    -0.289    -0.871
 5     0.465     0.881    -0.080
 6   142.487     5.841     4.640
 6    -0.081     0.967    -0.242
 6    -0.978    -0.124    -0.167
 6    -0.192     0.222     0.956
 7   118.542   -17.724    -5.022
 7     0.679     0.459     0.572
 7    -0.483     0.867    -0.122
 7    -0.552    -0.194     0.811
 8   130.604   -27.231    10.422
 8     0.859    -0.314     0.404
