% Calibrated with leiden_pols
% Positions are in centimeters
Data =[
 2    95.962   -19.314    59.899
 2    -0.444    -0.891    -0.094
 2     0.864    -0.453     0.217
 2    -0.237     0.015     0.971
 3   131.624    -5.570     3.844
 3     0.576     0.013    -0.818
 3     0.245     0.951     0.188
 3     0.780    -0.309     0.544
 4   117.767     3.161    -8.170
 4     0.716    -0.219     0.663
 4     0.251     0.967     0.049
 4    -0.652     0.131     0.747
 5   128.814    16.246    -1.194
 5     0.842    -0.311     0.440
 5     0.459    -0.014    -0.888
 5     0.282     0.950     0.131
 6   141.521     2.499     5.233
 6    -0.213     0.969    -0.125
 6    -0.906    -0.149     0.396
 6     0.365     0.197     0.910
 7   114.994   -16.663    -5.687
 7     0.656     0.424     0.624
 7    -0.321     0.905    -0.278
 7    -0.682    -0.018     0.730
 8   129.704   -28.289    -0.088
 8     0.924    -0.122     0.362
 8    -0.380    -0.179     0.907
 8    -0.046    -0.976    -0.212
 9   146.094   -20.211    -0.359
 9     0.122    -0.397    -0.910
 9     0.733     0.654    -0.187
 9     0.669    -0.644     0.370
 2    95.962   -19.314    59.899
 2    -0.444    -0.891    -0.094
 2     0.864    -0.453     0.217
 2    -0.237     0.015     0.971
 3   131.607    -5.525     3.632
 3     0.582     0.010    -0.813
 3     0.244     0.952     0.186
 3     0.776    -0.307     0.551
 4   117.677     3.286    -8.267
 4     0.711    -0.223     0.667
 4     0.256     0.965     0.049
 4    -0.655     0.136     0.743
 5   128.706    16.399    -1.217
 5     0.841    -0.307     0.445
 5     0.463    -0.019    -0.886
 5     0.280     0.951     0.126
 6   141.404     2.852     4.973
 6    -0.206     0.970    -0.127
 6    -0.911    -0.143     0.387
 6     0.358     0.195     0.913
 7   114.986   -16.614    -5.758
 7     0.656     0.423     0.625
 7    -0.318     0.906    -0.279
 7    -0.684    -0.016     0.729
 8   129.772   -28.189    -0.258
 8     0.924    -0.124     0.360
 8    -0.378    -0.177     0.909
 8    -0.049    -0.976    -0.210
 9   146.145   -20.109    -0.593
 9     0.122    -0.400    -0.908
 9     0.732     0.654    -0.190
 9     0.670    -0.642     0.373
 2    95.962   -19.314    59.899
 2    -0.444    -0.891    -0.094
 2     0.864    -0.453     0.218
 2    -0.237     0.015     0.971
 3   131.655    -5.450     3.529
 3     0.582     0.006    -0.813
 3     0.243     0.953     0.182
 3     0.776    -0.304     0.553
 4   117.756     3.391    -8.326
 4     0.712    -0.226     0.665
 4     0.259     0.964     0.050
 4    -0.653     0.136     0.745
 5   128.710    16.477    -1.198
 5     0.840    -0.309     0.446
 5     0.463    -0.021    -0.886
 5     0.282     0.951     0.125
 6   141.450     2.953     4.924
 6    -0.205     0.970    -0.130
 6    -0.911    -0.141     0.387
 6     0.357     0.197     0.913
 7   115.168   -16.558    -5.873
 7     0.660     0.422     0.622
 7    -0.318     0.906    -0.277
 7    -0.681    -0.015     0.732
 8   129.898   -28.061    -0.287
 8     0.925    -0.123     0.358
 8    -0.375    -0.178     0.910
 8    -0.048    -0.976    -0.211
 9   146.234   -19.983    -0.758
 9     0.119    -0.402    -0.908
 9     0.735     0.650    -0.192
 9     0.667    -0.645     0.373
 2    95.962   -19.314    59.899
 2    -0.444    -0.891    -0.094
 2     0.864    -0.453     0.218
 2    -0.237     0.015     0.971
 3   131.831    -5.448     3.454
 3     0.581     0.008    -0.814
 3     0.245     0.952     0.184
 3     0.776    -0.307     0.551
 4   117.944     3.343    -8.460
 4     0.715    -0.225     0.661
 4     0.255     0.965     0.052
 4    -0.650     0.132     0.748
 5   128.868    16.480    -1.282
 5     0.839    -0.312     0.446
 5     0.464    -0.019    -0.886
 5     0.285     0.950     0.128
 6   141.523     2.898     4.874
 6    -0.211     0.968    -0.135
 6    -0.910    -0.144     0.389
 6     0.357     0.204     0.911
 7   115.305   -16.655    -5.912
 7     0.662     0.424     0.618
 7    -0.322     0.905    -0.276
 7    -0.677    -0.016     0.736
 8   130.008   -28.056    -0.223
 8     0.926    -0.121     0.356
 8    -0.374    -0.184     0.909
 8    -0.044    -0.975    -0.215
 9   146.346   -19.935    -0.741
 9     0.117    -0.403    -0.908
 9     0.739     0.645    -0.191
 9     0.663    -0.649     0.373
 2    95.912   -19.314    59.899
 2    -0.444    -0.891    -0.094
 2     0.864    -0.453     0.217
 2    -0.237     0.015     0.971
 3   131.975    -5.620     3.507
 3     0.575     0.011    -0.818
 3     0.243     0.952     0.184
 3     0.781    -0.305     0.545
 4   118.134     3.248    -8.425
 4     0.719    -0.225     0.656
 4     0.255     0.965     0.051
 4    -0.645     0.131     0.752
 5   129.001    16.432    -1.239
 5     0.838    -0.316     0.445
 5     0.464    -0.019    -0.886
 5     0.288     0.949     0.130
 6   141.617     2.947     4.880
 6    -0.211     0.968    -0.137
 6    -0.911    -0.144     0.387
 6     0.355     0.206     0.911
 7   115.468   -16.826    -5.906
 7     0.666     0.426     0.613
 7    -0.324     0.905    -0.276
 7    -0.672    -0.015     0.740
 8   130.141   -28.104    -0.180
 8     0.926    -0.119     0.357
 8    -0.375    -0.186     0.908
 8    -0.041    -0.975    -0.217
 9   146.344   -19.987    -0.661
 9     0.116    -0.401    -0.909
 9     0.740     0.644    -0.190
 9     0.662    -0.651     0.372
 2    95.912   -19.314    59.899
 2    -0.444    -0.891    -0.094
 2     0.864    -0.453     0.218
 2    -0.237     0.015     0.971
 3   131.936    -5.665     3.671
 3     0.569     0.009    -0.822
 3     0.246     0.952     0.181
 3     0.784    -0.305     0.540
 4   118.144     3.176    -8.409
 4     0.722    -0.227     0.653
 4     0.256     0.965     0.052
 4    -0.642     0.129     0.755
 5   128.904    16.408    -1.241
 5     0.837    -0.317     0.446
 5     0.465    -0.020    -0.885
 5     0.289     0.948     0.131
 6   141.564     2.895     4.934
 6    -0.212     0.967    -0.138
 6    -0.911    -0.144     0.387
 6     0.354     0.208     0.911
 7   115.425   -16.923    -5.817
 7     0.669     0.424     0.610
 7    -0.323     0.906    -0.275
 7    -0.669    -0.014     0.743
 8   130.068   -28.230    -0.107
 8     0.926    -0.118     0.358
 8    -0.375    -0.188     0.908
 8    -0.040    -0.975    -0.218
 9   146.335   -20.065    -0.546
 9     0.115    -0.400    -0.909
 9     0.743     0.642    -0.188
 9     0.659    -0.654     0.371
 2    95.962   -19.314    59.899
 2    -0.444    -0.891    -0.094
 2     0.864    -0.453     0.217
 2    -0.237     0.015     0.971
 3   131.916    -5.740     3.666
 3     0.569     0.009    -0.823
 3     0.246     0.952     0.181
 3     0.785    -0.306     0.539
 4   118.069     3.075    -8.359
 4     0.722    -0.228     0.653
 4     0.257     0.965     0.053
 4    -0.642     0.129     0.755
 5   128.901    16.357    -1.213
 5     0.837    -0.316     0.447
 5     0.465    -0.021    -0.885
 5     0.288     0.948     0.130
 6   141.504     2.894     4.949
 6    -0.207     0.969    -0.137
 6    -0.914    -0.141     0.380
 6     0.349     0.203     0.914
 7   115.304   -16.926    -5.736
 7     0.666     0.428     0.610
 7    -0.328     0.904    -0.275
 7    -0.669    -0.017     0.743
 8   129.552   -28.593     0.480
 8     0.913    -0.153     0.378
 8    -0.404    -0.223     0.887
 8    -0.052    -0.963    -0.265
 9   145.979   -21.030    -1.014
 9     0.165    -0.403    -0.900
 9     0.774     0.619    -0.135
 9     0.612    -0.674     0.413
 2    95.965   -19.313    59.897
 2    -0.443    -0.891    -0.094
 2     0.864    -0.453     0.217
 2    -0.236     0.015     0.971
 3   131.907    -5.742     3.675
 3     0.571     0.006    -0.821
 3     0.248     0.952     0.180
 3     0.783    -0.306     0.542
 4   117.819     3.120    -8.339
 4     0.713    -0.237     0.660
 4     0.264     0.963     0.059
 4    -0.649     0.132     0.749
 5   128.387    16.361    -1.040
 5     0.828    -0.287     0.481
 5     0.485    -0.062    -0.872
 5     0.280     0.956     0.088
