% Calibrated with leiden_pols
% Positions are in centimeters
Data =[
 2    98.202   -18.860    59.195
 2     0.571    -0.821     0.005
 2     0.820     0.570     0.032
 2    -0.028    -0.015     0.999
 3   130.324    -1.829     0.060
 3     0.575    -0.074    -0.815
 3     0.092     0.995    -0.025
 3     0.813    -0.061     0.579
 4   117.321    16.740    -4.750
 4     0.727    -0.649     0.228
 4     0.661     0.570    -0.488
 4     0.187     0.505     0.842
 5   119.958    24.378    22.740
 5     0.377    -0.553     0.746
 5     0.117    -0.769    -0.628
 5     0.919     0.322    -0.223
 6   132.514    28.257    44.738
 6     0.469    -0.874    -0.137
 6     0.076     0.190    -0.978
 6     0.879     0.448     0.154
 7   113.803   -16.782    -5.213
 7     0.680     0.486     0.551
 7    -0.661     0.729     0.174
 7    -0.317    -0.482     0.816
 8   116.972   -26.707    18.724
 8     0.239     0.555     0.798
 8    -0.219    -0.769     0.599
 8     0.946    -0.317    -0.062
 9   128.836   -30.319    46.566
 9     0.489     0.868    -0.088
 9     0.096     0.042     0.994
 9     0.867    -0.494    -0.064
 2    98.202   -18.860    59.195
 2     0.571    -0.821     0.005
 2     0.820     0.570     0.032
 2    -0.028    -0.015     0.999
 3   130.346    -1.778    -0.045
 3     0.575    -0.082    -0.814
 3     0.093     0.995    -0.034
 3     0.813    -0.056     0.579
 4   117.266    16.738    -4.745
 4     0.726    -0.648     0.230
 4     0.662     0.569    -0.487
 4     0.185     0.505     0.842
 5   119.958    24.378    22.690
 5     0.376    -0.554     0.745
 5     0.117    -0.768    -0.629
 5     0.919     0.322    -0.222
 6   132.571    28.258    44.682
 6     0.469    -0.874    -0.138
 6     0.076     0.191    -0.978
 6     0.880     0.448     0.155
 7   113.905   -16.804    -5.323
 7     0.683     0.484     0.548
 7    -0.659     0.730     0.177
 7    -0.315    -0.481     0.817
 8   117.028   -26.703    18.661
 8     0.239     0.559     0.794
 8    -0.216    -0.767     0.604
 8     0.947    -0.315    -0.062
 9   128.794   -30.315    46.552
 9     0.485     0.870    -0.091
 9     0.098     0.045     0.994
 9     0.869    -0.490    -0.064
 2    98.202   -18.860    59.195
 2     0.571    -0.822     0.005
 2     0.820     0.570     0.032
 2    -0.028    -0.015     0.999
 3   130.440    -1.830    -0.117
 3     0.576    -0.086    -0.813
 3     0.092     0.995    -0.039
 3     0.812    -0.053     0.581
 4   117.255    16.735    -4.811
 4     0.726    -0.646     0.234
 4     0.663     0.569    -0.486
 4     0.181     0.508     0.842
 5   120.034    24.380    22.568
 5     0.376    -0.554     0.745
 5     0.122    -0.766    -0.630
 5     0.919     0.326    -0.219
 6   132.528    28.312    44.655
 6     0.466    -0.874    -0.144
 6     0.080     0.199    -0.976
 6     0.881     0.443     0.161
 7   114.039   -16.952    -5.336
 7     0.685     0.484     0.546
 7    -0.659     0.730     0.179
 7    -0.311    -0.482     0.818
 8   117.059   -26.699    18.701
 8     0.237     0.562     0.793
 8    -0.212    -0.767     0.605
 8     0.948    -0.311    -0.061
 9   128.748   -30.312    46.622
 9     0.483     0.871    -0.094
 9     0.100     0.047     0.994
 9     0.870    -0.489    -0.065
 2    98.202   -18.860    59.195
 2     0.571    -0.822     0.004
 2     0.820     0.570     0.032
 2    -0.028    -0.015     0.999
 3   130.490    -1.828    -0.168
 3     0.575    -0.089    -0.813
 3     0.095     0.994    -0.040
 3     0.812    -0.055     0.580
 4   117.300    16.607    -4.807
 4     0.727    -0.644     0.238
 4     0.663     0.568    -0.487
 4     0.179     0.511     0.840
 5   120.122    24.570    22.324
 5     0.360    -0.574     0.737
 5     0.129    -0.751    -0.647
 5     0.924     0.326    -0.195
 6   133.657    26.859    44.319
 6     0.446    -0.724    -0.532
 6     0.017     0.596    -0.800
 6     0.895     0.346     0.278
 7   114.092   -16.975    -5.343
 7     0.686     0.486     0.542
 7    -0.659     0.730     0.180
 7    -0.309    -0.480     0.820
 8   117.059   -26.699    18.701
 8     0.236     0.563     0.793
 8    -0.211    -0.766     0.606
 8     0.948    -0.309    -0.061
 9   128.797   -30.260    46.622
 9     0.481     0.871    -0.098
 9     0.102     0.051     0.993
 9     0.870    -0.487    -0.065
 2    98.202   -18.860    59.195
 2     0.571    -0.821     0.005
 2     0.820     0.570     0.032
 2    -0.028    -0.015     0.999
 3   130.490    -1.828    -0.168
 3     0.575    -0.089    -0.813
 3     0.096     0.994    -0.040
 3     0.812    -0.055     0.580
 4   117.245    16.604    -4.853
 4     0.728    -0.643     0.240
 4     0.662     0.568    -0.488
 4     0.177     0.514     0.839
 5   120.123    24.569    22.379
 5     0.359    -0.579     0.734
 5     0.130    -0.747    -0.651
 5     0.924     0.327    -0.192
 6   133.759    26.621    44.287
 6     0.443    -0.682    -0.588
 6     0.010     0.655    -0.753
 6     0.896     0.326     0.296
 7   114.094   -16.949    -5.346
 7     0.686     0.486     0.542
 7    -0.659     0.730     0.180
 7    -0.308    -0.480     0.821
 8   117.043   -26.721    18.740
 8     0.237     0.562     0.793
 8    -0.210    -0.767     0.606
 8     0.949    -0.309    -0.063
 9   128.720   -30.391    46.731
 9     0.485     0.870    -0.090
 9     0.098     0.043     0.994
 9     0.869    -0.490    -0.066
 2    98.202   -18.860    59.144
 2     0.571    -0.822     0.004
 2     0.820     0.570     0.032
 2    -0.028    -0.015     0.999
 3   130.432    -1.780    -0.106
 3     0.578    -0.088    -0.811
 3     0.097     0.994    -0.037
 3     0.810    -0.057     0.583
 4   117.003    16.652    -4.779
 4     0.721    -0.650     0.244
 4     0.672     0.568    -0.475
 4     0.170     0.505     0.845
 5   119.327    23.749    22.662
 5     0.365    -0.492     0.792
 5     0.141    -0.810    -0.567
 5     0.920     0.318    -0.225
 6   131.316    30.157    44.553
 6     0.486    -0.873     0.048
 6     0.151     0.027    -0.988
 6     0.860     0.488     0.145
 7   113.855   -16.855    -5.184
 7     0.683     0.495     0.538
 7    -0.660     0.732     0.165
 7    -0.312    -0.468     0.826
 8   116.915   -26.254    18.896
 8     0.245     0.510     0.825
 8    -0.228    -0.797     0.559
 8     0.942    -0.324    -0.079
 9   128.937   -32.135    45.966
 9     0.571     0.764     0.300
 9    -0.069    -0.319     0.945
 9     0.818    -0.560    -0.130
 2    98.252   -18.860    59.144
 2     0.571    -0.822     0.004
 2     0.820     0.570     0.032
 2    -0.028    -0.015     0.999
 3   130.295    -1.733    -0.091
 3     0.582    -0.087    -0.808
 3     0.097     0.994    -0.037
 3     0.807    -0.057     0.587
 4   116.427    16.473    -4.984
 4     0.706    -0.661     0.256
 4     0.689     0.558    -0.461
 4     0.161     0.501     0.849
 5   119.304    23.069    22.930
 5     0.427    -0.292     0.857
 5     0.218    -0.886    -0.408
 5     0.877     0.360    -0.314
 6   130.709    33.112    43.397
 6     0.521    -0.724     0.456
 6     0.321    -0.326    -0.888
 6     0.790     0.608     0.062
 7   113.462   -16.698    -5.282
 7     0.676     0.496     0.546
 7    -0.659     0.737     0.146
 7    -0.330    -0.458     0.824
 8   117.254   -25.837    19.346
 8     0.293     0.351     0.890
 8    -0.294    -0.853     0.431
 8     0.910    -0.387    -0.147
 9   128.722   -36.252    44.336
 9     0.575     0.487     0.660
 9    -0.326    -0.602     0.726
 9     0.750    -0.633    -0.189
 2    98.202   -18.860    59.195
 2     0.571    -0.822     0.004
 2     0.821     0.569     0.032
 2    -0.028    -0.015     0.999
 3   130.100    -1.791    -0.218
 3     0.589    -0.087    -0.803
 3     0.097     0.994    -0.036
 3     0.802    -0.057     0.594
 4   115.724    16.017    -5.285
 4     0.680    -0.683     0.268
 4     0.717     0.544    -0.435
 4     0.151     0.487     0.859
 5   119.328    23.358    22.288
 5     0.460    -0.056     0.886
 5     0.337    -0.913    -0.231
 5     0.821     0.404    -0.401
 6   129.755    36.926    41.100
 6     0.513    -0.569     0.646
 6     0.463    -0.449    -0.762
 6     0.723     0.688     0.032
 7   113.224   -16.633    -5.209
 7     0.667     0.507     0.548
 7    -0.666     0.734     0.131
 7    -0.336    -0.452     0.826
 8   117.553   -26.563    19.298
 8     0.324     0.114     0.939
 8    -0.416    -0.875     0.248
 8     0.849    -0.471    -0.236
 9   128.247   -40.972    42.050
 9     0.536     0.283     0.797
 9    -0.503    -0.652     0.566
 9     0.678    -0.704    -0.208
 2    98.202   -18.860    59.195
 2     0.571    -0.822     0.004
 2     0.821     0.569     0.032
 2    -0.028    -0.015     0.999
 3   129.917    -1.868    -0.277
 3     0.592    -0.084    -0.802
 3     0.103     0.994    -0.027
 3     0.799    -0.067     0.597
 4   115.113    15.362    -5.961
 4     0.654    -0.702     0.284
 4     0.748     0.542    -0.382
 4     0.114     0.461     0.879
 5   119.068    24.739    21.230
 5     0.453     0.168     0.876
 5     0.495    -0.864    -0.091
 5     0.741     0.474    -0.474
 6   127.944    41.719    37.925
 6     0.463    -0.438     0.773
 6     0.600    -0.486    -0.633
 6     0.652     0.756     0.036
 7   112.721   -16.300    -5.437
 7     0.649     0.513     0.562
 7    -0.660     0.746     0.082
 7    -0.378    -0.424     0.822
 8   117.408   -28.268    18.501
 8     0.320    -0.060     0.945
 8    -0.544    -0.829     0.131
 8     0.776    -0.556    -0.298
 9   127.383   -46.092    38.589
 9     0.499     0.124     0.858
 9    -0.642    -0.613     0.460
 9     0.583    -0.780    -0.227
 2    98.202   -18.860    59.195
 2     0.571    -0.821     0.005
 2     0.820     0.570     0.032
 2    -0.028    -0.015     0.999
 3   129.763    -1.869    -0.450
 3     0.593    -0.083    -0.801
 3     0.104     0.994    -0.025
 3     0.798    -0.068     0.598
 4   114.470    15.044    -6.286
 4     0.625    -0.722     0.298
 4     0.776     0.532    -0.338
 4     0.086     0.442     0.892
 5   118.561    26.176    20.400
 5     0.426     0.322     0.846
 5     0.602    -0.798    -0.001
 5     0.675     0.510    -0.533
 6   126.326    44.812    35.688
 6     0.422    -0.350     0.838
 6     0.681    -0.488    -0.545
 6     0.598     0.799     0.030
 7   112.429   -16.132    -5.525
 7     0.632     0.522     0.574
 7    -0.660     0.750     0.045
 7    -0.406    -0.407     0.817
 8   117.121   -29.005    17.819
 8     0.304    -0.139     0.942
 8    -0.602    -0.795     0.077
 8     0.738    -0.591    -0.325
 9   126.427   -48.247    36.928
 9     0.466     0.076     0.881
 9    -0.693    -0.588     0.417
 9     0.550    -0.805    -0.222
 2    98.202   -18.860    59.195
 2     0.571    -0.821     0.004
 2     0.820     0.570     0.032
 2    -0.028    -0.015     0.999
 3   129.635    -1.872    -0.546
 3     0.595    -0.077    -0.800
 3     0.100     0.995    -0.022
 3     0.797    -0.067     0.599
 4   114.240    14.959    -6.379
 4     0.619    -0.724     0.306
 4     0.781     0.531    -0.327
 4     0.074     0.441     0.894
 5   118.111    27.389    19.612
 5     0.393     0.409     0.824
 5     0.675    -0.735     0.042
 5     0.624     0.540    -0.564
 6   124.644    47.572    33.308
 6     0.381    -0.293     0.878
 6     0.743    -0.468    -0.477
 6     0.549     0.833     0.039
 7   112.113   -15.828    -5.677
 7     0.627     0.519     0.583
 7    -0.648     0.760     0.021
 7    -0.432    -0.391     0.812
 8   116.494   -30.402    16.623
 8     0.281    -0.189     0.941
 8    -0.675    -0.735     0.054
 8     0.682    -0.651    -0.334
 9   125.243   -51.702    33.588
 9     0.441     0.036     0.897
 9    -0.758    -0.520     0.393
 9     0.480    -0.854    -0.202
 2    98.202   -18.860    59.195
 2     0.571    -0.821     0.004
 2     0.820     0.570     0.032
 2    -0.028    -0.015     0.999
 3   129.461    -1.748    -0.673
 3     0.596    -0.075    -0.799
 3     0.097     0.995    -0.020
 3     0.797    -0.066     0.600
 4   113.635    14.769    -6.534
 4     0.615    -0.715     0.334
 4     0.788     0.541    -0.293
 4     0.029     0.443     0.896
 5   117.982    29.472    18.048
 5     0.368     0.495     0.789
 5     0.760    -0.646     0.051
 5     0.536     0.581    -0.612
 6   123.770    51.033    29.326
 6     0.352    -0.228     0.909
 6     0.812    -0.410    -0.415
 6     0.465     0.883     0.039
 7   111.911   -15.612    -5.816
 7     0.621     0.508     0.598
 7    -0.626     0.779    -0.011
 7    -0.471    -0.367     0.802
 8   116.468   -32.547    14.686
 8     0.269    -0.229     0.935
 8    -0.756    -0.652     0.058
 8     0.596    -0.723    -0.348
 9   125.016   -56.017    28.413
 9     0.431     0.024     0.902
 9    -0.821    -0.406     0.402
 9     0.375    -0.914    -0.154
 2    98.202   -18.860    59.195
 2     0.571    -0.822     0.004
 2     0.821     0.569     0.032
 2    -0.028    -0.015     0.999
 3   129.466    -1.747    -0.729
 3     0.595    -0.072    -0.801
 3     0.096     0.995    -0.017
 3     0.798    -0.067     0.599
 4   113.801    14.614    -6.632
 4     0.625    -0.700     0.347
 4     0.780     0.559    -0.279
 4     0.001     0.444     0.895
 5   118.157    31.567    16.169
 5     0.349     0.548     0.763
 5     0.828    -0.558     0.024
 5     0.439     0.623    -0.646
 6   123.308    54.474    24.651
 6     0.332    -0.194     0.924
 6     0.869    -0.318    -0.378
 6     0.366     0.928     0.062
 7   112.017   -15.356    -5.983
 7     0.621     0.507     0.599
 7    -0.609     0.792    -0.039
 7    -0.494    -0.341     0.799
 8   116.072   -33.957    12.923
 8     0.256    -0.208     0.944
 8    -0.801    -0.592     0.087
 8     0.541    -0.778    -0.319
 9   124.623   -58.283    24.965
 9     0.435     0.081     0.897
 9    -0.841    -0.320     0.436
 9     0.322    -0.944    -0.071
 2    98.202   -18.860    59.195
 2     0.571    -0.822     0.004
 2     0.821     0.569     0.032
 2    -0.028    -0.015     0.999
 3   129.484    -1.693    -0.773
 3     0.589    -0.064    -0.806
 3     0.092     0.995    -0.011
 3     0.802    -0.068     0.592
 4   113.709    14.596    -6.833
 4     0.629    -0.692     0.357
 4     0.777     0.569    -0.268
 4    -0.018     0.445     0.895
 5   118.457    33.556    13.796
 5     0.357     0.581     0.733
 5     0.877    -0.477    -0.048
 5     0.322     0.659    -0.679
 6   123.686    57.075    19.034
 6     0.343    -0.153     0.927
 6     0.907    -0.202    -0.369
 6     0.242     0.967     0.069
 7   111.782   -14.948    -6.149
 7     0.615     0.509     0.604
 7    -0.598     0.798    -0.064
 7    -0.515    -0.321     0.794
 8   115.912   -34.344    11.983
 8     0.250    -0.221     0.943
 8    -0.824    -0.559     0.087
 8     0.508    -0.799    -0.321
 9   124.262   -59.182    23.073
 9     0.425     0.078     0.902
 9    -0.858    -0.282     0.428
 9     0.287    -0.956    -0.053
 2    98.202   -18.860    59.195
 2     0.571    -0.822     0.004
 2     0.821     0.569     0.032
 2    -0.028    -0.015     0.999
 3   129.444    -1.692    -0.832
 3     0.587    -0.058    -0.807
 3     0.090     0.996    -0.006
 3     0.804    -0.070     0.589
 4   113.745    14.388    -7.075
 4     0.639    -0.675     0.370
 4     0.768     0.589    -0.250
 4    -0.049     0.443     0.894
 5   119.066    34.829    11.606
 5     0.367     0.618     0.697
 5     0.903    -0.413    -0.108
 5     0.221     0.668    -0.709
 6   124.184    58.612    14.420
 6     0.348    -0.103     0.932
 6     0.927    -0.113    -0.358
 6     0.142     0.988     0.056
 7   111.722   -14.735    -6.235
 7     0.609     0.509     0.609
 7    -0.591     0.802    -0.078
 7    -0.528    -0.312     0.789
 8   115.931   -34.668    11.307
 8     0.248    -0.231     0.941
 8    -0.838    -0.538     0.089
 8     0.485    -0.811    -0.327
 9   124.208   -59.786    21.753
 9     0.421     0.069     0.904
 9    -0.868    -0.259     0.423
 9     0.263    -0.963    -0.050
 2    98.202   -18.910    59.144
 2     0.571    -0.821     0.004
 2     0.820     0.570     0.032
 2    -0.028    -0.015     0.999
 3   129.523    -1.735    -0.859
 3     0.579    -0.046    -0.814
 3     0.090     0.996     0.007
 3     0.810    -0.078     0.581
 4   113.765    14.135    -7.254
 4     0.641    -0.667     0.380
 4     0.763     0.602    -0.231
 4    -0.075     0.438     0.895
 5   119.331    35.413    10.198
 5     0.369     0.635     0.680
 5     0.914    -0.378    -0.141
 5     0.168     0.673    -0.719
 6   124.306    59.227    11.659
 6     0.347    -0.081     0.934
 6     0.933    -0.066    -0.352
 6     0.090     0.994     0.052
 7   111.711   -14.521    -6.474
 7     0.604     0.510     0.613
 7    -0.585     0.805    -0.093
 7    -0.541    -0.303     0.784
 8   116.095   -34.967    10.513
 8     0.246    -0.245     0.938
 8    -0.854    -0.513     0.090
 8     0.459    -0.823    -0.335
 9   124.088   -60.477    19.855
 9     0.408     0.052     0.911
 9    -0.883    -0.229     0.408
 9     0.230    -0.972    -0.048
 2    98.202   -18.860    59.144
 2     0.571    -0.822     0.004
 2     0.821     0.569     0.032
 2    -0.028    -0.015     0.999
 3   129.513    -1.647    -0.904
 3     0.566    -0.043    -0.823
 3     0.090     0.996     0.010
 3     0.819    -0.081     0.568
 4   113.647    13.990    -7.348
 4     0.641    -0.663     0.389
 4     0.762     0.611    -0.214
 4    -0.095     0.433     0.896
 5   119.322    36.026     8.911
 5     0.362     0.654     0.666
 5     0.925    -0.339    -0.169
 5     0.116     0.676    -0.727
 6   124.000    59.843     9.022
 6     0.337    -0.059     0.940
 6     0.941    -0.020    -0.339
 6     0.038     0.998     0.048
 7   111.611   -14.143    -6.700
 7     0.598     0.506     0.623
 7    -0.566     0.815    -0.118
 7    -0.567    -0.282     0.773
 8   116.139   -35.541     9.051
 8     0.250    -0.255     0.934
 8    -0.879    -0.463     0.109
 8     0.405    -0.849    -0.340
 9   124.273   -61.592    16.637
 9     0.408     0.040     0.912
 9    -0.897    -0.167     0.408
 9     0.169    -0.985    -0.032
 2    98.202   -18.860    59.195
 2     0.571    -0.821     0.004
 2     0.820     0.570     0.032
 2    -0.028    -0.015     0.999
 3   129.495    -1.545    -0.967
 3     0.564    -0.042    -0.825
 3     0.086     0.996     0.009
 3     0.821    -0.077     0.565
 4   113.549    14.022    -7.469
 4     0.641    -0.654     0.403
 4     0.759     0.618    -0.204
 4    -0.116     0.435     0.892
 5   119.310    36.633     7.480
 5     0.361     0.669     0.651
 5     0.930    -0.302    -0.203
 5     0.061     0.678    -0.731
 6   123.769    60.524     5.958
 6     0.331    -0.035     0.943
 6     0.943     0.039    -0.329
 6    -0.025     0.998     0.046
 7   111.469   -13.907    -6.774
 7     0.591     0.502     0.632
 7    -0.557     0.820    -0.130
 7    -0.583    -0.275     0.763
 8   116.181   -35.786     8.289
 8     0.256    -0.253     0.933
 8    -0.888    -0.443     0.123
 8     0.382    -0.860    -0.338
 9   124.459   -62.017    15.057
 9     0.415     0.047     0.908
 9    -0.898    -0.137     0.418
 9     0.144    -0.989    -0.015
 2    98.202   -18.860    59.195
 2     0.571    -0.822     0.004
 2     0.820     0.570     0.032
 2    -0.028    -0.015     0.999
 3   129.417    -1.538    -1.070
 3     0.557    -0.041    -0.830
 3     0.087     0.996     0.010
 3     0.826    -0.078     0.558
 4   113.396    13.771    -7.650
 4     0.638    -0.651     0.412
 4     0.757     0.627    -0.181
 4    -0.141     0.427     0.893
 5   119.071    37.149     5.355
 5     0.354     0.678     0.646
 5     0.935    -0.250    -0.248
 5    -0.007     0.691    -0.721
 6   123.303    60.802     1.632
 6     0.325    -0.026     0.945
 6     0.939     0.123    -0.319
 6    -0.107     0.992     0.064
 7   111.381   -13.768    -6.911
 7     0.589     0.497     0.638
 7    -0.546     0.825    -0.139
 7    -0.596    -0.267     0.757
 8   116.148   -36.033     7.497
 8     0.259    -0.246     0.934
 8    -0.896    -0.421     0.137
 8     0.360    -0.873    -0.330
 9   124.504   -62.316    13.617
 9     0.417     0.057     0.907
 9    -0.901    -0.109     0.420
 9     0.123    -0.992     0.006
 2    98.202   -18.860    59.195
 2     0.571    -0.822     0.004
 2     0.820     0.570     0.032
 2    -0.028    -0.015     0.999
 3   129.526    -1.443    -1.434
 3     0.469    -0.037    -0.882
 3     0.127     0.991     0.026
 3     0.874    -0.125     0.470
 4   113.096    13.412    -7.965
 4     0.636    -0.636     0.439
 4     0.746     0.651    -0.137
 4    -0.199     0.414     0.888
 5   119.298    37.733     2.084
 5     0.356     0.707     0.613
 5     0.928    -0.190    -0.319
 5    -0.109     0.681    -0.723
 6   123.415    60.688    -4.762
 6     0.323     0.024     0.946
 6     0.918     0.235    -0.319
 6    -0.229     0.971     0.055
 7   111.382   -13.478    -7.225
 7     0.588     0.492     0.644
 7    -0.530     0.833    -0.152
 7    -0.611    -0.251     0.750
 8   116.208   -36.371     6.188
 8     0.255    -0.235     0.938
 8    -0.910    -0.385     0.151
 8     0.326    -0.892    -0.312
 9   124.279   -62.890    11.158
 9     0.408     0.082     0.909
 9    -0.909    -0.058     0.413
 9     0.086    -0.995     0.050
 2    98.202   -18.860    59.195
 2     0.571    -0.822     0.005
 2     0.820     0.570     0.032
 2    -0.028    -0.015     0.999
 3   129.438    -1.252    -1.463
 3     0.458    -0.063    -0.887
 3     0.137     0.990     0.000
 3     0.878    -0.122     0.462
 4   112.745    13.058    -8.312
 4     0.642    -0.604     0.474
 4     0.717     0.689    -0.093
 4    -0.271     0.399     0.875
 5   120.257    37.660    -2.340
 5     0.385     0.744     0.549
 5     0.890    -0.140    -0.433
 5    -0.245     0.653    -0.715
 6   124.531    58.800   -13.607
 6     0.343     0.112     0.933
 6     0.846     0.396    -0.357
 6    -0.407     0.911     0.042
 7   111.220   -13.237    -7.366
 7     0.586     0.486     0.650
 7    -0.518     0.839    -0.160
 7    -0.623    -0.243     0.743
 8   116.177   -36.204     5.507
 8     0.256    -0.222     0.941
 8    -0.913    -0.374     0.161
 8     0.316    -0.901    -0.298
 9   124.143   -62.855    10.069
 9     0.405     0.102     0.908
 9    -0.911    -0.037     0.410
 9     0.075    -0.994     0.078
 2    98.202   -18.910    59.195
 2     0.571    -0.821     0.004
 2     0.820     0.570     0.032
 2    -0.028    -0.015     0.999
 3   129.276    -1.228    -1.718
 3     0.433    -0.067    -0.899
 3     0.141     0.990    -0.005
 3     0.890    -0.125     0.438
 4   112.301    12.460    -8.519
 4     0.650    -0.570     0.504
 4     0.685     0.725    -0.064
 4    -0.329     0.386     0.861
 5   120.707    36.867    -6.020
 5     0.407     0.763     0.505
 5     0.842    -0.098    -0.530
 5    -0.355     0.639    -0.682
 6   125.327    55.920   -20.164
 6     0.360     0.173     0.918
 6     0.760     0.518    -0.392
 6    -0.541     0.838     0.057
 7   110.953   -13.101    -7.497
 7     0.580     0.484     0.656
 7    -0.508     0.843    -0.173
 7    -0.637    -0.233     0.734
 8   115.772   -36.582     4.775
 8     0.250    -0.226     0.942
 8    -0.923    -0.349     0.161
 8     0.292    -0.909    -0.295
 9   123.519   -63.360     8.890
 9     0.394     0.102     0.913
 9    -0.917    -0.015     0.397
 9     0.054    -0.995     0.087
 2    98.202   -18.860    59.195
 2     0.571    -0.822     0.004
 2     0.821     0.569     0.032
 2    -0.028    -0.015     0.999
 3   129.219    -1.351    -1.737
 3     0.427    -0.060    -0.902
 3     0.139     0.990    -0.000
 3     0.893    -0.126     0.431
 4   112.235    12.200    -8.598
 4     0.666    -0.540     0.516
 4     0.657     0.750    -0.065
 4    -0.352     0.382     0.854
 5   121.599    36.173    -7.498
 5     0.435     0.768     0.472
 5     0.809    -0.103    -0.578
 5    -0.396     0.631    -0.666
 6   126.554    54.097   -22.869
 6     0.382     0.207     0.902
 6     0.711     0.559    -0.426
 6    -0.590     0.803     0.068
 7   110.699   -12.990    -7.558
 7     0.572     0.484     0.663
 7    -0.503     0.844    -0.182
 7    -0.648    -0.229     0.725
 8   115.638   -36.593     4.348
 8     0.250    -0.237     0.939
 8    -0.928    -0.334     0.163
 8     0.275    -0.912    -0.303
 9   123.432   -63.374     8.008
 9     0.394     0.090     0.914
 9    -0.918     0.000     0.396
 9     0.035    -0.996     0.082
 2    98.202   -18.860    59.195
 2     0.571    -0.822     0.004
 2     0.820     0.570     0.032
 2    -0.028    -0.015     0.999
 3   129.226    -1.326    -1.795
 3     0.426    -0.054    -0.903
 3     0.135     0.991     0.004
 3     0.894    -0.124     0.429
 4   112.286    12.310    -8.560
 4     0.673    -0.525     0.523
 4     0.644     0.761    -0.066
 4    -0.364     0.381     0.849
 5   121.888    36.078    -8.571
 5     0.439     0.782     0.445
 5     0.788    -0.098    -0.606
 5    -0.431     0.616    -0.659
 6   126.856    52.953   -25.181
 6     0.380     0.259     0.890
 6     0.662     0.597    -0.452
 6    -0.646     0.759     0.056
 7   110.823   -12.591    -7.717
 7     0.571     0.483     0.665
 7    -0.494     0.848    -0.190
 7    -0.655    -0.219     0.722
 8   115.712   -36.375     3.850
 8     0.249    -0.235     0.939
 8    -0.932    -0.322     0.166
 8     0.264    -0.917    -0.299
 9   123.496   -63.311     7.165
 9     0.395     0.087     0.914
 9    -0.918     0.017     0.395
 9     0.019    -0.996     0.087
 2    98.202   -18.860    59.195
 2     0.571    -0.822     0.004
 2     0.821     0.569     0.032
 2    -0.028    -0.015     0.999
 3   129.275    -1.174    -1.796
 3     0.426    -0.056    -0.903
 3     0.134     0.991     0.002
 3     0.894    -0.122     0.430
 4   112.262    12.270    -8.552
 4     0.677    -0.510     0.533
 4     0.633     0.770    -0.069
 4    -0.375     0.383     0.843
 5   122.227    35.499    -9.538
 5     0.454     0.782     0.428
 5     0.762    -0.093    -0.639
 5    -0.461     0.615    -0.639
 6   127.229    51.276   -27.137
 6     0.389     0.293     0.876
 6     0.607     0.634    -0.476
 6    -0.692     0.715     0.070
 7   110.752   -12.572    -7.750
 7     0.570     0.483     0.666
 7    -0.488     0.849    -0.198
 7    -0.661    -0.212     0.719
 8   115.435   -36.624     3.284
 8     0.244    -0.232     0.942
 8    -0.939    -0.299     0.170
 8     0.243    -0.926    -0.290
 9   123.210   -63.561     5.889
 9     0.396     0.091     0.914
 9    -0.918     0.045     0.393
 9    -0.006    -0.995     0.101
 2    98.202   -18.860    59.195
 2     0.571    -0.822     0.004
 2     0.821     0.569     0.032
 2    -0.028    -0.015     0.999
 3   129.492    -1.340    -1.867
 3     0.413    -0.046    -0.910
 3     0.131     0.991     0.010
 3     0.901    -0.123     0.415
 4   112.628    12.091    -8.714
 4     0.691    -0.495     0.529
 4     0.621     0.779    -0.083
 4    -0.371     0.385     0.844
 5   122.729    35.179   -10.037
 5     0.458     0.785     0.419
 5     0.753    -0.093    -0.650
 5    -0.472     0.612    -0.634
 6   127.771    50.513   -27.992
 6     0.394     0.310     0.868
 6     0.587     0.643    -0.490
 6    -0.707     0.701     0.073
 7   110.920   -12.424    -7.875
 7     0.567     0.493     0.660
 7    -0.490     0.845    -0.210
 7    -0.662    -0.205     0.720
 8   115.145   -36.452     3.223
 8     0.226    -0.227     0.947
 8    -0.942    -0.298     0.153
 8     0.248    -0.927    -0.281
 9   122.469   -63.593     6.055
 9     0.379     0.105     0.920
 9    -0.926     0.042     0.376
 9     0.000    -0.994     0.113
 2    98.202   -18.860    59.195
 2     0.571    -0.822     0.004
 2     0.821     0.569     0.032
 2    -0.028    -0.015     0.999
 3   129.528    -1.261    -1.856
 3     0.409    -0.046    -0.911
 3     0.130     0.991     0.009
 3     0.903    -0.122     0.412
 4   112.590    12.219    -8.629
 4     0.700    -0.481     0.529
 4     0.613     0.783    -0.100
 4    -0.366     0.394     0.842
 5   122.768    34.907   -10.879
 5     0.465     0.786     0.411
 5     0.731    -0.079    -0.677
 5    -0.500     0.613    -0.611
 6   127.810    48.937   -29.993
 6     0.400     0.327     0.859
 6     0.531     0.681    -0.501
 6    -0.747     0.655     0.099
 7   110.918   -12.347    -7.877
 7     0.569     0.491     0.660
 7    -0.488     0.847    -0.210
 7    -0.662    -0.203     0.721
 8   115.092   -36.352     3.201
 8     0.226    -0.226     0.948
 8    -0.942    -0.297     0.153
 8     0.247    -0.928    -0.279
 9   122.557   -63.519     5.932
 9     0.385     0.112     0.916
 9    -0.923     0.050     0.381
 9    -0.003    -0.992     0.123
 2    98.202   -18.860    59.195
 2     0.571    -0.822     0.004
 2     0.820     0.570     0.032
 2    -0.028    -0.015     0.999
 3   129.612    -1.199    -1.848
 3     0.396    -0.048    -0.917
 3     0.129     0.991     0.004
 3     0.909    -0.120     0.398
 4   112.584    11.987    -8.747
 4     0.700    -0.479     0.531
 4     0.611     0.784    -0.100
 4    -0.369     0.394     0.841
 5   122.912    34.210   -11.965
 5     0.458     0.802     0.385
 5     0.713    -0.073    -0.696
 5    -0.531     0.593    -0.605
 6   127.587    48.149   -31.048
 6     0.392     0.339     0.858
 6     0.513     0.693    -0.503
 6    -0.763     0.635     0.098
 7   110.917   -12.348    -7.878
 7     0.569     0.492     0.660
 7    -0.488     0.847    -0.210
 7    -0.662    -0.202     0.721
 8   115.012   -36.322     3.253
 8     0.221    -0.227     0.948
 8    -0.941    -0.303     0.147
 8     0.255    -0.926    -0.281
 9   122.337   -63.521     6.023
 9     0.378     0.123     0.917
 9    -0.926     0.048     0.375
 9     0.001    -0.991     0.132
 2    98.202   -18.860    59.195
 2     0.571    -0.822     0.004
 2     0.821     0.569     0.032
 2    -0.028    -0.015     0.999
 3   129.551    -1.020    -1.874
 3     0.390    -0.055    -0.919
 3     0.122     0.992    -0.007
 3     0.912    -0.110     0.394
 4   112.310    12.012    -8.676
 4     0.718    -0.440     0.541
 4     0.581     0.804    -0.119
 4    -0.383     0.399     0.832
 5   123.948    32.707   -13.849
 5     0.492     0.822     0.287
 5     0.637    -0.116    -0.761
 5    -0.593     0.557    -0.581
 6   128.608    43.393   -35.016
 6     0.386     0.439     0.816
 6     0.391     0.722    -0.568
 6    -0.835     0.535     0.106
 7   110.843   -12.071    -7.967
 7     0.573     0.483     0.663
 7    -0.475     0.854    -0.211
 7    -0.668    -0.194     0.718
 8   115.213   -36.149     2.821
 8     0.230    -0.222     0.948
 8    -0.942    -0.297     0.158
 8     0.246    -0.929    -0.276
 9   122.713   -63.247     5.504
 9     0.387     0.135     0.912
 9    -0.922     0.062     0.382
 9    -0.006    -0.989     0.149
 2    98.202   -18.860    59.195
 2     0.571    -0.821     0.004
 2     0.820     0.570     0.032
 2    -0.028    -0.015     0.999
 3   129.372    -0.852    -1.881
 3     0.394    -0.054    -0.917
 3     0.109     0.994    -0.012
 3     0.912    -0.095     0.398
 4   112.368    11.888    -8.674
 4     0.747    -0.395     0.536
 4     0.540     0.829    -0.143
 4    -0.388     0.395     0.832
 5   125.708    30.220   -15.553
 5     0.547     0.819     0.173
 5     0.531    -0.179    -0.828
 5    -0.647     0.544    -0.533
 6   130.655    37.450   -38.093
 6     0.392     0.526     0.761
 6     0.245     0.734    -0.628
 6    -0.887     0.430     0.157
 7   110.604   -11.826    -7.978
 7     0.568     0.490     0.662
 7    -0.474     0.851    -0.222
 7    -0.672    -0.188     0.716
 8   114.338   -35.986     2.513
 8     0.206    -0.207     0.956
 8    -0.946    -0.290     0.141
 8     0.249    -0.934    -0.255
 9   120.986   -63.543     5.211
 9     0.359     0.170     0.917
 9    -0.933     0.065     0.353
 9    -0.000    -0.983     0.182
 2    98.202   -18.860    59.195
 2     0.571    -0.821     0.004
 2     0.820     0.570     0.032
 2    -0.028    -0.015     0.999
 3   129.409    -1.088    -1.919
 3     0.390    -0.026    -0.921
 3     0.085     0.996     0.008
 3     0.917    -0.082     0.390
 4   112.930    11.874    -8.714
 4     0.781    -0.353     0.516
 4     0.492     0.855    -0.162
 4    -0.384     0.380     0.841
 5   127.322    28.411   -16.340
 5     0.589     0.801     0.104
 5     0.448    -0.216    -0.867
 5    -0.672     0.557    -0.487
 6   132.233    32.829   -39.615
 6     0.386     0.594     0.714
 6     0.115     0.730    -0.668
 6    -0.915     0.337     0.210
 7   110.431   -11.661    -8.020
 7     0.554     0.520     0.651
 7    -0.490     0.834    -0.249
 7    -0.672    -0.181     0.717
 8   113.249   -35.851     2.461
 8     0.166    -0.202     0.965
 8    -0.953    -0.285     0.104
 8     0.254    -0.937    -0.240
 9   118.728   -63.737     5.602
 9     0.318     0.192     0.929
 9    -0.948     0.053     0.313
 9     0.010    -0.980     0.198
 2    98.202   -18.860    59.195
 2     0.571    -0.822     0.004
 2     0.820     0.570     0.032
 2    -0.028    -0.015     0.999
 3   129.327    -1.353    -1.870
 3     0.402    -0.010    -0.915
 3     0.085     0.996     0.026
 3     0.911    -0.088     0.401
 4   113.061    11.687    -8.751
 4     0.792    -0.336     0.510
 4     0.472     0.865    -0.167
 4    -0.386     0.373     0.843
 5   127.852    27.760   -16.520
 5     0.601     0.795     0.081
 5     0.428    -0.235    -0.873
 5    -0.675     0.559    -0.482
 6   132.799    31.933   -39.908
 6     0.389     0.606     0.701
 6     0.105     0.721    -0.680
 6    -0.915     0.336     0.214
 7   110.318   -11.790    -8.018
 7     0.549     0.528     0.649
 7    -0.500     0.828    -0.251
 7    -0.670    -0.187     0.718
 8   112.934   -35.897     2.770
 8     0.153    -0.198     0.968
 8    -0.951    -0.297     0.089
 8     0.270    -0.934    -0.233
 9   118.178   -63.860     6.177
 9     0.306     0.202     0.931
 9    -0.952     0.040     0.304
 9     0.023    -0.979     0.203
 2    98.202   -18.860    59.195
 2     0.571    -0.822     0.004
 2     0.821     0.569     0.032
 2    -0.028    -0.015     0.999
 3   129.207    -1.586    -1.838
 3     0.411    -0.007    -0.912
 3     0.090     0.995     0.033
 3     0.907    -0.096     0.409
 4   113.061    11.556    -8.792
 4     0.795    -0.331     0.510
 4     0.466     0.868    -0.165
 4    -0.388     0.369     0.844
 5   128.070    26.973   -16.857
 5     0.610     0.791     0.052
 5     0.401    -0.251    -0.881
 5    -0.683     0.558    -0.471
 6   133.116    30.105   -40.228
 6     0.389     0.615     0.693
 6     0.055     0.729    -0.677
 6    -0.920     0.299     0.245
 7   110.190   -11.842    -7.964
 7     0.549     0.526     0.650
 7    -0.499     0.829    -0.250
 7    -0.671    -0.187     0.717
 8   112.928   -35.897     2.773
 8     0.159    -0.196     0.968
 8    -0.950    -0.297     0.096
 8     0.268    -0.935    -0.233
 9   118.276   -63.808     6.149
 9     0.311     0.205     0.928
 9    -0.950     0.042     0.309
 9     0.023    -0.978     0.207
 2    98.202   -18.860    59.195
 2     0.571    -0.822     0.004
 2     0.821     0.569     0.032
 2    -0.028    -0.015     0.999
 3   129.143    -1.598    -1.788
 3     0.426    -0.006    -0.905
 3     0.092     0.995     0.036
 3     0.900    -0.099     0.424
 4   113.011    11.503    -8.736
 4     0.796    -0.328     0.509
 4     0.463     0.870    -0.165
 4    -0.389     0.367     0.844
 5   128.160    26.840   -16.841
 5     0.616     0.786     0.059
 5     0.394    -0.242    -0.887
 5    -0.682     0.569    -0.458
 6   133.272    29.506   -40.409
 6     0.388     0.616     0.693
 6     0.037     0.734    -0.672
 6    -0.921     0.284     0.257
 7   110.194   -11.867    -7.966
 7     0.548     0.527     0.650
 7    -0.501     0.828    -0.250
 7    -0.670    -0.188     0.717
 8   112.595   -35.999     2.849
 8     0.147    -0.188     0.971
 8    -0.949    -0.302     0.086
 8     0.277    -0.935    -0.223
 9   117.668   -63.910     6.652
 9     0.300     0.220     0.928
 9    -0.953     0.033     0.300
 9     0.034    -0.975     0.219
 2    98.202   -18.860    59.195
 2     0.571    -0.822     0.004
 2     0.821     0.569     0.032
 2    -0.028    -0.015     0.999
 3   129.006    -1.980    -1.731
 3     0.457    -0.008    -0.890
 3     0.093     0.995     0.039
 3     0.884    -0.101     0.455
 4   113.068    11.323    -8.782
 4     0.800    -0.325     0.505
 4     0.456     0.874    -0.163
 4    -0.389     0.360     0.848
 5   128.472    26.569   -16.630
 5     0.627     0.776     0.067
 5     0.391    -0.239    -0.888
 5    -0.673     0.583    -0.454
 6   134.077    29.120   -40.093
 6     0.407     0.608     0.690
 6     0.035     0.737    -0.669
 6    -0.913     0.293     0.275
 7   110.063   -12.145    -7.947
 7     0.544     0.533     0.648
 7    -0.510     0.823    -0.249
 7    -0.666    -0.196     0.719
 8   112.356   -35.941     3.156
 8     0.138    -0.187     0.973
 8    -0.946    -0.316     0.073
 8     0.293    -0.930    -0.220
 9   116.879   -63.982     7.442
 9     0.282     0.232     0.931
 9    -0.958     0.014     0.286
 9     0.052    -0.972     0.226
 2    98.202   -18.860    59.195
 2     0.571    -0.822     0.004
 2     0.820     0.570     0.032
 2    -0.028    -0.015     0.999
 3   129.046    -2.033    -1.718
 3     0.460    -0.007    -0.888
 3     0.095     0.994     0.041
 3     0.882    -0.103     0.458
 4   113.178    11.300    -8.787
 4     0.802    -0.327     0.500
 4     0.455     0.876    -0.159
 4    -0.386     0.355     0.851
 5   128.780    26.583   -16.381
 5     0.636     0.768     0.074
 5     0.395    -0.242    -0.886
 5    -0.663     0.593    -0.457
 6   134.492    29.311   -39.770
 6     0.415     0.605     0.687
 6     0.039     0.736    -0.670
 6    -0.909     0.303     0.279
 7   110.104   -11.971    -7.967
 7     0.542     0.539     0.646
 7    -0.510     0.820    -0.257
 7    -0.668    -0.190     0.719
 8   112.234   -35.792     2.906
 8     0.129    -0.191     0.973
 8    -0.947    -0.314     0.064
 8     0.293    -0.930    -0.221
 9   116.415   -63.868     6.927
 9     0.269     0.243     0.932
 9    -0.962     0.019     0.272
 9     0.047    -0.970     0.238
 2    98.202   -18.860    59.195
 2     0.571    -0.822     0.004
 2     0.821     0.569     0.032
 2    -0.028    -0.015     0.999
 3   129.214    -1.899    -1.796
 3     0.448     0.002    -0.894
 3     0.085     0.995     0.045
 3     0.890    -0.096     0.445
 4   113.359    11.480    -8.746
 4     0.805    -0.322     0.499
 4     0.452     0.876    -0.167
 4    -0.383     0.359     0.850
 5   129.022    26.548   -16.364
 5     0.637     0.768     0.059
 5     0.385    -0.250    -0.889
 5    -0.667     0.589    -0.455
 6   134.564    28.845   -39.810
 6     0.407     0.617     0.682
 6     0.010     0.736    -0.672
 6    -0.914     0.278     0.288
 7   110.221   -11.847    -8.068
 7     0.541     0.545     0.641
 7    -0.509     0.818    -0.265
 7    -0.669    -0.183     0.720
 8   112.175   -35.670     2.717
 8     0.126    -0.191     0.973
 8    -0.949    -0.309     0.062
 8     0.289    -0.932    -0.220
 9   116.487   -63.791     6.975
 9     0.273     0.249     0.929
 9    -0.961     0.021     0.276
 9     0.047    -0.968     0.244
 2    98.202   -18.860    59.195
 2     0.571    -0.822     0.004
 2     0.821     0.569     0.032
 2    -0.028    -0.015     0.999
 3   129.208    -1.851    -1.790
 3     0.451     0.001    -0.893
 3     0.083     0.995     0.043
 3     0.889    -0.094     0.448
 4   113.443    11.509    -8.759
 4     0.807    -0.323     0.496
 4     0.453     0.875    -0.170
 4    -0.379     0.361     0.851
 5   129.046    26.766   -16.090
 5     0.641     0.764     0.072
 5     0.393    -0.246    -0.886
 5    -0.658     0.596    -0.459
 6   134.856    29.620   -39.498
 6     0.420     0.602     0.687
 6     0.037     0.738    -0.669
 6    -0.907     0.304     0.283
 7   110.223   -11.794    -8.073
 7     0.543     0.543     0.641
 7    -0.508     0.819    -0.264
 7    -0.668    -0.183     0.720
 8   112.289   -35.588     2.845
 8     0.129    -0.187     0.974
