% Calibrated with leiden_pols
% Positions are in centimeters
Data =[
 2    98.202   -18.860    59.195
 2     0.571    -0.821     0.005
 2     0.820     0.570     0.032
 2    -0.028    -0.015     0.999
 3   130.324    -1.829     0.060
 3     0.575    -0.074    -0.815
 3     0.092     0.995    -0.025
 3     0.813    -0.061     0.579
 4   117.321    16.740    -4.750
 4     0.727    -0.649     0.228
 4     0.661     0.570    -0.488
 4     0.187     0.505     0.842
 5   119.958    24.378    22.740
 5     0.377    -0.553     0.746
 5     0.117    -0.769    -0.628
 5     0.919     0.322    -0.223
 6   132.514    28.257    44.738
 6     0.469    -0.874    -0.137
 6     0.076     0.190    -0.978
 6     0.879     0.448     0.154
 7   113.803   -16.782    -5.213
 7     0.680     0.486     0.551
 7    -0.661     0.729     0.174
 7    -0.317    -0.482     0.816
 8   116.972   -26.707    18.724
 8     0.239     0.555     0.798
 8    -0.219    -0.769     0.599
 8     0.946    -0.317    -0.062
 9   128.836   -30.319    46.566
 9     0.489     0.868    -0.088
 9     0.096     0.042     0.994
 9     0.867    -0.494    -0.064
 2    98.202   -18.860    59.195
 2     0.571    -0.821     0.005
 2     0.820     0.570     0.032
 2    -0.028    -0.015     0.999
 3   130.346    -1.778    -0.045
 3     0.575    -0.082    -0.814
 3     0.093     0.995    -0.034
 3     0.813    -0.056     0.579
 4   117.266    16.738    -4.745
 4     0.726    -0.648     0.230
 4     0.662     0.569    -0.487
 4     0.185     0.505     0.842
 5   119.958    24.378    22.690
 5     0.376    -0.554     0.745
 5     0.117    -0.768    -0.629
 5     0.919     0.322    -0.222
 6   132.571    28.258    44.682
 6     0.469    -0.874    -0.138
 6     0.076     0.191    -0.978
 6     0.880     0.448     0.155
 7   113.905   -16.804    -5.323
 7     0.683     0.484     0.548
 7    -0.659     0.730     0.177
 7    -0.315    -0.481     0.817
 8   117.028   -26.703    18.661
 8     0.239     0.559     0.794
 8    -0.216    -0.767     0.604
 8     0.947    -0.315    -0.062
 9   128.794   -30.315    46.552
 9     0.485     0.870    -0.091
 9     0.098     0.045     0.994
 9     0.869    -0.490    -0.064
 2    98.202   -18.860    59.195
 2     0.571    -0.822     0.005
 2     0.820     0.570     0.032
 2    -0.028    -0.015     0.999
 3   130.440    -1.830    -0.117
 3     0.576    -0.086    -0.813
 3     0.092     0.995    -0.039
 3     0.812    -0.053     0.581
 4   117.255    16.735    -4.811
 4     0.726    -0.646     0.234
 4     0.663     0.569    -0.486
 4     0.181     0.508     0.842
 5   120.034    24.380    22.568
 5     0.376    -0.554     0.745
 5     0.122    -0.766    -0.630
 5     0.919     0.326    -0.219
 6   132.528    28.312    44.655
 6     0.466    -0.874    -0.144
 6     0.080     0.199    -0.976
 6     0.881     0.443     0.161
 7   114.039   -16.952    -5.336
 7     0.685     0.484     0.546
 7    -0.659     0.730     0.179
 7    -0.311    -0.482     0.818
 8   117.059   -26.699    18.701
 8     0.237     0.562     0.793
 8    -0.212    -0.767     0.605
 8     0.948    -0.311    -0.061
 9   128.748   -30.312    46.622
 9     0.483     0.871    -0.094
 9     0.100     0.047     0.994
 9     0.870    -0.489    -0.065
 2    98.202   -18.860    59.195
 2     0.571    -0.822     0.004
 2     0.820     0.570     0.032
 2    -0.028    -0.015     0.999
 3   130.490    -1.828    -0.168
 3     0.575    -0.089    -0.813
 3     0.095     0.994    -0.040
 3     0.812    -0.055     0.580
 4   117.300    16.607    -4.807
 4     0.727    -0.644     0.238
 4     0.663     0.568    -0.487
 4     0.179     0.511     0.840
 5   120.122    24.570    22.324
 5     0.360    -0.574     0.737
 5     0.129    -0.751    -0.647
 5     0.924     0.326    -0.195
 6   133.657    26.859    44.319
 6     0.446    -0.724    -0.532
 6     0.017     0.596    -0.800
 6     0.895     0.346     0.278
 7   114.092   -16.975    -5.343
 7     0.686     0.486     0.542
 7    -0.659     0.730     0.180
 7    -0.309    -0.480     0.820
 8   117.059   -26.699    18.701
 8     0.236     0.563     0.793
 8    -0.211    -0.766     0.606
 8     0.948    -0.309    -0.061
 9   128.797   -30.260    46.622
 9     0.481     0.871    -0.098
 9     0.102     0.051     0.993
 9     0.870    -0.487    -0.065
 2    98.202   -18.860    59.195
 2     0.571    -0.821     0.005
 2     0.820     0.570     0.032
 2    -0.028    -0.015     0.999
 3   130.490    -1.828    -0.168
 3     0.575    -0.089    -0.813
 3     0.096     0.994    -0.040
 3     0.812    -0.055     0.580
 4   117.245    16.604    -4.853
 4     0.728    -0.643     0.240
 4     0.662     0.568    -0.488
 4     0.177     0.514     0.839
 5   120.123    24.569    22.379
 5     0.359    -0.579     0.734
 5     0.130    -0.747    -0.651
 5     0.924     0.327    -0.192
 6   133.759    26.621    44.287
 6     0.443    -0.682    -0.588
 6     0.010     0.655    -0.753
 6     0.896     0.326     0.296
 7   114.094   -16.949    -5.346
 7     0.686     0.486     0.542
 7    -0.659     0.730     0.180
 7    -0.308    -0.480     0.821
 8   117.043   -26.721    18.740
 8     0.237     0.562     0.793
 8    -0.210    -0.767     0.606
 8     0.949    -0.309    -0.063
 9   128.720   -30.391    46.731
 9     0.485     0.870    -0.090
 9     0.098     0.043     0.994
 9     0.869    -0.490    -0.066
 2    98.202   -18.860    59.144
 2     0.571    -0.822     0.004
 2     0.820     0.570     0.032
 2    -0.028    -0.015     0.999
 3   130.432    -1.780    -0.106
 3     0.578    -0.088    -0.811
 3     0.097     0.994    -0.037
 3     0.810    -0.057     0.583
 4   117.003    16.652    -4.779
 4     0.721    -0.650     0.244
 4     0.672     0.568    -0.475
 4     0.170     0.505     0.845
 5   119.327    23.749    22.662
 5     0.365    -0.492     0.792
 5     0.141    -0.810    -0.567
 5     0.920     0.318    -0.225
 6   131.316    30.157    44.553
 6     0.486    -0.873     0.048
 6     0.151     0.027    -0.988
 6     0.860     0.488     0.145
 7   113.855   -16.855    -5.184
 7     0.683     0.495     0.538
 7    -0.660     0.732     0.165
 7    -0.312    -0.468     0.826
 8   116.915   -26.254    18.896
 8     0.245     0.510     0.825
 8    -0.228    -0.797     0.559
 8     0.942    -0.324    -0.079
 9   128.937   -32.135    45.966
 9     0.571     0.764     0.300
 9    -0.069    -0.319     0.945
 9     0.818    -0.560    -0.130
 2    98.252   -18.860    59.144
 2     0.571    -0.822     0.004
 2     0.820     0.570     0.032
 2    -0.028    -0.015     0.999
 3   130.295    -1.733    -0.091
 3     0.582    -0.087    -0.808
 3     0.097     0.994    -0.037
 3     0.807    -0.057     0.587
 4   116.427    16.473    -4.984
 4     0.706    -0.661     0.256
 4     0.689     0.558    -0.461
 4     0.161     0.501     0.849
 5   119.304    23.069    22.930
 5     0.427    -0.292     0.857
 5     0.218    -0.886    -0.408
 5     0.877     0.360    -0.314
 6   130.709    33.112    43.397
 6     0.521    -0.724     0.456
 6     0.321    -0.326    -0.888
 6     0.790     0.608     0.062
 7   113.462   -16.698    -5.282
 7     0.676     0.496     0.546
 7    -0.659     0.737     0.146
 7    -0.330    -0.458     0.824
 8   117.254   -25.837    19.346
 8     0.293     0.351     0.890
 8    -0.294    -0.853     0.431
 8     0.910    -0.387    -0.147
 9   128.722   -36.252    44.336
 9     0.575     0.487     0.660
 9    -0.326    -0.602     0.726
 9     0.750    -0.633    -0.189
 2    98.202   -18.860    59.195
 2     0.571    -0.822     0.004
 2     0.821     0.569     0.032
 2    -0.028    -0.015     0.999
 3   130.100    -1.791    -0.218
 3     0.589    -0.087    -0.803
 3     0.097     0.994    -0.036
 3     0.802    -0.057     0.594
 4   115.724    16.017    -5.285
 4     0.680    -0.683     0.268
 4     0.717     0.544    -0.435
 4     0.151     0.487     0.859
 5   119.328    23.358    22.288
 5     0.460    -0.056     0.886
 5     0.337    -0.913    -0.231
 5     0.821     0.404    -0.401
