% Calibrated with leiden_pols
% Positions are in centimeters
Data =[
 2    97.802   -18.801    59.162
 2     0.141    -0.990     0.007
 2     0.989     0.142     0.032
 2    -0.033     0.002     0.999
 3   132.137    -1.768     1.664
 3     0.505    -0.093    -0.858
 3     0.152     0.988    -0.017
 3     0.849    -0.122     0.513
 4   120.329    16.897    -4.289
 4     0.740    -0.654     0.159
 4     0.621     0.572    -0.535
 4     0.259     0.494     0.829
 5   120.596    25.941    22.780
 5     0.244    -0.715     0.657
 5     0.106    -0.652    -0.750
 5     0.964     0.252    -0.081
 6   132.451    25.429    46.547
 6     0.351    -0.583    -0.736
 6    -0.059     0.768    -0.635
 6     0.934     0.264     0.234
 7   117.284   -18.298    -3.612
 7     0.782     0.406     0.474
 7    -0.587     0.735     0.340
 7    -0.210    -0.543     0.812
 8   119.127   -26.886    21.435
 8     0.217     0.575     0.790
 8    -0.163    -0.776     0.608
 8     0.962    -0.260    -0.073
 9   130.884   -29.625    48.621
 9     0.244     0.543    -0.806
 9     0.113     0.808     0.576
 9     0.963    -0.229     0.135
 2    97.802   -18.801    59.162
 2     0.141    -0.990     0.007
 2     0.989     0.142     0.032
 2    -0.033     0.002     0.999
 3   132.279    -1.771     1.625
 3     0.508    -0.092    -0.856
 3     0.152     0.988    -0.016
 3     0.847    -0.123     0.516
 4   120.351    16.793    -4.359
 4     0.741    -0.653     0.158
 4     0.620     0.575    -0.534
 4     0.257     0.493     0.831
 5   120.646    25.917    22.756
 5     0.243    -0.716     0.656
 5     0.107    -0.651    -0.750
 5     0.964     0.252    -0.080
 6   132.509    25.432    46.488
 6     0.350    -0.583    -0.737
 6    -0.058     0.769    -0.634
 6     0.935     0.262     0.234
 7   117.283   -18.349    -3.612
 7     0.782     0.406     0.474
 7    -0.586     0.735     0.340
 7    -0.210    -0.543     0.812
 8   119.159   -26.936    21.424
 8     0.216     0.577     0.789
 8    -0.163    -0.774     0.610
 8     0.963    -0.259    -0.072
 9   130.884   -29.624    48.622
 9     0.242     0.543    -0.806
 9     0.113     0.808     0.576
 9     0.963    -0.228     0.133
 2    97.803   -18.801    59.111
 2     0.141    -0.990     0.007
 2     0.989     0.142     0.032
 2    -0.033     0.002     0.999
 3   132.324    -1.772     1.606
 3     0.510    -0.092    -0.855
 3     0.152     0.988    -0.015
 3     0.846    -0.123     0.517
 4   120.401    16.793    -4.358
 4     0.742    -0.652     0.158
 4     0.619     0.575    -0.534
 4     0.257     0.493     0.831
 5   120.696    25.943    22.757
 5     0.242    -0.717     0.656
 5     0.107    -0.650    -0.751
 5     0.964     0.251    -0.079
 6   132.502    25.430    46.498
 6     0.350    -0.581    -0.738
 6    -0.058     0.770    -0.633
 6     0.934     0.262     0.235
 7   117.331   -18.349    -3.661
 7     0.783     0.404     0.474
 7    -0.585     0.735     0.341
 7    -0.211    -0.544     0.812
 8   119.160   -26.936    21.398
 8     0.216     0.578     0.788
 8    -0.163    -0.773     0.611
 8     0.963    -0.259    -0.072
 9   130.893   -29.621    48.611
 9     0.241     0.543    -0.807
 9     0.114     0.808     0.576
 9     0.964    -0.228     0.132
 2    97.803   -18.801    59.112
 2     0.141    -0.990     0.006
 2     0.989     0.142     0.032
 2    -0.033     0.001     0.999
 3   132.320    -1.774     1.509
 3     0.512    -0.091    -0.854
 3     0.151     0.988    -0.014
 3     0.845    -0.122     0.519
 4   120.400    16.894    -4.410
 4     0.742    -0.652     0.158
 4     0.619     0.575    -0.534
 4     0.257     0.494     0.830
 5   120.646    25.942    22.755
 5     0.242    -0.717     0.655
 5     0.106    -0.650    -0.751
 5     0.964     0.251    -0.080
 6   132.560    25.381    46.489
 6     0.349    -0.581    -0.738
 6    -0.058     0.771    -0.632
 6     0.935     0.261     0.234
 7   117.332   -18.349    -3.661
 7     0.783     0.404     0.474
 7    -0.585     0.735     0.341
 7    -0.211    -0.544     0.811
 8   119.158   -26.936    21.398
 8     0.216     0.579     0.787
 8    -0.163    -0.773     0.612
 8     0.963    -0.259    -0.071
 9   130.893   -29.621    48.610
 9     0.240     0.542    -0.807
 9     0.113     0.809     0.575
 9     0.964    -0.227     0.132
 2    97.803   -18.801    59.111
 2     0.141    -0.990     0.007
 2     0.989     0.142     0.032
 2    -0.033     0.002     0.999
 3   132.345    -1.774     1.510
 3     0.512    -0.090    -0.854
 3     0.151     0.988    -0.013
 3     0.845    -0.123     0.520
 4   120.396    16.893    -4.352
 4     0.741    -0.653     0.158
 4     0.620     0.576    -0.531
 4     0.255     0.491     0.832
 5   120.025    24.964    22.705
 5     0.226    -0.663     0.715
 5     0.110    -0.711    -0.693
 5     0.968     0.233    -0.085
 6   131.271    26.910    46.458
 6     0.383    -0.816    -0.442
 6    -0.001     0.472    -0.879
 6     0.923     0.334     0.178
 7   117.333   -18.297    -3.664
 7     0.783     0.404     0.474
 7    -0.585     0.735     0.341
 7    -0.210    -0.544     0.812
 8   118.639   -26.317    21.297
 8     0.173     0.504     0.847
 8    -0.192    -0.826     0.530
 8     0.966    -0.253    -0.045
 9   130.126   -31.322    48.837
 9     0.341     0.807    -0.488
 9     0.068     0.491     0.866
 9     0.937    -0.326     0.110
 2    97.803   -18.801    59.111
 2     0.141    -0.990     0.007
 2     0.989     0.142     0.032
 2    -0.033     0.002     0.999
 3   132.350    -1.748     1.504
 3     0.512    -0.089    -0.854
 3     0.151     0.988    -0.012
 3     0.846    -0.123     0.519
 4   120.160    16.953    -4.433
 4     0.725    -0.670     0.162
 4     0.650     0.587    -0.482
 4     0.227     0.454     0.861
 5   119.745    24.554    22.644
 5     0.250    -0.595     0.765
 5     0.131    -0.761    -0.634
 5     0.959     0.257    -0.111
 6   130.614    28.757    46.093
 6     0.400    -0.909    -0.125
 6     0.088     0.169    -0.981
 6     0.912     0.380     0.146
 7   117.386   -18.398    -3.616
 7     0.783     0.405     0.473
 7    -0.586     0.734     0.342
 7    -0.209    -0.544     0.812
 8   118.466   -26.267    21.377
 8     0.193     0.472     0.861
 8    -0.190    -0.842     0.503
 8     0.963    -0.259    -0.072
 9   129.277   -32.757    48.927
 9     0.432     0.901    -0.043
 9    -0.012     0.050     0.999
 9     0.902    -0.430     0.031
 2    97.803   -18.801    59.111
 2     0.141    -0.990     0.007
 2     0.989     0.142     0.032
 2    -0.033     0.002     0.999
 3   132.316    -1.776     1.516
 3     0.514    -0.088    -0.853
 3     0.151     0.988    -0.011
 3     0.844    -0.124     0.521
 4   120.150    16.872    -4.467
 4     0.726    -0.668     0.162
 4     0.650     0.592    -0.475
 4     0.222     0.450     0.865
 5   119.896    24.231    22.655
 5     0.266    -0.596     0.759
 5     0.120    -0.760    -0.637
 5     0.956     0.260    -0.129
 6   130.406    29.523    46.002
 6     0.441    -0.891     0.107
 6     0.134    -0.055    -0.990
 6     0.887     0.450     0.094
 7   116.975   -18.379    -3.664
 7     0.769     0.414     0.488
 7    -0.595     0.742     0.308
 7    -0.235    -0.526     0.816
 8   118.284   -25.902    21.299
 8     0.207     0.410     0.889
 8    -0.229    -0.863     0.450
 8     0.951    -0.295    -0.084
 9   128.380   -35.125    47.646
 9     0.494     0.761     0.421
 9    -0.185    -0.379     0.905
 9     0.849    -0.525    -0.047
 2    97.802   -18.801    59.162
 2     0.141    -0.990     0.007
 2     0.989     0.142     0.032
 2    -0.033     0.002     0.999
 3   132.035    -2.028     1.408
 3     0.536    -0.083    -0.840
 3     0.144     0.989    -0.005
 3     0.831    -0.119     0.542
 4   119.622    16.227    -5.069
 4     0.712    -0.678     0.183
 4     0.672     0.584    -0.454
 4     0.201     0.446     0.872
 5   119.045    23.307    22.531
 5     0.317    -0.272     0.909
 5     0.258    -0.898    -0.356
 5     0.912     0.346    -0.214
