% Calibrated with leiden_pols
% Positions are in centimeters
Data =[
 2    97.802   -18.801    59.162
 2     0.141    -0.990     0.007
 2     0.989     0.142     0.032
 2    -0.033     0.002     0.999
 3   132.137    -1.768     1.664
 3     0.505    -0.093    -0.858
 3     0.152     0.988    -0.017
 3     0.849    -0.122     0.513
 4   120.329    16.897    -4.289
 4     0.740    -0.654     0.159
 4     0.621     0.572    -0.535
 4     0.259     0.494     0.829
 5   120.596    25.941    22.780
 5     0.244    -0.715     0.657
 5     0.106    -0.652    -0.750
 5     0.964     0.252    -0.081
 6   132.451    25.429    46.547
 6     0.351    -0.583    -0.736
 6    -0.059     0.768    -0.635
 6     0.934     0.264     0.234
 7   117.284   -18.298    -3.612
 7     0.782     0.406     0.474
 7    -0.587     0.735     0.340
 7    -0.210    -0.543     0.812
 8   119.127   -26.886    21.435
 8     0.217     0.575     0.790
 8    -0.163    -0.776     0.608
 8     0.962    -0.260    -0.073
 9   130.884   -29.625    48.621
 9     0.244     0.543    -0.806
 9     0.113     0.808     0.576
 9     0.963    -0.229     0.135
 2    97.802   -18.801    59.162
 2     0.141    -0.990     0.007
 2     0.989     0.142     0.032
 2    -0.033     0.002     0.999
 3   132.279    -1.771     1.625
 3     0.508    -0.092    -0.856
 3     0.152     0.988    -0.016
 3     0.847    -0.123     0.516
 4   120.351    16.793    -4.359
 4     0.741    -0.653     0.158
 4     0.620     0.575    -0.534
 4     0.257     0.493     0.831
 5   120.646    25.917    22.756
 5     0.243    -0.716     0.656
 5     0.107    -0.651    -0.750
 5     0.964     0.252    -0.080
 6   132.509    25.432    46.488
 6     0.350    -0.583    -0.737
 6    -0.058     0.769    -0.634
 6     0.935     0.262     0.234
 7   117.283   -18.349    -3.612
 7     0.782     0.406     0.474
 7    -0.586     0.735     0.340
 7    -0.210    -0.543     0.812
 8   119.159   -26.936    21.424
 8     0.216     0.577     0.789
 8    -0.163    -0.774     0.610
 8     0.963    -0.259    -0.072
 9   130.884   -29.624    48.622
 9     0.242     0.543    -0.806
 9     0.113     0.808     0.576
 9     0.963    -0.228     0.133
 2    97.803   -18.801    59.111
 2     0.141    -0.990     0.007
 2     0.989     0.142     0.032
 2    -0.033     0.002     0.999
 3   132.324    -1.772     1.606
 3     0.510    -0.092    -0.855
 3     0.152     0.988    -0.015
 3     0.846    -0.123     0.517
 4   120.401    16.793    -4.358
 4     0.742    -0.652     0.158
 4     0.619     0.575    -0.534
 4     0.257     0.493     0.831
 5   120.696    25.943    22.757
 5     0.242    -0.717     0.656
 5     0.107    -0.650    -0.751
 5     0.964     0.251    -0.079
 6   132.502    25.430    46.498
 6     0.350    -0.581    -0.738
 6    -0.058     0.770    -0.633
 6     0.934     0.262     0.235
 7   117.331   -18.349    -3.661
 7     0.783     0.404     0.474
 7    -0.585     0.735     0.341
 7    -0.211    -0.544     0.812
 8   119.160   -26.936    21.398
 8     0.216     0.578     0.788
 8    -0.163    -0.773     0.611
 8     0.963    -0.259    -0.072
 9   130.893   -29.621    48.611
 9     0.241     0.543    -0.807
 9     0.114     0.808     0.576
 9     0.964    -0.228     0.132
 2    97.803   -18.801    59.112
 2     0.141    -0.990     0.006
 2     0.989     0.142     0.032
 2    -0.033     0.001     0.999
 3   132.320    -1.774     1.509
 3     0.512    -0.091    -0.854
 3     0.151     0.988    -0.014
 3     0.845    -0.122     0.519
 4   120.400    16.894    -4.410
 4     0.742    -0.652     0.158
 4     0.619     0.575    -0.534
 4     0.257     0.494     0.830
 5   120.646    25.942    22.755
 5     0.242    -0.717     0.655
 5     0.106    -0.650    -0.751
 5     0.964     0.251    -0.080
 6   132.560    25.381    46.489
 6     0.349    -0.581    -0.738
 6    -0.058     0.771    -0.632
 6     0.935     0.261     0.234
 7   117.332   -18.349    -3.661
 7     0.783     0.404     0.474
 7    -0.585     0.735     0.341
 7    -0.211    -0.544     0.811
 8   119.158   -26.936    21.398
 8     0.216     0.579     0.787
 8    -0.163    -0.773     0.612
 8     0.963    -0.259    -0.071
 9   130.893   -29.621    48.610
 9     0.240     0.542    -0.807
 9     0.113     0.809     0.575
 9     0.964    -0.227     0.132
 2    97.803   -18.801    59.111
 2     0.141    -0.990     0.007
 2     0.989     0.142     0.032
 2    -0.033     0.002     0.999
 3   132.345    -1.774     1.510
 3     0.512    -0.090    -0.854
 3     0.151     0.988    -0.013
 3     0.845    -0.123     0.520
 4   120.396    16.893    -4.352
 4     0.741    -0.653     0.158
 4     0.620     0.576    -0.531
 4     0.255     0.491     0.832
 5   120.025    24.964    22.705
 5     0.226    -0.663     0.715
 5     0.110    -0.711    -0.693
 5     0.968     0.233    -0.085
 6   131.271    26.910    46.458
 6     0.383    -0.816    -0.442
 6    -0.001     0.472    -0.879
 6     0.923     0.334     0.178
 7   117.333   -18.297    -3.664
 7     0.783     0.404     0.474
 7    -0.585     0.735     0.341
 7    -0.210    -0.544     0.812
 8   118.639   -26.317    21.297
 8     0.173     0.504     0.847
 8    -0.192    -0.826     0.530
 8     0.966    -0.253    -0.045
 9   130.126   -31.322    48.837
 9     0.341     0.807    -0.488
 9     0.068     0.491     0.866
 9     0.937    -0.326     0.110
 2    97.803   -18.801    59.111
 2     0.141    -0.990     0.007
 2     0.989     0.142     0.032
 2    -0.033     0.002     0.999
 3   132.350    -1.748     1.504
 3     0.512    -0.089    -0.854
 3     0.151     0.988    -0.012
 3     0.846    -0.123     0.519
 4   120.160    16.953    -4.433
 4     0.725    -0.670     0.162
 4     0.650     0.587    -0.482
 4     0.227     0.454     0.861
 5   119.745    24.554    22.644
 5     0.250    -0.595     0.765
 5     0.131    -0.761    -0.634
 5     0.959     0.257    -0.111
 6   130.614    28.757    46.093
 6     0.400    -0.909    -0.125
 6     0.088     0.169    -0.981
 6     0.912     0.380     0.146
 7   117.386   -18.398    -3.616
 7     0.783     0.405     0.473
 7    -0.586     0.734     0.342
 7    -0.209    -0.544     0.812
 8   118.466   -26.267    21.377
 8     0.193     0.472     0.861
 8    -0.190    -0.842     0.503
 8     0.963    -0.259    -0.072
 9   129.277   -32.757    48.927
 9     0.432     0.901    -0.043
 9    -0.012     0.050     0.999
 9     0.902    -0.430     0.031
 2    97.803   -18.801    59.111
 2     0.141    -0.990     0.007
 2     0.989     0.142     0.032
 2    -0.033     0.002     0.999
 3   132.316    -1.776     1.516
 3     0.514    -0.088    -0.853
 3     0.151     0.988    -0.011
 3     0.844    -0.124     0.521
 4   120.150    16.872    -4.467
 4     0.726    -0.668     0.162
 4     0.650     0.592    -0.475
 4     0.222     0.450     0.865
 5   119.896    24.231    22.655
 5     0.266    -0.596     0.759
 5     0.120    -0.760    -0.637
 5     0.956     0.260    -0.129
 6   130.406    29.523    46.002
 6     0.441    -0.891     0.107
 6     0.134    -0.055    -0.990
 6     0.887     0.450     0.094
 7   116.975   -18.379    -3.664
 7     0.769     0.414     0.488
 7    -0.595     0.742     0.308
 7    -0.235    -0.526     0.816
 8   118.284   -25.902    21.299
 8     0.207     0.410     0.889
 8    -0.229    -0.863     0.450
 8     0.951    -0.295    -0.084
 9   128.380   -35.125    47.646
 9     0.494     0.761     0.421
 9    -0.185    -0.379     0.905
 9     0.849    -0.525    -0.047
 2    97.802   -18.801    59.162
 2     0.141    -0.990     0.007
 2     0.989     0.142     0.032
 2    -0.033     0.002     0.999
 3   132.035    -2.028     1.408
 3     0.536    -0.083    -0.840
 3     0.144     0.989    -0.005
 3     0.831    -0.119     0.542
 4   119.622    16.227    -5.069
 4     0.712    -0.678     0.183
 4     0.672     0.584    -0.454
 4     0.201     0.446     0.872
 5   119.045    23.307    22.531
 5     0.317    -0.272     0.909
 5     0.258    -0.898    -0.356
 5     0.912     0.346    -0.214
 6   128.528    35.223    43.644
 6     0.463    -0.665     0.590
 6     0.390    -0.443    -0.805
 6     0.796     0.601     0.054
 7   115.816   -17.869    -4.027
 7     0.733     0.445     0.515
 7    -0.614     0.757     0.222
 7    -0.291    -0.479     0.828
 8   118.107   -26.633    21.017
 8     0.253     0.109     0.961
 8    -0.389    -0.899     0.203
 8     0.885    -0.425    -0.185
 9   127.622   -41.385    44.483
 9     0.508     0.360     0.785
 9    -0.459    -0.657     0.596
 9     0.729    -0.662    -0.169
 2    97.803   -18.801    59.111
 2     0.141    -0.990     0.007
 2     0.989     0.142     0.032
 2    -0.033     0.002     0.999
 3   131.493    -2.137     1.345
 3     0.549    -0.081    -0.832
 3     0.160     0.987     0.009
 3     0.820    -0.139     0.554
 4   118.116    15.563    -5.614
 4     0.671    -0.711     0.212
 4     0.727     0.574    -0.376
 4     0.146     0.406     0.902
 5   118.507    24.487    21.805
 5     0.352     0.026     0.936
 5     0.444    -0.885    -0.141
 5     0.824     0.465    -0.323
 6   126.834    40.507    40.216
 6     0.432    -0.495     0.757
 6     0.560    -0.510    -0.651
 6     0.707     0.703     0.056
 7   115.597   -17.875    -3.750
 7     0.735     0.438     0.518
 7    -0.609     0.762     0.219
 7    -0.299    -0.476     0.826
 8   117.659   -30.493    20.069
 8     0.241    -0.046     0.969
 8    -0.583    -0.805     0.106
 8     0.775    -0.591    -0.221
 9   126.917   -49.495    39.610
 9     0.504     0.214     0.838
 9    -0.630    -0.573     0.523
 9     0.591    -0.791    -0.155
 2    97.803   -18.801    59.111
 2     0.141    -0.990     0.007
 2     0.989     0.142     0.032
 2    -0.033     0.002     0.999
 3   131.457    -2.150     1.297
 3     0.536    -0.080    -0.841
 3     0.160     0.987     0.009
 3     0.829    -0.140     0.541
 4   117.680    15.203    -5.898
 4     0.649    -0.730     0.217
 4     0.749     0.563    -0.347
 4     0.131     0.387     0.912
 5   117.658    26.199    20.989
 5     0.315     0.242     0.918
 5     0.606    -0.795     0.001
 5     0.730     0.556    -0.396
 6   124.266    45.551    36.654
 6     0.370    -0.368     0.854
 6     0.694    -0.503    -0.515
 6     0.617     0.782     0.068
 7   115.202   -17.525    -3.727
 7     0.713     0.446     0.541
 7    -0.607     0.777     0.160
 7    -0.349    -0.443     0.825
 8   116.983   -32.503    18.420
 8     0.206    -0.133     0.969
 8    -0.688    -0.725     0.047
 8     0.696    -0.676    -0.240
 9   124.714   -54.435    35.235
 9     0.445     0.172     0.879
 9    -0.735    -0.492     0.466
 9     0.511    -0.853    -0.094
 2    97.803   -18.801    59.112
 2     0.141    -0.990     0.006
 2     0.989     0.142     0.032
 2    -0.033     0.001     0.999
 3   131.255    -2.148     1.040
 3     0.530    -0.071    -0.845
 3     0.150     0.988     0.011
 3     0.834    -0.133     0.534
 4   116.997    14.696    -6.727
 4     0.631    -0.743     0.227
 4     0.770     0.563    -0.298
 4     0.094     0.362     0.927
 5   117.030    29.185    18.328
 5     0.281     0.391     0.877
 5     0.764    -0.643     0.041
 5     0.581     0.659    -0.478
 6   122.209    51.563    29.386
 6     0.323    -0.265     0.909
 6     0.826    -0.392    -0.406
 6     0.462     0.881     0.091
 7   114.538   -16.823    -4.506
 7     0.682     0.468     0.563
 7    -0.598     0.799     0.062
 7    -0.421    -0.378     0.824
 8   115.922   -34.260    15.512
 8     0.169    -0.169     0.971
 8    -0.775    -0.631     0.025
 8     0.608    -0.757    -0.237
 9   122.159   -58.748    29.145
 9     0.385     0.168     0.907
 9    -0.822    -0.386     0.419
 9     0.419    -0.907    -0.012
 2    97.803   -18.801    59.111
 2     0.141    -0.990     0.007
 2     0.989     0.142     0.032
 2    -0.033     0.002     0.999
 3   131.034    -2.197     0.599
 3     0.524    -0.059    -0.849
 3     0.139     0.990     0.018
 3     0.840    -0.128     0.527
 4   116.382    13.946    -7.489
 4     0.618    -0.748     0.243
 4     0.785     0.570    -0.241
 4     0.042     0.339     0.939
 5   116.606    32.344    14.684
 5     0.258     0.489     0.834
 5     0.878    -0.476     0.008
 5     0.403     0.731    -0.551
 6   120.801    56.242    21.086
 6     0.285    -0.189     0.940
 6     0.912    -0.248    -0.326
 6     0.293     0.950     0.101
 7   113.914   -16.037    -5.113
 7     0.655     0.493     0.574
 7    -0.581     0.812    -0.035
 7    -0.483    -0.310     0.818
 8   115.272   -35.374    13.134
 8     0.150    -0.208     0.967
 8    -0.835    -0.550     0.012
 8     0.530    -0.809    -0.255
 9   120.483   -61.253    24.241
 9     0.341     0.159     0.927
 9    -0.876    -0.303     0.374
 9     0.339    -0.940     0.035
 2    97.803   -18.801    59.111
 2     0.141    -0.990     0.007
 2     0.989     0.142     0.032
 2    -0.033     0.002     0.999
 3   130.986    -2.233     0.131
 3     0.506    -0.049    -0.861
 3     0.135     0.990     0.023
 3     0.851    -0.128     0.508
 4   116.127    13.631    -7.894
 4     0.630    -0.731     0.265
 4     0.777     0.589    -0.220
 4     0.005     0.344     0.938
 5   117.737    34.502    11.420
 5     0.294     0.528     0.799
 5     0.921    -0.376    -0.089
 5     0.254     0.761    -0.595
 6   122.637    58.642    13.768
 6     0.318    -0.138     0.938
 6     0.937    -0.106    -0.333
 6     0.144     0.985     0.094
 7   113.372   -15.311    -5.766
 7     0.633     0.500     0.592
 7    -0.559     0.823    -0.096
 7    -0.535    -0.270     0.800
 8   115.750   -35.520    11.343
 8     0.169    -0.245     0.954
 8    -0.858    -0.512     0.021
 8     0.484    -0.823    -0.297
 9   120.536   -62.093    20.717
 9     0.321     0.142     0.936
 9    -0.903    -0.251     0.347
 9     0.284    -0.957     0.047
 2    97.803   -18.801    59.112
 2     0.141    -0.990     0.006
 2     0.989     0.142     0.032
 2    -0.033     0.001     0.999
 3   130.862    -2.106    -0.123
 3     0.506    -0.048    -0.861
 3     0.135     0.990     0.024
 3     0.851    -0.129     0.508
 4   115.854    13.571    -8.053
 4     0.642    -0.712     0.285
 4     0.766     0.609    -0.203
 4    -0.029     0.348     0.936
 5   118.839    36.090     8.052
 5     0.322     0.572     0.755
 5     0.940    -0.288    -0.181
 5     0.115     0.767    -0.630
 6   123.613    60.103     7.087
 6     0.327    -0.098     0.940
 6     0.945     0.013    -0.327
 6     0.019     0.995     0.096
 7   113.088   -14.561    -6.272
 7     0.614     0.512     0.602
 7    -0.527     0.832    -0.169
 7    -0.587    -0.214     0.780
 8   115.838   -36.212     8.798
 8     0.174    -0.264     0.949
 8    -0.897    -0.439     0.042
 8     0.406    -0.859    -0.312
 9   120.282   -63.568    15.605
 9     0.306     0.140     0.942
 9    -0.932    -0.162     0.325
 9     0.197    -0.977     0.080
 2    97.803   -18.801    59.111
 2     0.141    -0.990     0.007
 2     0.989     0.142     0.032
 2    -0.033     0.002     0.999
 3   130.910    -1.900    -0.572
 3     0.473    -0.038    -0.880
 3     0.130     0.991     0.027
 3     0.871    -0.128     0.474
 4   115.706    13.372    -8.319
 4     0.653    -0.694     0.304
 4     0.753     0.635    -0.168
 4    -0.077     0.338     0.938
 5   119.590    37.097     4.886
 5     0.335     0.607     0.722
 5     0.942    -0.217    -0.254
 5     0.003     0.764    -0.644
 6   124.186    60.760     1.082
 6     0.328    -0.047     0.943
 6     0.939     0.119    -0.321
 6    -0.097     0.992     0.084
 7   112.862   -13.897    -6.747
 7     0.602     0.520     0.607
 7    -0.498     0.837    -0.224
 7    -0.625    -0.168     0.762
 8   116.094   -36.557     6.807
 8     0.189    -0.260     0.947
 8    -0.918    -0.387     0.077
 8     0.347    -0.885    -0.311
 9   120.839   -64.098    12.076
 9     0.314     0.143     0.938
 9    -0.940    -0.096     0.329
 9     0.136    -0.985     0.104
 2    97.803   -18.801    59.112
 2     0.141    -0.990     0.006
 2     0.989     0.142     0.032
 2    -0.033     0.001     0.999
 3   130.931    -1.542    -0.836
 3     0.445    -0.042    -0.894
 3     0.137     0.990     0.022
 3     0.885    -0.133     0.447
 4   115.468    13.356    -8.534
 4     0.666    -0.667     0.338
 4     0.732     0.669    -0.124
 4    -0.143     0.329     0.933
 5   120.755    37.732     1.306
 5     0.367     0.649     0.668
 5     0.922    -0.162    -0.348
 5    -0.118     0.743    -0.657
 6   126.038    60.115    -6.579
 6     0.365     0.053     0.930
 6     0.893     0.261    -0.365
 6    -0.261     0.964     0.049
 7   112.702   -13.341    -7.132
 7     0.596     0.516     0.616
 7    -0.472     0.844    -0.251
 7    -0.650    -0.141     0.746
 8   116.549   -36.588     5.091
 8     0.208    -0.264     0.942
 8    -0.932    -0.344     0.109
 8     0.295    -0.901    -0.317
 9   121.446   -64.376     8.373
 9     0.319     0.141     0.937
 9    -0.945    -0.029     0.325
 9     0.073    -0.989     0.124
 2    97.803   -18.801    59.112
 2     0.141    -0.990     0.006
 2     0.989     0.142     0.032
 2    -0.033     0.001     0.999
 3   130.937    -1.314    -1.116
 3     0.414    -0.041    -0.909
 3     0.133     0.991     0.016
 3     0.900    -0.128     0.415
 4   115.241    13.251    -8.560
 4     0.680    -0.639     0.362
 4     0.707     0.700    -0.093
 4    -0.194     0.318     0.927
 5   122.013    37.699    -2.045
 5     0.410     0.686     0.603
 5     0.881    -0.126    -0.455
 5    -0.236     0.716    -0.655
 6   127.861    58.255   -13.121
 6     0.397     0.152     0.906
 6     0.823     0.381    -0.422
 6    -0.407     0.912     0.028
 7   112.374   -12.770    -7.471
 7     0.582     0.521     0.625
 7    -0.446     0.846    -0.290
 7    -0.680    -0.109     0.724
 8   116.371   -36.809     3.311
 8     0.209    -0.263     0.942
 8    -0.948    -0.291     0.129
 8     0.240    -0.920    -0.310
 9   121.192   -64.666     4.940
 9     0.309     0.147     0.939
 9    -0.951     0.041     0.306
 9     0.006    -0.988     0.152
 2    97.803   -18.801    59.111
 2     0.141    -0.990     0.007
 2     0.989     0.142     0.032
 2    -0.033     0.002     0.999
 3   130.667    -1.092    -1.266
 3     0.414    -0.047    -0.909
 3     0.118     0.993     0.002
 3     0.902    -0.108     0.416
 4   114.682    13.305    -8.331
 4     0.699    -0.592     0.403
 4     0.676     0.729    -0.103
 4    -0.232     0.343     0.909
 5   123.095    37.259    -5.058
 5     0.456     0.724     0.520
 5     0.820    -0.116    -0.558
 5    -0.344     0.680    -0.646
 6   129.219    55.337   -19.968
 6     0.424     0.277     0.864
 6     0.706     0.498    -0.502
 6    -0.566     0.822     0.017
 7   111.929   -12.066    -7.659
 7     0.571     0.511     0.644
 7    -0.415     0.855    -0.310
 7    -0.708    -0.090     0.699
 8   116.636   -36.794     1.548
 8     0.229    -0.280     0.932
 8    -0.957    -0.239     0.163
 8     0.177    -0.930    -0.323
 9   121.844   -64.562     1.277
 9     0.319     0.128     0.939
 9    -0.946     0.108     0.305
 9    -0.063    -0.986     0.156
 2    97.803   -18.801    59.111
 2     0.141    -0.990     0.007
 2     0.989     0.142     0.032
 2    -0.033     0.002     0.999
 3   130.458    -0.913    -1.467
 3     0.409    -0.046    -0.911
 3     0.112     0.993    -0.000
 3     0.905    -0.102     0.411
 4   114.307    13.021    -8.552
 4     0.714    -0.547     0.439
 4     0.642     0.760    -0.099
 4    -0.279     0.351     0.893
 5   123.767    36.400    -7.666
 5     0.475     0.752     0.459
 5     0.772    -0.107    -0.625
 5    -0.421     0.650    -0.631
 6   129.767    52.566   -24.621
 6     0.423     0.356     0.837
 6     0.623     0.557    -0.547
 6    -0.658     0.750     0.016
 7   111.744   -11.884    -7.851
 7     0.562     0.503     0.657
 7    -0.396     0.860    -0.320
 7    -0.726    -0.081     0.682
 8   116.946   -36.857     0.643
 8     0.251    -0.289     0.924
 8    -0.957    -0.219     0.191
 8     0.147    -0.932    -0.331
 9   122.699   -64.401    -0.470
 9     0.337     0.120     0.934
 9    -0.937     0.141     0.320
 9    -0.094    -0.983     0.160
 2    97.803   -18.801    59.111
 2     0.141    -0.990     0.007
 2     0.989     0.142     0.032
 2    -0.033     0.002     0.999
 3   130.254    -0.965    -1.587
 3     0.412    -0.046    -0.910
 3     0.113     0.993     0.001
 3     0.904    -0.104     0.415
 4   113.970    12.788    -8.557
 4     0.734    -0.489     0.474
 4     0.599     0.792    -0.111
 4    -0.321     0.364     0.874
 5   124.772    34.826   -10.553
 5     0.495     0.790     0.362
 5     0.700    -0.118    -0.703
 5    -0.514     0.601    -0.611
 6   130.418    48.167   -30.031
 6     0.411     0.449     0.799
 6     0.513     0.610    -0.600
 6    -0.754     0.653     0.020
 7   111.439   -11.397    -8.199
 7     0.558     0.489     0.672
 7    -0.365     0.870    -0.330
 7    -0.746    -0.061     0.663
 8   117.398   -36.526    -0.711
 8     0.273    -0.286     0.919
 8    -0.956    -0.185     0.226
 8     0.105    -0.940    -0.323
 9   123.598   -63.720    -3.281
 9     0.355     0.124     0.927
 9    -0.925     0.190     0.328
 9    -0.136    -0.974     0.182
 2    97.803   -18.801    59.112
 2     0.141    -0.990     0.006
 2     0.989     0.142     0.032
 2    -0.033     0.001     0.999
 3   129.876    -0.483    -1.668
 3     0.432    -0.055    -0.900
 3     0.099     0.995    -0.013
 3     0.896    -0.084     0.435
 4   113.584    13.111    -8.326
 4     0.753    -0.439     0.491
 4     0.563     0.814    -0.137
 4    -0.339     0.379     0.860
 5   126.241    32.622   -13.323
 5     0.546     0.810     0.214
 5     0.574    -0.177    -0.799
 5    -0.610     0.559    -0.561
 6   131.421    41.426   -35.249
 6     0.392     0.592     0.712
 6     0.316     0.635    -0.700
 6    -0.864     0.496     0.060
 7   111.134   -10.580    -8.378
 7     0.551     0.483     0.682
 7    -0.335     0.875    -0.348
 7    -0.764    -0.037     0.643
 8   117.335   -36.097    -1.939
 8     0.283    -0.290     0.915
 8    -0.957    -0.149     0.248
 8     0.065    -0.946    -0.319
 9   123.854   -63.218    -5.610
 9     0.364     0.121     0.924
 9    -0.915     0.233     0.329
 9    -0.176    -0.965     0.195
 2    97.803   -18.801    59.111
 2     0.141    -0.990     0.007
 2     0.989     0.142     0.032
 2    -0.033     0.002     0.999
 3   129.798    -0.266    -1.775
 3     0.435    -0.051    -0.899
 3     0.082     0.996    -0.016
 3     0.896    -0.067     0.438
 4   113.483    13.270    -8.056
 4     0.777    -0.395     0.492
 4     0.528     0.832    -0.169
 4    -0.343     0.391     0.854
 5   128.101    30.178   -14.345
 5     0.596     0.799     0.071
 5     0.468    -0.274    -0.840
 5    -0.652     0.534    -0.537
 6   132.804    36.173   -37.544
 6     0.371     0.711     0.604
 6     0.187     0.575    -0.793
 6    -0.910     0.404     0.076
 7   110.873   -10.310    -8.481
 7     0.549     0.478     0.687
 7    -0.322     0.878    -0.353
 7    -0.772    -0.028     0.635
 8   117.621   -35.974    -2.559
 8     0.302    -0.291     0.908
 8    -0.952    -0.139     0.271
 8     0.049    -0.947    -0.318
 9   125.057   -62.611    -6.751
 9     0.397     0.123     0.910
 9    -0.898     0.258     0.356
 9    -0.192    -0.958     0.212
 2    97.803   -18.801    59.111
 2     0.141    -0.990     0.007
 2     0.989     0.142     0.032
 2    -0.033     0.002     0.999
 3   129.682    -0.375    -1.756
 3     0.442    -0.049    -0.896
 3     0.079     0.996    -0.016
 3     0.893    -0.064     0.444
 4   113.477    13.080    -8.110
 4     0.786    -0.374     0.494
 4     0.510     0.841    -0.177
 4    -0.349     0.390     0.851
 5   128.495    28.877   -15.298
 5     0.608     0.793     0.036
 5     0.420    -0.282    -0.863
 5    -0.674     0.540    -0.505
 6   133.051    32.888   -38.832
 6     0.354     0.742     0.576
 6     0.107     0.574    -0.808
 6    -0.929     0.345     0.120
 7   110.973   -10.353    -8.549
 7     0.555     0.470     0.688
 7    -0.316     0.882    -0.348
 7    -0.770    -0.024     0.637
 8   117.654   -35.874    -2.526
 8     0.297    -0.278     0.914
 8    -0.953    -0.141     0.266
 8     0.055    -0.950    -0.306
 9   124.397   -62.871    -6.350
 9     0.376     0.158     0.913
 9    -0.909     0.253     0.330
 9    -0.180    -0.954     0.237
 2    97.803   -18.801    59.111
 2     0.141    -0.990     0.007
 2     0.989     0.142     0.032
 2    -0.033     0.002     0.999
 3   129.663    -0.420    -1.660
 3     0.439    -0.052    -0.897
 3     0.085     0.996    -0.017
 3     0.894    -0.069     0.441
 4   113.525    12.899    -8.204
 4     0.788    -0.370     0.493
 4     0.506     0.844    -0.177
 4    -0.351     0.388     0.852
 5   128.530    28.398   -15.657
 5     0.608     0.793     0.031
 5     0.405    -0.275    -0.872
 5    -0.683     0.543    -0.489
 6   132.814    31.904   -39.301
 6     0.343     0.744     0.580
 6     0.078     0.586    -0.802
 6    -0.936     0.319     0.139
 7   110.941   -10.456    -8.501
 7     0.552     0.481     0.682
 7    -0.328     0.876    -0.352
 7    -0.767    -0.029     0.641
 8   117.161   -36.022    -2.127
 8     0.281    -0.280     0.918
 8    -0.957    -0.149     0.247
 8     0.068    -0.948    -0.309
 9   123.816   -63.170    -5.700
 9     0.374     0.172     0.912
 9    -0.912     0.245     0.327
 9    -0.168    -0.954     0.248
 2    97.803   -18.801    59.111
 2     0.141    -0.990     0.007
 2     0.989     0.142     0.032
 2    -0.033     0.002     0.999
 3   129.587    -0.680    -1.625
 3     0.448    -0.054    -0.892
 3     0.089     0.996    -0.015
 3     0.889    -0.073     0.451
 4   113.519    12.591    -8.368
 4     0.786    -0.373     0.494
 4     0.506     0.845    -0.169
 4    -0.355     0.382     0.853
 5   128.357    28.407   -15.770
 5     0.604     0.796     0.045
 5     0.415    -0.265    -0.871
 5    -0.681     0.544    -0.490
 6   132.661    32.090   -39.318
 6     0.345     0.737     0.587
 6     0.084     0.594    -0.797
 6    -0.935     0.323     0.138
 7   110.999   -10.631    -8.507
 7     0.553     0.483     0.680
 7    -0.331     0.875    -0.352
 7    -0.765    -0.031     0.643
 8   117.167   -36.148    -2.044
 8     0.279    -0.268     0.922
 8    -0.957    -0.151     0.246
 8     0.074    -0.952    -0.298
 9   123.897   -63.218    -5.420
 9     0.376     0.190     0.907
 9    -0.912     0.245     0.327
 9    -0.161    -0.951     0.264
 2    97.803   -18.801    59.111
 2     0.141    -0.990     0.007
 2     0.989     0.142     0.032
 2    -0.033     0.002     0.999
 3   129.685    -0.620    -1.624
 3     0.439    -0.052    -0.897
 3     0.092     0.995    -0.012
 3     0.893    -0.078     0.442
 4   113.649    12.643    -8.373
 4     0.788    -0.372     0.491
 4     0.504     0.846    -0.170
 4    -0.353     0.381     0.854
 5   128.548    28.410   -15.625
 5     0.609     0.792     0.047
 5     0.413    -0.265    -0.871
 5    -0.677     0.550    -0.489
 6   132.953    31.840   -39.244
 6     0.344     0.746     0.576
 6     0.068     0.586    -0.803
 6    -0.937     0.314     0.147
 7   111.160   -10.349    -8.656
 7     0.559     0.490     0.670
 7    -0.324     0.871    -0.367
 7    -0.764    -0.012     0.645
 8   116.864   -36.108    -3.150
 8     0.271    -0.216     0.938
 8    -0.961    -0.113     0.251
 8     0.052    -0.970    -0.238
 9   123.911   -63.018    -7.097
 9     0.387     0.261     0.885
 9    -0.905     0.291     0.310
 9    -0.178    -0.920     0.347
 2    97.803   -18.801    59.111
 2     0.141    -0.990     0.007
 2     0.989     0.142     0.032
 2    -0.033     0.002     0.999
 3   129.875    -0.585    -1.621
 3     0.426    -0.044    -0.903
 3     0.087     0.996    -0.007
 3     0.900    -0.076     0.428
 4   113.800    12.861    -8.256
 4     0.787    -0.385     0.483
 4     0.514     0.841    -0.169
 4    -0.341     0.380     0.859
 5   128.590    28.962   -15.122
 5     0.616     0.784     0.078
 5     0.424    -0.245    -0.872
 5    -0.664     0.570    -0.484
 6   133.358    32.255   -38.787
 6     0.358     0.732     0.586
 6     0.062     0.603    -0.792
 6    -0.932     0.317     0.167
 7   111.199   -10.173    -8.634
 7     0.558     0.495     0.667
 7    -0.320     0.869    -0.377
 7    -0.765    -0.003     0.643
 8   116.676   -35.879    -2.984
 8     0.264    -0.215     0.940
 8    -0.963    -0.116     0.243
 8     0.057    -0.970    -0.237
 9   123.529   -62.941    -6.749
 9     0.376     0.259     0.890
 9    -0.910     0.281     0.303
 9    -0.173    -0.924     0.340
 2    97.803   -18.801    59.111
 2     0.141    -0.990     0.007
 2     0.989     0.142     0.032
 2    -0.033     0.002     0.999
 3   129.881    -0.482    -1.577
 3     0.423    -0.045    -0.905
 3     0.087     0.996    -0.008
 3     0.901    -0.076     0.425
 4   113.806    12.916    -8.266
 4     0.786    -0.390     0.481
 4     0.517     0.839    -0.168
 4    -0.338     0.380     0.860
 5   128.520    29.150   -15.016
 5     0.614     0.785     0.085
 5     0.433    -0.245    -0.868
 5    -0.660     0.569    -0.490
 6   133.404    32.756   -38.552
 6     0.364     0.725     0.591
 6     0.074     0.605    -0.790
 6    -0.929     0.328     0.162
 7   111.286   -10.270    -8.644
 7     0.561     0.494     0.666
 7    -0.323     0.870    -0.372
 7    -0.762    -0.006     0.646
 8   116.867   -35.897    -2.781
 8     0.267    -0.213     0.940
 8    -0.962    -0.124     0.244
 8     0.065    -0.969    -0.237
 9   123.716   -62.987    -6.408
 9     0.377     0.259     0.890
 9    -0.911     0.276     0.305
 9    -0.168    -0.925     0.339
 2    97.803   -18.801    59.111
 2     0.141    -0.990     0.007
 2     0.989     0.142     0.032
 2    -0.033     0.002     0.999
 3   130.043    -0.569    -1.565
 3     0.411    -0.041    -0.911
 3     0.092     0.996    -0.003
 3     0.907    -0.083     0.413
 4   114.088    12.840    -8.264
 4     0.790    -0.387     0.477
 4     0.512     0.842    -0.167
 4    -0.337     0.375     0.863
 5   128.947    28.900   -14.898
 5     0.623     0.777     0.086
 5     0.428    -0.247    -0.869
 5    -0.654     0.579    -0.487
 6   133.966    32.269   -38.462
 6     0.370     0.726     0.587
 6     0.062     0.604    -0.791
 6    -0.927     0.328     0.174
 7   111.481   -10.439    -8.667
 7     0.566     0.495     0.660
 7    -0.329     0.869    -0.369
 7    -0.756    -0.008     0.653
 8   116.888   -36.096    -2.589
 8     0.261    -0.200     0.944
 8    -0.962    -0.132     0.237
 8     0.077    -0.971    -0.227
 9   123.679   -63.160    -5.976
 9     0.377     0.269     0.887
 9    -0.912     0.271     0.305
 9    -0.160    -0.924     0.346
 2    97.803   -18.801    59.111
 2     0.141    -0.990     0.007
 2     0.989     0.142     0.032
 2    -0.033     0.002     0.999
 3   130.274    -0.755    -1.532
 3     0.420    -0.025    -0.907
 3     0.090     0.996     0.014
 3     0.903    -0.088     0.421
 4   114.465    12.847    -8.214
 4     0.798    -0.382     0.467
 4     0.505     0.845    -0.175
 4    -0.327     0.375     0.867
 5   129.513    29.175   -14.361
 5     0.634     0.768     0.090
 5     0.434    -0.257    -0.863
 5    -0.640     0.586    -0.496
 6   134.942    32.647   -37.753
 6     0.383     0.725     0.579
 6     0.069     0.597    -0.796
 6    -0.921     0.343     0.175
 7   111.470   -10.345    -8.555
 7     0.558     0.512     0.654
 7    -0.344     0.859    -0.378
 7    -0.755    -0.014     0.655
 8   116.049   -35.870    -2.199
 8     0.234    -0.189     0.954
 8    -0.968    -0.140     0.209
 8     0.094    -0.972    -0.215
 9   122.094   -63.416    -4.905
 9     0.346     0.296     0.891
 9    -0.928     0.248     0.278
 9    -0.140    -0.922     0.359
 2    97.803   -18.801    59.111
 2     0.141    -0.990     0.007
 2     0.989     0.142     0.032
 2    -0.033     0.002     0.999
 3   130.220    -0.770    -1.396
 3     0.437    -0.037    -0.899
 3     0.092     0.996     0.004
 3     0.894    -0.085     0.439
 4   114.357    12.796    -8.288
 4     0.795    -0.384     0.471
 4     0.510     0.842    -0.176
 4    -0.329     0.379     0.864
 5   128.247    30.350   -13.745
 5     0.601     0.783     0.160
 5     0.499    -0.213    -0.840
 5    -0.623     0.585    -0.519
 6   133.287    35.730   -36.736
 6     0.385     0.645     0.667
 6     0.126     0.673    -0.724
 6    -0.914     0.361     0.173
 7   111.910   -11.542    -7.997
 7     0.577     0.504     0.644
 7    -0.384     0.862    -0.330
 7    -0.721    -0.057     0.690
 8   116.104   -36.566     0.724
 8     0.225    -0.101     0.969
 8    -0.952    -0.234     0.196
 8     0.206    -0.967    -0.149
 9   123.455   -63.581     3.017
 9     0.385     0.580     0.721
 9    -0.922     0.197     0.332
 9     0.050    -0.791     0.607
 2    97.802   -18.801    59.162
 2     0.141    -0.990     0.007
 2     0.989     0.142     0.032
 2    -0.033     0.002     0.999
 3   130.456    -1.016    -0.910
 3     0.481    -0.105    -0.870
 3     0.140     0.989    -0.042
 3     0.865    -0.102     0.490
 4   114.315    12.640    -8.306
 4     0.740    -0.523     0.425
 4     0.627     0.762    -0.155
 4    -0.243     0.381     0.891
 5   125.617    34.911    -6.581
 5     0.578     0.699     0.422
 5     0.705    -0.169    -0.688
 5    -0.410     0.694    -0.590
 6   134.075    46.224   -25.509
 6     0.522     0.406     0.756
 6     0.356     0.699    -0.616
 6    -0.775     0.588     0.220
 7   113.409   -14.228    -6.849
 7     0.641     0.489     0.593
 7    -0.511     0.847    -0.146
 7    -0.573    -0.209     0.792
 8   115.592   -34.964     9.045
 8     0.176     0.104     0.979
 8    -0.825    -0.528     0.204
 8     0.537    -0.843    -0.007
 9   123.618   -58.794    23.192
 9     0.407     0.800     0.443
 9    -0.762     0.031     0.645
 9     0.503    -0.599     0.621
 2    97.803   -18.801    59.112
 2     0.141    -0.990     0.006
 2     0.989     0.142     0.032
 2    -0.033     0.001     0.999
 3   130.951    -1.204     0.010
 3     0.502    -0.122    -0.856
 3     0.169     0.984    -0.041
 3     0.848    -0.125     0.515
 4   115.314    13.740    -7.259
 4     0.686    -0.652     0.326
 4     0.726     0.640    -0.249
 4    -0.046     0.407     0.912
 5   123.028    36.582     5.499
 5     0.548     0.573     0.611
 5     0.832    -0.305    -0.462
 5    -0.078     0.760    -0.643
 6   134.118    55.181    -3.639
 6     0.641     0.069     0.766
 6     0.645     0.493    -0.582
 6    -0.415     0.867     0.273
 7   115.002   -16.639    -5.448
 7     0.694     0.468     0.548
 7    -0.586     0.808     0.052
 7    -0.418    -0.357     0.835
 8   115.413   -32.214    14.737
 8     0.119     0.253     0.960
 8    -0.635    -0.724     0.269
 8     0.763    -0.641     0.075
 9   123.802   -50.353    36.309
 9     0.379     0.900     0.213
 9    -0.488    -0.001     0.873
 9     0.786    -0.435     0.439
 2    97.803   -18.801    59.111
 2     0.141    -0.990     0.007
 2     0.989     0.142     0.032
 2    -0.033     0.002     0.999
 3   131.378    -1.641     0.515
 3     0.513    -0.146    -0.846
 3     0.181     0.981    -0.059
 3     0.839    -0.123     0.530
 4   116.368    14.643    -6.182
 4     0.649    -0.713     0.267
 4     0.754     0.557    -0.347
 4     0.099     0.426     0.899
 5   119.887    31.998    17.138
 5     0.474     0.424     0.772
 5     0.805    -0.562    -0.187
 5     0.355     0.710    -0.607
 6   130.221    53.060    23.687
 6     0.581    -0.247     0.776
 6     0.784    -0.087    -0.614
 6     0.218     0.965     0.142
 7   116.094   -18.038    -4.479
 7     0.740     0.416     0.530
 7    -0.591     0.776     0.217
 7    -0.321    -0.474     0.819
 8   116.065   -29.431    17.880
 8     0.106     0.376     0.921
 8    -0.448    -0.809     0.381
 8     0.887    -0.452     0.083
 9   125.246   -41.957    43.420
 9     0.364     0.931    -0.038
 9    -0.222     0.123     0.967
 9     0.904    -0.344     0.250
 2    97.803   -18.801    59.111
 2     0.141    -0.990     0.007
 2     0.989     0.142     0.032
 2    -0.033     0.002     0.999
 3   131.343    -1.754     0.737
 3     0.526    -0.146    -0.838
 3     0.181     0.982    -0.056
 3     0.831    -0.122     0.542
 4   117.243    15.689    -4.974
 4     0.676    -0.696     0.242
 4     0.714     0.540    -0.444
 4     0.178     0.473     0.862
 5   117.236    25.991    22.238
 5     0.382     0.108     0.918
 5     0.543    -0.830    -0.129
 5     0.747     0.548    -0.375
 6   126.400    41.214    40.610
 6     0.447    -0.664     0.603
 6     0.526    -0.349    -0.774
 6     0.723     0.661     0.192
 7   116.072   -18.427    -3.854
 7     0.753     0.390     0.531
 7    -0.593     0.752     0.288
 7    -0.287    -0.531     0.796
 8   117.003   -27.987    19.438
 8     0.152     0.451     0.880
 8    -0.332    -0.815     0.474
 8     0.931    -0.363     0.026
 9   128.266   -35.951    46.240
 9     0.366     0.871    -0.332
 9    -0.026     0.361     0.931
 9     0.930    -0.331     0.153
 2    97.803   -18.801    59.111
 2     0.141    -0.990     0.007
 2     0.989     0.142     0.032
 2    -0.033     0.002     0.999
 3   131.327    -1.794     0.842
 3     0.538    -0.127    -0.833
 3     0.169     0.984    -0.040
 3     0.826    -0.120     0.551
 4   118.365    16.371    -4.367
 4     0.692    -0.683     0.234
 4     0.690     0.531    -0.492
 4     0.211     0.501     0.838
 5   117.100    23.423    22.458
 5     0.248    -0.367     0.897
 5     0.167    -0.896    -0.411
 5     0.954     0.250    -0.160
 6   127.945    28.768    46.360
 6     0.382    -0.924    -0.011
 6     0.107     0.054    -0.993
 6     0.918     0.378     0.118
 7   116.274   -18.342    -3.690
 7     0.753     0.383     0.536
 7    -0.595     0.742     0.307
 7    -0.280    -0.550     0.786
 8   118.078   -27.260    19.998
 8     0.180     0.542     0.822
 8    -0.245    -0.784     0.570
 8     0.952    -0.303    -0.007
 9   129.899   -31.535    47.627
 9     0.361     0.811    -0.467
 9     0.113     0.454     0.882
 9     0.925    -0.369     0.071
 2    97.803   -18.801    59.111
 2     0.141    -0.990     0.007
 2     0.989     0.142     0.032
 2    -0.033     0.002     0.999
 3   131.624    -1.664     1.045
 3     0.532    -0.120    -0.838
 3     0.161     0.986    -0.038
 3     0.831    -0.116     0.544
 4   119.447    16.729    -4.239
 4     0.722    -0.662     0.203
 4     0.652     0.553    -0.517
 4     0.230     0.505     0.831
 5   119.454    25.411    22.865
 5     0.254    -0.663     0.705
 5     0.105    -0.705    -0.700
 5     0.961     0.251    -0.108
 6   131.147    26.446    46.478
 6     0.413    -0.853    -0.330
 6    -0.039     0.339    -0.938
 6     0.910     0.398     0.106
 7   116.636   -18.283    -3.714
 7     0.758     0.385     0.528
 7    -0.593     0.743     0.310
 7    -0.273    -0.548     0.790
 8   118.297   -27.192    20.319
 8     0.186     0.572     0.799
 8    -0.200    -0.774     0.600
 8     0.962    -0.270    -0.029
 9   129.705   -30.691    48.197
 9     0.339     0.809    -0.486
 9     0.138     0.463     0.873
 9     0.930    -0.360     0.044
 2    97.803   -18.801    59.111
 2     0.141    -0.990     0.007
 2     0.989     0.142     0.032
 2    -0.033     0.002     0.999
 3   131.962    -1.757     1.130
 3     0.522    -0.108    -0.846
 3     0.154     0.987    -0.031
 3     0.839    -0.115     0.532
 4   119.866    16.706    -4.177
 4     0.730    -0.657     0.191
 4     0.642     0.561    -0.522
 4     0.236     0.503     0.831
 5   119.491    25.364    22.924
 5     0.258    -0.650     0.717
 5     0.112    -0.716    -0.688
 5     0.960     0.256    -0.110
 6   130.320    27.342    46.668
 6     0.382    -0.887    -0.271
 6     0.001     0.287    -0.957
 6     0.924     0.363     0.109
 7   116.876   -18.401    -3.669
 7     0.762     0.389     0.518
 7    -0.592     0.743     0.312
 7    -0.264    -0.544     0.796
 8   118.465   -27.103    20.460
 8     0.188     0.587     0.788
