% Calibrated with leiden_pols
% Positions are in centimeters
Data =[
 2    97.803   -18.801    59.112
 2     0.142    -0.990     0.006
 2     0.989     0.142     0.032
 2    -0.033     0.001     0.999
 3   132.405    -1.228     1.453
 3     0.500    -0.146    -0.854
 3     0.155     0.985    -0.077
 3     0.852    -0.094     0.514
 4   120.207    17.414    -3.624
 4     0.754    -0.637     0.161
 4     0.607     0.583    -0.539
 4     0.249     0.504     0.826
 5   124.263    25.399    23.954
 5     0.396    -0.705     0.590
 5     0.087    -0.610    -0.787
 5     0.914     0.362    -0.179
 6   139.653    25.470    44.383
 6     0.504    -0.546    -0.673
 6    -0.042     0.760    -0.646
 6     0.862     0.353     0.360
 7   117.426   -18.580    -3.281
 7     0.813     0.319     0.488
 7    -0.526     0.760     0.381
 7    -0.249    -0.566     0.785
 8   124.385   -27.925    21.648
 8     0.407     0.580     0.706
 8    -0.218    -0.689     0.690
 8     0.887    -0.435    -0.153
 9   141.926   -29.496    43.905
 9     0.396     0.221    -0.891
 9     0.075     0.959     0.273
 9     0.915    -0.176     0.362
 2    97.803   -18.801    59.163
 2     0.141    -0.990     0.006
 2     0.989     0.142     0.032
 2    -0.033     0.001     0.999
 3   131.147    -1.403     1.320
 3     0.526    -0.164    -0.835
 3     0.167     0.982    -0.086
 3     0.834    -0.095     0.543
 4   118.682    16.849    -3.803
 4     0.772    -0.609     0.183
 4     0.606     0.619    -0.499
 4     0.191     0.496     0.847
 5   128.272    23.801    23.344
 5     0.654    -0.523     0.549
 5     0.079    -0.672    -0.735
 5     0.752     0.525    -0.398
 6   147.427    25.404    38.064
 6     0.742    -0.492    -0.459
 6    -0.019     0.666    -0.744
 6     0.670     0.561     0.485
 7   115.799   -18.046    -3.794
 7     0.794     0.226     0.564
 7    -0.460     0.829     0.317
 7    -0.397    -0.511     0.762
 8   129.085   -28.430    19.399
 8     0.646     0.468     0.604
 8    -0.238    -0.627     0.740
 8     0.725    -0.622    -0.295
 9   151.540   -28.770    34.748
 9     0.643     0.124    -0.755
 9     0.052     0.977     0.207
 9     0.763    -0.172     0.622
 2    97.803   -18.801    59.163
 2     0.142    -0.990     0.006
 2     0.989     0.142     0.032
 2    -0.033     0.001     0.999
 3   130.133    -1.467     0.786
 3     0.586    -0.171    -0.792
 3     0.147     0.983    -0.103
 3     0.797    -0.057     0.601
 4   117.589    16.610    -3.985
 4     0.797    -0.570     0.200
 4     0.588     0.660    -0.467
 4     0.134     0.489     0.861
 5   130.730    23.036    21.592
 5     0.783    -0.454     0.427
 5     0.043    -0.643    -0.763
 5     0.620     0.616    -0.485
 6   151.822    23.317    31.743
 6     0.864    -0.312    -0.397
 6    -0.077     0.696    -0.714
 6     0.498     0.647     0.577
 7   114.516   -17.495    -4.241
 7     0.772     0.173     0.612
 7    -0.409     0.871     0.270
 7    -0.487    -0.459     0.743
 8   131.456   -27.866    17.223
 8     0.775     0.368     0.515
 8    -0.218    -0.607     0.763
 8     0.593    -0.704    -0.391
 9   155.980   -25.253    27.394
 9     0.796    -0.020    -0.606
 9     0.148     0.975     0.169
 9     0.587    -0.222     0.777
 2    97.803   -18.801    59.112
 2     0.142    -0.990     0.006
 2     0.989     0.142     0.032
 2    -0.033     0.001     0.999
 3   129.754    -1.384     0.510
 3     0.607    -0.196    -0.771
 3     0.157     0.979    -0.125
 3     0.779    -0.046     0.625
 4   117.003    16.459    -4.180
 4     0.798    -0.564     0.213
 4     0.593     0.672    -0.443
 4     0.106     0.479     0.871
 5   131.763    23.274    20.278
 5     0.828    -0.401     0.392
 5     0.060    -0.631    -0.773
 5     0.556     0.665    -0.499
 6   153.360    23.557    28.424
 6     0.902    -0.234    -0.363
 6    -0.077     0.740    -0.668
 6     0.425     0.630     0.649
 7   114.416   -17.396    -4.494
 7     0.766     0.134     0.628
 7    -0.373     0.889     0.265
 7    -0.523    -0.438     0.731
 8   132.779   -27.432    16.346
 8     0.813     0.350     0.467
 8    -0.198    -0.586     0.784
 8     0.548    -0.730    -0.408
 9   157.422   -23.992    25.232
 9     0.822    -0.063    -0.567
 9     0.169     0.975     0.144
 9     0.542    -0.213     0.811
 2    97.803   -18.801    59.112
 2     0.142    -0.990     0.006
 2     0.989     0.142     0.032
 2    -0.033     0.001     0.999
 3   129.774    -1.215     0.465
 3     0.615    -0.203    -0.762
 3     0.157     0.978    -0.131
 3     0.772    -0.039     0.633
 4   116.994    16.558    -4.193
 4     0.795    -0.567     0.216
 4     0.597     0.673    -0.436
 4     0.102     0.475     0.873
 5   131.911    23.367    20.131
 5     0.835    -0.391     0.389
 5     0.063    -0.631    -0.772
 5     0.547     0.670    -0.503
 6   153.420    23.870    28.579
 6     0.900    -0.248    -0.359
 6    -0.067     0.734    -0.675
 6     0.431     0.631     0.644
 7   114.719   -17.381    -4.498
 7     0.769     0.155     0.620
 7    -0.393     0.880     0.267
 7    -0.504    -0.449     0.737
 8   131.014   -27.751    17.478
 8     0.750     0.376     0.546
 8    -0.231    -0.624     0.745
 8     0.620    -0.685    -0.382
 9   154.880   -25.509    29.029
 9     0.777     0.008    -0.630
 9     0.154     0.966     0.209
 9     0.609    -0.258     0.748
 2    97.803   -18.801    59.112
 2     0.142    -0.990     0.006
 2     0.989     0.142     0.032
 2    -0.033     0.001     0.999
 3   130.528    -1.307     0.565
 3     0.582    -0.182    -0.793
 3     0.163     0.981    -0.104
 3     0.796    -0.070     0.600
 4   117.984    16.743    -3.938
 4     0.779    -0.594     0.202
 4     0.606     0.632    -0.482
 4     0.159     0.497     0.852
 5   127.865    25.012    22.584
 5     0.694    -0.446     0.567
 5     0.135    -0.692    -0.708
 5     0.707     0.568    -0.421
 6   146.530    27.581    36.912
 6     0.774    -0.478    -0.418
 6     0.010     0.667    -0.743
 6     0.633     0.571     0.522
 7   116.306   -18.405    -3.238
 7     0.782     0.264     0.565
 7    -0.508     0.795     0.331
 7    -0.362    -0.546     0.756
 8   125.323   -28.040    21.134
 8     0.514     0.437     0.740
 8    -0.254    -0.745     0.615
 8     0.819    -0.503    -0.272
 9   143.385   -30.670    42.451
 9     0.545     0.482    -0.689
 9     0.084     0.783     0.613
 9     0.834    -0.391     0.386
 2    97.803   -18.801    59.112
 2     0.142    -0.990     0.006
 2     0.989     0.142     0.032
 2    -0.033     0.001     0.999
 3   131.451    -1.425     0.960
 3     0.523    -0.163    -0.837
 3     0.168     0.982    -0.085
 3     0.835    -0.097     0.541
 4   119.034    16.781    -4.093
 4     0.762    -0.621     0.187
 4     0.618     0.609    -0.497
 4     0.194     0.493     0.847
 5   125.516    24.712    23.403
 5     0.534    -0.553     0.642
 5     0.128    -0.696    -0.705
 5     0.836     0.458    -0.300
 6   142.142    27.547    41.916
 6     0.594    -0.597    -0.546
 6     0.034     0.691    -0.719
 6     0.803     0.408     0.431
 7   116.867   -18.703    -3.140
 7     0.787     0.285     0.547
 7    -0.523     0.777     0.349
 7    -0.326    -0.560     0.761
 8   124.553   -27.585    21.584
 8     0.426     0.523     0.739
 8    -0.215    -0.734     0.642
 8     0.878    -0.432    -0.200
 9   141.613   -29.651    44.157
 9     0.408     0.288    -0.867
 9     0.088     0.932     0.350
 9     0.908    -0.220     0.354
 2    97.803   -18.801    59.112
 2     0.141    -0.990     0.006
 2     0.989     0.142     0.032
 2    -0.033     0.001     0.999
 3   131.382    -1.534     1.031
 3     0.530    -0.165    -0.832
 3     0.166     0.982    -0.088
 3     0.831    -0.092     0.547
 4   118.984    16.829    -3.917
 4     0.768    -0.613     0.188
 4     0.610     0.611    -0.505
 4     0.194     0.501     0.842
 5   127.594    24.113    23.454
 5     0.612    -0.530     0.589
 5     0.103    -0.683    -0.722
 5     0.784     0.502    -0.363
 6   145.666    26.156    39.716
 6     0.682    -0.517    -0.521
 6    -0.001     0.708    -0.703
 6     0.731     0.480     0.483
 7   116.862   -18.614    -3.204
 7     0.792     0.255     0.555
 7    -0.501     0.790     0.352
 7    -0.349    -0.557     0.753
 8   127.524   -27.789    21.203
 8     0.539     0.524     0.660
 8    -0.205    -0.678     0.705
 8     0.817    -0.515    -0.258
 9   147.299   -28.873    40.367
 9     0.512     0.193    -0.837
 9     0.080     0.959     0.271
 9     0.855    -0.207     0.475
 2    97.803   -18.801    59.112
 2     0.141    -0.990     0.006
 2     0.989     0.142     0.032
 2    -0.033     0.001     0.999
 3   131.055    -1.548     1.126
 3     0.542    -0.171    -0.823
 3     0.154     0.982    -0.102
 3     0.826    -0.072     0.559
 4   118.795    16.884    -3.548
 4     0.790    -0.586     0.178
 4     0.584     0.635    -0.505
 4     0.183     0.502     0.845
 5   131.194    23.581    22.392
 5     0.749    -0.459     0.481
 5     0.081    -0.654    -0.751
 5     0.658     0.601    -0.453
 6   151.603    25.299    34.223
 6     0.810    -0.401    -0.428
 6    -0.014     0.716    -0.696
 6     0.585     0.570     0.576
 7   115.671   -18.273    -3.445
 7     0.777     0.191     0.600
 7    -0.438     0.848     0.298
 7    -0.452    -0.495     0.742
 8   131.779   -28.143    18.759
 8     0.751     0.374     0.546
 8    -0.218    -0.639     0.736
 8     0.624    -0.672    -0.398
 9   156.226   -27.206    29.477
 9     0.774     0.056    -0.631
 9     0.121     0.964     0.239
 9     0.621    -0.260     0.738
 2    97.803   -18.801    59.163
 2     0.142    -0.990     0.006
 2     0.989     0.142     0.032
 2    -0.033     0.001     0.999
 3   130.398    -1.472     1.043
 3     0.569    -0.180    -0.803
 3     0.158     0.981    -0.107
 3     0.807    -0.066     0.586
 4   118.188    16.688    -3.670
 4     0.816    -0.546     0.190
 4     0.565     0.688    -0.455
 4     0.117     0.478     0.870
 5   134.936    23.219    19.227
 5     0.891    -0.313     0.330
 5     0.062    -0.635    -0.770
 5     0.450     0.707    -0.546
 6   157.288    22.894    23.274
 6     0.956    -0.115    -0.267
 6    -0.097     0.740    -0.667
 6     0.275     0.662     0.696
 7   114.960   -17.264    -4.580
 7     0.750     0.104     0.653
 7    -0.328     0.916     0.230
 7    -0.574    -0.387     0.721
 8   135.525   -28.411    13.755
 8     0.889     0.158     0.429
 8    -0.259    -0.601     0.756
 8     0.377    -0.784    -0.494
 9   161.171   -22.787    13.790
 9     0.927    -0.217    -0.309
 9     0.296     0.922     0.251
 9     0.229    -0.321     0.917
 2    97.803   -18.801    59.112
 2     0.141    -0.990     0.006
 2     0.989     0.142     0.032
 2    -0.033     0.001     0.999
 3   130.282    -1.307     0.865
 3     0.575    -0.186    -0.797
 3     0.139     0.982    -0.127
 3     0.805    -0.038     0.591
 4   118.033    16.381    -4.077
 4     0.836    -0.506     0.211
 4     0.546     0.744    -0.384
 4     0.037     0.435     0.899
 5   137.602    22.986    15.111
 5     0.963    -0.160     0.217
 5     0.069    -0.632    -0.772
 5     0.261     0.758    -0.598
 6   159.409    20.864    11.973
 6     0.983     0.156    -0.095
 6    -0.181     0.767    -0.616
 6    -0.023     0.621     0.781
 7   114.101   -16.139    -5.319
 7     0.708     0.068     0.703
 7    -0.252     0.954     0.161
 7    -0.660    -0.291     0.693
 8   136.894   -28.294     9.482
 8     0.935    -0.005     0.353
 8    -0.288    -0.590     0.754
 8     0.204    -0.808    -0.553
 9   161.412   -20.610     2.829
 9     0.927    -0.363    -0.099
 9     0.373     0.873     0.315
 9    -0.028    -0.327     0.944
 2    97.803   -18.801    59.112
 2     0.142    -0.990     0.006
 2     0.989     0.142     0.032
 2    -0.033     0.001     0.999
 3   129.976    -1.294     0.559
 3     0.582    -0.180    -0.793
 3     0.119     0.983    -0.135
 3     0.804    -0.017     0.594
 4   117.653    15.996    -4.414
 4     0.853    -0.463     0.242
 4     0.520     0.791    -0.321
 4    -0.043     0.399     0.915
 5   139.040    23.033    11.219
 5     0.989    -0.056     0.137
 5     0.078    -0.589    -0.805
 5     0.126     0.806    -0.578
 6   159.964    19.421     4.145
 6     0.957     0.290     0.021
 6    -0.232     0.805    -0.546
 6    -0.175     0.516     0.838
 7   113.127   -15.258    -5.750
 7     0.676     0.082     0.732
 7    -0.226     0.969     0.100
 7    -0.701    -0.233     0.673
 8   136.536   -28.400     6.941
 8     0.937    -0.071     0.342
 8    -0.320    -0.564     0.761
 8     0.139    -0.823    -0.551
 9   160.541   -20.364    -1.228
 9     0.915    -0.402    -0.042
 9     0.389     0.851     0.352
 9    -0.106    -0.337     0.935
 2    97.803   -18.801    59.112
 2     0.142    -0.990     0.006
 2     0.989     0.142     0.032
 2    -0.033     0.001     0.999
 3   129.504    -1.219     0.261
 3     0.602    -0.162    -0.782
 3     0.099     0.987    -0.127
 3     0.792    -0.001     0.610
 4   117.083    15.986    -4.365
 4     0.862    -0.425     0.277
 4     0.496     0.818    -0.292
 4    -0.102     0.388     0.915
 5   139.516    23.042     8.708
 5     0.997     0.008     0.078
 5     0.070    -0.564    -0.823
 5     0.037     0.826    -0.563
 6   159.502    18.673    -0.358
 6     0.930     0.355     0.097
 6    -0.258     0.815    -0.519
 6    -0.262     0.458     0.849
 7   112.091   -14.523    -6.094
 7     0.646     0.099     0.757
 7    -0.214     0.975     0.054
 7    -0.733    -0.197     0.651
 8   135.708   -28.440     5.334
 8     0.930    -0.113     0.350
 8    -0.354    -0.537     0.766
 8     0.101    -0.836    -0.539
 9   159.460   -20.765    -4.144
 9     0.913    -0.406     0.007
 9     0.375     0.852     0.366
 9    -0.155    -0.331     0.930
 2    97.803   -18.801    59.163
 2     0.142    -0.990     0.006
 2     0.989     0.142     0.032
 2    -0.033     0.001     0.999
 3   129.134    -1.003     0.055
 3     0.610    -0.154    -0.778
 3     0.088     0.988    -0.125
 3     0.787     0.008     0.616
 4   116.743    16.221    -4.217
 4     0.865    -0.410     0.291
 4     0.488     0.821    -0.294
 4    -0.119     0.396     0.910
 5   139.428    23.589     7.708
 5     0.997     0.044     0.066
 5     0.080    -0.541    -0.837
 5    -0.002     0.840    -0.542
 6   159.057    18.820    -2.430
 6     0.918     0.371     0.140
 6    -0.266     0.836    -0.478
 6    -0.293     0.403     0.867
 7   111.744   -14.263    -6.097
 7     0.633     0.101     0.767
 7    -0.206     0.978     0.041
 7    -0.746    -0.184     0.640
 8   135.546   -28.354     4.804
 8     0.929    -0.130     0.345
 8    -0.359    -0.529     0.769
 8     0.083    -0.839    -0.538
 9   158.900   -20.567    -5.754
 9     0.902    -0.430     0.029
 9     0.383     0.833     0.399
 9    -0.196    -0.349     0.916
 2    97.803   -18.801    59.112
 2     0.142    -0.990     0.006
 2     0.989     0.142     0.032
 2    -0.033     0.001     0.999
 3   129.011    -0.985    -0.043
 3     0.617    -0.154    -0.772
 3     0.090     0.988    -0.125
 3     0.781     0.007     0.623
 4   116.518    16.201    -4.207
 4     0.861    -0.403     0.311
 4     0.488     0.825    -0.284
 4    -0.141     0.396     0.907
 5   139.230    24.098     6.089
 5     0.992     0.111     0.059
 5     0.110    -0.526    -0.843
 5    -0.063     0.843    -0.534
 6   158.110    19.616    -5.789
 6     0.895     0.388     0.223
 6    -0.258     0.853    -0.450
 6    -0.364     0.348     0.864
 7   111.567   -14.225    -6.136
 7     0.624     0.098     0.775
 7    -0.202     0.979     0.038
 7    -0.755    -0.181     0.630
 8   135.644   -28.055     4.442
 8     0.933    -0.141     0.330
 8    -0.352    -0.535     0.768
 8     0.068    -0.833    -0.548
 9   158.522   -19.904    -6.876
 9     0.885    -0.464     0.041
 9     0.403     0.809     0.427
 9    -0.231    -0.360     0.903
 2    97.828   -18.801    59.112
 2     0.142    -0.990     0.006
 2     0.989     0.142     0.032
 2    -0.033     0.001     0.999
 3   128.863    -0.881    -0.318
 3     0.622    -0.164    -0.766
 3     0.109     0.986    -0.123
 3     0.775    -0.007     0.631
 4   115.992    16.106    -4.248
 4     0.855    -0.401     0.329
 4     0.491     0.827    -0.273
 4    -0.163     0.395     0.904
 5   138.792    24.627     4.896
 5     0.986     0.155     0.063
 5     0.134    -0.502    -0.855
 5    -0.100     0.851    -0.516
 6   157.278    20.069    -7.958
 6     0.882     0.384     0.277
 6    -0.253     0.875    -0.408
 6    -0.397     0.293     0.870
 7   111.188   -14.211    -6.081
 7     0.616     0.094     0.782
 7    -0.195     0.980     0.036
 7    -0.763    -0.175     0.622
 8   135.679   -27.931     4.208
 8     0.935    -0.145     0.323
 8    -0.349    -0.534     0.770
 8     0.061    -0.833    -0.550
 9   157.727   -18.872    -8.446
 9     0.853    -0.519     0.048
 9     0.435     0.762     0.480
 9    -0.286    -0.388     0.876
 2    97.803   -18.801    59.163
 2     0.142    -0.990     0.006
 2     0.989     0.142     0.032
 2    -0.033     0.001     0.999
 3   128.868    -0.782    -0.323
 3     0.622    -0.161    -0.767
 3     0.103     0.987    -0.122
 3     0.776    -0.004     0.630
 4   116.171    15.908    -4.181
 4     0.867    -0.357     0.349
 4     0.456     0.849    -0.266
 4    -0.201     0.389     0.898
 5   139.071    24.678     0.967
 5     0.962     0.273     0.021
 5     0.148    -0.452    -0.880
 5    -0.230     0.849    -0.476
 6   155.342    19.449   -15.321
 6     0.809     0.412     0.426
 6    -0.262     0.892    -0.361
 6    -0.525     0.183     0.829
 7   111.270   -13.587    -6.425
 7     0.611     0.103     0.785
 7    -0.183     0.983     0.013
 7    -0.770    -0.151     0.619
 8   135.517   -27.673     3.176
 8     0.929    -0.168     0.330
 8    -0.368    -0.519     0.771
 8     0.042    -0.838    -0.544
 9   157.687   -19.108    -9.238
 9     0.854    -0.516     0.057
 9     0.428     0.763     0.483
 9    -0.293    -0.388     0.874
 2    97.803   -18.801    59.112
 2     0.142    -0.990     0.006
 2     0.989     0.142     0.032
 2    -0.033     0.001     0.999
 3   129.192    -0.391    -0.645
 3     0.602    -0.140    -0.787
 3     0.075     0.990    -0.118
 3     0.795     0.011     0.606
 4   115.645    15.504    -4.720
 4     0.874    -0.269     0.405
 4     0.394     0.879    -0.267
 4    -0.285     0.393     0.874
 5   137.805    23.509    -5.692
 5     0.886     0.456    -0.090
 5     0.136    -0.437    -0.888
 5    -0.443     0.775    -0.450
 6   148.503    17.491   -27.056
 6     0.604     0.475     0.648
 6    -0.287     0.879    -0.374
 6    -0.743     0.041     0.663
 7   111.204   -12.780    -6.820
 7     0.611     0.122     0.782
 7    -0.169     0.985    -0.021
 7    -0.773    -0.119     0.623
 8   135.052   -27.794     2.350
 8     0.917    -0.174     0.358
 8    -0.396    -0.489     0.777
 8     0.039    -0.855    -0.517
 9   157.775   -19.910    -9.516
 9     0.875    -0.481     0.050
 9     0.399     0.779     0.484
 9    -0.272    -0.403     0.873
 2    97.803   -18.801    59.112
 2     0.142    -0.990     0.006
 2     0.989     0.142     0.032
 2    -0.033     0.001     0.999
 3   129.134    -0.372    -0.665
 3     0.581    -0.128    -0.804
 3     0.076     0.992    -0.102
 3     0.810    -0.002     0.586
 4   114.625    14.669    -5.534
 4     0.867    -0.202     0.456
 4     0.357     0.889    -0.286
 4    -0.348     0.411     0.842
 5   135.689    22.403   -10.126
 5     0.804     0.570    -0.172
 5     0.125    -0.441    -0.887
 5    -0.580     0.693    -0.428
 6   142.591    16.049   -33.393
 6     0.421     0.515     0.753
 6    -0.338     0.852    -0.393
 6    -0.842    -0.092     0.526
 7   110.733   -12.714    -6.904
 7     0.606     0.128     0.785
 7    -0.167     0.985    -0.032
 7    -0.778    -0.111     0.618
 8   134.552   -28.009     1.984
 8     0.914    -0.188     0.359
 8    -0.404    -0.481     0.778
 8     0.026    -0.856    -0.516
 9   157.334   -20.171   -10.035
 9     0.875    -0.481     0.059
 9     0.396     0.782     0.481
 9    -0.278    -0.397     0.874
 2    97.803   -18.801    59.112
 2     0.142    -0.990     0.006
 2     0.989     0.142     0.032
 2    -0.033     0.001     0.999
 3   128.709    -0.579    -0.728
 3     0.589    -0.127    -0.798
 3     0.087     0.992    -0.093
 3     0.803    -0.015     0.594
 4   114.038    14.291    -5.730
 4     0.856    -0.188     0.481
 4     0.358     0.886    -0.294
 4    -0.371     0.424     0.826
 5   134.809    22.068   -11.320
 5     0.771     0.604    -0.203
 5     0.124    -0.451    -0.883
 5    -0.624     0.656    -0.424
 6   139.714    14.484   -34.787
 6     0.328     0.550     0.774
 6    -0.379     0.820    -0.423
 6    -0.865    -0.157     0.469
 7   110.112   -12.780    -6.812
 7     0.595     0.128     0.793
 7    -0.168     0.985    -0.034
 7    -0.786    -0.113     0.607
 8   134.135   -28.195     1.755
 8     0.912    -0.196     0.359
 8    -0.409    -0.475     0.779
 8     0.018    -0.858    -0.513
 9   156.623   -20.052   -10.729
 9     0.867    -0.494     0.071
 9     0.406     0.784     0.469
 9    -0.288    -0.377     0.880
 2    97.803   -18.801    59.112
 2     0.142    -0.990     0.006
 2     0.989     0.142     0.032
 2    -0.033     0.001     0.999
 3   128.436    -0.745    -0.914
 3     0.605    -0.122    -0.786
 3     0.094     0.992    -0.081
 3     0.790    -0.025     0.612
 4   113.609    13.973    -5.966
 4     0.851    -0.186     0.491
 4     0.357     0.890    -0.283
 4    -0.385     0.416     0.823
 5   134.348    21.932   -11.823
 5     0.766     0.616    -0.189
 5     0.127    -0.429    -0.894
 5    -0.630     0.661    -0.407
 6   139.536    13.970   -35.114
 6     0.335     0.525     0.789
 6    -0.391     0.831    -0.387
 6    -0.858    -0.181     0.476
 7   109.990   -12.689    -6.788
 7     0.588     0.130     0.798
 7    -0.165     0.985    -0.038
 7    -0.792    -0.109     0.601
 8   133.935   -28.205     1.432
 8     0.911    -0.204     0.359
 8    -0.412    -0.466     0.783
 8     0.007    -0.861    -0.508
 9   156.211   -19.652   -11.291
 9     0.855    -0.513     0.077
 9     0.423     0.777     0.466
 9    -0.299    -0.365     0.881
 2    97.803   -18.801    59.112
 2     0.142    -0.990     0.006
 2     0.989     0.142     0.032
 2    -0.033     0.001     0.999
 3   128.543    -0.594    -0.967
 3     0.605    -0.115    -0.788
 3     0.090     0.993    -0.074
 3     0.791    -0.027     0.611
 4   113.893    14.229    -5.977
 4     0.854    -0.182     0.487
 4     0.353     0.890    -0.289
 4    -0.381     0.418     0.824
 5   134.600    22.303   -11.601
 5     0.773     0.610    -0.179
 5     0.131    -0.425    -0.895
 5    -0.620     0.669    -0.409
 6   140.304    14.300   -34.743
 6     0.355     0.513     0.788
 6    -0.390     0.839    -0.371
 6    -0.850    -0.179     0.490
 7   109.983   -12.463    -6.888
 7     0.587     0.135     0.798
 7    -0.164     0.985    -0.046
 7    -0.793    -0.105     0.600
 8   133.884   -28.132     1.273
 8     0.909    -0.201     0.365
 8    -0.416    -0.457     0.786
 8     0.009    -0.867    -0.498
 9   156.205   -19.577   -11.362
 9     0.853    -0.516     0.078
 9     0.425     0.776     0.466
 9    -0.301    -0.364     0.881
 2    97.803   -18.801    59.112
 2     0.142    -0.990     0.006
 2     0.989     0.142     0.032
 2    -0.033     0.001     0.999
 3   128.681    -0.562    -0.929
 3     0.599    -0.113    -0.792
 3     0.095     0.993    -0.069
 3     0.794    -0.035     0.606
 4   114.077    14.210    -6.066
 4     0.855    -0.188     0.484
 4     0.357     0.889    -0.287
 4    -0.377     0.417     0.827
 5   134.651    22.539   -11.485
 5     0.773     0.613    -0.167
 5     0.141    -0.418    -0.896
 5    -0.618     0.670    -0.411
 6   140.405    14.634   -34.744
 6     0.358     0.503     0.794
 6    -0.388     0.845    -0.359
 6    -0.850    -0.182     0.489
 7   110.236   -12.605    -6.864
 7     0.594     0.137     0.792
 7    -0.171     0.984    -0.042
 7    -0.786    -0.110     0.609
 8   134.076   -28.175     1.575
 8     0.911    -0.190     0.366
 8    -0.412    -0.459     0.787
 8     0.018    -0.868    -0.496
 9   156.224   -19.116   -11.098
 9     0.844    -0.532     0.063
 9     0.441     0.758     0.480
 9    -0.304    -0.377     0.875
 2    97.803   -18.801    59.112
 2     0.142    -0.990     0.006
 2     0.989     0.142     0.032
 2    -0.033     0.001     0.999
 3   128.833    -0.488    -0.958
 3     0.582    -0.112    -0.806
 3     0.109     0.992    -0.059
 3     0.806    -0.054     0.589
 4   113.913    13.976    -6.322
 4     0.850    -0.196     0.490
 4     0.361     0.892    -0.271
 4    -0.384     0.407     0.829
 5   134.422    22.774   -11.843
 5     0.770     0.622    -0.144
 5     0.156    -0.399    -0.903
 5    -0.618     0.673    -0.406
 6   140.409    14.902   -34.948
 6     0.369     0.482     0.802
 6    -0.382     0.857    -0.338
 6    -0.847    -0.184     0.492
 7   110.103   -12.565    -6.788
 7     0.587     0.147     0.796
 7    -0.177     0.983    -0.050
 7    -0.790    -0.111     0.603
 8   133.763   -28.388     1.454
 8     0.906    -0.205     0.371
 8    -0.424    -0.456     0.782
 8     0.009    -0.866    -0.500
 9   155.896   -19.432   -11.471
 9     0.840    -0.536     0.074
 9     0.439     0.756     0.484
 9    -0.316    -0.374     0.871
 2    97.803   -18.801    59.112
 2     0.141    -0.990     0.006
 2     0.989     0.142     0.032
 2    -0.033     0.001     0.999
 3   128.830    -0.616    -1.071
 3     0.584    -0.102    -0.805
 3     0.112     0.992    -0.044
 3     0.804    -0.065     0.591
 4   113.967    13.977    -6.425
 4     0.850    -0.196     0.488
 4     0.360     0.893    -0.270
 4    -0.383     0.405     0.830
 5   134.366    22.776   -11.921
 5     0.769     0.624    -0.142
 5     0.161    -0.400    -0.901
 5    -0.619     0.671    -0.409
 6   140.227    15.075   -35.012
 6     0.367     0.479     0.804
 6    -0.381     0.858    -0.335
 6    -0.849    -0.185     0.491
 7   109.991   -12.423    -6.768
 7     0.580     0.156     0.799
 7    -0.180     0.982    -0.061
 7    -0.794    -0.108     0.597
 8   133.581   -28.545     1.341
 8     0.902    -0.211     0.375
 8    -0.431    -0.453     0.781
 8     0.005    -0.866    -0.499
 9   155.605   -19.770   -11.803
 9     0.839    -0.537     0.080
 9     0.436     0.755     0.489
 9    -0.324    -0.375     0.868
 2    97.803   -18.801    59.112
 2     0.141    -0.990     0.006
 2     0.989     0.142     0.032
 2    -0.033     0.001     0.999
 3   128.862    -0.666    -1.073
 3     0.583    -0.096    -0.807
 3     0.111     0.993    -0.037
 3     0.805    -0.069     0.589
 4   114.197    13.871    -6.665
 4     0.861    -0.202     0.467
 4     0.358     0.892    -0.275
 4    -0.361     0.404     0.840
 5   134.362    22.852   -11.970
 5     0.767     0.627    -0.142
 5     0.162    -0.399    -0.902
 5    -0.620     0.669    -0.409
 6   140.096    14.945   -35.145
 6     0.359     0.476     0.808
 6    -0.389     0.856    -0.331
 6    -0.849    -0.199     0.486
 7   110.046   -12.422    -6.821
 7     0.580     0.160     0.798
 7    -0.183     0.981    -0.063
 7    -0.793    -0.110     0.599
 8   133.497   -28.720     1.441
 8     0.900    -0.203     0.385
 8    -0.435    -0.448     0.781
 8     0.014    -0.870    -0.492
 9   155.615   -19.893   -11.529
 9     0.841    -0.536     0.074
 9     0.436     0.753     0.493
 9    -0.321    -0.382     0.866
 2    97.803   -18.801    59.163
 2     0.142    -0.990     0.006
 2     0.989     0.142     0.032
 2    -0.033     0.001     0.999
 3   128.954    -0.720    -1.063
 3     0.585    -0.095    -0.806
 3     0.109     0.993    -0.037
 3     0.803    -0.067     0.591
 4   114.443    13.880    -6.692
 4     0.865    -0.203     0.459
 4     0.357     0.891    -0.280
 4    -0.352     0.406     0.843
 5   134.601    22.969   -11.875
 5     0.771     0.624    -0.131
 5     0.173    -0.399    -0.900
 5    -0.613     0.671    -0.416
 6   140.735    15.546   -34.867
 6     0.383     0.468     0.803
 6    -0.367     0.866    -0.329
 6    -0.848    -0.173     0.496
 7   110.276   -12.470    -6.882
 7     0.584     0.162     0.795
 7    -0.184     0.980    -0.065
 7    -0.791    -0.109     0.602
 8   133.599   -28.718     1.434
 8     0.901    -0.200     0.384
 8    -0.433    -0.448     0.782
 8     0.016    -0.871    -0.490
 9   155.529   -19.483   -11.400
 9     0.829    -0.556     0.062
 9     0.456     0.738     0.498
 9    -0.323    -0.383     0.865
 2    97.803   -18.801    59.112
 2     0.142    -0.990     0.006
 2     0.989     0.142     0.032
 2    -0.033     0.001     0.999
 3   129.107    -0.717    -0.944
 3     0.588    -0.117    -0.800
 3     0.124     0.991    -0.052
 3     0.799    -0.069     0.597
 4   114.394    13.912    -6.619
 4     0.865    -0.234     0.445
 4     0.381     0.881    -0.279
 4    -0.327     0.411     0.851
 5   135.025    24.193   -10.168
 5     0.805     0.589    -0.068
 5     0.203    -0.378    -0.903
 5    -0.557     0.714    -0.425
 6   143.762    17.425   -31.916
 6     0.478     0.453     0.758
 6    -0.346     0.884    -0.308
 6    -0.808    -0.116     0.574
 7   111.149   -13.102    -6.823
 7     0.618     0.155     0.771
 7    -0.218     0.976    -0.022
 7    -0.756    -0.155     0.636
 8   133.559   -29.241     3.979
 8     0.895    -0.123     0.429
 8    -0.432    -0.473     0.767
 8     0.108    -0.872    -0.477
 9   156.987   -20.789    -5.485
 9     0.872    -0.488    -0.042
 9     0.437     0.742     0.509
 9    -0.218    -0.461     0.859
 2    97.803   -18.801    59.112
 2     0.142    -0.990     0.006
 2     0.989     0.142     0.032
 2    -0.033     0.001     0.999
 3   129.743    -0.810    -0.440
 3     0.607    -0.130    -0.784
 3     0.128     0.989    -0.064
 3     0.784    -0.062     0.618
 4   116.162    14.500    -6.299
 4     0.880    -0.298     0.370
 4     0.416     0.858    -0.300
 4    -0.228     0.417     0.879
 5   137.657    25.344    -3.616
 5     0.902     0.432     0.021
 5     0.234    -0.446    -0.863
 5    -0.363     0.784    -0.504
 6   150.869    20.233   -22.518
 6     0.655     0.452     0.613
 6    -0.306     0.891    -0.327
 6    -0.691     0.028     0.719
 7   113.029   -14.403    -6.470
 7     0.681     0.212     0.701
 7    -0.333     0.942     0.040
 7    -0.651    -0.261     0.712
 8   131.059   -30.658    10.082
 8     0.817     0.017     0.576
 8    -0.470    -0.557     0.684
 8     0.333    -0.830    -0.448
 9   156.438   -25.548     9.585
 9     0.937    -0.236    -0.261
 9     0.340     0.771     0.540
 9     0.073    -0.591     0.800
 2    97.803   -18.801    59.112
 2     0.142    -0.990     0.006
 2     0.989     0.142     0.032
 2    -0.033     0.001     0.999
 3   130.731    -1.317     0.188
 3     0.586    -0.119    -0.801
 3     0.138     0.989    -0.044
 3     0.798    -0.085     0.596
 4   117.907    14.845    -6.039
 4     0.885    -0.370     0.286
 4     0.452     0.828    -0.330
 4    -0.115     0.420     0.899
 5   138.966    25.722     3.378
 5     0.960     0.240     0.144
 5     0.251    -0.508    -0.824
 5    -0.125     0.827    -0.548
 6   156.551    21.983   -10.726
 6     0.837     0.392     0.389
 6    -0.253     0.897    -0.356
 6    -0.485     0.203     0.849
 7   114.604   -15.986    -5.780
 7     0.722     0.258     0.642
 7    -0.432     0.892     0.128
 7    -0.540    -0.370     0.755
 8   128.143   -30.646    15.199
 8     0.703     0.163     0.692
 8    -0.446    -0.657     0.607
 8     0.553    -0.736    -0.390
 9   153.323   -27.304    22.157
 9     0.907    -0.024    -0.422
 9     0.293     0.751     0.594
 9     0.302    -0.660     0.685
 2    97.803   -18.801    59.112
 2     0.142    -0.990     0.006
 2     0.989     0.142     0.032
 2    -0.033     0.001     0.999
 3   131.416    -1.739     0.685
 3     0.559    -0.128    -0.819
 3     0.166     0.985    -0.040
 3     0.812    -0.114     0.572
 4   118.759    15.153    -5.647
 4     0.861    -0.460     0.219
 4     0.509     0.770    -0.384
 4     0.009     0.441     0.897
 5   137.229    25.992    11.387
 5     0.955     0.024     0.295
 5     0.254    -0.581    -0.773
 5     0.152     0.813    -0.561
 6   158.236    23.807     4.814
 6     0.959     0.273     0.081
 6    -0.217     0.885    -0.411
 6    -0.183     0.377     0.908
 7   115.891   -17.565    -4.608
 7     0.748     0.271     0.606
 7    -0.487     0.844     0.224
 7    -0.451    -0.463     0.763
 8   125.639   -30.420    18.282
 8     0.573     0.291     0.767
 8    -0.402    -0.716     0.569
 8     0.714    -0.634    -0.294
 9   149.034   -28.825    32.239
 9     0.809     0.195    -0.554
 9     0.247     0.742     0.624
 9     0.533    -0.641     0.551
 2    97.803   -18.801    59.163
 2     0.142    -0.990     0.006
 2     0.989     0.142     0.032
 2    -0.033     0.001     0.999
 3   131.844    -2.068     0.958
 3     0.536    -0.133    -0.834
 3     0.181     0.982    -0.039
 3     0.824    -0.131     0.550
 4   119.479    15.519    -4.943
 4     0.831    -0.528     0.177
 4     0.543     0.702    -0.461
 4     0.119     0.478     0.870
 5   133.064    26.279    18.291
 5     0.860    -0.185     0.475
 5     0.256    -0.648    -0.716
 5     0.440     0.738    -0.511
 6   155.158    27.186    22.092
 6     0.969    -0.040    -0.243
 6    -0.090     0.859    -0.506
 6     0.229     0.510     0.827
 7   117.142   -18.686    -3.647
 7     0.772     0.280     0.570
 7    -0.524     0.788     0.323
 7    -0.359    -0.547     0.755
 8   123.650   -29.578    20.110
 8     0.421     0.392     0.819
 8    -0.342    -0.768     0.542
 8     0.840    -0.507    -0.189
 9   143.346   -29.301    40.963
 9     0.651     0.455    -0.610
 9     0.223     0.651     0.723
 9     0.725    -0.606     0.324
 2    97.803   -18.801    59.163
 2     0.142    -0.990     0.006
 2     0.989     0.142     0.032
 2    -0.033     0.001     0.999
 3   132.311    -2.035     1.202
 3     0.502    -0.132    -0.855
 3     0.182     0.982    -0.044
 3     0.845    -0.134     0.517
 4   120.084    16.194    -4.337
 4     0.797    -0.584     0.156
 4     0.566     0.633    -0.528
 4     0.209     0.508     0.835
 5   127.692    26.364    22.585
 5     0.658    -0.367     0.659
 5     0.255    -0.714    -0.650
 5     0.708     0.596    -0.377
 6   147.941    28.150    35.509
 6     0.821    -0.304    -0.483
 6    -0.037     0.817    -0.576
 6     0.569     0.490     0.659
 7   117.619   -18.996    -3.181
 7     0.778     0.306     0.549
 7    -0.547     0.758     0.354
 7    -0.308    -0.576     0.756
 8   121.976   -28.770    20.741
 8     0.321     0.365     0.875
 8    -0.320    -0.828     0.460
 8     0.891    -0.426    -0.149
 9   139.652   -31.401    44.143
 9     0.574     0.587    -0.577
 9     0.141     0.618     0.770
 9     0.806    -0.522     0.272
 2    97.753   -18.802    59.163
 2     0.142    -0.990     0.006
 2     0.989     0.142     0.032
 2    -0.033     0.001     0.999
 3   132.369    -1.859     1.287
 3     0.498    -0.117    -0.859
 3     0.160     0.986    -0.040
 3     0.852    -0.118     0.509
 4   120.663    16.839    -3.689
 4     0.772    -0.620     0.140
 4     0.575     0.588    -0.568
 4     0.270     0.519     0.811
 5   123.608    25.944    23.283
 5     0.393    -0.533     0.751
 5     0.181    -0.755    -0.629
 5     0.901     0.382    -0.199
 6   139.788    25.597    43.302
 6     0.585    -0.420    -0.695
 6    -0.082     0.821    -0.563
 6     0.806     0.387     0.446
 7   118.278   -18.939    -2.973
 7     0.796     0.318     0.516
 7    -0.552     0.732     0.400
 7    -0.250    -0.602     0.757
 8   120.816   -26.653    20.919
 8     0.174     0.424     0.889
 8    -0.207    -0.867     0.453
 8     0.963    -0.261    -0.062
 9   133.408   -30.482    48.317
 9     0.354     0.643    -0.684
 9     0.104     0.695     0.707
 9     0.929    -0.319     0.177
 2    97.803   -18.801    59.112
 2     0.142    -0.990     0.006
 2     0.989     0.142     0.032
 2    -0.033     0.001     0.999
 3   132.558    -1.749     1.368
 3     0.485    -0.107    -0.868
 3     0.153     0.987    -0.035
 3     0.860    -0.116     0.495
 4   120.929    16.890    -3.787
 4     0.757    -0.634     0.163
 4     0.600     0.574    -0.557
 4     0.259     0.518     0.815
 5   122.594    25.731    22.757
 5     0.238    -0.624     0.746
 5     0.153    -0.733    -0.661
 5     0.959     0.270    -0.078
 6   135.489    25.104    46.018
 6     0.383    -0.479    -0.792
 6    -0.054     0.843    -0.533
 6     0.922     0.245     0.296
 7   118.573   -19.369    -2.762
 7     0.799     0.339     0.498
 7    -0.561     0.718     0.412
 7    -0.218    -0.608     0.763
 8   121.039   -26.749    21.190
 8     0.158     0.445     0.882
 8    -0.176    -0.866     0.468
 8     0.971    -0.228    -0.058
 9   133.273   -29.789    48.668
 9     0.281     0.488    -0.828
 9     0.109     0.840     0.529
 9     0.953    -0.237     0.183
 2    97.803   -18.801    59.112
 2     0.141    -0.990     0.005
 2     0.989     0.142     0.032
 2    -0.033     0.000     0.999
 3   132.649    -1.923     1.514
 3     0.484    -0.094    -0.870
 3     0.153     0.988    -0.021
 3     0.862    -0.124     0.492
 4   121.271    16.732    -3.896
 4     0.761    -0.629     0.158
 4     0.596     0.583    -0.551
 4     0.254     0.513     0.819
 5   122.944    25.584    22.944
 5     0.248    -0.649     0.720
 5     0.140    -0.711    -0.688
 5     0.958     0.271    -0.084
 6   136.030    25.044    46.105
 6     0.394    -0.481    -0.786
 6    -0.057     0.838    -0.540
 6     0.917     0.256     0.302
 7   118.364   -19.367    -2.721
 7     0.795     0.344     0.501
 7    -0.568     0.711     0.414
 7    -0.213    -0.613     0.760
 8   121.446   -26.748    21.548
 8     0.195     0.460     0.867
 8    -0.163    -0.856     0.489
 8     0.967    -0.235    -0.091
 9   134.471   -29.326    48.497
 9     0.303     0.424    -0.855
 9     0.112     0.874     0.471
 9     0.946    -0.237     0.217
 2    97.803   -18.801    59.112
 2     0.142    -0.990     0.006
 2     0.989     0.142     0.032
 2    -0.033     0.001     0.999
 3   132.639    -1.928     1.551
 3     0.487    -0.091    -0.869
 3     0.151     0.988    -0.018
 3     0.860    -0.123     0.495
 4   121.193    16.910    -3.822
 4     0.762    -0.628     0.163
 4     0.596     0.579    -0.555
 4     0.254     0.519     0.816
 5   123.040    25.471    23.184
 5     0.264    -0.639     0.724
 5     0.136    -0.718    -0.682
 5     0.955     0.277    -0.101
 6   136.216    25.116    46.212
 6     0.406    -0.502    -0.766
 6    -0.055     0.821    -0.565
 6     0.912     0.269     0.306
 7   118.284   -19.215    -2.873
 7     0.797     0.343     0.498
 7    -0.565     0.714     0.414
 7    -0.214    -0.611     0.762
 8   121.580   -26.799    21.456
 8     0.200     0.478     0.856
 8    -0.164    -0.845     0.509
 8     0.966    -0.240    -0.090
 9   134.653   -29.195    48.346
 9     0.297     0.403    -0.867
 9     0.110     0.886     0.448
 9     0.948    -0.227     0.218
 2    97.803   -18.801    59.112
 2     0.142    -0.990     0.006
 2     0.989     0.142     0.032
 2    -0.033     0.001     0.999
 3   132.583    -1.804     1.555
 3     0.489    -0.092    -0.867
 3     0.149     0.988    -0.020
 3     0.859    -0.119     0.497
 4   121.148    17.015    -3.731
 4     0.760    -0.629     0.164
 4     0.597     0.576    -0.559
 4     0.257     0.522     0.813
 5   122.871    25.525    23.243
 5     0.261    -0.631     0.731
 5     0.133    -0.726    -0.674
 5     0.956     0.273    -0.104
 6   136.066    25.299    46.249
 6     0.405    -0.515    -0.759
 6    -0.051     0.813    -0.577
 6     0.913     0.271     0.302
 7   118.276   -19.090    -2.943
 7     0.799     0.339     0.497
 7    -0.561     0.718     0.412
 7    -0.217    -0.608     0.763
 8   121.691   -26.824    21.416
 8     0.205     0.489     0.848
