% Calibrated with leiden_pols
% Positions are in centimeters
Data =[
 2    97.803   -18.801    59.112
 2     0.142    -0.990     0.006
 2     0.989     0.142     0.032
 2    -0.033     0.001     0.999
 3   132.405    -1.228     1.453
 3     0.500    -0.146    -0.854
 3     0.155     0.985    -0.077
 3     0.852    -0.094     0.514
 4   120.207    17.414    -3.624
 4     0.754    -0.637     0.161
 4     0.607     0.583    -0.539
 4     0.249     0.504     0.826
 5   124.263    25.399    23.954
 5     0.396    -0.705     0.590
 5     0.087    -0.610    -0.787
 5     0.914     0.362    -0.179
 6   139.653    25.470    44.383
 6     0.504    -0.546    -0.673
 6    -0.042     0.760    -0.646
 6     0.862     0.353     0.360
 7   117.426   -18.580    -3.281
 7     0.813     0.319     0.488
 7    -0.526     0.760     0.381
 7    -0.249    -0.566     0.785
 8   124.385   -27.925    21.648
 8     0.407     0.580     0.706
 8    -0.218    -0.689     0.690
 8     0.887    -0.435    -0.153
 9   141.926   -29.496    43.905
 9     0.396     0.221    -0.891
 9     0.075     0.959     0.273
 9     0.915    -0.176     0.362
 2    97.803   -18.801    59.163
 2     0.141    -0.990     0.006
 2     0.989     0.142     0.032
 2    -0.033     0.001     0.999
 3   131.147    -1.403     1.320
 3     0.526    -0.164    -0.835
 3     0.167     0.982    -0.086
 3     0.834    -0.095     0.543
 4   118.682    16.849    -3.803
 4     0.772    -0.609     0.183
 4     0.606     0.619    -0.499
 4     0.191     0.496     0.847
 5   128.272    23.801    23.344
 5     0.654    -0.523     0.549
 5     0.079    -0.672    -0.735
 5     0.752     0.525    -0.398
 6   147.427    25.404    38.064
 6     0.742    -0.492    -0.459
 6    -0.019     0.666    -0.744
 6     0.670     0.561     0.485
 7   115.799   -18.046    -3.794
 7     0.794     0.226     0.564
 7    -0.460     0.829     0.317
 7    -0.397    -0.511     0.762
 8   129.085   -28.430    19.399
 8     0.646     0.468     0.604
 8    -0.238    -0.627     0.740
 8     0.725    -0.622    -0.295
 9   151.540   -28.770    34.748
 9     0.643     0.124    -0.755
 9     0.052     0.977     0.207
 9     0.763    -0.172     0.622
 2    97.803   -18.801    59.163
 2     0.142    -0.990     0.006
 2     0.989     0.142     0.032
 2    -0.033     0.001     0.999
 3   130.133    -1.467     0.786
 3     0.586    -0.171    -0.792
 3     0.147     0.983    -0.103
 3     0.797    -0.057     0.601
 4   117.589    16.610    -3.985
 4     0.797    -0.570     0.200
 4     0.588     0.660    -0.467
 4     0.134     0.489     0.861
 5   130.730    23.036    21.592
 5     0.783    -0.454     0.427
 5     0.043    -0.643    -0.763
 5     0.620     0.616    -0.485
 6   151.822    23.317    31.743
 6     0.864    -0.312    -0.397
 6    -0.077     0.696    -0.714
 6     0.498     0.647     0.577
 7   114.516   -17.495    -4.241
 7     0.772     0.173     0.612
 7    -0.409     0.871     0.270
 7    -0.487    -0.459     0.743
 8   131.456   -27.866    17.223
 8     0.775     0.368     0.515
 8    -0.218    -0.607     0.763
 8     0.593    -0.704    -0.391
 9   155.980   -25.253    27.394
 9     0.796    -0.020    -0.606
 9     0.148     0.975     0.169
 9     0.587    -0.222     0.777
 2    97.803   -18.801    59.112
 2     0.142    -0.990     0.006
 2     0.989     0.142     0.032
 2    -0.033     0.001     0.999
 3   129.754    -1.384     0.510
 3     0.607    -0.196    -0.771
 3     0.157     0.979    -0.125
 3     0.779    -0.046     0.625
 4   117.003    16.459    -4.180
 4     0.798    -0.564     0.213
 4     0.593     0.672    -0.443
 4     0.106     0.479     0.871
 5   131.763    23.274    20.278
 5     0.828    -0.401     0.392
 5     0.060    -0.631    -0.773
 5     0.556     0.665    -0.499
 6   153.360    23.557    28.424
 6     0.902    -0.234    -0.363
 6    -0.077     0.740    -0.668
 6     0.425     0.630     0.649
 7   114.416   -17.396    -4.494
 7     0.766     0.134     0.628
 7    -0.373     0.889     0.265
 7    -0.523    -0.438     0.731
 8   132.779   -27.432    16.346
 8     0.813     0.350     0.467
 8    -0.198    -0.586     0.784
 8     0.548    -0.730    -0.408
 9   157.422   -23.992    25.232
 9     0.822    -0.063    -0.567
 9     0.169     0.975     0.144
 9     0.542    -0.213     0.811
 2    97.803   -18.801    59.112
 2     0.142    -0.990     0.006
 2     0.989     0.142     0.032
 2    -0.033     0.001     0.999
 3   129.774    -1.215     0.465
 3     0.615    -0.203    -0.762
 3     0.157     0.978    -0.131
 3     0.772    -0.039     0.633
 4   116.994    16.558    -4.193
 4     0.795    -0.567     0.216
 4     0.597     0.673    -0.436
 4     0.102     0.475     0.873
 5   131.911    23.367    20.131
 5     0.835    -0.391     0.389
 5     0.063    -0.631    -0.772
 5     0.547     0.670    -0.503
 6   153.420    23.870    28.579
 6     0.900    -0.248    -0.359
 6    -0.067     0.734    -0.675
 6     0.431     0.631     0.644
 7   114.719   -17.381    -4.498
 7     0.769     0.155     0.620
 7    -0.393     0.880     0.267
 7    -0.504    -0.449     0.737
 8   131.014   -27.751    17.478
 8     0.750     0.376     0.546
 8    -0.231    -0.624     0.745
 8     0.620    -0.685    -0.382
 9   154.880   -25.509    29.029
 9     0.777     0.008    -0.630
 9     0.154     0.966     0.209
 9     0.609    -0.258     0.748
 2    97.803   -18.801    59.112
 2     0.142    -0.990     0.006
 2     0.989     0.142     0.032
 2    -0.033     0.001     0.999
 3   130.528    -1.307     0.565
 3     0.582    -0.182    -0.793
 3     0.163     0.981    -0.104
 3     0.796    -0.070     0.600
 4   117.984    16.743    -3.938
 4     0.779    -0.594     0.202
 4     0.606     0.632    -0.482
 4     0.159     0.497     0.852
 5   127.865    25.012    22.584
 5     0.694    -0.446     0.567
 5     0.135    -0.692    -0.708
 5     0.707     0.568    -0.421
 6   146.530    27.581    36.912
 6     0.774    -0.478    -0.418
 6     0.010     0.667    -0.743
 6     0.633     0.571     0.522
 7   116.306   -18.405    -3.238
 7     0.782     0.264     0.565
 7    -0.508     0.795     0.331
 7    -0.362    -0.546     0.756
 8   125.323   -28.040    21.134
 8     0.514     0.437     0.740
 8    -0.254    -0.745     0.615
 8     0.819    -0.503    -0.272
 9   143.385   -30.670    42.451
 9     0.545     0.482    -0.689
 9     0.084     0.783     0.613
 9     0.834    -0.391     0.386
 2    97.803   -18.801    59.112
 2     0.142    -0.990     0.006
 2     0.989     0.142     0.032
 2    -0.033     0.001     0.999
 3   131.451    -1.425     0.960
 3     0.523    -0.163    -0.837
 3     0.168     0.982    -0.085
 3     0.835    -0.097     0.541
 4   119.034    16.781    -4.093
 4     0.762    -0.621     0.187
 4     0.618     0.609    -0.497
 4     0.194     0.493     0.847
 5   125.516    24.712    23.403
 5     0.534    -0.553     0.642
 5     0.128    -0.696    -0.705
 5     0.836     0.458    -0.300
 6   142.142    27.547    41.916
 6     0.594    -0.597    -0.546
 6     0.034     0.691    -0.719
 6     0.803     0.408     0.431
 7   116.867   -18.703    -3.140
 7     0.787     0.285     0.547
 7    -0.523     0.777     0.349
 7    -0.326    -0.560     0.761
 8   124.553   -27.585    21.584
 8     0.426     0.523     0.739
 8    -0.215    -0.734     0.642
 8     0.878    -0.432    -0.200
 9   141.613   -29.651    44.157
 9     0.408     0.288    -0.867
 9     0.088     0.932     0.350
 9     0.908    -0.220     0.354
 2    97.803   -18.801    59.112
 2     0.141    -0.990     0.006
 2     0.989     0.142     0.032
 2    -0.033     0.001     0.999
 3   131.382    -1.534     1.031
 3     0.530    -0.165    -0.832
 3     0.166     0.982    -0.088
 3     0.831    -0.092     0.547
 4   118.984    16.829    -3.917
 4     0.768    -0.613     0.188
 4     0.610     0.611    -0.505
 4     0.194     0.501     0.842
 5   127.594    24.113    23.454
 5     0.612    -0.530     0.589
 5     0.103    -0.683    -0.722
 5     0.784     0.502    -0.363
