2 	  33.19	  -8.30	  22.80
	  0.974	  0.228	 -0.004
	 -0.229	  0.972	 -0.055
	 -0.008	  0.053	  0.998

3 	  43.29	  -0.77	   1.35
	  0.544	 -0.134	  0.828
	  0.039	  0.990	  0.134
	 -0.838	 -0.041	  0.544

4 	  38.62	   5.61	  -0.93
	  0.566	  0.813	  0.136
	 -0.706	  0.392	  0.589
	  0.427	 -0.429	  0.796

5 	  39.04	   7.86	   9.07
	  0.202	  0.182	  0.962
	 -0.415	 -0.874	  0.251
	  0.887	 -0.449	 -0.100

6 	  43.15	   9.37	  15.98
	  0.213	  0.080	  0.974
	 -0.340	  0.940	 -0.005
	 -0.916	 -0.330	  0.227

7 	  39.13	  -7.56	  -0.88
	  0.677	 -0.726	  0.120
	  0.648	  0.510	 -0.566
	  0.350	  0.460	  0.815

8 	  40.11	  -9.88	   8.68
	  0.313	 -0.154	  0.937
	  0.508	 -0.807	 -0.301
	  0.803	  0.569	 -0.173

9 	  44.37	 -11.36	  16.33
	  0.232	 -0.074	  0.970
	  0.542	  0.837	 -0.063
	 -0.809	  0.539	  0.232

2 	  33.19	  -8.30	  22.80
	  0.974	  0.228	 -0.002
	 -0.229	  0.972	 -0.056
	 -0.009	  0.053	  0.998

3 	  43.28	  -0.77	   1.25
	  0.549	 -0.131	  0.825
	  0.039	  0.990	  0.131
	 -0.835	 -0.040	  0.548

4 	  38.60	   5.61	  -1.02
	  0.565	  0.815	  0.128
	 -0.703	  0.394	  0.592
	  0.433	 -0.425	  0.795

5 	  39.06	   7.88	   9.00
	  0.198	  0.187	  0.962
	 -0.428	 -0.867	  0.255
	  0.882	 -0.462	 -0.091

6 	  43.17	   9.33	  15.89
	  0.213	  0.079	  0.974
	 -0.325	  0.946	 -0.007
	 -0.922	 -0.314	  0.227

7 	  39.09	  -7.58	  -0.91
	  0.678	 -0.726	  0.116
	  0.645	  0.511	 -0.568
	  0.354	  0.460	  0.814

8 	  40.13	  -9.88	   8.65
	  0.316	 -0.149	  0.937
	  0.508	 -0.808	 -0.299
	  0.802	  0.570	 -0.179

9 	  44.40	 -11.34	  16.28
	  0.233	 -0.072	  0.969
	  0.530	  0.846	 -0.062
	 -0.817	  0.526	  0.234

2 	  33.21	  -8.30	  22.78
	  0.974	  0.228	 -0.004
	 -0.229	  0.972	 -0.055
	 -0.008	  0.053	  0.998

3 	  43.24	  -0.83	   1.16
	  0.553	 -0.129	  0.823
	  0.041	  0.991	  0.128
	 -0.833	 -0.037	  0.553

4 	  38.55	   5.57	  -1.07
	  0.567	  0.815	  0.120
	 -0.699	  0.397	  0.594
	  0.438	 -0.421	  0.794

5 	  39.06	   7.88	   8.96
	  0.198	  0.189	  0.962
	 -0.432	 -0.864	  0.257
	  0.880	 -0.466	 -0.088

6 	  43.19	   9.30	  15.84
	  0.216	  0.079	  0.973
	 -0.308	  0.951	 -0.010
	 -0.927	 -0.297	  0.229

7 	  39.02	  -7.63	  -0.95
	  0.677	 -0.727	  0.112
	  0.642	  0.509	 -0.574
	  0.361	  0.460	  0.811

8 	  40.10	  -9.90	   8.65
	  0.321	 -0.147	  0.936
	  0.500	 -0.813	 -0.298
	  0.805	  0.562	 -0.186

9 	  44.40	 -11.32	  16.28
	  0.237	 -0.072	  0.969
	  0.527	  0.847	 -0.064
	 -0.818	  0.525	  0.237

2 	  33.19	  -8.28	  22.80
	  0.973	  0.228	 -0.002
	 -0.229	  0.972	 -0.056
	 -0.009	  0.053	  0.998

3 	  43.22	  -0.83	   1.14
	  0.555	 -0.129	  0.822
	  0.042	  0.991	  0.127
	 -0.831	 -0.036	  0.554

4 	  38.53	   5.55	  -1.05
	  0.568	  0.814	  0.118
	 -0.698	  0.399	  0.594
	  0.438	 -0.420	  0.795

5 	  39.04	   7.89	   8.96
	  0.196	  0.190	  0.962
	 -0.434	 -0.863	  0.257
	  0.880	 -0.467	 -0.087

6 	  43.22	   9.28	  15.84
	  0.216	  0.078	  0.973
	 -0.304	  0.952	 -0.010
	 -0.928	 -0.294	  0.229

7 	  38.99	  -7.63	  -0.91
	  0.675	 -0.729	  0.112
	  0.642	  0.506	 -0.576
	  0.364	  0.461	  0.809

8 	  40.08	  -9.90	   8.68
	  0.322	 -0.149	  0.935
	  0.493	 -0.817	 -0.298
	  0.809	  0.556	 -0.189

9 	  44.40	 -11.34	  16.29
	  0.242	 -0.072	  0.967
	  0.535	  0.842	 -0.069
	 -0.812	  0.532	  0.240

2 	  33.21	  -8.28	  22.80
	  0.974	  0.228	 -0.003
	 -0.229	  0.972	 -0.055
	 -0.009	  0.053	  0.998

3 	  43.22	  -0.84	   1.16
	  0.556	 -0.130	  0.821
	  0.043	  0.991	  0.128
	 -0.831	 -0.036	  0.555

4 	  38.53	   5.55	  -1.05
	  0.569	  0.814	  0.118
	 -0.697	  0.400	  0.595
	  0.438	 -0.420	  0.794

5 	  39.06	   7.89	   8.98
	  0.190	  0.190	  0.963
	 -0.434	 -0.864	  0.254
	  0.881	 -0.466	 -0.081

6 	  43.21	   9.28	  15.86
	  0.216	  0.079	  0.973
	 -0.303	  0.953	 -0.011
	 -0.928	 -0.292	  0.229

7 	  38.95	  -7.63	  -0.86
	  0.672	 -0.732	  0.113
	  0.644	  0.501	 -0.578
	  0.366	  0.461	  0.808

8 	  40.03	  -9.88	   8.74
	  0.321	 -0.152	  0.935
	  0.490	 -0.819	 -0.300
	  0.812	  0.552	 -0.188

9 	  44.37	 -11.36	  16.35
	  0.244	 -0.071	  0.967
	  0.542	  0.837	 -0.073
	 -0.806	  0.540	  0.242

2 	  33.21	  -8.30	  22.78
	  0.974	  0.228	 -0.004
	 -0.229	  0.972	 -0.055
	 -0.008	  0.053	  0.998

3 	  43.22	  -0.84	   1.20
	  0.555	 -0.133	  0.821
	  0.044	  0.990	  0.131
	 -0.831	 -0.037	  0.555

4 	  38.53	   5.55	  -1.02
	  0.571	  0.812	  0.120
	 -0.697	  0.401	  0.594
	  0.435	 -0.423	  0.795

5 	  39.06	   7.89	   9.00
	  0.189	  0.190	  0.963
	 -0.435	 -0.864	  0.253
	  0.881	 -0.467	 -0.080

6 	  43.21	   9.28	  15.87
	  0.216	  0.080	  0.973
	 -0.300	  0.954	 -0.013
	 -0.930	 -0.288	  0.229

7 	  38.94	  -7.63	  -0.83
	  0.669	 -0.734	  0.115
	  0.646	  0.498	 -0.579
	  0.368	  0.461	  0.807

8 	  39.99	  -9.88	   8.77
	  0.322	 -0.154	  0.934
	  0.489	 -0.819	 -0.301
	  0.812	  0.552	 -0.187

9 	  44.35	 -11.36	  16.37
	  0.246	 -0.071	  0.966
	  0.544	  0.835	 -0.075
	 -0.804	  0.543	  0.242

2 	  33.21	  -8.28	  22.80
	  0.974	  0.228	 -0.003
	 -0.229	  0.972	 -0.055
	 -0.008	  0.053	  0.998

3 	  43.17	  -0.84	   1.27
	  0.555	 -0.136	  0.820
	  0.043	  0.990	  0.135
	 -0.831	 -0.040	  0.555

4 	  38.53	   5.57	  -0.97
	  0.572	  0.811	  0.123
	 -0.697	  0.401	  0.594
	  0.434	 -0.425	  0.794

5 	  39.06	   7.88	   9.05
	  0.192	  0.184	  0.964
	 -0.432	 -0.867	  0.250
	  0.882	 -0.464	 -0.087

6 	  43.24	   9.28	  15.91
	  0.216	  0.080	  0.973
	 -0.298	  0.954	 -0.013
	 -0.930	 -0.286	  0.229

7 	  38.92	  -7.63	  -0.79
	  0.668	 -0.735	  0.116
	  0.646	  0.496	 -0.580
	  0.369	  0.462	  0.806

8 	  39.97	  -9.88	   8.81
	  0.322	 -0.157	  0.934
	  0.488	 -0.818	 -0.303
	  0.812	  0.552	 -0.186

9 	  44.33	 -11.34	  16.40
	  0.247	 -0.071	  0.966
	  0.547	  0.833	 -0.076
	 -0.802	  0.546	  0.243

2 	  33.21	  -8.30	  22.78
	  0.974	  0.228	 -0.003
	 -0.229	  0.972	 -0.055
	 -0.008	  0.053	  0.998

3 	  43.19	  -0.84	   1.32
	  0.553	 -0.137	  0.822
	  0.040	  0.990	  0.138
	 -0.833	 -0.043	  0.552

4 	  38.55	   5.55	  -0.93
	  0.572	  0.810	  0.126
	 -0.699	  0.400	  0.592
	  0.430	 -0.427	  0.795

5 	  39.08	   7.89	   9.09
	  0.193	  0.185	  0.964
	 -0.432	 -0.866	  0.251
	  0.881	 -0.464	 -0.086

6 	  43.24	   9.30	  15.93
	  0.216	  0.080	  0.973
	 -0.296	  0.955	 -0.014
	 -0.931	 -0.285	  0.229

7 	  38.92	  -7.61	  -0.77
	  0.667	 -0.735	  0.118
	  0.648	  0.495	 -0.579
	  0.368	  0.463	  0.806

8 	  40.01	  -9.90	   8.84
	  0.324	 -0.161	  0.932
	  0.502	 -0.807	 -0.312
	  0.803	  0.568	 -0.179

9 	  44.37	 -11.32	  16.42
	  0.247	 -0.073	  0.966
	  0.539	  0.839	 -0.073
	 -0.807	  0.537	  0.245

2 	  33.19	  -8.30	  22.80
	  0.973	  0.228	 -0.002
	 -0.229	  0.972	 -0.056
	 -0.009	  0.053	  0.998

3 	  43.17	  -0.84	   1.34
	  0.552	 -0.139	  0.822
	  0.040	  0.989	  0.140
	 -0.833	 -0.045	  0.552

4 	  38.50	   5.57	  -0.90
	  0.566	  0.816	  0.118
	 -0.701	  0.399	  0.591
	  0.436	 -0.417	  0.797

5 	  39.09	   7.93	   9.07
	  0.212	  0.210	  0.955
	 -0.436	 -0.854	  0.283
	  0.875	 -0.475	 -0.089

6 	  43.44	   9.40	  15.77
	  0.244	  0.085	  0.966
	 -0.334	  0.943	  0.000
	 -0.911	 -0.322	  0.258

7 	  38.90	  -7.58	  -0.70
	  0.675	 -0.728	  0.117
	  0.640	  0.499	 -0.585
	  0.368	  0.469	  0.802

8 	  40.45	 -10.05	   8.77
	  0.362	 -0.179	  0.915
	  0.537	 -0.763	 -0.360
	  0.764	  0.620	 -0.179

9 	  44.98	 -11.43	  16.10
	  0.272	 -0.095	  0.957
	  0.505	  0.861	 -0.055
	 -0.821	  0.497	  0.281

2 	  33.21	  -8.30	  22.78
	  0.974	  0.228	 -0.004
	 -0.229	  0.972	 -0.055
	 -0.007	  0.053	  0.998

3 	  43.14	  -0.81	   1.37
	  0.552	 -0.141	  0.822
	  0.036	  0.989	  0.145
	 -0.833	 -0.050	  0.550

4 	  38.44	   5.57	  -0.88
	  0.566	  0.817	  0.111
	 -0.697	  0.402	  0.593
	  0.441	 -0.413	  0.797

5 	  39.43	   8.10	   9.04
	  0.270	  0.239	  0.932
	 -0.447	 -0.827	  0.340
	  0.854	 -0.508	 -0.116

6 	  44.16	   9.60	  15.42
	  0.304	  0.094	  0.948
	 -0.348	  0.937	  0.017
	 -0.887	 -0.335	  0.318

7 	  38.85	  -7.56	  -0.69
	  0.687	 -0.719	  0.106
	  0.625	  0.508	 -0.592
	  0.372	  0.473	  0.798

8 	  41.03	 -10.20	   8.60
	  0.432	 -0.195	  0.880
	  0.554	 -0.713	 -0.429
	  0.713	  0.672	 -0.199

9 	  45.98	 -11.60	  15.56
	  0.316	 -0.120	  0.941
	  0.461	  0.886	 -0.039
	 -0.831	  0.444	  0.334

2 	  33.19	  -8.30	  22.80
	  0.974	  0.228	 -0.004
	 -0.229	  0.972	 -0.055
	 -0.008	  0.053	  0.998

3 	  43.08	  -0.79	   1.37
	  0.557	 -0.141	  0.818
	  0.029	  0.988	  0.150
	 -0.830	 -0.060	  0.554

4 	  38.32	   5.54	  -0.95
	  0.575	  0.814	  0.083
	 -0.680	  0.418	  0.602
	  0.456	 -0.403	  0.793

5 	  39.94	   8.28	   8.79
	  0.354	  0.270	  0.895
	 -0.432	 -0.803	  0.411
	  0.831	 -0.530	 -0.167

6 	  45.37	   9.74	  14.47
	  0.420	  0.093	  0.902
	 -0.334	  0.941	  0.057
	 -0.844	 -0.325	  0.426

7 	  38.74	  -7.58	  -0.72
	  0.703	 -0.707	  0.075
	  0.595	  0.527	 -0.607
	  0.390	  0.472	  0.791

8 	  42.01	 -10.34	   8.23
	  0.551	 -0.197	  0.810
	  0.555	 -0.639	 -0.532
	  0.624	  0.743	 -0.243

9 	  47.87	 -11.27	  14.29
	  0.441	 -0.119	  0.889
	  0.363	  0.930	 -0.054
	 -0.823	  0.345	  0.452

2 	  33.21	  -8.30	  22.80
	  0.974	  0.228	 -0.003
	 -0.229	  0.972	 -0.055
	 -0.008	  0.053	  0.998

3 	  43.03	  -0.81	   1.30
	  0.571	 -0.139	  0.809
	  0.025	  0.988	  0.152
	 -0.821	 -0.067	  0.567

4 	  38.14	   5.36	  -1.18
	  0.592	  0.806	  0.016
	 -0.638	  0.455	  0.620
	  0.494	 -0.378	  0.783

5 	  40.66	   8.54	   8.24
	  0.456	  0.309	  0.834
	 -0.396	 -0.770	  0.500
	  0.798	 -0.558	 -0.228

6 	  46.81	   9.88	  13.04
	  0.546	  0.094	  0.833
	 -0.281	  0.956	  0.076
	 -0.790	 -0.275	  0.547

7 	  38.57	  -7.52	  -0.81
	  0.711	 -0.703	  0.022
	  0.561	  0.547	 -0.622
	  0.425	  0.455	  0.782

8 	  43.01	 -10.32	   7.44
	  0.683	 -0.195	  0.704
	  0.503	 -0.574	 -0.646
	  0.531	  0.794	 -0.295

9 	  49.68	 -10.99	  12.41
	  0.578	 -0.121	  0.807
	  0.291	  0.954	 -0.065
	 -0.764	  0.271	  0.586

2 	  33.19	  -8.30	  22.80
	  0.973	  0.228	 -0.002
	 -0.229	  0.972	 -0.056
	 -0.009	  0.053	  0.998

3 	  42.94	  -0.81	   1.25
	  0.586	 -0.145	  0.797
	  0.025	  0.986	  0.162
	 -0.811	 -0.075	  0.581

4 	  37.93	   5.20	  -1.41
	  0.605	  0.794	 -0.052
	 -0.598	  0.496	  0.629
	  0.526	 -0.350	  0.774

5 	  41.29	   8.72	   7.66
	  0.541	  0.331	  0.773
	 -0.365	 -0.737	  0.568
	  0.759	 -0.588	 -0.279

6 	  47.88	   9.93	  11.69
	  0.639	  0.089	  0.764
	 -0.240	  0.967	  0.087
	 -0.732	 -0.239	  0.638

7 	  38.37	  -7.44	  -0.93
	  0.711	 -0.702	 -0.024
	  0.538	  0.565	 -0.625
	  0.453	  0.432	  0.779

8 	  43.66	 -10.16	   6.70
	  0.769	 -0.183	  0.612
	  0.438	 -0.547	 -0.713
	  0.465	  0.816	 -0.341

9 	  50.85	 -10.58	  10.71
	  0.674	 -0.109	  0.730
	  0.239	  0.968	 -0.075
	 -0.699	  0.224	  0.679

2 	  33.19	  -8.30	  22.80
	  0.974	  0.228	 -0.004
	 -0.229	  0.972	 -0.055
	 -0.008	  0.053	  0.998

3 	  42.89	  -0.77	   1.18
	  0.595	 -0.153	  0.788
	  0.024	  0.984	  0.172
	 -0.803	 -0.084	  0.590

4 	  37.79	   5.04	  -1.58
	  0.608	  0.786	 -0.115
	 -0.567	  0.530	  0.630
	  0.557	 -0.318	  0.767

5 	  41.77	   8.77	   7.08
	  0.606	  0.349	  0.714
	 -0.317	 -0.719	  0.618
	  0.731	 -0.599	 -0.327

6 	  48.67	  10.00	  10.44
	  0.711	  0.088	  0.698
	 -0.217	  0.971	  0.097
	 -0.670	 -0.221	  0.709

7 	  38.09	  -7.26	  -1.12
	  0.707	 -0.702	 -0.082
	  0.517	  0.592	 -0.617
	  0.482	  0.394	  0.782

8 	  44.21	 -10.00	   5.78
	  0.845	 -0.180	  0.502
	  0.350	 -0.523	 -0.777
	  0.403	  0.832	 -0.380

9 	  51.86	 -10.27	   8.60
	  0.774	 -0.104	  0.625
	  0.196	  0.977	 -0.080
	 -0.603	  0.183	  0.776

2 	  33.19	  -8.28	  22.80
	  0.974	  0.228	 -0.003
	 -0.229	  0.972	 -0.055
	 -0.008	  0.053	  0.998

3 	  42.82	  -0.79	   1.07
	  0.607	 -0.168	  0.776
	  0.029	  0.981	  0.190
	 -0.794	 -0.093	  0.600

4 	  37.55	   4.87	  -1.78
	  0.608	  0.774	 -0.174
	 -0.537	  0.562	  0.629
	  0.586	 -0.289	  0.756

5 	  42.10	   8.81	   6.54
	  0.661	  0.361	  0.658
	 -0.276	 -0.699	  0.659
	  0.699	 -0.616	 -0.363

6 	  49.27	   9.95	   9.23
	  0.770	  0.087	  0.632
	 -0.189	  0.977	  0.096
	 -0.610	 -0.195	  0.768

7 	  37.78	  -7.08	  -1.30
	  0.695	 -0.704	 -0.146
	  0.502	  0.619	 -0.603
	  0.515	  0.346	  0.784

8 	  44.58	  -9.90	   4.69
	  0.906	 -0.179	  0.382
	  0.253	 -0.494	 -0.832
	  0.337	  0.850	 -0.403

9 	  52.54	  -9.95	   6.31
	  0.854	 -0.100	  0.509
	  0.158	  0.985	 -0.071
	 -0.495	  0.141	  0.857

2 	  33.19	  -8.28	  22.80
	  0.973	  0.228	 -0.002
	 -0.229	  0.972	 -0.056
	 -0.009	  0.053	  0.998

3 	  42.73	  -0.81	   0.95
	  0.619	 -0.181	  0.764
	  0.034	  0.978	  0.204
	 -0.785	 -0.100	  0.611

4 	  37.35	   4.69	  -1.90
	  0.605	  0.763	 -0.226
	 -0.513	  0.589	  0.624
	  0.610	 -0.262	  0.747

5 	  42.35	   8.82	   6.05
	  0.699	  0.373	  0.609
	 -0.241	 -0.682	  0.691
	  0.675	 -0.628	 -0.387

6 	  49.68	   9.98	   8.16
	  0.812	  0.090	  0.577
	 -0.172	  0.981	  0.089
	 -0.559	 -0.172	  0.811

7 	  37.55	  -6.91	  -1.46
	  0.685	 -0.699	 -0.208
	  0.489	  0.651	 -0.581
	  0.541	  0.296	  0.787

8 	  44.89	  -9.72	   3.57
	  0.951	 -0.164	  0.262
	  0.163	 -0.457	 -0.875
	  0.263	  0.874	 -0.408

9 	  53.00	  -9.51	   4.04
	  0.919	 -0.085	  0.385
	  0.113	  0.992	 -0.052
	 -0.378	  0.092	  0.921

2 	  33.19	  -8.28	  22.80
	  0.974	  0.228	 -0.003
	 -0.229	  0.972	 -0.055
	 -0.008	  0.053	  0.998

3 	  42.64	  -0.79	   0.84
	  0.630	 -0.188	  0.753
	  0.035	  0.976	  0.215
	 -0.776	 -0.110	  0.621

4 	  37.14	   4.52	  -2.04
	  0.596	  0.756	 -0.270
	 -0.496	  0.610	  0.617
	  0.632	 -0.234	  0.738

5 	  42.47	   8.84	   5.59
	  0.727	  0.387	  0.567
	 -0.204	 -0.668	  0.716
	  0.656	 -0.635	 -0.407

6 	  49.89	  10.00	   7.22
	  0.844	  0.092	  0.528
	 -0.160	  0.983	  0.084
	 -0.512	 -0.157	  0.844

7 	  37.28	  -6.70	  -1.63
	  0.673	 -0.688	 -0.272
	  0.475	  0.683	 -0.554
	  0.567	  0.244	  0.786

8 	  45.07	  -9.51	   2.37
	  0.979	 -0.152	  0.138
	  0.063	 -0.420	 -0.905
	  0.195	  0.895	 -0.401

9 	  53.16	  -9.07	   1.53
	  0.966	 -0.073	  0.247
	  0.081	  0.996	 -0.025
	 -0.245	  0.045	  0.969

2 	  33.19	  -8.30	  22.80
	  0.974	  0.228	 -0.003
	 -0.229	  0.972	 -0.055
	 -0.008	  0.053	  0.998

3 	  42.56	  -0.79	   0.70
	  0.641	 -0.193	  0.743
	  0.037	  0.974	  0.222
	 -0.767	 -0.115	  0.631

4 	  36.91	   4.31	  -2.20
	  0.584	  0.746	 -0.318
	 -0.479	  0.633	  0.608
	  0.656	 -0.203	  0.727

5 	  42.59	   8.88	   4.96
	  0.757	  0.407	  0.511
	 -0.158	 -0.646	  0.746
	  0.635	 -0.645	 -0.426

6 	  50.08	  10.04	   6.12
	  0.877	  0.099	  0.470
	 -0.148	  0.986	  0.068
	 -0.458	 -0.131	  0.879

7 	  36.93	  -6.47	  -1.81
	  0.647	 -0.678	 -0.349
	  0.463	  0.713	 -0.526
	  0.605	  0.179	  0.775

8 	  45.00	  -9.49	   1.05
	  0.988	 -0.153	  0.005
	 -0.053	 -0.377	 -0.925
	  0.143	  0.913	 -0.381

9 	  52.98	  -8.88	  -0.98
	  0.992	 -0.074	  0.099
	  0.073	  0.997	  0.008
	 -0.100	 -0.000	  0.995

2 	  33.21	  -8.28	  22.80
	  0.973	  0.228	 -0.003
	 -0.230	  0.972	 -0.055
	 -0.008	  0.053	  0.998

3 	  42.49	  -0.83	   0.56
	  0.650	 -0.200	  0.733
	  0.043	  0.973	  0.227
	 -0.760	 -0.116	  0.640

4 	  36.72	   4.11	  -2.30
	  0.574	  0.741	 -0.348
	 -0.469	  0.645	  0.603
	  0.672	 -0.183	  0.717

5 	  42.52	   8.91	   4.57
	  0.768	  0.424	  0.480
	 -0.129	 -0.634	  0.762
	  0.629	 -0.646	 -0.433

6 	  50.08	  10.12	   5.40
	  0.895	  0.107	  0.433
	 -0.146	  0.987	  0.058
	 -0.422	 -0.117	  0.899

7 	  36.65	  -6.24	  -1.93
	  0.617	 -0.664	 -0.422
	  0.452	  0.738	 -0.501
	  0.644	  0.118	  0.755

8 	  44.75	  -9.53	  -0.28
	  0.977	 -0.170	 -0.128
	 -0.178	 -0.322	 -0.930
	  0.117	  0.931	 -0.345

9 	  52.37	  -8.98	  -3.64
	  0.994	 -0.094	 -0.059
	  0.096	  0.994	  0.047
	  0.054	 -0.052	  0.997

2 	  33.19	  -8.28	  22.80
	  0.974	  0.228	 -0.003
	 -0.229	  0.972	 -0.055
	 -0.008	  0.053	  0.998

3 	  42.42	  -0.84	   0.44
	  0.653	 -0.209	  0.728
	  0.052	  0.971	  0.232
	 -0.756	 -0.115	  0.644

4 	  36.62	   4.04	  -2.37
	  0.572	  0.734	 -0.365
	 -0.458	  0.655	  0.600
	  0.681	 -0.177	  0.711

5 	  42.52	   8.86	   4.36
	  0.776	  0.423	  0.466
	 -0.124	 -0.625	  0.771
	  0.619	 -0.655	 -0.434

6 	  50.15	   9.98	   4.85
	  0.909	  0.098	  0.405
	 -0.128	  0.990	  0.049
	 -0.397	 -0.097	  0.913

7 	  36.33	  -5.92	  -2.07
	  0.576	 -0.638	 -0.511
	  0.431	  0.768	 -0.474
	  0.695	  0.053	  0.717

8 	  44.21	  -9.47	  -2.14
	  0.936	 -0.173	 -0.306
	 -0.341	 -0.229	 -0.912
	  0.087	  0.958	 -0.273

9 	  51.13	  -8.67	  -7.12
	  0.957	 -0.090	 -0.275
	  0.123	  0.986	  0.106
	  0.262	 -0.136	  0.955

2 	  33.19	  -8.30	  22.80
	  0.974	  0.227	 -0.002
	 -0.229	  0.972	 -0.056
	 -0.009	  0.053	  0.998

3 	  42.26	  -0.88	   0.25
	  0.665	 -0.214	  0.715
	  0.052	  0.969	  0.242
	 -0.746	 -0.124	  0.654

4 	  36.35	   3.87	  -2.46
	  0.562	  0.723	 -0.402
	 -0.435	  0.671	  0.600
	  0.704	 -0.162	  0.691

5 	  42.56	   8.84	   3.85
	  0.799	  0.434	  0.416
	 -0.083	 -0.607	  0.790
	  0.596	 -0.665	 -0.449

6 	  50.17	   9.93	   4.04
	  0.929	  0.098	  0.357
	 -0.118	  0.992	  0.037
	 -0.352	 -0.078	  0.933

7 	  35.98	  -5.71	  -2.07
	  0.546	 -0.609	 -0.575
	  0.401	  0.792	 -0.459
	  0.735	  0.020	  0.677

8 	  43.56	  -9.39	  -3.39
	  0.886	 -0.161	 -0.434
	 -0.457	 -0.156	 -0.875
	  0.073	  0.974	 -0.212

9 	  49.87	  -8.28	  -9.35
	  0.905	 -0.079	 -0.418
	  0.155	  0.976	  0.153
	  0.396	 -0.204	  0.895

2 	  33.19	  -8.30	  22.80
	  0.974	  0.228	 -0.002
	 -0.229	  0.972	 -0.056
	 -0.009	  0.053	  0.998

3 	  42.19	  -0.90	   0.19
	  0.665	 -0.226	  0.711
	  0.056	  0.965	  0.255
	 -0.745	 -0.130	  0.654

4 	  36.30	   3.87	  -2.46
	  0.560	  0.723	 -0.404
	 -0.433	  0.671	  0.602
	  0.707	 -0.163	  0.688

5 	  42.47	   8.81	   3.87
	  0.797	  0.430	  0.424
	 -0.093	 -0.608	  0.789
	  0.597	 -0.667	 -0.445

6 	  50.10	   9.88	   4.10
	  0.927	  0.094	  0.363
	 -0.115	  0.992	  0.036
	 -0.357	 -0.077	  0.931

7 	  35.84	  -5.50	  -2.09
	  0.508	 -0.581	 -0.636
	  0.385	  0.813	 -0.436
	  0.770	 -0.023	  0.637

8 	  42.86	  -9.25	  -4.55
	  0.819	 -0.156	 -0.551
	 -0.565	 -0.061	 -0.823
	  0.095	  0.986	 -0.138

9 	  48.39	  -7.89	 -11.39
	  0.830	 -0.066	 -0.553
	  0.210	  0.957	  0.199
	  0.516	 -0.282	  0.808

2 	  33.19	  -8.30	  22.80
	  0.974	  0.228	 -0.003
	 -0.229	  0.972	 -0.055
	 -0.008	  0.053	  0.998

3 	  42.13	  -0.88	   0.14
	  0.664	 -0.231	  0.710
	  0.055	  0.963	  0.263
	 -0.746	 -0.136	  0.652

4 	  36.18	   3.80	  -2.48
	  0.554	  0.721	 -0.416
	 -0.427	  0.674	  0.602
	  0.715	 -0.157	  0.681

5 	  42.42	   8.82	   3.76
	  0.800	  0.437	  0.412
	 -0.081	 -0.602	  0.794
	  0.596	 -0.667	 -0.447

6 	  50.04	   9.90	   3.92
	  0.930	  0.096	  0.353
	 -0.116	  0.992	  0.036
	 -0.348	 -0.076	  0.934

7 	  35.58	  -5.38	  -2.06
	  0.457	 -0.559	 -0.692
	  0.369	  0.826	 -0.425
	  0.809	 -0.061	  0.584

8 	  41.99	  -9.23	  -5.47
	  0.743	 -0.163	 -0.649
	 -0.656	  0.015	 -0.754
	  0.132	  0.986	 -0.096

9 	  46.79	  -7.96	 -12.88
	  0.752	 -0.089	 -0.653
	  0.279	  0.941	  0.192
	  0.598	 -0.326	  0.732

2 	  33.19	  -8.28	  22.80
	  0.973	  0.228	 -0.002
	 -0.229	  0.972	 -0.056
	 -0.009	  0.053	  0.998

3 	  42.06	  -0.91	   0.12
	  0.666	 -0.242	  0.706
	  0.057	  0.960	  0.275
	 -0.745	 -0.143	  0.652

4 	  36.11	   3.80	  -2.46
	  0.553	  0.720	 -0.418
	 -0.424	  0.675	  0.604
	  0.717	 -0.157	  0.678

5 	  42.38	   8.81	   3.78
	  0.799	  0.436	  0.414
	 -0.082	 -0.605	  0.792
	  0.596	 -0.666	 -0.448

6 	  50.01	   9.88	   3.92
	  0.931	  0.094	  0.351
	 -0.115	  0.992	  0.040
	 -0.345	 -0.079	  0.935

7 	  35.44	  -5.22	  -2.00
	  0.395	 -0.541	 -0.742
	  0.363	  0.834	 -0.416
	  0.844	 -0.105	  0.526

8 	  41.12	  -9.35	  -6.10
	  0.658	 -0.195	 -0.727
	 -0.728	  0.083	 -0.681
	  0.193	  0.977	 -0.086

9 	  45.07	  -8.28	 -14.17
	  0.660	 -0.118	 -0.742
	  0.349	  0.923	  0.162
	  0.666	 -0.365	  0.650

2 	  33.21	  -8.28	  22.80
	  0.974	  0.228	 -0.003
	 -0.229	  0.972	 -0.055
	 -0.008	  0.053	  0.998

3 	  42.03	  -0.91	   0.09
	  0.666	 -0.245	  0.705
	  0.062	  0.959	  0.275
	 -0.744	 -0.140	  0.653

4 	  36.04	   3.73	  -2.46
	  0.551	  0.718	 -0.425
	 -0.420	  0.678	  0.603
	  0.721	 -0.154	  0.675

5 	  42.33	   8.77	   3.73
	  0.800	  0.438	  0.409
	 -0.077	 -0.602	  0.794
	  0.596	 -0.666	 -0.448

6 	  49.97	   9.84	   3.74
	  0.934	  0.095	  0.343
	 -0.115	  0.992	  0.038
	 -0.337	 -0.077	  0.938

7 	  35.23	  -5.17	  -1.99
	  0.332	 -0.515	 -0.790
	  0.342	  0.846	 -0.409
	  0.879	 -0.134	  0.457

8 	  40.06	  -9.37	  -6.79
	  0.551	 -0.207	 -0.809
	 -0.798	  0.154	 -0.582
	  0.245	  0.966	 -0.081

9 	  42.98	  -8.31	 -15.42
	  0.542	 -0.125	 -0.831
	  0.392	  0.912	  0.117
	  0.744	 -0.388	  0.544

2 	  33.21	  -8.28	  22.80
	  0.973	  0.228	 -0.003
	 -0.229	  0.972	 -0.055
	 -0.008	  0.053	  0.998

3 	  41.92	  -0.98	   0.02
	  0.667	 -0.248	  0.702
	  0.070	  0.959	  0.273
	 -0.742	 -0.134	  0.657

4 	  35.89	   3.66	  -2.48
	  0.547	  0.714	 -0.438
	 -0.411	  0.683	  0.603
	  0.730	 -0.150	  0.667

5 	  42.29	   8.72	   3.55
	  0.806	  0.442	  0.393
	 -0.063	 -0.598	  0.799
	  0.588	 -0.668	 -0.455

6 	  49.90	   9.79	   3.45
	  0.941	  0.097	  0.324
	 -0.115	  0.993	  0.037
	 -0.318	 -0.073	  0.945

7 	  35.02	  -5.10	  -1.95
	  0.271	 -0.494	 -0.826
	  0.316	  0.856	 -0.408
	  0.909	 -0.150	  0.388

8 	  39.27	  -9.28	  -7.21
	  0.459	 -0.204	 -0.864
	 -0.847	  0.194	 -0.495
	  0.269	  0.959	 -0.084

9 	  41.45	  -8.21	 -16.12
	  0.451	 -0.126	 -0.883
	  0.412	  0.908	  0.080
	  0.792	 -0.399	  0.461

2 	  33.19	  -8.30	  22.80
	  0.973	  0.228	 -0.002
	 -0.229	  0.972	 -0.056
	 -0.009	  0.053	  0.998

3 	  41.87	  -1.00	  -0.04
	  0.670	 -0.254	  0.697
	  0.081	  0.959	  0.271
	 -0.738	 -0.126	  0.663

4 	  35.79	   3.64	  -2.46
	  0.541	  0.716	 -0.441
	 -0.410	  0.682	  0.606
	  0.735	 -0.147	  0.662

5 	  42.21	   8.75	   3.53
	  0.807	  0.447	  0.385
	 -0.052	 -0.598	  0.799
	  0.588	 -0.665	 -0.460

6 	  49.85	   9.83	   3.30
	  0.944	  0.099	  0.314
	 -0.116	  0.992	  0.036
	 -0.308	 -0.072	  0.948

7 	  34.95	  -5.06	  -1.93
	  0.228	 -0.475	 -0.850
	  0.294	  0.865	 -0.405
	  0.928	 -0.158	  0.336

8 	  38.60	  -9.16	  -7.54
	  0.375	 -0.196	 -0.906
	 -0.880	  0.234	 -0.414
	  0.294	  0.952	 -0.084

9 	  39.97	  -8.09	 -16.70
	  0.358	 -0.123	 -0.926
	  0.437	  0.898	  0.048
	  0.826	 -0.421	  0.375

2 	  33.19	  -8.28	  22.80
	  0.973	  0.228	 -0.002
	 -0.229	  0.972	 -0.056
	 -0.009	  0.053	  0.998

3 	  41.84	  -1.00	  -0.09
	  0.668	 -0.260	  0.697
	  0.089	  0.958	  0.272
	 -0.739	 -0.120	  0.662

4 	  35.75	   3.60	  -2.46
	  0.538	  0.718	 -0.442
	 -0.411	  0.680	  0.606
	  0.736	 -0.144	  0.661

5 	  42.17	   8.74	   3.48
	  0.808	  0.449	  0.381
	 -0.046	 -0.598	  0.800
	  0.587	 -0.663	 -0.463

6 	  49.83	   9.84	   3.25
	  0.945	  0.101	  0.309
	 -0.118	  0.992	  0.037
	 -0.303	 -0.073	  0.950

7 	  34.80	  -4.97	  -1.90
	  0.171	 -0.457	 -0.873
	  0.279	  0.872	 -0.402
	  0.945	 -0.174	  0.276

8 	  37.76	  -9.05	  -7.77
	  0.274	 -0.192	 -0.942
	 -0.902	  0.288	 -0.321
	  0.334	  0.938	 -0.095

9 	  38.21	  -8.07	 -17.09
	  0.251	 -0.137	 -0.958
	  0.471	  0.882	 -0.004
	  0.846	 -0.450	  0.284

2 	  33.19	  -8.30	  22.80
	  0.974	  0.228	 -0.003
	 -0.229	  0.972	 -0.055
	 -0.008	  0.053	  0.998

3 	  41.78	  -1.02	  -0.11
	  0.664	 -0.269	  0.697
	  0.098	  0.956	  0.275
	 -0.741	 -0.115	  0.661

4 	  35.67	   3.57	  -2.44
	  0.536	  0.717	 -0.446
	 -0.405	  0.681	  0.609
	  0.741	 -0.146	  0.655

5 	  42.12	   8.70	   3.46
	  0.808	  0.450	  0.379
	 -0.043	 -0.598	  0.800
	  0.588	 -0.663	 -0.464

6 	  49.76	   9.84	   3.20
	  0.947	  0.101	  0.306
	 -0.118	  0.992	  0.038
	 -0.300	 -0.073	  0.951

7 	  34.68	  -4.90	  -1.90
	  0.142	 -0.447	 -0.883
	  0.277	  0.875	 -0.398
	  0.950	 -0.188	  0.248

8 	  37.30	  -9.07	  -7.82
	  0.229	 -0.205	 -0.952
	 -0.899	  0.329	 -0.287
	  0.373	  0.921	 -0.109

9 	  37.53	  -8.19	 -17.12
	  0.214	 -0.154	 -0.965
	  0.500	  0.865	 -0.028
	  0.840	 -0.476	  0.261

2 	  33.19	  -8.30	  22.80
	  0.974	  0.228	 -0.002
	 -0.229	  0.972	 -0.056
	 -0.009	  0.053	  0.998

3 	  41.75	  -1.05	  -0.12
	  0.653	 -0.280	  0.703
	  0.108	  0.954	  0.280
	 -0.750	 -0.107	  0.653

4 	  35.68	   3.57	  -2.46
	  0.536	  0.720	 -0.442
	 -0.409	  0.678	  0.611
	  0.739	 -0.147	  0.657

5 	  42.01	   8.67	   3.55
	  0.801	  0.450	  0.396
	 -0.057	 -0.601	  0.797
	  0.597	 -0.660	 -0.456

6 	  49.69	   9.81	   3.41
	  0.942	  0.100	  0.320
	 -0.120	  0.992	  0.042
	 -0.313	 -0.078	  0.946

7 	  34.63	  -4.78	  -1.88
	  0.115	 -0.431	 -0.895
	  0.288	  0.877	 -0.385
	  0.951	 -0.213	  0.224

8 	  36.88	  -8.96	  -7.89
	  0.187	 -0.205	 -0.961
	 -0.900	  0.356	 -0.251
	  0.394	  0.911	 -0.118

9 	  36.74	  -8.07	 -17.24
	  0.167	 -0.158	 -0.973
	  0.513	  0.856	 -0.052
	  0.842	 -0.490	  0.223

2 	  33.19	  -8.28	  22.80
	  0.974	  0.228	 -0.003
	 -0.229	  0.972	 -0.055
	 -0.009	  0.053	  0.998

3 	  41.77	  -1.07	  -0.12
	  0.637	 -0.297	  0.711
	  0.120	  0.949	  0.290
	 -0.762	 -0.100	  0.640

4 	  35.74	   3.62	  -2.46
	  0.540	  0.720	 -0.435
	 -0.409	  0.676	  0.612
	  0.736	 -0.153	  0.659

5 	  42.05	   8.63	   3.64
	  0.799	  0.444	  0.406
	 -0.068	 -0.605	  0.793
	  0.598	 -0.661	 -0.453

6 	  49.69	   9.76	   3.59
	  0.939	  0.096	  0.330
	 -0.117	  0.992	  0.044
	 -0.324	 -0.081	  0.942

7 	  34.56	  -4.68	  -1.86
	  0.089	 -0.417	 -0.905
	  0.286	  0.880	 -0.378
	  0.954	 -0.226	  0.198

8 	  36.56	  -8.81	  -7.95
	  0.149	 -0.195	 -0.969
	 -0.902	  0.374	 -0.214
	  0.405	  0.906	 -0.120

9 	  36.12	  -7.88	 -17.28
	  0.129	 -0.154	 -0.980
	  0.514	  0.855	 -0.068
	  0.849	 -0.494	  0.188

2 	  33.19	  -8.28	  22.80
	  0.973	  0.228	 -0.003
	 -0.230	  0.971	 -0.056
	 -0.008	  0.054	  0.998

3 	  41.75	  -1.04	  -0.12
	  0.630	 -0.308	  0.713
	  0.125	  0.946	  0.298
	 -0.767	 -0.099	  0.634

4 	  35.74	   3.66	  -2.44
	  0.540	  0.724	 -0.429
	 -0.411	  0.671	  0.617
	  0.735	 -0.157	  0.659

5 	  41.99	   8.65	   3.76
	  0.794	  0.441	  0.418
	 -0.078	 -0.610	  0.789
	  0.603	 -0.658	 -0.451

6 	  49.66	   9.74	   3.81
	  0.935	  0.094	  0.343
	 -0.119	  0.991	  0.051
	 -0.335	 -0.090	  0.938

7 	  34.56	  -4.64	  -1.88
	  0.079	 -0.409	 -0.909
	  0.284	  0.883	 -0.373
	  0.955	 -0.229	  0.186

8 	  36.53	  -8.74	  -7.98
	  0.140	 -0.189	 -0.972
	 -0.904	  0.376	 -0.203
	  0.404	  0.907	 -0.118

9 	  36.02	  -7.70	 -17.33
	  0.121	 -0.146	 -0.982
	  0.504	  0.861	 -0.067
	  0.855	 -0.486	  0.177

2 	  33.19	  -8.28	  22.80
	  0.974	  0.228	 -0.003
	 -0.229	  0.972	 -0.055
	 -0.008	  0.053	  0.998

3 	  41.80	  -1.02	  -0.11
	  0.620	 -0.315	  0.719
	  0.128	  0.944	  0.304
	 -0.775	 -0.097	  0.625

4 	  35.81	   3.71	  -2.46
	  0.543	  0.727	 -0.419
	 -0.415	  0.666	  0.619
	  0.730	 -0.163	  0.663

5 	  41.98	   8.63	   3.90
	  0.787	  0.435	  0.437
	 -0.096	 -0.615	  0.783
	  0.610	 -0.657	 -0.443

6 	  49.66	   9.74	   4.10
	  0.928	  0.090	  0.361
	 -0.119	  0.991	  0.059
	 -0.353	 -0.098	  0.930

7 	  34.59	  -4.55	  -1.92
	  0.075	 -0.397	 -0.915
	  0.285	  0.887	 -0.362
	  0.956	 -0.233	  0.180

8 	  36.54	  -8.54	  -8.09
	  0.133	 -0.171	 -0.976
	 -0.906	  0.378	 -0.190
	  0.402	  0.909	 -0.105

9 	  35.95	  -7.38	 -17.40
	  0.112	 -0.127	 -0.985
	  0.496	  0.866	 -0.056
	  0.861	 -0.482	  0.160

2 	  33.19	  -8.30	  22.80
	  0.974	  0.228	 -0.003
	 -0.229	  0.972	 -0.055
	 -0.008	  0.053	  0.998

3 	  41.82	  -0.98	  -0.07
	  0.613	 -0.321	  0.722
	  0.128	  0.942	  0.310
	 -0.781	 -0.098	  0.617

4 	  35.86	   3.76	  -2.44
	  0.545	  0.730	 -0.413
	 -0.419	  0.663	  0.620
	  0.726	 -0.165	  0.667

5 	  41.98	   8.65	   3.99
	  0.783	  0.433	  0.446
	 -0.103	 -0.619	  0.779
	  0.614	 -0.655	 -0.440

6 	  49.62	   9.76	   4.31
	  0.924	  0.089	  0.371
	 -0.121	  0.990	  0.065
	 -0.362	 -0.106	  0.926

7 	  34.63	  -4.54	  -1.92
	  0.074	 -0.393	 -0.917
	  0.284	  0.889	 -0.358
	  0.956	 -0.233	  0.177

8 	  36.54	  -8.49	  -8.10
	  0.132	 -0.166	 -0.977
	 -0.906	  0.378	 -0.187
	  0.401	  0.910	 -0.100

9 	  35.95	  -7.29	 -17.42
	  0.111	 -0.122	 -0.986
	  0.494	  0.867	 -0.053
	  0.862	 -0.481	  0.156

2 	  33.19	  -8.28	  22.80
	  0.974	  0.228	 -0.003
	 -0.229	  0.972	 -0.055
	 -0.008	  0.053	  0.998

3 	  41.82	  -0.97	  -0.04
	  0.610	 -0.327	  0.722
	  0.127	  0.939	  0.319
	 -0.783	 -0.103	  0.613

4 	  35.89	   3.81	  -2.43
	  0.547	  0.733	 -0.405
	 -0.423	  0.658	  0.622
	  0.723	 -0.169	  0.670

5 	  41.94	   8.63	   4.15
	  0.777	  0.427	  0.461
	 -0.115	 -0.625	  0.772
	  0.619	 -0.652	 -0.438

6 	  49.59	   9.74	   4.55
	  0.919	  0.085	  0.383
	 -0.121	  0.990	  0.070
	 -0.374	 -0.112	  0.921

7 	  34.63	  -4.50	  -1.92
	  0.073	 -0.388	 -0.919
	  0.281	  0.891	 -0.355
	  0.957	 -0.232	  0.174

8 	  36.47	  -8.38	  -8.14
	  0.125	 -0.160	 -0.979
	 -0.906	  0.384	 -0.178
	  0.405	  0.909	 -0.097

9 	  35.79	  -7.14	 -17.46
	  0.101	 -0.121	 -0.988
	  0.502	  0.863	 -0.055
	  0.859	 -0.490	  0.147

2 	  33.19	  -8.28	  22.80
	  0.974	  0.228	 -0.002
	 -0.229	  0.972	 -0.055
	 -0.009	  0.053	  0.998

3 	  41.80	  -0.93	  -0.02
	  0.607	 -0.335	  0.720
	  0.129	  0.936	  0.328
	 -0.785	 -0.107	  0.610

4 	  35.89	   3.83	  -2.41
	  0.547	  0.734	 -0.401
	 -0.425	  0.656	  0.623
	  0.721	 -0.171	  0.671

5 	  41.89	   8.65	   4.24
	  0.773	  0.425	  0.471
	 -0.123	 -0.629	  0.768
	  0.623	 -0.651	 -0.434

6 	  49.57	   9.70	   4.73
	  0.916	  0.081	  0.392
	 -0.120	  0.990	  0.076
	 -0.383	 -0.118	  0.916

7 	  34.61	  -4.45	  -1.90
	  0.066	 -0.382	 -0.922
	  0.280	  0.894	 -0.350
	  0.958	 -0.235	  0.166

8 	  36.44	  -8.30	  -8.17
	  0.119	 -0.151	 -0.981
	 -0.906	  0.388	 -0.169
	  0.406	  0.909	 -0.091

9 	  35.74	  -6.98	 -17.47
	  0.099	 -0.117	 -0.988
	  0.507	  0.860	 -0.053
	  0.856	 -0.496	  0.144

2 	  33.19	  -8.30	  22.80
	  0.974	  0.228	 -0.002
	 -0.229	  0.972	 -0.056
	 -0.009	  0.053	  0.998

3 	  41.80	  -0.91	   0.02
	  0.608	 -0.338	  0.718
	  0.127	  0.934	  0.333
	 -0.785	 -0.111	  0.610

4 	  35.89	   3.87	  -2.37
	  0.546	  0.738	 -0.397
	 -0.428	  0.652	  0.625
	  0.720	 -0.172	  0.671

5 	  41.85	   8.63	   4.29
	  0.772	  0.422	  0.475
	 -0.126	 -0.632	  0.765
	  0.624	 -0.649	 -0.435

6 	  49.52	   9.76	   4.89
	  0.913	  0.083	  0.400
	 -0.126	  0.988	  0.083
	 -0.389	 -0.127	  0.912

7 	  34.65	  -4.46	  -1.95
	  0.080	 -0.378	 -0.922
	  0.282	  0.896	 -0.343
	  0.956	 -0.233	  0.178

8 	  36.76	  -8.23	  -8.21
	  0.155	 -0.144	 -0.977
	 -0.904	  0.378	 -0.199
	  0.398	  0.914	 -0.071

9 	  36.63	  -6.91	 -17.42
	  0.153	 -0.115	 -0.981
	  0.506	  0.862	 -0.024
	  0.849	 -0.493	  0.190

2 	  33.19	  -8.30	  22.80
	  0.973	  0.228	 -0.002
	 -0.229	  0.972	 -0.056
	 -0.009	  0.053	  0.998

3 	  41.82	  -0.84	   0.07
	  0.619	 -0.327	  0.714
	  0.110	  0.936	  0.334
	 -0.778	 -0.129	  0.615

4 	  35.88	   3.92	  -2.34
	  0.545	  0.742	 -0.390
	 -0.433	  0.647	  0.627
	  0.718	 -0.174	  0.673

5 	  41.80	   8.63	   4.39
	  0.769	  0.419	  0.483
	 -0.131	 -0.638	  0.758
	  0.627	 -0.645	 -0.437

6 	  49.46	   9.76	   5.06
	  0.910	  0.081	  0.406
	 -0.129	  0.987	  0.092
	 -0.394	 -0.137	  0.909

7 	  34.70	  -4.52	  -2.02
	  0.125	 -0.397	 -0.909
	  0.306	  0.887	 -0.345
	  0.943	 -0.235	  0.232

8 	  38.04	  -8.46	  -7.98
	  0.314	 -0.161	 -0.936
	 -0.890	  0.294	 -0.349
	  0.332	  0.942	 -0.051

9 	  39.59	  -7.33	 -16.88
	  0.337	 -0.128	 -0.933
	  0.431	  0.901	  0.030
	  0.838	 -0.412	  0.359

2 	  33.19	  -8.30	  22.80
	  0.974	  0.228	 -0.002
	 -0.229	  0.972	 -0.056
	 -0.009	  0.053	  0.998

3 	  41.82	  -0.81	   0.11
	  0.639	 -0.307	  0.705
	  0.089	  0.940	  0.329
	 -0.765	 -0.148	  0.627

4 	  35.88	   3.96	  -2.32
	  0.546	  0.743	 -0.386
	 -0.434	  0.645	  0.629
	  0.717	 -0.176	  0.674

5 	  41.78	   8.61	   4.50
	  0.766	  0.414	  0.491
	 -0.137	 -0.642	  0.754
	  0.629	 -0.644	 -0.436

6 	  49.45	   9.72	   5.17
	  0.908	  0.078	  0.411
	 -0.128	  0.987	  0.096
	 -0.399	 -0.141	  0.906

7 	  35.00	  -4.75	  -2.16
	  0.234	 -0.458	 -0.858
	  0.348	  0.863	 -0.366
	  0.908	 -0.213	  0.361

8 	  40.18	  -8.88	  -6.93
	  0.575	 -0.190	 -0.796
	 -0.783	  0.155	 -0.603
	  0.239	  0.969	 -0.060

9 	  44.00	  -7.98	 -14.99
	  0.601	 -0.131	 -0.788
	  0.353	  0.928	  0.114
	  0.717	 -0.346	  0.604

2 	  33.19	  -8.28	  22.80
	  0.973	  0.228	 -0.002
	 -0.229	  0.972	 -0.056
	 -0.009	  0.053	  0.998

3 	  41.99	  -0.83	   0.19
	  0.642	 -0.283	  0.712
	  0.068	  0.947	  0.315
	 -0.764	 -0.154	  0.627

4 	  36.11	   3.92	  -2.37
	  0.552	  0.743	 -0.377
	 -0.447	  0.645	  0.619
	  0.704	 -0.174	  0.688

5 	  41.87	   8.60	   4.61
	  0.753	  0.414	  0.511
	 -0.157	 -0.642	  0.750
	  0.640	 -0.644	 -0.419

6 	  49.48	   9.69	   5.50
	  0.897	  0.077	  0.435
	 -0.131	  0.986	  0.096
	 -0.422	 -0.144	  0.895

7 	  35.37	  -5.03	  -2.21
	  0.323	 -0.517	 -0.792
	  0.382	  0.837	 -0.391
	  0.865	 -0.177	  0.468

8 	  41.78	  -9.23	  -5.61
	  0.747	 -0.193	 -0.636
	 -0.640	  0.055	 -0.766
	  0.183	  0.979	 -0.083

9 	  47.25	  -8.31	 -12.52
	  0.777	 -0.130	 -0.616
	  0.281	  0.947	  0.154
	  0.564	 -0.293	  0.772

2 	  33.19	  -8.30	  22.80
	  0.974	  0.228	 -0.003
	 -0.229	  0.972	 -0.055
	 -0.008	  0.053	  0.998

3 	  42.10	  -0.83	   0.28
	  0.642	 -0.266	  0.719
	  0.057	  0.952	  0.300
	 -0.765	 -0.152	  0.626

4 	  36.26	   3.94	  -2.39
	  0.558	  0.744	 -0.366
	 -0.458	  0.644	  0.613
	  0.692	 -0.174	  0.700

5 	  41.89	   8.60	   4.71
	  0.744	  0.411	  0.527
	 -0.174	 -0.644	  0.745
	  0.646	 -0.645	 -0.409

6 	  49.50	   9.65	   5.78
	  0.888	  0.074	  0.453
	 -0.131	  0.986	  0.097
	 -0.440	 -0.147	  0.886

7 	  35.81	  -5.36	  -2.21
	  0.406	 -0.571	 -0.714
	  0.388	  0.814	 -0.431
	  0.828	 -0.102	  0.552

8 	  43.29	  -9.33	  -3.90
	  0.874	 -0.178	 -0.452
	 -0.472	 -0.089	 -0.877
	  0.116	  0.980	 -0.162

9 	  49.87	  -8.65	  -9.37
	  0.905	 -0.136	 -0.403
	  0.207	  0.968	  0.138
	  0.371	 -0.208	  0.905

2 	  33.19	  -8.30	  22.80
	  0.974	  0.228	 -0.002
	 -0.229	  0.972	 -0.056
	 -0.009	  0.053	  0.998

3 	  42.28	  -0.79	   0.40
	  0.637	 -0.252	  0.728
	  0.038	  0.954	  0.297
	 -0.771	 -0.161	  0.616

4 	  36.49	   3.96	  -2.44
	  0.562	  0.747	 -0.355
	 -0.471	  0.641	  0.606
	  0.681	 -0.174	  0.711

5 	  41.96	   8.58	   4.82
	  0.733	  0.409	  0.544
	 -0.191	 -0.645	  0.740
	  0.654	 -0.645	 -0.395

6 	  49.54	   9.63	   6.08
	  0.877	  0.073	  0.474
	 -0.134	  0.986	  0.097
	 -0.461	 -0.149	  0.875

7 	  36.23	  -5.71	  -2.14
	  0.468	 -0.604	 -0.645
	  0.379	  0.796	 -0.471
	  0.798	 -0.024	  0.602

8 	  44.16	  -9.46	  -2.34
	  0.940	 -0.166	 -0.297
	 -0.327	 -0.200	 -0.924
	  0.094	  0.965	 -0.242

9 	  51.43	  -8.89	  -6.63
	  0.965	 -0.137	 -0.223
	  0.160	  0.983	  0.091
	  0.206	 -0.124	  0.970

2 	  33.19	  -8.30	  22.80
	  0.974	  0.228	 -0.002
	 -0.229	  0.972	 -0.055
	 -0.009	  0.053	  0.998

3 	  42.35	  -0.79	   0.47
	  0.637	 -0.243	  0.731
	  0.031	  0.957	  0.290
	 -0.770	 -0.162	  0.617

4 	  36.58	   4.01	  -2.43
	  0.566	  0.747	 -0.347
	 -0.476	  0.640	  0.603
	  0.673	 -0.176	  0.718

5 	  41.99	   8.60	   4.94
	  0.726	  0.404	  0.556
	 -0.204	 -0.648	  0.734
	  0.658	 -0.645	 -0.389

6 	  49.54	   9.60	   6.33
	  0.870	  0.068	  0.487
	 -0.133	  0.986	  0.099
	 -0.474	 -0.152	  0.867

7 	  36.67	  -6.13	  -1.97
	  0.526	 -0.638	 -0.562
	  0.370	  0.766	 -0.525
	  0.766	  0.068	  0.639

8 	  44.81	  -9.53	  -0.40
	  0.982	 -0.151	 -0.109
	 -0.154	 -0.324	 -0.933
	  0.105	  0.934	 -0.341

9 	  52.72	  -9.25	  -2.94
	  0.990	 -0.137	  0.010
	  0.136	  0.990	  0.022
	 -0.013	 -0.021	  1.000

2 	  33.19	  -8.28	  22.80
	  0.974	  0.228	 -0.002
	 -0.229	  0.972	 -0.056
	 -0.009	  0.053	  0.998

3 	  42.47	  -0.76	   0.58
	  0.640	 -0.222	  0.735
	  0.023	  0.962	  0.270
	 -0.769	 -0.156	  0.620

4 	  36.79	   4.06	  -2.44
	  0.569	  0.751	 -0.334
	 -0.490	  0.635	  0.597
	  0.661	 -0.177	  0.729

5 	  42.05	   8.56	   5.12
	  0.709	  0.398	  0.581
	 -0.229	 -0.652	  0.723
	  0.668	 -0.644	 -0.372

6 	  49.55	   9.56	   6.79
	  0.852	  0.066	  0.518
	 -0.138	  0.985	  0.100
	 -0.505	 -0.158	  0.849

7 	  37.20	  -6.56	  -1.83
	  0.584	 -0.662	 -0.470
	  0.375	  0.733	 -0.568
	  0.720	  0.156	  0.676

8 	  45.19	  -9.58	   1.44
	  0.987	 -0.146	  0.070
	  0.002	 -0.418	 -0.909
	  0.161	  0.897	 -0.412

9 	  53.30	  -9.54	   0.49
	  0.966	 -0.137	  0.217
	  0.147	  0.988	 -0.033
	 -0.210	  0.064	  0.975

2 	  33.19	  -8.30	  22.80
	  0.973	  0.228	 -0.002
	 -0.229	  0.972	 -0.056
	 -0.009	  0.053	  0.998

3 	  42.63	  -0.79	   0.70
	  0.634	 -0.197	  0.747
	  0.020	  0.971	  0.239
	 -0.773	 -0.137	  0.619

4 	  37.09	   4.08	  -2.48
	  0.577	  0.753	 -0.316
	 -0.503	  0.632	  0.589
	  0.644	 -0.181	  0.743

5 	  42.05	   8.53	   5.31
	  0.684	  0.393	  0.614
	 -0.260	 -0.657	  0.707
	  0.683	 -0.642	 -0.348

6 	  49.43	   9.56	   7.51
	  0.821	  0.070	  0.566
	 -0.150	  0.984	  0.096
	 -0.551	 -0.165	  0.818

7 	  37.62	  -6.80	  -1.58
	  0.632	 -0.677	 -0.376
	  0.389	  0.697	 -0.602
	  0.670	  0.234	  0.704

8 	  45.19	  -9.74	   3.11
	  0.959	 -0.154	  0.236
	  0.135	 -0.484	 -0.864
	  0.247	  0.861	 -0.444

9 	  53.21	  -9.90	   3.81
	  0.905	 -0.139	  0.403
	  0.180	  0.981	 -0.065
	 -0.387	  0.131	  0.913

2 	  33.19	  -8.28	  22.80
	  0.974	  0.228	 -0.002
	 -0.229	  0.972	 -0.056
	 -0.009	  0.054	  0.998

3 	  42.79	  -0.77	   0.86
	  0.628	 -0.178	  0.757
	  0.017	  0.976	  0.216
	 -0.778	 -0.123	  0.616

4 	  37.35	   4.24	  -2.44
	  0.581	  0.765	 -0.277
	 -0.528	  0.612	  0.588
	  0.621	 -0.196	  0.759

5 	  41.80	   8.56	   5.75
	  0.635	  0.387	  0.668
	 -0.303	 -0.672	  0.675
	  0.712	 -0.630	 -0.311

6 	  48.99	   9.60	   8.61
	  0.770	  0.070	  0.634
	 -0.167	  0.981	  0.094
	 -0.616	 -0.180	  0.767

7 	  37.95	  -6.96	  -1.39
	  0.660	 -0.693	 -0.288
	  0.422	  0.660	 -0.622
	  0.622	  0.289	  0.728

8 	  44.86	  -9.84	   4.52
	  0.907	 -0.170	  0.384
	  0.244	 -0.531	 -0.811
	  0.342	  0.829	 -0.441

9 	  52.65	 -10.28	   6.59
	  0.823	 -0.144	  0.548
	  0.225	  0.971	 -0.082
	 -0.522	  0.190	  0.831

2 	  33.19	  -8.30	  22.80
	  0.974	  0.228	 -0.002
	 -0.229	  0.972	 -0.055
	 -0.009	  0.053	  0.998

3 	  42.89	  -0.72	   1.02
	  0.620	 -0.162	  0.767
	  0.013	  0.980	  0.197
	 -0.785	 -0.113	  0.609

4 	  37.62	   4.48	  -2.37
	  0.579	  0.782	 -0.230
	 -0.554	  0.584	  0.593
	  0.599	 -0.216	  0.771

5 	  41.41	   8.61	   6.31
	  0.570	  0.379	  0.729
	 -0.339	 -0.701	  0.627
	  0.751	 -0.602	 -0.271

6 	  48.30	   9.72	   9.88
	  0.709	  0.073	  0.701
	 -0.202	  0.974	  0.102
	 -0.676	 -0.214	  0.705

7 	  38.20	  -7.07	  -1.20
	  0.678	 -0.705	 -0.208
	  0.460	  0.626	 -0.630
	  0.574	  0.331	  0.748

8 	  44.26	  -9.95	   5.75
	  0.836	 -0.191	  0.514
	  0.337	 -0.561	 -0.756
	  0.433	  0.805	 -0.405

9 	  51.63	 -10.60	   9.14
	  0.728	 -0.146	  0.669
	  0.263	  0.961	 -0.077
	 -0.634	  0.231	  0.738

2 	  33.19	  -8.30	  22.80
	  0.974	  0.228	 -0.002
	 -0.229	  0.972	 -0.056
	 -0.009	  0.053	  0.998

3 	  42.98	  -0.67	   1.18
	  0.611	 -0.149	  0.777
	  0.012	  0.984	  0.179
	 -0.792	 -0.101	  0.602

4 	  37.86	   4.82	  -2.14
	  0.581	  0.802	 -0.137
	 -0.597	  0.533	  0.599
	  0.554	 -0.266	  0.788

5 	  40.57	   8.46	   7.14
	  0.459	  0.341	  0.820
	 -0.401	 -0.746	  0.532
	  0.795	 -0.571	 -0.205

6 	  46.93	   9.47	  11.83
	  0.599	  0.051	  0.799
	 -0.242	  0.963	  0.119
	 -0.764	 -0.265	  0.588

7 	  38.37	  -7.07	  -1.05
	  0.687	 -0.715	 -0.125
	  0.504	  0.593	 -0.628
	  0.524	  0.368	  0.767

8 	  43.58	  -9.91	   6.73
	  0.754	 -0.189	  0.629
	  0.427	 -0.587	 -0.687
	  0.500	  0.786	 -0.363

9 	  50.36	 -10.71	  11.29
	  0.623	 -0.141	  0.769
	  0.300	  0.951	 -0.067
	 -0.724	  0.271	  0.634

2 	  33.19	  -8.28	  22.80
	  0.974	  0.228	 -0.003
	 -0.229	  0.972	 -0.055
	 -0.008	  0.053	  0.998

3 	  43.08	  -0.58	   1.37
	  0.593	 -0.148	  0.791
	  0.013	  0.985	  0.174
	 -0.805	 -0.093	  0.585

4 	  38.18	   5.15	  -1.83
	  0.576	  0.816	 -0.053
	 -0.635	  0.486	  0.600
	  0.517	 -0.312	  0.797

5 	  40.04	   8.31	   7.82
	  0.363	  0.308	  0.879
	 -0.426	 -0.785	  0.449
	  0.830	 -0.537	 -0.153

6 	  45.84	   9.46	  13.24
