% Calibrated with leiden_pols
% Positions are in centimeters
Data =[
 2    96.500   -20.075    59.076
 2    -0.193    -0.981     0.003
 2     0.980    -0.192     0.034
 2    -0.034     0.009     0.999
 3   131.208    -5.615     1.095
 3     0.467     0.053    -0.883
 3    -0.272     0.958    -0.087
 3     0.841     0.280     0.461
 4   117.621    14.063    -9.504
 4     0.518    -0.844     0.142
 4     0.832     0.457    -0.314
 4     0.199     0.280     0.939
 5   117.986    22.202    21.740
 5     0.310    -0.327     0.894
 5     0.180    -0.902    -0.391
 5     0.933     0.281    -0.220
 6   134.204    23.147    43.633
 6     0.437    -0.377    -0.818
 6     0.050     0.917    -0.394
 6     0.898     0.130     0.419
 7   117.052   -25.684    -6.754
 7     0.317     0.899     0.303
 7    -0.846     0.123     0.519
 7     0.429    -0.421     0.799
 8   118.653   -29.335    21.122
 8     0.219     0.326     0.920
 8    -0.110    -0.928     0.354
 8     0.969    -0.178    -0.167
 9   132.916   -31.644    49.012
 9     0.362     0.498    -0.791
 9    -0.007     0.847     0.528
 9     0.932    -0.185     0.308
 2    96.498   -20.076    59.079
 2    -0.193    -0.981     0.003
 2     0.980    -0.192     0.035
 2    -0.035     0.009     0.999
 3   131.218    -5.614     1.135
 3     0.464     0.054    -0.884
 3    -0.273     0.958    -0.085
 3     0.843     0.280     0.459
 4   117.651    14.115    -9.510
 4     0.518    -0.844     0.140
 4     0.831     0.458    -0.315
 4     0.201     0.279     0.939
 5   117.992    22.256    21.731
 5     0.309    -0.325     0.895
 5     0.180    -0.903    -0.389
 5     0.934     0.280    -0.220
 6   134.151    23.198    43.732
 6     0.436    -0.383    -0.815
 6     0.050     0.914    -0.401
 6     0.898     0.133     0.417
 7   116.954   -25.635    -6.705
 7     0.312     0.901     0.303
 7    -0.847     0.120     0.517
 7     0.430    -0.418     0.801
 8   118.501   -29.337    21.199
 8     0.219     0.326     0.920
 8    -0.111    -0.928     0.354
 8     0.969    -0.179    -0.166
 9   132.842   -31.593    49.064
 9     0.361     0.502    -0.789
 9    -0.007     0.844     0.533
 9     0.932    -0.186     0.307
 2    96.498   -20.076    59.079
 2    -0.193    -0.981     0.003
 2     0.980    -0.193     0.035
 2    -0.035     0.009     0.999
 3   131.226    -5.563     1.148
 3     0.458     0.055    -0.887
 3    -0.274     0.958    -0.083
 3     0.845     0.281     0.453
 4   117.706    14.167    -9.515
 4     0.518    -0.844     0.138
 4     0.830     0.458    -0.316
 4     0.203     0.278     0.938
 5   117.942    22.256    21.832
 5     0.308    -0.328     0.894
 5     0.180    -0.902    -0.391
 5     0.934     0.279    -0.219
 6   134.156    23.249    43.724
 6     0.435    -0.385    -0.815
 6     0.048     0.913    -0.403
 6     0.899     0.135     0.416
 7   116.956   -25.584    -6.760
 7     0.311     0.901     0.302
 7    -0.847     0.119     0.517
 7     0.431    -0.416     0.801
 8   118.550   -29.289    21.200
 8     0.218     0.328     0.920
 8    -0.112    -0.928     0.356
 8     0.969    -0.180    -0.165
 9   132.799   -31.642    49.106
 9     0.360     0.504    -0.788
 9    -0.007     0.843     0.534
 9     0.933    -0.186     0.306
 2    96.500   -20.075    59.076
 2    -0.193    -0.981     0.003
 2     0.980    -0.192     0.034
 2    -0.034     0.009     0.999
 3   131.180    -5.537     1.193
 3     0.456     0.054    -0.888
 3    -0.274     0.958    -0.083
 3     0.846     0.281     0.452
 4   117.811    14.195    -9.418
 4     0.517    -0.845     0.135
 4     0.831     0.457    -0.317
 4     0.205     0.276     0.939
 5   117.942    22.255    21.885
 5     0.307    -0.327     0.895
 5     0.179    -0.903    -0.390
 5     0.934     0.279    -0.218
 6   134.104    23.249    43.823
 6     0.435    -0.388    -0.813
 6     0.047     0.911    -0.407
 6     0.899     0.138     0.415
 7   116.955   -25.534    -6.709
 7     0.310     0.902     0.300
 7    -0.848     0.119     0.517
 7     0.431    -0.414     0.802
 8   118.474   -29.215    21.251
 8     0.218     0.330     0.919
 8    -0.113    -0.927     0.358
 8     0.969    -0.180    -0.163
 9   132.799   -31.643    49.131
 9     0.360     0.505    -0.788
 9    -0.008     0.843     0.535
 9     0.933    -0.185     0.306
 2    96.500   -20.126    59.076
 2    -0.193    -0.981     0.003
 2     0.980    -0.192     0.034
 2    -0.034     0.009     0.999
 3   131.185    -5.535     1.290
 3     0.456     0.055    -0.889
 3    -0.274     0.958    -0.081
 3     0.847     0.280     0.451
 4   117.719    14.248    -9.401
 4     0.516    -0.846     0.133
 4     0.831     0.456    -0.318
 4     0.208     0.274     0.939
 5   117.866    22.256    21.908
 5     0.307    -0.324     0.896
 5     0.179    -0.904    -0.387
 5     0.934     0.278    -0.219
 6   134.102    23.274    43.848
 6     0.435    -0.391    -0.812
 6     0.046     0.910    -0.411
 6     0.899     0.140     0.414
 7   116.960   -25.535    -6.664
 7     0.306     0.904     0.298
 7    -0.848     0.117     0.517
 7     0.433    -0.411     0.802
 8   118.474   -29.268    21.252
 8     0.217     0.330     0.919
 8    -0.114    -0.926     0.358
 8     0.969    -0.181    -0.163
 9   132.751   -31.693    49.184
 9     0.359     0.510    -0.785
 9    -0.008     0.839     0.541
 9     0.933    -0.187     0.304
 2    96.500   -20.075    59.076
 2    -0.193    -0.981     0.003
 2     0.980    -0.192     0.034
 2    -0.034     0.009     0.999
 3   131.161    -5.561     1.341
 3     0.455     0.056    -0.889
 3    -0.274     0.958    -0.080
 3     0.847     0.279     0.451
 4   117.708    14.145    -9.377
 4     0.509    -0.853     0.116
 4     0.828     0.447    -0.337
 4     0.235     0.268     0.934
 5   118.529    22.287    22.074
 5     0.356    -0.292     0.888
 5     0.207    -0.902    -0.377
 5     0.911     0.317    -0.261
 6   136.515    24.150    42.214
 6     0.522    -0.363    -0.773
 6     0.070     0.920    -0.384
 6     0.850     0.146     0.505
 7   116.919   -25.844    -6.449
 7     0.319     0.907     0.276
 7    -0.835     0.130     0.535
 7     0.449    -0.401     0.798
 8   121.095   -29.844    22.436
 8     0.346     0.323     0.881
 8    -0.135    -0.912     0.385
 8     0.928    -0.252    -0.271
 9   139.206   -32.614    46.904
 9     0.474     0.434    -0.769
 9    -0.025     0.876     0.478
 9     0.880    -0.208     0.425
 2    96.550   -20.075    59.076
 2    -0.193    -0.981     0.004
 2     0.980    -0.192     0.034
 2    -0.034     0.009     0.999
 3   130.900    -5.791     1.114
 3     0.477     0.058    -0.877
 3    -0.266     0.960    -0.081
 3     0.838     0.272     0.473
 4   117.286    13.832    -9.634
 4     0.514    -0.849     0.127
 4     0.827     0.451    -0.334
 4     0.226     0.277     0.934
 5   122.741    23.898    21.598
 5     0.553    -0.192     0.811
 5     0.291    -0.868    -0.402
 5     0.780     0.458    -0.425
 6   144.865    26.094    35.343
 6     0.750    -0.196    -0.632
 6     0.100     0.977    -0.186
 6     0.653     0.076     0.752
 7   116.688   -25.929    -6.197
 7     0.370     0.884     0.287
 7    -0.807     0.152     0.571
 7     0.461    -0.442     0.769
 8   125.941   -30.808    22.618
 8     0.584     0.216     0.783
 8    -0.183    -0.904     0.385
 8     0.791    -0.368    -0.488
 9   148.972   -33.286    39.816
 9     0.712     0.339    -0.616
 9    -0.039     0.894     0.445
 9     0.701    -0.294     0.650
 2    96.500   -20.075    59.076
 2    -0.193    -0.981     0.003
 2     0.980    -0.192     0.034
 2    -0.034     0.009     0.999
 3   130.934    -5.978     0.765
 3     0.491     0.067    -0.869
 3    -0.268     0.960    -0.078
 3     0.828     0.271     0.489
 4   117.292    13.454    -9.987
 4     0.535    -0.833     0.143
 4     0.819     0.470    -0.328
 4     0.206     0.292     0.934
 5   126.886    24.475    20.374
 5     0.700    -0.109     0.706
 5     0.314    -0.841    -0.439
 5     0.641     0.530    -0.555
