% Calibrated with leiden_pols
% Positions are in centimeters
Data =[
 2    96.500   -20.075    59.076
 2    -0.193    -0.981     0.003
 2     0.980    -0.192     0.034
 2    -0.034     0.009     0.999
 3   131.208    -5.615     1.095
 3     0.467     0.053    -0.883
 3    -0.272     0.958    -0.087
 3     0.841     0.280     0.461
 4   117.621    14.063    -9.504
 4     0.518    -0.844     0.142
 4     0.832     0.457    -0.314
 4     0.199     0.280     0.939
 5   117.986    22.202    21.740
 5     0.310    -0.327     0.894
 5     0.180    -0.902    -0.391
 5     0.933     0.281    -0.220
 6   134.204    23.147    43.633
 6     0.437    -0.377    -0.818
 6     0.050     0.917    -0.394
 6     0.898     0.130     0.419
 7   117.052   -25.684    -6.754
 7     0.317     0.899     0.303
 7    -0.846     0.123     0.519
 7     0.429    -0.421     0.799
 8   118.653   -29.335    21.122
 8     0.219     0.326     0.920
 8    -0.110    -0.928     0.354
 8     0.969    -0.178    -0.167
 9   132.916   -31.644    49.012
 9     0.362     0.498    -0.791
 9    -0.007     0.847     0.528
 9     0.932    -0.185     0.308
 2    96.498   -20.076    59.079
 2    -0.193    -0.981     0.003
 2     0.980    -0.192     0.035
 2    -0.035     0.009     0.999
 3   131.218    -5.614     1.135
 3     0.464     0.054    -0.884
 3    -0.273     0.958    -0.085
 3     0.843     0.280     0.459
 4   117.651    14.115    -9.510
 4     0.518    -0.844     0.140
 4     0.831     0.458    -0.315
 4     0.201     0.279     0.939
 5   117.992    22.256    21.731
 5     0.309    -0.325     0.895
 5     0.180    -0.903    -0.389
 5     0.934     0.280    -0.220
 6   134.151    23.198    43.732
 6     0.436    -0.383    -0.815
 6     0.050     0.914    -0.401
 6     0.898     0.133     0.417
 7   116.954   -25.635    -6.705
 7     0.312     0.901     0.303
 7    -0.847     0.120     0.517
 7     0.430    -0.418     0.801
 8   118.501   -29.337    21.199
 8     0.219     0.326     0.920
 8    -0.111    -0.928     0.354
 8     0.969    -0.179    -0.166
 9   132.842   -31.593    49.064
 9     0.361     0.502    -0.789
 9    -0.007     0.844     0.533
 9     0.932    -0.186     0.307
 2    96.498   -20.076    59.079
 2    -0.193    -0.981     0.003
 2     0.980    -0.193     0.035
 2    -0.035     0.009     0.999
 3   131.226    -5.563     1.148
 3     0.458     0.055    -0.887
 3    -0.274     0.958    -0.083
 3     0.845     0.281     0.453
 4   117.706    14.167    -9.515
 4     0.518    -0.844     0.138
 4     0.830     0.458    -0.316
 4     0.203     0.278     0.938
 5   117.942    22.256    21.832
 5     0.308    -0.328     0.894
 5     0.180    -0.902    -0.391
 5     0.934     0.279    -0.219
 6   134.156    23.249    43.724
 6     0.435    -0.385    -0.815
 6     0.048     0.913    -0.403
 6     0.899     0.135     0.416
 7   116.956   -25.584    -6.760
 7     0.311     0.901     0.302
 7    -0.847     0.119     0.517
 7     0.431    -0.416     0.801
 8   118.550   -29.289    21.200
 8     0.218     0.328     0.920
 8    -0.112    -0.928     0.356
 8     0.969    -0.180    -0.165
 9   132.799   -31.642    49.106
 9     0.360     0.504    -0.788
 9    -0.007     0.843     0.534
 9     0.933    -0.186     0.306
 2    96.500   -20.075    59.076
 2    -0.193    -0.981     0.003
 2     0.980    -0.192     0.034
 2    -0.034     0.009     0.999
 3   131.180    -5.537     1.193
 3     0.456     0.054    -0.888
 3    -0.274     0.958    -0.083
 3     0.846     0.281     0.452
 4   117.811    14.195    -9.418
 4     0.517    -0.845     0.135
 4     0.831     0.457    -0.317
 4     0.205     0.276     0.939
 5   117.942    22.255    21.885
 5     0.307    -0.327     0.895
 5     0.179    -0.903    -0.390
 5     0.934     0.279    -0.218
 6   134.104    23.249    43.823
 6     0.435    -0.388    -0.813
 6     0.047     0.911    -0.407
 6     0.899     0.138     0.415
 7   116.955   -25.534    -6.709
 7     0.310     0.902     0.300
 7    -0.848     0.119     0.517
 7     0.431    -0.414     0.802
 8   118.474   -29.215    21.251
 8     0.218     0.330     0.919
 8    -0.113    -0.927     0.358
 8     0.969    -0.180    -0.163
 9   132.799   -31.643    49.131
 9     0.360     0.505    -0.788
 9    -0.008     0.843     0.535
 9     0.933    -0.185     0.306
 2    96.500   -20.126    59.076
 2    -0.193    -0.981     0.003
 2     0.980    -0.192     0.034
 2    -0.034     0.009     0.999
 3   131.185    -5.535     1.290
 3     0.456     0.055    -0.889
 3    -0.274     0.958    -0.081
 3     0.847     0.280     0.451
 4   117.719    14.248    -9.401
 4     0.516    -0.846     0.133
 4     0.831     0.456    -0.318
 4     0.208     0.274     0.939
 5   117.866    22.256    21.908
 5     0.307    -0.324     0.896
 5     0.179    -0.904    -0.387
 5     0.934     0.278    -0.219
 6   134.102    23.274    43.848
 6     0.435    -0.391    -0.812
 6     0.046     0.910    -0.411
 6     0.899     0.140     0.414
 7   116.960   -25.535    -6.664
 7     0.306     0.904     0.298
 7    -0.848     0.117     0.517
 7     0.433    -0.411     0.802
 8   118.474   -29.268    21.252
 8     0.217     0.330     0.919
 8    -0.114    -0.926     0.358
 8     0.969    -0.181    -0.163
 9   132.751   -31.693    49.184
 9     0.359     0.510    -0.785
 9    -0.008     0.839     0.541
 9     0.933    -0.187     0.304
 2    96.500   -20.075    59.076
 2    -0.193    -0.981     0.003
 2     0.980    -0.192     0.034
 2    -0.034     0.009     0.999
 3   131.161    -5.561     1.341
 3     0.455     0.056    -0.889
 3    -0.274     0.958    -0.080
 3     0.847     0.279     0.451
 4   117.708    14.145    -9.377
 4     0.509    -0.853     0.116
 4     0.828     0.447    -0.337
 4     0.235     0.268     0.934
 5   118.529    22.287    22.074
 5     0.356    -0.292     0.888
 5     0.207    -0.902    -0.377
 5     0.911     0.317    -0.261
 6   136.515    24.150    42.214
 6     0.522    -0.363    -0.773
 6     0.070     0.920    -0.384
 6     0.850     0.146     0.505
 7   116.919   -25.844    -6.449
 7     0.319     0.907     0.276
 7    -0.835     0.130     0.535
 7     0.449    -0.401     0.798
 8   121.095   -29.844    22.436
 8     0.346     0.323     0.881
 8    -0.135    -0.912     0.385
 8     0.928    -0.252    -0.271
 9   139.206   -32.614    46.904
 9     0.474     0.434    -0.769
 9    -0.025     0.876     0.478
 9     0.880    -0.208     0.425
 2    96.550   -20.075    59.076
 2    -0.193    -0.981     0.004
 2     0.980    -0.192     0.034
 2    -0.034     0.009     0.999
 3   130.900    -5.791     1.114
 3     0.477     0.058    -0.877
 3    -0.266     0.960    -0.081
 3     0.838     0.272     0.473
 4   117.286    13.832    -9.634
 4     0.514    -0.849     0.127
 4     0.827     0.451    -0.334
 4     0.226     0.277     0.934
 5   122.741    23.898    21.598
 5     0.553    -0.192     0.811
 5     0.291    -0.868    -0.402
 5     0.780     0.458    -0.425
 6   144.865    26.094    35.343
 6     0.750    -0.196    -0.632
 6     0.100     0.977    -0.186
 6     0.653     0.076     0.752
 7   116.688   -25.929    -6.197
 7     0.370     0.884     0.287
 7    -0.807     0.152     0.571
 7     0.461    -0.442     0.769
 8   125.941   -30.808    22.618
 8     0.584     0.216     0.783
 8    -0.183    -0.904     0.385
 8     0.791    -0.368    -0.488
 9   148.972   -33.286    39.816
 9     0.712     0.339    -0.616
 9    -0.039     0.894     0.445
 9     0.701    -0.294     0.650
 2    96.500   -20.075    59.076
 2    -0.193    -0.981     0.003
 2     0.980    -0.192     0.034
 2    -0.034     0.009     0.999
 3   130.934    -5.978     0.765
 3     0.491     0.067    -0.869
 3    -0.268     0.960    -0.078
 3     0.828     0.271     0.489
 4   117.292    13.454    -9.987
 4     0.535    -0.833     0.143
 4     0.819     0.470    -0.328
 4     0.206     0.292     0.934
 5   126.886    24.475    20.374
 5     0.700    -0.109     0.706
 5     0.314    -0.841    -0.439
 5     0.641     0.530    -0.555
 6   150.121    26.418    28.874
 6     0.874    -0.148    -0.463
 6     0.099     0.987    -0.129
 6     0.476     0.066     0.877
 7   116.769   -26.101    -6.448
 7     0.411     0.864     0.293
 7    -0.797     0.184     0.574
 7     0.442    -0.469     0.764
 8   129.846   -31.612    21.096
 8     0.729     0.152     0.668
 8    -0.205    -0.882     0.422
 8     0.653    -0.445    -0.612
 9   154.775   -34.060    32.606
 9     0.833     0.261    -0.489
 9    -0.066     0.922     0.380
 9     0.550    -0.285     0.785
 2    96.500   -20.075    59.076
 2    -0.193    -0.981     0.003
 2     0.980    -0.192     0.034
 2    -0.034     0.009     0.999
 3   130.844    -6.112     0.713
 3     0.495     0.075    -0.865
 3    -0.273     0.959    -0.073
 3     0.824     0.272     0.495
 4   117.220    13.288    -9.982
 4     0.550    -0.822     0.150
 4     0.812     0.484    -0.325
 4     0.195     0.300     0.933
 5   129.299    23.943    19.418
 5     0.788    -0.059     0.613
 5     0.297    -0.836    -0.461
 5     0.539     0.546    -0.642
 6   153.089    24.998    24.127
 6     0.939    -0.104    -0.327
 6     0.063     0.989    -0.136
 6     0.337     0.106     0.935
 7   116.745   -25.980    -6.633
 7     0.454     0.839     0.299
 7    -0.790     0.224     0.570
 7     0.411    -0.495     0.765
 8   132.416   -32.270    19.071
 8     0.809     0.121     0.576
 8    -0.215    -0.851     0.478
 8     0.547    -0.511    -0.663
 9   158.390   -33.984    26.444
 9     0.902     0.188    -0.389
 9    -0.069     0.951     0.302
 9     0.426    -0.246     0.870
 2    96.498   -20.076    59.079
 2    -0.193    -0.981     0.003
 2     0.980    -0.192     0.035
 2    -0.035     0.009     0.999
 3   130.656    -6.237     0.793
 3     0.511     0.086    -0.855
 3    -0.288     0.954    -0.077
 3     0.809     0.285     0.512
 4   116.645    13.269    -9.773
 4     0.564    -0.803     0.192
 4     0.806     0.486    -0.338
 4     0.178     0.345     0.921
 5   131.589    23.113    18.041
 5     0.858     0.005     0.513
 5     0.280    -0.842    -0.460
 5     0.429     0.539    -0.724
 6   155.158    23.860    18.936
 6     0.981    -0.068    -0.183
 6     0.041     0.988    -0.151
 6     0.191     0.140     0.971
 7   116.909   -25.702    -6.679
 7     0.498     0.810     0.310
 7    -0.778     0.259     0.572
 7     0.384    -0.526     0.759
 8   134.523   -32.226    17.434
 8     0.868     0.082     0.490
 8    -0.208    -0.835     0.508
 8     0.450    -0.543    -0.709
 9   161.004   -33.276    20.604
 9     0.956     0.124    -0.266
 9    -0.054     0.965     0.256
 9     0.288    -0.230     0.929
 2    96.500   -20.075    59.076
 2    -0.193    -0.981     0.003
 2     0.980    -0.192     0.034
 2    -0.034     0.009     0.999
 3   130.606    -6.187     0.794
 3     0.511     0.088    -0.855
 3    -0.289     0.954    -0.074
 3     0.809     0.285     0.513
 4   116.283    13.007   -10.026
 4     0.573    -0.791     0.217
 4     0.807     0.498    -0.315
 4     0.141     0.355     0.924
 5   132.754    22.737    16.708
 5     0.892     0.023     0.452
 5     0.265    -0.836    -0.481
 5     0.366     0.549    -0.751
 6   156.101    22.851    15.528
 6     0.993    -0.027    -0.112
 6     0.010     0.989    -0.145
 6     0.114     0.143     0.983
 7   116.920   -25.824    -6.849
 7     0.542     0.770     0.337
 7    -0.771     0.297     0.563
 7     0.333    -0.565     0.755
 8   136.321   -32.616    15.246
 8     0.910     0.049     0.411
 8    -0.206    -0.808     0.551
 8     0.359    -0.587    -0.726
 9   163.044   -32.437    14.190
 9     0.987     0.051    -0.151
 9    -0.029     0.988     0.149
 9     0.156    -0.143     0.977
 2    96.500   -20.126    59.076
 2    -0.193    -0.981     0.003
 2     0.980    -0.192     0.034
 2    -0.034     0.009     0.999
 3   130.507    -6.188     0.743
 3     0.511     0.090    -0.855
 3    -0.290     0.954    -0.073
 3     0.809     0.285     0.513
 4   115.488    12.719   -10.262
 4     0.582    -0.771     0.261
 4     0.807     0.506    -0.304
 4     0.103     0.387     0.916
 5   134.161    22.330    14.517
 5     0.930     0.045     0.365
 5     0.244    -0.819    -0.519
 5     0.276     0.572    -0.773
 6   157.065    21.292    10.854
 6     0.999     0.027    -0.021
 6    -0.029     0.991    -0.127
 6     0.018     0.128     0.991
 7   116.974   -25.619    -7.053
 7     0.588     0.719     0.372
 7    -0.760     0.334     0.557
 7     0.276    -0.610     0.743
 8   138.152   -32.349    12.464
 8     0.949     0.000     0.315
 8    -0.192    -0.793     0.577
 8     0.250    -0.609    -0.753
 9   164.220   -31.232     7.365
 9     1.000     0.005    -0.006
 9    -0.005     0.996     0.089
 9     0.007    -0.090     0.996
 2    96.500   -20.126    59.076
 2    -0.193    -0.981     0.003
 2     0.980    -0.192     0.034
 2    -0.034     0.009     0.999
 3   130.378    -6.139     0.646
 3     0.511     0.090    -0.855
 3    -0.291     0.954    -0.073
 3     0.808     0.286     0.514
 4   114.892    12.314   -10.562
 4     0.599    -0.741     0.306
 4     0.799     0.527    -0.288
 4     0.052     0.416     0.907
 5   135.593    22.167    11.753
 5     0.957     0.083     0.277
 5     0.232    -0.793    -0.563
 5     0.172     0.603    -0.779
 6   157.615    20.121     5.176
 6     0.993     0.074     0.092
 6    -0.065     0.993    -0.098
 6    -0.099     0.092     0.991
 7   116.860   -25.606    -7.319
 7     0.636     0.648     0.419
 7    -0.746     0.378     0.548
 7     0.197    -0.661     0.723
 8   139.546   -32.481     9.216
 8     0.975    -0.062     0.210
 8    -0.181    -0.768     0.614
 8     0.123    -0.638    -0.761
 9   164.480   -30.111    -1.192
 9     0.983    -0.043     0.181
 9     0.035     0.998     0.040
 9    -0.182    -0.036     0.983
 2    96.500   -20.075    59.076
 2    -0.193    -0.981     0.003
 2     0.980    -0.192     0.034
 2    -0.034     0.009     0.999
 3   130.367    -6.243     0.357
 3     0.517     0.094    -0.851
 3    -0.291     0.954    -0.072
 3     0.805     0.285     0.520
 4   114.619    12.045   -10.732
 4     0.613    -0.713     0.342
 4     0.790     0.546    -0.277
 4     0.010     0.439     0.898
 5   136.653    22.256     9.286
 5     0.969     0.137     0.207
 5     0.234    -0.777    -0.584
 5     0.081     0.615    -0.785
 6   157.623    19.567     0.129
 6     0.974     0.101     0.201
 6    -0.086     0.993    -0.077
 6    -0.207     0.061     0.976
 7   116.181   -25.529    -7.562
 7     0.658     0.588     0.472
 7    -0.744     0.406     0.531
 7     0.120    -0.699     0.703
 8   139.603   -32.664     7.034
 8     0.982    -0.109     0.153
 8    -0.183    -0.747     0.639
 8     0.045    -0.655    -0.754
 9   163.221   -28.975    -6.747
 9     0.945    -0.089     0.318
 9     0.086     0.996     0.008
 9    -0.316     0.015     0.948
 2    96.550   -20.075    59.076
 2    -0.193    -0.981     0.004
 2     0.980    -0.193     0.034
 2    -0.034     0.009     0.999
 3   130.241    -6.304     0.040
 3     0.523     0.104    -0.846
 3    -0.297     0.952    -0.067
 3     0.798     0.286     0.529
 4   114.191    11.836   -10.876
 4     0.619    -0.692     0.372
 4     0.785     0.559    -0.266
 4    -0.023     0.456     0.889
 5   136.937    22.116     8.043
 5     0.972     0.158     0.175
 5     0.232    -0.773    -0.590
 5     0.042     0.614    -0.788
 6   157.274    18.615    -2.802
 6     0.956     0.128     0.265
 6    -0.111     0.991    -0.070
 6    -0.271     0.040     0.962
 7   115.971   -25.640    -7.673
 7     0.671     0.543     0.507
 7    -0.739     0.428     0.520
 7     0.065    -0.722     0.687
 8   139.918   -32.895     4.946
 8     0.982    -0.159     0.100
 8    -0.185    -0.731     0.657
 8    -0.031    -0.664    -0.747
 9   162.118   -28.394   -11.123
 9     0.909    -0.095     0.408
 9     0.107     0.994    -0.020
 9    -0.403     0.057     0.913
 2    96.500   -20.075    59.076
 2    -0.193    -0.981     0.004
 2     0.980    -0.193     0.034
 2    -0.034     0.009     0.999
 3   130.200    -6.390    -0.345
 3     0.524     0.115    -0.844
 3    -0.307     0.949    -0.062
 3     0.794     0.291     0.532
 4   113.878    11.670   -10.982
 4     0.631    -0.663     0.405
 4     0.773     0.578    -0.260
 4    -0.061     0.476     0.876
 5   137.850    21.499     5.620
 5     0.975     0.196     0.103
 5     0.218    -0.767    -0.603
 5    -0.040     0.611    -0.791
 6   157.112    18.066    -6.761
 6     0.932     0.135     0.338
 6    -0.113     0.990    -0.076
 6    -0.344     0.036     0.938
 7   115.430   -25.534    -7.988
 7     0.674     0.477     0.566
 7    -0.738     0.466     0.487
 7    -0.031    -0.745     0.665
 8   140.234   -32.786     1.519
 8     0.976    -0.217     0.029
 8    -0.178    -0.707     0.684
 8    -0.128    -0.673    -0.729
 9   160.973   -28.256   -16.977
 9     0.867    -0.073     0.495
 9     0.096     0.995    -0.034
 9    -0.489     0.072     0.868
 2    96.502   -20.074    59.073
 2    -0.193    -0.981     0.005
 2     0.980    -0.192     0.033
 2    -0.033     0.010     0.999
 3   129.973    -6.499    -0.592
 3     0.521     0.127    -0.845
 3    -0.317     0.947    -0.054
 3     0.793     0.295     0.533
 4   113.427    11.499   -11.025
 4     0.644    -0.625     0.444
 4     0.758     0.598    -0.258
 4    -0.104     0.502     0.858
 5   138.402    21.053     3.180
 5     0.971     0.238     0.026
 5     0.203    -0.762    -0.614
 5    -0.126     0.602    -0.789
 6   156.128    17.103   -11.660
 6     0.886     0.150     0.440
 6    -0.131     0.989    -0.065
 6    -0.443     0.004     0.895
 7   114.955   -25.505    -8.186
 7     0.675     0.418     0.609
 7    -0.732     0.487     0.476
 7    -0.098    -0.767     0.634
 8   139.971   -32.846    -0.841
 8     0.961    -0.274    -0.020
 8    -0.182    -0.689     0.702
 8    -0.206    -0.671    -0.712
 9   158.778   -27.952   -22.421
 9     0.804    -0.068     0.592
 9     0.109     0.993    -0.045
 9    -0.584     0.097     0.804
 2    96.504   -20.073    59.069
 2    -0.193    -0.981     0.006
 2     0.980    -0.192     0.032
 2    -0.032     0.011     0.999
 3   129.746    -6.530    -0.916
 3     0.519     0.137    -0.844
 3    -0.322     0.945    -0.045
 3     0.792     0.295     0.534
 4   112.783    11.222   -11.081
 4     0.650    -0.583     0.490
 4     0.745     0.616    -0.255
 4    -0.153     0.530     0.833
 5   138.329    21.396    -0.221
 5     0.950     0.310    -0.042
 5     0.207    -0.723    -0.659
 5    -0.234     0.617    -0.751
 6   153.886    16.033   -17.675
 6     0.812     0.152     0.566
 6    -0.173     0.984    -0.006
 6    -0.557    -0.090     0.824
 7   114.049   -25.386    -8.379
 7     0.660     0.375     0.651
 7    -0.733     0.512     0.447
 7    -0.166    -0.772     0.612
 8   138.850   -33.266    -3.878
 8     0.930    -0.361    -0.070
 8    -0.198    -0.651     0.732
 8    -0.310    -0.667    -0.678
 9   154.545   -28.146   -28.949
 9     0.707    -0.043     0.708
 9     0.113     0.991    -0.063
 9    -0.698     0.123     0.704
 2    96.506   -20.072    59.092
 2    -0.193    -0.981     0.007
 2     0.980    -0.192     0.031
 2    -0.031     0.012     0.999
 3   129.309    -6.459    -1.199
 3     0.523     0.146    -0.840
 3    -0.324     0.945    -0.038
 3     0.788     0.292     0.542
 4   111.815    11.251   -10.921
 4     0.653    -0.534     0.539
 4     0.731     0.629    -0.263
 4    -0.199     0.565     0.800
 5   137.469    21.950    -3.242
 5     0.915     0.391    -0.104
 5     0.221    -0.696    -0.682
 5    -0.339     0.602    -0.724
 6   150.700    16.208   -22.798
 6     0.727     0.131     0.676
 6    -0.187     0.981     0.019
 6    -0.660    -0.139     0.736
 7   112.937   -24.972    -8.279
 7     0.645     0.323     0.693
 7    -0.732     0.520     0.439
 7    -0.219    -0.791     0.571
 8   137.358   -33.682    -5.270
 8     0.886    -0.447    -0.121
 8    -0.243    -0.669     0.701
 8    -0.394    -0.594    -0.702
 9   149.365   -28.396   -33.592
 9     0.578    -0.032     0.816
 9     0.136     0.988    -0.066
 9    -0.804     0.150     0.574
 2    96.505   -20.072    59.066
 2    -0.193    -0.981     0.008
 2     0.980    -0.192     0.031
 2    -0.031     0.013     0.999
 3   128.670    -6.378    -1.913
 3     0.547     0.169    -0.820
 3    -0.329     0.944    -0.025
 3     0.769     0.283     0.572
 4   110.474    11.111   -10.995
 4     0.645    -0.472     0.603
 4     0.718     0.643    -0.265
 4    -0.263     0.602     0.753
 5   135.985    22.296    -6.923
 5     0.862     0.478    -0.169
 5     0.238    -0.674    -0.698
 5    -0.447     0.562    -0.696
 6   146.422    15.929   -28.729
 6     0.615     0.101     0.783
 6    -0.201     0.978     0.038
 6    -0.762    -0.181     0.620
 7   111.386   -25.048    -8.719
 7     0.610     0.241     0.755
 7    -0.730     0.540     0.418
 7    -0.307    -0.806     0.505
 8   135.768   -34.018    -8.525
 8     0.841    -0.516    -0.161
 8    -0.249    -0.633     0.732
 8    -0.479    -0.577    -0.662
 9   144.752   -27.853   -38.644
 9     0.490    -0.002     0.872
 9     0.151     0.984    -0.089
 9    -0.858     0.178     0.481
 2    96.512   -20.070    59.057
 2    -0.193    -0.981     0.008
 2     0.980    -0.192     0.029
 2    -0.028     0.013     0.999
 3   127.931    -6.625    -2.786
 3     0.571     0.189    -0.799
 3    -0.333     0.942    -0.016
 3     0.750     0.276     0.600
 4   108.886    10.532   -11.072
 4     0.629    -0.403     0.666
 4     0.701     0.662    -0.263
 4    -0.335     0.631     0.698
 5   133.906    22.286   -11.239
 5     0.787     0.567    -0.243
 5     0.244    -0.646    -0.722
 5    -0.566     0.511    -0.647
 6   140.769    15.228   -34.575
 6     0.477     0.060     0.878
 6    -0.227     0.971     0.064
 6    -0.849    -0.232     0.473
 7   109.613   -24.896    -8.848
 7     0.571     0.152     0.807
 7    -0.720     0.564     0.403
 7    -0.394    -0.812     0.432
 8   133.287   -33.862   -11.943
 8     0.779    -0.588    -0.222
 8    -0.241    -0.604     0.758
 8    -0.579    -0.538    -0.613
 9   138.699   -27.325   -43.821
 9     0.377     0.027     0.926
 9     0.160     0.982    -0.098
 9    -0.912     0.187     0.365
 2    96.481   -20.009    59.029
 2    -0.201    -0.979     0.011
 2     0.979    -0.201     0.019
 2    -0.018     0.014     1.000
 3   127.308    -6.879    -3.594
 3     0.580     0.224    -0.784
 3    -0.352     0.936     0.006
 3     0.734     0.272     0.621
 4   107.680    10.266   -11.270
 4     0.601    -0.342     0.723
 4     0.692     0.674    -0.257
 4    -0.400     0.654     0.641
 5   131.410    22.791   -15.222
 5     0.690     0.660    -0.302
 5     0.259    -0.611    -0.747
 5    -0.675     0.438    -0.593
 6   133.936    14.328   -39.696
 6     0.297     0.006     0.955
 6    -0.272     0.958     0.081
 6    -0.915    -0.288     0.283
 7   107.644   -24.448    -8.779
 7     0.503     0.087     0.860
 7    -0.725     0.584     0.365
 7    -0.471    -0.807     0.357
 8   130.149   -34.217   -14.708
 8     0.694    -0.672    -0.263
 8    -0.263    -0.573     0.775
 8    -0.670    -0.469    -0.575
 9   130.666   -27.333   -48.144
 9     0.228     0.065     0.971
 9     0.178     0.977    -0.110
 9    -0.957     0.202     0.209
 2    96.482   -20.008    59.026
 2    -0.202    -0.979     0.012
 2     0.979    -0.201     0.018
 2    -0.017     0.014     1.000
 3   126.707    -7.040    -4.218
 3     0.595     0.258    -0.762
 3    -0.375     0.926     0.019
 3     0.710     0.274     0.647
 4   106.210     9.789   -11.496
 4     0.565    -0.284     0.775
 4     0.678     0.694    -0.240
 4    -0.470     0.661     0.584
 5   128.222    22.838   -19.172
 5     0.578     0.732    -0.365
 5     0.263    -0.586    -0.765
 5    -0.773     0.346    -0.531
 6   127.433    13.880   -43.608
 6     0.138    -0.054     0.989
 6    -0.284     0.953     0.093
 6    -0.949    -0.296     0.115
 7   106.068   -24.253    -8.645
 7     0.450     0.041     0.892
 7    -0.724     0.601     0.338
 7    -0.522    -0.798     0.300
 8   127.713   -34.639   -16.336
 8     0.628    -0.721    -0.295
 8    -0.277    -0.558     0.781
 8    -0.727    -0.410    -0.551
 9   124.825   -26.649   -50.454
 9     0.116     0.084     0.990
 9     0.210     0.971    -0.109
 9    -0.971     0.223     0.093
 2    96.485   -20.007    58.973
 2    -0.202    -0.979     0.012
 2     0.979    -0.201     0.018
 2    -0.016     0.014     1.000
 3   125.987    -7.293    -4.941
 3     0.620     0.289    -0.731
 3    -0.382     0.922     0.039
 3     0.685     0.255     0.682
 4   104.928     9.413   -11.608
 4     0.537    -0.246     0.807
 4     0.668     0.707    -0.230
 4    -0.515     0.663     0.543
 5   125.480    22.981   -21.510
 5     0.494     0.772    -0.402
 5     0.275    -0.574    -0.770
 5    -0.824     0.270    -0.496
 6   122.529    13.782   -45.251
 6     0.029    -0.139     0.990
 6    -0.290     0.946     0.142
 6    -0.957    -0.292    -0.014
 7   104.731   -23.837    -8.509
 7     0.408     0.015     0.913
 7    -0.728     0.609     0.314
 7    -0.552    -0.793     0.260
 8   125.674   -34.913   -17.104
 8     0.579    -0.754    -0.313
 8    -0.288    -0.545     0.786
 8    -0.762    -0.366    -0.533
 9   119.492   -25.706   -51.340
 9     0.006     0.124     0.992
 9     0.266     0.956    -0.121
 9    -0.964     0.266    -0.028
 2    96.514   -20.067    59.051
 2    -0.199    -0.980     0.010
 2     0.979    -0.198     0.027
 2    -0.026     0.014     0.999
 3   125.504    -7.228    -5.294
 3     0.632     0.300    -0.716
 3    -0.384     0.922     0.046
 3     0.673     0.245     0.697
 4   104.081     9.394   -11.510
 4     0.514    -0.226     0.827
 4     0.669     0.708    -0.223
 4    -0.536     0.669     0.515
 5   123.855    23.423   -22.378
 5     0.433     0.789    -0.440
 5     0.293    -0.581    -0.758
 5    -0.852     0.199    -0.482
 6   119.091    13.574   -45.418
 6    -0.082    -0.207     0.975
 6    -0.312     0.934     0.172
 6    -0.947    -0.290    -0.141
 7   103.967   -23.732    -8.304
 7     0.381    -0.003     0.924
 7    -0.729     0.614     0.303
 7    -0.568    -0.789     0.232
 8   124.526   -35.226   -17.549
 8     0.540    -0.775    -0.332
 8    -0.293    -0.539     0.789
 8    -0.789    -0.329    -0.518
 9   115.563   -23.886   -51.736
 9    -0.106     0.205     0.973
 9     0.331     0.930    -0.160
 9    -0.938     0.306    -0.167
 2    96.461   -20.017    59.054
 2    -0.199    -0.980     0.010
 2     0.979    -0.198     0.028
 2    -0.027     0.014     0.999
 3   125.100    -7.244    -5.575
 3     0.649     0.309    -0.697
 3    -0.387     0.920     0.046
 3     0.655     0.240     0.716
 4   103.154     9.243   -11.498
 4     0.492    -0.211     0.845
 4     0.666     0.715    -0.210
 4    -0.560     0.667     0.491
 5   122.017    23.273   -23.876
 5     0.376     0.808    -0.456
 5     0.283    -0.566    -0.774
 5    -0.882     0.162    -0.440
 6   116.327    12.723   -46.434
 6    -0.137    -0.239     0.961
 6    -0.335     0.924     0.182
 6    -0.932    -0.297    -0.207
 7   103.345   -23.356    -8.303
 7     0.361    -0.019     0.932
 7    -0.720     0.630     0.292
 7    -0.593    -0.777     0.214
 8   123.559   -34.920   -18.178
 8     0.518    -0.786    -0.339
 8    -0.289    -0.532     0.795
 8    -0.805    -0.314    -0.502
 9   113.962   -23.199   -52.100
 9    -0.137     0.200     0.970
 9     0.343     0.928    -0.143
 9    -0.929     0.314    -0.196
 2    96.467   -20.016    59.049
 2    -0.197    -0.980     0.010
 2     0.980    -0.196     0.027
 2    -0.025     0.014     0.999
 3   124.759    -7.026    -5.773
 3     0.664     0.311    -0.681
 3    -0.385     0.921     0.044
 3     0.641     0.233     0.730
 4   102.620     9.099   -11.528
 4     0.473    -0.201     0.858
 4     0.665     0.719    -0.199
 4    -0.578     0.665     0.473
 5   120.791    23.262   -24.668
 5     0.340     0.819    -0.464
 5     0.285    -0.558    -0.779
 5    -0.896     0.132    -0.422
 6   114.518    12.731   -46.930
 6    -0.171    -0.256     0.951
 6    -0.330     0.925     0.189
 6    -0.928    -0.282    -0.243
 7   102.800   -23.241    -8.146
 7     0.354    -0.039     0.934
 7    -0.713     0.636     0.296
 7    -0.606    -0.771     0.197
 8   122.940   -34.678   -18.441
 8     0.506    -0.790    -0.349
 8    -0.286    -0.532     0.796
 8    -0.813    -0.304    -0.495
 9   112.614   -22.737   -52.219
 9    -0.155     0.205     0.966
 9     0.352     0.925    -0.140
 9    -0.923     0.319    -0.216
 2    96.466   -20.016    59.048
 2    -0.197    -0.980     0.011
 2     0.980    -0.196     0.026
 2    -0.025     0.015     1.000
 3   124.514    -7.163    -5.915
 3     0.668     0.323    -0.672
 3    -0.390     0.919     0.052
 3     0.633     0.227     0.739
 4   102.297     8.962   -11.555
 4     0.468    -0.195     0.862
 4     0.661     0.724    -0.196
 4    -0.586     0.661     0.467
 5   120.169    23.183   -25.019
 5     0.323     0.823    -0.469
 5     0.286    -0.555    -0.780
 5    -0.902     0.118    -0.414
 6   113.642    12.563   -47.112
 6    -0.187    -0.267     0.945
 6    -0.332     0.923     0.194
 6    -0.924    -0.278    -0.261
 7   102.225   -23.128    -7.986
 7     0.334    -0.035     0.942
 7    -0.718     0.638     0.278
 7    -0.611    -0.769     0.188
 8   121.920   -35.123   -18.438
 8     0.486    -0.806    -0.341
 8    -0.302    -0.519     0.799
 8    -0.820    -0.286    -0.495
 9   111.223   -23.242   -52.058
 9    -0.173     0.223     0.959
 9     0.353     0.923    -0.151
 9    -0.919     0.313    -0.238
 2    96.464   -20.067    59.051
 2    -0.197    -0.981     0.011
 2     0.980    -0.196     0.027
 2    -0.026     0.015     0.999
 3   124.192    -7.350    -5.927
 3     0.674     0.334    -0.660
 3    -0.394     0.916     0.060
 3     0.624     0.219     0.749
 4   101.872     8.952   -11.482
 4     0.464    -0.184     0.867
 4     0.657     0.727    -0.198
 4    -0.594     0.662     0.458
 5   119.543    23.188   -25.263
 5     0.305     0.824    -0.480
 5     0.290    -0.558    -0.777
 5    -0.907     0.097    -0.408
 6   112.598    12.796   -47.184
 6    -0.210    -0.273     0.939
 6    -0.327     0.924     0.196
 6    -0.922    -0.265    -0.284
 7   102.064   -23.150    -7.823
 7     0.331    -0.030     0.943
 7    -0.724     0.633     0.274
 7    -0.606    -0.773     0.188
 8   121.813   -35.269   -18.221
 8     0.488    -0.805    -0.342
 8    -0.307    -0.522     0.795
 8    -0.817    -0.283    -0.501
 9   111.244   -23.612   -51.978
 9    -0.169     0.221     0.960
 9     0.343     0.926    -0.153
 9    -0.924     0.304    -0.232
 2    96.460   -20.018    59.057
 2    -0.197    -0.980     0.010
 2     0.980    -0.196     0.029
 2    -0.028     0.015     0.999
 3   124.082    -7.354    -5.961
 3     0.677     0.338    -0.655
 3    -0.396     0.915     0.062
 3     0.620     0.217     0.753
 4   101.916     8.848   -11.527
 4     0.462    -0.183     0.867
 4     0.656     0.728    -0.196
 4    -0.596     0.660     0.457
 5   119.437    23.194   -25.351
 5     0.301     0.825    -0.481
 5     0.293    -0.558    -0.776
 5    -0.907     0.093    -0.408
 6   112.603    12.796   -47.180
 6    -0.211    -0.278     0.937
 6    -0.325     0.924     0.201
 6    -0.922    -0.263    -0.285
 7   101.963   -23.129    -7.821
 7     0.326    -0.021     0.945
 7    -0.725     0.635     0.265
 7    -0.606    -0.772     0.192
 8   121.705   -35.443   -18.110
 8     0.489    -0.807    -0.334
 8    -0.314    -0.517     0.795
 8    -0.813    -0.284    -0.506
 9   111.365   -23.901   -51.788
 9    -0.162     0.236     0.958
 9     0.341     0.924    -0.170
 9    -0.926     0.300    -0.230
 2    96.510   -20.069    59.057
 2    -0.196    -0.981     0.009
 2     0.980    -0.195     0.029
 2    -0.028     0.014     0.999
 3   124.254    -7.522    -5.594
 3     0.671     0.326    -0.668
 3    -0.393     0.917     0.051
 3     0.629     0.227     0.743
 4   102.465     9.000   -11.461
 4     0.481    -0.204     0.853
 4     0.664     0.720    -0.203
 4    -0.573     0.663     0.482
 5   121.200    23.520   -23.904
 5     0.375     0.823    -0.430
 5     0.298    -0.544    -0.784
 5    -0.878     0.165    -0.448
 6   117.397    13.069   -45.880
 6    -0.077    -0.254     0.964
 6    -0.328     0.920     0.216
 6    -0.942    -0.300    -0.154
 7   103.153   -23.409    -7.612
 7     0.386     0.080     0.919
 7    -0.756     0.599     0.265
 7    -0.529    -0.797     0.292
 8   125.297   -36.140   -13.693
 8     0.628    -0.739    -0.248
 8    -0.342    -0.546     0.764
 8    -0.699    -0.396    -0.595
 9   122.324   -26.112   -45.915
 9     0.058     0.144     0.988
 9     0.307     0.938    -0.155
 9    -0.950     0.314     0.010
 2    96.503   -20.073    59.069
 2    -0.196    -0.981     0.006
 2     0.980    -0.195     0.032
 2    -0.032     0.011     0.999
 3   126.014    -7.054    -4.503
 3     0.645     0.269    -0.716
 3    -0.354     0.934     0.031
 3     0.677     0.233     0.697
 4   105.352     9.482   -11.678
 4     0.524    -0.288     0.802
 4     0.685     0.701    -0.196
 4    -0.506     0.652     0.564
 5   127.369    24.252   -19.351
 5     0.571     0.770    -0.288
 5     0.307    -0.522    -0.795
 5    -0.761     0.366    -0.534
 6   130.137    14.690   -42.042
 6     0.208    -0.178     0.962
 6    -0.288     0.928     0.234
 6    -0.935    -0.326     0.141
 7   108.043   -24.658    -8.116
 7     0.522     0.209     0.827
 7    -0.766     0.541     0.346
 7    -0.375    -0.814     0.443
 8   132.754   -35.381    -7.447
 8     0.798    -0.577    -0.177
 8    -0.325    -0.657     0.679
 8    -0.507    -0.485    -0.712
 9   137.834   -27.498   -38.011
 9     0.321     0.005     0.948
 9     0.245     0.964    -0.091
 9    -0.915     0.265     0.305
 2    96.501   -20.074    59.073
 2    -0.195    -0.981     0.004
 2     0.980    -0.194     0.033
 2    -0.033     0.010     0.999
 3   128.446    -6.847    -3.179
 3     0.582     0.181    -0.793
 3    -0.322     0.946    -0.021
 3     0.747     0.267     0.608
 4   109.098    10.403   -11.724
 4     0.595    -0.378     0.710
 4     0.700     0.677    -0.226
 4    -0.396     0.631     0.666
 5   133.612    24.740   -11.608
 5     0.771     0.620    -0.153
 5     0.312    -0.573    -0.756
 5    -0.555     0.536    -0.636
 6   142.355    16.446   -32.522
 6     0.489    -0.053     0.871
 6    -0.267     0.940     0.212
 6    -0.830    -0.338     0.443
 7   111.426   -24.847    -7.792
 7     0.611     0.377     0.696
 7    -0.768     0.493     0.407
 7    -0.190    -0.784     0.591
 8   136.433   -33.750     0.887
 8     0.924    -0.380    -0.021
 8    -0.296    -0.750     0.591
 8    -0.240    -0.541    -0.807
 9   150.762   -27.537   -24.420
 9     0.625    -0.116     0.774
 9     0.196     0.979    -0.020
 9    -0.756     0.165     0.632
 2    96.499   -20.075    59.075
 2    -0.195    -0.981     0.004
 2     0.980    -0.194     0.034
 2    -0.034     0.010     0.999
 3   129.606    -6.310    -1.859
 3     0.544     0.120    -0.831
 3    -0.292     0.955    -0.054
 3     0.787     0.271     0.554
 4   111.162    10.731   -11.738
 4     0.634    -0.480     0.607
 4     0.715     0.661    -0.225
 4    -0.293     0.576     0.762
 5   135.283    25.666    -4.180
 5     0.881     0.470     0.037
 5     0.346    -0.591    -0.729
 5    -0.320     0.655    -0.684
 6   149.734    18.281   -21.902
 6     0.721     0.025     0.693
 6    -0.242     0.944     0.224
 6    -0.650    -0.328     0.685
 7   113.984   -25.425    -7.601
 7     0.648     0.483     0.589
 7    -0.761     0.446     0.471
 7    -0.036    -0.753     0.656
 8   138.104   -32.448     7.130
 8     0.969    -0.210     0.129
 8    -0.246    -0.817     0.521
 8    -0.004    -0.537    -0.844
 9   158.381   -27.860   -11.853
 9     0.836    -0.136     0.535
 9     0.136     0.990     0.027
 9    -0.532     0.046     0.844
 2    96.498   -20.074    59.075
 2    -0.196    -0.981     0.004
 2     0.980    -0.195     0.034
 2    -0.034     0.010     0.999
 3   130.296    -6.306    -1.028
 3     0.511     0.089    -0.855
 3    -0.282     0.957    -0.070
 3     0.812     0.276     0.513
 4   112.899    11.075   -11.800
 4     0.666    -0.551     0.505
 4     0.720     0.649    -0.243
 4    -0.194     0.525     0.828
 5   136.135    25.267     1.111
 5     0.929     0.337     0.154
 5     0.344    -0.632    -0.694
 5    -0.136     0.698    -0.703
 6   154.632    19.809   -12.613
 6     0.872     0.059     0.487
 6    -0.166     0.969     0.187
 6    -0.460    -0.241     0.853
 7   114.870   -25.297    -7.409
 7     0.640     0.570     0.516
 7    -0.765     0.407     0.498
 7     0.074    -0.713     0.696
 8   137.655   -31.454    10.583
 8     0.966    -0.091     0.241
 8    -0.207    -0.833     0.513
 8     0.154    -0.546    -0.824
 9   161.860   -28.419    -1.735
 9     0.956    -0.094     0.280
 9     0.070     0.993     0.083
 9    -0.285    -0.064     0.956
 2    96.449   -20.075    59.076
 2    -0.195    -0.981     0.004
 2     0.980    -0.194     0.034
 2    -0.034     0.009     0.999
 3   130.370    -6.121    -0.731
 3     0.504     0.082    -0.860
 3    -0.278     0.958    -0.072
 3     0.818     0.275     0.505
 4   113.420    11.576   -11.573
 4     0.674    -0.577     0.463
 4     0.724     0.638    -0.261
 4    -0.144     0.510     0.847
 5   136.458    24.439     4.406
 5     0.951     0.244     0.191
 5     0.308    -0.674    -0.671
 5    -0.035     0.697    -0.716
 6   156.307    19.909    -6.870
 6     0.932     0.069     0.355
 6    -0.121     0.984     0.135
 6    -0.340    -0.166     0.925
 7   115.128   -25.301    -7.364
 7     0.631     0.617     0.471
 7    -0.763     0.383     0.520
 7     0.141    -0.687     0.712
 8   137.010   -30.417    12.808
 8     0.952    -0.010     0.305
 8    -0.169    -0.850     0.499
 8     0.254    -0.527    -0.811
 9   162.607   -28.563     4.858
 9     0.992    -0.050     0.116
 9     0.033     0.989     0.138
 9    -0.121    -0.135     0.984
 2    96.449   -20.075    59.076
 2    -0.195    -0.981     0.004
 2     0.980    -0.194     0.034
 2    -0.034     0.009     0.999
 3   130.265    -6.040    -0.402
 3     0.496     0.080    -0.865
 3    -0.277     0.958    -0.071
 3     0.823     0.275     0.497
 4   114.329    11.986   -11.335
 4     0.691    -0.599     0.406
 4     0.718     0.630    -0.295
 4    -0.079     0.495     0.865
 5   136.218    23.927     7.869
 5     0.954     0.130     0.271
 5     0.283    -0.695    -0.661
 5     0.102     0.707    -0.700
 6   157.991    20.205     0.507
 6     0.983     0.082     0.166
 6    -0.101     0.989     0.113
 6    -0.154    -0.125     0.979
 7   115.397   -25.257    -7.249
 7     0.608     0.669     0.429
 7    -0.766     0.349     0.539
 7     0.211    -0.656     0.724
 8   135.943   -29.297    15.130
 8     0.923     0.071     0.376
 8    -0.129    -0.868     0.479
 8     0.360    -0.491    -0.793
 9   162.346   -28.063    12.338
 9     0.998    -0.005    -0.061
 9     0.016     0.981     0.190
 9     0.059    -0.192     0.979
 2    96.497   -20.075    59.028
 2    -0.196    -0.981     0.004
 2     0.980    -0.194     0.035
 2    -0.035     0.009     0.999
 3   130.547    -5.931     0.003
 3     0.469     0.078    -0.880
 3    -0.282     0.957    -0.066
 3     0.837     0.279     0.470
 4   115.565    12.716   -10.750
 4     0.692    -0.638     0.339
 4     0.721     0.612    -0.324
 4    -0.001     0.468     0.883
 5   135.880    23.512    11.650
 5     0.940     0.030     0.340
 5     0.251    -0.736    -0.629
 5     0.231     0.676    -0.699
 6   158.602    21.038     9.020
 6     0.997     0.058    -0.041
 6    -0.056     0.996     0.060
 6     0.044    -0.057     0.997
 7   116.124   -25.155    -7.637
 7     0.578     0.715     0.394
 7    -0.772     0.325     0.545
 7     0.262    -0.619     0.740
 8   134.856   -28.669    16.554
 8     0.854     0.161     0.495
