% Calibrated with leiden_pols
% Positions are in centimeters
Data =[
 2    96.740   -20.028    59.085
 2     0.063    -0.998     0.002
 2     0.997     0.063     0.033
 2    -0.034    -0.001     0.999
 3   130.344    -5.206     0.424
 3     0.523     0.079    -0.849
 3    -0.290     0.952    -0.090
 3     0.801     0.293     0.521
 4   115.212    13.697   -10.382
 4     0.562    -0.784     0.265
 4     0.823     0.496    -0.275
 4     0.084     0.372     0.924
 5   124.845    24.464    18.746
 5     0.563    -0.614     0.555
 5     0.038    -0.650    -0.758
 5     0.825     0.447    -0.342
 6   139.629     2.351    21.679
 6     0.453     0.340    -0.828
 6    -0.891     0.199    -0.404
 6     0.030     0.919     0.390
 7   115.419   -25.385    -7.937
 7     0.362     0.869     0.339
 7    -0.855     0.165     0.490
 7     0.370    -0.467     0.803
 8   123.000   -30.055    20.829
 8     0.546     0.536     0.645
 8     0.025    -0.779     0.626
 8     0.837    -0.326    -0.438
 9   137.658   -11.691    14.402
 9     0.496    -0.846    -0.194
 9     0.803     0.364     0.470
 9    -0.328    -0.389     0.861
 2    96.742   -20.078    59.082
 2     0.063    -0.998     0.002
 2     0.997     0.063     0.032
 2    -0.033     0.000     0.999
 3   130.346    -5.298     0.171
 3     0.537     0.096    -0.838
 3    -0.271     0.960    -0.064
 3     0.798     0.261     0.542
 4   115.114    13.588   -10.532
 4     0.549    -0.800     0.245
 4     0.833     0.498    -0.240
 4     0.070     0.335     0.939
 5   122.909    22.395    19.607
 5     0.542    -0.536     0.649
 5    -0.009    -0.775    -0.631
 5     0.840     0.336    -0.424
 6   139.862     3.022    20.625
 6     0.594     0.362    -0.723
 6    -0.803     0.218    -0.551
 6    -0.040     0.906     0.417
 7   115.202   -25.481    -8.373
 7     0.337     0.887     0.314
 7    -0.878     0.175     0.445
 7     0.340    -0.426     0.838
 8   122.302   -27.818    21.159
 8     0.549     0.468     0.695
 8     0.083    -0.855     0.509
 8     0.831    -0.223    -0.508
 9   138.634   -12.805    13.106
 9     0.572    -0.804    -0.170
 9     0.708     0.379     0.594
 9    -0.414    -0.459     0.786
 2    96.740   -20.028    59.085
 2     0.063    -0.998     0.001
 2     0.997     0.063     0.033
 2    -0.034    -0.001     0.999
 3   130.071    -5.249    -0.084
 3     0.536     0.099    -0.838
 3    -0.273     0.960    -0.062
 3     0.798     0.262     0.541
 4   115.267    13.726   -10.562
 4     0.544    -0.807     0.232
 4     0.835     0.493    -0.244
 4     0.082     0.326     0.942
 5   122.330    21.389    20.072
 5     0.538    -0.495     0.683
 5    -0.032    -0.821    -0.569
 5     0.842     0.284    -0.457
 6   139.873     3.696    19.739
 6     0.641     0.392    -0.665
 6    -0.763     0.231    -0.601
 6    -0.081     0.890     0.444
 7   115.547   -25.479    -8.519
 7     0.342     0.894     0.288
 7    -0.875     0.191     0.445
 7     0.343    -0.404     0.848
 8   121.775   -26.894    21.416
 8     0.523     0.443     0.730
 8     0.096    -0.880     0.464
 8     0.847    -0.171    -0.502
 9   139.430   -14.408    14.076
 9     0.633    -0.749    -0.199
 9     0.639     0.361     0.678
 9    -0.437    -0.555     0.707
 2    96.690   -20.029    59.085
 2     0.063    -0.998     0.001
 2     0.997     0.063     0.033
 2    -0.034    -0.001     0.999
 3   130.003    -5.122    -0.019
 3     0.533     0.098    -0.841
 3    -0.275     0.959    -0.063
 3     0.800     0.265     0.538
 4   115.331    13.910   -10.500
 4     0.538    -0.813     0.223
 4     0.838     0.488    -0.242
 4     0.088     0.317     0.944
 5   121.793    20.871    20.437
 5     0.539    -0.450     0.715
 5    -0.031    -0.856    -0.513
 5     0.842     0.253    -0.474
 6   140.308     4.885    19.959
 6     0.689     0.358    -0.635
 6    -0.715     0.192    -0.670
 6    -0.116     0.914     0.384
 7   115.806   -25.420    -8.468
 7     0.348     0.896     0.275
 7    -0.870     0.199     0.450
 7     0.349    -0.396     0.849
 8   121.714   -26.583    21.479
 8     0.518     0.437     0.737
 8     0.100    -0.885     0.453
 8     0.849    -0.161    -0.501
 9   139.705   -15.620    14.001
 9     0.659    -0.740    -0.135
 9     0.588     0.398     0.703
 9    -0.468    -0.542     0.698
 2    96.743   -20.028    59.082
 2     0.064    -0.998     0.002
 2     0.997     0.064     0.032
 2    -0.033    -0.001     0.999
 3   130.007    -5.070     0.078
 3     0.532     0.097    -0.841
 3    -0.275     0.959    -0.063
 3     0.801     0.264     0.536
 4   115.347    13.916   -10.412
 4     0.536    -0.817     0.214
 4     0.839     0.487    -0.242
 4     0.094     0.309     0.946
 5   121.307    20.304    20.786
 5     0.547    -0.386     0.745
 5    -0.011    -0.891    -0.451
 5     0.837     0.238    -0.491
 6   140.714     7.033    20.073
 6     0.739     0.332    -0.592
 6    -0.654     0.141    -0.742
 6    -0.161     0.932     0.317
 7   115.844   -25.513    -8.345
 7     0.337     0.904     0.264
 7    -0.867     0.189     0.460
 7     0.366    -0.384     0.848
 8   120.470   -26.121    21.709
 8     0.497     0.320     0.808
 8     0.048    -0.939     0.340
 8     0.866    -0.129    -0.481
 9   140.281   -19.764    15.326
 9     0.778    -0.628    -0.004
 9     0.407     0.501     0.763
 9    -0.478    -0.595     0.646
 2    96.740   -20.028    59.084
 2     0.063    -0.998     0.002
 2     0.997     0.064     0.033
 2    -0.034    -0.000     0.999
 3   129.881    -5.122     0.213
 3     0.533     0.103    -0.840
 3    -0.274     0.960    -0.057
 3     0.800     0.260     0.540
 4   115.380    13.841   -10.414
 4     0.537    -0.818     0.206
 4     0.838     0.490    -0.241
 4     0.096     0.302     0.948
 5   121.090    19.741    20.774
 5     0.550    -0.332     0.769
 5     0.013    -0.915    -0.402
 5     0.835     0.230    -0.497
 6   141.178     8.422    20.315
 6     0.783     0.308    -0.545
 6    -0.596     0.124    -0.792
 6    -0.174     0.943     0.277
 7   115.961   -25.562    -8.271
 7     0.325     0.911     0.254
 7    -0.868     0.181     0.462
 7     0.375    -0.371     0.849
 8   120.479   -25.835    21.753
 8     0.488     0.299     0.821
 8     0.044    -0.947     0.316
 8     0.871    -0.118    -0.474
 9   140.930   -21.663    15.955
 9     0.816    -0.578     0.023
 9     0.310     0.471     0.826
 9    -0.488    -0.666     0.563
 2    96.740   -20.028    59.084
 2     0.063    -0.998     0.002
 2     0.997     0.063     0.033
 2    -0.034    -0.000     0.999
 3   129.882    -5.173     0.264
 3     0.533     0.105    -0.839
 3    -0.274     0.960    -0.055
 3     0.800     0.259     0.540
 4   115.385    13.792   -10.520
 4     0.537    -0.819     0.203
 4     0.838     0.489    -0.241
 4     0.098     0.299     0.949
 5   120.839    19.649    20.887
 5     0.556    -0.296     0.779
 5     0.034    -0.926    -0.373
 5     0.831     0.233    -0.504
 6   141.197     9.589    20.020
 6     0.811     0.333    -0.487
 6    -0.550     0.151    -0.820
 6    -0.198     0.930     0.302
 7   116.033   -25.579    -8.175
 7     0.326     0.912     0.249
 7    -0.864     0.180     0.470
 7     0.384    -0.369     0.846
 8   120.130   -25.630    21.811
 8     0.477     0.257     0.841
 8     0.026    -0.960     0.276
 8     0.878    -0.109    -0.464
 9   141.073   -23.733    16.306
 9     0.851    -0.517     0.098
 9     0.220     0.518     0.826
 9    -0.477    -0.681     0.555
 2    96.740   -20.028    59.085
 2     0.063    -0.998     0.001
 2     0.997     0.063     0.033
 2    -0.034    -0.001     0.999
 3   129.774    -5.122     0.324
 3     0.537     0.104    -0.837
 3    -0.272     0.960    -0.055
 3     0.798     0.258     0.543
 4   115.266    13.846   -10.478
 4     0.533    -0.822     0.201
 4     0.840     0.485    -0.242
 4     0.101     0.297     0.949
 5   120.333    19.330    20.942
 5     0.556    -0.198     0.809
 5     0.079    -0.955    -0.285
 5     0.828     0.222    -0.515
