% Calibrated with leiden_pols
% Positions are in centimeters
Data =[
 2    96.740   -20.028    59.085
 2     0.063    -0.998     0.002
 2     0.997     0.063     0.033
 2    -0.034    -0.001     0.999
 3   130.344    -5.206     0.424
 3     0.523     0.079    -0.849
 3    -0.290     0.952    -0.090
 3     0.801     0.293     0.521
 4   115.212    13.697   -10.382
 4     0.562    -0.784     0.265
 4     0.823     0.496    -0.275
 4     0.084     0.372     0.924
 5   124.845    24.464    18.746
 5     0.563    -0.614     0.555
 5     0.038    -0.650    -0.758
 5     0.825     0.447    -0.342
 6   139.629     2.351    21.679
 6     0.453     0.340    -0.828
 6    -0.891     0.199    -0.404
 6     0.030     0.919     0.390
 7   115.419   -25.385    -7.937
 7     0.362     0.869     0.339
 7    -0.855     0.165     0.490
 7     0.370    -0.467     0.803
 8   123.000   -30.055    20.829
 8     0.546     0.536     0.645
 8     0.025    -0.779     0.626
 8     0.837    -0.326    -0.438
 9   137.658   -11.691    14.402
 9     0.496    -0.846    -0.194
 9     0.803     0.364     0.470
 9    -0.328    -0.389     0.861
 2    96.742   -20.078    59.082
 2     0.063    -0.998     0.002
 2     0.997     0.063     0.032
 2    -0.033     0.000     0.999
 3   130.346    -5.298     0.171
 3     0.537     0.096    -0.838
 3    -0.271     0.960    -0.064
 3     0.798     0.261     0.542
 4   115.114    13.588   -10.532
 4     0.549    -0.800     0.245
 4     0.833     0.498    -0.240
 4     0.070     0.335     0.939
 5   122.909    22.395    19.607
 5     0.542    -0.536     0.649
 5    -0.009    -0.775    -0.631
 5     0.840     0.336    -0.424
 6   139.862     3.022    20.625
 6     0.594     0.362    -0.723
 6    -0.803     0.218    -0.551
 6    -0.040     0.906     0.417
 7   115.202   -25.481    -8.373
 7     0.337     0.887     0.314
 7    -0.878     0.175     0.445
 7     0.340    -0.426     0.838
 8   122.302   -27.818    21.159
 8     0.549     0.468     0.695
 8     0.083    -0.855     0.509
 8     0.831    -0.223    -0.508
 9   138.634   -12.805    13.106
 9     0.572    -0.804    -0.170
 9     0.708     0.379     0.594
 9    -0.414    -0.459     0.786
 2    96.740   -20.028    59.085
 2     0.063    -0.998     0.001
 2     0.997     0.063     0.033
 2    -0.034    -0.001     0.999
 3   130.071    -5.249    -0.084
 3     0.536     0.099    -0.838
 3    -0.273     0.960    -0.062
 3     0.798     0.262     0.541
 4   115.267    13.726   -10.562
 4     0.544    -0.807     0.232
 4     0.835     0.493    -0.244
 4     0.082     0.326     0.942
 5   122.330    21.389    20.072
 5     0.538    -0.495     0.683
 5    -0.032    -0.821    -0.569
 5     0.842     0.284    -0.457
 6   139.873     3.696    19.739
 6     0.641     0.392    -0.665
 6    -0.763     0.231    -0.601
 6    -0.081     0.890     0.444
 7   115.547   -25.479    -8.519
 7     0.342     0.894     0.288
 7    -0.875     0.191     0.445
 7     0.343    -0.404     0.848
 8   121.775   -26.894    21.416
 8     0.523     0.443     0.730
 8     0.096    -0.880     0.464
 8     0.847    -0.171    -0.502
 9   139.430   -14.408    14.076
 9     0.633    -0.749    -0.199
 9     0.639     0.361     0.678
 9    -0.437    -0.555     0.707
 2    96.690   -20.029    59.085
 2     0.063    -0.998     0.001
 2     0.997     0.063     0.033
 2    -0.034    -0.001     0.999
 3   130.003    -5.122    -0.019
 3     0.533     0.098    -0.841
 3    -0.275     0.959    -0.063
 3     0.800     0.265     0.538
 4   115.331    13.910   -10.500
 4     0.538    -0.813     0.223
 4     0.838     0.488    -0.242
 4     0.088     0.317     0.944
 5   121.793    20.871    20.437
 5     0.539    -0.450     0.715
 5    -0.031    -0.856    -0.513
 5     0.842     0.253    -0.474
 6   140.308     4.885    19.959
 6     0.689     0.358    -0.635
 6    -0.715     0.192    -0.670
 6    -0.116     0.914     0.384
 7   115.806   -25.420    -8.468
 7     0.348     0.896     0.275
 7    -0.870     0.199     0.450
 7     0.349    -0.396     0.849
 8   121.714   -26.583    21.479
 8     0.518     0.437     0.737
 8     0.100    -0.885     0.453
 8     0.849    -0.161    -0.501
 9   139.705   -15.620    14.001
 9     0.659    -0.740    -0.135
 9     0.588     0.398     0.703
 9    -0.468    -0.542     0.698
 2    96.743   -20.028    59.082
 2     0.064    -0.998     0.002
 2     0.997     0.064     0.032
 2    -0.033    -0.001     0.999
 3   130.007    -5.070     0.078
 3     0.532     0.097    -0.841
 3    -0.275     0.959    -0.063
 3     0.801     0.264     0.536
 4   115.347    13.916   -10.412
 4     0.536    -0.817     0.214
 4     0.839     0.487    -0.242
 4     0.094     0.309     0.946
 5   121.307    20.304    20.786
 5     0.547    -0.386     0.745
 5    -0.011    -0.891    -0.451
 5     0.837     0.238    -0.491
 6   140.714     7.033    20.073
 6     0.739     0.332    -0.592
 6    -0.654     0.141    -0.742
 6    -0.161     0.932     0.317
 7   115.844   -25.513    -8.345
 7     0.337     0.904     0.264
 7    -0.867     0.189     0.460
 7     0.366    -0.384     0.848
 8   120.470   -26.121    21.709
 8     0.497     0.320     0.808
 8     0.048    -0.939     0.340
 8     0.866    -0.129    -0.481
 9   140.281   -19.764    15.326
 9     0.778    -0.628    -0.004
 9     0.407     0.501     0.763
 9    -0.478    -0.595     0.646
 2    96.740   -20.028    59.084
 2     0.063    -0.998     0.002
 2     0.997     0.064     0.033
 2    -0.034    -0.000     0.999
 3   129.881    -5.122     0.213
 3     0.533     0.103    -0.840
 3    -0.274     0.960    -0.057
 3     0.800     0.260     0.540
 4   115.380    13.841   -10.414
 4     0.537    -0.818     0.206
 4     0.838     0.490    -0.241
 4     0.096     0.302     0.948
 5   121.090    19.741    20.774
 5     0.550    -0.332     0.769
 5     0.013    -0.915    -0.402
 5     0.835     0.230    -0.497
 6   141.178     8.422    20.315
 6     0.783     0.308    -0.545
 6    -0.596     0.124    -0.792
 6    -0.174     0.943     0.277
 7   115.961   -25.562    -8.271
 7     0.325     0.911     0.254
 7    -0.868     0.181     0.462
 7     0.375    -0.371     0.849
 8   120.479   -25.835    21.753
 8     0.488     0.299     0.821
 8     0.044    -0.947     0.316
 8     0.871    -0.118    -0.474
 9   140.930   -21.663    15.955
 9     0.816    -0.578     0.023
 9     0.310     0.471     0.826
 9    -0.488    -0.666     0.563
 2    96.740   -20.028    59.084
 2     0.063    -0.998     0.002
 2     0.997     0.063     0.033
 2    -0.034    -0.000     0.999
 3   129.882    -5.173     0.264
 3     0.533     0.105    -0.839
 3    -0.274     0.960    -0.055
 3     0.800     0.259     0.540
 4   115.385    13.792   -10.520
 4     0.537    -0.819     0.203
 4     0.838     0.489    -0.241
 4     0.098     0.299     0.949
 5   120.839    19.649    20.887
 5     0.556    -0.296     0.779
 5     0.034    -0.926    -0.373
 5     0.831     0.233    -0.504
 6   141.197     9.589    20.020
 6     0.811     0.333    -0.487
 6    -0.550     0.151    -0.820
 6    -0.198     0.930     0.302
 7   116.033   -25.579    -8.175
 7     0.326     0.912     0.249
 7    -0.864     0.180     0.470
 7     0.384    -0.369     0.846
 8   120.130   -25.630    21.811
 8     0.477     0.257     0.841
 8     0.026    -0.960     0.276
 8     0.878    -0.109    -0.464
 9   141.073   -23.733    16.306
 9     0.851    -0.517     0.098
 9     0.220     0.518     0.826
 9    -0.477    -0.681     0.555
 2    96.740   -20.028    59.085
 2     0.063    -0.998     0.001
 2     0.997     0.063     0.033
 2    -0.034    -0.001     0.999
 3   129.774    -5.122     0.324
 3     0.537     0.104    -0.837
 3    -0.272     0.960    -0.055
 3     0.798     0.258     0.543
 4   115.266    13.846   -10.478
 4     0.533    -0.822     0.201
 4     0.840     0.485    -0.242
 4     0.101     0.297     0.949
 5   120.333    19.330    20.942
 5     0.556    -0.198     0.809
 5     0.079    -0.955    -0.285
 5     0.828     0.222    -0.515
 6   141.557    12.828    20.006
 6     0.879     0.314    -0.364
 6    -0.424     0.166    -0.890
 6    -0.217     0.935     0.276
 7   116.172   -25.499    -8.203
 7     0.320     0.917     0.238
 7    -0.862     0.178     0.474
 7     0.392    -0.357     0.848
 8   120.003   -25.351    21.715
 8     0.465     0.219     0.859
 8     0.009    -0.970     0.241
 8     0.885    -0.104    -0.452
 9   141.588   -26.950    17.480
 9     0.887    -0.439     0.149
 9     0.088     0.474     0.875
 9    -0.454    -0.763     0.459
 2    96.740   -20.079    59.085
 2     0.063    -0.998     0.001
 2     0.997     0.063     0.033
 2    -0.034    -0.001     0.999
 3   129.771    -5.071     0.330
 3     0.541     0.103    -0.835
 3    -0.270     0.961    -0.057
 3     0.797     0.255     0.547
 4   115.223    13.850   -10.537
 4     0.530    -0.824     0.199
 4     0.841     0.483    -0.242
 4     0.104     0.295     0.950
 5   120.135    19.219    20.942
 5     0.555    -0.147     0.820
 5     0.104    -0.965    -0.241
 5     0.825     0.219    -0.519
 6   141.557    14.428    20.111
 6     0.907     0.301    -0.299
 6    -0.359     0.185    -0.915
 6    -0.219     0.935     0.273
 7   116.229   -25.547    -8.163
 7     0.320     0.918     0.235
 7    -0.861     0.178     0.476
 7     0.395    -0.355     0.847
 8   119.925   -25.349    21.746
 8     0.459     0.204     0.865
 8     0.003    -0.974     0.225
 8     0.888    -0.100    -0.448
 9   141.680   -27.966    17.867
 9     0.892    -0.419     0.170
 9     0.048     0.461     0.886
 9    -0.449    -0.782     0.432
 2    96.740   -20.028    59.085
 2     0.063    -0.998     0.002
 2     0.997     0.063     0.033
 2    -0.034    -0.001     0.999
 3   129.766    -5.071     0.335
 3     0.542     0.102    -0.834
 3    -0.268     0.961    -0.057
 3     0.796     0.255     0.548
 4   115.200    13.800   -10.539
 4     0.528    -0.826     0.197
 4     0.842     0.481    -0.243
 4     0.105     0.294     0.950
 5   119.852    19.010    21.055
 5     0.550    -0.103     0.829
 5     0.126    -0.971    -0.202
 5     0.825     0.215    -0.521
 6   141.524    15.802    20.315
 6     0.929     0.288    -0.234
 6    -0.298     0.217    -0.930
 6    -0.216     0.932     0.284
 7   116.242   -25.545    -8.157
 7     0.315     0.921     0.231
 7    -0.860     0.174     0.479
 7     0.401    -0.349     0.847
 8   119.704   -25.297    21.795
 8     0.452     0.179     0.874
 8    -0.006    -0.979     0.202
 8     0.892    -0.096    -0.441
 9   141.457   -29.614    18.547
 9     0.903    -0.372     0.218
 9    -0.021     0.465     0.884
 9    -0.430    -0.803     0.413
 2    96.742   -20.078    59.082
 2     0.063    -0.998     0.002
 2     0.997     0.063     0.032
 2    -0.033    -0.000     0.999
 3   129.770    -5.069     0.355
 3     0.542     0.102    -0.835
 3    -0.268     0.962    -0.057
 3     0.797     0.255     0.548
 4   115.204    13.804   -10.544
 4     0.523    -0.830     0.193
 4     0.845     0.477    -0.240
 4     0.107     0.289     0.951
 5   119.617    18.954    21.193
 5     0.545    -0.053     0.838
 5     0.150    -0.976    -0.157
 5     0.825     0.211    -0.523
 6   141.320    17.737    20.433
 6     0.951     0.267    -0.159
 6    -0.220     0.228    -0.949
 6    -0.216     0.936     0.273
 7   116.278   -25.544    -8.020
 7     0.307     0.924     0.226
 7    -0.860     0.168     0.481
 7     0.406    -0.342     0.847
 8   119.456   -25.173    21.878
 8     0.445     0.148     0.883
 8    -0.020    -0.984     0.173
 8     0.895    -0.093    -0.435
 9   141.060   -31.552    19.149
 9     0.900    -0.341     0.272
 9    -0.094     0.454     0.885
 9    -0.425    -0.823     0.378
 2    96.740   -20.028    59.085
 2     0.063    -0.998     0.001
 2     0.997     0.063     0.033
 2    -0.034    -0.001     0.999
 3   129.717    -5.071     0.412
 3     0.542     0.102    -0.834
 3    -0.268     0.962    -0.057
 3     0.796     0.254     0.548
 4   115.158    13.806   -10.549
 4     0.521    -0.832     0.193
 4     0.846     0.474    -0.241
 4     0.109     0.288     0.951
 5   119.297    18.823    21.186
 5     0.538     0.006     0.843
 5     0.180    -0.978    -0.107
 5     0.823     0.208    -0.527
 6   140.934    19.955    20.597
 6     0.968     0.243    -0.070
 6    -0.128     0.236    -0.964
 6    -0.216     0.941     0.257
 7   116.221   -25.570    -8.018
 7     0.294     0.929     0.222
 7    -0.861     0.157     0.483
 7     0.414    -0.333     0.847
 8   119.253   -25.099    21.942
 8     0.440     0.113     0.891
 8    -0.031    -0.990     0.140
 8     0.897    -0.089    -0.432
 9   140.447   -33.345    19.439
 9     0.892    -0.305     0.336
 9    -0.166     0.468     0.866
 9    -0.420    -0.829     0.369
 2    96.740   -20.028    59.085
 2     0.063    -0.998     0.002
 2     0.997     0.063     0.033
 2    -0.034    -0.001     0.999
 3   129.773    -5.171     0.459
 3     0.540     0.105    -0.835
 3    -0.267     0.962    -0.053
 3     0.797     0.251     0.548
 4   115.289    13.730   -10.600
 4     0.523    -0.832     0.185
 4     0.845     0.477    -0.239
 4     0.110     0.281     0.953
 5   119.281    18.937    21.094
 5     0.533     0.041     0.845
 5     0.206    -0.975    -0.081
 5     0.821     0.217    -0.528
 6   140.628    22.406    20.724
 6     0.977     0.215     0.019
 6    -0.033     0.240    -0.971
 6    -0.212     0.947     0.240
 7   116.275   -25.735    -7.987
 7     0.278     0.936     0.216
 7    -0.856     0.139     0.498
 7     0.436    -0.324     0.839
 8   119.031   -24.997    21.980
 8     0.437     0.075     0.897
 8    -0.041    -0.994     0.101
 8     0.899    -0.080    -0.431
 9   139.882   -34.924    20.037
 9     0.880    -0.283     0.384
 9    -0.234     0.443     0.864
 9    -0.413    -0.851     0.325
 2    96.740   -20.028    59.085
 2     0.063    -0.998     0.002
 2     0.997     0.063     0.033
 2    -0.034    -0.001     0.999
 3   129.853    -5.337     0.425
 3     0.534     0.106    -0.839
 3    -0.260     0.964    -0.044
 3     0.804     0.242     0.542
 4   115.468    13.628   -10.621
 4     0.524    -0.833     0.178
 4     0.844     0.481    -0.234
 4     0.110     0.272     0.956
 5   119.237    18.821    21.079
 5     0.526     0.058     0.849
 5     0.213    -0.975    -0.064
 5     0.823     0.214    -0.525
 6   140.579    22.881    20.922
 6     0.978     0.202     0.045
 6    -0.003     0.238    -0.971
 6    -0.206     0.950     0.232
 7   116.363   -25.832    -7.882
 7     0.277     0.937     0.211
 7    -0.853     0.138     0.503
 7     0.442    -0.320     0.838
 8   119.103   -24.915    22.087
 8     0.438     0.074     0.896
 8    -0.034    -0.995     0.098
 8     0.898    -0.073    -0.433
 9   139.767   -35.758    20.512
 9     0.866    -0.299     0.404
 9    -0.282     0.373     0.882
 9    -0.414    -0.878     0.241
 2    96.740   -20.028    59.085
 2     0.063    -0.998     0.001
 2     0.997     0.063     0.033
 2    -0.034    -0.001     0.999
 3   129.875    -5.382     0.528
 3     0.529     0.108    -0.842
 3    -0.257     0.965    -0.038
 3     0.809     0.237     0.538
 4   115.649    13.503   -10.621
 4     0.524    -0.835     0.170
 4     0.844     0.482    -0.232
 4     0.111     0.265     0.958
 5   119.066    18.659    21.163
 5     0.518     0.088     0.851
 5     0.227    -0.973    -0.037
 5     0.825     0.212    -0.523
 6   140.112    24.158    21.325
 6     0.980     0.174     0.100
 6     0.056     0.245    -0.968
 6    -0.193     0.953     0.230
 7   116.262   -25.904    -7.756
 7     0.267     0.940     0.213
 7    -0.852     0.127     0.508
 7     0.451    -0.317     0.834
 8   118.824   -24.811    22.250
 8     0.433     0.053     0.900
 8    -0.038    -0.996     0.076
 8     0.900    -0.066    -0.430
 9   139.369   -36.763    21.187
 9     0.854    -0.296     0.431
 9    -0.332     0.326     0.884
 9    -0.400    -0.898     0.182
 2    96.740   -20.028    59.085
 2     0.063    -0.998     0.001
 2     0.997     0.063     0.033
 2    -0.034    -0.001     0.999
 3   129.876    -5.408     0.528
 3     0.527     0.109    -0.843
 3    -0.257     0.965    -0.037
 3     0.809     0.236     0.537
 4   115.648    13.503   -10.621
 4     0.523    -0.835     0.170
 4     0.845     0.481    -0.232
 4     0.111     0.265     0.958
 5   118.882    18.573    21.148
 5     0.511     0.127     0.850
 5     0.242    -0.970     0.000
 5     0.825     0.205    -0.527
 6   139.571    25.608    21.592
 6     0.974     0.154     0.163
 6     0.122     0.246    -0.962
 6    -0.188     0.957     0.221
 7   116.214   -25.904    -7.734
 7     0.266     0.940     0.211
 7    -0.851     0.126     0.509
 7     0.452    -0.316     0.834
 8   118.824   -24.861    22.250
 8     0.433     0.052     0.900
 8    -0.038    -0.996     0.075
 8     0.900    -0.066    -0.429
 9   139.520   -36.644    21.088
 9     0.860    -0.252     0.447
 9    -0.329     0.394     0.856
 9    -0.391    -0.884     0.258
 2    96.740   -20.028    59.085
 2     0.063    -0.998     0.001
 2     0.997     0.063     0.033
 2    -0.034    -0.001     0.999
 3   129.834    -5.379     0.619
 3     0.527     0.106    -0.844
 3    -0.255     0.966    -0.038
 3     0.811     0.235     0.536
 4   115.574    13.555   -10.624
 4     0.521    -0.837     0.171
 4     0.846     0.479    -0.232
 4     0.112     0.265     0.958
 5   118.831    18.576    21.171
 5     0.509     0.134     0.850
 5     0.245    -0.970     0.007
 5     0.825     0.204    -0.527
 6   139.471    25.789    21.645
 6     0.973     0.150     0.175
 6     0.133     0.257    -0.957
 6    -0.188     0.954     0.231
 7   116.264   -25.879    -7.735
 7     0.266     0.940     0.211
 7    -0.851     0.126     0.509
 7     0.452    -0.315     0.834
 8   118.823   -24.915    22.251
 8     0.433     0.048     0.900
 8    -0.042    -0.996     0.073
 8     0.900    -0.069    -0.430
 9   139.407   -36.600    20.989
 9     0.858    -0.245     0.454
 9    -0.330     0.411     0.848
 9    -0.393    -0.878     0.274
 2    96.740   -20.028    59.084
 2     0.063    -0.998     0.002
 2     0.997     0.063     0.033
 2    -0.034    -0.000     0.999
 3   129.837    -5.327     0.639
 3     0.524     0.104    -0.845
 3    -0.255     0.966    -0.040
 3     0.812     0.236     0.533
 4   115.625    13.581   -10.598
 4     0.520    -0.838     0.170
 4     0.847     0.479    -0.231
 4     0.112     0.263     0.958
 5   119.071    18.834    21.156
 5     0.519     0.079     0.851
 5     0.220    -0.975    -0.042
 5     0.826     0.208    -0.523
 6   140.625    22.531    21.316
 6     0.981     0.192     0.035
 6    -0.018     0.269    -0.963
 6    -0.193     0.944     0.266
 7   116.429   -25.955    -7.748
 7     0.272     0.938     0.212
 7    -0.852     0.132     0.507
 7     0.448    -0.319     0.835
 8   119.200   -25.105    22.150
 8     0.437     0.107     0.893
 8    -0.016    -0.992     0.124
 8     0.899    -0.068    -0.431
 9   141.026   -32.653    20.849
 9     0.900    -0.332     0.285
 9    -0.145     0.384     0.911
 9    -0.411    -0.861     0.299
 2    96.740   -20.028    59.084
 2     0.063    -0.998     0.002
 2     0.997     0.063     0.033
 2    -0.034    -0.000     0.999
 3   130.012    -5.509     0.563
 3     0.521     0.108    -0.847
 3    -0.262     0.964    -0.039
 3     0.812     0.241     0.531
 4   115.926    13.400   -10.671
 4     0.531    -0.830     0.170
 4     0.840     0.489    -0.234
 4     0.111     0.267     0.957
 5   120.096    19.430    20.752
 5     0.539    -0.103     0.837
 5     0.150    -0.965    -0.213
 5     0.829     0.239    -0.504
 6   141.938    16.589    21.069
 6     0.944     0.253    -0.216
 6    -0.283     0.283    -0.917
 6    -0.170     0.925     0.335
 7   116.703   -26.048    -7.795
 7     0.288     0.932     0.219
 7    -0.847     0.141     0.512
 7     0.446    -0.333     0.830
 8   119.611   -25.623    22.235
 8     0.449     0.204     0.871
 8     0.028    -0.976     0.212
 8     0.893    -0.070    -0.443
 9   142.035   -25.971    20.608
 9     0.883    -0.470    -0.021
 9     0.155     0.255     0.954
 9    -0.443    -0.845     0.297
 2    96.740   -20.079    59.084
 2     0.063    -0.998     0.002
 2     0.997     0.063     0.033
 2    -0.034    -0.000     0.999
 3   130.060    -5.640     0.562
 3     0.518     0.113    -0.848
 3    -0.269     0.962    -0.037
 3     0.812     0.248     0.528
 4   116.014    13.326   -10.687
 4     0.538    -0.826     0.169
 4     0.834     0.494    -0.243
 4     0.116     0.272     0.955
 5   120.891    20.358    20.678
 5     0.548    -0.269     0.794
 5     0.085    -0.925    -0.369
 5     0.832     0.270    -0.483
 6   141.682    11.272    21.194
 6     0.851     0.342    -0.405
 6    -0.508     0.336    -0.793
 6    -0.134     0.877     0.456
 7   116.773   -26.042    -7.793
 7     0.304     0.928     0.217
 7    -0.843     0.155     0.515
 7     0.444    -0.339     0.829
 8   120.252   -26.214    22.538
 8     0.466     0.322     0.825
 8     0.064    -0.941     0.329
 8     0.882    -0.100    -0.459
 9   141.649   -20.864    19.449
 9     0.809    -0.567    -0.164
 9     0.388     0.308     0.868
 9    -0.442    -0.764     0.468
 2    96.690   -20.029    59.085
 2     0.063    -0.998     0.001
 2     0.997     0.063     0.033
 2    -0.034    -0.001     0.999
 3   130.059    -5.570     0.690
 3     0.514     0.116    -0.850
 3    -0.277     0.960    -0.037
 3     0.812     0.254     0.525
 4   116.099    13.463   -10.558
 4     0.546    -0.821     0.170
 4     0.827     0.495    -0.263
 4     0.132     0.284     0.949
 5   121.881    21.428    20.507
 5     0.549    -0.405     0.734
 5     0.043    -0.860    -0.505
 5     0.835     0.309    -0.454
 6   140.931     6.866    21.663
 6     0.719     0.412    -0.566
 6    -0.690     0.327    -0.643
 6    -0.079     0.850     0.516
 7   116.689   -25.867    -7.704
 7     0.307     0.927     0.217
 7    -0.844     0.159     0.512
 7     0.440    -0.341     0.831
 8   120.495   -26.938    22.420
 8     0.475     0.379     0.796
 8     0.070    -0.916     0.393
 8     0.877    -0.130    -0.461
 9   139.897   -16.852    17.420
 9     0.714    -0.683    -0.157
 9     0.579     0.452     0.677
 9    -0.392    -0.574     0.718
 2    96.690   -20.029    59.085
 2     0.063    -0.998     0.002
 2     0.997     0.063     0.033
 2    -0.034    -0.001     0.999
 3   130.054    -5.574     0.746
 3     0.513     0.118    -0.850
 3    -0.281     0.959    -0.037
 3     0.811     0.257     0.525
 4   116.179    13.571   -10.366
 4     0.556    -0.814     0.167
 4     0.818     0.501    -0.280
 4     0.144     0.292     0.945
 5   123.809    22.795    20.101
 5     0.552    -0.552     0.627
 5     0.025    -0.739    -0.672
 5     0.833     0.386    -0.394
 6   140.389     3.732    21.980
 6     0.567     0.408    -0.721
 6    -0.824     0.279    -0.490
 6     0.003     0.869     0.490
 7   116.302   -25.881    -7.718
 7     0.309     0.921     0.236
 7    -0.851     0.157     0.500
 7     0.423    -0.356     0.833
 8   121.522   -28.365    22.107
 8     0.491     0.497     0.717
 8     0.081    -0.844     0.529
 8     0.867    -0.201    -0.453
 9   138.501   -13.124    16.274
 9     0.598    -0.771    -0.223
 9     0.723     0.399     0.563
 9    -0.346    -0.496     0.796
 2    96.740   -20.028    59.085
 2     0.063    -0.998     0.001
 2     0.997     0.063     0.033
 2    -0.034    -0.001     0.999
 3   130.276    -5.705     0.694
 3     0.508     0.119    -0.853
 3    -0.288     0.957    -0.038
 3     0.811     0.265     0.520
 4   116.483    13.517   -10.346
 4     0.571    -0.803     0.172
 4     0.808     0.513    -0.290
 4     0.145     0.304     0.941
 5   124.261    23.403    19.830
 5     0.546    -0.581     0.606
 5     0.029    -0.708    -0.705
 5     0.837     0.402    -0.368
 6   140.256     3.226    22.642
 6     0.518     0.342    -0.788
 6    -0.855     0.237    -0.458
 6     0.033     0.909     0.412
 7   116.111   -25.835    -7.798
 7     0.315     0.911     0.268
 7    -0.855     0.150     0.495
 7     0.411    -0.385     0.826
 8   121.743   -28.856    21.727
 8     0.487     0.526     0.699
 8     0.072    -0.820     0.567
 8     0.871    -0.225    -0.436
 9   137.541   -12.108    16.023
 9     0.567    -0.810    -0.149
 9     0.761     0.447     0.469
 9    -0.314    -0.379     0.870
 2    96.690   -20.029    59.085
 2     0.063    -0.998     0.001
 2     0.997     0.063     0.033
 2    -0.034    -0.001     0.999
 3   130.415    -5.415     0.532
 3     0.505     0.095    -0.858
 3    -0.280     0.958    -0.060
 3     0.816     0.271     0.511
 4   116.016    13.589   -10.341
 4     0.551    -0.812     0.192
 4     0.824     0.493    -0.279
 4     0.132     0.312     0.941
 5   123.716    23.686    19.860
 5     0.542    -0.575     0.615
 5     0.027    -0.718    -0.695
 5     0.839     0.393    -0.373
 6   139.912     3.388    22.542
 6     0.538     0.357    -0.768
 6    -0.842     0.259    -0.469
 6     0.033     0.897     0.436
 7   115.679   -25.830    -7.803
 7     0.316     0.904     0.289
 7    -0.854     0.137     0.502
 7     0.414    -0.405     0.815
 8   121.597   -28.735    21.766
 8     0.497     0.512     0.703
 8     0.071    -0.829     0.553
 8     0.865    -0.225    -0.447
 9   137.539   -11.928    15.927
 9     0.567    -0.813    -0.133
 9     0.763     0.458     0.455
 9    -0.310    -0.359     0.880
 2    96.740   -20.028    59.085
 2     0.063    -0.998     0.002
 2     0.997     0.063     0.033
 2    -0.034    -0.001     0.999
 3   130.280    -5.469     0.224
 3     0.523     0.093    -0.848
 3    -0.273     0.959    -0.063
 3     0.807     0.265     0.527
 4   115.668    13.455   -10.420
 4     0.549    -0.811     0.203
 4     0.827     0.490    -0.275
 4     0.123     0.318     0.940
 5   123.529    23.634    19.864
 5     0.546    -0.567     0.618
 5     0.027    -0.724    -0.688
 5     0.837     0.392    -0.380
 6   139.881     3.478    22.511
 6     0.548     0.351    -0.763
 6    -0.835     0.271    -0.475
 6     0.042     0.896     0.438
 7   115.520   -25.901    -7.788
 7     0.316     0.900     0.299
 7    -0.852     0.129     0.507
 7     0.418    -0.415     0.807
 8   121.447   -28.736    21.798
 8     0.499     0.505     0.707
 8     0.069    -0.833     0.546
 8     0.864    -0.223    -0.449
 9   137.565   -11.979    16.003
 9     0.568    -0.812    -0.133
 9     0.762     0.459     0.456
 9    -0.310    -0.360     0.880
];