% Calibrated with leiden_pols
% Positions are in centimeters
Data =[
 2    96.731   -20.075    59.109
 2     0.043    -0.999     0.002
 2     0.998     0.043     0.032
 2    -0.034     0.000     0.999
 3   130.473    -6.214     0.729
 3     0.488     0.109    -0.866
 3    -0.276     0.960    -0.035
 3     0.828     0.256     0.499
 4   116.867    13.116   -10.609
 4     0.496    -0.861     0.112
 4     0.849     0.453    -0.271
 4     0.182     0.229     0.956
 5   114.562    23.956    18.440
 5     0.134    -0.382     0.915
 5     0.283    -0.870    -0.404
 5     0.949     0.311    -0.008
 6   126.460    27.889    43.239
 6     0.230    -0.311    -0.923
 6     0.182     0.944    -0.272
 6     0.956    -0.107     0.273
 7   116.567   -26.259    -7.230
 7     0.285     0.930     0.232
 7    -0.793     0.092     0.602
 7     0.539    -0.356     0.763
 8   110.590   -34.889    17.072
 8    -0.170     0.665     0.727
 8    -0.259    -0.742     0.618
 8     0.951    -0.083     0.298
 9   115.519   -35.866    48.204
 9     0.024     0.120    -0.992
 9    -0.037     0.992     0.120
 9     0.999     0.033     0.028
 2    96.681   -20.024    59.109
 2     0.042    -0.999     0.002
 2     0.998     0.043     0.033
 2    -0.034     0.000     0.999
 3   131.208    -6.221     0.813
 3     0.460     0.083    -0.884
 3    -0.247     0.968    -0.038
 3     0.853     0.236     0.465
 4   117.686    12.581   -11.256
 4     0.465    -0.882     0.079
 4     0.870     0.437    -0.228
 4     0.166     0.175     0.970
 5   111.447    23.913    16.503
 5    -0.032    -0.422     0.906
 5     0.291    -0.872    -0.395
 5     0.956     0.250     0.151
 6   120.842    27.290    42.518
 6     0.115    -0.238    -0.964
 6     0.156     0.963    -0.219
 6     0.981    -0.125     0.148
 7   117.275   -26.599    -7.554
 7     0.239     0.950     0.201
 7    -0.812     0.082     0.577
 7     0.532    -0.302     0.791
 8   107.582   -34.984    15.825
 8    -0.336     0.693     0.638
 8    -0.206    -0.715     0.668
 8     0.919     0.093     0.382
 9   108.777   -32.429    48.112
 9    -0.102     0.103    -0.989
 9     0.045     0.994     0.099
 9     0.994    -0.035    -0.106
 2    96.822   -20.098    59.092
 2     0.141    -0.990     0.001
 2     0.989     0.141     0.034
 2    -0.035    -0.004     0.999
 3   131.616    -6.581     0.793
 3     0.443     0.078    -0.893
 3    -0.234     0.971    -0.032
 3     0.865     0.223     0.448
 4   118.177    11.988   -11.606
 4     0.454    -0.889     0.068
 4     0.878     0.433    -0.201
 4     0.149     0.151     0.977
 5   109.334    23.208    15.258
 5    -0.128    -0.423     0.897
 5     0.280    -0.883    -0.376
 5     0.951     0.203     0.232
 6   117.383    25.913    41.675
 6     0.057    -0.235    -0.970
 6     0.125     0.966    -0.227
 6     0.990    -0.109     0.085
 7   117.469   -27.068    -7.797
 7     0.234     0.951     0.201
 7    -0.820     0.082     0.566
 7     0.522    -0.297     0.799
 8   107.183   -34.736    15.412
 8    -0.383     0.691     0.613
 8    -0.164    -0.704     0.691
 8     0.909     0.164     0.383
 9   106.529   -30.322    48.022
 9    -0.147     0.032    -0.989
 9     0.051     0.998     0.025
 9     0.988    -0.048    -0.149
 2    96.839   -20.050    59.085
 2     0.167    -0.986     0.002
 2     0.985     0.167     0.031
 2    -0.032    -0.003     0.999
 3   131.959    -6.551     0.732
 3     0.439     0.050    -0.897
 3    -0.208     0.977    -0.048
 3     0.874     0.208     0.438
 4   117.939    11.447   -12.100
 4     0.417    -0.906     0.074
 4     0.900     0.400    -0.173
 4     0.126     0.139     0.982
 5   107.393    22.607    14.063
 5    -0.190    -0.386     0.903
 5     0.293    -0.900    -0.323
 5     0.937     0.203     0.284
 6   114.563    26.292    40.619
 6     0.018    -0.261    -0.965
 6     0.140     0.956    -0.256
 6     0.990    -0.131     0.054
 7   118.119   -27.314    -8.283
 7     0.228     0.956     0.182
 7    -0.831     0.094     0.549
 7     0.508    -0.277     0.816
 8   106.081   -35.179    13.656
 8    -0.462     0.671     0.580
 8    -0.181    -0.712     0.678
 8     0.868     0.208     0.449
 9   101.855   -36.004    45.332
 9    -0.244     0.199    -0.949
 9    -0.051     0.974     0.218
 9     0.968     0.101    -0.228
 2    96.838   -20.051    59.084
 2     0.168    -0.986     0.004
 2     0.985     0.168     0.031
 2    -0.032    -0.001     0.999
 3   132.114    -6.538     0.859
 3     0.427     0.026    -0.904
 3    -0.200     0.977    -0.067
 3     0.881     0.209     0.423
 4   117.874    11.149   -12.244
 4     0.388    -0.919     0.073
 4     0.913     0.372    -0.164
 4     0.123     0.131     0.984
 5   105.984    22.405    12.989
 5    -0.245    -0.367     0.897
 5     0.301    -0.909    -0.289
 5     0.921     0.199     0.333
 6   111.809    26.412    39.843
 6    -0.032    -0.232    -0.972
 6     0.146     0.961    -0.234
 6     0.989    -0.149     0.002
 7   118.533   -27.453    -8.363
 7     0.207     0.965     0.157
 7    -0.835     0.091     0.542
 7     0.509    -0.244     0.825
 8   104.762   -35.356    12.647
 8    -0.546     0.674     0.499
 8    -0.161    -0.668     0.727
 8     0.822     0.316     0.472
 9    97.023   -31.441    44.584
 9    -0.378    -0.004    -0.926
 9     0.041     0.999    -0.021
 9     0.925    -0.047    -0.378
 2    96.838   -20.051    59.084
 2     0.168    -0.986     0.004
 2     0.985     0.169     0.031
 2    -0.032    -0.001     0.999
 3   132.126    -6.530     0.974
 3     0.426     0.024    -0.904
 3    -0.193     0.979    -0.065
 3     0.883     0.202     0.422
 4   117.740    10.870   -12.285
 4     0.376    -0.924     0.071
 4     0.919     0.362    -0.158
 4     0.120     0.124     0.985
 5   104.564    22.176    12.259
 5    -0.286    -0.349     0.892
 5     0.317    -0.913    -0.256
 5     0.904     0.210     0.371
 6   109.759    26.721    39.148
 6    -0.061    -0.226    -0.972
 6     0.157     0.959    -0.233
 6     0.985    -0.167    -0.024
 7   118.076   -27.582    -8.425
 7     0.176     0.973     0.149
 7    -0.848     0.073     0.525
 7     0.500    -0.219     0.838
 8   103.247   -35.486    11.831
 8    -0.599     0.652     0.465
 8    -0.147    -0.661     0.736
 8     0.787     0.372     0.491
 9    93.780   -30.520    43.072
 9    -0.424    -0.072    -0.903
 9     0.074     0.990    -0.114
 9     0.902    -0.115    -0.415
 2    96.838   -20.051    59.084
 2     0.168    -0.986     0.005
 2     0.985     0.169     0.031
 2    -0.032    -0.001     0.999
 3   131.679    -6.631     1.007
 3     0.440     0.023    -0.898
 3    -0.185     0.980    -0.065
 3     0.878     0.195     0.435
 4   116.893    10.481   -12.501
 4     0.357    -0.930     0.090
 4     0.928     0.343    -0.145
 4     0.104     0.135     0.985
 5   103.211    21.933    11.439
 5    -0.308    -0.323     0.895
 5     0.331    -0.918    -0.217
 5     0.892     0.230     0.389
 6   107.859    27.224    38.271
 6    -0.078    -0.232    -0.970
 6     0.169     0.955    -0.242
 6     0.982    -0.183    -0.036
 7   117.270   -27.389    -8.748
 7     0.151     0.976     0.155
 7    -0.865     0.054     0.499
 7     0.479    -0.210     0.852
 8   101.810   -34.946    11.048
 8    -0.624     0.620     0.475
 8    -0.132    -0.683     0.718
 8     0.770     0.385     0.508
 9    91.987   -29.190    42.085
 9    -0.436    -0.060    -0.898
 9     0.094     0.989    -0.112
 9     0.895    -0.134    -0.426
 2    96.839   -20.051    59.110
 2     0.169    -0.985     0.005
 2     0.985     0.170     0.031
 2    -0.032    -0.001     0.999
 3   131.289    -6.414     1.007
 3     0.454     0.023    -0.891
 3    -0.188     0.979    -0.070
 3     0.870     0.199     0.449
 4   116.073    10.320   -12.694
 4     0.338    -0.935     0.106
 4     0.937     0.324    -0.132
 4     0.089     0.145     0.985
 5   102.129    21.922    11.055
 5    -0.323    -0.300     0.897
 5     0.341    -0.922    -0.186
 5     0.883     0.246     0.400
 6   106.779    27.700    37.767
 6    -0.085    -0.240    -0.967
 6     0.180     0.951    -0.252
 6     0.980    -0.196    -0.038
 7   116.531   -27.085    -8.862
 7     0.133     0.977     0.166
 7    -0.876     0.038     0.480
 7     0.463    -0.209     0.861
 8   100.792   -34.285    10.747
 8    -0.635     0.592     0.496
 8    -0.119    -0.709     0.695
 8     0.763     0.382     0.520
 9    90.999   -28.331    41.676
 9    -0.435    -0.040    -0.899
 9     0.104     0.990    -0.095
 9     0.894    -0.135    -0.427
 2    96.838   -20.025    59.084
 2     0.168    -0.986     0.005
 2     0.985     0.169     0.031
 2    -0.032    -0.000     0.999
 3   130.926    -6.301     0.878
 3     0.468     0.032    -0.883
 3    -0.196     0.978    -0.069
 3     0.862     0.205     0.464
 4   115.600    10.417   -12.730
 4     0.330    -0.937     0.119
 4     0.940     0.315    -0.128
 4     0.082     0.154     0.984
 5   101.687    21.821    10.958
 5    -0.326    -0.282     0.902
 5     0.341    -0.925    -0.166
 5     0.881     0.254     0.397
 6   106.141    27.926    37.606
 6    -0.089    -0.240    -0.966
 6     0.184     0.950    -0.254
 6     0.979    -0.200    -0.041
 7   115.805   -26.851    -8.990
 7     0.118     0.976     0.180
 7    -0.885     0.021     0.466
 7     0.451    -0.214     0.866
 8    99.929   -33.547    10.460
 8    -0.644     0.567     0.514
 8    -0.104    -0.729     0.676
 8     0.758     0.381     0.528
 9    90.200   -27.423    41.324
 9    -0.437    -0.033    -0.899
 9     0.115     0.989    -0.092
 9     0.892    -0.144    -0.429
 2    96.838   -20.025    59.109
 2     0.168    -0.986     0.005
 2     0.985     0.169     0.031
 2    -0.032    -0.000     0.999
 3   130.804    -6.140     0.735
 3     0.481     0.038    -0.876
 3    -0.204     0.976    -0.070
 3     0.852     0.212     0.478
 4   115.325    10.673   -12.738
 4     0.326    -0.937     0.125
 4     0.941     0.310    -0.131
 4     0.084     0.160     0.983
 5   101.410    21.998    10.909
 5    -0.329    -0.279     0.902
 5     0.340    -0.926    -0.163
 5     0.881     0.253     0.400
 6   105.825    28.053    37.680
 6    -0.095    -0.235    -0.967
 6     0.183     0.951    -0.249
 6     0.978    -0.201    -0.048
 7   115.638   -26.629    -9.142
 7     0.118     0.976     0.183
 7    -0.888     0.021     0.459
 7     0.444    -0.217     0.869
 8    99.981   -33.517    10.259
 8    -0.644     0.568     0.513
 8    -0.110    -0.732     0.672
 8     0.757     0.376     0.534
 9    90.195   -27.725    41.099
 9    -0.439    -0.044    -0.897
 9     0.101     0.990    -0.098
 9     0.893    -0.135    -0.430
 2    96.839   -20.025    59.110
 2     0.169    -0.985     0.005
 2     0.985     0.170     0.031
 2    -0.032    -0.001     0.999
 3   130.725    -5.921     0.540
 3     0.490     0.039    -0.871
 3    -0.209     0.975    -0.075
 3     0.846     0.218     0.486
 4   115.127    11.005   -12.649
 4     0.328    -0.935     0.135
 4     0.941     0.309    -0.139
 4     0.087     0.172     0.981
 5   101.563    22.233    11.211
 5    -0.321    -0.283     0.904
 5     0.334    -0.927    -0.172
 5     0.886     0.246     0.392
 6   106.139    28.182    37.944
 6    -0.092    -0.229    -0.969
 6     0.182     0.953    -0.242
 6     0.979    -0.199    -0.047
 7   115.400   -26.378    -9.296
 7     0.124     0.973     0.193
 7    -0.891     0.024     0.454
 7     0.437    -0.228     0.870
 8    99.775   -33.357    10.239
 8    -0.639     0.568     0.519
 8    -0.112    -0.736     0.667
 8     0.761     0.368     0.533
 9    90.208   -27.721    41.208
 9    -0.434    -0.047    -0.900
 9     0.097     0.990    -0.098
 9     0.896    -0.131    -0.426
 2    96.839   -20.025    59.110
 2     0.169    -0.985     0.005
 2     0.985     0.170     0.031
 2    -0.032    -0.001     0.999
 3   130.583    -5.979     0.437
 3     0.495     0.048    -0.868
 3    -0.214     0.974    -0.068
 3     0.842     0.220     0.492
 4   114.969    10.948   -12.591
 4     0.337    -0.930     0.144
 4     0.937     0.318    -0.139
 4     0.083     0.182     0.980
 5   101.736    22.362    11.313
 5    -0.310    -0.296     0.904
 5     0.336    -0.923    -0.187
 5     0.889     0.245     0.385
 6   106.432    28.228    38.133
 6    -0.090    -0.219    -0.971
 6     0.186     0.954    -0.233
 6     0.978    -0.202    -0.046
 7   115.163   -26.502    -9.155
 7     0.123     0.972     0.199
 7    -0.889     0.018     0.458
 7     0.441    -0.233     0.866
 8    99.756   -33.508    10.528
 8    -0.635     0.573     0.518
 8    -0.109    -0.730     0.674
 8     0.764     0.371     0.526
 9    90.212   -27.670    41.478
 9    -0.430    -0.050    -0.901
 9     0.100     0.990    -0.103
 9     0.897    -0.135    -0.421
 2    96.839   -20.025    59.110
 2     0.169    -0.985     0.005
 2     0.985     0.170     0.031
 2    -0.032    -0.001     0.999
 3   130.557    -6.149     0.435
 3     0.488     0.048    -0.871
 3    -0.210     0.975    -0.064
 3     0.847     0.214     0.486
 4   115.121    10.894   -12.509
 4     0.346    -0.928     0.141
 4     0.935     0.327    -0.138
 4     0.082     0.179     0.980
 5   102.349    22.588    11.487
 5    -0.303    -0.318     0.898
 5     0.339    -0.917    -0.210
 5     0.890     0.241     0.385
 6   107.858    28.228    38.374
 6    -0.071    -0.198    -0.978
 6     0.182     0.961    -0.208
 6     0.981    -0.193    -0.032
 7   115.946   -26.887    -8.495
 7     0.151     0.971     0.183
 7    -0.867     0.041     0.496
 7     0.474    -0.234     0.849
 8   101.177   -34.382    11.583
 8    -0.608     0.613     0.505
 8    -0.147    -0.712     0.687
 8     0.780     0.343     0.522
 9    94.625   -29.839    43.040
 9    -0.349     0.016    -0.937
 9     0.068     0.997    -0.008
 9     0.935    -0.067    -0.349
 2    96.839   -20.025    59.110
 2     0.169    -0.985     0.005
 2     0.985     0.170     0.031
 2    -0.032    -0.001     0.999
 3   130.819    -6.327     0.889
 3     0.466     0.049    -0.884
 3    -0.223     0.973    -0.064
 3     0.856     0.226     0.463
 4   115.872    11.199   -12.015
 4     0.392    -0.910     0.134
 4     0.915     0.370    -0.161
 4     0.097     0.186     0.978
 5   105.342    23.373    13.466
 5    -0.190    -0.334     0.923
 5     0.365    -0.897    -0.249
 5     0.911     0.290     0.293
 6   114.950    28.939    39.237
 6     0.107    -0.288    -0.952
 6     0.187     0.946    -0.265
 6     0.976    -0.151     0.154
 7   117.202   -26.984    -7.741
 7     0.247     0.949     0.197
 7    -0.831     0.102     0.547
 7     0.498    -0.298     0.814
 8   104.810   -34.236    14.535
 8    -0.461     0.636     0.619
 8    -0.184    -0.750     0.635
 8     0.868     0.178     0.462
 9   105.171   -31.353    44.589
 9    -0.105     0.377    -0.920
 9     0.042     0.926     0.374
 9     0.993     0.000    -0.114
 2    96.663   -19.938    59.102
 2    -0.000    -1.000     0.008
 2     0.999     0.000     0.032
 2    -0.033     0.007     0.999
 3   130.952    -6.381     1.233
 3     0.459     0.054    -0.887
 3    -0.230     0.971    -0.061
 3     0.858     0.232     0.458
 4   116.262    11.428   -11.645
 4     0.430    -0.893     0.132
 4     0.896     0.404    -0.184
 4     0.110     0.198     0.974
 5   109.080    24.017    15.688
 5    -0.031    -0.355     0.934
 5     0.365    -0.874    -0.320
 5     0.930     0.331     0.156
 6   122.047    28.139    40.475
 6     0.265    -0.269    -0.926
 6     0.149     0.960    -0.236
 6     0.952    -0.076     0.295
 7   117.667   -26.983    -7.366
 7     0.284     0.936     0.209
 7    -0.802     0.111     0.587
 7     0.526    -0.334     0.782
 8   107.963   -34.462    16.676
 8    -0.308     0.627     0.716
 8    -0.226    -0.779     0.585
 8     0.924     0.018     0.381
 9   115.052   -33.678    47.630
 9     0.036     0.115    -0.993
 9     0.007     0.993     0.116
 9     0.999    -0.013     0.035
 2    96.662   -20.015    59.081
 2     0.000    -1.000     0.003
 2     0.999     0.001     0.033
 2    -0.034     0.003     0.999
 3   131.051    -6.526     1.592
 3     0.446     0.072    -0.892
 3    -0.253     0.966    -0.048
 3     0.858     0.247     0.449
 4   117.219    12.041   -10.721
 4     0.473    -0.874     0.111
 4     0.866     0.439    -0.240
 4     0.161     0.209     0.964
 5   113.864    24.008    18.164
 5     0.132    -0.383     0.914
 5     0.321    -0.856    -0.404
 5     0.937     0.346     0.010
 6   128.619    27.225    41.777
 6     0.354    -0.268    -0.896
 6     0.138     0.962    -0.233
 6     0.925    -0.041     0.377
 7   117.191   -26.671    -6.444
 7     0.251     0.947     0.200
 7    -0.793     0.083     0.603
 7     0.554    -0.311     0.772
 8   112.277   -33.442    19.959
 8    -0.075     0.531     0.844
 8    -0.246    -0.830     0.501
 8     0.966    -0.170     0.193
 9   125.153   -34.989    49.071
 9     0.253     0.190    -0.948
 9    -0.057     0.982     0.182
 9     0.966     0.007     0.259
 2    96.662   -20.015    59.081
 2     0.000    -1.000     0.003
 2     0.999     0.001     0.033
 2    -0.034     0.002     0.999
 3   131.070    -6.670     1.840
 3     0.440     0.101    -0.892
 3    -0.271     0.962    -0.025
 3     0.856     0.252     0.450
 4   117.787    12.585   -10.087
 4     0.509    -0.854     0.106
 4     0.840     0.466    -0.278
 4     0.187     0.230     0.955
 5   118.139    23.350    20.334
 5     0.300    -0.342     0.892
 5     0.279    -0.862    -0.422
 5     0.912     0.374    -0.163
 6   134.975    26.734    41.630
 6     0.462    -0.368    -0.808
 6     0.134     0.928    -0.344
 6     0.876     0.050     0.477
 7   117.116   -26.385    -6.261
 7     0.266     0.942     0.205
 7    -0.790     0.091     0.606
 7     0.552    -0.323     0.768
 8   118.269   -31.088    22.083
 8     0.213     0.364     0.907
 8    -0.215    -0.888     0.406
 8     0.953    -0.280    -0.110
 9   136.244   -34.718    46.995
 9     0.483     0.376    -0.792
 9    -0.075     0.917     0.388
 9     0.872    -0.129     0.471
 2    96.662   -20.015    59.081
 2     0.000    -1.000     0.003
 2     0.999     0.001     0.033
 2    -0.034     0.002     0.999
 3   131.067    -6.275     1.750
 3     0.458     0.097    -0.884
 3    -0.274     0.961    -0.037
 3     0.845     0.259     0.466
 4   117.818    12.941    -9.950
 4     0.516    -0.849     0.114
 4     0.834     0.469    -0.289
 4     0.191     0.244     0.951
 5   120.368    22.725    21.199
 5     0.413    -0.303     0.860
 5     0.239    -0.875    -0.421
 5     0.878     0.378    -0.289
 6   138.548    26.393    40.693
 6     0.540    -0.466    -0.704
 6     0.126     0.869    -0.476
 6     0.832     0.167     0.527
 7   117.180   -26.092    -6.497
 7     0.286     0.937     0.197
 7    -0.797     0.119     0.592
 7     0.531    -0.327     0.781
 8   121.000   -30.214    22.745
 8     0.392     0.337     0.857
 8    -0.159    -0.892     0.421
 8     0.906    -0.300    -0.295
 9   141.833   -32.862    44.240
 9     0.642     0.405    -0.652
 9    -0.012     0.854     0.517
 9     0.766    -0.325     0.553
 2    96.662   -20.015    59.081
 2     0.000    -1.000     0.003
 2     0.999     0.001     0.033
 2    -0.034     0.002     0.999
 3   131.140    -6.255     1.581
 3     0.469     0.099    -0.878
 3    -0.277     0.960    -0.040
 3     0.839     0.262     0.477
 4   117.818    13.165    -9.820
 4     0.524    -0.844     0.114
 4     0.830     0.476    -0.290
 4     0.190     0.246     0.950
 5   121.407    22.366    21.302
 5     0.446    -0.298     0.846
 5     0.224    -0.877    -0.424
 5     0.866     0.377    -0.323
 6   139.342    26.235    40.686
 6     0.523    -0.462    -0.719
 6     0.139     0.876    -0.458
 6     0.840     0.139     0.522
 7   117.072   -26.099    -6.766
 7     0.294     0.936     0.192
 7    -0.802     0.133     0.583
 7     0.520    -0.325     0.790
 8   122.144   -29.860    22.662
 8     0.437     0.377     0.818
 8    -0.121    -0.876     0.465
 8     0.891    -0.301    -0.336
 9   143.350   -31.136    43.627
 9     0.661     0.364    -0.657
 9     0.023     0.864     0.501
 9     0.750    -0.347     0.563
 2    96.662   -20.015    59.081
 2     0.000    -1.000     0.003
 2     0.999     0.001     0.033
 2    -0.034     0.002     0.999
 3   131.321    -6.157     1.373
 3     0.474     0.096    -0.875
 3    -0.277     0.959    -0.045
 3     0.835     0.264     0.481
 4   117.998    13.268    -9.824
 4     0.525    -0.844     0.110
 4     0.829     0.478    -0.291
 4     0.192     0.244     0.950
 5   121.457    22.376    21.373
 5     0.437    -0.297     0.850
 5     0.222    -0.880    -0.418
 5     0.871     0.371    -0.318
 6   139.040    26.407    41.034
 6     0.504    -0.468    -0.729
 6     0.145     0.875    -0.459
 6     0.851     0.125     0.508
 7   117.168   -26.032    -6.960
 7     0.297     0.935     0.191
 7    -0.807     0.139     0.574
 7     0.510    -0.325     0.796
 8   122.243   -29.861    22.433
 8     0.436     0.381     0.817
 8    -0.121    -0.874     0.469
 8     0.891    -0.302    -0.335
 9   142.961   -30.934    44.001
 9     0.629     0.362    -0.689
 9     0.018     0.878     0.477
 9     0.777    -0.313     0.545
 2    96.663   -20.015    59.031
 2     0.000    -1.000     0.003
 2     0.999     0.001     0.033
 2    -0.034     0.002     0.999
 3   131.415    -6.033     1.327
 3     0.475     0.093    -0.875
 3    -0.279     0.959    -0.050
 3     0.834     0.268     0.481
 4   117.977    13.346    -9.780
 4     0.524    -0.845     0.111
 4     0.829     0.475    -0.292
 4     0.194     0.245     0.950
 5   121.336    22.429    21.391
 5     0.436    -0.296     0.851
 5     0.221    -0.881    -0.417
 5     0.872     0.369    -0.318
 6   138.989    26.404    41.134
 6     0.506    -0.466    -0.729
 6     0.140     0.875    -0.459
 6     0.851     0.130     0.507
 7   117.288   -25.881    -7.014
 7     0.296     0.938     0.180
 7    -0.807     0.144     0.572
 7     0.510    -0.315     0.800
 8   121.941   -29.592    22.415
 8     0.422     0.388     0.821
 8    -0.110    -0.876     0.469
 8     0.900    -0.287    -0.326
 9   142.178   -30.994    44.724
 9     0.609     0.397    -0.688
 9     0.016     0.859     0.509
 9     0.792    -0.322     0.517
 2    96.663   -20.015    59.031
 2     0.001    -1.000     0.003
 2     0.999     0.001     0.033
 2    -0.034     0.002     0.999
 3   131.368    -5.983     1.422
 3     0.472     0.091    -0.877
 3    -0.281     0.958    -0.052
 3     0.835     0.271     0.477
 4   117.978    13.449    -9.782
 4     0.522    -0.846     0.110
 4     0.830     0.474    -0.293
 4     0.195     0.244     0.950
 5   121.260    22.430    21.491
 5     0.436    -0.293     0.853
 5     0.222    -0.883    -0.413
 5     0.872     0.368    -0.319
 6   138.909    26.402    41.190
 6     0.507    -0.467    -0.728
 6     0.139     0.874    -0.461
 6     0.850     0.132     0.508
 7   117.235   -25.884    -6.958
 7     0.292     0.939     0.181
 7    -0.809     0.142     0.569
 7     0.509    -0.313     0.802
 8   121.959   -29.643    22.498
 8     0.425     0.392     0.817
 8    -0.109    -0.873     0.474
 8     0.899    -0.289    -0.327
 9   142.324   -30.968    44.703
 9     0.611     0.392    -0.689
 9     0.019     0.861     0.506
 9     0.791    -0.323     0.518
 2    96.663   -20.066    59.081
 2     0.001    -1.000     0.002
 2     0.999     0.001     0.033
 2    -0.034     0.002     0.999
 3   131.296    -5.931     1.542
 3     0.471     0.088    -0.878
 3    -0.281     0.958    -0.055
 3     0.836     0.272     0.475
 4   117.933    13.452    -9.762
 4     0.519    -0.848     0.108
 4     0.831     0.472    -0.293
 4     0.197     0.242     0.950
 5   121.084    22.380    21.536
 5     0.437    -0.288     0.854
 5     0.221    -0.885    -0.409
 5     0.872     0.366    -0.323
 6   138.747    26.475    41.223
 6     0.511    -0.472    -0.722
 6     0.140     0.871    -0.467
 6     0.848     0.137     0.510
 7   117.210   -25.834    -6.907
 7     0.292     0.939     0.179
 7    -0.810     0.142     0.569
 7     0.509    -0.311     0.802
 8   121.928   -29.670    22.557
 8     0.425     0.391     0.818
 8    -0.110    -0.873     0.473
 8     0.898    -0.290    -0.327
 9   142.264   -30.918    44.788
 9     0.614     0.386    -0.690
 9     0.023     0.863     0.503
 9     0.789    -0.325     0.521
 2    96.663   -20.015    59.081
 2     0.001    -1.000     0.002
 2     0.999     0.001     0.033
 2    -0.034     0.002     0.999
 3   131.250    -5.930     1.612
 3     0.469     0.087    -0.879
 3    -0.281     0.958    -0.056
 3     0.837     0.273     0.473
 4   117.935    13.453    -9.765
 4     0.519    -0.848     0.108
 4     0.831     0.471    -0.294
 4     0.198     0.242     0.950
 5   120.984    22.380    21.587
 5     0.436    -0.289     0.854
 5     0.221    -0.885    -0.409
 5     0.872     0.365    -0.322
 6   138.693    26.423    41.229
 6     0.512    -0.471    -0.723
 6     0.139     0.871    -0.466
 6     0.847     0.137     0.510
 7   117.151   -25.889    -6.896
 7     0.290     0.940     0.180
 7    -0.812     0.142     0.565
 7     0.506    -0.310     0.805
 8   121.788   -29.669    22.593
 8     0.421     0.393     0.819
 8    -0.110    -0.873     0.473
 8     0.900    -0.288    -0.323
 9   141.949   -30.959    45.031
 9     0.604     0.401    -0.690
 9     0.024     0.855     0.516
 9     0.797    -0.328     0.507
 2    96.663   -20.015    59.081
 2     0.001    -1.000     0.002
 2     0.999     0.001     0.033
 2    -0.034     0.002     0.999
 3   131.250    -5.930     1.612
 3     0.469     0.086    -0.879
 3    -0.281     0.958    -0.056
 3     0.837     0.274     0.473
 4   117.888    13.453    -9.717
 4     0.520    -0.848     0.107
 4     0.831     0.472    -0.295
 4     0.199     0.242     0.949
 5   120.920    22.383    21.576
 5     0.433    -0.290     0.855
 5     0.220    -0.885    -0.408
 5     0.874     0.363    -0.319
 6   138.420    26.406    41.424
 6     0.502    -0.472    -0.728
 6     0.139     0.872    -0.466
 6     0.853     0.132     0.502
 7   117.188   -25.893    -6.925
 7     0.293     0.938     0.185
 7    -0.814     0.143     0.562
 7     0.500    -0.316     0.806
 8   121.899   -29.588    22.526
 8     0.417     0.397     0.819
 8    -0.106    -0.873     0.475
 8     0.902    -0.284    -0.321
 9   141.776   -30.894    45.321
 9     0.585     0.412    -0.701
 9     0.022     0.853     0.518
 9     0.810    -0.319     0.490
 2    96.663   -20.015    59.081
 2     0.001    -1.000     0.002
 2     0.999     0.001     0.033
 2    -0.034     0.002     0.999
 3   131.300    -5.929     1.535
 3     0.470     0.086    -0.878
 3    -0.280     0.958    -0.057
 3     0.837     0.273     0.474
 4   117.938    13.479    -9.767
 4     0.519    -0.848     0.106
 4     0.831     0.472    -0.294
 4     0.199     0.240     0.950
 5   120.791    22.315    21.549
 5     0.426    -0.292     0.858
 5     0.216    -0.888    -0.406
 5     0.878     0.356    -0.315
 6   138.109    26.214    41.606
 6     0.490    -0.474    -0.736
 6     0.137     0.871    -0.467
 6     0.861     0.127     0.490
 7   117.261   -25.841    -6.922
 7     0.296     0.936     0.187
 7    -0.814     0.146     0.562
 7     0.499    -0.319     0.806
 8   121.888   -29.474    22.420
 8     0.405     0.404     0.822
 8    -0.098    -0.873     0.475
 8     0.909    -0.272    -0.313
 9   141.269   -30.825    45.789
 9     0.561     0.423    -0.715
 9     0.020     0.852     0.519
 9     0.827    -0.306     0.469
];