% Calibrated with leiden_pols
% Positions are in centimeters
Data =[
 2    96.731   -20.075    59.109
 2     0.043    -0.999     0.002
 2     0.998     0.043     0.032
 2    -0.034     0.000     0.999
 3   130.473    -6.214     0.729
 3     0.488     0.109    -0.866
 3    -0.276     0.960    -0.035
 3     0.828     0.256     0.499
 4   116.867    13.116   -10.609
 4     0.496    -0.861     0.112
 4     0.849     0.453    -0.271
 4     0.182     0.229     0.956
 5   114.562    23.956    18.440
 5     0.134    -0.382     0.915
 5     0.283    -0.870    -0.404
 5     0.949     0.311    -0.008
 6   126.460    27.889    43.239
 6     0.230    -0.311    -0.923
 6     0.182     0.944    -0.272
 6     0.956    -0.107     0.273
 7   116.567   -26.259    -7.230
 7     0.285     0.930     0.232
 7    -0.793     0.092     0.602
 7     0.539    -0.356     0.763
 8   110.590   -34.889    17.072
 8    -0.170     0.665     0.727
 8    -0.259    -0.742     0.618
 8     0.951    -0.083     0.298
 9   115.519   -35.866    48.204
 9     0.024     0.120    -0.992
 9    -0.037     0.992     0.120
 9     0.999     0.033     0.028
 2    96.681   -20.024    59.109
 2     0.042    -0.999     0.002
 2     0.998     0.043     0.033
 2    -0.034     0.000     0.999
 3   131.208    -6.221     0.813
 3     0.460     0.083    -0.884
 3    -0.247     0.968    -0.038
 3     0.853     0.236     0.465
 4   117.686    12.581   -11.256
 4     0.465    -0.882     0.079
 4     0.870     0.437    -0.228
 4     0.166     0.175     0.970
 5   111.447    23.913    16.503
 5    -0.032    -0.422     0.906
 5     0.291    -0.872    -0.395
 5     0.956     0.250     0.151
 6   120.842    27.290    42.518
 6     0.115    -0.238    -0.964
 6     0.156     0.963    -0.219
 6     0.981    -0.125     0.148
 7   117.275   -26.599    -7.554
 7     0.239     0.950     0.201
 7    -0.812     0.082     0.577
 7     0.532    -0.302     0.791
 8   107.582   -34.984    15.825
 8    -0.336     0.693     0.638
 8    -0.206    -0.715     0.668
 8     0.919     0.093     0.382
 9   108.777   -32.429    48.112
 9    -0.102     0.103    -0.989
 9     0.045     0.994     0.099
 9     0.994    -0.035    -0.106
 2    96.822   -20.098    59.092
 2     0.141    -0.990     0.001
 2     0.989     0.141     0.034
 2    -0.035    -0.004     0.999
 3   131.616    -6.581     0.793
 3     0.443     0.078    -0.893
 3    -0.234     0.971    -0.032
 3     0.865     0.223     0.448
 4   118.177    11.988   -11.606
 4     0.454    -0.889     0.068
 4     0.878     0.433    -0.201
 4     0.149     0.151     0.977
 5   109.334    23.208    15.258
 5    -0.128    -0.423     0.897
 5     0.280    -0.883    -0.376
 5     0.951     0.203     0.232
 6   117.383    25.913    41.675
 6     0.057    -0.235    -0.970
 6     0.125     0.966    -0.227
 6     0.990    -0.109     0.085
 7   117.469   -27.068    -7.797
 7     0.234     0.951     0.201
 7    -0.820     0.082     0.566
 7     0.522    -0.297     0.799
 8   107.183   -34.736    15.412
 8    -0.383     0.691     0.613
 8    -0.164    -0.704     0.691
 8     0.909     0.164     0.383
 9   106.529   -30.322    48.022
 9    -0.147     0.032    -0.989
 9     0.051     0.998     0.025
 9     0.988    -0.048    -0.149
 2    96.839   -20.050    59.085
 2     0.167    -0.986     0.002
 2     0.985     0.167     0.031
 2    -0.032    -0.003     0.999
 3   131.959    -6.551     0.732
 3     0.439     0.050    -0.897
 3    -0.208     0.977    -0.048
 3     0.874     0.208     0.438
 4   117.939    11.447   -12.100
 4     0.417    -0.906     0.074
 4     0.900     0.400    -0.173
 4     0.126     0.139     0.982
 5   107.393    22.607    14.063
 5    -0.190    -0.386     0.903
 5     0.293    -0.900    -0.323
 5     0.937     0.203     0.284
 6   114.563    26.292    40.619
 6     0.018    -0.261    -0.965
 6     0.140     0.956    -0.256
 6     0.990    -0.131     0.054
 7   118.119   -27.314    -8.283
 7     0.228     0.956     0.182
 7    -0.831     0.094     0.549
 7     0.508    -0.277     0.816
 8   106.081   -35.179    13.656
 8    -0.462     0.671     0.580
 8    -0.181    -0.712     0.678
 8     0.868     0.208     0.449
 9   101.855   -36.004    45.332
 9    -0.244     0.199    -0.949
 9    -0.051     0.974     0.218
 9     0.968     0.101    -0.228
 2    96.838   -20.051    59.084
 2     0.168    -0.986     0.004
 2     0.985     0.168     0.031
 2    -0.032    -0.001     0.999
 3   132.114    -6.538     0.859
 3     0.427     0.026    -0.904
 3    -0.200     0.977    -0.067
 3     0.881     0.209     0.423
 4   117.874    11.149   -12.244
 4     0.388    -0.919     0.073
 4     0.913     0.372    -0.164
 4     0.123     0.131     0.984
 5   105.984    22.405    12.989
 5    -0.245    -0.367     0.897
 5     0.301    -0.909    -0.289
 5     0.921     0.199     0.333
 6   111.809    26.412    39.843
 6    -0.032    -0.232    -0.972
 6     0.146     0.961    -0.234
 6     0.989    -0.149     0.002
 7   118.533   -27.453    -8.363
 7     0.207     0.965     0.157
 7    -0.835     0.091     0.542
 7     0.509    -0.244     0.825
 8   104.762   -35.356    12.647
 8    -0.546     0.674     0.499
 8    -0.161    -0.668     0.727
 8     0.822     0.316     0.472
 9    97.023   -31.441    44.584
 9    -0.378    -0.004    -0.926
 9     0.041     0.999    -0.021
 9     0.925    -0.047    -0.378
 2    96.838   -20.051    59.084
 2     0.168    -0.986     0.004
 2     0.985     0.169     0.031
 2    -0.032    -0.001     0.999
 3   132.126    -6.530     0.974
 3     0.426     0.024    -0.904
 3    -0.193     0.979    -0.065
 3     0.883     0.202     0.422
 4   117.740    10.870   -12.285
 4     0.376    -0.924     0.071
 4     0.919     0.362    -0.158
 4     0.120     0.124     0.985
 5   104.564    22.176    12.259
 5    -0.286    -0.349     0.892
 5     0.317    -0.913    -0.256
 5     0.904     0.210     0.371
 6   109.759    26.721    39.148
 6    -0.061    -0.226    -0.972
 6     0.157     0.959    -0.233
 6     0.985    -0.167    -0.024
 7   118.076   -27.582    -8.425
 7     0.176     0.973     0.149
 7    -0.848     0.073     0.525
 7     0.500    -0.219     0.838
 8   103.247   -35.486    11.831
 8    -0.599     0.652     0.465
 8    -0.147    -0.661     0.736
 8     0.787     0.372     0.491
 9    93.780   -30.520    43.072
 9    -0.424    -0.072    -0.903
 9     0.074     0.990    -0.114
 9     0.902    -0.115    -0.415
 2    96.838   -20.051    59.084
 2     0.168    -0.986     0.005
 2     0.985     0.169     0.031
 2    -0.032    -0.001     0.999
 3   131.679    -6.631     1.007
 3     0.440     0.023    -0.898
 3    -0.185     0.980    -0.065
 3     0.878     0.195     0.435
 4   116.893    10.481   -12.501
 4     0.357    -0.930     0.090
 4     0.928     0.343    -0.145
 4     0.104     0.135     0.985
 5   103.211    21.933    11.439
 5    -0.308    -0.323     0.895
 5     0.331    -0.918    -0.217
 5     0.892     0.230     0.389
 6   107.859    27.224    38.271
 6    -0.078    -0.232    -0.970
 6     0.169     0.955    -0.242
 6     0.982    -0.183    -0.036
 7   117.270   -27.389    -8.748
 7     0.151     0.976     0.155
 7    -0.865     0.054     0.499
 7     0.479    -0.210     0.852
 8   101.810   -34.946    11.048
 8    -0.624     0.620     0.475
 8    -0.132    -0.683     0.718
 8     0.770     0.385     0.508
 9    91.987   -29.190    42.085
 9    -0.436    -0.060    -0.898
 9     0.094     0.989    -0.112
 9     0.895    -0.134    -0.426
 2    96.839   -20.051    59.110
 2     0.169    -0.985     0.005
 2     0.985     0.170     0.031
 2    -0.032    -0.001     0.999
 3   131.289    -6.414     1.007
 3     0.454     0.023    -0.891
 3    -0.188     0.979    -0.070
 3     0.870     0.199     0.449
 4   116.073    10.320   -12.694
 4     0.338    -0.935     0.106
 4     0.937     0.324    -0.132
 4     0.089     0.145     0.985
 5   102.129    21.922    11.055
 5    -0.323    -0.300     0.897
 5     0.341    -0.922    -0.186
 5     0.883     0.246     0.400
