% Calibrated with leiden_pols
% Positions are in centimeters
Data =[
 2    98.188   -22.530    59.435
 2     0.752    -0.659     0.027
 2     0.656     0.751     0.066
 2    -0.063    -0.032     0.997
 3   128.714    -3.508    -1.930
 3     0.493    -0.231    -0.839
 3     0.414     0.909    -0.005
 3     0.764    -0.346     0.544
 4   111.079    16.102    -9.157
 4     0.508    -0.627     0.591
 4     0.834     0.186    -0.519
 4     0.215     0.756     0.617
 5   118.859    22.608    17.073
 5     0.268    -0.502     0.824
 5     0.196    -0.808    -0.554
 5     0.943     0.308    -0.117
 6   133.191    26.168    39.730
 6     0.318    -0.530    -0.789
 6     0.086     0.842    -0.529
 6     0.944     0.098     0.313
 7   111.805   -22.515    -7.127
 7     0.690     0.496     0.527
 7    -0.722     0.436     0.536
 7     0.036    -0.750     0.659
 8   117.728   -28.944    17.441
 8     0.257     0.624     0.739
 8    -0.240    -0.699     0.672
 8     0.936    -0.349    -0.029
 9   129.354   -31.155    41.659
 9     0.327     0.396    -0.859
 9     0.009     0.906     0.421
 9     0.945    -0.145     0.293
 2    98.188   -22.530    59.435
 2     0.752    -0.660     0.028
 2     0.656     0.751     0.065
 2    -0.063    -0.032     0.997
 3   128.717    -3.507    -1.884
 3     0.492    -0.230    -0.840
 3     0.415     0.909    -0.006
 3     0.765    -0.346     0.543
 4   111.031    16.153    -9.160
 4     0.507    -0.628     0.592
 4     0.834     0.185    -0.518
 4     0.216     0.756     0.617
 5   118.809    22.609    17.072
 5     0.267    -0.502     0.824
 5     0.196    -0.808    -0.554
 5     0.943     0.308    -0.117
 6   133.242    26.142    39.680
 6     0.318    -0.529    -0.789
 6     0.085     0.843    -0.528
 6     0.944     0.098     0.313
 7   111.805   -22.515    -7.126
 7     0.690     0.496     0.527
 7    -0.723     0.436     0.535
 7     0.036    -0.750     0.659
 8   117.772   -28.998    17.451
 8     0.257     0.623     0.740
 8    -0.242    -0.699     0.672
 8     0.935    -0.351    -0.029
 9   129.346   -31.259    41.617
 9     0.328     0.397    -0.858
 9     0.008     0.906     0.422
 9     0.944    -0.144     0.294
 2    98.188   -22.530    59.435
 2     0.752    -0.659     0.027
 2     0.656     0.751     0.066
 2    -0.063    -0.032     0.997
 3   128.721    -3.454    -1.837
 3     0.490    -0.231    -0.841
 3     0.415     0.909    -0.006
 3     0.766    -0.346     0.541
 4   111.030    16.154    -9.109
 4     0.505    -0.629     0.592
 4     0.836     0.184    -0.517
 4     0.216     0.755     0.618
 5   118.867    22.611    17.115
 5     0.266    -0.502     0.824
 5     0.195    -0.809    -0.554
 5     0.944     0.306    -0.116
 6   133.141    26.142    39.730
 6     0.317    -0.530    -0.789
 6     0.085     0.842    -0.529
 6     0.944     0.098     0.312
 7   111.855   -22.464    -7.126
 7     0.690     0.497     0.527
 7    -0.723     0.436     0.535
 7     0.036    -0.750     0.659
 8   117.779   -28.995    17.441
 8     0.258     0.622     0.740
 8    -0.241    -0.700     0.671
 8     0.936    -0.351    -0.030
 9   129.347   -31.260    41.669
 9     0.329     0.398    -0.857
 9     0.007     0.906     0.422
 9     0.944    -0.145     0.295
 2    98.188   -22.530    59.435
 2     0.752    -0.659     0.027
 2     0.656     0.751     0.066
 2    -0.063    -0.032     0.997
 3   128.646    -3.505    -1.812
 3     0.489    -0.231    -0.842
 3     0.415     0.909    -0.007
 3     0.766    -0.347     0.540
 4   110.978    16.103    -9.106
 4     0.503    -0.629     0.593
 4     0.837     0.183    -0.515
 4     0.215     0.755     0.618
 5   118.767    22.561    17.113
 5     0.266    -0.500     0.825
 5     0.195    -0.810    -0.552
 5     0.944     0.306    -0.117
 6   133.141    26.090    39.755
 6     0.318    -0.530    -0.789
 6     0.084     0.842    -0.529
 6     0.944     0.099     0.311
 7   111.856   -22.464    -7.075
 7     0.689     0.497     0.528
 7    -0.724     0.435     0.535
 7     0.036    -0.751     0.659
 8   117.773   -28.997    17.476
 8     0.258     0.620     0.741
 8    -0.242    -0.701     0.670
 8     0.935    -0.352    -0.030
 9   129.397   -31.311    41.669
 9     0.329     0.400    -0.856
 9     0.007     0.905     0.424
 9     0.944    -0.145     0.295
 2    98.188   -22.530    59.435
 2     0.752    -0.659     0.027
 2     0.656     0.751     0.066
 2    -0.063    -0.032     0.997
 3   128.650    -3.503    -1.765
 3     0.488    -0.231    -0.842
 3     0.416     0.909    -0.007
 3     0.767    -0.347     0.539
 4   111.083    16.105    -9.110
 4     0.502    -0.631     0.592
 4     0.837     0.182    -0.514
 4     0.217     0.753     0.620
 5   118.700    22.563    17.155
 5     0.264    -0.500     0.826
 5     0.194    -0.811    -0.551
 5     0.945     0.305    -0.116
 6   133.074    26.093    39.797
 6     0.316    -0.530    -0.790
 6     0.084     0.842    -0.529
 6     0.945     0.098     0.310
 7   111.859   -22.463    -7.081
 7     0.689     0.499     0.527
 7    -0.724     0.434     0.535
 7     0.038    -0.750     0.660
 8   117.772   -28.996    17.476
 8     0.258     0.621     0.741
 8    -0.241    -0.700     0.671
 8     0.935    -0.351    -0.030
 9   129.347   -31.311    41.771
 9     0.328     0.400    -0.857
 9     0.007     0.905     0.424
 9     0.944    -0.145     0.293
 2    98.188   -22.530    59.435
 2     0.752    -0.659     0.027
 2     0.656     0.751     0.066
 2    -0.063    -0.032     0.997
 3   128.737    -3.499    -1.676
 3     0.484    -0.229    -0.845
 3     0.416     0.909    -0.007
 3     0.770    -0.349     0.534
 4   111.270    16.158    -9.120
 4     0.506    -0.635     0.585
 4     0.834     0.185    -0.520
 4     0.221     0.750     0.622
 5   119.204    22.729    17.092
 5     0.271    -0.514     0.815
 5     0.198    -0.798    -0.567
 5     0.942     0.314    -0.113
 6   133.771    26.141    39.475
 6     0.319    -0.500    -0.807
 6     0.089     0.862    -0.497
 6     0.943     0.084     0.318
 7   112.267   -22.530    -7.109
 7     0.697     0.502     0.512
 7    -0.715     0.442     0.541
 7     0.045    -0.743     0.667
 8   119.249   -29.536    17.424
 8     0.297     0.625     0.723
 8    -0.258    -0.676     0.689
 8     0.920    -0.390    -0.039
 9   131.902   -31.898    40.793
 9     0.359     0.357    -0.863
 9    -0.007     0.925     0.379
 9     0.933    -0.130     0.334
 2    98.188   -22.530    59.435
 2     0.752    -0.659     0.027
 2     0.656     0.751     0.066
 2    -0.063    -0.032     0.997
 3   129.112    -3.390    -1.789
 3     0.474    -0.248    -0.846
 3     0.423     0.905    -0.027
 3     0.772    -0.346     0.533
 4   111.550    16.093    -9.322
 4     0.526    -0.619     0.584
 4     0.824     0.200    -0.530
 4     0.211     0.759     0.615
 5   121.764    23.617    16.416
 5     0.370    -0.492     0.790
 5     0.234    -0.772    -0.589
 5     0.899     0.401    -0.169
 6   138.471    27.394    36.698
 6     0.414    -0.463    -0.787
 6     0.121     0.882    -0.452
 6     0.902     0.090     0.420
 7   112.775   -22.626    -7.382
 7     0.714     0.489     0.502
 7    -0.699     0.456     0.550
 7     0.040    -0.743     0.667
 8   122.067   -30.416    17.057
 8     0.401     0.608     0.687
 8    -0.282    -0.630     0.722
 8     0.871    -0.482    -0.081
 9   136.875   -32.828    38.438
 9     0.446     0.292    -0.847
 9    -0.025     0.949     0.313
 9     0.894    -0.119     0.430
 2    98.188   -22.530    59.435
 2     0.752    -0.659     0.028
 2     0.656     0.751     0.066
 2    -0.063    -0.032     0.997
 3   129.176    -3.364    -1.958
 3     0.472    -0.256    -0.844
 3     0.428     0.902    -0.033
 3     0.770    -0.347     0.535
 4   111.643    15.952    -9.700
 4     0.574    -0.563     0.596
 4     0.804     0.250    -0.538
 4     0.153     0.787     0.596
 5   125.190    24.258    14.779
 5     0.506    -0.450     0.737
 5     0.264    -0.732    -0.627
 5     0.820     0.512    -0.251
 6   144.276    28.110    32.192
 6     0.533    -0.406    -0.744
 6     0.148     0.909    -0.387
 6     0.832     0.096     0.544
 7   112.731   -22.814    -7.399
 7     0.724     0.468     0.508
 7    -0.689     0.469     0.551
 7     0.019    -0.749     0.662
 8   125.271   -30.982    16.224
 8     0.539     0.537     0.650
 8    -0.295    -0.601     0.741
 8     0.789    -0.591    -0.166
 9   142.753   -32.994    34.714
 9     0.570     0.243    -0.786
 9    -0.031     0.961     0.275
 9     0.820    -0.133     0.554
 2    98.188   -22.530    59.435
 2     0.752    -0.659     0.027
 2     0.656     0.751     0.066
 2    -0.063    -0.032     0.997
 3   129.020    -3.398    -2.177
 3     0.479    -0.263    -0.838
 3     0.435     0.899    -0.032
 3     0.762    -0.350     0.545
 4   111.284    15.641   -10.101
 4     0.615    -0.488     0.620
 4     0.785     0.304    -0.539
 4     0.074     0.818     0.569
 5   127.718    24.362    12.507
 5     0.615    -0.406     0.677
 5     0.273    -0.695    -0.664
 5     0.739     0.593    -0.316
 6   148.471    28.120    27.120
 6     0.636    -0.355    -0.686
 6     0.158     0.929    -0.332
 6     0.755     0.102     0.647
 7   112.552   -22.966    -7.518
 7     0.730     0.440     0.523
 7    -0.683     0.490     0.542
 7    -0.018    -0.753     0.657
 8   128.364   -30.980    14.865
 8     0.666     0.456     0.592
 8    -0.291    -0.571     0.766
 8     0.687    -0.682    -0.247
 9   148.016   -32.727    29.924
 9     0.681     0.184    -0.708
 9    -0.030     0.974     0.226
 9     0.731    -0.132     0.668
 2    98.188   -22.530    59.435
 2     0.752    -0.659     0.028
 2     0.656     0.751     0.066
 2    -0.063    -0.032     0.997
 3   128.847    -3.454    -2.488
 3     0.483    -0.275    -0.832
 3     0.439     0.897    -0.041
 3     0.757    -0.346     0.553
 4   111.032    15.270   -10.562
 4     0.636    -0.431     0.642
 4     0.772     0.344    -0.534
 4     0.008     0.834     0.550
 5   129.558    24.371    10.548
 5     0.688    -0.368     0.627
 5     0.276    -0.666    -0.692
 5     0.671     0.649    -0.357
 6   151.055    27.878    23.122
 6     0.701    -0.317    -0.640
 6     0.162     0.943    -0.288
 6     0.694     0.099     0.712
 7   112.622   -22.987    -7.726
 7     0.743     0.411     0.529
 7    -0.667     0.517     0.536
 7    -0.053    -0.751     0.658
 8   130.778   -30.799    13.099
 8     0.753     0.385     0.534
 8    -0.280    -0.547     0.788
 8     0.595    -0.743    -0.305
 9   151.718   -31.853    25.760
 9     0.755     0.136    -0.641
 9    -0.018     0.982     0.189
 9     0.655    -0.131     0.744
 2    98.188   -22.530    59.435
 2     0.752    -0.659     0.028
 2     0.656     0.751     0.066
 2    -0.063    -0.032     0.997
 3   128.848    -3.402    -2.571
 3     0.482    -0.282    -0.830
 3     0.439     0.896    -0.049
 3     0.758    -0.342     0.555
 4   110.838    15.042   -10.955
 4     0.644    -0.391     0.659
 4     0.764     0.377    -0.523
 4    -0.044     0.839     0.541
 5   130.678    24.156     9.032
 5     0.734    -0.342     0.590
 5     0.273    -0.645    -0.712
 5     0.622     0.683    -0.380
 6   152.727    27.425    20.207
 6     0.744    -0.286    -0.605
 6     0.156     0.953    -0.257
 6     0.649     0.097     0.754
 7   112.849   -22.954    -7.972
 7     0.754     0.386     0.531
 7    -0.651     0.542     0.531
 7    -0.084    -0.746     0.660
 8   132.977   -30.229    11.479
 8     0.823     0.326     0.467
 8    -0.252    -0.526     0.811
 8     0.509    -0.785    -0.352
 9   154.857   -30.492    21.339
 9     0.816     0.080    -0.572
 9     0.004     0.989     0.147
 9     0.577    -0.122     0.807
 2    98.188   -22.479    59.435
 2     0.752    -0.660     0.028
 2     0.656     0.751     0.065
 2    -0.063    -0.032     0.997
 3   128.956    -3.373    -2.739
 3     0.478    -0.289    -0.830
 3     0.438     0.896    -0.059
 3     0.761    -0.337     0.554
 4   110.800    14.778   -11.260
 4     0.645    -0.365     0.672
 4     0.759     0.399    -0.513
 4    -0.082     0.841     0.534
 5   131.507    23.931     7.879
 5     0.765    -0.315     0.563
 5     0.273    -0.632    -0.724
 5     0.582     0.708    -0.398
 6   154.071    27.058    17.742
 6     0.776    -0.265    -0.573
 6     0.156     0.960    -0.230
 6     0.610     0.090     0.786
 7   112.922   -22.958    -8.341
 7     0.763     0.360     0.537
 7    -0.633     0.578     0.514
 7    -0.126    -0.732     0.669
 8   134.594   -30.005     9.393
 8     0.878     0.249     0.408
 8    -0.240    -0.510     0.825
 8     0.413    -0.823    -0.389
 9   157.129   -29.773    16.713
 9     0.869     0.049    -0.492
 9     0.012     0.992     0.124
 9     0.494    -0.113     0.861
 2    98.188   -22.479    59.435
 2     0.752    -0.660     0.028
 2     0.656     0.751     0.065
 2    -0.063    -0.032     0.997
 3   128.910    -3.371    -2.878
 3     0.477    -0.294    -0.829
 3     0.435     0.897    -0.067
 3     0.763    -0.330     0.555
 4   110.521    14.629   -11.377
 4     0.645    -0.348     0.681
 4     0.757     0.412    -0.507
 4    -0.105     0.842     0.528
 5   131.731    23.911     7.326
 5     0.779    -0.302     0.552
 5     0.273    -0.627    -0.728
 5     0.565     0.717    -0.407
 6   154.378    26.864    16.861
 6     0.789    -0.255    -0.559
 6     0.153     0.962    -0.223
 6     0.594     0.091     0.799
 7   112.772   -22.889    -8.686
 7     0.767     0.338     0.545
 7    -0.619     0.611     0.493
 7    -0.167    -0.715     0.678
 8   135.485   -29.822     7.576
 8     0.915     0.180     0.360
 8    -0.229    -0.505     0.832
 8     0.331    -0.844    -0.422
 9   158.422   -29.278    12.498
 9     0.910     0.026    -0.414
 9     0.021     0.993     0.114
 9     0.413    -0.111     0.903
 2    98.189   -22.530    59.435
 2     0.752    -0.660     0.026
 2     0.656     0.751     0.066
 2    -0.063    -0.033     0.997
 3   128.781    -3.449    -3.061
 3     0.481    -0.303    -0.823
 3     0.432     0.898    -0.078
 3     0.763    -0.319     0.562
 4   110.264    14.440   -11.471
 4     0.642    -0.339     0.688
 4     0.757     0.418    -0.501
 4    -0.118     0.843     0.524
 5   131.762    23.725     7.069
 5     0.785    -0.299     0.545
 5     0.270    -0.627    -0.730
 5     0.558     0.720    -0.412
 6   154.528    26.548    16.211
 6     0.798    -0.247    -0.550
 6     0.147     0.964    -0.219
 6     0.584     0.094     0.806
 7   112.566   -22.788    -9.079
 7     0.770     0.320     0.552
 7    -0.605     0.639     0.475
 7    -0.200    -0.699     0.685
 8   135.770   -29.856     6.205
 8     0.931     0.142     0.335
 8    -0.229    -0.486     0.843
 8     0.282    -0.862    -0.421
 9   159.053   -29.189     9.787
 9     0.930     0.013    -0.368
 9     0.021     0.995     0.094
 9     0.367    -0.094     0.925
 2    98.189   -22.479    59.435
 2     0.752    -0.660     0.027
 2     0.656     0.751     0.066
 2    -0.063    -0.033     0.997
 3   128.653    -3.503    -3.192
 3     0.485    -0.308    -0.819
 3     0.427     0.899    -0.084
 3     0.763    -0.310     0.567
 4   110.116    14.379   -11.495
 4     0.642    -0.332     0.692
 4     0.755     0.423    -0.499
 4    -0.128     0.843     0.521
 5   131.763    23.509     6.743
 5     0.793    -0.296     0.535
 5     0.263    -0.624    -0.734
 5     0.549     0.723    -0.418
 6   154.749    26.000    15.543
 6     0.809    -0.232    -0.541
 6     0.134     0.967    -0.214
 6     0.572     0.100     0.813
 7   112.406   -22.699    -9.269
 7     0.770     0.314     0.555
 7    -0.601     0.649     0.466
 7    -0.214    -0.692     0.688
 8   136.099   -29.867     4.905
 8     0.946     0.093     0.310
 8    -0.231    -0.478     0.847
 8     0.226    -0.873    -0.431
 9   159.434   -29.160     6.677
 9     0.950     0.003    -0.311
 9     0.022     0.996     0.080
 9     0.309    -0.081     0.947
 2    98.189   -22.479    59.435
 2     0.752    -0.660     0.027
 2     0.656     0.750     0.066
 2    -0.063    -0.033     0.997
 3   128.562    -3.631    -3.398
 3     0.490    -0.319    -0.812
 3     0.413     0.903    -0.105
 3     0.767    -0.285     0.574
 4   110.066    14.379   -11.547
 4     0.642    -0.330     0.692
 4     0.755     0.423    -0.500
 4    -0.128     0.844     0.520
 5   131.817    23.305     6.790
 5     0.794    -0.298     0.532
 5     0.257    -0.626    -0.735
 5     0.550     0.720    -0.421
 6   154.794    25.511    15.376
 6     0.813    -0.221    -0.539
 6     0.122     0.969    -0.212
 6     0.569     0.106     0.815
 7   112.025   -22.382    -9.851
 7     0.767     0.290     0.572
 7    -0.587     0.677     0.443
 7    -0.259    -0.676     0.689
 8   136.541   -29.728     2.247
 8     0.965     0.012     0.262
 8    -0.228    -0.456     0.860
 8     0.130    -0.890    -0.438
 9   159.885   -28.829     1.497
 9     0.976    -0.012    -0.218
 9     0.023     0.998     0.055
 9     0.217    -0.057     0.974
 2    98.189   -22.479    59.384
 2     0.751    -0.660     0.027
 2     0.656     0.750     0.067
 2    -0.063    -0.033     0.997
 3   128.495    -3.453    -3.612
 3     0.494    -0.337    -0.802
 3     0.399     0.906    -0.133
 3     0.772    -0.255     0.582
 4   109.954    14.452   -11.539
 4     0.643    -0.323     0.696
 4     0.755     0.421    -0.502
 4    -0.132     0.847     0.513
 5   131.860    23.171     6.671
 5     0.799    -0.300     0.523
 5     0.248    -0.627    -0.737
 5     0.547     0.719    -0.427
 6   154.906    25.145    15.169
 6     0.819    -0.208    -0.535
 6     0.109     0.972    -0.210
 6     0.563     0.113     0.818
 7   111.601   -22.105   -10.284
 7     0.764     0.264     0.589
 7    -0.575     0.692     0.437
 7    -0.293    -0.672     0.680
 8   136.865   -29.117     0.130
 8     0.977    -0.053     0.204
 8    -0.206    -0.451     0.868
 8     0.046    -0.891    -0.452
 9   160.040   -27.655    -3.357
 9     0.991    -0.040    -0.126
 9     0.045     0.998     0.044
 9     0.124    -0.048     0.991
 2    98.186   -22.429    59.387
 2     0.751    -0.660     0.028
 2     0.657     0.750     0.067
 2    -0.064    -0.033     0.997
 3   128.257    -3.509    -3.846
 3     0.501    -0.356    -0.790
 3     0.393     0.905    -0.157
 3     0.771    -0.232     0.592
 4   109.632    14.268   -11.597
 4     0.637    -0.316     0.703
 4     0.757     0.422    -0.497
 4    -0.140     0.849     0.508
 5   131.723    23.117     6.455
 5     0.802    -0.295     0.521
 5     0.249    -0.626    -0.737
 5     0.543     0.721    -0.430
 6   154.891    24.961    14.834
 6     0.823    -0.203    -0.530
 6     0.105     0.972    -0.208
 6     0.557     0.115     0.822
 7   111.216   -22.009   -10.462
 7     0.759     0.224     0.611
 7    -0.559     0.705     0.436
 7    -0.334    -0.672     0.660
 8   136.988   -28.995    -2.140
 8     0.979    -0.123     0.159
 8    -0.197    -0.436     0.878
 8    -0.038    -0.891    -0.452
 9   159.763   -27.140    -7.802
 9     0.998    -0.051    -0.040
 9     0.052     0.998     0.029
 9     0.038    -0.031     0.999
 2    98.185   -22.430    59.339
 2     0.751    -0.661     0.028
 2     0.657     0.750     0.068
 2    -0.065    -0.033     0.997
 3   128.130    -3.462    -4.047
 3     0.508    -0.374    -0.777
 3     0.379     0.905    -0.187
 3     0.773    -0.200     0.600
 4   109.549    14.266   -11.591
 4     0.636    -0.313     0.706
 4     0.758     0.422    -0.496
 4    -0.143     0.850     0.505
 5   131.617    23.089     6.410
 5     0.803    -0.294     0.520
 5     0.249    -0.626    -0.737
 5     0.541     0.721    -0.431
 6   154.934    24.856    14.642
 6     0.826    -0.200    -0.528
 6     0.103     0.973    -0.206
 6     0.554     0.115     0.824
 7   110.981   -21.709   -10.856
 7     0.755     0.188     0.628
 7    -0.539     0.722     0.433
 7    -0.372    -0.666     0.647
 8   137.011   -28.757    -4.717
 8     0.974    -0.199     0.111
 8    -0.186    -0.413     0.891
 8    -0.131    -0.889    -0.439
 9   159.263   -26.685   -12.974
 9     0.997    -0.056     0.055
 9     0.055     0.998     0.002
 9    -0.055     0.001     0.998
 2    98.210   -22.404    59.339
 2     0.750    -0.661     0.029
 2     0.657     0.749     0.068
 2    -0.065    -0.033     0.997
 3   128.213    -3.415    -4.451
 3     0.518    -0.397    -0.759
 3     0.353     0.905    -0.231
 3     0.779    -0.149     0.608
 4   109.545    14.254   -11.737
 4     0.636    -0.303     0.710
 4     0.755     0.429    -0.495
 4    -0.155     0.851     0.501
 5   131.906    22.971     5.921
 5     0.813    -0.289     0.507
 5     0.244    -0.621    -0.743
 5     0.528     0.728    -0.436
 6   155.178    24.538    13.876
 6     0.835    -0.186    -0.517
 6     0.097     0.976    -0.196
 6     0.541     0.113     0.833
 7   110.542   -21.491   -11.111
 7     0.744     0.158     0.649
 7    -0.526     0.737     0.424
 7    -0.412    -0.656     0.632
 8   136.653   -28.551    -7.300
 8     0.957    -0.282     0.064
 8    -0.177    -0.393     0.902
 8    -0.229    -0.875    -0.427
 9   158.087   -26.063   -18.421
 9     0.985    -0.060     0.161
 9     0.063     0.998    -0.021
 9    -0.159     0.030     0.987
 2    98.209   -22.404    59.338
 2     0.750    -0.661     0.029
 2     0.657     0.749     0.068
 2    -0.065    -0.032     0.997
 3   127.955    -3.345    -4.590
 3     0.526    -0.409    -0.747
 3     0.341     0.904    -0.254
 3     0.779    -0.122     0.614
 4   109.284    14.301   -11.653
 4     0.635    -0.299     0.713
 4     0.756     0.428    -0.494
 4    -0.159     0.853     0.497
 5   131.754    22.968     5.923
 5     0.815    -0.289     0.504
 5     0.240    -0.622    -0.744
 5     0.527     0.727    -0.439
 6   155.120    24.431    13.714
 6     0.838    -0.180    -0.515
 6     0.092     0.977    -0.192
 6     0.537     0.112     0.835
 7   110.328   -21.278   -11.104
 7     0.739     0.143     0.658
 7    -0.518     0.744     0.421
 7    -0.430    -0.652     0.624
 8   136.356   -28.469    -8.774
 8     0.941    -0.335     0.039
 8    -0.176    -0.386     0.905
 8    -0.288    -0.859    -0.423
 9   157.011   -26.021   -21.450
 9     0.973    -0.053     0.224
 9     0.060     0.998    -0.026
 9    -0.223     0.038     0.974
 2    98.207   -22.405    59.341
 2     0.750    -0.661     0.029
 2     0.658     0.749     0.067
 2    -0.066    -0.032     0.997
 3   128.143    -3.344    -4.724
 3     0.527    -0.415    -0.743
 3     0.326     0.904    -0.273
 3     0.784    -0.099     0.611
 4   109.472    14.309   -11.795
 4     0.632    -0.307     0.712
 4     0.760     0.425    -0.491
 4    -0.153     0.851     0.501
 5   131.727    23.028     6.025
 5     0.810    -0.295     0.509
 5     0.242    -0.622    -0.743
 5     0.535     0.725    -0.434
 6   155.082    24.434    13.879
 6     0.836    -0.179    -0.519
 6     0.092     0.978    -0.189
 6     0.541     0.110     0.833
 7   110.187   -21.050   -11.346
 7     0.730     0.124     0.672
 7    -0.507     0.757     0.411
 7    -0.458    -0.641     0.615
 8   135.630   -28.368   -11.172
 8     0.910    -0.414     0.009
 8    -0.171    -0.354     0.919
 8    -0.377    -0.839    -0.394
 9   155.049   -25.763   -26.536
 9     0.943    -0.043     0.330
 9     0.063     0.996    -0.054
 9    -0.327     0.069     0.942
 2    98.259   -22.404    59.338
 2     0.750    -0.661     0.029
 2     0.657     0.749     0.067
 2    -0.065    -0.032     0.997
 3   127.982    -3.228    -4.910
 3     0.540    -0.422    -0.730
 3     0.307     0.904    -0.294
 3     0.783    -0.066     0.617
 4   109.331    14.401   -11.651
 4     0.636    -0.295     0.713
 4     0.754     0.428    -0.496
 4    -0.160     0.854     0.494
 5   131.855    23.016     5.926
 5     0.817    -0.293     0.499
 5     0.235    -0.619    -0.748
 5     0.527     0.728    -0.438
 6   155.171    24.199    13.669
 6     0.840    -0.171    -0.516
 6     0.086     0.979    -0.184
 6     0.536     0.110     0.837
 7   109.571   -20.794   -11.300
 7     0.718     0.113     0.687
 7    -0.506     0.761     0.404
 7    -0.478    -0.638     0.604
 8   134.949   -28.222   -12.233
 8     0.895    -0.446    -0.004
 8    -0.168    -0.343     0.924
 8    -0.412    -0.827    -0.382
 9   153.796   -25.319   -28.313
 9     0.928    -0.044     0.370
 9     0.070     0.995    -0.062
 9    -0.366     0.081     0.927
 2    98.257   -22.405    59.341
 2     0.750    -0.661     0.030
 2     0.657     0.749     0.067
 2    -0.066    -0.031     0.997
 3   127.768    -3.183    -5.027
 3     0.546    -0.426    -0.723
 3     0.304     0.903    -0.301
 3     0.780    -0.056     0.622
 4   109.047    14.349   -11.645
 4     0.631    -0.295     0.718
 4     0.758     0.428    -0.491
 4    -0.163     0.854     0.492
 5   131.697    23.013     5.834
 5     0.818    -0.290     0.498
 5     0.237    -0.618    -0.748
 5     0.524     0.730    -0.438
 6   155.113    24.016    13.455
 6     0.843    -0.163    -0.513
 6     0.081     0.980    -0.179
 6     0.532     0.109     0.839
 7   109.460   -20.750   -11.279
 7     0.714     0.109     0.691
 7    -0.506     0.763     0.402
 7    -0.484    -0.637     0.600
 8   134.533   -28.325   -13.081
 8     0.881    -0.472    -0.011
 8    -0.168    -0.333     0.927
 8    -0.441    -0.816    -0.374
 9   152.722   -25.306   -30.165
 9     0.912    -0.041     0.409
 9     0.072     0.995    -0.067
 9    -0.404     0.088     0.910
 2    98.257   -22.405    59.341
 2     0.750    -0.661     0.031
 2     0.657     0.749     0.067
 2    -0.066    -0.031     0.997
 3   127.782    -3.266    -5.151
 3     0.554    -0.428    -0.716
 3     0.295     0.903    -0.310
 3     0.778    -0.040     0.625
 4   109.042    14.247   -11.716
 4     0.629    -0.294     0.720
 4     0.759     0.428    -0.489
 4    -0.165     0.854     0.492
 5   131.669    23.012     5.813
 5     0.818    -0.290     0.498
 5     0.238    -0.617    -0.749
 5     0.523     0.732    -0.437
 6   155.154    23.935    13.292
 6     0.846    -0.158    -0.510
 6     0.077     0.981    -0.177
 6     0.528     0.110     0.842
 7   109.045   -20.594   -11.393
 7     0.702     0.103     0.704
 7    -0.505     0.769     0.391
 7    -0.502    -0.630     0.592
 8   133.820   -28.285   -14.131
 8     0.862    -0.506    -0.020
 8    -0.166    -0.318     0.933
 8    -0.478    -0.802    -0.358
 9   151.386   -25.042   -32.116
 9     0.892    -0.036     0.450
 9     0.077     0.994    -0.079
 9    -0.444     0.103     0.889
 2    98.257   -22.405    59.290
 2     0.750    -0.661     0.031
 2     0.658     0.749     0.067
 2    -0.066    -0.031     0.997
 3   127.595    -3.145    -5.299
 3     0.560    -0.432    -0.708
 3     0.290     0.901    -0.320
 3     0.776    -0.027     0.629
 4   108.864    14.348   -11.642
 4     0.628    -0.292     0.722
 4     0.760     0.426    -0.490
 4    -0.165     0.856     0.488
 5   131.569    23.062     5.837
 5     0.819    -0.290     0.496
 5     0.235    -0.618    -0.749
 5     0.523     0.730    -0.439
 6   155.047    23.803    13.226
 6     0.848    -0.152    -0.508
 6     0.071     0.982    -0.176
 6     0.525     0.113     0.843
 7   108.857   -20.475   -11.341
 7     0.696     0.099     0.710
 7    -0.505     0.770     0.388
 7    -0.509    -0.630     0.586
 8   133.434   -28.301   -14.463
 8     0.854    -0.520    -0.020
 8    -0.167    -0.310     0.936
 8    -0.493    -0.796    -0.352
 9   150.673   -25.092   -33.118
 9     0.881    -0.033     0.473
 9     0.079     0.993    -0.084
 9    -0.467     0.109     0.877
 2    98.257   -22.405    59.341
 2     0.750    -0.661     0.031
 2     0.657     0.749     0.067
 2    -0.066    -0.031     0.997
 3   127.509    -3.199    -5.285
 3     0.563    -0.432    -0.706
 3     0.292     0.901    -0.317
 3     0.773    -0.028     0.633
 4   108.723    14.240   -11.649
 4     0.627    -0.287     0.725
 4     0.759     0.430    -0.488
 4    -0.172     0.856     0.487
 5   131.497    23.053     5.561
 5     0.823    -0.286     0.492
 5     0.238    -0.612    -0.753
 5     0.515     0.737    -0.437
 6   155.076    23.743    12.725
 6     0.854    -0.145    -0.500
 6     0.068     0.983    -0.169
 6     0.516     0.109     0.849
 7   108.814   -20.601   -11.290
 7     0.695     0.098     0.712
 7    -0.509     0.766     0.391
 7    -0.508    -0.635     0.583
 8   133.342   -28.528   -14.336
 8     0.853    -0.521    -0.018
 8    -0.172    -0.313     0.934
 8    -0.492    -0.794    -0.357
 9   150.482   -25.377   -33.147
 9     0.876    -0.038     0.480
 9     0.082     0.994    -0.077
 9    -0.474     0.104     0.874
 2    98.257   -22.405    59.341
 2     0.750    -0.661     0.030
 2     0.657     0.749     0.067
 2    -0.066    -0.031     0.997
 3   127.495    -3.329    -5.341
 3     0.565    -0.432    -0.704
 3     0.297     0.901    -0.313
 3     0.769    -0.033     0.637
 4   108.513    13.797   -11.836
 4     0.619    -0.285     0.732
 4     0.763     0.438    -0.475
 4    -0.187     0.852     0.488
 5   131.300    22.996     5.235
 5     0.825    -0.278     0.493
 5     0.248    -0.605    -0.755
 5     0.507     0.746    -0.431
 6   155.007    23.737    12.245
 6     0.858    -0.144    -0.493
 6     0.072     0.984    -0.162
 6     0.508     0.103     0.854
 7   108.437   -20.947   -11.182
 7     0.684     0.084     0.724
 7    -0.508     0.767     0.391
 7    -0.523    -0.636     0.568
 8   132.282   -28.890   -15.847
 8     0.818    -0.575    -0.031
 8    -0.172    -0.292     0.940
 8    -0.549    -0.764    -0.338
 9   148.241   -25.443   -36.081
 9     0.843    -0.021     0.538
 9     0.081     0.992    -0.094
 9    -0.532     0.121     0.838
 2    98.207   -22.405    59.341
 2     0.750    -0.661     0.030
 2     0.657     0.749     0.067
 2    -0.066    -0.031     0.997
 3   127.181    -3.449    -5.641
 3     0.585    -0.433    -0.688
 3     0.283     0.901    -0.326
 3     0.760    -0.004     0.649
 4   108.171    13.738   -11.819
 4     0.620    -0.276     0.735
 4     0.760     0.442    -0.476
 4    -0.194     0.853     0.483
 5   131.250    22.884     5.034
 5     0.831    -0.271     0.487
 5     0.247    -0.604    -0.757
 5     0.498     0.750    -0.436
 6   155.030    23.601    11.724
 6     0.864    -0.139    -0.483
 6     0.071     0.985    -0.157
 6     0.497     0.101     0.861
 7   107.921   -20.524   -11.353
 7     0.665     0.065     0.743
 7    -0.501     0.778     0.380
 7    -0.553    -0.625     0.550
 8   131.345   -28.582   -17.351
 8     0.788    -0.614    -0.040
 8    -0.166    -0.273     0.947
 8    -0.592    -0.741    -0.317
 9   146.496   -24.956   -38.459
 9     0.817    -0.007     0.577
 9     0.083     0.990    -0.110
 9    -0.571     0.135     0.809
 2    98.257   -22.405    59.290
 2     0.750    -0.661     0.031
 2     0.657     0.749     0.067
 2    -0.066    -0.031     0.997
 3   127.205    -3.310    -5.823
 3     0.597    -0.432    -0.677
 3     0.271     0.901    -0.335
 3     0.754     0.016     0.655
 4   108.367    13.877   -11.823
 4     0.617    -0.283     0.735
 4     0.765     0.433    -0.476
 4    -0.184     0.855     0.483
 5   131.260    22.888     5.171
 5     0.830    -0.273     0.488
 5     0.244    -0.609    -0.754
 5     0.502     0.745    -0.440
 6   154.980    23.549    11.723
 6     0.865    -0.138    -0.483
 6     0.069     0.985    -0.159
 6     0.497     0.103     0.861
 7   107.767   -20.024   -11.603
 7     0.650     0.049     0.758
 7    -0.487     0.793     0.366
 7    -0.584    -0.607     0.539
 8   129.402   -28.594   -20.204
 8     0.708    -0.705    -0.036
 8    -0.170    -0.218     0.961
 8    -0.685    -0.675    -0.274
 9   141.993   -24.684   -43.624
 9     0.734     0.033     0.679
 9     0.082     0.987    -0.141
 9    -0.674     0.158     0.720
 2    98.257   -22.405    59.290
 2     0.750    -0.661     0.031
 2     0.658     0.749     0.067
 2    -0.066    -0.031     0.997
 3   127.136    -3.070    -5.958
 3     0.610    -0.425    -0.670
 3     0.256     0.905    -0.338
 3     0.749     0.034     0.660
 4   108.262    14.243   -11.629
 4     0.616    -0.284     0.735
 4     0.768     0.421    -0.482
 4    -0.173     0.861     0.476
 5   131.172    23.044     5.580
 5     0.829    -0.275     0.489
 5     0.236    -0.619    -0.748
 5     0.507     0.735    -0.449
 6   154.811    23.624    12.246
 6     0.863    -0.135    -0.486
 6     0.061     0.984    -0.166
 6     0.500     0.112     0.858
 7   107.261   -19.346   -11.715
 7     0.630     0.042     0.775
 7    -0.482     0.803     0.348
 7    -0.608    -0.594     0.526
 8   127.597   -29.013   -21.390
 8     0.651    -0.759    -0.014
 8    -0.207    -0.193     0.959
 8    -0.730    -0.621    -0.283
 9   137.976   -25.967   -46.556
 9     0.656     0.053     0.752
 9     0.067     0.989    -0.133
 9    -0.751     0.137     0.645
 2    98.257   -22.405    59.290
 2     0.750    -0.661     0.031
 2     0.657     0.749     0.067
 2    -0.066    -0.031     0.997
 3   127.089    -3.025    -5.717
 3     0.614    -0.417    -0.671
 3     0.291     0.909    -0.297
 3     0.733    -0.013     0.679
 4   108.138    14.400   -11.536
 4     0.610    -0.286     0.739
 4     0.773     0.415    -0.479
 4    -0.171     0.864     0.474
 5   131.038    23.222     5.635
 5     0.829    -0.269     0.491
 5     0.240    -0.622    -0.744
 5     0.505     0.735    -0.453
 6   154.727    23.721    12.204
 6     0.866    -0.131    -0.483
 6     0.056     0.984    -0.168
 6     0.497     0.117     0.859
 7   106.445   -19.150   -11.614
 7     0.598     0.061     0.799
 7    -0.505     0.802     0.317
 7    -0.622    -0.593     0.511
 8   125.429   -30.541   -21.932
 8     0.594    -0.803     0.047
 8    -0.270    -0.144     0.952
 8    -0.758    -0.578    -0.302
 9   134.685   -28.313   -47.905
 9     0.605     0.100     0.790
 9     0.034     0.987    -0.157
 9    -0.795     0.122     0.593
 2    98.257   -22.405    59.290
 2     0.750    -0.661     0.031
 2     0.658     0.749     0.067
 2    -0.066    -0.031     0.997
 3   126.289    -3.580    -5.682
 3     0.632    -0.397    -0.668
 3     0.297     0.917    -0.262
 3     0.715    -0.033     0.696
 4   107.221    14.230   -11.324
 4     0.611    -0.260     0.748
 4     0.769     0.417    -0.484
 4    -0.187     0.870     0.454
 5   130.593    22.869     5.410
 5     0.841    -0.260     0.476
 5     0.233    -0.618    -0.749
 5     0.488     0.741    -0.460
 6   154.355    23.011    11.514
 6     0.878    -0.110    -0.466
 6     0.040     0.986    -0.159
 6     0.476     0.119     0.870
 7   105.196   -19.250   -11.127
 7     0.568     0.051     0.821
 7    -0.523     0.793     0.312
 7    -0.635    -0.607     0.477
 8   123.762   -31.293   -21.924
 8     0.573    -0.818     0.058
 8    -0.292    -0.136     0.947
 8    -0.766    -0.559    -0.317
 9   132.634   -29.644   -48.175
 9     0.590     0.121     0.799
 9     0.009     0.987    -0.160
 9    -0.808     0.101     0.580
 2    98.257   -22.405    59.290
 2     0.750    -0.661     0.031
 2     0.658     0.749     0.067
 2    -0.066    -0.031     0.997
 3   125.717    -3.726    -5.938
 3     0.649    -0.396    -0.652
 3     0.291     0.918    -0.266
 3     0.702    -0.016     0.710
 4   106.630    14.198   -11.090
 4     0.614    -0.241     0.751
 4     0.765     0.412    -0.494
 4    -0.192     0.878     0.437
 5   130.257    22.650     5.269
 5     0.850    -0.251     0.464
 5     0.226    -0.621    -0.749
 5     0.475     0.742    -0.473
 6   154.252    22.515    11.020
 6     0.885    -0.099    -0.455
 6     0.030     0.987    -0.158
 6     0.464     0.125     0.876
 7   104.421   -19.148   -11.051
 7     0.546     0.043     0.836
 7    -0.526     0.794     0.303
 7    -0.651    -0.606     0.457
 8   122.551   -31.269   -22.425
 8     0.548    -0.834     0.063
 8    -0.296    -0.123     0.947
 8    -0.782    -0.538    -0.314
 9   130.780   -29.857   -49.038
 9     0.569     0.139     0.811
 9    -0.002     0.985    -0.172
 9    -0.823     0.095     0.560
 2    98.257   -22.405    59.290
 2     0.750    -0.661     0.031
 2     0.658     0.749     0.067
 2    -0.066    -0.031     0.997
 3   125.380    -3.620    -6.228
 3     0.668    -0.386    -0.638
 3     0.274     0.922    -0.268
 3     0.691     0.004     0.721
 4   106.165    14.449   -10.839
 4     0.613    -0.222     0.759
 4     0.765     0.403    -0.501
 4    -0.195     0.887     0.417
 5   130.258    22.657     5.112
 5     0.861    -0.234     0.452
 5     0.221    -0.628    -0.745
 5     0.458     0.741    -0.490
 6   154.273    22.368    10.197
 6     0.896    -0.092    -0.434
 6     0.023     0.986    -0.163
 6     0.443     0.134     0.886
 7   103.805   -18.531   -11.218
 7     0.524     0.021     0.851
 7    -0.505     0.812     0.291
 7    -0.686    -0.583     0.436
 8   120.895   -30.224   -24.207
 8     0.492    -0.870     0.043
 8    -0.265    -0.101     0.959
 8    -0.829    -0.483    -0.280
 9   127.074   -28.205   -51.875
 9     0.510     0.147     0.848
 9     0.009     0.984    -0.179
 9    -0.860     0.099     0.499
 2    98.257   -22.405    59.290
 2     0.750    -0.661     0.031
 2     0.658     0.749     0.067
 2    -0.066    -0.031     0.997
 3   125.168    -3.415    -6.585
 3     0.689    -0.378    -0.621
 3     0.245     0.925    -0.287
 3     0.682     0.046     0.729
 4   106.014    14.774   -10.416
 4     0.607    -0.214     0.765
 4     0.774     0.375    -0.510
 4    -0.179     0.902     0.393
 5   130.105    22.582     5.626
 5     0.863    -0.227     0.453
 5     0.212    -0.651    -0.728
 5     0.459     0.724    -0.514
 6   154.171    22.180    10.343
 6     0.900    -0.092    -0.425
 6     0.014     0.983    -0.185
 6     0.435     0.159     0.886
 7   102.928   -17.530   -11.536
 7     0.488     0.000     0.873
 7    -0.476     0.838     0.266
 7    -0.732    -0.545     0.409
 8   118.369   -28.978   -26.342
 8     0.417    -0.908     0.047
 8    -0.228    -0.054     0.972
 8    -0.880    -0.416    -0.229
 9   122.852   -25.693   -54.504
 9     0.433     0.166     0.885
 9     0.047     0.977    -0.208
 9    -0.900     0.133     0.415
 2    98.257   -22.405    59.290
 2     0.750    -0.661     0.031
 2     0.658     0.749     0.067
 2    -0.066    -0.031     0.997
 3   124.735    -3.131    -6.779
 3     0.705    -0.365    -0.611
 3     0.225     0.928    -0.292
 3     0.672     0.068     0.735
 4   105.817    15.471    -9.909
 4     0.616    -0.201     0.762
 4     0.771     0.354    -0.530
 4    -0.164     0.913     0.372
 5   130.100    22.524     6.154
 5     0.868    -0.230     0.441
 5     0.190    -0.665    -0.721
 5     0.458     0.710    -0.534
 6   154.149    21.707    10.721
 6     0.904    -0.077    -0.420
 6    -0.009     0.980    -0.201
 6     0.427     0.184     0.885
 7   102.506   -16.913   -11.568
 7     0.475     0.003     0.880
 7    -0.474     0.843     0.253
 7    -0.741    -0.537     0.402
 8   117.742   -28.764   -26.490
 8     0.406    -0.911     0.070
 8    -0.237    -0.030     0.971
 8    -0.883    -0.411    -0.228
 9   122.153   -25.603   -54.609
 9     0.425     0.175     0.888
 9     0.046     0.975    -0.216
 9    -0.904     0.133     0.406
 2    98.257   -22.405    59.290
 2     0.750    -0.661     0.031
 2     0.658     0.749     0.067
 2    -0.066    -0.031     0.997
 3   124.844    -3.127    -6.757
 3     0.702    -0.361    -0.617
 3     0.228     0.931    -0.283
 3     0.674     0.058     0.734
 4   105.972    15.500    -9.919
 4     0.615    -0.201     0.763
 4     0.772     0.350    -0.530
 4    -0.161     0.915     0.370
 5   130.200    22.526     6.103
 5     0.868    -0.230     0.442
 5     0.192    -0.665    -0.721
 5     0.458     0.710    -0.534
 6   154.202    21.759    10.719
 6     0.904    -0.078    -0.421
 6    -0.008     0.980    -0.199
 6     0.428     0.182     0.885
 7   102.413   -16.918   -11.609
 7     0.467     0.012     0.884
 7    -0.483     0.841     0.243
 7    -0.741    -0.540     0.399
 8   117.062   -29.412   -26.520
 8     0.387    -0.917     0.095
