% Calibrated with leiden_pols
% Positions are in centimeters
Data =[
 2    98.188   -22.530    59.435
 2     0.752    -0.659     0.027
 2     0.656     0.751     0.066
 2    -0.063    -0.032     0.997
 3   128.714    -3.508    -1.930
 3     0.493    -0.231    -0.839
 3     0.414     0.909    -0.005
 3     0.764    -0.346     0.544
 4   111.079    16.102    -9.157
 4     0.508    -0.627     0.591
 4     0.834     0.186    -0.519
 4     0.215     0.756     0.617
 5   118.859    22.608    17.073
 5     0.268    -0.502     0.824
 5     0.196    -0.808    -0.554
 5     0.943     0.308    -0.117
 6   133.191    26.168    39.730
 6     0.318    -0.530    -0.789
 6     0.086     0.842    -0.529
 6     0.944     0.098     0.313
 7   111.805   -22.515    -7.127
 7     0.690     0.496     0.527
 7    -0.722     0.436     0.536
 7     0.036    -0.750     0.659
 8   117.728   -28.944    17.441
 8     0.257     0.624     0.739
 8    -0.240    -0.699     0.672
 8     0.936    -0.349    -0.029
 9   129.354   -31.155    41.659
 9     0.327     0.396    -0.859
 9     0.009     0.906     0.421
 9     0.945    -0.145     0.293
 2    98.188   -22.530    59.435
 2     0.752    -0.660     0.028
 2     0.656     0.751     0.065
 2    -0.063    -0.032     0.997
 3   128.717    -3.507    -1.884
 3     0.492    -0.230    -0.840
 3     0.415     0.909    -0.006
 3     0.765    -0.346     0.543
 4   111.031    16.153    -9.160
 4     0.507    -0.628     0.592
 4     0.834     0.185    -0.518
 4     0.216     0.756     0.617
 5   118.809    22.609    17.072
 5     0.267    -0.502     0.824
 5     0.196    -0.808    -0.554
 5     0.943     0.308    -0.117
 6   133.242    26.142    39.680
 6     0.318    -0.529    -0.789
 6     0.085     0.843    -0.528
 6     0.944     0.098     0.313
 7   111.805   -22.515    -7.126
 7     0.690     0.496     0.527
 7    -0.723     0.436     0.535
 7     0.036    -0.750     0.659
 8   117.772   -28.998    17.451
 8     0.257     0.623     0.740
 8    -0.242    -0.699     0.672
 8     0.935    -0.351    -0.029
 9   129.346   -31.259    41.617
 9     0.328     0.397    -0.858
 9     0.008     0.906     0.422
 9     0.944    -0.144     0.294
 2    98.188   -22.530    59.435
 2     0.752    -0.659     0.027
 2     0.656     0.751     0.066
 2    -0.063    -0.032     0.997
 3   128.721    -3.454    -1.837
 3     0.490    -0.231    -0.841
 3     0.415     0.909    -0.006
 3     0.766    -0.346     0.541
 4   111.030    16.154    -9.109
 4     0.505    -0.629     0.592
 4     0.836     0.184    -0.517
 4     0.216     0.755     0.618
 5   118.867    22.611    17.115
 5     0.266    -0.502     0.824
 5     0.195    -0.809    -0.554
 5     0.944     0.306    -0.116
 6   133.141    26.142    39.730
 6     0.317    -0.530    -0.789
 6     0.085     0.842    -0.529
 6     0.944     0.098     0.312
 7   111.855   -22.464    -7.126
 7     0.690     0.497     0.527
 7    -0.723     0.436     0.535
 7     0.036    -0.750     0.659
 8   117.779   -28.995    17.441
 8     0.258     0.622     0.740
 8    -0.241    -0.700     0.671
 8     0.936    -0.351    -0.030
 9   129.347   -31.260    41.669
 9     0.329     0.398    -0.857
 9     0.007     0.906     0.422
 9     0.944    -0.145     0.295
 2    98.188   -22.530    59.435
 2     0.752    -0.659     0.027
 2     0.656     0.751     0.066
 2    -0.063    -0.032     0.997
 3   128.646    -3.505    -1.812
 3     0.489    -0.231    -0.842
 3     0.415     0.909    -0.007
 3     0.766    -0.347     0.540
 4   110.978    16.103    -9.106
 4     0.503    -0.629     0.593
 4     0.837     0.183    -0.515
 4     0.215     0.755     0.618
 5   118.767    22.561    17.113
 5     0.266    -0.500     0.825
 5     0.195    -0.810    -0.552
 5     0.944     0.306    -0.117
 6   133.141    26.090    39.755
 6     0.318    -0.530    -0.789
 6     0.084     0.842    -0.529
 6     0.944     0.099     0.311
 7   111.856   -22.464    -7.075
 7     0.689     0.497     0.528
 7    -0.724     0.435     0.535
 7     0.036    -0.751     0.659
 8   117.773   -28.997    17.476
 8     0.258     0.620     0.741
 8    -0.242    -0.701     0.670
 8     0.935    -0.352    -0.030
 9   129.397   -31.311    41.669
 9     0.329     0.400    -0.856
 9     0.007     0.905     0.424
 9     0.944    -0.145     0.295
 2    98.188   -22.530    59.435
 2     0.752    -0.659     0.027
 2     0.656     0.751     0.066
 2    -0.063    -0.032     0.997
 3   128.650    -3.503    -1.765
 3     0.488    -0.231    -0.842
 3     0.416     0.909    -0.007
 3     0.767    -0.347     0.539
 4   111.083    16.105    -9.110
 4     0.502    -0.631     0.592
 4     0.837     0.182    -0.514
 4     0.217     0.753     0.620
 5   118.700    22.563    17.155
 5     0.264    -0.500     0.826
 5     0.194    -0.811    -0.551
 5     0.945     0.305    -0.116
 6   133.074    26.093    39.797
 6     0.316    -0.530    -0.790
 6     0.084     0.842    -0.529
 6     0.945     0.098     0.310
 7   111.859   -22.463    -7.081
 7     0.689     0.499     0.527
 7    -0.724     0.434     0.535
 7     0.038    -0.750     0.660
 8   117.772   -28.996    17.476
 8     0.258     0.621     0.741
 8    -0.241    -0.700     0.671
 8     0.935    -0.351    -0.030
 9   129.347   -31.311    41.771
 9     0.328     0.400    -0.857
 9     0.007     0.905     0.424
 9     0.944    -0.145     0.293
 2    98.188   -22.530    59.435
 2     0.752    -0.659     0.027
 2     0.656     0.751     0.066
 2    -0.063    -0.032     0.997
 3   128.737    -3.499    -1.676
 3     0.484    -0.229    -0.845
 3     0.416     0.909    -0.007
 3     0.770    -0.349     0.534
 4   111.270    16.158    -9.120
 4     0.506    -0.635     0.585
 4     0.834     0.185    -0.520
 4     0.221     0.750     0.622
 5   119.204    22.729    17.092
 5     0.271    -0.514     0.815
 5     0.198    -0.798    -0.567
 5     0.942     0.314    -0.113
 6   133.771    26.141    39.475
 6     0.319    -0.500    -0.807
 6     0.089     0.862    -0.497
 6     0.943     0.084     0.318
 7   112.267   -22.530    -7.109
 7     0.697     0.502     0.512
 7    -0.715     0.442     0.541
 7     0.045    -0.743     0.667
 8   119.249   -29.536    17.424
 8     0.297     0.625     0.723
 8    -0.258    -0.676     0.689
 8     0.920    -0.390    -0.039
 9   131.902   -31.898    40.793
 9     0.359     0.357    -0.863
 9    -0.007     0.925     0.379
 9     0.933    -0.130     0.334
 2    98.188   -22.530    59.435
 2     0.752    -0.659     0.027
 2     0.656     0.751     0.066
 2    -0.063    -0.032     0.997
 3   129.112    -3.390    -1.789
 3     0.474    -0.248    -0.846
 3     0.423     0.905    -0.027
 3     0.772    -0.346     0.533
 4   111.550    16.093    -9.322
 4     0.526    -0.619     0.584
 4     0.824     0.200    -0.530
 4     0.211     0.759     0.615
 5   121.764    23.617    16.416
 5     0.370    -0.492     0.790
 5     0.234    -0.772    -0.589
 5     0.899     0.401    -0.169
 6   138.471    27.394    36.698
 6     0.414    -0.463    -0.787
 6     0.121     0.882    -0.452
 6     0.902     0.090     0.420
 7   112.775   -22.626    -7.382
 7     0.714     0.489     0.502
 7    -0.699     0.456     0.550
 7     0.040    -0.743     0.667
 8   122.067   -30.416    17.057
 8     0.401     0.608     0.687
 8    -0.282    -0.630     0.722
 8     0.871    -0.482    -0.081
 9   136.875   -32.828    38.438
 9     0.446     0.292    -0.847
 9    -0.025     0.949     0.313
 9     0.894    -0.119     0.430
 2    98.188   -22.530    59.435
 2     0.752    -0.659     0.028
 2     0.656     0.751     0.066
 2    -0.063    -0.032     0.997
 3   129.176    -3.364    -1.958
 3     0.472    -0.256    -0.844
 3     0.428     0.902    -0.033
 3     0.770    -0.347     0.535
 4   111.643    15.952    -9.700
 4     0.574    -0.563     0.596
 4     0.804     0.250    -0.538
 4     0.153     0.787     0.596
 5   125.190    24.258    14.779
 5     0.506    -0.450     0.737
 5     0.264    -0.732    -0.627
 5     0.820     0.512    -0.251
