% Calibrated with leiden_pols
% Positions are in centimeters
Data =[
 2    98.255   -22.465    59.414
 2     0.755    -0.657     0.011
 2     0.654     0.753     0.059
 2    -0.046    -0.039     0.998
 3   126.455    -4.479    -3.932
 3     0.567    -0.439    -0.699
 3     0.446     0.874    -0.185
 3     0.692    -0.207     0.690
 4   106.655    13.694    -9.229
 4     0.567    -0.456     0.687
 4     0.821     0.246    -0.514
 4     0.064     0.855     0.513
 5   123.416    24.396    12.410
 5     0.610    -0.670     0.425
 5     0.182    -0.403    -0.897
 5     0.771     0.624    -0.124
 6   137.826     2.199    18.845
 6     0.376     0.440    -0.818
 6    -0.921     0.270    -0.276
 6     0.101     0.856     0.505
 7   109.180   -23.865    -8.324
 7     0.746     0.298     0.595
 7    -0.634     0.591     0.499
 7    -0.203    -0.749     0.630
 8   129.422   -28.016    11.623
 8     0.751     0.653     0.094
 8     0.027    -0.175     0.984
 8     0.660    -0.736    -0.149
 9   136.053    -3.714    10.383
 9     0.019    -0.671    -0.742
 9     0.943    -0.233     0.234
 9    -0.330    -0.704     0.629
 2    98.254   -22.465    59.465
 2     0.755    -0.657     0.011
 2     0.654     0.753     0.059
 2    -0.046    -0.039     0.998
 3   126.585    -4.425    -4.017
 3     0.563    -0.441    -0.701
 3     0.447     0.873    -0.188
 3     0.694    -0.208     0.688
 4   106.831    13.719    -9.354
 4     0.567    -0.458     0.685
 4     0.821     0.248    -0.513
 4     0.064     0.853     0.516
 5   123.478    24.426    12.295
 5     0.606    -0.673     0.425
 5     0.182    -0.402    -0.897
 5     0.774     0.621    -0.122
 6   137.874     2.199    18.841
 6     0.377     0.435    -0.820
 6    -0.920     0.269    -0.278
 6     0.101     0.859     0.500
 7   109.302   -23.864    -8.398
 7     0.748     0.297     0.594
 7    -0.632     0.593     0.500
 7    -0.204    -0.749     0.630
 8   129.597   -27.964    11.521
 8     0.751     0.654     0.091
 8     0.030    -0.174     0.984
 8     0.660    -0.736    -0.150
 9   136.153    -3.662    10.357
 9     0.017    -0.670    -0.742
 9     0.944    -0.234     0.233
 9    -0.330    -0.704     0.628
 2    98.254   -22.414    59.414
 2     0.754    -0.657     0.011
 2     0.655     0.752     0.059
 2    -0.046    -0.039     0.998
 3   126.733    -4.349    -4.120
 3     0.563    -0.445    -0.698
 3     0.448     0.872    -0.193
 3     0.694    -0.204     0.689
 4   106.830    13.770    -9.355
 4     0.566    -0.457     0.686
 4     0.821     0.247    -0.513
 4     0.064     0.854     0.515
 5   123.478    24.476    12.295
 5     0.606    -0.672     0.426
 5     0.181    -0.404    -0.896
 5     0.774     0.620    -0.123
 6   137.917     2.300    18.844
 6     0.380     0.432    -0.821
 6    -0.920     0.268    -0.283
 6     0.099     0.861     0.496
 7   109.343   -23.866    -8.544
 7     0.749     0.294     0.593
 7    -0.629     0.596     0.499
 7    -0.207    -0.747     0.631
 8   129.621   -27.913    11.495
 8     0.750     0.655     0.089
 8     0.031    -0.171     0.985
 8     0.660    -0.736    -0.149
 9   136.155    -3.611    10.355
 9     0.016    -0.670    -0.743
 9     0.944    -0.234     0.231
 9    -0.329    -0.705     0.628
 2    98.228   -22.415    59.392
 2     0.755    -0.657     0.012
 2     0.654     0.753     0.059
 2    -0.047    -0.039     0.998
 3   126.682    -4.298    -4.171
 3     0.563    -0.447    -0.697
 3     0.448     0.871    -0.195
 3     0.694    -0.203     0.690
 4   106.781    13.823    -9.283
 4     0.564    -0.456     0.689
 4     0.823     0.244    -0.512
 4     0.065     0.855     0.513
 5   123.431    24.478    12.391
 5     0.605    -0.672     0.428
 5     0.181    -0.406    -0.895
 5     0.775     0.618    -0.124
 6   137.912     2.428    18.894
 6     0.384     0.426    -0.822
 6    -0.918     0.267    -0.288
 6     0.098     0.864     0.492
 7   109.343   -23.815    -8.493
 7     0.750     0.294     0.592
 7    -0.628     0.597     0.500
 7    -0.207    -0.747     0.632
 8   129.602   -27.860    11.512
 8     0.749     0.657     0.089
 8     0.032    -0.172     0.985
 8     0.662    -0.734    -0.150
 9   136.157    -3.560    10.381
 9     0.018    -0.668    -0.744
 9     0.944    -0.234     0.232
 9    -0.329    -0.706     0.626
 2    98.228   -22.415    59.392
 2     0.755    -0.657     0.012
 2     0.654     0.753     0.059
 2    -0.047    -0.039     0.998
 3   126.632    -4.247    -4.172
 3     0.563    -0.447    -0.697
 3     0.448     0.871    -0.195
 3     0.694    -0.203     0.690
 4   106.780    13.874    -9.284
 4     0.564    -0.456     0.690
 4     0.823     0.243    -0.512
 4     0.065     0.856     0.511
 5   123.363    24.481    12.457
 5     0.603    -0.673     0.429
 5     0.180    -0.409    -0.894
 5     0.777     0.617    -0.125
 6   137.860     2.378    19.019
 6     0.385     0.423    -0.823
 6    -0.918     0.266    -0.290
 6     0.098     0.866     0.488
 7   109.294   -23.789    -8.497
 7     0.750     0.295     0.592
 7    -0.628     0.597     0.499
 7    -0.206    -0.746     0.633
 8   129.509   -27.833    11.555
 8     0.747     0.659     0.090
 8     0.032    -0.173     0.984
 8     0.664    -0.732    -0.150
 9   136.158    -3.560    10.433
 9     0.020    -0.667    -0.745
 9     0.944    -0.233     0.233
 9    -0.329    -0.708     0.625
 2    98.253   -22.415    59.417
 2     0.755    -0.657     0.012
 2     0.654     0.753     0.059
 2    -0.047    -0.039     0.998
 3   126.632    -4.247    -4.121
 3     0.562    -0.447    -0.698
 3     0.448     0.871    -0.195
 3     0.694    -0.203     0.689
 4   106.784    13.876    -9.239
 4     0.561    -0.458     0.690
 4     0.825     0.240    -0.511
 4     0.067     0.856     0.512
 5   123.266    24.483    12.551
 5     0.601    -0.673     0.432
 5     0.180    -0.412    -0.893
 5     0.778     0.614    -0.127
 6   137.859     2.379    19.067
 6     0.387     0.420    -0.823
 6    -0.917     0.267    -0.293
 6     0.098     0.867     0.486
 7   109.299   -23.737    -8.452
 7     0.750     0.297     0.591
 7    -0.629     0.596     0.499
 7    -0.204    -0.746     0.634
 8   129.512   -27.781    11.602
 8     0.746     0.660     0.090
 8     0.033    -0.173     0.984
 8     0.665    -0.731    -0.151
 9   136.056    -3.536    10.486
 9     0.021    -0.667    -0.745
 9     0.944    -0.233     0.234
 9    -0.330    -0.707     0.625
 2    98.228   -22.415    59.392
 2     0.755    -0.657     0.012
 2     0.654     0.753     0.059
 2    -0.047    -0.039     0.998
 3   126.639    -4.245    -4.027
 3     0.562    -0.447    -0.699
 3     0.448     0.871    -0.196
 3     0.696    -0.203     0.688
 4   106.792    13.827    -9.196
 4     0.564    -0.458     0.688
 4     0.823     0.239    -0.515
 4     0.070     0.856     0.511
 5   123.215    24.433    12.676
 5     0.601    -0.670     0.436
 5     0.180    -0.417    -0.890
 5     0.778     0.614    -0.130
 6   137.904     2.377    19.027
 6     0.389     0.425    -0.820
 6    -0.916     0.267    -0.294
 6     0.095     0.865     0.491
 7   109.233   -23.735    -8.383
 7     0.748     0.299     0.592
 7    -0.632     0.592     0.499
 7    -0.201    -0.748     0.632
 8   129.339   -27.781    11.653
 8     0.746     0.659     0.093
 8     0.033    -0.178     0.983
 8     0.665    -0.731    -0.154
 9   135.998    -3.616    10.366
 9     0.023    -0.673    -0.740
 9     0.942    -0.232     0.240
 9    -0.333    -0.702     0.629
 2    98.228   -22.415    59.417
 2     0.755    -0.657     0.012
 2     0.654     0.753     0.059
 2    -0.047    -0.039     0.998
 3   126.461    -4.348    -3.947
 3     0.562    -0.447    -0.698
 3     0.447     0.871    -0.195
 3     0.695    -0.203     0.688
 4   106.664    13.776    -9.169
 4     0.563    -0.456     0.690
 4     0.823     0.238    -0.514
 4     0.069     0.857     0.509
 5   123.136    24.406    12.679
 5     0.602    -0.668     0.438
 5     0.180    -0.419    -0.889
 5     0.777     0.614    -0.132
 6   137.853     2.378    19.029
 6     0.393     0.427    -0.817
 6    -0.914     0.269    -0.297
 6     0.094     0.863     0.494
 7   109.084   -23.812    -8.330
 7     0.747     0.299     0.594
 7    -0.634     0.590     0.500
 7    -0.201    -0.750     0.630
 8   129.235   -27.730    11.737
 8     0.747     0.658     0.092
 8     0.035    -0.180     0.983
 8     0.663    -0.731    -0.158
 9   135.964    -3.568    10.373
 9     0.021    -0.677    -0.737
 9     0.941    -0.234     0.242
 9    -0.336    -0.698     0.631
 2    98.255   -22.465    59.414
 2     0.755    -0.657     0.011
 2     0.654     0.753     0.059
 2    -0.046    -0.039     0.998
 3   126.456    -4.350    -3.886
 3     0.563    -0.446    -0.699
 3     0.448     0.871    -0.192
 3     0.693    -0.206     0.689
 4   106.671    13.700    -9.199
 4     0.568    -0.456     0.686
 4     0.820     0.240    -0.519
 4     0.071     0.857     0.510
 5   122.602    24.320    12.778
 5     0.598    -0.643     0.482
 5     0.194    -0.466    -0.863
 5     0.778     0.608    -0.153
 6   138.513     3.610    18.705
 6     0.480     0.372    -0.797
 6    -0.873     0.290    -0.389
 6     0.089     0.881     0.461
 7   109.042   -23.853    -8.183
 7     0.745     0.304     0.594
 7    -0.640     0.577     0.508
 7    -0.189    -0.758     0.623
 8   128.096   -27.580    12.764
 8     0.735     0.643     0.211
 8     0.017    -0.330     0.944
 8     0.677    -0.691    -0.253
 9   137.885    -6.573     9.041
 9     0.186    -0.715    -0.675
 9     0.870    -0.201     0.449
 9    -0.457    -0.670     0.585
 2    98.230   -22.414    59.414
 2     0.755    -0.657     0.011
 2     0.654     0.753     0.059
 2    -0.046    -0.039     0.998
 3   126.493    -4.409    -3.951
 3     0.572    -0.424    -0.705
 3     0.450     0.877    -0.160
 3     0.686    -0.226     0.691
 4   106.685    13.788    -9.325
 4     0.555    -0.465     0.690
 4     0.828     0.229    -0.511
 4     0.079     0.855     0.511
 5   121.630    24.180    13.371
 5     0.581    -0.586     0.567
 5     0.210    -0.564    -0.798
 5     0.786     0.582    -0.204
 6   139.928     6.350    18.380
 6     0.625     0.272    -0.735
 6    -0.778     0.281    -0.559
 6     0.057     0.920     0.384
 7   109.090   -23.794    -8.117
 7     0.732     0.314     0.604
 7    -0.659     0.552     0.512
 7    -0.173    -0.772     0.611
 8   125.391   -27.761    14.454
 8     0.682     0.563     0.468
 8    -0.060    -0.593     0.802
 8     0.728    -0.575    -0.371
 9   140.683   -14.351    10.017
 9     0.505    -0.699    -0.514
 9     0.653    -0.079     0.750
 9    -0.564    -0.711     0.417
 2    98.230   -22.414    59.414
 2     0.755    -0.657     0.010
 2     0.654     0.753     0.059
 2    -0.046    -0.039     0.998
 3   126.675    -4.542    -3.944
 3     0.577    -0.382    -0.723
 3     0.448     0.886    -0.109
 3     0.682    -0.262     0.682
 4   106.721    13.660    -9.539
 4     0.545    -0.469     0.695
 4     0.835     0.230    -0.499
 4     0.074     0.852     0.516
 5   121.095    24.240    13.221
 5     0.587    -0.509     0.633
 5     0.247    -0.630    -0.735
 5     0.771     0.586    -0.244
 6   141.321    10.055    17.596
 6     0.746     0.206    -0.635
 6    -0.664     0.274    -0.694
 6     0.033     0.939     0.338
 7   108.982   -23.887    -7.913
 7     0.709     0.336     0.620
 7    -0.689     0.517     0.508
 7    -0.150    -0.787     0.598
 8   121.941   -28.711    15.565
 8     0.582     0.428     0.694
 8    -0.179    -0.763     0.619
 8     0.794    -0.484    -0.367
 9   141.580   -23.591    13.557
 9     0.779    -0.567    -0.277
 9     0.376     0.075     0.922
 9    -0.500    -0.821     0.269
 2    98.230   -22.465    59.414
 2     0.755    -0.657     0.011
 2     0.654     0.753     0.059
 2    -0.046    -0.039     0.998
 3   126.679    -4.671    -3.965
 3     0.578    -0.349    -0.738
 3     0.452     0.888    -0.065
 3     0.678    -0.297     0.671
 4   106.248    13.162    -9.768
 4     0.518    -0.468     0.717
 4     0.854     0.237    -0.463
 4     0.046     0.851     0.521
 5   120.246    25.259    12.568
 5     0.583    -0.405     0.707
 5     0.332    -0.674    -0.658
 5     0.741     0.618    -0.259
 6   142.553    15.893    17.171
 6     0.865     0.118    -0.491
 6    -0.496     0.350    -0.795
 6     0.079     0.929     0.357
 7   109.112   -24.052    -7.682
 7     0.698     0.347     0.626
 7    -0.704     0.491     0.513
 7    -0.130    -0.799     0.587
 8   119.616   -29.133    16.133
 8     0.480     0.284     0.831
 8    -0.266    -0.856     0.443
 8     0.836    -0.433    -0.335
 9   140.687   -31.828    17.332
 9     0.912    -0.410    -0.035
 9     0.067     0.073     0.995
 9    -0.405    -0.909     0.092
 2    98.230   -22.465    59.414
 2     0.755    -0.657     0.011
 2     0.654     0.753     0.059
 2    -0.046    -0.039     0.998
 3   126.777    -4.768    -3.838
 3     0.573    -0.320    -0.755
 3     0.455     0.889    -0.030
 3     0.681    -0.326     0.655
 4   106.160    12.827   -10.009
 4     0.496    -0.473     0.729
 4     0.868     0.237    -0.436
 4     0.032     0.848     0.528
 5   119.718    25.786    12.404
 5     0.564    -0.338     0.755
 5     0.380    -0.705    -0.597
 5     0.733     0.623    -0.270
 6   142.936    20.392    18.531
 6     0.929    -0.034    -0.368
 6    -0.337     0.322    -0.885
 6     0.149     0.946     0.285
 7   109.196   -24.122    -7.667
 7     0.688     0.361     0.630
 7    -0.717     0.476     0.509
 7    -0.116    -0.802     0.586
 8   118.578   -28.877    16.407
 8     0.433     0.221     0.874
 8    -0.282    -0.888     0.363
 8     0.856    -0.403    -0.322
 9   139.624   -33.905    18.591
 9     0.924    -0.379     0.050
 9    -0.033     0.058     0.998
 9    -0.380    -0.924     0.040
 2    98.230   -22.465    59.414
 2     0.755    -0.657     0.011
 2     0.654     0.753     0.059
 2    -0.046    -0.039     0.998
 3   126.879    -4.767    -3.836
 3     0.572    -0.318    -0.757
 3     0.457     0.888    -0.027
 3     0.681    -0.331     0.652
 4   106.021    12.654    -9.952
 4     0.474    -0.479     0.739
 4     0.880     0.229    -0.416
 4     0.029     0.847     0.530
 5   118.400    25.819    12.660
 5     0.532    -0.285     0.799
 5     0.412    -0.737    -0.534
 5     0.740     0.612    -0.275
 6   141.449    22.533    19.076
 6     0.957    -0.026    -0.291
 6    -0.272     0.275    -0.922
 6     0.105     0.961     0.254
 7   109.545   -24.122    -7.824
 7     0.687     0.367     0.628
 7    -0.718     0.479     0.505
 7    -0.115    -0.798     0.591
 8   117.824   -25.441    17.243
 8     0.443     0.234     0.866
 8    -0.129    -0.939     0.318
 8     0.887    -0.252    -0.385
 9   136.383   -35.088    20.173
 9     0.856    -0.433     0.283
 9    -0.324    -0.024     0.945
 9    -0.403    -0.901    -0.161
 2    98.227   -22.466    59.417
 2     0.755    -0.657     0.012
 2     0.654     0.753     0.059
 2    -0.047    -0.039     0.998
 3   126.913    -4.159    -3.953
 3     0.543    -0.350    -0.764
 3     0.469     0.879    -0.068
 3     0.696    -0.322     0.641
 4   104.728    12.474    -9.503
 4     0.370    -0.536     0.760
 4     0.926     0.144    -0.349
 4     0.077     0.832     0.549
 5   115.370    21.474    15.416
 5     0.492    -0.197     0.849
 5     0.304    -0.875    -0.377
 5     0.816     0.443    -0.370
 6   137.784    19.606    17.560
 6     0.962     0.208    -0.179
 6    -0.212     0.160    -0.964
 6    -0.171     0.965     0.195
 7   110.354   -24.149    -8.923
 7     0.714     0.385     0.585
 7    -0.694     0.504     0.515
 7    -0.096    -0.773     0.626
 8   118.144   -24.635    16.867
 8     0.453     0.250     0.856
 8    -0.104    -0.939     0.328
 8     0.885    -0.237    -0.398
 9   136.852   -35.019    19.413
 9     0.862    -0.416     0.292
 9    -0.310     0.024     0.950
 9    -0.401    -0.909    -0.107
 2    98.253   -22.466    59.417
 2     0.755    -0.657     0.012
 2     0.654     0.753     0.059
 2    -0.047    -0.039     0.998
 3   126.851    -3.807    -4.167
 3     0.549    -0.373    -0.750
 3     0.463     0.880    -0.097
 3     0.696    -0.295     0.655
 4   104.153    12.328    -9.446
 4     0.310    -0.563     0.767
 4     0.946     0.101    -0.307
 4     0.094     0.820     0.563
 5   113.393    22.135    15.436
 5     0.441    -0.140     0.887
 5     0.338    -0.889    -0.307
 5     0.831     0.435    -0.345
 6   136.006    23.545    18.945
 6     0.989     0.115    -0.087
 6    -0.098     0.100    -0.990
 6    -0.105     0.988     0.108
 7   109.966   -23.548    -8.923
 7     0.697     0.400     0.595
 7    -0.711     0.493     0.501
 7    -0.093    -0.773     0.627
 8   117.173   -24.248    16.885
 8     0.425     0.127     0.896
 8    -0.151    -0.966     0.208
 8     0.892    -0.223    -0.391
 9   134.925   -37.205    20.165
 9     0.831    -0.402     0.385
 9    -0.409     0.025     0.911
 9    -0.376    -0.915    -0.143
 2    98.252   -22.466    59.417
 2     0.755    -0.657     0.012
 2     0.654     0.753     0.059
 2    -0.047    -0.038     0.998
 3   126.853    -3.304    -4.255
 3     0.553    -0.353    -0.756
 3     0.461     0.884    -0.074
 3     0.694    -0.308     0.650
 4   103.128    11.818    -9.470
 4     0.195    -0.595     0.780
 4     0.977     0.048    -0.207
 4     0.086     0.802     0.590
 5   110.940    21.842    15.798
 5     0.390     0.025     0.920
 5     0.388    -0.911    -0.140
 5     0.834     0.412    -0.365
 6   132.830    27.801    19.155
 6     0.990     0.113     0.083
 6     0.072     0.103    -0.992
 6    -0.120     0.988     0.093
 7   109.982   -23.392    -8.900
 7     0.695     0.412     0.590
 7    -0.714     0.490     0.499
 7    -0.084    -0.768     0.634
 8   116.569   -24.027    16.973
 8     0.399     0.030     0.917
 8    -0.178    -0.978     0.109
 8     0.899    -0.206    -0.384
 9   133.537   -38.757    20.663
 9     0.802    -0.404     0.441
 9    -0.474     0.019     0.880
 9    -0.363    -0.914    -0.175
 2    98.252   -22.415    59.391
 2     0.754    -0.657     0.013
 2     0.655     0.753     0.059
 2    -0.047    -0.038     0.998
 3   126.744    -2.921    -4.411
 3     0.554    -0.354    -0.755
 3     0.450     0.888    -0.085
 3     0.700    -0.293     0.650
 4   102.865    12.161    -8.978
 4     0.187    -0.591     0.785
 4     0.974     0.009    -0.225
 4     0.126     0.806     0.577
 5   112.013    19.843    16.770
 5     0.435     0.058     0.898
 5     0.314    -0.945    -0.091
 5     0.843     0.321    -0.430
 6   133.326    26.623    18.902
 6     0.967     0.213     0.140
 6     0.134     0.042    -0.990
 6    -0.216     0.976     0.011
 7   109.864   -22.967    -9.250
 7     0.696     0.419     0.583
 7    -0.712     0.503     0.489
 7    -0.088    -0.756     0.648
 8   116.606   -23.991    16.689
 8     0.397     0.019     0.918
 8    -0.193    -0.976     0.103
 8     0.897    -0.218    -0.384
 9   133.364   -39.039    20.342
 9     0.797    -0.409     0.447
 9    -0.481     0.017     0.876
 9    -0.365    -0.912    -0.182
 2    98.299   -22.416    59.394
 2     0.754    -0.657     0.013
 2     0.655     0.753     0.059
 2    -0.048    -0.037     0.998
 3   126.813    -2.818    -4.567
 3     0.556    -0.352    -0.754
 3     0.438     0.893    -0.092
 3     0.706    -0.280     0.650
 4   103.225    12.407    -8.986
 4     0.195    -0.603     0.774
 4     0.969    -0.002    -0.245
 4     0.149     0.798     0.583
 5   112.583    19.119    17.071
 5     0.449     0.001     0.894
 5     0.278    -0.951    -0.137
 5     0.849     0.309    -0.427
 6   133.801    25.587    19.381
 6     0.969     0.215     0.123
 6     0.127    -0.003    -0.992
 6    -0.213     0.976    -0.030
 7   109.873   -22.866    -9.314
 7     0.690     0.430     0.582
 7    -0.719     0.499     0.483
 7    -0.083    -0.752     0.654
 8   116.455   -23.866    16.679
 8     0.389    -0.017     0.921
 8    -0.201    -0.978     0.066
 8     0.899    -0.211    -0.384
 9   132.712   -39.755    20.403
 9     0.778    -0.416     0.473
 9    -0.512     0.014     0.858
 9    -0.363    -0.909    -0.200
 2    98.302   -22.415    59.391
 2     0.754    -0.658     0.013
 2     0.655     0.752     0.059
 2    -0.047    -0.037     0.998
 3   127.179    -3.177    -4.750
 3     0.565    -0.325    -0.759
 3     0.422     0.903    -0.071
 3     0.708    -0.281     0.646
 4   104.095    12.611    -9.081
 4     0.221    -0.595     0.773
 4     0.963     0.006    -0.270
 4     0.155     0.803     0.574
 5   114.449    18.248    16.986
 5     0.483    -0.051     0.874
 5     0.232    -0.955    -0.182
 5     0.844     0.290    -0.450
 6   135.390    24.617    18.664
 6     0.956     0.264     0.126
 6     0.140    -0.033    -0.990
 6    -0.257     0.964    -0.069
 7   110.054   -22.794    -9.891
 7     0.662     0.473     0.583
 7    -0.747     0.484     0.456
 7    -0.066    -0.736     0.673
 8   116.542   -23.693    16.429
 8     0.384    -0.050     0.922
 8    -0.210    -0.977     0.033
 8     0.899    -0.207    -0.386
 9   132.200   -40.428    20.122
 9     0.753    -0.422     0.507
 9    -0.548     0.025     0.835
 9    -0.365    -0.906    -0.211
 2    98.302   -22.415    59.391
 2     0.754    -0.658     0.013
 2     0.655     0.752     0.059
 2    -0.047    -0.037     0.998
 3   127.843    -3.457    -4.797
 3     0.569    -0.298    -0.767
 3     0.415     0.908    -0.043
 3     0.709    -0.295     0.640
 4   104.974    12.885    -9.519
 4     0.227    -0.615     0.755
 4     0.962     0.019    -0.273
 4     0.153     0.788     0.596
 5   114.144    18.345    16.865
 5     0.447    -0.028     0.894
 5     0.230    -0.963    -0.144
 5     0.864     0.270    -0.424
 6   135.252    24.653    19.493
 6     0.969     0.217     0.114
 6     0.123    -0.028    -0.992
 6    -0.212     0.976    -0.055
 7   110.008   -22.630    -9.516
 7     0.649     0.490     0.583
 7    -0.760     0.461     0.458
 7    -0.044    -0.740     0.671
 8   115.918   -23.095    16.853
 8     0.364    -0.119     0.924
 8    -0.209    -0.977    -0.044
 8     0.907    -0.177    -0.380
 9   130.809   -41.060    21.092
 9     0.731    -0.411     0.547
 9    -0.589     0.025     0.807
 9    -0.344    -0.911    -0.222
 2    98.302   -22.415    59.340
 2     0.754    -0.658     0.013
 2     0.655     0.752     0.059
 2    -0.047    -0.037     0.998
 3   127.671    -3.306    -4.737
 3     0.570    -0.284    -0.772
 3     0.416     0.908    -0.025
 3     0.708    -0.307     0.635
 4   104.416    12.656    -9.541
 4     0.196    -0.620     0.760
 4     0.970     0.009    -0.242
 4     0.143     0.784     0.603
 5   113.416    18.657    16.814
 5     0.433    -0.025     0.901
 5     0.257    -0.955    -0.150
 5     0.864     0.296    -0.407
 6   133.974    26.554    19.478
 6     0.954     0.229     0.192
 6     0.204    -0.028    -0.979
 6    -0.219     0.973    -0.073
 7   110.024   -22.631    -9.540
 7     0.636     0.510     0.579
 7    -0.771     0.454     0.447
 7    -0.035    -0.730     0.682
 8   115.861   -23.024    16.791
 8     0.355    -0.144     0.923
 8    -0.217    -0.974    -0.068
 8     0.909    -0.176    -0.377
 9   129.865   -42.003    21.379
 9     0.690    -0.430     0.585
 9    -0.641     0.012     0.766
 9    -0.336    -0.903    -0.265
 2    98.302   -22.389    59.340
 2     0.754    -0.658     0.013
 2     0.655     0.752     0.059
 2    -0.047    -0.037     0.998
 3   127.907    -3.274    -4.848
 3     0.564    -0.282    -0.777
 3     0.420     0.906    -0.023
 3     0.711    -0.314     0.629
 4   104.507    12.246    -9.811
 4     0.172    -0.624     0.763
 4     0.976     0.004    -0.216
 4     0.131     0.781     0.609
 5   112.949    18.856    16.490
 5     0.414     0.025     0.910
 5     0.289    -0.952    -0.105
 5     0.863     0.306    -0.401
 6   133.249    27.639    19.320
 6     0.951     0.212     0.225
 6     0.230    -0.001    -0.973
 6    -0.206     0.977    -0.050
 7   110.746   -22.612    -9.665
 7     0.635     0.526     0.566
 7    -0.772     0.443     0.455
 7    -0.011    -0.725     0.688
 8   116.141   -22.669    16.693
 8     0.333    -0.191     0.923
 8    -0.223    -0.968    -0.119
 8     0.916    -0.166    -0.365
 9   128.672   -43.199    22.026
 9     0.630    -0.446     0.638
 9    -0.709     0.007     0.704
 9    -0.318    -0.895    -0.310
 2    98.348   -22.391    59.346
 2     0.754    -0.658     0.014
 2     0.655     0.752     0.060
 2    -0.049    -0.037     0.998
 3   128.454    -3.112    -4.767
 3     0.553    -0.279    -0.786
 3     0.424     0.905    -0.021
 3     0.717    -0.323     0.618
 4   104.891    12.221   -10.097
 4     0.153    -0.633     0.759
 4     0.980    -0.001    -0.199
 4     0.126     0.774     0.620
 5   112.782    18.936    16.255
 5     0.391     0.077     0.917
 5     0.308    -0.950    -0.051
 5     0.867     0.302    -0.396
 6   132.601    28.889    19.616
 6     0.944     0.191     0.269
 6     0.272     0.008    -0.962
 6    -0.187     0.981    -0.044
 7   111.128   -22.479    -9.914
 7     0.625     0.546     0.559
 7    -0.781     0.431     0.451
 7     0.005    -0.718     0.695
 8   116.187   -22.357    16.673
 8     0.315    -0.252     0.915
 8    -0.243    -0.953    -0.179
 8     0.917    -0.166    -0.361
 9   127.026   -44.324    22.348
 9     0.554    -0.485     0.679
 9    -0.773     0.002     0.632
 9    -0.308    -0.874    -0.372
 2    98.347   -22.391    59.397
 2     0.754    -0.658     0.014
 2     0.655     0.752     0.060
 2    -0.049    -0.037     0.998
 3   128.639    -2.905    -4.703
 3     0.549    -0.277    -0.789
 3     0.424     0.905    -0.021
 3     0.720    -0.324     0.613
 4   105.071    12.303   -10.078
 4     0.142    -0.638     0.757
 4     0.981    -0.009    -0.192
 4     0.129     0.770     0.624
 5   112.166    19.108    16.253
 5     0.366     0.177     0.913
 5     0.322    -0.945     0.054
 5     0.873     0.274    -0.403
 6   131.725    30.285    20.465
 6     0.939     0.151     0.309
 6     0.311     0.009    -0.950
 6    -0.147     0.988    -0.038
 7   111.145   -22.175   -10.090
 7     0.612     0.563     0.557
 7    -0.791     0.423     0.442
 7     0.014    -0.710     0.703
 8   116.070   -22.312    16.466
 8     0.292    -0.313     0.904
 8    -0.272    -0.933    -0.235
 8     0.917    -0.178    -0.357
 9   125.942   -45.380    22.204
 9     0.509    -0.502     0.702
 9    -0.803     0.019     0.594
 9    -0.311    -0.865    -0.392
 2    98.348   -22.391    59.346
 2     0.754    -0.658     0.014
 2     0.655     0.752     0.060
 2    -0.049    -0.037     0.998
 3   128.716    -2.726    -4.656
 3     0.547    -0.278    -0.790
 3     0.424     0.905    -0.024
 3     0.721    -0.323     0.612
 4   105.010    12.407   -10.022
 4     0.125    -0.638     0.760
 4     0.984    -0.019    -0.177
 4     0.127     0.769     0.625
 5   112.077    19.194    16.294
 5     0.362     0.214     0.907
 5     0.329    -0.940     0.090
 5     0.872     0.266    -0.411
 6   131.325    31.085    20.598
 6     0.930     0.146     0.336
 6     0.337     0.014    -0.941
 6    -0.142     0.989    -0.036
 7   111.404   -21.993   -10.110
 7     0.612     0.569     0.549
 7    -0.790     0.422     0.443
 7     0.020    -0.705     0.708
 8   116.139   -22.218    16.388
 8     0.277    -0.316     0.907
 8    -0.272    -0.931    -0.241
 8     0.921    -0.181    -0.344
 9   125.881   -45.360    22.626
 9     0.494    -0.528     0.693
 9    -0.818    -0.011     0.574
 9    -0.295    -0.849    -0.436
 2    98.348   -22.416    59.346
 2     0.754    -0.658     0.014
 2     0.655     0.752     0.060
 2    -0.049    -0.037     0.998
 3   128.870    -2.572    -4.583
 3     0.545    -0.278    -0.792
 3     0.425     0.904    -0.024
 3     0.722    -0.325     0.610
 4   105.184    12.406   -10.093
 4     0.125    -0.642     0.756
 4     0.984    -0.017    -0.177
 4     0.126     0.766     0.629
 5   112.030    19.250    16.341
 5     0.356     0.221     0.908
 5     0.332    -0.938     0.098
 5     0.873     0.267    -0.407
 6   131.358    31.045    20.770
 6     0.934     0.132     0.332
 6     0.333     0.013    -0.943
 6    -0.129     0.991    -0.031
 7   111.465   -22.045   -10.147
 7     0.602     0.580     0.550
 7    -0.798     0.415     0.436
 7     0.025    -0.701     0.712
 8   115.981   -22.209    16.215
 8     0.260    -0.362     0.895
 8    -0.287    -0.914    -0.286
 8     0.922    -0.183    -0.342
 9   124.573   -46.304    22.856
 9     0.448    -0.547     0.710
 9    -0.847    -0.003     0.530
 9    -0.287    -0.837    -0.463
 2    98.348   -22.391    59.346
 2     0.754    -0.658     0.014
 2     0.655     0.752     0.060
 2    -0.049    -0.037     0.998
 3   128.946    -2.624    -4.576
 3     0.547    -0.268    -0.794
 3     0.424     0.905    -0.012
 3     0.721    -0.331     0.607
 4   105.114    12.301   -10.075
 4     0.116    -0.640     0.760
 4     0.986    -0.018    -0.165
 4     0.119     0.768     0.629
 5   111.552    19.281    16.320
 5     0.345     0.325     0.881
 5     0.347    -0.916     0.201
 5     0.872     0.237    -0.428
 6   130.538    31.970    20.755
 6     0.926     0.122     0.357
 6     0.356     0.027    -0.934
 6    -0.123     0.992    -0.017
 7   111.016   -21.782   -10.319
 7     0.575     0.603     0.554
 7    -0.818     0.401     0.411
 7     0.026    -0.689     0.723
 8   115.550   -22.143    15.616
 8     0.206    -0.420     0.884
 8    -0.296    -0.888    -0.352
 8     0.933    -0.189    -0.307
 9   123.316   -46.872    22.806
 9     0.415    -0.547     0.729
 9    -0.865     0.011     0.500
 9    -0.282    -0.837    -0.467
 2    98.348   -22.391    59.346
 2     0.754    -0.658     0.014
 2     0.655     0.752     0.060
 2    -0.049    -0.037     0.998
 3   128.921    -2.549    -4.525
 3     0.548    -0.267    -0.793
 3     0.423     0.905    -0.011
 3     0.721    -0.331     0.609
 4   105.023    12.299   -10.062
 4     0.108    -0.639     0.762
 4     0.987    -0.020    -0.156
 4     0.114     0.769     0.628
 5   111.535    19.378    16.275
 5     0.341     0.320     0.884
 5     0.357    -0.914     0.192
 5     0.869     0.250    -0.426
 6   130.525    31.989    20.644
 6     0.926     0.127     0.356
 6     0.355     0.028    -0.934
 6    -0.129     0.991    -0.018
 7   111.295   -21.772   -10.258
 7     0.588     0.596     0.547
 7    -0.808     0.409     0.423
 7     0.029    -0.691     0.722
 8   115.811   -22.129    15.832
 8     0.219    -0.373     0.901
 8    -0.283    -0.908    -0.307
 8     0.933    -0.189    -0.305
 9   124.949   -45.895    22.678
 9     0.479    -0.517     0.711
 9    -0.830    -0.003     0.556
 9    -0.285    -0.856    -0.430
 2    98.348   -22.391    59.295
 2     0.754    -0.658     0.015
 2     0.655     0.752     0.060
 2    -0.049    -0.037     0.998
 3   128.941    -2.498    -4.521
 3     0.547    -0.272    -0.792
 3     0.426     0.904    -0.014
 3     0.720    -0.330     0.609
 4   105.285    12.397   -10.065
 4     0.126    -0.641     0.757
 4     0.985    -0.009    -0.171
 4     0.116     0.767     0.630
 5   111.807    19.536    16.107
 5     0.349     0.233     0.908
 5     0.337    -0.935     0.110
 5     0.874     0.268    -0.404
 6   131.865    29.891    20.810
 6     0.955     0.116     0.272
 6     0.271     0.016    -0.962
 6    -0.116     0.993    -0.016
 7   111.166   -21.906   -10.218
 7     0.596     0.583     0.553
 7    -0.803     0.419     0.423
 7     0.015    -0.695     0.718
 8   115.878   -22.563    15.954
 8     0.274    -0.225     0.935
 8    -0.249    -0.956    -0.157
 8     0.929    -0.190    -0.318
 9   130.755   -41.467    22.685
 9     0.703    -0.438     0.562
 9    -0.658    -0.102     0.745
 9    -0.269    -0.893    -0.358
 2    98.298   -22.391    59.346
 2     0.754    -0.658     0.015
 2     0.655     0.752     0.059
 2    -0.049    -0.037     0.998
 3   128.686    -2.732    -4.318
 3     0.550    -0.291    -0.784
 3     0.434     0.900    -0.028
 3     0.713    -0.325     0.620
 4   105.098    12.460   -10.049
 4     0.181    -0.620     0.763
 4     0.976     0.021    -0.214
 4     0.116     0.784     0.609
 5   113.435    19.881    16.082
 5     0.402     0.008     0.915
 5     0.286    -0.951    -0.116
 5     0.870     0.308    -0.385
 6   135.789    24.292    20.445
 6     0.995     0.096     0.035
 6     0.031     0.037    -0.999
 6    -0.097     0.995     0.032
 7   110.682   -22.064    -9.966
 7     0.627     0.545     0.558
 7    -0.779     0.449     0.437
 7    -0.013    -0.708     0.706
 8   116.895   -24.152    16.188
 8     0.382     0.144     0.913
 8    -0.180    -0.957     0.226
 8     0.906    -0.250    -0.340
 9   138.032   -31.595    21.743
 9     0.936    -0.330     0.120
 9    -0.184    -0.165     0.969
 9    -0.299    -0.929    -0.216
 2    98.298   -22.340    59.295
 2     0.754    -0.658     0.014
 2     0.655     0.752     0.060
 2    -0.049    -0.037     0.998
 3   128.326    -3.104    -4.385
 3     0.564    -0.311    -0.765
 3     0.441     0.896    -0.038
 3     0.697    -0.317     0.642
 4   105.108    12.533    -9.968
 4     0.243    -0.597     0.765
 4     0.964     0.065    -0.256
 4     0.103     0.799     0.591
 5   114.615    20.741    15.699
 5     0.441    -0.188     0.878
 5     0.247    -0.915    -0.319
 5     0.863     0.356    -0.357
 6   137.331    18.720    19.875
 6     0.969     0.110    -0.221
 6    -0.231     0.098    -0.968
 6    -0.084     0.989     0.118
 7   110.216   -22.153    -9.708
 7     0.651     0.512     0.561
 7    -0.758     0.479     0.442
 7    -0.043    -0.712     0.700
 8   118.898   -25.814    15.662
 8     0.444     0.463     0.768
 8    -0.124    -0.816     0.563
 8     0.887    -0.345    -0.305
 9   140.202   -20.801    19.942
 9     0.884    -0.320    -0.346
 9     0.336    -0.079     0.938
 9    -0.325    -0.944     0.034
 2    98.350   -22.390    59.292
 2     0.754    -0.658     0.014
 2     0.655     0.752     0.059
 2    -0.048    -0.037     0.998
 3   127.946    -2.779    -4.476
 3     0.567    -0.344    -0.750
 3     0.447     0.891    -0.069
 3     0.692    -0.296     0.658
 4   104.919    13.070    -9.725
 4     0.292    -0.568     0.770
 4     0.952     0.092    -0.292
 4     0.094     0.818     0.567
 5   116.140    22.660    15.313
 5     0.479    -0.356     0.803
 5     0.233    -0.830    -0.505
 5     0.846     0.428    -0.314
 6   138.257    14.269    19.910
 6     0.879     0.118    -0.465
 6    -0.477     0.198    -0.856
 6    -0.008     0.973     0.227
 7   109.687   -21.693    -9.734
 7     0.665     0.484     0.570
 7    -0.743     0.508     0.435
 7    -0.079    -0.712     0.697
 8   120.825   -26.990    14.786
 8     0.515     0.578     0.635
 8    -0.127    -0.679     0.722
 8     0.848    -0.452    -0.275
 9   139.954   -16.301    16.626
 9     0.732    -0.454    -0.514
 9     0.569    -0.007     0.820
 9    -0.374    -0.891     0.250
 2    98.300   -22.390    59.343
 2     0.754    -0.658     0.014
 2     0.655     0.752     0.059
 2    -0.048    -0.037     0.998
 3   127.536    -2.835    -4.386
 3     0.574    -0.361    -0.736
 3     0.436     0.894    -0.096
 3     0.692    -0.266     0.670
 4   105.249    13.672    -9.533
 4     0.384    -0.530     0.757
 4     0.919     0.141    -0.367
 4     0.087     0.836     0.540
 5   119.007    23.821    14.311
 5     0.529    -0.562     0.638
 5     0.193    -0.651    -0.733
 5     0.826     0.511    -0.235
 6   138.347     7.193    20.402
 6     0.647     0.241    -0.727
 6    -0.758     0.301    -0.576
 6     0.082     0.922     0.374
 7   109.079   -21.570    -9.763
 7     0.669     0.470     0.576
 7    -0.735     0.537     0.415
 7    -0.114    -0.700     0.704
 8   123.212   -27.593    13.820
 8     0.598     0.646     0.476
 8    -0.096    -0.531     0.841
 8     0.795    -0.549    -0.256
 9   138.792   -11.487    13.985
 9     0.494    -0.606    -0.629
 9     0.789     0.008     0.611
 9    -0.364    -0.796     0.481
 2    98.300   -22.390    59.343
 2     0.754    -0.658     0.014
 2     0.655     0.752     0.059
 2    -0.048    -0.037     0.998
 3   127.336    -3.068    -4.559
 3     0.579    -0.387    -0.719
 3     0.436     0.890    -0.126
 3     0.688    -0.241     0.683
 4   105.679    13.907    -9.637
 4     0.452    -0.492     0.744
 4     0.890     0.192    -0.413
 4     0.060     0.849     0.525
 5   121.201    24.938    13.086
 5     0.578    -0.608     0.548
 5     0.205    -0.540    -0.815
 5     0.790     0.582    -0.187
 6   138.842     5.908    19.615
 6     0.547     0.326    -0.774
 6    -0.828     0.341    -0.442
 6     0.122     0.881     0.454
 7   109.002   -21.576    -9.891
 7     0.676     0.463     0.573
 7    -0.726     0.549     0.413
 7    -0.124    -0.695     0.708
 8   123.470   -27.783    13.447
 8     0.607     0.656     0.450
 8    -0.098    -0.499     0.860
 8     0.788    -0.566    -0.239
 9   138.777   -10.614    14.224
 9     0.477    -0.601    -0.646
 9     0.815     0.026     0.575
 9    -0.327    -0.799     0.502
 2    98.300   -22.390    59.343
 2     0.754    -0.658     0.014
 2     0.655     0.752     0.059
 2    -0.048    -0.037     0.998
 3   127.388    -3.197    -4.693
 3     0.583    -0.385    -0.716
 3     0.429     0.893    -0.129
 3     0.689    -0.232     0.686
 4   106.663    14.482    -9.817
 4     0.514    -0.466     0.720
 4     0.856     0.234    -0.459
 4     0.045     0.853     0.519
 5   123.362    24.970    12.356
 5     0.605    -0.643     0.471
 5     0.180    -0.464    -0.866
 5     0.775     0.609    -0.165
 6   139.361     4.037    19.440
 6     0.456     0.376    -0.809
 6    -0.877     0.339    -0.335
 6     0.150     0.862     0.482
 7   108.624   -21.480   -10.085
 7     0.673     0.444     0.592
 7    -0.722     0.568     0.394
 7    -0.161    -0.692     0.703
 8   126.184   -28.732    11.316
 8     0.695     0.640     0.328
 8    -0.111    -0.355     0.928
 8     0.710    -0.681    -0.176
 9   139.279    -8.061    11.813
 9     0.323    -0.688    -0.653
 9     0.913     0.045     0.401
 9    -0.246    -0.724     0.642
 2    98.300   -22.390    59.343
 2     0.754    -0.658     0.014
 2     0.655     0.752     0.060
 2    -0.048    -0.037     0.998
 3   127.578    -3.779    -4.828
 3     0.587    -0.391    -0.710
 3     0.414     0.897    -0.149
 3     0.695    -0.207     0.688
 4   107.494    14.426   -10.121
 4     0.564    -0.443     0.698
 4     0.825     0.271    -0.495
 4     0.029     0.854     0.518
 5   125.311    24.371    11.510
 5     0.629    -0.672     0.392
 5     0.150    -0.389    -0.909
 5     0.762     0.630    -0.144
 6   139.586     1.440    18.775
 6     0.360     0.472    -0.808
 6    -0.919     0.325    -0.217
 6     0.161     0.819     0.548
 7   108.864   -21.908   -10.315
 7     0.697     0.395     0.598
 7    -0.686     0.610     0.397
 7    -0.208    -0.687     0.696
 8   129.735   -27.128     9.476
 8     0.793     0.587     0.161
 8    -0.016    -0.245     0.969
 8     0.609    -0.771    -0.185
 9   139.849    -3.506     8.466
 9     0.170    -0.753    -0.638
 9     0.958    -0.026     0.282
 9    -0.229    -0.658     0.717
 2    98.300   -22.416    59.343
 2     0.754    -0.658     0.014
 2     0.655     0.752     0.059
 2    -0.048    -0.037     0.998
 3   127.793    -3.831    -5.133
 3     0.587    -0.467    -0.663
 3     0.426     0.872    -0.236
 3     0.688    -0.144     0.710
 4   108.523    14.717   -10.304
 4     0.613    -0.428     0.665
 4     0.789     0.294    -0.539
 4     0.034     0.854     0.517
 5   127.478    23.104    11.307
 5     0.658    -0.686     0.311
 5     0.090    -0.338    -0.937
 5     0.748     0.644    -0.161
 6   139.635    -1.012    18.093
 6     0.278     0.545    -0.793
 6    -0.948     0.285    -0.133
 6     0.155     0.788     0.594
 7   108.917   -21.895   -10.511
 7     0.715     0.377     0.589
 7    -0.668     0.615     0.418
 7    -0.205    -0.692     0.691
 8   130.097   -25.161     9.784
 8     0.783     0.617     0.079
