% Calibrated with leiden_pols
% Positions are in centimeters
Data =[
 2    98.255   -22.465    59.414
 2     0.755    -0.657     0.011
 2     0.654     0.753     0.059
 2    -0.046    -0.039     0.998
 3   126.455    -4.479    -3.932
 3     0.567    -0.439    -0.699
 3     0.446     0.874    -0.185
 3     0.692    -0.207     0.690
 4   106.655    13.694    -9.229
 4     0.567    -0.456     0.687
 4     0.821     0.246    -0.514
 4     0.064     0.855     0.513
 5   123.416    24.396    12.410
 5     0.610    -0.670     0.425
 5     0.182    -0.403    -0.897
 5     0.771     0.624    -0.124
 6   137.826     2.199    18.845
 6     0.376     0.440    -0.818
 6    -0.921     0.270    -0.276
 6     0.101     0.856     0.505
 7   109.180   -23.865    -8.324
 7     0.746     0.298     0.595
 7    -0.634     0.591     0.499
 7    -0.203    -0.749     0.630
 8   129.422   -28.016    11.623
 8     0.751     0.653     0.094
 8     0.027    -0.175     0.984
 8     0.660    -0.736    -0.149
 9   136.053    -3.714    10.383
 9     0.019    -0.671    -0.742
 9     0.943    -0.233     0.234
 9    -0.330    -0.704     0.629
 2    98.254   -22.465    59.465
 2     0.755    -0.657     0.011
 2     0.654     0.753     0.059
 2    -0.046    -0.039     0.998
 3   126.585    -4.425    -4.017
 3     0.563    -0.441    -0.701
 3     0.447     0.873    -0.188
 3     0.694    -0.208     0.688
 4   106.831    13.719    -9.354
 4     0.567    -0.458     0.685
 4     0.821     0.248    -0.513
 4     0.064     0.853     0.516
 5   123.478    24.426    12.295
 5     0.606    -0.673     0.425
 5     0.182    -0.402    -0.897
 5     0.774     0.621    -0.122
 6   137.874     2.199    18.841
 6     0.377     0.435    -0.820
 6    -0.920     0.269    -0.278
 6     0.101     0.859     0.500
 7   109.302   -23.864    -8.398
 7     0.748     0.297     0.594
 7    -0.632     0.593     0.500
 7    -0.204    -0.749     0.630
 8   129.597   -27.964    11.521
 8     0.751     0.654     0.091
 8     0.030    -0.174     0.984
 8     0.660    -0.736    -0.150
 9   136.153    -3.662    10.357
 9     0.017    -0.670    -0.742
 9     0.944    -0.234     0.233
 9    -0.330    -0.704     0.628
 2    98.254   -22.414    59.414
 2     0.754    -0.657     0.011
 2     0.655     0.752     0.059
 2    -0.046    -0.039     0.998
 3   126.733    -4.349    -4.120
 3     0.563    -0.445    -0.698
 3     0.448     0.872    -0.193
 3     0.694    -0.204     0.689
 4   106.830    13.770    -9.355
 4     0.566    -0.457     0.686
 4     0.821     0.247    -0.513
 4     0.064     0.854     0.515
 5   123.478    24.476    12.295
 5     0.606    -0.672     0.426
 5     0.181    -0.404    -0.896
 5     0.774     0.620    -0.123
 6   137.917     2.300    18.844
 6     0.380     0.432    -0.821
 6    -0.920     0.268    -0.283
 6     0.099     0.861     0.496
 7   109.343   -23.866    -8.544
 7     0.749     0.294     0.593
 7    -0.629     0.596     0.499
 7    -0.207    -0.747     0.631
 8   129.621   -27.913    11.495
 8     0.750     0.655     0.089
 8     0.031    -0.171     0.985
 8     0.660    -0.736    -0.149
 9   136.155    -3.611    10.355
 9     0.016    -0.670    -0.743
 9     0.944    -0.234     0.231
 9    -0.329    -0.705     0.628
 2    98.228   -22.415    59.392
 2     0.755    -0.657     0.012
 2     0.654     0.753     0.059
 2    -0.047    -0.039     0.998
 3   126.682    -4.298    -4.171
 3     0.563    -0.447    -0.697
 3     0.448     0.871    -0.195
 3     0.694    -0.203     0.690
 4   106.781    13.823    -9.283
 4     0.564    -0.456     0.689
 4     0.823     0.244    -0.512
 4     0.065     0.855     0.513
 5   123.431    24.478    12.391
 5     0.605    -0.672     0.428
 5     0.181    -0.406    -0.895
 5     0.775     0.618    -0.124
 6   137.912     2.428    18.894
 6     0.384     0.426    -0.822
 6    -0.918     0.267    -0.288
 6     0.098     0.864     0.492
 7   109.343   -23.815    -8.493
 7     0.750     0.294     0.592
 7    -0.628     0.597     0.500
 7    -0.207    -0.747     0.632
 8   129.602   -27.860    11.512
 8     0.749     0.657     0.089
 8     0.032    -0.172     0.985
 8     0.662    -0.734    -0.150
 9   136.157    -3.560    10.381
 9     0.018    -0.668    -0.744
 9     0.944    -0.234     0.232
 9    -0.329    -0.706     0.626
 2    98.228   -22.415    59.392
 2     0.755    -0.657     0.012
 2     0.654     0.753     0.059
 2    -0.047    -0.039     0.998
 3   126.632    -4.247    -4.172
 3     0.563    -0.447    -0.697
 3     0.448     0.871    -0.195
 3     0.694    -0.203     0.690
 4   106.780    13.874    -9.284
 4     0.564    -0.456     0.690
 4     0.823     0.243    -0.512
 4     0.065     0.856     0.511
 5   123.363    24.481    12.457
 5     0.603    -0.673     0.429
 5     0.180    -0.409    -0.894
 5     0.777     0.617    -0.125
 6   137.860     2.378    19.019
 6     0.385     0.423    -0.823
 6    -0.918     0.266    -0.290
 6     0.098     0.866     0.488
 7   109.294   -23.789    -8.497
 7     0.750     0.295     0.592
 7    -0.628     0.597     0.499
 7    -0.206    -0.746     0.633
 8   129.509   -27.833    11.555
 8     0.747     0.659     0.090
 8     0.032    -0.173     0.984
 8     0.664    -0.732    -0.150
 9   136.158    -3.560    10.433
 9     0.020    -0.667    -0.745
 9     0.944    -0.233     0.233
 9    -0.329    -0.708     0.625
 2    98.253   -22.415    59.417
 2     0.755    -0.657     0.012
 2     0.654     0.753     0.059
 2    -0.047    -0.039     0.998
 3   126.632    -4.247    -4.121
 3     0.562    -0.447    -0.698
 3     0.448     0.871    -0.195
 3     0.694    -0.203     0.689
 4   106.784    13.876    -9.239
 4     0.561    -0.458     0.690
 4     0.825     0.240    -0.511
 4     0.067     0.856     0.512
 5   123.266    24.483    12.551
 5     0.601    -0.673     0.432
 5     0.180    -0.412    -0.893
 5     0.778     0.614    -0.127
 6   137.859     2.379    19.067
 6     0.387     0.420    -0.823
 6    -0.917     0.267    -0.293
 6     0.098     0.867     0.486
 7   109.299   -23.737    -8.452
 7     0.750     0.297     0.591
 7    -0.629     0.596     0.499
 7    -0.204    -0.746     0.634
 8   129.512   -27.781    11.602
 8     0.746     0.660     0.090
 8     0.033    -0.173     0.984
 8     0.665    -0.731    -0.151
 9   136.056    -3.536    10.486
 9     0.021    -0.667    -0.745
 9     0.944    -0.233     0.234
 9    -0.330    -0.707     0.625
 2    98.228   -22.415    59.392
 2     0.755    -0.657     0.012
 2     0.654     0.753     0.059
 2    -0.047    -0.039     0.998
 3   126.639    -4.245    -4.027
 3     0.562    -0.447    -0.699
 3     0.448     0.871    -0.196
 3     0.696    -0.203     0.688
 4   106.792    13.827    -9.196
 4     0.564    -0.458     0.688
 4     0.823     0.239    -0.515
 4     0.070     0.856     0.511
 5   123.215    24.433    12.676
 5     0.601    -0.670     0.436
 5     0.180    -0.417    -0.890
 5     0.778     0.614    -0.130
 6   137.904     2.377    19.027
 6     0.389     0.425    -0.820
 6    -0.916     0.267    -0.294
 6     0.095     0.865     0.491
 7   109.233   -23.735    -8.383
 7     0.748     0.299     0.592
 7    -0.632     0.592     0.499
 7    -0.201    -0.748     0.632
 8   129.339   -27.781    11.653
 8     0.746     0.659     0.093
 8     0.033    -0.178     0.983
 8     0.665    -0.731    -0.154
 9   135.998    -3.616    10.366
 9     0.023    -0.673    -0.740
 9     0.942    -0.232     0.240
 9    -0.333    -0.702     0.629
 2    98.228   -22.415    59.417
 2     0.755    -0.657     0.012
 2     0.654     0.753     0.059
 2    -0.047    -0.039     0.998
 3   126.461    -4.348    -3.947
 3     0.562    -0.447    -0.698
 3     0.447     0.871    -0.195
 3     0.695    -0.203     0.688
 4   106.664    13.776    -9.169
 4     0.563    -0.456     0.690
 4     0.823     0.238    -0.514
 4     0.069     0.857     0.509
 5   123.136    24.406    12.679
 5     0.602    -0.668     0.438
 5     0.180    -0.419    -0.889
 5     0.777     0.614    -0.132
