% Calibrated with leiden_pols
% Positions are in centimeters
Data =[
 2    98.409   -22.344    59.459
 2     0.823    -0.569    -0.013
 2     0.568     0.820     0.052
 2    -0.018    -0.052     0.998
 3   131.771    -3.282    -1.289
 3     0.449    -0.356    -0.821
 3     0.409     0.897    -0.164
 3     0.794    -0.263     0.547
 4   117.339    17.764    -8.458
 4     0.544    -0.709     0.450
 4     0.769     0.207    -0.603
 4     0.334     0.674     0.658
 5   119.538    26.982    17.982
 5     0.086    -0.576     0.813
 5     0.334    -0.753    -0.567
 5     0.938     0.319     0.128
 6   130.787    30.306    42.242
 6     0.158    -0.284    -0.946
 6     0.115     0.956    -0.268
 6     0.981    -0.067     0.183
 7   116.234   -21.836    -8.276
 7     0.727     0.558     0.400
 7    -0.673     0.467     0.573
 7     0.133    -0.686     0.715
 8   120.940   -29.036    16.910
 8     0.247     0.548     0.800
 8    -0.322    -0.732     0.600
 8     0.914    -0.404    -0.003
 9   132.660   -33.435    40.667
 9     0.325     0.484    -0.814
 9    -0.047     0.866     0.494
 9     0.944    -0.121     0.303
 2    98.409   -22.344    59.459
 2     0.823    -0.569    -0.013
 2     0.568     0.820     0.052
 2    -0.018    -0.052     0.998
 3   131.830    -3.289    -1.449
 3     0.457    -0.355    -0.817
 3     0.407     0.898    -0.161
 3     0.790    -0.260     0.553
 4   117.172    17.819    -8.345
 4     0.542    -0.709     0.454
 4     0.769     0.200    -0.606
 4     0.338     0.676     0.653
 5   119.422    26.345    18.607
 5     0.083    -0.554     0.829
 5     0.312    -0.776    -0.548
 5     0.946     0.302     0.109
 6   130.859    29.210    42.952
 6     0.172    -0.365    -0.916
 6     0.088     0.931    -0.354
 6     0.981    -0.021     0.192
 7   115.819   -21.671    -8.332
 7     0.718     0.566     0.406
 7    -0.684     0.468     0.559
 7     0.127    -0.679     0.723
 8   120.486   -28.028    17.224
 8     0.244     0.548     0.801
 8    -0.284    -0.749     0.598
 8     0.927    -0.372    -0.026
 9   132.238   -31.626    41.426
 9     0.335     0.543    -0.772
 9    -0.007     0.819     0.571
 9     0.942    -0.185     0.278
 2    98.409   -22.344    59.459
 2     0.823    -0.569    -0.013
 2     0.568     0.820     0.052
 2    -0.018    -0.052     0.998
 3   131.819    -3.195    -1.614
 3     0.465    -0.353    -0.813
 3     0.404     0.900    -0.157
 3     0.787    -0.257     0.560
 4   117.022    17.958    -8.050
 4     0.534    -0.713     0.456
 4     0.770     0.188    -0.609
 4     0.349     0.675     0.649
 5   119.600    25.329    19.012
 5     0.093    -0.523     0.848
 5     0.280    -0.803    -0.525
 5     0.955     0.285     0.073
 6   131.242    27.950    43.167
 6     0.196    -0.414    -0.890
 6     0.061     0.910    -0.409
 6     0.979     0.023     0.202
 7   115.768   -21.620    -8.333
 7     0.719     0.566     0.405
 7    -0.683     0.468     0.559
 7     0.127    -0.678     0.723
 8   120.719   -27.837    17.261
 8     0.250     0.557     0.793
 8    -0.275    -0.744     0.607
 8     0.928    -0.368    -0.032
 9   132.504   -31.526    41.435
 9     0.338     0.537    -0.776
 9    -0.007     0.823     0.565
 9     0.941    -0.184     0.280
 2    98.358   -22.344    59.459
 2     0.823    -0.569    -0.013
 2     0.568     0.820     0.052
 2    -0.018    -0.052     0.998
 3   131.819    -3.245    -1.614
 3     0.464    -0.352    -0.814
 3     0.405     0.900    -0.156
 3     0.787    -0.258     0.559
 4   116.974    17.958    -8.104
 4     0.535    -0.713     0.455
 4     0.769     0.187    -0.611
 4     0.350     0.676     0.648
 5   119.611    25.127    18.972
 5     0.095    -0.525     0.846
 5     0.277    -0.802    -0.528
 5     0.956     0.283     0.070
 6   131.169    27.719    43.115
 6     0.196    -0.405    -0.894
 6     0.059     0.914    -0.400
 6     0.979     0.024     0.202
 7   115.824   -21.670    -8.261
 7     0.717     0.568     0.404
 7    -0.685     0.466     0.559
 7     0.129    -0.678     0.723
 8   120.636   -28.024    17.375
 8     0.247     0.548     0.800
 8    -0.282    -0.749     0.599
 8     0.927    -0.373    -0.028
 9   132.379   -31.706    41.511
 9     0.338     0.541    -0.773
 9    -0.010     0.820     0.569
 9     0.941    -0.183     0.281
 2    98.358   -22.344    59.459
 2     0.823    -0.569    -0.013
 2     0.568     0.820     0.052
 2    -0.018    -0.052     0.998
 3   131.759    -3.291    -1.447
 3     0.459    -0.345    -0.820
 3     0.406     0.900    -0.150
 3     0.790    -0.265     0.552
 4   116.966    17.853    -8.142
 4     0.537    -0.712     0.454
 4     0.769     0.192    -0.608
 4     0.346     0.675     0.650
 5   119.072    25.704    18.554
 5     0.073    -0.548     0.833
 5     0.296    -0.786    -0.542
 5     0.952     0.285     0.106
 6   129.876    28.765    42.849
 6     0.159    -0.370    -0.916
 6     0.083     0.928    -0.360
 6     0.984    -0.020     0.177
 7   115.794   -21.738    -8.183
 7     0.718     0.569     0.403
 7    -0.683     0.460     0.567
 7     0.137    -0.682     0.718
 8   120.541   -28.103    17.368
 8     0.243     0.550     0.800
 8    -0.283    -0.748     0.599
 8     0.928    -0.371    -0.025
 9   132.166   -31.883    41.541
 9     0.333     0.540    -0.776
 9    -0.013     0.823     0.565
 9     0.943    -0.177     0.280
 2    98.358   -22.344    59.459
 2     0.823    -0.569    -0.013
 2     0.568     0.820     0.052
 2    -0.018    -0.052     0.998
 3   131.842    -3.338    -1.431
 3     0.456    -0.345    -0.821
 3     0.405     0.900    -0.151
 3     0.792    -0.265     0.550
 4   117.591    17.772    -8.259
 4     0.545    -0.712     0.444
 4     0.764     0.204    -0.611
 4     0.344     0.672     0.655
 5   117.242    27.411    17.415
 5    -0.021    -0.614     0.789
 5     0.341    -0.746    -0.571
 5     0.939     0.256     0.226
 6   125.561    31.296    42.856
 6     0.041    -0.320    -0.947
 6     0.122     0.942    -0.313
 6     0.991    -0.104     0.077
 7   116.544   -21.704    -8.423
 7     0.727     0.563     0.394
 7    -0.672     0.467     0.574
 7     0.139    -0.682     0.718
 8   119.832   -29.969    15.897
 8     0.179     0.630     0.756
 8    -0.335    -0.683     0.648
 8     0.925    -0.368     0.089
 9   129.681   -34.264    40.611
 9     0.238     0.455    -0.860
 9    -0.051     0.888     0.455
 9     0.970    -0.063     0.233
 2    98.358   -22.344    59.459
 2     0.823    -0.569    -0.013
 2     0.568     0.820     0.052
 2    -0.018    -0.052     0.998
 3   132.648    -3.206    -1.380
 3     0.425    -0.348    -0.837
 3     0.397     0.901    -0.172
 3     0.813    -0.261     0.520
 4   118.965    18.045    -8.639
 4     0.527    -0.745     0.410
 4     0.769     0.214    -0.601
 4     0.360     0.631     0.686
 5   114.129    29.109    15.275
 5    -0.202    -0.683     0.702
 5     0.379    -0.716    -0.587
 5     0.903     0.147     0.403
 6   117.800    33.221    42.158
 6    -0.145    -0.244    -0.959
 6     0.146     0.953    -0.265
 6     0.978    -0.179    -0.102
 7   118.956   -21.580    -9.710
 7     0.757     0.553     0.348
 7    -0.637     0.506     0.581
 7     0.145    -0.662     0.735
 8   118.579   -32.858    12.641
 8     0.008     0.843     0.538
 8    -0.374    -0.496     0.783
 8     0.927    -0.207     0.312
 9   122.684   -36.739    39.119
 9    -0.014     0.248    -0.969
 9    -0.065     0.966     0.249
 9     0.998     0.066     0.002
 2    98.409   -22.344    59.459
 2     0.823    -0.569    -0.012
 2     0.568     0.820     0.052
 2    -0.018    -0.052     0.998
 3   133.328    -2.861    -1.255
 3     0.379    -0.364    -0.852
 3     0.399     0.893    -0.203
 3     0.834    -0.264     0.483
 4   119.540    17.998    -9.032
 4     0.483    -0.787     0.386
 4     0.789     0.200    -0.580
 4     0.379     0.584     0.717
 5   111.107    29.786    12.903
 5    -0.348    -0.696     0.628
 5     0.411    -0.715    -0.565
 5     0.842     0.062     0.535
