% Calibrated with leiden_pols
% Positions are in centimeters
Data =[
 2    98.409   -22.344    59.459
 2     0.823    -0.569    -0.013
 2     0.568     0.820     0.052
 2    -0.018    -0.052     0.998
 3   131.771    -3.282    -1.289
 3     0.449    -0.356    -0.821
 3     0.409     0.897    -0.164
 3     0.794    -0.263     0.547
 4   117.339    17.764    -8.458
 4     0.544    -0.709     0.450
 4     0.769     0.207    -0.603
 4     0.334     0.674     0.658
 5   119.538    26.982    17.982
 5     0.086    -0.576     0.813
 5     0.334    -0.753    -0.567
 5     0.938     0.319     0.128
 6   130.787    30.306    42.242
 6     0.158    -0.284    -0.946
 6     0.115     0.956    -0.268
 6     0.981    -0.067     0.183
 7   116.234   -21.836    -8.276
 7     0.727     0.558     0.400
 7    -0.673     0.467     0.573
 7     0.133    -0.686     0.715
 8   120.940   -29.036    16.910
 8     0.247     0.548     0.800
 8    -0.322    -0.732     0.600
 8     0.914    -0.404    -0.003
 9   132.660   -33.435    40.667
 9     0.325     0.484    -0.814
 9    -0.047     0.866     0.494
 9     0.944    -0.121     0.303
 2    98.409   -22.344    59.459
 2     0.823    -0.569    -0.013
 2     0.568     0.820     0.052
 2    -0.018    -0.052     0.998
 3   131.830    -3.289    -1.449
 3     0.457    -0.355    -0.817
 3     0.407     0.898    -0.161
 3     0.790    -0.260     0.553
 4   117.172    17.819    -8.345
 4     0.542    -0.709     0.454
 4     0.769     0.200    -0.606
 4     0.338     0.676     0.653
 5   119.422    26.345    18.607
 5     0.083    -0.554     0.829
 5     0.312    -0.776    -0.548
 5     0.946     0.302     0.109
 6   130.859    29.210    42.952
 6     0.172    -0.365    -0.916
 6     0.088     0.931    -0.354
 6     0.981    -0.021     0.192
 7   115.819   -21.671    -8.332
 7     0.718     0.566     0.406
 7    -0.684     0.468     0.559
 7     0.127    -0.679     0.723
 8   120.486   -28.028    17.224
 8     0.244     0.548     0.801
 8    -0.284    -0.749     0.598
 8     0.927    -0.372    -0.026
 9   132.238   -31.626    41.426
 9     0.335     0.543    -0.772
 9    -0.007     0.819     0.571
 9     0.942    -0.185     0.278
 2    98.409   -22.344    59.459
 2     0.823    -0.569    -0.013
 2     0.568     0.820     0.052
 2    -0.018    -0.052     0.998
 3   131.819    -3.195    -1.614
 3     0.465    -0.353    -0.813
 3     0.404     0.900    -0.157
 3     0.787    -0.257     0.560
 4   117.022    17.958    -8.050
 4     0.534    -0.713     0.456
 4     0.770     0.188    -0.609
 4     0.349     0.675     0.649
 5   119.600    25.329    19.012
 5     0.093    -0.523     0.848
 5     0.280    -0.803    -0.525
 5     0.955     0.285     0.073
 6   131.242    27.950    43.167
 6     0.196    -0.414    -0.890
 6     0.061     0.910    -0.409
 6     0.979     0.023     0.202
 7   115.768   -21.620    -8.333
 7     0.719     0.566     0.405
 7    -0.683     0.468     0.559
 7     0.127    -0.678     0.723
 8   120.719   -27.837    17.261
 8     0.250     0.557     0.793
 8    -0.275    -0.744     0.607
 8     0.928    -0.368    -0.032
 9   132.504   -31.526    41.435
 9     0.338     0.537    -0.776
 9    -0.007     0.823     0.565
 9     0.941    -0.184     0.280
 2    98.358   -22.344    59.459
 2     0.823    -0.569    -0.013
 2     0.568     0.820     0.052
 2    -0.018    -0.052     0.998
 3   131.819    -3.245    -1.614
 3     0.464    -0.352    -0.814
 3     0.405     0.900    -0.156
 3     0.787    -0.258     0.559
 4   116.974    17.958    -8.104
 4     0.535    -0.713     0.455
 4     0.769     0.187    -0.611
 4     0.350     0.676     0.648
 5   119.611    25.127    18.972
 5     0.095    -0.525     0.846
 5     0.277    -0.802    -0.528
 5     0.956     0.283     0.070
 6   131.169    27.719    43.115
 6     0.196    -0.405    -0.894
 6     0.059     0.914    -0.400
 6     0.979     0.024     0.202
 7   115.824   -21.670    -8.261
 7     0.717     0.568     0.404
 7    -0.685     0.466     0.559
 7     0.129    -0.678     0.723
 8   120.636   -28.024    17.375
 8     0.247     0.548     0.800
 8    -0.282    -0.749     0.599
 8     0.927    -0.373    -0.028
 9   132.379   -31.706    41.511
 9     0.338     0.541    -0.773
 9    -0.010     0.820     0.569
 9     0.941    -0.183     0.281
 2    98.358   -22.344    59.459
 2     0.823    -0.569    -0.013
 2     0.568     0.820     0.052
 2    -0.018    -0.052     0.998
 3   131.759    -3.291    -1.447
 3     0.459    -0.345    -0.820
 3     0.406     0.900    -0.150
 3     0.790    -0.265     0.552
 4   116.966    17.853    -8.142
 4     0.537    -0.712     0.454
 4     0.769     0.192    -0.608
 4     0.346     0.675     0.650
 5   119.072    25.704    18.554
 5     0.073    -0.548     0.833
 5     0.296    -0.786    -0.542
 5     0.952     0.285     0.106
 6   129.876    28.765    42.849
 6     0.159    -0.370    -0.916
 6     0.083     0.928    -0.360
 6     0.984    -0.020     0.177
 7   115.794   -21.738    -8.183
 7     0.718     0.569     0.403
 7    -0.683     0.460     0.567
 7     0.137    -0.682     0.718
 8   120.541   -28.103    17.368
 8     0.243     0.550     0.800
 8    -0.283    -0.748     0.599
 8     0.928    -0.371    -0.025
 9   132.166   -31.883    41.541
 9     0.333     0.540    -0.776
 9    -0.013     0.823     0.565
 9     0.943    -0.177     0.280
 2    98.358   -22.344    59.459
 2     0.823    -0.569    -0.013
 2     0.568     0.820     0.052
 2    -0.018    -0.052     0.998
 3   131.842    -3.338    -1.431
 3     0.456    -0.345    -0.821
 3     0.405     0.900    -0.151
 3     0.792    -0.265     0.550
 4   117.591    17.772    -8.259
 4     0.545    -0.712     0.444
 4     0.764     0.204    -0.611
 4     0.344     0.672     0.655
 5   117.242    27.411    17.415
 5    -0.021    -0.614     0.789
 5     0.341    -0.746    -0.571
 5     0.939     0.256     0.226
 6   125.561    31.296    42.856
 6     0.041    -0.320    -0.947
 6     0.122     0.942    -0.313
 6     0.991    -0.104     0.077
 7   116.544   -21.704    -8.423
 7     0.727     0.563     0.394
 7    -0.672     0.467     0.574
 7     0.139    -0.682     0.718
 8   119.832   -29.969    15.897
 8     0.179     0.630     0.756
 8    -0.335    -0.683     0.648
 8     0.925    -0.368     0.089
 9   129.681   -34.264    40.611
 9     0.238     0.455    -0.860
 9    -0.051     0.888     0.455
 9     0.970    -0.063     0.233
 2    98.358   -22.344    59.459
 2     0.823    -0.569    -0.013
 2     0.568     0.820     0.052
 2    -0.018    -0.052     0.998
 3   132.648    -3.206    -1.380
 3     0.425    -0.348    -0.837
 3     0.397     0.901    -0.172
 3     0.813    -0.261     0.520
 4   118.965    18.045    -8.639
 4     0.527    -0.745     0.410
 4     0.769     0.214    -0.601
 4     0.360     0.631     0.686
 5   114.129    29.109    15.275
 5    -0.202    -0.683     0.702
 5     0.379    -0.716    -0.587
 5     0.903     0.147     0.403
 6   117.800    33.221    42.158
 6    -0.145    -0.244    -0.959
 6     0.146     0.953    -0.265
 6     0.978    -0.179    -0.102
 7   118.956   -21.580    -9.710
 7     0.757     0.553     0.348
 7    -0.637     0.506     0.581
 7     0.145    -0.662     0.735
 8   118.579   -32.858    12.641
 8     0.008     0.843     0.538
 8    -0.374    -0.496     0.783
 8     0.927    -0.207     0.312
 9   122.684   -36.739    39.119
 9    -0.014     0.248    -0.969
 9    -0.065     0.966     0.249
 9     0.998     0.066     0.002
 2    98.409   -22.344    59.459
 2     0.823    -0.569    -0.012
 2     0.568     0.820     0.052
 2    -0.018    -0.052     0.998
 3   133.328    -2.861    -1.255
 3     0.379    -0.364    -0.852
 3     0.399     0.893    -0.203
 3     0.834    -0.264     0.483
 4   119.540    17.998    -9.032
 4     0.483    -0.787     0.386
 4     0.789     0.200    -0.580
 4     0.379     0.584     0.717
 5   111.107    29.786    12.903
 5    -0.348    -0.696     0.628
 5     0.411    -0.715    -0.565
 5     0.842     0.062     0.535
 6   111.388    34.964    39.941
 6    -0.285    -0.211    -0.935
 6     0.189     0.944    -0.271
 6     0.940    -0.254    -0.229
 7   119.342   -21.720   -10.264
 7     0.755     0.559     0.344
 7    -0.642     0.523     0.560
 7     0.133    -0.643     0.754
 8   115.729   -34.390    10.241
 8    -0.123     0.851     0.510
 8    -0.440    -0.508     0.741
 8     0.890    -0.133     0.437
 9   116.645   -40.763    36.886
 9    -0.122     0.294    -0.948
 9    -0.129     0.942     0.309
 9     0.984     0.159    -0.078
 2    98.407   -22.345    59.411
 2     0.823    -0.569    -0.012
 2     0.567     0.821     0.052
 2    -0.019    -0.051     0.998
 3   133.349    -3.086    -1.507
 3     0.379    -0.355    -0.855
 3     0.391     0.898    -0.198
 3     0.838    -0.260     0.478
 4   119.768    17.741    -9.661
 4     0.460    -0.813     0.359
 4     0.794     0.195    -0.575
 4     0.398     0.549     0.735
 5   108.819    30.085    10.209
 5    -0.452    -0.685     0.571
 5     0.446    -0.728    -0.521
 5     0.772     0.020     0.634
 6   106.100    36.850    36.656
 6    -0.390    -0.214    -0.895
 6     0.231     0.919    -0.320
 6     0.891    -0.332    -0.309
 7   119.395   -21.744   -10.985
 7     0.744     0.575     0.341
 7    -0.658     0.539     0.526
 7     0.118    -0.615     0.779
 8   112.927   -34.920     8.217
 8    -0.246     0.835     0.491
 8    -0.465    -0.546     0.696
 8     0.850    -0.057     0.523
 9   110.604   -42.409    35.033
 9    -0.238     0.328    -0.914
 9    -0.152     0.917     0.368
 9     0.959     0.227    -0.169
 2    98.404   -22.346    59.413
 2     0.823    -0.569    -0.011
 2     0.568     0.820     0.052
 2    -0.020    -0.050     0.998
 3   133.323    -3.259    -1.676
 3     0.374    -0.338    -0.865
 3     0.388     0.902    -0.183
 3     0.842    -0.268     0.468
 4   119.832    17.587   -10.326
 4     0.419    -0.844     0.337
 4     0.809     0.177    -0.560
 4     0.413     0.506     0.756
 5   107.028    29.677     8.053
 5    -0.531    -0.658     0.534
 5     0.449    -0.753    -0.481
 5     0.718    -0.015     0.695
 6   101.970    36.934    34.152
 6    -0.471    -0.201    -0.859
 6     0.237     0.909    -0.343
 6     0.850    -0.365    -0.380
 7   119.438   -21.728   -11.404
 7     0.730     0.599     0.329
 7    -0.672     0.545     0.501
 7     0.121    -0.587     0.800
 8   110.510   -34.864     6.579
 8    -0.355     0.814     0.459
 8    -0.465    -0.580     0.669
 8     0.811     0.024     0.584
 9   104.988   -42.641    33.257
 9    -0.345     0.339    -0.875
 9    -0.149     0.901     0.407
 9     0.927     0.271    -0.261
 2    98.454   -22.397    59.362
 2     0.823    -0.569    -0.010
 2     0.568     0.820     0.052
 2    -0.020    -0.050     0.998
 3   133.281    -3.147    -1.601
 3     0.363    -0.321    -0.876
 3     0.386     0.906    -0.171
 3     0.848    -0.277     0.451
 4   120.215    17.543   -10.777
 4     0.367    -0.880     0.301
 4     0.822     0.155    -0.548
 4     0.435     0.448     0.780
 5   105.171    29.089     5.760
 5    -0.618    -0.614     0.491
 5     0.432    -0.787    -0.440
 5     0.656    -0.060     0.751
 6    97.476    36.653    30.985
 6    -0.562    -0.192    -0.804
 6     0.234     0.896    -0.378
 6     0.793    -0.401    -0.458
 7   119.848   -21.437   -11.530
 7     0.708     0.641     0.298
 7    -0.689     0.534     0.489
 7     0.154    -0.551     0.820
 8   108.533   -34.198     5.023
 8    -0.462     0.777     0.427
 8    -0.453    -0.620     0.640
 8     0.762     0.102     0.638
 9   100.115   -42.164    31.109
 9    -0.445     0.347    -0.826
 9    -0.140     0.883     0.447
 9     0.885     0.314    -0.344
 2    98.454   -22.397    59.362
 2     0.823    -0.569    -0.010
 2     0.567     0.821     0.052
 2    -0.020    -0.049     0.998
 3   133.692    -2.948    -1.370
 3     0.338    -0.292    -0.896
 3     0.383     0.910    -0.151
 3     0.859    -0.294     0.419
 4   121.238    17.575   -11.209
 4     0.323    -0.913     0.250
 4     0.827     0.143    -0.544
 4     0.460     0.382     0.801
 5   104.551    28.678     3.805
 5    -0.685    -0.581     0.441
 5     0.427    -0.809    -0.402
 5     0.590    -0.087     0.802
 6    94.693    36.826    27.980
 6    -0.639    -0.170    -0.750
 6     0.243     0.880    -0.407
 6     0.729    -0.443    -0.521
 7   120.796   -21.364   -11.649
 7     0.692     0.673     0.262
 7    -0.696     0.525     0.490
 7     0.192    -0.521     0.831
 8   108.274   -34.186     3.711
 8    -0.528     0.756     0.386
 8    -0.457    -0.636     0.622
 8     0.716     0.151     0.681
 9    97.696   -42.790    28.897
 9    -0.518     0.330    -0.789
 9    -0.154     0.871     0.465
 9     0.841     0.362    -0.401
 2    98.452   -22.398    59.365
 2     0.823    -0.569    -0.010
 2     0.567     0.821     0.052
 2    -0.021    -0.049     0.998
 3   134.323    -2.921    -0.989
 3     0.305    -0.277    -0.912
 3     0.386     0.910    -0.146
 3     0.870    -0.308     0.384
 4   122.012    17.488   -11.371
 4     0.296    -0.929     0.224
 4     0.832     0.135    -0.537
 4     0.468     0.345     0.813
 5   104.622    28.396     2.885
 5    -0.713    -0.568     0.413
 5     0.428    -0.818    -0.385
 5     0.556    -0.097     0.825
 6    93.546    37.245    26.289
 6    -0.682    -0.142    -0.717
 6     0.260     0.869    -0.420
 6     0.683    -0.473    -0.556
 7   121.677   -21.294   -11.846
 7     0.680     0.696     0.229
 7    -0.699     0.521     0.490
 7     0.222    -0.494     0.841
 8   107.980   -34.416     2.141
 8    -0.582     0.738     0.342
 8    -0.477    -0.650     0.591
 8     0.659     0.180     0.730
 9    95.160   -44.222    25.932
 9    -0.593     0.301    -0.747
 9    -0.187     0.851     0.491
 9     0.783     0.431    -0.448
 2    98.452   -22.398    59.339
 2     0.823    -0.569    -0.010
 2     0.567     0.821     0.052
 2    -0.021    -0.049     0.998
 3   134.628    -2.821    -0.732
 3     0.276    -0.259    -0.926
 3     0.385     0.911    -0.139
 3     0.880    -0.319     0.350
 4   122.367    17.554   -11.469
 4     0.271    -0.941     0.202
 4     0.835     0.125    -0.536
 4     0.479     0.313     0.819
 5   103.993    27.810     2.016
 5    -0.743    -0.545     0.389
 5     0.417    -0.831    -0.367
 5     0.522    -0.111     0.845
 6    91.641    36.681    24.805
 6    -0.724    -0.135    -0.677
 6     0.253     0.861    -0.441
 6     0.642    -0.491    -0.589
 7   122.088   -21.204   -12.117
 7     0.660     0.723     0.204
 7    -0.708     0.507     0.491
 7     0.252    -0.469     0.847
 8   107.351   -34.264     0.953
 8    -0.633     0.709     0.311
 8    -0.474    -0.673     0.568
 8     0.612     0.212     0.761
 9    92.684   -44.317    23.754
 9    -0.656     0.281    -0.701
 9    -0.191     0.837     0.513
 9     0.730     0.470    -0.495
 2    98.502   -22.398    59.339
 2     0.823    -0.569    -0.009
 2     0.567     0.821     0.052
 2    -0.021    -0.049     0.998
 3   134.882    -2.807    -0.652
 3     0.259    -0.243    -0.935
 3     0.386     0.913    -0.130
 3     0.885    -0.328     0.330
 4   122.599    17.345   -11.596
 4     0.236    -0.955     0.181
 4     0.838     0.105    -0.535
 4     0.491     0.278     0.825
 5   103.536    27.249     1.076
 5    -0.775    -0.521     0.358
 5     0.404    -0.843    -0.354
 5     0.486    -0.130     0.864
 6    89.997    36.194    22.861
 6    -0.761    -0.113    -0.639
 6     0.249     0.858    -0.448
 6     0.599    -0.500    -0.625
 7   122.717   -21.139   -12.202
 7     0.643     0.745     0.177
 7    -0.713     0.498     0.493
 7     0.279    -0.444     0.851
 8   107.198   -33.963     0.377
 8    -0.669     0.687     0.283
 8    -0.463    -0.684     0.564
 8     0.581     0.246     0.775
 9    91.033   -43.986    22.242
 9    -0.702     0.259    -0.664
 9    -0.185     0.833     0.521
 9     0.688     0.488    -0.537
 2    98.502   -22.398    59.339
 2     0.823    -0.569    -0.009
 2     0.567     0.821     0.052
 2    -0.021    -0.049     0.998
 3   135.151    -2.863    -0.199
 3     0.234    -0.220    -0.947
 3     0.387     0.914    -0.116
 3     0.892    -0.341     0.298
 4   123.145    17.278   -11.550
 4     0.218    -0.963     0.155
 4     0.839     0.104    -0.534
 4     0.497     0.247     0.831
 5   103.678    27.198     0.336
 5    -0.789    -0.519     0.328
 5     0.411    -0.844    -0.345
 5     0.455    -0.137     0.879
 6    89.316    36.444    21.478
 6    -0.786    -0.082    -0.612
 6     0.262     0.853    -0.451
 6     0.559    -0.516    -0.649
 7   122.969   -21.225   -12.134
 7     0.613     0.776     0.151
 7    -0.724     0.475     0.500
 7     0.315    -0.415     0.853
 8   106.251   -33.506    -0.389
 8    -0.718     0.645     0.260
 8    -0.437    -0.709     0.553
 8     0.542     0.283     0.791
 9    88.290   -43.255    20.433
 9    -0.758     0.240    -0.606
 9    -0.164     0.829     0.534
 9     0.631     0.504    -0.589
 2    98.502   -22.398    59.339
 2     0.823    -0.569    -0.009
 2     0.567     0.821     0.052
 2    -0.021    -0.049     0.998
 3   135.133    -3.129     0.144
 3     0.217    -0.187    -0.958
 3     0.387     0.917    -0.091
 3     0.896    -0.352     0.271
 4   123.446    16.960   -11.561
 4     0.194    -0.973     0.126
 4     0.841     0.099    -0.532
 4     0.505     0.210     0.837
 5   103.054    26.460    -0.486
 5    -0.817    -0.494     0.299
 5     0.395    -0.856    -0.333
 5     0.420    -0.155     0.894
 6    87.901    35.558    20.179
 6    -0.814    -0.074    -0.577
 6     0.249     0.851    -0.461
 6     0.525    -0.519    -0.674
 7   123.144   -21.292   -12.078
 7     0.592     0.795     0.133
 7    -0.731     0.461     0.503
 7     0.338    -0.395     0.854
 8   105.962   -33.438    -0.683
 8    -0.738     0.628     0.246
 8    -0.428    -0.718     0.549
 8     0.521     0.299     0.799
 9    88.083   -43.217    20.064
 9    -0.766     0.231    -0.600
 9    -0.166     0.830     0.532
 9     0.621     0.507    -0.598
 2    98.502   -22.398    59.339
 2     0.823    -0.568    -0.009
 2     0.567     0.821     0.052
 2    -0.021    -0.049     0.998
 3   135.088    -3.077     0.239
 3     0.215    -0.187    -0.959
 3     0.385     0.918    -0.092
 3     0.897    -0.350     0.269
 4   123.154    17.015   -11.477
 4     0.193    -0.972     0.137
 4     0.839     0.091    -0.537
 4     0.509     0.218     0.832
 5   103.065    26.555     0.282
 5    -0.806    -0.499     0.319
 5     0.392    -0.853    -0.343
 5     0.443    -0.151     0.883
 6    88.446    35.552    21.509
 6    -0.796    -0.090    -0.598
 6     0.246     0.855    -0.457
 6     0.552    -0.511    -0.658
 7   122.937   -21.175   -12.162
 7     0.600     0.787     0.141
 7    -0.731     0.468     0.496
 7     0.324    -0.401     0.856
 8   105.855   -33.241    -0.480
 8    -0.727     0.636     0.260
 8    -0.432    -0.717     0.547
 8     0.534     0.285     0.796
 9    87.890   -42.856    20.394
 9    -0.760     0.248    -0.600
 9    -0.160     0.824     0.543
 9     0.630     0.509    -0.587
 2    98.502   -22.398    59.339
 2     0.823    -0.569    -0.009
 2     0.567     0.821     0.052
 2    -0.021    -0.049     0.998
 3   134.963    -3.082     0.106
 3     0.224    -0.190    -0.956
 3     0.381     0.919    -0.093
 3     0.897    -0.344     0.278
 4   122.982    17.194   -11.461
 4     0.195    -0.970     0.141
 4     0.837     0.089    -0.540
 4     0.511     0.224     0.830
 5   102.848    26.381     0.325
 5    -0.807    -0.495     0.323
 5     0.387    -0.855    -0.345
 5     0.446    -0.154     0.881
 6    88.196    35.197    21.561
 6    -0.798    -0.093    -0.596
 6     0.241     0.856    -0.458
 6     0.552    -0.509    -0.660
 7   122.735   -21.078   -12.105
 7     0.594     0.792     0.144
 7    -0.737     0.463     0.493
 7     0.323    -0.399     0.858
 8   105.599   -33.075    -0.417
 8    -0.734     0.626     0.263
 8    -0.420    -0.723     0.548
 8     0.533     0.291     0.794
 9    87.686   -42.508    20.453
 9    -0.762     0.253    -0.596
 9    -0.153     0.824     0.545
 9     0.629     0.507    -0.590
 2    98.502   -22.398    59.339
 2     0.823    -0.568    -0.009
 2     0.567     0.821     0.052
 2    -0.021    -0.049     0.998
 3   134.909    -3.135     0.113
 3     0.226    -0.189    -0.956
 3     0.381     0.919    -0.091
 3     0.896    -0.345     0.279
 4   122.930    17.067   -11.483
 4     0.193    -0.971     0.142
 4     0.838     0.087    -0.538
 4     0.510     0.223     0.831
 5   102.741    26.253     0.205
 5    -0.810    -0.491     0.322
 5     0.383    -0.857    -0.343
 5     0.444    -0.155     0.882
 6    87.829    34.863    21.356
 6    -0.804    -0.095    -0.587
 6     0.236     0.855    -0.461
 6     0.546    -0.509    -0.665
 7   122.757   -21.076   -12.059
 7     0.581     0.802     0.137
 7    -0.742     0.453     0.493
 7     0.333    -0.388     0.859
 8   105.088   -32.499    -0.767
 8    -0.754     0.602     0.262
 8    -0.398    -0.737     0.546
 8     0.522     0.308     0.795
 9    86.161   -41.223    19.806
 9    -0.786     0.261    -0.560
 9    -0.126     0.819     0.559
 9     0.605     0.510    -0.611
 2    98.502   -22.398    59.339
 2     0.823    -0.568    -0.009
 2     0.567     0.821     0.052
 2    -0.021    -0.049     0.998
 3   134.925    -3.079     0.358
 3     0.221    -0.174    -0.960
 3     0.380     0.921    -0.079
 3     0.898    -0.349     0.269
 4   122.985    17.070   -11.409
 4     0.184    -0.974     0.136
 4     0.839     0.083    -0.538
 4     0.512     0.213     0.832
 5   102.704    26.248     0.274
 5    -0.812    -0.491     0.315
 5     0.384    -0.856    -0.345
 5     0.439    -0.160     0.884
 6    88.002    35.040    21.362
 6    -0.803    -0.087    -0.589
 6     0.241     0.856    -0.457
 6     0.544    -0.509    -0.667
 7   122.596   -21.079   -12.075
 7     0.568     0.812     0.135
 7    -0.750     0.442     0.492
 7     0.339    -0.380     0.860
 8   104.843   -32.310    -0.735
 8    -0.763     0.592     0.259
 8    -0.391    -0.742     0.544
 8     0.515     0.313     0.798
 9    85.928   -41.175    19.691
 9    -0.788     0.260    -0.557
 9    -0.128     0.817     0.562
 9     0.602     0.514    -0.611
 2    98.502   -22.398    59.339
 2     0.823    -0.568    -0.009
 2     0.567     0.821     0.052
 2    -0.021    -0.049     0.998
 3   134.900    -3.131     0.307
 3     0.222    -0.172    -0.960
 3     0.380     0.921    -0.077
 3     0.898    -0.348     0.269
 4   122.893    17.024   -11.314
 4     0.176    -0.975     0.133
 4     0.839     0.077    -0.539
 4     0.515     0.206     0.831
 5   102.285    25.713     0.196
 5    -0.824    -0.473     0.313
 5     0.365    -0.864    -0.347
 5     0.434    -0.172     0.884
 6    86.868    33.917    21.053
 6    -0.818    -0.101    -0.567
 6     0.216     0.858    -0.465
 6     0.533    -0.503    -0.680
 7   122.601   -21.052   -12.034
 7     0.565     0.814     0.130
 7    -0.750     0.442     0.491
 7     0.342    -0.375     0.861
 8   104.697   -32.194    -0.881
 8    -0.769     0.586     0.256
 8    -0.390    -0.747     0.539
 8     0.507     0.315     0.802
 9    85.491   -41.117    19.108
 9    -0.798     0.254    -0.547
 9    -0.128     0.814     0.566
 9     0.589     0.521    -0.617
 2    98.502   -22.398    59.339
 2     0.823    -0.568    -0.009
 2     0.567     0.821     0.052
 2    -0.021    -0.049     0.998
 3   134.930    -3.077     0.480
 3     0.218    -0.170    -0.961
 3     0.379     0.922    -0.077
 3     0.899    -0.348     0.265
 4   122.958    17.083   -11.252
 4     0.161    -0.979     0.127
 4     0.838     0.067    -0.542
 4     0.521     0.193     0.831
 5   102.162    25.656     0.175
 5    -0.830    -0.466     0.305
 5     0.358    -0.866    -0.348
 5     0.426    -0.180     0.886
 6    86.856    33.737    20.999
 6    -0.822    -0.095    -0.562
 6     0.216     0.860    -0.461
 6     0.527    -0.500    -0.687
 7   122.801   -21.002   -11.911
 7     0.564     0.816     0.124
 7    -0.751     0.444     0.488
 7     0.343    -0.369     0.864
 8   105.439   -32.622    -0.007
 8    -0.752     0.606     0.259
 8    -0.402    -0.733     0.548
 8     0.522     0.308     0.795
 9    88.057   -42.056    21.000
 9    -0.764     0.255    -0.593
 9    -0.152     0.821     0.550
 9     0.627     0.510    -0.589
 2    98.502   -22.398    59.339
 2     0.823    -0.568    -0.009
 2     0.567     0.821     0.052
 2    -0.021    -0.049     0.998
 3   135.049    -3.163     0.638
 3     0.231    -0.217    -0.949
 3     0.378     0.917    -0.117
 3     0.896    -0.333     0.293
 4   123.066    17.411   -10.668
 4     0.243    -0.957     0.160
 4     0.824     0.116    -0.555
 4     0.512     0.267     0.816
 5   104.577    27.631     3.376
 5    -0.744    -0.554     0.374
 5     0.417    -0.821    -0.389
 5     0.522    -0.134     0.842
 6    93.525    36.636    26.668
 6    -0.711    -0.095    -0.697
 6     0.276     0.873    -0.401
 6     0.646    -0.478    -0.595
 7   122.630   -21.665   -11.238
 7     0.672     0.711     0.206
 7    -0.701     0.522     0.486
 7     0.238    -0.471     0.849
 8   109.053   -34.295     3.947
 8    -0.573     0.727     0.379
 8    -0.458    -0.667     0.588
 8     0.680     0.163     0.714
 9    98.137   -44.474    28.320
 9    -0.562     0.344    -0.752
 9    -0.199     0.826     0.527
 9     0.803     0.446    -0.395
 2    98.502   -22.398    59.339
 2     0.823    -0.569    -0.009
 2     0.567     0.821     0.052
 2    -0.021    -0.049     0.998
 3   134.497    -3.384    -0.296
 3     0.287    -0.292    -0.913
 3     0.375     0.910    -0.172
 3     0.881    -0.294     0.370
 4   122.228    17.611   -10.240
 4     0.372    -0.899     0.234
 4     0.789     0.173    -0.588
 4     0.488     0.403     0.774
 5   107.463    28.579     8.194
 5    -0.594    -0.634     0.496
 5     0.429    -0.770    -0.472
 5     0.680    -0.068     0.729
 6   101.509    36.126    34.046
 6    -0.545    -0.142    -0.826
 6     0.264     0.906    -0.330
 6     0.795    -0.398    -0.457
 7   120.705   -21.776   -11.268
 7     0.710     0.642     0.291
 7    -0.684     0.530     0.501
 7     0.168    -0.554     0.815
 8   110.889   -33.261     7.934
 8    -0.394     0.756     0.523
 8    -0.404    -0.654     0.640
 8     0.825     0.040     0.562
 9   106.140   -41.284    34.562
 9    -0.356     0.433    -0.828
 9    -0.135     0.853     0.504
 9     0.925     0.291    -0.246
 2    98.502   -22.398    59.339
 2     0.823    -0.569    -0.009
 2     0.567     0.821     0.052
 2    -0.021    -0.049     0.998
 3   133.114    -3.605    -1.262
 3     0.366    -0.328    -0.872
 3     0.378     0.907    -0.182
 3     0.850    -0.265     0.454
 4   120.290    17.761    -9.935
 4     0.465    -0.834     0.297
 4     0.758     0.202    -0.620
 4     0.457     0.513     0.726
 5   110.282    28.547    12.362
 5    -0.403    -0.662     0.632
 5     0.410    -0.748    -0.522
 5     0.818     0.049     0.572
 6   110.173    34.946    39.335
 6    -0.341    -0.207    -0.917
 6     0.233     0.926    -0.296
 6     0.910    -0.315    -0.267
 7   118.432   -21.899   -11.002
 7     0.735     0.587     0.341
 7    -0.667     0.533     0.520
 7     0.124    -0.609     0.783
 8   113.617   -33.263    10.762
 8    -0.180     0.803     0.568
 8    -0.399    -0.588     0.704
 8     0.899    -0.100     0.426
 9   115.172   -40.597    37.417
 9    -0.141     0.425    -0.894
 9    -0.131     0.887     0.442
 9     0.981     0.179    -0.070
 2    98.502   -22.398    59.339
 2     0.823    -0.569    -0.009
 2     0.567     0.821     0.052
 2    -0.021    -0.049     0.998
 3   131.865    -3.579    -2.045
 3     0.448    -0.359    -0.820
 3     0.386     0.903    -0.183
 3     0.806    -0.236     0.542
 4   117.393    17.718    -8.914
 4     0.499    -0.781     0.379
 4     0.759     0.182    -0.624
 4     0.418     0.597     0.683
 5   113.291    27.563    16.948
 5    -0.158    -0.583     0.797
 5     0.380    -0.781    -0.496
 5     0.911     0.225     0.345
 6   121.055    33.140    42.436
 6    -0.036    -0.375    -0.927
 6     0.185     0.908    -0.374
 6     0.982    -0.186     0.036
 7   116.044   -21.907    -9.539
 7     0.744     0.554     0.374
 7    -0.660     0.520     0.542
 7     0.106    -0.650     0.752
 8   116.934   -31.911    14.055
 8     0.066     0.725     0.686
 8    -0.374    -0.619     0.690
 8     0.925    -0.301     0.231
 9   125.962   -37.273    39.259
 9     0.151     0.489    -0.860
 9    -0.090     0.872     0.480
 9     0.984     0.006     0.175
 2    98.406   -22.396    59.410
 2     0.823    -0.569    -0.011
 2     0.567     0.821     0.051
 2    -0.019    -0.050     0.998
 3   130.661    -3.196    -2.599
 3     0.493    -0.397    -0.776
 3     0.404     0.892    -0.198
 3     0.770    -0.217     0.599
 4   114.644    17.692    -7.902
 4     0.528    -0.725     0.444
 4     0.751     0.153    -0.642
 4     0.397     0.672     0.625
 5   119.468    25.076    19.429
 5     0.203    -0.448     0.871
 5     0.303    -0.818    -0.490
 5     0.931     0.362    -0.030
 6   134.256    28.931    41.473
 6     0.324    -0.492    -0.811
 6     0.102     0.868    -0.484
 6     0.940     0.072     0.330
 7   114.278   -21.975    -8.860
 7     0.740     0.533     0.411
 7    -0.670     0.530     0.520
 7     0.060    -0.660     0.749
 8   121.153   -29.926    16.192
 8     0.330     0.564     0.758
 8    -0.322    -0.687     0.650
 8     0.887    -0.458    -0.044
 9   135.869   -34.387    38.428
 9     0.456     0.574    -0.684
 9    -0.039     0.777     0.625
 9     0.889    -0.257     0.376
 2    98.359   -22.421    59.459
 2     0.824    -0.567    -0.012
 2     0.566     0.822     0.051
 2    -0.018    -0.051     0.998
 3   129.962    -3.402    -3.124
 3     0.521    -0.399    -0.756
 3     0.406     0.893    -0.190
 3     0.750    -0.209     0.627
 4   114.276    17.591    -8.157
 4     0.584    -0.674     0.453
 4     0.728     0.189    -0.659
 4     0.359     0.714     0.601
 5   122.377    23.961    19.141
 5     0.346    -0.396     0.851
 5     0.268    -0.827    -0.492
 5     0.899     0.398    -0.180
 6   138.117    28.178    39.760
 6     0.436    -0.561    -0.708
 6     0.086     0.805    -0.582
 6     0.895     0.191     0.399
 7   114.094   -22.136    -8.692
 7     0.759     0.505     0.411
 7    -0.648     0.524     0.552
 7     0.063    -0.685     0.725
 8   121.338   -27.544    17.323
 8     0.352     0.474     0.809
 8    -0.255    -0.782     0.567
 8     0.901    -0.405    -0.153
 9   134.804   -32.012    40.347
 9     0.471     0.672    -0.577
 9    -0.009     0.652     0.755
 9     0.882    -0.349     0.312
 2    98.335   -22.471    59.507
 2     0.824    -0.567    -0.014
 2     0.566     0.822     0.051
 2    -0.017    -0.051     0.998
 3   129.672    -3.353    -2.961
 3     0.518    -0.390    -0.762
 3     0.421     0.890    -0.168
 3     0.744    -0.235     0.625
 4   113.405    17.386    -8.261
 4     0.521    -0.716     0.466
 4     0.771     0.162    -0.615
 4     0.364     0.679     0.636
 5   116.889    24.232    19.099
 5     0.145    -0.392     0.909
 5     0.280    -0.865    -0.416
 5     0.949     0.313    -0.015
 6   127.748    29.947    42.982
 6     0.230    -0.682    -0.698
 6     0.116     0.728    -0.673
 6     0.966     0.071     0.244
 7   113.401   -22.190    -8.124
 7     0.724     0.541     0.429
 7    -0.685     0.487     0.541
 7     0.083    -0.685     0.723
 8   116.900   -26.998    17.483
 8     0.182     0.335     0.925
 8    -0.283    -0.883     0.375
 8     0.942    -0.329    -0.066
 9   126.472   -34.696    42.175
 9     0.329     0.827    -0.461
 9    -0.089     0.508     0.855
 9     0.940    -0.240     0.239
 2    98.338   -22.470    59.581
 2     0.825    -0.567    -0.015
 2     0.565     0.822     0.052
 2    -0.016    -0.052     0.998
 3   129.554    -3.241    -2.556
 3     0.510    -0.362    -0.781
 3     0.407     0.900    -0.150
 3     0.757    -0.242     0.606
 4   113.128    17.486    -8.011
 4     0.480    -0.739     0.473
 4     0.792     0.134    -0.595
 4     0.376     0.660     0.650
 5   112.931    23.741    19.014
 5    -0.022    -0.347     0.938
 5     0.272    -0.905    -0.328
 5     0.962     0.247     0.114
 6   121.184    31.058    43.640
 6     0.081    -0.751    -0.657
 6     0.148     0.659    -0.736
 6     0.985    -0.041     0.162
 7   113.233   -22.019    -8.018
 7     0.711     0.549     0.439
 7    -0.698     0.477     0.534
 7     0.084    -0.686     0.722
 8   115.325   -27.022    17.321
 8     0.106     0.283     0.953
 8    -0.305    -0.904     0.302
 8     0.946    -0.322    -0.010
 9   124.217   -35.432    42.196
 9     0.292     0.865    -0.411
 9    -0.118     0.455     0.881
 9     0.949    -0.208     0.233
 2    98.338   -22.470    59.581
 2     0.825    -0.567    -0.016
 2     0.565     0.822     0.052
 2    -0.016    -0.053     0.998
 3   129.549    -3.211    -2.323
 3     0.505    -0.359    -0.786
 3     0.403     0.901    -0.151
 3     0.762    -0.241     0.599
 4   113.142    17.587    -7.926
 4     0.473    -0.740     0.479
 4     0.798     0.129    -0.588
 4     0.373     0.660     0.652
 5   114.592    23.907    19.151
 5     0.028    -0.355     0.935
 5     0.267    -0.899    -0.348
 5     0.963     0.258     0.070
 6   124.462    31.116    43.220
 6     0.145    -0.743    -0.656
 6     0.152     0.669    -0.726
 6     0.977     0.004     0.208
 7   113.419   -22.012    -7.902
 7     0.714     0.546     0.439
 7    -0.694     0.473     0.542
 7     0.088    -0.691     0.716
 8   117.079   -26.453    17.847
 8     0.179     0.342     0.923
 8    -0.271    -0.885     0.379
 8     0.946    -0.317    -0.066
 9   127.560   -33.530    42.480
 9     0.365     0.835    -0.415
 9    -0.078     0.468     0.879
 9     0.927    -0.287     0.234
];