% Calibrated with leiden_pols
% Positions are in centimeters
Data =[
 2    96.648   -18.456    59.990
 2     0.159    -0.987    -0.004
 2     0.986     0.159     0.037
 2    -0.036    -0.010     0.999
 3   122.921    -1.042     4.759
 3     0.321     0.024    -0.947
 3    -0.197     0.979    -0.042
 3     0.926     0.200     0.319
 4   107.732   -18.435    -5.322
 4     0.542     0.675     0.500
 4    -0.838     0.483     0.254
 4    -0.070    -0.557     0.828
 5   111.707   -23.474    18.052
 5     0.291     0.320     0.901
 5    -0.390    -0.821     0.417
 5     0.874    -0.473    -0.114
 6   121.790   -29.463    40.900
 6     0.348     0.937     0.030
 6    -0.137     0.019     0.990
 6     0.927    -0.349     0.135
 7   110.551    16.019    -4.320
 7     0.577    -0.674     0.460
 7     0.799     0.352    -0.487
 7     0.166     0.649     0.742
 8   112.119    20.220    20.991
 8     0.307    -0.462     0.832
 8     0.254    -0.802    -0.540
 8     0.917     0.377    -0.129
 9   124.397    24.551    42.249
 9     0.543    -0.836     0.075
 9     0.068    -0.045    -0.997
 9     0.837     0.546     0.032
 2    96.648   -18.456    59.990
 2     0.159    -0.987    -0.004
 2     0.986     0.159     0.037
 2    -0.036    -0.009     0.999
 3   122.977    -1.143     4.699
 3     0.319     0.025    -0.947
 3    -0.198     0.979    -0.041
 3     0.927     0.201     0.317
 4   107.732   -18.435    -5.322
 4     0.542     0.676     0.500
 4    -0.838     0.484     0.254
 4    -0.070    -0.557     0.828
 5   111.707   -23.474    18.052
 5     0.291     0.321     0.901
 5    -0.390    -0.821     0.418
 5     0.874    -0.473    -0.114
 6   121.790   -29.463    40.900
 6     0.348     0.937     0.029
 6    -0.137     0.020     0.990
 6     0.927    -0.349     0.135
 7   110.601    16.019    -4.320
 7     0.578    -0.675     0.459
 7     0.799     0.353    -0.486
 7     0.166     0.648     0.743
 8   112.169    20.220    20.993
 8     0.306    -0.463     0.832
 8     0.254    -0.802    -0.540
 8     0.917     0.377    -0.128
 9   124.397    24.551    42.249
 9     0.543    -0.836     0.075
 9     0.068    -0.045    -0.997
 9     0.837     0.546     0.032
 2    96.648   -18.456    59.990
 2     0.159    -0.987    -0.004
 2     0.986     0.159     0.037
 2    -0.036    -0.010     0.999
 3   123.114    -1.091     4.631
 3     0.313     0.023    -0.949
 3    -0.198     0.979    -0.042
 3     0.929     0.201     0.311
 4   107.682   -18.435    -5.322
 4     0.542     0.676     0.499
 4    -0.837     0.484     0.254
 4    -0.070    -0.556     0.828
 5   111.755   -23.475    18.052
 5     0.290     0.323     0.901
 5    -0.389    -0.820     0.419
 5     0.874    -0.472    -0.112
 6   121.795   -29.461    40.891
 6     0.347     0.937     0.027
 6    -0.136     0.021     0.990
 6     0.928    -0.348     0.135
 7   110.651    15.992    -4.340
 7     0.579    -0.676     0.456
 7     0.798     0.357    -0.485
 7     0.165     0.645     0.746
 8   112.170    20.194    20.943
 8     0.306    -0.464     0.831
 8     0.254    -0.802    -0.541
 8     0.917     0.377    -0.127
 9   124.397    24.551    42.300
 9     0.542    -0.837     0.075
 9     0.068    -0.045    -0.997
 9     0.837     0.545     0.032
 2    96.648   -18.456    59.990
 2     0.159    -0.987    -0.004
 2     0.986     0.159     0.037
 2    -0.036    -0.010     0.999
 3   123.170    -1.092     4.547
 3     0.309     0.024    -0.951
 3    -0.199     0.979    -0.040
 3     0.930     0.201     0.307
 4   107.732   -18.435    -5.322
 4     0.542     0.676     0.499
 4    -0.837     0.484     0.254
 4    -0.070    -0.556     0.828
 5   111.754   -23.475    18.051
 5     0.291     0.324     0.900
 5    -0.389    -0.819     0.421
 5     0.874    -0.473    -0.112
 6   121.795   -29.437    40.892
 6     0.346     0.938     0.026
 6    -0.137     0.022     0.990
 6     0.928    -0.347     0.136
 7   110.701    15.990    -4.335
 7     0.581    -0.677     0.452
 7     0.797     0.360    -0.484
 7     0.164     0.642     0.749
 8   112.195    20.194    20.893
 8     0.305    -0.465     0.831
 8     0.254    -0.801    -0.542
 8     0.917     0.376    -0.126
 9   124.352    24.578    42.244
 9     0.541    -0.838     0.074
 9     0.068    -0.044    -0.997
 9     0.838     0.544     0.033
 2    96.646   -18.456    59.993
 2     0.159    -0.987    -0.004
 2     0.986     0.159     0.037
 2    -0.037    -0.010     0.999
 3   123.296    -1.093     4.446
 3     0.307     0.027    -0.951
 3    -0.199     0.979    -0.036
 3     0.930     0.200     0.306
 4   107.732   -18.486    -5.373
 4     0.542     0.676     0.499
 4    -0.838     0.484     0.254
 4    -0.070    -0.556     0.828
 5   111.754   -23.475    18.051
 5     0.291     0.326     0.899
 5    -0.389    -0.818     0.423
 5     0.874    -0.473    -0.111
 6   121.794   -29.436    40.891
 6     0.346     0.938     0.025
 6    -0.136     0.023     0.990
 6     0.928    -0.347     0.136
 7   110.773    15.988    -4.328
 7     0.583    -0.677     0.450
 7     0.796     0.364    -0.483
 7     0.162     0.640     0.751
 8   112.201    20.222    20.861
 8     0.304    -0.467     0.830
 8     0.254    -0.800    -0.543
 8     0.918     0.376    -0.125
 9   124.457    24.553    42.240
 9     0.539    -0.839     0.072
 9     0.067    -0.042    -0.997
 9     0.839     0.542     0.033
 2    96.646   -18.456    59.993
 2     0.159    -0.987    -0.004
 2     0.986     0.158     0.037
 2    -0.037    -0.010     0.999
 3   123.403    -1.092     4.312
 3     0.304     0.029    -0.952
 3    -0.199     0.979    -0.033
 3     0.931     0.199     0.304
 4   107.731   -18.486    -5.323
 4     0.542     0.676     0.498
 4    -0.837     0.484     0.253
 4    -0.070    -0.555     0.829
 5   111.772   -23.526    18.006
 5     0.293     0.331     0.897
 5    -0.389    -0.816     0.428
 5     0.873    -0.474    -0.110
 6   121.844   -29.436    40.942
 6     0.345     0.938     0.024
 6    -0.136     0.024     0.990
 6     0.928    -0.346     0.136
 7   110.872    15.986    -4.425
 7     0.584    -0.677     0.448
 7     0.795     0.368    -0.481
 7     0.161     0.637     0.753
 8   112.301    20.222    20.862
 8     0.303    -0.467     0.830
 8     0.254    -0.800    -0.543
 8     0.918     0.376    -0.124
 9   124.512    24.555    42.235
 9     0.537    -0.840     0.071
 9     0.066    -0.042    -0.997
 9     0.840     0.540     0.033
 2    96.648   -18.456    59.990
 2     0.159    -0.987    -0.004
 2     0.986     0.159     0.037
 2    -0.036    -0.010     0.999
 3   123.641    -1.090     4.168
 3     0.300     0.032    -0.953
 3    -0.199     0.979    -0.030
 3     0.933     0.198     0.300
 4   107.779   -18.486    -5.371
 4     0.542     0.676     0.498
 4    -0.837     0.485     0.253
 4    -0.071    -0.555     0.829
 5   111.771   -23.526    18.005
 5     0.294     0.334     0.895
 5    -0.389    -0.814     0.431
 5     0.873    -0.475    -0.109
 6   121.850   -29.436    40.832
 6     0.345     0.938     0.023
 6    -0.137     0.026     0.990
 6     0.929    -0.345     0.137
 7   110.994    15.984    -4.468
 7     0.587    -0.677     0.444
 7     0.794     0.373    -0.480
 7     0.159     0.635     0.756
 8   112.308    20.224    20.804
 8     0.302    -0.468     0.830
 8     0.254    -0.800    -0.543
 8     0.919     0.375    -0.123
 9   124.517    24.556    42.204
 9     0.536    -0.841     0.070
 9     0.066    -0.041    -0.997
 9     0.841     0.539     0.033
 2    96.648   -18.456    59.990
 2     0.159    -0.987    -0.004
 2     0.986     0.159     0.037
 2    -0.036    -0.010     0.999
 3   123.772    -1.140     4.032
 3     0.297     0.033    -0.954
 3    -0.199     0.979    -0.028
 3     0.934     0.198     0.297
 4   107.776   -18.487    -5.368
 4     0.543     0.675     0.498
 4    -0.836     0.486     0.252
 4    -0.072    -0.554     0.829
 5   111.815   -23.552    17.986
 5     0.295     0.337     0.894
 5    -0.390    -0.812     0.435
 5     0.872    -0.477    -0.109
 6   121.850   -29.462    40.832
 6     0.344     0.938     0.022
 6    -0.137     0.026     0.990
 6     0.929    -0.344     0.137
 7   111.066    16.007    -4.461
 7     0.588    -0.676     0.443
 7     0.793     0.376    -0.479
 7     0.157     0.633     0.757
 8   112.383    20.225    20.753
 8     0.301    -0.468     0.830
 8     0.253    -0.800    -0.543
 8     0.919     0.374    -0.123
 9   124.572    24.558    42.147
 9     0.535    -0.842     0.070
 9     0.066    -0.041    -0.997
 9     0.842     0.538     0.033
 2    96.648   -18.456    59.990
 2     0.159    -0.987    -0.004
 2     0.986     0.158     0.037
 2    -0.036    -0.010     0.999
 3   123.897    -1.141     3.982
 3     0.295     0.033    -0.955
 3    -0.199     0.979    -0.028
 3     0.934     0.198     0.296
 4   107.824   -18.513    -5.416
 4     0.543     0.675     0.499
 4    -0.836     0.487     0.251
 4    -0.073    -0.554     0.829
 5   111.814   -23.552    17.986
 5     0.296     0.339     0.893
 5    -0.390    -0.811     0.437
 5     0.872    -0.477    -0.108
 6   121.849   -29.461    40.882
 6     0.343     0.939     0.021
 6    -0.136     0.027     0.990
 6     0.929    -0.343     0.137
 7   111.066    16.007    -4.485
 7     0.589    -0.677     0.441
 7     0.793     0.377    -0.479
 7     0.157     0.632     0.759
 8   112.433    20.199    20.703
 8     0.301    -0.469     0.830
 8     0.253    -0.800    -0.543
 8     0.919     0.374    -0.123
 9   124.577    24.509    42.142
 9     0.534    -0.842     0.070
 9     0.066    -0.042    -0.997
 9     0.843     0.537     0.033
 2    96.648   -18.456    60.041
 2     0.159    -0.987    -0.004
 2     0.986     0.159     0.037
 2    -0.036    -0.010     0.999
 3   123.953    -1.141     3.973
 3     0.292     0.034    -0.956
 3    -0.200     0.979    -0.026
 3     0.935     0.199     0.293
 4   107.846   -18.488    -5.414
 4     0.544     0.675     0.498
 4    -0.836     0.489     0.251
 4    -0.074    -0.553     0.830
 5   111.913   -23.552    17.985
 5     0.296     0.341     0.892
 5    -0.389    -0.810     0.439
 5     0.872    -0.477    -0.107
 6   121.849   -29.436    40.882
 6     0.343     0.939     0.021
 6    -0.136     0.027     0.990
 6     0.929    -0.343     0.137
 7   111.114    16.006    -4.533
 7     0.589    -0.677     0.441
 7     0.793     0.378    -0.478
 7     0.156     0.631     0.760
 8   112.433    20.225    20.703
 8     0.300    -0.469     0.831
 8     0.253    -0.800    -0.543
 8     0.919     0.373    -0.122
 9   124.576    24.509    42.193
 9     0.533    -0.843     0.070
 9     0.066    -0.042    -0.997
 9     0.843     0.536     0.033
 2    96.648   -18.456    60.041
 2     0.159    -0.987    -0.004
 2     0.986     0.159     0.037
 2    -0.036    -0.010     0.999
 3   123.953    -1.192     3.921
 3     0.292     0.034    -0.956
 3    -0.200     0.979    -0.026
 3     0.935     0.199     0.292
 4   107.821   -18.513    -5.414
 4     0.544     0.675     0.498
 4    -0.836     0.488     0.251
 4    -0.074    -0.553     0.830
 5   111.864   -23.552    17.935
 5     0.296     0.341     0.892
 5    -0.389    -0.810     0.439
 5     0.872    -0.477    -0.108
 6   121.849   -29.461    40.831
 6     0.343     0.939     0.021
 6    -0.136     0.027     0.990
 6     0.929    -0.343     0.137
 7   111.115    16.006    -4.482
 7     0.589    -0.677     0.441
 7     0.792     0.379    -0.478
 7     0.156     0.631     0.760
 8   112.490    20.227    20.696
 8     0.300    -0.469     0.830
 8     0.253    -0.800    -0.543
 8     0.920     0.373    -0.122
 9   124.602    24.509    42.143
 9     0.533    -0.843     0.070
 9     0.066    -0.042    -0.997
 9     0.843     0.536     0.034
 2    96.648   -18.456    59.990
 2     0.159    -0.987    -0.004
 2     0.986     0.159     0.037
 2    -0.036    -0.010     0.999
 3   123.904    -1.192     3.973
 3     0.292     0.035    -0.956
 3    -0.200     0.979    -0.025
 3     0.935     0.198     0.292
 4   107.819   -18.514    -5.411
 4     0.544     0.674     0.499
 4    -0.835     0.489     0.250
 4    -0.075    -0.553     0.830
 5   111.864   -23.552    17.935
 5     0.296     0.340     0.892
 5    -0.389    -0.810     0.438
 5     0.872    -0.477    -0.108
 6   121.849   -29.461    40.831
 6     0.343     0.939     0.021
 6    -0.136     0.027     0.990
 6     0.929    -0.343     0.137
 7   111.115    16.005    -4.481
 7     0.590    -0.677     0.441
 7     0.792     0.379    -0.478
 7     0.156     0.631     0.760
 8   112.490    20.227    20.696
 8     0.300    -0.469     0.831
 8     0.253    -0.800    -0.543
 8     0.920     0.373    -0.122
 9   124.576    24.560    42.142
 9     0.533    -0.843     0.071
 9     0.066    -0.042    -0.997
 9     0.843     0.536     0.033
 2    96.648   -18.456    59.990
 2     0.159    -0.987    -0.004
 2     0.986     0.159     0.037
 2    -0.036    -0.010     0.999
 3   123.853    -1.141     3.972
 3     0.293     0.034    -0.955
 3    -0.200     0.979    -0.026
 3     0.935     0.199     0.293
 4   107.819   -18.514    -5.436
 4     0.544     0.674     0.499
 4    -0.836     0.489     0.250
 4    -0.075    -0.553     0.830
 5   111.864   -23.552    17.935
 5     0.296     0.339     0.892
 5    -0.389    -0.811     0.437
 5     0.872    -0.477    -0.108
 6   121.849   -29.436    40.831
 6     0.343     0.939     0.021
 6    -0.136     0.027     0.990
 6     0.929    -0.343     0.137
 7   111.114    16.006    -4.533
 7     0.590    -0.676     0.441
 7     0.792     0.379    -0.479
 7     0.156     0.632     0.759
 8   112.483    20.225    20.703
 8     0.300    -0.468     0.831
 8     0.253    -0.801    -0.543
 8     0.919     0.373    -0.122
 9   124.576    24.560    42.141
 9     0.534    -0.843     0.071
 9     0.067    -0.042    -0.997
 9     0.843     0.536     0.033
 2    96.648   -18.456    59.990
 2     0.159    -0.987    -0.004
 2     0.986     0.159     0.037
 2    -0.036    -0.010     0.999
 3   123.847    -1.143     3.982
 3     0.294     0.034    -0.955
 3    -0.201     0.979    -0.027
 3     0.934     0.199     0.295
 4   107.819   -18.514    -5.436
 4     0.544     0.674     0.499
 4    -0.836     0.489     0.250
 4    -0.075    -0.553     0.829
 5   111.865   -23.551    17.935
 5     0.296     0.338     0.893
 5    -0.389    -0.811     0.436
 5     0.872    -0.477    -0.109
 6   121.799   -29.436    40.882
 6     0.343     0.939     0.021
 6    -0.136     0.027     0.990
 6     0.929    -0.343     0.137
 7   111.114    16.006    -4.482
 7     0.590    -0.676     0.442
 7     0.792     0.378    -0.479
 7     0.156     0.632     0.758
 8   112.433    20.225    20.754
 8     0.300    -0.468     0.831
 8     0.253    -0.801    -0.543
 8     0.919     0.373    -0.122
 9   124.576    24.560    42.192
 9     0.534    -0.843     0.072
 9     0.067    -0.043    -0.997
 9     0.843     0.536     0.033
 2    96.646   -18.456    59.993
 2     0.159    -0.987    -0.004
 2     0.986     0.158     0.037
 2    -0.037    -0.010     0.999
 3   123.822    -1.091     4.032
 3     0.296     0.033    -0.955
 3    -0.200     0.979    -0.028
 3     0.934     0.199     0.296
 4   107.819   -18.488    -5.436
 4     0.544     0.673     0.500
 4    -0.835     0.489     0.251
 4    -0.075    -0.554     0.829
 5   111.870   -23.551    17.929
 5     0.295     0.337     0.894
 5    -0.389    -0.812     0.435
 5     0.873    -0.476    -0.109
 6   121.898   -29.436    40.831
 6     0.343     0.939     0.019
 6    -0.136     0.029     0.990
 6     0.929    -0.343     0.138
 7   111.038    16.006    -4.484
 7     0.589    -0.676     0.443
 7     0.792     0.377    -0.479
 7     0.156     0.634     0.757
 8   112.433    20.276    20.755
 8     0.300    -0.468     0.831
 8     0.253    -0.801    -0.543
 8     0.919     0.374    -0.122
 9   124.521    24.559    42.147
 9     0.534    -0.842     0.072
 9     0.067    -0.043    -0.997
 9     0.842     0.537     0.033
 2    96.696   -18.456    59.993
 2     0.159    -0.987    -0.004
 2     0.986     0.158     0.037
 2    -0.037    -0.010     0.999
 3   123.715    -1.143     4.040
 3     0.299     0.032    -0.953
 3    -0.201     0.979    -0.030
 3     0.933     0.200     0.299
 4   107.820   -18.513    -5.360
 4     0.545     0.672     0.500
 4    -0.835     0.489     0.252
 4    -0.075    -0.556     0.828
 5   111.820   -23.550    17.928
 5     0.295     0.336     0.894
 5    -0.388    -0.813     0.433
 5     0.873    -0.475    -0.109
 6   121.888   -29.515    40.762
 6     0.346     0.938     0.009
 6    -0.138     0.040     0.989
 6     0.928    -0.344     0.143
 7   110.940    16.007    -4.411
 7     0.588    -0.676     0.445
 7     0.793     0.374    -0.480
 7     0.157     0.635     0.756
 8   112.383    20.225    20.753
 8     0.301    -0.467     0.831
 8     0.253    -0.801    -0.542
 8     0.919     0.374    -0.123
 9   124.521    24.584    42.198
 9     0.535    -0.842     0.073
 9     0.067    -0.044    -0.997
 9     0.842     0.538     0.033
 2    96.646   -18.456    59.993
 2     0.159    -0.987    -0.004
 2     0.986     0.158     0.037
 2    -0.037    -0.010     0.999
 3   123.633    -1.094     4.125
 3     0.300     0.029    -0.953
 3    -0.201     0.979    -0.033
 3     0.932     0.201     0.300
 4   107.820   -18.487    -5.412
 4     0.547     0.671     0.500
 4    -0.834     0.490     0.254
 4    -0.075    -0.556     0.828
 5   111.821   -23.551    17.929
 5     0.294     0.336     0.894
 5    -0.388    -0.813     0.433
 5     0.873    -0.474    -0.109
 6   121.887   -29.516    40.762
 6     0.345     0.938     0.008
 6    -0.138     0.042     0.989
 6     0.928    -0.343     0.144
 7   110.868    16.062    -4.371
 7     0.583    -0.677     0.450
 7     0.797     0.366    -0.480
 7     0.160     0.638     0.753
 8   112.357    20.225    20.802
 8     0.302    -0.464     0.832
 8     0.253    -0.803    -0.540
 8     0.919     0.374    -0.125
 9   124.511    24.556    42.207
 9     0.537    -0.840     0.076
 9     0.067    -0.047    -0.997
 9     0.840     0.540     0.031
 2    96.646   -18.406    59.993
 2     0.159    -0.987    -0.004
 2     0.986     0.158     0.037
 2    -0.037    -0.010     0.999
 3   123.533    -1.041     4.225
 3     0.302     0.027    -0.953
 3    -0.200     0.979    -0.035
 3     0.932     0.201     0.301
 4   107.819   -18.486    -5.362
 4     0.550     0.669     0.499
 4    -0.832     0.493     0.255
 4    -0.075    -0.556     0.828
 5   111.813   -23.603    17.883
 5     0.296     0.343     0.891
 5    -0.389    -0.809     0.440
 5     0.872    -0.477    -0.107
 6   121.935   -29.567    40.761
 6     0.345     0.938     0.005
 6    -0.138     0.045     0.989
 6     0.928    -0.342     0.145
 7   110.717    16.165    -4.326
 7     0.580    -0.676     0.455
 7     0.798     0.361    -0.482
 7     0.161     0.642     0.749
 8   112.256    20.225    20.874
 8     0.303    -0.460     0.834
 8     0.252    -0.806    -0.536
 8     0.919     0.373    -0.128
 9   124.505    24.580    42.160
 9     0.540    -0.838     0.079
 9     0.067    -0.050    -0.996
 9     0.839     0.543     0.029
 2    96.646   -18.456    59.993
 2     0.159    -0.987    -0.004
 2     0.986     0.158     0.037
 2    -0.037    -0.010     0.999
 3   123.395    -0.966     4.243
 3     0.308     0.026    -0.951
 3    -0.200     0.979    -0.038
 3     0.930     0.201     0.307
 4   107.818   -18.434    -5.414
 4     0.553     0.667     0.498
 4    -0.830     0.495     0.257
 4    -0.075    -0.556     0.828
 5   111.811   -23.603    17.883
 5     0.297     0.346     0.890
 5    -0.389    -0.807     0.444
 5     0.872    -0.478    -0.105
 6   121.935   -29.568    40.761
 6     0.345     0.938     0.003
 6    -0.139     0.047     0.989
 6     0.928    -0.342     0.146
 7   110.644    16.245    -4.310
 7     0.577    -0.676     0.459
 7     0.800     0.354    -0.483
 7     0.163     0.646     0.745
 8   112.200    20.223    20.878
 8     0.305    -0.457     0.835
 8     0.251    -0.807    -0.534
 8     0.918     0.373    -0.131
 9   124.449    24.579    42.239
 9     0.542    -0.836     0.082
 9     0.067    -0.055    -0.996
 9     0.838     0.545     0.026
 2    96.646   -18.456    59.993
 2     0.159    -0.987    -0.004
 2     0.986     0.158     0.037
 2    -0.037    -0.010     0.999
 3   123.395    -0.914     4.319
 3     0.309     0.025    -0.950
 3    -0.199     0.979    -0.039
 3     0.930     0.201     0.308
 4   107.842   -18.382    -5.365
 4     0.556     0.666     0.496
 4    -0.828     0.498     0.258
 4    -0.075    -0.555     0.829
 5   111.858   -23.604    17.882
 5     0.297     0.351     0.888
 5    -0.389    -0.805     0.448
 5     0.872    -0.478    -0.102
 6   121.931   -29.645    40.709
 6     0.344     0.939    -0.003
 6    -0.139     0.053     0.989
 6     0.928    -0.340     0.149
 7   110.645    16.246    -4.314
 7     0.576    -0.675     0.460
 7     0.801     0.353    -0.484
 7     0.164     0.647     0.744
 8   112.180    20.200    20.920
 8     0.305    -0.457     0.836
 8     0.251    -0.808    -0.533
 8     0.919     0.372    -0.132
 9   124.444    24.578    42.244
 9     0.543    -0.836     0.083
 9     0.068    -0.056    -0.996
 9     0.837     0.546     0.026
 2    96.648   -18.456    59.990
 2     0.159    -0.987    -0.004
 2     0.986     0.159     0.037
 2    -0.036    -0.010     0.999
 3   123.338    -0.915     4.327
 3     0.312     0.024    -0.950
 3    -0.199     0.979    -0.040
 3     0.929     0.201     0.310
 4   107.840   -18.331    -5.363
 4     0.557     0.665     0.496
 4    -0.827     0.499     0.259
 4    -0.076    -0.555     0.828
 5   111.857   -23.706    17.831
 5     0.297     0.354     0.886
 5    -0.389    -0.803     0.452
 5     0.872    -0.479    -0.101
 6   122.097   -29.797    40.618
 6     0.344     0.938    -0.041
 6    -0.138     0.094     0.986
 6     0.929    -0.333     0.161
 7   110.595    16.246    -4.263
 7     0.576    -0.675     0.461
 7     0.800     0.353    -0.485
 7     0.164     0.648     0.743
 8   112.174    20.198    20.926
 8     0.306    -0.455     0.836
 8     0.251    -0.809    -0.532
 8     0.918     0.372    -0.133
 9   124.394    24.577    42.294
 9     0.543    -0.836     0.084
 9     0.067    -0.057    -0.996
 9     0.837     0.546     0.025
 2    96.646   -18.456    60.044
 2     0.159    -0.987    -0.004
 2     0.986     0.159     0.037
 2    -0.037    -0.010     0.999
 3   123.282    -0.915     4.335
 3     0.314     0.024    -0.949
 3    -0.198     0.979    -0.041
 3     0.928     0.201     0.312
 4   107.817   -18.380    -5.362
 4     0.559     0.661     0.500
 4    -0.825     0.499     0.263
 4    -0.076    -0.560     0.825
 5   111.976   -23.880    17.751
 5     0.301     0.370     0.879
 5    -0.385    -0.796     0.467
 5     0.872    -0.479    -0.098
 6   122.123   -29.745    40.643
 6     0.344     0.938    -0.043
 6    -0.136     0.095     0.986
 6     0.929    -0.334     0.160
 7   110.594    16.246    -4.264
 7     0.576    -0.674     0.462
 7     0.801     0.352    -0.485
 7     0.164     0.649     0.742
 8   112.174    20.198    20.977
 8     0.305    -0.455     0.836
 8     0.250    -0.809    -0.532
 8     0.918     0.372    -0.133
 9   124.394    24.577    42.294
 9     0.543    -0.835     0.084
 9     0.067    -0.056    -0.996
 9     0.837     0.547     0.025
 2    96.646   -18.456    60.044
 2     0.159    -0.987    -0.004
 2     0.986     0.158     0.037
 2    -0.037    -0.010     0.999
 3   123.252    -1.016     4.344
 3     0.319     0.024    -0.947
 3    -0.198     0.979    -0.042
 3     0.927     0.200     0.317
 4   107.773   -18.427    -5.313
 4     0.562     0.656     0.504
 4    -0.824     0.499     0.270
 4    -0.075    -0.567     0.820
 5   112.079   -23.930    17.744
 5     0.301     0.374     0.877
 5    -0.384    -0.794     0.471
 5     0.873    -0.479    -0.096
 6   122.217   -29.796    40.652
 6     0.346     0.937    -0.041
 6    -0.136     0.094     0.986
 6     0.928    -0.336     0.160
 7   110.519    16.169    -4.265
 7     0.578    -0.672     0.464
 7     0.799     0.351    -0.487
 7     0.164     0.652     0.740
 8   112.173    20.224    20.979
 8     0.306    -0.456     0.835
 8     0.253    -0.807    -0.533
 8     0.918     0.374    -0.132
 9   124.451    24.679    42.295
 9     0.542    -0.837     0.074
 9     0.068    -0.044    -0.997
 9     0.838     0.545     0.032
 2    96.648   -18.456    60.041
 2     0.159    -0.987    -0.004
 2     0.986     0.159     0.037
 2    -0.036    -0.010     0.999
 3   123.196    -1.016     4.352
 3     0.322     0.024    -0.946
 3    -0.197     0.979    -0.042
 3     0.926     0.200     0.320
 4   107.730   -18.499    -5.264
 4     0.566     0.647     0.511
 4    -0.821     0.498     0.279
 4    -0.074    -0.577     0.813
 5   112.126   -24.317    17.598
 5     0.307     0.380     0.872
 5    -0.391    -0.786     0.480
 5     0.868    -0.488    -0.093
 6   122.932   -30.693    40.113
 6     0.356     0.926    -0.126
 6    -0.138     0.185     0.973
 6     0.924    -0.329     0.193
 7   110.287    16.015    -4.163
 7     0.580    -0.664     0.472
 7     0.798     0.348    -0.491
 7     0.162     0.661     0.732
 8   112.192    20.558    20.930
 8     0.318    -0.464     0.827
 8     0.268    -0.792    -0.548
 8     0.909     0.395    -0.128
 9   125.099    25.061    41.841
 9     0.547    -0.836    -0.043
 9     0.063     0.092    -0.994
 9     0.835     0.540     0.103
 2    96.648   -18.456    60.041
 2     0.159    -0.987    -0.004
 2     0.986     0.159     0.037
 2    -0.036    -0.010     0.999
 3   123.058    -1.095     4.419
 3     0.325     0.024    -0.945
 3    -0.198     0.979    -0.043
 3     0.924     0.201     0.323
 4   107.658   -18.608    -5.277
 4     0.567     0.637     0.522
 4    -0.819     0.502     0.277
 4    -0.086    -0.585     0.807
 5   112.706   -25.424    17.254
 5     0.342     0.431     0.834
 5    -0.405    -0.734     0.545
 5     0.848    -0.525    -0.076
 6   124.463   -31.546    39.132
 6     0.371     0.869    -0.326
 6    -0.138     0.399     0.906
 6     0.918    -0.292     0.268
 7   110.175    15.986    -4.257
 7     0.580    -0.660     0.477
 7     0.799     0.347    -0.491
 7     0.158     0.666     0.728
 8   112.588    21.436    20.824
 8     0.339    -0.490     0.802
 8     0.287    -0.758    -0.585
 8     0.895     0.429    -0.117
 9   126.395    26.045    41.115
 9     0.560    -0.813    -0.159
 9     0.060     0.232    -0.971
 9     0.826     0.534     0.178
 2    96.648   -18.456    59.990
 2     0.159    -0.987    -0.004
 2     0.986     0.159     0.037
 2    -0.036    -0.010     0.999
 3   122.902    -1.098     4.427
 3     0.327     0.025    -0.944
 3    -0.200     0.979    -0.043
 3     0.923     0.203     0.325
 4   107.443   -18.521    -5.336
 4     0.570     0.619     0.541
 4    -0.815     0.512     0.272
 4    -0.108    -0.596     0.796
 5   113.339   -26.100    16.789
 5     0.381     0.437     0.814
 5    -0.424    -0.700     0.574
 5     0.822    -0.564    -0.081
 6   126.080   -32.107    37.977
 6     0.402     0.810    -0.426
 6    -0.151     0.517     0.842
 6     0.903    -0.275     0.330
 7   110.026    15.926    -4.232
 7     0.584    -0.651     0.486
 7     0.798     0.351    -0.490
 7     0.148     0.673     0.724
 8   113.220    22.227    20.574
 8     0.374    -0.499     0.781
 8     0.313    -0.725    -0.613
 8     0.873     0.474    -0.115
 9   127.972    26.898    39.921
 9     0.587    -0.773    -0.240
 9     0.068     0.343    -0.937
 9     0.807     0.533     0.253
 2    96.648   -18.456    59.990
 2     0.159    -0.987    -0.004
 2     0.986     0.158     0.037
 2    -0.036    -0.010     0.999
 3   122.865    -1.152     4.317
 3     0.331     0.027    -0.943
 3    -0.202     0.978    -0.043
 3     0.921     0.204     0.330
 4   107.096   -18.513    -5.407
 4     0.573     0.594     0.564
 4    -0.808     0.523     0.271
 4    -0.134    -0.611     0.780
 5   114.482   -26.694    16.365
 5     0.435     0.446     0.782
 5    -0.432    -0.659     0.616
 5     0.790    -0.605    -0.094
 6   128.468   -32.306    36.628
 6     0.448     0.725    -0.523
 6    -0.151     0.638     0.755
 6     0.881    -0.260     0.396
 7   109.814    15.734    -4.371
 7     0.588    -0.638     0.497
 7     0.798     0.356    -0.486
 7     0.133     0.682     0.719
 8   114.013    23.164    20.212
 8     0.413    -0.506     0.757
 8     0.337    -0.687    -0.643
 8     0.846     0.521    -0.113
 9   129.605    27.680    38.711
 9     0.610    -0.730    -0.308
 9     0.074     0.440    -0.895
 9     0.789     0.523     0.322
 2    96.648   -18.456    59.990
 2     0.159    -0.987    -0.004
 2     0.986     0.159     0.037
 2    -0.036    -0.010     0.999
 3   122.810    -1.204     4.274
 3     0.335     0.028    -0.942
 3    -0.203     0.978    -0.043
 3     0.920     0.205     0.334
 4   106.992   -18.528    -5.497
 4     0.582     0.563     0.586
 4    -0.796     0.540     0.273
 4    -0.163    -0.626     0.763
 5   115.575   -26.929    15.912
 5     0.482     0.449     0.753
 5    -0.432    -0.626     0.649
 5     0.762    -0.638    -0.108
 6   130.443   -32.300    35.289
 6     0.492     0.676    -0.549
 6    -0.149     0.687     0.711
 6     0.858    -0.268     0.438
 7   109.608    15.673    -4.392
 7     0.587    -0.631     0.507
 7     0.800     0.359    -0.480
 7     0.121     0.688     0.715
 8   114.941    23.770    19.915
 8     0.455    -0.512     0.728
 8     0.351    -0.648    -0.675
 8     0.818     0.563    -0.115
 9   131.337    28.356    37.554
 9     0.638    -0.688    -0.346
 9     0.073     0.501    -0.862
 9     0.766     0.524     0.370
 2    96.648   -18.456    59.990
 2     0.159    -0.987    -0.004
 2     0.986     0.158     0.037
 2    -0.036    -0.010     0.999
 3   122.746    -1.233     4.187
 3     0.338     0.027    -0.941
 3    -0.205     0.978    -0.046
 3     0.918     0.208     0.336
 4   106.900   -18.364    -5.557
 4     0.588     0.541     0.601
 4    -0.788     0.552     0.273
 4    -0.185    -0.634     0.751
 5   116.340   -27.249    15.342
 5     0.522     0.440     0.730
 5    -0.438    -0.597     0.672
 5     0.731    -0.671    -0.119
 6   132.189   -32.164    34.235
 6     0.528     0.636    -0.563
 6    -0.145     0.720     0.678
 6     0.837    -0.277     0.473
 7   109.642    15.667    -4.373
 7     0.589    -0.626     0.511
 7     0.800     0.362    -0.479
 7     0.114     0.691     0.714
 8   116.080    24.253    19.668
 8     0.500    -0.508     0.701
 8     0.353    -0.620    -0.700
 8     0.791     0.597    -0.131
 9   133.201    28.675    36.345
 9     0.670    -0.649    -0.361
 9     0.066     0.536    -0.841
 9     0.739     0.540     0.402
 2    96.646   -18.456    59.993
 2     0.159    -0.987    -0.004
 2     0.986     0.158     0.037
 2    -0.037    -0.010     0.999
 3   122.789    -1.236     4.118
 3     0.339     0.027    -0.940
 3    -0.208     0.977    -0.047
 3     0.917     0.211     0.337
 4   106.732   -18.199    -5.741
 4     0.593     0.516     0.619
 4    -0.778     0.565     0.274
 4    -0.208    -0.644     0.736
 5   117.189   -27.204    14.978
 5     0.556     0.437     0.707
 5    -0.434    -0.573     0.695
 5     0.709    -0.693    -0.129
 6   133.503   -32.001    33.147
 6     0.559     0.609    -0.563
 6    -0.139     0.738     0.660
 6     0.817    -0.291     0.497
 7   109.573    15.709    -4.377
 7     0.593    -0.618     0.515
 7     0.798     0.367    -0.478
 7     0.106     0.694     0.711
 8   117.156    24.306    19.453
 8     0.545    -0.500     0.673
 8     0.342    -0.600    -0.723
 8     0.765     0.624    -0.156
 9   135.116    28.022    35.338
 9     0.703    -0.602    -0.378
 9     0.042     0.566    -0.823
 9     0.710     0.563     0.423
 2    96.648   -18.456    59.990
 2     0.159    -0.987    -0.004
 2     0.986     0.158     0.037
 2    -0.036    -0.010     0.999
 3   122.899    -1.244     3.827
 3     0.340     0.028    -0.940
 3    -0.215     0.975    -0.049
 3     0.915     0.219     0.338
 4   106.832   -18.104    -5.850
 4     0.597     0.496     0.630
 4    -0.771     0.573     0.280
 4    -0.222    -0.653     0.724
 5   117.906   -27.080    14.701
 5     0.585     0.426     0.690
 5    -0.427    -0.562     0.708
 5     0.690    -0.709    -0.147
 6   134.927   -31.298    32.260
 6     0.591     0.581    -0.559
 6    -0.121     0.748     0.652
 6     0.797    -0.318     0.513
 7   109.609    15.779    -4.412
 7     0.596    -0.614     0.517
 7     0.796     0.371    -0.478
 7     0.100     0.697     0.710
 8   118.135    24.294    19.312
 8     0.580    -0.496     0.646
 8     0.328    -0.583    -0.743
 8     0.745     0.643    -0.175
 9   136.548    27.581    34.532
 9     0.727    -0.564    -0.391
 9     0.021     0.587    -0.809
 9     0.686     0.580     0.439
 2    96.648   -18.456    59.990
 2     0.159    -0.987    -0.004
 2     0.986     0.158     0.037
 2    -0.036    -0.010     0.999
 3   122.997    -1.223     3.725
 3     0.337     0.029    -0.941
 3    -0.219     0.974    -0.048
 3     0.915     0.222     0.335
 4   106.903   -18.059    -5.930
 4     0.606     0.470     0.641
 4    -0.759     0.583     0.290
 4    -0.238    -0.662     0.710
 5   118.773   -26.854    14.366
 5     0.612     0.422     0.668
 5    -0.416    -0.546     0.727
 5     0.672    -0.724    -0.159
 6   136.263   -30.594    31.473
 6     0.615     0.551    -0.564
 6    -0.105     0.766     0.634
 6     0.781    -0.331     0.529
 7   109.591    15.773    -4.445
 7     0.596    -0.609     0.523
 7     0.797     0.373    -0.475
 7     0.093     0.700     0.708
 8   118.866    24.310    19.093
 8     0.610    -0.492     0.620
 8     0.318    -0.565    -0.761
 8     0.725     0.662    -0.189
 9   137.768    27.094    33.712
 9     0.747    -0.528    -0.405
 9     0.001     0.609    -0.793
 9     0.665     0.592     0.455
 2    96.648   -18.456    59.990
 2     0.159    -0.987    -0.004
 2     0.986     0.159     0.037
 2    -0.036    -0.010     0.999
 3   123.022    -1.172     3.725
 3     0.337     0.028    -0.941
 3    -0.219     0.974    -0.049
 3     0.915     0.223     0.335
 4   106.956   -17.934    -6.001
 4     0.615     0.450     0.647
 4    -0.748     0.593     0.298
 4    -0.249    -0.668     0.701
 5   119.398   -26.732    14.023
 5     0.633     0.416     0.653
 5    -0.412    -0.533     0.739
 5     0.656    -0.737    -0.167
 6   137.141   -30.246    30.791
 6     0.632     0.532    -0.564
 6    -0.099     0.777     0.621
 6     0.769    -0.337     0.543
 7   109.390    15.868    -4.501
 7     0.593    -0.602     0.535
 7     0.801     0.371    -0.470
 7     0.084     0.707     0.702
 8   119.560    24.499    18.712
 8     0.643    -0.484     0.593
 8     0.309    -0.545    -0.780
 8     0.701     0.684    -0.201
 9   138.815    27.067    32.764
 9     0.765    -0.494    -0.414
 9    -0.012     0.631    -0.775
 9     0.644     0.597     0.477
 2    96.648   -18.456    59.990
 2     0.159    -0.987    -0.004
 2     0.986     0.159     0.037
 2    -0.036    -0.010     0.999
 3   122.933    -1.050     3.662
 3     0.341     0.024    -0.939
 3    -0.223     0.973    -0.056
 3     0.913     0.228     0.338
 4   106.980   -17.762    -6.141
 4     0.621     0.431     0.654
 4    -0.738     0.602     0.304
 4    -0.262    -0.672     0.692
 5   119.921   -26.561    13.709
 5     0.652     0.409     0.638
 5    -0.407    -0.521     0.750
 5     0.639    -0.749    -0.173
 6   138.019   -29.771    30.158
 6     0.647     0.510    -0.567
 6    -0.091     0.790     0.606
 6     0.757    -0.341     0.557
 7   109.221    15.991    -4.464
 7     0.589    -0.596     0.546
 7     0.804     0.367    -0.467
 7     0.078     0.714     0.695
 8   120.283    24.638    18.456
 8     0.673    -0.477     0.566
 8     0.298    -0.526    -0.797
 8     0.677     0.704    -0.212
 9   139.911    26.732    31.843
 9     0.782    -0.456    -0.425
 9    -0.031     0.654    -0.756
 9     0.622     0.604     0.497
 2    96.648   -18.506    59.990
 2     0.159    -0.987    -0.004
 2     0.986     0.159     0.037
 2    -0.036    -0.010     0.999
 3   122.811    -0.903     3.681
 3     0.347     0.018    -0.938
 3    -0.227     0.972    -0.065
 3     0.910     0.235     0.341
 4   107.002   -17.642    -6.227
 4     0.628     0.412     0.660
 4    -0.728     0.611     0.310
 4    -0.276    -0.676     0.684
 5   120.476   -26.337    13.435
 5     0.671     0.405     0.621
 5    -0.399    -0.508     0.763
 5     0.624    -0.760    -0.180
 6   138.935   -29.273    29.212
 6     0.666     0.485    -0.566
 6    -0.080     0.801     0.592
 6     0.741    -0.349     0.573
 7   109.022    16.113    -4.396
 7     0.586    -0.589     0.557
 7     0.807     0.364    -0.464
 7     0.070     0.721     0.688
 8   120.946    24.773    18.062
 8     0.704    -0.467     0.535
 8     0.287    -0.503    -0.815
 8     0.649     0.728    -0.220
 9   141.064    26.416    30.521
 9     0.804    -0.406    -0.434
 9    -0.050     0.681    -0.731
 9     0.592     0.609     0.527
 2    96.699   -18.455    59.990
 2     0.159    -0.987    -0.004
 2     0.986     0.159     0.037
 2    -0.036    -0.010     0.999
 3   122.667    -0.780     3.650
 3     0.353     0.013    -0.935
 3    -0.229     0.970    -0.073
 3     0.907     0.240     0.346
 4   106.978   -17.470    -6.319
 4     0.633     0.394     0.666
 4    -0.719     0.619     0.317
 4    -0.288    -0.679     0.675
 5   120.832   -26.217    13.111
 5     0.688     0.396     0.608
 5    -0.395    -0.499     0.772
 5     0.609    -0.771    -0.187
 6   139.598   -28.847    28.721
 6     0.678     0.468    -0.566
 6    -0.072     0.809     0.583
 6     0.731    -0.355     0.583
 7   108.729    16.150    -4.409
 7     0.583    -0.575     0.574
 7     0.810     0.364    -0.458
 7     0.054     0.732     0.679
 8   121.762    25.029    17.467
 8     0.738    -0.448     0.505
 8     0.283    -0.475    -0.833
 8     0.613     0.758    -0.224
 9   142.436    26.354    29.004
 9     0.827    -0.359    -0.433
 9    -0.062     0.707    -0.704
 9     0.559     0.609     0.562
 2    96.646   -18.406    59.993
 2     0.159    -0.987    -0.004
 2     0.986     0.158     0.037
 2    -0.037    -0.010     0.999
 3   122.598    -0.606     3.620
 3     0.360     0.007    -0.933
 3    -0.230     0.970    -0.082
 3     0.904     0.243     0.351
 4   107.036   -17.370    -6.399
 4     0.639     0.379     0.669
 4    -0.710     0.625     0.324
 4    -0.296    -0.682     0.669
 5   121.272   -26.068    12.875
 5     0.702     0.391     0.595
 5    -0.388    -0.491     0.780
 5     0.597    -0.779    -0.193
 6   140.306   -28.345    28.060
 6     0.692     0.448    -0.566
 6    -0.060     0.817     0.573
 6     0.719    -0.363     0.592
 7   108.565    16.088    -4.399
 7     0.581    -0.564     0.587
 7     0.813     0.367    -0.452
 7     0.039     0.740     0.671
 8   122.558    25.253    16.642
 8     0.773    -0.420     0.475
 8     0.281    -0.445    -0.850
 8     0.569     0.790    -0.226
 9   143.755    26.265    27.139
 9     0.849    -0.308    -0.429
 9    -0.075     0.734    -0.675
 9     0.523     0.605     0.600
 2    96.648   -18.456    59.990
 2     0.159    -0.987    -0.004
 2     0.986     0.159     0.037
 2    -0.036    -0.010     0.999
 3   122.541    -0.606     3.574
 3     0.363     0.002    -0.932
 3    -0.230     0.969    -0.088
 3     0.903     0.245     0.352
 4   107.021   -17.322    -6.455
 4     0.643     0.368     0.672
 4    -0.703     0.630     0.328
 4    -0.303    -0.683     0.664
 5   121.475   -25.944    12.727
 5     0.711     0.386     0.588
 5    -0.385    -0.486     0.784
 5     0.589    -0.784    -0.197
 6   140.800   -27.995    27.691
 6     0.702     0.433    -0.565
 6    -0.052     0.823     0.566
 6     0.710    -0.368     0.600
 7   108.384    16.128    -4.420
 7     0.580    -0.554     0.597
 7     0.814     0.370    -0.448
 7     0.027     0.746     0.665
 8   123.323    25.435    15.893
 8     0.801    -0.394     0.451
