% Calibrated with leiden_pols
% Positions are in centimeters
Data =[
 2    96.696   -18.456    60.044
 2     0.159    -0.987    -0.004
 2     0.986     0.158     0.037
 2    -0.037    -0.010     0.999
 3   127.435    -2.365     3.487
 3     0.286     0.093    -0.954
 3    -0.271     0.963     0.013
 3     0.919     0.254     0.301
 4   112.216   -16.643    -8.787
 4     0.569     0.615     0.546
 4    -0.771     0.629     0.095
 4    -0.285    -0.476     0.832
 5   115.161   -32.613     8.669
 5     0.375     0.591     0.713
 5    -0.679    -0.349     0.646
 5     0.631    -0.727     0.270
 6   133.555   -24.653    23.206
 6     0.732    -0.332    -0.595
 6     0.413     0.910     0.001
 6     0.541    -0.247     0.804
 7   114.357    14.336    -6.489
 7     0.615    -0.589     0.524
 7     0.788     0.447    -0.422
 7     0.014     0.673     0.739
 8   116.803    34.477     5.796
 8     0.425    -0.778     0.464
 8     0.749     0.014    -0.662
 8     0.508     0.629     0.588
 9   134.064    23.929    22.181
 9     0.435     0.346    -0.831
 9    -0.615     0.788     0.006
 9     0.657     0.508     0.556
 2    96.698   -18.455    60.041
 2     0.159    -0.987    -0.004
 2     0.986     0.158     0.037
 2    -0.036    -0.010     0.999
 3   127.434    -2.339     3.435
 3     0.287     0.093    -0.953
 3    -0.271     0.962     0.013
 3     0.919     0.254     0.301
 4   112.265   -16.593    -8.788
 4     0.569     0.615     0.545
 4    -0.771     0.630     0.094
 4    -0.285    -0.474     0.833
 5   115.156   -32.717     8.622
 5     0.373     0.592     0.714
 5    -0.681    -0.348     0.645
 5     0.630    -0.727     0.273
 6   133.557   -24.702    23.088
 6     0.731    -0.340    -0.591
 6     0.411     0.911    -0.016
 6     0.544    -0.231     0.806
 7   114.298    14.282    -6.554
 7     0.614    -0.589     0.525
 7     0.789     0.449    -0.419
 7     0.010     0.672     0.740
 8   116.548    34.563     5.730
 8     0.408    -0.791     0.456
 8     0.753     0.010    -0.658
 8     0.515     0.612     0.600
 9   133.566    24.036    22.314
 9     0.425     0.334    -0.841
 9    -0.612     0.791     0.005
 9     0.667     0.512     0.541
 2    96.648   -18.456    59.990
 2     0.159    -0.987    -0.004
 2     0.986     0.158     0.037
 2    -0.036    -0.010     0.999
 3   127.428    -2.418     3.444
 3     0.287     0.095    -0.953
 3    -0.272     0.962     0.014
 3     0.918     0.255     0.302
 4   112.261   -16.543    -8.837
 4     0.570     0.616     0.543
 4    -0.770     0.631     0.092
 4    -0.286    -0.471     0.834
 5   115.098   -32.722     8.504
 5     0.370     0.594     0.714
 5    -0.684    -0.345     0.642
 5     0.628    -0.727     0.279
 6   133.461   -24.700    23.029
 6     0.730    -0.344    -0.591
 6     0.411     0.911    -0.022
 6     0.546    -0.227     0.807
 7   114.372    14.231    -6.652
 7     0.614    -0.590     0.525
 7     0.789     0.451    -0.417
 7     0.009     0.670     0.742
 8   116.435    34.542     5.552
 8     0.397    -0.803     0.444
 8     0.757     0.013    -0.653
 8     0.518     0.595     0.613
 9   133.153    24.172    22.386
 9     0.412     0.324    -0.851
 9    -0.606     0.796     0.010
 9     0.680     0.511     0.525
 2    96.698   -18.455    60.041
 2     0.159    -0.987    -0.004
 2     0.986     0.158     0.037
 2    -0.036    -0.010     0.999
 3   127.385    -2.419     3.437
 3     0.285     0.099    -0.953
 3    -0.274     0.962     0.018
 3     0.919     0.255     0.301
 4   112.253   -16.447    -8.903
 4     0.566     0.621     0.542
 4    -0.772     0.630     0.085
 4    -0.289    -0.467     0.836
 5   114.807   -32.812     8.248
 5     0.359     0.595     0.719
 5    -0.695    -0.344     0.631
 5     0.623    -0.727     0.290
 6   133.133   -25.102    22.955
 6     0.731    -0.346    -0.589
 6     0.395     0.917    -0.050
 6     0.557    -0.196     0.807
 7   114.416    14.228    -6.668
 7     0.614    -0.590     0.524
 7     0.789     0.454    -0.414
 7     0.006     0.668     0.744
 8   116.146    34.669     5.317
 8     0.381    -0.811     0.443
 8     0.768     0.011    -0.640
 8     0.514     0.585     0.627
 9   132.791    24.643    22.480
 9     0.407     0.314    -0.858
 9    -0.595     0.804     0.012
 9     0.693     0.505     0.513
 2    96.648   -18.456    59.990
 2     0.159    -0.987    -0.004
 2     0.986     0.159     0.037
 2    -0.036    -0.010     0.999
 3   127.380    -2.373     3.448
 3     0.283     0.108    -0.953
 3    -0.276     0.961     0.027
 3     0.918     0.255     0.302
 4   112.171   -16.326    -8.943
 4     0.560     0.627     0.541
 4    -0.776     0.627     0.076
 4    -0.292    -0.463     0.837
 5   114.414   -32.826     8.100
 5     0.347     0.592     0.727
 5    -0.706    -0.345     0.618
 5     0.617    -0.728     0.298
 6   132.861   -25.505    22.941
 6     0.732    -0.337    -0.592
 6     0.377     0.924    -0.059
 6     0.567    -0.181     0.803
 7   114.454    14.223    -6.750
 7     0.613    -0.592     0.523
 7     0.790     0.459    -0.407
 7     0.000     0.663     0.749
 8   115.535    34.803     4.995
 8     0.350    -0.820     0.453
 8     0.784    -0.008    -0.621
 8     0.513     0.572     0.640
 9   132.301    25.325    22.413
 9     0.413     0.283    -0.866
 9    -0.576     0.818    -0.007
 9     0.706     0.501     0.500
 2    96.648   -18.456    59.990
 2     0.159    -0.987    -0.004
 2     0.986     0.159     0.037
 2    -0.036    -0.010     0.999
 3   127.382    -2.426     3.425
 3     0.282     0.116    -0.952
 3    -0.278     0.960     0.035
 3     0.918     0.255     0.303
 4   112.065   -16.258    -8.930
 4     0.550     0.636     0.541
 4    -0.781     0.621     0.065
 4    -0.295    -0.459     0.838
 5   114.080   -32.837     8.019
 5     0.336     0.587     0.736
 5    -0.715    -0.349     0.606
 5     0.613    -0.730     0.302
 6   132.563   -26.089    22.957
 6     0.737    -0.318    -0.596
 6     0.353     0.933    -0.061
 6     0.576    -0.166     0.800
 7   114.523    14.272    -6.814
 7     0.610    -0.597     0.521
 7     0.792     0.462    -0.399
 7    -0.003     0.656     0.754
 8   114.650    34.739     4.991
 8     0.314    -0.823     0.474
 8     0.797    -0.042    -0.602
 8     0.514     0.567     0.643
 9   131.754    25.979    22.506
 9     0.432     0.243    -0.868
 9    -0.555     0.831    -0.043
 9     0.710     0.500     0.494
 2    96.646   -18.456    60.044
 2     0.159    -0.987    -0.004
 2     0.986     0.158     0.037
 2    -0.037    -0.010     0.999
 3   127.385    -2.428     3.378
 3     0.281     0.125    -0.951
 3    -0.278     0.959     0.044
 3     0.918     0.252     0.305
 4   111.755   -15.993    -8.904
 4     0.535     0.645     0.545
 4    -0.789     0.612     0.050
 4    -0.301    -0.457     0.837
 5   113.360   -32.676     7.991
 5     0.324     0.569     0.755
 5    -0.729    -0.358     0.583
 5     0.603    -0.740     0.299
 6   132.457   -26.888    22.688
 6     0.754    -0.276    -0.595
 6     0.307     0.950    -0.052
 6     0.580    -0.144     0.801
 7   114.731    14.162    -7.110
 7     0.609    -0.602     0.517
 7     0.793     0.472    -0.385
 7    -0.013     0.644     0.765
 8   113.748    34.598     4.564
 8     0.270    -0.818     0.507
 8     0.816    -0.085    -0.572
 8     0.511     0.568     0.645
 9   131.172    26.741    21.995
 9     0.465     0.193    -0.864
 9    -0.527     0.844    -0.096
 9     0.711     0.500     0.494
 2    96.646   -18.456    59.993
 2     0.159    -0.987    -0.004
 2     0.986     0.158     0.037
 2    -0.037    -0.010     0.999
 3   127.440    -2.428     3.282
 3     0.282     0.143    -0.949
 3    -0.278     0.958     0.062
 3     0.918     0.246     0.310
 4   111.400   -15.779    -8.878
 4     0.515     0.657     0.549
 4    -0.800     0.598     0.034
 4    -0.306    -0.458     0.835
 5   112.607   -32.437     8.069
 5     0.304     0.553     0.775
 5    -0.740    -0.375     0.558
 5     0.599    -0.744     0.296
