% Calibrated with leiden_pols
% Positions are in centimeters
Data =[
 2    96.696   -18.456    60.044
 2     0.159    -0.987    -0.004
 2     0.986     0.158     0.037
 2    -0.037    -0.010     0.999
 3   127.435    -2.365     3.487
 3     0.286     0.093    -0.954
 3    -0.271     0.963     0.013
 3     0.919     0.254     0.301
 4   112.216   -16.643    -8.787
 4     0.569     0.615     0.546
 4    -0.771     0.629     0.095
 4    -0.285    -0.476     0.832
 5   115.161   -32.613     8.669
 5     0.375     0.591     0.713
 5    -0.679    -0.349     0.646
 5     0.631    -0.727     0.270
 6   133.555   -24.653    23.206
 6     0.732    -0.332    -0.595
 6     0.413     0.910     0.001
 6     0.541    -0.247     0.804
 7   114.357    14.336    -6.489
 7     0.615    -0.589     0.524
 7     0.788     0.447    -0.422
 7     0.014     0.673     0.739
 8   116.803    34.477     5.796
 8     0.425    -0.778     0.464
 8     0.749     0.014    -0.662
 8     0.508     0.629     0.588
 9   134.064    23.929    22.181
 9     0.435     0.346    -0.831
 9    -0.615     0.788     0.006
 9     0.657     0.508     0.556
 2    96.698   -18.455    60.041
 2     0.159    -0.987    -0.004
 2     0.986     0.158     0.037
 2    -0.036    -0.010     0.999
 3   127.434    -2.339     3.435
 3     0.287     0.093    -0.953
 3    -0.271     0.962     0.013
 3     0.919     0.254     0.301
 4   112.265   -16.593    -8.788
 4     0.569     0.615     0.545
 4    -0.771     0.630     0.094
 4    -0.285    -0.474     0.833
 5   115.156   -32.717     8.622
 5     0.373     0.592     0.714
 5    -0.681    -0.348     0.645
 5     0.630    -0.727     0.273
 6   133.557   -24.702    23.088
 6     0.731    -0.340    -0.591
 6     0.411     0.911    -0.016
 6     0.544    -0.231     0.806
 7   114.298    14.282    -6.554
 7     0.614    -0.589     0.525
 7     0.789     0.449    -0.419
 7     0.010     0.672     0.740
 8   116.548    34.563     5.730
 8     0.408    -0.791     0.456
 8     0.753     0.010    -0.658
 8     0.515     0.612     0.600
 9   133.566    24.036    22.314
 9     0.425     0.334    -0.841
 9    -0.612     0.791     0.005
 9     0.667     0.512     0.541
 2    96.648   -18.456    59.990
 2     0.159    -0.987    -0.004
 2     0.986     0.158     0.037
 2    -0.036    -0.010     0.999
 3   127.428    -2.418     3.444
 3     0.287     0.095    -0.953
 3    -0.272     0.962     0.014
 3     0.918     0.255     0.302
 4   112.261   -16.543    -8.837
 4     0.570     0.616     0.543
 4    -0.770     0.631     0.092
 4    -0.286    -0.471     0.834
 5   115.098   -32.722     8.504
 5     0.370     0.594     0.714
 5    -0.684    -0.345     0.642
 5     0.628    -0.727     0.279
 6   133.461   -24.700    23.029
 6     0.730    -0.344    -0.591
 6     0.411     0.911    -0.022
 6     0.546    -0.227     0.807
 7   114.372    14.231    -6.652
 7     0.614    -0.590     0.525
 7     0.789     0.451    -0.417
 7     0.009     0.670     0.742
 8   116.435    34.542     5.552
 8     0.397    -0.803     0.444
 8     0.757     0.013    -0.653
 8     0.518     0.595     0.613
 9   133.153    24.172    22.386
 9     0.412     0.324    -0.851
 9    -0.606     0.796     0.010
 9     0.680     0.511     0.525
 2    96.698   -18.455    60.041
 2     0.159    -0.987    -0.004
 2     0.986     0.158     0.037
 2    -0.036    -0.010     0.999
 3   127.385    -2.419     3.437
 3     0.285     0.099    -0.953
 3    -0.274     0.962     0.018
 3     0.919     0.255     0.301
 4   112.253   -16.447    -8.903
 4     0.566     0.621     0.542
 4    -0.772     0.630     0.085
 4    -0.289    -0.467     0.836
 5   114.807   -32.812     8.248
 5     0.359     0.595     0.719
 5    -0.695    -0.344     0.631
 5     0.623    -0.727     0.290
 6   133.133   -25.102    22.955
 6     0.731    -0.346    -0.589
 6     0.395     0.917    -0.050
 6     0.557    -0.196     0.807
 7   114.416    14.228    -6.668
 7     0.614    -0.590     0.524
 7     0.789     0.454    -0.414
 7     0.006     0.668     0.744
 8   116.146    34.669     5.317
 8     0.381    -0.811     0.443
 8     0.768     0.011    -0.640
 8     0.514     0.585     0.627
 9   132.791    24.643    22.480
 9     0.407     0.314    -0.858
 9    -0.595     0.804     0.012
 9     0.693     0.505     0.513
 2    96.648   -18.456    59.990
 2     0.159    -0.987    -0.004
 2     0.986     0.159     0.037
 2    -0.036    -0.010     0.999
 3   127.380    -2.373     3.448
 3     0.283     0.108    -0.953
 3    -0.276     0.961     0.027
 3     0.918     0.255     0.302
 4   112.171   -16.326    -8.943
 4     0.560     0.627     0.541
 4    -0.776     0.627     0.076
 4    -0.292    -0.463     0.837
 5   114.414   -32.826     8.100
 5     0.347     0.592     0.727
 5    -0.706    -0.345     0.618
 5     0.617    -0.728     0.298
 6   132.861   -25.505    22.941
 6     0.732    -0.337    -0.592
 6     0.377     0.924    -0.059
 6     0.567    -0.181     0.803
 7   114.454    14.223    -6.750
 7     0.613    -0.592     0.523
 7     0.790     0.459    -0.407
 7     0.000     0.663     0.749
 8   115.535    34.803     4.995
 8     0.350    -0.820     0.453
 8     0.784    -0.008    -0.621
 8     0.513     0.572     0.640
 9   132.301    25.325    22.413
 9     0.413     0.283    -0.866
 9    -0.576     0.818    -0.007
 9     0.706     0.501     0.500
 2    96.648   -18.456    59.990
 2     0.159    -0.987    -0.004
 2     0.986     0.159     0.037
 2    -0.036    -0.010     0.999
 3   127.382    -2.426     3.425
 3     0.282     0.116    -0.952
 3    -0.278     0.960     0.035
 3     0.918     0.255     0.303
 4   112.065   -16.258    -8.930
 4     0.550     0.636     0.541
 4    -0.781     0.621     0.065
 4    -0.295    -0.459     0.838
 5   114.080   -32.837     8.019
 5     0.336     0.587     0.736
 5    -0.715    -0.349     0.606
 5     0.613    -0.730     0.302
 6   132.563   -26.089    22.957
 6     0.737    -0.318    -0.596
 6     0.353     0.933    -0.061
 6     0.576    -0.166     0.800
 7   114.523    14.272    -6.814
 7     0.610    -0.597     0.521
 7     0.792     0.462    -0.399
 7    -0.003     0.656     0.754
 8   114.650    34.739     4.991
 8     0.314    -0.823     0.474
 8     0.797    -0.042    -0.602
 8     0.514     0.567     0.643
 9   131.754    25.979    22.506
 9     0.432     0.243    -0.868
 9    -0.555     0.831    -0.043
 9     0.710     0.500     0.494
 2    96.646   -18.456    60.044
 2     0.159    -0.987    -0.004
 2     0.986     0.158     0.037
 2    -0.037    -0.010     0.999
 3   127.385    -2.428     3.378
 3     0.281     0.125    -0.951
 3    -0.278     0.959     0.044
 3     0.918     0.252     0.305
 4   111.755   -15.993    -8.904
 4     0.535     0.645     0.545
 4    -0.789     0.612     0.050
 4    -0.301    -0.457     0.837
 5   113.360   -32.676     7.991
 5     0.324     0.569     0.755
 5    -0.729    -0.358     0.583
 5     0.603    -0.740     0.299
 6   132.457   -26.888    22.688
 6     0.754    -0.276    -0.595
 6     0.307     0.950    -0.052
 6     0.580    -0.144     0.801
 7   114.731    14.162    -7.110
 7     0.609    -0.602     0.517
 7     0.793     0.472    -0.385
 7    -0.013     0.644     0.765
 8   113.748    34.598     4.564
 8     0.270    -0.818     0.507
 8     0.816    -0.085    -0.572
 8     0.511     0.568     0.645
 9   131.172    26.741    21.995
 9     0.465     0.193    -0.864
 9    -0.527     0.844    -0.096
 9     0.711     0.500     0.494
 2    96.646   -18.456    59.993
 2     0.159    -0.987    -0.004
 2     0.986     0.158     0.037
 2    -0.037    -0.010     0.999
 3   127.440    -2.428     3.282
 3     0.282     0.143    -0.949
 3    -0.278     0.958     0.062
 3     0.918     0.246     0.310
 4   111.400   -15.779    -8.878
 4     0.515     0.657     0.549
 4    -0.800     0.598     0.034
 4    -0.306    -0.458     0.835
 5   112.607   -32.437     8.069
 5     0.304     0.553     0.775
 5    -0.740    -0.375     0.558
 5     0.599    -0.744     0.296
 6   131.863   -27.357    22.682
 6     0.766    -0.250    -0.592
 6     0.275     0.960    -0.051
 6     0.581    -0.124     0.804
 7   114.760    14.076    -7.429
 7     0.609    -0.604     0.513
 7     0.792     0.484    -0.372
 7    -0.024     0.633     0.774
 8   112.917    34.424     4.078
 8     0.235    -0.817     0.526
 8     0.831    -0.112    -0.545
 8     0.504     0.565     0.652
 9   130.568    27.529    21.737
 9     0.481     0.151    -0.863
 9    -0.500     0.857    -0.128
 9     0.720     0.493     0.488
 2    96.648   -18.456    60.041
 2     0.159    -0.987    -0.004
 2     0.986     0.159     0.037
 2    -0.036    -0.010     0.999
 3   127.451    -2.427     3.279
 3     0.280     0.155    -0.947
 3    -0.276     0.958     0.075
 3     0.919     0.240     0.311
 4   111.130   -15.712    -8.867
 4     0.497     0.670     0.551
 4    -0.812     0.583     0.023
 4    -0.306    -0.459     0.834
 5   111.804   -32.168     8.239
 5     0.277     0.540     0.795
 5    -0.747    -0.399     0.531
 5     0.604    -0.741     0.293
 6   131.210   -27.978    22.876
 6     0.776    -0.206    -0.597
 6     0.235     0.971    -0.029
 6     0.585    -0.118     0.802
 7   114.919    13.891    -7.577
 7     0.607    -0.608     0.511
 7     0.793     0.491    -0.359
 7    -0.033     0.623     0.781
 8   112.027    34.129     3.877
 8     0.198    -0.814     0.546
 8     0.841    -0.145    -0.521
 8     0.503     0.562     0.656
 9   129.825    27.906    21.525
 9     0.500     0.114    -0.859
 9    -0.474     0.865    -0.161
 9     0.724     0.488     0.486
 2    96.648   -18.456    59.990
 2     0.159    -0.987    -0.004
 2     0.986     0.159     0.037
 2    -0.036    -0.010     0.999
 3   127.470    -2.599     3.193
 3     0.279     0.171    -0.945
 3    -0.272     0.958     0.093
 3     0.921     0.231     0.314
 4   110.959   -15.594    -8.914
 4     0.481     0.684     0.548
 4    -0.822     0.569     0.011
 4    -0.305    -0.456     0.836
 5   110.972   -31.952     8.235
 5     0.250     0.529     0.811
 5    -0.754    -0.420     0.505
 5     0.608    -0.738     0.294
 6   130.519   -28.496    22.874
 6     0.782    -0.177    -0.597
 6     0.209     0.978    -0.017
 6     0.586    -0.112     0.802
 7   114.855    13.834    -7.732
 7     0.605    -0.612     0.509
 7     0.795     0.496    -0.349
 7    -0.040     0.616     0.787
 8   111.495    33.908     3.650
 8     0.170    -0.815     0.553
 8     0.847    -0.166    -0.505
 8     0.503     0.555     0.662
 9   129.183    28.454    21.414
 9     0.508     0.080    -0.857
 9    -0.457     0.869    -0.190
 9     0.729     0.489     0.478
 2    96.646   -18.406    59.993
 2     0.159    -0.987    -0.004
 2     0.986     0.158     0.037
 2    -0.037    -0.010     0.999
 3   127.438    -2.596     3.131
 3     0.276     0.185    -0.943
 3    -0.269     0.957     0.109
 3     0.923     0.223     0.313
 4   110.659   -15.427    -8.795
 4     0.463     0.695     0.550
 4    -0.832     0.555    -0.001
 4    -0.307    -0.457     0.835
 5   110.277   -31.661     8.378
 5     0.226     0.513     0.828
 5    -0.761    -0.437     0.479
 5     0.607    -0.739     0.291
 6   129.988   -28.738    22.859
 6     0.791    -0.156    -0.591
 6     0.184     0.983    -0.013
 6     0.583    -0.099     0.806
 7   114.949    13.831    -7.844
 7     0.605    -0.614     0.506
 7     0.795     0.501    -0.342
 7    -0.044     0.609     0.791
 8   110.692    33.618     3.635
 8     0.132    -0.809     0.573
 8     0.851    -0.204    -0.483
 8     0.507     0.552     0.661
 9   128.702    28.751    21.298
 9     0.530     0.043    -0.847
 9    -0.434     0.872    -0.226
 9     0.729     0.487     0.481
 2    96.646   -18.405    59.993
 2     0.158    -0.987    -0.004
 2     0.986     0.158     0.037
 2    -0.037    -0.010     0.999
 3   127.425    -2.649     3.003
 3     0.271     0.203    -0.941
 3    -0.268     0.955     0.129
 3     0.924     0.216     0.313
 4   110.532   -15.260    -8.929
 4     0.446     0.704     0.552
 4    -0.840     0.543    -0.014
 4    -0.310    -0.458     0.833
 5   109.629   -31.320     8.266
 5     0.203     0.502     0.840
 5    -0.769    -0.450     0.455
 5     0.606    -0.739     0.294
 6   129.415   -29.131    22.635
 6     0.798    -0.130    -0.589
 6     0.156     0.987    -0.006
 6     0.582    -0.088     0.808
 7   115.171    13.827    -8.009
 7     0.609    -0.616     0.500
 7     0.792     0.509    -0.338
 7    -0.047     0.602     0.797
 8   110.403    33.452     3.467
 8     0.106    -0.810     0.577
 8     0.851    -0.225    -0.473
 8     0.513     0.542     0.666
 9   128.260    28.990    21.544
 9     0.531     0.013    -0.847
 9    -0.424     0.870    -0.252
 9     0.734     0.492     0.468
 2    96.646   -18.405    59.993
 2     0.158    -0.987    -0.004
 2     0.986     0.158     0.037
 2    -0.037    -0.010     0.999
 3   127.398    -2.645     3.058
 3     0.265     0.215    -0.940
 3    -0.265     0.953     0.144
 3     0.927     0.211     0.309
 4   110.378   -15.060    -8.893
 4     0.428     0.718     0.548
 4    -0.852     0.523    -0.021
 4    -0.302    -0.458     0.836
 5   109.173   -31.047     8.376
 5     0.185     0.498     0.847
 5    -0.769    -0.463     0.441
 5     0.612    -0.733     0.297
 6   128.849   -29.109    22.795
 6     0.797    -0.122    -0.591
 6     0.141     0.990    -0.014
 6     0.586    -0.073     0.807
 7   115.353    13.877    -7.956
 7     0.613    -0.617     0.493
 7     0.788     0.514    -0.338
 7    -0.046     0.596     0.802
 8   110.141    33.285     3.551
 8     0.088    -0.810     0.579
 8     0.850    -0.242    -0.468
 8     0.519     0.533     0.667
 9   127.988    29.125    21.604
 9     0.535    -0.003    -0.845
 9    -0.414     0.870    -0.266
 9     0.736     0.492     0.465
 2    96.696   -18.405    59.993
 2     0.158    -0.987    -0.004
 2     0.986     0.158     0.038
 2    -0.037    -0.010     0.999
 3   127.358    -2.696     3.028
 3     0.262     0.224    -0.938
 3    -0.264     0.952     0.154
 3     0.928     0.207     0.309
 4   110.287   -14.986    -8.897
 4     0.417     0.726     0.546
 4    -0.858     0.512    -0.026
 4    -0.299    -0.458     0.837
 5   108.901   -30.975     8.381
 5     0.176     0.491     0.853
 5    -0.771    -0.470     0.429
 5     0.612    -0.734     0.296
 6   128.603   -29.292    22.797
 6     0.799    -0.107    -0.591
 6     0.128     0.991    -0.005
 6     0.586    -0.072     0.806
 7   115.374    13.926    -8.102
 7     0.613    -0.618     0.492
 7     0.788     0.516    -0.335
 7    -0.048     0.593     0.803
 8   109.842    33.163     3.595
 8     0.075    -0.807     0.585
 8     0.850    -0.255    -0.461
 8     0.521     0.532     0.667
 9   127.735    29.181    21.701
 9     0.541    -0.015    -0.841
 9    -0.407     0.870    -0.277
 9     0.736     0.492     0.464
 2    96.698   -18.405    59.990
 2     0.158    -0.987    -0.004
 2     0.986     0.158     0.037
 2    -0.036    -0.010     0.999
 3   127.358    -2.645     3.028
 3     0.262     0.225    -0.938
 3    -0.263     0.952     0.155
 3     0.928     0.206     0.308
 4   110.292   -15.062    -8.902
 4     0.414     0.729     0.546
 4    -0.860     0.509    -0.027
 4    -0.297    -0.458     0.837
 5   108.853   -30.977     8.428
 5     0.173     0.492     0.853
 5    -0.771    -0.472     0.428
 5     0.613    -0.732     0.298
 6   128.514   -29.365    22.909
 6     0.797    -0.103    -0.595
 6     0.124     0.992    -0.006
 6     0.590    -0.069     0.804
 7   115.377    13.876    -8.053
 7     0.613    -0.619     0.491
 7     0.788     0.516    -0.334
 7    -0.047     0.592     0.805
 8   109.848    33.114     3.641
 8     0.073    -0.809     0.583
 8     0.849    -0.256    -0.462
 8     0.523     0.529     0.668
 9   127.638    29.131    21.797
 9     0.539    -0.018    -0.842
 9    -0.406     0.870    -0.279
 9     0.737     0.492     0.462
 2    96.648   -18.456    59.990
 2     0.159    -0.987    -0.004
 2     0.986     0.158     0.037
 2    -0.036    -0.010     0.999
 3   127.357    -2.695     3.053
 3     0.262     0.224    -0.939
 3    -0.262     0.952     0.154
 3     0.928     0.206     0.308
 4   110.291   -15.061    -8.852
 4     0.416     0.728     0.545
 4    -0.859     0.510    -0.026
 4    -0.297    -0.458     0.838
 5   109.023   -31.052     8.379
 5     0.177     0.497     0.849
 5    -0.770    -0.467     0.434
 5     0.612    -0.731     0.300
 6   128.523   -29.463    23.019
 6     0.795    -0.108    -0.597
 6     0.124     0.992    -0.014
 6     0.594    -0.063     0.802
 7   115.379    13.877    -8.056
 7     0.613    -0.619     0.490
 7     0.789     0.516    -0.334
 7    -0.046     0.592     0.805
 8   109.912    33.117     3.704
 8     0.077    -0.810     0.581
 8     0.846    -0.255    -0.468
 8     0.527     0.527     0.666
 9   127.638    29.054    21.798
 9     0.539    -0.017    -0.842
 9    -0.408     0.870    -0.278
 9     0.737     0.493     0.462
 2    96.646   -18.456    59.993
 2     0.159    -0.987    -0.004
 2     0.986     0.158     0.037
 2    -0.037    -0.010     0.999
 3   127.364    -2.693     3.019
 3     0.261     0.221    -0.940
 3    -0.261     0.953     0.151
 3     0.929     0.205     0.306
 4   110.426   -15.207    -8.869
 4     0.421     0.726     0.543
 4    -0.859     0.512    -0.019
 4    -0.292    -0.459     0.839
 5   109.137   -31.096     8.429
 5     0.179     0.503     0.845
 5    -0.766    -0.468     0.441
 5     0.618    -0.726     0.301
 6   128.579   -29.279    23.185
 6     0.791    -0.116    -0.600
 6     0.132     0.991    -0.018
 6     0.597    -0.065     0.800
 7   115.380    13.877    -8.056
 7     0.613    -0.619     0.490
 7     0.788     0.516    -0.335
 7    -0.046     0.592     0.805
 8   110.094    33.067     3.823
 8     0.083    -0.810     0.581
 8     0.844    -0.252    -0.473
 8     0.529     0.530     0.662
 9   127.964    28.945    21.855
 9     0.545    -0.012    -0.839
 9    -0.413     0.866    -0.280
 9     0.730     0.499     0.467
 2    96.648   -18.405    60.041
 2     0.158    -0.987    -0.004
 2     0.986     0.158     0.037
 2    -0.036    -0.010     0.999
 3   127.368    -2.740     3.084
 3     0.260     0.215    -0.942
 3    -0.259     0.954     0.146
 3     0.930     0.206     0.303
 4   110.661   -15.498    -8.845
 4     0.436     0.719     0.540
 4    -0.853     0.522    -0.006
 4    -0.286    -0.459     0.841
 5   110.081   -31.305     8.535
 5     0.197     0.520     0.831
 5    -0.754    -0.461     0.468
 5     0.627    -0.719     0.301
 6   129.503   -27.981    23.024
 6     0.794    -0.178    -0.581
 6     0.204     0.978    -0.020
 6     0.572    -0.103     0.814
 7   115.203    13.776    -7.956
 7     0.610    -0.620     0.494
 7     0.791     0.512    -0.334
 7    -0.046     0.594     0.802
 8   110.999    33.065     5.196
 8     0.156    -0.768     0.621
 8     0.827    -0.242    -0.507
 8     0.539     0.593     0.597
 9   130.430    27.309    20.927
 9     0.612     0.091    -0.786
 9    -0.481     0.831    -0.278
 9     0.628     0.548     0.552
 2    96.646   -18.406    60.044
 2     0.159    -0.987    -0.004
 2     0.986     0.158     0.037
 2    -0.037    -0.010     0.999
 3   127.288    -2.627     3.073
 3     0.268     0.181    -0.946
 3    -0.252     0.961     0.113
 3     0.930     0.208     0.303
 4   110.846   -15.754    -8.693
 4     0.471     0.688     0.551
 4    -0.836     0.548     0.029
 4    -0.282    -0.474     0.834
 5   111.954   -31.375     9.108
 5     0.274     0.509     0.816
 5    -0.727    -0.446     0.522
 5     0.630    -0.736     0.247
 6   131.690   -25.437    21.542
 6     0.812    -0.303    -0.499
 6     0.343     0.939    -0.010
 6     0.471    -0.163     0.867
 7   114.772    13.776    -7.887
 7     0.608    -0.613     0.504
 7     0.792     0.506    -0.341
 7    -0.046     0.606     0.793
 8   113.306    33.097     6.662
 8     0.293    -0.703     0.647
 8     0.785    -0.210    -0.583
 8     0.546     0.679     0.490
 9   133.442    24.493    19.912
 9     0.637     0.237    -0.733
 9    -0.588     0.764    -0.264
 9     0.498     0.599     0.627
 2    96.646   -18.456    60.044
 2     0.159    -0.987    -0.004
 2     0.986     0.158     0.037
 2    -0.037    -0.010     0.999
 3   127.226    -2.386     3.123
 3     0.277     0.148    -0.949
 3    -0.242     0.967     0.080
 3     0.929     0.207     0.304
 4   110.970   -15.861    -8.647
 4     0.507     0.649     0.567
 4    -0.814     0.577     0.067
 4    -0.284    -0.495     0.821
 5   114.146   -31.321     9.393
 5     0.362     0.490     0.792
 5    -0.693    -0.426     0.581
 5     0.622    -0.760     0.185
 6   133.647   -22.429    20.291
 6     0.800    -0.420    -0.429
 6     0.462     0.887    -0.008
 6     0.384    -0.193     0.903
 7   114.792    13.883    -7.821
 7     0.620    -0.600     0.506
 7     0.783     0.502    -0.365
 7    -0.036     0.623     0.781
 8   116.289    32.962     7.400
 8     0.416    -0.680     0.603
 8     0.726    -0.151    -0.671
 8     0.547     0.717     0.431
 9   135.676    21.859    19.510
 9     0.596     0.346    -0.724
 9    -0.675     0.704    -0.220
 9     0.433     0.620     0.653
 2    96.646   -18.456    59.993
 2     0.159    -0.987    -0.004
 2     0.986     0.158     0.037
 2    -0.037    -0.010     0.999
 3   127.230    -2.304     3.059
 3     0.278     0.134    -0.951
 3    -0.239     0.969     0.066
 3     0.930     0.209     0.302
 4   111.189   -15.930    -8.615
 4     0.524     0.627     0.575
 4    -0.801     0.592     0.084
 4    -0.288    -0.505     0.813
 5   115.643   -30.975     9.997
 5     0.412     0.479     0.775
 5    -0.662    -0.427     0.616
 5     0.626    -0.767     0.142
 6   134.848   -21.039    19.385
 6     0.793    -0.475    -0.380
 6     0.512     0.859    -0.006
 6     0.329    -0.190     0.925
 7   114.700    13.963    -7.807
 7     0.619    -0.601     0.505
 7     0.784     0.499    -0.367
 7    -0.032     0.624     0.781
 8   117.778    32.399     8.844
 8     0.487    -0.634     0.601
 8     0.670    -0.170    -0.722
 8     0.559     0.755     0.342
 9   137.532    19.678    19.467
 9     0.606     0.430    -0.670
 9    -0.713     0.667    -0.217
 9     0.353     0.608     0.710
 2    96.646   -18.456    60.044
 2     0.159    -0.987    -0.004
 2     0.986     0.159     0.037
 2    -0.037    -0.010     0.999
 3   127.289    -2.142     3.162
 3     0.278     0.113    -0.954
 3    -0.232     0.972     0.047
 3     0.932     0.208     0.296
 4   111.403   -16.364    -8.382
 4     0.538     0.613     0.578
 4    -0.798     0.592     0.114
 4    -0.273    -0.523     0.807
 5   116.813   -30.389    10.928
 5     0.450     0.467     0.761
 5    -0.618    -0.452     0.643
 5     0.644    -0.760     0.085
 6   135.802   -19.643    19.649
 6     0.788    -0.497    -0.363
 6     0.544     0.838     0.034
 6     0.287    -0.225     0.931
 7   114.383    14.267    -7.451
 7     0.593    -0.629     0.503
 7     0.805     0.473    -0.357
 7    -0.014     0.617     0.787
 8   118.545    29.701    12.460
 8     0.529    -0.551     0.646
 8     0.570    -0.333    -0.751
 8     0.628     0.765     0.137
 9   138.906    17.499    20.663
 9     0.702     0.429    -0.568
 9    -0.677     0.648    -0.348
 9     0.218     0.629     0.746
 2    96.646   -18.405    59.993
 2     0.158    -0.987    -0.004
 2     0.986     0.158     0.037
 2    -0.037    -0.010     0.999
 3   127.331    -2.052     3.232
 3     0.276     0.088    -0.957
 3    -0.222     0.975     0.026
 3     0.935     0.204     0.289
 4   111.434   -16.788    -7.953
 4     0.543     0.618     0.568
 4    -0.805     0.575     0.144
 4    -0.238    -0.536     0.810
 5   117.644   -28.837    12.869
 5     0.476     0.464     0.746
 5    -0.548    -0.507     0.665
 5     0.687    -0.726     0.013
 6   136.784   -18.022    21.877
 6     0.804    -0.425    -0.417
 6     0.520     0.841     0.145
 6     0.289    -0.334     0.897
 7   114.839    14.627    -6.872
 7     0.601    -0.649     0.466
 7     0.797     0.448    -0.404
 7     0.053     0.615     0.787
 8   118.888    27.047    15.433
 8     0.521    -0.568     0.637
 8     0.467    -0.436    -0.770
 8     0.714     0.698     0.038
 9   138.877    15.458    23.458
 9     0.734     0.339    -0.589
 9    -0.653     0.589    -0.476
 9     0.186     0.733     0.654
 2    96.646   -18.406    60.044
 2     0.159    -0.987    -0.004
 2     0.986     0.158     0.037
 2    -0.037    -0.010     0.999
 3   127.326    -2.101     3.545
 3     0.262     0.072    -0.962
 3    -0.220     0.975     0.013
 3     0.939     0.208     0.271
 4   111.840   -17.408    -7.585
 4     0.557     0.619     0.553
 4    -0.806     0.564     0.179
 4    -0.201    -0.546     0.813
 5   118.415   -28.287    13.946
 5     0.493     0.510     0.705
 5    -0.479    -0.517     0.709
 5     0.726    -0.688    -0.011
 6   137.111   -17.366    24.337
 6     0.780    -0.351    -0.518
 6     0.530     0.810     0.249
 6     0.332    -0.469     0.818
 7   114.884    15.011    -6.245
 7     0.594    -0.665     0.452
 7     0.800     0.430    -0.419
 7     0.084     0.611     0.787
 8   119.120    26.535    16.846
 8     0.527    -0.618     0.583
 8     0.395    -0.429    -0.812
 8     0.752     0.659     0.018
 9   138.373    13.971    25.441
 9     0.704     0.320    -0.634
 9    -0.684     0.546    -0.483
 9     0.191     0.774     0.603
 2    96.645   -18.405    60.044
 2     0.158    -0.987    -0.004
 2     0.986     0.158     0.037
 2    -0.037    -0.010     0.999
 3   127.307    -1.912     3.772
 3     0.253     0.052    -0.966
 3    -0.213     0.977    -0.004
 3     0.944     0.206     0.258
 4   112.162   -17.782    -7.287
 4     0.565     0.629     0.533
 4    -0.808     0.552     0.204
 4    -0.166    -0.547     0.821
 5   118.384   -27.319    15.071
 5     0.478     0.534     0.697
 5    -0.429    -0.551     0.716
 5     0.766    -0.641    -0.034
 6   136.819   -16.354    26.275
 6     0.770    -0.298    -0.564
 6     0.529     0.791     0.305
 6     0.355    -0.534     0.767
 7   115.041    15.371    -5.749
 7     0.589    -0.685     0.428
 7     0.799     0.417    -0.433
 7     0.118     0.597     0.793
 8   118.716    25.874    17.791
 8     0.494    -0.654     0.573
 8     0.354    -0.451    -0.819
 8     0.794     0.607     0.008
 9   137.580    12.713    27.132
 9     0.694     0.294    -0.658
 9    -0.689     0.536    -0.487
 9     0.209     0.791     0.575
 2    96.648   -18.405    60.041
 2     0.158    -0.987    -0.004
 2     0.986     0.158     0.037
 2    -0.036    -0.010     0.999
 3   127.329    -1.904     3.945
 3     0.246     0.047    -0.968
 3    -0.206     0.978    -0.005
 3     0.947     0.200     0.250
 4   112.308   -18.052    -6.789
 4     0.562     0.653     0.506
 4    -0.818     0.529     0.226
 4    -0.120    -0.542     0.832
 5   117.839   -26.148    16.223
 5     0.458     0.543     0.704
 5    -0.382    -0.595     0.707
 5     0.803    -0.593    -0.065
 6   136.166   -15.238    27.717
 6     0.772    -0.262    -0.579
 6     0.526     0.773     0.353
 6     0.355    -0.578     0.735
 7   115.168    15.378    -5.647
 7     0.593    -0.689     0.416
 7     0.795     0.419    -0.439
 7     0.128     0.591     0.796
 8   118.462    25.492    18.100
 8     0.474    -0.680     0.559
 8     0.334    -0.449    -0.829
 8     0.815     0.579     0.014
 9   137.123    12.333    28.063
 9     0.691     0.279    -0.667
 9    -0.683     0.555    -0.475
 9     0.238     0.783     0.574
 2    96.645   -18.405    60.044
 2     0.158    -0.987    -0.004
 2     0.986     0.158     0.037
 2    -0.037    -0.010     0.999
 3   127.288    -1.848     4.037
 3     0.245     0.046    -0.968
 3    -0.201     0.979    -0.004
 3     0.948     0.196     0.249
 4   112.053   -18.346    -6.539
 4     0.551     0.668     0.499
 4    -0.828     0.510     0.232
 4    -0.100    -0.541     0.835
 5   117.282   -24.962    16.926
 5     0.445     0.540     0.714
 5    -0.342    -0.635     0.693
 5     0.827    -0.553    -0.099
 6   135.692   -14.412    28.417
 6     0.786    -0.227    -0.575
 6     0.511     0.762     0.398
 6     0.347    -0.607     0.715
 7   115.069    15.377    -5.544
 7     0.594    -0.689     0.415
 7     0.794     0.421    -0.439
 7     0.128     0.590     0.797
 8   117.664    24.822    18.471
 8     0.445    -0.692     0.568
 8     0.303    -0.481    -0.823
 8     0.843     0.538    -0.004
 9   136.292    12.145    28.509
 9     0.725     0.239    -0.646
 9    -0.648     0.553    -0.523
 9     0.232     0.798     0.556
 2    96.646   -18.406    60.044
 2     0.159    -0.987    -0.004
 2     0.986     0.158     0.037
 2    -0.037    -0.010     0.999
 3   127.202    -1.844     3.881
 3     0.254     0.047    -0.966
 3    -0.198     0.980    -0.005
 3     0.946     0.192     0.258
 4   111.689   -18.438    -6.410
 4     0.545     0.681     0.489
 4    -0.834     0.498     0.236
 4    -0.083    -0.537     0.840
 5   116.631   -23.935    17.426
 5     0.422     0.517     0.744
 5    -0.314    -0.687     0.656
 5     0.850    -0.511    -0.127
 6   135.448   -14.043    28.449
 6     0.823    -0.099    -0.559
 6     0.487     0.629     0.606
 6     0.292    -0.771     0.566
 7   114.499    15.460    -5.507
 7     0.582    -0.697     0.418
 7     0.802     0.408    -0.435
 7     0.132     0.589     0.797
 8   116.003    22.578    19.357
 8     0.416    -0.604     0.680
 8     0.275    -0.629    -0.727
 8     0.867     0.489    -0.095
 9   135.875    12.757    28.264
 9     0.826     0.140    -0.546
 9    -0.552     0.395    -0.734
 9     0.113     0.908     0.403
 2    96.645   -18.405    60.044
 2     0.158    -0.987    -0.004
 2     0.986     0.158     0.037
 2    -0.037    -0.010     0.999
 3   127.093    -1.837     3.776
 3     0.267     0.050    -0.962
 3    -0.194     0.981    -0.003
 3     0.944     0.187     0.272
 4   111.482   -18.510    -6.254
 4     0.541     0.686     0.487
 4    -0.838     0.491     0.239
 4    -0.075    -0.538     0.840
 5   116.816   -23.060    17.828
 5     0.428     0.501     0.751
 5    -0.283    -0.716     0.639
 5     0.858    -0.486    -0.165
 6   136.301   -13.411    26.991
 6     0.855    -0.088    -0.512
 6     0.492     0.453     0.744
 6     0.166    -0.887     0.430
 7   114.428    15.514    -5.511
 7     0.578    -0.701     0.417
 7     0.805     0.406    -0.433
 7     0.134     0.586     0.799
 8   116.233    21.054    19.905
 8     0.440    -0.533     0.723
 8     0.254    -0.698    -0.669
 8     0.861     0.478    -0.172
 9   136.577    12.459    26.040
 9     0.861     0.228    -0.454
 9    -0.506     0.303    -0.807
 9    -0.047     0.925     0.377
 2    96.645   -18.405    60.044
 2     0.158    -0.987    -0.004
 2     0.986     0.158     0.037
 2    -0.037    -0.010     0.999
 3   127.092    -1.902     3.737
 3     0.276     0.050    -0.960
 3    -0.184     0.983    -0.002
 3     0.943     0.177     0.281
 4   111.440   -18.903    -5.871
 4     0.542     0.676     0.499
 4    -0.838     0.481     0.258
 4    -0.065    -0.558     0.827
 5   118.016   -22.385    18.475
 5     0.479     0.448     0.754
 5    -0.246    -0.756     0.606
 5     0.842    -0.476    -0.253
 6   137.907   -13.267    23.273
 6     0.877    -0.206    -0.433
 6     0.475     0.249     0.844
 6    -0.066    -0.946     0.316
 7   114.316    15.279    -5.544
 7     0.580    -0.699     0.417
 7     0.804     0.412    -0.429
 7     0.128     0.584     0.801
 8   117.898    20.040    20.028
 8     0.526    -0.466     0.712
 8     0.233    -0.726    -0.647
 8     0.818     0.506    -0.273
 9   137.770    12.143    21.731
 9     0.830     0.409    -0.378
 9    -0.483     0.192    -0.854
 9    -0.277     0.892     0.357
 2    96.646   -18.406    60.044
 2     0.159    -0.987    -0.004
 2     0.986     0.158     0.037
 2    -0.037    -0.010     0.999
 3   127.048    -2.038     3.689
 3     0.284     0.048    -0.958
 3    -0.171     0.985    -0.001
 3     0.943     0.164     0.288
 4   111.311   -19.251    -5.621
 4     0.542     0.664     0.515
 4    -0.838     0.471     0.274
 4    -0.061    -0.580     0.812
 5   119.454   -22.096    18.779
 5     0.548     0.386     0.742
 5    -0.226    -0.786     0.576
 5     0.805    -0.483    -0.344
 6   138.230   -13.450    18.904
 6     0.841    -0.394    -0.370
 6     0.448     0.126     0.885
 6    -0.302    -0.910     0.283
 7   114.217    14.962    -5.612
 7     0.587    -0.692     0.420
 7     0.801     0.422    -0.425
 7     0.116     0.586     0.801
 8   119.943    18.930    20.134
 8     0.620    -0.399     0.675
 8     0.204    -0.749    -0.630
 8     0.758     0.528    -0.383
 9   137.975    11.563    17.194
 9     0.748     0.604    -0.274
 9    -0.451     0.159    -0.878
 9    -0.487     0.780     0.392
 2    96.699   -18.455    59.990
 2     0.159    -0.987    -0.004
 2     0.986     0.158     0.037
 2    -0.036    -0.010     0.999
 3   126.985    -2.103     3.681
 3     0.287     0.048    -0.957
 3    -0.162     0.986     0.001
 3     0.944     0.155     0.291
 4   111.053   -19.437    -5.400
 4     0.536     0.649     0.539
 4    -0.841     0.465     0.275
 4    -0.072    -0.602     0.795
 5   120.275   -21.846    18.790
 5     0.602     0.324     0.729
 5    -0.218    -0.812     0.541
 5     0.768    -0.485    -0.419
 6   137.686   -14.162    14.580
 6     0.759    -0.565    -0.325
 6     0.407     0.022     0.913
 6    -0.508    -0.825     0.247
 7   114.106    14.778    -5.599
 7     0.593    -0.684     0.424
 7     0.797     0.426    -0.427
 7     0.111     0.591     0.798
 8   121.349    17.739    20.022
 8     0.690    -0.332     0.643
 8     0.179    -0.783    -0.596
 8     0.701     0.526    -0.481
 9   137.591    11.599    13.969
 9     0.653     0.731    -0.195
 9    -0.398     0.113    -0.910
 9    -0.644     0.672     0.365
 2    96.646   -18.456    59.993
 2     0.159    -0.987    -0.004
 2     0.986     0.158     0.037
 2    -0.037    -0.010     0.999
 3   126.883    -2.225     3.644
 3     0.292     0.051    -0.955
 3    -0.156     0.987     0.005
 3     0.943     0.147     0.297
 4   110.577   -19.505    -5.233
 4     0.525     0.637     0.563
 4    -0.846     0.461     0.267
 4    -0.090    -0.617     0.782
 5   120.556   -21.906    18.799
 5     0.631     0.300     0.715
 5    -0.216    -0.818     0.533
 5     0.745    -0.491    -0.452
 6   135.866   -14.186    11.953
 6     0.665    -0.688    -0.290
 6     0.404     0.005     0.915
 6    -0.628    -0.725     0.282
 7   113.783    14.643    -5.528
 7     0.594    -0.677     0.435
 7     0.798     0.426    -0.426
 7     0.102     0.600     0.793
 8   122.054    16.644    20.009
 8     0.739    -0.272     0.616
 8     0.160    -0.817    -0.553
 8     0.654     0.508    -0.560
 9   136.376    11.780    11.562
 9     0.551     0.824    -0.133
 9    -0.336     0.074    -0.939
 9    -0.764     0.562     0.318
 2    96.648   -18.405    60.041
 2     0.158    -0.987    -0.004
 2     0.986     0.158     0.037
 2    -0.036    -0.010     0.999
 3   126.744    -2.326     3.586
 3     0.300     0.052    -0.953
 3    -0.155     0.988     0.005
 3     0.941     0.146     0.304
 4   110.187   -19.448    -5.263
 4     0.520     0.625     0.582
 4    -0.847     0.466     0.255
 4    -0.112    -0.626     0.772
 5   120.776   -21.947    18.386
 5     0.659     0.280     0.697
 5    -0.218    -0.817     0.534
 5     0.719    -0.504    -0.478
 6   134.471   -14.645     9.460
 6     0.574    -0.780    -0.247
 6     0.400     0.004     0.917
 6    -0.714    -0.625     0.314
 7   113.413    14.640    -5.465
 7     0.587    -0.674     0.447
 7     0.803     0.420    -0.422
 7     0.096     0.607     0.788
 8   122.454    16.018    19.816
 8     0.773    -0.237     0.589
 8     0.149    -0.834    -0.531
 8     0.617     0.498    -0.609
 9   135.099    11.869     9.792
 9     0.459     0.884    -0.083
 9    -0.295     0.064    -0.953
 9    -0.838     0.462     0.290
 2    96.645   -18.405    60.044
 2     0.158    -0.987    -0.004
 2     0.986     0.158     0.037
 2    -0.037    -0.010     0.999
 3   126.598    -2.331     3.435
 3     0.309     0.051    -0.950
 3    -0.158     0.987     0.001
 3     0.938     0.149     0.313
 4   109.796   -19.314    -5.320
 4     0.516     0.613     0.598
 4    -0.846     0.474     0.244
 4    -0.134    -0.632     0.763
 5   121.007   -21.885    18.235
 5     0.684     0.261     0.681
 5    -0.220    -0.816     0.533
 5     0.696    -0.515    -0.501
 6   133.479   -14.707     8.090
 6     0.506    -0.827    -0.244
 6     0.398    -0.026     0.917
 6    -0.765    -0.561     0.316
 7   112.845    14.631    -5.525
 7     0.573    -0.677     0.463
 7     0.816     0.415    -0.403
 7     0.080     0.608     0.790
 8   122.432    15.867    19.578
 8     0.790    -0.217     0.574
 8     0.146    -0.842    -0.519
 8     0.595     0.494    -0.633
 9   133.857    12.136     8.853
 9     0.399     0.915    -0.050
 9    -0.264     0.062    -0.963
 9    -0.878     0.397     0.266
 2    96.645   -18.405    60.044
 2     0.158    -0.987    -0.004
 2     0.986     0.158     0.037
 2    -0.037    -0.010     0.999
 3   126.402    -2.385     3.359
 3     0.318     0.048    -0.947
 3    -0.159     0.987    -0.003
 3     0.935     0.151     0.321
 4   109.595   -19.249    -5.322
 4     0.515     0.600     0.611
 4    -0.844     0.479     0.240
 4    -0.149    -0.640     0.754
 5   121.287   -22.020    18.025
 5     0.699     0.248     0.671
 5    -0.221    -0.817     0.532
 5     0.680    -0.520    -0.516
 6   132.499   -14.759     6.930
 6     0.452    -0.861    -0.232
 6     0.390    -0.043     0.920
 6    -0.802    -0.506     0.317
 7   112.426    14.530    -5.517
 7     0.558    -0.679     0.477
 7     0.826     0.402    -0.394
 7     0.075     0.614     0.786
 8   122.228    14.892    19.494
 8     0.802    -0.183     0.567
 8     0.139    -0.868    -0.477
 8     0.580     0.462    -0.671
 9   132.289    12.449     8.216
 9     0.332     0.943     0.021
 9    -0.195     0.090    -0.977
 9    -0.923     0.320     0.214
 2    96.646   -18.406    60.044
 2     0.159    -0.987    -0.004
 2     0.986     0.158     0.037
 2    -0.037    -0.010     0.999
 3   126.398    -2.337     3.264
 3     0.327     0.039    -0.944
 3    -0.158     0.987    -0.014
 3     0.931     0.153     0.329
 4   109.572   -19.257    -5.366
 4     0.517     0.594     0.616
 4    -0.841     0.487     0.236
 4    -0.160    -0.640     0.751
 5   121.502   -21.975    17.851
 5     0.712     0.237     0.661
 5    -0.219    -0.819     0.530
 5     0.667    -0.522    -0.531
 6   131.518   -14.993     5.960
 6     0.388    -0.894    -0.223
 6     0.380    -0.065     0.922
 6    -0.840    -0.443     0.315
 7   112.017    14.535    -5.421
 7     0.541    -0.684     0.489
 7     0.837     0.386    -0.387
 7     0.075     0.619     0.781
 8   122.059    14.425    19.523
 8     0.811    -0.164     0.561
 8     0.139    -0.878    -0.458
 8     0.567     0.449    -0.690
 9   130.798    12.855     7.989
 9     0.277     0.958     0.068
 9    -0.165     0.117    -0.979
 9    -0.947     0.260     0.190
 2    96.646   -18.456    60.044
 2     0.159    -0.987    -0.004
 2     0.986     0.158     0.037
 2    -0.037    -0.010     0.999
 3   126.300    -2.290     3.158
 3     0.337     0.029    -0.941
 3    -0.161     0.986    -0.027
 3     0.928     0.160     0.337
 4   109.392   -19.126    -5.563
 4     0.517     0.579     0.630
 4    -0.835     0.503     0.224
 4    -0.187    -0.642     0.743
 5   121.930   -21.991    17.476
 5     0.735     0.218     0.642
 5    -0.221    -0.818     0.531
 5     0.641    -0.533    -0.553
 6   130.577   -15.141     4.611
 6     0.326    -0.929    -0.177
 6     0.379    -0.044     0.924
 6    -0.866    -0.369     0.338
 7   111.508    14.482    -5.401
 7     0.524    -0.682     0.509
 7     0.849     0.373    -0.375
 7     0.065     0.629     0.775
 8   122.032    14.354    19.365
 8     0.826    -0.134     0.547
