% Calibrated with leiden_pols
% Positions are in centimeters
Data =[
 2    96.259   -22.744    60.082
 2    -0.014    -1.000    -0.012
 2     0.980    -0.016     0.199
 2    -0.199    -0.009     0.980
 3   127.462    -4.770     8.775
 3     0.580    -0.268    -0.769
 3     0.274     0.953    -0.125
 3     0.767    -0.139     0.626
 4   113.639    10.049     2.482
 4     0.650    -0.746     0.144
 4     0.760     0.641    -0.109
 4    -0.011     0.180     0.983
 5   117.561    14.746    28.485
 5     0.568    -0.052     0.821
 5    -0.000    -0.998    -0.064
 5     0.823     0.036    -0.567
 6   139.485     8.885    36.619
 6     0.948    -0.100    -0.303
 6    -0.314    -0.459    -0.831
 6    -0.056     0.883    -0.466
 7   114.819   -23.651     3.643
 7     0.752     0.543     0.372
 7    -0.633     0.753     0.181
 7    -0.182    -0.372     0.910
 8   115.295   -22.352    28.237
 8     0.484    -0.034     0.874
 8     0.074    -0.994    -0.079
 8     0.871     0.103    -0.479
 9   141.788   -23.545    38.031
 9     0.961     0.124    -0.246
 9     0.262    -0.144     0.954
 9     0.083    -0.982    -0.171
 2    96.256   -22.744    60.085
 2    -0.015    -1.000    -0.012
 2     0.980    -0.017     0.199
 2    -0.200    -0.009     0.980
 3   127.407    -4.745     8.779
 3     0.580    -0.270    -0.769
 3     0.276     0.953    -0.126
 3     0.766    -0.139     0.627
 4   113.612    10.048     2.484
 4     0.650    -0.746     0.145
 4     0.760     0.641    -0.109
 4    -0.012     0.181     0.983
 5   117.611    14.745    28.486
 5     0.568    -0.053     0.821
 5     0.000    -0.998    -0.065
 5     0.823     0.037    -0.567
 6   139.460     8.885    36.671
 6     0.948    -0.099    -0.303
 6    -0.313    -0.458    -0.832
 6    -0.056     0.883    -0.465
 7   114.771   -23.650     3.691
 7     0.752     0.543     0.372
 7    -0.634     0.752     0.182
 7    -0.181    -0.372     0.910
 8   115.275   -22.351    28.231
 8     0.484    -0.035     0.874
 8     0.073    -0.994    -0.081
 8     0.872     0.103    -0.479
 9   141.787   -23.545    38.035
 9     0.962     0.123    -0.244
 9     0.261    -0.146     0.954
 9     0.082    -0.981    -0.173
 2    96.206   -22.745    60.085
 2    -0.014    -1.000    -0.012
 2     0.979    -0.016     0.199
 2    -0.200    -0.009     0.980
 3   127.407    -4.770     8.779
 3     0.580    -0.270    -0.769
 3     0.276     0.953    -0.126
 3     0.766    -0.139     0.627
 4   113.560     9.997     2.487
 4     0.650    -0.746     0.145
 4     0.760     0.641    -0.108
 4    -0.013     0.180     0.983
 5   117.561    14.746    28.485
 5     0.568    -0.053     0.821
 5     0.001    -0.998    -0.065
 5     0.823     0.037    -0.567
 6   139.458     8.833    36.597
 6     0.948    -0.099    -0.304
 6    -0.314    -0.458    -0.832
 6    -0.057     0.883    -0.465
 7   114.724   -23.649     3.688
 7     0.752     0.544     0.371
 7    -0.634     0.752     0.182
 7    -0.180    -0.373     0.910
 8   115.275   -22.350    28.258
 8     0.483    -0.036     0.875
 8     0.074    -0.994    -0.081
 8     0.872     0.104    -0.478
 9   141.786   -23.546    38.038
 9     0.962     0.123    -0.243
 9     0.260    -0.148     0.954
 9     0.081    -0.981    -0.175
 2    96.256   -22.744    60.085
 2    -0.014    -1.000    -0.012
 2     0.980    -0.016     0.199
 2    -0.200    -0.009     0.980
 3   127.332    -4.821     8.778
 3     0.580    -0.272    -0.768
 3     0.276     0.952    -0.128
 3     0.766    -0.138     0.627
 4   113.510     9.997     2.487
 4     0.649    -0.747     0.144
 4     0.760     0.640    -0.107
 4    -0.013     0.179     0.984
 5   117.561    14.696    28.435
 5     0.568    -0.052     0.821
 5     0.002    -0.998    -0.065
 5     0.823     0.038    -0.567
 6   139.456     8.884    36.549
 6     0.948    -0.097    -0.303
 6    -0.312    -0.458    -0.832
 6    -0.058     0.884    -0.465
 7   114.651   -23.649     3.685
 7     0.752     0.544     0.371
 7    -0.634     0.751     0.183
 7    -0.179    -0.373     0.910
 8   115.225   -22.299    28.260
 8     0.483    -0.034     0.875
 8     0.076    -0.994    -0.081
 8     0.872     0.106    -0.477
 9   141.781   -23.549    38.001
 9     0.964     0.118    -0.239
 9     0.255    -0.153     0.954
 9     0.077    -0.981    -0.178
 2    96.206   -22.694    60.085
 2    -0.015    -1.000    -0.012
 2     0.980    -0.017     0.199
 2    -0.200    -0.009     0.980
 3   127.282    -4.821     8.905
 3     0.580    -0.274    -0.767
 3     0.277     0.952    -0.130
 3     0.766    -0.138     0.628
 4   113.517     9.949     2.479
 4     0.648    -0.748     0.143
 4     0.761     0.639    -0.109
 4    -0.010     0.179     0.984
 5   117.486    14.620    28.483
 5     0.568    -0.049     0.821
 5     0.001    -0.998    -0.060
 5     0.823     0.035    -0.567
 6   139.447     9.161    36.469
 6     0.954    -0.078    -0.289
 6    -0.291    -0.469    -0.834
 6    -0.070     0.880    -0.470
 7   114.609   -23.670     3.672
 7     0.754     0.544     0.368
 7    -0.633     0.751     0.187
 7    -0.175    -0.374     0.911
 8   115.280   -22.192    28.309
 8     0.479    -0.031     0.877
 8     0.084    -0.993    -0.080
 8     0.873     0.112    -0.474
 9   141.743   -24.570    37.617
 9     0.978     0.084    -0.190
 9     0.202    -0.176     0.963
 9     0.047    -0.981    -0.189
 2    96.256   -22.694    60.085
 2    -0.015    -1.000    -0.012
 2     0.979    -0.017     0.199
 2    -0.200    -0.009     0.980
 3   127.198    -4.874     8.862
 3     0.583    -0.276    -0.764
 3     0.277     0.951    -0.132
 3     0.764    -0.135     0.631
 4   113.405     9.904     2.488
 4     0.647    -0.750     0.137
 4     0.762     0.637    -0.113
 4    -0.004     0.177     0.984
 5   117.306    14.350    28.590
 5     0.568    -0.024     0.822
 5     0.003    -1.000    -0.031
 5     0.823     0.019    -0.568
 6   139.451     9.773    36.185
 6     0.964    -0.050    -0.262
 6    -0.252    -0.484    -0.838
 6    -0.085     0.874    -0.479
 7   114.564   -23.669     3.718
 7     0.753     0.545     0.367
 7    -0.634     0.750     0.188
 7    -0.173    -0.374     0.911
 8   115.237   -22.014    28.359
 8     0.479    -0.035     0.877
 8     0.084    -0.993    -0.085
 8     0.874     0.115    -0.473
 9   141.546   -26.070    37.236
 9     0.990     0.052    -0.133
 9     0.140    -0.189     0.972
 9     0.025    -0.981    -0.194
 2    96.256   -22.744    60.085
 2    -0.015    -1.000    -0.013
 2     0.980    -0.017     0.199
 2    -0.200    -0.010     0.980
 3   127.081    -4.778     8.802
 3     0.588    -0.279    -0.759
 3     0.277     0.951    -0.136
 3     0.760    -0.130     0.636
 4   113.247    10.013     2.567
 4     0.644    -0.753     0.132
 4     0.765     0.634    -0.116
 4     0.004     0.176     0.984
 5   117.244    14.147    28.586
 5     0.571    -0.008     0.821
 5     0.000    -1.000    -0.010
 5     0.821     0.006    -0.571
 6   139.497    10.353    35.990
 6     0.970    -0.019    -0.242
 6    -0.219    -0.499    -0.839
 6    -0.104     0.866    -0.488
 7   114.492   -23.643     3.716
 7     0.752     0.546     0.367
 7    -0.636     0.749     0.188
 7    -0.172    -0.375     0.911
 8   115.188   -21.839    28.412
 8     0.478    -0.042     0.877
 8     0.082    -0.992    -0.093
 8     0.874     0.116    -0.471
 9   141.296   -27.602    36.616
 9     0.998     0.012    -0.065
 9     0.066    -0.202     0.977
 9    -0.001    -0.979    -0.202
 2    96.206   -22.694    60.085
 2    -0.015    -1.000    -0.013
 2     0.980    -0.017     0.199
 2    -0.200    -0.010     0.980
 3   127.015    -4.657     8.767
 3     0.594    -0.282    -0.754
 3     0.276     0.951    -0.139
 3     0.756    -0.125     0.642
 4   113.046    10.125     2.583
 4     0.640    -0.758     0.126
 4     0.768     0.628    -0.125
 4     0.016     0.177     0.984
 5   119.286    13.828    30.577
 5     0.576     0.014     0.817
 5     0.000    -1.000     0.017
 5     0.818    -0.010    -0.576
