% Calibrated with leiden_pols
% Positions are in centimeters
Data =[
 2    96.259   -22.744    60.082
 2    -0.014    -1.000    -0.012
 2     0.980    -0.016     0.199
 2    -0.199    -0.009     0.980
 3   127.462    -4.770     8.775
 3     0.580    -0.268    -0.769
 3     0.274     0.953    -0.125
 3     0.767    -0.139     0.626
 4   113.639    10.049     2.482
 4     0.650    -0.746     0.144
 4     0.760     0.641    -0.109
 4    -0.011     0.180     0.983
 5   117.561    14.746    28.485
 5     0.568    -0.052     0.821
 5    -0.000    -0.998    -0.064
 5     0.823     0.036    -0.567
 6   139.485     8.885    36.619
 6     0.948    -0.100    -0.303
 6    -0.314    -0.459    -0.831
 6    -0.056     0.883    -0.466
 7   114.819   -23.651     3.643
 7     0.752     0.543     0.372
 7    -0.633     0.753     0.181
 7    -0.182    -0.372     0.910
 8   115.295   -22.352    28.237
 8     0.484    -0.034     0.874
 8     0.074    -0.994    -0.079
 8     0.871     0.103    -0.479
 9   141.788   -23.545    38.031
 9     0.961     0.124    -0.246
 9     0.262    -0.144     0.954
 9     0.083    -0.982    -0.171
 2    96.256   -22.744    60.085
 2    -0.015    -1.000    -0.012
 2     0.980    -0.017     0.199
 2    -0.200    -0.009     0.980
 3   127.407    -4.745     8.779
 3     0.580    -0.270    -0.769
 3     0.276     0.953    -0.126
 3     0.766    -0.139     0.627
 4   113.612    10.048     2.484
 4     0.650    -0.746     0.145
 4     0.760     0.641    -0.109
 4    -0.012     0.181     0.983
 5   117.611    14.745    28.486
 5     0.568    -0.053     0.821
 5     0.000    -0.998    -0.065
 5     0.823     0.037    -0.567
 6   139.460     8.885    36.671
 6     0.948    -0.099    -0.303
 6    -0.313    -0.458    -0.832
 6    -0.056     0.883    -0.465
 7   114.771   -23.650     3.691
 7     0.752     0.543     0.372
 7    -0.634     0.752     0.182
 7    -0.181    -0.372     0.910
 8   115.275   -22.351    28.231
 8     0.484    -0.035     0.874
 8     0.073    -0.994    -0.081
 8     0.872     0.103    -0.479
 9   141.787   -23.545    38.035
 9     0.962     0.123    -0.244
 9     0.261    -0.146     0.954
 9     0.082    -0.981    -0.173
 2    96.206   -22.745    60.085
 2    -0.014    -1.000    -0.012
 2     0.979    -0.016     0.199
 2    -0.200    -0.009     0.980
 3   127.407    -4.770     8.779
 3     0.580    -0.270    -0.769
 3     0.276     0.953    -0.126
 3     0.766    -0.139     0.627
 4   113.560     9.997     2.487
 4     0.650    -0.746     0.145
 4     0.760     0.641    -0.108
 4    -0.013     0.180     0.983
 5   117.561    14.746    28.485
 5     0.568    -0.053     0.821
 5     0.001    -0.998    -0.065
 5     0.823     0.037    -0.567
 6   139.458     8.833    36.597
 6     0.948    -0.099    -0.304
 6    -0.314    -0.458    -0.832
 6    -0.057     0.883    -0.465
 7   114.724   -23.649     3.688
 7     0.752     0.544     0.371
 7    -0.634     0.752     0.182
 7    -0.180    -0.373     0.910
 8   115.275   -22.350    28.258
 8     0.483    -0.036     0.875
 8     0.074    -0.994    -0.081
 8     0.872     0.104    -0.478
 9   141.786   -23.546    38.038
 9     0.962     0.123    -0.243
 9     0.260    -0.148     0.954
 9     0.081    -0.981    -0.175
 2    96.256   -22.744    60.085
 2    -0.014    -1.000    -0.012
 2     0.980    -0.016     0.199
 2    -0.200    -0.009     0.980
 3   127.332    -4.821     8.778
 3     0.580    -0.272    -0.768
 3     0.276     0.952    -0.128
 3     0.766    -0.138     0.627
 4   113.510     9.997     2.487
 4     0.649    -0.747     0.144
 4     0.760     0.640    -0.107
 4    -0.013     0.179     0.984
 5   117.561    14.696    28.435
 5     0.568    -0.052     0.821
 5     0.002    -0.998    -0.065
 5     0.823     0.038    -0.567
 6   139.456     8.884    36.549
 6     0.948    -0.097    -0.303
 6    -0.312    -0.458    -0.832
 6    -0.058     0.884    -0.465
 7   114.651   -23.649     3.685
 7     0.752     0.544     0.371
 7    -0.634     0.751     0.183
 7    -0.179    -0.373     0.910
 8   115.225   -22.299    28.260
 8     0.483    -0.034     0.875
 8     0.076    -0.994    -0.081
 8     0.872     0.106    -0.477
 9   141.781   -23.549    38.001
 9     0.964     0.118    -0.239
 9     0.255    -0.153     0.954
 9     0.077    -0.981    -0.178
 2    96.206   -22.694    60.085
 2    -0.015    -1.000    -0.012
 2     0.980    -0.017     0.199
 2    -0.200    -0.009     0.980
 3   127.282    -4.821     8.905
 3     0.580    -0.274    -0.767
 3     0.277     0.952    -0.130
 3     0.766    -0.138     0.628
 4   113.517     9.949     2.479
 4     0.648    -0.748     0.143
 4     0.761     0.639    -0.109
 4    -0.010     0.179     0.984
 5   117.486    14.620    28.483
 5     0.568    -0.049     0.821
 5     0.001    -0.998    -0.060
 5     0.823     0.035    -0.567
 6   139.447     9.161    36.469
 6     0.954    -0.078    -0.289
 6    -0.291    -0.469    -0.834
 6    -0.070     0.880    -0.470
 7   114.609   -23.670     3.672
 7     0.754     0.544     0.368
 7    -0.633     0.751     0.187
 7    -0.175    -0.374     0.911
 8   115.280   -22.192    28.309
 8     0.479    -0.031     0.877
 8     0.084    -0.993    -0.080
 8     0.873     0.112    -0.474
 9   141.743   -24.570    37.617
 9     0.978     0.084    -0.190
 9     0.202    -0.176     0.963
 9     0.047    -0.981    -0.189
 2    96.256   -22.694    60.085
 2    -0.015    -1.000    -0.012
 2     0.979    -0.017     0.199
 2    -0.200    -0.009     0.980
 3   127.198    -4.874     8.862
 3     0.583    -0.276    -0.764
 3     0.277     0.951    -0.132
 3     0.764    -0.135     0.631
 4   113.405     9.904     2.488
 4     0.647    -0.750     0.137
 4     0.762     0.637    -0.113
 4    -0.004     0.177     0.984
 5   117.306    14.350    28.590
 5     0.568    -0.024     0.822
 5     0.003    -1.000    -0.031
 5     0.823     0.019    -0.568
 6   139.451     9.773    36.185
 6     0.964    -0.050    -0.262
 6    -0.252    -0.484    -0.838
 6    -0.085     0.874    -0.479
 7   114.564   -23.669     3.718
 7     0.753     0.545     0.367
 7    -0.634     0.750     0.188
 7    -0.173    -0.374     0.911
 8   115.237   -22.014    28.359
 8     0.479    -0.035     0.877
 8     0.084    -0.993    -0.085
 8     0.874     0.115    -0.473
 9   141.546   -26.070    37.236
 9     0.990     0.052    -0.133
 9     0.140    -0.189     0.972
 9     0.025    -0.981    -0.194
 2    96.256   -22.744    60.085
 2    -0.015    -1.000    -0.013
 2     0.980    -0.017     0.199
 2    -0.200    -0.010     0.980
 3   127.081    -4.778     8.802
 3     0.588    -0.279    -0.759
 3     0.277     0.951    -0.136
 3     0.760    -0.130     0.636
 4   113.247    10.013     2.567
 4     0.644    -0.753     0.132
 4     0.765     0.634    -0.116
 4     0.004     0.176     0.984
 5   117.244    14.147    28.586
 5     0.571    -0.008     0.821
 5     0.000    -1.000    -0.010
 5     0.821     0.006    -0.571
 6   139.497    10.353    35.990
 6     0.970    -0.019    -0.242
 6    -0.219    -0.499    -0.839
 6    -0.104     0.866    -0.488
 7   114.492   -23.643     3.716
 7     0.752     0.546     0.367
 7    -0.636     0.749     0.188
 7    -0.172    -0.375     0.911
 8   115.188   -21.839    28.412
 8     0.478    -0.042     0.877
 8     0.082    -0.992    -0.093
 8     0.874     0.116    -0.471
 9   141.296   -27.602    36.616
 9     0.998     0.012    -0.065
 9     0.066    -0.202     0.977
 9    -0.001    -0.979    -0.202
 2    96.206   -22.694    60.085
 2    -0.015    -1.000    -0.013
 2     0.980    -0.017     0.199
 2    -0.200    -0.010     0.980
 3   127.015    -4.657     8.767
 3     0.594    -0.282    -0.754
 3     0.276     0.951    -0.139
 3     0.756    -0.125     0.642
 4   113.046    10.125     2.583
 4     0.640    -0.758     0.126
 4     0.768     0.628    -0.125
 4     0.016     0.177     0.984
 5   119.286    13.828    30.577
 5     0.576     0.014     0.817
 5     0.000    -1.000     0.017
 5     0.818    -0.010    -0.576
 6   139.557    10.646    35.457
 6     0.973     0.014    -0.228
 6    -0.189    -0.512    -0.838
 6    -0.129     0.859    -0.496
 7   114.370   -23.541     3.662
 7     0.752     0.547     0.367
 7    -0.636     0.748     0.189
 7    -0.171    -0.376     0.911
 8   115.147   -21.765    28.259
 8     0.477    -0.053     0.877
 8     0.079    -0.991    -0.103
 8     0.875     0.119    -0.469
 9   140.981   -28.613    36.241
 9     1.000    -0.012    -0.022
 9     0.018    -0.206     0.978
 9    -0.017    -0.978    -0.206
 2    96.256   -22.694    60.085
 2    -0.015    -1.000    -0.012
 2     0.979    -0.017     0.199
 2    -0.200    -0.009     0.980
 3   126.928    -4.586     8.653
 3     0.598    -0.284    -0.750
 3     0.275     0.951    -0.141
 3     0.753    -0.122     0.647
 4   112.933    10.208     2.641
 4     0.635    -0.763     0.122
 4     0.772     0.622    -0.129
 4     0.022     0.176     0.984
 5   119.111    13.774    30.694
 5     0.579     0.045     0.813
 5     0.010    -0.999     0.047
 5     0.815    -0.019    -0.579
 6   139.419    11.099    35.226
 6     0.976     0.035    -0.216
 6    -0.167    -0.521    -0.837
 6    -0.142     0.853    -0.502
 7   114.376   -23.462     3.652
 7     0.754     0.547     0.364
 7    -0.635     0.748     0.191
 7    -0.168    -0.375     0.911
 8   115.173   -21.610    28.302
 8     0.470    -0.073     0.879
 8     0.081    -0.989    -0.125
 8     0.879     0.130    -0.459
 9   140.643   -29.613    36.258
 9     0.999    -0.024     0.020
 9    -0.025    -0.215     0.976
 9    -0.019    -0.976    -0.215
 2    96.256   -22.694    60.085
 2    -0.015    -1.000    -0.012
 2     0.979    -0.017     0.199
 2    -0.200    -0.009     0.980
 3   126.913    -4.438     8.569
 3     0.602    -0.286    -0.746
 3     0.277     0.950    -0.141
 3     0.749    -0.122     0.651
 4   112.715    10.264     2.681
 4     0.629    -0.768     0.119
 4     0.777     0.616    -0.130
 4     0.026     0.174     0.984
 5   119.010    13.645    30.664
 5     0.584     0.069     0.809
 5     0.020    -0.997     0.071
 5     0.811    -0.026    -0.584
 6   139.234    11.548    34.760
 6     0.977     0.068    -0.201
 6    -0.135    -0.532    -0.836
 6    -0.164     0.844    -0.511
 7   114.287   -23.356     3.739
 7     0.755     0.547     0.360
 7    -0.635     0.748     0.195
 7    -0.163    -0.376     0.912
 8   115.073   -21.479    28.393
 8     0.462    -0.089     0.882
 8     0.083    -0.986    -0.142
 8     0.883     0.139    -0.448
 9   140.259   -30.408    36.351
 9     0.997    -0.035     0.058
 9    -0.065    -0.230     0.971
 9    -0.021    -0.972    -0.232
 2    96.206   -22.694    60.085
 2    -0.015    -1.000    -0.013
 2     0.979    -0.017     0.200
 2    -0.200    -0.009     0.980
 3   126.766    -4.420     8.417
 3     0.609    -0.286    -0.740
 3     0.278     0.950    -0.139
 3     0.743    -0.121     0.658
 4   112.593    10.266     2.623
 4     0.626    -0.771     0.119
 4     0.779     0.612    -0.131
 4     0.028     0.175     0.984
 5   118.897    13.542    30.675
 5     0.587     0.083     0.805
 5     0.025    -0.996     0.085
 5     0.809    -0.030    -0.587
 6   139.136    11.748    34.597
 6     0.977     0.081    -0.195
 6    -0.123    -0.536    -0.835
 6    -0.172     0.840    -0.514
 7   114.171   -23.302     3.753
 7     0.756     0.548     0.358
 7    -0.635     0.746     0.197
 7    -0.159    -0.377     0.912
 8   115.093   -21.350    28.412
 8     0.456    -0.105     0.884
 8     0.083    -0.984    -0.160
 8     0.886     0.146    -0.440
 9   139.982   -31.104    36.304
 9     0.995    -0.050     0.086
 9    -0.095    -0.236     0.967
 9    -0.028    -0.970    -0.239
 2    96.206   -22.694    60.085
 2    -0.015    -1.000    -0.012
 2     0.979    -0.017     0.200
 2    -0.200    -0.009     0.980
 3   126.703    -4.426     8.434
 3     0.614    -0.285    -0.736
 3     0.277     0.951    -0.137
 3     0.739    -0.120     0.663
 4   112.446    10.319     2.617
 4     0.624    -0.772     0.119
 4     0.781     0.610    -0.132
 4     0.030     0.175     0.984
 5   118.809    13.414    30.730
 5     0.587     0.104     0.802
 5     0.032    -0.994     0.105
 5     0.808    -0.036    -0.587
 6   139.058    11.902    34.354
 6     0.978     0.099    -0.182
 6    -0.100    -0.543    -0.834
 6    -0.181     0.834    -0.521
 7   114.125   -23.301     3.747
 7     0.755     0.549     0.357
 7    -0.636     0.745     0.198
 7    -0.157    -0.377     0.913
 8   115.065   -21.224    28.377
 8     0.450    -0.125     0.884
 8     0.079    -0.981    -0.179
 8     0.889     0.150    -0.432
 9   139.516   -31.773    36.319
 9     0.991    -0.061     0.119
 9    -0.130    -0.241     0.961
 9    -0.030    -0.969    -0.247
 2    96.206   -22.694    60.085
 2    -0.015    -1.000    -0.013
 2     0.979    -0.017     0.199
 2    -0.200    -0.010     0.980
 3   126.638    -4.279     8.375
 3     0.618    -0.285    -0.732
 3     0.277     0.951    -0.137
 3     0.735    -0.118     0.667
 4   112.327    10.323     2.659
 4     0.621    -0.775     0.116
 4     0.783     0.607    -0.134
 4     0.033     0.174     0.984
 5   118.701    13.287    30.775
 5     0.587     0.129     0.799
 5     0.039    -0.991     0.131
 5     0.809    -0.046    -0.586
 6   138.982    12.290    34.401
 6     0.980     0.116    -0.163
 6    -0.072    -0.554    -0.829
 6    -0.187     0.824    -0.535
 7   114.076   -23.226     3.723
 7     0.754     0.551     0.357
 7    -0.638     0.745     0.198
 7    -0.157    -0.377     0.913
 8   115.054   -21.126    28.367
 8     0.448    -0.142     0.882
 8     0.069    -0.979    -0.193
 8     0.891     0.147    -0.429
 9   139.297   -32.441    36.336
 9     0.986    -0.073     0.147
 9    -0.161    -0.245     0.956
 9    -0.033    -0.967    -0.254
 2    96.206   -22.694    60.085
 2    -0.015    -1.000    -0.012
 2     0.979    -0.017     0.199
 2    -0.200    -0.009     0.980
 3   126.577    -4.209     8.285
 3     0.624    -0.283    -0.728
 3     0.271     0.952    -0.138
 3     0.732    -0.111     0.671
 4   112.262    10.505     2.818
 4     0.620    -0.776     0.117
 4     0.783     0.604    -0.142
 4     0.039     0.180     0.983
 5   118.651    13.282    30.837
 5     0.583     0.144     0.799
 5     0.035    -0.988     0.152
 5     0.812    -0.061    -0.581
 6   138.872    12.622    34.255
 6     0.979     0.136    -0.151
 6    -0.047    -0.570    -0.820
 6    -0.197     0.811    -0.551
 7   113.939   -23.003     3.584
 7     0.753     0.551     0.359
 7    -0.638     0.746     0.193
 7    -0.162    -0.374     0.913
 8   114.962   -21.055    28.255
 8     0.448    -0.153     0.881
 8     0.059    -0.978    -0.200
 8     0.892     0.141    -0.429
 9   139.126   -32.599    36.122
 9     0.983    -0.082     0.164
 9    -0.180    -0.251     0.951
 9    -0.036    -0.964    -0.262
 2    96.206   -22.694    60.085
 2    -0.015    -1.000    -0.012
 2     0.979    -0.017     0.199
 2    -0.200    -0.009     0.980
 3   126.492    -3.909     8.163
 3     0.629    -0.286    -0.723
 3     0.268     0.952    -0.144
 3     0.730    -0.103     0.675
 4   111.991    10.816     2.900
 4     0.613    -0.780     0.123
 4     0.788     0.596    -0.151
 4     0.044     0.190     0.981
 5   118.553    13.123    30.899
 5     0.585     0.171     0.793
 5     0.038    -0.982     0.184
 5     0.810    -0.078    -0.581
 6   138.744    13.040    33.870
 6     0.974     0.171    -0.145
 6    -0.017    -0.589    -0.808
 6    -0.224     0.790    -0.571
 7   113.929   -22.828     3.468
 7     0.754     0.548     0.361
 7    -0.635     0.749     0.190
 7    -0.166    -0.373     0.913
 8   114.970   -20.956    28.121
 8     0.447    -0.162     0.880
 8     0.052    -0.977    -0.206
 8     0.893     0.138    -0.429
 9   138.733   -33.500    35.894
 9     0.973    -0.111     0.201
 9    -0.225    -0.279     0.933
 9    -0.048    -0.954    -0.297
 2    96.206   -22.744    60.085
 2    -0.015    -1.000    -0.012
 2     0.979    -0.017     0.199
 2    -0.200    -0.009     0.980
 3   126.367    -3.587     8.058
 3     0.635    -0.295    -0.714
 3     0.269     0.951    -0.154
 3     0.724    -0.094     0.683
 4   111.586    10.996     3.020
 4     0.604    -0.786     0.131
 4     0.795     0.585    -0.155
 4     0.045     0.198     0.979
 5   118.354    12.994    31.041
 5     0.588     0.202     0.783
 5     0.050    -0.975     0.215
 5     0.807    -0.087    -0.583
 6   138.562    13.488    33.450
 6     0.970     0.201    -0.138
 6     0.009    -0.595    -0.803
 6    -0.244     0.778    -0.579
 7   113.816   -22.603     3.383
 7     0.757     0.542     0.365
 7    -0.631     0.752     0.190
 7    -0.172    -0.374     0.911
 8   114.913   -20.709    27.965
 8     0.443    -0.189     0.876
 8     0.044    -0.972    -0.232
 8     0.895     0.141    -0.423
 9   138.037   -34.678    35.894
 9     0.954    -0.167     0.248
 9    -0.292    -0.343     0.893
 9    -0.064    -0.924    -0.376
 2    96.206   -22.694    60.085
 2    -0.015    -1.000    -0.013
 2     0.979    -0.017     0.199
 2    -0.200    -0.010     0.979
 3   126.161    -3.470     7.860
 3     0.644    -0.301    -0.703
 3     0.269     0.949    -0.160
 3     0.716    -0.086     0.692
 4   111.273    11.046     3.074
 4     0.599    -0.788     0.141
 4     0.800     0.579    -0.158
 4     0.042     0.207     0.977
 5   118.289    12.944    31.050
 5     0.589     0.222     0.776
 5     0.060    -0.971     0.232
 5     0.805    -0.090    -0.586
 6   138.372    13.659    33.042
 6     0.966     0.220    -0.136
 6     0.025    -0.603    -0.797
 6    -0.258     0.766    -0.588
 7   113.605   -22.533     3.279
 7     0.755     0.538     0.374
 7    -0.630     0.753     0.190
 7    -0.179    -0.380     0.908
 8   114.869   -20.568    27.952
 8     0.443    -0.217     0.870
 8     0.036    -0.965    -0.259
 8     0.895     0.146    -0.420
 9   137.327   -35.571    35.965
 9     0.932    -0.230     0.280
 9    -0.354    -0.411     0.840
 9    -0.078    -0.882    -0.464
 2    96.206   -22.694    60.085
 2    -0.015    -1.000    -0.013
 2     0.979    -0.017     0.200
 2    -0.200    -0.009     0.979
 3   125.879    -3.379     7.718
 3     0.653    -0.307    -0.693
 3     0.272     0.948    -0.163
 3     0.707    -0.082     0.702
 4   110.907    11.042     3.084
 4     0.595    -0.789     0.153
 4     0.802     0.575    -0.158
 4     0.037     0.217     0.975
 5   118.152    12.996    31.110
 5     0.592     0.235     0.771
 5     0.070    -0.968     0.241
 5     0.803    -0.089    -0.590
 6   138.218    13.783    32.875
 6     0.963     0.233    -0.136
 6     0.037    -0.613    -0.789
 6    -0.267     0.755    -0.599
 7   113.431   -22.483     3.335
 7     0.754     0.536     0.379
 7    -0.631     0.750     0.195
 7    -0.180    -0.386     0.904
 8   114.849   -20.441    27.942
 8     0.436    -0.246     0.865
 8     0.033    -0.957    -0.289
 8     0.899     0.154    -0.410
 9   136.901   -36.054    36.145
 9     0.921    -0.246     0.302
 9    -0.382    -0.421     0.822
 9    -0.075    -0.873    -0.482
 2    96.206   -22.694    60.085
 2    -0.015    -1.000    -0.013
 2     0.979    -0.017     0.199
 2    -0.200    -0.010     0.979
 3   125.701    -3.438     7.572
 3     0.661    -0.309    -0.684
 3     0.274     0.948    -0.163
 3     0.699    -0.079     0.710
 4   110.716    10.987     3.047
 4     0.593    -0.789     0.161
 4     0.804     0.573    -0.156
 4     0.031     0.222     0.974
 5   118.134    12.820    31.002
 5     0.595     0.247     0.764
 5     0.081    -0.965     0.249
 5     0.799    -0.087    -0.594
 6   138.199    13.778    32.659
 6     0.961     0.241    -0.137
 6     0.042    -0.616    -0.786
 6    -0.274     0.749    -0.603
 7   113.256   -22.561     3.294
 7     0.752     0.534     0.385
 7    -0.633     0.748     0.199
 7    -0.182    -0.394     0.901
 8   114.816   -20.269    27.942
 8     0.432    -0.271     0.860
 8     0.028    -0.949    -0.313
 8     0.901     0.159    -0.403
 9   136.440   -36.720    36.195
 9     0.909    -0.258     0.328
 9    -0.411    -0.417     0.811
 9    -0.072    -0.872    -0.484
 2    96.206   -22.694    60.085
 2    -0.015    -1.000    -0.012
 2     0.979    -0.017     0.199
 2    -0.200    -0.009     0.980
 3   125.656    -3.495     7.495
 3     0.666    -0.310    -0.678
 3     0.275     0.947    -0.163
 3     0.693    -0.078     0.716
 4   110.508    10.874     3.036
 4     0.589    -0.790     0.169
 4     0.807     0.571    -0.144
 4     0.017     0.221     0.975
 5   117.858    12.659    30.887
 5     0.577     0.299     0.760
 5     0.106    -0.950     0.293
 5     0.810    -0.089    -0.580
 6   137.818    14.130    32.868
 6     0.963     0.244    -0.114
 6     0.064    -0.618    -0.784
 6    -0.262     0.747    -0.611
 7   113.159   -22.562     3.297
 7     0.751     0.533     0.388
 7    -0.635     0.745     0.203
 7    -0.182    -0.399     0.899
 8   114.826   -20.173    27.968
 8     0.430    -0.290     0.855
 8     0.022    -0.943    -0.331
 8     0.902     0.161    -0.399
 9   136.172   -37.131    36.202
 9     0.900    -0.267     0.345
 9    -0.430    -0.413     0.802
 9    -0.072    -0.870    -0.487
 2    96.206   -22.694    60.085
 2    -0.015    -1.000    -0.013
 2     0.979    -0.017     0.199
 2    -0.200    -0.010     0.979
 3   125.488    -3.373     7.438
 3     0.670    -0.315    -0.672
 3     0.279     0.946    -0.166
 3     0.688    -0.077     0.722
 4   110.361    10.868     3.009
 4     0.584    -0.792     0.175
 4     0.811     0.568    -0.135
 4     0.008     0.221     0.975
 5   117.703    12.536    30.695
 5     0.571     0.330     0.751
 5     0.120    -0.939     0.322
 5     0.812    -0.094    -0.576
 6   137.587    14.579    32.807
 6     0.962     0.255    -0.097
 6     0.090    -0.631    -0.771
 6    -0.258     0.733    -0.630
 7   113.159   -22.561     3.301
 7     0.752     0.530     0.392
 7    -0.633     0.746     0.206
 7    -0.183    -0.404     0.896
 8   114.834   -20.151    27.941
 8     0.428    -0.302     0.852
 8     0.018    -0.939    -0.342
 8     0.903     0.162    -0.397
 9   136.098   -37.183    36.054
 9     0.897    -0.271     0.348
 9    -0.435    -0.413     0.800
 9    -0.073    -0.869    -0.489
 2    96.206   -22.694    60.085
 2    -0.015    -1.000    -0.012
 2     0.979    -0.017     0.199
 2    -0.200    -0.009     0.980
 3   125.433    -3.229     7.315
 3     0.676    -0.323    -0.662
 3     0.283     0.943    -0.171
 3     0.680    -0.072     0.730
 4   110.114    10.966     3.000
 4     0.575    -0.797     0.185
 4     0.818     0.560    -0.132
 4     0.001     0.227     0.974
 5   117.672    12.615    30.745
 5     0.569     0.347     0.745
 5     0.129    -0.933     0.336
 5     0.812    -0.095    -0.576
 6   137.545    14.706    32.631
 6     0.960     0.264    -0.096
 6     0.099    -0.638    -0.764
 6    -0.263     0.723    -0.639
 7   113.143   -22.440     3.202
 7     0.752     0.521     0.402
 7    -0.630     0.748     0.208
 7    -0.192    -0.410     0.891
 8   114.836   -20.052    27.838
 8     0.428    -0.308     0.849
 8     0.014    -0.938    -0.347
 8     0.903     0.160    -0.397
 9   136.005   -37.081    36.035
 9     0.894    -0.280     0.349
 9    -0.441    -0.422     0.792
 9    -0.074    -0.862    -0.501
 2    96.206   -22.694    60.085
 2    -0.015    -1.000    -0.012
 2     0.979    -0.017     0.199
 2    -0.200    -0.009     0.980
 3   125.308    -3.058     7.138
 3     0.682    -0.329    -0.653
 3     0.286     0.942    -0.176
 3     0.673    -0.067     0.736
 4   109.928    11.015     3.005
 4     0.572    -0.798     0.192
 4     0.820     0.556    -0.132
 4    -0.002     0.233     0.972
 5   117.614    12.588    30.699
 5     0.569     0.353     0.742
 5     0.131    -0.931     0.342
 5     0.811    -0.098    -0.576
 6   137.431    14.887    32.527
 6     0.957     0.274    -0.091
 6     0.112    -0.642    -0.758
 6    -0.266     0.716    -0.646
 7   113.082   -22.394     3.170
 7     0.751     0.518     0.408
 7    -0.629     0.749     0.207
 7    -0.198    -0.413     0.889
 8   114.788   -19.932    27.761
 8     0.428    -0.319     0.845
 8     0.005    -0.935    -0.355
 8     0.903     0.156    -0.399
 9   135.960   -37.406    35.838
 9     0.882    -0.318     0.346
 9    -0.464    -0.463     0.755
 9    -0.080    -0.828    -0.556
 2    96.206   -22.694    60.085
 2    -0.015    -1.000    -0.012
 2     0.979    -0.017     0.199
 2    -0.200    -0.009     0.980
 3   125.220    -2.987     7.000
 3     0.685    -0.330    -0.649
 3     0.286     0.942    -0.176
 3     0.669    -0.065     0.740
 4   109.743    11.039     3.036
 4     0.568    -0.799     0.198
 4     0.823     0.553    -0.131
 4    -0.005     0.237     0.971
 5   117.561    12.589    30.699
 5     0.568     0.361     0.739
 5     0.134    -0.927     0.350
 5     0.811    -0.100    -0.576
 6   137.376    15.044    32.648
 6     0.956     0.281    -0.082
 6     0.124    -0.642    -0.756
 6    -0.266     0.713    -0.649
 7   113.040   -22.377     3.123
 7     0.749     0.516     0.416
 7    -0.630     0.750     0.204
 7    -0.207    -0.415     0.886
 8   114.803   -19.886    27.749
 8     0.424    -0.335     0.841
 8    -0.005    -0.930    -0.368
 8     0.905     0.152    -0.396
 9   135.642   -37.220    36.052
 9     0.877    -0.328     0.349
 9    -0.474    -0.483     0.736
 9    -0.073    -0.812    -0.579
 2    96.256   -22.694    60.085
 2    -0.015    -1.000    -0.012
 2     0.979    -0.017     0.200
 2    -0.200    -0.009     0.980
 3   125.163    -2.989     6.931
 3     0.688    -0.330    -0.647
 3     0.286     0.942    -0.176
 3     0.667    -0.064     0.742
 4   109.690    11.038     3.039
 4     0.567    -0.799     0.199
 4     0.824     0.552    -0.130
 4    -0.006     0.238     0.971
 5   117.560    12.538    30.699
 5     0.569     0.363     0.738
 5     0.136    -0.926     0.351
 5     0.811    -0.100    -0.577
 6   137.236    15.222    32.454
 6     0.953     0.294    -0.076
 6     0.136    -0.638    -0.758
 6    -0.271     0.712    -0.648
 7   112.981   -22.330     3.085
 7     0.747     0.515     0.419
 7    -0.630     0.750     0.201
 7    -0.211    -0.415     0.885
 8   114.743   -19.812    27.685
 8     0.421    -0.349     0.837
 8    -0.011    -0.925    -0.379
 8     0.907     0.150    -0.394
 9   135.384   -37.574    36.089
 9     0.867    -0.349     0.355
 9    -0.492    -0.495     0.716
 9    -0.074    -0.796    -0.601
 2    96.206   -22.694    60.085
 2    -0.015    -1.000    -0.012
 2     0.979    -0.017     0.200
 2    -0.200    -0.009     0.980
 3   125.110    -2.940     6.885
 3     0.689    -0.330    -0.645
 3     0.286     0.942    -0.175
 3     0.666    -0.064     0.743
 4   109.687    11.088     3.041
 4     0.566    -0.800     0.200
 4     0.824     0.551    -0.130
 4    -0.007     0.239     0.971
 5   117.557    12.538    30.704
 5     0.569     0.364     0.737
 5     0.136    -0.926     0.352
 5     0.810    -0.100    -0.577
 6   137.234    15.246    32.405
 6     0.952     0.295    -0.076
 6     0.137    -0.638    -0.757
 6    -0.272     0.711    -0.648
 7   112.879   -22.335     3.042
 7     0.743     0.519     0.423
 7    -0.635     0.747     0.198
 7    -0.213    -0.415     0.884
 8   114.746   -19.820    27.639
 8     0.419    -0.364     0.831
 8    -0.019    -0.919    -0.393
 8     0.907     0.149    -0.392
 9   135.212   -37.704    36.154
 9     0.860    -0.362     0.359
 9    -0.504    -0.497     0.706
 9    -0.077    -0.789    -0.610
 2    96.206   -22.694    60.085
 2    -0.015    -1.000    -0.013
 2     0.979    -0.017     0.200
 2    -0.200    -0.009     0.980
 3   125.057    -2.941     6.889
 3     0.690    -0.329    -0.644
 3     0.286     0.942    -0.175
 3     0.665    -0.064     0.744
 4   109.632    11.036     3.046
 4     0.565    -0.800     0.202
 4     0.825     0.550    -0.129
 4    -0.009     0.239     0.971
 5   117.505    12.488    30.704
 5     0.568     0.369     0.735
 5     0.139    -0.924     0.356
 5     0.810    -0.100    -0.577
 6   137.220    15.065    32.312
 6     0.951     0.297    -0.082
 6     0.137    -0.644    -0.752
 6    -0.277     0.704    -0.653
 7   112.804   -22.337     3.043
 7     0.740     0.523     0.423
 7    -0.638     0.745     0.195
 7    -0.213    -0.414     0.885
 8   114.698   -19.773    27.643
 8     0.419    -0.373     0.828
 8    -0.021    -0.916    -0.401
 8     0.907     0.151    -0.392
 9   135.032   -37.939    36.002
 9     0.853    -0.376     0.361
 9    -0.515    -0.495     0.700
 9    -0.084    -0.783    -0.616
 2    96.206   -22.694    60.085
 2    -0.015    -1.000    -0.013
 2     0.980    -0.017     0.199
 2    -0.200    -0.009     0.980
 3   125.048    -2.893     6.824
 3     0.692    -0.329    -0.642
 3     0.286     0.942    -0.174
 3     0.662    -0.064     0.746
 4   109.488    11.031     3.043
 4     0.560    -0.802     0.206
 4     0.828     0.547    -0.120
 4    -0.017     0.238     0.971
 5   117.339    12.494    30.553
 5     0.562     0.386     0.731
 5     0.148    -0.917     0.370
 5     0.814    -0.100    -0.572
 6   136.963    15.229    32.318
 6     0.951     0.295    -0.088
 6     0.144    -0.678    -0.721
 6    -0.273     0.673    -0.688
 7   112.759   -22.285     3.089
 7     0.739     0.525     0.422
 7    -0.640     0.743     0.195
 7    -0.211    -0.414     0.885
 8   114.749   -19.674    27.696
 8     0.420    -0.378     0.825
 8    -0.023    -0.913    -0.407
 8     0.907     0.152    -0.392
 9   134.923   -38.071    35.953
 9     0.848    -0.389     0.359
 9    -0.521    -0.496     0.694
 9    -0.092    -0.776    -0.624
 2    96.206   -22.694    60.085
 2    -0.015    -1.000    -0.013
 2     0.979    -0.017     0.200
 2    -0.200    -0.009     0.980
 3   125.048    -2.894     6.850
 3     0.693    -0.328    -0.642
 3     0.286     0.942    -0.172
 3     0.662    -0.065     0.747
 4   109.474    11.026     2.958
 4     0.558    -0.803     0.210
 4     0.829     0.547    -0.115
 4    -0.023     0.238     0.971
 5   117.275    12.448    30.484
 5     0.556     0.391     0.733
 5     0.151    -0.915     0.374
 5     0.817    -0.098    -0.568
 6   136.970    14.705    32.154
 6     0.953     0.285    -0.097
 6     0.140    -0.703    -0.697
 6    -0.267     0.651    -0.711
 7   112.709   -22.286     3.090
 7     0.738     0.526     0.422
 7    -0.641     0.742     0.194
 7    -0.211    -0.414     0.885
 8   114.750   -19.677    27.647
 8     0.420    -0.384     0.822
 8    -0.026    -0.911    -0.412
 8     0.907     0.152    -0.393
 9   134.802   -38.173    35.912
 9     0.844    -0.399     0.359
 9    -0.528    -0.500     0.686
 9    -0.094    -0.769    -0.632
 2    96.206   -22.694    60.085
 2    -0.015    -1.000    -0.012
 2     0.979    -0.017     0.199
 2    -0.200    -0.009     0.980
 3   124.971    -2.869     6.778
 3     0.693    -0.326    -0.643
 3     0.287     0.943    -0.169
 3     0.661    -0.067     0.747
 4   109.469    11.024     2.964
 4     0.558    -0.802     0.211
 4     0.829     0.547    -0.113
 4    -0.025     0.238     0.971
 5   117.304    12.424    30.479
 5     0.555     0.391     0.734
 5     0.151    -0.915     0.374
 5     0.818    -0.097    -0.567
 6   136.965    14.772    32.130
 6     0.952     0.288    -0.097
 6     0.137    -0.690    -0.710
 6    -0.272     0.663    -0.697
 7   112.658   -22.288     3.094
 7     0.736     0.528     0.423
 7    -0.643     0.741     0.193
 7    -0.212    -0.415     0.885
 8   114.702   -19.659    27.700
 8     0.419    -0.399     0.816
 8    -0.034    -0.905    -0.425
 8     0.907     0.150    -0.393
 9   134.457   -38.382    35.830
 9     0.831    -0.417     0.368
 9    -0.547    -0.497     0.673
 9    -0.098    -0.761    -0.641
 2    96.206   -22.745    60.085
 2    -0.014    -1.000    -0.012
 2     0.980    -0.016     0.199
 2    -0.200    -0.009     0.980
 3   124.970    -2.896     6.784
 3     0.694    -0.323    -0.643
 3     0.286     0.944    -0.165
 3     0.660    -0.070     0.747
 4   109.416    11.074     2.967
 4     0.557    -0.803     0.211
 4     0.830     0.546    -0.112
 4    -0.026     0.237     0.971
 5   117.230    12.425    30.473
 5     0.553     0.397     0.732
 5     0.153    -0.912     0.380
 5     0.819    -0.098    -0.565
 6   136.915    14.773    32.130
 6     0.952     0.290    -0.096
 6     0.138    -0.690    -0.711
 6    -0.272     0.664    -0.697
 7   112.634   -22.290     3.046
 7     0.732     0.533     0.424
 7    -0.648     0.738     0.190
 7    -0.212    -0.414     0.885
 8   114.587   -19.567    27.594
 8     0.416    -0.417     0.808
 8    -0.045    -0.897    -0.440
 8     0.908     0.147    -0.392
 9   133.619   -38.961    35.574
 9     0.807    -0.445     0.388
 9    -0.580    -0.474     0.662
 9    -0.110    -0.760    -0.641
 2    96.206   -22.744    60.085
 2    -0.015    -1.000    -0.012
 2     0.980    -0.017     0.199
 2    -0.200    -0.009     0.980
 3   124.921    -2.896     6.734
 3     0.695    -0.320    -0.644
 3     0.285     0.944    -0.162
 3     0.660    -0.071     0.748
 4   109.414    11.074     2.970
 4     0.556    -0.804     0.210
 4     0.830     0.546    -0.110
 4    -0.027     0.236     0.971
 5   117.138    12.324    30.405
 5     0.548     0.406     0.731
 5     0.153    -0.908     0.389
 5     0.822    -0.102    -0.560
 6   136.869    14.878    32.075
 6     0.952     0.292    -0.090
 6     0.143    -0.685    -0.714
 6    -0.270     0.667    -0.694
 7   112.491   -22.290     3.089
 7     0.729     0.538     0.422
 7    -0.652     0.734     0.189
 7    -0.209    -0.413     0.886
 8   114.640   -19.503    27.701
 8     0.415    -0.442     0.795
 8    -0.057    -0.885    -0.462
 8     0.908     0.146    -0.393
 9   133.087   -39.524    35.011
 9     0.775    -0.490     0.399
 9    -0.617    -0.449     0.647
 9    -0.137    -0.747    -0.650
 2    96.206   -22.694    60.085
 2    -0.015    -1.000    -0.013
 2     0.979    -0.017     0.200
 2    -0.200    -0.010     0.980
 3   124.865    -2.874     6.665
 3     0.697    -0.318    -0.642
 3     0.284     0.945    -0.160
 3     0.658    -0.071     0.750
 4   109.359    11.123     2.975
 4     0.555    -0.804     0.212
 4     0.831     0.545    -0.108
 4    -0.029     0.236     0.971
 5   117.070    12.326    30.388
 5     0.544     0.414     0.729
 5     0.154    -0.904     0.399
 5     0.825    -0.105    -0.556
 6   136.829    15.065    32.281
 6     0.953     0.291    -0.083
 6     0.149    -0.689    -0.709
 6    -0.264     0.664    -0.700
 7   112.469   -22.214     3.036
 7     0.727     0.540     0.423
 7    -0.654     0.733     0.188
 7    -0.208    -0.413     0.886
 8   114.589   -19.415    27.615
 8     0.415    -0.464     0.782
 8    -0.067    -0.873    -0.483
 8     0.907     0.148    -0.393
 9   132.735   -40.008    34.788
 9     0.745    -0.543     0.387
 9    -0.650    -0.462     0.604
 9    -0.149    -0.702    -0.697
 2    96.206   -22.744    60.085
 2    -0.015    -1.000    -0.013
 2     0.979    -0.017     0.199
 2    -0.200    -0.010     0.980
 3   124.834    -2.775     6.674
 3     0.699    -0.317    -0.640
 3     0.284     0.945    -0.158
 3     0.656    -0.072     0.751
 4   109.276    11.172     2.932
 4     0.553    -0.805     0.214
 4     0.832     0.543    -0.106
 4    -0.032     0.237     0.971
 5   116.970    12.275    30.382
 5     0.541     0.423     0.726
 5     0.155    -0.899     0.409
 5     0.826    -0.109    -0.552
 6   136.712    15.203    32.305
 6     0.953     0.292    -0.077
 6     0.157    -0.696    -0.701
 6    -0.258     0.656    -0.709
 7   112.371   -22.166     2.988
 7     0.723     0.545     0.424
 7    -0.659     0.729     0.185
 7    -0.208    -0.414     0.886
 8   114.637   -19.377    27.607
 8     0.417    -0.486     0.768
 8    -0.075    -0.861    -0.503
 8     0.906     0.152    -0.395
 9   132.501   -40.247    34.516
 9     0.723    -0.587     0.363
 9    -0.669    -0.465     0.580
 9    -0.172    -0.663    -0.729
 2    96.206   -22.744    60.085
 2    -0.015    -1.000    -0.013
 2     0.979    -0.017     0.200
 2    -0.200    -0.010     0.980
 3   124.767    -2.781     6.546
 3     0.704    -0.315    -0.636
 3     0.285     0.946    -0.152
 3     0.650    -0.075     0.756
 4   109.163    11.167     2.919
 4     0.552    -0.804     0.221
 4     0.833     0.543    -0.103
 4    -0.037     0.241     0.970
 5   117.020    12.276    30.382
 5     0.541     0.424     0.726
 5     0.156    -0.899     0.409
 5     0.826    -0.108    -0.553
 6   136.710    15.151    32.308
 6     0.953     0.292    -0.077
 6     0.157    -0.696    -0.701
 6    -0.259     0.656    -0.709
 7   112.072   -22.248     3.153
 7     0.714     0.551     0.431
 7    -0.667     0.722     0.183
 7    -0.210    -0.419     0.883
 8   114.586   -19.214    27.652
 8     0.416    -0.511     0.751
 8    -0.084    -0.845    -0.528
 8     0.905     0.157    -0.395
 9   132.014   -40.424    34.182
 9     0.702    -0.635     0.321
 9    -0.686    -0.483     0.545
 9    -0.191    -0.603    -0.774
 2    96.206   -22.694    60.034
 2    -0.015    -1.000    -0.012
 2     0.979    -0.017     0.199
 2    -0.200    -0.009     0.980
 3   124.576    -2.889     6.494
 3     0.709    -0.311    -0.633
 3     0.285     0.947    -0.146
 3     0.644    -0.078     0.760
 4   108.968    11.007     2.892
 4     0.552    -0.802     0.227
 4     0.832     0.545    -0.098
 4    -0.046     0.243     0.969
 5   116.939    12.327    30.316
 5     0.544     0.421     0.725
 5     0.159    -0.901     0.404
 5     0.824    -0.105    -0.557
 6   136.644    15.093    31.995
 6     0.951     0.298    -0.082
 6     0.158    -0.695    -0.701
 6    -0.266     0.654    -0.708
 7   111.763   -22.359     3.181
 7     0.707     0.552     0.442
 7    -0.673     0.717     0.182
 7    -0.217    -0.426     0.878
 8   114.532   -19.221    27.662
 8     0.417    -0.520     0.745
 8    -0.089    -0.839    -0.536
 8     0.904     0.158    -0.396
 9   131.934   -40.607    33.972
 9     0.694    -0.644     0.321
 9    -0.693    -0.476     0.542
 9    -0.196    -0.599    -0.776
 2    96.206   -22.694    60.085
 2    -0.015    -1.000    -0.012
 2     0.979    -0.017     0.199
 2    -0.200    -0.009     0.980
 3   124.392    -2.919     6.404
 3     0.713    -0.309    -0.630
 3     0.285     0.948    -0.142
 3     0.641    -0.078     0.763
 4   108.835    11.004     2.849
 4     0.552    -0.801     0.231
 4     0.832     0.545    -0.096
 4    -0.049     0.245     0.968
 5   116.882    12.326    30.276
 5     0.546     0.421     0.724
 5     0.161    -0.901     0.403
 5     0.822    -0.104    -0.560
 6   136.584    15.090    31.928
 6     0.949     0.302    -0.084
 6     0.159    -0.696    -0.701
 6    -0.270     0.652    -0.708
 7   111.763   -22.359     3.181
 7     0.707     0.551     0.442
 7    -0.673     0.717     0.182
 7    -0.217    -0.427     0.878
 8   114.538   -19.218    27.657
 8     0.416    -0.521     0.744
 8    -0.087    -0.838    -0.538
 8     0.905     0.159    -0.394
 9   131.893   -40.731    34.114
 9     0.692    -0.644     0.326
 9    -0.696    -0.476     0.538
 9    -0.192    -0.599    -0.777
 2    96.206   -22.694    60.085
 2    -0.015    -1.000    -0.012
 2     0.979    -0.017     0.199
 2    -0.200    -0.009     0.980
 3   124.392    -2.918     6.404
 3     0.712    -0.309    -0.630
 3     0.285     0.948    -0.141
 3     0.641    -0.079     0.763
 4   108.886    10.979     2.849
 4     0.552    -0.801     0.229
 4     0.832     0.546    -0.096
 4    -0.049     0.244     0.968
 5   116.883    12.326    30.225
 5     0.546     0.421     0.724
 5     0.160    -0.901     0.403
 5     0.822    -0.104    -0.560
 6   136.516    15.147    31.913
 6     0.950     0.302    -0.080
 6     0.163    -0.697    -0.698
 6    -0.266     0.650    -0.712
 7   111.839   -22.358     3.176
 7     0.708     0.551     0.440
 7    -0.672     0.718     0.181
 7    -0.216    -0.424     0.879
 8   114.544   -19.268    27.648
 8     0.414    -0.524     0.744
