% Calibrated with leiden_pols
% Positions are in centimeters
Data =[
 2    96.256   -22.744    60.085
 2    -0.015    -1.000    -0.012
 2     0.980    -0.017     0.199
 2    -0.200    -0.009     0.980
 3   126.511    -4.413     8.736
 3     0.602    -0.298    -0.741
 3     0.274     0.948    -0.159
 3     0.750    -0.108     0.652
 4   112.208    10.290     3.359
 4     0.625    -0.750     0.218
 4     0.781     0.601    -0.170
 4    -0.004     0.276     0.961
 5   117.643    18.142    28.972
 5     0.578    -0.226     0.783
 5     0.087    -0.938    -0.335
 5     0.811     0.262    -0.523
 6   138.161     3.608    34.401
 6     0.600     0.166    -0.782
 6    -0.798     0.186    -0.573
 6     0.050     0.968     0.244
 7   113.866   -23.188     3.935
 7     0.756     0.519     0.397
 7    -0.628     0.746     0.220
 7    -0.182    -0.416     0.891
 8   119.775   -25.245    30.389
 8     0.604     0.227     0.763
 8     0.033    -0.965     0.261
 8     0.796    -0.133    -0.591
 9   139.421   -10.812    31.105
 9     0.589    -0.485    -0.646
 9     0.804     0.430     0.411
 9     0.079    -0.762     0.643
 2    96.256   -22.744    60.085
 2    -0.015    -1.000    -0.012
 2     0.980    -0.017     0.199
 2    -0.200    -0.009     0.980
 3   126.461    -4.413     8.787
 3     0.601    -0.298    -0.741
 3     0.274     0.948    -0.159
 3     0.750    -0.108     0.652
 4   112.206    10.238     3.362
 4     0.625    -0.749     0.217
 4     0.780     0.602    -0.169
 4    -0.005     0.275     0.961
 5   117.639    18.141    28.951
 5     0.579    -0.226     0.783
 5     0.087    -0.938    -0.334
 5     0.810     0.262    -0.524
 6   138.159     3.634    34.403
 6     0.602     0.167    -0.781
 6    -0.797     0.186    -0.575
 6     0.049     0.968     0.245
 7   113.866   -23.188     3.935
 7     0.756     0.519     0.397
 7    -0.628     0.746     0.220
 7    -0.182    -0.416     0.891
 8   119.823   -25.296    30.440
 8     0.604     0.228     0.763
 8     0.033    -0.964     0.262
 8     0.796    -0.134    -0.590
 9   139.416   -10.763    31.110
 9     0.589    -0.487    -0.645
 9     0.804     0.429     0.410
 9     0.077    -0.760     0.645
 2    96.256   -22.694    60.085
 2    -0.015    -1.000    -0.012
 2     0.980    -0.017     0.199
 2    -0.200    -0.009     0.980
 3   126.439    -4.412     8.782
 3     0.601    -0.299    -0.741
 3     0.274     0.948    -0.160
 3     0.751    -0.108     0.651
 4   112.207    10.238     3.388
 4     0.625    -0.750     0.216
 4     0.780     0.602    -0.167
 4    -0.005     0.273     0.962
 5   117.594    18.091    28.971
 5     0.578    -0.226     0.784
 5     0.086    -0.938    -0.334
 5     0.811     0.261    -0.523
 6   138.107     3.633    34.355
 6     0.603     0.168    -0.779
 6    -0.796     0.186    -0.576
 6     0.048     0.968     0.246
 7   113.866   -23.188     3.936
 7     0.756     0.520     0.397
 7    -0.629     0.746     0.220
 7    -0.182    -0.416     0.891
 8   119.723   -25.296    30.439
 8     0.604     0.229     0.763
 8     0.033    -0.964     0.263
 8     0.796    -0.134    -0.590
 9   139.414   -10.763    31.113
 9     0.589    -0.488    -0.644
 9     0.804     0.429     0.411
 9     0.076    -0.761     0.645
 2    96.206   -22.694    60.085
 2    -0.015    -1.000    -0.012
 2     0.980    -0.017     0.199
 2    -0.200    -0.009     0.980
 3   126.389    -4.361     8.833
 3     0.600    -0.300    -0.741
 3     0.275     0.948    -0.161
 3     0.751    -0.108     0.651
 4   112.207    10.238     3.389
 4     0.625    -0.750     0.216
 4     0.780     0.603    -0.167
 4    -0.005     0.272     0.962
 5   117.593    18.092    28.971
 5     0.578    -0.225     0.784
 5     0.087    -0.939    -0.334
 5     0.811     0.261    -0.523
 6   138.157     3.634    34.355
 6     0.604     0.169    -0.779
 6    -0.796     0.187    -0.576
 6     0.048     0.968     0.247
 7   113.868   -23.238     3.933
 7     0.756     0.520     0.397
 7    -0.629     0.745     0.220
 7    -0.181    -0.416     0.891
 8   119.723   -25.296    30.490
 8     0.604     0.229     0.763
 8     0.033    -0.964     0.263
 8     0.796    -0.134    -0.590
 9   139.414   -10.815    31.224
 9     0.589    -0.481    -0.649
 9     0.804     0.423     0.417
 9     0.074    -0.768     0.636
 2    96.206   -22.694    60.085
 2    -0.015    -1.000    -0.012
 2     0.980    -0.017     0.199
 2    -0.200    -0.009     0.980
 3   126.439    -4.412     8.884
 3     0.600    -0.300    -0.742
 3     0.275     0.948    -0.161
 3     0.751    -0.108     0.651
 4   112.207    10.187     3.389
 4     0.625    -0.750     0.215
 4     0.780     0.603    -0.167
 4    -0.005     0.272     0.962
 5   117.593    18.041    28.970
 5     0.578    -0.225     0.784
 5     0.087    -0.939    -0.333
 5     0.811     0.261    -0.523
 6   138.157     3.608    34.406
 6     0.603     0.169    -0.779
 6    -0.796     0.187    -0.576
 6     0.048     0.967     0.247
 7   113.871   -23.237     3.981
 7     0.756     0.520     0.396
 7    -0.629     0.745     0.222
 7    -0.180    -0.417     0.891
 8   119.723   -25.296    30.439
 8     0.604     0.229     0.763
 8     0.033    -0.964     0.263
 8     0.796    -0.134    -0.590
 9   139.367   -10.763    31.226
 9     0.589    -0.476    -0.653
 9     0.804     0.419     0.420
 9     0.074    -0.773     0.630
 2    96.206   -22.745    60.085
 2    -0.014    -1.000    -0.012
 2     0.980    -0.017     0.199
 2    -0.200    -0.009     0.980
 3   126.389    -4.437     8.832
 3     0.600    -0.300    -0.741
 3     0.276     0.948    -0.161
 3     0.751    -0.108     0.651
 4   112.206    10.186     3.392
 4     0.626    -0.750     0.214
 4     0.780     0.604    -0.165
 4    -0.006     0.270     0.963
 5   117.542    17.992    28.889
 5     0.578    -0.220     0.786
 5     0.086    -0.941    -0.327
 5     0.811     0.256    -0.525
 6   138.155     3.685    34.357
 6     0.606     0.169    -0.777
 6    -0.794     0.187    -0.579
 6     0.047     0.968     0.248
 7   113.869   -23.237     3.980
 7     0.756     0.521     0.395
 7    -0.629     0.746     0.219
 7    -0.180    -0.414     0.892
 8   119.610   -25.007    30.564
 8     0.603     0.218     0.767
 8     0.042    -0.969     0.243
 8     0.796    -0.114    -0.594
 9   139.407   -10.820    31.193
 9     0.595    -0.475    -0.648
 9     0.801     0.418     0.428
 9     0.068    -0.774     0.630
 2    96.206   -22.694    60.085
 2    -0.015    -1.000    -0.012
 2     0.979    -0.017     0.199
 2    -0.200    -0.009     0.980
 3   126.385    -4.412     8.837
 3     0.600    -0.301    -0.741
 3     0.276     0.947    -0.161
 3     0.750    -0.108     0.652
 4   112.204    10.184     3.375
 4     0.627    -0.750     0.212
 4     0.779     0.605    -0.161
 4    -0.008     0.266     0.964
 5   117.436    17.394    28.964
 5     0.573    -0.203     0.793
 5     0.073    -0.952    -0.296
 5     0.816     0.227    -0.531
 6   138.233     3.831    34.034
 6     0.631     0.190    -0.752
 6    -0.775     0.186    -0.603
 6     0.025     0.964     0.264
 7   113.815   -23.237     3.972
 7     0.759     0.523     0.388
 7    -0.626     0.750     0.213
 7    -0.179    -0.404     0.897
 8   119.370   -24.406    30.722
 8     0.599     0.190     0.777
 8     0.051    -0.979     0.199
 8     0.799    -0.079    -0.596
 9   139.560   -11.204    30.881
 9     0.621    -0.468    -0.629
 9     0.783     0.408     0.469
 9     0.037    -0.784     0.620
 2    96.206   -22.745    60.085
 2    -0.014    -1.000    -0.012
 2     0.980    -0.017     0.199
 2    -0.200    -0.009     0.980
 3   126.385    -4.438     8.888
 3     0.600    -0.299    -0.742
 3     0.276     0.948    -0.159
 3     0.750    -0.109     0.651
 4   112.206    10.183     3.376
 4     0.628    -0.750     0.209
 4     0.778     0.607    -0.159
 4    -0.008     0.262     0.965
 5   117.390    17.167    28.950
 5     0.573    -0.197     0.796
 5     0.067    -0.956    -0.285
 5     0.817     0.217    -0.534
