% Calibrated with leiden_pols
% Positions are in centimeters
Data =[
 2    96.256   -22.744    60.085
 2    -0.015    -1.000    -0.012
 2     0.980    -0.017     0.199
 2    -0.200    -0.009     0.980
 3   126.511    -4.413     8.736
 3     0.602    -0.298    -0.741
 3     0.274     0.948    -0.159
 3     0.750    -0.108     0.652
 4   112.208    10.290     3.359
 4     0.625    -0.750     0.218
 4     0.781     0.601    -0.170
 4    -0.004     0.276     0.961
 5   117.643    18.142    28.972
 5     0.578    -0.226     0.783
 5     0.087    -0.938    -0.335
 5     0.811     0.262    -0.523
 6   138.161     3.608    34.401
 6     0.600     0.166    -0.782
 6    -0.798     0.186    -0.573
 6     0.050     0.968     0.244
 7   113.866   -23.188     3.935
 7     0.756     0.519     0.397
 7    -0.628     0.746     0.220
 7    -0.182    -0.416     0.891
 8   119.775   -25.245    30.389
 8     0.604     0.227     0.763
 8     0.033    -0.965     0.261
 8     0.796    -0.133    -0.591
 9   139.421   -10.812    31.105
 9     0.589    -0.485    -0.646
 9     0.804     0.430     0.411
 9     0.079    -0.762     0.643
 2    96.256   -22.744    60.085
 2    -0.015    -1.000    -0.012
 2     0.980    -0.017     0.199
 2    -0.200    -0.009     0.980
 3   126.461    -4.413     8.787
 3     0.601    -0.298    -0.741
 3     0.274     0.948    -0.159
 3     0.750    -0.108     0.652
 4   112.206    10.238     3.362
 4     0.625    -0.749     0.217
 4     0.780     0.602    -0.169
 4    -0.005     0.275     0.961
 5   117.639    18.141    28.951
 5     0.579    -0.226     0.783
 5     0.087    -0.938    -0.334
 5     0.810     0.262    -0.524
 6   138.159     3.634    34.403
 6     0.602     0.167    -0.781
 6    -0.797     0.186    -0.575
 6     0.049     0.968     0.245
 7   113.866   -23.188     3.935
 7     0.756     0.519     0.397
 7    -0.628     0.746     0.220
 7    -0.182    -0.416     0.891
 8   119.823   -25.296    30.440
 8     0.604     0.228     0.763
 8     0.033    -0.964     0.262
 8     0.796    -0.134    -0.590
 9   139.416   -10.763    31.110
 9     0.589    -0.487    -0.645
 9     0.804     0.429     0.410
 9     0.077    -0.760     0.645
 2    96.256   -22.694    60.085
 2    -0.015    -1.000    -0.012
 2     0.980    -0.017     0.199
 2    -0.200    -0.009     0.980
 3   126.439    -4.412     8.782
 3     0.601    -0.299    -0.741
 3     0.274     0.948    -0.160
 3     0.751    -0.108     0.651
 4   112.207    10.238     3.388
 4     0.625    -0.750     0.216
 4     0.780     0.602    -0.167
 4    -0.005     0.273     0.962
 5   117.594    18.091    28.971
 5     0.578    -0.226     0.784
 5     0.086    -0.938    -0.334
 5     0.811     0.261    -0.523
 6   138.107     3.633    34.355
 6     0.603     0.168    -0.779
 6    -0.796     0.186    -0.576
 6     0.048     0.968     0.246
 7   113.866   -23.188     3.936
 7     0.756     0.520     0.397
 7    -0.629     0.746     0.220
 7    -0.182    -0.416     0.891
 8   119.723   -25.296    30.439
 8     0.604     0.229     0.763
 8     0.033    -0.964     0.263
 8     0.796    -0.134    -0.590
 9   139.414   -10.763    31.113
 9     0.589    -0.488    -0.644
 9     0.804     0.429     0.411
 9     0.076    -0.761     0.645
 2    96.206   -22.694    60.085
 2    -0.015    -1.000    -0.012
 2     0.980    -0.017     0.199
 2    -0.200    -0.009     0.980
 3   126.389    -4.361     8.833
 3     0.600    -0.300    -0.741
 3     0.275     0.948    -0.161
 3     0.751    -0.108     0.651
 4   112.207    10.238     3.389
 4     0.625    -0.750     0.216
 4     0.780     0.603    -0.167
 4    -0.005     0.272     0.962
 5   117.593    18.092    28.971
 5     0.578    -0.225     0.784
 5     0.087    -0.939    -0.334
 5     0.811     0.261    -0.523
 6   138.157     3.634    34.355
 6     0.604     0.169    -0.779
 6    -0.796     0.187    -0.576
 6     0.048     0.968     0.247
 7   113.868   -23.238     3.933
 7     0.756     0.520     0.397
 7    -0.629     0.745     0.220
 7    -0.181    -0.416     0.891
 8   119.723   -25.296    30.490
 8     0.604     0.229     0.763
 8     0.033    -0.964     0.263
 8     0.796    -0.134    -0.590
 9   139.414   -10.815    31.224
 9     0.589    -0.481    -0.649
 9     0.804     0.423     0.417
 9     0.074    -0.768     0.636
 2    96.206   -22.694    60.085
 2    -0.015    -1.000    -0.012
 2     0.980    -0.017     0.199
 2    -0.200    -0.009     0.980
 3   126.439    -4.412     8.884
 3     0.600    -0.300    -0.742
 3     0.275     0.948    -0.161
 3     0.751    -0.108     0.651
 4   112.207    10.187     3.389
 4     0.625    -0.750     0.215
 4     0.780     0.603    -0.167
 4    -0.005     0.272     0.962
 5   117.593    18.041    28.970
 5     0.578    -0.225     0.784
 5     0.087    -0.939    -0.333
 5     0.811     0.261    -0.523
 6   138.157     3.608    34.406
 6     0.603     0.169    -0.779
 6    -0.796     0.187    -0.576
 6     0.048     0.967     0.247
 7   113.871   -23.237     3.981
 7     0.756     0.520     0.396
 7    -0.629     0.745     0.222
 7    -0.180    -0.417     0.891
 8   119.723   -25.296    30.439
 8     0.604     0.229     0.763
 8     0.033    -0.964     0.263
 8     0.796    -0.134    -0.590
 9   139.367   -10.763    31.226
 9     0.589    -0.476    -0.653
 9     0.804     0.419     0.420
 9     0.074    -0.773     0.630
 2    96.206   -22.745    60.085
 2    -0.014    -1.000    -0.012
 2     0.980    -0.017     0.199
 2    -0.200    -0.009     0.980
 3   126.389    -4.437     8.832
 3     0.600    -0.300    -0.741
 3     0.276     0.948    -0.161
 3     0.751    -0.108     0.651
 4   112.206    10.186     3.392
 4     0.626    -0.750     0.214
 4     0.780     0.604    -0.165
 4    -0.006     0.270     0.963
 5   117.542    17.992    28.889
 5     0.578    -0.220     0.786
 5     0.086    -0.941    -0.327
 5     0.811     0.256    -0.525
 6   138.155     3.685    34.357
 6     0.606     0.169    -0.777
 6    -0.794     0.187    -0.579
 6     0.047     0.968     0.248
 7   113.869   -23.237     3.980
 7     0.756     0.521     0.395
 7    -0.629     0.746     0.219
 7    -0.180    -0.414     0.892
 8   119.610   -25.007    30.564
 8     0.603     0.218     0.767
 8     0.042    -0.969     0.243
 8     0.796    -0.114    -0.594
 9   139.407   -10.820    31.193
 9     0.595    -0.475    -0.648
 9     0.801     0.418     0.428
 9     0.068    -0.774     0.630
 2    96.206   -22.694    60.085
 2    -0.015    -1.000    -0.012
 2     0.979    -0.017     0.199
 2    -0.200    -0.009     0.980
 3   126.385    -4.412     8.837
 3     0.600    -0.301    -0.741
 3     0.276     0.947    -0.161
 3     0.750    -0.108     0.652
 4   112.204    10.184     3.375
 4     0.627    -0.750     0.212
 4     0.779     0.605    -0.161
 4    -0.008     0.266     0.964
 5   117.436    17.394    28.964
 5     0.573    -0.203     0.793
 5     0.073    -0.952    -0.296
 5     0.816     0.227    -0.531
 6   138.233     3.831    34.034
 6     0.631     0.190    -0.752
 6    -0.775     0.186    -0.603
 6     0.025     0.964     0.264
 7   113.815   -23.237     3.972
 7     0.759     0.523     0.388
 7    -0.626     0.750     0.213
 7    -0.179    -0.404     0.897
 8   119.370   -24.406    30.722
 8     0.599     0.190     0.777
 8     0.051    -0.979     0.199
 8     0.799    -0.079    -0.596
 9   139.560   -11.204    30.881
 9     0.621    -0.468    -0.629
 9     0.783     0.408     0.469
 9     0.037    -0.784     0.620
 2    96.206   -22.745    60.085
 2    -0.014    -1.000    -0.012
 2     0.980    -0.017     0.199
 2    -0.200    -0.009     0.980
 3   126.385    -4.438     8.888
 3     0.600    -0.299    -0.742
 3     0.276     0.948    -0.159
 3     0.750    -0.109     0.651
 4   112.206    10.183     3.376
 4     0.628    -0.750     0.209
 4     0.778     0.607    -0.159
 4    -0.008     0.262     0.965
 5   117.390    17.167    28.950
 5     0.573    -0.197     0.796
 5     0.067    -0.956    -0.285
 5     0.817     0.217    -0.534
 6   138.422     3.952    33.877
 6     0.648     0.207    -0.733
 6    -0.761     0.186    -0.621
 6     0.008     0.960     0.278
 7   113.793   -23.261     3.990
 7     0.759     0.526     0.383
 7    -0.626     0.750     0.211
 7    -0.177    -0.401     0.899
 8   119.202   -24.091    30.831
 8     0.595     0.155     0.788
 8     0.050    -0.986     0.157
 8     0.802    -0.054    -0.595
 9   139.860   -11.811    31.059
 9     0.650    -0.449    -0.614
 9     0.760     0.398     0.513
 9     0.014    -0.800     0.600
 2    96.206   -22.694    60.085
 2    -0.015    -1.000    -0.012
 2     0.980    -0.017     0.199
 2    -0.200    -0.009     0.980
 3   126.339    -4.436     8.910
 3     0.599    -0.299    -0.742
 3     0.277     0.947    -0.158
 3     0.751    -0.111     0.651
 4   112.209    10.185     3.375
 4     0.626    -0.752     0.204
 4     0.780     0.606    -0.156
 4    -0.007     0.257     0.966
 5   117.264    16.766    29.022
 5     0.572    -0.179     0.800
 5     0.058    -0.965    -0.257
 5     0.818     0.193    -0.542
 6   138.474     4.660    33.643
 6     0.694     0.227    -0.683
 6    -0.719     0.188    -0.669
 6    -0.023     0.955     0.294
 7   113.798   -23.258     3.980
 7     0.760     0.526     0.381
 7    -0.626     0.750     0.212
 7    -0.174    -0.400     0.900
 8   119.116   -23.834    30.876
 8     0.593     0.140     0.793
 8     0.048    -0.989     0.139
 8     0.803    -0.044    -0.594
 9   139.921   -12.233    31.177
 9     0.673    -0.440    -0.595
 9     0.740     0.402     0.539
 9     0.001    -0.803     0.596
 2    96.206   -22.694    60.085
 2    -0.015    -1.000    -0.013
 2     0.979    -0.017     0.199
 2    -0.200    -0.009     0.979
 3   126.336    -4.411     8.915
 3     0.600    -0.300    -0.742
 3     0.279     0.947    -0.157
 3     0.750    -0.113     0.652
 4   112.163    10.136     3.375
 4     0.624    -0.755     0.200
 4     0.781     0.605    -0.152
 4    -0.006     0.251     0.968
 5   117.192    16.464    29.078
 5     0.571    -0.170     0.803
 5     0.050    -0.969    -0.241
 5     0.819     0.177    -0.545
 6   138.632     4.952    33.359
 6     0.717     0.245    -0.652
 6    -0.695     0.182    -0.696
 6    -0.052     0.952     0.301
 7   113.826   -23.258     4.029
 7     0.759     0.527     0.380
 7    -0.627     0.749     0.212
 7    -0.173    -0.400     0.900
 8   119.005   -23.679    30.865
 8     0.592     0.127     0.796
 8     0.045    -0.991     0.125
 8     0.805    -0.038    -0.593
 9   139.930   -12.640    31.116
 9     0.699    -0.447    -0.559
 9     0.715     0.412     0.564
 9    -0.022    -0.794     0.607
 2    96.256   -22.694    60.085
 2    -0.015    -1.000    -0.013
 2     0.979    -0.017     0.199
 2    -0.200    -0.009     0.979
 3   126.333    -4.412     8.920
 3     0.601    -0.300    -0.741
 3     0.280     0.947    -0.156
 3     0.749    -0.114     0.653
 4   112.136    10.135     3.379
 4     0.622    -0.757     0.198
 4     0.782     0.604    -0.149
 4    -0.007     0.247     0.969
 5   117.045    16.239    29.063
 5     0.570    -0.163     0.805
 5     0.046    -0.972    -0.230
 5     0.820     0.167    -0.547
 6   138.374     5.345    33.077
 6     0.745     0.257    -0.616
 6    -0.662     0.168    -0.730
 6    -0.085     0.951     0.295
 7   113.828   -23.256     4.025
 7     0.760     0.527     0.380
 7    -0.626     0.750     0.213
 7    -0.172    -0.400     0.900
 8   118.878   -23.598    30.900
 8     0.587     0.104     0.802
 8     0.039    -0.994     0.100
 8     0.808    -0.028    -0.588
 9   140.011   -12.999    30.960
 9     0.724    -0.452    -0.521
 9     0.687     0.422     0.591
 9    -0.047    -0.786     0.616
 2    96.206   -22.694    60.085
 2    -0.015    -1.000    -0.012
 2     0.980    -0.017     0.199
 2    -0.200    -0.009     0.980
 3   126.275    -4.414     8.852
 3     0.602    -0.301    -0.739
 3     0.281     0.947    -0.156
 3     0.747    -0.114     0.655
 4   112.036    10.137     3.329
 4     0.618    -0.761     0.195
 4     0.786     0.601    -0.145
 4    -0.007     0.243     0.970
 5   116.918    15.885    29.152
 5     0.571    -0.152     0.806
 5     0.040    -0.976    -0.213
 5     0.820     0.154    -0.551
 6   138.658     6.094    32.845
 6     0.780     0.255    -0.572
 6    -0.613     0.127    -0.780
 6    -0.126     0.958     0.255
 7   113.831   -23.256     4.023
 7     0.760     0.527     0.379
 7    -0.627     0.749     0.214
 7    -0.171    -0.401     0.900
 8   118.626   -23.186    30.939
 8     0.579     0.058     0.813
 8     0.024    -0.998     0.054
 8     0.815    -0.012    -0.580
 9   140.375   -14.233    30.766
 9     0.773    -0.432    -0.466
 9     0.629     0.427     0.649
 9    -0.081    -0.795     0.602
 2    96.206   -22.694    60.085
 2    -0.015    -1.000    -0.012
 2     0.980    -0.017     0.199
 2    -0.200    -0.009     0.980
 3   126.368    -4.314     8.913
 3     0.603    -0.302    -0.738
 3     0.284     0.946    -0.155
 3     0.745    -0.116     0.656
 4   111.984    10.137     3.333
 4     0.614    -0.765     0.192
 4     0.789     0.598    -0.140
 4    -0.008     0.237     0.971
 5   116.908    15.782    29.155
 5     0.574    -0.145     0.805
 5     0.040    -0.978    -0.204
 5     0.818     0.149    -0.556
 6   138.629     6.929    32.822
 6     0.813     0.236    -0.531
 6    -0.560     0.073    -0.825
 6    -0.156     0.969     0.192
 7   113.839   -23.252     4.062
 7     0.761     0.528     0.376
 7    -0.627     0.748     0.217
 7    -0.167    -0.401     0.900
 8   116.298   -22.801    28.974
 8     0.572     0.018     0.820
 8     0.012    -1.000     0.013
 8     0.820     0.002    -0.573
 9   140.494   -15.890    30.567
 9     0.818    -0.391    -0.421
 9     0.564     0.408     0.717
 9    -0.109    -0.825     0.555
 2    96.206   -22.745    60.085
 2    -0.014    -1.000    -0.012
 2     0.980    -0.017     0.199
 2    -0.200    -0.009     0.980
 3   126.315    -4.366     8.867
 3     0.605    -0.301    -0.737
 3     0.284     0.946    -0.153
 3     0.744    -0.117     0.658
 4   111.965    10.115     3.381
 4     0.611    -0.770     0.184
 4     0.792     0.595    -0.135
 4    -0.006     0.229     0.973
 5   116.792    15.654    29.188
 5     0.578    -0.133     0.805
 5     0.042    -0.980    -0.192
 5     0.815     0.144    -0.561
 6   139.039     8.013    32.507
 6     0.845     0.219    -0.487
 6    -0.496    -0.012    -0.868
 6    -0.197     0.975     0.099
 7   113.844   -23.225     4.056
 7     0.761     0.528     0.375
 7    -0.627     0.748     0.219
 7    -0.165    -0.402     0.901
 8   116.131   -22.584    29.026
 8     0.564    -0.033     0.825
 8    -0.003    -0.999    -0.038
 8     0.825     0.019    -0.564
 9   140.846   -18.134    30.537
 9     0.866    -0.347    -0.360
 9     0.479     0.376     0.792
 9    -0.140    -0.859     0.492
 2    96.206   -22.694    60.085
 2    -0.015    -1.000    -0.012
 2     0.979    -0.017     0.199
 2    -0.200    -0.009     0.980
 3   126.301    -4.268     8.783
 3     0.608    -0.303    -0.734
 3     0.287     0.946    -0.152
 3     0.740    -0.119     0.661
 4   111.740    10.116     3.338
 4     0.604    -0.777     0.176
 4     0.796     0.591    -0.126
 4    -0.007     0.216     0.976
 5   116.737    15.246    29.206
 5     0.585    -0.112     0.803
 5     0.046    -0.984    -0.171
 5     0.809     0.137    -0.571
 6   138.898     9.258    32.170
 6     0.878     0.210    -0.430
 6    -0.417    -0.104    -0.903
 6    -0.235     0.972    -0.004
 7   113.849   -23.223     4.051
 7     0.761     0.528     0.375
 7    -0.628     0.746     0.222
 7    -0.163    -0.405     0.900
 8   115.942   -22.282    29.119
 8     0.556    -0.069     0.828
 8    -0.008    -0.997    -0.078
 8     0.831     0.036    -0.556
 9   141.024   -20.918    30.083
 9     0.910    -0.307    -0.279
 9     0.373     0.317     0.871
 9    -0.179    -0.897     0.403
 2    96.206   -22.694    60.085
 2    -0.015    -1.000    -0.012
 2     0.979    -0.017     0.199
 2    -0.200    -0.009     0.980
 3   126.283    -4.248     8.678
 3     0.612    -0.305    -0.730
 3     0.291     0.945    -0.150
 3     0.735    -0.121     0.667
 4   111.566    10.143     3.213
 4     0.599    -0.782     0.171
 4     0.801     0.587    -0.120
 4    -0.007     0.208     0.978
 5   116.659    15.115    29.150
 5     0.593    -0.096     0.799
 5     0.050    -0.987    -0.155
 5     0.803     0.132    -0.580
 6   138.852    10.100    31.864
 6     0.900     0.206    -0.384
 6    -0.346    -0.197    -0.917
 6    -0.265     0.958    -0.106
 7   113.778   -23.222     4.100
 7     0.761     0.528     0.377
 7    -0.628     0.745     0.225
 7    -0.162    -0.408     0.898
 8   115.903   -21.936    29.132
 8     0.555    -0.097     0.826
 8    -0.013    -0.994    -0.108
 8     0.832     0.049    -0.553
 9   140.998   -22.599    30.133
 9     0.933    -0.290    -0.213
 9     0.296     0.285     0.911
 9    -0.204    -0.913     0.352
 2    96.206   -22.694    60.085
 2    -0.015    -1.000    -0.012
 2     0.979    -0.017     0.199
 2    -0.200    -0.009     0.980
 3   126.182    -4.103     8.581
 3     0.619    -0.307    -0.723
 3     0.295     0.944    -0.149
 3     0.728    -0.121     0.674
 4   111.341    10.196     3.165
 4     0.591    -0.790     0.163
 4     0.806     0.580    -0.111
 4    -0.007     0.197     0.980
 5   116.504    14.895    29.230
 5     0.599    -0.054     0.799
 5     0.065    -0.991    -0.115
 5     0.798     0.121    -0.590
 6   138.668    11.048    31.635
 6     0.917     0.219    -0.333
 6    -0.272    -0.268    -0.924
 6    -0.292     0.938    -0.187
 7   113.733   -23.170     4.099
 7     0.760     0.527     0.379
 7    -0.629     0.743     0.228
 7    -0.161    -0.412     0.897
 8   115.765   -21.712    29.150
 8     0.545    -0.138     0.826
 8    -0.020    -0.988    -0.151
 8     0.838     0.065    -0.542
 9   140.488   -25.174    29.969
 9     0.955    -0.272    -0.117
 9     0.186     0.246     0.951
 9    -0.230    -0.930     0.285
 2    96.206   -22.694    60.034
 2    -0.015    -1.000    -0.012
 2     0.979    -0.017     0.200
 2    -0.200    -0.009     0.980
 3   126.107    -4.035     8.458
 3     0.626    -0.310    -0.716
 3     0.297     0.943    -0.149
 3     0.721    -0.119     0.682
 4   111.043    10.148     3.068
 4     0.581    -0.800     0.151
 4     0.814     0.572    -0.100
 4    -0.007     0.181     0.983
 5   116.212    14.555    29.268
 5     0.599    -0.005     0.801
 5     0.083    -0.994    -0.069
 5     0.796     0.108    -0.595
 6   138.514    12.546    31.371
 6     0.933     0.240    -0.266
 6    -0.175    -0.341    -0.924
 6    -0.312     0.909    -0.276
 7   113.686   -23.169     4.123
 7     0.760     0.527     0.380
 7    -0.630     0.742     0.231
 7    -0.160    -0.415     0.896
 8   115.631   -21.560    29.184
 8     0.533    -0.172     0.828
 8    -0.025    -0.982    -0.188
 8     0.845     0.079    -0.528
 9   140.183   -27.610    30.287
 9     0.966    -0.255    -0.026
 9     0.075     0.189     0.979
 9    -0.245    -0.948     0.202
 2    96.206   -22.694    60.085
 2    -0.015    -1.000    -0.012
 2     0.979    -0.017     0.200
 2    -0.200    -0.009     0.980
 3   125.993    -3.937     8.449
 3     0.630    -0.313    -0.711
 3     0.299     0.942    -0.149
 3     0.717    -0.119     0.687
 4   111.010    10.259     3.143
 4     0.575    -0.804     0.148
 4     0.818     0.566    -0.106
 4     0.002     0.182     0.983
 5   116.095    14.518    29.342
 5     0.594     0.018     0.804
 5     0.089    -0.995    -0.044
 5     0.799     0.098    -0.593
 6   138.317    13.218    31.812
 6     0.945     0.233    -0.229
 6    -0.121    -0.400    -0.908
 6    -0.303     0.886    -0.349
 7   113.690   -23.118     4.171
 7     0.760     0.526     0.380
 7    -0.630     0.741     0.234
 7    -0.159    -0.417     0.895
 8   115.511   -21.349    29.197
 8     0.516    -0.200     0.832
 8    -0.028    -0.976    -0.217
 8     0.855     0.089    -0.510
 9   139.444   -29.681    30.628
 9     0.968    -0.246     0.057
 9    -0.027     0.125     0.992
 9    -0.251    -0.961     0.115
 2    96.206   -22.694    60.085
 2    -0.015    -1.000    -0.012
 2     0.979    -0.017     0.200
 2    -0.200    -0.009     0.980
 3   125.985    -3.864     8.406
 3     0.632    -0.315    -0.708
 3     0.299     0.942    -0.151
 3     0.715    -0.117     0.689
 4   110.928    10.317     3.166
 4     0.574    -0.805     0.148
 4     0.818     0.562    -0.117
 4     0.011     0.188     0.982
 5   115.936    14.458    29.247
 5     0.588     0.043     0.808
 5     0.091    -0.996    -0.013
 5     0.804     0.081    -0.589
 6   138.156    13.422    32.018
 6     0.951     0.223    -0.214
 6    -0.093    -0.454    -0.886
 6    -0.295     0.863    -0.411
 7   113.668   -23.066     4.118
 7     0.760     0.527     0.380
 7    -0.631     0.739     0.235
 7    -0.158    -0.419     0.894
 8   115.389   -21.168    29.055
 8     0.502    -0.233     0.833
 8    -0.039    -0.968    -0.247
 8     0.864     0.091    -0.495
 9   138.740   -31.521    30.894
 9     0.963    -0.233     0.135
 9    -0.110     0.119     0.987
 9    -0.246    -0.965     0.089
 2    96.206   -22.694    60.085
 2    -0.015    -1.000    -0.012
 2     0.979    -0.017     0.199
 2    -0.200    -0.009     0.980
 3   126.023    -3.715     8.290
 3     0.635    -0.318    -0.704
 3     0.299     0.941    -0.155
 3     0.712    -0.112     0.693
 4   110.915    10.400     3.169
 4     0.571    -0.807     0.148
 4     0.820     0.557    -0.125
 4     0.018     0.193     0.981
 5   115.774    14.296    29.338
 5     0.582     0.070     0.810
 5     0.095    -0.995     0.017
 5     0.808     0.067    -0.586
 6   137.931    14.071    32.459
 6     0.957     0.229    -0.177
 6    -0.035    -0.513    -0.857
 6    -0.287     0.827    -0.483
 7   113.693   -23.040     4.118
 7     0.760     0.526     0.381
 7    -0.630     0.740     0.235
 7    -0.158    -0.419     0.894
 8   115.391   -20.935    29.009
 8     0.485    -0.260     0.834
 8    -0.051    -0.962    -0.269
 8     0.873     0.088    -0.480
 9   138.141   -33.232    31.079
 9     0.952    -0.222     0.208
 9    -0.189     0.106     0.976
 9    -0.239    -0.969     0.059
 2    96.206   -22.694    60.085
 2    -0.015    -1.000    -0.012
 2     0.979    -0.017     0.200
 2    -0.200    -0.009     0.980
 3   125.903    -3.544     8.129
 3     0.641    -0.324    -0.696
 3     0.299     0.940    -0.162
 3     0.707    -0.104     0.699
 4   110.596    10.533     3.201
 4     0.566    -0.810     0.152
 4     0.824     0.551    -0.133
 4     0.023     0.201     0.979
 5   115.548    14.129    29.365
 5     0.579     0.095     0.809
 5     0.098    -0.994     0.047
 5     0.809     0.052    -0.585
 6   137.583    14.632    32.467
 6     0.959     0.239    -0.151
 6     0.009    -0.558    -0.830
 6    -0.283     0.794    -0.538
 7   113.690   -22.940     4.099
 7     0.760     0.524     0.383
 7    -0.629     0.740     0.236
 7    -0.160    -0.421     0.893
 8   115.423   -20.811    28.907
 8     0.474    -0.286     0.833
 8    -0.063    -0.954    -0.291
 8     0.878     0.085    -0.471
 9   137.344   -34.839    31.272
 9     0.935    -0.221     0.276
 9    -0.265     0.077     0.961
 9    -0.234    -0.972     0.014
 2    96.206   -22.694    60.085
 2    -0.015    -1.000    -0.012
 2     0.979    -0.017     0.199
 2    -0.200    -0.009     0.980
 3   125.755    -3.374     7.973
 3     0.648    -0.329    -0.687
 3     0.298     0.939    -0.168
 3     0.701    -0.096     0.706
 4   110.418    10.583     3.199
 4     0.566    -0.809     0.158
 4     0.824     0.550    -0.137
 4     0.023     0.207     0.978
 5   115.496    14.081    29.410
 5     0.579     0.103     0.808
 5     0.099    -0.993     0.056
 5     0.809     0.048    -0.586
 6   137.705    14.695    32.386
 6     0.958     0.248    -0.146
 6     0.032    -0.594    -0.804
 6    -0.286     0.765    -0.577
 7   113.551   -22.770     3.948
 7     0.758     0.520     0.392
 7    -0.630     0.740     0.235
 7    -0.168    -0.426     0.889
 8   115.394   -20.664    28.846
 8     0.467    -0.308     0.829
 8    -0.072    -0.948    -0.312
 8     0.881     0.086    -0.465
 9   136.447   -36.011    31.624
 9     0.916    -0.232     0.327
 9    -0.328     0.035     0.944
 9    -0.231    -0.972    -0.044
 2    96.206   -22.694    60.085
 2    -0.015    -1.000    -0.012
 2     0.979    -0.017     0.199
 2    -0.200    -0.009     0.980
 3   125.605    -3.358     7.822
 3     0.656    -0.331    -0.678
 3     0.297     0.939    -0.170
 3     0.694    -0.090     0.714
 4   110.160    10.631     3.201
 4     0.566    -0.808     0.167
 4     0.824     0.549    -0.139
 4     0.021     0.216     0.976
 5   115.482    14.029    29.370
 5     0.582     0.112     0.805
 5     0.103    -0.993     0.064
 5     0.806     0.046    -0.589
 6   137.568    14.741    31.926
 6     0.953     0.269    -0.139
 6     0.051    -0.596    -0.801
 6    -0.299     0.756    -0.582
 7   113.371   -22.697     3.912
 7     0.756     0.518     0.399
 7    -0.631     0.738     0.237
 7    -0.172    -0.432     0.885
 8   115.339   -20.538    28.784
 8     0.462    -0.324     0.826
 8    -0.077    -0.942    -0.327
 8     0.884     0.088    -0.460
 9   136.051   -36.564    31.990
 9     0.901    -0.250     0.354
 9    -0.370    -0.017     0.929
 9    -0.226    -0.968    -0.108
 2    96.206   -22.694    60.085
 2    -0.015    -1.000    -0.012
 2     0.979    -0.017     0.199
 2    -0.200    -0.009     0.980
 3   125.449    -3.267     7.628
 3     0.664    -0.333    -0.669
 3     0.298     0.939    -0.171
 3     0.685    -0.086     0.723
 4   110.052    10.579     3.156
 4     0.564    -0.807     0.172
 4     0.825     0.547    -0.139
 4     0.018     0.220     0.975
 5   115.396    13.955    29.275
 5     0.583     0.124     0.802
 5     0.110    -0.991     0.073
 5     0.804     0.046    -0.592
 6   137.475    14.936    31.988
 6     0.951     0.281    -0.127
 6     0.080    -0.622    -0.779
 6    -0.298     0.731    -0.614
 7   113.243   -22.701     3.821
 7     0.754     0.517     0.405
 7    -0.633     0.736     0.238
 7    -0.175    -0.436     0.882
 8   115.304   -20.314    28.704
 8     0.455    -0.343     0.821
 8    -0.081    -0.935    -0.345
 8     0.886     0.091    -0.453
 9   135.663   -37.026    31.850
 9     0.891    -0.256     0.374
 9    -0.393    -0.024     0.919
 9    -0.227    -0.966    -0.122
 2    96.206   -22.694    60.085
 2    -0.015    -1.000    -0.012
 2     0.979    -0.017     0.200
 2    -0.200    -0.009     0.980
 3   125.326    -3.224     7.478
 3     0.671    -0.334    -0.662
 3     0.298     0.939    -0.171
 3     0.678    -0.083     0.729
 4   109.791    10.679     3.137
 4     0.559    -0.810     0.177
 4     0.829     0.542    -0.137
 4     0.015     0.224     0.974
 5   115.239    13.859    29.247
 5     0.583     0.141     0.800
 5     0.117    -0.989     0.089
 5     0.803     0.042    -0.594
 6   137.304    15.086    31.779
 6     0.948     0.295    -0.117
 6     0.113    -0.659    -0.744
 6    -0.296     0.692    -0.658
 7   113.060   -22.605     3.763
 7     0.750     0.518     0.411
 7    -0.636     0.734     0.236
 7    -0.180    -0.439     0.880
 8   115.239   -20.196    28.655
 8     0.452    -0.368     0.813
 8    -0.090    -0.925    -0.369
 8     0.887     0.093    -0.451
 9   134.873   -38.203    32.036
 9     0.864    -0.280     0.419
 9    -0.449    -0.050     0.892
 9    -0.229    -0.959    -0.168
 2    96.206   -22.694    60.085
 2    -0.015    -1.000    -0.012
 2     0.979    -0.017     0.200
 2    -0.200    -0.009     0.980
 3   125.124    -3.108     7.279
 3     0.680    -0.335    -0.652
 3     0.297     0.939    -0.172
 3     0.670    -0.077     0.738
 4   109.602    10.852     3.149
 4     0.558    -0.809     0.184
 4     0.830     0.541    -0.136
 4     0.010     0.228     0.973
 5   115.213    13.861    29.242
 5     0.583     0.146     0.798
 5     0.118    -0.989     0.095
 5     0.803     0.038    -0.594
 6   137.362    15.240    31.876
 6     0.951     0.287    -0.116
 6     0.127    -0.702    -0.701
 6    -0.283     0.652    -0.704
 7   112.773   -22.437     3.686
 7     0.744     0.520     0.418
 7    -0.641     0.732     0.230
 7    -0.187    -0.440     0.878
 8   115.186   -20.156    28.616
 8     0.452    -0.383     0.805
 8    -0.099    -0.919    -0.382
 8     0.886     0.093    -0.453
 9   134.266   -38.769    31.909
 9     0.842    -0.314     0.438
 9    -0.483    -0.080     0.872
 9    -0.239    -0.946    -0.219
 2    96.206   -22.694    60.085
 2    -0.015    -1.000    -0.012
 2     0.979    -0.017     0.199
 2    -0.200    -0.009     0.980
 3   125.030    -3.039     7.175
 3     0.687    -0.334    -0.646
 3     0.296     0.939    -0.171
 3     0.664    -0.074     0.744
 4   109.441    10.874     3.107
 4     0.557    -0.808     0.190
 4     0.830     0.541    -0.135
 4     0.006     0.233     0.972
 5   115.158    13.861    29.195
 5     0.585     0.149     0.797
 5     0.120    -0.988     0.097
 5     0.802     0.038    -0.596
 6   137.146    15.360    31.827
 6     0.951     0.287    -0.109
 6     0.139    -0.720    -0.680
 6    -0.274     0.632    -0.725
 7   112.721   -22.490     3.639
 7     0.742     0.521     0.420
 7    -0.643     0.730     0.229
 7    -0.188    -0.441     0.878
 8   115.207   -20.078    28.528
 8     0.447    -0.399     0.801
 8    -0.100    -0.912    -0.398
 8     0.889     0.097    -0.447
 9   134.057   -38.920    32.041
 9     0.835    -0.324     0.444
 9    -0.495    -0.094     0.863
 9    -0.238    -0.942    -0.239
 2    96.206   -22.694    60.085
 2    -0.015    -1.000    -0.012
 2     0.979    -0.017     0.199
 2    -0.200    -0.009     0.980
 3   125.039    -2.992     7.043
 3     0.689    -0.335    -0.642
 3     0.300     0.939    -0.168
 3     0.659    -0.077     0.747
 4   109.475    10.845     2.945
 4     0.551    -0.811     0.194
 4     0.834     0.536    -0.128
 4    -0.000     0.233     0.972
 5   115.061    13.917    29.088
 5     0.582     0.158     0.797
 5     0.126    -0.986     0.104
 5     0.803     0.040    -0.595
 6   137.164    15.561    31.948
 6     0.953     0.286    -0.098
 6     0.153    -0.735    -0.661
 6    -0.261     0.615    -0.744
 7   112.778   -22.488     3.631
 7     0.741     0.524     0.419
 7    -0.645     0.728     0.230
 7    -0.185    -0.441     0.878
 8   115.204   -19.898    28.577
 8     0.432    -0.429     0.793
 8    -0.102    -0.897    -0.429
 8     0.896     0.104    -0.431
 9   133.620   -39.347    32.438
 9     0.821    -0.334     0.462
 9    -0.522    -0.113     0.845
 9    -0.230    -0.936    -0.267
 2    96.206   -22.694    60.085
 2    -0.014    -1.000    -0.012
 2     0.979    -0.017     0.200
 2    -0.200    -0.009     0.980
 3   125.086    -2.890     6.971
 3     0.689    -0.337    -0.642
 3     0.304     0.938    -0.166
 3     0.658    -0.081     0.748
 4   109.523    10.795     2.898
 4     0.549    -0.813     0.193
 4     0.835     0.535    -0.125
 4    -0.001     0.230     0.973
 5   115.049    13.873    29.047
 5     0.578     0.162     0.800
 5     0.128    -0.986     0.108
 5     0.806     0.040    -0.591
 6   137.166    15.512    31.994
 6     0.953     0.286    -0.097
 6     0.154    -0.736    -0.659
 6    -0.260     0.614    -0.746
 7   112.833   -22.489     3.627
 7     0.737     0.530     0.418
 7    -0.651     0.725     0.226
 7    -0.183    -0.439     0.879
 8   115.052   -19.805    28.492
 8     0.423    -0.457     0.782
 8    -0.112    -0.883    -0.456
 8     0.899     0.106    -0.425
 9   133.004   -39.701    32.634
 9     0.803    -0.362     0.473
 9    -0.550    -0.144     0.823
 9    -0.230    -0.921    -0.314
 2    96.206   -22.745    60.085
 2    -0.014    -1.000    -0.012
 2     0.980    -0.016     0.199
 2    -0.200    -0.009     0.980
 3   125.087    -2.941     6.972
 3     0.689    -0.336    -0.642
 3     0.304     0.938    -0.165
 3     0.658    -0.082     0.748
 4   109.523    10.846     2.898
 4     0.548    -0.814     0.192
 4     0.836     0.534    -0.125
 4    -0.001     0.229     0.973
 5   114.965    13.831    29.047
 5     0.573     0.168     0.802
 5     0.127    -0.985     0.116
 5     0.810     0.035    -0.586
 6   137.099    15.495    32.100
 6     0.953     0.287    -0.092
 6     0.160    -0.740    -0.653
 6    -0.255     0.608    -0.752
 7   112.779   -22.443     3.609
 7     0.733     0.536     0.419
 7    -0.655     0.723     0.221
 7    -0.185    -0.437     0.880
 8   114.999   -19.735    28.426
 8     0.414    -0.481     0.773
 8    -0.122    -0.871    -0.476
 8     0.902     0.103    -0.419
 9   132.561   -40.064    32.476
 9     0.786    -0.374     0.491
 9    -0.572    -0.141     0.808
 9    -0.233    -0.917    -0.324
 2    96.206   -22.744    60.085
 2    -0.015    -1.000    -0.012
 2     0.979    -0.017     0.199
 2    -0.200    -0.009     0.980
 3   125.087    -2.891     6.921
 3     0.689    -0.336    -0.642
 3     0.303     0.938    -0.165
 3     0.658    -0.082     0.748
 4   109.419    10.922     2.901
 4     0.543    -0.818     0.192
 4     0.839     0.529    -0.121
 4    -0.002     0.227     0.974
 5   114.810    13.717    29.010
 5     0.565     0.182     0.804
 5     0.126    -0.983     0.134
 5     0.815     0.025    -0.579
 6   136.876    15.588    32.216
 6     0.952     0.296    -0.080
 6     0.179    -0.749    -0.638
 6    -0.249     0.593    -0.766
 7   112.726   -22.369     3.562
 7     0.730     0.539     0.419
 7    -0.657     0.722     0.217
 7    -0.186    -0.434     0.882
 8   114.957   -19.588    28.423
 8     0.410    -0.495     0.766
 8    -0.128    -0.863    -0.489
 8     0.903     0.102    -0.417
 9   132.009   -40.465    32.704
 9     0.760    -0.416     0.498
 9    -0.606    -0.180     0.775
 9    -0.233    -0.891    -0.389
 2    96.206   -22.744    60.085
 2    -0.015    -1.000    -0.012
 2     0.979    -0.017     0.199
 2    -0.200    -0.009     0.980
 3   125.033    -2.816     6.874
 3     0.690    -0.336    -0.641
 3     0.303     0.938    -0.165
 3     0.657    -0.081     0.749
 4   109.340    10.973     2.903
 4     0.541    -0.818     0.194
 4     0.841     0.528    -0.121
 4    -0.003     0.228     0.973
 5   114.764    13.720    29.001
 5     0.564     0.186     0.804
 5     0.125    -0.982     0.140
 5     0.816     0.021    -0.578
 6   136.753    15.644    32.204
 6     0.952     0.296    -0.079
 6     0.182    -0.754    -0.631
 6    -0.247     0.586    -0.771
 7   112.523   -22.223     3.443
 7     0.725     0.544     0.422
 7    -0.663     0.718     0.211
 7    -0.188    -0.433     0.882
 8   114.904   -19.522    28.359
 8     0.410    -0.509     0.757
 8    -0.135    -0.854    -0.502
 8     0.902     0.103    -0.419
 9   131.688   -40.864    32.737
 9     0.729    -0.471     0.496
 9    -0.642    -0.222     0.734
 9    -0.235    -0.854    -0.464
 2    96.206   -22.694    60.085
 2    -0.015    -1.000    -0.012
 2     0.979    -0.017     0.200
 2    -0.200    -0.009     0.980
 3   124.900    -2.693     6.759
 3     0.693    -0.332    -0.639
 3     0.302     0.939    -0.160
 3     0.654    -0.082     0.752
 4   109.285    11.022     2.959
 4     0.541    -0.818     0.196
 4     0.841     0.527    -0.121
 4    -0.005     0.230     0.973
 5   114.698    13.723    28.963
 5     0.561     0.189     0.806
 5     0.124    -0.982     0.144
 5     0.818     0.019    -0.575
 6   136.664    15.474    32.256
 6     0.953     0.291    -0.078
 6     0.182    -0.761    -0.623
 6    -0.241     0.579    -0.779
 7   112.379   -22.224     3.440
 7     0.720     0.550     0.422
 7    -0.668     0.714     0.209
 7    -0.186    -0.433     0.882
 8   114.807   -19.528    28.393
 8     0.408    -0.523     0.748
 8    -0.138    -0.845    -0.516
 8     0.902     0.107    -0.417
 9   131.281   -41.093    32.755
 9     0.714    -0.493     0.497
 9    -0.659    -0.233     0.715
 9    -0.237    -0.838    -0.491
 2    96.206   -22.694    60.085
 2    -0.015    -1.000    -0.012
 2     0.979    -0.017     0.199
 2    -0.200    -0.009     0.980
 3   124.843    -2.697     6.695
 3     0.697    -0.328    -0.638
 3     0.301     0.941    -0.154
 3     0.651    -0.084     0.754
 4   109.194    11.041     2.877
 4     0.540    -0.818     0.199
 4     0.841     0.528    -0.114
 4    -0.012     0.229     0.973
 5   114.499    13.610    28.773
 5     0.552     0.198     0.809
 5     0.124    -0.980     0.156
 5     0.824     0.014    -0.566
 6   136.504    15.431    32.335
 6     0.955     0.287    -0.074
 6     0.183    -0.765    -0.617
 6    -0.234     0.576    -0.783
 7   112.213   -22.274     3.507
 7     0.716     0.557     0.420
 7    -0.673     0.709     0.208
 7    -0.182    -0.432     0.883
 8   114.816   -19.430    28.396
 8     0.407    -0.536     0.740
 8    -0.140    -0.837    -0.529
 8     0.903     0.112    -0.415
 9   130.706   -41.536    32.665
 9     0.692    -0.514     0.507
 9    -0.679    -0.225     0.699
 9    -0.245    -0.828    -0.504
 2    96.206   -22.694    60.085
 2    -0.014    -1.000    -0.012
 2     0.979    -0.016     0.200
 2    -0.200    -0.009     0.980
 3   124.764    -2.700     6.654
 3     0.699    -0.324    -0.638
 3     0.301     0.942    -0.148
 3     0.649    -0.089     0.755
 4   109.131    11.011     2.818
 4     0.540    -0.818     0.201
 4     0.842     0.529    -0.109
 4    -0.018     0.228     0.973
 5   114.443    13.567    28.725
 5     0.547     0.203     0.812
 5     0.124    -0.979     0.161
 5     0.828     0.013    -0.561
 6   136.447    15.340    32.483
 6     0.957     0.282    -0.068
 6     0.184    -0.771    -0.610
 6    -0.225     0.571    -0.789
 7   111.987   -22.321     3.578
 7     0.710     0.570     0.412
 7    -0.683     0.701     0.207
 7    -0.171    -0.428     0.887
 8   114.696   -19.308    28.462
 8     0.407    -0.553     0.727
 8    -0.138    -0.824    -0.550
 8     0.903     0.123    -0.412
 9   129.668   -42.240    32.657
 9     0.647    -0.541     0.538
 9    -0.720    -0.200     0.664
 9    -0.251    -0.817    -0.519
 2    96.206   -22.744    60.085
 2    -0.015    -1.000    -0.012
 2     0.979    -0.017     0.199
 2    -0.200    -0.009     0.980
 3   124.647    -2.910     6.635
 3     0.704    -0.315    -0.636
 3     0.302     0.944    -0.133
 3     0.642    -0.099     0.760
 4   109.173    10.851     2.711
 4     0.546    -0.813     0.199
 4     0.837     0.537    -0.102
 4    -0.024     0.222     0.974
 5   114.348    13.569    28.671
 5     0.545     0.202     0.814
 5     0.125    -0.979     0.159
 5     0.829     0.015    -0.559
 6   136.365    15.038    32.419
 6     0.960     0.271    -0.069
 6     0.174    -0.773    -0.610
 6    -0.219     0.573    -0.790
 7   111.725   -22.542     3.706
 7     0.700     0.591     0.399
 7    -0.697     0.687     0.205
 7    -0.153    -0.422     0.893
 8   114.631   -19.271    28.623
 8     0.411    -0.570     0.711
 8    -0.142    -0.811    -0.568
 8     0.900     0.132    -0.414
 9   128.700   -42.921    32.383
 9     0.594    -0.588     0.548
 9    -0.758    -0.183     0.626
 9    -0.268    -0.788    -0.555
 2    96.207   -22.694    60.085
 2    -0.014    -1.000    -0.013
 2     0.979    -0.017     0.200
 2    -0.200    -0.010     0.980
 3   124.644    -3.244     6.650
 3     0.709    -0.303    -0.637
 3     0.299     0.947    -0.118
 3     0.639    -0.107     0.761
 4   109.338    10.665     2.632
 4     0.556    -0.807     0.198
 4     0.830     0.549    -0.096
 4    -0.031     0.218     0.975
 5   114.319    13.575    28.426
 5     0.538     0.197     0.819
 5     0.125    -0.980     0.154
 5     0.833     0.020    -0.552
 6   136.508    14.509    32.753
 6     0.967     0.246    -0.069
 6     0.152    -0.772    -0.617
 6    -0.205     0.585    -0.784
 7   111.686   -22.667     3.748
 7     0.696     0.596     0.399
 7    -0.702     0.682     0.206
 7    -0.149    -0.424     0.893
 8   114.602   -19.328    28.610
 8     0.412    -0.580     0.703
