2 	  44.17	  -0.79	   4.80
	 -0.025	 -0.501	 -0.865
	  0.010	 -0.865	  0.501
	 -1.000	  0.004	  0.027

3 	  42.35	  -0.72	   1.69
	  0.450	  0.194	  0.871
	 -0.151	  0.978	 -0.140
	 -0.880	 -0.069	  0.470

4 	  38.06	   7.14	  -3.02
	  0.480	  0.839	  0.254
	 -0.854	  0.381	  0.354
	  0.200	 -0.387	  0.900

5 	  41.10	   8.19	  10.48
	  0.650	  0.106	  0.752
	 -0.243	 -0.909	  0.339
	  0.719	 -0.403	 -0.565

6 	  52.15	   4.85	  12.38
	  0.766	 -0.531	  0.362
	  0.213	  0.741	  0.636
	 -0.606	 -0.411	  0.681

7 	  38.48	  -8.65	  -2.88
	  0.315	 -0.874	  0.370
	  0.948	  0.306	 -0.084
	 -0.040	  0.378	  0.925

8 	  40.92	  -9.70	  10.27
	  0.648	 -0.035	  0.761
	  0.167	 -0.968	 -0.187
	  0.743	  0.248	 -0.622

9 	  52.05	  -6.59	  13.27
	  0.800	  0.498	  0.334
	  0.044	  0.507	 -0.861
	 -0.599	  0.703	  0.384

2 	  44.09	  -1.05	   4.76
	 -0.163	 -0.547	 -0.821
	 -0.141	 -0.811	  0.568
	 -0.976	  0.208	  0.055

3 	  42.31	  -0.72	   1.69
	  0.451	  0.195	  0.871
	 -0.153	  0.978	 -0.140
	 -0.879	 -0.070	  0.471

4 	  38.04	   7.14	  -3.02
	  0.479	  0.839	  0.255
	 -0.854	  0.380	  0.355
	  0.201	 -0.388	  0.899

5 	  41.10	   8.17	  10.48
	  0.651	  0.105	  0.752
	 -0.245	 -0.908	  0.339
	  0.719	 -0.405	 -0.566

6 	  52.15	   4.90	  12.39
	  0.767	 -0.530	  0.362
	  0.211	  0.741	  0.636
	 -0.606	 -0.412	  0.680

7 	  38.48	  -8.67	  -2.87
	  0.314	 -0.874	  0.371
	  0.948	  0.305	 -0.084
	 -0.040	  0.378	  0.924

8 	  40.90	  -9.70	  10.27
	  0.648	 -0.035	  0.761
	  0.168	 -0.968	 -0.187
	  0.743	  0.248	 -0.621

9 	  52.03	  -6.56	  13.25
	  0.799	  0.499	  0.334
	  0.043	  0.507	 -0.861
	 -0.599	  0.702	  0.384

2 	  44.07	  -0.69	   4.66
	 -0.103	 -0.434	 -0.895
	  0.126	 -0.898	  0.421
	 -0.987	 -0.069	  0.147

3 	  42.31	  -0.72	   1.69
	  0.450	  0.196	  0.871
	 -0.154	  0.978	 -0.140
	 -0.879	 -0.071	  0.470

4 	  38.04	   7.15	  -3.02
	  0.479	  0.839	  0.256
	 -0.854	  0.379	  0.356
	  0.202	 -0.390	  0.898

5 	  41.08	   8.17	  10.49
	  0.650	  0.106	  0.752
	 -0.243	 -0.909	  0.337
	  0.719	 -0.402	 -0.566

6 	  52.15	   4.89	  12.38
	  0.768	 -0.530	  0.360
	  0.212	  0.740	  0.638
	 -0.605	 -0.413	  0.680

7 	  38.46	  -8.61	  -2.88
	  0.316	 -0.873	  0.370
	  0.948	  0.307	 -0.084
	 -0.040	  0.378	  0.925

8 	  40.90	  -9.67	  10.27
	  0.648	 -0.034	  0.761
	  0.168	 -0.968	 -0.187
	  0.743	  0.249	 -0.621

9 	  52.05	  -6.56	  13.25
	  0.799	  0.499	  0.334
	  0.042	  0.508	 -0.860
	 -0.599	  0.702	  0.385

2 	  43.96	  -0.60	   4.48
	 -0.259	 -0.373	 -0.891
	  0.214	 -0.922	  0.323
	 -0.942	 -0.107	  0.318

3 	  42.29	  -0.74	   1.71
	  0.446	  0.196	  0.873
	 -0.156	  0.978	 -0.140
	 -0.881	 -0.074	  0.466

4 	  38.02	   7.14	  -3.02
	  0.479	  0.839	  0.256
	 -0.854	  0.379	  0.356
	  0.202	 -0.390	  0.898

5 	  41.10	   8.17	  10.49
	  0.651	  0.105	  0.752
	 -0.243	 -0.909	  0.338
	  0.719	 -0.403	 -0.566

6 	  52.17	   4.87	  12.38
	  0.767	 -0.530	  0.361
	  0.211	  0.740	  0.638
	 -0.606	 -0.414	  0.679

7 	  38.46	  -8.63	  -2.88
	  0.316	 -0.873	  0.371
	  0.948	  0.307	 -0.085
	 -0.040	  0.379	  0.924

8 	  40.90	  -9.69	  10.28
	  0.648	 -0.034	  0.761
	  0.168	 -0.968	 -0.186
	  0.743	  0.249	 -0.622

9 	  52.05	  -6.59	  13.22
	  0.800	  0.499	  0.332
	  0.041	  0.507	 -0.861
	 -0.598	  0.702	  0.385

2 	  44.12	  -0.76	   4.87
	  0.018	 -0.624	 -0.781
	 -0.001	 -0.781	  0.624
	 -1.000	 -0.011	 -0.015

3 	  42.29	  -0.74	   1.69
	  0.450	  0.197	  0.871
	 -0.156	  0.978	 -0.140
	 -0.879	 -0.073	  0.471

4 	  38.02	   7.14	  -3.02
	  0.479	  0.839	  0.256
	 -0.854	  0.378	  0.357
	  0.203	 -0.390	  0.898

5 	  41.08	   8.17	  10.48
	  0.651	  0.106	  0.752
	 -0.242	 -0.910	  0.337
	  0.719	 -0.401	 -0.567

6 	  52.15	   4.89	  12.36
	  0.768	 -0.529	  0.360
	  0.210	  0.740	  0.639
	 -0.605	 -0.415	  0.679

7 	  38.46	  -8.65	  -2.87
	  0.315	 -0.873	  0.371
	  0.948	  0.307	 -0.085
	 -0.040	  0.378	  0.924

8 	  40.89	  -9.69	  10.28
	  0.648	 -0.035	  0.761
	  0.167	 -0.968	 -0.187
	  0.743	  0.248	 -0.622

9 	  52.03	  -6.57	  13.25
	  0.800	  0.499	  0.333
	  0.042	  0.507	 -0.861
	 -0.599	  0.702	  0.385

2 	  42.12	  -0.16	  -1.93
	 -0.118	 -0.502	 -0.856
	  0.213	 -0.855	  0.472
	 -0.970	 -0.127	  0.208

3 	  42.35	  -0.79	   1.65
	  0.445	  0.194	  0.874
	 -0.142	  0.979	 -0.145
	 -0.884	 -0.059	  0.463

4 	  38.00	   7.07	  -3.09
	  0.484	  0.839	  0.247
	 -0.850	  0.384	  0.359
	  0.206	 -0.385	  0.900

5 	  41.12	   8.16	  10.41
	  0.652	  0.107	  0.750
	 -0.244	 -0.907	  0.342
	  0.718	 -0.406	 -0.566

6 	  52.15	   4.87	  12.39
	  0.764	 -0.530	  0.366
	  0.210	  0.742	  0.636
	 -0.610	 -0.410	  0.678

7 	  38.43	  -8.72	  -2.83
	  0.315	 -0.872	  0.375
	  0.948	  0.303	 -0.092
	 -0.033	  0.384	  0.922

8 	  40.90	  -9.70	  10.32
	  0.648	 -0.032	  0.761
	  0.165	 -0.969	 -0.181
	  0.743	  0.243	 -0.623

9 	  52.05	  -6.57	  13.25
	  0.801	  0.500	  0.330
	  0.043	  0.501	 -0.865
	 -0.598	  0.706	  0.379

2 	  42.03	  -0.53	  -1.92
	 -0.283	 -0.630	 -0.723
	  0.027	 -0.758	  0.651
	 -0.959	  0.165	  0.231

3 	  42.35	  -0.81	   1.63
	  0.453	  0.192	  0.870
	 -0.138	  0.980	 -0.144
	 -0.881	 -0.055	  0.470

4 	  38.00	   7.07	  -3.08
	  0.484	  0.839	  0.248
	 -0.850	  0.384	  0.359
	  0.207	 -0.385	  0.899

5 	  41.12	   8.17	  10.39
	  0.653	  0.108	  0.750
	 -0.244	 -0.907	  0.343
	  0.717	 -0.407	 -0.566

6 	  52.17	   4.89	  12.39
	  0.764	 -0.531	  0.367
	  0.209	  0.742	  0.637
	 -0.610	 -0.410	  0.678

7 	  38.43	  -8.72	  -2.85
	  0.316	 -0.872	  0.375
	  0.948	  0.304	 -0.093
	 -0.033	  0.385	  0.922

8 	  40.90	  -9.69	  10.32
	  0.648	 -0.032	  0.760
	  0.165	 -0.969	 -0.181
	  0.743	  0.243	 -0.624

9 	  52.05	  -6.59	  13.25
	  0.800	  0.500	  0.331
	  0.044	  0.501	 -0.864
	 -0.598	  0.706	  0.379

2 	  41.82	  -0.07	  -2.30
	 -0.415	 -0.454	 -0.788
	  0.342	 -0.881	  0.327
	 -0.843	 -0.134	  0.521

3 	  42.33	  -0.79	   1.63
	  0.453	  0.189	  0.871
	 -0.138	  0.980	 -0.141
	 -0.881	 -0.056	  0.470

4 	  38.00	   7.08	  -3.06
	  0.484	  0.839	  0.249
	 -0.850	  0.383	  0.361
	  0.207	 -0.387	  0.898

5 	  41.10	   8.16	  10.41
	  0.653	  0.107	  0.750
	 -0.244	 -0.907	  0.342
	  0.717	 -0.406	 -0.566

6 	  52.15	   4.92	  12.39
	  0.765	 -0.530	  0.365
	  0.208	  0.741	  0.638
	 -0.609	 -0.413	  0.677

7 	  38.44	  -8.68	  -2.85
	  0.317	 -0.871	  0.374
	  0.948	  0.305	 -0.092
	 -0.035	  0.384	  0.923

8 	  40.90	  -9.69	  10.30
	  0.649	 -0.032	  0.760
	  0.165	 -0.969	 -0.182
	  0.743	  0.244	 -0.623

9 	  52.03	  -6.59	  13.27
	  0.800	  0.500	  0.332
	  0.045	  0.501	 -0.864
	 -0.599	  0.706	  0.378

2 	  42.08	   0.09	  -1.85
	 -0.010	 -0.479	 -0.877
	  0.343	 -0.826	  0.447
	 -0.939	 -0.297	  0.172

3 	  42.33	  -0.79	   1.65
	  0.452	  0.189	  0.871
	 -0.139	  0.980	 -0.141
	 -0.881	 -0.057	  0.469

4 	  38.00	   7.08	  -3.06
	  0.484	  0.839	  0.249
	 -0.850	  0.383	  0.361
	  0.207	 -0.387	  0.898

5 	  41.13	   8.16	  10.41
	  0.653	  0.107	  0.750
	 -0.244	 -0.908	  0.342
	  0.717	 -0.406	 -0.567

6 	  52.15	   4.89	  12.41
	  0.765	 -0.531	  0.366
	  0.208	  0.741	  0.639
	 -0.610	 -0.412	  0.677

7 	  38.44	  -8.70	  -2.85
	  0.316	 -0.872	  0.375
	  0.948	  0.304	 -0.092
	 -0.034	  0.384	  0.922

8 	  40.90	  -9.70	  10.32
	  0.648	 -0.032	  0.761
	  0.165	 -0.969	 -0.181
	  0.743	  0.242	 -0.623

9 	  52.03	  -6.57	  13.29
	  0.800	  0.500	  0.331
	  0.045	  0.500	 -0.865
	 -0.599	  0.707	  0.377

2 	  41.99	  -0.58	  -2.09
	 -0.331	 -0.695	 -0.639
	  0.161	 -0.708	  0.687
	 -0.930	  0.124	  0.346

3 	  42.33	  -0.81	   1.63
	  0.450	  0.193	  0.872
	 -0.141	  0.979	 -0.144
	 -0.882	 -0.059	  0.468

4 	  38.00	   7.05	  -3.08
	  0.484	  0.839	  0.248
	 -0.850	  0.384	  0.360
	  0.207	 -0.386	  0.899

5 	  41.12	   8.16	  10.37
	  0.654	  0.109	  0.749
	 -0.244	 -0.907	  0.344
	  0.716	 -0.408	 -0.566

6 	  52.15	   4.87	  12.38
	  0.764	 -0.531	  0.367
	  0.210	  0.742	  0.636
	 -0.610	 -0.410	  0.678

7 	  38.43	  -8.75	  -2.83
	  0.314	 -0.871	  0.376
	  0.948	  0.302	 -0.093
	 -0.033	  0.386	  0.922

8 	  40.90	  -9.70	  10.34
	  0.648	 -0.031	  0.761
	  0.164	 -0.970	 -0.179
	  0.744	  0.241	 -0.624

9 	  52.05	  -6.57	  13.27
	  0.801	  0.500	  0.329
	  0.046	  0.496	 -0.867
	 -0.598	  0.709	  0.375

2 	  38.81	  -0.14	  -6.75
	  0.741	 -0.187	 -0.645
	  0.262	  0.964	  0.022
	  0.618	 -0.186	  0.764

3 	  44.21	  -0.65	   3.08
	  0.200	  0.211	  0.957
	 -0.106	  0.975	 -0.193
	 -0.974	 -0.063	  0.217

4 	  41.45	   7.21	  -2.83
	  0.411	  0.839	  0.356
	 -0.909	  0.406	  0.094
	 -0.065	 -0.363	  0.929

5 	  41.19	   8.58	  11.21
	  0.534	  0.116	  0.837
	 -0.281	 -0.910	  0.305
	  0.797	 -0.398	 -0.454

6 	  52.19	   5.15	  12.48
	  0.785	 -0.551	  0.284
	  0.189	  0.649	  0.737
	 -0.590	 -0.525	  0.613

7 	  41.68	  -8.56	  -2.55
	  0.220	 -0.890	  0.400
	  0.932	  0.313	  0.183
	 -0.288	  0.332	  0.898

8 	  40.89	 -10.00	  11.02
	  0.533	 -0.061	  0.844
	  0.123	 -0.981	 -0.149
	  0.837	  0.184	 -0.515

9 	  52.01	  -6.71	  13.32
	  0.824	  0.506	  0.254
	  0.057	  0.372	 -0.926
	 -0.564	  0.778	  0.278

2 	  39.11	  -1.16	  -6.77
	  0.911	 -0.249	 -0.328
	  0.099	  0.905	 -0.413
	  0.399	  0.344	  0.850

3 	  44.21	  -0.65	   3.09
	  0.199	  0.212	  0.957
	 -0.107	  0.975	 -0.194
	 -0.974	 -0.064	  0.216

4 	  41.45	   7.21	  -2.83
	  0.411	  0.839	  0.356
	 -0.909	  0.406	  0.093
	 -0.067	 -0.362	  0.929

5 	  41.17	   8.56	  11.21
	  0.534	  0.116	  0.837
	 -0.282	 -0.909	  0.306
	  0.797	 -0.399	 -0.453

6 	  52.17	   5.13	  12.50
	  0.785	 -0.550	  0.284
	  0.187	  0.648	  0.738
	 -0.591	 -0.526	  0.611

7 	  41.70	  -8.56	  -2.55
	  0.221	 -0.889	  0.400
	  0.931	  0.314	  0.183
	 -0.289	  0.332	  0.898

8 	  40.90	 -10.00	  11.02
	  0.533	 -0.061	  0.844
	  0.123	 -0.981	 -0.149
	  0.837	  0.183	 -0.515

9 	  52.03	  -6.70	  13.32
	  0.824	  0.506	  0.254
	  0.058	  0.370	 -0.927
	 -0.563	  0.779	  0.276

2 	  38.46	  -1.07	  -6.35
	  0.565	 -0.111	 -0.818
	 -0.183	  0.949	 -0.255
	  0.804	  0.293	  0.516

3 	  44.21	  -0.65	   3.09
	  0.198	  0.213	  0.957
	 -0.107	  0.975	 -0.195
	 -0.974	 -0.064	  0.215

4 	  41.45	   7.21	  -2.85
	  0.412	  0.839	  0.356
	 -0.909	  0.406	  0.093
	 -0.067	 -0.362	  0.929

5 	  41.17	   8.56	  11.21
	  0.533	  0.117	  0.838
	 -0.282	 -0.909	  0.306
	  0.798	 -0.399	 -0.452

6 	  52.15	   5.15	  12.50
	  0.785	 -0.550	  0.284
	  0.185	  0.647	  0.740
	 -0.591	 -0.528	  0.609

7 	  41.70	  -8.56	  -2.53
	  0.221	 -0.889	  0.401
	  0.931	  0.314	  0.185
	 -0.290	  0.332	  0.897

8 	  40.89	 -10.00	  11.04
	  0.533	 -0.061	  0.844
	  0.123	 -0.981	 -0.148
	  0.837	  0.183	 -0.516

9 	  52.01	  -6.70	  13.34
	  0.824	  0.506	  0.253
	  0.058	  0.369	 -0.927
	 -0.563	  0.779	  0.275

2 	  38.36	   0.37	  -6.05
	  0.454	  0.156	 -0.877
	  0.249	  0.923	  0.294
	  0.855	 -0.352	  0.380

3 	  44.21	  -0.65	   3.11
	  0.196	  0.213	  0.957
	 -0.107	  0.975	 -0.196
	 -0.975	 -0.064	  0.214

4 	  41.47	   7.21	  -2.81
	  0.411	  0.838	  0.357
	 -0.909	  0.407	  0.091
	 -0.069	 -0.362	  0.929

5 	  41.19	   8.56	  11.20
	  0.533	  0.117	  0.838
	 -0.282	 -0.909	  0.307
	  0.797	 -0.400	 -0.452

6 	  52.17	   5.17	  12.50
	  0.786	 -0.550	  0.283
	  0.184	  0.645	  0.741
	 -0.591	 -0.531	  0.608

7 	  41.70	  -8.56	  -2.51
	  0.221	 -0.889	  0.401
	  0.930	  0.315	  0.186
	 -0.292	  0.332	  0.897

8 	  40.89	 -10.00	  11.04
	  0.532	 -0.061	  0.844
	  0.122	 -0.981	 -0.148
	  0.838	  0.182	 -0.515

9 	  52.05	  -6.70	  13.32
	  0.825	  0.505	  0.252
	  0.058	  0.368	 -0.928
	 -0.562	  0.780	  0.274

2 	  39.06	   0.40	  -6.57
	  0.806	 -0.106	 -0.582
	  0.358	  0.870	  0.339
	  0.470	 -0.482	  0.739

3 	  44.21	  -0.65	   3.13
	  0.194	  0.214	  0.957
	 -0.106	  0.974	 -0.196
	 -0.975	 -0.064	  0.211

4 	  41.50	   7.19	  -2.85
	  0.412	  0.838	  0.357
	 -0.908	  0.409	  0.088
	 -0.072	 -0.361	  0.930

5 	  41.19	   8.56	  11.20
	  0.531	  0.119	  0.839
	 -0.282	 -0.909	  0.307
	  0.799	 -0.400	 -0.449

6 	  52.17	   5.13	  12.52
	  0.785	 -0.550	  0.284
	  0.182	  0.644	  0.743
	 -0.592	 -0.532	  0.605

7 	  41.71	  -8.58	  -2.53
	  0.220	 -0.889	  0.401
	  0.930	  0.315	  0.188
	 -0.294	  0.332	  0.896

8 	  40.90	 -10.02	  11.06
	  0.531	 -0.060	  0.845
	  0.123	 -0.981	 -0.147
	  0.838	  0.182	 -0.514

9 	  52.05	  -6.71	  13.31
	  0.825	  0.505	  0.250
	  0.059	  0.364	 -0.929
	 -0.561	  0.782	  0.271

2 	  35.53	  -0.67	   0.69
	  0.329	 -0.490	 -0.807
	  0.235	  0.870	 -0.432
	  0.914	 -0.048	  0.401

3 	  45.39	  -0.56	   3.55
	  0.077	  0.212	  0.974
	 -0.091	  0.974	 -0.205
	 -0.993	 -0.073	  0.094

4 	  43.42	   7.31	  -2.76
	  0.365	  0.839	  0.403
	 -0.911	  0.411	 -0.030
	 -0.191	 -0.356	  0.915

5 	  41.33	   8.68	  11.18
	  0.452	  0.118	  0.884
	 -0.296	 -0.916	  0.272
	  0.842	 -0.385	 -0.379

6 	  52.21	   5.08	  12.60
	  0.776	 -0.568	  0.274
	  0.173	  0.609	  0.774
	 -0.607	 -0.553	  0.571

7 	  43.63	  -8.42	  -2.51
	  0.192	 -0.891	  0.411
	  0.893	  0.332	  0.303
	 -0.407	  0.309	  0.859

8 	  41.08	 -10.18	  10.83
	  0.442	 -0.072	  0.894
	  0.134	 -0.980	 -0.145
	  0.887	  0.184	 -0.424

9 	  52.03	  -6.68	  13.36
	  0.815	  0.516	  0.264
	  0.066	  0.370	 -0.927
	 -0.576	  0.772	  0.267

2 	  35.58	  -1.20	   0.72
	  0.498	 -0.403	 -0.768
	 -0.070	  0.864	 -0.498
	  0.864	  0.302	  0.403

3 	  45.40	  -0.54	   3.52
	  0.080	  0.211	  0.974
	 -0.089	  0.975	 -0.204
	 -0.993	 -0.071	  0.097

4 	  43.37	   7.31	  -2.76
	  0.367	  0.839	  0.400
	 -0.911	  0.412	 -0.029
	 -0.190	 -0.354	  0.916

5 	  41.34	   8.70	  11.18
	  0.452	  0.118	  0.884
	 -0.297	 -0.915	  0.273
	  0.841	 -0.386	 -0.379

6 	  52.21	   5.08	  12.62
	  0.775	 -0.569	  0.274
	  0.172	  0.608	  0.775
	 -0.608	 -0.554	  0.569

7 	  43.61	  -8.38	  -2.51
	  0.194	 -0.892	  0.409
	  0.893	  0.333	  0.303
	 -0.406	  0.306	  0.861

8 	  41.08	 -10.16	  10.83
	  0.444	 -0.072	  0.893
	  0.133	 -0.980	 -0.146
	  0.886	  0.183	 -0.426

9 	  52.03	  -6.70	  13.34
	  0.815	  0.514	  0.266
	  0.067	  0.371	 -0.926
	 -0.575	  0.773	  0.268

2 	  35.40	  -1.25	   1.42
	  0.179	 -0.433	 -0.884
	 -0.294	  0.833	 -0.468
	  0.938	  0.344	  0.022

3 	  45.40	  -0.56	   3.52
	  0.081	  0.210	  0.974
	 -0.088	  0.975	 -0.203
	 -0.993	 -0.070	  0.097

4 	  43.33	   7.33	  -2.74
	  0.368	  0.839	  0.400
	 -0.910	  0.413	 -0.029
	 -0.190	 -0.354	  0.916

5 	  41.34	   8.70	  11.18
	  0.452	  0.117	  0.884
	 -0.297	 -0.915	  0.274
	  0.841	 -0.387	 -0.379

6 	  52.21	   5.08	  12.60
	  0.776	 -0.569	  0.274
	  0.171	  0.606	  0.776
	 -0.608	 -0.556	  0.567

7 	  43.59	  -8.38	  -2.53
	  0.194	 -0.892	  0.408
	  0.893	  0.333	  0.302
	 -0.405	  0.306	  0.861

8 	  41.08	 -10.16	  10.85
	  0.445	 -0.073	  0.892
	  0.131	 -0.980	 -0.146
	  0.885	  0.182	 -0.427

9 	  52.03	  -6.68	  13.34
	  0.815	  0.515	  0.266
	  0.067	  0.371	 -0.926
	 -0.575	  0.772	  0.268

2 	  35.31	  -0.07	   1.58
	 -0.077	 -0.172	 -0.982
	  0.190	  0.964	 -0.184
	  0.979	 -0.201	 -0.042

3 	  45.40	  -0.56	   3.52
	  0.080	  0.210	  0.974
	 -0.088	  0.975	 -0.203
	 -0.993	 -0.070	  0.097

4 	  43.35	   7.31	  -2.76
	  0.368	  0.839	  0.399
	 -0.910	  0.413	 -0.029
	 -0.189	 -0.353	  0.916

5 	  41.33	   8.70	  11.18
	  0.452	  0.118	  0.884
	 -0.297	 -0.915	  0.274
	  0.841	 -0.387	 -0.379

6 	  52.21	   5.12	  12.64
	  0.776	 -0.568	  0.274
	  0.168	  0.605	  0.778
	 -0.608	 -0.558	  0.565

7 	  43.59	  -8.38	  -2.51
	  0.194	 -0.892	  0.408
	  0.893	  0.333	  0.302
	 -0.406	  0.306	  0.861

8 	  41.08	 -10.16	  10.85
	  0.446	 -0.073	  0.892
	  0.130	 -0.981	 -0.145
	  0.885	  0.181	 -0.428

9 	  52.01	  -6.71	  13.36
	  0.816	  0.514	  0.266
	  0.069	  0.370	 -0.926
	 -0.574	  0.774	  0.266

2 	  35.56	  -0.02	   0.72
	  0.229	 -0.491	 -0.841
	  0.462	  0.815	 -0.350
	  0.856	 -0.308	  0.413

3 	  45.40	  -0.56	   3.53
	  0.079	  0.211	  0.974
	 -0.088	  0.975	 -0.204
	 -0.993	 -0.070	  0.095

4 	  43.35	   7.29	  -2.76
	  0.369	  0.839	  0.400
	 -0.910	  0.414	 -0.030
	 -0.191	 -0.353	  0.916

5 	  41.34	   8.70	  11.14
	  0.452	  0.118	  0.884
	 -0.297	 -0.914	  0.275
	  0.841	 -0.387	 -0.379

6 	  52.22	   5.12	  12.64
	  0.775	 -0.569	  0.274
	  0.167	  0.604	  0.779
	 -0.609	 -0.559	  0.563

7 	  43.59	  -8.40	  -2.51
	  0.194	 -0.892	  0.409
	  0.893	  0.333	  0.302
	 -0.406	  0.307	  0.861

8 	  41.08	 -10.16	  10.85
	  0.446	 -0.073	  0.892
	  0.130	 -0.981	 -0.145
	  0.885	  0.180	 -0.428

9 	  52.01	  -6.71	  13.34
	  0.816	  0.513	  0.264
	  0.068	  0.368	 -0.927
	 -0.574	  0.775	  0.266

2 	  41.48	   0.49	  -3.06
	  0.480	 -0.694	  0.537
	  0.487	  0.720	  0.495
	 -0.730	  0.024	  0.683

3 	  42.31	  -0.69	   1.39
	  0.485	  0.185	  0.854
	 -0.128	  0.982	 -0.140
	 -0.865	 -0.041	  0.500

4 	  37.60	   7.22	  -3.09
	  0.433	  0.876	  0.210
	 -0.863	  0.336	  0.377
	  0.260	 -0.345	  0.902

5 	  39.74	   8.26	  10.72
	  0.611	  0.099	  0.785
	 -0.240	 -0.922	  0.303
	  0.755	 -0.373	 -0.540

6 	  50.89	   4.48	  12.18
	  0.747	 -0.576	  0.332
	  0.254	  0.708	  0.658
	 -0.615	 -0.408	  0.675

7 	  38.13	  -8.75	  -2.95
	  0.265	 -0.900	  0.346
	  0.964	  0.239	 -0.118
	  0.024	  0.365	  0.931

8 	  39.81	  -9.74	  10.46
	  0.609	 -0.038	  0.792
	  0.101	 -0.987	 -0.125
	  0.786	  0.156	 -0.598

9 	  50.98	  -6.28	  12.81
	  0.801	  0.509	  0.313
	 -0.057	  0.585	 -0.809
	 -0.595	  0.630	  0.498

2 	  41.61	   0.23	  -2.74
	  0.260	 -0.686	  0.680
	  0.549	  0.684	  0.480
	 -0.795	  0.248	  0.554

3 	  42.31	  -0.69	   1.41
	  0.484	  0.186	  0.855
	 -0.129	  0.981	 -0.141
	 -0.865	 -0.042	  0.499

4 	  37.63	   7.21	  -3.11
	  0.430	  0.878	  0.208
	 -0.865	  0.335	  0.373
	  0.258	 -0.340	  0.904

5 	  39.74	   8.28	  10.71
	  0.610	  0.101	  0.785
	 -0.240	 -0.922	  0.305
	  0.755	 -0.374	 -0.539

6 	  50.91	   4.48	  12.18
	  0.747	 -0.576	  0.333
	  0.254	  0.710	  0.656
	 -0.615	 -0.406	  0.676

7 	  38.11	  -8.77	  -2.94
	  0.264	 -0.900	  0.347
	  0.964	  0.237	 -0.119
	  0.024	  0.366	  0.930

8 	  39.81	  -9.74	  10.48
	  0.609	 -0.036	  0.792
	  0.100	 -0.987	 -0.123
	  0.787	  0.154	 -0.597

9 	  50.98	  -6.29	  12.81
	  0.803	  0.509	  0.311
	 -0.055	  0.583	 -0.811
	 -0.594	  0.634	  0.496

2 	  41.24	   0.56	  -3.27
	  0.661	 -0.645	  0.384
	  0.507	  0.761	  0.404
	 -0.553	 -0.072	  0.830

3 	  42.31	  -0.74	   1.39
	  0.484	  0.187	  0.854
	 -0.127	  0.981	 -0.143
	 -0.865	 -0.040	  0.499

4 	  37.65	   7.19	  -3.13
	  0.435	  0.876	  0.207
	 -0.863	  0.340	  0.374
	  0.257	 -0.342	  0.904

5 	  39.74	   8.26	  10.69
	  0.610	  0.101	  0.786
	 -0.241	 -0.921	  0.306
	  0.755	 -0.376	 -0.538

6 	  50.91	   4.48	  12.20
	  0.746	 -0.576	  0.335
	  0.254	  0.711	  0.656
	 -0.616	 -0.404	  0.676

7 	  38.09	  -8.77	  -2.92
	  0.263	 -0.899	  0.349
	  0.964	  0.236	 -0.119
	  0.025	  0.368	  0.929

8 	  39.78	  -9.74	  10.48
	  0.609	 -0.036	  0.792
	  0.099	 -0.988	 -0.121
	  0.787	  0.152	 -0.598

9 	  50.96	  -6.29	  12.83
	  0.802	  0.509	  0.310
	 -0.055	  0.580	 -0.813
	 -0.594	  0.635	  0.493

2 	  41.59	   0.86	  -2.99
	  0.609	 -0.673	  0.419
	  0.301	  0.685	  0.663
	 -0.734	 -0.277	  0.620

3 	  42.31	  -0.74	   1.37
	  0.485	  0.188	  0.854
	 -0.127	  0.981	 -0.144
	 -0.865	 -0.039	  0.500

4 	  37.65	   7.17	  -3.13
	  0.435	  0.876	  0.206
	 -0.863	  0.341	  0.373
	  0.257	 -0.341	  0.904

5 	  39.76	   8.26	  10.67
	  0.609	  0.102	  0.786
	 -0.242	 -0.921	  0.306
	  0.755	 -0.377	 -0.537

6 	  50.89	   4.46	  12.20
	  0.745	 -0.576	  0.337
	  0.254	  0.712	  0.655
	 -0.617	 -0.402	  0.676

7 	  38.11	  -8.79	  -2.90
	  0.263	 -0.899	  0.350
	  0.964	  0.236	 -0.119
	  0.024	  0.369	  0.929

8 	  39.80	  -9.76	  10.48
	  0.609	 -0.036	  0.792
	  0.098	 -0.988	 -0.120
	  0.786	  0.151	 -0.599

9 	  50.98	  -6.31	  12.80
	  0.804	  0.508	  0.308
	 -0.055	  0.579	 -0.813
	 -0.592	  0.637	  0.494

2 	  41.87	   0.49	  -2.48
	  0.290	 -0.735	  0.613
	  0.269	  0.677	  0.684
	 -0.918	 -0.034	  0.394

3 	  42.33	  -0.74	   1.37
	  0.485	  0.189	  0.853
	 -0.127	  0.981	 -0.146
	 -0.865	 -0.038	  0.500

4 	  37.69	   7.15	  -3.15
	  0.428	  0.881	  0.202
	 -0.866	  0.335	  0.370
	  0.258	 -0.334	  0.906

5 	  39.76	   8.28	  10.65
	  0.608	  0.103	  0.787
	 -0.242	 -0.920	  0.307
	  0.756	 -0.377	 -0.535

6 	  50.91	   4.45	  12.20
	  0.744	 -0.577	  0.337
	  0.255	  0.712	  0.655
	 -0.618	 -0.402	  0.676

7 	  38.11	  -8.82	  -2.90
	  0.262	 -0.899	  0.351
	  0.964	  0.234	 -0.120
	  0.025	  0.370	  0.929

8 	  39.80	  -9.76	  10.49
	  0.608	 -0.035	  0.793
	  0.098	 -0.988	 -0.118
	  0.787	  0.150	 -0.598

9 	  50.99	  -6.31	  12.80
	  0.804	  0.509	  0.307
	 -0.055	  0.577	 -0.815
	 -0.592	  0.638	  0.492

2 	  40.61	   4.36	  -2.23
	  0.645	  0.059	  0.762
	  0.157	  0.965	 -0.209
	 -0.748	  0.254	  0.613

3 	  42.24	  -0.76	   1.44
	  0.474	  0.187	  0.860
	 -0.137	  0.981	 -0.138
	 -0.870	 -0.052	  0.491

4 	  37.56	   7.08	  -3.06
	  0.438	  0.870	  0.225
	 -0.870	  0.347	  0.349
	  0.226	 -0.349	  0.909

5 	  39.64	   8.14	  10.79
	  0.618	  0.106	  0.779
	 -0.229	 -0.924	  0.307
	  0.752	 -0.368	 -0.547

6 	  50.85	   4.48	  12.16
	  0.754	 -0.570	  0.325
	  0.256	  0.711	  0.654
	 -0.605	 -0.411	  0.682

7 	  38.11	  -8.82	  -2.87
	  0.262	 -0.896	  0.358
	  0.964	  0.233	 -0.123
	  0.026	  0.378	  0.925

8 	  39.74	  -9.72	  10.55
	  0.610	 -0.034	  0.791
	  0.099	 -0.988	 -0.120
	  0.786	  0.152	 -0.600

9 	  50.98	  -6.29	  12.81
	  0.806	  0.507	  0.303
	 -0.055	  0.575	 -0.816
	 -0.589	  0.641	  0.492

2 	  40.73	   4.29	  -1.93
	  0.495	  0.143	  0.857
	  0.214	  0.936	 -0.280
	 -0.842	  0.321	  0.432

3 	  42.26	  -0.76	   1.44
	  0.475	  0.188	  0.859
	 -0.137	  0.981	 -0.139
	 -0.869	 -0.052	  0.492

4 	  37.60	   7.08	  -3.08
	  0.439	  0.870	  0.224
	 -0.870	  0.349	  0.347
	  0.223	 -0.347	  0.911

5 	  39.66	   8.12	  10.78
	  0.618	  0.105	  0.779
	 -0.230	 -0.923	  0.307
	  0.752	 -0.369	 -0.546

6 	  50.85	   4.50	  12.16
	  0.754	 -0.570	  0.325
	  0.256	  0.711	  0.654
	 -0.605	 -0.411	  0.682

7 	  38.11	  -8.82	  -2.88
	  0.262	 -0.896	  0.358
	  0.964	  0.234	 -0.123
	  0.026	  0.378	  0.925

8 	  39.76	  -9.74	  10.53
	  0.611	 -0.034	  0.791
	  0.099	 -0.988	 -0.120
	  0.785	  0.151	 -0.600

9 	  50.96	  -6.28	  12.83
	  0.806	  0.507	  0.304
	 -0.053	  0.574	 -0.817
	 -0.590	  0.642	  0.490

2 	  40.32	   4.25	  -2.57
	  0.801	  0.320	  0.506
	 -0.065	  0.886	 -0.459
	 -0.595	  0.334	  0.730

3 	  42.28	  -0.76	   1.42
	  0.478	  0.188	  0.858
	 -0.136	  0.981	 -0.139
	 -0.868	 -0.051	  0.494

4 	  37.58	   7.07	  -3.08
	  0.448	  0.866	  0.220
	 -0.865	  0.359	  0.350
	  0.225	 -0.348	  0.910

5 	  39.66	   8.14	  10.76
	  0.617	  0.107	  0.779
	 -0.230	 -0.923	  0.308
	  0.752	 -0.370	 -0.545

6 	  50.87	   4.48	  12.16
	  0.753	 -0.571	  0.326
	  0.256	  0.711	  0.654
	 -0.606	 -0.409	  0.682

7 	  38.13	  -8.84	  -2.88
	  0.263	 -0.896	  0.358
	  0.964	  0.234	 -0.123
	  0.026	  0.378	  0.925

8 	  39.76	  -9.76	  10.53
	  0.611	 -0.034	  0.791
	  0.098	 -0.988	 -0.118
	  0.785	  0.150	 -0.600

9 	  50.98	  -6.31	  12.85
	  0.806	  0.508	  0.305
	 -0.053	  0.574	 -0.817
	 -0.590	  0.642	  0.489

2 	  39.92	   4.90	  -2.97
	  0.856	  0.356	  0.375
	 -0.349	  0.933	 -0.091
	 -0.382	 -0.053	  0.922

3 	  42.29	  -0.76	   1.42
	  0.479	  0.187	  0.857
	 -0.135	  0.981	 -0.138
	 -0.867	 -0.050	  0.495

4 	  37.58	   7.07	  -3.08
	  0.449	  0.865	  0.221
	 -0.865	  0.359	  0.350
	  0.224	 -0.349	  0.910

5 	  39.66	   8.12	  10.78
	  0.616	  0.106	  0.780
	 -0.230	 -0.923	  0.307
	  0.753	 -0.369	 -0.545

6 	  50.87	   4.52	  12.20
	  0.753	 -0.571	  0.326
	  0.254	  0.711	  0.656
	 -0.607	 -0.411	  0.680

7 	  38.13	  -8.82	  -2.88
	  0.264	 -0.896	  0.358
	  0.964	  0.235	 -0.123
	  0.026	  0.377	  0.926

8 	  39.78	  -9.74	  10.51
	  0.611	 -0.035	  0.790
	  0.098	 -0.988	 -0.119
	  0.785	  0.151	 -0.601

9 	  50.98	  -6.31	  12.83
	  0.805	  0.507	  0.306
	 -0.053	  0.575	 -0.816
	 -0.590	  0.641	  0.490

2 	  40.46	   4.89	  -2.55
	  0.733	  0.018	  0.680
	 -0.073	  0.996	  0.052
	 -0.676	 -0.088	  0.731

3 	  42.28	  -0.72	   1.42
	  0.478	  0.186	  0.858
	 -0.137	  0.981	 -0.137
	 -0.868	 -0.053	  0.494

4 	  37.62	   7.08	  -3.06
	  0.444	  0.865	  0.232
	 -0.870	  0.355	  0.342
	  0.214	 -0.354	  0.910

5 	  39.64	   8.12	  10.78
	  0.617	  0.105	  0.780
	 -0.230	 -0.924	  0.305
	  0.753	 -0.368	 -0.546

6 	  50.87	   4.52	  12.16
	  0.754	 -0.571	  0.324
	  0.254	  0.710	  0.657
	 -0.605	 -0.413	  0.680

7 	  38.13	  -8.82	  -2.90
	  0.263	 -0.896	  0.357
	  0.964	  0.235	 -0.122
	  0.025	  0.376	  0.926

8 	  39.78	  -9.74	  10.51
	  0.610	 -0.035	  0.791
	  0.099	 -0.988	 -0.120
	  0.786	  0.151	 -0.599

9 	  50.98	  -6.31	  12.83
	  0.806	  0.507	  0.306
	 -0.053	  0.576	 -0.816
	 -0.590	  0.641	  0.491

2 	  40.13	   6.57	  -3.25
	  0.738	  0.027	  0.674
	 -0.089	  0.994	  0.057
	 -0.669	 -0.102	  0.736

3 	  42.26	  -0.83	   1.44
	  0.475	  0.193	  0.858
	 -0.142	  0.979	 -0.143
	 -0.869	 -0.054	  0.492

4 	  37.56	   6.94	  -3.06
	  0.452	  0.863	  0.225
	 -0.865	  0.364	  0.344
	  0.215	 -0.351	  0.911

5 	  39.62	   8.03	  10.76
	  0.617	  0.112	  0.779
	 -0.225	 -0.923	  0.311
	  0.754	 -0.367	 -0.545

6 	  50.85	   4.50	  12.18
	  0.756	 -0.568	  0.325
	  0.253	  0.712	  0.655
	 -0.604	 -0.413	  0.682

7 	  38.13	  -8.95	  -2.85
	  0.262	 -0.894	  0.364
	  0.964	  0.231	 -0.126
	  0.028	  0.384	  0.923

8 	  39.76	  -9.76	  10.60
	  0.611	 -0.028	  0.791
	  0.100	 -0.988	 -0.113
	  0.785	  0.148	 -0.602

9 	  50.96	  -6.31	  12.85
	  0.806	  0.510	  0.299
	 -0.053	  0.566	 -0.822
	 -0.589	  0.647	  0.484

2 	  40.38	   6.35	  -2.90
	  0.567	  0.099	  0.817
	  0.020	  0.990	 -0.135
	 -0.823	  0.093	  0.560

3 	  42.24	  -0.84	   1.44
	  0.474	  0.193	  0.859
	 -0.141	  0.979	 -0.142
	 -0.869	 -0.054	  0.491

4 	  37.56	   6.96	  -3.06
	  0.453	  0.862	  0.227
	 -0.865	  0.365	  0.343
	  0.213	 -0.352	  0.911

5 	  39.62	   8.03	  10.76
	  0.617	  0.111	  0.779
	 -0.226	 -0.923	  0.311
	  0.754	 -0.368	 -0.544

6 	  50.85	   4.50	  12.18
	  0.756	 -0.568	  0.324
	  0.252	  0.711	  0.656
	 -0.604	 -0.415	  0.681

7 	  38.13	  -8.95	  -2.85
	  0.261	 -0.894	  0.364
	  0.965	  0.231	 -0.125
	  0.028	  0.384	  0.923

8 	  39.76	  -9.76	  10.58
	  0.612	 -0.029	  0.790
	  0.100	 -0.988	 -0.114
	  0.784	  0.149	 -0.602

9 	  50.96	  -6.31	  12.83
	  0.807	  0.509	  0.299
	 -0.054	  0.566	 -0.822
	 -0.588	  0.647	  0.484

2 	  39.87	   6.01	  -3.43
	  0.848	  0.258	  0.463
	 -0.062	  0.916	 -0.397
	 -0.527	  0.307	  0.792

3 	  42.24	  -0.83	   1.44
	  0.473	  0.193	  0.859
	 -0.142	  0.979	 -0.142
	 -0.869	 -0.055	  0.491

4 	  37.55	   6.98	  -3.04
	  0.448	  0.865	  0.224
	 -0.865	  0.357	  0.351
	  0.224	 -0.352	  0.909

5 	  39.62	   8.05	  10.78
	  0.617	  0.111	  0.779
	 -0.226	 -0.923	  0.310
	  0.754	 -0.367	 -0.544

6 	  50.87	   4.52	  12.18
	  0.757	 -0.567	  0.323
	  0.252	  0.711	  0.657
	 -0.603	 -0.416	  0.681

7 	  38.13	  -8.93	  -2.85
	  0.261	 -0.894	  0.363
	  0.965	  0.231	 -0.125
	  0.027	  0.383	  0.923

8 	  39.76	  -9.76	  10.58
	  0.612	 -0.030	  0.790
	  0.101	 -0.988	 -0.115
	  0.784	  0.150	 -0.602

9 	  50.98	  -6.31	  12.81
	  0.807	  0.509	  0.298
	 -0.055	  0.567	 -0.822
	 -0.588	  0.647	  0.486

2 	  39.41	   6.59	  -3.81
	  0.924	  0.250	  0.287
	 -0.253	  0.967	 -0.030
	 -0.285	 -0.045	  0.957

3 	  42.24	  -0.83	   1.46
	  0.471	  0.193	  0.860
	 -0.143	  0.979	 -0.141
	 -0.870	 -0.057	  0.489

4 	  37.53	   6.98	  -3.04
	  0.447	  0.865	  0.225
	 -0.866	  0.356	  0.352
	  0.225	 -0.353	  0.908

5 	  39.60	   8.05	  10.79
	  0.617	  0.110	  0.779
	 -0.225	 -0.924	  0.309
	  0.754	 -0.366	 -0.545

6 	  50.85	   4.52	  12.18
	  0.758	 -0.567	  0.322
	  0.251	  0.710	  0.658
	 -0.603	 -0.418	  0.680

7 	  38.14	  -8.93	  -2.85
	  0.262	 -0.894	  0.363
	  0.964	  0.232	 -0.125
	  0.027	  0.383	  0.923

8 	  39.76	  -9.74	  10.58
	  0.612	 -0.029	  0.790
	  0.102	 -0.988	 -0.115
	  0.784	  0.151	 -0.602

9 	  50.96	  -6.35	  12.81
	  0.807	  0.508	  0.299
	 -0.055	  0.568	 -0.821
	 -0.587	  0.646	  0.487

2 	  40.01	   6.89	  -3.32
	  0.790	 -0.119	  0.601
	 -0.084	  0.951	  0.298
	 -0.607	 -0.286	  0.741

3 	  42.22	  -0.83	   1.46
	  0.471	  0.194	  0.860
	 -0.144	  0.979	 -0.142
	 -0.870	 -0.057	  0.489

4 	  37.53	   6.98	  -3.06
	  0.446	  0.865	  0.227
	 -0.867	  0.355	  0.350
	  0.223	 -0.354	  0.908

5 	  39.64	   8.03	  10.79
	  0.617	  0.110	  0.779
	 -0.226	 -0.924	  0.309
	  0.754	 -0.367	 -0.545

6 	  50.87	   4.52	  12.18
	  0.758	 -0.567	  0.322
	  0.251	  0.710	  0.658
	 -0.602	 -0.418	  0.680

7 	  38.13	  -8.95	  -2.85
	  0.261	 -0.894	  0.364
	  0.965	  0.231	 -0.125
	  0.027	  0.383	  0.923

8 	  39.76	  -9.74	  10.58
	  0.612	 -0.029	  0.790
	  0.102	 -0.988	 -0.115
	  0.784	  0.150	 -0.602

9 	  50.96	  -6.35	  12.81
	  0.807	  0.509	  0.298
	 -0.054	  0.568	 -0.821
	 -0.587	  0.647	  0.486

2 	  36.05	   8.56	  -2.46
	  0.607	  0.424	 -0.671
	  0.457	  0.505	  0.732
	  0.650	 -0.752	  0.113

3 	  42.29	  -1.02	   1.48
	  0.470	  0.202	  0.859
	 -0.132	  0.978	 -0.158
	 -0.873	 -0.039	  0.487

4 	  37.65	   6.77	  -3.16
	  0.436	  0.873	  0.218
	 -0.869	  0.344	  0.356
	  0.235	 -0.345	  0.908

5 	  39.67	   8.03	  10.69
	  0.610	  0.118	  0.783
	 -0.231	 -0.920	  0.318
	  0.758	 -0.375	 -0.534

6 	  50.87	   4.48	  12.18
	  0.753	 -0.565	  0.337
	  0.250	  0.720	  0.648
	 -0.609	 -0.404	  0.683

7 	  38.11	  -9.11	  -2.74
	  0.254	 -0.891	  0.375
	  0.967	  0.224	 -0.123
	  0.025	  0.394	  0.918

8 	  39.73	  -9.79	  10.69
	  0.612	 -0.020	  0.790
	  0.099	 -0.990	 -0.102
	  0.784	  0.140	 -0.604

9 	  50.96	  -6.40	  12.81
	  0.811	  0.511	  0.284
	 -0.054	  0.548	 -0.834
	 -0.582	  0.661	  0.472

2 	  36.19	   8.42	  -2.90
	  0.822	  0.352	 -0.447
	  0.158	  0.614	  0.773
	  0.547	 -0.707	  0.449

3 	  42.28	  -1.04	   1.48
	  0.469	  0.202	  0.860
	 -0.132	  0.978	 -0.158
	 -0.873	 -0.040	  0.485

4 	  37.60	   6.79	  -3.11
	  0.427	  0.876	  0.224
	 -0.870	  0.330	  0.366
	  0.247	 -0.351	  0.903

5 	  39.66	   8.02	  10.67
	  0.610	  0.118	  0.783
	 -0.231	 -0.920	  0.318
	  0.757	 -0.375	 -0.535

6 	  50.85	   4.50	  12.16
	  0.755	 -0.563	  0.337
	  0.248	  0.720	  0.648
	 -0.608	 -0.405	  0.683

7 	  38.09	  -9.11	  -2.72
	  0.254	 -0.891	  0.375
	  0.967	  0.224	 -0.122
	  0.025	  0.394	  0.918

8 	  39.73	  -9.79	  10.71
	  0.613	 -0.020	  0.789
	  0.099	 -0.990	 -0.103
	  0.783	  0.141	 -0.605

9 	  50.96	  -6.40	  12.80
	  0.811	  0.511	  0.283
	 -0.055	  0.548	 -0.835
	 -0.582	  0.661	  0.473

2 	  35.54	   7.91	  -2.72
	  0.431	  0.655	 -0.620
	 -0.034	  0.698	  0.715
	  0.902	 -0.287	  0.323

3 	  42.28	  -1.00	   1.48
	  0.468	  0.201	  0.860
	 -0.134	  0.978	 -0.156
	 -0.873	 -0.042	  0.485

4 	  37.58	   6.79	  -3.11
	  0.427	  0.876	  0.224
	 -0.870	  0.330	  0.366
	  0.247	 -0.351	  0.903

5 	  39.66	   8.02	  10.71
	  0.610	  0.117	  0.783
	 -0.230	 -0.920	  0.317
	  0.758	 -0.373	 -0.535

6 	  50.87	   4.46	  12.16
	  0.755	 -0.564	  0.335
	  0.249	  0.719	  0.649
	 -0.607	 -0.407	  0.682

7 	  38.11	  -9.11	  -2.74
	  0.254	 -0.892	  0.374
	  0.967	  0.224	 -0.122
	  0.024	  0.393	  0.919

8 	  39.73	  -9.77	  10.69
	  0.614	 -0.021	  0.789
	  0.100	 -0.990	 -0.104
	  0.782	  0.142	 -0.606

9 	  50.96	  -6.40	  12.80
	  0.811	  0.511	  0.283
	 -0.055	  0.549	 -0.834
	 -0.583	  0.660	  0.474

2 	  35.61	   8.31	  -1.92
	  0.419	  0.827	 -0.374
	  0.211	  0.312	  0.926
	  0.883	 -0.467	 -0.044

3 	  42.28	  -0.98	   1.46
	  0.470	  0.200	  0.860
	 -0.135	  0.979	 -0.154
	 -0.872	 -0.044	  0.486

4 	  37.58	   6.84	  -3.09
	  0.426	  0.876	  0.225
	 -0.870	  0.329	  0.367
	  0.248	 -0.353	  0.902

5 	  39.64	   8.02	  10.71
	  0.611	  0.116	  0.783
	 -0.229	 -0.921	  0.315
	  0.758	 -0.372	 -0.536

6 	  50.87	   4.50	  12.18
	  0.755	 -0.564	  0.333
	  0.248	  0.717	  0.651
	 -0.607	 -0.410	  0.681

7 	  38.11	  -9.07	  -2.76
	  0.255	 -0.892	  0.373
	  0.966	  0.226	 -0.121
	  0.023	  0.391	  0.920

8 	  39.74	  -9.77	  10.67
	  0.614	 -0.022	  0.789
	  0.100	 -0.989	 -0.105
	  0.782	  0.144	 -0.606

9 	  50.98	  -6.40	  12.80
	  0.811	  0.511	  0.285
	 -0.055	  0.551	 -0.832
	 -0.583	  0.659	  0.475

2 	  36.35	   8.77	  -2.41
	  0.839	  0.432	 -0.331
	  0.194	  0.330	  0.924
	  0.509	 -0.839	  0.192

3 	  42.29	  -1.00	   1.46
	  0.471	  0.199	  0.859
	 -0.132	  0.979	 -0.155
	 -0.872	 -0.041	  0.487

4 	  37.67	   6.82	  -3.15
	  0.434	  0.873	  0.221
	 -0.868	  0.340	  0.362
	  0.241	 -0.349	  0.905

5 	  39.66	   8.02	  10.71
	  0.610	  0.116	  0.784
	 -0.230	 -0.921	  0.315
	  0.758	 -0.372	 -0.535

6 	  50.87	   4.48	  12.20
	  0.754	 -0.565	  0.336
	  0.247	  0.717	  0.651
	 -0.609	 -0.408	  0.680

7 	  38.14	  -9.09	  -2.78
	  0.255	 -0.892	  0.372
	  0.966	  0.227	 -0.120
	  0.022	  0.390	  0.920

8 	  39.73	  -9.79	  10.67
	  0.613	 -0.022	  0.789
	  0.099	 -0.990	 -0.104
	  0.783	  0.142	 -0.605

9 	  50.96	  -6.38	  12.81
	  0.810	  0.512	  0.287
	 -0.054	  0.551	 -0.833
	 -0.584	  0.659	  0.473

2 	  32.66	   1.90	  -1.42
	  0.296	 -0.626	 -0.721
	 -0.209	  0.694	 -0.688
	  0.932	  0.354	  0.075

3 	  42.29	  -0.83	   1.51
	  0.465	  0.188	  0.865
	 -0.135	  0.981	 -0.141
	 -0.875	 -0.052	  0.481

4 	  37.60	   7.10	  -2.99
	  0.431	  0.871	  0.234
	 -0.868	  0.331	  0.369
	  0.244	 -0.363	  0.899

5 	  39.62	   8.05	  10.83
	  0.611	  0.107	  0.784
	 -0.229	 -0.924	  0.305
	  0.758	 -0.366	 -0.540

6 	  50.89	   4.52	  12.20
	  0.760	 -0.567	  0.317
	  0.243	  0.701	  0.670
	 -0.603	 -0.432	  0.671

7 	  38.20	  -8.86	  -2.87
	  0.258	 -0.896	  0.361
	  0.966	  0.233	 -0.111
	  0.015	  0.377	  0.926

8 	  39.76	  -9.76	  10.56
	  0.613	 -0.032	  0.789
	  0.101	 -0.988	 -0.119
	  0.783	  0.153	 -0.603

9 	  50.96	  -6.33	  12.81
	  0.808	  0.509	  0.297
	 -0.055	  0.566	 -0.822
	 -0.587	  0.648	  0.485

2 	  32.96	   1.28	  -1.51
	  0.568	 -0.466	 -0.678
	 -0.385	  0.578	 -0.720
	  0.727	  0.670	  0.150

3 	  42.31	  -0.81	   1.51
	  0.467	  0.187	  0.864
	 -0.133	  0.981	 -0.141
	 -0.874	 -0.049	  0.483

4 	  37.62	   7.08	  -3.01
	  0.434	  0.870	  0.233
	 -0.868	  0.334	  0.367
	  0.241	 -0.362	  0.900

5 	  39.64	   8.07	  10.83
	  0.610	  0.108	  0.784
	 -0.228	 -0.925	  0.304
	  0.758	 -0.365	 -0.540

6 	  50.89	   4.52	  12.20
	  0.760	 -0.567	  0.318
	  0.242	  0.701	  0.671
	 -0.603	 -0.433	  0.670

7 	  38.21	  -8.86	  -2.87
	  0.258	 -0.896	  0.360
	  0.966	  0.234	 -0.110
	  0.014	  0.376	  0.926

8 	  39.74	  -9.76	  10.58
	  0.612	 -0.031	  0.790
	  0.101	 -0.988	 -0.118
	  0.784	  0.152	 -0.602

9 	  50.98	  -6.35	  12.80
	  0.807	  0.510	  0.298
	 -0.055	  0.567	 -0.822
	 -0.588	  0.647	  0.485

2 	  32.71	   1.67	  -0.83
	  0.016	 -0.521	 -0.853
	 -0.538	  0.715	 -0.447
	  0.843	  0.466	 -0.269

3 	  42.33	  -0.83	   1.49
	  0.469	  0.187	  0.863
	 -0.130	  0.981	 -0.143
	 -0.873	 -0.045	  0.485

4 	  37.63	   7.07	  -3.02
	  0.435	  0.870	  0.230
	 -0.868	  0.337	  0.365
	  0.240	 -0.359	  0.902

5 	  39.64	   8.07	  10.81
	  0.609	  0.108	  0.786
	 -0.228	 -0.925	  0.304
	  0.760	 -0.364	 -0.539

6 	  50.89	   4.54	  12.20
	  0.759	 -0.567	  0.320
	  0.241	  0.702	  0.670
	 -0.605	 -0.432	  0.669

7 	  38.21	  -8.89	  -2.88
	  0.258	 -0.896	  0.361
	  0.966	  0.234	 -0.110
	  0.014	  0.377	  0.926

8 	  39.78	  -9.77	  10.58
	  0.611	 -0.031	  0.790
	  0.101	 -0.988	 -0.117
	  0.785	  0.151	 -0.601

9 	  50.96	  -6.31	  12.83
	  0.806	  0.511	  0.299
	 -0.054	  0.565	 -0.823
	 -0.590	  0.647	  0.483

2 	  32.41	   2.83	  -0.90
	 -0.222	 -0.290	 -0.931
	 -0.023	  0.956	 -0.292
	  0.975	 -0.043	 -0.218

3 	  42.35	  -0.83	   1.48
	  0.470	  0.187	  0.862
	 -0.130	  0.981	 -0.142
	 -0.873	 -0.046	  0.486

4 	  37.63	   7.08	  -3.01
	  0.436	  0.870	  0.232
	 -0.868	  0.338	  0.363
	  0.237	 -0.360	  0.902

5 	  39.64	   8.07	  10.81
	  0.609	  0.108	  0.786
	 -0.228	 -0.925	  0.303
	  0.760	 -0.364	 -0.539

6 	  50.87	   4.54	  12.22
	  0.760	 -0.566	  0.319
	  0.239	  0.700	  0.672
	 -0.605	 -0.434	  0.667

7 	  38.23	  -8.88	  -2.88
	  0.258	 -0.896	  0.360
	  0.966	  0.234	 -0.110
	  0.014	  0.376	  0.926

8 	  39.76	  -9.77	  10.58
	  0.610	 -0.031	  0.791
	  0.100	 -0.988	 -0.117
	  0.785	  0.150	 -0.600

9 	  50.98	  -6.31	  12.83
	  0.806	  0.511	  0.299
	 -0.054	  0.566	 -0.823
	 -0.590	  0.647	  0.483

2 	  32.75	   3.41	  -2.07
	  0.367	 -0.225	 -0.902
	  0.432	  0.900	 -0.049
	  0.823	 -0.373	  0.428

3 	  42.33	  -0.83	   1.48
	  0.468	  0.186	  0.863
	 -0.131	  0.981	 -0.141
	 -0.874	 -0.048	  0.484

4 	  37.63	   7.10	  -2.99
	  0.436	  0.869	  0.234
	 -0.869	  0.338	  0.362
	  0.235	 -0.362	  0.902

5 	  39.62	   8.07	  10.83
	  0.609	  0.107	  0.786
	 -0.227	 -0.926	  0.302
	  0.760	 -0.362	 -0.540

6 	  50.87	   4.57	  12.23
	  0.761	 -0.566	  0.318
	  0.238	  0.699	  0.674
	 -0.604	 -0.438	  0.666

7 	  38.21	  -8.86	  -2.88
	  0.258	 -0.896	  0.360
	  0.966	  0.234	 -0.110
	  0.014	  0.376	  0.926

8 	  39.76	  -9.76	  10.56
	  0.611	 -0.032	  0.791
	  0.101	 -0.988	 -0.118
	  0.785	  0.152	 -0.601

9 	  50.98	  -6.31	  12.85
	  0.806	  0.510	  0.299
	 -0.053	  0.566	 -0.822
	 -0.590	  0.647	  0.483

2 	  32.15	   3.94	   3.96
	 -0.349	 -0.842	 -0.410
	 -0.200	  0.494	 -0.846
	  0.915	 -0.214	 -0.341

3 	  42.36	  -0.86	   1.53
	  0.463	  0.190	  0.866
	 -0.130	  0.980	 -0.146
	 -0.877	 -0.045	  0.478

4 	  37.76	   7.05	  -3.02
	  0.438	  0.864	  0.246
	 -0.875	  0.347	  0.338
	  0.207	 -0.364	  0.908

5 	  39.64	   8.03	  10.85
	  0.605	  0.108	  0.789
	 -0.228	 -0.926	  0.301
	  0.763	 -0.362	 -0.535

6 	  50.87	   4.57	  12.25
	  0.762	 -0.564	  0.318
	  0.233	  0.697	  0.678
	 -0.604	 -0.443	  0.662

7 	  38.25	  -8.89	  -2.85
	  0.253	 -0.896	  0.364
	  0.967	  0.231	 -0.105
	  0.009	  0.379	  0.925

8 	  39.76	  -9.77	  10.62
	  0.609	 -0.030	  0.792
	  0.102	 -0.988	 -0.115
	  0.786	  0.151	 -0.599

9 	  50.98	  -6.33	  12.85
	  0.807	  0.510	  0.296
	 -0.054	  0.563	 -0.824
	 -0.588	  0.649	  0.482

2 	  32.15	   3.18	   3.80
	 -0.020	 -0.827	 -0.562
	 -0.284	  0.543	 -0.790
	  0.958	  0.144	 -0.245

3 	  42.36	  -0.84	   1.53
	  0.462	  0.190	  0.866
	 -0.131	  0.980	 -0.145
	 -0.877	 -0.047	  0.477

4 	  37.76	   7.07	  -3.02
	  0.435	  0.865	  0.248
	 -0.876	  0.343	  0.339
	  0.208	 -0.365	  0.907

5 	  39.64	   8.05	  10.85
	  0.604	  0.107	  0.789
	 -0.228	 -0.926	  0.301
	  0.763	 -0.362	 -0.536

6 	  50.87	   4.57	  12.27
	  0.762	 -0.564	  0.317
	  0.233	  0.696	  0.679
	 -0.604	 -0.444	  0.661

7 	  38.27	  -8.89	  -2.85
	  0.253	 -0.896	  0.363
	  0.967	  0.231	 -0.104
	  0.009	  0.378	  0.925

8 	  39.74	  -9.76	  10.60
	  0.610	 -0.031	  0.792
	  0.102	 -0.988	 -0.117
	  0.786	  0.152	 -0.599

9 	  50.96	  -6.33	  12.85
	  0.807	  0.510	  0.297
	 -0.054	  0.565	 -0.823
	 -0.588	  0.649	  0.484

2 	  32.08	   3.78	   3.92
	 -0.277	 -0.758	 -0.591
	 -0.110	  0.636	 -0.764
	  0.954	 -0.147	 -0.260

3 	  42.36	  -0.81	   1.55
	  0.460	  0.189	  0.867
	 -0.132	  0.980	 -0.145
	 -0.878	 -0.048	  0.476

4 	  37.76	   7.08	  -3.01
	  0.432	  0.866	  0.250
	 -0.878	  0.339	  0.339
	  0.208	 -0.366	  0.907

5 	  39.62	   8.03	  10.86
	  0.605	  0.106	  0.789
	 -0.228	 -0.926	  0.300
	  0.762	 -0.361	 -0.536

6 	  50.87	   4.59	  12.25
	  0.764	 -0.564	  0.314
	  0.232	  0.695	  0.680
	 -0.602	 -0.447	  0.661

7 	  38.27	  -8.88	  -2.87
	  0.252	 -0.897	  0.363
	  0.967	  0.231	 -0.104
	  0.009	  0.377	  0.926

8 	  39.74	  -9.76	  10.60
	  0.610	 -0.031	  0.792
	  0.103	 -0.988	 -0.117
	  0.786	  0.153	 -0.599

9 	  50.98	  -6.31	  12.83
	  0.808	  0.509	  0.297
	 -0.054	  0.565	 -0.823
	 -0.587	  0.648	  0.484

2 	  32.17	   4.45	   3.32
	 -0.269	 -0.542	 -0.796
	  0.421	  0.677	 -0.604
	  0.866	 -0.498	  0.046

3 	  42.35	  -0.83	   1.55
	  0.460	  0.189	  0.867
	 -0.131	  0.981	 -0.144
	 -0.878	 -0.048	  0.476

4 	  37.76	   7.10	  -3.01
	  0.431	  0.867	  0.251
	 -0.878	  0.338	  0.338
	  0.208	 -0.366	  0.907

5 	  39.62	   8.03	  10.86
	  0.604	  0.106	  0.789
	 -0.228	 -0.927	  0.299
	  0.763	 -0.361	 -0.536

6 	  50.87	   4.61	  12.25
