2  1145.23  -30.36  116.53  
   -0.08  -0.09  -0.99  
   -0.40  -0.91  0.12  
   -0.91  0.40  0.04  

3  1092.99  -16.07  41.97  
   -0.36  -0.09  -0.93  
   -0.05  -0.99  0.12  
   -0.93  0.09  0.35  

2  1145.23  -24.11  115.19  
   -0.15  0.05  -0.99  
   -0.24  -0.97  -0.01  
   -0.96  0.24  0.15  

3  1093.89  -16.07  42.86  
   -0.36  -0.08  -0.93  
   -0.06  -0.99  0.11  
   -0.93  0.10  0.35  

2  1141.21  -27.68  105.82  
   -0.39  0.01  -0.92  
   -0.28  -0.95  0.11  
   -0.88  0.30  0.38  

3  1094.78  -17.41  42.86  
   -0.38  -0.08  -0.92  
   -0.06  -0.99  0.11  
   -0.92  0.10  0.37  

2  1141.21  -36.61  109.84  
   -0.32  -0.09  -0.94  
   -0.54  -0.80  0.26  
   -0.78  0.59  0.20  

3  1094.78  -17.86  43.31  
   -0.41  -0.08  -0.91  
   -0.05  -0.99  0.11  
   -0.91  0.09  0.40  

2  1145.68  -28.57  113.85  
   -0.08  0.10  -0.99  
   -0.41  -0.91  -0.06  
   -0.91  0.41  0.12  

3  1094.33  -18.31  42.42  
   -0.36  -0.08  -0.93  
   -0.07  -0.99  0.12  
   -0.93  0.11  0.35  

2  1076.47  -14.73  -35.72  
   -0.55  -0.10  -0.83  
   -0.02  -0.99  0.12  
   -0.84  0.08  0.54  

3  1092.55  -16.07  42.86  
   -0.45  -0.07  -0.89  
   -0.03  -0.99  0.10  
   -0.89  0.07  0.45  

2  1083.62  -6.25  -28.13  
   -0.36  -0.00  -0.93  
   0.17  -0.98  -0.07  
   -0.92  -0.19  0.35  

3  1092.99  -15.63  41.97  
   -0.45  -0.07  -0.89  
   -0.03  -0.99  0.10  
   -0.89  0.07  0.45  

2  1072.90  -8.93  -37.06  
   -0.65  -0.07  -0.75  
   0.07  -1.00  0.03  
   -0.75  -0.03  0.66  

3  1092.55  -14.73  42.86  
   -0.45  -0.07  -0.89  
   -0.03  -0.99  0.10  
   -0.89  0.07  0.45  

2  1067.10  -23.66  -36.17  
   -0.76  -0.05  -0.65  
   -0.26  -0.90  0.36  
   -0.60  0.44  0.67  

3  1092.55  -15.18  43.31  
   -0.45  -0.07  -0.89  
   -0.03  -0.99  0.10  
   -0.89  0.07  0.45  

2  1074.24  -29.91  -28.57  
   -0.65  -0.06  -0.76  
   -0.51  -0.70  0.50  
   -0.57  0.71  0.42  

3  1092.55  -15.18  43.31  
   -0.45  -0.07  -0.89  
   -0.03  -0.99  0.10  
   -0.89  0.07  0.45  

2  1146.13  -14.73  -129.93  
   -0.56  0.77  0.31  
   -0.83  -0.56  -0.10  
   0.10  -0.31  0.95  

3  1234.53  -25.00  103.14  
   0.12  -0.07  -0.99  
   -0.10  -0.99  0.06  
   -0.99  0.10  -0.12  

2  1138.98  -14.73  -130.82  
   -0.56  0.69  0.45  
   -0.81  -0.58  -0.12  
   0.18  -0.43  0.88  

3  1233.64  -25.00  102.69  
   0.11  -0.07  -0.99  
   -0.10  -0.99  0.05  
   -0.99  0.09  -0.12  

2  1160.86  -26.79  -133.05  
   -0.01  1.00  -0.08  
   -0.99  0.00  0.12  
   0.12  0.08  0.99  

3  1230.96  -24.56  102.69  
   0.11  -0.06  -0.99  
   -0.10  -0.99  0.05  
   -0.99  0.09  -0.11  

2  1162.65  -8.48  -125.91  
   -0.02  0.99  -0.14  
   -0.97  -0.05  -0.22  
   -0.23  0.13  0.97  

3  1231.85  -24.11  102.24  
   0.11  -0.07  -0.99  
   -0.10  -0.99  0.05  
   -0.99  0.09  -0.12  

2  1144.34  -1.79  -125.46  
   -0.31  0.91  0.25  
   -0.91  -0.22  -0.35  
   -0.26  -0.34  0.90  

3  1231.85  -23.22  101.80  
   0.11  -0.07  -0.99  
   -0.10  -0.99  0.05  
   -0.99  0.09  -0.12  

2  984.94  -1.79  27.68  
   -0.63  0.07  0.77  
   -0.42  -0.87  -0.26  
   0.66  -0.48  0.58  

3  1237.21  -22.77  104.48  
   0.13  -0.06  -0.99  
   -0.10  -0.99  0.05  
   -0.99  0.09  -0.14  

2  980.48  -8.93  38.40  
   -0.45  0.05  0.89  
   -0.33  -0.94  -0.11  
   0.83  -0.35  0.44  

3  1237.21  -23.22  104.92  
   0.14  -0.06  -0.99  
   -0.10  -0.99  0.05  
   -0.99  0.09  -0.15  

2  995.66  -19.65  16.07  
   -0.31  0.82  0.48  
   -0.90  -0.42  0.15  
   0.32  -0.38  0.86  

3  1236.76  -22.77  104.92  
   0.14  -0.06  -0.99  
   -0.10  -0.99  0.05  
   -0.99  0.09  -0.15  

2  983.61  3.57  29.47  
   -0.64  0.08  0.76  
   -0.50  -0.80  -0.33  
   0.58  -0.60  0.55  

3  1237.21  -22.77  104.92  
   0.14  -0.07  -0.99  
   -0.10  -0.99  0.05  
   -0.99  0.09  -0.14  

2  982.71  1.34  31.25  
   -0.62  0.10  0.78  
   -0.52  -0.80  -0.31  
   0.59  -0.59  0.55  

3  1236.32  -22.77  104.92  
   0.14  -0.07  -0.99  
   -0.10  -0.99  0.05  
   -0.99  0.09  -0.15  

2  1107.28  0.45  -22.77  
   -0.21  -0.14  -0.97  
   -0.38  -0.90  0.21  
   -0.90  0.41  0.13  

3  1109.51  -11.61  56.70  
   -0.36  0.01  -0.93  
   -0.06  -1.00  0.01  
   -0.93  0.06  0.36  

2  1107.73  9.38  -27.24  
   -0.30  0.06  -0.95  
   -0.16  -0.99  -0.01  
   -0.94  0.14  0.31  

3  1109.96  -11.61  57.15  
   -0.35  0.00  -0.94  
   -0.05  -1.00  0.02  
   -0.93  0.06  0.35  

2  1105.05  -1.79  -25.45  
   -0.35  -0.08  -0.93  
   -0.54  -0.80  0.27  
   -0.77  0.60  0.23  

3  1109.51  -11.61  57.15  
   -0.35  0.00  -0.94  
   -0.06  -1.00  0.02  
   -0.93  0.06  0.35  

2  1104.16  -9.82  -18.75  
   -0.37  -0.18  -0.91  
   -0.75  -0.52  0.41  
   -0.55  0.83  0.06  

3  1109.51  -12.06  57.60  
   -0.35  0.00  -0.94  
   -0.06  -1.00  0.02  
   -0.93  0.06  0.35  

2  1109.51  2.23  -17.86  
   -0.06  -0.12  -0.99  
   -0.47  -0.87  0.13  
   -0.88  0.48  -0.00  

3  1109.96  -11.61  57.15  
   -0.35  0.00  -0.94  
   -0.06  -1.00  0.02  
   -0.93  0.06  0.35  

2  1034.95  150.91  0.00  
   -0.82  -0.12  -0.55  
   0.02  -0.98  0.17  
   -0.56  0.13  0.82  

4  968.87  168.77  -4.91  
   0.88  0.45  0.17  
   -0.32  0.82  -0.48  
   -0.35  0.37  0.86  

2  1050.58  157.16  8.48  
   -0.48  -0.26  -0.84  
   0.31  -0.94  0.11  
   -0.82  -0.20  0.53  

4  968.87  168.77  -4.46  
   0.88  0.45  0.17  
   -0.32  0.82  -0.48  
   -0.36  0.37  0.86  

2  1044.33  171.90  7.59  
   -0.66  -0.21  -0.72  
   0.51  -0.83  -0.22  
   -0.55  -0.52  0.66  

4  969.76  169.66  -4.02  
   0.88  0.45  0.17  
   -0.32  0.82  -0.48  
   -0.36  0.37  0.86  

2  1033.16  156.27  -3.57  
   -0.83  -0.22  -0.51  
   0.19  -0.98  0.11  
   -0.52  -0.00  0.86  

4  969.32  169.22  -4.46  
   0.88  0.45  0.18  
   -0.32  0.81  -0.48  
   -0.36  0.37  0.86  

2  1048.35  148.23  4.02  
   -0.58  -0.17  -0.80  
   -0.14  -0.95  0.29  
   -0.81  0.28  0.52  

4  968.87  169.22  -4.91  
   0.87  0.45  0.18  
   -0.32  0.82  -0.48  
   -0.37  0.36  0.86  

2  1022.00  182.17  -25.90  
   -0.82  -0.16  -0.55  
   0.42  -0.82  -0.38  
   -0.39  -0.55  0.74  

4  971.55  163.41  -8.04  
   0.84  0.51  0.19  
   -0.37  0.80  -0.48  
   -0.39  0.33  0.86  

2  1034.06  184.84  -11.16  
   -0.64  -0.09  -0.76  
   0.60  -0.68  -0.42  
   -0.48  -0.73  0.49  

4  972.89  163.86  -6.70  
   0.85  0.50  0.17  
   -0.38  0.79  -0.48  
   -0.38  0.34  0.86  

2  1017.09  187.52  -23.66  
   -0.90  -0.08  -0.42  
   0.32  -0.78  -0.53  
   -0.28  -0.62  0.73  

4  972.44  164.31  -7.59  
   0.84  0.51  0.18  
   -0.38  0.79  -0.48  
   -0.38  0.34  0.86  

2  1023.34  151.36  -30.36  
   -0.84  0.09  -0.53  
   -0.26  -0.93  0.25  
   -0.47  0.35  0.81  

4  972.89  162.97  -9.38  
   0.84  0.51  0.18  
   -0.38  0.80  -0.47  
   -0.38  0.33  0.86  

2  1039.86  174.13  -13.84  
   -0.54  0.14  -0.83  
   0.03  -0.98  -0.18  
   -0.84  -0.12  0.52  

4  974.68  164.75  -6.70  
   0.85  0.50  0.17  
   -0.38  0.79  -0.48  
   -0.37  0.34  0.86  

2  968.42  216.99  -4.02  
   -0.95  0.15  0.28  
   -0.32  -0.38  -0.87  
   -0.02  -0.91  0.41  

4  988.07  158.06  -13.39  
   0.84  0.52  0.14  
   -0.41  0.78  -0.47  
   -0.36  0.34  0.87  

2  959.05  207.62  -8.48  
   -0.79  0.08  0.61  
   -0.56  -0.49  -0.66  
   0.25  -0.87  0.43  

4  990.30  157.61  -12.95  
   0.84  0.53  0.13  
   -0.42  0.78  -0.47  
   -0.35  0.34  0.87  

2  969.76  196.90  -23.66  
   -0.73  0.62  0.28  
   -0.67  -0.58  -0.46  
   -0.12  -0.53  0.84  

4  990.30  157.16  -11.61  
   0.84  0.52  0.13  
   -0.41  0.78  -0.48  
   -0.35  0.35  0.87  

2  987.62  211.19  -14.29  
   -0.56  0.82  -0.15  
   -0.53  -0.48  -0.70  
   -0.64  -0.31  0.70  

4  987.62  160.73  -11.61  
   0.85  0.51  0.15  
   -0.39  0.79  -0.47  
   -0.36  0.35  0.87  

2  976.46  221.01  -1.79  
   -0.84  0.55  0.03  
   -0.26  -0.35  -0.90  
   -0.48  -0.76  0.44  

4  985.84  162.07  -12.06  
   0.85  0.50  0.15  
   -0.38  0.79  -0.47  
   -0.36  0.35  0.87  

2  900.56  82.60  -12.06  
   -0.52  0.33  0.79  
   -0.83  -0.42  -0.37  
   0.21  -0.85  0.49  

4  1023.79  154.48  -22.77  
   0.82  0.57  0.09  
   -0.48  0.75  -0.46  
   -0.32  0.33  0.89  

2  904.58  97.33  -7.59  
   -0.75  0.26  0.61  
   -0.66  -0.33  -0.67  
   0.03  -0.91  0.42  

4  1023.34  154.04  -24.11  
   0.81  0.57  0.09  
   -0.48  0.75  -0.45  
   -0.33  0.32  0.89  

2  913.06  66.53  -28.13  
   0.11  0.85  0.51  
   -0.99  0.14  -0.02  
   -0.08  -0.50  0.86  

4  1023.34  154.48  -23.66  
   0.82  0.57  0.09  
   -0.48  0.75  -0.45  
   -0.33  0.33  0.89  

2  913.06  88.40  -17.86  
   0.01  0.88  0.47  
   -0.84  0.26  -0.47  
   -0.54  -0.39  0.75  

4  1023.34  154.04  -23.22  
   0.82  0.57  0.09  
   -0.48  0.75  -0.45  
   -0.32  0.33  0.89  

2  904.13  95.10  -6.25  
   -0.34  0.68  0.65  
   -0.77  0.19  -0.61  
   -0.53  -0.71  0.46  

4  1022.00  153.59  -24.56  
   0.82  0.57  0.09  
   -0.48  0.76  -0.45  
   -0.33  0.32  0.89  

2  920.65  124.57  96.44  
   -0.63  -0.16  0.76  
   -0.53  -0.62  -0.57  
   0.57  -0.76  0.31  

4  1058.61  120.55  -47.33  
   0.74  0.67  0.05  
   -0.61  0.70  -0.38  
   -0.29  0.25  0.92  

2  917.08  106.71  100.01  
   -0.32  -0.06  0.95  
   -0.59  -0.77  -0.25  
   0.74  -0.63  0.21  

4  1058.61  121.44  -47.33  
   0.74  0.67  0.05  
   -0.61  0.70  -0.38  
   -0.29  0.25  0.92  

2  921.99  129.93  97.33  
   -0.64  0.02  0.76  
   -0.68  -0.47  -0.56  
   0.35  -0.88  0.31  

4  1058.17  121.89  -47.33  
   0.74  0.67  0.05  
   -0.61  0.70  -0.38  
   -0.29  0.25  0.92  

2  916.19  121.00  107.60  
   -0.43  -0.18  0.88  
   -0.66  -0.60  -0.44  
   0.61  -0.78  0.14  

4  1055.49  124.12  -47.77  
   0.74  0.67  0.06  
   -0.60  0.70  -0.38  
   -0.30  0.24  0.92  

2  923.33  133.95  94.21  
   -0.65  0.33  0.68  
   -0.75  -0.17  -0.64  
   -0.09  -0.93  0.36  

4  1056.83  124.57  -47.33  
   0.74  0.67  0.06  
   -0.60  0.70  -0.38  
   -0.30  0.25  0.92  

2  1151.48  272.80  155.82  
   -0.94  0.17  -0.29  
   0.04  -0.80  -0.60  
   -0.34  -0.58  0.74  

5  1067.99  247.80  159.39  
   -0.52  0.68  0.51  
   -0.32  0.40  -0.86  
   -0.79  -0.61  0.01  

2  1143.89  280.39  166.09  
   -0.99  0.12  -0.07  
   -0.01  -0.56  -0.82  
   -0.14  -0.82  0.56  

5  1069.33  248.25  158.06  
   -0.52  0.69  0.51  
   -0.32  0.40  -0.86  
   -0.79  -0.61  0.02  

2  1146.57  259.85  144.21  
   -0.82  0.56  -0.07  
   -0.49  -0.77  -0.42  
   -0.29  -0.31  0.90  

5  1070.67  247.80  155.82  
   -0.52  0.68  0.51  
   -0.32  0.40  -0.86  
   -0.79  -0.61  0.01  

2  1154.61  265.66  152.25  
   -0.81  0.53  -0.26  
   -0.35  -0.79  -0.51  
   -0.48  -0.32  0.82  

5  1071.56  247.35  155.82  
   -0.52  0.69  0.51  
   -0.32  0.39  -0.86  
   -0.79  -0.61  0.02  

2  1148.80  281.29  171.45  
   -0.89  0.44  -0.12  
   -0.09  -0.43  -0.90  
   -0.44  -0.79  0.42  

5  1071.12  247.80  156.27  
   -0.52  0.69  0.51  
   -0.32  0.39  -0.86  
   -0.79  -0.61  0.02  

2  1089.87  191.10  253.60  
   -0.65  -0.57  0.51  
   -0.23  0.78  0.59  
   -0.73  0.26  -0.63  

5  1079.60  244.23  150.02  
   -0.55  0.66  0.51  
   -0.33  0.39  -0.86  
   -0.77  -0.64  0.00  

2  1085.85  204.94  252.26  
   -0.70  -0.37  0.61  
   -0.05  0.87  0.48  
   -0.71  0.31  -0.63  

5  1082.28  245.12  150.47  
   -0.56  0.66  0.50  
   -0.33  0.38  -0.87  
   -0.76  -0.65  0.00  

2  1086.30  208.51  261.19  
   -0.74  -0.26  0.62  
   -0.12  0.96  0.26  
   -0.66  0.12  -0.74  

5  1082.28  246.01  150.91  
   -0.56  0.66  0.49  
   -0.33  0.37  -0.87  
   -0.76  -0.65  0.01  

2  1083.17  205.83  254.50  
   -0.62  -0.35  0.71  
   -0.01  0.90  0.44  
   -0.79  0.26  -0.56  

5  1081.39  246.91  152.25  
   -0.57  0.66  0.49  
   -0.32  0.38  -0.87  
   -0.76  -0.65  -0.01  

2  1094.33  204.94  263.87  
   -0.64  -0.64  0.43  
   -0.52  0.77  0.37  
   -0.57  0.02  -0.82  

5  1081.39  246.91  152.70  
   -0.57  0.66  0.50  
   -0.32  0.38  -0.87  
   -0.76  -0.65  -0.01  

2  1345.70  133.05  329.06  
   -0.54  0.33  -0.77  
   -0.73  -0.64  0.24  
   -0.41  0.69  0.59  

6  1305.07  169.22  316.56  
   0.83  0.03  -0.56  
   -0.17  0.96  -0.21  
   0.53  0.27  0.81  

2  1343.92  137.07  337.99  
   -0.58  0.29  -0.76  
   -0.69  -0.67  0.28  
   -0.43  0.69  0.59  

6  1305.07  171.90  316.56  
   0.83  0.01  -0.56  
   -0.17  0.96  -0.24  
   0.53  0.29  0.80  

2  1335.43  118.76  341.11  
   -0.83  0.22  -0.51  
   -0.55  -0.45  0.71  
   -0.07  0.87  0.49  

6  1305.07  171.45  316.56  
   0.83  0.00  -0.56  
   -0.16  0.96  -0.23  
   0.53  0.29  0.80  

2  1344.81  124.57  337.54  
   -0.65  0.17  -0.74  
   -0.72  -0.47  0.52  
   -0.26  0.87  0.42  

6  1305.52  172.79  316.11  
   0.82  0.00  -0.57  
   -0.16  0.96  -0.23  
   0.54  0.28  0.79  

2  1355.53  150.91  334.86  
   -0.19  0.42  -0.89  
   -0.70  -0.69  -0.18  
   -0.69  0.59  0.42  

6  1305.52  172.34  314.77  
   0.82  -0.00  -0.57  
   -0.16  0.96  -0.23  
   0.54  0.28  0.79  

2  1325.17  233.06  373.71  
   0.40  0.76  -0.51  
   -0.24  -0.45  -0.86  
   -0.88  0.47  0.00  

6  1295.70  195.11  319.24  
   0.84  -0.18  -0.52  
   -0.10  0.88  -0.46  
   0.54  0.43  0.72  

2  1321.59  231.73  361.65  
   -0.12  0.84  -0.52  
   -0.26  -0.53  -0.80  
   -0.96  0.04  0.28  

6  1295.25  195.11  320.13  
   0.84  -0.19  -0.52  
   -0.09  0.88  -0.47  
   0.54  0.44  0.72  

2  1332.31  225.92  371.92  
   0.67  0.36  -0.65  
   -0.53  -0.38  -0.76  
   -0.52  0.85  -0.06  

6  1295.25  196.01  319.68  
   0.84  -0.18  -0.52  
   -0.09  0.88  -0.47  
   0.54  0.44  0.72  

2  1321.59  234.85  386.66  
   0.76  0.54  -0.35  
   -0.12  -0.42  -0.90  
   -0.63  0.73  -0.25  

6  1295.70  195.56  318.34  
   0.84  -0.18  -0.51  
   -0.09  0.88  -0.47  
   0.54  0.44  0.72  

2  1319.36  232.62  367.01  
   -0.03  0.91  -0.41  
   -0.10  -0.41  -0.91  
   -0.99  0.01  0.11  

6  1295.25  195.56  319.24  
   0.84  -0.19  -0.51  
   -0.09  0.88  -0.47  
   0.54  0.44  0.72  

2  1047.45  -40.18  -50.90  
   0.38  -0.80  -0.47  
   0.92  0.32  0.20  
   -0.01  -0.51  0.86  

3  1091.65  -21.43  50.90  
   -0.45  0.01  -0.90  
   -0.09  -1.00  0.03  
   -0.89  0.09  0.44  

2  1057.72  -34.38  -40.63  
   0.26  -0.63  -0.73  
   0.90  0.43  -0.05  
   0.35  -0.65  0.68  

3  1091.21  -21.88  50.45  
   -0.45  0.01  -0.89  
   -0.09  -1.00  0.03  
   -0.89  0.10  0.45  

2  1047.01  -35.72  -52.69  
   0.30  -0.85  -0.44  
   0.95  0.31  0.06  
   0.08  -0.44  0.90  

3  1091.21  -21.88  50.45  
   -0.45  0.01  -0.89  
   -0.09  -1.00  0.03  
   -0.89  0.10  0.45  

2  1052.36  -52.69  -45.54  
   0.52  -0.63  -0.58  
   0.85  0.30  0.44  
   -0.10  -0.72  0.69  

3  1091.21  -21.88  50.45  
   -0.45  0.01  -0.89  
   -0.09  -1.00  0.03  
   -0.89  0.10  0.45  

2  1060.85  -45.09  -43.31  
   0.36  -0.54  -0.76  
   0.91  0.39  0.15  
   0.21  -0.74  0.63  

3  1091.65  -21.88  50.01  
   -0.45  0.01  -0.89  
   -0.10  -0.99  0.03  
   -0.89  0.10  0.45  

2  1027.36  -156.72  -9.38  
   0.30  -0.63  -0.72  
   0.95  0.11  0.30  
   -0.11  -0.77  0.62  

7  949.67  -185.74  -25.45  
   0.78  -0.56  0.28  
   0.47  0.82  0.33  
   -0.41  -0.12  0.90  

2  1036.74  -154.04  2.23  
   0.27  -0.37  -0.89  
   0.95  0.26  0.18  
   0.16  -0.89  0.42  

7  950.12  -187.08  -25.90  
   0.78  -0.56  0.28  
   0.47  0.82  0.33  
   -0.42  -0.12  0.90  

2  1018.43  -156.27  -21.43  
   -0.02  -0.85  -0.52  
   0.96  -0.17  0.23  
   -0.28  -0.49  0.82  

7  950.12  -187.08  -27.24  
   0.78  -0.56  0.29  
   0.47  0.82  0.33  
   -0.42  -0.12  0.90  

2  1031.38  -162.07  -5.80  
   0.24  -0.55  -0.80  
   0.93  -0.10  0.35  
   -0.27  -0.83  0.49  

7  950.12  -187.97  -26.79  
   0.78  -0.56  0.29  
   0.47  0.82  0.33  
   -0.42  -0.12  0.90  

2  1035.40  -156.27  -1.34  
   0.19  -0.43  -0.89  
   0.98  0.00  0.21  
   -0.08  -0.90  0.42  

7  949.67  -187.97  -26.34  
   0.78  -0.56  0.29  
   0.47  0.82  0.33  
   -0.42  -0.12  0.90  

2  994.32  -221.90  -38.40  
   0.95  -0.10  -0.29  
   0.27  0.72  0.64  
   0.14  -0.69  0.71  

7  944.31  -188.42  -22.32  
   0.74  -0.54  0.41  
   0.40  0.84  0.37  
   -0.54  -0.11  0.83  

2  1003.70  -222.80  -34.83  
   0.89  0.02  -0.46  
   0.30  0.73  0.61  
   0.35  -0.68  0.64  

7  945.65  -189.76  -21.43  
   0.74  -0.54  0.41  
   0.41  0.83  0.37  
   -0.54  -0.11  0.83  

2  994.32  -197.35  -50.90  
   0.77  -0.60  -0.23  
   0.64  0.75  0.15  
   0.08  -0.26  0.96  

7  947.44  -188.86  -25.00  
   0.73  -0.55  0.40  
   0.42  0.83  0.37  
   -0.54  -0.10  0.84  

2  988.96  -226.81  -45.09  
   0.89  -0.43  -0.13  
   0.37  0.55  0.74  
   -0.25  -0.71  0.66  

7  946.10  -189.76  -23.22  
   0.73  -0.55  0.41  
   0.42  0.83  0.38  
   -0.55  -0.10  0.83  

2  1006.38  -217.88  -34.83  
   0.86  -0.08  -0.50  
   0.39  0.74  0.55  
   0.32  -0.67  0.67  

7  946.99  -189.31  -21.88  
   0.73  -0.55  0.40  
   0.42  0.83  0.37  
   -0.54  -0.10  0.84  

2  944.31  -242.89  -26.34  
   0.75  -0.47  0.46  
   -0.11  0.60  0.79  
   -0.65  -0.64  0.40  

7  958.60  -184.40  -29.47  
   0.72  -0.57  0.39  
   0.43  0.82  0.38  
   -0.54  -0.10  0.84  

2  950.12  -246.91  -21.88  
   0.82  -0.41  0.39  
   -0.20  0.44  0.88  
   -0.53  -0.80  0.28  

7  961.73  -183.95  -31.70  
   0.71  -0.59  0.39  
   0.45  0.80  0.39  
   -0.55  -0.10  0.83  

2  957.71  -237.98  -33.93  
   0.78  -0.58  0.24  
   0.28  0.66  0.69  
   -0.56  -0.47  0.68  

7  962.62  -186.18  -31.25  
   0.71  -0.58  0.39  
   0.44  0.81  0.39  
   -0.54  -0.10  0.83  

2  934.49  -238.42  -13.39  
   0.05  -0.64  0.77  
   0.05  0.77  0.63  
   -1.00  0.01  0.07  

7  963.51  -184.40  -32.59  
   0.71  -0.59  0.39  
   0.45  0.80  0.39  
   -0.54  -0.10  0.83  

2  955.48  -248.69  -24.56  
   0.75  -0.58  0.32  
   -0.06  0.42  0.91  
   -0.66  -0.70  0.28  

7  963.51  -184.84  -32.15  
   0.71  -0.59  0.39  
   0.46  0.80  0.39  
   -0.54  -0.10  0.84  

2  875.56  -133.05  10.72  
   -0.07  -0.29  0.95  
   0.09  0.95  0.30  
   -0.99  0.11  -0.04  

7  992.53  -191.54  -40.18  
   0.70  -0.64  0.32  
   0.52  0.76  0.39  
   -0.49  -0.11  0.87  

2  879.57  -131.27  -5.36  
   0.36  -0.28  0.89  
   -0.00  0.95  0.30  
   -0.93  -0.11  0.35  

7  993.43  -192.43  -39.74  
   0.70  -0.64  0.31  
   0.52  0.76  0.39  
   -0.49  -0.11  0.87  

2  878.68  -101.35  13.84  
   0.33  0.08  0.94  
   0.62  0.73  -0.28  
   -0.71  0.68  0.19  

7  993.43  -192.43  -39.29  
   0.70  -0.64  0.31  
   0.52  0.76  0.39  
   -0.48  -0.11  0.87  

2  874.22  -121.44  19.20  
   -0.14  -0.06  0.99  
   0.30  0.95  0.10  
   -0.94  0.31  -0.11  

7  992.53  -191.99  -39.29  
   0.70  -0.64  0.31  
   0.52  0.76  0.39  
   -0.49  -0.11  0.87  

2  877.79  -137.96  5.36  
   0.23  -0.42  0.88  
   -0.09  0.89  0.45  
   -0.97  -0.19  0.17  

7  992.53  -192.43  -39.74  
   0.70  -0.64  0.32  
   0.52  0.76  0.39  
   -0.49  -0.11  0.87  

2  898.33  -167.88  124.12  
   -0.25  -0.23  0.94  
   0.39  0.86  0.32  
   -0.89  0.45  -0.12  

7  1016.64  -188.86  -59.83  
   0.72  -0.65  0.23  
   0.56  0.74  0.36  
   -0.41  -0.14  0.90  

2  902.79  -175.91  114.75  
   -0.08  -0.46  0.88  
   0.22  0.86  0.47  
   -0.97  0.23  0.03  

7  1017.54  -189.31  -60.28  
   0.72  -0.66  0.22  
   0.56  0.74  0.36  
   -0.40  -0.14  0.91  

2  896.99  -159.39  124.57  
   -0.19  -0.09  0.98  
   0.67  0.72  0.19  
   -0.72  0.69  -0.08  

7  1017.54  -189.31  -60.28  
   0.72  -0.66  0.22  
   0.56  0.74  0.36  
   -0.40  -0.14  0.91  

2  901.90  -173.24  138.86  
   -0.65  -0.16  0.75  
   0.36  0.80  0.48  
   -0.68  0.57  -0.46  

7  1017.09  -189.31  -60.28  
   0.72  -0.65  0.23  
   0.56  0.74  0.36  
   -0.41  -0.14  0.90  

2  902.34  -175.91  112.96  
   -0.06  -0.43  0.90  
   0.28  0.86  0.43  
   -0.96  0.27  0.07  

7  1017.09  -189.76  -60.72  
   0.72  -0.66  0.22  
   0.56  0.74  0.36  
   -0.40  -0.14  0.90  

2  1104.16  -317.00  211.63  
   0.61  -0.74  -0.27  
   0.54  0.15  0.83  
   -0.58  -0.65  0.49  

8  1031.83  -275.48  238.42  
   -0.57  -0.38  0.73  
   0.22  0.79  0.58  
   -0.79  0.49  -0.37  

2  1092.55  -312.54  201.36  
   0.31  -0.95  -0.04  
   0.71  0.20  0.67  
   -0.63  -0.23  0.74  

8  1032.27  -275.03  238.42  
   -0.57  -0.37  0.73  
   0.22  0.79  0.57  
   -0.79  0.49  -0.37  

2  1076.03  -325.93  214.31  
   -0.30  -0.89  0.33  
   0.54  0.13  0.83  
   -0.78  0.43  0.45  

8  1032.27  -275.48  238.87  
   -0.58  -0.37  0.73  
   0.22  0.79  0.57  
   -0.79  0.49  -0.38  

2  1094.33  -327.27  220.56  
   0.34  -0.94  -0.05  
   0.22  0.03  0.97  
   -0.92  -0.34  0.22  

8  1032.27  -275.48  239.32  
   -0.58  -0.37  0.73  
   0.22  0.79  0.57  
   -0.79  0.49  -0.38  

2  1087.64  -331.74  234.40  
   0.28  -0.95  0.14  
   -0.05  0.13  0.99  
   -0.96  -0.28  -0.01  

8  1032.72  -275.48  239.32  
   -0.57  -0.37  0.73  
   0.22  0.79  0.57  
   -0.79  0.48  -0.38  

2  1045.22  -238.42  291.11  
   -0.12  0.78  0.61  
   0.84  0.41  -0.36  
   -0.53  0.47  -0.71  

8  1039.86  -286.64  221.46  
   -0.57  -0.39  0.72  
   0.28  0.73  0.62  
   -0.77  0.56  -0.31  

2  1038.08  -239.32  279.50  
   -0.12  0.53  0.84  
   0.70  0.65  -0.31  
   -0.71  0.55  -0.44  

8  1041.65  -287.98  216.99  
   -0.56  -0.41  0.72  
   0.29  0.72  0.63  
   -0.78  0.56  -0.29  

2  1052.81  -233.51  285.75  
   0.16  0.85  0.50  
   0.83  0.16  -0.53  
   -0.53  0.50  -0.69  

8  1042.99  -289.77  215.21  
   -0.56  -0.41  0.72  
   0.28  0.72  0.63  
   -0.78  0.56  -0.29  

2  1056.38  -252.71  292.00  
   -0.09  0.91  0.40  
   0.99  0.13  -0.09  
   -0.13  0.39  -0.91  

8  1044.33  -291.11  214.76  
   -0.56  -0.41  0.71  
   0.28  0.72  0.64  
   -0.78  0.56  -0.29  

2  1045.67  -250.03  286.20  
   0.05  0.74  0.67  
   0.98  0.10  -0.18  
   -0.20  0.66  -0.72  

8  1043.88  -291.55  214.31  
   -0.56  -0.41  0.72  
   0.29  0.71  0.64  
   -0.77  0.56  -0.28  

2  1311.77  -225.03  312.54  
   0.83  -0.33  -0.45  
   0.24  0.94  -0.23  
   0.50  0.08  0.86  

9  1286.77  -274.59  328.61  
   0.82  0.20  -0.54  
   0.13  0.85  0.51  
   0.56  -0.49  0.67  

2  1314.90  -245.12  308.97  
   0.85  0.02  -0.53  
   0.10  0.97  0.20  
   0.52  -0.22  0.82  

9  1286.77  -273.69  326.83  
   0.83  0.20  -0.53  
   0.13  0.84  0.53  
   0.55  -0.51  0.67  

2  1314.00  -223.69  314.77  
   0.69  -0.51  -0.51  
   0.44  0.86  -0.25  
   0.57  -0.05  0.82  

9  1286.77  -275.93  328.61  
   0.81  0.20  -0.54  
   0.13  0.85  0.51  
   0.57  -0.49  0.67  

2  1301.95  -223.24  302.72  
   0.65  -0.74  -0.16  
   0.71  0.67  -0.21  
   0.27  0.03  0.96  

9  1286.32  -276.82  329.51  
   0.81  0.21  -0.55  
   0.13  0.85  0.51  
   0.57  -0.49  0.66  

2  1315.34  -239.32  311.20  
   0.80  -0.23  -0.55  
   0.34  0.94  0.09  
   0.49  -0.26  0.83  

9  1287.66  -272.80  326.83  
   0.81  0.20  -0.55  
   0.13  0.86  0.50  
   0.57  -0.47  0.67  

2  1300.61  -316.11  326.83  
   0.22  -0.92  -0.32  
   0.54  -0.16  0.83  
   -0.82  -0.35  0.46  

9  1293.02  -271.02  315.22  
   0.77  0.01  -0.64  
   0.16  0.96  0.21  
   0.61  -0.27  0.74  

2  1303.73  -314.32  338.44  
   0.74  -0.56  -0.37  
   0.37  -0.11  0.92  
   -0.55  -0.82  0.13  

9  1292.57  -270.12  315.22  
   0.77  0.00  -0.64  
   0.16  0.97  0.20  
   0.62  -0.26  0.74  

2  1305.07  -310.75  337.54  
   0.79  -0.49  -0.38  
   0.54  0.24  0.81  
   -0.31  -0.84  0.45  

9  1293.02  -270.12  314.77  
   0.77  0.00  -0.64  
   0.16  0.97  0.20  
   0.62  -0.26  0.74  

2  1296.59  -321.92  342.45  
   0.33  -0.92  -0.19  
   0.14  -0.14  0.98  
   -0.93  -0.35  0.09  

9  1293.02  -270.12  315.22  
   0.77  0.01  -0.64  
   0.16  0.97  0.20  
   0.62  -0.26  0.74  

2  1302.84  -321.02  348.26  
   0.19  -0.93  -0.33  
   0.19  -0.29  0.94  
   -0.96  -0.24  0.12  

9  1293.02  -269.68  315.22  
   0.77  0.01  -0.64  
   0.16  0.97  0.20  
   0.62  -0.26  0.74  

