2 	  32.77	  -6.79	  22.94
	  0.829	  0.555	 -0.064
	 -0.555	  0.831	  0.015
	  0.062	  0.023	  0.998

3 	  43.93	   0.02	   2.09
	 -0.436	  0.233	 -0.869
	 -0.082	 -0.972	 -0.219
	 -0.896	 -0.024	  0.443

4 	  37.41	   5.98	  -5.06
	  0.601	  0.791	 -0.116
	 -0.607	  0.545	  0.578
	  0.520	 -0.277	  0.807

5 	  41.01	   8.23	   7.84
	  0.605	 -0.081	  0.792
	 -0.419	 -0.878	  0.231
	  0.677	 -0.471	 -0.566

6 	  47.78	   0.40	   3.97
	  0.295	 -0.896	 -0.331
	  0.913	  0.163	  0.373
	 -0.281	 -0.412	  0.867

7 	  39.97	  -8.19	  -5.12
	  0.577	 -0.764	  0.289
	  0.815	  0.517	 -0.260
	  0.048	  0.386	  0.921

8 	  42.93	  -9.83	   7.35
	  0.664	  0.191	  0.722
	  0.541	 -0.790	 -0.289
	  0.515	  0.583	 -0.628

9 	  50.03	  -0.76	   7.28
	  0.251	  0.966	 -0.059
	 -0.212	 -0.005	 -0.977
	 -0.944	  0.258	  0.204

2 	  32.77	  -6.79	  22.96
	  0.829	  0.554	 -0.064
	 -0.555	  0.831	  0.015
	  0.062	  0.023	  0.998

3 	  43.93	   0.04	   2.11
	 -0.436	  0.232	 -0.870
	 -0.081	 -0.972	 -0.219
	 -0.896	 -0.025	  0.442

4 	  37.39	   5.99	  -5.04
	  0.601	  0.791	 -0.116
	 -0.606	  0.545	  0.579
	  0.521	 -0.278	  0.807

5 	  41.01	   8.24	   7.86
	  0.605	 -0.080	  0.792
	 -0.420	 -0.877	  0.232
	  0.676	 -0.473	 -0.565

6 	  47.76	   0.39	   3.99
	  0.293	 -0.900	 -0.324
	  0.915	  0.166	  0.366
	 -0.276	 -0.404	  0.872

7 	  39.96	  -8.17	  -5.10
	  0.581	 -0.761	  0.289
	  0.812	  0.520	 -0.264
	  0.050	  0.388	  0.920

8 	  43.08	  -9.83	   7.31
	  0.671	  0.200	  0.714
	  0.556	 -0.772	 -0.307
	  0.490	  0.603	 -0.630

9 	  50.01	  -0.67	   7.40
	  0.224	  0.974	 -0.042
	 -0.163	 -0.004	 -0.986
	 -0.961	  0.228	  0.158

2 	  32.77	  -6.79	  22.96
	  0.829	  0.555	 -0.064
	 -0.555	  0.831	  0.015
	  0.061	  0.023	  0.998

3 	  43.89	   0.04	   2.13
	 -0.438	  0.230	 -0.869
	 -0.081	 -0.973	 -0.217
	 -0.895	 -0.024	  0.444

4 	  37.37	   5.98	  -5.04
	  0.601	  0.790	 -0.117
	 -0.604	  0.546	  0.581
	  0.523	 -0.279	  0.805

5 	  41.01	   8.24	   7.84
	  0.605	 -0.082	  0.792
	 -0.429	 -0.872	  0.237
	  0.671	 -0.483	 -0.563

6 	  47.72	   0.33	   4.04
	  0.288	 -0.908	 -0.305
	  0.918	  0.171	  0.356
	 -0.271	 -0.383	  0.883

7 	  39.96	  -8.17	  -5.08
	  0.587	 -0.753	  0.297
	  0.808	  0.526	 -0.265
	  0.043	  0.395	  0.917

8 	  43.37	  -9.95	   7.28
	  0.674	  0.206	  0.709
	  0.581	 -0.741	 -0.337
	  0.456	  0.639	 -0.620

9 	  50.03	  -0.49	   7.66
	  0.191	  0.981	 -0.022
	 -0.118	  0.000	 -0.993
	 -0.974	  0.192	  0.116

2 	  32.75	  -6.79	  22.96
	  0.829	  0.555	 -0.064
	 -0.555	  0.831	  0.015
	  0.061	  0.023	  0.998

3 	  43.89	   0.04	   2.13
	 -0.437	  0.228	 -0.870
	 -0.080	 -0.973	 -0.215
	 -0.896	 -0.025	  0.443

4 	  37.39	   5.99	  -5.04
	  0.602	  0.790	 -0.118
	 -0.604	  0.547	  0.580
	  0.523	 -0.279	  0.806

5 	  41.04	   8.26	   7.82
	  0.604	 -0.083	  0.793
	 -0.432	 -0.870	  0.238
	  0.670	 -0.486	 -0.561

6 	  47.79	   0.32	   4.15
	  0.293	 -0.910	 -0.294
	  0.914	  0.176	  0.365
	 -0.280	 -0.376	  0.883

7 	  39.99	  -8.19	  -5.04
	  0.588	 -0.748	  0.306
	  0.808	  0.528	 -0.260
	  0.032	  0.401	  0.915

8 	  43.44	  -9.95	   7.28
	  0.676	  0.208	  0.707
	  0.584	 -0.736	 -0.341
	  0.449	  0.644	 -0.619

9 	  50.03	  -0.49	   7.79
	  0.188	  0.982	 -0.020
	 -0.099	 -0.001	 -0.995
	 -0.977	  0.189	  0.097

2 	  32.75	  -6.79	  22.96
	  0.829	  0.555	 -0.064
	 -0.555	  0.831	  0.015
	  0.062	  0.023	  0.998

3 	  43.89	   0.02	   2.14
	 -0.435	  0.226	 -0.872
	 -0.079	 -0.974	 -0.213
	 -0.897	 -0.024	  0.441

4 	  37.42	   5.96	  -5.08
	  0.604	  0.787	 -0.119
	 -0.602	  0.549	  0.579
	  0.521	 -0.279	  0.806

5 	  41.08	   8.24	   7.80
	  0.603	 -0.086	  0.793
	 -0.437	 -0.868	  0.238
	  0.667	 -0.490	 -0.561

6 	  47.79	   0.28	   4.18
	  0.292	 -0.911	 -0.292
	  0.914	  0.176	  0.366
	 -0.282	 -0.373	  0.883

7 	  39.99	  -8.19	  -5.04
	  0.587	 -0.749	  0.307
	  0.809	  0.528	 -0.258
	  0.031	  0.400	  0.916

8 	  43.44	  -9.97	   7.24
	  0.676	  0.208	  0.707
	  0.584	 -0.736	 -0.342
	  0.449	  0.644	 -0.619

9 	  50.03	  -0.51	   7.80
	  0.188	  0.982	 -0.019
	 -0.095	 -0.001	 -0.995
	 -0.978	  0.189	  0.093

2 	  32.75	  -6.79	  22.96
	  0.829	  0.554	 -0.064
	 -0.555	  0.831	  0.015
	  0.061	  0.023	  0.998

3 	  43.89	   0.02	   2.16
	 -0.434	  0.226	 -0.872
	 -0.079	 -0.974	 -0.214
	 -0.897	 -0.024	  0.440

4 	  37.44	   5.98	  -5.06
	  0.605	  0.787	 -0.118
	 -0.602	  0.550	  0.579
	  0.521	 -0.280	  0.807

5 	  41.08	   8.26	   7.82
	  0.603	 -0.087	  0.793
	 -0.438	 -0.867	  0.237
	  0.667	 -0.491	 -0.561

6 	  47.81	   0.28	   4.17
	  0.291	 -0.911	 -0.291
	  0.913	  0.175	  0.367
	 -0.284	 -0.373	  0.883

7 	  40.01	  -8.17	  -5.04
	  0.588	 -0.749	  0.306
	  0.808	  0.529	 -0.258
	  0.031	  0.399	  0.916

8 	  43.44	  -9.97	   7.22
	  0.675	  0.207	  0.708
	  0.584	 -0.736	 -0.342
	  0.450	  0.644	 -0.619

9 	  50.03	  -0.49	   7.80
	  0.187	  0.982	 -0.020
	 -0.096	 -0.002	 -0.995
	 -0.978	  0.188	  0.094

2 	  32.75	  -6.79	  22.96
	  0.829	  0.555	 -0.064
	 -0.555	  0.831	  0.015
	  0.061	  0.023	  0.998

3 	  43.91	   0.04	   2.14
	 -0.433	  0.228	 -0.872
	 -0.078	 -0.973	 -0.216
	 -0.898	 -0.026	  0.439

4 	  37.46	   5.99	  -5.08
	  0.605	  0.787	 -0.118
	 -0.602	  0.550	  0.579
	  0.521	 -0.280	  0.806

5 	  41.08	   8.26	   7.82
	  0.602	 -0.088	  0.793
	 -0.438	 -0.867	  0.237
	  0.667	 -0.490	 -0.561

6 	  47.88	   0.30	   4.11
	  0.284	 -0.912	 -0.297
	  0.908	  0.156	  0.388
	 -0.307	 -0.379	  0.872

7 	  40.01	  -8.16	  -5.06
	  0.589	 -0.749	  0.304
	  0.807	  0.530	 -0.258
	  0.032	  0.398	  0.917

8 	  43.40	  -9.95	   7.22
	  0.674	  0.206	  0.709
	  0.581	 -0.741	 -0.336
	  0.456	  0.639	 -0.620

9 	  50.03	  -0.46	   7.77
	  0.192	  0.981	 -0.022
	 -0.102	 -0.002	 -0.995
	 -0.976	  0.193	  0.100

2 	  32.75	  -6.79	  22.96
	  0.829	  0.555	 -0.064
	 -0.555	  0.831	  0.015
	  0.061	  0.023	  0.998

3 	  43.91	   0.07	   2.14
	 -0.430	  0.231	 -0.873
	 -0.077	 -0.973	 -0.219
	 -0.900	 -0.027	  0.436

4 	  37.46	   6.03	  -5.06
	  0.606	  0.787	 -0.119
	 -0.600	  0.550	  0.581
	  0.522	 -0.280	  0.805

5 	  41.10	   8.28	   7.82
	  0.604	 -0.087	  0.792
	 -0.438	 -0.867	  0.238
	  0.666	 -0.490	 -0.562

6 	  47.92	   0.33	   4.10
	  0.282	 -0.911	 -0.301
	  0.907	  0.151	  0.392
	 -0.312	 -0.384	  0.869

7 	  40.01	  -8.14	  -5.08
	  0.589	 -0.750	  0.301
	  0.807	  0.530	 -0.260
	  0.035	  0.396	  0.917

8 	  43.37	  -9.93	   7.21
	  0.674	  0.205	  0.709
	  0.578	 -0.745	 -0.334
	  0.460	  0.635	 -0.621

9 	  50.06	  -0.49	   7.77
	  0.199	  0.979	 -0.024
	 -0.107	 -0.003	 -0.994
	 -0.974	  0.200	  0.104

2 	  32.75	  -6.79	  22.96
	  0.829	  0.554	 -0.064
	 -0.555	  0.831	  0.015
	  0.061	  0.023	  0.998

3 	  43.93	   0.05	   2.11
	 -0.425	  0.237	 -0.874
	 -0.078	 -0.971	 -0.225
	 -0.902	 -0.027	  0.431

4 	  37.48	   6.03	  -5.08
	  0.608	  0.784	 -0.122
	 -0.597	  0.553	  0.582
	  0.524	 -0.281	  0.804

5 	  41.13	   8.28	   7.80
	  0.604	 -0.089	  0.792
	 -0.438	 -0.867	  0.237
	  0.666	 -0.490	 -0.562

6 	  47.90	   0.32	   4.11
	  0.279	 -0.911	 -0.302
	  0.908	  0.148	  0.392
	 -0.313	 -0.384	  0.869

7 	  39.99	  -8.16	  -5.12
	  0.589	 -0.752	  0.297
	  0.807	  0.528	 -0.263
	  0.040	  0.394	  0.918

8 	  43.31	  -9.95	   7.22
	  0.672	  0.203	  0.711
	  0.574	 -0.751	 -0.327
	  0.467	  0.628	 -0.622

9 	  50.08	  -0.54	   7.65
	  0.212	  0.977	 -0.029
	 -0.118	 -0.004	 -0.993
	 -0.970	  0.214	  0.114

2 	  32.75	  -6.79	  22.96
	  0.829	  0.555	 -0.064
	 -0.555	  0.831	  0.015
	  0.061	  0.023	  0.998

3 	  43.95	   0.04	   2.09
	 -0.424	  0.239	 -0.873
	 -0.078	 -0.971	 -0.228
	 -0.902	 -0.029	  0.430

4 	  37.46	   6.01	  -5.06
	  0.607	  0.785	 -0.123
	 -0.597	  0.553	  0.582
	  0.524	 -0.280	  0.804

5 	  41.12	   8.28	   7.84
	  0.606	 -0.086	  0.791
	 -0.427	 -0.874	  0.232
	  0.672	 -0.478	 -0.566

6 	  47.97	   0.39	   4.04
	  0.288	 -0.901	 -0.325
	  0.904	  0.144	  0.402
	 -0.315	 -0.410	  0.856

7 	  39.99	  -8.16	  -5.12
	  0.585	 -0.755	  0.296
	  0.809	  0.524	 -0.265
	  0.044	  0.394	  0.918

8 	  43.01	  -9.86	   7.29
	  0.668	  0.196	  0.717
	  0.545	 -0.785	 -0.293
	  0.505	  0.587	 -0.632

9 	  50.20	  -0.72	   7.52
	  0.257	  0.965	 -0.047
	 -0.131	 -0.014	 -0.991
	 -0.957	  0.261	  0.123

2 	  32.77	  -6.79	  22.96
	  0.829	  0.554	 -0.064
	 -0.555	  0.832	  0.015
	  0.061	  0.023	  0.998

3 	  43.93	   0.02	   2.13
	 -0.436	  0.233	 -0.869
	 -0.082	 -0.972	 -0.220
	 -0.896	 -0.025	  0.443

4 	  37.46	   5.98	  -5.03
	  0.605	  0.789	 -0.106
	 -0.610	  0.545	  0.575
	  0.511	 -0.284	  0.811

5 	  40.90	   8.05	   7.95
	  0.606	 -0.075	  0.792
	 -0.379	 -0.903	  0.205
	  0.699	 -0.424	 -0.575

6 	  48.11	   0.77	   3.87
	  0.334	 -0.865	 -0.375
	  0.891	  0.160	  0.424
	 -0.307	 -0.476	  0.824

7 	  39.96	  -8.21	  -5.08
	  0.573	 -0.760	  0.306
	  0.818	  0.511	 -0.264
	  0.043	  0.401	  0.915

8 	  42.66	  -9.72	   7.45
	  0.662	  0.182	  0.727
	  0.501	 -0.829	 -0.249
	  0.557	  0.529	 -0.640

9 	  50.38	  -1.11	   7.29
	  0.319	  0.943	 -0.098
	 -0.137	 -0.056	 -0.989
	 -0.938	  0.328	  0.111

2 	  32.77	  -6.79	  22.96
	  0.829	  0.555	 -0.064
	 -0.555	  0.831	  0.015
	  0.062	  0.023	  0.998

3 	  43.93	   0.02	   2.14
	 -0.440	  0.229	 -0.868
	 -0.083	 -0.973	 -0.215
	 -0.894	 -0.023	  0.447

4 	  37.44	   5.94	  -5.01
	  0.603	  0.792	 -0.094
	 -0.620	  0.539	  0.570
	  0.502	 -0.286	  0.816

5 	  40.78	   8.03	   8.03
	  0.608	 -0.064	  0.791
	 -0.336	 -0.924	  0.184
	  0.719	 -0.377	 -0.584

6 	  48.29	   1.09	   3.81
	  0.364	 -0.841	 -0.401
	  0.881	  0.172	  0.440
	 -0.302	 -0.514	  0.803

7 	  39.99	  -8.23	  -5.04
	  0.566	 -0.760	  0.320
	  0.824	  0.504	 -0.259
	  0.034	  0.410	  0.911

8 	  42.42	  -9.44	   7.61
	  0.649	  0.184	  0.738
	  0.466	 -0.863	 -0.195
	  0.601	  0.471	 -0.646

9 	  50.55	  -1.23	   7.24
	  0.371	  0.918	 -0.139
	 -0.135	 -0.095	 -0.986
	 -0.919	  0.385	  0.088

2 	  32.77	  -6.79	  22.96
	  0.829	  0.554	 -0.064
	 -0.555	  0.832	  0.015
	  0.061	  0.023	  0.998

3 	  43.93	   0.04	   2.07
	 -0.477	  0.215	 -0.852
	 -0.093	 -0.976	 -0.194
	 -0.874	 -0.014	  0.485

4 	  37.41	   5.91	  -4.99
	  0.602	  0.794	 -0.084
	 -0.627	  0.535	  0.566
	  0.495	 -0.288	  0.820

5 	  40.69	   7.84	   8.10
	  0.612	 -0.063	  0.788
	 -0.302	 -0.940	  0.160
	  0.730	 -0.336	 -0.594

6 	  48.43	   1.28	   3.73
	  0.392	 -0.817	 -0.422
	  0.876	  0.192	  0.442
	 -0.281	 -0.543	  0.791

7 	  40.04	  -8.26	  -5.01
	  0.553	 -0.763	  0.333
	  0.832	  0.496	 -0.245
	  0.021	  0.413	  0.910

8 	  42.05	  -9.11	   7.75
	  0.628	  0.186	  0.756
	  0.413	 -0.902	 -0.121
	  0.659	  0.388	 -0.644

9 	  50.78	  -1.67	   6.87
	  0.451	  0.870	 -0.200
	 -0.159	 -0.142	 -0.977
	 -0.878	  0.472	  0.075

2 	  32.75	  -6.79	  22.94
	  0.829	  0.555	 -0.064
	 -0.555	  0.831	  0.015
	  0.061	  0.023	  0.998

3 	  43.95	   0.05	   2.04
	 -0.480	  0.213	 -0.851
	 -0.096	 -0.977	 -0.190
	 -0.872	 -0.010	  0.489

4 	  37.41	   5.94	  -4.96
	  0.599	  0.797	 -0.071
	 -0.637	  0.528	  0.562
	  0.485	 -0.292	  0.824

5 	  40.54	   7.77	   8.17
	  0.612	 -0.046	  0.789
	 -0.245	 -0.960	  0.134
	  0.751	 -0.276	 -0.599

6 	  48.60	   1.83	   3.69
	  0.441	 -0.780	 -0.445
	  0.861	  0.228	  0.455
	 -0.253	 -0.583	  0.772

7 	  40.04	  -8.28	  -4.96
	  0.540	 -0.766	  0.349
	  0.841	  0.482	 -0.243
	  0.017	  0.426	  0.905

8 	  41.85	  -9.00	   7.82
	  0.618	  0.170	  0.767
	  0.371	 -0.924	 -0.094
	  0.693	  0.343	 -0.634

9 	  51.05	  -2.07	   6.80
	  0.506	  0.833	 -0.222
	 -0.170	 -0.156	 -0.973
	 -0.846	  0.530	  0.063

2 	  32.77	  -6.79	  22.96
	  0.829	  0.555	 -0.064
	 -0.555	  0.831	  0.015
	  0.061	  0.023	  0.998

3 	  43.95	   0.09	   2.04
	 -0.478	  0.213	 -0.852
	 -0.094	 -0.977	 -0.192
	 -0.873	 -0.011	  0.486

4 	  37.35	   5.98	  -4.92
	  0.595	  0.801	 -0.056
	 -0.644	  0.517	  0.563
	  0.480	 -0.300	  0.824

5 	  40.38	   7.63	   8.24
	  0.611	 -0.034	  0.791
	 -0.201	 -0.973	  0.113
	  0.765	 -0.228	 -0.602

6 	  48.69	   2.13	   3.73
	  0.475	 -0.751	 -0.458
	  0.848	  0.252	  0.466
	 -0.234	 -0.610	  0.757

7 	  40.04	  -8.26	  -4.94
	  0.535	 -0.764	  0.361
	  0.844	  0.479	 -0.239
	  0.009	  0.433	  0.901

8 	  41.77	  -8.96	   7.82
	  0.619	  0.154	  0.770
	  0.343	 -0.935	 -0.089
	  0.706	  0.319	 -0.632

9 	  51.22	  -2.60	   6.54
	  0.551	  0.795	 -0.253
	 -0.206	 -0.164	 -0.965
	 -0.809	  0.583	  0.073

2 	  32.77	  -6.79	  22.96
	  0.829	  0.555	 -0.064
	 -0.555	  0.831	  0.015
	  0.061	  0.023	  0.998

3 	  43.95	   0.14	   2.06
	 -0.471	  0.214	 -0.855
	 -0.085	 -0.977	 -0.198
	 -0.878	 -0.021	  0.478

4 	  37.35	   5.98	  -4.87
	  0.591	  0.805	 -0.043
	 -0.651	  0.508	  0.564
	  0.476	 -0.306	  0.824

5 	  40.31	   7.52	   8.30
	  0.609	 -0.026	  0.792
	 -0.163	 -0.982	  0.093
	  0.776	 -0.186	 -0.603

6 	  48.78	   2.43	   3.69
	  0.507	 -0.718	 -0.477
	  0.835	  0.274	  0.476
	 -0.212	 -0.640	  0.739

7 	  40.03	  -8.23	  -4.90
	  0.527	 -0.765	  0.371
	  0.850	  0.470	 -0.238
	  0.007	  0.441	  0.897

8 	  41.68	  -8.96	   7.86
	  0.619	  0.136	  0.774
	  0.299	 -0.952	 -0.072
	  0.726	  0.276	 -0.629

9 	  51.52	  -3.20	   6.28
	  0.605	  0.740	 -0.291
	 -0.258	 -0.164	 -0.952
	 -0.753	  0.651	  0.092

2 	  32.77	  -6.79	  22.96
	  0.829	  0.555	 -0.064
	 -0.555	  0.831	  0.015
	  0.061	  0.023	  0.998

3 	  43.95	   0.16	   2.07
	 -0.471	  0.214	 -0.856
	 -0.084	 -0.977	 -0.198
	 -0.878	 -0.022	  0.478

4 	  37.35	   5.98	  -4.89
	  0.589	  0.807	 -0.035
	 -0.655	  0.503	  0.564
	  0.472	 -0.310	  0.825

5 	  40.24	   7.44	   8.38
	  0.612	 -0.017	  0.791
	 -0.122	 -0.990	  0.073
	  0.781	 -0.141	 -0.608

6 	  48.97	   2.87	   3.62
	  0.550	 -0.671	 -0.497
	  0.817	  0.310	  0.486
	 -0.172	 -0.673	  0.719

7 	  39.96	  -8.28	  -4.87
	  0.512	 -0.767	  0.385
	  0.859	  0.456	 -0.234
	  0.004	  0.451	  0.892

8 	  41.50	  -8.91	   7.96
	  0.622	  0.115	  0.774
	  0.247	 -0.968	 -0.054
	  0.743	  0.225	 -0.631

9 	  51.56	  -4.10	   5.78
	  0.654	  0.675	 -0.342
	 -0.342	 -0.140	 -0.929
	 -0.675	  0.724	  0.140

2 	  32.77	  -6.79	  22.96
	  0.829	  0.554	 -0.064
	 -0.555	  0.831	  0.015
	  0.061	  0.023	  0.998

3 	  43.95	   0.12	   2.06
	 -0.472	  0.212	 -0.855
	 -0.084	 -0.977	 -0.196
	 -0.877	 -0.021	  0.479

4 	  37.32	   5.92	  -4.85
	  0.589	  0.807	 -0.023
	 -0.660	  0.498	  0.562
	  0.465	 -0.316	  0.827

5 	  40.15	   7.28	   8.38
	  0.610	  0.003	  0.792
	 -0.067	 -0.996	  0.055
	  0.789	 -0.087	 -0.608

6 	  49.24	   3.41	   3.66
	  0.607	 -0.614	 -0.505
	  0.779	  0.337	  0.529
	 -0.155	 -0.714	  0.682

7 	  39.83	  -8.33	  -4.83
	  0.495	 -0.773	  0.397
	  0.869	  0.435	 -0.236
	  0.010	  0.462	  0.887

8 	  41.45	  -8.93	   7.95
	  0.629	  0.100	  0.771
	  0.203	 -0.978	 -0.039
	  0.750	  0.181	 -0.636

9 	  51.70	  -4.87	   5.40
	  0.695	  0.601	 -0.396
	 -0.383	 -0.156	 -0.910
	 -0.609	  0.784	  0.121

2 	  32.77	  -6.77	  22.96
	  0.829	  0.555	 -0.064
	 -0.555	  0.831	  0.015
	  0.061	  0.023	  0.998

3 	  43.95	   0.07	   2.04
	 -0.473	  0.210	 -0.856
	 -0.083	 -0.977	 -0.194
	 -0.877	 -0.020	  0.479

4 	  37.34	   5.91	  -4.87
	  0.591	  0.806	 -0.018
	 -0.661	  0.497	  0.563
	  0.462	 -0.321	  0.826

5 	  40.15	   7.15	   8.42
	  0.611	  0.009	  0.791
	 -0.043	 -0.998	  0.044
	  0.790	 -0.061	 -0.610

6 	  49.48	   3.87	   3.74
	  0.649	 -0.565	 -0.510
	  0.750	  0.363	  0.553
	 -0.128	 -0.741	  0.659

7 	  39.80	  -8.38	  -4.80
	  0.488	 -0.772	  0.406
	  0.873	  0.427	 -0.236
	  0.008	  0.470	  0.883

8 	  41.43	  -8.95	   7.96
	  0.633	  0.093	  0.768
	  0.181	 -0.983	 -0.030
	  0.752	  0.158	 -0.640

9 	  51.68	  -5.48	   4.96
	  0.716	  0.544	 -0.437
	 -0.433	 -0.144	 -0.890
	 -0.547	  0.826	  0.132

2 	  32.75	  -6.79	  22.96
	  0.829	  0.554	 -0.064
	 -0.555	  0.831	  0.015
	  0.061	  0.023	  0.998

3 	  43.96	   0.04	   2.04
	 -0.472	  0.208	 -0.856
	 -0.082	 -0.978	 -0.193
	 -0.878	 -0.021	  0.479

4 	  37.35	   5.82	  -4.85
	  0.592	  0.805	 -0.008
	 -0.664	  0.494	  0.561
	  0.456	 -0.327	  0.828

5 	  40.13	   7.00	   8.37
	  0.616	  0.028	  0.787
	  0.006	 -0.999	  0.031
	  0.787	 -0.014	 -0.617

6 	  49.71	   4.61	   3.69
	  0.699	 -0.494	 -0.516
	  0.712	  0.422	  0.560
	 -0.059	 -0.760	  0.647

7 	  39.69	  -8.46	  -4.78
	  0.474	 -0.778	  0.412
	  0.880	  0.410	 -0.240
	  0.017	  0.476	  0.879

8 	  41.26	  -8.98	   8.02
	  0.641	  0.062	  0.765
	  0.123	 -0.992	 -0.022
	  0.757	  0.109	 -0.644

9 	  51.66	  -6.49	   4.59
	  0.748	  0.466	 -0.473
	 -0.488	 -0.098	 -0.867
	 -0.451	  0.879	  0.155

2 	  32.77	  -6.77	  22.94
	  0.829	  0.555	 -0.064
	 -0.555	  0.831	  0.015
	  0.062	  0.023	  0.998

3 	  43.95	   0.00	   2.02
	 -0.474	  0.206	 -0.856
	 -0.077	 -0.978	 -0.193
	 -0.877	 -0.026	  0.479

4 	  37.35	   5.82	  -4.85
	  0.590	  0.807	  0.002
	 -0.670	  0.488	  0.560
	  0.451	 -0.332	  0.828

5 	  40.06	   6.96	   8.49
	  0.611	  0.051	  0.790
	  0.059	 -0.998	  0.018
	  0.789	  0.036	 -0.613

6 	  49.87	   5.70	   3.73
	  0.749	 -0.397	 -0.530
	  0.662	  0.450	  0.599
	  0.000	 -0.800	  0.600

7 	  39.67	  -8.46	  -4.75
	  0.467	 -0.779	  0.418
	  0.884	  0.399	 -0.244
	  0.023	  0.483	  0.875

8 	  41.20	  -9.02	   8.03
	  0.647	  0.040	  0.761
	  0.085	 -0.996	 -0.020
	  0.757	  0.078	 -0.649

9 	  51.63	  -7.40	   4.36
	  0.776	  0.388	 -0.497
	 -0.512	 -0.072	 -0.856
	 -0.368	  0.918	  0.143

2 	  32.77	  -6.77	  22.96
	  0.829	  0.555	 -0.064
	 -0.555	  0.831	  0.015
	  0.062	  0.023	  0.998

3 	  43.96	  -0.02	   2.02
	 -0.474	  0.206	 -0.856
	 -0.074	 -0.978	 -0.194
	 -0.877	 -0.029	  0.479

4 	  37.37	   5.80	  -4.85
	  0.590	  0.807	  0.010
	 -0.673	  0.485	  0.558
	  0.446	 -0.336	  0.829

5 	  40.17	   6.86	   8.49
	  0.625	  0.060	  0.778
	  0.077	 -0.997	  0.014
	  0.777	  0.051	 -0.628

6 	  49.92	   6.38	   3.59
	  0.768	 -0.326	 -0.551
	  0.637	  0.475	  0.607
	  0.063	 -0.817	  0.572

7 	  39.64	  -8.47	  -4.73
	  0.462	 -0.780	  0.421
	  0.886	  0.393	 -0.245
	  0.025	  0.486	  0.873

8 	  41.22	  -8.98	   8.03
	  0.654	  0.023	  0.755
	  0.051	 -0.999	 -0.014
	  0.754	  0.048	 -0.655

9 	  51.54	  -8.16	   4.01
	  0.787	  0.324	 -0.524
	 -0.547	 -0.021	 -0.836
	 -0.282	  0.946	  0.161

2 	  32.75	  -6.79	  22.94
	  0.829	  0.555	 -0.064
	 -0.555	  0.831	  0.015
	  0.062	  0.023	  0.998

3 	  43.98	  -0.04	   2.00
	 -0.474	  0.206	 -0.856
	 -0.071	 -0.978	 -0.196
	 -0.878	 -0.032	  0.478

4 	  37.34	   5.75	  -4.83
	  0.584	  0.811	  0.017
	 -0.680	  0.478	  0.556
	  0.443	 -0.337	  0.831

5 	  40.11	   6.80	   8.49
	  0.626	  0.087	  0.774
	  0.131	 -0.991	  0.006
	  0.768	  0.097	 -0.633

6 	  49.85	   7.26	   3.55
	  0.783	 -0.250	 -0.569
	  0.609	  0.493	  0.621
	  0.125	 -0.833	  0.538

7 	  39.59	  -8.51	  -4.71
	  0.452	 -0.784	  0.425
	  0.891	  0.379	 -0.249
	  0.034	  0.491	  0.870

8 	  41.08	  -8.98	   8.07
	  0.653	  0.001	  0.757
	  0.012	 -1.000	 -0.009
	  0.757	  0.015	 -0.653

9 	  51.42	  -8.77	   4.01
	  0.802	  0.269	 -0.532
	 -0.553	  0.000	 -0.833
	 -0.225	  0.963	  0.149

2 	  32.77	  -6.79	  22.94
	  0.829	  0.555	 -0.064
	 -0.555	  0.831	  0.015
	  0.062	  0.023	  0.998

3 	  43.96	  -0.04	   2.00
	 -0.473	  0.208	 -0.856
	 -0.064	 -0.977	 -0.202
	 -0.878	 -0.041	  0.476

4 	  37.27	   5.73	  -4.80
	  0.576	  0.817	  0.024
	 -0.686	  0.467	  0.558
	  0.444	 -0.338	  0.829

5 	  40.11	   6.79	   8.51
	  0.628	  0.115	  0.770
	  0.174	 -0.985	  0.005
	  0.758	  0.130	 -0.638

6 	  49.73	   7.93	   3.43
	  0.791	 -0.187	 -0.582
	  0.583	  0.515	  0.628
	  0.182	 -0.837	  0.517

7 	  39.55	  -8.47	  -4.73
	  0.447	 -0.786	  0.425
	  0.893	  0.372	 -0.252
	  0.039	  0.493	  0.869

8 	  40.99	  -9.02	   8.02
	  0.652	 -0.029	  0.757
	 -0.033	 -0.999	 -0.011
	  0.757	 -0.018	 -0.652

9 	  51.21	  -9.49	   3.87
	  0.813	  0.215	 -0.541
	 -0.562	  0.046	 -0.826
	 -0.153	  0.975	  0.158

2 	  32.77	  -6.79	  22.94
	  0.829	  0.555	 -0.064
	 -0.555	  0.831	  0.015
	  0.062	  0.023	  0.998

3 	  43.98	  -0.04	   2.00
	 -0.473	  0.209	 -0.856
	 -0.062	 -0.977	 -0.204
	 -0.879	 -0.044	  0.475

4 	  37.23	   5.71	  -4.78
	  0.573	  0.819	  0.027
	 -0.688	  0.463	  0.559
	  0.445	 -0.340	  0.828

5 	  40.11	   6.79	   8.47
	  0.629	  0.138	  0.764
	  0.210	 -0.978	  0.004
	  0.748	  0.158	 -0.645

6 	  49.68	   8.38	   3.43
	  0.795	 -0.152	 -0.587
	  0.566	  0.532	  0.629
	  0.217	 -0.833	  0.509

7 	  39.48	  -8.49	  -4.75
	  0.441	 -0.791	  0.425
	  0.896	  0.362	 -0.257
	  0.049	  0.494	  0.868

8 	  40.96	  -9.02	   8.03
	  0.653	 -0.051	  0.756
	 -0.066	 -0.998	 -0.010
	  0.755	 -0.043	 -0.655

9 	  51.10	 -10.02	   3.74
	  0.814	  0.170	 -0.555
	 -0.572	  0.073	 -0.817
	 -0.099	  0.982	  0.157

2 	  32.75	  -6.79	  22.96
	  0.829	  0.555	 -0.064
	 -0.555	  0.831	  0.015
	  0.061	  0.023	  0.998

3 	  43.98	  -0.07	   1.99
	 -0.473	  0.210	 -0.856
	 -0.061	 -0.976	 -0.207
	 -0.879	 -0.046	  0.474

4 	  37.16	   5.68	  -4.76
	  0.567	  0.823	  0.027
	 -0.690	  0.456	  0.562
	  0.450	 -0.338	  0.826

5 	  40.17	   6.75	   8.47
	  0.638	  0.155	  0.754
	  0.235	 -0.972	  0.001
	  0.733	  0.176	 -0.657

6 	  49.54	   8.84	   3.20
	  0.784	 -0.109	 -0.610
	  0.563	  0.537	  0.628
	  0.259	 -0.836	  0.483

7 	  39.45	  -8.51	  -4.76
	  0.434	 -0.795	  0.423
	  0.899	  0.354	 -0.259
	  0.056	  0.493	  0.868

8 	  40.85	  -9.11	   8.02
	  0.649	 -0.083	  0.756
	 -0.116	 -0.993	 -0.009
	  0.751	 -0.082	 -0.655

9 	  50.80	 -10.69	   3.62
	  0.815	  0.111	 -0.569
	 -0.579	  0.111	 -0.808
	 -0.027	  0.987	  0.155

2 	  32.75	  -6.79	  22.94
	  0.829	  0.555	 -0.064
	 -0.555	  0.831	  0.015
	  0.062	  0.023	  0.998

3 	  43.98	  -0.07	   1.95
	 -0.473	  0.211	 -0.855
	 -0.059	 -0.976	 -0.208
	 -0.879	 -0.048	  0.474

4 	  37.11	   5.66	  -4.75
	  0.561	  0.827	  0.026
	 -0.691	  0.451	  0.564
	  0.455	 -0.335	  0.825

5 	  40.17	   6.82	   8.44
	  0.638	  0.176	  0.749
	  0.267	 -0.964	 -0.001
	  0.722	  0.201	 -0.662

6 	  49.46	   9.28	   3.13
	  0.782	 -0.080	 -0.618
	  0.554	  0.541	  0.632
	  0.284	 -0.837	  0.467

7 	  39.39	  -8.49	  -4.78
	  0.422	 -0.802	  0.423
	  0.904	  0.338	 -0.261
	  0.067	  0.493	  0.867

8 	  40.78	  -9.09	   8.02
	  0.646	 -0.108	  0.755
	 -0.160	 -0.987	 -0.005
	  0.746	 -0.117	 -0.656

9 	  50.54	 -11.23	   3.48
	  0.813	  0.065	 -0.579
	 -0.581	  0.143	 -0.801
	  0.031	  0.987	  0.154

2 	  32.75	  -6.79	  22.96
	  0.829	  0.555	 -0.064
	 -0.555	  0.831	  0.015
	  0.061	  0.023	  0.998

3 	  43.98	  -0.09	   1.95
	 -0.473	  0.211	 -0.855
	 -0.057	 -0.976	 -0.210
	 -0.879	 -0.050	  0.473

4 	  37.09	   5.64	  -4.75
	  0.560	  0.828	  0.027
	 -0.692	  0.449	  0.565
	  0.456	 -0.336	  0.824

5 	  40.15	   6.75	   8.44
	  0.637	  0.182	  0.749
	  0.278	 -0.960	 -0.004
	  0.719	  0.211	 -0.662

6 	  49.43	   9.47	   3.09
	  0.780	 -0.056	 -0.623
	  0.556	  0.519	  0.649
	  0.287	 -0.853	  0.436

7 	  39.36	  -8.49	  -4.78
	  0.414	 -0.806	  0.422
	  0.907	  0.329	 -0.261
	  0.071	  0.491	  0.868

8 	  40.71	  -9.11	   8.03
	  0.644	 -0.126	  0.754
	 -0.188	 -0.982	 -0.004
	  0.741	 -0.140	 -0.656

9 	  50.34	 -11.64	   3.39
	  0.809	  0.037	 -0.586
	 -0.583	  0.174	 -0.794
	  0.072	  0.984	  0.163

2 	  32.75	  -6.79	  22.94
	  0.829	  0.555	 -0.064
	 -0.555	  0.831	  0.015
	  0.062	  0.023	  0.998

3 	  43.98	  -0.09	   1.93
	 -0.473	  0.212	 -0.855
	 -0.054	 -0.976	 -0.212
	 -0.880	 -0.054	  0.472

4 	  37.05	   5.64	  -4.73
	  0.556	  0.830	  0.029
	 -0.693	  0.444	  0.567
	  0.458	 -0.336	  0.823

5 	  40.10	   6.79	   8.47
	  0.631	  0.197	  0.750
	  0.307	 -0.951	 -0.009
	  0.712	  0.236	 -0.661

6 	  49.29	   9.74	   3.13
	  0.778	 -0.038	 -0.627
	  0.549	  0.526	  0.649
	  0.305	 -0.850	  0.430

7 	  39.30	  -8.49	  -4.75
	  0.404	 -0.811	  0.422
	  0.911	  0.319	 -0.260
	  0.076	  0.490	  0.868

8 	  40.61	  -9.12	   8.05
	  0.639	 -0.149	  0.754
	 -0.225	 -0.974	 -0.003
	  0.735	 -0.168	 -0.656

9 	  50.03	 -12.06	   3.22
	  0.801	  0.005	 -0.598
	 -0.585	  0.210	 -0.783
	  0.122	  0.978	  0.171

2 	  32.75	  -6.79	  22.96
	  0.829	  0.555	 -0.064
	 -0.555	  0.831	  0.015
	  0.061	  0.023	  0.998

3 	  43.98	  -0.09	   1.93
	 -0.473	  0.211	 -0.855
	 -0.049	 -0.975	 -0.214
	 -0.880	 -0.059	  0.472

4 	  37.02	   5.64	  -4.68
	  0.552	  0.833	  0.033
	 -0.696	  0.438	  0.568
	  0.459	 -0.337	  0.822

5 	  40.08	   6.75	   8.47
	  0.627	  0.210	  0.750
	  0.334	 -0.942	 -0.015
	  0.703	  0.260	 -0.661

6 	  49.08	  10.14	   3.04
	  0.767	  0.001	 -0.642
	  0.547	  0.520	  0.655
	  0.335	 -0.854	  0.398

7 	  39.27	  -8.51	  -4.80
	  0.395	 -0.816	  0.422
	  0.915	  0.307	 -0.263
	  0.085	  0.490	  0.867

8 	  40.59	  -9.12	   8.03
	  0.640	 -0.170	  0.749
	 -0.260	 -0.966	  0.003
	  0.723	 -0.196	 -0.662

9 	  49.89	 -12.43	   3.16
	  0.796	 -0.029	 -0.605
	 -0.585	  0.219	 -0.781
	  0.155	  0.975	  0.157

2 	  32.77	  -6.79	  22.96
	  0.829	  0.555	 -0.064
	 -0.555	  0.831	  0.015
	  0.061	  0.023	  0.998

3 	  43.96	  -0.11	   1.92
	 -0.473	  0.212	 -0.855
	 -0.048	 -0.975	 -0.215
	 -0.880	 -0.060	  0.471

4 	  37.00	   5.62	  -4.68
	  0.549	  0.835	  0.034
	 -0.697	  0.434	  0.570
	  0.462	 -0.337	  0.820

5 	  40.03	   6.77	   8.47
	  0.618	  0.234	  0.750
	  0.377	 -0.926	 -0.021
	  0.689	  0.296	 -0.661

6 	  48.92	  10.55	   3.08
	  0.764	  0.031	 -0.644
	  0.532	  0.532	  0.658
	  0.363	 -0.846	  0.390

7 	  39.20	  -8.53	  -4.80
	  0.385	 -0.822	  0.420
	  0.917	  0.294	 -0.268
	  0.096	  0.488	  0.867

8 	  40.59	  -9.12	   8.02
	  0.640	 -0.196	  0.742
	 -0.299	 -0.954	  0.006
	  0.707	 -0.226	 -0.670

9 	  49.59	 -12.94	   3.01
	  0.784	 -0.076	 -0.615
	 -0.581	  0.257	 -0.772
	  0.217	  0.963	  0.158

2 	  32.75	  -6.77	  22.96
	  0.829	  0.555	 -0.064
	 -0.555	  0.831	  0.015
	  0.061	  0.023	  0.998

3 	  43.96	  -0.09	   1.92
	 -0.472	  0.211	 -0.856
	 -0.045	 -0.975	 -0.216
	 -0.880	 -0.064	  0.470

4 	  36.95	   5.62	  -4.62
	  0.538	  0.842	  0.039
	 -0.703	  0.423	  0.571
	  0.464	 -0.335	  0.820

5 	  39.99	   6.77	   8.47
	  0.615	  0.248	  0.749
	  0.404	 -0.914	 -0.029
	  0.677	  0.320	 -0.662

6 	  48.62	  10.99	   3.01
	  0.748	  0.069	 -0.660
	  0.528	  0.540	  0.655
	  0.402	 -0.839	  0.368

7 	  39.13	  -8.49	  -4.78
	  0.378	 -0.825	  0.419
	  0.920	  0.285	 -0.268
	  0.101	  0.487	  0.867

8 	  40.57	  -9.11	   8.02
	  0.641	 -0.212	  0.737
	 -0.331	 -0.943	  0.017
	  0.692	 -0.255	 -0.676

9 	  49.24	 -13.34	   2.83
	  0.765	 -0.117	 -0.633
	 -0.584	  0.287	 -0.759
	  0.270	  0.951	  0.151

2 	  32.77	  -6.77	  22.96
	  0.829	  0.555	 -0.064
	 -0.555	  0.831	  0.015
	  0.061	  0.023	  0.998

3 	  43.96	  -0.09	   1.90
	 -0.472	  0.211	 -0.856
	 -0.044	 -0.975	 -0.217
	 -0.880	 -0.065	  0.470

4 	  36.93	   5.62	  -4.61
	  0.536	  0.843	  0.041
	 -0.705	  0.421	  0.571
	  0.464	 -0.335	  0.820

5 	  39.96	   6.77	   8.51
	  0.606	  0.259	  0.752
	  0.429	 -0.902	 -0.035
	  0.670	  0.344	 -0.658

6 	  48.50	  11.09	   2.94
	  0.740	  0.080	 -0.668
	  0.529	  0.544	  0.651
	  0.416	 -0.835	  0.359

7 	  39.11	  -8.47	  -4.78
	  0.369	 -0.830	  0.418
	  0.923	  0.275	 -0.269
	  0.108	  0.485	  0.868

8 	  40.64	  -9.05	   8.03
	  0.643	 -0.233	  0.730
	 -0.365	 -0.931	  0.024
	  0.673	 -0.282	 -0.683

9 	  48.97	 -13.71	   2.55
	  0.743	 -0.146	 -0.654
	 -0.589	  0.321	 -0.741
	  0.318	  0.936	  0.153

2 	  32.77	  -6.77	  22.96
	  0.829	  0.555	 -0.064
	 -0.555	  0.831	  0.015
	  0.061	  0.023	  0.998

3 	  43.96	  -0.09	   1.90
	 -0.474	  0.211	 -0.855
	 -0.041	 -0.975	 -0.218
	 -0.880	 -0.068	  0.470

4 	  36.84	   5.64	  -4.57
	  0.526	  0.850	  0.042
	 -0.712	  0.412	  0.569
	  0.466	 -0.329	  0.821

5 	  39.88	   6.77	   8.54
	  0.597	  0.275	  0.753
	  0.460	 -0.887	 -0.041
	  0.656	  0.371	 -0.657

6 	  48.22	  11.48	   2.88
	  0.726	  0.111	 -0.678
	  0.524	  0.549	  0.651
	  0.445	 -0.828	  0.341

7 	  39.04	  -8.47	  -4.78
	  0.358	 -0.836	  0.416
	  0.926	  0.263	 -0.270
	  0.116	  0.482	  0.868

8 	  40.52	  -9.09	   8.05
	  0.633	 -0.249	  0.733
	 -0.393	 -0.919	  0.027
	  0.667	 -0.306	 -0.679

9 	  48.76	 -13.97	   2.62
	  0.740	 -0.166	 -0.652
	 -0.585	  0.321	 -0.745
	  0.333	  0.932	  0.141

2 	  32.75	  -6.77	  22.96
	  0.829	  0.555	 -0.064
	 -0.555	  0.831	  0.015
	  0.061	  0.023	  0.998

3 	  43.96	  -0.07	   1.85
	 -0.478	  0.206	 -0.854
	 -0.032	 -0.975	 -0.218
	 -0.878	 -0.077	  0.472

4 	  36.81	   5.62	  -4.57
	  0.519	  0.853	  0.042
	 -0.715	  0.407	  0.567
	  0.467	 -0.325	  0.822

5 	  39.87	   6.77	   8.47
	  0.594	  0.287	  0.751
	  0.479	 -0.877	 -0.045
	  0.645	  0.387	 -0.659

6 	  48.02	  11.72	   2.85
	  0.717	  0.129	 -0.685
	  0.521	  0.552	  0.651
	  0.462	 -0.824	  0.328

7 	  39.02	  -8.49	  -4.75
	  0.348	 -0.840	  0.416
	  0.929	  0.253	 -0.268
	  0.119	  0.480	  0.869

8 	  40.50	  -9.09	   8.07
	  0.630	 -0.260	  0.731
	 -0.415	 -0.909	  0.034
	  0.656	 -0.325	 -0.681

9 	  48.59	 -14.19	   2.58
	  0.726	 -0.187	 -0.661
	 -0.587	  0.330	 -0.739
	  0.357	  0.925	  0.130

2 	  32.77	  -6.77	  22.94
	  0.829	  0.555	 -0.064
	 -0.555	  0.831	  0.015
	  0.062	  0.023	  0.998

3 	  43.96	  -0.04	   1.85
	 -0.479	  0.203	 -0.854
	 -0.026	 -0.976	 -0.218
	 -0.878	 -0.083	  0.472

4 	  36.79	   5.62	  -4.57
	  0.515	  0.856	  0.042
	 -0.719	  0.404	  0.565
	  0.467	 -0.321	  0.824

5 	  39.78	   6.77	   8.51
	  0.587	  0.295	  0.754
	  0.498	 -0.866	 -0.049
	  0.638	  0.404	 -0.655

6 	  47.85	  11.90	   2.83
	  0.706	  0.147	 -0.693
	  0.527	  0.545	  0.652
	  0.474	 -0.826	  0.307

7 	  38.95	  -8.49	  -4.75
	  0.341	 -0.844	  0.414
	  0.932	  0.245	 -0.268
	  0.124	  0.478	  0.870

8 	  40.48	  -9.07	   8.07
	  0.629	 -0.266	  0.730
	 -0.425	 -0.904	  0.036
	  0.650	 -0.333	 -0.683

9 	  48.39	 -14.36	   2.46
	  0.715	 -0.198	 -0.670
	 -0.591	  0.339	 -0.732
	  0.372	  0.919	  0.125

2 	  32.77	  -6.79	  22.94
	  0.829	  0.555	 -0.064
	 -0.555	  0.831	  0.015
	  0.062	  0.023	  0.998

3 	  43.96	  -0.04	   1.85
	 -0.479	  0.203	 -0.854
	 -0.024	 -0.975	 -0.219
	 -0.877	 -0.084	  0.472

4 	  36.76	   5.62	  -4.57
	  0.513	  0.858	  0.040
	 -0.720	  0.404	  0.564
	  0.467	 -0.318	  0.824

5 	  39.76	   6.77	   8.47
	  0.580	  0.306	  0.754
	  0.520	 -0.853	 -0.054
	  0.626	  0.423	 -0.654

6 	  47.69	  12.06	   2.76
	  0.698	  0.157	 -0.698
	  0.524	  0.552	  0.649
	  0.487	 -0.819	  0.303

7 	  38.92	  -8.47	  -4.80
	  0.333	 -0.848	  0.411
	  0.933	  0.237	 -0.269
	  0.130	  0.474	  0.871

8 	  40.43	  -9.11	   8.07
	  0.624	 -0.282	  0.729
	 -0.445	 -0.895	  0.035
	  0.642	 -0.346	 -0.684

9 	  48.25	 -14.50	   2.37
	  0.708	 -0.207	 -0.675
	 -0.590	  0.351	 -0.727
	  0.387	  0.913	  0.126

2 	  32.75	  -6.79	  22.94
	  0.829	  0.555	 -0.064
	 -0.555	  0.831	  0.015
	  0.061	  0.023	  0.998

3 	  43.95	  -0.02	   1.83
	 -0.480	  0.199	 -0.854
	 -0.015	 -0.975	 -0.219
	 -0.877	 -0.093	  0.471

4 	  36.69	   5.61	  -4.55
	  0.504	  0.863	  0.039
	 -0.726	  0.398	  0.561
	  0.468	 -0.311	  0.827

5 	  39.66	   6.80	   8.47
	  0.572	  0.319	  0.755
	  0.540	 -0.840	 -0.054
	  0.617	  0.438	 -0.653

6 	  47.44	  12.32	   2.74
	  0.687	  0.177	 -0.704
	  0.523	  0.552	  0.649
	  0.503	 -0.815	  0.287

7 	  38.94	  -8.47	  -4.80
	  0.332	 -0.849	  0.410
	  0.934	  0.235	 -0.269
	  0.132	  0.473	  0.871

8 	  40.39	  -9.12	   8.07
	  0.621	 -0.288	  0.728
	 -0.453	 -0.891	  0.034
	  0.639	 -0.351	 -0.684

9 	  48.20	 -14.54	   2.37
	  0.707	 -0.210	 -0.675
	 -0.591	  0.348	 -0.727
	  0.387	  0.913	  0.122

2 	  32.75	  -6.79	  22.96
	  0.829	  0.555	 -0.064
	 -0.555	  0.831	  0.015
	  0.062	  0.023	  0.998

3 	  43.95	   0.00	   1.81
	 -0.480	  0.195	 -0.855
	 -0.006	 -0.976	 -0.219
	 -0.877	 -0.100	  0.470

4 	  36.65	   5.59	  -4.55
	  0.500	  0.865	  0.039
	 -0.729	  0.396	  0.559
	  0.468	 -0.309	  0.828

5 	  39.60	   6.80	   8.53
	  0.562	  0.332	  0.757
	  0.563	 -0.824	 -0.057
	  0.605	  0.458	 -0.651

6 	  47.11	  12.62	   2.65
	  0.669	  0.196	 -0.717
	  0.520	  0.565	  0.640
	  0.531	 -0.802	  0.275

7 	  38.90	  -8.47	  -4.82
	  0.329	 -0.852	  0.406
	  0.934	  0.232	 -0.270
	  0.135	  0.469	  0.873

8 	  40.34	  -9.16	   8.03
	  0.615	 -0.303	  0.728
	 -0.469	 -0.883	  0.029
	  0.634	 -0.359	 -0.685

9 	  48.13	 -14.62	   2.37
	  0.706	 -0.213	 -0.675
	 -0.588	  0.354	 -0.727
	  0.393	  0.911	  0.125

2 	  32.77	  -6.79	  22.94
	  0.829	  0.554	 -0.064
	 -0.555	  0.831	  0.015
	  0.062	  0.023	  0.998

3 	  43.93	   0.00	   1.79
	 -0.482	  0.193	 -0.854
	  0.002	 -0.975	 -0.222
	 -0.876	 -0.108	  0.469

4 	  36.60	   5.61	  -4.50
	  0.493	  0.869	  0.043
	 -0.733	  0.388	  0.558
	  0.468	 -0.307	  0.828

5 	  39.57	   6.80	   8.51
	  0.560	  0.337	  0.757
	  0.575	 -0.816	 -0.062
	  0.596	  0.470	 -0.651

6 	  46.93	  12.73	   2.64
	  0.658	  0.208	 -0.724
	  0.527	  0.559	  0.640
	  0.537	 -0.803	  0.258

7 	  38.90	  -8.44	  -4.82
	  0.325	 -0.856	  0.402
	  0.935	  0.230	 -0.268
	  0.137	  0.464	  0.875

8 	  40.32	  -9.19	   8.02
	  0.612	 -0.312	  0.727
	 -0.476	 -0.879	  0.023
	  0.632	 -0.360	 -0.686

9 	  48.04	 -14.70	   2.34
	  0.707	 -0.213	 -0.674
	 -0.585	  0.360	 -0.727
	  0.398	  0.908	  0.130

2 	  32.75	  -6.79	  22.96
	  0.829	  0.555	 -0.064
	 -0.555	  0.831	  0.015
	  0.061	  0.023	  0.998

3 	  43.93	   0.04	   1.78
	 -0.482	  0.191	 -0.855
	  0.010	 -0.975	 -0.223
	 -0.876	 -0.116	  0.468

4 	  36.54	   5.62	  -4.52
	  0.484	  0.874	  0.044
	 -0.740	  0.382	  0.553
	  0.467	 -0.300	  0.832

5 	  39.41	   6.84	   8.53
	  0.542	  0.355	  0.762
	  0.607	 -0.792	 -0.063
	  0.581	  0.497	 -0.645

6 	  46.56	  12.97	   2.57
	  0.643	  0.226	 -0.732
	  0.516	  0.578	  0.632
	  0.565	 -0.784	  0.255

7 	  38.90	  -8.42	  -4.85
	  0.321	 -0.859	  0.398
	  0.937	  0.227	 -0.266
	  0.138	  0.458	  0.878

8 	  40.25	  -9.21	   8.00
	  0.601	 -0.325	  0.729
	 -0.490	 -0.871	  0.016
	  0.631	 -0.367	 -0.684

9 	  47.92	 -14.80	   2.30
	  0.708	 -0.215	 -0.673
	 -0.579	  0.369	 -0.727
	  0.404	  0.904	  0.137

2 	  32.75	  -6.79	  22.96
	  0.829	  0.555	 -0.064
	 -0.555	  0.831	  0.015
	  0.061	  0.023	  0.998

3 	  43.91	   0.12	   1.78
	 -0.483	  0.182	 -0.856
	  0.027	 -0.974	 -0.223
	 -0.875	 -0.131	  0.466

4 	  36.47	   5.62	  -4.48
	  0.474	  0.879	  0.047
	 -0.748	  0.374	  0.548
	  0.464	 -0.295	  0.835

5 	  39.34	   6.87	   8.51
	  0.537	  0.363	  0.761
	  0.619	 -0.783	 -0.064
	  0.573	  0.505	 -0.645

6 	  46.35	  13.11	   2.55
	  0.633	  0.236	 -0.737
	  0.522	  0.572	  0.632
	  0.571	 -0.785	  0.238

7 	  38.92	  -8.38	  -4.85
	  0.321	 -0.860	  0.396
	  0.937	  0.228	 -0.265
	  0.137	  0.456	  0.879

8 	  40.22	  -9.19	   7.98
	  0.600	 -0.326	  0.730
	 -0.490	 -0.872	  0.013
	  0.633	 -0.365	 -0.683

9 	  47.94	 -14.73	   2.32
	  0.711	 -0.208	 -0.671
	 -0.577	  0.371	 -0.727
	  0.401	  0.905	  0.144

2 	  32.77	  -6.79	  22.94
	  0.829	  0.555	 -0.064
	 -0.555	  0.831	  0.015
	  0.062	  0.023	  0.998

3 	  43.91	   0.18	   1.78
	 -0.481	  0.180	 -0.858
	  0.037	 -0.973	 -0.226
	 -0.876	 -0.141	  0.462

4 	  36.46	   5.64	  -4.48
	  0.465	  0.884	  0.049
	 -0.756	  0.367	  0.542
	  0.461	 -0.290	  0.839

5 	  39.25	   6.86	   8.53
	  0.526	  0.370	  0.765
	  0.638	 -0.767	 -0.068
	  0.562	  0.524	 -0.640

6 	  46.11	  13.29	   2.57
	  0.626	  0.247	 -0.739
	  0.509	  0.588	  0.628
	  0.590	 -0.770	  0.243

7 	  38.97	  -8.33	  -4.89
	  0.321	 -0.863	  0.391
	  0.937	  0.231	 -0.260
	  0.134	  0.450	  0.883

8 	  40.18	  -9.21	   7.98
	  0.593	 -0.334	  0.733
	 -0.498	 -0.867	  0.007
	  0.633	 -0.369	 -0.680

9 	  47.90	 -14.77	   2.32
	  0.711	 -0.210	 -0.671
	 -0.578	  0.370	 -0.728
	  0.401	  0.905	  0.142

2 	  32.75	  -6.79	  22.96
	  0.829	  0.554	 -0.064
	 -0.555	  0.832	  0.015
	  0.061	  0.023	  0.998

3 	  43.91	   0.21	   1.78
	 -0.481	  0.179	 -0.858
	  0.045	 -0.973	 -0.228
	 -0.875	 -0.149	  0.460

4 	  36.40	   5.66	  -4.45
	  0.458	  0.888	  0.050
	 -0.760	  0.361	  0.540
	  0.462	 -0.286	  0.840

5 	  39.22	   6.89	   8.54
	  0.522	  0.377	  0.765
	  0.650	 -0.757	 -0.071
	  0.552	  0.534	 -0.640

6 	  45.88	  13.45	   2.48
	  0.609	  0.260	 -0.750
	  0.521	  0.580	  0.625
	  0.598	 -0.772	  0.217

7 	  38.97	  -8.30	  -4.89
	  0.320	 -0.864	  0.389
	  0.938	  0.230	 -0.260
	  0.135	  0.448	  0.884

8 	  40.15	  -9.19	   7.96
	  0.589	 -0.337	  0.734
	 -0.499	 -0.866	  0.003
	  0.635	 -0.369	 -0.679

9 	  47.87	 -14.78	   2.34
	  0.712	 -0.211	 -0.670
	 -0.578	  0.365	 -0.729
	  0.398	  0.907	  0.138

2 	  32.75	  -6.79	  22.96
	  0.829	  0.555	 -0.064
	 -0.555	  0.831	  0.015
	  0.061	  0.023	  0.998

3 	  43.91	   0.28	   1.78
	 -0.478	  0.176	 -0.860
	  0.063	 -0.970	 -0.234
	 -0.876	 -0.166	  0.453

4 	  36.39	   5.68	  -4.43
	  0.450	  0.891	  0.059
	 -0.763	  0.349	  0.544
	  0.464	 -0.290	  0.837

5 	  39.16	   6.86	   8.58
	  0.515	  0.377	  0.770
	  0.657	 -0.750	 -0.072
	  0.550	  0.543	 -0.634

6 	  45.84	  13.45	   2.53
	  0.608	  0.263	 -0.749
	  0.520	  0.580	  0.627
	  0.599	 -0.771	  0.216

7 	  39.06	  -8.28	  -4.96
	  0.323	 -0.866	  0.382
	  0.937	  0.237	 -0.255
	  0.130	  0.440	  0.888

8 	  40.18	  -9.23	   7.95
	  0.585	 -0.340	  0.736
	 -0.497	 -0.868	 -0.006
	  0.641	 -0.362	 -0.677

9 	  47.94	 -14.71	   2.29
	  0.716	 -0.199	 -0.669
	 -0.579	  0.365	 -0.729
	  0.389	  0.910	  0.146

2 	  32.77	  -6.79	  22.94
	  0.829	  0.555	 -0.064
	 -0.555	  0.831	  0.015
	  0.062	  0.023	  0.998

3 	  43.91	   0.30	   1.78
	 -0.478	  0.177	 -0.860
	  0.068	 -0.969	 -0.237
	 -0.875	 -0.172	  0.451

4 	  36.39	   5.71	  -4.39
	  0.445	  0.893	  0.062
	 -0.765	  0.344	  0.544
	  0.465	 -0.290	  0.836

5 	  39.11	   6.86	   8.63
	  0.508	  0.376	  0.775
	  0.666	 -0.742	 -0.078
	  0.545	  0.555	 -0.628

6 	  45.63	  13.59	   2.65
	  0.598	  0.279	 -0.751
	  0.528	  0.568	  0.631
	  0.603	 -0.774	  0.192

7 	  39.06	  -8.24	  -4.96
	  0.323	 -0.868	  0.377
	  0.937	  0.239	 -0.253
	  0.129	  0.435	  0.891

8 	  40.11	  -9.28	   7.89
	  0.582	 -0.344	  0.736
	 -0.495	 -0.869	 -0.015
	  0.645	 -0.356	 -0.677

9 	  47.97	 -14.62	   2.27
	  0.723	 -0.186	 -0.665
	 -0.578	  0.365	 -0.730
	  0.378	  0.912	  0.156

2 	  32.77	  -6.77	  22.96
	  0.829	  0.555	 -0.064
	 -0.555	  0.831	  0.015
	  0.062	  0.023	  0.998

3 	  43.91	   0.30	   1.78
	 -0.477	  0.179	 -0.860
	  0.071	 -0.968	 -0.241
	 -0.876	 -0.176	  0.449

4 	  36.37	   5.75	  -4.34
	  0.445	  0.893	  0.068
	 -0.766	  0.339	  0.547
	  0.465	 -0.296	  0.834

5 	  39.09	   6.80	   8.67
	  0.506	  0.370	  0.779
	  0.667	 -0.740	 -0.081
	  0.546	  0.561	 -0.622

6 	  45.62	  13.55	   2.72
	  0.598	  0.280	 -0.751
	  0.529	  0.565	  0.633
	  0.602	 -0.776	  0.189

7 	  39.02	  -8.19	  -5.03
	  0.320	 -0.873	  0.367
	  0.938	  0.239	 -0.250
	  0.130	  0.424	  0.896

8 	  40.10	  -9.33	   7.86
	  0.580	 -0.350	  0.735
	 -0.497	 -0.867	 -0.021
	  0.645	 -0.353	 -0.678

9 	  47.94	 -14.66	   2.18
	  0.725	 -0.177	 -0.665
	 -0.575	  0.375	 -0.727
	  0.379	  0.909	  0.170

2 	  32.77	  -6.77	  22.94
	  0.829	  0.555	 -0.065
	 -0.555	  0.831	  0.015
	  0.062	  0.023	  0.998

3 	  43.93	   0.30	   1.78
	 -0.475	  0.183	 -0.861
	  0.080	 -0.965	 -0.250
	 -0.876	 -0.188	  0.444

4 	  36.37	   5.75	  -4.31
	  0.442	  0.894	  0.072
	 -0.767	  0.335	  0.547
	  0.465	 -0.297	  0.834

5 	  39.06	   6.77	   8.70
	  0.499	  0.373	  0.782
	  0.679	 -0.729	 -0.085
	  0.538	  0.573	 -0.617

6 	  45.47	  13.62	   2.78
	  0.590	  0.291	 -0.753
	  0.530	  0.563	  0.634
	  0.609	 -0.773	  0.178

7 	  39.08	  -8.17	  -5.03
	  0.319	 -0.875	  0.364
	  0.939	  0.240	 -0.245
	  0.127	  0.420	  0.898

8 	  40.08	  -9.37	   7.82
	  0.576	 -0.358	  0.735
	 -0.502	 -0.864	 -0.027
	  0.645	 -0.354	 -0.677

9 	  47.95	 -14.68	   2.18
	  0.726	 -0.177	 -0.664
	 -0.574	  0.375	 -0.728
	  0.378	  0.910	  0.171

2 	  32.77	  -6.77	  22.94
	  0.829	  0.555	 -0.064
	 -0.555	  0.831	  0.015
	  0.062	  0.023	  0.998

3 	  43.93	   0.35	   1.79
	 -0.474	  0.181	 -0.861
	  0.086	 -0.964	 -0.251
	 -0.876	 -0.193	  0.442

4 	  36.35	   5.78	  -4.31
	  0.433	  0.898	  0.074
	 -0.772	  0.327	  0.545
	  0.465	 -0.294	  0.835

5 	  39.01	   6.79	   8.72
	  0.495	  0.377	  0.783
	  0.688	 -0.721	 -0.088
	  0.531	  0.582	 -0.616

6 	  45.30	  13.73	   2.79
