2 	  47.69	  -0.46	   5.31
	  0.138	 -0.911	 -0.389
	 -0.124	 -0.406	  0.905
	 -0.983	 -0.077	 -0.169

3 	  46.42	  -0.25	   3.45
	 -0.056	  0.179	 -0.982
	 -0.047	 -0.983	 -0.176
	 -0.997	  0.036	  0.064

4 	  41.36	   5.45	  -5.34
	  0.649	  0.760	 -0.030
	 -0.693	  0.606	  0.389
	  0.314	 -0.232	  0.920

5 	  46.53	   7.68	   6.71
	  0.733	  0.149	  0.663
	 -0.109	 -0.937	  0.331
	  0.671	 -0.316	 -0.671

6 	  56.00	   8.61	  12.41
	  0.710	 -0.066	  0.701
	 -0.208	  0.931	  0.298
	 -0.673	 -0.358	  0.647

7 	  43.95	  -7.93	  -5.57
	  0.613	 -0.713	  0.341
	  0.785	  0.599	 -0.160
	 -0.090	  0.366	  0.926

8 	  48.52	  -8.53	   5.91
	  0.735	  0.077	  0.674
	  0.509	 -0.719	 -0.474
	  0.448	  0.691	 -0.567

9 	  57.64	  -6.13	  12.20
	  0.596	  0.159	  0.787
	 -0.106	  0.987	 -0.120
	 -0.796	 -0.012	  0.605

2 	  47.71	  -0.44	   5.31
	  0.151	 -0.906	 -0.396
	 -0.133	 -0.416	  0.899
	 -0.979	 -0.083	 -0.184

3 	  46.44	  -0.25	   3.43
	 -0.056	  0.178	 -0.982
	 -0.046	 -0.983	 -0.176
	 -0.997	  0.036	  0.063

4 	  41.36	   5.43	  -5.38
	  0.649	  0.760	 -0.031
	 -0.692	  0.607	  0.390
	  0.315	 -0.231	  0.920

5 	  46.53	   7.70	   6.68
	  0.733	  0.149	  0.663
	 -0.110	 -0.937	  0.332
	  0.670	 -0.317	 -0.671

6 	  55.99	   8.61	  12.43
	  0.709	 -0.067	  0.702
	 -0.208	  0.932	  0.298
	 -0.674	 -0.357	  0.646

7 	  43.95	  -7.93	  -5.57
	  0.614	 -0.712	  0.340
	  0.784	  0.599	 -0.161
	 -0.089	  0.366	  0.926

8 	  48.52	  -8.53	   5.87
	  0.735	  0.077	  0.673
	  0.509	 -0.718	 -0.474
	  0.447	  0.692	 -0.567

9 	  57.66	  -6.15	  12.20
	  0.596	  0.159	  0.787
	 -0.106	  0.987	 -0.119
	 -0.796	 -0.012	  0.605

2 	  47.72	  -0.18	   5.29
	  0.267	 -0.823	 -0.500
	 -0.091	 -0.539	  0.837
	 -0.959	 -0.178	 -0.219

3 	  46.51	  -0.21	   3.36
	 -0.118	  0.169	 -0.978
	 -0.078	 -0.984	 -0.161
	 -0.990	  0.058	  0.129

4 	  41.38	   5.45	  -5.36
	  0.649	  0.760	 -0.031
	 -0.693	  0.607	  0.389
	  0.314	 -0.231	  0.921

5 	  46.55	   7.70	   6.66
	  0.733	  0.148	  0.663
	 -0.113	 -0.936	  0.333
	  0.670	 -0.319	 -0.670

6 	  55.97	   8.63	  12.48
	  0.707	 -0.067	  0.704
	 -0.208	  0.932	  0.297
	 -0.676	 -0.356	  0.645

7 	  43.95	  -7.93	  -5.57
	  0.614	 -0.713	  0.340
	  0.784	  0.599	 -0.162
	 -0.088	  0.366	  0.926

8 	  48.53	  -8.54	   5.89
	  0.735	  0.077	  0.673
	  0.510	 -0.718	 -0.474
	  0.447	  0.692	 -0.567

9 	  57.66	  -6.15	  12.22
	  0.595	  0.159	  0.787
	 -0.106	  0.987	 -0.120
	 -0.796	 -0.013	  0.605

2 	  47.71	  -0.19	   5.31
	  0.254	 -0.835	 -0.488
	 -0.088	 -0.522	  0.848
	 -0.963	 -0.172	 -0.206

3 	  46.48	  -0.21	   3.36
	 -0.116	  0.177	 -0.977
	 -0.076	 -0.983	 -0.169
	 -0.990	  0.055	  0.128

4 	  41.36	   5.43	  -5.36
	  0.648	  0.760	 -0.030
	 -0.694	  0.606	  0.389
	  0.314	 -0.231	  0.921

5 	  46.53	   7.68	   6.68
	  0.733	  0.148	  0.663
	 -0.111	 -0.936	  0.332
	  0.670	 -0.318	 -0.670

6 	  55.97	   8.58	  12.45
	  0.709	 -0.068	  0.702
	 -0.207	  0.932	  0.298
	 -0.675	 -0.357	  0.646

7 	  43.96	  -7.93	  -5.59
	  0.613	 -0.713	  0.340
	  0.785	  0.598	 -0.161
	 -0.089	  0.366	  0.926

8 	  48.52	  -8.54	   5.89
	  0.735	  0.077	  0.674
	  0.510	 -0.718	 -0.474
	  0.447	  0.692	 -0.567

9 	  57.66	  -6.15	  12.20
	  0.596	  0.159	  0.787
	 -0.107	  0.987	 -0.119
	 -0.796	 -0.013	  0.605

2 	  47.67	  -0.23	   5.34
	  0.253	 -0.840	 -0.480
	 -0.096	 -0.515	  0.851
	 -0.963	 -0.169	 -0.211

3 	  46.44	  -0.21	   3.39
	 -0.110	  0.178	 -0.978
	 -0.072	 -0.982	 -0.171
	 -0.991	  0.051	  0.121

4 	  41.36	   5.43	  -5.34
	  0.648	  0.761	 -0.029
	 -0.694	  0.605	  0.389
	  0.314	 -0.232	  0.920

5 	  46.55	   7.68	   6.71
	  0.733	  0.148	  0.663
	 -0.111	 -0.937	  0.332
	  0.670	 -0.317	 -0.670

6 	  55.99	   8.61	  12.46
	  0.709	 -0.067	  0.701
	 -0.208	  0.931	  0.299
	 -0.673	 -0.358	  0.646

7 	  43.95	  -7.91	  -5.57
	  0.613	 -0.712	  0.341
	  0.785	  0.599	 -0.160
	 -0.091	  0.366	  0.926

8 	  48.52	  -8.53	   5.91
	  0.735	  0.077	  0.673
	  0.509	 -0.718	 -0.474
	  0.447	  0.692	 -0.567

9 	  57.66	  -6.13	  12.20
	  0.596	  0.159	  0.786
	 -0.107	  0.987	 -0.119
	 -0.796	 -0.013	  0.606

2 	  46.79	   0.02	  -1.49
	 -0.150	 -0.281	 -0.948
	  0.207	 -0.946	  0.248
	 -0.967	 -0.159	  0.200

3 	  46.53	  -0.25	   3.30
	 -0.196	  0.149	 -0.969
	 -0.104	 -0.986	 -0.131
	 -0.975	  0.075	  0.208

4 	  41.36	   5.43	  -5.34
	  0.648	  0.760	 -0.029
	 -0.694	  0.606	  0.388
	  0.313	 -0.232	  0.921

5 	  46.51	   7.68	   6.70
	  0.733	  0.150	  0.663
	 -0.105	 -0.938	  0.329
	  0.672	 -0.311	 -0.672

6 	  56.00	   8.60	  12.46
	  0.710	 -0.068	  0.700
	 -0.208	  0.931	  0.300
	 -0.672	 -0.359	  0.647

7 	  43.96	  -7.93	  -5.59
	  0.612	 -0.713	  0.341
	  0.785	  0.598	 -0.160
	 -0.090	  0.365	  0.926

8 	  48.52	  -8.49	   5.89
	  0.735	  0.078	  0.673
	  0.510	 -0.717	 -0.475
	  0.446	  0.692	 -0.567

9 	  57.67	  -6.12	  12.22
	  0.596	  0.159	  0.787
	 -0.107	  0.987	 -0.119
	 -0.796	 -0.014	  0.605

2 	  46.81	   0.02	  -1.48
	 -0.150	 -0.278	 -0.949
	  0.205	 -0.948	  0.245
	 -0.967	 -0.157	  0.199

3 	  46.51	  -0.26	   3.30
	 -0.197	  0.149	 -0.969
	 -0.104	 -0.986	 -0.130
	 -0.975	  0.075	  0.210

4 	  41.36	   5.43	  -5.34
	  0.648	  0.760	 -0.029
	 -0.694	  0.606	  0.388
	  0.313	 -0.232	  0.921

5 	  46.51	   7.68	   6.70
	  0.733	  0.150	  0.663
	 -0.105	 -0.938	  0.329
	  0.671	 -0.311	 -0.673

6 	  56.00	   8.58	  12.43
	  0.712	 -0.068	  0.699
	 -0.207	  0.931	  0.301
	 -0.671	 -0.359	  0.648

7 	  43.96	  -7.93	  -5.57
	  0.613	 -0.713	  0.341
	  0.785	  0.599	 -0.159
	 -0.091	  0.366	  0.926

8 	  48.52	  -8.51	   5.89
	  0.736	  0.077	  0.673
	  0.509	 -0.718	 -0.475
	  0.446	  0.692	 -0.568

9 	  57.67	  -6.13	  12.22
	  0.595	  0.159	  0.787
	 -0.107	  0.987	 -0.119
	 -0.796	 -0.013	  0.605

2 	  46.79	   0.00	  -1.46
	 -0.152	 -0.276	 -0.949
	  0.203	 -0.948	  0.243
	 -0.967	 -0.155	  0.200

3 	  46.51	  -0.26	   3.30
	 -0.198	  0.148	 -0.969
	 -0.103	 -0.986	 -0.130
	 -0.975	  0.074	  0.211

4 	  41.38	   5.43	  -5.33
	  0.649	  0.760	 -0.029
	 -0.694	  0.606	  0.388
	  0.312	 -0.232	  0.921

5 	  46.51	   7.68	   6.73
	  0.733	  0.151	  0.663
	 -0.105	 -0.939	  0.329
	  0.672	 -0.310	 -0.672

6 	  56.00	   8.58	  12.45
	  0.711	 -0.068	  0.699
	 -0.207	  0.931	  0.301
	 -0.672	 -0.359	  0.648

7 	  43.95	  -7.93	  -5.57
	  0.613	 -0.713	  0.342
	  0.785	  0.599	 -0.160
	 -0.091	  0.366	  0.926

8 	  48.52	  -8.53	   5.89
	  0.736	  0.077	  0.673
	  0.509	 -0.718	 -0.475
	  0.446	  0.692	 -0.567

9 	  57.64	  -6.13	  12.22
	  0.596	  0.159	  0.787
	 -0.107	  0.987	 -0.119
	 -0.796	 -0.013	  0.605

2 	  46.79	   0.00	  -1.46
	 -0.150	 -0.276	 -0.949
	  0.199	 -0.949	  0.245
	 -0.968	 -0.152	  0.197

3 	  46.51	  -0.26	   3.30
	 -0.199	  0.148	 -0.969
	 -0.104	 -0.986	 -0.130
	 -0.974	  0.074	  0.211

4 	  41.36	   5.45	  -5.33
	  0.648	  0.761	 -0.028
	 -0.694	  0.606	  0.388
	  0.312	 -0.232	  0.921

5 	  46.51	   7.68	   6.73
	  0.733	  0.150	  0.663
	 -0.105	 -0.938	  0.328
	  0.672	 -0.311	 -0.672

6 	  56.00	   8.63	  12.43
	  0.713	 -0.066	  0.698
	 -0.209	  0.930	  0.301
	 -0.670	 -0.360	  0.649

7 	  43.95	  -7.91	  -5.57
	  0.613	 -0.713	  0.341
	  0.785	  0.599	 -0.159
	 -0.091	  0.366	  0.926

8 	  48.52	  -8.53	   5.91
	  0.735	  0.077	  0.673
	  0.509	 -0.718	 -0.474
	  0.447	  0.691	 -0.567

9 	  57.66	  -6.13	  12.22
	  0.596	  0.159	  0.787
	 -0.107	  0.987	 -0.119
	 -0.796	 -0.013	  0.605

2 	  46.81	   0.00	  -1.42
	 -0.135	 -0.286	 -0.949
	  0.200	 -0.946	  0.257
	 -0.970	 -0.155	  0.184

3 	  46.51	  -0.26	   3.30
	 -0.199	  0.148	 -0.969
	 -0.104	 -0.986	 -0.130
	 -0.974	  0.074	  0.212

4 	  41.36	   5.43	  -5.33
	  0.648	  0.760	 -0.029
	 -0.694	  0.606	  0.388
	  0.312	 -0.232	  0.921

5 	  46.51	   7.68	   6.73
	  0.733	  0.150	  0.663
	 -0.104	 -0.939	  0.328
	  0.672	 -0.310	 -0.673

6 	  55.97	   8.61	  12.43
	  0.712	 -0.066	  0.698
	 -0.209	  0.931	  0.300
	 -0.670	 -0.360	  0.649

7 	  43.95	  -7.91	  -5.57
	  0.612	 -0.712	  0.342
	  0.785	  0.599	 -0.159
	 -0.092	  0.366	  0.926

8 	  48.52	  -8.53	   5.91
	  0.735	  0.077	  0.673
	  0.509	 -0.718	 -0.475
	  0.447	  0.692	 -0.567

9 	  57.67	  -6.13	  12.20
	  0.596	  0.159	  0.786
	 -0.107	  0.987	 -0.119
	 -0.796	 -0.014	  0.606

2 	  39.48	  -1.07	  -7.49
	  0.698	 -0.344	 -0.627
	  0.216	  0.937	 -0.273
	  0.682	  0.054	  0.729

3 	  46.65	  -0.14	   3.27
	 -0.193	  0.154	 -0.969
	 -0.120	 -0.984	 -0.132
	 -0.974	  0.090	  0.209

4 	  41.57	   5.54	  -5.38
	  0.648	  0.761	 -0.024
	 -0.699	  0.607	  0.378
	  0.302	 -0.228	  0.925

5 	  46.63	   7.73	   6.77
	  0.729	  0.143	  0.669
	 -0.109	 -0.941	  0.320
	  0.675	 -0.307	 -0.671

6 	  56.09	   8.60	  12.52
	  0.709	 -0.072	  0.701
	 -0.210	  0.928	  0.307
	 -0.672	 -0.366	  0.643

7 	  44.21	  -7.79	  -5.57
	  0.608	 -0.713	  0.349
	  0.786	  0.601	 -0.143
	 -0.108	  0.362	  0.926

8 	  48.69	  -8.40	   5.92
	  0.730	  0.075	  0.679
	  0.508	 -0.724	 -0.467
	  0.457	  0.686	 -0.567

9 	  57.80	  -6.03	  12.32
	  0.592	  0.156	  0.790
	 -0.101	  0.987	 -0.119
	 -0.799	 -0.010	  0.601

2 	  39.48	  -1.09	  -7.49
	  0.699	 -0.345	 -0.626
	  0.219	  0.937	 -0.271
	  0.680	  0.052	  0.731

3 	  46.65	  -0.16	   3.25
	 -0.193	  0.154	 -0.969
	 -0.120	 -0.984	 -0.133
	 -0.974	  0.091	  0.208

4 	  41.59	   5.52	  -5.38
	  0.650	  0.760	 -0.025
	 -0.698	  0.609	  0.377
	  0.302	 -0.228	  0.926

5 	  46.63	   7.73	   6.73
	  0.729	  0.143	  0.669
	 -0.111	 -0.940	  0.322
	  0.675	 -0.309	 -0.670

6 	  56.09	   8.56	  12.52
	  0.709	 -0.072	  0.701
	 -0.210	  0.928	  0.307
	 -0.673	 -0.365	  0.643

7 	  44.19	  -7.80	  -5.57
	  0.607	 -0.713	  0.349
	  0.787	  0.600	 -0.144
	 -0.107	  0.362	  0.926

8 	  48.69	  -8.42	   5.94
	  0.730	  0.075	  0.679
	  0.508	 -0.724	 -0.466
	  0.457	  0.685	 -0.567

9 	  57.81	  -6.06	  12.32
	  0.593	  0.156	  0.790
	 -0.100	  0.988	 -0.120
	 -0.799	 -0.008	  0.601

2 	  39.50	  -1.12	  -7.49
	  0.698	 -0.343	 -0.629
	  0.215	  0.938	 -0.272
	  0.683	  0.054	  0.728

3 	  46.69	  -0.18	   3.23
	 -0.191	  0.155	 -0.969
	 -0.121	 -0.984	 -0.134
	 -0.974	  0.091	  0.207

4 	  41.62	   5.50	  -5.38
	  0.651	  0.758	 -0.027
	 -0.696	  0.611	  0.376
	  0.301	 -0.226	  0.926

5 	  46.65	   7.73	   6.73
	  0.728	  0.144	  0.670
	 -0.113	 -0.939	  0.324
	  0.676	 -0.312	 -0.668

6 	  56.11	   8.54	  12.52
	  0.708	 -0.072	  0.702
	 -0.208	  0.929	  0.305
	 -0.675	 -0.362	  0.643

7 	  44.19	  -7.82	  -5.59
	  0.607	 -0.714	  0.349
	  0.787	  0.598	 -0.146
	 -0.105	  0.364	  0.925

8 	  48.71	  -8.42	   5.94
	  0.730	  0.076	  0.679
	  0.508	 -0.725	 -0.465
	  0.457	  0.684	 -0.568

9 	  57.78	  -6.06	  12.30
	  0.593	  0.157	  0.789
	 -0.101	  0.987	 -0.121
	 -0.799	 -0.008	  0.601

2 	  39.48	  -1.16	  -7.49
	  0.696	 -0.344	 -0.630
	  0.214	  0.937	 -0.276
	  0.685	  0.057	  0.726

3 	  46.67	  -0.18	   3.23
	 -0.190	  0.154	 -0.969
	 -0.120	 -0.984	 -0.133
	 -0.974	  0.091	  0.206

4 	  41.59	   5.50	  -5.38
	  0.651	  0.758	 -0.026
	 -0.697	  0.611	  0.376
	  0.301	 -0.227	  0.926

5 	  46.65	   7.72	   6.73
	  0.728	  0.143	  0.670
	 -0.114	 -0.939	  0.324
	  0.676	 -0.312	 -0.668

6 	  56.09	   8.51	  12.52
	  0.708	 -0.073	  0.702
	 -0.208	  0.929	  0.305
	 -0.675	 -0.362	  0.642

7 	  44.21	  -7.82	  -5.59
	  0.607	 -0.713	  0.349
	  0.787	  0.599	 -0.146
	 -0.105	  0.364	  0.925

8 	  48.69	  -8.42	   5.94
	  0.730	  0.076	  0.679
	  0.508	 -0.725	 -0.465
	  0.457	  0.684	 -0.568

9 	  57.78	  -6.08	  12.32
	  0.593	  0.157	  0.790
	 -0.100	  0.987	 -0.121
	 -0.799	 -0.007	  0.601

2 	  39.48	  -1.12	  -7.47
	  0.698	 -0.343	 -0.629
	  0.213	  0.937	 -0.275
	  0.683	  0.058	  0.728

3 	  46.65	  -0.18	   3.25
	 -0.190	  0.153	 -0.970
	 -0.120	 -0.984	 -0.132
	 -0.974	  0.091	  0.205

4 	  41.59	   5.50	  -5.40
	  0.651	  0.758	 -0.026
	 -0.697	  0.611	  0.376
	  0.301	 -0.227	  0.926

5 	  46.65	   7.72	   6.75
	  0.728	  0.143	  0.670
	 -0.113	 -0.940	  0.323
	  0.676	 -0.311	 -0.668

6 	  56.09	   8.58	  12.55
	  0.708	 -0.071	  0.702
	 -0.210	  0.928	  0.306
	 -0.674	 -0.364	  0.642

7 	  44.19	  -7.82	  -5.57
	  0.607	 -0.713	  0.350
	  0.787	  0.599	 -0.145
	 -0.106	  0.364	  0.925

8 	  48.71	  -8.42	   5.94
	  0.730	  0.076	  0.678
	  0.508	 -0.725	 -0.466
	  0.456	  0.685	 -0.568

9 	  57.78	  -6.10	  12.34
	  0.593	  0.156	  0.790
	 -0.100	  0.987	 -0.121
	 -0.799	 -0.007	  0.601

2 	  35.09	  -1.37	   0.58
	  0.076	 -0.725	 -0.685
	  0.120	  0.688	 -0.715
	  0.990	 -0.028	  0.140

3 	  46.72	  -0.16	   3.23
	 -0.179	  0.155	 -0.971
	 -0.122	 -0.983	 -0.135
	 -0.976	  0.094	  0.195

4 	  41.70	   5.50	  -5.48
	  0.656	  0.754	 -0.030
	 -0.694	  0.618	  0.369
	  0.297	 -0.222	  0.929

5 	  46.72	   7.75	   6.70
	  0.725	  0.142	  0.673
	 -0.120	 -0.937	  0.327
	  0.677	 -0.318	 -0.663

6 	  56.14	   8.53	  12.46
	  0.707	 -0.073	  0.703
	 -0.207	  0.930	  0.304
	 -0.677	 -0.360	  0.642

7 	  44.23	  -7.80	  -5.62
	  0.606	 -0.715	  0.347
	  0.788	  0.597	 -0.147
	 -0.102	  0.363	  0.926

8 	  48.71	  -8.42	   5.89
	  0.729	  0.075	  0.681
	  0.510	 -0.723	 -0.466
	  0.457	  0.686	 -0.565

9 	  57.80	  -6.06	  12.30
	  0.591	  0.156	  0.791
	 -0.101	  0.988	 -0.119
	 -0.800	 -0.010	  0.599

2 	  35.12	  -1.39	   0.58
	  0.071	 -0.732	 -0.677
	  0.114	  0.680	 -0.724
	  0.991	 -0.026	  0.132

3 	  46.72	  -0.16	   3.23
	 -0.180	  0.156	 -0.971
	 -0.122	 -0.983	 -0.135
	 -0.976	  0.094	  0.196

4 	  41.70	   5.50	  -5.47
	  0.656	  0.754	 -0.030
	 -0.693	  0.618	  0.370
	  0.297	 -0.222	  0.928

5 	  46.71	   7.73	   6.70
	  0.725	  0.142	  0.673
	 -0.120	 -0.937	  0.327
	  0.677	 -0.318	 -0.663

6 	  56.18	   8.49	  12.48
	  0.706	 -0.074	  0.704
	 -0.205	  0.930	  0.304
	 -0.678	 -0.359	  0.641

7 	  44.23	  -7.80	  -5.64
	  0.607	 -0.715	  0.347
	  0.788	  0.598	 -0.148
	 -0.102	  0.363	  0.926

8 	  48.71	  -8.40	   5.89
	  0.729	  0.075	  0.681
	  0.510	 -0.723	 -0.466
	  0.457	  0.686	 -0.566

9 	  57.78	  -6.08	  12.30
	  0.590	  0.155	  0.792
	 -0.101	  0.988	 -0.119
	 -0.801	 -0.010	  0.599

2 	  35.10	  -1.39	   0.60
	  0.068	 -0.738	 -0.671
	  0.113	  0.674	 -0.730
	  0.991	 -0.027	  0.130

3 	  46.76	  -0.18	   3.20
	 -0.180	  0.157	 -0.971
	 -0.122	 -0.983	 -0.136
	 -0.976	  0.094	  0.196

4 	  41.71	   5.50	  -5.48
	  0.657	  0.753	 -0.032
	 -0.692	  0.620	  0.370
	  0.298	 -0.221	  0.928

5 	  46.71	   7.75	   6.70
	  0.725	  0.142	  0.674
	 -0.122	 -0.937	  0.328
	  0.677	 -0.320	 -0.662

6 	  56.16	   8.47	  12.48
	  0.705	 -0.074	  0.705
	 -0.204	  0.931	  0.302
	 -0.679	 -0.357	  0.641

7 	  44.24	  -7.82	  -5.64
	  0.607	 -0.715	  0.345
	  0.788	  0.597	 -0.150
	 -0.099	  0.363	  0.926

8 	  48.73	  -8.42	   5.87
	  0.728	  0.076	  0.681
	  0.510	 -0.724	 -0.465
	  0.458	  0.686	 -0.566

9 	  57.80	  -6.08	  12.29
	  0.591	  0.155	  0.792
	 -0.100	  0.988	 -0.119
	 -0.801	 -0.009	  0.599

2 	  35.12	  -1.39	   0.62
	  0.063	 -0.742	 -0.667
	  0.111	  0.669	 -0.734
	  0.992	 -0.028	  0.125

3 	  46.74	  -0.18	   3.22
	 -0.179	  0.156	 -0.971
	 -0.122	 -0.983	 -0.136
	 -0.976	  0.094	  0.195

4 	  41.70	   5.48	  -5.48
	  0.657	  0.753	 -0.031
	 -0.693	  0.620	  0.370
	  0.297	 -0.222	  0.928

5 	  46.71	   7.73	   6.70
	  0.725	  0.142	  0.673
	 -0.121	 -0.937	  0.328
	  0.677	 -0.320	 -0.663

6 	  56.14	   8.47	  12.52
	  0.704	 -0.075	  0.706
	 -0.204	  0.931	  0.302
	 -0.680	 -0.357	  0.640

7 	  44.23	  -7.80	  -5.64
	  0.607	 -0.716	  0.346
	  0.788	  0.596	 -0.150
	 -0.099	  0.364	  0.926

8 	  48.73	  -8.42	   5.89
	  0.729	  0.076	  0.680
	  0.509	 -0.725	 -0.464
	  0.458	  0.685	 -0.567

9 	  57.80	  -6.08	  12.29
	  0.591	  0.156	  0.791
	 -0.100	  0.988	 -0.120
	 -0.800	 -0.008	  0.599

2 	  35.12	  -1.37	   0.62
	  0.063	 -0.744	 -0.665
	  0.107	  0.667	 -0.737
	  0.992	 -0.024	  0.122

3 	  46.72	  -0.18	   3.23
	 -0.180	  0.156	 -0.971
	 -0.122	 -0.983	 -0.135
	 -0.976	  0.094	  0.196

4 	  41.70	   5.50	  -5.47
	  0.657	  0.753	 -0.030
	 -0.693	  0.619	  0.370
	  0.297	 -0.223	  0.928

5 	  46.71	   7.73	   6.68
	  0.726	  0.142	  0.673
	 -0.120	 -0.937	  0.327
	  0.677	 -0.319	 -0.663

6 	  56.16	   8.53	  12.48
	  0.706	 -0.074	  0.704
	 -0.205	  0.930	  0.303
	 -0.678	 -0.359	  0.642

7 	  44.23	  -7.80	  -5.62
	  0.607	 -0.715	  0.346
	  0.788	  0.597	 -0.149
	 -0.101	  0.364	  0.926

8 	  48.71	  -8.40	   5.89
	  0.729	  0.075	  0.680
	  0.509	 -0.725	 -0.465
	  0.458	  0.685	 -0.567

9 	  57.80	  -6.06	  12.30
	  0.590	  0.156	  0.792
	 -0.100	  0.988	 -0.120
	 -0.801	 -0.008	  0.599

2 	  45.70	   0.74	  -3.27
	  0.142	 -0.984	  0.108
	  0.830	  0.178	  0.529
	 -0.540	  0.015	  0.842

3 	  46.58	  -0.26	   3.09
	 -0.199	  0.154	 -0.968
	 -0.115	 -0.984	 -0.133
	 -0.973	  0.085	  0.214

4 	  41.36	   5.43	  -5.34
	  0.659	  0.751	 -0.033
	 -0.685	  0.618	  0.385
	  0.309	 -0.232	  0.922

5 	  46.55	   7.66	   6.73
	  0.734	  0.142	  0.664
	 -0.113	 -0.939	  0.325
	  0.669	 -0.314	 -0.673

6 	  56.04	   8.49	  12.43
	  0.714	 -0.071	  0.696
	 -0.205	  0.930	  0.305
	 -0.669	 -0.361	  0.650

7 	  43.96	  -8.03	  -5.57
	  0.615	 -0.706	  0.350
	  0.784	  0.594	 -0.179
	 -0.082	  0.385	  0.919

8 	  48.55	  -8.51	   5.89
	  0.734	  0.080	  0.673
	  0.503	 -0.731	 -0.462
	  0.455	  0.678	 -0.577

9 	  57.69	  -6.15	  12.25
	  0.596	  0.158	  0.787
	 -0.099	  0.987	 -0.123
	 -0.797	 -0.005	  0.603

2 	  45.83	   0.51	  -3.15
	  0.012	 -0.969	  0.245
	  0.776	  0.164	  0.609
	 -0.631	  0.182	  0.754

3 	  46.56	  -0.26	   3.15
	 -0.199	  0.152	 -0.968
	 -0.116	 -0.984	 -0.131
	 -0.973	  0.086	  0.214

4 	  41.34	   5.43	  -5.33
	  0.659	  0.751	 -0.032
	 -0.686	  0.618	  0.384
	  0.308	 -0.232	  0.922

5 	  46.55	   7.66	   6.73
	  0.734	  0.142	  0.663
	 -0.112	 -0.939	  0.325
	  0.669	 -0.313	 -0.674

6 	  56.02	   8.49	  12.45
	  0.715	 -0.071	  0.695
	 -0.206	  0.929	  0.306
	 -0.668	 -0.362	  0.650

7 	  43.96	  -8.02	  -5.57
	  0.614	 -0.707	  0.351
	  0.784	  0.595	 -0.176
	 -0.085	  0.383	  0.919

8 	  48.55	  -8.49	   5.92
	  0.734	  0.080	  0.674
	  0.504	 -0.730	 -0.462
	  0.454	  0.679	 -0.577

9 	  57.67	  -6.13	  12.25
	  0.596	  0.158	  0.787
	 -0.100	  0.987	 -0.123
	 -0.797	 -0.005	  0.604

2 	  46.14	   0.83	  -3.04
	  0.093	 -0.987	 -0.132
	  0.590	 -0.052	  0.806
	 -0.802	 -0.153	  0.577

3 	  46.56	  -0.30	   3.15
	 -0.201	  0.148	 -0.968
	 -0.118	 -0.985	 -0.126
	 -0.973	  0.089	  0.215

4 	  41.36	   5.41	  -5.33
	  0.659	  0.751	 -0.032
	 -0.686	  0.618	  0.383
	  0.308	 -0.231	  0.923

5 	  46.55	   7.63	   6.73
	  0.734	  0.143	  0.664
	 -0.112	 -0.939	  0.326
	  0.669	 -0.314	 -0.673

6 	  56.04	   8.46	  12.41
	  0.715	 -0.071	  0.695
	 -0.205	  0.930	  0.305
	 -0.668	 -0.361	  0.651

7 	  43.95	  -8.05	  -5.55
	  0.613	 -0.707	  0.352
	  0.785	  0.594	 -0.176
	 -0.085	  0.385	  0.919

8 	  48.55	  -8.51	   5.92
	  0.735	  0.081	  0.672
	  0.502	 -0.731	 -0.462
	  0.454	  0.678	 -0.578

9 	  57.69	  -6.13	  12.27
	  0.596	  0.160	  0.786
	 -0.099	  0.987	 -0.125
	 -0.797	 -0.004	  0.604

2 	  45.77	   0.95	  -3.09
	  0.150	 -0.970	 -0.193
	  0.797	  0.003	  0.604
	 -0.585	 -0.245	  0.773

3 	  46.55	  -0.30	   3.15
	 -0.202	  0.148	 -0.968
	 -0.120	 -0.985	 -0.126
	 -0.972	  0.090	  0.217

4 	  41.36	   5.41	  -5.34
	  0.659	  0.751	 -0.032
	 -0.686	  0.618	  0.385
	  0.309	 -0.232	  0.922

5 	  46.55	   7.65	   6.73
	  0.734	  0.143	  0.663
	 -0.112	 -0.939	  0.326
	  0.669	 -0.314	 -0.674

6 	  56.04	   8.46	  12.43
	  0.715	 -0.071	  0.695
	 -0.205	  0.930	  0.305
	 -0.668	 -0.361	  0.650

7 	  43.95	  -8.05	  -5.55
	  0.613	 -0.707	  0.353
	  0.785	  0.594	 -0.175
	 -0.086	  0.384	  0.919

8 	  48.55	  -8.53	   5.92
	  0.736	  0.080	  0.672
	  0.502	 -0.731	 -0.462
	  0.454	  0.677	 -0.578

9 	  57.71	  -6.12	  12.29
	  0.596	  0.160	  0.787
	 -0.100	  0.987	 -0.126
	 -0.797	 -0.004	  0.604

2 	  45.83	   1.02	  -3.66
	  0.143	 -0.971	 -0.191
	  0.785	 -0.006	  0.619
	 -0.603	 -0.239	  0.761

3 	  46.56	  -0.30	   3.15
	 -0.202	  0.148	 -0.968
	 -0.119	 -0.985	 -0.126
	 -0.972	  0.089	  0.217

4 	  41.36	   5.43	  -5.31
	  0.659	  0.751	 -0.031
	 -0.686	  0.617	  0.385
	  0.308	 -0.233	  0.922

5 	  46.53	   7.63	   6.75
	  0.734	  0.143	  0.663
	 -0.112	 -0.939	  0.326
	  0.669	 -0.313	 -0.674

6 	  56.07	   8.44	  12.41
	  0.716	 -0.072	  0.694
	 -0.203	  0.930	  0.305
	 -0.668	 -0.359	  0.651

7 	  43.95	  -8.05	  -5.54
	  0.613	 -0.707	  0.353
	  0.785	  0.594	 -0.175
	 -0.086	  0.384	  0.919

8 	  48.55	  -8.53	   5.91
	  0.736	  0.081	  0.672
	  0.502	 -0.731	 -0.463
	  0.453	  0.678	 -0.579

9 	  57.69	  -6.17	  12.27
	  0.597	  0.159	  0.786
	 -0.098	  0.987	 -0.126
	 -0.796	 -0.003	  0.604

2 	  44.17	   3.88	  -3.97
	  0.141	 -0.974	  0.175
	  0.778	  0.218	  0.589
	 -0.612	  0.053	  0.789

3 	  46.53	  -0.14	   3.15
	 -0.212	  0.157	 -0.964
	 -0.113	 -0.984	 -0.135
	 -0.971	  0.080	  0.226

4 	  41.29	   5.52	  -5.20
	  0.666	  0.745	 -0.012
	 -0.693	  0.625	  0.359
	  0.275	 -0.231	  0.933

5 	  46.42	   7.65	   6.89
	  0.741	  0.136	  0.657
	 -0.104	 -0.944	  0.312
	  0.663	 -0.300	 -0.686

6 	  56.02	   8.53	  12.39
	  0.725	 -0.076	  0.684
	 -0.208	  0.923	  0.322
	 -0.656	 -0.376	  0.654

7 	  43.96	  -7.86	  -5.57
	  0.616	 -0.707	  0.347
	  0.782	  0.600	 -0.165
	 -0.092	  0.373	  0.923

8 	  48.55	  -8.42	   5.89
	  0.736	  0.077	  0.672
	  0.506	 -0.723	 -0.471
	  0.449	  0.687	 -0.571

9 	  57.67	  -6.05	  12.25
	  0.596	  0.154	  0.788
	 -0.106	  0.988	 -0.113
	 -0.796	 -0.017	  0.605

2 	  44.21	   3.80	  -4.04
	  0.106	 -0.965	  0.238
	  0.759	  0.233	  0.607
	 -0.642	  0.116	  0.758

3 	  46.51	  -0.14	   3.15
	 -0.214	  0.157	 -0.964
	 -0.114	 -0.984	 -0.135
	 -0.970	  0.081	  0.228

4 	  41.26	   5.55	  -5.19
	  0.664	  0.747	 -0.011
	 -0.693	  0.622	  0.364
	  0.279	 -0.234	  0.931

5 	  46.41	   7.66	   6.89
	  0.741	  0.137	  0.657
	 -0.103	 -0.944	  0.312
	  0.663	 -0.299	 -0.686

6 	  55.99	   8.51	  12.38
	  0.726	 -0.076	  0.683
	 -0.207	  0.923	  0.323
	 -0.656	 -0.376	  0.654

7 	  43.95	  -7.84	  -5.59
	  0.616	 -0.707	  0.347
	  0.782	  0.600	 -0.166
	 -0.091	  0.373	  0.923

8 	  48.53	  -8.46	   5.87
	  0.737	  0.077	  0.672
	  0.505	 -0.723	 -0.471
	  0.449	  0.687	 -0.571

9 	  57.67	  -6.05	  12.25
	  0.596	  0.154	  0.788
	 -0.107	  0.988	 -0.112
	 -0.796	 -0.018	  0.605

2 	  44.24	   3.73	  -3.67
	  0.092	 -0.961	  0.260
	  0.737	  0.241	  0.631
	 -0.669	  0.134	  0.730

3 	  46.51	  -0.16	   3.15
	 -0.215	  0.156	 -0.964
	 -0.115	 -0.984	 -0.134
	 -0.970	  0.082	  0.229

4 	  41.26	   5.52	  -5.20
	  0.665	  0.747	 -0.014
	 -0.693	  0.623	  0.363
	  0.280	 -0.232	  0.932

5 	  46.41	   7.65	   6.89
	  0.741	  0.137	  0.657
	 -0.104	 -0.944	  0.313
	  0.663	 -0.301	 -0.685

6 	  55.99	   8.51	  12.38
	  0.726	 -0.076	  0.684
	 -0.206	  0.924	  0.321
	 -0.656	 -0.374	  0.655

7 	  43.95	  -7.86	  -5.59
	  0.615	 -0.707	  0.347
	  0.783	  0.600	 -0.166
	 -0.091	  0.374	  0.923

8 	  48.53	  -8.47	   5.89
	  0.737	  0.077	  0.671
	  0.504	 -0.724	 -0.471
	  0.449	  0.686	 -0.573

9 	  57.67	  -6.06	  12.25
	  0.597	  0.155	  0.787
	 -0.106	  0.988	 -0.114
	 -0.795	 -0.016	  0.606

2 	  44.24	   4.06	  -4.24
	  0.285	 -0.955	  0.084
	  0.735	  0.274	  0.620
	 -0.615	 -0.115	  0.780

3 	  46.51	  -0.14	   3.13
	 -0.214	  0.157	 -0.964
	 -0.114	 -0.984	 -0.135
	 -0.970	  0.080	  0.229

4 	  41.24	   5.55	  -5.20
	  0.660	  0.751	 -0.012
	 -0.694	  0.616	  0.373
	  0.288	 -0.238	  0.927

5 	  46.41	   7.66	   6.87
	  0.741	  0.137	  0.657
	 -0.104	 -0.944	  0.313
	  0.663	 -0.301	 -0.685

6 	  56.00	   8.53	  12.39
	  0.725	 -0.076	  0.684
	 -0.206	  0.924	  0.321
	 -0.657	 -0.374	  0.654

7 	  43.95	  -7.86	  -5.59
	  0.616	 -0.707	  0.347
	  0.782	  0.600	 -0.166
	 -0.091	  0.373	  0.923

8 	  48.52	  -8.44	   5.89
	  0.737	  0.078	  0.671
	  0.506	 -0.722	 -0.471
	  0.448	  0.687	 -0.572

9 	  57.67	  -6.03	  12.25
	  0.595	  0.155	  0.788
	 -0.108	  0.987	 -0.113
	 -0.796	 -0.018	  0.605

2 	  44.35	   4.08	  -3.96
	  0.238	 -0.962	  0.134
	  0.662	  0.262	  0.702
	 -0.710	 -0.079	  0.699

3 	  46.53	  -0.14	   3.11
	 -0.214	  0.160	 -0.964
	 -0.114	 -0.984	 -0.138
	 -0.970	  0.080	  0.229

4 	  41.24	   5.57	  -5.20
	  0.662	  0.749	 -0.011
	 -0.693	  0.618	  0.370
	  0.284	 -0.237	  0.929

5 	  46.42	   7.66	   6.87
	  0.741	  0.136	  0.657
	 -0.105	 -0.944	  0.313
	  0.663	 -0.302	 -0.685

6 	  55.99	   8.49	  12.41
	  0.724	 -0.078	  0.685
	 -0.205	  0.924	  0.322
	 -0.658	 -0.374	  0.653

7 	  43.95	  -7.86	  -5.59
	  0.616	 -0.708	  0.346
	  0.782	  0.600	 -0.167
	 -0.090	  0.373	  0.923

8 	  48.53	  -8.44	   5.87
	  0.736	  0.078	  0.672
	  0.507	 -0.722	 -0.472
	  0.448	  0.688	 -0.571

9 	  57.66	  -6.05	  12.23
	  0.595	  0.155	  0.788
	 -0.108	  0.988	 -0.112
	 -0.796	 -0.018	  0.604

2 	  43.22	   6.01	  -5.77
	  0.475	 -0.875	  0.096
	  0.809	  0.477	  0.343
	 -0.346	 -0.085	  0.934

3 	  46.53	  -0.16	   3.18
	 -0.210	  0.158	 -0.965
	 -0.112	 -0.984	 -0.137
	 -0.971	  0.079	  0.224

4 	  41.26	   5.66	  -5.17
	  0.643	  0.766	  0.004
	 -0.715	  0.598	  0.362
	  0.275	 -0.236	  0.932

5 	  46.41	   7.63	   6.93
	  0.742	  0.136	  0.656
	 -0.101	 -0.945	  0.311
	  0.662	 -0.297	 -0.688

6 	  56.00	   8.51	  12.39
	  0.728	 -0.077	  0.681
	 -0.207	  0.922	  0.326
	 -0.653	 -0.378	  0.655

7 	  43.96	  -7.86	  -5.55
	  0.611	 -0.711	  0.348
	  0.786	  0.597	 -0.160
	 -0.094	  0.372	  0.923

8 	  48.52	  -8.47	   5.94
	  0.740	  0.078	  0.668
	  0.503	 -0.724	 -0.472
	  0.447	  0.685	 -0.575

9 	  57.69	  -6.06	  12.22
	  0.598	  0.158	  0.785
	 -0.109	  0.987	 -0.116
	 -0.794	 -0.016	  0.608

2 	  43.29	   5.84	  -5.84
	  0.411	 -0.889	  0.200
	  0.827	  0.456	  0.328
	 -0.383	  0.031	  0.923

3 	  46.53	  -0.18	   3.18
	 -0.210	  0.158	 -0.965
	 -0.112	 -0.984	 -0.137
	 -0.971	  0.079	  0.224

4 	  41.26	   5.66	  -5.15
	  0.641	  0.767	  0.002
	 -0.715	  0.597	  0.363
	  0.277	 -0.235	  0.931

5 	  46.42	   7.63	   6.94
	  0.742	  0.136	  0.656
	 -0.102	 -0.945	  0.312
	  0.662	 -0.298	 -0.687

6 	  55.99	   8.51	  12.39
	  0.728	 -0.076	  0.681
	 -0.208	  0.922	  0.325
	 -0.654	 -0.378	  0.655

7 	  43.95	  -7.88	  -5.55
	  0.611	 -0.711	  0.348
	  0.786	  0.597	 -0.161
	 -0.094	  0.372	  0.923

8 	  48.52	  -8.47	   5.94
	  0.740	  0.078	  0.668
	  0.503	 -0.724	 -0.472
	  0.447	  0.685	 -0.575

9 	  57.67	  -6.10	  12.23
	  0.598	  0.158	  0.786
	 -0.108	  0.987	 -0.116
	 -0.794	 -0.016	  0.607

2 	  43.40	   5.68	  -5.47
	  0.405	 -0.864	  0.298
	  0.795	  0.494	  0.351
	 -0.451	  0.095	  0.887

3 	  46.55	  -0.18	   3.15
	 -0.210	  0.158	 -0.965
	 -0.111	 -0.984	 -0.137
	 -0.971	  0.078	  0.224

4 	  41.26	   5.62	  -5.19
	  0.643	  0.766	 -0.001
	 -0.713	  0.599	  0.364
	  0.279	 -0.234	  0.931

5 	  46.42	   7.63	   6.91
	  0.742	  0.136	  0.656
	 -0.104	 -0.944	  0.314
	  0.662	 -0.301	 -0.686

6 	  56.02	   8.46	  12.36
	  0.727	 -0.078	  0.682
	 -0.204	  0.924	  0.323
	 -0.655	 -0.374	  0.656

7 	  43.95	  -7.89	  -5.55
	  0.610	 -0.711	  0.349
	  0.786	  0.595	 -0.162
	 -0.093	  0.373	  0.923

8 	  48.53	  -8.51	   5.92
	  0.740	  0.079	  0.668
	  0.503	 -0.724	 -0.472
	  0.446	  0.685	 -0.576

9 	  57.67	  -6.08	  12.23
	  0.598	  0.159	  0.785
	 -0.109	  0.987	 -0.117
	 -0.794	 -0.016	  0.607

2 	  43.08	   5.78	  -5.89
	  0.519	 -0.848	  0.107
	  0.819	  0.529	  0.220
	 -0.243	 -0.026	  0.969

3 	  46.58	  -0.19	   3.13
	 -0.209	  0.158	 -0.965
	 -0.111	 -0.984	 -0.137
	 -0.971	  0.079	  0.223

4 	  41.27	   5.59	  -5.20
	  0.645	  0.764	 -0.003
	 -0.711	  0.602	  0.363
	  0.279	 -0.232	  0.932

5 	  46.42	   7.65	   6.89
	  0.741	  0.137	  0.657
	 -0.106	 -0.943	  0.316
	  0.663	 -0.303	 -0.685

6 	  56.02	   8.53	  12.39
	  0.725	 -0.075	  0.684
	 -0.206	  0.925	  0.320
	 -0.657	 -0.373	  0.655

7 	  43.95	  -7.91	  -5.55
	  0.609	 -0.712	  0.349
	  0.787	  0.594	 -0.163
	 -0.091	  0.374	  0.922

8 	  48.55	  -8.51	   5.92
	  0.740	  0.080	  0.667
	  0.503	 -0.725	 -0.471
	  0.446	  0.684	 -0.577

9 	  57.67	  -6.08	  12.22
	  0.598	  0.160	  0.785
	 -0.109	  0.987	 -0.119
	 -0.794	 -0.015	  0.607

2 	  42.98	   6.42	  -6.21
	  0.506	 -0.829	 -0.237
	  0.848	  0.429	  0.309
	 -0.155	 -0.358	  0.921

3 	  46.56	  -0.21	   3.13
	 -0.208	  0.156	 -0.965
	 -0.111	 -0.984	 -0.136
	 -0.972	  0.079	  0.222

4 	  41.27	   5.64	  -5.20
	  0.647	  0.762	 -0.002
	 -0.710	  0.604	  0.361
	  0.277	 -0.232	  0.932

5 	  46.42	   7.65	   6.91
	  0.741	  0.137	  0.657
	 -0.105	 -0.943	  0.316
	  0.663	 -0.303	 -0.684

6 	  56.00	   8.47	  12.39
	  0.725	 -0.076	  0.684
	 -0.205	  0.925	  0.320
	 -0.657	 -0.372	  0.655

7 	  43.95	  -7.93	  -5.55
	  0.609	 -0.712	  0.349
	  0.788	  0.594	 -0.163
	 -0.092	  0.374	  0.922

8 	  48.53	  -8.53	   5.94
	  0.740	  0.080	  0.667
	  0.503	 -0.725	 -0.470
	  0.446	  0.684	 -0.577

9 	  57.69	  -6.10	  12.23
	  0.598	  0.161	  0.785
	 -0.109	  0.987	 -0.119
	 -0.794	 -0.015	  0.608

2 	  39.80	   7.70	  -4.83
	 -0.108	 -0.603	 -0.791
	  0.774	  0.448	 -0.447
	  0.624	 -0.660	  0.418

3 	  46.60	  -0.30	   3.11
	 -0.207	  0.147	 -0.967
	 -0.121	 -0.985	 -0.124
	 -0.971	  0.091	  0.221

4 	  41.45	   5.47	  -5.27
	  0.635	  0.772	  0.001
	 -0.723	  0.594	  0.352
	  0.271	 -0.225	  0.936

5 	  46.53	   7.58	   6.82
	  0.738	  0.139	  0.660
	 -0.114	 -0.939	  0.325
	  0.664	 -0.315	 -0.677

6 	  56.06	   8.42	  12.41
	  0.720	 -0.074	  0.690
	 -0.201	  0.929	  0.310
	 -0.664	 -0.362	  0.654

7 	  43.93	  -8.09	  -5.52
	  0.603	 -0.715	  0.354
	  0.793	  0.586	 -0.166
	 -0.089	  0.381	  0.920

8 	  48.53	  -8.58	   5.96
	  0.742	  0.082	  0.665
	  0.497	 -0.733	 -0.465
	  0.449	  0.675	 -0.585

9 	  57.69	  -6.17	  12.23
	  0.600	  0.164	  0.783
	 -0.105	  0.986	 -0.127
	 -0.793	 -0.006	  0.609

2 	  40.08	   7.45	  -5.34
	 -0.015	 -0.749	 -0.663
	  0.881	  0.303	 -0.363
	  0.473	 -0.589	  0.655

3 	  46.56	  -0.28	   3.15
	 -0.207	  0.146	 -0.967
	 -0.123	 -0.985	 -0.123
	 -0.971	  0.093	  0.221

4 	  41.43	   5.48	  -5.24
	  0.632	  0.775	  0.006
	 -0.725	  0.589	  0.357
	  0.273	 -0.231	  0.934

5 	  46.51	   7.59	   6.84
	  0.738	  0.139	  0.660
	 -0.112	 -0.939	  0.324
	  0.665	 -0.313	 -0.678

6 	  56.04	   8.38	  12.41
	  0.721	 -0.075	  0.689
	 -0.201	  0.929	  0.311
	 -0.663	 -0.363	  0.654

7 	  43.95	  -8.05	  -5.50
	  0.602	 -0.715	  0.355
	  0.793	  0.587	 -0.165
	 -0.091	  0.380	  0.920

8 	  48.53	  -8.60	   5.96
	  0.743	  0.081	  0.664
	  0.496	 -0.733	 -0.465
	  0.450	  0.675	 -0.585

9 	  57.71	  -6.19	  12.25
	  0.601	  0.164	  0.782
	 -0.104	  0.986	 -0.127
	 -0.793	 -0.005	  0.609

2 	  39.94	   6.93	  -5.08
	  0.220	 -0.826	 -0.519
	  0.831	  0.437	 -0.343
	  0.510	 -0.355	  0.783

3 	  46.56	  -0.30	   3.16
	 -0.207	  0.145	 -0.967
	 -0.125	 -0.985	 -0.121
	 -0.970	  0.095	  0.222

4 	  41.43	   5.47	  -5.24
	  0.632	  0.775	  0.005
	 -0.725	  0.589	  0.357
	  0.273	 -0.230	  0.934

5 	  46.51	   7.58	   6.84
	  0.739	  0.139	  0.659
	 -0.111	 -0.940	  0.323
	  0.664	 -0.313	 -0.679

6 	  56.06	   8.44	  12.41
	  0.721	 -0.073	  0.689
	 -0.203	  0.928	  0.311
	 -0.662	 -0.364	  0.654

7 	  43.93	  -8.07	  -5.48
	  0.602	 -0.715	  0.355
	  0.793	  0.586	 -0.164
	 -0.091	  0.381	  0.920

8 	  48.52	  -8.63	   5.98
	  0.743	  0.080	  0.664
	  0.494	 -0.734	 -0.465
	  0.451	  0.674	 -0.585

9 	  57.71	  -6.19	  12.25
	  0.601	  0.164	  0.782
	 -0.104	  0.986	 -0.127
	 -0.792	 -0.005	  0.610

2 	  39.64	   7.17	  -5.01
	  0.172	 -0.735	 -0.656
	  0.650	  0.585	 -0.485
	  0.740	 -0.343	  0.578

3 	  46.55	  -0.28	   3.18
	 -0.207	  0.146	 -0.967
	 -0.125	 -0.984	 -0.122
	 -0.970	  0.095	  0.222

4 	  41.43	   5.43	  -5.24
	  0.631	  0.775	  0.004
	 -0.725	  0.589	  0.356
	  0.274	 -0.228	  0.934

5 	  46.51	   7.58	   6.86
	  0.739	  0.138	  0.659
	 -0.111	 -0.940	  0.322
	  0.664	 -0.312	 -0.680

6 	  56.02	   8.42	  12.41
	  0.721	 -0.074	  0.688
	 -0.203	  0.928	  0.312
	 -0.662	 -0.365	  0.654

7 	  43.93	  -8.05	  -5.50
	  0.602	 -0.715	  0.355
	  0.793	  0.587	 -0.163
	 -0.092	  0.380	  0.920

8 	  48.50	  -8.60	   5.98
	  0.743	  0.080	  0.664
	  0.495	 -0.734	 -0.465
	  0.450	  0.674	 -0.585

9 	  57.69	  -6.17	  12.23
	  0.601	  0.163	  0.782
	 -0.105	  0.986	 -0.126
	 -0.792	 -0.007	  0.610

2 	  39.66	   7.86	  -5.03
	 -0.163	 -0.562	 -0.811
	  0.684	  0.527	 -0.504
	  0.711	 -0.637	  0.299

3 	  46.55	  -0.28	   3.18
	 -0.207	  0.147	 -0.967
	 -0.125	 -0.984	 -0.123
	 -0.970	  0.096	  0.222

4 	  41.41	   5.48	  -5.24
	  0.630	  0.776	  0.002
	 -0.727	  0.589	  0.352
	  0.272	 -0.223	  0.936

5 	  46.49	   7.58	   6.86
	  0.739	  0.139	  0.659
	 -0.111	 -0.940	  0.322
	  0.664	 -0.311	 -0.680

6 	  56.06	   8.42	  12.38
	  0.722	 -0.075	  0.687
	 -0.202	  0.928	  0.312
	 -0.661	 -0.364	  0.655

7 	  43.93	  -8.03	  -5.48
	  0.602	 -0.715	  0.355
	  0.793	  0.587	 -0.163
	 -0.092	  0.380	  0.920

8 	  48.52	  -8.58	   6.01
	  0.742	  0.080	  0.665
	  0.495	 -0.734	 -0.465
	  0.451	  0.675	 -0.584

9 	  57.71	  -6.15	  12.25
	  0.601	  0.163	  0.782
	 -0.105	  0.986	 -0.125
	 -0.792	 -0.007	  0.610

2 	  36.83	   0.93	  -4.17
	  0.478	 -0.864	  0.158
	  0.364	  0.031	 -0.931
	  0.799	  0.503	  0.330

3 	  46.67	  -0.04	   3.13
	 -0.198	  0.169	 -0.965
	 -0.125	 -0.981	 -0.147
	 -0.972	  0.092	  0.216

4 	  41.52	   5.85	  -5.22
	  0.650	  0.760	 -0.016
	 -0.697	  0.603	  0.388
	  0.304	 -0.241	  0.921

5 	  46.67	   7.84	   6.89
	  0.735	  0.124	  0.666
	 -0.127	 -0.941	  0.315
	  0.665	 -0.316	 -0.676

6 	  56.21	   8.44	  12.45
	  0.719	 -0.096	  0.688
	 -0.187	  0.927	  0.324
	 -0.669	 -0.362	  0.649

7 	  44.09	  -7.66	  -5.61
	  0.604	 -0.719	  0.344
	  0.791	  0.592	 -0.151
	 -0.096	  0.364	  0.926

8 	  48.64	  -8.38	   5.89
	  0.740	  0.072	  0.669
	  0.502	 -0.721	 -0.477
	  0.448	  0.689	 -0.570

9 	  57.78	  -6.05	  12.22
	  0.595	  0.150	  0.789
	 -0.113	  0.988	 -0.103
	 -0.796	 -0.028	  0.605

2 	  36.84	   0.90	  -4.46
	  0.457	 -0.873	  0.169
	  0.412	  0.040	 -0.910
	  0.788	  0.485	  0.378

3 	  46.65	  -0.05	   3.13
	 -0.198	  0.168	 -0.966
	 -0.125	 -0.981	 -0.145
	 -0.972	  0.092	  0.215

4 	  41.54	   5.85	  -5.26
	  0.650	  0.760	 -0.016
	 -0.697	  0.604	  0.387
	  0.304	 -0.241	  0.922

5 	  46.65	   7.82	   6.87
	  0.735	  0.124	  0.666
	 -0.126	 -0.941	  0.314
	  0.666	 -0.315	 -0.676

6 	  56.21	   8.42	  12.46
	  0.719	 -0.096	  0.689
	 -0.188	  0.927	  0.324
	 -0.670	 -0.362	  0.648

7 	  44.09	  -7.70	  -5.62
	  0.603	 -0.719	  0.345
	  0.791	  0.591	 -0.152
	 -0.095	  0.365	  0.926

8 	  48.64	  -8.40	   5.92
	  0.740	  0.072	  0.669
	  0.501	 -0.722	 -0.477
	  0.449	  0.688	 -0.570

9 	  57.76	  -6.05	  12.22
	  0.595	  0.150	  0.789
	 -0.112	  0.988	 -0.103
	 -0.795	 -0.027	  0.605

2 	  36.98	   0.79	  -4.08
	  0.515	 -0.812	  0.273
	  0.567	  0.083	 -0.819
	  0.643	  0.577	  0.503

3 	  46.65	  -0.05	   3.16
	 -0.197	  0.165	 -0.966
	 -0.126	 -0.982	 -0.143
	 -0.972	  0.094	  0.214

4 	  41.52	   5.84	  -5.22
	  0.650	  0.759	 -0.014
	 -0.697	  0.604	  0.386
	  0.301	 -0.242	  0.922

5 	  46.65	   7.82	   6.89
	  0.735	  0.125	  0.666
	 -0.125	 -0.941	  0.314
	  0.666	 -0.314	 -0.677

6 	  56.21	   8.44	  12.46
	  0.719	 -0.095	  0.688
	 -0.189	  0.927	  0.325
	 -0.669	 -0.364	  0.648

7 	  44.07	  -7.70	  -5.61
	  0.603	 -0.719	  0.345
	  0.792	  0.592	 -0.151
	 -0.096	  0.365	  0.926

8 	  48.62	  -8.42	   5.91
	  0.740	  0.071	  0.668
	  0.500	 -0.723	 -0.477
	  0.449	  0.688	 -0.571

9 	  57.76	  -6.05	  12.23
	  0.596	  0.150	  0.789
	 -0.112	  0.988	 -0.104
	 -0.795	 -0.027	  0.605

2 	  36.81	   1.02	  -3.99
	  0.558	 -0.827	  0.066
	  0.320	  0.141	 -0.937
	  0.765	  0.544	  0.344

3 	  46.65	  -0.05	   3.18
	 -0.197	  0.164	 -0.967
	 -0.127	 -0.982	 -0.141
	 -0.972	  0.094	  0.214

4 	  41.50	   5.85	  -5.20
	  0.651	  0.759	 -0.013
	 -0.697	  0.604	  0.386
	  0.301	 -0.242	  0.922

5 	  46.65	   7.84	   6.91
	  0.735	  0.126	  0.666
	 -0.123	 -0.942	  0.313
	  0.666	 -0.312	 -0.677

6 	  56.21	   8.42	  12.48
	  0.720	 -0.095	  0.688
	 -0.189	  0.926	  0.325
	 -0.668	 -0.364	  0.649

7 	  44.07	  -7.68	  -5.59
	  0.603	 -0.718	  0.347
	  0.792	  0.592	 -0.150
	 -0.098	  0.365	  0.926

8 	  48.62	  -8.40	   5.92
	  0.741	  0.071	  0.668
	  0.500	 -0.723	 -0.477
	  0.449	  0.687	 -0.571

9 	  57.78	  -6.03	  12.23
	  0.596	  0.151	  0.788
	 -0.113	  0.988	 -0.104
	 -0.795	 -0.027	  0.606

2 	  36.47	   1.71	  -4.18
	  0.092	 -0.990	 -0.102
	  0.165	  0.116	 -0.979
	  0.982	  0.073	  0.174

3 	  46.63	  -0.05	   3.20
	 -0.197	  0.164	 -0.967
	 -0.127	 -0.982	 -0.141
	 -0.972	  0.095	  0.214

4 	  41.50	   5.84	  -5.20
	  0.650	  0.760	 -0.013
	 -0.698	  0.603	  0.386
	  0.301	 -0.242	  0.922

5 	  46.63	   7.80	   6.93
	  0.735	  0.125	  0.666
	 -0.124	 -0.942	  0.313
	  0.666	 -0.313	 -0.677

6 	  56.20	   8.44	  12.45
	  0.720	 -0.094	  0.687
	 -0.191	  0.926	  0.325
	 -0.667	 -0.366	  0.649

7 	  44.07	  -7.68	  -5.59
	  0.603	 -0.718	  0.347
	  0.792	  0.592	 -0.150
	 -0.098	  0.365	  0.926

8 	  48.62	  -8.42	   5.92
	  0.741	  0.071	  0.668
	  0.500	 -0.723	 -0.477
	  0.449	  0.687	 -0.571

9 	  57.76	  -6.05	  12.22
	  0.597	  0.150	  0.788
	 -0.112	  0.988	 -0.104
	 -0.794	 -0.027	  0.607

2 	  35.81	   3.90	   0.37
	 -0.337	 -0.940	  0.057
	 -0.153	 -0.005	 -0.988
	  0.929	 -0.341	 -0.143

3 	  46.69	  -0.14	   3.15
	 -0.194	  0.158	 -0.968
	 -0.137	 -0.981	 -0.133
	 -0.971	  0.106	  0.212

4 	  41.71	   5.73	  -5.36
	  0.664	  0.747	 -0.028
	 -0.684	  0.623	  0.378
	  0.300	 -0.232	  0.925

5 	  46.76	   7.86	   6.77
	  0.731	  0.127	  0.671
	 -0.136	 -0.936	  0.326
	  0.669	 -0.329	 -0.667

6 	  56.29	   8.42	  12.45
	  0.712	 -0.092	  0.696
	 -0.185	  0.932	  0.312
	 -0.678	 -0.351	  0.646

7 	  44.07	  -7.82	  -5.55
	  0.597	 -0.721	  0.351
	  0.796	  0.585	 -0.155
	 -0.094	  0.372	  0.923

8 	  48.64	  -8.49	   5.92
	  0.744	  0.074	  0.664
	  0.494	 -0.729	 -0.473
	  0.449	  0.680	 -0.579

9 	  57.80	  -6.12	  12.25
	  0.599	  0.155	  0.786
	 -0.107	  0.988	 -0.113
	 -0.794	 -0.017	  0.608

2 	  35.70	   3.22	  -0.18
	 -0.083	 -0.985	  0.149
	  0.113	 -0.158	 -0.981
	  0.990	 -0.064	  0.125

3 	  46.72	  -0.14	   3.11
	 -0.194	  0.160	 -0.968
	 -0.137	 -0.981	 -0.135
	 -0.971	  0.106	  0.212

4 	  41.73	   5.71	  -5.38
	  0.665	  0.745	 -0.030
	 -0.684	  0.625	  0.376
	  0.299	 -0.230	  0.926

5 	  46.79	   7.86	   6.75
	  0.730	  0.127	  0.671
	 -0.138	 -0.935	  0.326
	  0.669	 -0.330	 -0.665

6 	  56.27	   8.35	  12.45
	  0.710	 -0.094	  0.698
	 -0.183	  0.932	  0.311
	 -0.680	 -0.349	  0.645

7 	  44.09	  -7.82	  -5.57
	  0.598	 -0.721	  0.351
	  0.796	  0.584	 -0.156
	 -0.093	  0.372	  0.923

8 	  48.66	  -8.46	   5.94
	  0.743	  0.076	  0.664
	  0.496	 -0.729	 -0.472
	  0.448	  0.680	 -0.579

9 	  57.80	  -6.12	  12.23
	  0.598	  0.155	  0.786
	 -0.108	  0.987	 -0.113
	 -0.794	 -0.017	  0.607

2 	  35.72	   2.85	   0.49
	  0.135	 -0.978	  0.159
	 -0.118	 -0.175	 -0.977
	  0.984	  0.113	 -0.139

3 	  46.72	  -0.14	   3.13
	 -0.193	  0.160	 -0.968
	 -0.136	 -0.981	 -0.135
	 -0.972	  0.105	  0.211

4 	  41.71	   5.71	  -5.38
	  0.664	  0.747	 -0.029
	 -0.685	  0.624	  0.376
	  0.299	 -0.230	  0.926

5 	  46.78	   7.86	   6.79
	  0.730	  0.127	  0.672
	 -0.136	 -0.936	  0.324
	  0.670	 -0.328	 -0.666

6 	  56.27	   8.37	  12.52
	  0.710	 -0.094	  0.698
	 -0.184	  0.932	  0.312
	 -0.680	 -0.350	  0.644

7 	  44.09	  -7.82	  -5.55
	  0.597	 -0.721	  0.351
	  0.796	  0.585	 -0.155
	 -0.094	  0.372	  0.923

8 	  48.66	  -8.46	   5.94
	  0.743	  0.076	  0.664
	  0.496	 -0.728	 -0.472
	  0.448	  0.681	 -0.579

9 	  57.80	  -6.08	  12.25
	  0.598	  0.156	  0.786
	 -0.109	  0.987	 -0.113
	 -0.794	 -0.018	  0.607

2 	  35.65	   3.74	   0.47
	 -0.212	 -0.977	 -0.010
	 -0.108	  0.034	 -0.994
	  0.971	 -0.210	 -0.113

3 	  46.67	  -0.12	   3.15
	 -0.193	  0.158	 -0.968
	 -0.135	 -0.982	 -0.134
	 -0.972	  0.104	  0.211

4 	  41.68	   5.73	  -5.34
	  0.662	  0.749	 -0.025
	 -0.688	  0.620	  0.377
	  0.297	 -0.233	  0.926

5 	  46.76	   7.80	   6.79
	  0.731	  0.125	  0.670
	 -0.134	 -0.937	  0.322
	  0.669	 -0.325	 -0.668

6 	  56.25	   8.35	  12.46
