2 	  32.68	  -7.37	  22.75
	  0.412	  0.910	 -0.029
	 -0.911	  0.412	 -0.009
	  0.004	  0.030	  0.999

3 	  45.09	  -0.98	   1.44
	  0.516	 -0.108	  0.850
	  0.087	  0.993	  0.073
	 -0.853	  0.036	  0.521

4 	  39.76	   6.42	  -3.23
	  0.205	  0.945	  0.253
	 -0.910	  0.088	  0.406
	  0.362	 -0.313	  0.878

5 	  39.59	   8.67	   9.07
	  0.304	  0.160	  0.939
	 -0.531	 -0.791	  0.305
	  0.792	 -0.590	 -0.155

6 	  45.00	   9.83	  19.67
	  0.394	  0.024	  0.918
	 -0.845	  0.405	  0.348
	 -0.369	 -0.912	  0.178

7 	  39.13	  -8.40	  -2.62
	  0.113	 -0.923	  0.367
	  0.958	  0.003	 -0.286
	  0.263	  0.384	  0.885

8 	  39.83	 -10.18	   9.95
	  0.493	 -0.097	  0.865
	  0.331	 -0.899	 -0.288
	  0.806	  0.426	 -0.410

9 	  45.39	 -12.32	  19.44
	  0.479	 -0.089	  0.873
	  0.850	  0.297	 -0.435
	 -0.225	  0.950	  0.217

2 	  32.68	  -7.37	  22.75
	  0.412	  0.910	 -0.029
	 -0.911	  0.412	 -0.009
	  0.005	  0.029	  0.999

3 	  45.07	  -0.98	   1.44
	  0.515	 -0.108	  0.850
	  0.087	  0.993	  0.074
	 -0.853	  0.036	  0.521

4 	  39.73	   6.42	  -3.23
	  0.203	  0.946	  0.253
	 -0.910	  0.087	  0.406
	  0.363	 -0.312	  0.878

5 	  39.59	   8.67	   9.07
	  0.305	  0.160	  0.938
	 -0.530	 -0.791	  0.306
	  0.792	 -0.590	 -0.156

6 	  45.00	   9.83	  19.67
	  0.393	  0.024	  0.919
	 -0.845	  0.406	  0.348
	 -0.370	 -0.912	  0.179

7 	  39.13	  -8.40	  -2.62
	  0.112	 -0.923	  0.367
	  0.958	  0.002	 -0.287
	  0.264	  0.384	  0.885

8 	  39.83	 -10.18	   9.95
	  0.495	 -0.098	  0.863
	  0.330	 -0.898	 -0.289
	  0.805	  0.427	 -0.411

9 	  45.39	 -12.34	  19.44
	  0.479	 -0.090	  0.873
	  0.849	  0.298	 -0.435
	 -0.226	  0.949	  0.218

2 	  32.66	  -7.37	  22.75
	  0.412	  0.910	 -0.029
	 -0.911	  0.412	 -0.009
	  0.004	  0.030	  0.999

3 	  45.05	  -0.98	   1.46
	  0.516	 -0.108	  0.850
	  0.087	  0.993	  0.074
	 -0.853	  0.035	  0.521

4 	  39.71	   6.42	  -3.23
	  0.203	  0.946	  0.253
	 -0.910	  0.086	  0.406
	  0.362	 -0.313	  0.878

5 	  39.57	   8.67	   9.07
	  0.307	  0.160	  0.938
	 -0.530	 -0.790	  0.307
	  0.792	 -0.590	 -0.156

6 	  45.00	   9.83	  19.67
	  0.394	  0.024	  0.918
	 -0.845	  0.406	  0.348
	 -0.370	 -0.911	  0.179

7 	  39.09	  -8.40	  -2.62
	  0.112	 -0.923	  0.368
	  0.958	  0.001	 -0.287
	  0.265	  0.384	  0.884

8 	  39.81	 -10.18	   9.95
	  0.495	 -0.098	  0.863
	  0.330	 -0.898	 -0.290
	  0.805	  0.427	 -0.412

9 	  45.39	 -12.32	  19.42
	  0.480	 -0.090	  0.872
	  0.849	  0.298	 -0.435
	 -0.226	  0.949	  0.219

2 	  32.68	  -7.37	  22.73
	  0.412	  0.910	 -0.029
	 -0.911	  0.412	 -0.009
	  0.005	  0.030	  0.999

3 	  45.05	  -0.98	   1.46
	  0.516	 -0.108	  0.850
	  0.087	  0.993	  0.074
	 -0.853	  0.035	  0.521

4 	  39.71	   6.42	  -3.22
	  0.203	  0.946	  0.254
	 -0.910	  0.086	  0.406
	  0.362	 -0.313	  0.878

5 	  39.59	   8.67	   9.07
	  0.307	  0.160	  0.938
	 -0.530	 -0.790	  0.307
	  0.792	 -0.590	 -0.156

6 	  45.02	   9.83	  19.67
	  0.394	  0.024	  0.919
	 -0.843	  0.411	  0.347
	 -0.375	 -0.909	  0.181

7 	  39.09	  -8.40	  -2.62
	  0.112	 -0.923	  0.368
	  0.958	  0.002	 -0.288
	  0.265	  0.384	  0.884

8 	  39.81	 -10.16	   9.93
	  0.495	 -0.098	  0.863
	  0.330	 -0.898	 -0.290
	  0.805	  0.427	 -0.412

9 	  45.40	 -12.34	  19.42
	  0.480	 -0.090	  0.872
	  0.848	  0.301	 -0.434
	 -0.229	  0.948	  0.221

2 	  32.68	  -7.37	  22.73
	  0.412	  0.910	 -0.029
	 -0.911	  0.412	 -0.009
	  0.004	  0.030	  0.999

3 	  45.05	  -0.98	   1.46
	  0.516	 -0.108	  0.850
	  0.088	  0.993	  0.073
	 -0.852	  0.036	  0.521

4 	  39.73	   6.42	  -3.22
	  0.204	  0.946	  0.253
	 -0.909	  0.086	  0.407
	  0.363	 -0.313	  0.877

5 	  39.62	   8.67	   9.05
	  0.307	  0.160	  0.938
	 -0.530	 -0.790	  0.307
	  0.792	 -0.590	 -0.157

6 	  45.05	   9.81	  19.63
	  0.391	  0.025	  0.920
	 -0.837	  0.428	  0.340
	 -0.392	 -0.901	  0.187

7 	  39.11	  -8.40	  -2.62
	  0.112	 -0.923	  0.368
	  0.957	  0.002	 -0.289
	  0.266	  0.384	  0.884

8 	  39.81	 -10.16	   9.90
	  0.491	 -0.097	  0.866
	  0.327	 -0.901	 -0.285
	  0.809	  0.422	 -0.410

9 	  45.40	 -12.34	  19.42
	  0.480	 -0.092	  0.872
	  0.849	  0.301	 -0.434
	 -0.228	  0.948	  0.222

2 	  32.68	  -7.37	  22.73
	  0.412	  0.910	 -0.029
	 -0.911	  0.412	 -0.009
	  0.004	  0.030	  0.999

3 	  45.09	  -0.98	   1.42
	  0.517	 -0.108	  0.849
	  0.090	  0.993	  0.072
	 -0.852	  0.039	  0.522

4 	  39.76	   6.42	  -3.22
	  0.213	  0.939	  0.268
	 -0.905	  0.086	  0.416
	  0.369	 -0.331	  0.869

5 	  39.46	   8.75	   8.88
	  0.255	  0.194	  0.947
	 -0.541	 -0.784	  0.304
	  0.803	 -0.589	 -0.094

6 	  45.12	  10.16	  19.44
	  0.404	  0.058	  0.913
	 -0.791	  0.525	  0.313
	 -0.467	 -0.846	  0.256

7 	  39.08	  -8.38	  -2.60
	  0.123	 -0.912	  0.390
	  0.953	 -0.000	 -0.302
	  0.276	  0.409	  0.870

8 	  39.83	 -10.44	   9.74
	  0.447	 -0.164	  0.879
	  0.279	 -0.909	 -0.309
	  0.851	  0.382	 -0.360

9 	  45.39	 -13.45	  19.02
	  0.480	 -0.172	  0.859
	  0.862	  0.271	 -0.427
	 -0.163	  0.947	  0.278

2 	  32.68	  -7.37	  22.75
	  0.412	  0.910	 -0.029
	 -0.911	  0.412	 -0.009
	  0.005	  0.029	  0.999

3 	  45.07	  -1.00	   1.39
	  0.517	 -0.108	  0.849
	  0.085	  0.993	  0.075
	 -0.852	  0.033	  0.523

4 	  39.46	   6.29	  -3.34
	  0.179	  0.945	  0.274
	 -0.913	  0.055	  0.405
	  0.368	 -0.323	  0.872

5 	  39.16	   9.25	   8.51
	  0.276	  0.340	  0.899
	 -0.401	 -0.810	  0.428
	  0.874	 -0.477	 -0.086

6 	  44.93	  13.01	  18.39
	  0.422	  0.231	  0.876
	 -0.840	  0.465	  0.279
	 -0.347	 -0.853	  0.389

7 	  38.78	  -8.19	  -2.74
	  0.154	 -0.923	  0.351
	  0.940	  0.028	 -0.339
	  0.303	  0.382	  0.872

8 	  39.81	 -11.41	   9.19
	  0.491	 -0.350	  0.798
	  0.086	 -0.892	 -0.443
	  0.867	  0.285	 -0.408

9 	  45.47	 -16.45	  17.14
	  0.519	 -0.357	  0.777
	  0.855	  0.199	 -0.479
	  0.014	  0.913	  0.408

2 	  32.68	  -7.35	  22.73
	  0.412	  0.911	 -0.029
	 -0.911	  0.411	 -0.009
	  0.004	  0.030	  0.999

3 	  44.89	  -0.86	   1.30
	  0.533	 -0.099	  0.840
	  0.037	  0.995	  0.094
	 -0.845	 -0.019	  0.534

4 	  38.57	   5.96	  -3.64
	  0.114	  0.968	  0.225
	 -0.905	  0.006	  0.426
	  0.411	 -0.252	  0.876

5 	  38.99	  10.12	   7.73
	  0.337	  0.518	  0.786
	 -0.158	 -0.793	  0.588
	  0.929	 -0.321	 -0.186

6 	  45.16	  16.51	  15.68
	  0.488	  0.453	  0.746
	 -0.870	  0.322	  0.372
	 -0.075	 -0.831	  0.551

7 	  38.20	  -7.88	  -2.99
	  0.189	 -0.946	  0.261
	  0.909	  0.069	 -0.410
	  0.370	  0.315	  0.874

8 	  39.85	 -12.45	   8.31
	  0.530	 -0.538	  0.655
	 -0.131	 -0.816	 -0.563
	  0.837	  0.213	 -0.503

9 	  45.56	 -19.16	  14.40
	  0.557	 -0.525	  0.643
	  0.806	  0.154	 -0.571
	  0.201	  0.837	  0.509

2 	  32.68	  -7.37	  22.73
	  0.412	  0.910	 -0.029
	 -0.911	  0.412	 -0.009
	  0.004	  0.030	  0.999

3 	  44.56	  -0.72	   1.05
	  0.562	 -0.092	  0.822
	 -0.012	  0.993	  0.119
	 -0.827	 -0.077	  0.557

4 	  37.63	   5.64	  -3.92
	  0.060	  0.985	  0.159
	 -0.887	 -0.020	  0.461
	  0.457	 -0.169	  0.873

5 	  39.13	  10.92	   6.79
	  0.400	  0.650	  0.646
	  0.073	 -0.726	  0.684
	  0.913	 -0.226	 -0.338

6 	  45.62	  18.93	  12.66
	  0.550	  0.607	  0.573
	 -0.803	  0.196	  0.562
	  0.230	 -0.770	  0.595

7 	  37.67	  -7.58	  -3.34
	  0.219	 -0.964	  0.149
	  0.865	  0.121	 -0.487
	  0.452	  0.235	  0.860

8 	  39.97	 -13.48	   6.96
	  0.559	 -0.662	  0.499
	 -0.251	 -0.708	 -0.660
	  0.790	  0.244	 -0.562

9 	  45.74	 -21.38	  11.16
	  0.589	 -0.650	  0.481
	  0.733	  0.176	 -0.657
	  0.344	  0.739	  0.579

2 	  32.66	  -7.37	  22.75
	  0.412	  0.910	 -0.029
	 -0.911	  0.412	 -0.009
	  0.004	  0.030	  0.999

3 	  44.19	  -0.49	   0.70
	  0.598	 -0.090	  0.796
	 -0.069	  0.984	  0.163
	 -0.798	 -0.152	  0.583

4 	  36.65	   5.41	  -4.03
	  0.022	  0.994	  0.105
	 -0.859	 -0.035	  0.510
	  0.511	 -0.102	  0.854

5 	  39.52	  11.55	   5.87
	  0.486	  0.717	  0.500
	  0.243	 -0.660	  0.711
	  0.840	 -0.225	 -0.494

6 	  46.53	  20.13	   9.62
	  0.622	  0.676	  0.395
	 -0.652	  0.167	  0.739
	  0.436	 -0.718	  0.542

7 	  37.09	  -7.17	  -3.55
	  0.274	 -0.961	  0.022
	  0.794	  0.213	 -0.569
	  0.543	  0.173	  0.822

8 	  40.20	 -14.38	   5.36
	  0.590	 -0.734	  0.334
	 -0.324	 -0.594	 -0.736
	  0.740	  0.327	 -0.588

9 	  46.30	 -22.89	   7.01
	  0.635	 -0.728	  0.260
	  0.611	  0.263	 -0.746
	  0.477	  0.632	  0.610

2 	  32.66	  -7.37	  22.75
	  0.412	  0.910	 -0.029
	 -0.911	  0.412	 -0.009
	  0.004	  0.030	  0.999

3 	  43.73	  -0.23	   0.37
	  0.632	 -0.080	  0.770
	 -0.110	  0.975	  0.191
	 -0.767	 -0.206	  0.608

4 	  35.72	   5.34	  -3.94
	  0.010	  0.999	  0.043
	 -0.814	 -0.017	  0.581
	  0.581	 -0.041	  0.812

5 	  39.94	  12.34	   4.64
	  0.566	  0.753	  0.335
	  0.362	 -0.591	  0.721
	  0.742	 -0.288	 -0.606

6 	  47.39	  21.08	   6.01
	  0.684	  0.701	  0.200
	 -0.511	  0.263	  0.818
	  0.523	 -0.663	  0.536

7 	  36.35	  -6.77	  -3.66
	  0.301	 -0.948	 -0.105
	  0.708	  0.296	 -0.641
	  0.638	  0.118	  0.760

8 	  40.38	 -14.91	   3.76
	  0.613	 -0.772	  0.164
	 -0.425	 -0.497	 -0.757
	  0.667	  0.395	 -0.632

9 	  46.23	 -23.75	   3.30
	  0.622	 -0.779	  0.081
	  0.537	  0.347	 -0.769
	  0.573	  0.521	  0.632

2 	  32.66	  -7.37	  22.75
	  0.412	  0.910	 -0.029
	 -0.911	  0.412	 -0.009
	  0.004	  0.030	  0.999

3 	  43.33	  -0.04	   0.12
	  0.667	 -0.073	  0.741
	 -0.124	  0.971	  0.206
	 -0.735	 -0.229	  0.639

4 	  35.12	   5.33	  -3.88
	  0.006	  1.000	 -0.009
	 -0.771	  0.010	  0.637
	  0.637	  0.003	  0.771

5 	  40.03	  12.81	   3.66
	  0.597	  0.770	  0.226
	  0.427	 -0.542	  0.723
	  0.680	 -0.335	 -0.651

6 	  47.46	  21.59	   3.73
	  0.692	  0.716	  0.088
	 -0.438	  0.318	  0.841
	  0.576	 -0.621	  0.531

7 	  35.86	  -6.49	  -3.69
	  0.311	 -0.932	 -0.186
	  0.635	  0.349	 -0.689
	  0.707	  0.095	  0.700

8 	  40.25	 -15.26	   2.34
	  0.610	 -0.792	  0.037
	 -0.491	 -0.413	 -0.767
	  0.624	  0.449	 -0.639

9 	  45.72	 -24.21	   0.40
	  0.588	 -0.807	 -0.052
	  0.499	  0.410	 -0.763
	  0.639	  0.423	  0.642

2 	  32.66	  -7.37	  22.75
	  0.412	  0.910	 -0.029
	 -0.911	  0.412	 -0.009
	  0.004	  0.030	  0.999

3 	  43.07	  -0.02	  -0.05
	  0.692	 -0.083	  0.717
	 -0.123	  0.965	  0.230
	 -0.712	 -0.247	  0.657

4 	  34.72	   5.31	  -3.83
	  0.003	  0.999	 -0.031
	 -0.741	  0.023	  0.671
	  0.672	  0.021	  0.740

5 	  40.04	  13.01	   3.15
	  0.613	  0.772	  0.169
	  0.466	 -0.525	  0.712
	  0.640	 -0.358	 -0.680

6 	  47.41	  21.78	   2.36
	  0.693	  0.720	  0.017
	 -0.375	  0.337	  0.863
	  0.618	 -0.605	  0.502

7 	  35.46	  -6.28	  -3.69
	  0.319	 -0.914	 -0.251
	  0.570	  0.395	 -0.720
	  0.758	  0.086	  0.647

8 	  40.17	 -15.43	   1.23
	  0.600	 -0.797	 -0.061
	 -0.545	 -0.351	 -0.761
	  0.587	  0.490	 -0.645

9 	  45.28	 -24.38	  -1.69
	  0.555	 -0.819	 -0.144
	  0.465	  0.448	 -0.763
	  0.692	  0.356	  0.627

2 	  32.66	  -7.37	  22.75
	  0.412	  0.910	 -0.029
	 -0.911	  0.412	 -0.009
	  0.004	  0.030	  0.999

3 	  42.87	   0.04	  -0.16
	  0.703	 -0.089	  0.705
	 -0.121	  0.963	  0.241
	 -0.701	 -0.255	  0.666

4 	  34.40	   5.33	  -3.74
	  0.006	  0.998	 -0.052
	 -0.714	  0.040	  0.698
	  0.700	  0.033	  0.713

5 	  40.11	  13.17	   2.64
	  0.628	  0.769	  0.114
	  0.492	 -0.507	  0.708
	  0.604	 -0.388	 -0.696

6 	  47.46	  21.83	   1.07
	  0.697	  0.715	 -0.050
	 -0.314	  0.366	  0.876
	  0.646	 -0.595	  0.478

7 	  35.17	  -6.17	  -3.64
	  0.318	 -0.901	 -0.294
	  0.526	  0.425	 -0.736
	  0.789	  0.079	  0.609

8 	  40.24	 -15.38	   0.54
	  0.597	 -0.791	 -0.132
	 -0.603	 -0.332	 -0.725
	  0.532	  0.512	 -0.674

9 	  44.75	 -24.40	  -3.11
	  0.502	 -0.839	 -0.212
	  0.339	  0.414	 -0.844
	  0.797	  0.352	  0.490

2 	  32.66	  -7.37	  22.75
	  0.412	  0.910	 -0.029
	 -0.911	  0.412	 -0.009
	  0.004	  0.030	  0.999

3 	  42.77	   0.09	  -0.23
	  0.708	 -0.089	  0.700
	 -0.119	  0.963	  0.241
	 -0.696	 -0.254	  0.672

4 	  34.21	   5.33	  -3.67
	  0.006	  0.998	 -0.063
	 -0.696	  0.049	  0.716
	  0.718	  0.039	  0.695

5 	  40.13	  13.27	   2.37
	  0.634	  0.769	  0.082
	  0.517	 -0.499	  0.695
	  0.577	 -0.398	 -0.713

6 	  47.43	  21.92	   0.46
	  0.692	  0.716	 -0.096
	 -0.229	  0.344	  0.911
	  0.686	 -0.607	  0.401

7 	  35.07	  -6.13	  -3.62
	  0.318	 -0.897	 -0.308
	  0.506	  0.434	 -0.745
	  0.802	  0.081	  0.591

8 	  40.55	 -15.19	   0.44
	  0.606	 -0.778	 -0.167
	 -0.646	 -0.357	 -0.674
	  0.466	  0.516	 -0.719

9 	  44.93	 -24.35	  -3.01
	  0.453	 -0.851	 -0.266
	 -0.115	  0.242	 -0.963
	  0.884	  0.467	  0.014

2 	  32.68	  -7.37	  22.73
	  0.412	  0.910	 -0.029
	 -0.911	  0.412	 -0.009
	  0.004	  0.030	  0.999

3 	  42.66	   0.14	  -0.23
	  0.712	 -0.088	  0.696
	 -0.119	  0.963	  0.242
	 -0.693	 -0.255	  0.675

4 	  34.10	   5.36	  -3.59
	  0.013	  0.998	 -0.064
	 -0.681	  0.055	  0.730
	  0.732	  0.034	  0.680

5 	  40.45	  13.11	   2.44
	  0.663	  0.746	  0.058
	  0.550	 -0.538	  0.638
	  0.509	 -0.392	 -0.767

6 	  47.94	  21.50	   0.26
	  0.672	  0.715	 -0.193
	  0.338	 -0.062	  0.939
	  0.661	 -0.696	 -0.280

7 	  34.93	  -6.13	  -3.59
	  0.320	 -0.891	 -0.322
	  0.479	  0.445	 -0.756
	  0.817	  0.088	  0.569

8 	  41.15	 -14.94	   0.14
	  0.615	 -0.755	 -0.229
	 -0.715	 -0.410	 -0.566
	  0.334	  0.511	 -0.792

9 	  45.37	 -24.24	  -3.67
	  0.383	 -0.870	 -0.312
	 -0.601	  0.026	 -0.799
	  0.707	  0.490	 -0.510

2 	  32.66	  -7.37	  22.75
	  0.412	  0.910	 -0.029
	 -0.911	  0.412	 -0.009
	  0.004	  0.030	  0.999

3 	  42.56	   0.16	  -0.25
	  0.718	 -0.090	  0.689
	 -0.114	  0.963	  0.244
	 -0.687	 -0.254	  0.681

4 	  33.96	   5.36	  -3.53
	  0.025	  0.996	 -0.085
	 -0.660	  0.080	  0.747
	  0.751	  0.038	  0.659

5 	  40.75	  13.10	   1.92
	  0.677	  0.736	  0.011
	  0.586	 -0.547	  0.597
	  0.447	 -0.398	 -0.801

6 	  47.99	  21.48	  -0.74
	  0.642	  0.725	 -0.250
	  0.516	 -0.163	  0.841
	  0.571	 -0.668	 -0.476

7 	  34.82	  -6.12	  -3.57
	  0.321	 -0.879	 -0.353
	  0.439	  0.468	 -0.767
	  0.839	  0.090	  0.536

8 	  41.43	 -14.82	  -0.37
	  0.603	 -0.747	 -0.281
	 -0.757	 -0.424	 -0.498
	  0.253	  0.513	 -0.820

9 	  45.40	 -24.12	  -4.38
	  0.346	 -0.879	 -0.329
	 -0.708	 -0.011	 -0.706
	  0.621	  0.475	 -0.623

2 	  32.66	  -7.37	  22.75
	  0.412	  0.910	 -0.029
	 -0.911	  0.412	 -0.009
	  0.004	  0.030	  0.999

3 	  42.52	   0.16	  -0.30
	  0.722	 -0.095	  0.685
	 -0.111	  0.962	  0.249
	 -0.684	 -0.256	  0.683

4 	  33.93	   5.38	  -3.52
	  0.030	  0.994	 -0.100
	 -0.649	  0.095	  0.755
	  0.761	  0.042	  0.647

5 	  40.85	  13.15	   1.69
	  0.683	  0.730	 -0.011
	  0.593	 -0.545	  0.592
	  0.428	 -0.411	 -0.804

6 	  48.01	  21.48	  -1.00
	  0.639	  0.723	 -0.261
	  0.531	 -0.167	  0.831
	  0.561	 -0.669	 -0.488

7 	  34.75	  -6.05	  -3.59
	  0.316	 -0.873	 -0.372
	  0.422	  0.479	 -0.769
	  0.850	  0.086	  0.520

8 	  41.43	 -14.78	  -0.69
	  0.599	 -0.740	 -0.304
	 -0.767	 -0.422	 -0.484
	  0.230	  0.523	 -0.821

9 	  45.33	 -24.05	  -4.78
	  0.333	 -0.881	 -0.335
	 -0.733	 -0.015	 -0.680
	  0.598	  0.469	 -0.649

2 	  32.68	  -7.37	  22.73
	  0.412	  0.910	 -0.029
	 -0.911	  0.412	 -0.009
	  0.004	  0.030	  0.999

3 	  42.50	   0.18	  -0.35
	  0.725	 -0.098	  0.681
	 -0.109	  0.961	  0.254
	 -0.680	 -0.258	  0.686

4 	  33.91	   5.40	  -3.53
	  0.034	  0.993	 -0.112
	 -0.638	  0.107	  0.763
	  0.770	  0.046	  0.636

5 	  40.92	  13.17	   1.42
	  0.689	  0.724	 -0.030
	  0.593	 -0.538	  0.599
	  0.419	 -0.431	 -0.799

6 	  48.09	  21.39	  -1.83
	  0.640	  0.708	 -0.297
	  0.520	 -0.112	  0.847
	  0.570	 -0.696	 -0.437

7 	  34.68	  -6.03	  -3.59
	  0.311	 -0.864	 -0.397
	  0.401	  0.497	 -0.769
	  0.861	  0.080	  0.501

8 	  41.36	 -14.82	  -1.23
	  0.582	 -0.737	 -0.343
	 -0.784	 -0.397	 -0.477
	  0.215	  0.547	 -0.809

9 	  44.91	 -24.05	  -5.99
	  0.304	 -0.877	 -0.373
	 -0.727	  0.043	 -0.686
	  0.621	  0.476	 -0.622

2 	  32.68	  -7.37	  22.73
	  0.412	  0.910	 -0.028
	 -0.911	  0.412	 -0.009
	  0.004	  0.029	  0.999

3 	  42.49	   0.14	  -0.42
	  0.731	 -0.102	  0.674
	 -0.105	  0.960	  0.258
	 -0.675	 -0.259	  0.691

4 	  33.80	   5.24	  -3.62
	  0.042	  0.987	 -0.157
	 -0.614	  0.150	  0.775
	  0.788	  0.064	  0.612

5 	  41.08	  13.13	   0.49
	  0.706	  0.700	 -0.106
	  0.601	 -0.511	  0.614
	  0.377	 -0.498	 -0.781

6 	  48.27	  20.78	  -4.06
	  0.645	  0.652	 -0.400
	  0.531	 -0.004	  0.847
	  0.553	 -0.757	 -0.346

7 	  34.51	  -5.99	  -3.50
	  0.310	 -0.835	 -0.455
	  0.356	  0.545	 -0.759
	  0.881	  0.074	  0.466

8 	  41.22	 -14.84	  -2.72
	  0.558	 -0.694	 -0.455
	 -0.813	 -0.347	 -0.467
	  0.167	  0.630	 -0.758

9 	  44.35	 -23.52	  -9.04
	  0.266	 -0.823	 -0.502
	 -0.735	  0.167	 -0.657
	  0.629	  0.540	 -0.559

2 	  32.66	  -7.37	  22.75
	  0.412	  0.910	 -0.029
	 -0.911	  0.412	 -0.009
	  0.004	  0.030	  0.999

3 	  42.38	   0.07	  -0.49
	  0.733	 -0.095	  0.673
	 -0.105	  0.963	  0.249
	 -0.672	 -0.253	  0.696

4 	  33.63	   5.06	  -3.67
	  0.056	  0.974	 -0.219
	 -0.569	  0.211	  0.795
	  0.821	  0.080	  0.565

5 	  41.41	  12.94	  -0.76
	  0.736	  0.645	 -0.207
	  0.605	 -0.489	  0.628
	  0.305	 -0.588	 -0.749

6 	  48.74	  19.09	  -7.22
	  0.654	  0.504	 -0.564
	  0.608	  0.093	  0.788
	  0.453	 -0.857	 -0.244

7 	  34.33	  -5.94	  -3.46
	  0.306	 -0.802	 -0.513
	  0.327	  0.594	 -0.735
	  0.894	  0.057	  0.443

8 	  41.26	 -14.43	  -4.25
	  0.548	 -0.614	 -0.568
	 -0.833	 -0.336	 -0.440
	  0.079	  0.714	 -0.695

9 	  44.23	 -22.06	 -12.06
	  0.251	 -0.730	 -0.636
	 -0.769	  0.250	 -0.588
	  0.592	  0.633	 -0.498

2 	  32.66	  -7.37	  22.75
	  0.412	  0.910	 -0.029
	 -0.911	  0.412	 -0.009
	  0.004	  0.030	  0.999

3 	  42.31	   0.05	  -0.54
	  0.735	 -0.102	  0.670
	 -0.097	  0.963	  0.252
	 -0.671	 -0.250	  0.698

4 	  33.56	   4.96	  -3.78
	  0.080	  0.960	 -0.266
	 -0.533	  0.266	  0.803
	  0.843	  0.078	  0.532

5 	  41.78	  12.55	  -1.79
	  0.764	  0.581	 -0.281
	  0.598	 -0.472	  0.648
	  0.244	 -0.663	 -0.707

6 	  49.03	  17.14	  -9.79
	  0.640	  0.342	 -0.688
	  0.674	  0.179	  0.716
	  0.370	 -0.922	 -0.115

7 	  34.26	  -5.92	  -3.50
	  0.300	 -0.774	 -0.558
	  0.306	  0.631	 -0.713
	  0.904	  0.043	  0.425

8 	  41.50	 -13.85	  -5.41
	  0.563	 -0.512	 -0.648
	 -0.826	 -0.367	 -0.428
	 -0.020	  0.776	 -0.630

9 	  44.65	 -20.00	 -14.71
	  0.257	 -0.589	 -0.767
	 -0.829	  0.275	 -0.487
	  0.501	  0.758	 -0.418

2 	  32.68	  -7.37	  22.73
	  0.412	  0.910	 -0.028
	 -0.911	  0.412	 -0.009
	  0.004	  0.029	  0.999

3 	  42.26	   0.05	  -0.58
	  0.736	 -0.095	  0.670
	 -0.097	  0.965	  0.243
	 -0.670	 -0.243	  0.701

4 	  33.49	   4.83	  -3.85
	  0.086	  0.950	 -0.300
	 -0.512	  0.299	  0.805
	  0.855	  0.084	  0.511

5 	  41.87	  12.25	  -2.62
	  0.770	  0.542	 -0.336
	  0.602	 -0.445	  0.663
	  0.210	 -0.713	 -0.669

6 	  48.81	  15.42	 -11.74
	  0.601	  0.193	 -0.776
	  0.733	  0.255	  0.631
	  0.321	 -0.947	  0.012

7 	  34.24	  -5.98	  -3.53
	  0.308	 -0.747	 -0.589
	  0.292	  0.663	 -0.690
	  0.906	  0.040	  0.421

8 	  41.78	 -13.24	  -6.21
	  0.571	 -0.431	 -0.698
	 -0.815	 -0.396	 -0.423
	 -0.095	  0.811	 -0.577

9 	  44.86	 -18.51	 -16.17
	  0.251	 -0.506	 -0.825
	 -0.864	  0.267	 -0.426
	  0.439	  0.818	 -0.371

2 	  32.68	  -7.37	  22.73
	  0.413	  0.910	 -0.028
	 -0.911	  0.412	 -0.009
	  0.004	  0.029	  0.999

3 	  42.24	   0.04	  -0.58
	  0.737	 -0.090	  0.669
	 -0.095	  0.967	  0.235
	 -0.670	 -0.236	  0.704

4 	  33.49	   4.75	  -3.90
	  0.092	  0.941	 -0.326
	 -0.494	  0.327	  0.805
	  0.865	  0.087	  0.494

5 	  41.99	  12.01	  -3.27
	  0.770	  0.510	 -0.382
	  0.614	 -0.432	  0.660
	  0.172	 -0.744	 -0.646

6 	  48.60	  14.27	 -13.01
	  0.562	  0.106	 -0.820
	  0.778	  0.269	  0.568
	  0.281	 -0.957	  0.068

7 	  34.21	  -5.94	  -3.53
	  0.310	 -0.719	 -0.622
	  0.282	  0.694	 -0.662
	  0.908	  0.030	  0.418

8 	  41.77	 -12.71	  -7.03
	  0.553	 -0.371	 -0.746
	 -0.819	 -0.407	 -0.404
	 -0.155	  0.834	 -0.529

9 	  44.44	 -17.17	 -17.65
	  0.218	 -0.442	 -0.870
	 -0.887	  0.284	 -0.364
	  0.410	  0.849	 -0.331

2 	  32.68	  -7.37	  22.73
	  0.413	  0.910	 -0.028
	 -0.911	  0.413	 -0.009
	  0.004	  0.029	  0.999

3 	  42.21	   0.00	  -0.60
	  0.739	 -0.090	  0.667
	 -0.090	  0.969	  0.229
	 -0.669	 -0.229	  0.707

4 	  33.42	   4.73	  -3.90
	  0.100	  0.934	 -0.342
	 -0.476	  0.346	  0.808
	  0.874	  0.082	  0.479

5 	  42.05	  11.81	  -3.64
	  0.771	  0.488	 -0.408
	  0.616	 -0.411	  0.672
	  0.160	 -0.770	 -0.618

6 	  48.30	  13.06	 -13.90
	  0.518	  0.002	 -0.855
	  0.818	  0.293	  0.495
	  0.251	 -0.956	  0.151

7 	  34.08	  -5.91	  -3.50
	  0.308	 -0.708	 -0.636
	  0.281	  0.706	 -0.650
	  0.909	  0.021	  0.416

8 	  41.62	 -12.39	  -7.51
	  0.542	 -0.324	 -0.775
	 -0.820	 -0.406	 -0.403
	 -0.186	  0.854	 -0.486

9 	  44.07	 -16.12	 -18.54
	  0.191	 -0.376	 -0.906
	 -0.906	  0.287	 -0.309
	  0.379	  0.880	 -0.288

2 	  32.68	  -7.35	  22.73
	  0.413	  0.910	 -0.028
	 -0.911	  0.413	 -0.009
	  0.004	  0.029	  0.999

3 	  42.17	  -0.02	  -0.63
	  0.743	 -0.090	  0.663
	 -0.083	  0.971	  0.224
	 -0.664	 -0.221	  0.714

4 	  33.38	   4.69	  -3.90
	  0.101	  0.928	 -0.359
	 -0.463	  0.363	  0.808
	  0.881	  0.085	  0.466

5 	  42.03	  11.64	  -4.01
	  0.768	  0.473	 -0.432
	  0.623	 -0.390	  0.678
	  0.152	 -0.790	 -0.594

6 	  48.04	  12.18	 -14.62
	  0.485	 -0.066	 -0.872
	  0.841	  0.310	  0.443
	  0.240	 -0.948	  0.206

7 	  34.01	  -5.87	  -3.55
	  0.302	 -0.690	 -0.658
	  0.277	  0.724	 -0.632
	  0.912	  0.009	  0.409

8 	  41.57	 -11.99	  -8.03
	  0.529	 -0.281	 -0.801
	 -0.819	 -0.417	 -0.394
	 -0.225	  0.864	 -0.450

9 	  43.84	 -15.22	 -19.32
	  0.171	 -0.335	 -0.927
	 -0.923	  0.274	 -0.269
	  0.346	  0.900	 -0.264

2 	  32.68	  -7.37	  22.73
	  0.414	  0.910	 -0.028
	 -0.911	  0.413	 -0.009
	  0.004	  0.029	  0.999

3 	  42.15	  -0.04	  -0.65
	  0.745	 -0.088	  0.661
	 -0.081	  0.972	  0.220
	 -0.662	 -0.218	  0.717

4 	  33.38	   4.62	  -3.97
	  0.108	  0.919	 -0.378
	 -0.450	  0.384	  0.806
	  0.887	  0.083	  0.454

5 	  42.08	  11.37	  -4.46
	  0.767	  0.449	 -0.457
	  0.627	 -0.376	  0.682
	  0.135	 -0.810	 -0.571

6 	  47.83	  11.23	 -15.28
	  0.454	 -0.126	 -0.882
	  0.862	  0.310	  0.399
	  0.223	 -0.942	  0.250

7 	  34.00	  -5.84	  -3.62
	  0.301	 -0.672	 -0.676
	  0.280	  0.740	 -0.611
	  0.911	 -0.006	  0.411

8 	  41.48	 -11.53	  -8.60
	  0.514	 -0.226	 -0.827
	 -0.817	 -0.422	 -0.392
	 -0.262	  0.878	 -0.401

9 	  43.44	 -13.92	 -20.29
	  0.138	 -0.261	 -0.955
	 -0.938	  0.276	 -0.210
	  0.320	  0.924	 -0.208

2 	  32.68	  -7.35	  22.73
	  0.414	  0.910	 -0.027
	 -0.911	  0.413	 -0.009
	  0.004	  0.028	  0.999

3 	  42.12	  -0.05	  -0.67
	  0.745	 -0.089	  0.661
	 -0.080	  0.972	  0.220
	 -0.662	 -0.217	  0.717

4 	  33.31	   4.64	  -3.99
	  0.114	  0.913	 -0.392
	 -0.432	  0.400	  0.808
	  0.895	  0.078	  0.439

5 	  42.12	  11.23	  -4.80
	  0.766	  0.427	 -0.481
	  0.634	 -0.368	  0.680
	  0.113	 -0.826	 -0.552

6 	  47.57	  10.62	 -15.84
	  0.419	 -0.170	 -0.892
	  0.884	  0.302	  0.357
	  0.208	 -0.938	  0.278

7 	  33.91	  -5.77	  -3.64
	  0.299	 -0.665	 -0.684
	  0.282	  0.746	 -0.603
	  0.912	 -0.012	  0.410

8 	  41.43	 -11.30	  -8.82
	  0.511	 -0.199	 -0.836
	 -0.815	 -0.423	 -0.397
	 -0.276	  0.884	 -0.378

9 	  43.17	 -13.15	 -20.64
	  0.115	 -0.206	 -0.972
	 -0.952	  0.258	 -0.167
	  0.286	  0.943	 -0.168

2 	  32.68	  -7.35	  22.73
	  0.415	  0.909	 -0.026
	 -0.910	  0.414	 -0.008
	  0.004	  0.027	  0.999

3 	  42.08	  -0.04	  -0.70
	  0.748	 -0.092	  0.657
	 -0.076	  0.972	  0.222
	 -0.659	 -0.216	  0.720

4 	  33.31	   4.69	  -3.99
	  0.118	  0.909	 -0.398
	 -0.425	  0.408	  0.808
	  0.898	  0.073	  0.434

5 	  42.17	  11.09	  -5.01
	  0.764	  0.410	 -0.498
	  0.638	 -0.367	  0.676
	  0.094	 -0.835	 -0.543

6 	  47.36	   9.98	 -16.14
	  0.389	 -0.219	 -0.895
	  0.900	  0.297	  0.318
	  0.195	 -0.929	  0.314

7 	  33.91	  -5.75	  -3.64
	  0.298	 -0.665	 -0.685
	  0.284	  0.747	 -0.602
	  0.911	 -0.015	  0.411

8 	  41.33	 -11.30	  -8.88
	  0.509	 -0.193	 -0.839
	 -0.819	 -0.409	 -0.403
	 -0.267	  0.891	 -0.366

9 	  42.98	 -12.78	 -20.83
	  0.097	 -0.166	 -0.981
	 -0.957	  0.255	 -0.137
	  0.273	  0.952	 -0.135

2 	  32.68	  -7.35	  22.75
	  0.415	  0.909	 -0.026
	 -0.910	  0.414	 -0.008
	  0.004	  0.027	  0.999

3 	  42.06	  -0.04	  -0.69
	  0.748	 -0.094	  0.657
	 -0.074	  0.972	  0.222
	 -0.660	 -0.214	  0.720

4 	  33.31	   4.62	  -4.03
	  0.118	  0.907	 -0.404
	 -0.424	  0.413	  0.806
	  0.898	  0.076	  0.432

5 	  42.12	  11.09	  -5.06
	  0.762	  0.413	 -0.498
	  0.639	 -0.360	  0.679
	  0.101	 -0.836	 -0.539

6 	  47.34	  10.02	 -16.15
	  0.390	 -0.218	 -0.894
	  0.899	  0.301	  0.318
	  0.198	 -0.928	  0.314

7 	  33.84	  -5.78	  -3.60
	  0.295	 -0.665	 -0.687
	  0.285	  0.747	 -0.601
	  0.912	 -0.019	  0.409

8 	  41.29	 -11.29	  -8.91
	  0.507	 -0.194	 -0.839
	 -0.821	 -0.408	 -0.400
	 -0.268	  0.892	 -0.365

9 	  42.94	 -12.80	 -20.85
	  0.097	 -0.169	 -0.981
	 -0.956	  0.257	 -0.139
	  0.276	  0.951	 -0.137

2 	  32.68	  -7.35	  22.75
	  0.415	  0.909	 -0.026
	 -0.910	  0.414	 -0.009
	  0.004	  0.027	  0.999

3 	  42.03	  -0.05	  -0.67
	  0.748	 -0.094	  0.657
	 -0.072	  0.973	  0.220
	 -0.661	 -0.212	  0.720

4 	  33.29	   4.62	  -4.03
	  0.116	  0.908	 -0.402
	 -0.425	  0.411	  0.806
	  0.898	  0.077	  0.433

5 	  42.10	  11.09	  -5.06
	  0.762	  0.415	 -0.496
	  0.640	 -0.359	  0.679
	  0.104	 -0.835	 -0.540

6 	  47.30	  10.07	 -16.15
	  0.391	 -0.216	 -0.895
	  0.898	  0.302	  0.318
	  0.200	 -0.929	  0.312

7 	  33.82	  -5.78	  -3.60
	  0.295	 -0.665	 -0.686
	  0.285	  0.746	 -0.602
	  0.912	 -0.018	  0.409

8 	  41.27	 -11.30	  -8.89
	  0.508	 -0.196	 -0.839
	 -0.821	 -0.409	 -0.399
	 -0.267	  0.891	 -0.368

9 	  42.94	 -12.85	 -20.83
	  0.098	 -0.174	 -0.980
	 -0.956	  0.258	 -0.141
	  0.278	  0.950	 -0.142

2 	  32.68	  -7.35	  22.75
	  0.415	  0.909	 -0.026
	 -0.910	  0.414	 -0.008
	  0.004	  0.027	  0.999

3 	  42.03	  -0.07	  -0.67
	  0.748	 -0.096	  0.656
	 -0.068	  0.973	  0.218
	 -0.660	 -0.208	  0.722

4 	  33.31	   4.62	  -4.03
	  0.117	  0.908	 -0.401
	 -0.426	  0.410	  0.807
	  0.898	  0.076	  0.434

5 	  42.10	  11.09	  -5.04
	  0.763	  0.416	 -0.495
	  0.638	 -0.359	  0.681
	  0.105	 -0.835	 -0.540

6 	  47.34	  10.05	 -16.14
	  0.393	 -0.216	 -0.894
	  0.898	  0.301	  0.321
	  0.198	 -0.929	  0.313

7 	  33.84	  -5.77	  -3.64
	  0.295	 -0.664	 -0.687
	  0.286	  0.747	 -0.600
	  0.912	 -0.020	  0.410

8 	  41.29	 -11.25	  -8.91
	  0.509	 -0.195	 -0.838
	 -0.820	 -0.409	 -0.401
	 -0.268	  0.891	 -0.367

9 	  42.98	 -12.76	 -20.85
	  0.099	 -0.170	 -0.980
	 -0.955	  0.259	 -0.141
	  0.278	  0.950	 -0.137

2 	  32.68	  -7.35	  22.75
	  0.415	  0.909	 -0.026
	 -0.910	  0.414	 -0.008
	  0.004	  0.027	  0.999

3 	  42.05	  -0.07	  -0.67
	  0.748	 -0.097	  0.656
	 -0.067	  0.973	  0.219
	 -0.661	 -0.207	  0.721

4 	  33.31	   4.64	  -4.01
	  0.116	  0.909	 -0.401
	 -0.426	  0.409	  0.807
	  0.898	  0.076	  0.434

5 	  42.08	  11.11	  -5.03
	  0.763	  0.417	 -0.494
	  0.638	 -0.358	  0.682
	  0.107	 -0.835	 -0.539

6 	  47.34	  10.09	 -16.12
	  0.394	 -0.214	 -0.894
	  0.897	  0.301	  0.323
	  0.199	 -0.929	  0.312

7 	  33.86	  -5.75	  -3.64
	  0.297	 -0.662	 -0.688
	  0.287	  0.749	 -0.598
	  0.911	 -0.020	  0.412

8 	  41.17	 -11.32	  -8.89
	  0.505	 -0.221	 -0.834
	 -0.828	 -0.398	 -0.395
	 -0.248	  0.890	 -0.384

9 	  42.82	 -13.25	 -20.71
	  0.097	 -0.203	 -0.974
	 -0.949	  0.277	 -0.152
	  0.302	  0.938	 -0.167

2 	  32.66	  -7.37	  22.75
	  0.416	  0.909	 -0.026
	 -0.910	  0.415	 -0.009
	  0.004	  0.028	  1.000

3 	  42.05	  -0.05	  -0.67
	  0.748	 -0.098	  0.656
	 -0.066	  0.973	  0.220
	 -0.661	 -0.208	  0.721

4 	  33.26	   4.71	  -3.88
	  0.093	  0.925	 -0.368
	 -0.447	  0.369	  0.815
	  0.890	  0.089	  0.448

5 	  41.64	  11.74	  -4.27
	  0.747	  0.491	 -0.447
	  0.641	 -0.356	  0.679
	  0.175	 -0.794	 -0.582

6 	  47.51	  12.59	 -14.77
	  0.463	 -0.061	 -0.884
	  0.842	  0.343	  0.417
	  0.278	 -0.937	  0.210

7 	  33.84	  -5.73	  -3.55
	  0.288	 -0.704	 -0.649
	  0.309	  0.710	 -0.633
	  0.906	 -0.018	  0.422

8 	  41.03	 -12.25	  -7.93
	  0.509	 -0.334	 -0.793
	 -0.841	 -0.389	 -0.375
	 -0.185	  0.858	 -0.479

9 	  42.89	 -15.84	 -19.16
	  0.114	 -0.337	 -0.935
	 -0.922	  0.314	 -0.225
	  0.371	  0.887	 -0.276

2 	  32.68	  -7.35	  22.75
	  0.416	  0.909	 -0.028
	 -0.910	  0.415	 -0.009
	  0.004	  0.029	  0.999

3 	  42.10	   0.02	  -0.62
	  0.744	 -0.103	  0.660
	 -0.070	  0.970	  0.230
	 -0.665	 -0.218	  0.714

4 	  33.36	   4.87	  -3.74
	  0.071	  0.953	 -0.294
	 -0.504	  0.288	  0.814
	  0.861	  0.090	  0.500

5 	  41.31	  12.55	  -2.48
	  0.739	  0.597	 -0.311
	  0.611	 -0.400	  0.682
	  0.284	 -0.695	 -0.661

6 	  48.20	  15.86	 -11.46
	  0.586	  0.164	 -0.794
	  0.725	  0.331	  0.603
	  0.363	 -0.929	  0.075

7 	  34.05	  -5.84	  -3.41
	  0.296	 -0.764	 -0.573
	  0.330	  0.644	 -0.690
	  0.897	  0.015	  0.442

8 	  41.26	 -13.22	  -6.28
	  0.547	 -0.459	 -0.700
	 -0.832	 -0.390	 -0.395
	 -0.093	  0.798	 -0.595

9 	  43.91	 -18.49	 -16.45
	  0.183	 -0.484	 -0.856
	 -0.870	  0.327	 -0.369
	  0.461	  0.810	 -0.362

2 	  32.66	  -7.37	  22.75
	  0.416	  0.909	 -0.028
	 -0.910	  0.415	 -0.009
	  0.004	  0.029	  0.999

3 	  42.24	   0.09	  -0.44
	  0.728	 -0.100	  0.677
	 -0.085	  0.968	  0.234
	 -0.681	 -0.228	  0.696

4 	  33.61	   5.04	  -3.66
	  0.049	  0.974	 -0.219
	 -0.555	  0.208	  0.805
	  0.830	  0.081	  0.551

5 	  40.92	  13.04	  -0.65
	  0.718	  0.674	 -0.172
	  0.579	 -0.441	  0.686
	  0.387	 -0.592	 -0.706

6 	  48.45	  18.49	  -7.75
	  0.663	  0.367	 -0.652
	  0.588	  0.287	  0.756
	  0.467	 -0.884	 -0.024

7 	  34.40	  -5.99	  -3.34
	  0.303	 -0.813	 -0.497
	  0.354	  0.580	 -0.734
	  0.885	  0.046	  0.464

8 	  41.61	 -13.94	  -4.55
	  0.590	 -0.555	 -0.586
	 -0.807	 -0.397	 -0.437
	  0.009	  0.731	 -0.682

9 	  44.96	 -20.58	 -13.41
	  0.258	 -0.603	 -0.755
	 -0.804	  0.300	 -0.512
	  0.539	  0.736	 -0.408

2 	  32.68	  -7.35	  22.73
	  0.416	  0.909	 -0.028
	 -0.910	  0.415	 -0.009
	  0.004	  0.029	  0.999

3 	  42.45	   0.12	  -0.32
	  0.711	 -0.095	  0.697
	 -0.102	  0.967	  0.235
	 -0.697	 -0.238	  0.677

4 	  34.03	   5.31	  -3.59
	  0.034	  0.993	 -0.115
	 -0.616	  0.111	  0.780
	  0.787	  0.044	  0.615

5 	  40.54	  13.24	   1.71
	  0.692	  0.722	  0.011
	  0.526	 -0.514	  0.678
	  0.496	 -0.464	 -0.734

6 	  48.66	  20.27	  -2.57
	  0.733	  0.524	 -0.435
	  0.412	  0.170	  0.895
	  0.545	 -0.833	 -0.089

7 	  34.91	  -6.12	  -3.41
	  0.308	 -0.856	 -0.415
	  0.403	  0.512	 -0.758
	  0.862	  0.066	  0.503

8 	  42.03	 -14.40	  -2.34
	  0.642	 -0.640	 -0.422
	 -0.754	 -0.432	 -0.494
	  0.133	  0.635	 -0.760

9 	  46.39	 -22.22	  -9.09
	  0.361	 -0.714	 -0.599
	 -0.713	  0.205	 -0.671
	  0.607	  0.665	 -0.434

2 	  32.68	  -7.37	  22.73
	  0.416	  0.909	 -0.028
	 -0.909	  0.416	 -0.009
	  0.004	  0.029	  0.999

3 	  42.77	   0.21	  -0.16
	  0.699	 -0.081	  0.710
	 -0.115	  0.968	  0.223
	 -0.706	 -0.237	  0.667

4 	  34.75	   5.89	  -3.38
	  0.049	  0.998	  0.043
	 -0.699	  0.003	  0.715
	  0.713	 -0.066	  0.698

5 	  40.27	  12.81	   4.38
	  0.664	  0.710	  0.235
	  0.438	 -0.622	  0.649
	  0.608	 -0.329	 -0.723

6 	  48.83	  20.46	   3.45
	  0.794	  0.589	 -0.151
	  0.203	 -0.021	  0.979
	  0.574	 -0.808	 -0.134

7 	  35.53	  -6.22	  -3.57
	  0.338	 -0.886	 -0.317
	  0.484	  0.452	 -0.749
	  0.807	  0.100	  0.581

8 	  42.50	 -14.29	   0.00
	  0.695	 -0.681	 -0.231
	 -0.672	 -0.500	 -0.546
	  0.256	  0.535	 -0.805

9 	  47.81	 -22.78	  -4.13
	  0.472	 -0.796	 -0.380
	 -0.584	  0.045	 -0.811
	  0.667	  0.601	 -0.440

2 	  32.68	  -7.37	  22.73
	  0.416	  0.909	 -0.029
	 -0.909	  0.416	 -0.009
	  0.004	  0.030	  0.999

3 	  43.05	   0.37	   0.11
	  0.696	 -0.063	  0.715
	 -0.121	  0.972	  0.202
	 -0.708	 -0.227	  0.668

4 	  35.28	   6.31	  -3.22
	  0.067	  0.990	  0.119
	 -0.739	 -0.031	  0.672
	  0.670	 -0.133	  0.730

5 	  40.22	  12.50	   5.64
	  0.651	  0.679	  0.340
	  0.370	 -0.674	  0.638
	  0.664	 -0.290	 -0.689

6 	  48.96	  19.93	   6.15
	  0.820	  0.572	 -0.019
	  0.086	 -0.091	  0.992
	  0.566	 -0.815	 -0.122

7 	  36.07	  -6.40	  -3.48
	  0.361	 -0.906	 -0.219
	  0.559	  0.397	 -0.727
	  0.746	  0.140	  0.650

8 	  42.79	 -13.82	   2.04
	  0.726	 -0.685	 -0.065
	 -0.594	 -0.577	 -0.561
	  0.347	  0.446	 -0.825

9 	  48.55	 -22.54	   0.44
	  0.535	 -0.829	 -0.160
	 -0.452	 -0.116	 -0.884
	  0.719	  0.544	 -0.432

2 	  32.68	  -7.37	  22.73
	  0.416	  0.909	 -0.029
	 -0.910	  0.416	 -0.009
	  0.004	  0.030	  0.999

3 	  43.24	   0.44	   0.28
	  0.693	 -0.046	  0.719
	 -0.116	  0.978	  0.174
	 -0.712	 -0.204	  0.672

4 	  35.67	   6.43	  -3.20
	  0.076	  0.985	  0.155
	 -0.764	 -0.043	  0.643
	  0.641	 -0.167	  0.749

5 	  40.20	  12.06	   6.43
	  0.638	  0.646	  0.418
	  0.306	 -0.711	  0.633
	  0.707	 -0.276	 -0.651

6 	  49.01	  19.12	   8.31
	  0.834	  0.541	  0.103
	 -0.024	 -0.151	  0.988
	  0.550	 -0.827	 -0.113

7 	  36.51	  -6.66	  -3.36
	  0.366	 -0.924	 -0.111
	  0.625	  0.332	 -0.707
	  0.690	  0.189	  0.698

8 	  42.70	 -13.52	   3.83
	  0.726	 -0.683	  0.083
	 -0.534	 -0.636	 -0.557
	  0.434	  0.360	 -0.826

9 	  48.38	 -22.18	   4.24
	  0.552	 -0.833	  0.019
	 -0.330	 -0.236	 -0.914
	  0.768	  0.499	 -0.401

2 	  32.66	  -7.37	  22.75
	  0.417	  0.908	 -0.029
	 -0.909	  0.416	 -0.009
	  0.004	  0.030	  0.999

3 	  43.47	   0.35	   0.44
	  0.681	 -0.039	  0.730
	 -0.098	  0.985	  0.143
	 -0.726	 -0.169	  0.667

4 	  36.16	   6.49	  -3.25
	  0.090	  0.979	  0.182
	 -0.792	 -0.041	  0.609
	  0.604	 -0.199	  0.771

5 	  40.01	  11.44	   7.21
	  0.616	  0.595	  0.516
	  0.199	 -0.751	  0.629
	  0.762	 -0.285	 -0.581

6 	  48.81	  17.81	  10.83
	  0.841	  0.473	  0.262
	 -0.192	 -0.192	  0.962
	  0.506	 -0.860	 -0.071

7 	  36.84	  -7.00	  -3.16
	  0.351	 -0.936	  0.004
	  0.692	  0.256	 -0.675
	  0.631	  0.239	  0.738

8 	  42.38	 -12.96	   5.59
	  0.714	 -0.658	  0.240
	 -0.471	 -0.704	 -0.531
	  0.519	  0.267	 -0.812

9 	  47.85	 -21.32	   8.12
	  0.546	 -0.810	  0.213
	 -0.201	 -0.371	 -0.907
	  0.815	  0.452	 -0.362

2 	  32.68	  -7.37	  22.75
	  0.417	  0.908	 -0.029
	 -0.909	  0.416	 -0.009
	  0.004	  0.030	  0.999

3 	  43.65	   0.14	   0.54
	  0.661	 -0.037	  0.749
	 -0.069	  0.991	  0.109
	 -0.748	 -0.124	  0.652

4 	  36.62	   6.52	  -3.29
	  0.113	  0.972	  0.207
	 -0.815	 -0.029	  0.578
	  0.568	 -0.234	  0.789

5 	  39.83	  10.63	   7.84
	  0.599	  0.516	  0.612
	  0.067	 -0.794	  0.604
	  0.798	 -0.320	 -0.510

6 	  48.66	  15.73	  13.13
	  0.834	  0.356	  0.421
	 -0.392	 -0.155	  0.906
	  0.389	 -0.921	  0.009

7 	  37.20	  -7.38	  -3.04
	  0.343	 -0.932	  0.118
	  0.757	  0.199	 -0.622
	  0.557	  0.302	  0.773

8 	  42.22	 -12.18	   6.94
	  0.706	 -0.581	  0.405
	 -0.380	 -0.793	 -0.476
	  0.598	  0.182	 -0.780

9 	  47.65	 -19.48	  11.58
	  0.549	 -0.731	  0.405
	  0.018	 -0.474	 -0.880
	  0.836	  0.490	 -0.246

2 	  32.68	  -7.35	  22.73
	  0.417	  0.908	 -0.029
	 -0.909	  0.416	 -0.009
	  0.005	  0.030	  0.999

3 	  43.88	  -0.02	   0.74
	  0.633	 -0.037	  0.773
	 -0.044	  0.995	  0.084
	 -0.773	 -0.087	  0.629

4 	  37.07	   6.43	  -3.30
	  0.135	  0.966	  0.220
	 -0.833	 -0.009	  0.553
	  0.536	 -0.258	  0.803

5 	  39.92	  10.02	   8.16
	  0.592	  0.423	  0.685
	 -0.099	 -0.807	  0.582
	  0.800	 -0.411	 -0.436

6 	  49.13	  13.25	  14.29
	  0.817	  0.154	  0.555
	 -0.569	  0.375	  0.731
	 -0.098	 -0.913	  0.395

7 	  37.71	  -7.70	  -2.85
	  0.349	 -0.910	  0.222
	  0.807	  0.171	 -0.565
	  0.476	  0.376	  0.794

8 	  41.98	 -11.43	   8.02
	  0.701	 -0.428	  0.569
	 -0.133	 -0.864	 -0.486
	  0.700	  0.266	 -0.663

9 	  48.43	 -17.17	  13.83
	  0.651	 -0.517	  0.555
	  0.600	 -0.100	 -0.794
	  0.470	  0.848	  0.243

2 	  32.68	  -7.35	  22.73
	  0.416	  0.909	 -0.029
	 -0.909	  0.416	 -0.009
	  0.004	  0.030	  0.999

3 	  44.16	  -0.26	   0.98
	  0.594	 -0.043	  0.803
	 -0.018	  0.997	  0.067
	 -0.804	 -0.054	  0.592

4 	  37.78	   6.36	  -3.36
	  0.161	  0.957	  0.241
	 -0.864	  0.018	  0.502
	  0.477	 -0.290	  0.830

5 	  39.85	   9.25	   8.58
	  0.540	  0.287	  0.791
	 -0.328	 -0.796	  0.509
	  0.777	 -0.532	 -0.335

6 	  48.57	  10.21	  16.21
	  0.688	 -0.009	  0.725
	 -0.424	  0.807	  0.410
	 -0.591	 -0.589	  0.552

7 	  38.25	  -8.09	  -2.65
	  0.314	 -0.899	  0.306
	  0.865	  0.138	 -0.481
	  0.390	  0.415	  0.821

8 	  41.48	 -11.27	   8.93
	  0.638	 -0.255	  0.726
	  0.207	 -0.852	 -0.481
	  0.741	  0.456	 -0.491

9 	  48.25	 -14.73	  16.63
	  0.603	 -0.269	  0.751
	  0.738	  0.548	 -0.393
	 -0.312	  0.790	  0.528

2 	  32.68	  -7.35	  22.73
	  0.416	  0.909	 -0.029
	 -0.910	  0.416	 -0.009
	  0.004	  0.030	  0.999

3 	  44.33	  -0.56	   1.21
	  0.576	 -0.053	  0.815
	  0.002	  0.998	  0.063
	 -0.817	 -0.035	  0.575

4 	  38.23	   6.15	  -3.29
	  0.162	  0.962	  0.220
	 -0.878	  0.039	  0.477
	  0.451	 -0.270	  0.851

5 	  40.24	   8.82	   8.79
	  0.518	  0.221	  0.826
	 -0.428	 -0.770	  0.472
	  0.743	 -0.597	 -0.304

6 	  48.09	  10.12	  17.31
	  0.593	  0.014	  0.805
	 -0.525	  0.767	  0.370
	 -0.615	 -0.639	  0.462

7 	  38.95	  -8.51	  -2.29
	  0.263	 -0.870	  0.416
	  0.915	  0.088	 -0.394
	  0.307	  0.484	  0.819

8 	  41.06	 -10.49	  10.07
	  0.589	 -0.077	  0.805
	  0.397	 -0.841	 -0.368
	  0.706	  0.535	 -0.464

9 	  47.34	 -12.20	  18.77
	  0.592	 -0.070	  0.802
	  0.766	  0.361	 -0.531
	 -0.259	  0.928	  0.268

2 	  32.68	  -7.35	  22.73
	  0.417	  0.908	 -0.029
	 -0.909	  0.416	 -0.009
	  0.004	  0.030	  0.999

3 	  44.65	  -0.76	   1.44
	  0.551	 -0.053	  0.832
	  0.006	  0.998	  0.060
	 -0.834	 -0.028	  0.550

4 	  38.99	   6.15	  -3.27
	  0.185	  0.960	  0.212
	 -0.891	  0.072	  0.448
	  0.415	 -0.271	  0.868

5 	  41.15	   8.60	   8.96
	  0.523	  0.124	  0.843
	 -0.563	 -0.694	  0.449
	  0.643	 -0.708	 -0.292

6 	  48.22	   9.37	  18.11
	  0.494	 -0.009	  0.869
	 -0.461	  0.847	  0.266
	 -0.741	 -0.529	  0.413

7 	  39.27	  -8.61	  -2.37
	  0.208	 -0.892	  0.401
	  0.936	  0.062	 -0.347
	  0.284	  0.447	  0.848

8 	  40.46	 -10.44	  10.16
	  0.561	 -0.107	  0.821
	  0.325	 -0.884	 -0.336
	  0.763	  0.454	 -0.460

9 	  46.58	 -12.27	  19.18
	  0.586	 -0.089	  0.805
	  0.810	  0.073	 -0.581
	 -0.010	  0.993	  0.115

