2 	  32.68	  -7.37	  22.75
	  0.389	  0.921	 -0.029
	 -0.921	  0.389	 -0.009
	  0.004	  0.030	  0.999

3 	  44.82	  -0.83	   1.51
	  0.543	 -0.075	  0.836
	  0.050	  0.997	  0.057
	 -0.838	  0.010	  0.545

4 	  39.11	   6.43	  -3.09
	  0.156	  0.952	  0.262
	 -0.912	  0.037	  0.408
	  0.379	 -0.303	  0.874

5 	  38.37	   8.96	   9.04
	  0.229	  0.185	  0.956
	 -0.541	 -0.793	  0.281
	  0.810	 -0.580	 -0.081

6 	  43.73	   9.69	  19.81
	  0.355	  0.009	  0.934
	 -0.744	  0.609	  0.274
	 -0.571	 -0.791	  0.221

7 	  38.69	  -8.19	  -2.57
	  0.103	 -0.923	  0.371
	  0.951	 -0.018	 -0.309
	  0.291	  0.385	  0.876

8 	  38.55	 -10.42	   9.77
	  0.384	 -0.163	  0.908
	  0.287	 -0.915	 -0.284
	  0.878	  0.369	 -0.305

9 	  44.26	 -12.45	  19.44
	  0.474	 -0.077	  0.877
	  0.816	  0.413	 -0.403
	 -0.336	  0.906	  0.258

2 	  32.68	  -7.37	  22.75
	  0.390	  0.920	 -0.029
	 -0.921	  0.389	 -0.009
	  0.004	  0.030	  0.999

3 	  44.79	  -0.79	   1.51
	  0.542	 -0.076	  0.837
	  0.050	  0.997	  0.058
	 -0.839	  0.010	  0.544

4 	  39.04	   6.45	  -3.08
	  0.151	  0.952	  0.265
	 -0.912	  0.030	  0.409
	  0.382	 -0.303	  0.873

5 	  38.29	   8.93	   9.07
	  0.231	  0.184	  0.955
	 -0.533	 -0.798	  0.281
	  0.815	 -0.573	 -0.085

6 	  43.70	   9.70	  19.83
	  0.358	  0.010	  0.933
	 -0.750	  0.601	  0.277
	 -0.562	 -0.797	  0.221

7 	  38.69	  -8.17	  -2.57
	  0.104	 -0.923	  0.371
	  0.951	 -0.017	 -0.309
	  0.291	  0.385	  0.875

8 	  38.55	 -10.42	   9.77
	  0.384	 -0.163	  0.909
	  0.288	 -0.915	 -0.284
	  0.878	  0.369	 -0.304

9 	  44.26	 -12.43	  19.44
	  0.474	 -0.078	  0.877
	  0.816	  0.413	 -0.403
	 -0.336	  0.906	  0.258

2 	  32.68	  -7.35	  22.75
	  0.390	  0.920	 -0.029
	 -0.921	  0.389	 -0.009
	  0.004	  0.030	  0.999

3 	  44.77	  -0.79	   1.53
	  0.541	 -0.078	  0.837
	  0.050	  0.997	  0.060
	 -0.839	  0.009	  0.543

4 	  39.02	   6.47	  -3.06
	  0.147	  0.952	  0.268
	 -0.913	  0.026	  0.407
	  0.381	 -0.305	  0.873

5 	  38.23	   8.84	   9.07
	  0.224	  0.194	  0.955
	 -0.513	 -0.810	  0.283
	  0.829	 -0.552	 -0.081

6 	  43.70	   9.72	  19.81
	  0.366	  0.016	  0.930
	 -0.750	  0.599	  0.282
	 -0.557	 -0.798	  0.229

7 	  38.67	  -8.14	  -2.55
	  0.105	 -0.919	  0.379
	  0.950	 -0.019	 -0.311
	  0.293	  0.393	  0.871

8 	  38.83	 -10.51	   9.65
	  0.379	 -0.175	  0.909
	  0.322	 -0.896	 -0.305
	  0.868	  0.407	 -0.283

9 	  45.00	 -12.71	  19.02
	  0.497	 -0.096	  0.862
	  0.759	  0.531	 -0.376
	 -0.427	  0.839	  0.336

2 	  32.68	  -7.35	  22.75
	  0.391	  0.920	 -0.029
	 -0.921	  0.390	 -0.009
	  0.004	  0.030	  0.999

3 	  44.75	  -0.74	   1.53
	  0.542	 -0.081	  0.836
	  0.048	  0.996	  0.066
	 -0.839	  0.004	  0.544

4 	  38.94	   6.50	  -3.01
	  0.138	  0.952	  0.274
	 -0.911	  0.013	  0.411
	  0.388	 -0.306	  0.869

5 	  38.76	   8.98	   9.00
	  0.273	  0.225	  0.935
	 -0.514	 -0.788	  0.338
	  0.814	 -0.572	 -0.099

6 	  45.14	  10.18	  19.16
	  0.437	  0.037	  0.898
	 -0.646	  0.709	  0.282
	 -0.630	 -0.702	  0.334

7 	  38.74	  -8.09	  -2.58
	  0.157	 -0.914	  0.375
	  0.940	  0.022	 -0.340
	  0.303	  0.405	  0.862

8 	  40.32	 -10.95	   9.39
	  0.487	 -0.215	  0.846
	  0.309	 -0.864	 -0.396
	  0.818	  0.453	 -0.354

9 	  47.23	 -13.89	  17.65
	  0.559	 -0.180	  0.809
	  0.725	  0.580	 -0.370
	 -0.408	  0.792	  0.455

2 	  32.68	  -7.37	  22.75
	  0.390	  0.920	 -0.029
	 -0.921	  0.390	 -0.009
	  0.004	  0.030	  0.999

3 	  44.74	  -0.65	   1.51
	  0.544	 -0.085	  0.834
	  0.040	  0.996	  0.076
	 -0.838	 -0.009	  0.545

4 	  38.90	   6.45	  -3.23
	  0.164	  0.952	  0.258
	 -0.903	  0.040	  0.427
	  0.396	 -0.302	  0.867

5 	  40.54	   9.30	   8.63
	  0.474	  0.278	  0.835
	 -0.401	 -0.778	  0.484
	  0.786	 -0.562	 -0.257

6 	  48.76	  11.21	  16.77
	  0.621	  0.083	  0.779
	 -0.559	  0.746	  0.362
	 -0.554	 -0.658	  0.510

7 	  38.76	  -7.96	  -2.83
	  0.254	 -0.920	  0.298
	  0.911	  0.123	 -0.395
	  0.326	  0.371	  0.869

8 	  42.87	 -11.65	   8.38
	  0.717	 -0.277	  0.639
	  0.181	 -0.812	 -0.555
	  0.673	  0.513	 -0.532

9 	  51.47	 -14.89	  13.57
	  0.763	 -0.242	  0.599
	  0.574	  0.680	 -0.455
	 -0.300	  0.690	  0.658

2 	  32.68	  -7.37	  22.73
	  0.402	  0.915	 -0.029
	 -0.916	  0.401	 -0.008
	  0.005	  0.030	  0.999

3 	  44.70	  -0.65	   1.34
	  0.541	 -0.092	  0.836
	  0.053	  0.996	  0.074
	 -0.840	  0.004	  0.543

4 	  38.62	   6.13	  -3.87
	  0.243	  0.956	  0.166
	 -0.857	  0.131	  0.497
	  0.454	 -0.262	  0.851

5 	  43.05	   9.98	   6.93
	  0.707	  0.361	  0.608
	 -0.197	 -0.726	  0.658
	  0.680	 -0.584	 -0.443

6 	  53.74	  11.53	  10.21
	  0.916	  0.049	  0.397
	 -0.254	  0.837	  0.484
	 -0.309	 -0.545	  0.779

7 	  38.43	  -7.75	  -3.18
	  0.384	 -0.917	  0.106
	  0.813	  0.281	 -0.508
	  0.437	  0.281	  0.854

8 	  45.49	 -12.11	   5.68
	  0.905	 -0.288	  0.311
	 -0.004	 -0.740	 -0.672
	  0.424	  0.607	 -0.672

9 	  55.37	 -14.50	   6.68
	  0.953	 -0.205	  0.224
	  0.297	  0.774	 -0.559
	 -0.059	  0.599	  0.798

2 	  32.68	  -7.35	  22.73
	  0.405	  0.914	 -0.029
	 -0.914	  0.405	 -0.009
	  0.004	  0.030	  0.999

3 	  44.51	  -0.67	   1.09
	  0.546	 -0.082	  0.833
	  0.055	  0.996	  0.062
	 -0.836	  0.012	  0.548

4 	  37.99	   5.62	  -4.43
	  0.297	  0.954	  0.012
	 -0.782	  0.236	  0.577
	  0.549	 -0.181	  0.816

5 	  45.11	  10.34	   3.88
	  0.876	  0.371	  0.307
	 -0.009	 -0.625	  0.780
	  0.481	 -0.687	 -0.545

6 	  55.92	  10.81	   3.11
	  0.998	 -0.025	  0.046
	  0.005	  0.916	  0.400
	 -0.053	 -0.400	  0.915

7 	  37.92	  -7.56	  -3.48
	  0.467	 -0.878	 -0.109
	  0.685	  0.436	 -0.583
	  0.560	  0.197	  0.804

8 	  46.95	 -11.83	   2.81
	  0.974	 -0.221	  0.042
	 -0.123	 -0.679	 -0.723
	  0.188	  0.699	 -0.689

9 	  56.78	 -13.45	   0.26
	  0.985	 -0.141	 -0.094
	  0.071	  0.847	 -0.526
	  0.153	  0.511	  0.845

2 	  32.68	  -7.37	  22.75
	  0.407	  0.913	 -0.029
	 -0.914	  0.406	 -0.009
	  0.004	  0.030	  0.999

3 	  44.12	  -0.76	   0.74
	  0.578	 -0.042	  0.815
	  0.038	  0.999	  0.025
	 -0.815	  0.016	  0.578

4 	  37.25	   5.15	  -4.82
	  0.319	  0.941	 -0.109
	 -0.713	  0.313	  0.627
	  0.625	 -0.121	  0.771

5 	  45.53	  10.20	   1.86
	  0.923	  0.356	  0.146
	  0.090	 -0.571	  0.816
	  0.374	 -0.740	 -0.559

6 	  56.09	  10.25	  -0.56
	  0.993	 -0.053	 -0.100
	  0.081	  0.949	  0.304
	  0.079	 -0.310	  0.947

7 	  37.21	  -7.56	  -3.57
	  0.479	 -0.846	 -0.232
	  0.587	  0.505	 -0.633
	  0.653	  0.167	  0.738

8 	  47.18	 -11.50	   0.97
	  0.980	 -0.161	 -0.117
	 -0.195	 -0.653	 -0.732
	  0.041	  0.740	 -0.671

9 	  56.71	 -12.30	  -3.23
	  0.962	 -0.087	 -0.259
	 -0.044	  0.888	 -0.458
	  0.270	  0.449	  0.851

2 	  32.68	  -7.37	  22.73
	  0.408	  0.912	 -0.029
	 -0.913	  0.407	 -0.009
	  0.004	  0.030	  0.999

3 	  43.72	  -0.81	   0.49
	  0.612	 -0.016	  0.791
	  0.027	  0.999	 -0.001
	 -0.791	  0.022	  0.612

4 	  36.53	   4.89	  -4.83
	  0.311	  0.934	 -0.177
	 -0.664	  0.345	  0.663
	  0.681	 -0.089	  0.727

5 	  45.39	  10.05	   0.74
	  0.937	  0.344	  0.050
	  0.156	 -0.545	  0.824
	  0.311	 -0.765	 -0.564

6 	  55.69	   9.77	  -2.92
	  0.978	 -0.073	 -0.197
	  0.123	  0.959	  0.254
	  0.171	 -0.271	  0.947

7 	  36.77	  -7.59	  -3.66
	  0.484	 -0.824	 -0.295
	  0.526	  0.542	 -0.655
	  0.700	  0.161	  0.695

8 	  47.16	 -11.16	  -0.09
	  0.974	 -0.118	 -0.194
	 -0.224	 -0.648	 -0.728
	 -0.041	  0.752	 -0.657

9 	  56.43	 -11.64	  -5.12
	  0.940	 -0.059	 -0.335
	 -0.090	  0.908	 -0.409
	  0.329	  0.412	  0.849

2 	  32.68	  -7.37	  22.73
	  0.408	  0.912	 -0.029
	 -0.913	  0.407	 -0.009
	  0.004	  0.030	  0.999

3 	  43.49	  -0.86	   0.32
	  0.633	 -0.002	  0.773
	  0.016	  1.000	 -0.011
	 -0.774	  0.018	  0.633

4 	  36.09	   4.68	  -4.89
	  0.298	  0.929	 -0.217
	 -0.634	  0.362	  0.683
	  0.714	 -0.066	  0.697

5 	  45.23	   9.95	   0.00
	  0.941	  0.339	 -0.011
	  0.199	 -0.528	  0.826
	  0.274	 -0.779	 -0.564

6 	  55.34	   9.56	  -4.27
	  0.965	 -0.077	 -0.251
	  0.138	  0.962	  0.234
	  0.224	 -0.259	  0.939

7 	  36.54	  -7.58	  -3.71
	  0.487	 -0.803	 -0.344
	  0.483	  0.575	 -0.661
	  0.728	  0.155	  0.667

8 	  47.16	 -10.90	  -0.86
	  0.965	 -0.089	 -0.244
	 -0.243	 -0.644	 -0.725
	 -0.093	  0.759	 -0.644

9 	  56.14	 -11.18	  -6.56
	  0.920	 -0.048	 -0.389
	 -0.115	  0.917	 -0.382
	  0.375	  0.394	  0.839

2 	  32.68	  -7.37	  22.73
	  0.408	  0.912	 -0.029
	 -0.913	  0.407	 -0.009
	  0.004	  0.030	  0.999

3 	  43.33	  -0.81	   0.14
	  0.650	  0.010	  0.760
	  0.004	  1.000	 -0.017
	 -0.760	  0.014	  0.650

4 	  35.61	   4.68	  -4.76
	  0.281	  0.930	 -0.235
	 -0.607	  0.361	  0.707
	  0.744	 -0.056	  0.666

5 	  44.93	   9.98	  -0.40
	  0.939	  0.338	 -0.062
	  0.242	 -0.525	  0.815
	  0.243	 -0.781	 -0.575

6 	  54.60	   9.26	  -5.78
	  0.932	 -0.109	 -0.344
	  0.193	  0.956	  0.219
	  0.306	 -0.268	  0.913

7 	  36.07	  -7.26	  -3.88
	  0.446	 -0.801	 -0.399
	  0.477	  0.590	 -0.651
	  0.757	  0.100	  0.645

8 	  46.76	 -10.79	  -1.90
	  0.942	 -0.081	 -0.325
	 -0.302	 -0.626	 -0.719
	 -0.146	  0.775	 -0.615

9 	  55.16	 -10.95	  -8.70
	  0.873	 -0.032	 -0.487
	 -0.162	  0.923	 -0.348
	  0.462	  0.378	  0.802

2 	  32.68	  -7.37	  22.73
	  0.409	  0.912	 -0.029
	 -0.913	  0.408	 -0.009
	  0.004	  0.030	  0.999

3 	  42.98	  -0.63	  -0.05
	  0.668	  0.022	  0.744
	 -0.017	  1.000	 -0.015
	 -0.744	 -0.003	  0.668

4 	  35.02	   4.83	  -4.50
	  0.253	  0.936	 -0.246
	 -0.574	  0.349	  0.740
	  0.779	 -0.046	  0.625

5 	  44.46	  10.27	  -0.70
	  0.929	  0.350	 -0.117
	  0.300	 -0.530	  0.793
	  0.216	 -0.772	 -0.597

6 	  53.44	   9.00	  -7.45
	  0.867	 -0.171	 -0.468
	  0.288	  0.939	  0.188
	  0.410	 -0.294	  0.863

7 	  35.58	  -6.80	  -4.01
	  0.401	 -0.809	 -0.430
	  0.501	  0.586	 -0.637
	  0.768	  0.040	  0.639

8 	  46.11	 -10.78	  -3.08
	  0.910	 -0.094	 -0.404
	 -0.378	 -0.591	 -0.713
	 -0.173	  0.801	 -0.574

9 	  53.81	 -10.78	 -11.04
	  0.808	 -0.018	 -0.589
	 -0.200	  0.933	 -0.299
	  0.556	  0.355	  0.751

2 	  32.68	  -7.37	  22.73
	  0.409	  0.912	 -0.029
	 -0.913	  0.408	 -0.009
	  0.004	  0.030	  0.999

3 	  42.80	  -0.44	  -0.18
	  0.679	  0.017	  0.733
	 -0.026	  0.999	  0.000
	 -0.733	 -0.019	  0.679

4 	  34.66	   4.97	  -4.34
	  0.233	  0.940	 -0.249
	 -0.558	  0.338	  0.758
	  0.797	 -0.038	  0.603

5 	  44.21	  10.48	  -0.91
	  0.921	  0.357	 -0.155
	  0.337	 -0.533	  0.776
	  0.194	 -0.767	 -0.611

6 	  52.51	   8.38	  -8.68
	  0.786	 -0.263	 -0.559
	  0.404	  0.904	  0.139
	  0.475	 -0.331	  0.815

7 	  35.30	  -6.49	  -4.04
	  0.385	 -0.789	 -0.479
	  0.468	  0.613	 -0.636
	  0.796	  0.021	  0.605

8 	  45.58	 -10.78	  -4.18
	  0.874	 -0.110	 -0.473
	 -0.447	 -0.565	 -0.693
	 -0.192	  0.817	 -0.544

9 	  52.63	 -10.60	 -13.01
	  0.743	 -0.010	 -0.669
	 -0.224	  0.940	 -0.258
	  0.634	  0.337	  0.696

2 	  32.68	  -7.37	  22.73
	  0.409	  0.912	 -0.029
	 -0.913	  0.408	 -0.009
	  0.004	  0.030	  0.999

3 	  42.70	  -0.40	  -0.23
	  0.687	  0.011	  0.726
	 -0.025	  1.000	  0.009
	 -0.726	 -0.025	  0.687

4 	  34.52	   4.99	  -4.25
	  0.230	  0.939	 -0.256
	 -0.543	  0.342	  0.767
	  0.808	 -0.037	  0.588

5 	  44.12	  10.48	  -1.09
	  0.917	  0.354	 -0.185
	  0.362	 -0.538	  0.761
	  0.170	 -0.765	 -0.622

6 	  51.93	   7.82	  -9.42
	  0.729	 -0.314	 -0.608
	  0.461	  0.882	  0.092
	  0.513	 -0.344	  0.785

7 	  35.12	  -6.42	  -4.04
	  0.371	 -0.777	 -0.508
	  0.438	  0.629	 -0.642
	  0.818	  0.016	  0.574

8 	  45.25	 -10.85	  -4.78
	  0.849	 -0.117	 -0.516
	 -0.489	 -0.546	 -0.680
	 -0.203	  0.829	 -0.521

9 	  51.86	 -10.60	 -14.08
	  0.697	 -0.002	 -0.717
	 -0.239	  0.943	 -0.231
	  0.679	  0.328	  0.657

2 	  32.68	  -7.35	  22.73
	  0.408	  0.912	 -0.029
	 -0.913	  0.408	 -0.009
	  0.004	  0.030	  0.999

3 	  42.68	  -0.42	  -0.25
	  0.691	  0.008	  0.722
	 -0.024	  1.000	  0.011
	 -0.722	 -0.024	  0.691

4 	  34.51	   5.01	  -4.25
	  0.228	  0.938	 -0.259
	 -0.538	  0.343	  0.770
	  0.812	 -0.037	  0.583

5 	  44.14	  10.46	  -1.18
	  0.916	  0.350	 -0.197
	  0.369	 -0.542	  0.755
	  0.158	 -0.764	 -0.626

6 	  51.50	   7.40	  -9.76
	  0.681	 -0.360	 -0.638
	  0.514	  0.855	  0.061
	  0.530	 -0.366	  0.764

7 	  34.93	  -6.36	  -3.90
	  0.359	 -0.751	 -0.553
	  0.385	  0.659	 -0.646
	  0.850	  0.019	  0.526

8 	  44.82	 -10.97	  -5.33
	  0.818	 -0.133	 -0.559
	 -0.539	 -0.518	 -0.664
	 -0.202	  0.844	 -0.496

9 	  50.92	 -10.79	 -15.13
	  0.651	 -0.006	 -0.758
	 -0.228	  0.953	 -0.200
	  0.726	  0.299	  0.619

2 	  32.68	  -7.35	  22.75
	  0.408	  0.912	 -0.029
	 -0.913	  0.408	 -0.009
	  0.004	  0.030	  0.999

3 	  42.66	  -0.39	  -0.28
	  0.698	  0.004	  0.716
	 -0.024	  0.999	  0.017
	 -0.716	 -0.029	  0.697

4 	  34.49	   5.06	  -4.18
	  0.229	  0.939	 -0.257
	 -0.530	  0.341	  0.776
	  0.816	 -0.042	  0.576

5 	  44.12	  10.41	  -1.14
	  0.916	  0.344	 -0.205
	  0.374	 -0.550	  0.746
	  0.144	 -0.761	 -0.633

6 	  51.26	   7.17	  -9.90
	  0.654	 -0.385	 -0.651
	  0.536	  0.843	  0.035
	  0.541	 -0.370	  0.755

7 	  34.77	  -6.29	  -3.87
	  0.348	 -0.739	 -0.576
	  0.363	  0.673	 -0.644
	  0.864	  0.015	  0.502

8 	  44.40	 -11.09	  -5.84
	  0.789	 -0.152	 -0.595
	 -0.583	 -0.492	 -0.646
	 -0.196	  0.856	 -0.478

9 	  50.08	 -11.02	 -15.93
	  0.611	 -0.018	 -0.791
	 -0.217	  0.959	 -0.183
	  0.765	  0.277	  0.581

2 	  32.66	  -7.35	  22.75
	  0.408	  0.912	 -0.029
	 -0.913	  0.408	 -0.009
	  0.004	  0.030	  0.999

3 	  42.63	  -0.39	  -0.30
	  0.702	  0.001	  0.712
	 -0.024	  0.999	  0.022
	 -0.711	 -0.032	  0.702

4 	  34.40	   5.08	  -4.15
	  0.226	  0.939	 -0.258
	 -0.526	  0.340	  0.779
	  0.820	 -0.041	  0.570

5 	  44.09	  10.42	  -1.16
	  0.915	  0.343	 -0.212
	  0.379	 -0.553	  0.742
	  0.137	 -0.759	 -0.636

6 	  50.98	   6.98	 -10.00
	  0.631	 -0.406	 -0.661
	  0.554	  0.832	  0.014
	  0.551	 -0.374	  0.746

7 	  34.63	  -6.26	  -3.81
	  0.342	 -0.730	 -0.591
	  0.346	  0.682	 -0.644
	  0.874	  0.016	  0.486

8 	  44.02	 -11.27	  -6.21
	  0.761	 -0.164	 -0.627
	 -0.619	 -0.473	 -0.627
	 -0.195	  0.865	 -0.463

9 	  49.32	 -11.11	 -16.63
	  0.570	 -0.017	 -0.822
	 -0.219	  0.962	 -0.164
	  0.797	  0.267	  0.542

2 	  32.66	  -7.37	  22.75
	  0.408	  0.912	 -0.029
	 -0.913	  0.408	 -0.009
	  0.004	  0.030	  0.999

3 	  42.57	  -0.39	  -0.32
	  0.707	 -0.004	  0.707
	 -0.023	  0.999	  0.028
	 -0.707	 -0.036	  0.706

4 	  34.37	   5.08	  -4.15
	  0.228	  0.939	 -0.258
	 -0.523	  0.341	  0.781
	  0.822	 -0.043	  0.568

5 	  44.07	  10.41	  -1.16
	  0.916	  0.341	 -0.213
	  0.379	 -0.555	  0.741
	  0.134	 -0.759	 -0.637

6 	  50.89	   6.80	 -10.04
	  0.622	 -0.417	 -0.663
	  0.565	  0.825	  0.005
	  0.551	 -0.376	  0.745

7 	  34.52	  -6.26	  -3.78
	  0.333	 -0.726	 -0.602
	  0.336	  0.687	 -0.644
	  0.881	  0.012	  0.473

8 	  43.80	 -11.30	  -6.42
	  0.745	 -0.170	 -0.645
	 -0.638	 -0.465	 -0.614
	 -0.197	  0.868	 -0.455

9 	  48.83	 -11.23	 -17.02
	  0.545	 -0.021	 -0.838
	 -0.220	  0.962	 -0.161
	  0.813	  0.266	  0.517

2 	  32.68	  -7.35	  22.73
	  0.408	  0.912	 -0.029
	 -0.913	  0.407	 -0.009
	  0.004	  0.030	  0.999

3 	  42.50	  -0.42	  -0.33
	  0.712	 -0.006	  0.702
	 -0.022	  0.999	  0.031
	 -0.702	 -0.037	  0.711

4 	  34.26	   5.04	  -4.10
	  0.221	  0.939	 -0.263
	 -0.516	  0.341	  0.786
	  0.828	 -0.038	  0.559

5 	  43.96	  10.41	  -1.20
	  0.913	  0.341	 -0.223
	  0.387	 -0.553	  0.738
	  0.128	 -0.760	 -0.637

6 	  50.59	   6.73	 -10.20
	  0.600	 -0.433	 -0.673
	  0.579	  0.815	 -0.013
	  0.560	 -0.380	  0.736

7 	  34.44	  -6.24	  -3.73
	  0.331	 -0.723	 -0.606
	  0.326	  0.690	 -0.646
	  0.885	  0.016	  0.464

8 	  43.70	 -11.32	  -6.47
	  0.739	 -0.171	 -0.651
	 -0.644	 -0.463	 -0.609
	 -0.198	  0.869	 -0.453

9 	  48.62	 -11.25	 -17.16
	  0.532	 -0.014	 -0.846
	 -0.227	  0.962	 -0.153
	  0.819	  0.268	  0.507

2 	  32.66	  -7.37	  22.75
	  0.409	  0.912	 -0.029
	 -0.913	  0.408	 -0.009
	  0.004	  0.030	  0.999

3 	  42.50	  -0.42	  -0.35
	  0.714	 -0.005	  0.699
	 -0.023	  0.999	  0.031
	 -0.699	 -0.038	  0.714

4 	  34.22	   5.04	  -4.08
	  0.217	  0.939	 -0.265
	 -0.514	  0.340	  0.787
	  0.830	 -0.035	  0.556

5 	  43.91	  10.44	  -1.23
	  0.911	  0.343	 -0.228
	  0.392	 -0.551	  0.737
	  0.127	 -0.761	 -0.636

6 	  50.41	   6.61	 -10.32
	  0.586	 -0.446	 -0.676
	  0.585	  0.810	 -0.031
	  0.567	 -0.376	  0.732

7 	  34.40	  -6.26	  -3.71
	  0.332	 -0.711	 -0.620
	  0.307	  0.702	 -0.642
	  0.892	  0.022	  0.452

8 	  43.61	 -11.29	  -6.59
	  0.732	 -0.170	 -0.659
	 -0.651	 -0.460	 -0.604
	 -0.202	  0.871	 -0.448

9 	  48.36	 -11.14	 -17.42
	  0.517	 -0.007	 -0.856
	 -0.231	  0.962	 -0.142
	  0.828	  0.265	  0.493

2 	  32.68	  -7.37	  22.73
	  0.409	  0.912	 -0.029
	 -0.913	  0.409	 -0.009
	  0.004	  0.030	  0.999

3 	  42.42	  -0.40	  -0.39
	  0.720	  0.000	  0.694
	 -0.027	  0.999	  0.027
	 -0.694	 -0.038	  0.719

4 	  33.93	   4.94	  -4.01
	  0.204	  0.939	 -0.277
	 -0.495	  0.342	  0.798
	  0.845	 -0.026	  0.534

5 	  43.66	  10.44	  -1.46
	  0.902	  0.348	 -0.255
	  0.416	 -0.541	  0.731
	  0.116	 -0.765	 -0.633

6 	  49.94	   6.54	 -10.72
	  0.567	 -0.453	 -0.688
	  0.583	  0.810	 -0.058
	  0.589	 -0.367	  0.719

7 	  34.17	  -6.28	  -3.60
	  0.320	 -0.708	 -0.630
	  0.295	  0.705	 -0.645
	  0.901	  0.020	  0.434

8 	  43.19	 -11.37	  -6.87
	  0.708	 -0.173	 -0.685
	 -0.677	 -0.445	 -0.587
	 -0.205	  0.878	 -0.432

9 	  47.62	 -11.16	 -17.84
	  0.484	 -0.004	 -0.875
	 -0.233	  0.964	 -0.128
	  0.847	  0.260	  0.463

2 	  32.66	  -7.37	  22.75
	  0.409	  0.912	 -0.029
	 -0.913	  0.409	 -0.009
	  0.004	  0.030	  0.999

3 	  42.31	  -0.40	  -0.46
	  0.727	 -0.003	  0.686
	 -0.031	  0.999	  0.037
	 -0.685	 -0.048	  0.726

4 	  33.82	   4.90	  -3.94
	  0.193	  0.941	 -0.278
	 -0.489	  0.337	  0.804
	  0.851	 -0.020	  0.524

5 	  43.51	  10.48	  -1.55
	  0.896	  0.353	 -0.267
	  0.429	 -0.537	  0.726
	  0.113	 -0.766	 -0.633

6 	  49.48	   6.45	 -10.92
	  0.533	 -0.474	 -0.701
	  0.591	  0.801	 -0.096
	  0.611	 -0.363	  0.702

7 	  34.12	  -6.22	  -3.62
	  0.314	 -0.708	 -0.632
	  0.295	  0.705	 -0.645
	  0.902	  0.015	  0.430

8 	  43.00	 -11.43	  -7.05
	  0.694	 -0.182	 -0.696
	 -0.692	 -0.434	 -0.577
	 -0.199	  0.882	 -0.427

9 	  47.32	 -11.27	 -18.11
	  0.469	 -0.010	 -0.883
	 -0.227	  0.965	 -0.126
	  0.856	  0.255	  0.449

2 	  32.68	  -7.37	  22.73
	  0.409	  0.912	 -0.029
	 -0.913	  0.408	 -0.009
	  0.004	  0.030	  0.999

3 	  42.31	  -0.35	  -0.49
	  0.730	 -0.007	  0.683
	 -0.035	  0.998	  0.046
	 -0.683	 -0.058	  0.728

4 	  33.73	   4.89	  -3.96
	  0.183	  0.940	 -0.286
	 -0.485	  0.339	  0.806
	  0.855	 -0.009	  0.518

5 	  43.42	  10.53	  -1.79
	  0.888	  0.356	 -0.291
	  0.449	 -0.530	  0.719
	  0.101	 -0.770	 -0.630

6 	  48.99	   6.26	 -11.44
	  0.492	 -0.496	 -0.715
	  0.599	  0.788	 -0.139
	  0.637	 -0.360	  0.681

7 	  34.12	  -6.19	  -3.64
	  0.312	 -0.708	 -0.634
	  0.296	  0.706	 -0.643
	  0.903	  0.013	  0.429

8 	  42.96	 -11.44	  -7.12
	  0.690	 -0.184	 -0.699
	 -0.697	 -0.430	 -0.574
	 -0.197	  0.883	 -0.426

9 	  47.20	 -11.29	 -18.21
	  0.463	 -0.011	 -0.886
	 -0.227	  0.965	 -0.126
	  0.860	  0.254	  0.442

2 	  32.66	  -7.37	  22.75
	  0.409	  0.912	 -0.028
	 -0.913	  0.408	 -0.009
	  0.004	  0.029	  0.999

3 	  42.22	  -0.33	  -0.53
	  0.732	 -0.001	  0.681
	 -0.044	  0.998	  0.048
	 -0.680	 -0.065	  0.730

4 	  33.63	   4.82	  -3.92
	  0.172	  0.941	 -0.291
	 -0.482	  0.337	  0.809
	  0.860	  0.001	  0.510

5 	  43.28	  10.56	  -1.92
	  0.881	  0.362	 -0.304
	  0.462	 -0.520	  0.718
	  0.101	 -0.773	 -0.626

6 	  48.81	   6.28	 -11.55
	  0.483	 -0.499	 -0.720
	  0.597	  0.788	 -0.150
	  0.646	 -0.357	  0.674

7 	  34.10	  -6.24	  -3.64
	  0.310	 -0.708	 -0.635
	  0.287	  0.706	 -0.648
	  0.906	  0.018	  0.421

8 	  42.94	 -11.44	  -7.12
	  0.690	 -0.182	 -0.700
	 -0.697	 -0.431	 -0.573
	 -0.199	  0.883	 -0.424

9 	  47.18	 -11.27	 -18.25
	  0.459	 -0.008	 -0.888
	 -0.232	  0.965	 -0.124
	  0.861	  0.257	  0.439

2 	  32.68	  -7.37	  22.73
	  0.409	  0.912	 -0.028
	 -0.913	  0.408	 -0.009
	  0.004	  0.029	  0.999

3 	  42.22	  -0.32	  -0.51
	  0.732	  0.001	  0.681
	 -0.047	  0.998	  0.048
	 -0.680	 -0.067	  0.730

4 	  33.63	   4.83	  -3.92
	  0.173	  0.941	 -0.290
	 -0.482	  0.337	  0.808
	  0.859	 -0.000	  0.512

5 	  43.29	  10.56	  -1.92
	  0.882	  0.361	 -0.303
	  0.460	 -0.523	  0.717
	  0.100	 -0.772	 -0.627

6 	  48.80	   6.24	 -11.51
	  0.479	 -0.502	 -0.720
	  0.601	  0.785	 -0.152
	  0.645	 -0.359	  0.674

7 	  34.10	  -6.24	  -3.64
	  0.309	 -0.707	 -0.635
	  0.287	  0.706	 -0.647
	  0.906	  0.018	  0.421

8 	  42.94	 -11.44	  -7.12
	  0.690	 -0.183	 -0.700
	 -0.697	 -0.431	 -0.573
	 -0.198	  0.883	 -0.425

9 	  47.16	 -11.27	 -18.23
	  0.459	 -0.007	 -0.889
	 -0.233	  0.964	 -0.123
	  0.861	  0.258	  0.438

2 	  32.68	  -7.37	  22.75
	  0.409	  0.912	 -0.029
	 -0.913	  0.408	 -0.009
	  0.004	  0.030	  0.999

3 	  42.26	  -0.32	  -0.53
	  0.731	 -0.004	  0.682
	 -0.046	  0.997	  0.054
	 -0.681	 -0.072	  0.729

4 	  33.70	   4.87	  -3.94
	  0.176	  0.942	 -0.286
	 -0.486	  0.335	  0.807
	  0.856	 -0.003	  0.516

5 	  43.33	  10.53	  -1.86
	  0.885	  0.358	 -0.297
	  0.454	 -0.526	  0.718
	  0.100	 -0.771	 -0.629

6 	  48.85	   6.19	 -11.44
	  0.477	 -0.507	 -0.718
	  0.608	  0.779	 -0.150
	  0.640	 -0.365	  0.676

7 	  34.17	  -6.22	  -3.67
	  0.312	 -0.700	 -0.642
	  0.279	  0.713	 -0.642
	  0.908	  0.021	  0.418

8 	  43.00	 -11.39	  -7.14
	  0.693	 -0.180	 -0.698
	 -0.693	 -0.432	 -0.577
	 -0.200	  0.883	 -0.425

9 	  47.25	 -11.18	 -18.25
	  0.460	 -0.002	 -0.888
	 -0.237	  0.964	 -0.121
	  0.858	  0.261	  0.441

2 	  32.68	  -7.37	  22.73
	  0.409	  0.912	 -0.028
	 -0.913	  0.409	 -0.009
	  0.004	  0.029	  0.999

3 	  42.24	  -0.32	  -0.51
	  0.729	 -0.004	  0.684
	 -0.051	  0.997	  0.059
	 -0.682	 -0.078	  0.727

4 	  33.61	   4.82	  -3.90
	  0.170	  0.942	 -0.290
	 -0.484	  0.335	  0.808
	  0.858	  0.003	  0.512

5 	  43.28	  10.56	  -1.81
	  0.883	  0.362	 -0.298
	  0.457	 -0.523	  0.719
	  0.104	 -0.771	 -0.628

6 	  48.62	   6.17	 -11.44
	  0.466	 -0.514	 -0.720
	  0.612	  0.774	 -0.160
	  0.644	 -0.366	  0.671

7 	  34.14	  -6.22	  -3.66
	  0.313	 -0.699	 -0.644
	  0.275	  0.715	 -0.643
	  0.909	  0.024	  0.416

8 	  43.00	 -11.37	  -7.15
	  0.693	 -0.177	 -0.698
	 -0.692	 -0.433	 -0.577
	 -0.202	  0.883	 -0.423

9 	  47.21	 -11.06	 -18.28
	  0.457	  0.003	 -0.890
	 -0.243	  0.963	 -0.117
	  0.859	  0.264	  0.438

2 	  32.68	  -7.37	  22.73
	  0.409	  0.912	 -0.028
	 -0.913	  0.409	 -0.009
	  0.004	  0.029	  0.999

3 	  42.21	  -0.30	  -0.49
	  0.731	 -0.003	  0.682
	 -0.053	  0.997	  0.061
	 -0.681	 -0.080	  0.728

4 	  33.61	   4.83	  -3.88
	  0.170	  0.942	 -0.290
	 -0.484	  0.335	  0.808
	  0.858	  0.003	  0.512

5 	  43.24	  10.56	  -1.81
	  0.884	  0.361	 -0.297
	  0.456	 -0.523	  0.720
	  0.104	 -0.772	 -0.627

6 	  48.62	   6.17	 -11.43
	  0.466	 -0.515	 -0.719
	  0.614	  0.773	 -0.160
	  0.642	 -0.367	  0.672

7 	  34.15	  -6.22	  -3.66
	  0.312	 -0.698	 -0.645
	  0.276	  0.715	 -0.642
	  0.909	  0.022	  0.416

8 	  43.03	 -11.36	  -7.15
	  0.696	 -0.176	 -0.696
	 -0.691	 -0.432	 -0.580
	 -0.201	  0.884	 -0.423

9 	  47.32	 -11.02	 -18.25
	  0.463	  0.003	 -0.886
	 -0.244	  0.962	 -0.118
	  0.855	  0.266	  0.444

2 	  32.68	  -7.37	  22.73
	  0.409	  0.912	 -0.028
	 -0.913	  0.409	 -0.009
	  0.004	  0.029	  0.999

3 	  42.24	  -0.28	  -0.49
	  0.729	 -0.005	  0.684
	 -0.055	  0.996	  0.065
	 -0.682	 -0.085	  0.726

4 	  33.66	   4.85	  -3.90
	  0.171	  0.943	 -0.287
	 -0.488	  0.333	  0.807
	  0.856	  0.002	  0.516

5 	  43.26	  10.56	  -1.76
	  0.885	  0.362	 -0.292
	  0.453	 -0.525	  0.720
	  0.107	 -0.770	 -0.629

6 	  48.78	   6.19	 -11.34
	  0.475	 -0.513	 -0.715
	  0.614	  0.774	 -0.153
	  0.636	 -0.366	  0.678

7 	  34.22	  -6.19	  -3.73
	  0.312	 -0.696	 -0.646
	  0.277	  0.717	 -0.640
	  0.909	  0.020	  0.416

8 	  43.08	 -11.29	  -7.21
	  0.698	 -0.173	 -0.694
	 -0.687	 -0.434	 -0.583
	 -0.202	  0.884	 -0.422

9 	  47.41	 -10.97	 -18.26
	  0.465	  0.005	 -0.885
	 -0.244	  0.963	 -0.117
	  0.854	  0.266	  0.447

2 	  32.68	  -7.37	  22.73
	  0.409	  0.912	 -0.028
	 -0.913	  0.409	 -0.009
	  0.004	  0.029	  0.999

3 	  42.24	  -0.26	  -0.49
	  0.728	 -0.005	  0.685
	 -0.055	  0.996	  0.065
	 -0.683	 -0.085	  0.725

4 	  33.64	   4.90	  -3.90
	  0.171	  0.943	 -0.285
	 -0.488	  0.332	  0.807
	  0.856	  0.001	  0.516

5 	  43.26	  10.60	  -1.69
	  0.891	  0.364	 -0.270
	  0.434	 -0.514	  0.740
	  0.131	 -0.777	 -0.616

6 	  48.96	   6.31	 -11.16
	  0.488	 -0.503	 -0.713
	  0.613	  0.778	 -0.133
	  0.626	 -0.373	  0.684

7 	  34.24	  -6.15	  -3.78
	  0.299	 -0.705	 -0.643
	  0.286	  0.709	 -0.645
	  0.910	  0.008	  0.413

8 	  43.33	 -11.34	  -6.84
	  0.724	 -0.186	 -0.664
	 -0.665	 -0.445	 -0.600
	 -0.185	  0.875	 -0.446

9 	  48.16	 -11.14	 -17.46
	  0.495	  0.009	 -0.869
	 -0.272	  0.952	 -0.139
	  0.829	  0.300	  0.472

2 	  32.68	  -7.37	  22.73
	  0.409	  0.912	 -0.028
	 -0.913	  0.409	 -0.009
	  0.004	  0.029	  0.999

3 	  42.42	  -0.25	  -0.44
	  0.721	 -0.008	  0.693
	 -0.047	  0.997	  0.060
	 -0.691	 -0.076	  0.719

4 	  34.12	   5.10	  -3.99
	  0.197	  0.952	 -0.235
	 -0.525	  0.305	  0.794
	  0.828	 -0.033	  0.559

5 	  43.58	  10.56	  -0.46
	  0.916	  0.365	 -0.167
	  0.362	 -0.570	  0.737
	  0.174	 -0.736	 -0.654

6 	  50.78	   7.10	  -8.74
	  0.626	 -0.434	 -0.648
	  0.590	  0.807	  0.026
	  0.517	 -0.398	  0.757

7 	  34.79	  -6.43	  -3.76
	  0.319	 -0.772	 -0.550
	  0.358	  0.635	 -0.684
	  0.877	  0.021	  0.479

8 	  44.40	 -11.92	  -4.48
	  0.820	 -0.236	 -0.521
	 -0.560	 -0.524	 -0.642
	 -0.122	  0.818	 -0.562

9 	  50.96	 -12.57	 -13.75
	  0.644	 -0.048	 -0.764
	 -0.269	  0.921	 -0.281
	  0.719	  0.382	  0.580

2 	  32.68	  -7.37	  22.75
	  0.409	  0.912	 -0.029
	 -0.913	  0.409	 -0.009
	  0.004	  0.030	  0.999

3 	  42.84	  -0.33	  -0.07
	  0.687	 -0.016	  0.726
	 -0.038	  0.998	  0.057
	 -0.726	 -0.067	  0.684

4 	  35.23	   5.45	  -4.08
	  0.260	  0.960	 -0.101
	 -0.610	  0.244	  0.754
	  0.749	 -0.134	  0.648

5 	  43.80	  10.46	   2.21
	  0.921	  0.377	  0.094
	  0.187	 -0.644	  0.742
	  0.340	 -0.666	 -0.664

6 	  53.05	   8.05	  -3.57
	  0.814	 -0.345	 -0.468
	  0.516	  0.800	  0.305
	  0.272	 -0.489	  0.829

7 	  35.77	  -7.00	  -3.57
	  0.378	 -0.840	 -0.390
	  0.482	  0.537	 -0.692
	  0.790	  0.073	  0.608

8 	  45.42	 -12.38	  -1.18
	  0.911	 -0.287	 -0.295
	 -0.411	 -0.620	 -0.668
	  0.009	  0.730	 -0.683

9 	  53.79	 -14.13	  -7.96
	  0.820	 -0.138	 -0.555
	 -0.188	  0.852	 -0.488
	  0.542	  0.501	  0.675

2 	  32.68	  -7.35	  22.73
	  0.409	  0.912	 -0.029
	 -0.913	  0.409	 -0.010
	  0.004	  0.030	  0.999

3 	  43.44	  -0.54	   0.39
	  0.645	 -0.031	  0.763
	 -0.026	  0.997	  0.062
	 -0.764	 -0.060	  0.642

4 	  36.69	   5.78	  -4.01
	  0.266	  0.963	  0.030
	 -0.704	  0.172	  0.689
	  0.659	 -0.204	  0.724

5 	  43.38	  10.11	   5.15
	  0.847	  0.379	  0.372
	  0.016	 -0.718	  0.695
	  0.531	 -0.583	 -0.615

6 	  53.89	   9.00	   2.67
	  0.951	 -0.232	 -0.203
	  0.307	  0.775	  0.552
	  0.030	 -0.588	  0.808

7 	  36.97	  -7.45	  -3.50
	  0.402	 -0.895	 -0.193
	  0.639	  0.424	 -0.642
	  0.657	  0.134	  0.742

8 	  45.70	 -12.59	   2.43
	  0.943	 -0.332	 -0.001
	 -0.247	 -0.699	 -0.671
	  0.222	  0.633	 -0.742

9 	  55.30	 -15.08	  -0.54
	  0.950	 -0.212	 -0.227
	  0.010	  0.751	 -0.660
	  0.311	  0.624	  0.717

2 	  32.66	  -7.37	  22.75
	  0.409	  0.912	 -0.029
	 -0.913	  0.409	 -0.010
	  0.003	  0.030	  0.999

3 	  44.16	  -0.69	   0.86
	  0.598	 -0.058	  0.799
	 -0.007	  0.997	  0.078
	 -0.801	 -0.053	  0.596

4 	  38.04	   6.12	  -3.53
	  0.224	  0.960	  0.169
	 -0.816	  0.089	  0.571
	  0.533	 -0.265	  0.803

5 	  41.85	   9.65	   7.77
	  0.679	  0.379	  0.629
	 -0.115	 -0.792	  0.600
	  0.725	 -0.478	 -0.495

6 	  52.59	  10.00	   9.21
	  0.986	 -0.106	  0.124
	 -0.016	  0.693	  0.720
	 -0.163	 -0.714	  0.681

7 	  38.11	  -7.93	  -3.29
	  0.399	 -0.917	  0.016
	  0.764	  0.323	 -0.558
	  0.507	  0.234	  0.829

8 	  45.07	 -12.13	   5.87
	  0.902	 -0.321	  0.289
	 -0.080	 -0.783	 -0.617
	  0.424	  0.533	 -0.732

9 	  54.65	 -15.06	   6.75
	  0.960	 -0.244	  0.134
	  0.260	  0.617	 -0.742
	  0.097	  0.748	  0.656

2 	  32.66	  -7.35	  22.75
	  0.409	  0.912	 -0.029
	 -0.913	  0.409	 -0.010
	  0.003	  0.030	  0.999

3 	  44.49	  -0.60	   1.21
	  0.539	 -0.064	  0.839
	  0.007	  0.997	  0.072
	 -0.842	 -0.033	  0.538

4 	  38.65	   6.36	  -3.20
	  0.179	  0.953	  0.245
	 -0.869	  0.036	  0.494
	  0.462	 -0.301	  0.834

5 	  39.88	   9.14	   8.91
	  0.487	  0.336	  0.806
	 -0.235	 -0.839	  0.490
	  0.842	 -0.426	 -0.329

6 	  49.68	  10.07	  14.29
	  0.887	 -0.052	  0.459
	 -0.353	  0.565	  0.746
	 -0.299	 -0.823	  0.482

7 	  38.69	  -7.98	  -2.99
	  0.350	 -0.915	  0.203
	  0.846	  0.215	 -0.488
	  0.403	  0.341	  0.849

8 	  43.38	 -11.44	   8.12
	  0.796	 -0.283	  0.535
	  0.070	 -0.835	 -0.546
	  0.601	  0.471	 -0.645

9 	  52.24	 -14.12	  12.55
	  0.875	 -0.194	  0.443
	  0.476	  0.507	 -0.718
	 -0.087	  0.839	  0.537

2 	  32.66	  -7.35	  22.75
	  0.409	  0.912	 -0.029
	 -0.913	  0.409	 -0.010
	  0.003	  0.030	  0.999

3 	  44.56	  -0.53	   1.37
	  0.533	 -0.069	  0.843
	  0.009	  0.997	  0.076
	 -0.846	 -0.033	  0.532

4 	  38.78	   6.57	  -2.99
	  0.145	  0.949	  0.278
	 -0.888	  0.001	  0.460
	  0.436	 -0.314	  0.843

5 	  38.41	   8.72	   9.23
	  0.338	  0.239	  0.910
	 -0.357	 -0.863	  0.357
	  0.872	 -0.445	 -0.206

6 	  46.85	   9.60	  17.37
	  0.756	 -0.035	  0.653
	 -0.652	  0.053	  0.756
	 -0.064	 -0.998	  0.018

7 	  38.85	  -8.12	  -2.78
	  0.273	 -0.904	  0.329
	  0.901	  0.120	 -0.418
	  0.338	  0.410	  0.847

8 	  41.33	 -10.92	   9.35
	  0.651	 -0.213	  0.728
	  0.230	 -0.859	 -0.456
	  0.724	  0.464	 -0.511

9 	  49.04	 -12.83	  16.52
	  0.752	 -0.091	  0.652
	  0.638	  0.354	 -0.683
	 -0.173	  0.929	  0.326

2 	  32.66	  -7.37	  22.75
	  0.409	  0.912	 -0.029
	 -0.913	  0.409	 -0.009
	  0.004	  0.030	  0.999

3 	  44.56	  -0.53	   1.42
	  0.545	 -0.065	  0.836
	  0.021	  0.998	  0.063
	 -0.838	 -0.017	  0.545

4 	  38.79	   6.57	  -2.95
	  0.138	  0.954	  0.266
	 -0.887	 -0.000	  0.462
	  0.441	 -0.300	  0.846

5 	  38.14	   8.72	   9.23
	  0.297	  0.259	  0.919
	 -0.334	 -0.874	  0.353
	  0.895	 -0.411	 -0.172

6 	  46.37	  10.28	  17.63
	  0.738	  0.005	  0.674
	 -0.673	  0.088	  0.734
	 -0.058	 -0.996	  0.069

7 	  38.90	  -8.23	  -2.60
	  0.203	 -0.908	  0.367
	  0.926	  0.055	 -0.374
	  0.320	  0.415	  0.851

8 	  40.31	 -10.60	   9.76
	  0.568	 -0.197	  0.799
	  0.227	 -0.897	 -0.380
	  0.792	  0.396	 -0.465

9 	  47.69	 -12.53	  17.61
	  0.725	 -0.093	  0.682
	  0.686	 -0.005	 -0.727
	  0.069	  0.996	  0.061

2 	  32.68	  -7.37	  22.73
	  0.410	  0.912	 -0.029
	 -0.912	  0.409	 -0.009
	  0.004	  0.030	  0.999

3 	  44.61	  -0.60	   1.35
	  0.553	 -0.062	  0.831
	  0.027	  0.998	  0.056
	 -0.833	 -0.009	  0.553

4 	  38.94	   6.56	  -2.97
	  0.139	  0.956	  0.258
	 -0.891	  0.006	  0.455
	  0.433	 -0.293	  0.852

5 	  38.27	   8.65	   9.21
	  0.285	  0.261	  0.922
	 -0.321	 -0.881	  0.347
	  0.904	 -0.394	 -0.167

6 	  46.32	  10.58	  17.68
	  0.743	  0.029	  0.668
	 -0.669	  0.079	  0.739
	 -0.034	 -0.996	  0.079

7 	  38.88	  -8.28	  -2.62
	  0.184	 -0.918	  0.351
	  0.925	  0.041	 -0.377
	  0.332	  0.394	  0.857

8 	  40.25	 -10.76	   9.72
	  0.555	 -0.192	  0.809
	  0.265	 -0.882	 -0.389
	  0.789	  0.429	 -0.439

9 	  47.51	 -12.50	  17.74
	  0.715	 -0.076	  0.694
	  0.690	 -0.082	 -0.719
	  0.110	  0.994	 -0.006

2 	  32.66	  -7.37	  22.75
	  0.409	  0.912	 -0.029
	 -0.913	  0.409	 -0.010
	  0.003	  0.030	  0.999

3 	  44.81	  -0.67	   1.34
	  0.552	 -0.068	  0.831
	  0.032	  0.998	  0.060
	 -0.833	 -0.007	  0.553

4 	  39.20	   6.59	  -2.92
	  0.145	  0.954	  0.263
	 -0.893	  0.011	  0.450
	  0.427	 -0.299	  0.853

5 	  38.55	   8.68	   9.28
	  0.294	  0.269	  0.917
	 -0.310	 -0.881	  0.357
	  0.905	 -0.388	 -0.175

6 	  47.27	  10.56	  16.98
	  0.782	 -0.004	  0.623
	 -0.580	  0.363	  0.729
	 -0.232	 -0.931	  0.283

7 	  38.97	  -8.26	  -2.65
	  0.180	 -0.920	  0.348
	  0.926	  0.039	 -0.375
	  0.332	  0.390	  0.859

8 	  40.32	 -10.85	   9.67
	  0.548	 -0.184	  0.816
	  0.300	 -0.868	 -0.395
	  0.782	  0.459	 -0.421

9 	  47.48	 -12.43	  17.89
	  0.705	 -0.069	  0.705
	  0.701	 -0.078	 -0.708
	  0.102	  0.995	 -0.007

2 	  32.68	  -7.37	  22.73
	  0.409	  0.912	 -0.029
	 -0.913	  0.409	 -0.009
	  0.004	  0.030	  0.999

3 	  44.86	  -0.69	   1.39
	  0.549	 -0.072	  0.832
	  0.035	  0.997	  0.063
	 -0.835	 -0.006	  0.550

4 	  39.27	   6.59	  -2.90
	  0.150	  0.953	  0.264
	 -0.894	  0.016	  0.448
	  0.423	 -0.303	  0.854

5 	  38.67	   8.72	   9.37
	  0.302	  0.247	  0.921
	 -0.351	 -0.870	  0.347
	  0.887	 -0.427	 -0.176

6 	  46.92	  10.63	  17.60
	  0.759	  0.028	  0.650
	 -0.650	  0.114	  0.752
	 -0.055	 -0.993	  0.105

7 	  38.94	  -8.26	  -2.58
	  0.168	 -0.919	  0.357
	  0.931	  0.029	 -0.363
	  0.323	  0.393	  0.860

8 	  40.27	 -10.79	   9.77
	  0.548	 -0.180	  0.817
	  0.296	 -0.872	 -0.390
	  0.784	  0.454	 -0.424

9 	  47.37	 -12.38	  18.05
	  0.702	 -0.073	  0.708
	  0.701	 -0.105	 -0.705
	  0.124	  0.992	 -0.023

