2 	  32.70	  -7.37	  22.73
	  0.516	  0.856	 -0.027
	 -0.857	  0.515	 -0.012
	  0.004	  0.029	  0.999

3 	  44.07	  -1.16	   1.02
	  0.541	 -0.122	  0.832
	 -0.013	  0.988	  0.153
	 -0.841	 -0.094	  0.533

4 	  37.49	   5.01	  -4.01
	  0.354	  0.935	  0.022
	 -0.711	  0.252	  0.656
	  0.609	 -0.248	  0.754

5 	  44.31	   8.46	   5.64
	  0.803	  0.016	  0.596
	 -0.563	 -0.309	  0.766
	  0.197	 -0.951	 -0.239

6 	  47.18	  -1.79	   2.94
	 -0.005	 -0.933	 -0.360
	  0.917	 -0.148	  0.371
	 -0.400	 -0.328	  0.856

7 	  38.20	  -8.14	  -3.88
	  0.569	 -0.816	 -0.102
	  0.650	  0.521	 -0.552
	  0.504	  0.247	  0.827

8 	  47.43	 -10.60	   3.46
	  0.954	  0.155	  0.257
	  0.298	 -0.366	 -0.881
	 -0.043	  0.918	 -0.394

9 	  48.62	   0.07	   1.56
	 -0.247	  0.957	 -0.155
	 -0.754	 -0.288	 -0.591
	 -0.610	 -0.028	  0.791

2 	  32.70	  -7.37	  22.75
	  0.516	  0.856	 -0.027
	 -0.857	  0.515	 -0.012
	  0.004	  0.029	  0.999

3 	  44.09	  -1.21	   1.04
	  0.537	 -0.117	  0.835
	 -0.016	  0.989	  0.148
	 -0.843	 -0.093	  0.529

4 	  37.51	   4.94	  -4.04
	  0.349	  0.937	  0.019
	 -0.714	  0.253	  0.653
	  0.608	 -0.241	  0.756

5 	  44.26	   8.42	   5.66
	  0.800	  0.020	  0.599
	 -0.564	 -0.315	  0.763
	  0.204	 -0.949	 -0.241

6 	  47.18	  -1.79	   2.97
	  0.000	 -0.933	 -0.359
	  0.917	 -0.143	  0.373
	 -0.400	 -0.330	  0.855

7 	  38.23	  -8.14	  -3.87
	  0.571	 -0.815	 -0.102
	  0.650	  0.523	 -0.551
	  0.503	  0.248	  0.828

8 	  47.44	 -10.60	   3.48
	  0.953	  0.157	  0.256
	  0.298	 -0.369	 -0.880
	 -0.045	  0.916	 -0.397

9 	  48.60	   0.09	   1.56
	 -0.255	  0.955	 -0.152
	 -0.753	 -0.292	 -0.590
	 -0.609	 -0.034	  0.792

2 	  32.68	  -7.37	  22.73
	  0.516	  0.856	 -0.027
	 -0.857	  0.515	 -0.012
	  0.004	  0.029	  0.999

3 	  44.07	  -1.20	   1.05
	  0.536	 -0.119	  0.836
	 -0.020	  0.988	  0.152
	 -0.844	 -0.098	  0.526

4 	  37.48	   4.96	  -4.04
	  0.345	  0.938	  0.018
	 -0.713	  0.249	  0.655
	  0.611	 -0.238	  0.755

5 	  44.23	   8.44	   5.71
	  0.799	  0.020	  0.601
	 -0.564	 -0.321	  0.760
	  0.208	 -0.947	 -0.245

6 	  47.18	  -1.78	   2.95
	  0.005	 -0.931	 -0.364
	  0.918	 -0.140	  0.371
	 -0.397	 -0.336	  0.854

7 	  38.23	  -8.10	  -3.92
	  0.572	 -0.813	 -0.111
	  0.646	  0.529	 -0.550
	  0.507	  0.243	  0.827

8 	  47.50	 -10.55	   3.34
	  0.953	  0.160	  0.255
	  0.298	 -0.357	 -0.885
	 -0.052	  0.921	 -0.387

9 	  48.59	   0.14	   1.55
	 -0.259	  0.955	 -0.145
	 -0.753	 -0.292	 -0.590
	 -0.607	 -0.041	  0.793

2 	  32.70	  -7.37	  22.71
	  0.516	  0.856	 -0.027
	 -0.857	  0.515	 -0.012
	  0.004	  0.030	  0.999

3 	  44.09	  -1.16	   1.02
	  0.538	 -0.121	  0.834
	 -0.022	  0.987	  0.157
	 -0.843	 -0.103	  0.528

4 	  37.48	   4.97	  -4.04
	  0.343	  0.939	  0.017
	 -0.713	  0.248	  0.656
	  0.613	 -0.237	  0.754

5 	  44.23	   8.44	   5.70
	  0.800	  0.018	  0.600
	 -0.563	 -0.323	  0.760
	  0.208	 -0.946	 -0.248

6 	  47.20	  -1.74	   2.92
	  0.008	 -0.931	 -0.366
	  0.918	 -0.138	  0.371
	 -0.396	 -0.339	  0.853

7 	  38.29	  -8.07	  -3.96
	  0.573	 -0.812	 -0.114
	  0.644	  0.531	 -0.550
	  0.508	  0.241	  0.827

8 	  47.51	 -10.53	   3.32
	  0.953	  0.161	  0.256
	  0.298	 -0.356	 -0.886
	 -0.053	  0.921	 -0.386

9 	  48.66	   0.19	   1.51
	 -0.257	  0.956	 -0.144
	 -0.747	 -0.289	 -0.598
	 -0.614	 -0.044	  0.788

2 	  32.70	  -7.37	  22.75
	  0.516	  0.856	 -0.027
	 -0.857	  0.515	 -0.013
	  0.003	  0.030	  0.999

3 	  44.12	  -1.12	   0.97
	  0.542	 -0.120	  0.831
	 -0.025	  0.987	  0.159
	 -0.840	 -0.107	  0.532

4 	  37.48	   4.99	  -4.06
	  0.339	  0.940	  0.016
	 -0.712	  0.244	  0.658
	  0.616	 -0.235	  0.752

5 	  44.23	   8.44	   5.66
	  0.802	  0.015	  0.596
	 -0.560	 -0.326	  0.761
	  0.206	 -0.945	 -0.253

6 	  47.32	  -1.67	   2.79
	  0.001	 -0.931	 -0.365
	  0.919	 -0.143	  0.368
	 -0.395	 -0.335	  0.855

7 	  38.34	  -8.07	  -3.99
	  0.572	 -0.813	 -0.106
	  0.646	  0.526	 -0.552
	  0.506	  0.248	  0.826

8 	  47.37	 -10.53	   3.69
	  0.953	  0.143	  0.264
	  0.300	 -0.410	 -0.861
	 -0.016	  0.901	 -0.433

9 	  49.36	  -0.11	   1.14
	 -0.151	  0.961	 -0.230
	 -0.751	 -0.261	 -0.606
	 -0.643	  0.082	  0.761

2 	  32.68	  -7.37	  22.73
	  0.516	  0.856	 -0.027
	 -0.857	  0.515	 -0.013
	  0.004	  0.030	  0.999

3 	  44.14	  -1.05	   0.91
	  0.555	 -0.117	  0.823
	 -0.036	  0.986	  0.164
	 -0.831	 -0.120	  0.543

4 	  37.42	   5.06	  -4.01
	  0.324	  0.945	  0.030
	 -0.722	  0.226	  0.653
	  0.612	 -0.233	  0.756

5 	  43.61	   8.35	   6.06
	  0.786	  0.005	  0.617
	 -0.559	 -0.418	  0.716
	  0.262	 -0.908	 -0.326

6 	  47.71	  -0.81	   2.23
	  0.053	 -0.878	 -0.475
	  0.915	 -0.147	  0.374
	 -0.399	 -0.454	  0.796

7 	  38.37	  -8.19	  -3.81
	  0.542	 -0.839	 -0.039
	  0.692	  0.471	 -0.547
	  0.478	  0.270	  0.836

8 	  46.39	 -10.42	   5.31
	  0.949	  0.071	  0.306
	  0.283	 -0.622	 -0.730
	  0.138	  0.780	 -0.610

9 	  50.92	  -1.90	   0.58
	  0.166	  0.848	 -0.502
	 -0.736	 -0.235	 -0.635
	 -0.658	  0.472	  0.586

2 	  32.70	  -7.37	  22.73
	  0.516	  0.856	 -0.027
	 -0.857	  0.515	 -0.013
	  0.004	  0.030	  0.999

3 	  44.19	  -0.97	   0.95
	  0.575	 -0.107	  0.811
	 -0.021	  0.989	  0.145
	 -0.818	 -0.100	  0.566

4 	  37.41	   5.17	  -3.83
	  0.286	  0.955	  0.076
	 -0.747	  0.172	  0.641
	  0.600	 -0.240	  0.763

5 	  42.77	   8.09	   6.82
	  0.777	  0.030	  0.629
	 -0.495	 -0.589	  0.639
	  0.390	 -0.807	 -0.443

6 	  47.88	   1.25	   1.11
	  0.181	 -0.697	 -0.694
	  0.965	 -0.010	  0.262
	 -0.190	 -0.717	  0.671

7 	  38.48	  -8.35	  -3.59
	  0.508	 -0.860	  0.043
	  0.746	  0.413	 -0.522
	  0.432	  0.297	  0.851

8 	  45.28	  -9.90	   6.86
	  0.913	  0.067	  0.402
	  0.302	 -0.776	 -0.554
	  0.275	  0.627	 -0.729

9 	  51.01	  -3.64	   0.79
	  0.327	  0.631	 -0.703
	 -0.766	 -0.263	 -0.587
	 -0.560	  0.727	  0.399

2 	  32.70	  -7.38	  22.73
	  0.516	  0.856	 -0.026
	 -0.857	  0.515	 -0.012
	  0.004	  0.029	  0.999

3 	  44.17	  -0.90	   0.98
	  0.586	 -0.102	  0.804
	 -0.019	  0.990	  0.139
	 -0.810	 -0.097	  0.578

4 	  37.21	   5.26	  -3.64
	  0.218	  0.968	  0.120
	 -0.787	  0.101	  0.609
	  0.578	 -0.227	  0.784

5 	  41.54	   7.98	   7.61
	  0.764	  0.122	  0.633
	 -0.331	 -0.769	  0.546
	  0.556	 -0.626	 -0.547

6 	  47.55	   4.22	   0.60
	  0.292	 -0.461	 -0.838
	  0.955	  0.104	  0.276
	 -0.041	 -0.881	  0.471

7 	  38.36	  -8.42	  -3.39
	  0.472	 -0.876	  0.102
	  0.777	  0.358	 -0.517
	  0.417	  0.323	  0.849

8 	  44.54	  -9.79	   7.54
	  0.902	  0.008	  0.432
	  0.223	 -0.866	 -0.447
	  0.371	  0.499	 -0.783

9 	  50.94	  -5.87	   0.42
	  0.405	  0.416	 -0.814
	 -0.823	 -0.228	 -0.521
	 -0.407	  0.878	  0.252

2 	  32.70	  -7.37	  22.75
	  0.516	  0.856	 -0.027
	 -0.857	  0.515	 -0.012
	  0.004	  0.029	  0.999

3 	  44.07	  -0.81	   1.04
	  0.593	 -0.104	  0.798
	 -0.016	  0.990	  0.140
	 -0.805	 -0.096	  0.585

4 	  36.97	   5.38	  -3.41
	  0.140	  0.975	  0.173
	 -0.817	  0.015	  0.577
	  0.560	 -0.222	  0.798

5 	  40.31	   8.17	   8.07
	  0.722	  0.271	  0.636
	 -0.125	 -0.854	  0.504
	  0.681	 -0.442	 -0.583

6 	  46.88	   7.05	   0.76
	  0.377	 -0.263	 -0.888
	  0.922	  0.191	  0.335
	  0.081	 -0.946	  0.314

7 	  38.14	  -8.33	  -3.25
	  0.424	 -0.896	  0.131
	  0.803	  0.304	 -0.512
	  0.419	  0.322	  0.848

8 	  43.93	 -10.05	   7.86
	  0.893	 -0.137	  0.429
	  0.040	 -0.925	 -0.378
	  0.449	  0.354	 -0.820

9 	  50.85	  -8.93	   0.39
	  0.476	  0.176	 -0.861
	 -0.862	 -0.104	 -0.497
	 -0.182	  0.978	  0.104

2 	  32.68	  -7.37	  22.73
	  0.516	  0.856	 -0.027
	 -0.857	  0.515	 -0.013
	  0.004	  0.030	  0.999

3 	  44.03	  -0.65	   1.02
	  0.597	 -0.095	  0.796
	 -0.023	  0.990	  0.135
	 -0.802	 -0.099	  0.589

4 	  36.76	   5.52	  -3.27
	  0.051	  0.976	  0.213
	 -0.841	 -0.074	  0.536
	  0.539	 -0.206	  0.817

5 	  39.11	   8.44	   8.44
	  0.630	  0.419	  0.653
	  0.091	 -0.876	  0.473
	  0.771	 -0.238	 -0.590

6 	  45.98	   9.56	   1.21
	  0.443	 -0.091	 -0.891
	  0.875	  0.259	  0.409
	  0.194	 -0.962	  0.194

7 	  37.93	  -8.16	  -3.09
	  0.365	 -0.919	  0.149
	  0.828	  0.247	 -0.503
	  0.426	  0.306	  0.851

8 	  43.31	 -10.49	   8.09
	  0.851	 -0.301	  0.429
	 -0.157	 -0.928	 -0.338
	  0.500	  0.220	 -0.838

9 	  50.17	 -11.92	   0.63
	  0.498	 -0.059	 -0.865
	 -0.864	  0.055	 -0.501
	  0.075	  0.997	 -0.022

2 	  32.68	  -7.37	  22.73
	  0.516	  0.856	 -0.027
	 -0.857	  0.515	 -0.013
	  0.004	  0.030	  0.999

3 	  43.96	  -0.39	   0.97
	  0.609	 -0.083	  0.789
	 -0.042	  0.990	  0.136
	 -0.792	 -0.116	  0.599

4 	  36.54	   5.71	  -3.16
	  0.006	  0.972	  0.234
	 -0.841	 -0.121	  0.526
	  0.540	 -0.200	  0.817

5 	  38.64	   8.35	   8.61
	  0.582	  0.475	  0.660
	  0.221	 -0.873	  0.434
	  0.782	 -0.107	 -0.613

6 	  44.89	  10.86	   1.21
	  0.396	  0.028	 -0.918
	  0.846	  0.378	  0.376
	  0.358	 -0.925	  0.125

7 	  37.72	  -7.98	  -2.95
	  0.320	 -0.931	  0.173
	  0.846	  0.198	 -0.495
	  0.427	  0.304	  0.851

8 	  42.87	 -10.35	   8.28
	  0.816	 -0.371	  0.443
	 -0.265	 -0.921	 -0.284
	  0.514	  0.114	 -0.850

9 	  48.99	 -13.46	   0.69
	  0.419	 -0.215	 -0.882
	 -0.868	  0.189	 -0.458
	  0.266	  0.958	 -0.107

2 	  32.68	  -7.37	  22.75
	  0.516	  0.856	 -0.026
	 -0.857	  0.515	 -0.013
	  0.003	  0.029	  0.999

3 	  43.86	  -0.25	   0.83
	  0.631	 -0.070	  0.772
	 -0.040	  0.991	  0.122
	 -0.774	 -0.108	  0.623

4 	  36.33	   5.85	  -3.06
	 -0.012	  0.972	  0.235
	 -0.833	 -0.140	  0.535
	  0.553	 -0.190	  0.811

5 	  38.50	   8.26	   8.72
	  0.573	  0.495	  0.653
	  0.304	 -0.868	  0.392
	  0.762	 -0.027	 -0.647

6 	  43.44	  11.14	   0.86
	  0.233	  0.068	 -0.970
	  0.864	  0.443	  0.239
	  0.446	 -0.894	  0.044

7 	  37.30	  -7.93	  -2.74
	  0.267	 -0.942	  0.204
	  0.860	  0.137	 -0.491
	  0.435	  0.306	  0.846

8 	  42.70	  -9.60	   8.58
	  0.824	 -0.332	  0.459
	 -0.276	 -0.943	 -0.188
	  0.495	  0.028	 -0.868

9 	  47.25	 -13.54	   0.76
	  0.212	 -0.326	 -0.921
	 -0.908	  0.283	 -0.309
	  0.362	  0.902	 -0.236

2 	  32.68	  -7.37	  22.75
	  0.516	  0.856	 -0.026
	 -0.857	  0.515	 -0.013
	  0.003	  0.029	  0.999

3 	  43.72	  -0.32	   0.60
	  0.658	 -0.057	  0.750
	 -0.023	  0.995	  0.095
	 -0.753	 -0.080	  0.653

4 	  36.14	   5.84	  -3.04
	 -0.003	  0.974	  0.224
	 -0.821	 -0.131	  0.555
	  0.570	 -0.182	  0.801

5 	  38.37	   7.66	   8.75
	  0.614	  0.428	  0.663
	  0.285	 -0.903	  0.320
	  0.736	 -0.008	 -0.676

6 	  42.03	  10.44	   0.60
	  0.080	  0.059	 -0.995
	  0.839	  0.535	  0.099
	  0.538	 -0.843	 -0.007

7 	  37.11	  -8.10	  -2.55
	  0.240	 -0.941	  0.240
	  0.866	  0.096	 -0.490
	  0.438	  0.325	  0.838

8 	  42.52	  -9.00	   8.82
	  0.844	 -0.258	  0.470
	 -0.216	 -0.966	 -0.143
	  0.491	  0.019	 -0.871

9 	  45.98	 -13.03	   0.70
	  0.067	 -0.329	 -0.942
	 -0.909	  0.369	 -0.194
	  0.411	  0.869	 -0.275

2 	  32.68	  -7.37	  22.75
	  0.516	  0.856	 -0.027
	 -0.857	  0.515	 -0.013
	  0.003	  0.030	  0.999

3 	  43.58	  -0.37	   0.44
	  0.676	 -0.039	  0.736
	 -0.029	  0.996	  0.079
	 -0.737	 -0.075	  0.672

4 	  35.81	   5.66	  -3.09
	 -0.020	  0.977	  0.211
	 -0.809	 -0.139	  0.570
	  0.587	 -0.160	  0.794

5 	  38.21	   7.51	   8.65
	  0.614	  0.435	  0.658
	  0.311	 -0.900	  0.305
	  0.726	  0.016	 -0.688

6 	  41.61	  10.42	   0.39
	  0.038	  0.053	 -0.998
	  0.803	  0.592	  0.062
	  0.594	 -0.804	 -0.020

7 	  36.77	  -8.21	  -2.51
	  0.228	 -0.941	  0.249
	  0.863	  0.076	 -0.500
	  0.451	  0.329	  0.829

8 	  42.19	  -9.04	   8.82
	  0.836	 -0.291	  0.464
	 -0.270	 -0.956	 -0.113
	  0.477	 -0.030	 -0.878

9 	  45.39	 -13.32	   0.63
	  0.030	 -0.331	 -0.943
	 -0.901	  0.400	 -0.169
	  0.433	  0.854	 -0.287

2 	  32.68	  -7.37	  22.73
	  0.516	  0.856	 -0.027
	 -0.857	  0.515	 -0.013
	  0.004	  0.030	  0.999

3 	  43.42	  -0.44	   0.33
	  0.690	 -0.031	  0.723
	 -0.038	  0.996	  0.079
	 -0.723	 -0.082	  0.686

4 	  35.56	   5.55	  -3.06
	 -0.026	  0.976	  0.214
	 -0.802	 -0.148	  0.578
	  0.596	 -0.156	  0.787

5 	  38.00	   7.45	   8.68
	  0.605	  0.449	  0.658
	  0.333	 -0.893	  0.303
	  0.724	  0.035	 -0.689

6 	  41.34	  10.55	   0.42
	  0.046	  0.074	 -0.996
	  0.761	  0.643	  0.083
	  0.647	 -0.762	 -0.027

7 	  36.54	  -8.19	  -2.50
	  0.217	 -0.944	  0.247
	  0.861	  0.065	 -0.505
	  0.460	  0.322	  0.827

8 	  41.94	  -9.21	   8.82
	  0.821	 -0.329	  0.466
	 -0.319	 -0.942	 -0.105
	  0.474	 -0.062	 -0.878

9 	  45.18	 -13.80	   0.69
	  0.043	 -0.350	 -0.936
	 -0.891	  0.411	 -0.194
	  0.453	  0.841	 -0.295

2 	  32.68	  -7.37	  22.73
	  0.516	  0.856	 -0.027
	 -0.857	  0.515	 -0.013
	  0.004	  0.030	  0.999

3 	  43.35	  -0.42	   0.28
	  0.698	 -0.026	  0.715
	 -0.047	  0.995	  0.081
	 -0.714	 -0.090	  0.694

4 	  35.49	   5.59	  -3.01
	 -0.034	  0.975	  0.216
	 -0.799	 -0.157	  0.580
	  0.600	 -0.153	  0.785

5 	  37.95	   7.42	   8.70
	  0.603	  0.447	  0.660
	  0.339	 -0.893	  0.296
	  0.722	  0.045	 -0.690

6 	  41.38	  10.62	   0.49
	  0.054	  0.094	 -0.994
	  0.761	  0.640	  0.102
	  0.646	 -0.762	 -0.037

7 	  36.54	  -8.14	  -2.55
	  0.213	 -0.946	  0.243
	  0.861	  0.064	 -0.504
	  0.462	  0.316	  0.829

8 	  41.87	  -9.23	   8.82
	  0.815	 -0.334	  0.473
	 -0.321	 -0.941	 -0.112
	  0.482	 -0.059	 -0.874

9 	  45.32	 -13.89	   0.76
	  0.068	 -0.353	 -0.933
	 -0.883	  0.413	 -0.221
	  0.464	  0.839	 -0.284

2 	  32.68	  -7.37	  22.73
	  0.516	  0.856	 -0.027
	 -0.857	  0.515	 -0.013
	  0.004	  0.030	  0.999

3 	  43.44	  -0.39	   0.28
	  0.695	 -0.030	  0.718
	 -0.048	  0.995	  0.088
	 -0.717	 -0.095	  0.690

4 	  35.61	   5.66	  -3.01
	 -0.038	  0.974	  0.222
	 -0.805	 -0.162	  0.571
	  0.592	 -0.158	  0.790

5 	  37.99	   7.42	   8.75
	  0.599	  0.435	  0.672
	  0.324	 -0.899	  0.293
	  0.732	  0.042	 -0.680

6 	  41.61	  10.69	   0.58
	  0.076	  0.109	 -0.991
	  0.753	  0.645	  0.129
	  0.654	 -0.756	 -0.034

7 	  36.58	  -8.07	  -2.65
	  0.205	 -0.950	  0.237
	  0.863	  0.062	 -0.500
	  0.461	  0.307	  0.833

8 	  41.78	  -9.32	   8.77
	  0.806	 -0.348	  0.479
	 -0.334	 -0.935	 -0.119
	  0.490	 -0.064	 -0.870

9 	  45.25	 -13.94	   0.74
	  0.075	 -0.349	 -0.934
	 -0.875	  0.426	 -0.229
	  0.478	  0.834	 -0.274

2 	  32.68	  -7.37	  22.73
	  0.516	  0.856	 -0.027
	 -0.857	  0.515	 -0.013
	  0.004	  0.030	  0.999

3 	  43.47	  -0.37	   0.30
	  0.693	 -0.033	  0.720
	 -0.050	  0.994	  0.093
	 -0.720	 -0.100	  0.687

4 	  35.67	   5.71	  -2.99
	 -0.036	  0.973	  0.227
	 -0.809	 -0.162	  0.565
	  0.587	 -0.163	  0.793

5 	  37.99	   7.42	   8.79
	  0.598	  0.431	  0.676
	  0.319	 -0.901	  0.293
	  0.736	  0.040	 -0.676

6 	  41.70	  10.71	   0.65
	  0.084	  0.112	 -0.990
	  0.754	  0.642	  0.137
	  0.651	 -0.758	 -0.031

7 	  36.58	  -8.02	  -2.69
	  0.200	 -0.952	  0.231
	  0.865	  0.061	 -0.497
	  0.459	  0.299	  0.836

8 	  41.75	  -9.33	   8.74
	  0.805	 -0.354	  0.477
	 -0.337	 -0.933	 -0.125
	  0.490	 -0.059	 -0.870

9 	  45.23	 -13.89	   0.60
	  0.071	 -0.336	 -0.939
	 -0.874	  0.433	 -0.221
	  0.481	  0.836	 -0.263

2 	  32.70	  -7.37	  22.75
	  0.516	  0.856	 -0.027
	 -0.857	  0.515	 -0.013
	  0.004	  0.030	  0.999

3 	  43.51	  -0.35	   0.30
	  0.692	 -0.037	  0.721
	 -0.049	  0.994	  0.097
	 -0.720	 -0.102	  0.686

4 	  35.72	   5.75	  -2.99
	 -0.032	  0.973	  0.229
	 -0.810	 -0.160	  0.564
	  0.585	 -0.167	  0.793

5 	  38.14	   7.51	   8.79
	  0.611	  0.423	  0.669
	  0.297	 -0.906	  0.303
	  0.734	  0.013	 -0.678

6 	  42.17	  10.65	   0.67
	  0.120	  0.106	 -0.987
	  0.771	  0.617	  0.159
	  0.626	 -0.780	 -0.008

7 	  36.65	  -7.98	  -2.76
	  0.215	 -0.953	  0.215
	  0.861	  0.081	 -0.501
	  0.460	  0.293	  0.838

8 	  42.17	  -9.33	   8.53
	  0.837	 -0.321	  0.442
	 -0.283	 -0.947	 -0.153
	  0.468	  0.003	 -0.883

9 	  45.83	 -13.31	   0.12
	  0.077	 -0.297	 -0.952
	 -0.900	  0.390	 -0.194
	  0.429	  0.871	 -0.238

2 	  32.68	  -7.37	  22.73
	  0.516	  0.856	 -0.027
	 -0.857	  0.515	 -0.013
	  0.004	  0.030	  0.999

3 	  43.58	  -0.32	   0.33
	  0.687	 -0.042	  0.725
	 -0.047	  0.994	  0.101
	 -0.725	 -0.103	  0.681

4 	  35.93	   5.80	  -3.02
	 -0.004	  0.976	  0.219
	 -0.811	 -0.131	  0.570
	  0.585	 -0.176	  0.791

5 	  38.65	   7.73	   8.72
	  0.653	  0.365	  0.663
	  0.151	 -0.921	  0.358
	  0.742	 -0.134	 -0.657

6 	  43.96	   9.76	   0.62
	  0.244	  0.035	 -0.969
	  0.853	  0.467	  0.231
	  0.461	 -0.884	  0.083

7 	  37.00	  -8.03	  -2.90
	  0.269	 -0.943	  0.195
	  0.850	  0.137	 -0.508
	  0.453	  0.302	  0.839

8 	  42.66	  -9.26	   8.33
	  0.878	 -0.196	  0.437
	 -0.101	 -0.968	 -0.229
	  0.467	  0.156	 -0.870

9 	  47.58	 -11.46	  -0.14
	  0.208	 -0.178	 -0.962
	 -0.942	  0.230	 -0.246
	  0.265	  0.957	 -0.120

2 	  32.68	  -7.37	  22.73
	  0.516	  0.856	 -0.027
	 -0.857	  0.515	 -0.013
	  0.004	  0.030	  0.999

3 	  43.70	  -0.32	   0.42
	  0.679	 -0.056	  0.731
	 -0.041	  0.992	  0.114
	 -0.733	 -0.108	  0.672

4 	  36.28	   5.78	  -3.09
	  0.063	  0.975	  0.211
	 -0.806	 -0.076	  0.587
	  0.588	 -0.207	  0.781

5 	  39.38	   7.95	   8.56
	  0.694	  0.236	  0.680
	 -0.121	 -0.894	  0.432
	  0.710	 -0.381	 -0.592

6 	  46.35	   7.65	   1.18
	  0.425	 -0.143	 -0.894
	  0.900	  0.173	  0.400
	  0.097	 -0.974	  0.202

7 	  37.32	  -8.07	  -3.06
	  0.304	 -0.935	  0.182
	  0.847	  0.178	 -0.501
	  0.436	  0.306	  0.846

8 	  42.84	  -9.37	   8.28
	  0.880	 -0.087	  0.467
	  0.073	 -0.947	 -0.312
	  0.470	  0.308	 -0.827

9 	  48.87	  -9.09	   0.16
	  0.345	  0.043	 -0.938
	 -0.937	  0.074	 -0.341
	  0.053	  0.996	  0.067

2 	  32.68	  -7.37	  22.73
	  0.516	  0.856	 -0.027
	 -0.857	  0.515	 -0.013
	  0.004	  0.030	  0.999

3 	  43.82	  -0.44	   0.51
	  0.674	 -0.083	  0.734
	 -0.018	  0.991	  0.129
	 -0.738	 -0.100	  0.667

4 	  36.65	   5.77	  -3.27
	  0.129	  0.972	  0.198
	 -0.803	 -0.015	  0.596
	  0.582	 -0.236	  0.778

5 	  40.01	   8.17	   8.30
	  0.690	  0.138	  0.710
	 -0.333	 -0.812	  0.479
	  0.644	 -0.566	 -0.515

6 	  47.81	   5.36	   2.06
	  0.522	 -0.349	 -0.778
	  0.807	 -0.094	  0.582
	 -0.280	 -0.931	  0.234

7 	  37.48	  -8.09	  -3.15
	  0.329	 -0.929	  0.170
	  0.846	  0.210	 -0.490
	  0.420	  0.304	  0.855

8 	  43.05	  -9.49	   8.14
	  0.876	 -0.005	  0.482
	  0.203	 -0.903	 -0.379
	  0.437	  0.429	 -0.790

9 	  49.06	  -6.80	   0.46
	  0.350	  0.278	 -0.894
	 -0.928	 -0.025	 -0.371
	 -0.128	  0.960	  0.250

2 	  32.68	  -7.37	  22.73
	  0.516	  0.856	 -0.026
	 -0.857	  0.515	 -0.013
	  0.003	  0.029	  0.999

3 	  43.89	  -0.53	   0.60
	  0.660	 -0.098	  0.744
	 -0.002	  0.991	  0.132
	 -0.751	 -0.089	  0.654

4 	  36.86	   5.75	  -3.39
	  0.163	  0.970	  0.178
	 -0.803	  0.026	  0.595
	  0.573	 -0.240	  0.783

5 	  40.43	   8.24	   8.12
	  0.684	  0.089	  0.724
	 -0.436	 -0.747	  0.501
	  0.587	 -0.657	 -0.473

6 	  49.17	   4.17	   3.41
	  0.646	 -0.464	 -0.606
	  0.512	 -0.331	  0.792
	 -0.572	 -0.820	  0.023

7 	  37.60	  -8.09	  -3.27
	  0.355	 -0.923	  0.149
	  0.839	  0.244	 -0.486
	  0.413	  0.297	  0.861

8 	  43.29	  -9.76	   7.89
	  0.866	  0.065	  0.495
	  0.319	 -0.835	 -0.448
	  0.385	  0.545	 -0.745

9 	  48.71	  -4.73	   0.81
	  0.270	  0.520	 -0.810
	 -0.910	 -0.138	 -0.391
	 -0.317	  0.841	  0.438

2 	  32.68	  -7.37	  22.75
	  0.516	  0.856	 -0.027
	 -0.857	  0.515	 -0.013
	  0.003	  0.030	  0.999

3 	  43.96	  -0.56	   0.62
	  0.654	 -0.102	  0.749
	  0.002	  0.991	  0.133
	 -0.756	 -0.086	  0.648

4 	  37.02	   5.75	  -3.50
	  0.182	  0.971	  0.154
	 -0.804	  0.056	  0.592
	  0.567	 -0.231	  0.791

5 	  40.92	   8.44	   7.98
	  0.665	  0.065	  0.744
	 -0.525	 -0.669	  0.526
	  0.533	 -0.740	 -0.411

6 	  49.78	   2.41	   5.73
	  0.680	 -0.646	 -0.348
	  0.175	 -0.322	  0.930
	 -0.715	 -0.691	 -0.108

7 	  37.76	  -7.98	  -3.41
	  0.398	 -0.909	  0.121
	  0.816	  0.290	 -0.499
	  0.419	  0.297	  0.858

8 	  44.07	 -10.23	   7.22
	  0.866	  0.108	  0.487
	  0.417	 -0.695	 -0.586
	  0.276	  0.710	 -0.647

9 	  48.83	  -2.60	   1.60
	  0.172	  0.755	 -0.633
	 -0.707	 -0.355	 -0.612
	 -0.688	  0.551	  0.473

2 	  32.70	  -7.37	  22.73
	  0.516	  0.856	 -0.027
	 -0.857	  0.515	 -0.013
	  0.004	  0.030	  0.999

3 	  44.05	  -0.58	   0.60
	  0.636	 -0.119	  0.762
	  0.001	  0.988	  0.153
	 -0.772	 -0.097	  0.628

4 	  37.00	   5.70	  -3.52
	  0.189	  0.975	  0.120
	 -0.788	  0.077	  0.610
	  0.586	 -0.209	  0.783

5 	  41.70	   8.84	   7.51
	  0.697	  0.076	  0.713
	 -0.562	 -0.560	  0.608
	  0.447	 -0.824	 -0.348

6 	  49.76	   1.37	   6.13
	  0.572	 -0.777	 -0.263
	  0.060	 -0.283	  0.957
	 -0.819	 -0.562	 -0.116

7 	  37.86	  -7.98	  -3.52
	  0.451	 -0.886	  0.103
	  0.781	  0.335	 -0.526
	  0.432	  0.318	  0.843

8 	  44.98	 -10.39	   6.40
	  0.872	  0.138	  0.469
	  0.465	 -0.531	 -0.708
	  0.151	  0.836	 -0.527

9 	  48.29	  -1.23	   2.37
	  0.031	  0.892	 -0.450
	 -0.638	 -0.329	 -0.696
	 -0.769	  0.309	  0.559

2 	  32.68	  -7.37	  22.73
	  0.516	  0.856	 -0.027
	 -0.857	  0.515	 -0.013
	  0.004	  0.030	  0.999

3 	  44.05	  -0.56	   0.62
	  0.631	 -0.116	  0.767
	 -0.005	  0.988	  0.153
	 -0.776	 -0.101	  0.623

4 	  37.02	   5.68	  -3.52
	  0.191	  0.974	  0.122
	 -0.781	  0.075	  0.620
	  0.595	 -0.214	  0.775

5 	  41.78	   8.88	   7.51
	  0.700	  0.080	  0.709
	 -0.561	 -0.553	  0.615
	  0.443	 -0.828	 -0.343

6 	  49.76	   1.39	   6.29
	  0.560	 -0.784	 -0.267
	  0.084	 -0.270	  0.959
	 -0.825	 -0.559	 -0.087

7 	  37.92	  -7.89	  -3.60
	  0.470	 -0.879	  0.079
	  0.762	  0.359	 -0.539
	  0.446	  0.314	  0.838

8 	  45.35	 -10.51	   5.87
	  0.861	  0.154	  0.484
	  0.502	 -0.403	 -0.765
	  0.075	  0.902	 -0.424

9 	  47.92	  -0.74	   2.83
	  0.040	  0.944	 -0.326
	 -0.637	 -0.228	 -0.737
	 -0.770	  0.237	  0.592

