% Calibrated with leiden_pols
% Positions are in centimeters
Data =[
 2    96.624   -18.651    59.855
 2    -0.131    -0.991    -0.025
 2     0.989    -0.133     0.069
 2    -0.072    -0.016     0.997
 3   132.178    -3.551     4.686
 3     0.620    -0.581    -0.527
 3     0.316     0.800    -0.510
 3     0.718     0.149     0.680
 4   116.469    13.730    -4.215
 4     0.775    -0.614     0.152
 4     0.627     0.717    -0.304
 4     0.077     0.330     0.940
 5   121.860    21.400    22.430
 5     0.665    -0.399     0.631
 5     0.025    -0.833    -0.553
 5     0.746     0.383    -0.545
 6   145.589     9.963    31.838
 6     0.708    -0.047    -0.705
 6    -0.634     0.399    -0.663
 6     0.312     0.916     0.252
 7   115.503   -22.109    -2.913
 7     0.760     0.630     0.157
 7    -0.648     0.752     0.119
 7    -0.043    -0.193     0.980
 8   123.060   -26.435    26.414
 8     0.763     0.351     0.543
 8     0.116    -0.900     0.419
 8     0.636    -0.257    -0.728
 9   145.341   -20.472    31.892
 9     0.872     0.078    -0.482
 9     0.443     0.289     0.848
 9     0.206    -0.954     0.218
 2    96.624   -18.651    59.855
 2    -0.131    -0.991    -0.025
 2     0.989    -0.133     0.069
 2    -0.072    -0.016     0.997
 3   132.177    -3.551     4.685
 3     0.620    -0.581    -0.527
 3     0.316     0.800    -0.510
 3     0.718     0.150     0.680
 4   116.254    13.726    -4.313
 4     0.761    -0.625     0.174
 4     0.645     0.703    -0.298
 4     0.064     0.339     0.938
 5   121.271    20.993    22.451
 5     0.652    -0.315     0.689
 5     0.069    -0.881    -0.468
 5     0.754     0.353    -0.553
 6   145.114    13.120    32.106
 6     0.841    -0.169    -0.514
 6    -0.503     0.104    -0.858
 6     0.198     0.980     0.002
 7   115.501   -22.111    -2.960
 7     0.759     0.631     0.158
 7    -0.649     0.751     0.118
 7    -0.044    -0.193     0.980
 8   122.545   -26.008    26.407
 8     0.770     0.272     0.577
 8     0.073    -0.936     0.344
 8     0.633    -0.223    -0.741
 9   145.326   -23.608    31.856
 9     0.950     0.120    -0.287
 9     0.286     0.024     0.958
 9     0.122    -0.992    -0.011
 2    96.574   -18.651    59.855
 2    -0.131    -0.991    -0.025
 2     0.989    -0.133     0.069
 2    -0.072    -0.016     0.997
 3   132.060    -3.547     4.669
 3     0.617    -0.586    -0.526
 3     0.315     0.796    -0.517
 3     0.721     0.154     0.675
 4   116.096    13.773    -4.420
 4     0.751    -0.631     0.194
 4     0.657     0.691    -0.299
 4     0.054     0.352     0.934
 5   120.984    20.828    22.436
 5     0.652    -0.280     0.705
 5     0.083    -0.897    -0.433
 5     0.753     0.341    -0.562
 6   145.070    15.643    32.046
 6     0.924    -0.200    -0.325
 6    -0.353    -0.120    -0.928
 6     0.146     0.972    -0.182
 7   115.492   -22.114    -3.075
 7     0.759     0.630     0.162
 7    -0.649     0.751     0.117
 7    -0.048    -0.194     0.980
 8   122.666   -25.864    26.402
 8     0.780     0.266     0.567
 8     0.072    -0.937     0.341
 8     0.622    -0.225    -0.750
 9   145.429   -25.921    31.416
 9     0.982     0.109    -0.156
 9     0.169    -0.124     0.978
 9     0.087    -0.986    -0.141
 2    96.574   -18.651    59.855
 2    -0.131    -0.991    -0.025
 2     0.989    -0.133     0.069
 2    -0.072    -0.016     0.997
 3   131.984    -3.549     4.539
 3     0.618    -0.588    -0.522
 3     0.312     0.793    -0.523
 3     0.721     0.160     0.673
 4   115.829    13.964    -4.481
 4     0.746    -0.631     0.213
 4     0.664     0.688    -0.292
 4     0.038     0.359     0.932
 5   121.177    20.588    22.410
 5     0.662    -0.272     0.698
 5     0.076    -0.903    -0.423
 5     0.745     0.333    -0.578
 6   145.367    17.356    32.530
 6     0.960    -0.205    -0.189
 6    -0.236    -0.237    -0.943
 6     0.149     0.949    -0.276
 7   115.378   -22.052    -3.277
 7     0.761     0.625     0.175
 7    -0.646     0.756     0.107
 7    -0.066    -0.195     0.979
 8   122.867   -25.571    26.291
 8     0.792     0.268     0.548
 8     0.078    -0.935     0.345
 8     0.605    -0.231    -0.762
 9   145.398   -26.945    31.368
 9     0.992     0.096    -0.073
 9     0.092    -0.212     0.973
 9     0.078    -0.973    -0.219
 2    96.574   -18.651    59.855
 2    -0.131    -0.991    -0.025
 2     0.989    -0.133     0.069
 2    -0.072    -0.016     0.997
 3   131.882    -3.499     4.358
 3     0.620    -0.589    -0.518
 3     0.308     0.790    -0.529
 3     0.721     0.168     0.672
 4   115.489    14.004    -4.520
 4     0.740    -0.631     0.231
 4     0.671     0.683    -0.287
 4     0.023     0.367     0.930
 5   121.233    20.038    22.358
 5     0.682    -0.243     0.690
 5     0.073    -0.916    -0.394
 5     0.728     0.319    -0.607
 6   145.038    19.052    32.522
 6     0.979    -0.186    -0.084
 6    -0.136    -0.286    -0.948
 6     0.152     0.940    -0.305
 7   115.319   -21.954    -3.443
 7     0.760     0.624     0.179
 7    -0.645     0.757     0.105
 7    -0.070    -0.196     0.978
 8   122.572   -25.410    26.293
 8     0.804     0.191     0.563
 8     0.026    -0.958     0.287
 8     0.594    -0.216    -0.775
 9   144.940   -28.472    31.017
 9     0.999     0.043     0.007
 9     0.006    -0.294     0.956
 9     0.043    -0.955    -0.294
 2    96.624   -18.651    59.855
 2    -0.131    -0.991    -0.025
 2     0.989    -0.133     0.069
 2    -0.072    -0.016     0.997
 3   131.805    -3.476     4.303
 3     0.623    -0.590    -0.514
 3     0.303     0.787    -0.537
 3     0.721     0.178     0.669
 4   115.165    14.111    -4.451
 4     0.731    -0.642     0.232
 4     0.682     0.674    -0.282
 4     0.025     0.364     0.931
 5   120.447    20.054    22.658
 5     0.672    -0.151     0.725
 5     0.119    -0.944    -0.307
 5     0.731     0.292    -0.616
 6   144.313    20.968    33.172
 6     0.984    -0.178    -0.015
 6    -0.070    -0.313    -0.947
 6     0.164     0.933    -0.320
 7   115.196   -21.954    -3.498
 7     0.760     0.626     0.176
 7    -0.647     0.756     0.103
 7    -0.069    -0.193     0.979
 8   122.227   -25.279    26.373
 8     0.799     0.122     0.589
 8    -0.013    -0.975     0.220
 8     0.601    -0.184    -0.778
 9   144.420   -29.715    31.484
 9     0.997     0.034     0.067
 9    -0.052    -0.328     0.943
 9     0.054    -0.944    -0.325
 2    96.624   -18.651    59.855
 2    -0.131    -0.991    -0.025
 2     0.989    -0.133     0.069
 2    -0.072    -0.016     0.997
 3   131.615    -3.252     4.438
 3     0.626    -0.594    -0.504
 3     0.303     0.782    -0.545
 3     0.718     0.188     0.670
 4   114.968    14.304    -4.395
 4     0.722    -0.654     0.226
 4     0.691     0.662    -0.291
 4     0.040     0.366     0.929
 5   119.777    19.744    22.720
 5     0.653    -0.080     0.753
 5     0.147    -0.962    -0.230
 5     0.743     0.261    -0.616
 6   143.450    21.575    33.728
 6     0.983    -0.178     0.024
 6    -0.038    -0.335    -0.942
 6     0.176     0.925    -0.336
 7   115.232   -21.871    -3.523
 7     0.763     0.624     0.166
 7    -0.643     0.759     0.102
 7    -0.062    -0.186     0.981
 8   121.797   -25.041    26.484
 8     0.782     0.038     0.621
 8    -0.062    -0.989     0.138
 8     0.620    -0.147    -0.771
 9   143.460   -31.001    32.280
 9     0.989     0.036     0.141
 9    -0.119    -0.359     0.926
 9     0.083    -0.933    -0.351
 2    96.574   -18.651    59.855
 2    -0.131    -0.991    -0.025
 2     0.989    -0.133     0.069
 2    -0.072    -0.016     0.997
 3   131.632    -3.127     4.420
 3     0.628    -0.596    -0.501
 3     0.303     0.780    -0.548
 3     0.716     0.192     0.670
 4   114.916    14.444    -4.482
 4     0.716    -0.662     0.222
 4     0.696     0.653    -0.298
 4     0.052     0.368     0.928
 5   119.457    19.903    22.852
 5     0.639    -0.019     0.769
 5     0.176    -0.969    -0.171
 5     0.748     0.245    -0.616
 6   142.723    23.200    34.431
 6     0.984    -0.156     0.087
 6     0.023    -0.369    -0.929
 6     0.177     0.916    -0.360
 7   115.389   -21.713    -3.591
 7     0.766     0.623     0.158
 7    -0.641     0.761     0.103
 7    -0.057    -0.181     0.982
 8   121.601   -24.759    26.525
 8     0.771    -0.018     0.636
 8    -0.094    -0.992     0.085
 8     0.630    -0.126    -0.767
 9   142.689   -32.327    32.597
 9     0.976     0.000     0.214
 9    -0.196    -0.405     0.893
 9     0.087    -0.914    -0.396
 2    96.624   -18.651    59.855
 2    -0.131    -0.991    -0.025
 2     0.989    -0.133     0.069
 2    -0.072    -0.016     0.997
 3   131.633    -3.025     4.362
 3     0.628    -0.598    -0.499
 3     0.301     0.777    -0.552
 3     0.717     0.197     0.668
 4   114.834    14.567    -4.492
 4     0.706    -0.676     0.211
 4     0.704     0.639    -0.309
 4     0.073     0.367     0.927
 5   119.107    19.522    22.938
 5     0.630     0.034     0.775
 5     0.196    -0.974    -0.117
 5     0.751     0.225    -0.620
 6   142.223    23.731    34.083
 6     0.985    -0.115     0.124
 6     0.068    -0.403    -0.913
 6     0.154     0.908    -0.389
 7   115.478   -21.680    -3.669
 7     0.769     0.621     0.149
 7    -0.637     0.763     0.105
 7    -0.049    -0.176     0.983
 8   121.432   -24.685    26.616
 8     0.763    -0.065     0.643
 8    -0.124    -0.991     0.046
 8     0.634    -0.115    -0.764
 9   141.976   -33.973    32.416
 9     0.958    -0.045     0.280
 9    -0.273    -0.419     0.865
 9     0.078    -0.907    -0.414
 2    96.624   -18.651    59.855
 2    -0.131    -0.991    -0.025
 2     0.989    -0.133     0.069
 2    -0.072    -0.016     0.997
 3   131.700    -2.791     4.154
 3     0.624    -0.603    -0.496
 3     0.297     0.771    -0.564
 3     0.723     0.204     0.660
 4   114.870    14.787    -4.643
 4     0.700    -0.685     0.202
 4     0.709     0.630    -0.318
 4     0.090     0.365     0.926
 5   118.718    19.503    22.963
 5     0.614     0.092     0.783
 5     0.220    -0.974    -0.058
 5     0.757     0.208    -0.619
 6   141.623    25.267    34.235
 6     0.982    -0.078     0.173
 6     0.124    -0.428    -0.895
 6     0.144     0.900    -0.411
 7   115.547   -21.494    -3.778
 7     0.770     0.622     0.137
 7    -0.636     0.764     0.106
 7    -0.039    -0.169     0.985
 8   121.177   -24.515    26.615
 8     0.750    -0.152     0.643
 8    -0.177    -0.984    -0.025
 8     0.637    -0.095    -0.765
 9   140.425   -36.171    32.639
 9     0.918    -0.098     0.383
 9    -0.385    -0.444     0.809
 9     0.091    -0.891    -0.445
 2    96.624   -18.651    59.855
 2    -0.131    -0.991    -0.025
 2     0.989    -0.133     0.069
 2    -0.072    -0.016     0.997
 3   131.756    -2.663     4.143
 3     0.623    -0.604    -0.497
 3     0.292     0.769    -0.569
 3     0.725     0.209     0.655
 4   114.853    14.953    -4.761
 4     0.695    -0.693     0.191
 4     0.711     0.624    -0.324
 4     0.105     0.361     0.927
 5   118.172    19.144    22.802
 5     0.590     0.168     0.789
 5     0.247    -0.969     0.022
 5     0.768     0.182    -0.613
 6   140.697    25.996    34.163
 6     0.975    -0.050     0.217
 6     0.172    -0.451    -0.876
 6     0.142     0.891    -0.431
 7   115.465   -21.309    -3.912
 7     0.770     0.625     0.125
 7    -0.637     0.764     0.105
 7    -0.029    -0.161     0.986
 8   120.815   -24.573    26.558
 8     0.735    -0.221     0.641
 8    -0.222    -0.972    -0.081
 8     0.641    -0.083    -0.763
 9   138.871   -38.151    32.601
 9     0.878    -0.149     0.455
 9    -0.471    -0.442     0.763
 9     0.087    -0.885    -0.458
 2    96.624   -18.651    59.855
 2    -0.131    -0.991    -0.025
 2     0.989    -0.133     0.069
 2    -0.072    -0.016     0.997
 3   131.722    -2.484     3.991
 3     0.622    -0.603    -0.500
 3     0.281     0.768    -0.576
 3     0.730     0.217     0.647
 4   114.756    15.222    -4.751
 4     0.685    -0.705     0.185
 4     0.719     0.612    -0.329
 4     0.119     0.358     0.926
 5   117.742    19.109    22.939
 5     0.567     0.221     0.793
 5     0.258    -0.962     0.083
 5     0.782     0.158    -0.603
 6   139.855    27.088    34.927
 6     0.965    -0.041     0.258
 6     0.210    -0.465    -0.860
 6     0.154     0.884    -0.440
 7   115.467   -21.198    -3.960
 7     0.768     0.631     0.104
 7    -0.639     0.761     0.105
 7    -0.014    -0.147     0.989
 8   120.472   -24.612    26.579
 8     0.725    -0.269     0.634
 8    -0.258    -0.959    -0.112
 8     0.638    -0.082    -0.765
 9   137.572   -39.870    32.617
 9     0.838    -0.188     0.512
 9    -0.538    -0.437     0.721
 9     0.089    -0.880    -0.467
 2    96.624   -18.701    59.855
 2    -0.131    -0.991    -0.025
 2     0.989    -0.133     0.069
 2    -0.072    -0.016     0.997
 3   131.764    -2.348     4.011
 3     0.615    -0.602    -0.510
 3     0.266     0.766    -0.584
 3     0.742     0.224     0.631
 4   114.790    15.466    -4.588
 4     0.676    -0.716     0.172
 4     0.724     0.604    -0.332
 4     0.134     0.349     0.927
 5   117.371    18.693    23.062
 5     0.545     0.269     0.794
 5     0.258    -0.955     0.146
 5     0.797     0.125    -0.590
 6   139.036    27.485    35.284
 6     0.956    -0.015     0.293
 6     0.250    -0.484    -0.838
 6     0.154     0.875    -0.459
 7   115.438   -20.938    -4.023
 7     0.764     0.639     0.086
 7    -0.645     0.758     0.099
 7    -0.002    -0.132     0.991
 8   119.907   -24.771    26.503
 8     0.706    -0.310     0.636
 8    -0.289    -0.947    -0.140
 8     0.646    -0.085    -0.759
 9   136.106   -40.877    32.588
 9     0.808    -0.213     0.549
 9    -0.582    -0.427     0.692
 9     0.087    -0.879    -0.469
 2    96.624   -18.651    59.855
 2    -0.131    -0.991    -0.025
 2     0.989    -0.133     0.069
 2    -0.072    -0.016     0.997
 3   131.786    -2.343     3.983
 3     0.611    -0.601    -0.515
 3     0.259     0.766    -0.588
 3     0.748     0.226     0.624
 4   114.840    15.605    -4.439
 4     0.669    -0.726     0.161
 4     0.729     0.598    -0.333
 4     0.145     0.340     0.929
 5   117.216    18.764    23.153
 5     0.532     0.293     0.793
 5     0.267    -0.948     0.171
 5     0.803     0.121    -0.584
 6   138.619    28.380    35.446
 6     0.946     0.019     0.322
 6     0.289    -0.493    -0.820
 6     0.144     0.869    -0.472
 7   115.511   -20.830    -4.034
 7     0.760     0.645     0.071
 7    -0.649     0.754     0.099
 7     0.010    -0.121     0.992
 8   119.775   -24.671    26.439
 8     0.698    -0.329     0.636
 8    -0.301    -0.941    -0.156
 8     0.650    -0.083    -0.755
 9   135.431   -41.604    32.576
 9     0.781    -0.245     0.574
 9    -0.619    -0.421     0.663
 9     0.079    -0.873    -0.480
 2    96.624   -18.701    59.855
 2    -0.131    -0.991    -0.025
 2     0.989    -0.132     0.069
 2    -0.072    -0.016     0.997
 3   131.836    -2.292     3.983
 3     0.610    -0.602    -0.515
 3     0.259     0.766    -0.588
 3     0.748     0.225     0.623
 4   114.681    15.613    -4.355
 4     0.660    -0.735     0.154
 4     0.735     0.591    -0.331
 4     0.152     0.331     0.931
 5   116.876    18.721    23.234
 5     0.527     0.319     0.787
 5     0.283    -0.940     0.192
 5     0.801     0.122    -0.586
 6   138.063    28.985    35.127
 6     0.938     0.053     0.342
 6     0.323    -0.493    -0.808
 6     0.126     0.868    -0.480
 7   115.523   -20.775    -4.001
 7     0.759     0.648     0.064
 7    -0.651     0.753     0.100
 7     0.016    -0.118     0.993
 8   119.656   -24.599    26.498
 8     0.693    -0.350     0.630
 8    -0.315    -0.933    -0.172
 8     0.649    -0.079    -0.757
 9   134.819   -42.153    32.402
 9     0.760    -0.278     0.587
 9    -0.647    -0.414     0.640
 9     0.065    -0.866    -0.495
 2    96.624   -18.701    59.855
 2    -0.131    -0.991    -0.025
 2     0.989    -0.132     0.069
 2    -0.072    -0.016     0.997
 3   131.839    -2.240     3.927
 3     0.610    -0.603    -0.515
 3     0.260     0.765    -0.589
 3     0.749     0.225     0.623
 4   114.365    15.434    -4.459
 4     0.648    -0.746     0.153
 4     0.747     0.585    -0.315
 4     0.145     0.319     0.936
 5   116.554    18.700    23.226
 5     0.522     0.344     0.780
 5     0.303    -0.930     0.207
 5     0.797     0.128    -0.590
 6   137.438    29.982    34.852
 6     0.926     0.074     0.370
 6     0.358    -0.489    -0.796
 6     0.121     0.869    -0.479
 7   115.429   -20.825    -3.959
 7     0.757     0.650     0.061
 7    -0.653     0.750     0.100
 7     0.019    -0.116     0.993
 8   119.276   -24.677    26.714
 8     0.681    -0.376     0.628
 8    -0.330    -0.924    -0.194
 8     0.653    -0.075    -0.753
 9   133.964   -42.748    32.305
 9     0.742    -0.299     0.599
 9    -0.667    -0.407     0.624
 9     0.058    -0.863    -0.502
 2    96.624   -18.651    59.855
 2    -0.131    -0.991    -0.025
 2     0.989    -0.133     0.069
 2    -0.072    -0.016     0.997
 3   131.739    -2.291     3.979
 3     0.609    -0.603    -0.515
 3     0.260     0.765    -0.588
 3     0.749     0.224     0.623
 4   113.957    15.308    -4.499
 4     0.637    -0.755     0.152
 4     0.757     0.578    -0.304
 4     0.142     0.309     0.940
 5   116.140    18.556    23.182
 5     0.514     0.370     0.773
 5     0.322    -0.919     0.225
 5     0.795     0.133    -0.592
 6   136.846    30.292    34.627
 6     0.917     0.091     0.388
 6     0.381    -0.487    -0.786
 6     0.117     0.869    -0.481
 7   115.212   -20.926    -3.890
 7     0.754     0.654     0.059
 7    -0.656     0.748     0.101
 7     0.022    -0.116     0.993
 8   118.865   -24.629    26.704
 8     0.674    -0.389     0.627
 8    -0.339    -0.918    -0.205
 8     0.656    -0.075    -0.751
 9   133.225   -43.184    32.580
 9     0.727    -0.305     0.615
 9    -0.684    -0.403     0.608
 9     0.062    -0.863    -0.502
 2    96.624   -18.701    59.855
 2    -0.131    -0.991    -0.025
 2     0.989    -0.132     0.069
 2    -0.072    -0.016     0.997
 3   131.474    -2.245     3.918
 3     0.614    -0.603    -0.509
 3     0.261     0.764    -0.590
 3     0.745     0.229     0.626
 4   113.654    15.207    -4.624
 4     0.632    -0.760     0.153
 4     0.762     0.573    -0.302
 4     0.141     0.307     0.941
 5   115.900    18.481    23.094
 5     0.511     0.383     0.769
 5     0.332    -0.914     0.234
 5     0.792     0.136    -0.595
 6   136.486    30.624    34.552
 6     0.911     0.100     0.399
 6     0.395    -0.484    -0.781
 6     0.115     0.869    -0.480
 7   114.872   -21.003    -3.900
 7     0.748     0.661     0.056
 7    -0.663     0.741     0.102
 7     0.026    -0.114     0.993
 8   118.670   -24.790    26.639
 8     0.676    -0.399     0.619
 8    -0.349    -0.914    -0.207
 8     0.648    -0.076    -0.757
 9   132.848   -43.420    32.448
 9     0.716    -0.320     0.621
 9    -0.696    -0.399     0.597
 9     0.057    -0.859    -0.508
 2    96.624   -18.651    59.855
 2    -0.131    -0.991    -0.025
 2     0.989    -0.133     0.069
 2    -0.072    -0.016     0.997
 3   131.351    -2.304     3.841
 3     0.621    -0.600    -0.503
 3     0.260     0.764    -0.591
 3     0.739     0.236     0.631
 4   113.346    15.080    -4.615
 4     0.624    -0.766     0.153
 4     0.769     0.567    -0.294
 4     0.138     0.301     0.943
 5   115.596    18.362    23.090
 5     0.505     0.400     0.764
 5     0.342    -0.906     0.247
 5     0.792     0.137    -0.595
 6   135.795    31.162    34.454
 6     0.901     0.114     0.419
 6     0.419    -0.477    -0.772
 6     0.112     0.871    -0.478
 7   114.671   -21.057    -3.898
 7     0.743     0.666     0.054
 7    -0.668     0.737     0.099
 7     0.026    -0.110     0.993
 8   118.382   -24.746    26.645
 8     0.677    -0.415     0.608
 8    -0.361    -0.907    -0.217
 8     0.641    -0.073    -0.764
 9   132.169   -43.887    32.228
 9     0.697    -0.344     0.629
 9    -0.715    -0.394     0.578
 9     0.049    -0.853    -0.520
 2    96.624   -18.651    59.855
 2    -0.131    -0.991    -0.025
 2     0.989    -0.133     0.069
 2    -0.072    -0.016     0.997
 3   131.262    -2.412     3.780
 3     0.627    -0.598    -0.498
 3     0.257     0.763    -0.593
 3     0.735     0.243     0.633
 4   112.972    14.899    -4.508
 4     0.610    -0.777     0.155
 4     0.782     0.558    -0.277
 4     0.128     0.290     0.948
 5   115.265    18.364    23.088
 5     0.501     0.425     0.753
 5     0.361    -0.894     0.264
 5     0.786     0.139    -0.602
 6   135.310    32.023    33.712
 6     0.891     0.166     0.422
 6     0.448    -0.467    -0.762
 6     0.071     0.868    -0.491
 7   114.559   -21.065    -4.061
 7     0.738     0.672     0.054
 7    -0.674     0.733     0.090
 7     0.021    -0.103     0.994
 8   118.162   -24.575    26.658
 8     0.669    -0.440     0.598
 8    -0.378    -0.895    -0.235
 8     0.639    -0.069    -0.766
 9   131.441   -44.246    32.271
 9     0.676    -0.357     0.645
 9    -0.735    -0.392     0.553
 9     0.055    -0.848    -0.527
 2    96.624   -18.701    59.855
 2    -0.131    -0.991    -0.025
 2     0.989    -0.132     0.069
 2    -0.072    -0.016     0.997
 3   131.207    -2.312     3.782
 3     0.629    -0.599    -0.496
 3     0.256     0.762    -0.595
 3     0.734     0.247     0.632
 4   112.749    14.904    -4.462
 4     0.598    -0.787     0.153
 4     0.791     0.548    -0.272
 4     0.130     0.284     0.950
 5   114.977    18.392    23.169
 5     0.498     0.441     0.746
 5     0.370    -0.887     0.277
 5     0.784     0.138    -0.605
 6   134.914    32.088    33.446
 6     0.885     0.189     0.425
 6     0.462    -0.463    -0.756
 6     0.054     0.866    -0.497
 7   114.386   -21.019    -4.088
 7     0.731     0.680     0.050
 7    -0.682     0.726     0.086
 7     0.022    -0.097     0.995
 8   117.823   -24.401    26.663
 8     0.661    -0.464     0.589
 8    -0.393    -0.884    -0.254
 8     0.639    -0.063    -0.767
 9   130.634   -44.327    32.271
 9     0.656    -0.373     0.656
 9    -0.753    -0.390     0.531
 9     0.058    -0.842    -0.536
 2    96.624   -18.651    59.855
 2    -0.131    -0.991    -0.025
 2     0.989    -0.133     0.069
 2    -0.072    -0.016     0.997
 3   131.099    -2.316     3.636
 3     0.633    -0.597    -0.493
 3     0.252     0.760    -0.598
 3     0.732     0.254     0.632
 4   112.425    14.910    -4.467
 4     0.585    -0.797     0.151
 4     0.800     0.536    -0.268
 4     0.132     0.278     0.951
 5   114.744    18.220    23.166
 5     0.493     0.459     0.738
 5     0.378    -0.878     0.293
 5     0.783     0.135    -0.607
 6   134.550    32.487    33.020
 6     0.877     0.209     0.432
 6     0.478    -0.456    -0.751
 6     0.040     0.865    -0.500
 7   114.274   -20.950    -4.225
 7     0.726     0.685     0.051
 7    -0.687     0.722     0.078
 7     0.017    -0.092     0.995
 8   117.805   -24.462    26.543
 8     0.660    -0.473     0.583
 8    -0.405    -0.878    -0.255
 8     0.632    -0.068    -0.772
 9   130.327   -44.741    32.070
 9     0.643    -0.388     0.660
 9    -0.764    -0.382     0.519
 9     0.051    -0.839    -0.542
 2    96.624   -18.651    59.855
 2    -0.131    -0.991    -0.025
 2     0.989    -0.133     0.069
 2    -0.072    -0.016     0.997
 3   131.065    -2.219     3.617
 3     0.636    -0.596    -0.490
 3     0.249     0.760    -0.601
 3     0.730     0.260     0.631
 4   112.234    14.917    -4.431
 4     0.575    -0.804     0.148
 4     0.806     0.527    -0.268
 4     0.137     0.274     0.952
 5   114.495    18.228    23.154
 5     0.488     0.473     0.733
 5     0.383    -0.871     0.308
 5     0.784     0.130    -0.606
 6   134.139    32.667    33.122
 6     0.871     0.218     0.440
 6     0.490    -0.455    -0.744
 6     0.038     0.863    -0.503
 7   114.011   -20.808    -4.255
 7     0.719     0.693     0.053
 7    -0.695     0.715     0.071
 7     0.011    -0.088     0.996
 8   117.591   -24.471    26.550
 8     0.658    -0.490     0.572
 8    -0.420    -0.869    -0.262
 8     0.625    -0.068    -0.777
 9   129.852   -44.883    31.773
 9     0.631    -0.409     0.659
 9    -0.775    -0.370     0.512
 9     0.034    -0.834    -0.551
 2    96.574   -18.651    59.855
 2    -0.131    -0.991    -0.025
 2     0.989    -0.132     0.069
 2    -0.072    -0.016     0.997
 3   131.004    -2.199     3.475
 3     0.641    -0.594    -0.486
 3     0.245     0.759    -0.604
 3     0.727     0.268     0.632
 4   112.097    14.872    -4.371
 4     0.570    -0.809     0.145
 4     0.809     0.521    -0.271
 4     0.143     0.271     0.951
 5   114.161    18.117    23.174
 5     0.476     0.492     0.728
 5     0.387    -0.861     0.328
 5     0.789     0.125    -0.601
 6   133.595    33.078    33.024
 6     0.859     0.233     0.456
 6     0.511    -0.449    -0.733
 6     0.034     0.862    -0.505
 7   113.909   -20.785    -4.277
 7     0.716     0.695     0.053
 7    -0.697     0.713     0.069
 7     0.010    -0.087     0.996
 8   117.233   -24.372    26.538
 8     0.646    -0.508     0.569
 8    -0.431    -0.859    -0.277
 8     0.629    -0.067    -0.774
 9   129.232   -45.116    31.902
 9     0.619    -0.415     0.667
 9    -0.785    -0.365     0.501
 9     0.035    -0.834    -0.551
 2    96.624   -18.701    59.855
 2    -0.131    -0.991    -0.025
 2     0.989    -0.132     0.069
 2    -0.072    -0.016     0.997
 3   130.950    -2.100     3.478
 3     0.643    -0.593    -0.485
 3     0.243     0.758    -0.605
 3     0.726     0.271     0.631
 4   111.983    15.031    -4.287
 4     0.565    -0.813     0.143
 4     0.812     0.516    -0.274
 4     0.149     0.271     0.951
 5   113.962    18.134    23.263
 5     0.465     0.506     0.726
 5     0.387    -0.854     0.347
 5     0.796     0.120    -0.594
 6   133.253    33.186    33.312
 6     0.854     0.234     0.464
 6     0.518    -0.451    -0.727
 6     0.039     0.861    -0.506
 7   113.837   -20.787    -4.253
 7     0.713     0.699     0.051
 7    -0.701     0.710     0.069
 7     0.011    -0.085     0.996
 8   117.049   -24.321    26.548
 8     0.640    -0.518     0.568
 8    -0.436    -0.853    -0.287
 8     0.633    -0.064    -0.772
 9   128.862   -45.295    31.975
 9     0.612    -0.418     0.671
 9    -0.790    -0.363     0.494
 9     0.037    -0.833    -0.552
 2    96.624   -18.651    59.855
 2    -0.131    -0.991    -0.025
 2     0.989    -0.133     0.069
 2    -0.072    -0.016     0.997
 3   130.896    -2.103     3.353
 3     0.646    -0.591    -0.484
 3     0.239     0.758    -0.606
 3     0.725     0.276     0.631
 4   111.937    15.033    -4.268
 4     0.563    -0.813     0.143
 4     0.812     0.514    -0.276
 4     0.151     0.272     0.950
 5   113.874    18.039    23.293
 5     0.462     0.512     0.724
 5     0.385    -0.851     0.357
 5     0.799     0.114    -0.591
 6   133.076    33.318    33.280
 6     0.849     0.239     0.471
 6     0.527    -0.451    -0.720
 6     0.040     0.860    -0.509
 7   113.710   -20.790    -4.248
 7     0.710     0.702     0.052
 7    -0.704     0.707     0.068
 7     0.010    -0.085     0.996
 8   116.950   -24.298    26.605
 8     0.636    -0.527     0.563
 8    -0.442    -0.847    -0.294
 8     0.632    -0.062    -0.772
 9   128.479   -45.421    32.110
 9     0.603    -0.419     0.678
 9    -0.797    -0.363     0.483
 9     0.044    -0.832    -0.553
 2    96.624   -18.701    59.855
 2    -0.131    -0.991    -0.025
 2     0.989    -0.133     0.069
 2    -0.072    -0.016     0.997
 3   130.814    -2.055     3.285
 3     0.648    -0.589    -0.482
 3     0.238     0.758    -0.607
 3     0.723     0.278     0.632
 4   111.752    15.030    -4.106
 4     0.563    -0.813     0.148
 4     0.813     0.513    -0.275
 4     0.147     0.275     0.950
 5   113.873    18.041    23.292
 5     0.461     0.515     0.722
 5     0.386    -0.850     0.359
 5     0.799     0.113    -0.591
 6   132.805    33.516    33.491
 6     0.839     0.234     0.490
 6     0.541    -0.452    -0.710
 6     0.055     0.861    -0.506
 7   113.472   -20.798    -4.225
 7     0.707     0.704     0.059
 7    -0.707     0.704     0.064
 7     0.003    -0.087     0.996
 8   116.874   -24.249    26.538
 8     0.635    -0.533     0.558
 8    -0.446    -0.844    -0.298
 8     0.630    -0.059    -0.774
 9   128.225   -45.417    32.136
 9     0.596    -0.419     0.684
 9    -0.801    -0.367     0.473
 9     0.053    -0.830    -0.555
 2    96.574   -18.651    59.855
 2    -0.131    -0.991    -0.025
 2     0.989    -0.133     0.069
 2    -0.072    -0.016     0.997
 3   130.761    -2.057     3.188
 3     0.650    -0.588    -0.482
 3     0.237     0.759    -0.606
 3     0.722     0.279     0.633
 4   111.636    15.014    -4.162
 4     0.568    -0.806     0.165
 4     0.812     0.518    -0.267
 4     0.130     0.285     0.949
 5   113.916    18.036    23.252
 5     0.464     0.511     0.723
 5     0.386    -0.852     0.354
 5     0.797     0.115    -0.593
 6   132.934    33.432    33.620
 6     0.841     0.211     0.498
 6     0.536    -0.454    -0.712
 6     0.076     0.865    -0.495
 7   113.355   -20.805    -4.197
 7     0.707     0.703     0.070
 7    -0.706     0.705     0.062
 7    -0.006    -0.093     0.995
 8   117.358   -24.373    26.529
 8     0.659    -0.508     0.555
 8    -0.429    -0.860    -0.277
 8     0.618    -0.056    -0.784
 9   129.157   -45.168    31.797
 9     0.613    -0.433     0.660
 9    -0.789    -0.367     0.492
 9     0.029    -0.823    -0.567
 2    96.574   -18.651    59.855
 2    -0.131    -0.991    -0.025
 2     0.989    -0.133     0.069
 2    -0.072    -0.016     0.997
 3   130.750    -2.060     3.124
 3     0.653    -0.586    -0.480
 3     0.239     0.760    -0.604
 3     0.719     0.280     0.636
 4   111.653    14.950    -4.175
 4     0.574    -0.800     0.175
 4     0.810     0.524    -0.261
 4     0.116     0.292     0.949
 5   114.328    18.179    23.272
 5     0.487     0.473     0.734
 5     0.380    -0.872     0.309
 5     0.786     0.129    -0.605
 6   133.663    33.037    33.567
 6     0.856     0.196     0.478
 6     0.512    -0.451    -0.731
 6     0.072     0.871    -0.487
 7   113.260   -20.813    -4.166
 7     0.707     0.703     0.079
 7    -0.707     0.705     0.057
 7    -0.016    -0.096     0.995
 8   117.669   -24.324    26.526
 8     0.677    -0.489     0.549
 8    -0.418    -0.870    -0.260
 8     0.605    -0.053    -0.794
 9   129.986   -45.000    31.158
 9     0.624    -0.448     0.641
 9    -0.782    -0.362     0.508
 9     0.004    -0.818    -0.575
 2    96.574   -18.651    59.855
 2    -0.131    -0.991    -0.025
 2     0.989    -0.133     0.069
 2    -0.072    -0.016     0.997
 3   130.735    -2.116     2.995
 3     0.657    -0.583    -0.477
 3     0.242     0.763    -0.599
 3     0.714     0.278     0.643
 4   111.676    14.878    -4.289
 4     0.581    -0.791     0.191
 4     0.808     0.534    -0.247
 4     0.093     0.298     0.950
 5   114.695    18.419    23.190
 5     0.510     0.436     0.741
 5     0.382    -0.887     0.259
 5     0.770     0.151    -0.620
 6   134.692    32.449    32.711
 6     0.876     0.189     0.444
 6     0.479    -0.446    -0.756
 6     0.055     0.875    -0.481
 7   113.132   -20.778    -4.145
 7     0.700     0.708     0.091
 7    -0.713     0.699     0.048
 7    -0.030    -0.099     0.995
 8   117.865   -24.327    26.386
 8     0.688    -0.481     0.542
 8    -0.415    -0.875    -0.250
 8     0.595    -0.053    -0.802
 9   130.300   -44.881    30.708
 9     0.632    -0.459     0.624
 9    -0.775    -0.358     0.521
 9    -0.016    -0.813    -0.582
 2    96.624   -18.651    59.855
 2    -0.131    -0.991    -0.025
 2     0.989    -0.133     0.069
 2    -0.072    -0.016     0.997
 3   130.777    -2.168     3.063
 3     0.658    -0.580    -0.480
 3     0.247     0.768    -0.590
 3     0.711     0.270     0.649
 4   111.853    14.852    -4.351
 4     0.599    -0.774     0.205
 4     0.797     0.555    -0.238
 4     0.070     0.306     0.949
 5   115.240    18.775    23.204
 5     0.543     0.359     0.759
 5     0.361    -0.916     0.174
 5     0.758     0.179    -0.627
 6   136.238    31.222    32.583
 6     0.911     0.148     0.384
 6     0.409    -0.438    -0.801
 6     0.049     0.887    -0.460
 7   112.995   -20.786    -4.045
 7     0.697     0.710     0.100
 7    -0.716     0.696     0.046
 7    -0.037    -0.104     0.994
 8   118.015   -24.556    26.344
 8     0.713    -0.435     0.549
 8    -0.388    -0.898    -0.208
 8     0.584    -0.065    -0.809
 9   131.789   -44.124    30.003
 9     0.682    -0.450     0.576
 9    -0.729    -0.364     0.579
 9    -0.051    -0.816    -0.576
 2    96.574   -18.651    59.855
 2    -0.131    -0.991    -0.025
 2     0.989    -0.133     0.069
 2    -0.072    -0.016     0.997
 3   130.642    -2.476     3.134
 3     0.661    -0.576    -0.481
 3     0.251     0.774    -0.581
 3     0.707     0.263     0.656
 4   111.921    14.595    -4.327
 4     0.618    -0.754     0.224
 4     0.785     0.575    -0.229
 4     0.043     0.317     0.947
 5   115.726    19.074    23.133
 5     0.577     0.274     0.769
 5     0.339    -0.938     0.080
 5     0.743     0.214    -0.634
 6   137.848    29.581    31.757
 6     0.947     0.082     0.309
 6     0.316    -0.390    -0.865
 6     0.050     0.917    -0.395
 7   112.850   -21.048    -3.908
 7     0.697     0.707     0.114
 7    -0.715     0.697     0.045
 7    -0.048    -0.113     0.992
 8   118.165   -24.824    26.269
 8     0.734    -0.361     0.574
 8    -0.340    -0.928    -0.149
 8     0.587    -0.086    -0.805
 9   133.921   -42.481    29.706
 9     0.765    -0.384     0.516
 9    -0.641    -0.380     0.667
 9    -0.060    -0.842    -0.536
 2    96.624   -18.651    59.855
 2    -0.131    -0.991    -0.025
 2     0.989    -0.133     0.069
 2    -0.072    -0.016     0.997
 3   130.664    -2.704     3.402
 3     0.660    -0.573    -0.485
 3     0.258     0.780    -0.570
 3     0.705     0.251     0.662
 4   112.108    14.394    -4.346
 4     0.635    -0.735     0.234
 4     0.771     0.596    -0.222
 4     0.023     0.321     0.946
 5   116.338    19.500    22.896
 5     0.609     0.168     0.775
 5     0.302    -0.953    -0.031
 5     0.733     0.253    -0.631
 6   139.202    27.566    32.136
 6     0.972    -0.002     0.233
 6     0.218    -0.346    -0.913
 6     0.083     0.938    -0.336
 7   112.967   -21.200    -3.897
 7     0.701     0.703     0.119
 7    -0.711     0.701     0.045
 7    -0.052    -0.117     0.992
 8   118.684   -24.936    26.190
 8     0.757    -0.269     0.595
 8    -0.279    -0.957    -0.077
 8     0.590    -0.107    -0.800
 9   135.977   -40.623    29.612
 9     0.832    -0.300     0.467
 9    -0.553    -0.384     0.739
 9    -0.042    -0.873    -0.486
 2    96.624   -18.651    59.855
 2    -0.131    -0.991    -0.025
 2     0.989    -0.133     0.069
 2    -0.072    -0.016     0.997
 3   130.704    -2.934     3.577
 3     0.661    -0.572    -0.486
 3     0.267     0.784    -0.560
 3     0.701     0.240     0.671
 4   112.312    14.193    -4.514
 4     0.650    -0.718     0.249
 4     0.760     0.614    -0.215
 4     0.001     0.329     0.944
 5   117.019    19.955    22.612
 5     0.636     0.069     0.768
 5     0.270    -0.953    -0.138
 5     0.722     0.295    -0.625
 6   140.849    25.649    31.470
 6     0.990    -0.056     0.130
 6     0.109    -0.286    -0.952
 6     0.090     0.956    -0.277
 7   113.126   -21.279    -3.980
 7     0.705     0.698     0.125
 7    -0.706     0.706     0.042
 7    -0.059    -0.118     0.991
 8   119.001   -25.212    26.003
 8     0.771    -0.199     0.605
 8    -0.240    -0.971    -0.014
 8     0.590    -0.134    -0.796
 9   137.623   -39.049    29.542
 9     0.886    -0.228     0.404
 9    -0.463    -0.377     0.802
 9    -0.031    -0.898    -0.440
 2    96.624   -18.651    59.855
 2    -0.131    -0.991    -0.025
 2     0.989    -0.133     0.069
 2    -0.072    -0.016     0.997
 3   130.825    -3.061     3.768
 3     0.660    -0.570    -0.489
 3     0.274     0.789    -0.550
 3     0.699     0.229     0.677
 4   112.680    14.097    -4.540
 4     0.666    -0.700     0.258
 4     0.745     0.632    -0.210
 4    -0.016     0.333     0.943
 5   117.736    20.267    22.438
 5     0.656    -0.035     0.753
 5     0.224    -0.945    -0.239
 5     0.720     0.325    -0.612
 6   141.805    23.617    31.426
 6     0.994    -0.103     0.029
 6     0.003    -0.242    -0.970
 6     0.106     0.965    -0.240
 7   113.247   -21.331    -3.974
 7     0.705     0.697     0.127
 7    -0.706     0.707     0.041
 7    -0.061    -0.119     0.991
 8   119.058   -25.409    25.908
 8     0.778    -0.143     0.611
 8    -0.207    -0.978     0.034
 8     0.593    -0.153    -0.791
 9   139.055   -36.556    29.333
 9     0.943    -0.144     0.300
 9    -0.332    -0.355     0.874
 9    -0.019    -0.924    -0.382
 2    96.573   -18.651    59.855
 2    -0.131    -0.991    -0.025
 2     0.989    -0.133     0.069
 2    -0.072    -0.015     0.997
 3   130.824    -3.239     3.903
 3     0.661    -0.568    -0.492
 3     0.277     0.793    -0.543
 3     0.698     0.222     0.681
 4   112.868    13.846    -4.689
 4     0.681    -0.681     0.269
 4     0.731     0.651    -0.205
 4    -0.035     0.336     0.941
 5   118.414    20.705    21.994
 5     0.675    -0.129     0.726
 5     0.180    -0.926    -0.333
 5     0.715     0.355    -0.602
 6   143.028    21.530    30.688
 6     0.988    -0.134    -0.074
 6    -0.099    -0.184    -0.978
 6     0.117     0.974    -0.195
 7   113.223   -21.415    -4.014
 7     0.708     0.692     0.140
 7    -0.703     0.710     0.038
 7    -0.073    -0.125     0.989
 8   119.403   -25.792    25.595
 8     0.781    -0.022     0.623
 8    -0.131    -0.983     0.130
 8     0.610    -0.183    -0.771
 9   140.938   -33.790    29.681
 9     0.984    -0.047     0.167
 9    -0.174    -0.318     0.932
 9     0.010    -0.947    -0.322
 2    96.623   -18.651    59.855
 2    -0.131    -0.991    -0.025
 2     0.989    -0.133     0.069
 2    -0.072    -0.015     0.997
 3   130.917    -3.366     3.996
 3     0.660    -0.566    -0.494
 3     0.283     0.796    -0.534
 3     0.695     0.213     0.686
 4   113.188    13.823    -4.715
 4     0.703    -0.655     0.277
 4     0.709     0.674    -0.206
 4    -0.052     0.341     0.938
 5   119.441    21.140    21.794
 5     0.689    -0.245     0.682
 5     0.120    -0.890    -0.441
 5     0.715     0.386    -0.583
 6   143.880    18.786    31.299
 6     0.956    -0.182    -0.230
 6    -0.249    -0.085    -0.965
 6     0.156     0.979    -0.126
 7   113.370   -21.422    -3.948
 7     0.714     0.682     0.156
 7    -0.694     0.719     0.037
 7    -0.087    -0.135     0.987
 8   119.903   -26.296    25.353
 8     0.783     0.118     0.611
 8    -0.034    -0.972     0.232
 8     0.621    -0.203    -0.757
 9   142.524   -29.312    29.979
 9     0.997     0.055    -0.046
 9     0.057    -0.239     0.969
 9     0.043    -0.969    -0.242
 2    96.624   -18.651    59.804
 2    -0.131    -0.991    -0.024
 2     0.988    -0.133     0.069
 2    -0.072    -0.015     0.997
 3   131.042    -3.467     4.157
 3     0.660    -0.563    -0.497
 3     0.288     0.801    -0.525
 3     0.694     0.203     0.690
 4   113.828    13.867    -4.714
 4     0.725    -0.634     0.268
 4     0.687     0.694    -0.215
 4    -0.050     0.340     0.939
 5   120.269    21.622    21.598
 5     0.680    -0.356     0.640
 5     0.056    -0.846    -0.530
 5     0.730     0.396    -0.556
 6   144.573    14.762    31.505
 6     0.874    -0.217    -0.435
 6    -0.439     0.030    -0.898
 6     0.208     0.976    -0.068
 7   113.638   -21.421    -3.941
 7     0.719     0.676     0.159
 7    -0.689     0.724     0.037
 7    -0.090    -0.137     0.986
 8   120.733   -26.855    25.206
 8     0.775     0.265     0.572
