% Calibrated with leiden_pols
% Positions are in centimeters
Data =[
 2    96.624   -18.651    59.855
 2    -0.131    -0.991    -0.025
 2     0.989    -0.133     0.069
 2    -0.072    -0.016     0.997
 3   132.178    -3.551     4.686
 3     0.620    -0.581    -0.527
 3     0.316     0.800    -0.510
 3     0.718     0.149     0.680
 4   116.469    13.730    -4.215
 4     0.775    -0.614     0.152
 4     0.627     0.717    -0.304
 4     0.077     0.330     0.940
 5   121.860    21.400    22.430
 5     0.665    -0.399     0.631
 5     0.025    -0.833    -0.553
 5     0.746     0.383    -0.545
 6   145.589     9.963    31.838
 6     0.708    -0.047    -0.705
 6    -0.634     0.399    -0.663
 6     0.312     0.916     0.252
 7   115.503   -22.109    -2.913
 7     0.760     0.630     0.157
 7    -0.648     0.752     0.119
 7    -0.043    -0.193     0.980
 8   123.060   -26.435    26.414
 8     0.763     0.351     0.543
 8     0.116    -0.900     0.419
 8     0.636    -0.257    -0.728
 9   145.341   -20.472    31.892
 9     0.872     0.078    -0.482
 9     0.443     0.289     0.848
 9     0.206    -0.954     0.218
 2    96.624   -18.651    59.855
 2    -0.131    -0.991    -0.025
 2     0.989    -0.133     0.069
 2    -0.072    -0.016     0.997
 3   132.177    -3.551     4.685
 3     0.620    -0.581    -0.527
 3     0.316     0.800    -0.510
 3     0.718     0.150     0.680
 4   116.254    13.726    -4.313
 4     0.761    -0.625     0.174
 4     0.645     0.703    -0.298
 4     0.064     0.339     0.938
 5   121.271    20.993    22.451
 5     0.652    -0.315     0.689
 5     0.069    -0.881    -0.468
 5     0.754     0.353    -0.553
 6   145.114    13.120    32.106
 6     0.841    -0.169    -0.514
 6    -0.503     0.104    -0.858
 6     0.198     0.980     0.002
 7   115.501   -22.111    -2.960
 7     0.759     0.631     0.158
 7    -0.649     0.751     0.118
 7    -0.044    -0.193     0.980
 8   122.545   -26.008    26.407
 8     0.770     0.272     0.577
 8     0.073    -0.936     0.344
 8     0.633    -0.223    -0.741
 9   145.326   -23.608    31.856
 9     0.950     0.120    -0.287
 9     0.286     0.024     0.958
 9     0.122    -0.992    -0.011
 2    96.574   -18.651    59.855
 2    -0.131    -0.991    -0.025
 2     0.989    -0.133     0.069
 2    -0.072    -0.016     0.997
 3   132.060    -3.547     4.669
 3     0.617    -0.586    -0.526
 3     0.315     0.796    -0.517
 3     0.721     0.154     0.675
 4   116.096    13.773    -4.420
 4     0.751    -0.631     0.194
 4     0.657     0.691    -0.299
 4     0.054     0.352     0.934
 5   120.984    20.828    22.436
 5     0.652    -0.280     0.705
 5     0.083    -0.897    -0.433
 5     0.753     0.341    -0.562
 6   145.070    15.643    32.046
 6     0.924    -0.200    -0.325
 6    -0.353    -0.120    -0.928
 6     0.146     0.972    -0.182
 7   115.492   -22.114    -3.075
 7     0.759     0.630     0.162
 7    -0.649     0.751     0.117
 7    -0.048    -0.194     0.980
 8   122.666   -25.864    26.402
 8     0.780     0.266     0.567
 8     0.072    -0.937     0.341
 8     0.622    -0.225    -0.750
 9   145.429   -25.921    31.416
 9     0.982     0.109    -0.156
 9     0.169    -0.124     0.978
 9     0.087    -0.986    -0.141
 2    96.574   -18.651    59.855
 2    -0.131    -0.991    -0.025
 2     0.989    -0.133     0.069
 2    -0.072    -0.016     0.997
 3   131.984    -3.549     4.539
 3     0.618    -0.588    -0.522
 3     0.312     0.793    -0.523
 3     0.721     0.160     0.673
 4   115.829    13.964    -4.481
 4     0.746    -0.631     0.213
 4     0.664     0.688    -0.292
 4     0.038     0.359     0.932
 5   121.177    20.588    22.410
 5     0.662    -0.272     0.698
 5     0.076    -0.903    -0.423
 5     0.745     0.333    -0.578
 6   145.367    17.356    32.530
 6     0.960    -0.205    -0.189
 6    -0.236    -0.237    -0.943
 6     0.149     0.949    -0.276
 7   115.378   -22.052    -3.277
 7     0.761     0.625     0.175
 7    -0.646     0.756     0.107
 7    -0.066    -0.195     0.979
 8   122.867   -25.571    26.291
 8     0.792     0.268     0.548
 8     0.078    -0.935     0.345
 8     0.605    -0.231    -0.762
 9   145.398   -26.945    31.368
 9     0.992     0.096    -0.073
 9     0.092    -0.212     0.973
 9     0.078    -0.973    -0.219
 2    96.574   -18.651    59.855
 2    -0.131    -0.991    -0.025
 2     0.989    -0.133     0.069
 2    -0.072    -0.016     0.997
 3   131.882    -3.499     4.358
 3     0.620    -0.589    -0.518
 3     0.308     0.790    -0.529
 3     0.721     0.168     0.672
 4   115.489    14.004    -4.520
 4     0.740    -0.631     0.231
 4     0.671     0.683    -0.287
 4     0.023     0.367     0.930
 5   121.233    20.038    22.358
 5     0.682    -0.243     0.690
 5     0.073    -0.916    -0.394
 5     0.728     0.319    -0.607
 6   145.038    19.052    32.522
 6     0.979    -0.186    -0.084
 6    -0.136    -0.286    -0.948
 6     0.152     0.940    -0.305
 7   115.319   -21.954    -3.443
 7     0.760     0.624     0.179
 7    -0.645     0.757     0.105
 7    -0.070    -0.196     0.978
 8   122.572   -25.410    26.293
 8     0.804     0.191     0.563
 8     0.026    -0.958     0.287
 8     0.594    -0.216    -0.775
 9   144.940   -28.472    31.017
 9     0.999     0.043     0.007
 9     0.006    -0.294     0.956
 9     0.043    -0.955    -0.294
 2    96.624   -18.651    59.855
 2    -0.131    -0.991    -0.025
 2     0.989    -0.133     0.069
 2    -0.072    -0.016     0.997
 3   131.805    -3.476     4.303
 3     0.623    -0.590    -0.514
 3     0.303     0.787    -0.537
 3     0.721     0.178     0.669
 4   115.165    14.111    -4.451
 4     0.731    -0.642     0.232
 4     0.682     0.674    -0.282
 4     0.025     0.364     0.931
 5   120.447    20.054    22.658
 5     0.672    -0.151     0.725
 5     0.119    -0.944    -0.307
 5     0.731     0.292    -0.616
 6   144.313    20.968    33.172
 6     0.984    -0.178    -0.015
 6    -0.070    -0.313    -0.947
 6     0.164     0.933    -0.320
 7   115.196   -21.954    -3.498
 7     0.760     0.626     0.176
 7    -0.647     0.756     0.103
 7    -0.069    -0.193     0.979
 8   122.227   -25.279    26.373
 8     0.799     0.122     0.589
 8    -0.013    -0.975     0.220
 8     0.601    -0.184    -0.778
 9   144.420   -29.715    31.484
 9     0.997     0.034     0.067
 9    -0.052    -0.328     0.943
 9     0.054    -0.944    -0.325
 2    96.624   -18.651    59.855
 2    -0.131    -0.991    -0.025
 2     0.989    -0.133     0.069
 2    -0.072    -0.016     0.997
 3   131.615    -3.252     4.438
 3     0.626    -0.594    -0.504
 3     0.303     0.782    -0.545
 3     0.718     0.188     0.670
 4   114.968    14.304    -4.395
 4     0.722    -0.654     0.226
 4     0.691     0.662    -0.291
 4     0.040     0.366     0.929
 5   119.777    19.744    22.720
 5     0.653    -0.080     0.753
 5     0.147    -0.962    -0.230
 5     0.743     0.261    -0.616
 6   143.450    21.575    33.728
 6     0.983    -0.178     0.024
 6    -0.038    -0.335    -0.942
 6     0.176     0.925    -0.336
 7   115.232   -21.871    -3.523
 7     0.763     0.624     0.166
 7    -0.643     0.759     0.102
 7    -0.062    -0.186     0.981
 8   121.797   -25.041    26.484
 8     0.782     0.038     0.621
 8    -0.062    -0.989     0.138
 8     0.620    -0.147    -0.771
 9   143.460   -31.001    32.280
 9     0.989     0.036     0.141
 9    -0.119    -0.359     0.926
 9     0.083    -0.933    -0.351
 2    96.574   -18.651    59.855
 2    -0.131    -0.991    -0.025
 2     0.989    -0.133     0.069
 2    -0.072    -0.016     0.997
 3   131.632    -3.127     4.420
 3     0.628    -0.596    -0.501
 3     0.303     0.780    -0.548
 3     0.716     0.192     0.670
 4   114.916    14.444    -4.482
 4     0.716    -0.662     0.222
 4     0.696     0.653    -0.298
 4     0.052     0.368     0.928
 5   119.457    19.903    22.852
 5     0.639    -0.019     0.769
 5     0.176    -0.969    -0.171
 5     0.748     0.245    -0.616
