% Calibrated with leiden_pols
% Positions are in centimeters
Data =[
 2    96.623   -18.651    59.855
 2    -0.131    -0.991    -0.025
 2     0.989    -0.133     0.069
 2    -0.072    -0.015     0.997
 3   130.121    -1.541     4.783
 3     0.660    -0.575    -0.484
 3     0.274     0.784    -0.557
 3     0.699     0.235     0.675
 4   112.757    15.935    -3.255
 4     0.689    -0.690     0.224
 4     0.713     0.589    -0.379
 4     0.129     0.420     0.898
 5   112.983    24.487    22.920
 5     0.455    -0.215     0.864
 5     0.318    -0.867    -0.383
 5     0.832     0.449    -0.326
 6   133.614    23.704    43.340
 6     0.553    -0.573    -0.605
 6    -0.307     0.535    -0.787
 6     0.775     0.620     0.120
 7   112.920   -20.676    -2.372
 7     0.736     0.651     0.185
 7    -0.674     0.731     0.108
 7    -0.065    -0.204     0.977
 8   114.974   -27.929    25.720
 8     0.631     0.259     0.731
 8    -0.104    -0.906     0.411
 8     0.769    -0.336    -0.544
 9   134.193   -30.505    40.963
 9     0.663     0.593    -0.457
 9     0.111     0.525     0.844
 9     0.740    -0.610     0.282
 2    96.623   -18.651    59.855
 2    -0.131    -0.991    -0.024
 2     0.988    -0.133     0.069
 2    -0.072    -0.015     0.997
 3   130.121    -1.592     4.656
 3     0.660    -0.574    -0.484
 3     0.274     0.784    -0.557
 3     0.699     0.234     0.675
 4   112.752    15.908    -3.327
 4     0.689    -0.688     0.226
 4     0.713     0.590    -0.379
 4     0.127     0.422     0.897
 5   113.035    24.436    22.845
 5     0.455    -0.219     0.863
 5     0.318    -0.866    -0.387
 5     0.832     0.450    -0.325
 6   133.522    23.681    43.381
 6     0.550    -0.575    -0.605
 6    -0.305     0.536    -0.787
 6     0.777     0.617     0.120
 7   112.925   -20.777    -2.322
 7     0.735     0.651     0.186
 7    -0.675     0.729     0.111
 7    -0.064    -0.208     0.976
 8   114.976   -27.903    25.720
 8     0.631     0.258     0.732
 8    -0.104    -0.906     0.409
 8     0.769    -0.334    -0.545
 9   134.242   -30.454    40.912
 9     0.663     0.592    -0.457
 9     0.112     0.526     0.843
 9     0.740    -0.610     0.283
 2    96.623   -18.650    59.855
 2    -0.132    -0.991    -0.025
 2     0.989    -0.133     0.069
 2    -0.072    -0.015     0.997
 3   130.174    -1.590     4.499
 3     0.659    -0.576    -0.484
 3     0.275     0.783    -0.557
 3     0.700     0.234     0.675
 4   112.727    15.807    -3.378
 4     0.690    -0.688     0.227
 4     0.713     0.590    -0.379
 4     0.127     0.423     0.897
 5   113.030    24.435    22.902
 5     0.455    -0.218     0.863
 5     0.318    -0.866    -0.386
 5     0.831     0.451    -0.325
 6   133.573    23.706    43.306
 6     0.550    -0.573    -0.608
 6    -0.305     0.540    -0.784
 6     0.777     0.617     0.122
 7   112.927   -20.776    -2.325
 7     0.735     0.652     0.186
 7    -0.675     0.729     0.112
 7    -0.063    -0.209     0.976
 8   114.849   -27.907    25.834
 8     0.631     0.245     0.735
 8    -0.111    -0.911     0.398
 8     0.767    -0.333    -0.548
 9   134.270   -30.460    40.831
 9     0.669     0.580    -0.465
 9     0.113     0.538     0.835
 9     0.735    -0.611     0.294
 2    96.623   -18.650    59.855
 2    -0.132    -0.991    -0.025
 2     0.989    -0.133     0.069
 2    -0.072    -0.015     0.997
 3   130.134    -1.637     4.486
 3     0.656    -0.578    -0.486
 3     0.275     0.782    -0.559
 3     0.703     0.233     0.672
 4   112.580    15.708    -3.334
 4     0.686    -0.691     0.228
 4     0.716     0.585    -0.380
 4     0.129     0.424     0.896
 5   112.580    24.302    23.003
 5     0.465    -0.180     0.866
 5     0.328    -0.875    -0.357
 5     0.822     0.450    -0.349
 6   133.620    23.574    43.041
 6     0.550    -0.563    -0.617
 6    -0.310     0.548    -0.777
 6     0.775     0.618     0.127
 7   112.893   -20.821    -2.268
 7     0.734     0.654     0.183
 7    -0.677     0.727     0.117
 7    -0.056    -0.210     0.976
 8   114.714   -27.992    25.938
 8     0.634     0.220     0.740
 8    -0.126    -0.916     0.381
 8     0.762    -0.335    -0.554
 9   134.182   -30.598    40.556
 9     0.677     0.561    -0.477
 9     0.113     0.561     0.820
 9     0.727    -0.609     0.316
 2    96.623   -18.650    59.855
 2    -0.132    -0.991    -0.025
 2     0.988    -0.133     0.069
 2    -0.072    -0.015     0.997
 3   130.140    -1.583     4.453
 3     0.652    -0.581    -0.487
 3     0.277     0.780    -0.560
 3     0.705     0.230     0.670
 4   112.435    15.627    -3.363
 4     0.682    -0.693     0.235
 4     0.721     0.583    -0.373
 4     0.121     0.424     0.897
 5   112.424    24.325    22.952
 5     0.466    -0.156     0.870
 5     0.340    -0.877    -0.339
 5     0.816     0.455    -0.356
 6   133.667    23.752    42.919
 6     0.553    -0.563    -0.614
 6    -0.308     0.547    -0.778
 6     0.774     0.620     0.130
 7   112.946   -20.846    -2.271
 7     0.734     0.654     0.182
 7    -0.677     0.726     0.119
 7    -0.055    -0.211     0.976
 8   114.663   -27.993    25.938
 8     0.635     0.220     0.740
 8    -0.127    -0.916     0.381
 8     0.762    -0.336    -0.553
 9   134.229   -30.649    40.509
 9     0.678     0.559    -0.477
 9     0.114     0.561     0.820
 9     0.726    -0.611     0.317
 2    96.624   -18.651    59.855
 2    -0.131    -0.991    -0.025
 2     0.989    -0.133     0.069
 2    -0.072    -0.016     0.997
 3   130.147    -1.579     4.471
 3     0.649    -0.583    -0.489
 3     0.279     0.780    -0.560
 3     0.707     0.227     0.669
 4   112.482    15.625    -3.407
 4     0.682    -0.693     0.234
 4     0.721     0.586    -0.370
 4     0.119     0.421     0.899
 5   112.468    24.143    22.831
 5     0.474    -0.174     0.863
 5     0.322    -0.878    -0.354
 5     0.819     0.446    -0.360
 6   133.669    23.855    42.642
 6     0.556    -0.560    -0.615
 6    -0.304     0.552    -0.777
 6     0.774     0.618     0.137
 7   112.916   -20.991    -2.165
 7     0.733     0.656     0.181
 7    -0.679     0.723     0.128
 7    -0.047    -0.216     0.975
 8   114.709   -28.046    25.893
 8     0.635     0.219     0.740
 8    -0.130    -0.914     0.383
 8     0.761    -0.340    -0.553
 9   133.918   -31.047    40.346
 9     0.657     0.540    -0.525
 9     0.098     0.629     0.771
 9     0.747    -0.558     0.360
 2    96.624   -18.701    59.855
 2    -0.131    -0.991    -0.025
 2     0.989    -0.133     0.069
 2    -0.072    -0.016     0.997
 3   130.156    -1.703     4.567
 3     0.647    -0.581    -0.494
 3     0.281     0.783    -0.554
 3     0.709     0.219     0.670
 4   112.629    15.381    -3.480
 4     0.690    -0.686     0.229
 4     0.716     0.603    -0.352
 4     0.103     0.407     0.907
 5   112.272    23.726    22.626
 5     0.467    -0.143     0.872
 5     0.327    -0.889    -0.321
 5     0.821     0.435    -0.369
 6   133.528    24.355    42.368
 6     0.562    -0.575    -0.594
 6    -0.281     0.543    -0.791
 6     0.777     0.612     0.144
 7   113.093   -21.004    -2.098
 7     0.735     0.655     0.174
 7    -0.677     0.722     0.140
 7    -0.035    -0.221     0.974
 8   113.856   -29.052    25.297
 8     0.603     0.197     0.773
 8    -0.201    -0.900     0.386
 8     0.772    -0.389    -0.504
 9   132.473   -32.993    40.390
 9     0.621     0.564    -0.545
 9     0.042     0.670     0.741
 9     0.783    -0.483     0.392
 2    96.624   -18.651    59.855
 2    -0.131    -0.991    -0.025
 2     0.989    -0.133     0.069
 2    -0.072    -0.016     0.997
 3   130.266    -1.851     4.792
 3     0.642    -0.580    -0.501
 3     0.285     0.787    -0.547
 3     0.711     0.208     0.671
 4   112.820    15.237    -3.657
 4     0.697    -0.678     0.233
 4     0.712     0.615    -0.339
 4     0.086     0.402     0.911
 5   111.700    23.970    21.718
 5     0.433    -0.144     0.889
 5     0.368    -0.873    -0.320
 5     0.822     0.466    -0.326
 6   132.182    25.623    41.897
 6     0.509    -0.593    -0.624
 6    -0.230     0.604    -0.763
 6     0.829     0.531     0.172
 7   113.102   -21.105    -2.159
 7     0.730     0.661     0.171
 7    -0.682     0.718     0.139
 7    -0.031    -0.219     0.975
 8   111.716   -29.862    24.150
 8     0.516     0.172     0.839
 8    -0.287    -0.888     0.359
 8     0.807    -0.426    -0.409
 9   128.960   -35.897    40.577
 9     0.539     0.629    -0.560
 9    -0.043     0.684     0.728
 9     0.841    -0.369     0.396
 2    96.624   -18.651    59.855
 2    -0.131    -0.991    -0.025
 2     0.989    -0.133     0.069
 2    -0.072    -0.016     0.997
 3   130.218    -2.105     4.930
 3     0.642    -0.575    -0.508
 3     0.289     0.795    -0.534
 3     0.710     0.195     0.676
 4   112.985    15.033    -4.054
 4     0.703    -0.668     0.244
 4     0.709     0.630    -0.316
 4     0.057     0.395     0.917
 5   110.876    24.551    20.543
 5     0.373    -0.128     0.919
 5     0.436    -0.850    -0.295
 5     0.819     0.510    -0.261
 6   131.281    27.602    41.838
 6     0.372    -0.490    -0.788
 6    -0.125     0.815    -0.566
 6     0.920     0.309     0.242
 7   112.877   -21.113    -2.338
 7     0.719     0.675     0.163
 7    -0.694     0.709     0.128
 7    -0.030    -0.206     0.978
 8   109.746   -30.802    22.727
 8     0.415     0.198     0.888
 8    -0.342    -0.871     0.353
 8     0.843    -0.450    -0.294
 9   125.611   -37.239    40.722
 9     0.446     0.638    -0.627
 9    -0.078     0.725     0.683
 9     0.891    -0.256     0.374
 2    96.624   -18.651    59.855
 2    -0.131    -0.991    -0.025
 2     0.989    -0.133     0.069
 2    -0.072    -0.016     0.997
 3   130.040    -2.209     4.993
 3     0.643    -0.570    -0.512
 3     0.291     0.800    -0.525
 3     0.708     0.188     0.680
 4   113.026    14.915    -4.333
 4     0.708    -0.661     0.249
 4     0.705     0.642    -0.302
 4     0.040     0.389     0.920
 5   110.171    25.319    19.450
 5     0.320    -0.170     0.932
 5     0.478    -0.820    -0.314
 5     0.818     0.546    -0.181
 6   129.713    28.309    41.412
 6     0.237    -0.281    -0.930
 6    -0.030     0.955    -0.296
 6     0.971     0.098     0.218
 7   112.579   -21.169    -2.516
 7     0.709     0.686     0.161
 7    -0.704     0.699     0.122
 7    -0.029    -0.200     0.979
 8   108.091   -31.043    21.677
 8     0.331     0.233     0.914
 8    -0.359    -0.865     0.350
 8     0.872    -0.444    -0.203
 9   123.133   -37.264    40.763
 9     0.395     0.635    -0.664
 9    -0.076     0.742     0.666
 9     0.915    -0.213     0.341
 2    96.624   -18.651    59.855
 2    -0.131    -0.991    -0.025
 2     0.988    -0.133     0.069
 2    -0.072    -0.016     0.997
 3   129.907    -2.290     4.956
 3     0.647    -0.563    -0.514
 3     0.289     0.805    -0.518
 3     0.705     0.187     0.683
 4   113.061    14.830    -4.511
 4     0.712    -0.656     0.249
 4     0.701     0.649    -0.296
 4     0.032     0.385     0.922
 5   108.967    26.092    18.393
 5     0.246    -0.191     0.950
 5     0.525    -0.798    -0.297
 5     0.814     0.572    -0.097
 6   127.329    29.484    41.967
 6     0.141    -0.191    -0.971
 6     0.010     0.981    -0.191
 6     0.990     0.017     0.140
 7   112.430   -21.121    -2.743
 7     0.704     0.691     0.162
 7    -0.709     0.694     0.120
 7    -0.029    -0.200     0.979
 8   106.640   -30.891    20.739
 8     0.248     0.252     0.935
 8    -0.372    -0.867     0.333
 8     0.894    -0.431    -0.121
 9   120.670   -36.922    40.838
 9     0.345     0.648    -0.679
 9    -0.061     0.737     0.673
 9     0.936    -0.191     0.294
 2    96.573   -18.651    59.855
 2    -0.131    -0.991    -0.025
 2     0.989    -0.133     0.069
 2    -0.072    -0.015     0.997
 3   129.851    -2.243     4.964
 3     0.650    -0.561    -0.512
 3     0.288     0.806    -0.517
 3     0.703     0.188     0.686
 4   113.110    14.881    -4.658
 4     0.711    -0.659     0.246
 4     0.702     0.650    -0.290
 4     0.031     0.379     0.925
 5   107.507    26.381    17.435
 5     0.170    -0.204     0.964
 5     0.562    -0.783    -0.265
 5     0.809     0.587    -0.019
 6   124.904    30.162    41.739
 6     0.079    -0.184    -0.979
 6     0.027     0.983    -0.183
 6     0.996    -0.013     0.083
 7   112.255   -20.945    -2.976
 7     0.702     0.694     0.157
 7    -0.711     0.693     0.117
 7    -0.028    -0.194     0.980
 8   104.781   -30.723    19.630
 8     0.152     0.253     0.955
 8    -0.388    -0.874     0.293
 8     0.909    -0.415    -0.035
 9   117.209   -36.665    40.770
 9     0.271     0.680    -0.681
 9    -0.061     0.718     0.693
 9     0.960    -0.147     0.236
 2    96.623   -18.650    59.855
 2    -0.132    -0.991    -0.025
 2     0.988    -0.133     0.069
 2    -0.072    -0.016     0.997
 3   129.698    -2.177     4.867
 3     0.659    -0.558    -0.504
 3     0.285     0.806    -0.518
 3     0.695     0.198     0.691
 4   113.023    14.912    -4.898
 4     0.708    -0.665     0.238
 4     0.705     0.648    -0.287
 4     0.036     0.370     0.928
 5   105.888    26.519    16.414
 5     0.077    -0.218     0.973
 5     0.591    -0.776    -0.221
 5     0.803     0.592     0.069
 6   121.361    31.186    42.137
 6    -0.000    -0.205    -0.979
 6     0.032     0.978    -0.205
 6     0.999    -0.032     0.006
 7   112.062   -20.771    -3.198
 7     0.692     0.708     0.140
 7    -0.722     0.684     0.105
 7    -0.022    -0.174     0.984
 8   102.442   -30.426    18.285
 8     0.025     0.237     0.971
 8    -0.414    -0.881     0.226
 8     0.909    -0.408     0.076
 9   113.114   -36.707    40.192
 9     0.187     0.718    -0.671
 9    -0.066     0.690     0.720
 9     0.980    -0.091     0.177
 2    96.624   -18.651    59.855
 2    -0.131    -0.991    -0.025
 2     0.988    -0.133     0.069
 2    -0.072    -0.016     0.997
 3   129.638    -2.184     4.777
 3     0.666    -0.552    -0.502
 3     0.280     0.808    -0.518
 3     0.692     0.204     0.692
 4   113.017    14.750    -5.176
 4     0.698    -0.687     0.201
 4     0.714     0.648    -0.263
 4     0.050     0.327     0.943
 5   103.699    25.716    15.393
 5    -0.035    -0.192     0.981
 5     0.613    -0.779    -0.131
 5     0.789     0.597     0.145
 6   116.815    31.407    42.483
 6    -0.082    -0.244    -0.966
 6     0.034     0.968    -0.247
 6     0.996    -0.053    -0.071
 7   111.783   -20.682    -3.615
 7     0.672     0.731     0.116
 7    -0.740     0.667     0.080
 7    -0.019    -0.140     0.990
 8    99.789   -29.178    17.289
 8    -0.108     0.140     0.984
 8    -0.430    -0.899     0.081
 8     0.896    -0.415     0.157
 9   108.685   -36.224    39.459
 9     0.124     0.760    -0.637
 9    -0.088     0.648     0.756
 9     0.988    -0.038     0.147
 2    96.623   -18.650    59.855
 2    -0.132    -0.991    -0.025
 2     0.988    -0.133     0.069
 2    -0.072    -0.016     0.997
 3   129.570    -2.145     4.673
 3     0.676    -0.541    -0.501
 3     0.269     0.813    -0.516
 3     0.686     0.214     0.695
 4   113.082    14.595    -5.403
 4     0.688    -0.709     0.157
 4     0.722     0.646    -0.247
 4     0.073     0.283     0.956
 5   101.682    24.440    14.446
 5    -0.154    -0.156     0.976
 5     0.605    -0.795    -0.032
 5     0.781     0.586     0.216
 6   112.093    30.863    42.868
 6    -0.176    -0.280    -0.944
 6     0.037     0.956    -0.291
 6     0.984    -0.087    -0.158
 7   111.240   -20.461    -4.103
 7     0.626     0.774     0.088
 7    -0.779     0.626     0.041
 7    -0.023    -0.094     0.995
 8    97.164   -27.571    15.917
 8    -0.237     0.038     0.971
 8    -0.433    -0.898    -0.071
 8     0.870    -0.437     0.229
 9   105.322   -34.872    38.015
 9     0.112     0.715    -0.690
 9    -0.089     0.698     0.710
 9     0.990    -0.018     0.141
 2    96.624   -18.651    59.855
 2    -0.131    -0.991    -0.025
 2     0.989    -0.133     0.069
 2    -0.072    -0.016     0.997
 3   129.491    -2.106     4.280
 3     0.686    -0.520    -0.510
 3     0.250     0.826    -0.505
 3     0.683     0.219     0.696
 4   113.209    14.776    -5.405
 4     0.680    -0.723     0.119
 4     0.726     0.641    -0.250
 4     0.104     0.256     0.961
 5   100.389    23.316    13.780
 5    -0.234    -0.136     0.962
 5     0.577    -0.816     0.026
 5     0.782     0.562     0.270
 6   108.563    29.939    43.123
 6    -0.252    -0.293    -0.922
 6     0.038     0.949    -0.312
 6     0.967    -0.114    -0.228
 7   110.663   -20.147    -4.649
 7     0.590     0.804     0.070
 7    -0.806     0.592    -0.002
 7    -0.043    -0.055     0.997
 8    95.470   -26.163    14.747
 8    -0.326    -0.039     0.944
 8    -0.423    -0.888    -0.183
 8     0.845    -0.459     0.273
 9   102.440   -34.103    36.666
 9     0.071     0.654    -0.753
 9    -0.109     0.756     0.646
 9     0.991     0.036     0.125
 2    96.623   -18.650    59.855
 2    -0.132    -0.991    -0.025
 2     0.988    -0.133     0.069
 2    -0.072    -0.016     0.997
 3   129.390    -2.114     4.055
 3     0.692    -0.506    -0.515
 3     0.236     0.833    -0.501
 3     0.682     0.225     0.696
 4   113.396    14.824    -5.551
 4     0.677    -0.729     0.095
 4     0.724     0.639    -0.261
 4     0.130     0.245     0.961
 5    99.584    22.611    13.350
 5    -0.291    -0.126     0.948
 5     0.555    -0.829     0.060
 5     0.779     0.544     0.311
 6   105.547    29.546    43.280
 6    -0.324    -0.297    -0.898
 6     0.041     0.944    -0.327
 6     0.945    -0.143    -0.294
 7   110.588   -19.885    -4.927
 7     0.575     0.816     0.058
 7    -0.817     0.577    -0.022
 7    -0.052    -0.035     0.998
 8    94.999   -25.201    14.069
 8    -0.362    -0.052     0.931
 8    -0.394    -0.896    -0.204
 8     0.845    -0.440     0.303
 9    99.982   -33.846    36.307
 9    -0.028     0.578    -0.816
 9    -0.129     0.807     0.576
 9     0.991     0.121     0.052
 2    96.624   -18.651    59.855
 2    -0.131    -0.991    -0.025
 2     0.989    -0.133     0.069
 2    -0.072    -0.016     0.997
 3   129.446    -1.987     3.968
 3     0.692    -0.504    -0.516
 3     0.229     0.832    -0.505
 3     0.684     0.232     0.691
 4   113.424    14.821    -5.559
 4     0.665    -0.743     0.070
 4     0.731     0.629    -0.265
 4     0.152     0.227     0.962
 5    98.662    21.844    12.863
 5    -0.353    -0.113     0.929
 5     0.537    -0.837     0.103
 5     0.766     0.535     0.355
 6   102.655    29.332    42.893
 6    -0.385    -0.308    -0.870
 6     0.048     0.934    -0.352
 6     0.921    -0.178    -0.345
 7   110.703   -19.763    -5.157
 7     0.571     0.819     0.045
 7    -0.819     0.573    -0.033
 7    -0.053    -0.018     0.998
 8    95.060   -24.765    13.669
 8    -0.368    -0.031     0.929
 8    -0.366    -0.914    -0.176
 8     0.854    -0.405     0.325
 9    98.425   -33.884    36.377
 9    -0.117     0.603    -0.789
 9    -0.141     0.776     0.614
 9     0.983     0.183    -0.006
 2    96.624   -18.651    59.855
 2    -0.131    -0.991    -0.025
 2     0.989    -0.133     0.069
 2    -0.072    -0.016     0.997
 3   129.513    -1.728     3.755
 3     0.688    -0.512    -0.514
 3     0.221     0.823    -0.523
 3     0.691     0.246     0.680
 4   113.176    14.840    -5.574
 4     0.646    -0.761     0.062
 4     0.745     0.611    -0.267
 4     0.166     0.219     0.961
 5    97.832    21.130    12.697
 5    -0.395    -0.088     0.914
 5     0.522    -0.840     0.144
 5     0.756     0.534     0.378
 6    99.991    29.570    42.731
 6    -0.447    -0.293    -0.845
 6     0.075     0.929    -0.363
 6     0.891    -0.226    -0.393
 7   111.156   -19.701    -5.412
 7     0.585     0.810     0.032
 7    -0.810     0.586    -0.035
 7    -0.048    -0.006     0.999
 8    95.416   -24.169    13.365
 8    -0.372    -0.012     0.928
 8    -0.299    -0.945    -0.132
 8     0.878    -0.327     0.348
 9    97.230   -31.540    37.345
 9    -0.223     0.507    -0.833
 9    -0.089     0.840     0.535
 9     0.971     0.193    -0.142
 2    96.624   -18.651    59.855
 2    -0.131    -0.991    -0.025
 2     0.989    -0.133     0.069
 2    -0.072    -0.016     0.997
 3   129.655    -1.441     3.593
 3     0.682    -0.524    -0.511
 3     0.220     0.813    -0.539
 3     0.698     0.255     0.669
 4   112.886    14.879    -5.549
 4     0.623    -0.779     0.062
 4     0.762     0.588    -0.270
 4     0.174     0.215     0.961
 5    97.301    20.623    12.550
 5    -0.420    -0.068     0.905
 5     0.510    -0.843     0.174
 5     0.751     0.534     0.388
 6    97.947    30.015    42.253
 6    -0.494    -0.302    -0.815
 6     0.099     0.912    -0.399
 6     0.863    -0.278    -0.421
 7   111.627   -19.722    -5.603
 7     0.600     0.799     0.006
 7    -0.799     0.600    -0.022
 7    -0.022     0.008     1.000
 8    95.638   -23.703    13.274
 8    -0.390     0.002     0.921
 8    -0.238    -0.966    -0.099
 8     0.890    -0.258     0.377
 9    97.467   -29.172    37.868
 9    -0.234     0.540    -0.809
 9    -0.005     0.831     0.556
 9     0.972     0.134    -0.192
 2    96.624   -18.651    59.855
 2    -0.131    -0.991    -0.025
 2     0.989    -0.133     0.069
 2    -0.072    -0.016     0.997
 3   129.725    -1.205     3.585
 3     0.675    -0.531    -0.513
 3     0.217     0.807    -0.550
 3     0.705     0.260     0.659
 4   112.789    14.940    -5.562
 4     0.604    -0.794     0.063
 4     0.777     0.569    -0.269
 4     0.178     0.211     0.961
 5    96.863    20.137    12.459
 5    -0.438    -0.051     0.898
 5     0.507    -0.839     0.199
 5     0.743     0.542     0.393
 6    95.856    30.730    41.633
 6    -0.548    -0.281    -0.787
 6     0.142     0.897    -0.419
 6     0.824    -0.342    -0.452
 7   112.056   -19.755    -5.603
 7     0.608     0.794    -0.007
 7    -0.794     0.608    -0.014
 7    -0.007     0.014     1.000
 8    95.861   -23.529    13.384
 8    -0.392     0.005     0.920
 8    -0.210    -0.974    -0.084
 8     0.895    -0.226     0.383
 9    96.202   -25.855    36.851
 9    -0.263     0.578    -0.772
 9     0.016     0.803     0.595
 9     0.964     0.143    -0.221
 2    96.573   -18.701    59.855
 2    -0.131    -0.991    -0.025
 2     0.989    -0.133     0.069
 2    -0.072    -0.016     0.997
 3   129.828    -0.992     3.596
 3     0.666    -0.538    -0.516
 3     0.214     0.801    -0.558
 3     0.714     0.261     0.649
 4   112.560    14.819    -5.637
 4     0.587    -0.807     0.060
 4     0.789     0.554    -0.263
 4     0.178     0.202     0.963
 5    96.314    19.716    12.079
 5    -0.467    -0.040     0.883
 5     0.505    -0.832     0.229
 5     0.726     0.553     0.408
 6    94.027    30.999    40.788
 6    -0.592    -0.243    -0.768
 6     0.169     0.895    -0.413
 6     0.788    -0.374    -0.489
 7   112.366   -19.939    -5.513
 7     0.614     0.788    -0.027
 7    -0.789     0.614    -0.005
 7     0.012     0.024     0.999
 8    95.801   -23.563    13.286
 8    -0.415     0.007     0.910
 8    -0.205    -0.975    -0.086
 8     0.886    -0.223     0.406
 9    95.164   -29.380    38.101
 9    -0.343     0.520    -0.782
 9    -0.023     0.827     0.561
 9     0.939     0.210    -0.272
 2    96.624   -18.651    59.855
 2    -0.131    -0.991    -0.025
 2     0.989    -0.133     0.069
 2    -0.072    -0.016     0.997
 3   129.896    -1.064     3.524
 3     0.663    -0.536    -0.522
 3     0.210     0.803    -0.558
 3     0.719     0.260     0.645
 4   112.615    14.695    -5.642
 4     0.583    -0.810     0.058
 4     0.791     0.552    -0.262
 4     0.180     0.198     0.963
 5    96.299    19.585    12.018
 5    -0.470    -0.038     0.881
 5     0.507    -0.829     0.235
 5     0.722     0.557     0.409
 6    93.847    31.216    40.528
 6    -0.601    -0.220    -0.768
 6     0.187     0.896    -0.403
 6     0.777    -0.386    -0.497
 7   112.390   -20.032    -5.478
 7     0.611     0.790    -0.044
 7    -0.791     0.612    -0.002
 7     0.025     0.036     0.999
 8    95.263   -23.433    12.897
 8    -0.438     0.005     0.899
 8    -0.214    -0.972    -0.098
 8     0.873    -0.235     0.427
 9    92.946   -30.065    37.532
 9    -0.406     0.467    -0.786
 9    -0.056     0.845     0.531
 9     0.912     0.260    -0.317
 2    96.623   -18.651    59.855
 2    -0.131    -0.991    -0.024
 2     0.989    -0.133     0.069
 2    -0.072    -0.015     0.997
 3   129.996    -1.370     3.558
 3     0.662    -0.519    -0.541
 3     0.193     0.816    -0.545
 3     0.724     0.256     0.640
 4   112.799    14.646    -5.650
 4     0.588    -0.807     0.054
 4     0.788     0.556    -0.265
 4     0.183     0.198     0.963
 5    96.710    19.713    12.138
 5    -0.464    -0.047     0.884
 5     0.509    -0.831     0.224
 5     0.724     0.554     0.409
 6    94.247    31.265    40.672
 6    -0.602    -0.190    -0.775
 6     0.198     0.905    -0.376
 6     0.773    -0.380    -0.507
 7   111.944   -19.868    -5.477
 7     0.586     0.808    -0.058
 7    -0.810     0.587    -0.009
 7     0.027     0.052     0.998
 8    94.468   -22.848    12.582
 8    -0.459    -0.021     0.888
 8    -0.216    -0.967    -0.134
 8     0.861    -0.254     0.439
 9    90.870   -30.330    36.860
 9    -0.455     0.467    -0.758
 9    -0.082     0.826     0.557
 9     0.886     0.316    -0.338
 2    96.623   -18.651    59.855
 2    -0.131    -0.991    -0.024
 2     0.989    -0.133     0.069
 2    -0.072    -0.015     0.997
 3   129.877    -1.655     3.510
 3     0.666    -0.502    -0.552
 3     0.180     0.826    -0.534
 3     0.724     0.256     0.641
 4   112.980    14.695    -5.632
 4     0.597    -0.801     0.056
 4     0.781     0.563    -0.271
 4     0.185     0.205     0.961
 5    96.958    19.945    12.239
 5    -0.452    -0.052     0.891
 5     0.515    -0.831     0.212
 5     0.729     0.554     0.401
 6    94.732    31.570    40.733
 6    -0.596    -0.187    -0.781
 6     0.208     0.903    -0.375
 6     0.775    -0.386    -0.499
 7   111.577   -19.786    -5.568
 7     0.565     0.823    -0.057
 7    -0.825     0.566    -0.017
 7     0.018     0.056     0.998
 8    94.077   -22.792    12.125
 8    -0.472    -0.021     0.881
 8    -0.244    -0.957    -0.154
 8     0.847    -0.288     0.447
 9    88.888   -32.085    35.700
 9    -0.519     0.435    -0.736
 9    -0.145     0.803     0.577
 9     0.842     0.406    -0.354
 2    96.623   -18.651    59.855
 2    -0.131    -0.991    -0.024
 2     0.989    -0.133     0.069
 2    -0.072    -0.015     0.997
 3   129.826    -1.710     3.491
 3     0.669    -0.495    -0.555
 3     0.175     0.830    -0.529
 3     0.723     0.256     0.642
 4   113.028    14.693    -5.630
 4     0.600    -0.798     0.058
 4     0.778     0.566    -0.272
 4     0.184     0.208     0.960
 5    96.904    19.843    12.190
 5    -0.452    -0.050     0.891
 5     0.515    -0.830     0.214
 5     0.728     0.556     0.400
 6    94.322    31.661    40.571
 6    -0.605    -0.181    -0.775
 6     0.220     0.898    -0.381
 6     0.765    -0.401    -0.503
 7   111.438   -19.667    -5.660
 7     0.559     0.826    -0.067
 7    -0.829     0.559    -0.028
 7     0.014     0.071     0.997
 8    93.533   -22.814    11.425
 8    -0.500    -0.008     0.866
 8    -0.268    -0.949    -0.163
 8     0.823    -0.314     0.472
 9    86.671   -33.250    34.397
 9    -0.591     0.376    -0.714
 9    -0.187     0.797     0.574
 9     0.784     0.473    -0.401
 2    96.623   -18.651    59.855
 2    -0.131    -0.991    -0.025
 2     0.989    -0.133     0.069
 2    -0.072    -0.015     0.997
 3   129.821    -1.911     3.470
 3     0.665    -0.487    -0.566
 3     0.165     0.835    -0.524
 3     0.728     0.255     0.636
 4   113.082    14.643    -5.631
 4     0.601    -0.797     0.056
 4     0.777     0.567    -0.272
 4     0.185     0.206     0.961
 5    96.932    19.836    12.037
 5    -0.457    -0.052     0.888
 5     0.519    -0.826     0.219
 5     0.722     0.561     0.404
 6    94.188    32.077    40.181
 6    -0.614    -0.127    -0.779
 6     0.251     0.904    -0.346
 6     0.748    -0.408    -0.523
 7   111.329   -19.597    -5.733
 7     0.554     0.828    -0.078
 7    -0.832     0.553    -0.037
 7     0.012     0.085     0.996
 8    93.211   -22.879    10.977
 8    -0.514     0.006     0.858
 8    -0.277    -0.947    -0.160
 8     0.812    -0.320     0.488
 9    85.746   -33.691    33.580
 9    -0.621     0.350    -0.702
 9    -0.201     0.794     0.573
 9     0.758     0.497    -0.422
 2    96.624   -18.651    59.855
 2    -0.131    -0.991    -0.025
 2     0.989    -0.133     0.069
 2    -0.072    -0.016     0.997
 3   129.901    -2.015     3.492
 3     0.666    -0.481    -0.570
 3     0.158     0.838    -0.522
 3     0.729     0.257     0.634
 4   113.392    14.540    -5.660
 4     0.611    -0.790     0.049
 4     0.769     0.578    -0.273
 4     0.187     0.204     0.961
 5    96.968    20.099    11.881
 5    -0.458    -0.069     0.886
 5     0.534    -0.818     0.213
 5     0.710     0.571     0.411
 6    93.732    32.766    39.697
 6    -0.628    -0.061    -0.776
 6     0.287     0.908    -0.303
 6     0.723    -0.413    -0.553
 7   111.234   -19.452    -5.898
 7     0.552     0.829    -0.088
 7    -0.834     0.550    -0.050
 7     0.006     0.100     0.995
 8    92.899   -23.244    10.387
 8    -0.527     0.034     0.849
 8    -0.296    -0.944    -0.146
 8     0.797    -0.328     0.507
 9    85.000   -34.445    32.677
 9    -0.641     0.299    -0.707
 9    -0.226     0.807     0.546
 9     0.733     0.509    -0.450
 2    96.623   -18.651    59.855
 2    -0.131    -0.991    -0.025
 2     0.989    -0.133     0.069
 2    -0.072    -0.015     0.997
 3   129.827    -2.016     3.543
 3     0.667    -0.478    -0.572
 3     0.155     0.839    -0.521
 3     0.729     0.258     0.634
 4   113.396    14.412    -5.708
 4     0.615    -0.787     0.042
 4     0.766     0.584    -0.269
 4     0.187     0.198     0.962
 5    96.675    20.034    11.578
 5    -0.471    -0.077     0.879
 5     0.540    -0.813     0.218
 5     0.698     0.577     0.424
 6    92.852    32.851    39.078
 6    -0.646    -0.022    -0.763
 6     0.301     0.911    -0.281
 6     0.701    -0.411    -0.582
 7   111.276   -19.454    -5.946
 7     0.553     0.828    -0.093
 7    -0.833     0.550    -0.057
 7     0.004     0.108     0.994
 8    92.894   -23.246    10.342
 8    -0.528     0.038     0.848
 8    -0.296    -0.944    -0.142
 8     0.796    -0.327     0.510
 9    85.022   -34.324    32.644
 9    -0.645     0.307    -0.700
 9    -0.225     0.799     0.557
 9     0.731     0.517    -0.446
 2    96.624   -18.701    59.855
 2    -0.131    -0.991    -0.025
 2     0.989    -0.132     0.069
 2    -0.072    -0.016     0.997
 3   129.855    -1.965     3.588
 3     0.666    -0.478    -0.573
 3     0.153     0.839    -0.522
 3     0.730     0.260     0.632
 4   113.496    14.412    -5.703
 4     0.614    -0.788     0.038
 4     0.766     0.585    -0.265
 4     0.186     0.192     0.963
 5    96.666    20.083    11.586
 5    -0.474    -0.075     0.877
 5     0.540    -0.812     0.222
 5     0.696     0.579     0.425
 6    93.025    33.153    39.077
 6    -0.643    -0.017    -0.765
 6     0.311     0.908    -0.282
 6     0.700    -0.419    -0.578
 7   111.216   -19.281    -5.986
 7     0.552     0.828    -0.094
 7    -0.833     0.549    -0.062
 7     0.000     0.112     0.993
 8    92.896   -23.091    10.220
 8    -0.527     0.032     0.849
 8    -0.299    -0.942    -0.150
 8     0.795    -0.334     0.506
 9    84.547   -34.693    32.175
 9    -0.656     0.294    -0.695
 9    -0.237     0.794     0.560
 9     0.716     0.532    -0.451
 2    96.624   -18.651    59.855
 2    -0.131    -0.991    -0.025
 2     0.989    -0.133     0.069
 2    -0.072    -0.016     0.997
 3   129.834    -2.016     3.584
 3     0.665    -0.475    -0.576
 3     0.149     0.840    -0.521
 3     0.731     0.261     0.630
 4   113.497    14.411    -5.702
 4     0.616    -0.787     0.038
 4     0.765     0.586    -0.266
 4     0.186     0.192     0.963
 5    96.799    20.136    11.749
 5    -0.466    -0.071     0.882
 5     0.543    -0.810     0.222
 5     0.698     0.582     0.416
 6    93.143    33.328    39.079
 6    -0.642    -0.024    -0.766
 6     0.315     0.903    -0.292
 6     0.699    -0.428    -0.572
 7   111.097   -19.163    -6.145
 7     0.549     0.830    -0.097
 7    -0.836     0.544    -0.072
 7    -0.007     0.121     0.992
 8    92.564   -22.972     9.872
 8    -0.538     0.026     0.842
 8    -0.309    -0.936    -0.168
 8     0.784    -0.351     0.511
 9    83.826   -34.817    31.664
 9    -0.671     0.292    -0.681
 9    -0.243     0.781     0.574
 9     0.701     0.551    -0.453
 2    96.624   -18.651    59.855
 2    -0.131    -0.991    -0.025
 2     0.988    -0.133     0.069
 2    -0.072    -0.016     0.997
 3   129.853    -2.014     3.614
 3     0.662    -0.471    -0.583
 3     0.141     0.842    -0.520
 3     0.736     0.261     0.624
 4   113.522    14.461    -5.703
 4     0.617    -0.786     0.038
 4     0.764     0.587    -0.266
 4     0.186     0.193     0.963
 5    96.723    20.155    11.718
 5    -0.469    -0.065     0.881
 5     0.550    -0.802     0.234
 5     0.691     0.594     0.411
 6    92.882    33.901    38.704
 6    -0.646    -0.028    -0.763
 6     0.326     0.893    -0.310
 6     0.690    -0.449    -0.568
 7   111.011   -19.069    -6.133
 7     0.543     0.833    -0.105
 7    -0.840     0.537    -0.080
 7    -0.011     0.131     0.991
 8    92.256   -22.931     9.569
 8    -0.548     0.026     0.836
 8    -0.317    -0.932    -0.179
 8     0.774    -0.363     0.519
 9    83.169   -35.014    31.121
 9    -0.685     0.275    -0.675
 9    -0.252     0.780     0.573
 9     0.684     0.562    -0.465
 2    96.624   -18.651    59.855
 2    -0.131    -0.991    -0.025
 2     0.988    -0.133     0.069
 2    -0.072    -0.016     0.997
 3   129.766    -2.063     3.627
 3     0.660    -0.467    -0.589
 3     0.137     0.845    -0.517
 3     0.739     0.260     0.622
 4   113.527    14.359    -5.654
 4     0.622    -0.782     0.036
 4     0.760     0.592    -0.267
 4     0.187     0.193     0.963
 5    96.662    20.203    11.676
 5    -0.469    -0.063     0.881
 5     0.554    -0.798     0.237
 5     0.688     0.599     0.409
 6    92.840    34.174    38.602
 6    -0.648    -0.015    -0.762
 6     0.337     0.891    -0.304
 6     0.683    -0.454    -0.572
 7   110.898   -19.051    -6.195
 7     0.539     0.835    -0.106
 7    -0.842     0.533    -0.087
 7    -0.016     0.136     0.990
 8    92.124   -22.930     9.506
 8    -0.549     0.026     0.835
 8    -0.322    -0.929    -0.182
 8     0.771    -0.369     0.518
 9    83.211   -35.366    30.909
 9    -0.685     0.271    -0.676
 9    -0.263     0.773     0.577
 9     0.680     0.573    -0.458
 2    96.574   -18.651    59.855
 2    -0.131    -0.991    -0.025
 2     0.989    -0.133     0.069
 2    -0.072    -0.016     0.997
 3   129.762    -2.090     3.631
 3     0.660    -0.466    -0.589
 3     0.137     0.845    -0.516
 3     0.738     0.260     0.622
 4   113.448    14.408    -5.627
 4     0.623    -0.781     0.038
 4     0.760     0.592    -0.268
 4     0.186     0.196     0.962
 5    96.772    20.308    11.937
 5    -0.462    -0.057     0.885
 5     0.555    -0.797     0.239
 5     0.691     0.602     0.400
 6    93.101    34.354    38.859
 6    -0.641    -0.022    -0.767
 6     0.339     0.888    -0.310
 6     0.688    -0.459    -0.562
 7   110.861   -18.953    -6.181
 7     0.540     0.834    -0.105
 7    -0.841     0.533    -0.092
 7    -0.021     0.138     0.990
 8    92.250   -23.467     9.491
 8    -0.537     0.051     0.842
 8    -0.344    -0.925    -0.164
 8     0.770    -0.378     0.514
 9    83.627   -36.182    30.822
 9    -0.677     0.243    -0.695
 9    -0.290     0.780     0.555
 9     0.677     0.577    -0.457
 2    96.624   -18.701    59.855
 2    -0.131    -0.991    -0.025
 2     0.989    -0.133     0.069
 2    -0.072    -0.016     0.997
 3   129.676    -2.017     3.644
 3     0.663    -0.467    -0.585
 3     0.139     0.844    -0.517
 3     0.735     0.261     0.625
 4   113.398    14.536    -5.581
 4     0.623    -0.781     0.042
 4     0.759     0.591    -0.272
 4     0.187     0.201     0.961
 5    96.781    20.337    12.102
 5    -0.460    -0.054     0.886
 5     0.554    -0.797     0.239
 5     0.694     0.601     0.396
 6    93.260    34.357    39.020
 6    -0.638    -0.031    -0.769
 6     0.337     0.887    -0.315
 6     0.692    -0.461    -0.556
 7   110.785   -18.785    -6.248
 7     0.543     0.834    -0.098
 7    -0.839     0.534    -0.102
 7    -0.033     0.137     0.990
 8    92.322   -23.405     9.538
 8    -0.529     0.048     0.847
 8    -0.345    -0.924    -0.163
 8     0.775    -0.378     0.505
 9    84.067   -36.040    30.989
 9    -0.667     0.259    -0.699
 9    -0.289     0.774     0.563
 9     0.687     0.577    -0.441
 2    96.624   -18.651    59.855
 2    -0.131    -0.991    -0.025
 2     0.989    -0.133     0.069
 2    -0.072    -0.016     0.997
 3   129.667    -1.916     3.652
 3     0.665    -0.470    -0.580
 3     0.142     0.842    -0.520
 3     0.733     0.263     0.627
 4   113.350    14.638    -5.483
 4     0.623    -0.781     0.044
 4     0.759     0.590    -0.274
 4     0.188     0.204     0.961
 5    96.895    20.493    12.339
 5    -0.455    -0.051     0.889
 5     0.553    -0.799     0.237
 5     0.698     0.599     0.392
 6    93.474    34.436    39.303
 6    -0.632    -0.035    -0.774
 6     0.338     0.887    -0.316
 6     0.697    -0.461    -0.549
 7   110.718   -18.742    -6.164
 7     0.542     0.836    -0.084
 7    -0.839     0.534    -0.104
 7    -0.043     0.127     0.991
 8    92.621   -23.505     9.973
 8    -0.509     0.051     0.859
 8    -0.348    -0.925    -0.151
 8     0.787    -0.376     0.489
 9    85.152   -36.302    31.609
 9    -0.641     0.284    -0.713
 9    -0.293     0.767     0.570
 9     0.709     0.574    -0.409
 2    96.574   -18.651    59.855
 2    -0.131    -0.991    -0.025
 2     0.989    -0.133     0.069
 2    -0.072    -0.016     0.997
 3   129.549    -1.894     3.724
 3     0.669    -0.474    -0.572
 3     0.149     0.840    -0.521
 3     0.728     0.263     0.633
 4   113.142    14.762    -5.277
 4     0.625    -0.779     0.052
 4     0.758     0.589    -0.279
 4     0.186     0.213     0.959
 5    97.156    20.636    12.977
 5    -0.432    -0.047     0.900
 5     0.551    -0.804     0.222
 5     0.714     0.592     0.373
 6    94.800    34.404    40.143
 6    -0.606    -0.043    -0.794
 6     0.338     0.890    -0.307
 6     0.720    -0.454    -0.525
 7   110.710   -18.797    -5.950
 7     0.544     0.837    -0.055
 7    -0.837     0.538    -0.098
 7    -0.052     0.099     0.994
 8    93.247   -23.763    10.706
 8    -0.471     0.058     0.880
 8    -0.341    -0.932    -0.122
 8     0.813    -0.358     0.459
 9    87.663   -35.959    33.067
 9    -0.582     0.340    -0.739
 9    -0.279     0.770     0.574
 9     0.764     0.540    -0.353
 2    96.624   -18.651    59.855
 2    -0.131    -0.991    -0.025
 2     0.989    -0.133     0.069
 2    -0.072    -0.016     0.997
 3   129.517    -1.670     3.935
 3     0.674    -0.482    -0.559
 3     0.161     0.835    -0.526
 3     0.720     0.264     0.641
 4   113.077    15.165    -4.945
 4     0.626    -0.776     0.069
 4     0.758     0.586    -0.287
 4     0.183     0.232     0.955
 5    98.029    20.926    14.050
 5    -0.393    -0.033     0.919
 5     0.537    -0.819     0.200
 5     0.746     0.572     0.340
 6    97.093    34.183    41.566
 6    -0.567    -0.097    -0.818
 6     0.317     0.891    -0.326
 6     0.760    -0.444    -0.474
 7   110.827   -18.727    -5.891
 7     0.547     0.837    -0.002
 7    -0.834     0.545    -0.080
 7    -0.066     0.045     0.997
 8    94.269   -23.784    11.641
 8    -0.407     0.068     0.911
