% Calibrated with leiden_pols
% Positions are in centimeters
Data =[
 2    96.623   -18.651    59.855
 2    -0.131    -0.991    -0.025
 2     0.989    -0.133     0.069
 2    -0.072    -0.015     0.997
 3   130.121    -1.541     4.783
 3     0.660    -0.575    -0.484
 3     0.274     0.784    -0.557
 3     0.699     0.235     0.675
 4   112.757    15.935    -3.255
 4     0.689    -0.690     0.224
 4     0.713     0.589    -0.379
 4     0.129     0.420     0.898
 5   112.983    24.487    22.920
 5     0.455    -0.215     0.864
 5     0.318    -0.867    -0.383
 5     0.832     0.449    -0.326
 6   133.614    23.704    43.340
 6     0.553    -0.573    -0.605
 6    -0.307     0.535    -0.787
 6     0.775     0.620     0.120
 7   112.920   -20.676    -2.372
 7     0.736     0.651     0.185
 7    -0.674     0.731     0.108
 7    -0.065    -0.204     0.977
 8   114.974   -27.929    25.720
 8     0.631     0.259     0.731
 8    -0.104    -0.906     0.411
 8     0.769    -0.336    -0.544
 9   134.193   -30.505    40.963
 9     0.663     0.593    -0.457
 9     0.111     0.525     0.844
 9     0.740    -0.610     0.282
 2    96.623   -18.651    59.855
 2    -0.131    -0.991    -0.024
 2     0.988    -0.133     0.069
 2    -0.072    -0.015     0.997
 3   130.121    -1.592     4.656
 3     0.660    -0.574    -0.484
 3     0.274     0.784    -0.557
 3     0.699     0.234     0.675
 4   112.752    15.908    -3.327
 4     0.689    -0.688     0.226
 4     0.713     0.590    -0.379
 4     0.127     0.422     0.897
 5   113.035    24.436    22.845
 5     0.455    -0.219     0.863
 5     0.318    -0.866    -0.387
 5     0.832     0.450    -0.325
 6   133.522    23.681    43.381
 6     0.550    -0.575    -0.605
 6    -0.305     0.536    -0.787
 6     0.777     0.617     0.120
 7   112.925   -20.777    -2.322
 7     0.735     0.651     0.186
 7    -0.675     0.729     0.111
 7    -0.064    -0.208     0.976
 8   114.976   -27.903    25.720
 8     0.631     0.258     0.732
 8    -0.104    -0.906     0.409
 8     0.769    -0.334    -0.545
 9   134.242   -30.454    40.912
 9     0.663     0.592    -0.457
 9     0.112     0.526     0.843
 9     0.740    -0.610     0.283
 2    96.623   -18.650    59.855
 2    -0.132    -0.991    -0.025
 2     0.989    -0.133     0.069
 2    -0.072    -0.015     0.997
 3   130.174    -1.590     4.499
 3     0.659    -0.576    -0.484
 3     0.275     0.783    -0.557
 3     0.700     0.234     0.675
 4   112.727    15.807    -3.378
 4     0.690    -0.688     0.227
 4     0.713     0.590    -0.379
 4     0.127     0.423     0.897
 5   113.030    24.435    22.902
 5     0.455    -0.218     0.863
 5     0.318    -0.866    -0.386
 5     0.831     0.451    -0.325
 6   133.573    23.706    43.306
 6     0.550    -0.573    -0.608
 6    -0.305     0.540    -0.784
 6     0.777     0.617     0.122
 7   112.927   -20.776    -2.325
 7     0.735     0.652     0.186
 7    -0.675     0.729     0.112
 7    -0.063    -0.209     0.976
 8   114.849   -27.907    25.834
 8     0.631     0.245     0.735
 8    -0.111    -0.911     0.398
 8     0.767    -0.333    -0.548
 9   134.270   -30.460    40.831
 9     0.669     0.580    -0.465
 9     0.113     0.538     0.835
 9     0.735    -0.611     0.294
 2    96.623   -18.650    59.855
 2    -0.132    -0.991    -0.025
 2     0.989    -0.133     0.069
 2    -0.072    -0.015     0.997
 3   130.134    -1.637     4.486
 3     0.656    -0.578    -0.486
 3     0.275     0.782    -0.559
 3     0.703     0.233     0.672
 4   112.580    15.708    -3.334
 4     0.686    -0.691     0.228
 4     0.716     0.585    -0.380
 4     0.129     0.424     0.896
 5   112.580    24.302    23.003
 5     0.465    -0.180     0.866
 5     0.328    -0.875    -0.357
 5     0.822     0.450    -0.349
 6   133.620    23.574    43.041
 6     0.550    -0.563    -0.617
 6    -0.310     0.548    -0.777
 6     0.775     0.618     0.127
 7   112.893   -20.821    -2.268
 7     0.734     0.654     0.183
 7    -0.677     0.727     0.117
 7    -0.056    -0.210     0.976
 8   114.714   -27.992    25.938
 8     0.634     0.220     0.740
 8    -0.126    -0.916     0.381
 8     0.762    -0.335    -0.554
 9   134.182   -30.598    40.556
 9     0.677     0.561    -0.477
 9     0.113     0.561     0.820
 9     0.727    -0.609     0.316
 2    96.623   -18.650    59.855
 2    -0.132    -0.991    -0.025
 2     0.988    -0.133     0.069
 2    -0.072    -0.015     0.997
 3   130.140    -1.583     4.453
 3     0.652    -0.581    -0.487
 3     0.277     0.780    -0.560
 3     0.705     0.230     0.670
 4   112.435    15.627    -3.363
 4     0.682    -0.693     0.235
 4     0.721     0.583    -0.373
 4     0.121     0.424     0.897
 5   112.424    24.325    22.952
 5     0.466    -0.156     0.870
 5     0.340    -0.877    -0.339
 5     0.816     0.455    -0.356
 6   133.667    23.752    42.919
 6     0.553    -0.563    -0.614
 6    -0.308     0.547    -0.778
 6     0.774     0.620     0.130
 7   112.946   -20.846    -2.271
 7     0.734     0.654     0.182
 7    -0.677     0.726     0.119
 7    -0.055    -0.211     0.976
 8   114.663   -27.993    25.938
 8     0.635     0.220     0.740
 8    -0.127    -0.916     0.381
 8     0.762    -0.336    -0.553
 9   134.229   -30.649    40.509
 9     0.678     0.559    -0.477
 9     0.114     0.561     0.820
 9     0.726    -0.611     0.317
 2    96.624   -18.651    59.855
 2    -0.131    -0.991    -0.025
 2     0.989    -0.133     0.069
 2    -0.072    -0.016     0.997
 3   130.147    -1.579     4.471
 3     0.649    -0.583    -0.489
 3     0.279     0.780    -0.560
 3     0.707     0.227     0.669
 4   112.482    15.625    -3.407
 4     0.682    -0.693     0.234
 4     0.721     0.586    -0.370
 4     0.119     0.421     0.899
 5   112.468    24.143    22.831
 5     0.474    -0.174     0.863
 5     0.322    -0.878    -0.354
 5     0.819     0.446    -0.360
 6   133.669    23.855    42.642
 6     0.556    -0.560    -0.615
 6    -0.304     0.552    -0.777
 6     0.774     0.618     0.137
 7   112.916   -20.991    -2.165
 7     0.733     0.656     0.181
 7    -0.679     0.723     0.128
 7    -0.047    -0.216     0.975
 8   114.709   -28.046    25.893
 8     0.635     0.219     0.740
 8    -0.130    -0.914     0.383
 8     0.761    -0.340    -0.553
 9   133.918   -31.047    40.346
 9     0.657     0.540    -0.525
 9     0.098     0.629     0.771
 9     0.747    -0.558     0.360
 2    96.624   -18.701    59.855
 2    -0.131    -0.991    -0.025
 2     0.989    -0.133     0.069
 2    -0.072    -0.016     0.997
 3   130.156    -1.703     4.567
 3     0.647    -0.581    -0.494
 3     0.281     0.783    -0.554
 3     0.709     0.219     0.670
 4   112.629    15.381    -3.480
 4     0.690    -0.686     0.229
 4     0.716     0.603    -0.352
 4     0.103     0.407     0.907
 5   112.272    23.726    22.626
 5     0.467    -0.143     0.872
 5     0.327    -0.889    -0.321
 5     0.821     0.435    -0.369
 6   133.528    24.355    42.368
 6     0.562    -0.575    -0.594
 6    -0.281     0.543    -0.791
 6     0.777     0.612     0.144
 7   113.093   -21.004    -2.098
 7     0.735     0.655     0.174
 7    -0.677     0.722     0.140
 7    -0.035    -0.221     0.974
 8   113.856   -29.052    25.297
 8     0.603     0.197     0.773
 8    -0.201    -0.900     0.386
 8     0.772    -0.389    -0.504
 9   132.473   -32.993    40.390
 9     0.621     0.564    -0.545
 9     0.042     0.670     0.741
 9     0.783    -0.483     0.392
 2    96.624   -18.651    59.855
 2    -0.131    -0.991    -0.025
 2     0.989    -0.133     0.069
 2    -0.072    -0.016     0.997
 3   130.266    -1.851     4.792
 3     0.642    -0.580    -0.501
 3     0.285     0.787    -0.547
 3     0.711     0.208     0.671
 4   112.820    15.237    -3.657
 4     0.697    -0.678     0.233
 4     0.712     0.615    -0.339
 4     0.086     0.402     0.911
 5   111.700    23.970    21.718
 5     0.433    -0.144     0.889
 5     0.368    -0.873    -0.320
 5     0.822     0.466    -0.326
