2 	  33.59	  -8.02	  22.78
	  0.681	  0.731	 -0.034
	 -0.733	  0.679	 -0.037
	 -0.003	  0.050	  0.999

3 	  35.49	  -0.98	   2.44
	  0.192	  0.108	 -0.975
	 -0.088	  0.992	  0.093
	  0.977	  0.067	  0.200

4 	  39.06	   6.12	  -0.23
	  0.855	  0.518	  0.005
	 -0.407	  0.664	  0.627
	  0.322	 -0.539	  0.778

5 	  41.29	   9.25	  11.36
	  0.773	 -0.017	  0.634
	 -0.383	 -0.810	  0.444
	  0.506	 -0.586	 -0.633

6 	  48.48	   4.71	   7.72
	  0.623	 -0.661	 -0.419
	  0.388	 -0.208	  0.897
	 -0.683	 -0.719	  0.126

7 	  38.16	  -6.73	  -0.74
	  0.693	 -0.716	 -0.082
	  0.471	  0.536	 -0.700
	  0.546	  0.447	  0.708

8 	  41.47	 -10.12	   9.54
	 -0.750	  0.132	 -0.648
	 -0.170	  0.909	  0.380
	  0.641	  0.394	 -0.659

9 	  47.76	  -4.62	   4.38
	  0.234	  0.776	 -0.586
	 -0.557	 -0.389	 -0.734
	 -0.798	  0.497	  0.341

2 	  33.57	  -8.03	  22.76
	  0.682	  0.730	 -0.034
	 -0.732	  0.680	 -0.037
	 -0.003	  0.050	  0.999

3 	  35.49	  -0.98	   2.44
	  0.193	  0.108	 -0.975
	 -0.088	  0.992	  0.092
	  0.977	  0.067	  0.201

4 	  39.06	   6.12	  -0.23
	  0.856	  0.517	  0.004
	 -0.405	  0.664	  0.628
	  0.322	 -0.539	  0.778

5 	  41.26	   9.16	  11.36
	  0.772	 -0.012	  0.635
	 -0.377	 -0.813	  0.443
	  0.512	 -0.581	 -0.633

6 	  48.57	   4.82	   7.68
	  0.636	 -0.645	 -0.423
	  0.387	 -0.211	  0.897
	 -0.671	 -0.732	  0.114

7 	  38.20	  -6.73	  -0.72
	  0.695	 -0.714	 -0.078
	  0.470	  0.533	 -0.703
	  0.544	  0.453	  0.706

8 	  41.43	  -9.74	   9.72
	 -0.745	  0.142	 -0.652
	 -0.113	  0.937	  0.331
	  0.658	  0.319	 -0.682

9 	  48.25	  -5.04	   4.39
	  0.330	  0.688	 -0.645
	 -0.554	 -0.415	 -0.722
	 -0.766	  0.594	  0.244

2 	  33.57	  -8.03	  22.76
	  0.682	  0.731	 -0.034
	 -0.732	  0.680	 -0.037
	 -0.003	  0.050	  0.999

3 	  35.51	  -1.00	   2.44
	  0.193	  0.106	 -0.975
	 -0.091	  0.992	  0.090
	  0.977	  0.071	  0.201

4 	  39.06	   6.10	  -0.26
	  0.855	  0.518	  0.004
	 -0.406	  0.664	  0.627
	  0.323	 -0.539	  0.778

5 	  41.10	   8.88	  11.43
	  0.775	  0.016	  0.631
	 -0.330	 -0.843	  0.425
	  0.540	 -0.536	 -0.648

6 	  48.80	   5.45	   7.63
	  0.699	 -0.555	 -0.450
	  0.387	 -0.241	  0.890
	 -0.607	 -0.794	  0.045

7 	  38.21	  -6.73	  -0.72
	  0.695	 -0.714	 -0.077
	  0.470	  0.532	 -0.704
	  0.544	  0.453	  0.706

8 	  41.31	  -9.16	  10.00
	 -0.740	  0.152	 -0.655
	 -0.029	  0.966	  0.256
	  0.672	  0.207	 -0.711

9 	  48.60	  -6.05	   4.15
	  0.442	  0.537	 -0.718
	 -0.660	 -0.351	 -0.665
	 -0.612	  0.765	  0.200

2 	  33.57	  -8.03	  22.76
	  0.682	  0.731	 -0.034
	 -0.732	  0.680	 -0.037
	 -0.003	  0.050	  0.999

3 	  35.54	  -1.00	   2.43
	  0.189	  0.108	 -0.976
	 -0.098	  0.991	  0.091
	  0.977	  0.078	  0.198

4 	  39.04	   6.10	  -0.26
	  0.850	  0.527	  0.007
	 -0.415	  0.660	  0.626
	  0.326	 -0.535	  0.779

5 	  40.83	   8.61	  11.50
	  0.777	  0.066	  0.626
	 -0.250	 -0.881	  0.401
	  0.579	 -0.467	 -0.668

6 	  48.83	   6.54	   7.58
	  0.759	 -0.428	 -0.490
	  0.424	 -0.250	  0.870
	 -0.500	 -0.866	 -0.010

7 	  38.20	  -6.70	  -0.76
	  0.693	 -0.716	 -0.078
	  0.471	  0.532	 -0.703
	  0.546	  0.451	  0.706

8 	  41.12	  -8.77	  10.12
	 -0.727	  0.199	 -0.657
	  0.081	  0.975	  0.205
	  0.682	  0.095	 -0.724

9 	  48.87	  -7.61	   4.03
	  0.555	  0.346	 -0.756
	 -0.728	 -0.242	 -0.641
	 -0.409	  0.905	  0.119

2 	  33.57	  -8.03	  22.76
	  0.682	  0.731	 -0.034
	 -0.732	  0.680	 -0.037
	 -0.003	  0.050	  0.999

3 	  35.54	  -0.98	   2.43
	  0.181	  0.114	 -0.977
	 -0.103	  0.990	  0.097
	  0.978	  0.083	  0.191

4 	  39.02	   6.10	  -0.26
	  0.843	  0.537	  0.015
	 -0.427	  0.652	  0.626
	  0.327	 -0.535	  0.779

5 	  40.52	   8.31	  11.60
	  0.774	  0.144	  0.616
	 -0.127	 -0.919	  0.373
	  0.620	 -0.366	 -0.694

6 	  48.62	   8.00	   7.37
	  0.799	 -0.257	 -0.544
	  0.508	 -0.200	  0.837
	 -0.328	 -0.944	 -0.031

7 	  38.18	  -6.68	  -0.79
	  0.681	 -0.728	 -0.076
	  0.481	  0.522	 -0.703
	  0.552	  0.443	  0.706

8 	  40.89	  -8.54	  10.27
	 -0.699	  0.273	 -0.661
	  0.252	  0.959	  0.129
	  0.670	 -0.076	 -0.739

9 	  48.78	  -9.72	   4.13
	  0.637	  0.118	 -0.761
	 -0.764	 -0.042	 -0.644
	 -0.112	  0.992	  0.064

2 	  33.57	  -8.03	  22.76
	  0.681	  0.731	 -0.034
	 -0.733	  0.679	 -0.037
	 -0.003	  0.050	  0.999

3 	  35.56	  -0.98	   2.41
	  0.172	  0.117	 -0.978
	 -0.105	  0.989	  0.100
	  0.979	  0.085	  0.182

4 	  39.02	   6.06	  -0.28
	  0.840	  0.541	  0.026
	 -0.435	  0.645	  0.628
	  0.324	 -0.539	  0.777

5 	  40.45	   8.14	  11.64
	  0.765	  0.182	  0.617
	 -0.067	 -0.931	  0.358
	  0.641	 -0.314	 -0.700

6 	  48.34	   9.26	   7.22
	  0.810	 -0.100	 -0.578
	  0.570	 -0.101	  0.815
	 -0.144	 -0.989	 -0.026

7 	  38.18	  -6.71	  -0.77
	  0.666	 -0.743	 -0.066
	  0.499	  0.508	 -0.702
	  0.555	  0.435	  0.709

8 	  40.76	  -8.40	  10.39
	 -0.674	  0.309	 -0.671
	  0.349	  0.934	  0.080
	  0.652	 -0.179	 -0.737

9 	  48.45	 -11.27	   4.39
	  0.657	 -0.060	 -0.751
	 -0.748	  0.072	 -0.660
	  0.092	  0.996	  0.003

2 	  33.57	  -8.03	  22.76
	  0.681	  0.731	 -0.034
	 -0.733	  0.679	 -0.037
	 -0.003	  0.050	  0.999

3 	  35.61	  -1.04	   2.37
	  0.150	  0.117	 -0.982
	 -0.114	  0.988	  0.101
	  0.982	  0.097	  0.161

4 	  39.02	   6.03	  -0.28
	  0.833	  0.552	  0.038
	 -0.451	  0.636	  0.625
	  0.321	 -0.539	  0.779

5 	  40.25	   8.02	  11.72
	  0.739	  0.240	  0.629
	  0.021	 -0.942	  0.335
	  0.673	 -0.234	 -0.701

6 	  47.88	  10.35	   7.24
	  0.807	  0.039	 -0.589
	  0.590	 -0.007	  0.807
	  0.024	 -0.999	 -0.029

7 	  38.14	  -6.70	  -0.79
	  0.652	 -0.756	 -0.054
	  0.520	  0.498	 -0.694
	  0.552	  0.424	  0.717

8 	  40.71	  -8.28	  10.42
	 -0.655	  0.339	 -0.675
	  0.422	  0.905	  0.046
	  0.627	 -0.254	 -0.736

9 	  48.02	 -12.06	   4.50
	  0.646	 -0.156	 -0.747
	 -0.737	  0.131	 -0.664
	  0.201	  0.979	 -0.031

2 	  33.57	  -8.03	  22.76
	  0.682	  0.731	 -0.034
	 -0.732	  0.680	 -0.037
	 -0.003	  0.050	  0.999

3 	  35.58	  -1.04	   2.36
	  0.119	  0.119	 -0.986
	 -0.121	  0.987	  0.105
	  0.985	  0.106	  0.132

4 	  38.97	   6.01	  -0.26
	  0.823	  0.566	  0.048
	 -0.470	  0.630	  0.618
	  0.320	 -0.532	  0.784

5 	  40.17	   7.95	  11.71
	  0.720	  0.276	  0.636
	  0.076	 -0.943	  0.323
	  0.689	 -0.184	 -0.701

6 	  47.53	  10.85	   7.17
	  0.794	  0.101	 -0.599
	  0.598	  0.052	  0.800
	  0.110	 -0.994	 -0.019

7 	  38.11	  -6.68	  -0.83
	  0.634	 -0.772	 -0.048
	  0.548	  0.492	 -0.677
	  0.547	  0.403	  0.734

8 	  40.66	  -8.21	  10.46
	 -0.641	  0.363	 -0.676
	  0.477	  0.878	  0.021
	  0.602	 -0.308	 -0.736

9 	  47.64	 -12.62	   4.50
	  0.620	 -0.226	 -0.751
	 -0.732	  0.180	 -0.657
	  0.284	  0.957	 -0.054

2 	  33.57	  -8.03	  22.76
	  0.682	  0.731	 -0.034
	 -0.732	  0.680	 -0.037
	 -0.003	  0.050	  0.999

3 	  35.56	  -1.02	   2.32
	  0.099	  0.119	 -0.988
	 -0.116	  0.987	  0.107
	  0.988	  0.104	  0.112

4 	  38.95	   5.99	  -0.25
	  0.816	  0.574	  0.056
	 -0.483	  0.625	  0.613
	  0.317	 -0.528	  0.788

5 	  40.08	   7.86	  11.74
	  0.706	  0.280	  0.650
	  0.092	 -0.947	  0.307
	  0.703	 -0.157	 -0.694

6 	  47.41	  10.99	   7.21
	  0.788	  0.127	 -0.602
	  0.598	  0.068	  0.798
	  0.141	 -0.990	 -0.023

7 	  38.09	  -6.66	  -0.83
	  0.621	 -0.783	 -0.043
	  0.567	  0.485	 -0.666
	  0.542	  0.389	  0.744

8 	  40.62	  -8.16	  10.44
	 -0.623	  0.389	 -0.679
	  0.527	  0.850	  0.004
	  0.579	 -0.354	 -0.734

9 	  47.29	 -13.10	   4.46
	  0.595	 -0.281	 -0.753
	 -0.726	  0.215	 -0.653
	  0.347	  0.935	 -0.076

2 	  33.57	  -8.03	  22.76
	  0.682	  0.731	 -0.034
	 -0.732	  0.680	 -0.037
	 -0.003	  0.050	  0.999

3 	  35.54	  -0.98	   2.29
	  0.090	  0.120	 -0.989
	 -0.111	  0.988	  0.110
	  0.990	  0.100	  0.102

4 	  38.94	   5.98	  -0.26
	  0.811	  0.582	  0.059
	 -0.492	  0.623	  0.607
	  0.317	 -0.522	  0.792

5 	  40.06	   7.80	  11.74
	  0.700	  0.284	  0.656
	  0.103	 -0.948	  0.299
	  0.707	 -0.141	 -0.693

6 	  47.30	  11.18	   7.19
	  0.782	  0.151	 -0.605
	  0.599	  0.085	  0.795
	  0.171	 -0.985	 -0.024

7 	  38.06	  -6.63	  -0.84
	  0.613	 -0.789	 -0.040
	  0.576	  0.479	 -0.662
	  0.542	  0.382	  0.748

8 	  40.62	  -8.16	  10.44
	 -0.617	  0.399	 -0.678
	  0.549	  0.836	 -0.006
	  0.566	 -0.375	 -0.734

9 	  47.07	 -13.36	   4.45
	  0.570	 -0.318	 -0.757
	 -0.725	  0.238	 -0.646
	  0.387	  0.917	 -0.094

2 	  33.57	  -8.03	  22.76
	  0.681	  0.731	 -0.034
	 -0.733	  0.679	 -0.037
	 -0.003	  0.050	  0.999

3 	  35.54	  -0.98	   2.29
	  0.084	  0.120	 -0.989
	 -0.112	  0.988	  0.110
	  0.990	  0.101	  0.096

4 	  38.92	   5.96	  -0.26
	  0.804	  0.591	  0.060
	 -0.504	  0.625	  0.596
	  0.316	 -0.510	  0.800

5 	  40.01	   7.75	  11.74
	  0.684	  0.284	  0.671
	  0.117	 -0.952	  0.284
	  0.719	 -0.116	 -0.685

6 	  47.13	  11.32	   7.19
	  0.773	  0.173	 -0.610
	  0.603	  0.096	  0.792
	  0.195	 -0.980	 -0.031

7 	  38.04	  -6.63	  -0.83
	  0.606	 -0.794	 -0.035
	  0.583	  0.474	 -0.661
	  0.542	  0.380	  0.749

8 	  40.59	  -8.12	  10.44
	 -0.606	  0.409	 -0.682
	  0.573	  0.819	 -0.015
	  0.554	 -0.399	 -0.730

9 	  46.83	 -13.55	   4.43
	  0.548	 -0.346	 -0.762
	 -0.723	  0.263	 -0.639
	  0.423	  0.899	 -0.106

2 	  33.57	  -8.03	  22.76
	  0.681	  0.731	 -0.034
	 -0.733	  0.679	 -0.037
	 -0.003	  0.050	  0.999

3 	  35.54	  -0.98	   2.25
	  0.077	  0.118	 -0.990
	 -0.110	  0.988	  0.109
	  0.991	  0.101	  0.089

4 	  38.87	   5.94	  -0.28
	  0.796	  0.602	  0.060
	 -0.516	  0.623	  0.587
	  0.317	 -0.499	  0.807

5 	  39.92	   7.75	  11.78
	  0.668	  0.288	  0.686
	  0.131	 -0.953	  0.272
	  0.733	 -0.091	 -0.674

6 	  46.97	  11.51	   7.15
	  0.765	  0.194	 -0.614
	  0.604	  0.110	  0.789
	  0.221	 -0.975	 -0.033

7 	  38.02	  -6.63	  -0.83
	  0.603	 -0.797	 -0.034
	  0.586	  0.470	 -0.660
	  0.543	  0.377	  0.750

8 	  40.57	  -8.10	  10.42
	 -0.601	  0.414	 -0.683
	  0.583	  0.812	 -0.019
	  0.549	 -0.409	 -0.729

9 	  46.72	 -13.64	   4.41
	  0.534	 -0.358	 -0.766
	 -0.724	  0.274	 -0.633
	  0.438	  0.891	 -0.114

2 	  33.57	  -8.02	  22.76
	  0.681	  0.731	 -0.034
	 -0.733	  0.679	 -0.037
	 -0.003	  0.050	  0.999

3 	  35.53	  -0.98	   2.23
	  0.072	  0.117	 -0.990
	 -0.108	  0.988	  0.109
	  0.991	  0.099	  0.084

4 	  38.83	   5.94	  -0.26
	  0.791	  0.609	  0.061
	 -0.524	  0.622	  0.582
	  0.317	 -0.493	  0.810

5 	  39.88	   7.73	  11.78
	  0.656	  0.296	  0.694
	  0.146	 -0.952	  0.268
	  0.740	 -0.075	 -0.668

6 	  46.85	  11.69	   7.14
	  0.758	  0.215	 -0.615
	  0.605	  0.119	  0.787
	  0.243	 -0.969	 -0.040

7 	  38.02	  -6.61	  -0.84
	  0.600	 -0.799	 -0.034
	  0.587	  0.468	 -0.660
	  0.544	  0.376	  0.750

8 	  40.55	  -8.10	  10.42
	 -0.596	  0.420	 -0.684
	  0.593	  0.805	 -0.021
	  0.544	 -0.417	 -0.728

9 	  46.63	 -13.69	   4.39
	  0.524	 -0.369	 -0.767
	 -0.725	  0.280	 -0.629
	  0.448	  0.885	 -0.122

2 	  33.57	  -8.03	  22.76
	  0.682	  0.731	 -0.034
	 -0.732	  0.680	 -0.037
	 -0.003	  0.050	  0.999

3 	  35.53	  -0.98	   2.23
	  0.069	  0.118	 -0.991
	 -0.110	  0.988	  0.110
	  0.991	  0.101	  0.081

4 	  38.81	   5.96	  -0.25
	  0.787	  0.614	  0.060
	 -0.528	  0.620	  0.580
	  0.319	 -0.489	  0.812

5 	  39.83	   7.75	  11.79
	  0.643	  0.304	  0.703
	  0.160	 -0.951	  0.264
	  0.749	 -0.057	 -0.660

6 	  46.74	  11.79	   7.14
	  0.755	  0.225	 -0.616
	  0.605	  0.124	  0.786
	  0.254	 -0.966	 -0.042

7 	  38.00	  -6.61	  -0.84
	  0.601	 -0.799	 -0.034
	  0.587	  0.468	 -0.661
	  0.544	  0.377	  0.749

8 	  40.54	  -8.09	  10.41
	 -0.594	  0.422	 -0.684
	  0.596	  0.803	 -0.020
	  0.543	 -0.419	 -0.728

9 	  46.53	 -13.76	   4.39
	  0.515	 -0.376	 -0.771
	 -0.728	  0.284	 -0.624
	  0.455	  0.881	 -0.128

2 	  33.57	  -8.03	  22.76
	  0.682	  0.731	 -0.034
	 -0.732	  0.680	 -0.037
	 -0.003	  0.050	  0.999

3 	  35.53	  -0.97	   2.23
	  0.067	  0.119	 -0.991
	 -0.109	  0.988	  0.111
	  0.992	  0.101	  0.079

4 	  38.81	   5.96	  -0.25
	  0.786	  0.615	  0.060
	 -0.530	  0.619	  0.579
	  0.320	 -0.487	  0.812

5 	  39.81	   7.73	  11.79
	  0.641	  0.306	  0.704
	  0.164	 -0.950	  0.264
	  0.750	 -0.054	 -0.659

6 	  46.71	  11.85	   7.14
	  0.754	  0.229	 -0.615
	  0.604	  0.127	  0.787
	  0.259	 -0.965	 -0.043

7 	  38.00	  -6.61	  -0.84
	  0.599	 -0.799	 -0.033
	  0.587	  0.467	 -0.661
	  0.544	  0.377	  0.749

8 	  40.54	  -8.07	  10.42
	 -0.592	  0.423	 -0.686
	  0.598	  0.801	 -0.019
	  0.543	 -0.420	 -0.727

9 	  46.51	 -13.76	   4.39
	  0.512	 -0.379	 -0.771
	 -0.730	  0.283	 -0.622
	  0.456	  0.880	 -0.132

2 	  33.57	  -8.02	  22.76
	  0.681	  0.731	 -0.034
	 -0.733	  0.679	 -0.037
	 -0.003	  0.050	  0.999

3 	  35.51	  -0.97	   2.21
	  0.066	  0.120	 -0.990
	 -0.109	  0.987	  0.113
	  0.992	  0.101	  0.078

4 	  38.76	   5.94	  -0.25
	  0.784	  0.618	  0.060
	 -0.533	  0.619	  0.576
	  0.320	 -0.484	  0.814

5 	  39.78	   7.75	  11.79
	  0.632	  0.312	  0.709
	  0.176	 -0.949	  0.260
	  0.755	 -0.040	 -0.655

6 	  46.62	  11.94	   7.12
	  0.748	  0.240	 -0.619
	  0.607	  0.131	  0.784
	  0.269	 -0.962	 -0.047

7 	  38.00	  -6.59	  -0.84
	  0.598	 -0.801	 -0.033
	  0.588	  0.465	 -0.661
	  0.545	  0.376	  0.749

8 	  40.52	  -8.07	  10.42
	 -0.589	  0.426	 -0.687
	  0.602	  0.798	 -0.019
	  0.542	 -0.424	 -0.726

9 	  46.42	 -13.83	   4.39
	  0.500	 -0.391	 -0.773
	 -0.733	  0.285	 -0.617
	  0.463	  0.874	 -0.145

2 	  33.57	  -8.03	  22.76
	  0.682	  0.731	 -0.034
	 -0.732	  0.680	 -0.037
	 -0.003	  0.050	  0.999

3 	  35.49	  -0.97	   2.21
	  0.062	  0.122	 -0.990
	 -0.108	  0.987	  0.115
	  0.992	  0.100	  0.074

4 	  38.74	   5.92	  -0.25
	  0.781	  0.621	  0.061
	 -0.537	  0.618	  0.574
	  0.319	 -0.482	  0.816

5 	  39.76	   7.75	  11.81
	  0.625	  0.314	  0.714
	  0.182	 -0.949	  0.257
	  0.759	 -0.031	 -0.651

6 	  46.56	  11.99	   7.10
	  0.744	  0.245	 -0.621
	  0.609	  0.133	  0.782
	  0.275	 -0.960	 -0.050

7 	  37.97	  -6.57	  -0.83
	  0.597	 -0.802	 -0.031
	  0.589	  0.463	 -0.662
	  0.546	  0.376	  0.748

8 	  40.46	  -8.05	  10.42
	 -0.584	  0.429	 -0.689
	  0.609	  0.793	 -0.021
	  0.539	 -0.432	 -0.723

9 	  46.35	 -13.89	   4.45
	  0.495	 -0.401	 -0.771
	 -0.733	  0.285	 -0.617
	  0.469	  0.870	 -0.154

2 	  33.57	  -8.03	  22.76
	  0.682	  0.731	 -0.034
	 -0.732	  0.680	 -0.037
	 -0.003	  0.050	  0.999

3 	  35.46	  -0.97	   2.21
	  0.059	  0.121	 -0.991
	 -0.109	  0.987	  0.114
	  0.992	  0.101	  0.072

4 	  38.71	   5.92	  -0.25
	  0.779	  0.624	  0.060
	 -0.540	  0.618	  0.571
	  0.320	 -0.478	  0.818

5 	  39.74	   7.73	  11.79
	  0.624	  0.314	  0.715
	  0.184	 -0.949	  0.256
	  0.759	 -0.029	 -0.650

6 	  46.49	  12.06	   7.08
	  0.741	  0.251	 -0.623
	  0.613	  0.129	  0.780
	  0.277	 -0.959	 -0.059

7 	  37.97	  -6.57	  -0.83
	  0.597	 -0.802	 -0.030
	  0.588	  0.463	 -0.663
	  0.546	  0.378	  0.747

8 	  40.46	  -8.03	  10.42
	 -0.585	  0.424	 -0.692
	  0.603	  0.797	 -0.021
	  0.544	 -0.429	 -0.721

9 	  46.39	 -13.89	   4.45
	  0.492	 -0.403	 -0.772
	 -0.737	  0.280	 -0.615
	  0.466	  0.870	 -0.160

2 	  33.57	  -8.03	  22.78
	  0.681	  0.731	 -0.034
	 -0.733	  0.679	 -0.037
	 -0.003	  0.050	  0.999

3 	  35.46	  -0.97	   2.21
	  0.055	  0.120	 -0.991
	 -0.111	  0.987	  0.114
	  0.992	  0.103	  0.068

4 	  38.65	   5.89	  -0.25
	  0.775	  0.628	  0.060
	 -0.544	  0.616	  0.569
	  0.321	 -0.475	  0.819

5 	  39.69	   7.72	  11.81
	  0.618	  0.314	  0.721
	  0.190	 -0.949	  0.251
	  0.763	 -0.019	 -0.646

6 	  46.44	  12.08	   7.07
	  0.738	  0.256	 -0.624
	  0.615	  0.128	  0.778
	  0.279	 -0.958	 -0.063

7 	  37.97	  -6.59	  -0.83
	  0.597	 -0.801	 -0.030
	  0.588	  0.462	 -0.663
	  0.546	  0.378	  0.747

8 	  40.46	  -8.03	  10.42
	 -0.584	  0.425	 -0.692
	  0.606	  0.795	 -0.021
	  0.543	 -0.431	 -0.721

9 	  46.37	 -13.92	   4.45
	  0.488	 -0.407	 -0.772
	 -0.739	  0.279	 -0.613
	  0.466	  0.869	 -0.165

2 	  33.57	  -8.03	  22.76
	  0.682	  0.731	 -0.034
	 -0.732	  0.680	 -0.037
	 -0.003	  0.050	  0.999

3 	  35.46	  -0.97	   2.20
	  0.051	  0.120	 -0.991
	 -0.110	  0.987	  0.114
	  0.992	  0.103	  0.064

4 	  38.65	   5.91	  -0.25
	  0.775	  0.629	  0.061
	 -0.545	  0.615	  0.570
	  0.322	 -0.476	  0.818

5 	  39.67	   7.75	  11.79
	  0.610	  0.319	  0.725
	  0.202	 -0.948	  0.247
	  0.766	 -0.005	 -0.642

6 	  46.41	  12.11	   7.05
	  0.738	  0.256	 -0.625
	  0.615	  0.128	  0.778
	  0.280	 -0.958	 -0.062

7 	  37.93	  -6.61	  -0.81
	  0.595	 -0.803	 -0.028
	  0.587	  0.458	 -0.667
	  0.549	  0.381	  0.744

8 	  40.43	  -8.05	  10.42
	 -0.584	  0.427	 -0.691
	  0.605	  0.795	 -0.019
	  0.543	 -0.429	 -0.722

9 	  46.35	 -13.92	   4.45
	  0.487	 -0.409	 -0.772
	 -0.745	  0.267	 -0.611
	  0.457	  0.872	 -0.176

2 	  33.57	  -8.02	  22.76
	  0.681	  0.731	 -0.034
	 -0.733	  0.679	 -0.037
	 -0.003	  0.050	  0.999

3 	  35.44	  -0.97	   2.20
	  0.050	  0.120	 -0.992
	 -0.109	  0.987	  0.114
	  0.993	  0.102	  0.062

4 	  38.64	   5.87	  -0.25
	  0.773	  0.631	  0.061
	 -0.547	  0.614	  0.569
	  0.322	 -0.474	  0.819

5 	  39.60	   7.75	  11.74
	  0.603	  0.315	  0.732
	  0.190	 -0.949	  0.252
	  0.775	 -0.013	 -0.632

6 	  46.34	  12.15	   7.05
	  0.737	  0.259	 -0.624
	  0.614	  0.131	  0.778
	  0.284	 -0.957	 -0.062

7 	  37.93	  -6.61	  -0.83
	  0.595	 -0.803	 -0.028
	  0.587	  0.458	 -0.667
	  0.549	  0.381	  0.744

8 	  40.45	  -8.05	  10.42
	 -0.583	  0.428	 -0.690
	  0.607	  0.794	 -0.020
	  0.542	 -0.430	 -0.722

9 	  46.35	 -13.96	   4.48
	  0.487	 -0.412	 -0.770
	 -0.745	  0.266	 -0.612
	  0.458	  0.871	 -0.178

2 	  33.57	  -8.02	  22.76
	  0.682	  0.731	 -0.034
	 -0.732	  0.680	 -0.037
	 -0.003	  0.050	  0.999

3 	  35.42	  -1.00	   2.20
	  0.042	  0.119	 -0.992
	 -0.112	  0.987	  0.114
	  0.993	  0.106	  0.055

4 	  38.53	   5.87	  -0.25
	  0.766	  0.640	  0.059
	 -0.556	  0.611	  0.563
	  0.325	 -0.464	  0.824

5 	  39.57	   7.77	  11.72
	  0.601	  0.319	  0.732
	  0.199	 -0.948	  0.250
	  0.774	 -0.005	 -0.632

6 	  46.16	  12.30	   6.96
	  0.725	  0.273	 -0.632
	  0.620	  0.142	  0.772
	  0.301	 -0.951	 -0.067

7 	  37.92	  -6.59	  -0.83
	  0.594	 -0.803	 -0.029
	  0.587	  0.457	 -0.668
	  0.551	  0.380	  0.743

8 	  40.45	  -8.05	  10.41
	 -0.585	  0.429	 -0.688
	  0.609	  0.792	 -0.022
	  0.538	 -0.432	 -0.724

9 	  46.32	 -14.06	   4.52
	  0.477	 -0.429	 -0.767
	 -0.743	  0.271	 -0.612
	  0.472	  0.861	 -0.189

2 	  33.57	  -8.03	  22.76
	  0.682	  0.731	 -0.034
	 -0.732	  0.680	 -0.037
	 -0.003	  0.050	  0.999

3 	  35.38	  -0.98	   2.20
	  0.036	  0.121	 -0.992
	 -0.112	  0.987	  0.116
	  0.993	  0.107	  0.050

4 	  38.46	   5.85	  -0.25
	  0.763	  0.643	  0.056
	 -0.557	  0.611	  0.562
	  0.328	 -0.461	  0.824

5 	  39.57	   7.77	  11.72
	  0.602	  0.319	  0.731
	  0.198	 -0.948	  0.250
	  0.773	 -0.006	 -0.634

6 	  46.14	  12.30	   6.93
	  0.721	  0.274	 -0.636
	  0.623	  0.144	  0.768
	  0.303	 -0.951	 -0.067

7 	  37.85	  -6.57	  -0.83
	  0.590	 -0.807	 -0.029
	  0.589	  0.454	 -0.669
	  0.553	  0.377	  0.742

8 	  40.43	  -8.05	  10.41
	 -0.585	  0.435	 -0.684
	  0.617	  0.786	 -0.026
	  0.529	 -0.437	 -0.728

9 	  46.18	 -14.20	   4.50
	  0.461	 -0.446	 -0.767
	 -0.744	  0.276	 -0.608
	  0.484	  0.850	 -0.205

2 	  33.57	  -8.03	  22.76
	  0.682	  0.731	 -0.034
	 -0.732	  0.680	 -0.037
	 -0.003	  0.050	  0.999

3 	  35.35	  -0.98	   2.20
	  0.030	  0.119	 -0.992
	 -0.107	  0.987	  0.116
	  0.994	  0.102	  0.042

4 	  38.44	   5.84	  -0.25
	  0.763	  0.644	  0.055
	 -0.557	  0.611	  0.561
	  0.328	 -0.460	  0.825

5 	  39.57	   7.77	  11.71
	  0.606	  0.319	  0.729
	  0.196	 -0.948	  0.251
	  0.771	 -0.010	 -0.637

6 	  46.12	  12.32	   6.87
	  0.718	  0.274	 -0.640
	  0.627	  0.146	  0.765
	  0.304	 -0.950	 -0.068

7 	  37.85	  -6.57	  -0.83
	  0.589	 -0.808	 -0.028
	  0.589	  0.452	 -0.670
	  0.554	  0.377	  0.741

8 	  40.46	  -8.03	  10.41
	 -0.586	  0.434	 -0.684
	  0.616	  0.787	 -0.026
	  0.529	 -0.436	 -0.728

9 	  46.16	 -14.24	   4.52
	  0.455	 -0.454	 -0.766
	 -0.748	  0.271	 -0.605
	  0.484	  0.848	 -0.217

2 	  33.57	  -8.02	  22.76
	  0.681	  0.731	 -0.034
	 -0.733	  0.679	 -0.037
	 -0.003	  0.050	  0.999

3 	  35.33	  -0.98	   2.20
	  0.026	  0.121	 -0.992
	 -0.105	  0.987	  0.118
	  0.994	  0.101	  0.038

4 	  38.43	   5.84	  -0.25
	  0.762	  0.645	  0.055
	 -0.558	  0.610	  0.562
	  0.330	 -0.459	  0.825

5 	  39.55	   7.77	  11.71
	  0.604	  0.319	  0.730
	  0.197	 -0.948	  0.251
	  0.772	 -0.008	 -0.636

6 	  46.09	  12.32	   6.86
	  0.714	  0.276	 -0.643
	  0.630	  0.144	  0.762
	  0.304	 -0.950	 -0.071

7 	  37.81	  -6.56	  -0.83
	  0.586	 -0.810	 -0.028
	  0.590	  0.449	 -0.671
	  0.556	  0.377	  0.740

8 	  40.43	  -8.02	  10.39
	 -0.583	  0.437	 -0.685
	  0.620	  0.784	 -0.026
	  0.528	 -0.439	 -0.727

9 	  46.09	 -14.26	   4.50
	  0.449	 -0.459	 -0.766
	 -0.750	  0.274	 -0.602
	  0.488	  0.844	 -0.222

2 	  33.57	  -8.02	  22.76
	  0.682	  0.731	 -0.034
	 -0.732	  0.680	 -0.037
	 -0.003	  0.050	  0.999

3 	  35.33	  -0.97	   2.20
	  0.022	  0.122	 -0.992
	 -0.104	  0.987	  0.119
	  0.994	  0.100	  0.034

4 	  38.41	   5.84	  -0.25
	  0.762	  0.645	  0.055
	 -0.558	  0.610	  0.562
	  0.330	 -0.459	  0.825

5 	  39.53	   7.77	  11.71
	  0.603	  0.317	  0.732
	  0.195	 -0.948	  0.250
	  0.773	 -0.008	 -0.634

6 	  46.09	  12.30	   6.86
	  0.713	  0.276	 -0.644
	  0.633	  0.140	  0.761
	  0.301	 -0.951	 -0.075

7 	  37.79	  -6.56	  -0.83
	  0.586	 -0.810	 -0.028
	  0.589	  0.448	 -0.672
	  0.557	  0.377	  0.740

8 	  40.43	  -8.02	  10.39
	 -0.582	  0.437	 -0.685
	  0.620	  0.784	 -0.025
	  0.528	 -0.439	 -0.727

9 	  46.09	 -14.26	   4.50
	  0.447	 -0.462	 -0.766
	 -0.751	  0.272	 -0.601
	  0.487	  0.843	 -0.226

2 	  33.57	  -8.03	  22.76
	  0.682	  0.731	 -0.034
	 -0.732	  0.680	 -0.037
	 -0.003	  0.050	  0.999

3 	  35.31	  -0.97	   2.20
	  0.022	  0.122	 -0.992
	 -0.104	  0.987	  0.119
	  0.994	  0.100	  0.034

4 	  38.41	   5.82	  -0.25
	  0.762	  0.645	  0.056
	 -0.558	  0.609	  0.563
	  0.330	 -0.460	  0.824

5 	  39.53	   7.75	  11.71
	  0.602	  0.318	  0.732
	  0.196	 -0.948	  0.250
	  0.774	 -0.008	 -0.633

6 	  46.09	  12.30	   6.86
	  0.714	  0.276	 -0.644
	  0.633	  0.139	  0.761
	  0.300	 -0.951	 -0.075

7 	  37.79	  -6.56	  -0.84
	  0.585	 -0.810	 -0.028
	  0.590	  0.448	 -0.672
	  0.557	  0.377	  0.740

8 	  40.41	  -8.02	  10.39
	 -0.582	  0.436	 -0.686
	  0.619	  0.784	 -0.026
	  0.528	 -0.439	 -0.727

9 	  46.18	 -14.20	   4.50
	  0.454	 -0.452	 -0.768
	 -0.755	  0.263	 -0.601
	  0.475	  0.851	 -0.222

2 	  33.57	  -8.03	  22.76
	  0.682	  0.731	 -0.034
	 -0.732	  0.680	 -0.037
	 -0.003	  0.050	  0.999

3 	  35.33	  -0.98	   2.20
	  0.033	  0.123	 -0.992
	 -0.109	  0.987	  0.119
	  0.993	  0.104	  0.046

4 	  38.41	   5.84	  -0.25
	  0.762	  0.645	  0.056
	 -0.558	  0.610	  0.562
	  0.329	 -0.460	  0.824

5 	  39.55	   7.79	  11.69
	  0.603	  0.317	  0.732
	  0.192	 -0.948	  0.253
	  0.774	 -0.012	 -0.633

6 	  46.25	  12.08	   6.86
	  0.730	  0.242	 -0.639
	  0.627	  0.136	  0.767
	  0.274	 -0.960	 -0.052

7 	  37.81	  -6.57	  -0.83
	  0.589	 -0.808	 -0.028
	  0.588	  0.451	 -0.671
	  0.555	  0.379	  0.740

8 	  40.43	  -8.05	  10.37
	 -0.588	  0.430	 -0.685
	  0.607	  0.794	 -0.021
	  0.536	 -0.428	 -0.727

9 	  46.48	 -13.90	   4.41
	  0.497	 -0.393	 -0.773
	 -0.752	  0.250	 -0.610
	  0.434	  0.884	 -0.172

2 	  33.57	  -8.03	  22.76
	  0.682	  0.730	 -0.034
	 -0.732	  0.680	 -0.037
	 -0.003	  0.050	  0.999

3 	  35.38	  -1.00	   2.20
	  0.055	  0.128	 -0.990
	 -0.119	  0.985	  0.121
	  0.991	  0.111	  0.069

4 	  38.43	   5.84	  -0.26
	  0.763	  0.643	  0.059
	 -0.558	  0.610	  0.562
	  0.326	 -0.462	  0.824

5 	  39.59	   7.86	  11.69
	  0.614	  0.316	  0.723
	  0.175	 -0.948	  0.266
	  0.770	 -0.037	 -0.637

6 	  46.58	  11.65	   6.86
	  0.757	  0.179	 -0.628
	  0.616	  0.123	  0.778
	  0.216	 -0.976	 -0.016

7 	  37.92	  -6.61	  -0.83
	  0.604	 -0.797	 -0.030
	  0.578	  0.462	 -0.672
	  0.550	  0.389	  0.739

8 	  40.46	  -8.14	  10.37
	 -0.603	  0.406	 -0.686
	  0.564	  0.825	 -0.006
	  0.566	 -0.390	 -0.727

9 	  47.06	 -13.20	   4.38
	  0.565	 -0.295	 -0.771
	 -0.746	  0.217	 -0.629
	  0.353	  0.930	 -0.098

2 	  33.57	  -8.03	  22.76
	  0.681	  0.731	 -0.034
	 -0.733	  0.679	 -0.037
	 -0.003	  0.050	  0.999

3 	  35.46	  -1.00	   2.23
	  0.085	  0.135	 -0.987
	 -0.131	  0.984	  0.123
	  0.988	  0.118	  0.101

4 	  38.50	   5.89	  -0.25
	  0.771	  0.634	  0.062
	 -0.552	  0.615	  0.563
	  0.320	 -0.469	  0.823

5 	  39.71	   7.96	  11.72
	  0.650	  0.306	  0.696
	  0.144	 -0.948	  0.282
	  0.746	 -0.083	 -0.660

6 	  47.06	  10.95	   6.89
	  0.784	  0.087	 -0.614
	  0.609	  0.078	  0.789
	  0.115	 -0.993	  0.008

7 	  37.97	  -6.57	  -0.83
	  0.614	 -0.788	 -0.031
	  0.571	  0.471	 -0.673
	  0.546	  0.395	  0.738

8 	  40.50	  -8.17	  10.35
	 -0.623	  0.373	 -0.688
	  0.499	  0.866	  0.020
	  0.604	 -0.330	 -0.725

9 	  47.57	 -12.45	   4.39
	  0.609	 -0.207	 -0.765
	 -0.749	  0.167	 -0.641
	  0.261	  0.964	 -0.053

2 	  33.57	  -8.03	  22.78
	  0.682	  0.731	 -0.034
	 -0.732	  0.680	 -0.037
	 -0.003	  0.050	  0.999

3 	  35.47	  -0.98	   2.23
	  0.099	  0.141	 -0.985
	 -0.131	  0.983	  0.128
	  0.986	  0.116	  0.116

4 	  38.51	   5.91	  -0.25
	  0.777	  0.626	  0.060
	 -0.544	  0.619	  0.566
	  0.318	 -0.473	  0.821

5 	  39.88	   8.03	  11.72
	  0.702	  0.277	  0.655
	  0.094	 -0.949	  0.300
	  0.706	 -0.149	 -0.693

6 	  47.46	  10.12	   6.89
	  0.796	 -0.019	 -0.605
	  0.605	  0.014	  0.796
	 -0.010	 -1.000	  0.022

7 	  37.97	  -6.56	  -0.83
	  0.622	 -0.782	 -0.036
	  0.564	  0.478	 -0.673
	  0.544	  0.398	  0.738

8 	  40.57	  -8.28	  10.32
	 -0.640	  0.345	 -0.687
	  0.437	  0.898	  0.044
	  0.634	 -0.272	 -0.724

9 	  48.08	 -11.46	   4.36
	  0.639	 -0.090	 -0.763
	 -0.756	  0.108	 -0.646
	  0.140	  0.990	  0.001

2 	  33.57	  -8.02	  22.76
	  0.681	  0.731	 -0.034
	 -0.733	  0.679	 -0.037
	 -0.003	  0.050	  0.999

3 	  35.47	  -0.98	   2.25
	  0.108	  0.146	 -0.983
	 -0.131	  0.982	  0.132
	  0.985	  0.114	  0.125

4 	  38.55	   5.91	  -0.25
	  0.785	  0.617	  0.054
	 -0.534	  0.629	  0.565
	  0.315	 -0.473	  0.822

5 	  40.04	   8.17	  11.71
	  0.735	  0.242	  0.633
	  0.031	 -0.945	  0.325
	  0.677	 -0.218	 -0.703

6 	  47.92	   9.05	   6.96
	  0.802	 -0.154	 -0.577
	  0.574	 -0.072	  0.815
	 -0.171	 -0.985	  0.030

7 	  37.99	  -6.56	  -0.81
	  0.630	 -0.776	 -0.038
	  0.556	  0.484	 -0.675
	  0.542	  0.404	  0.736

8 	  40.62	  -8.33	  10.30
	 -0.654	  0.313	 -0.689
	  0.370	  0.926	  0.071
	  0.661	 -0.208	 -0.721

9 	  48.48	 -10.28	   4.36
	  0.658	  0.053	 -0.751
	 -0.753	  0.052	 -0.656
	  0.001	  0.997	  0.075

2 	  33.59	  -8.02	  22.78
	  0.681	  0.731	 -0.034
	 -0.733	  0.679	 -0.037
	 -0.003	  0.050	  0.999

3 	  35.51	  -0.98	   2.27
	  0.119	  0.148	 -0.982
	 -0.128	  0.983	  0.133
	  0.984	  0.109	  0.136

4 	  38.58	   5.91	  -0.25
	  0.794	  0.605	  0.047
	 -0.521	  0.638	  0.566
	  0.313	 -0.475	  0.822

5 	  40.20	   8.40	  11.65
	  0.745	  0.201	  0.636
	 -0.045	 -0.937	  0.347
	  0.666	 -0.286	 -0.688

6 	  48.22	   8.23	   7.15
	  0.801	 -0.263	 -0.537
	  0.528	 -0.115	  0.841
	 -0.288	 -0.957	  0.045

7 	  38.02	  -6.57	  -0.81
	  0.638	 -0.769	 -0.042
	  0.547	  0.490	 -0.678
	  0.542	  0.409	  0.733

8 	  40.68	  -8.47	  10.28
	 -0.665	  0.282	 -0.691
	  0.298	  0.949	  0.102
	  0.685	 -0.138	 -0.715

9 	  48.88	  -9.18	   4.62
	  0.677	  0.190	 -0.711
	 -0.725	 -0.001	 -0.689
	 -0.135	  0.981	  0.137

2 	  33.57	  -8.02	  22.76
	  0.681	  0.731	 -0.034
	 -0.733	  0.679	 -0.037
	 -0.003	  0.050	  0.999

3 	  35.49	  -0.98	   2.29
	  0.131	  0.148	 -0.980
	 -0.133	  0.982	  0.131
	  0.982	  0.113	  0.149

4 	  38.60	   5.92	  -0.25
	  0.799	  0.599	  0.045
	 -0.514	  0.643	  0.567
	  0.311	 -0.477	  0.822

5 	  40.32	   8.49	  11.58
	  0.751	  0.161	  0.640
	 -0.111	 -0.926	  0.362
	  0.651	 -0.342	 -0.678

6 	  48.41	   7.58	   7.37
	  0.795	 -0.343	 -0.500
	  0.486	 -0.139	  0.863
	 -0.370	 -0.927	  0.055

7 	  38.06	  -6.57	  -0.79
	  0.647	 -0.761	 -0.044
	  0.539	  0.497	 -0.680
	  0.540	  0.416	  0.731

8 	  40.75	  -8.60	  10.25
	 -0.674	  0.256	 -0.693
	  0.230	  0.964	  0.133
	  0.703	 -0.070	 -0.708

9 	  49.18	  -8.31	   4.96
	  0.685	  0.297	 -0.665
	 -0.688	 -0.042	 -0.724
	 -0.248	  0.953	  0.176

2 	  33.57	  -8.03	  22.76
	  0.681	  0.731	 -0.034
	 -0.733	  0.679	 -0.037
	 -0.003	  0.050	  0.999

3 	  35.51	  -1.00	   2.27
	  0.140	  0.147	 -0.979
	 -0.140	  0.982	  0.127
	  0.980	  0.119	  0.158

4 	  38.64	   5.91	  -0.25
	  0.806	  0.590	  0.044
	 -0.506	  0.647	  0.571
	  0.309	 -0.483	  0.819

5 	  40.50	   8.67	  11.50
	  0.756	  0.129	  0.642
	 -0.169	 -0.909	  0.380
	  0.633	 -0.394	 -0.666

6 	  48.59	   6.91	   7.44
	  0.772	 -0.428	 -0.471
	  0.443	 -0.176	  0.879
	 -0.463	 -0.885	  0.052

7 	  38.09	  -6.61	  -0.79
	  0.654	 -0.755	 -0.045
	  0.532	  0.500	 -0.682
	  0.538	  0.422	  0.729

8 	  40.87	  -8.75	  10.21
	 -0.683	  0.216	 -0.697
	  0.135	  0.976	  0.171
	  0.718	  0.022	 -0.696

9 	  49.34	  -7.33	   5.15
	  0.658	  0.409	 -0.632
	 -0.664	 -0.087	 -0.743
	 -0.364	  0.906	  0.214

2 	  33.57	  -8.03	  22.78
	  0.681	  0.731	 -0.034
	 -0.733	  0.679	 -0.037
	 -0.003	  0.050	  0.999

3 	  35.53	  -1.02	   2.29
	  0.149	  0.144	 -0.978
	 -0.147	  0.981	  0.123
	  0.978	  0.125	  0.167

4 	  38.69	   5.91	  -0.26
	  0.814	  0.580	  0.041
	 -0.493	  0.651	  0.577
	  0.308	 -0.490	  0.815

5 	  40.69	   8.88	  11.43
	  0.756	  0.091	  0.647
	 -0.236	 -0.886	  0.399
	  0.611	 -0.453	 -0.649

6 	  48.62	   6.22	   7.61
	  0.740	 -0.515	 -0.432
	  0.392	 -0.197	  0.898
	 -0.552	 -0.832	  0.054

7 	  38.13	  -6.64	  -0.77
	  0.664	 -0.746	 -0.047
	  0.523	  0.508	 -0.684
	  0.535	  0.430	  0.727

8 	  41.01	  -8.88	  10.18
	 -0.692	  0.181	 -0.699
	  0.041	  0.976	  0.211
	  0.721	  0.116	 -0.683

9 	  49.31	  -6.45	   5.24
	  0.608	  0.510	 -0.608
	 -0.647	 -0.132	 -0.751
	 -0.468	  0.848	  0.249

2 	  33.59	  -8.03	  22.78
	  0.682	  0.731	 -0.034
	 -0.732	  0.680	 -0.037
	 -0.003	  0.050	  0.999

3 	  35.54	  -1.04	   2.30
	  0.153	  0.144	 -0.978
	 -0.152	  0.981	  0.121
	  0.976	  0.130	  0.172

4 	  38.69	   5.91	  -0.26
	  0.818	  0.573	  0.039
	 -0.486	  0.653	  0.580
	  0.308	 -0.494	  0.813

5 	  40.82	   9.11	  11.34
	  0.751	  0.062	  0.657
	 -0.296	 -0.859	  0.418
	  0.591	 -0.507	 -0.627

6 	  48.50	   5.59	   7.79
	  0.702	 -0.588	 -0.401
	  0.360	 -0.198	  0.911
	 -0.619	 -0.782	  0.071

7 	  38.09	  -6.70	  -0.74
	  0.670	 -0.741	 -0.048
	  0.516	  0.510	 -0.688
	  0.534	  0.436	  0.724

8 	  41.04	  -9.02	  10.16
	 -0.697	  0.165	 -0.698
	 -0.007	  0.972	  0.235
	  0.718	  0.168	 -0.676

9 	  49.08	  -5.77	   5.41
	  0.548	  0.595	 -0.587
	 -0.625	 -0.180	 -0.759
	 -0.562	  0.781	  0.273

2 	  33.57	  -8.02	  22.78
	  0.682	  0.731	 -0.034
	 -0.732	  0.680	 -0.037
	 -0.003	  0.050	  0.999

3 	  35.51	  -1.07	   2.32
	  0.161	  0.142	 -0.977
	 -0.151	  0.981	  0.118
	  0.975	  0.128	  0.180

4 	  38.69	   5.91	  -0.25
	  0.825	  0.564	  0.036
	 -0.476	  0.658	  0.583
	  0.306	 -0.499	  0.811

5 	  40.82	   9.19	  11.34
	  0.745	  0.046	  0.665
	 -0.328	 -0.844	  0.424
	  0.582	 -0.533	 -0.614

6 	  48.43	   5.31	   7.95
	  0.686	 -0.616	 -0.387
	  0.338	 -0.205	  0.918
	 -0.648	 -0.759	  0.065

7 	  38.07	  -6.75	  -0.67
	  0.674	 -0.737	 -0.045
	  0.510	  0.508	 -0.694
	  0.535	  0.445	  0.718

8 	  41.04	  -9.21	  10.16
	 -0.702	  0.153	 -0.696
	 -0.048	  0.964	  0.260
	  0.711	  0.214	 -0.669

9 	  48.80	  -5.40	   5.31
	  0.479	  0.648	 -0.592
	 -0.604	 -0.250	 -0.756
	 -0.642	  0.717	  0.271

2 	  33.57	  -8.03	  22.76
	  0.682	  0.730	 -0.034
	 -0.732	  0.680	 -0.037
	 -0.003	  0.050	  0.999

3 	  35.51	  -1.11	   2.34
	  0.173	  0.135	 -0.975
	 -0.152	  0.982	  0.109
	  0.973	  0.129	  0.190

4 	  38.71	   5.91	  -0.23
	  0.828	  0.559	  0.036
	 -0.472	  0.660	  0.584
	  0.304	 -0.501	  0.810

5 	  40.82	   9.28	  11.36
	  0.743	  0.034	  0.668
	 -0.346	 -0.836	  0.426
	  0.574	 -0.547	 -0.610

6 	  48.38	   5.15	   8.02
	  0.671	 -0.634	 -0.384
	  0.343	 -0.199	  0.918
	 -0.661	 -0.746	  0.082

7 	  38.14	  -6.84	  -0.56
	  0.685	 -0.727	 -0.037
	  0.501	  0.507	 -0.701
	  0.529	  0.462	  0.711

8 	  41.15	  -9.46	  10.14
	 -0.705	  0.133	 -0.696
	 -0.107	  0.951	  0.289
	  0.701	  0.277	 -0.657

9 	  48.57	  -5.04	   5.41
	  0.424	  0.690	 -0.585
	 -0.566	 -0.306	 -0.766
	 -0.710	  0.654	  0.261

2 	  33.57	  -8.03	  22.78
	  0.681	  0.731	 -0.034
	 -0.733	  0.679	 -0.037
	 -0.003	  0.050	  0.999

3 	  35.51	  -1.12	   2.36
	  0.182	  0.131	 -0.974
	 -0.155	  0.982	  0.103
	  0.971	  0.132	  0.199

4 	  38.72	   5.91	  -0.21
	  0.829	  0.558	  0.036
	 -0.470	  0.659	  0.587
	  0.304	 -0.504	  0.808

5 	  40.87	   9.28	  11.39
	  0.748	  0.018	  0.663
	 -0.358	 -0.832	  0.424
	  0.561	 -0.553	 -0.616

6 	  48.38	   5.13	   7.98
	  0.659	 -0.646	 -0.384
	  0.355	 -0.188	  0.916
	 -0.667	 -0.738	  0.103

7 	  38.16	  -6.87	  -0.53
	  0.692	 -0.721	 -0.034
	  0.494	  0.506	 -0.707
	  0.527	  0.472	  0.706

8 	  41.17	  -9.56	  10.14
	 -0.705	  0.122	 -0.698
	 -0.133	  0.945	  0.298
	  0.697	  0.301	 -0.650

9 	  48.45	  -4.89	   5.40
	  0.392	  0.707	 -0.588
	 -0.541	 -0.344	 -0.767
	 -0.747	  0.617	  0.248

2 	  33.59	  -8.02	  22.78
	  0.681	  0.731	 -0.034
	 -0.733	  0.679	 -0.037
	 -0.003	  0.050	  0.999

3 	  35.51	  -1.14	   2.36
	  0.185	  0.128	 -0.974
	 -0.155	  0.983	  0.100
	  0.970	  0.132	  0.201

4 	  38.71	   5.94	  -0.21
	  0.829	  0.558	  0.034
	 -0.468	  0.658	  0.590
	  0.307	 -0.505	  0.806

5 	  40.83	   9.28	  11.41
	  0.748	  0.016	  0.663
	 -0.356	 -0.835	  0.420
	  0.562	 -0.549	 -0.619

6 	  48.38	   5.13	   8.00
	  0.659	 -0.646	 -0.384
	  0.355	 -0.188	  0.916
	 -0.667	 -0.738	  0.103

7 	  38.20	  -6.87	  -0.51
	  0.697	 -0.716	 -0.037
	  0.489	  0.511	 -0.707
	  0.526	  0.475	  0.705

8 	  41.19	  -9.56	  10.14
	 -0.703	  0.113	 -0.702
	 -0.146	  0.943	  0.297
	  0.697	  0.310	 -0.647

9 	  48.46	  -4.80	   5.45
	  0.388	  0.713	 -0.583
	 -0.524	 -0.353	 -0.776
	 -0.761	  0.604	  0.236

2 	  33.57	  -8.02	  22.78
	  0.681	  0.731	 -0.034
	 -0.733	  0.679	 -0.037
	 -0.003	  0.050	  0.999

3 	  35.49	  -1.14	   2.36
	  0.187	  0.128	 -0.974
	 -0.154	  0.983	  0.100
	  0.970	  0.131	  0.203

4 	  38.71	   5.96	  -0.19
	  0.828	  0.560	  0.030
	 -0.466	  0.656	  0.593
	  0.313	 -0.506	  0.804

5 	  40.82	   9.26	  11.41
	  0.748	  0.014	  0.663
	 -0.354	 -0.838	  0.416
	  0.563	 -0.545	 -0.622

6 	  48.36	   5.15	   8.02
	  0.661	 -0.643	 -0.385
	  0.356	 -0.187	  0.915
	 -0.664	 -0.740	  0.103

7 	  38.20	  -6.87	  -0.54
	  0.699	 -0.713	 -0.043
	  0.483	  0.516	 -0.708
	  0.527	  0.474	  0.705

8 	  41.22	  -9.56	  10.11
	 -0.703	  0.112	 -0.703
	 -0.150	  0.942	  0.299
	  0.696	  0.314	 -0.645

9 	  48.48	  -4.76	   5.45
	  0.388	  0.716	 -0.579
	 -0.519	 -0.353	 -0.779
	 -0.764	  0.601	  0.235

2 	  33.57	  -8.02	  22.78
	  0.681	  0.731	 -0.034
	 -0.733	  0.679	 -0.037
	 -0.003	  0.050	  0.999

3 	  35.51	  -1.12	   2.36
	  0.188	  0.131	 -0.973
	 -0.153	  0.983	  0.102
	  0.970	  0.129	  0.205

4 	  38.69	   5.99	  -0.21
	  0.827	  0.561	  0.028
	 -0.464	  0.654	  0.597
	  0.318	 -0.507	  0.801

5 	  40.82	   9.28	  11.41
	  0.749	  0.015	  0.663
	 -0.352	 -0.839	  0.414
	  0.563	 -0.542	 -0.623

6 	  48.36	   5.17	   8.00
	  0.663	 -0.641	 -0.386
	  0.357	 -0.187	  0.915
	 -0.662	 -0.742	  0.103

7 	  38.21	  -6.86	  -0.58
	  0.702	 -0.710	 -0.050
	  0.478	  0.521	 -0.707
	  0.529	  0.472	  0.705

8 	  41.27	  -9.58	  10.05
	 -0.704	  0.112	 -0.702
	 -0.153	  0.940	  0.303
	  0.695	  0.319	 -0.645

9 	  48.52	  -4.73	   5.43
	  0.387	  0.719	 -0.577
	 -0.517	 -0.352	 -0.780
	 -0.765	  0.599	  0.236

2 	  33.57	  -8.02	  22.78
	  0.681	  0.731	 -0.034
	 -0.733	  0.679	 -0.037
	 -0.003	  0.050	  0.999

3 	  35.49	  -1.11	   2.36
	  0.187	  0.134	 -0.973
	 -0.153	  0.982	  0.106
	  0.970	  0.129	  0.205

4 	  38.71	   6.03	  -0.21
	  0.826	  0.563	  0.025
	 -0.463	  0.651	  0.602
	  0.323	 -0.510	  0.797

5 	  40.83	   9.30	  11.41
	  0.749	  0.015	  0.663
	 -0.350	 -0.841	  0.412
	  0.565	 -0.539	 -0.625

6 	  48.38	   5.19	   8.00
	  0.666	 -0.638	 -0.387
	  0.357	 -0.187	  0.915
	 -0.659	 -0.746	  0.101

7 	  38.23	  -6.84	  -0.62
	  0.703	 -0.708	 -0.054
	  0.475	  0.524	 -0.707
	  0.529	  0.472	  0.705

8 	  41.26	  -9.54	  10.04
	 -0.703	  0.112	 -0.702
	 -0.154	  0.940	  0.303
	  0.695	  0.319	 -0.644

9 	  48.53	  -4.71	   5.40
	  0.390	  0.719	 -0.575
	 -0.517	 -0.349	 -0.782
	 -0.765	  0.600	  0.235

