2 	  33.47	  -6.59	  22.76
	  0.106	  0.994	 -0.034
	 -0.994	  0.107	  0.004
	  0.008	  0.032	  0.999

3 	  35.26	  -0.93	   2.62
	  0.165	  0.030	 -0.986
	 -0.149	  0.989	  0.005
	  0.975	  0.146	  0.168

4 	  38.34	   6.17	  -0.18
	  0.844	  0.536	 -0.017
	 -0.398	  0.646	  0.651
	  0.361	 -0.543	  0.758

5 	  40.01	   8.44	  10.99
	 -0.586	 -0.066	 -0.808
	  0.182	  0.960	 -0.210
	  0.790	 -0.269	 -0.550

6 	  49.15	   4.62	  10.21
	  0.683	 -0.697	 -0.218
	  0.203	 -0.111	  0.973
	 -0.705	 -0.707	  0.062

7 	  37.99	  -6.57	  -0.63
	  0.708	 -0.699	 -0.102
	  0.428	  0.539	 -0.725
	  0.562	  0.469	  0.680

8 	  41.12	  -9.47	  10.05
	 -0.697	  0.135	 -0.704
	 -0.135	  0.940	  0.313
	  0.704	  0.312	 -0.638

9 	  48.83	  -4.34	   6.26
	  0.481	  0.761	 -0.434
	 -0.558	 -0.120	 -0.821
	 -0.681	  0.635	  0.366

2 	  33.45	  -6.59	  22.76
	  0.106	  0.994	 -0.034
	 -0.994	  0.107	  0.004
	  0.008	  0.032	  0.999

3 	  35.26	  -0.93	   2.60
	  0.164	  0.030	 -0.986
	 -0.149	  0.989	  0.005
	  0.975	  0.146	  0.167

4 	  38.32	   6.15	  -0.16
	  0.845	  0.535	 -0.015
	 -0.398	  0.646	  0.651
	  0.358	 -0.544	  0.759

5 	  39.96	   8.40	  10.99
	 -0.586	 -0.071	 -0.807
	  0.175	  0.962	 -0.210
	  0.792	 -0.263	 -0.551

6 	  49.13	   4.62	  10.20
	  0.685	 -0.692	 -0.227
	  0.213	 -0.113	  0.970
	 -0.699	 -0.711	  0.068

7 	  37.99	  -6.57	  -0.63
	  0.707	 -0.699	 -0.102
	  0.428	  0.538	 -0.726
	  0.563	  0.470	  0.680

8 	  41.12	  -9.44	  10.05
	 -0.697	  0.135	 -0.704
	 -0.135	  0.940	  0.313
	  0.705	  0.311	 -0.638

9 	  48.81	  -4.34	   6.24
	  0.484	  0.757	 -0.438
	 -0.564	 -0.119	 -0.818
	 -0.675	  0.640	  0.368

2 	  33.45	  -6.59	  22.76
	  0.106	  0.994	 -0.034
	 -0.994	  0.107	  0.004
	  0.008	  0.032	  0.999

3 	  35.26	  -0.95	   2.60
	  0.164	  0.028	 -0.986
	 -0.149	  0.989	  0.004
	  0.975	  0.146	  0.166

4 	  38.32	   6.15	  -0.18
	  0.845	  0.534	 -0.014
	 -0.399	  0.647	  0.650
	  0.357	 -0.544	  0.759

5 	  39.96	   8.40	  11.00
	 -0.585	 -0.071	 -0.808
	  0.175	  0.962	 -0.210
	  0.792	 -0.263	 -0.550

6 	  49.13	   4.64	  10.18
	  0.685	 -0.692	 -0.227
	  0.216	 -0.111	  0.970
	 -0.699	 -0.712	  0.070

7 	  37.97	  -6.57	  -0.62
	  0.707	 -0.700	 -0.101
	  0.429	  0.538	 -0.726
	  0.562	  0.470	  0.680

8 	  41.10	  -9.44	  10.07
	 -0.697	  0.135	 -0.704
	 -0.134	  0.940	  0.312
	  0.705	  0.310	 -0.637

9 	  48.83	  -4.36	   6.24
	  0.483	  0.757	 -0.439
	 -0.564	 -0.119	 -0.817
	 -0.674	  0.640	  0.369

2 	  33.45	  -6.59	  22.76
	  0.106	  0.994	 -0.034
	 -0.994	  0.107	  0.004
	  0.008	  0.033	  0.999

3 	  35.26	  -0.95	   2.60
	  0.164	  0.028	 -0.986
	 -0.149	  0.989	  0.004
	  0.975	  0.146	  0.166

4 	  38.30	   6.15	  -0.18
	  0.845	  0.535	 -0.014
	 -0.399	  0.647	  0.650
	  0.357	 -0.544	  0.759

5 	  39.96	   8.40	  11.00
	 -0.587	 -0.071	 -0.807
	  0.176	  0.961	 -0.211
	  0.791	 -0.264	 -0.551

6 	  49.13	   4.66	  10.18
	  0.684	 -0.692	 -0.228
	  0.218	 -0.110	  0.970
	 -0.699	 -0.712	  0.073

7 	  37.97	  -6.57	  -0.62
	  0.707	 -0.699	 -0.101
	  0.429	  0.538	 -0.726
	  0.562	  0.470	  0.680

8 	  41.10	  -9.44	  10.05
	 -0.698	  0.135	 -0.703
	 -0.134	  0.940	  0.313
	  0.704	  0.311	 -0.638

9 	  48.83	  -4.34	   6.24
	  0.483	  0.757	 -0.439
	 -0.565	 -0.118	 -0.817
	 -0.674	  0.640	  0.370

2 	  33.45	  -6.59	  22.76
	  0.106	  0.994	 -0.034
	 -0.994	  0.107	  0.004
	  0.008	  0.033	  0.999

3 	  35.26	  -0.95	   2.60
	  0.164	  0.029	 -0.986
	 -0.149	  0.989	  0.004
	  0.975	  0.146	  0.166

4 	  38.30	   6.15	  -0.16
	  0.845	  0.534	 -0.013
	 -0.399	  0.647	  0.649
	  0.356	 -0.544	  0.760

5 	  39.94	   8.38	  11.00
	 -0.588	 -0.072	 -0.806
	  0.174	  0.962	 -0.211
	  0.791	 -0.263	 -0.552

6 	  49.15	   4.64	  10.12
	  0.685	 -0.689	 -0.234
	  0.227	 -0.108	  0.968
	 -0.695	 -0.715	  0.080

7 	  37.97	  -6.56	  -0.62
	  0.708	 -0.699	 -0.101
	  0.428	  0.538	 -0.726
	  0.562	  0.471	  0.680

8 	  41.10	  -9.42	  10.07
	 -0.697	  0.136	 -0.704
	 -0.133	  0.940	  0.312
	  0.705	  0.310	 -0.638

9 	  48.88	  -4.38	   6.24
	  0.492	  0.747	 -0.445
	 -0.568	 -0.117	 -0.815
	 -0.665	  0.651	  0.366

2 	  33.47	  -6.59	  22.76
	  0.106	  0.994	 -0.034
	 -0.994	  0.107	  0.005
	  0.009	  0.032	  0.999

3 	  35.26	  -0.95	   2.60
	  0.164	  0.029	 -0.986
	 -0.150	  0.989	  0.004
	  0.975	  0.147	  0.166

4 	  38.29	   6.12	  -0.18
	  0.845	  0.534	 -0.014
	 -0.400	  0.648	  0.648
	  0.356	 -0.542	  0.761

5 	  39.94	   8.33	  11.02
	 -0.590	 -0.073	 -0.804
	  0.167	  0.963	 -0.209
	  0.791	 -0.256	 -0.556

6 	  49.18	   4.78	  10.00
	  0.696	 -0.675	 -0.246
	  0.248	 -0.102	  0.963
	 -0.678	 -0.729	  0.094

7 	  37.97	  -6.54	  -0.63
	  0.710	 -0.697	 -0.102
	  0.426	  0.539	 -0.726
	  0.561	  0.472	  0.679

8 	  41.10	  -9.35	  10.07
	 -0.696	  0.136	 -0.705
	 -0.129	  0.943	  0.308
	  0.707	  0.304	 -0.639

9 	  49.04	  -4.48	   6.19
	  0.518	  0.720	 -0.460
	 -0.563	 -0.122	 -0.818
	 -0.649	  0.679	  0.342

2 	  33.47	  -6.59	  22.75
	  0.106	  0.994	 -0.034
	 -0.994	  0.107	  0.004
	  0.008	  0.033	  0.999

3 	  35.26	  -0.95	   2.60
	  0.165	  0.028	 -0.986
	 -0.151	  0.988	  0.003
	  0.974	  0.148	  0.168

4 	  38.29	   6.12	  -0.19
	  0.844	  0.535	 -0.015
	 -0.399	  0.648	  0.649
	  0.357	 -0.542	  0.760

5 	  39.94	   8.05	  11.07
	 -0.604	 -0.089	 -0.792
	  0.107	  0.976	 -0.190
	  0.791	 -0.198	 -0.579

6 	  49.48	   5.91	   9.49
	  0.776	 -0.544	 -0.318
	  0.310	 -0.117	  0.943
	 -0.555	 -0.829	  0.075

7 	  37.99	  -6.54	  -0.65
	  0.711	 -0.696	 -0.104
	  0.423	  0.540	 -0.727
	  0.563	  0.473	  0.678

8 	  41.03	  -8.95	  10.18
	 -0.684	  0.155	 -0.712
	 -0.077	  0.956	  0.281
	  0.726	  0.246	 -0.642

9 	  49.54	  -5.66	   5.85
	  0.633	  0.554	 -0.540
	 -0.592	 -0.108	 -0.798
	 -0.505	  0.823	  0.258

2 	  33.47	  -6.59	  22.76
	  0.106	  0.994	 -0.034
	 -0.994	  0.107	  0.003
	  0.007	  0.033	  0.999

3 	  35.28	  -0.95	   2.60
	  0.166	  0.029	 -0.986
	 -0.151	  0.988	  0.004
	  0.974	  0.148	  0.169

4 	  38.25	   6.13	  -0.19
	  0.834	  0.552	 -0.014
	 -0.411	  0.638	  0.651
	  0.369	 -0.538	  0.758

5 	  39.78	   7.73	  11.21
	 -0.612	 -0.160	 -0.775
	 -0.058	  0.986	 -0.158
	  0.789	 -0.052	 -0.612

6 	  49.36	   8.19	   8.98
	  0.864	 -0.301	 -0.403
	  0.403	 -0.072	  0.912
	 -0.309	 -0.950	  0.056

7 	  37.99	  -6.50	  -0.70
	  0.707	 -0.699	 -0.110
	  0.423	  0.541	 -0.727
	  0.568	  0.467	  0.677

8 	  40.89	  -8.72	  10.25
	 -0.677	  0.206	 -0.706
	  0.032	  0.967	  0.251
	  0.736	  0.146	 -0.661

9 	  49.85	  -7.49	   5.61
	  0.734	  0.344	 -0.585
	 -0.623	 -0.008	 -0.782
	 -0.279	  0.937	  0.208

2 	  33.45	  -6.59	  22.76
	  0.106	  0.994	 -0.034
	 -0.994	  0.107	  0.004
	  0.008	  0.033	  0.999

3 	  35.28	  -0.95	   2.60
	  0.165	  0.030	 -0.986
	 -0.156	  0.988	  0.004
	  0.974	  0.153	  0.168

4 	  38.20	   6.15	  -0.19
	  0.826	  0.564	 -0.004
	 -0.426	  0.627	  0.651
	  0.370	 -0.537	  0.758

5 	  39.60	   7.52	  11.30
	 -0.605	 -0.208	 -0.769
	 -0.171	  0.977	 -0.131
	  0.778	  0.052	 -0.626

6 	  48.92	   9.74	   8.67
	  0.887	 -0.127	 -0.443
	  0.451	  0.038	  0.891
	 -0.100	 -0.991	  0.090

7 	  37.95	  -6.45	  -0.70
	  0.694	 -0.711	 -0.109
	  0.436	  0.536	 -0.722
	  0.573	  0.454	  0.682

8 	  40.64	  -8.53	  10.37
	 -0.653	  0.285	 -0.701
	  0.225	  0.957	  0.181
	  0.724	 -0.039	 -0.689

9 	  49.59	  -9.70	   5.77
	  0.801	  0.104	 -0.589
	 -0.599	  0.110	 -0.793
	 -0.020	  0.988	  0.150

2 	  33.47	  -6.59	  22.76
	  0.106	  0.994	 -0.034
	 -0.994	  0.107	  0.004
	  0.008	  0.033	  0.999

3 	  35.28	  -0.95	   2.58
	  0.165	  0.029	 -0.986
	 -0.165	  0.986	  0.001
	  0.972	  0.162	  0.168

4 	  38.18	   6.12	  -0.18
	  0.816	  0.578	  0.009
	 -0.447	  0.620	  0.645
	  0.368	 -0.530	  0.764

5 	  39.52	   7.33	  11.36
	 -0.594	 -0.264	 -0.760
	 -0.291	  0.951	 -0.104
	  0.750	  0.158	 -0.642

6 	  48.25	  11.18	   8.47
	  0.879	  0.042	 -0.474
	  0.466	  0.134	  0.874
	  0.099	 -0.990	  0.097

7 	  37.86	  -6.47	  -0.72
	  0.678	 -0.727	 -0.105
	  0.454	  0.526	 -0.719
	  0.578	  0.440	  0.687

8 	  40.52	  -8.33	  10.44
	 -0.641	  0.319	 -0.698
	  0.328	  0.936	  0.129
	  0.696	 -0.146	 -0.703

9 	  49.04	 -11.36	   5.75
	  0.790	 -0.092	 -0.606
	 -0.585	  0.189	 -0.789
	  0.187	  0.978	  0.096

2 	  33.47	  -6.59	  22.75
	  0.106	  0.994	 -0.034
	 -0.994	  0.107	  0.004
	  0.008	  0.033	  0.999

3 	  35.26	  -0.97	   2.57
	  0.161	  0.029	 -0.986
	 -0.169	  0.986	  0.002
	  0.972	  0.166	  0.164

4 	  38.06	   6.08	  -0.16
	  0.799	  0.600	  0.024
	 -0.478	  0.611	  0.631
	  0.365	 -0.516	  0.775

5 	  39.36	   7.14	  11.39
	 -0.571	 -0.316	 -0.757
	 -0.406	  0.911	 -0.075
	  0.714	  0.264	 -0.648

6 	  47.43	  12.36	   8.47
	  0.857	  0.181	 -0.483
	  0.450	  0.198	  0.871
	  0.253	 -0.963	  0.088

7 	  37.76	  -6.42	  -0.74
	  0.652	 -0.752	 -0.098
	  0.492	  0.517	 -0.700
	  0.578	  0.408	  0.706

8 	  40.39	  -8.19	  10.49
	 -0.611	  0.371	 -0.700
	  0.465	  0.883	  0.063
	  0.642	 -0.286	 -0.711

9 	  48.36	 -12.64	   5.85
	  0.762	 -0.239	 -0.602
	 -0.549	  0.256	 -0.795
	  0.346	  0.936	  0.064

2 	  33.45	  -6.59	  22.76
	  0.106	  0.994	 -0.034
	 -0.994	  0.107	  0.004
	  0.008	  0.033	  0.999

3 	  35.21	  -0.97	   2.53
	  0.145	  0.031	 -0.989
	 -0.165	  0.986	  0.007
	  0.975	  0.162	  0.148

4 	  37.93	   6.01	  -0.19
	  0.779	  0.626	  0.031
	 -0.508	  0.599	  0.618
	  0.369	 -0.498	  0.785

5 	  39.09	   7.07	  11.43
	 -0.544	 -0.357	 -0.759
	 -0.476	  0.876	 -0.071
	  0.692	  0.321	 -0.647

6 	  46.72	  13.08	   8.51
	  0.835	  0.265	 -0.481
	  0.428	  0.235	  0.872
	  0.345	 -0.935	  0.084

7 	  37.69	  -6.40	  -0.72
	  0.630	 -0.771	 -0.089
	  0.519	  0.503	 -0.691
	  0.578	  0.389	  0.717

8 	  40.27	  -8.14	  10.53
	 -0.582	  0.399	 -0.709
	  0.548	  0.836	  0.022
	  0.603	 -0.374	 -0.704

9 	  47.83	 -13.29	   5.91
	  0.732	 -0.318	 -0.602
	 -0.541	  0.268	 -0.797
	  0.417	  0.908	  0.025

2 	  33.47	  -6.59	  22.76
	  0.106	  0.994	 -0.034
	 -0.994	  0.107	  0.004
	  0.008	  0.032	  0.999

3 	  35.16	  -0.98	   2.48
	  0.133	  0.031	 -0.991
	 -0.164	  0.986	  0.010
	  0.977	  0.161	  0.136

4 	  37.83	   5.96	  -0.23
	  0.762	  0.646	  0.034
	 -0.528	  0.589	  0.612
	  0.376	 -0.485	  0.789

5 	  38.99	   6.96	  11.36
	 -0.528	 -0.384	 -0.758
	 -0.525	  0.848	 -0.065
	  0.669	  0.363	 -0.648

6 	  46.27	  13.45	   8.46
	  0.817	  0.313	 -0.484
	  0.419	  0.255	  0.871
	  0.398	 -0.914	  0.077

7 	  37.62	  -6.35	  -0.74
	  0.613	 -0.785	 -0.082
	  0.535	  0.490	 -0.688
	  0.581	  0.378	  0.720

8 	  40.15	  -8.02	  10.56
	 -0.558	  0.418	 -0.717
	  0.603	  0.797	 -0.003
	  0.572	 -0.433	 -0.697

9 	  47.30	 -13.82	   5.96
	  0.695	 -0.383	 -0.609
	 -0.546	  0.271	 -0.793
	  0.471	  0.882	 -0.021

2 	  33.47	  -6.59	  22.76
	  0.106	  0.994	 -0.034
	 -0.994	  0.107	  0.004
	  0.008	  0.032	  0.999

3 	  35.09	  -0.97	   2.41
	  0.119	  0.039	 -0.992
	 -0.168	  0.985	  0.019
	  0.978	  0.165	  0.124

4 	  37.74	   5.89	  -0.26
	  0.750	  0.660	  0.027
	 -0.538	  0.586	  0.605
	  0.385	 -0.469	  0.795

5 	  38.94	   6.93	  11.29
	 -0.518	 -0.411	 -0.750
	 -0.567	  0.821	 -0.060
	  0.642	  0.393	 -0.658

6 	  45.97	  13.73	   8.19
	  0.796	  0.343	 -0.498
	  0.421	  0.278	  0.863
	  0.437	 -0.896	  0.078

7 	  37.53	  -6.35	  -0.74
	  0.602	 -0.795	 -0.077
	  0.544	  0.479	 -0.689
	  0.585	  0.372	  0.720

8 	  40.03	  -8.00	  10.56
	 -0.548	  0.428	 -0.718
	  0.625	  0.780	 -0.010
	  0.557	 -0.454	 -0.695

9 	  47.00	 -14.20	   5.96
	  0.662	 -0.431	 -0.613
	 -0.561	  0.259	 -0.786
	  0.500	  0.863	 -0.070

2 	  33.47	  -6.59	  22.76
	  0.106	  0.994	 -0.034
	 -0.994	  0.107	  0.004
	  0.008	  0.033	  0.999

3 	  35.07	  -0.97	   2.37
	  0.112	  0.041	 -0.993
	 -0.166	  0.986	  0.022
	  0.980	  0.162	  0.117

4 	  37.63	   5.85	  -0.32
	  0.733	  0.679	  0.021
	 -0.554	  0.578	  0.599
	  0.396	 -0.451	  0.800

5 	  38.90	   6.93	  11.23
	 -0.488	 -0.449	 -0.749
	 -0.638	  0.769	 -0.047
	  0.598	  0.454	 -0.661

6 	  45.53	  14.13	   8.16
	  0.778	  0.387	 -0.495
	  0.406	  0.292	  0.866
	  0.481	 -0.873	  0.071

7 	  37.53	  -6.33	  -0.76
	  0.594	 -0.800	 -0.077
	  0.550	  0.474	 -0.688
	  0.587	  0.366	  0.721

8 	  39.99	  -8.00	  10.53
	 -0.543	  0.438	 -0.716
	  0.641	  0.768	 -0.014
	  0.545	 -0.466	 -0.697

9 	  46.71	 -14.50	   6.01
	  0.636	 -0.472	 -0.611
	 -0.566	  0.255	 -0.784
	  0.528	  0.843	 -0.105

2 	  33.45	  -6.59	  22.76
	  0.106	  0.994	 -0.034
	 -0.994	  0.107	  0.003
	  0.007	  0.033	  0.999

3 	  35.03	  -0.97	   2.34
	  0.101	  0.045	 -0.994
	 -0.163	  0.986	  0.028
	  0.981	  0.159	  0.107

4 	  37.58	   5.82	  -0.35
	  0.725	  0.688	  0.017
	 -0.559	  0.573	  0.599
	  0.403	 -0.444	  0.800

5 	  38.87	   6.84	  11.20
	 -0.469	 -0.467	 -0.750
	 -0.675	  0.737	 -0.039
	  0.572	  0.487	 -0.660

6 	  45.28	  14.31	   8.12
	  0.769	  0.406	 -0.493
	  0.398	  0.301	  0.866
	  0.502	 -0.862	  0.071

7 	  37.42	  -6.31	  -0.79
	  0.582	 -0.809	 -0.076
	  0.557	  0.465	 -0.688
	  0.593	  0.358	  0.721

8 	  39.87	  -8.00	  10.49
	 -0.537	  0.448	 -0.714
	  0.653	  0.757	 -0.014
	  0.536	 -0.474	 -0.699

9 	  46.42	 -14.75	   6.06
	  0.617	 -0.501	 -0.607
	 -0.565	  0.257	 -0.784
	  0.551	  0.825	 -0.124

2 	  33.45	  -6.59	  22.76
	  0.107	  0.994	 -0.034
	 -0.994	  0.107	  0.004
	  0.008	  0.033	  0.999

3 	  34.98	  -0.97	   2.29
	  0.094	  0.048	 -0.994
	 -0.145	  0.989	  0.034
	  0.985	  0.141	  0.100

4 	  37.48	   5.75	  -0.40
	  0.711	  0.703	  0.014
	 -0.571	  0.565	  0.595
	  0.411	 -0.431	  0.803

5 	  38.78	   6.75	  11.11
	 -0.437	 -0.492	 -0.753
	 -0.731	  0.682	 -0.023
	  0.526	  0.540	 -0.657

6 	  44.91	  14.50	   8.02
	  0.755	  0.428	 -0.496
	  0.391	  0.316	  0.865
	  0.529	 -0.846	  0.072

7 	  37.41	  -6.28	  -0.79
	  0.578	 -0.812	 -0.074
	  0.560	  0.460	 -0.689
	  0.594	  0.356	  0.721

8 	  39.76	  -7.93	  10.49
	 -0.527	  0.448	 -0.722
	  0.660	  0.751	 -0.015
	  0.537	 -0.484	 -0.691

9 	  46.14	 -14.96	   6.24
	  0.595	 -0.536	 -0.598
	 -0.575	  0.237	 -0.783
	  0.564	  0.808	 -0.167

2 	  33.45	  -6.59	  22.76
	  0.106	  0.994	 -0.034
	 -0.994	  0.107	  0.004
	  0.008	  0.033	  0.999

3 	  34.91	  -0.93	   2.25
	  0.082	  0.054	 -0.995
	 -0.125	  0.991	  0.043
	  0.989	  0.120	  0.088

4 	  37.41	   5.73	  -0.40
	  0.703	  0.711	  0.011
	 -0.576	  0.559	  0.595
	  0.418	 -0.425	  0.803

5 	  38.76	   6.71	  11.11
	 -0.423	 -0.493	 -0.760
	 -0.739	  0.673	 -0.027
	  0.527	  0.550	 -0.648

6 	  44.75	  14.57	   8.00
	  0.748	  0.439	 -0.498
	  0.391	  0.315	  0.864
	  0.539	 -0.840	  0.065

7 	  37.30	  -6.24	  -0.83
	  0.566	 -0.821	 -0.078
	  0.565	  0.454	 -0.689
	  0.601	  0.346	  0.720

8 	  39.57	  -7.91	  10.49
	 -0.520	  0.461	 -0.719
	  0.676	  0.737	 -0.015
	  0.524	 -0.493	 -0.694

9 	  45.74	 -15.24	   6.24
	  0.570	 -0.568	 -0.594
	 -0.575	  0.242	 -0.781
	  0.590	  0.785	 -0.189

2 	  33.45	  -6.59	  22.76
	  0.106	  0.994	 -0.034
	 -0.994	  0.107	  0.004
	  0.008	  0.033	  0.999

3 	  34.84	  -0.90	   2.21
	  0.071	  0.061	 -0.996
	 -0.105	  0.993	  0.053
	  0.992	  0.101	  0.077

4 	  37.34	   5.73	  -0.40
	  0.695	  0.719	  0.010
	 -0.582	  0.554	  0.595
	  0.422	 -0.420	  0.803

5 	  38.76	   6.73	  11.06
	 -0.402	 -0.488	 -0.775
	 -0.752	  0.658	 -0.026
	  0.524	  0.572	 -0.631

6 	  44.49	  14.75	   7.98
	  0.737	  0.457	 -0.497
	  0.388	  0.318	  0.865
	  0.556	 -0.829	  0.057

7 	  37.25	  -6.21	  -0.83
	  0.561	 -0.824	 -0.078
	  0.565	  0.450	 -0.692
	  0.606	  0.344	  0.717

8 	  39.50	  -7.91	  10.48
	 -0.517	  0.463	 -0.720
	  0.678	  0.735	 -0.013
	  0.525	 -0.495	 -0.693

9 	  45.65	 -15.29	   6.31
	  0.563	 -0.579	 -0.589
	 -0.576	  0.236	 -0.782
	  0.595	  0.778	 -0.200

2 	  33.45	  -6.59	  22.76
	  0.107	  0.994	 -0.034
	 -0.994	  0.107	  0.004
	  0.008	  0.032	  0.999

3 	  34.82	  -0.88	   2.21
	  0.063	  0.063	 -0.996
	 -0.092	  0.994	  0.057
	  0.994	  0.088	  0.068

4 	  37.23	   5.71	  -0.44
	  0.684	  0.729	  0.007
	 -0.590	  0.547	  0.594
	  0.430	 -0.411	  0.804

5 	  38.76	   6.73	  10.99
	 -0.387	 -0.478	 -0.789
	 -0.769	  0.639	 -0.010
	  0.510	  0.602	 -0.614

6 	  44.21	  14.94	   7.91
	  0.723	  0.476	 -0.501
	  0.385	  0.326	  0.863
	  0.576	 -0.815	  0.053

7 	  37.18	  -6.17	  -0.83
	  0.556	 -0.828	 -0.080
	  0.566	  0.446	 -0.693
	  0.610	  0.340	  0.715

8 	  39.39	  -7.86	  10.48
	 -0.507	  0.465	 -0.725
	  0.685	  0.728	 -0.011
	  0.525	 -0.502	 -0.687

9 	  45.42	 -15.40	   6.40
	  0.546	 -0.604	 -0.581
	 -0.580	  0.229	 -0.782
	  0.607	  0.762	 -0.225

2 	  33.45	  -6.59	  22.76
	  0.106	  0.994	 -0.034
	 -0.994	  0.107	  0.004
	  0.008	  0.032	  0.999

3 	  34.77	  -0.86	   2.21
	  0.053	  0.066	 -0.996
	 -0.071	  0.995	  0.062
	  0.996	  0.067	  0.058

4 	  37.18	   5.73	  -0.44
	  0.680	  0.733	  0.004
	 -0.592	  0.544	  0.595
	  0.435	 -0.407	  0.803

5 	  38.72	   6.75	  10.99
	 -0.385	 -0.473	 -0.793
	 -0.770	  0.638	 -0.008
	  0.510	  0.607	 -0.609

6 	  44.14	  14.96	   7.88
	  0.717	  0.482	 -0.504
	  0.390	  0.322	  0.862
	  0.579	 -0.813	  0.044

7 	  37.07	  -6.12	  -0.88
	  0.547	 -0.833	 -0.085
	  0.566	  0.442	 -0.696
	  0.617	  0.333	  0.713

8 	  39.23	  -7.82	  10.44
	 -0.499	  0.469	 -0.729
	  0.692	  0.722	 -0.006
	  0.525	 -0.507	 -0.684

9 	  45.16	 -15.54	   6.45
	  0.532	 -0.620	 -0.576
	 -0.577	  0.233	 -0.782
	  0.622	  0.747	 -0.234

2 	  33.45	  -6.59	  22.76
	  0.106	  0.994	 -0.034
	 -0.994	  0.107	  0.004
	  0.008	  0.033	  0.999

3 	  34.72	  -0.83	   2.20
	  0.044	  0.069	 -0.997
	 -0.051	  0.996	  0.066
	  0.998	  0.048	  0.048

4 	  37.14	   5.73	  -0.44
	  0.677	  0.736	  0.002
	 -0.592	  0.541	  0.597
	  0.439	 -0.405	  0.802

5 	  38.72	   6.75	  10.93
	 -0.368	 -0.478	 -0.798
	 -0.789	  0.614	 -0.005
	  0.494	  0.627	 -0.602

6 	  43.98	  15.10	   7.86
	  0.712	  0.495	 -0.498
	  0.378	  0.328	  0.865
	  0.594	 -0.803	  0.047

7 	  37.04	  -6.12	  -0.88
	  0.540	 -0.838	 -0.083
	  0.568	  0.435	 -0.698
	  0.622	  0.330	  0.710

8 	  39.15	  -7.80	  10.44
	 -0.489	  0.474	 -0.732
	  0.701	  0.713	 -0.005
	  0.521	 -0.516	 -0.680

9 	  44.93	 -15.66	   6.50
	  0.521	 -0.637	 -0.569
	 -0.574	  0.234	 -0.785
	  0.634	  0.733	 -0.244

2 	  33.45	  -6.59	  22.76
	  0.106	  0.994	 -0.034
	 -0.994	  0.107	  0.004
	  0.008	  0.033	  0.999

3 	  34.70	  -0.81	   2.20
	  0.042	  0.069	 -0.997
	 -0.041	  0.997	  0.068
	  0.998	  0.038	  0.045

4 	  37.11	   5.71	  -0.46
	  0.674	  0.739	 -0.001
	 -0.593	  0.540	  0.597
	  0.443	 -0.402	  0.801

5 	  38.72	   6.75	  10.93
	 -0.370	 -0.478	 -0.797
	 -0.788	  0.615	 -0.004
	  0.493	  0.626	 -0.603

6 	  43.96	  15.08	   7.80
	  0.709	  0.494	 -0.503
	  0.386	  0.325	  0.863
	  0.592	 -0.805	  0.041

7 	  36.98	  -6.10	  -0.86
	  0.534	 -0.841	 -0.083
	  0.569	  0.430	 -0.701
	  0.625	  0.327	  0.708

8 	  39.08	  -7.77	  10.46
	 -0.486	  0.476	 -0.733
	  0.705	  0.709	 -0.005
	  0.519	 -0.519	 -0.680

9 	  44.81	 -15.73	   6.50
	  0.515	 -0.642	 -0.568
	 -0.576	  0.233	 -0.783
	  0.637	  0.729	 -0.249

2 	  33.45	  -6.57	  22.76
	  0.106	  0.994	 -0.034
	 -0.994	  0.107	  0.004
	  0.008	  0.033	  0.999

3 	  34.66	  -0.81	   2.20
	  0.035	  0.069	 -0.997
	 -0.030	  0.997	  0.068
	  0.999	  0.027	  0.037

4 	  37.07	   5.71	  -0.47
	  0.670	  0.742	 -0.004
	 -0.593	  0.538	  0.599
	  0.447	 -0.399	  0.800

5 	  38.72	   6.77	  10.90
	 -0.366	 -0.478	 -0.798
	 -0.791	  0.611	 -0.005
	  0.492	  0.630	 -0.601

6 	  43.89	  15.12	   7.77
	  0.704	  0.500	 -0.504
	  0.391	  0.320	  0.862
	  0.594	 -0.803	  0.031

7 	  36.93	  -6.08	  -0.88
	  0.527	 -0.845	 -0.084
	  0.570	  0.425	 -0.703
	  0.631	  0.323	  0.705

8 	  38.99	  -7.75	  10.42
	 -0.473	  0.485	 -0.736
	  0.722	  0.691	 -0.008
	  0.506	 -0.535	 -0.677

9 	  44.56	 -15.84	   6.56
	  0.504	 -0.655	 -0.563
	 -0.573	  0.235	 -0.785
	  0.649	  0.716	 -0.257

2 	  33.47	  -6.59	  22.76
	  0.106	  0.994	 -0.034
	 -0.994	  0.107	  0.004
	  0.008	  0.033	  0.999

3 	  34.63	  -0.77	   2.21
	  0.031	  0.069	 -0.997
	 -0.022	  0.997	  0.068
	  0.999	  0.019	  0.033

4 	  37.02	   5.71	  -0.47
	  0.667	  0.745	 -0.007
	 -0.594	  0.537	  0.599
	  0.451	 -0.396	  0.800

5 	  38.71	   6.75	  10.88
	 -0.360	 -0.479	 -0.801
	 -0.796	  0.605	 -0.005
	  0.488	  0.636	 -0.598

6 	  43.84	  15.15	   7.77
	  0.702	  0.503	 -0.504
	  0.391	  0.321	  0.863
	  0.597	 -0.801	  0.030

7 	  36.86	  -6.05	  -0.88
	  0.522	 -0.849	 -0.086
	  0.570	  0.421	 -0.705
	  0.635	  0.319	  0.703

8 	  38.94	  -7.72	  10.42
	 -0.465	  0.492	 -0.736
	  0.739	  0.674	 -0.015
	  0.490	 -0.551	 -0.676

9 	  44.38	 -15.91	   6.59
	  0.495	 -0.664	 -0.560
	 -0.572	  0.237	 -0.785
	  0.656	  0.707	 -0.262

2 	  33.47	  -6.59	  22.75
	  0.106	  0.994	 -0.034
	 -0.994	  0.107	  0.004
	  0.008	  0.033	  0.999

3 	  34.59	  -0.76	   2.21
	  0.028	  0.069	 -0.997
	 -0.016	  0.997	  0.068
	  0.999	  0.014	  0.029

4 	  37.00	   5.71	  -0.47
	  0.667	  0.745	 -0.009
	 -0.593	  0.536	  0.600
	  0.453	 -0.396	  0.799

5 	  38.72	   6.75	  10.86
	 -0.354	 -0.478	 -0.804
	 -0.802	  0.597	 -0.002
	  0.482	  0.644	 -0.594

6 	  43.80	  15.17	   7.77
	  0.702	  0.505	 -0.503
	  0.390	  0.320	  0.863
	  0.598	 -0.801	  0.028

7 	  36.81	  -6.03	  -0.88
	  0.518	 -0.851	 -0.087
	  0.571	  0.419	 -0.706
	  0.638	  0.316	  0.702

8 	  38.92	  -7.70	  10.44
	 -0.459	  0.497	 -0.736
	  0.749	  0.662	 -0.019
	  0.479	 -0.560	 -0.676

9 	  44.28	 -16.00	   6.63
	  0.487	 -0.674	 -0.555
	 -0.573	  0.234	 -0.785
	  0.661	  0.699	 -0.272

2 	  33.47	  -6.59	  22.76
	  0.106	  0.994	 -0.034
	 -0.994	  0.107	  0.004
	  0.008	  0.033	  0.999

3 	  34.58	  -0.74	   2.23
	  0.025	  0.067	 -0.997
	 -0.008	  0.998	  0.066
	  0.999	  0.006	  0.025

4 	  37.00	   5.73	  -0.47
	  0.667	  0.744	 -0.010
	 -0.591	  0.536	  0.602
	  0.454	 -0.396	  0.797

5 	  38.72	   6.73	  10.86
	 -0.359	 -0.471	 -0.806
	 -0.793	  0.609	 -0.004
	  0.494	  0.637	 -0.591

6 	  44.02	  15.03	   7.79
	  0.717	  0.485	 -0.500
	  0.394	  0.311	  0.865
	  0.577	 -0.816	  0.033

7 	  36.79	  -6.05	  -0.86
	  0.520	 -0.849	 -0.087
	  0.570	  0.421	 -0.705
	  0.636	  0.317	  0.703

8 	  38.95	  -7.73	  10.44
	 -0.467	  0.496	 -0.732
	  0.740	  0.672	 -0.015
	  0.486	 -0.548	 -0.680

9 	  44.65	 -15.77	   6.50
	  0.524	 -0.638	 -0.565
	 -0.581	  0.219	 -0.784
	  0.626	  0.737	 -0.255

2 	  33.45	  -6.59	  22.76
	  0.106	  0.994	 -0.034
	 -0.994	  0.107	  0.004
	  0.008	  0.032	  0.999

3 	  34.63	  -0.77	   2.32
	  0.039	  0.059	 -0.997
	 -0.023	  0.998	  0.058
	  0.999	  0.020	  0.041

4 	  37.07	   5.75	  -0.46
	  0.685	  0.728	 -0.007
	 -0.579	  0.551	  0.601
	  0.442	 -0.408	  0.798

5 	  38.72	   6.73	  10.90
	 -0.393	 -0.464	 -0.793
	 -0.764	  0.645	  0.000
	  0.513	  0.606	 -0.608

6 	  44.86	  14.40	   7.77
	  0.771	  0.391	 -0.502
	  0.410	  0.298	  0.862
	  0.489	 -0.869	  0.071

7 	  36.98	  -6.12	  -0.84
	  0.550	 -0.830	 -0.095
	  0.559	  0.450	 -0.696
	  0.621	  0.330	  0.711

8 	  39.15	  -7.91	  10.42
	 -0.503	  0.472	 -0.724
	  0.672	  0.740	  0.017
	  0.545	 -0.478	 -0.689

9 	  45.65	 -15.06	   6.28
	  0.610	 -0.535	 -0.584
	 -0.576	  0.208	 -0.791
	  0.546	  0.818	 -0.181

2 	  33.47	  -6.59	  22.76
	  0.106	  0.994	 -0.034
	 -0.994	  0.107	  0.004
	  0.008	  0.033	  0.999

3 	  34.79	  -0.84	   2.36
	  0.079	  0.051	 -0.995
	 -0.075	  0.996	  0.045
	  0.994	  0.071	  0.083

4 	  37.23	   5.77	  -0.44
	  0.704	  0.710	 -0.005
	 -0.566	  0.565	  0.600
	  0.429	 -0.420	  0.799

5 	  38.83	   6.87	  11.02
	 -0.444	 -0.463	 -0.767
	 -0.698	  0.715	 -0.030
	  0.564	  0.522	 -0.640

6 	  45.77	  13.64	   7.80
	  0.819	  0.290	 -0.495
	  0.423	  0.277	  0.863
	  0.389	 -0.915	  0.104

7 	  37.14	  -6.19	  -0.81
	  0.571	 -0.815	 -0.097
	  0.550	  0.467	 -0.692
	  0.609	  0.342	  0.715

8 	  39.30	  -8.03	  10.46
	 -0.527	  0.440	 -0.727
	  0.609	  0.792	  0.038
	  0.594	 -0.422	 -0.685

9 	  46.48	 -14.40	   6.28
	  0.677	 -0.450	 -0.582
	 -0.569	  0.183	 -0.802
	  0.469	  0.873	 -0.132

2 	  33.47	  -6.59	  22.76
	  0.106	  0.994	 -0.034
	 -0.994	  0.107	  0.004
	  0.008	  0.032	  0.999

3 	  34.88	  -0.86	   2.43
	  0.107	  0.044	 -0.993
	 -0.118	  0.992	  0.032
	  0.987	  0.113	  0.112

4 	  37.34	   5.78	  -0.42
	  0.724	  0.689	 -0.005
	 -0.550	  0.581	  0.599
	  0.417	 -0.432	  0.800

5 	  38.94	   7.14	  11.13
	 -0.519	 -0.413	 -0.748
	 -0.562	  0.824	 -0.067
	  0.646	  0.384	 -0.660

6 	  46.86	  12.48	   7.89
	  0.862	  0.151	 -0.484
	  0.448	  0.224	  0.865
	  0.240	 -0.963	  0.126

7 	  37.25	  -6.19	  -0.79
	  0.590	 -0.801	 -0.101
	  0.539	  0.483	 -0.690
	  0.602	  0.353	  0.716

8 	  39.48	  -8.14	  10.42
	 -0.562	  0.406	 -0.720
	  0.529	  0.846	  0.065
	  0.637	 -0.344	 -0.690

9 	  47.32	 -13.39	   6.19
	  0.738	 -0.338	 -0.584
	 -0.564	  0.167	 -0.809
	  0.372	  0.926	 -0.067

2 	  33.45	  -6.59	  22.76
	  0.106	  0.994	 -0.034
	 -0.994	  0.107	  0.004
	  0.008	  0.033	  0.999

3 	  34.93	  -0.88	   2.46
	  0.121	  0.044	 -0.992
	 -0.135	  0.990	  0.027
	  0.983	  0.130	  0.126

4 	  37.44	   5.85	  -0.37
	  0.741	  0.671	 -0.005
	 -0.535	  0.593	  0.602
	  0.408	 -0.444	  0.798

5 	  39.01	   7.28	  11.14
	 -0.569	 -0.345	 -0.747
	 -0.421	  0.902	 -0.096
	  0.707	  0.259	 -0.658

6 	  47.60	  11.27	   8.02
	  0.885	  0.018	 -0.466
	  0.457	  0.171	  0.873
	  0.095	 -0.985	  0.143

7 	  37.30	  -6.24	  -0.79
	  0.605	 -0.789	 -0.104
	  0.526	  0.493	 -0.693
	  0.598	  0.364	  0.713

8 	  39.62	  -8.26	  10.39
	 -0.587	  0.364	 -0.723
	  0.435	  0.895	  0.098
	  0.683	 -0.256	 -0.683

9 	  48.15	 -12.25	   6.26
	  0.798	 -0.202	 -0.567
	 -0.549	  0.145	 -0.823
	  0.249	  0.968	  0.005

2 	  33.47	  -6.59	  22.75
	  0.106	  0.994	 -0.034
	 -0.994	  0.107	  0.004
	  0.008	  0.033	  0.999

3 	  34.96	  -0.91	   2.50
	  0.130	  0.036	 -0.991
	 -0.144	  0.989	  0.018
	  0.981	  0.140	  0.134

4 	  37.51	   5.84	  -0.39
	  0.757	  0.653	 -0.012
	 -0.515	  0.606	  0.606
	  0.403	 -0.453	  0.795

5 	  39.18	   7.45	  11.04
	 -0.596	 -0.286	 -0.750
	 -0.295	  0.947	 -0.127
	  0.747	  0.145	 -0.648

6 	  48.32	   9.91	   8.16
	  0.889	 -0.140	 -0.435
	  0.451	  0.115	  0.885
	 -0.077	 -0.984	  0.164

7 	  37.37	  -6.33	  -0.76
	  0.622	 -0.776	 -0.103
	  0.510	  0.501	 -0.699
	  0.594	  0.382	  0.707

8 	  39.76	  -8.42	  10.35
	 -0.611	  0.312	 -0.727
	  0.318	  0.938	  0.136
	  0.725	 -0.148	 -0.672

9 	  48.96	 -10.74	   6.52
	  0.849	 -0.016	 -0.527
	 -0.523	  0.112	 -0.845
	  0.071	  0.994	  0.086

2 	  33.45	  -6.59	  22.76
	  0.106	  0.994	 -0.034
	 -0.994	  0.107	  0.004
	  0.008	  0.033	  0.999

3 	  35.00	  -0.95	   2.53
	  0.137	  0.031	 -0.990
	 -0.147	  0.989	  0.010
	  0.979	  0.144	  0.140

4 	  37.56	   5.85	  -0.37
	  0.769	  0.639	 -0.011
	 -0.501	  0.613	  0.610
	  0.397	 -0.464	  0.792

5 	  39.32	   7.68	  11.00
	 -0.611	 -0.237	 -0.755
	 -0.184	  0.970	 -0.156
	  0.770	  0.043	 -0.636

6 	  48.73	   8.75	   8.35
	  0.875	 -0.282	 -0.394
	  0.432	  0.083	  0.898
	 -0.224	 -0.955	  0.193

7 	  37.48	  -6.33	  -0.74
	  0.639	 -0.762	 -0.104
	  0.494	  0.510	 -0.703
	  0.589	  0.398	  0.703

8 	  39.99	  -8.60	  10.34
	 -0.634	  0.262	 -0.728
	  0.188	  0.965	  0.184
	  0.750	 -0.020	 -0.660

9 	  49.48	  -9.21	   6.63
	  0.852	  0.164	 -0.497
	 -0.514	  0.085	 -0.853
	 -0.101	  0.983	  0.155

2 	  33.45	  -6.59	  22.76
	  0.106	  0.994	 -0.034
	 -0.994	  0.107	  0.004
	  0.008	  0.033	  0.999

3 	  35.03	  -0.95	   2.53
	  0.142	  0.030	 -0.990
	 -0.152	  0.988	  0.008
	  0.978	  0.149	  0.145

4 	  37.67	   5.91	  -0.33
	  0.784	  0.620	 -0.010
	 -0.484	  0.621	  0.616
	  0.388	 -0.479	  0.787

5 	  39.52	   7.95	  10.97
	 -0.623	 -0.186	 -0.760
	 -0.068	  0.981	 -0.183
	  0.780	 -0.062	 -0.623

6 	  48.99	   7.59	   8.61
	  0.841	 -0.413	 -0.349
	  0.415	  0.073	  0.907
	 -0.354	 -0.907	  0.230

7 	  37.55	  -6.33	  -0.70
	  0.658	 -0.746	 -0.102
	  0.479	  0.519	 -0.708
	  0.581	  0.416	  0.698

8 	  40.22	  -8.81	  10.28
	 -0.646	  0.222	 -0.730
	  0.072	  0.970	  0.232
	  0.760	  0.097	 -0.643

9 	  49.73	  -7.72	   6.77
	  0.817	  0.343	 -0.462
	 -0.509	  0.047	 -0.859
	 -0.278	  0.937	  0.211

2 	  33.47	  -6.59	  22.75
	  0.106	  0.994	 -0.034
	 -0.994	  0.107	  0.004
	  0.008	  0.033	  0.999

3 	  35.05	  -0.93	   2.55
	  0.147	  0.030	 -0.989
	 -0.152	  0.988	  0.007
	  0.977	  0.149	  0.150

4 	  37.76	   5.98	  -0.25
	  0.796	  0.605	 -0.005
	 -0.472	  0.625	  0.622
	  0.380	 -0.493	  0.782

5 	  39.67	   8.17	  11.02
	 -0.622	 -0.155	 -0.767
	  0.012	  0.978	 -0.206
	  0.783	 -0.137	 -0.607

6 	  49.24	   6.91	   8.98
	  0.812	 -0.500	 -0.301
	  0.377	  0.050	  0.925
	 -0.451	 -0.864	  0.225

7 	  37.65	  -6.40	  -0.69
	  0.674	 -0.732	 -0.097
	  0.467	  0.524	 -0.712
	  0.573	  0.434	  0.695

8 	  40.39	  -8.96	  10.25
	 -0.649	  0.193	 -0.735
	 -0.003	  0.967	  0.255
	  0.760	  0.167	 -0.627

9 	  49.76	  -6.73	   6.96
	  0.776	  0.463	 -0.427
	 -0.496	  0.025	 -0.868
	 -0.397	  0.884	  0.246

2 	  33.45	  -6.59	  22.76
	  0.106	  0.994	 -0.034
	 -0.994	  0.107	  0.004
	  0.008	  0.033	  0.999

3 	  35.10	  -0.93	   2.57
	  0.154	  0.029	 -0.988
	 -0.156	  0.988	  0.005
	  0.976	  0.153	  0.156

4 	  37.86	   6.03	  -0.21
	  0.806	  0.592	 -0.002
	 -0.460	  0.627	  0.629
	  0.374	 -0.506	  0.777

5 	  39.76	   8.30	  11.02
	 -0.622	 -0.128	 -0.773
	  0.071	  0.973	 -0.218
	  0.780	 -0.189	 -0.596

6 	  49.22	   6.29	   9.23
	  0.775	 -0.565	 -0.281
	  0.353	  0.014	  0.935
	 -0.529	 -0.823	  0.207

7 	  37.72	  -6.45	  -0.65
	  0.685	 -0.723	 -0.091
	  0.459	  0.525	 -0.717
	  0.566	  0.449	  0.691

8 	  40.54	  -9.11	  10.25
	 -0.654	  0.179	 -0.735
	 -0.047	  0.960	  0.275
	  0.756	  0.213	 -0.619

9 	  49.57	  -5.91	   7.10
	  0.716	  0.568	 -0.404
	 -0.499	  0.007	 -0.867
	 -0.495	  0.820	  0.287

2 	  33.47	  -6.59	  22.76
	  0.106	  0.994	 -0.034
	 -0.994	  0.107	  0.004
	  0.008	  0.033	  0.999

3 	  35.12	  -0.93	   2.57
	  0.159	  0.028	 -0.987
	 -0.159	  0.987	  0.002
	  0.974	  0.157	  0.162

4 	  37.88	   6.05	  -0.19
	  0.811	  0.584	  0.000
	 -0.453	  0.628	  0.632
	  0.370	 -0.514	  0.774

5 	  39.73	   8.49	  10.97
	 -0.615	 -0.121	 -0.779
	  0.109	  0.966	 -0.236
	  0.781	 -0.229	 -0.580

6 	  49.01	   5.78	   9.39
	  0.733	 -0.627	 -0.263
	  0.340	 -0.003	  0.940
	 -0.594	 -0.777	  0.208

7 	  37.76	  -6.49	  -0.63
	  0.692	 -0.716	 -0.085
	  0.454	  0.523	 -0.721
	  0.561	  0.461	  0.687

8 	  40.52	  -9.25	  10.21
	 -0.654	  0.170	 -0.737
	 -0.080	  0.953	  0.290
	  0.753	  0.247	 -0.610

9 	  49.27	  -5.26	   7.17
	  0.653	  0.647	 -0.391
	 -0.489	 -0.038	 -0.872
	 -0.584	  0.758	  0.289

2 	  33.45	  -6.59	  22.76
	  0.106	  0.994	 -0.034
	 -0.994	  0.107	  0.004
	  0.008	  0.033	  0.999

3 	  35.12	  -0.95	   2.57
	  0.161	  0.024	 -0.987
	 -0.161	  0.987	 -0.002
	  0.974	  0.158	  0.163

4 	  37.88	   6.05	  -0.18
	  0.812	  0.583	  0.003
	 -0.452	  0.625	  0.636
	  0.369	 -0.519	  0.771

5 	  39.57	   8.54	  10.99
	 -0.601	 -0.121	 -0.790
	  0.122	  0.963	 -0.239
	  0.790	 -0.239	 -0.564

6 	  48.87	   5.52	   9.72
	  0.720	 -0.651	 -0.239
	  0.297	 -0.028	  0.954
	 -0.632	 -0.756	  0.171

7 	  37.76	  -6.52	  -0.60
	  0.697	 -0.713	 -0.082
	  0.450	  0.522	 -0.724
	  0.559	  0.467	  0.685

8 	  40.54	  -9.35	  10.23
	 -0.650	  0.170	 -0.740
	 -0.092	  0.950	  0.298
	  0.754	  0.261	 -0.602

9 	  49.24	  -5.13	   7.38
	  0.636	  0.670	 -0.382
	 -0.455	 -0.080	 -0.887
	 -0.630	  0.735	  0.251

2 	  33.45	  -6.59	  22.76
	  0.106	  0.994	 -0.034
	 -0.994	  0.107	  0.004
	  0.008	  0.032	  0.999

3 	  35.12	  -0.97	   2.58
	  0.167	  0.020	 -0.986
	 -0.160	  0.987	 -0.007
	  0.973	  0.159	  0.168

4 	  37.95	   6.06	  -0.16
	  0.816	  0.577	  0.004
	 -0.444	  0.623	  0.643
	  0.369	 -0.528	  0.765

5 	  39.55	   8.56	  10.97
	 -0.588	 -0.114	 -0.801
	  0.132	  0.964	 -0.232
	  0.798	 -0.241	 -0.552

6 	  48.85	   5.47	   9.95
	  0.720	 -0.656	 -0.227
	  0.257	 -0.057	  0.964
	 -0.649	 -0.751	  0.125

7 	  37.85	  -6.59	  -0.54
	  0.703	 -0.706	 -0.078
	  0.445	  0.523	 -0.727
	  0.554	  0.476	  0.682

8 	  40.54	  -9.33	  10.27
	 -0.641	  0.160	 -0.750
	 -0.102	  0.952	  0.289
	  0.761	  0.260	 -0.594

9 	  49.25	  -5.01	   7.58
	  0.631	  0.677	 -0.378
	 -0.439	 -0.096	 -0.893
	 -0.645	  0.727	  0.234

2 	  33.45	  -6.59	  22.76
	  0.106	  0.994	 -0.034
	 -0.994	  0.107	  0.004
	  0.008	  0.033	  0.999

3 	  35.14	  -1.00	   2.60
	  0.172	  0.016	 -0.985
	 -0.162	  0.987	 -0.012
	  0.972	  0.161	  0.172

4 	  38.00	   6.10	  -0.16
	  0.818	  0.575	  0.002
	 -0.439	  0.621	  0.648
	  0.372	 -0.532	  0.760

5 	  39.55	   8.54	  10.97
	 -0.584	 -0.109	 -0.804
	  0.132	  0.965	 -0.226
	  0.801	 -0.237	 -0.549

6 	  48.85	   5.47	   9.98
	  0.719	 -0.657	 -0.226
	  0.251	 -0.062	  0.966
	 -0.651	 -0.750	  0.117

7 	  37.88	  -6.61	  -0.54
	  0.707	 -0.703	 -0.078
	  0.440	  0.523	 -0.729
	  0.554	  0.481	  0.679

8 	  40.50	  -9.35	  10.28
	 -0.635	  0.160	 -0.755
	 -0.101	  0.953	  0.287
	  0.766	  0.257	 -0.589

9 	  49.24	  -5.04	   7.63
	  0.630	  0.680	 -0.374
	 -0.440	 -0.090	 -0.894
	 -0.646	  0.724	  0.240

2 	  33.45	  -6.59	  22.76
	  0.107	  0.994	 -0.034
	 -0.994	  0.107	  0.004
	  0.008	  0.032	  0.999

3 	  35.14	  -0.98	   2.62
	  0.173	  0.016	 -0.985
	 -0.163	  0.986	 -0.013
	  0.971	  0.162	  0.174

4 	  38.02	   6.12	  -0.16
	  0.818	  0.574	 -0.001
	 -0.436	  0.621	  0.651
	  0.375	 -0.533	  0.758

5 	  39.50	   8.54	  10.97
	 -0.578	 -0.108	 -0.809
	  0.127	  0.967	 -0.219
	  0.807	 -0.228	 -0.545

6 	  48.81	   5.45	  10.00
	  0.719	 -0.657	 -0.226
	  0.249	 -0.065	  0.966
	 -0.652	 -0.750	  0.114

7 	  37.90	  -6.64	  -0.56
	  0.711	 -0.698	 -0.081
	  0.433	  0.526	 -0.732
	  0.554	  0.486	  0.676

8 	  40.48	  -9.35	  10.30
	 -0.632	  0.158	 -0.759
	 -0.103	  0.953	  0.283
	  0.769	  0.255	 -0.586

9 	  49.24	  -5.03	   7.63
	  0.629	  0.681	 -0.374
	 -0.440	 -0.090	 -0.893
	 -0.647	  0.724	  0.241

2 	  33.47	  -6.59	  22.76
	  0.106	  0.994	 -0.034
	 -0.994	  0.107	  0.004
	  0.008	  0.033	  0.999

3 	  35.14	  -1.00	   2.62
	  0.173	  0.016	 -0.985
	 -0.165	  0.986	 -0.013
	  0.971	  0.165	  0.173

4 	  38.02	   6.13	  -0.18
	  0.818	  0.575	 -0.005
	 -0.433	  0.620	  0.655
	  0.380	 -0.534	  0.755

5 	  39.48	   8.53	  10.97
	 -0.574	 -0.108	 -0.811
	  0.125	  0.968	 -0.216
	  0.810	 -0.224	 -0.542

6 	  48.80	   5.45	  10.02
	  0.719	 -0.657	 -0.226
	  0.247	 -0.067	  0.966
	 -0.653	 -0.749	  0.111

7 	  37.92	  -6.66	  -0.58
	  0.712	 -0.697	 -0.085
	  0.430	  0.528	 -0.733
	  0.555	  0.485	  0.675

8 	  40.50	  -9.35	  10.28
	 -0.631	  0.158	 -0.759
	 -0.103	  0.953	  0.283
	  0.769	  0.255	 -0.586

9 	  49.24	  -5.03	   7.61
	  0.629	  0.681	 -0.374
	 -0.443	 -0.087	 -0.892
	 -0.645	  0.724	  0.245

2 	  33.47	  -6.59	  22.76
	  0.106	  0.994	 -0.034
	 -0.994	  0.107	  0.004
	  0.008	  0.033	  0.999

3 	  35.14	  -1.00	   2.64
	  0.173	  0.016	 -0.985
	 -0.165	  0.986	 -0.013
	  0.971	  0.165	  0.173

4 	  38.02	   6.13	  -0.18
	  0.818	  0.574	 -0.007
	 -0.430	  0.619	  0.657
	  0.382	 -0.535	  0.753

5 	  39.50	   8.54	  10.97
	 -0.572	 -0.108	 -0.813
	  0.125	  0.968	 -0.215
	  0.811	 -0.224	 -0.541

6 	  48.80	   5.48	  10.02
	  0.719	 -0.657	 -0.225
	  0.245	 -0.068	  0.967
	 -0.654	 -0.749	  0.109

7 	  37.92	  -6.66	  -0.60
	  0.712	 -0.696	 -0.087
	  0.428	  0.529	 -0.733
	  0.556	  0.485	  0.674

8 	  40.48	  -9.35	  10.28
	 -0.630	  0.159	 -0.760
	 -0.102	  0.953	  0.284
	  0.770	  0.254	 -0.585

9 	  49.22	  -5.01	   7.59
	  0.629	  0.680	 -0.375
	 -0.446	 -0.084	 -0.891
	 -0.642	  0.725	  0.248

2 	  33.47	  -6.59	  22.76
	  0.106	  0.994	 -0.034
	 -0.994	  0.107	  0.004
	  0.008	  0.033	  0.999

3 	  35.12	  -1.00	   2.64
	  0.171	  0.016	 -0.985
	 -0.165	  0.986	 -0.013
	  0.971	  0.164	  0.172

4 	  38.04	   6.15	  -0.19
	  0.819	  0.573	 -0.008
	 -0.428	  0.620	  0.657
	  0.383	 -0.536	  0.753

5 	  39.50	   8.54	  10.97
	 -0.572	 -0.108	 -0.813
	  0.125	  0.968	 -0.215
	  0.811	 -0.223	 -0.540

6 	  48.78	   5.48	  10.02
	  0.719	 -0.657	 -0.225
	  0.245	 -0.069	  0.967
	 -0.654	 -0.749	  0.109

7 	  37.92	  -6.66	  -0.58
	  0.712	 -0.697	 -0.086
	  0.428	  0.528	 -0.733
	  0.557	  0.485	  0.674

8 	  40.46	  -9.33	  10.27
	 -0.630	  0.158	 -0.760
	 -0.102	  0.954	  0.282
	  0.771	  0.253	 -0.584

9 	  49.22	  -5.01	   7.61
	  0.630	  0.679	 -0.375
	 -0.446	 -0.084	 -0.891
	 -0.641	  0.726	  0.249

2 	  33.47	  -6.59	  22.76
	  0.106	  0.994	 -0.034
	 -0.994	  0.107	  0.004
	  0.008	  0.033	  0.999

3 	  35.14	  -1.00	   2.65
	  0.170	  0.015	 -0.985
	 -0.165	  0.986	 -0.014
	  0.971	  0.165	  0.170

4 	  38.02	   6.13	  -0.16
	  0.820	  0.572	 -0.005
	 -0.430	  0.622	  0.654
	  0.377	 -0.535	  0.756

5 	  39.46	   8.49	  10.99
	 -0.572	 -0.106	 -0.813
	  0.125	  0.969	 -0.213
	  0.811	 -0.222	 -0.541

6 	  48.78	   5.47	  10.04
	  0.719	 -0.656	 -0.227
	  0.246	 -0.070	  0.966
	 -0.653	 -0.750	  0.108

7 	  37.86	  -6.64	  -0.53
	  0.710	 -0.699	 -0.080
	  0.431	  0.521	 -0.737
	  0.557	  0.489	  0.671

8 	  40.45	  -9.30	  10.32
	 -0.629	  0.159	 -0.761
	 -0.097	  0.955	  0.279
	  0.772	  0.248	 -0.586

9 	  49.20	  -5.03	   7.59
	  0.631	  0.677	 -0.379
	 -0.450	 -0.084	 -0.889
	 -0.637	  0.729	  0.249

2 	  33.47	  -6.59	  22.76
	  0.106	  0.994	 -0.034
	 -0.994	  0.107	  0.004
	  0.008	  0.033	  0.999

3 	  35.12	  -1.00	   2.65
	  0.168	  0.014	 -0.986
	 -0.168	  0.986	 -0.015
	  0.971	  0.167	  0.168

4 	  38.02	   6.13	  -0.14
	  0.822	  0.570	 -0.002
	 -0.431	  0.623	  0.653
	  0.374	 -0.536	  0.757

5 	  39.43	   8.47	  11.02
	 -0.573	 -0.107	 -0.812
	  0.122	  0.969	 -0.213
	  0.811	 -0.220	 -0.542

6 	  48.74	   5.47	  10.04
	  0.720	 -0.655	 -0.229
	  0.247	 -0.072	  0.966
	 -0.652	 -0.750	  0.107

7 	  37.85	  -6.64	  -0.49
	  0.709	 -0.701	 -0.077
	  0.432	  0.518	 -0.738
	  0.558	  0.490	  0.670

8 	  40.43	  -9.28	  10.35
	 -0.629	  0.158	 -0.761
	 -0.097	  0.956	  0.277
	  0.772	  0.246	 -0.586

9 	  49.18	  -5.03	   7.59
	  0.632	  0.675	 -0.380
	 -0.451	 -0.085	 -0.889
	 -0.636	  0.731	  0.248

