% Calibrated with leiden_pols
% Positions are in centimeters
Data =[
 2    98.850   -22.088    59.368
 2     0.568    -0.823    -0.006
 2     0.822     0.566     0.057
 2    -0.042    -0.038     0.998
 3   113.857    -2.318     3.580
 3     0.444    -0.004     0.896
 3     0.029     0.999    -0.010
 3    -0.895     0.031     0.444
 4   126.832    14.672    -4.133
 4     0.626    -0.750     0.213
 4     0.768     0.547    -0.331
 4     0.132     0.370     0.919
 5   137.976    29.246    39.087
 5     0.376    -0.643    -0.673
 5     0.073     0.740    -0.665
 5     0.923     0.198     0.323
 6   120.989    23.129    27.838
 6    -0.276     0.705     0.655
 6    -0.304     0.581    -0.753
 6    -0.911    -0.406     0.054
 7   127.781   -16.697    -5.444
 7     0.844     0.526     0.097
 7    -0.529     0.848     0.006
 7    -0.079    -0.057     0.995
 8   142.214   -28.433    36.542
 8     0.528     0.349    -0.775
 8     0.035     0.902     0.429
 8     0.848    -0.255     0.464
 9   119.933   -29.008    23.826
 9    -0.344    -0.539     0.770
 9     0.188     0.763     0.617
 9    -0.920     0.356    -0.160
 2    98.851   -22.139    59.368
 2     0.569    -0.823    -0.006
 2     0.821     0.567     0.057
 2    -0.042    -0.038     0.998
 3   114.361    -2.216     3.451
 3     0.451     0.008     0.892
 3     0.017     1.000    -0.018
 3    -0.892     0.024     0.451
 4   127.612    14.632    -4.291
 4     0.629    -0.752     0.201
 4     0.764     0.549    -0.338
 4     0.144     0.365     0.919
 5   137.681    29.478    38.647
 5     0.337    -0.606    -0.725
 5     0.070     0.780    -0.619
 5     0.939     0.154     0.303
 6   120.836    23.492    26.554
 6    -0.224     0.741     0.634
 6    -0.323     0.556    -0.765
 6    -0.919    -0.375     0.116
 7   128.696   -16.691    -5.580
 7     0.851     0.517     0.089
 7    -0.519     0.855    -0.006
 7    -0.079    -0.041     0.996
 8   141.567   -28.664    35.816
 8     0.512     0.306    -0.803
 8     0.055     0.921     0.385
 8     0.857    -0.241     0.454
 9   119.694   -29.899    22.638
 9    -0.294    -0.542     0.788
 9     0.246     0.753     0.609
 9    -0.924     0.372    -0.087
 2    98.850   -22.088    59.368
 2     0.568    -0.823    -0.006
 2     0.822     0.566     0.057
 2    -0.042    -0.037     0.998
 3   115.448    -2.287     2.793
 3     0.481     0.014     0.876
 3     0.004     1.000    -0.019
 3    -0.876     0.013     0.481
 4   129.259    14.410    -5.049
 4     0.628    -0.760     0.170
 4     0.764     0.560    -0.320
 4     0.148     0.330     0.932
 5   135.329    30.156    37.204
 5     0.190    -0.502    -0.845
 5     0.070     0.864    -0.496
 5     0.979     0.032     0.197
 6   120.083    24.948    23.066
 6    -0.108     0.827     0.552
 6    -0.355     0.486    -0.797
 6    -0.928    -0.282     0.242
 7   130.596   -16.452    -6.554
 7     0.864     0.500     0.061
 7    -0.497     0.866    -0.048
 7    -0.077     0.010     0.997
 8   138.778   -29.838    33.610
 8     0.344     0.067    -0.937
 8     0.113     0.986     0.116
 8     0.932    -0.148     0.330
 9   119.526   -32.771    17.953
 9    -0.162    -0.649     0.744
 9     0.386     0.652     0.652
 9    -0.908     0.392     0.146
 2    98.921   -22.039    59.297
 2     0.567    -0.824    -0.005
 2     0.822     0.565     0.057
 2    -0.044    -0.037     0.998
 3   117.277    -2.284     1.772
 3     0.525     0.011     0.851
 3     0.001     1.000    -0.014
 3    -0.851     0.008     0.525
 4   131.352    14.129    -6.103
 4     0.615    -0.780     0.119
 4     0.777     0.572    -0.262
 4     0.136     0.253     0.957
 5   131.497    31.431    35.284
 5    -0.002    -0.423    -0.906
 5     0.099     0.901    -0.420
 5     0.995    -0.093     0.039
 6   119.034    25.563    19.444
 6     0.038     0.859     0.510
 6    -0.371     0.486    -0.791
 6    -0.928    -0.158     0.338
 7   132.746   -15.906    -7.514
 7     0.866     0.500     0.012
 7    -0.496     0.862    -0.102
 7    -0.062     0.082     0.995
 8   134.907   -31.431    31.144
 8     0.135    -0.055    -0.990
 8     0.074     0.996    -0.044
 8     0.988    -0.071     0.137
 9   119.314   -33.520    13.864
 9    -0.008    -0.706     0.709
 9     0.468     0.624     0.625
 9    -0.883     0.336     0.326
 2    98.969   -21.989    59.197
 2     0.566    -0.825    -0.003
 2     0.823     0.564     0.057
 2    -0.045    -0.035     0.998
 3   119.045    -2.413     0.664
 3     0.562     0.003     0.827
 3    -0.001     1.000    -0.003
 3    -0.827     0.001     0.562
 4   133.233    13.764    -7.029
 4     0.591    -0.805     0.057
 4     0.794     0.567    -0.215
 4     0.141     0.172     0.975
 5   127.495    32.003    33.216
 5    -0.139    -0.424    -0.895
 5     0.126     0.888    -0.441
 5     0.982    -0.176    -0.071
 6   117.810    25.684    17.212
 6     0.129     0.832     0.539
 6    -0.329     0.549    -0.768
 6    -0.935    -0.078     0.345
 7   134.743   -15.535    -8.360
 7     0.863     0.503    -0.038
 7    -0.503     0.852    -0.144
 7    -0.040     0.142     0.989
 8   130.795   -31.849    29.621
 8    -0.042    -0.049    -0.998
 8     0.051     0.997    -0.051
 8     0.998    -0.055    -0.040
 9   119.131   -33.429    10.744
 9     0.135    -0.736     0.663
 9     0.498     0.629     0.596
 9    -0.857     0.249     0.452
 2    99.068   -21.963    59.197
 2     0.565    -0.825    -0.001
 2     0.823     0.563     0.057
 2    -0.045    -0.034     0.998
 3   120.256    -2.369     0.002
 3     0.595    -0.009     0.804
 3    -0.002     1.000     0.013
 3    -0.804    -0.009     0.595
 4   134.385    13.613    -7.160
 4     0.560    -0.829    -0.000
 4     0.813     0.549    -0.193
 4     0.159     0.108     0.981
 5   123.597    32.404    31.650
 5    -0.255    -0.410    -0.876
 5     0.174     0.871    -0.458
 5     0.951    -0.270    -0.151
 6   115.851    25.823    17.535
 6     0.229     0.723     0.652
 6    -0.251     0.690    -0.678
 6    -0.941    -0.009     0.339
 7   135.881   -15.365    -8.385
 7     0.860     0.504    -0.076
 7    -0.509     0.846    -0.160
 7    -0.017     0.175     0.984
 8   126.944   -32.657    28.465
 8    -0.173    -0.070    -0.982
 8     0.009     0.997    -0.073
 8     0.985    -0.023    -0.172
 9   118.808   -33.225     8.069
 9     0.233    -0.744     0.626
 9     0.516     0.640     0.568
 9    -0.824     0.190     0.533
 2    99.093   -21.963    59.197
 2     0.564    -0.826    -0.002
 2     0.824     0.562     0.057
 2    -0.045    -0.035     0.998
 3   121.025    -2.370    -0.459
 3     0.616     0.010     0.788
 3    -0.004     1.000    -0.010
 3    -0.788     0.003     0.616
 4   135.268    13.467    -7.497
 4     0.546    -0.837    -0.036
 4     0.823     0.543    -0.167
 4     0.158     0.062     0.985
 5   119.191    33.268    29.366
 5    -0.422    -0.301    -0.855
 5     0.249     0.868    -0.429
 5     0.872    -0.394    -0.291
 6   114.689    26.162    15.536
 6     0.358     0.688     0.632
 6    -0.253     0.722    -0.643
 6    -0.899     0.069     0.432
 7   136.660   -15.022    -8.913
 7     0.847     0.519    -0.117
 7    -0.532     0.819    -0.214
 7    -0.016     0.242     0.969
 8   121.357   -36.749    24.467
 8    -0.331    -0.066    -0.941
 8    -0.085     0.995    -0.039
 8     0.940     0.067    -0.335
 9   117.970   -32.581     4.922
 9     0.354    -0.723     0.595
 9     0.559     0.672     0.485
 9    -0.750     0.161     0.641
 2    99.090   -21.913    59.174
 2     0.564    -0.826    -0.000
 2     0.824     0.562     0.057
 2    -0.046    -0.033     0.998
 3   121.488    -2.139    -0.490
 3     0.635     0.012     0.772
 3     0.004     1.000    -0.019
 3    -0.772     0.015     0.635
 4   135.806    13.400    -7.190
 4     0.547    -0.835    -0.065
 4     0.819     0.549    -0.162
 4     0.170     0.036     0.984
 5   119.505    34.761    28.804
 5    -0.430    -0.272    -0.861
 5     0.300     0.856    -0.421
 5     0.851    -0.439    -0.286
 6   115.580    26.948    15.773
 6     0.351     0.699     0.623
 6    -0.284     0.713    -0.641
 6    -0.892     0.048     0.448
 7   136.768   -15.146    -8.417
 7     0.843     0.520    -0.137
 7    -0.537     0.824    -0.181
 7     0.018     0.225     0.974
 8   122.096   -35.907    25.960
 8    -0.311    -0.084    -0.947
 8    -0.066     0.995    -0.067
 8     0.948     0.041    -0.316
 9   118.108   -32.818     6.776
 9     0.329    -0.733     0.596
 9     0.519     0.667     0.534
 9    -0.789     0.134     0.600
 2    99.141   -21.963    59.174
 2     0.564    -0.826    -0.000
 2     0.824     0.562     0.057
 2    -0.046    -0.033     0.998
 3   121.450    -2.260    -0.363
 3     0.642     0.018     0.766
 3     0.004     1.000    -0.027
 3    -0.767     0.021     0.642
 4   135.667    13.378    -7.011
 4     0.569    -0.821    -0.047
 4     0.808     0.569    -0.153
 4     0.151     0.050     0.987
 5   122.543    37.219    28.890
 5    -0.350    -0.269    -0.897
 5     0.356     0.847    -0.394
 5     0.866    -0.457    -0.201
 6   117.193    28.460    16.234
 6     0.276     0.730     0.625
 6    -0.344     0.682    -0.645
 6    -0.897    -0.038     0.439
 7   136.801   -15.130    -8.129
 7     0.851     0.510    -0.122
 7    -0.524     0.839    -0.146
 7     0.027     0.187     0.982
 8   123.544   -34.882    26.997
 8    -0.267    -0.097    -0.959
 8    -0.035     0.995    -0.091
 8     0.963     0.009    -0.270
 9   118.402   -32.755     7.748
 9     0.297    -0.737     0.608
 9     0.496     0.662     0.561
 9    -0.816     0.135     0.562
 2    99.193   -21.912    59.171
 2     0.565    -0.826    -0.000
 2     0.824     0.563     0.056
 2    -0.045    -0.033     0.998
 3   121.609    -1.993    -0.264
 3     0.635     0.038     0.771
 3    -0.004     0.999    -0.045
 3    -0.772     0.026     0.634
 4   136.190    13.368    -7.163
 4     0.586    -0.808    -0.060
 4     0.797     0.588    -0.138
 4     0.145     0.034     0.989
 5   121.886    38.306    27.721
 5    -0.393    -0.227    -0.891
 5     0.384     0.840    -0.383
 5     0.836    -0.493    -0.243
 6   117.420    28.886    14.812
 6     0.334     0.734     0.592
 6    -0.362     0.679    -0.638
 6    -0.870    -0.001     0.492
 7   137.084   -14.998    -8.299
 7     0.843     0.522    -0.132
 7    -0.538     0.823    -0.182
 7     0.013     0.222     0.974
 8   121.651   -35.291    25.590
 8    -0.323    -0.083    -0.943
 8    -0.047     0.996    -0.071
 8     0.945     0.021    -0.326
 9   118.063   -32.291     6.122
 9     0.349    -0.721     0.600
 9     0.509     0.682     0.524
 9    -0.787     0.122     0.604
 2    99.141   -21.913    59.123
 2     0.564    -0.826     0.000
 2     0.824     0.562     0.056
 2    -0.046    -0.032     0.998
 3   122.138    -1.905    -0.364
 3     0.643     0.033     0.765
 3    -0.007     0.999    -0.037
 3    -0.765     0.018     0.643
 4   136.726    13.265    -6.969
 4     0.576    -0.813    -0.092
 4     0.800     0.582    -0.144
 4     0.169     0.010     0.985
 5   119.608    36.134    27.613
 5    -0.461    -0.146    -0.875
 5     0.329     0.887    -0.322
 5     0.824    -0.437    -0.361
 6   116.603    28.019    14.477
 6     0.421     0.722     0.550
 6    -0.292     0.681    -0.671
 6    -0.859     0.121     0.497
 7   137.312   -14.999    -8.360
 7     0.837     0.528    -0.143
 7    -0.547     0.815    -0.190
 7     0.016     0.236     0.971
 8   122.571   -33.385    26.876
 8    -0.371    -0.186    -0.910
 8    -0.009     0.980    -0.196
 8     0.928    -0.065    -0.366
 9   117.910   -32.258     5.832
 9     0.390    -0.722     0.572
 9     0.477     0.689     0.545
 9    -0.788     0.060     0.612
 2    99.141   -21.913    59.123
 2     0.564    -0.826     0.000
 2     0.824     0.562     0.056
 2    -0.046    -0.032     0.998
 3   122.545    -1.893    -0.502
 3     0.651     0.034     0.758
 3     0.000     0.999    -0.045
 3    -0.759     0.029     0.650
 4   137.331    13.309    -6.678
 4     0.578    -0.810    -0.107
 4     0.793     0.587    -0.161
 4     0.192     0.009     0.981
 5   118.295    34.397    27.617
 5    -0.515     0.032    -0.857
 5     0.283     0.949    -0.135
 5     0.809    -0.313    -0.498
 6   116.995    28.002    13.687
 6     0.516     0.734     0.443
 6    -0.271     0.629    -0.728
 6    -0.812     0.256     0.523
 7   137.667   -15.217    -8.131
 7     0.819     0.543    -0.185
 7    -0.571     0.798    -0.191
 7     0.043     0.260     0.964
 8   117.592   -30.924    25.936
 8    -0.437    -0.146    -0.888
 8     0.023     0.984    -0.172
 8     0.899    -0.096    -0.427
 9   116.992   -31.507     5.568
 9     0.459    -0.689     0.562
 9     0.435     0.724     0.534
 9    -0.775    -0.001     0.631
 2    99.190   -21.912    59.123
 2     0.564    -0.827     0.000
 2     0.825     0.562     0.057
 2    -0.046    -0.032     0.998
 3   122.692    -2.017    -0.561
 3     0.656     0.039     0.754
 3    -0.009     0.999    -0.044
 3    -0.755     0.022     0.655
 4   137.541    13.005    -6.750
 4     0.579    -0.806    -0.123
 4     0.791     0.591    -0.151
 4     0.193    -0.008     0.981
 5   116.081    33.312    26.340
 5    -0.576     0.085    -0.814
 5     0.267     0.959    -0.090
 5     0.773    -0.270    -0.574
 6   116.154    27.599    12.512
 6     0.579     0.708     0.406
 6    -0.260     0.630    -0.731
 6    -0.773     0.318     0.548
 7   137.555   -15.685    -7.796
 7     0.804     0.556    -0.214
 7    -0.590     0.788    -0.176
 7     0.070     0.265     0.961
 8   116.248   -30.005    26.183
 8    -0.462    -0.111    -0.880
 8     0.053     0.987    -0.151
 8     0.885    -0.116    -0.450
 9   116.305   -31.346     5.962
 9     0.484    -0.668     0.567
 9     0.404     0.744     0.532
 9    -0.776    -0.028     0.629
 2    99.190   -21.912    59.123
 2     0.564    -0.827     0.000
 2     0.825     0.562     0.057
 2    -0.046    -0.032     0.998
 3   122.485    -2.325    -0.600
 3     0.657     0.042     0.753
 3    -0.022     0.999    -0.037
 3    -0.754     0.008     0.657
 4   137.344    12.777    -6.749
 4     0.579    -0.806    -0.126
 4     0.792     0.592    -0.149
 4     0.193    -0.013     0.981
 5   115.120    32.420    26.020
 5    -0.602     0.124    -0.789
 5     0.253     0.966    -0.042
 5     0.757    -0.226    -0.613
 6   115.846    27.260    12.028
 6     0.610     0.698     0.377
 6    -0.252     0.620    -0.743
 6    -0.751     0.358     0.553
 7   137.304   -15.961    -7.690
 7     0.797     0.562    -0.221
 7    -0.598     0.784    -0.165
 7     0.079     0.261     0.961
 8   115.347   -29.709    26.225
 8    -0.476    -0.087    -0.875
 8     0.064     0.989    -0.132
 8     0.877    -0.119    -0.465
 9   115.783   -31.223     6.015
 9     0.499    -0.655     0.569
 9     0.392     0.754     0.526
 9    -0.773    -0.040     0.632
 2    99.190   -21.912    59.173
 2     0.564    -0.827     0.000
 2     0.825     0.562     0.057
 2    -0.046    -0.032     0.998
 3   122.376    -2.428    -0.668
 3     0.657     0.042     0.752
 3    -0.031     0.999    -0.029
 3    -0.753    -0.005     0.658
 4   137.121    12.549    -6.848
 4     0.576    -0.807    -0.133
 4     0.794     0.590    -0.144
 4     0.193    -0.021     0.980
 5   114.449    32.408    25.661
 5    -0.614     0.111    -0.782
 5     0.258     0.963    -0.068
 5     0.746    -0.244    -0.620
 6   115.472    27.146    11.825
 6     0.618     0.687     0.383
 6    -0.252     0.634    -0.731
 6    -0.744     0.355     0.564
 7   137.157   -16.129    -7.541
 7     0.797     0.563    -0.224
 7    -0.597     0.787    -0.151
 7     0.090     0.251     0.963
 8   116.226   -29.772    27.093
 8    -0.453    -0.093    -0.887
 8     0.059     0.989    -0.133
 8     0.889    -0.113    -0.443
 9   115.886   -31.379     7.044
 9     0.473    -0.667     0.577
 9     0.382     0.744     0.547
 9    -0.794    -0.037     0.606
 2    99.190   -21.912    59.174
 2     0.564    -0.827    -0.001
 2     0.825     0.562     0.057
 2    -0.046    -0.033     0.998
 3   122.187    -2.539    -0.468
 3     0.651     0.048     0.757
 3    -0.034     0.999    -0.034
 3    -0.758    -0.004     0.652
 4   136.807    12.634    -6.801
 4     0.583    -0.804    -0.119
 4     0.793     0.594    -0.134
 4     0.176    -0.015     0.984
 5   117.449    35.202    26.191
 5    -0.536     0.106    -0.838
 5     0.334     0.937    -0.096
 5     0.775    -0.332    -0.537
 6   117.043    28.565    12.836
 6     0.528     0.746     0.408
 6    -0.344     0.625    -0.700
 6    -0.776     0.229     0.586
 7   136.992   -16.250    -7.292
 7     0.806     0.560    -0.192
 7    -0.585     0.802    -0.119
 7     0.087     0.206     0.974
 8   118.271   -29.315    28.723
 8    -0.396    -0.103    -0.913
 8     0.076     0.987    -0.144
 8     0.915    -0.126    -0.383
 9   116.174   -31.658     8.768
 9     0.423    -0.682     0.598
 9     0.365     0.731     0.575
 9    -0.829    -0.025     0.558
 2    99.190   -21.912    59.174
 2     0.564    -0.827    -0.001
 2     0.825     0.562     0.057
 2    -0.046    -0.033     0.998
 3   121.936    -2.510    -0.147
 3     0.640     0.073     0.765
 3    -0.045     0.997    -0.058
 3    -0.767     0.002     0.642
 4   136.859    12.354    -7.097
 4     0.625    -0.777    -0.082
 4     0.770     0.630    -0.100
 4     0.128     0.000     0.991
 5   121.591    38.685    25.501
 5    -0.450     0.149    -0.880
 5     0.435     0.897    -0.071
 5     0.780    -0.415    -0.469
 6   119.585    30.112    12.284
 6     0.457     0.804     0.381
 6    -0.435     0.574    -0.693
 6    -0.776     0.151     0.611
 7   136.719   -16.264    -7.430
 7     0.802     0.571    -0.180
 7    -0.593     0.796    -0.119
 7     0.075     0.200     0.976
 8   117.371   -29.391    28.285
 8    -0.401    -0.075    -0.913
 8     0.071     0.991    -0.113
 8     0.913    -0.109    -0.392
 9   115.548   -31.246     8.039
 9     0.438    -0.659     0.613
 9     0.367     0.752     0.546
 9    -0.821    -0.015     0.571
 2    99.190   -21.912    59.174
 2     0.564    -0.827    -0.001
 2     0.825     0.562     0.057
 2    -0.046    -0.033     0.998
 3   122.193    -2.464    -0.234
 3     0.638     0.081     0.765
 3    -0.056     0.997    -0.058
 3    -0.768    -0.006     0.641
 4   137.420    12.011    -7.250
 4     0.622    -0.776    -0.108
 4     0.770     0.631    -0.094
 4     0.140    -0.023     0.990
 5   118.832    36.754    24.941
 5    -0.522     0.135    -0.842
 5     0.387     0.917    -0.094
 5     0.760    -0.376    -0.531
 6   118.065    28.485    11.238
 6     0.536     0.758     0.372
 6    -0.375     0.607    -0.700
 6    -0.756     0.236     0.609
 7   136.846   -16.448    -7.384
 7     0.789     0.583    -0.194
 7    -0.609     0.782    -0.127
 7     0.077     0.217     0.972
 8   116.649   -28.968    28.074
 8    -0.415    -0.046    -0.909
 8     0.082     0.993    -0.087
 8     0.906    -0.110    -0.408
 9   115.285   -30.976     7.925
 9     0.458    -0.637     0.621
 9     0.346     0.770     0.534
 9    -0.819    -0.029     0.573
 2    99.190   -21.963    59.173
 2     0.564    -0.827     0.000
 2     0.825     0.562     0.057
 2    -0.046    -0.032     0.998
 3   122.184    -2.749    -0.491
 3     0.635     0.083     0.768
 3    -0.070     0.996    -0.049
 3    -0.769    -0.023     0.638
 4   137.153    11.751    -7.425
 4     0.587    -0.800    -0.131
 4     0.788     0.600    -0.131
 4     0.182    -0.025     0.983
 5   114.078    31.295    25.241
 5    -0.615     0.077    -0.785
 5     0.242     0.965    -0.097
 5     0.750    -0.250    -0.612
 6   114.840    25.735    11.309
 6     0.625     0.668     0.405
 6    -0.243     0.658    -0.712
 6    -0.742     0.347     0.573
 7   136.446   -16.738    -7.603
 7     0.775     0.600    -0.199
 7    -0.627     0.768    -0.127
 7     0.076     0.221     0.972
 8   115.039   -27.870    27.626
 8    -0.434    -0.009    -0.901
 8     0.112     0.992    -0.064
 8     0.894    -0.128    -0.429
 9   114.237   -30.378     7.532
 9     0.483    -0.611     0.629
 9     0.320     0.790     0.522
 9    -0.815    -0.051     0.576
 2    99.141   -21.963    59.174
 2     0.564    -0.826    -0.000
 2     0.824     0.562     0.057
 2    -0.046    -0.033     0.998
 3   121.417    -2.945    -0.574
 3     0.625     0.092     0.775
 3    -0.079     0.995    -0.053
 3    -0.777    -0.028     0.629
 4   136.371    11.659    -7.382
 4     0.578    -0.806    -0.130
 4     0.792     0.591    -0.145
 4     0.192    -0.018     0.981
 5   113.640    30.992    25.572
 5    -0.609     0.062    -0.791
 5     0.242     0.963    -0.111
 5     0.755    -0.260    -0.602
 6   114.528    25.617    11.681
 6     0.613     0.677     0.408
 6    -0.250     0.655    -0.713
 6    -0.749     0.335     0.570
 7   135.574   -16.871    -7.641
 7     0.769     0.611    -0.191
 7    -0.634     0.764    -0.116
 7     0.074     0.208     0.974
 8   114.791   -27.915    28.171
 8    -0.423    -0.014    -0.906
 8     0.106     0.992    -0.064
 8     0.900    -0.123    -0.418
 9   113.471   -30.525     8.168
 9     0.469    -0.612     0.638
 9     0.313     0.789     0.528
 9    -0.826    -0.048     0.561
 2    99.190   -21.912    59.174
 2     0.564    -0.827    -0.001
 2     0.825     0.562     0.057
 2    -0.046    -0.033     0.998
 3   120.869    -2.863    -0.299
 3     0.613     0.102     0.784
 3    -0.086     0.994    -0.061
 3    -0.786    -0.030     0.618
 4   135.806    11.585    -7.330
 4     0.599    -0.793    -0.110
 4     0.781     0.609    -0.135
 4     0.173    -0.004     0.984
 5   114.808    32.016    26.011
 5    -0.576     0.077    -0.814
 5     0.267     0.958    -0.099
 5     0.772    -0.275    -0.573
 6   114.870    26.303    12.293
 6     0.577     0.708     0.408
 6    -0.277     0.639    -0.718
 6    -0.769     0.301     0.564
 7   134.927   -17.102    -7.517
 7     0.770     0.616    -0.170
 7    -0.635     0.766    -0.096
 7     0.070     0.180     0.981
 8   115.744   -27.847    29.160
 8    -0.384     0.004    -0.923
 8     0.116     0.992    -0.044
 8     0.916    -0.124    -0.382
 9   113.353   -30.735     9.274
 9     0.434    -0.621     0.653
 9     0.306     0.782     0.541
 9    -0.847    -0.035     0.529
 2    99.141   -21.963    59.174
 2     0.564    -0.826    -0.001
 2     0.824     0.562     0.057
 2    -0.046    -0.033     0.998
 3   120.312    -2.933    -0.024
 3     0.599     0.106     0.794
 3    -0.086     0.994    -0.067
 3    -0.796    -0.028     0.604
 4   135.365    11.566    -7.313
 4     0.614    -0.785    -0.085
 4     0.774     0.619    -0.133
 4     0.156     0.017     0.987
 5   116.339    33.015    27.007
 5    -0.521     0.002    -0.854
 5     0.292     0.940    -0.176
 5     0.802    -0.341    -0.490
 6   115.030    26.358    13.534
 6     0.520     0.719     0.462
 6    -0.286     0.655    -0.699
 6    -0.805     0.232     0.545
 7   134.540   -17.113    -7.679
 7     0.781     0.611    -0.132
 7    -0.623     0.777    -0.087
 7     0.049     0.149     0.987
 8   117.890   -28.168    30.016
 8    -0.319     0.024    -0.947
 8     0.108     0.994    -0.010
 8     0.941    -0.106    -0.320
 9   113.568   -30.940    10.280
 9     0.385    -0.631     0.674
 9     0.313     0.776     0.547
 9    -0.868     0.000     0.495
 2    99.143   -21.962    59.171
 2     0.564    -0.826    -0.001
 2     0.824     0.562     0.057
 2    -0.045    -0.033     0.998
 3   119.940    -2.995     0.278
 3     0.587     0.088     0.805
 3    -0.082     0.995    -0.048
 3    -0.805    -0.038     0.591
 4   134.768    11.788    -7.127
 4     0.614    -0.787    -0.062
 4     0.775     0.615    -0.144
 4     0.150     0.040     0.988
 5   118.004    34.106    28.232
 5    -0.438    -0.221    -0.871
 5     0.287     0.884    -0.369
 5     0.851    -0.412    -0.324
 6   114.732    26.463    15.604
 6     0.417     0.701     0.579
 6    -0.275     0.703    -0.655
 6    -0.866     0.114     0.486
 7   134.109   -17.016    -7.370
 7     0.796     0.598    -0.097
 7    -0.604     0.793    -0.077
 7     0.031     0.119     0.992
 8   122.699   -28.916    31.305
 8    -0.167     0.081    -0.982
 8     0.097     0.993     0.065
 8     0.981    -0.085    -0.174
 9   114.040   -31.407    12.427
 9     0.277    -0.615     0.738
 9     0.356     0.779     0.515
 9    -0.892     0.120     0.435
 2    99.090   -21.963    59.174
 2     0.564    -0.826    -0.000
 2     0.824     0.562     0.057
 2    -0.046    -0.033     0.998
 3   119.370    -3.181     0.911
 3     0.577     0.053     0.815
 3    -0.073     0.997    -0.014
 3    -0.814    -0.052     0.579
 4   133.724    12.152    -6.693
 4     0.608    -0.793    -0.032
 4     0.777     0.602    -0.180
 4     0.161     0.085     0.983
 5   124.307    36.063    30.285
 5    -0.091    -0.785    -0.614
 5     0.301     0.564    -0.768
 5     0.949    -0.256     0.184
 6   115.490    25.942    22.292
 6     0.036     0.556     0.831
 6    -0.341     0.788    -0.512
 6    -0.939    -0.264     0.218
 7   133.416   -17.076    -7.098
 7     0.826     0.562    -0.045
 7    -0.564     0.823    -0.070
 7    -0.003     0.082     0.996
 8   133.219   -32.334    31.857
 8     0.220     0.343    -0.914
 8     0.034     0.933     0.358
 8     0.975    -0.110     0.192
 9   116.348   -31.944    16.535
 9     0.025    -0.523     0.852
 9     0.432     0.774     0.462
 9    -0.901     0.356     0.246
 2    99.093   -21.912    59.171
 2     0.564    -0.826    -0.001
 2     0.824     0.562     0.057
 2    -0.045    -0.033     0.998
 3   118.221    -3.238     1.512
 3     0.549     0.034     0.835
 3    -0.060     0.998    -0.002
 3    -0.834    -0.049     0.550
 4   132.193    12.743    -6.155
 4     0.625    -0.780     0.032
 4     0.758     0.597    -0.259
 4     0.182     0.186     0.965
 5   133.963    36.436    33.304
 5     0.377    -0.926    -0.041
 5     0.321     0.169    -0.932
 5     0.869     0.337     0.359
 6   122.382    26.088    28.826
 6    -0.463     0.406     0.789
 6    -0.314     0.757    -0.572
 6    -0.829    -0.512    -0.223
 7   132.491   -17.180    -6.587
 7     0.859     0.511    -0.014
 7    -0.511     0.858    -0.035
 7    -0.006     0.037     0.999
 8   142.618   -33.297    31.719
 8     0.570     0.328    -0.754
 8     0.010     0.914     0.405
 8     0.821    -0.239     0.517
 9   119.816   -32.264    19.705
 9    -0.257    -0.422     0.870
 9     0.420     0.762     0.492
 9    -0.870     0.491    -0.018
 2    99.093   -21.912    59.171
 2     0.564    -0.826    -0.001
 2     0.824     0.562     0.057
 2    -0.045    -0.033     0.998
 3   117.605    -3.059     1.984
 3     0.535     0.059     0.843
 3    -0.062     0.997    -0.031
 3    -0.843    -0.036     0.537
 4   131.763    13.351    -5.288
 4     0.652    -0.757     0.043
 4     0.723     0.604    -0.335
 4     0.227     0.249     0.941
 5   140.281    34.915    34.418
 5     0.627    -0.780     0.021
 5     0.158     0.095    -0.983
 5     0.763     0.618     0.183
 6   126.532    27.517    31.346
 6    -0.673     0.426     0.606
 6    -0.184     0.695    -0.693
 6    -0.716    -0.578    -0.390
 7   132.156   -17.734    -5.381
 7     0.857     0.514    -0.031
 7    -0.514     0.857     0.005
 7     0.029     0.011     0.999
 8   147.326   -30.947    28.803
 8     0.884     0.152    -0.441
 8     0.173     0.769     0.616
 8     0.433    -0.621     0.652
 9   121.520   -32.494    22.379
 9    -0.406    -0.352     0.844
 9     0.369     0.781     0.502
 9    -0.836     0.515    -0.187
 2    99.093   -21.963    59.171
 2     0.564    -0.826    -0.001
 2     0.824     0.562     0.056
 2    -0.045    -0.033     0.998
 3   116.684    -3.430     2.561
 3     0.515     0.043     0.856
 3    -0.039     0.999    -0.027
 3    -0.856    -0.020     0.517
 4   130.561    14.038    -3.845
 4     0.654    -0.754     0.061
 4     0.708     0.582    -0.399
 4     0.265     0.304     0.915
 5   145.507    31.052    32.683
 5     0.877    -0.474    -0.078
 5    -0.050     0.068    -0.996
 5     0.477     0.877     0.038
 6   130.778    27.402    32.723
 6    -0.893     0.315     0.322
 6    -0.027     0.676    -0.737
 6    -0.450    -0.666    -0.595
 7   132.078   -17.840    -4.465
 7     0.885     0.464    -0.008
 7    -0.462     0.882     0.093
 7     0.050    -0.079     0.995
 8   150.731   -21.614    25.510
 8     0.812    -0.269    -0.523
 8     0.575     0.515     0.635
 8     0.099    -0.813     0.568
 9   126.409   -32.309    23.769
 9    -0.556    -0.540     0.634
 9     0.150     0.682     0.714
 9    -0.817     0.492    -0.298
 2    99.090   -21.963    59.174
 2     0.564    -0.826    -0.000
 2     0.824     0.562     0.057
 2    -0.046    -0.033     0.998
 3   115.899    -3.480     2.998
 3     0.485     0.008     0.874
 3    -0.017     1.000    -0.000
 3    -0.874    -0.015     0.486
 4   129.640    14.303    -3.602
 4     0.653    -0.752     0.086
 4     0.715     0.575    -0.397
 4     0.249     0.320     0.914
 5   149.026    24.676    28.707
 5     0.935    -0.139    -0.326
 5    -0.296     0.198    -0.935
 5     0.195     0.970     0.143
 6   132.487    27.457    31.408
 6    -0.947     0.320     0.022
 6     0.202     0.653    -0.731
 6    -0.249    -0.686    -0.682
 7   131.760   -17.579    -4.670
 7     0.898     0.439     0.033
 7    -0.440     0.892     0.104
 7     0.016    -0.108     0.994
 8   151.389   -16.137    25.688
 8     0.715    -0.311    -0.632
 8     0.698     0.354     0.620
 8     0.033    -0.882     0.465
 9   129.836   -32.918    27.265
 9    -0.575    -0.649     0.500
 9    -0.025     0.623     0.781
 9    -0.818     0.436    -0.374
 2    99.093   -21.963    59.171
 2     0.564    -0.826    -0.001
 2     0.824     0.562     0.057
 2    -0.045    -0.033     0.998
 3   115.576    -3.297     3.240
 3     0.460    -0.017     0.887
 3     0.000     1.000     0.019
 3    -0.888    -0.009     0.460
 4   129.327    14.638    -3.479
 4     0.652    -0.751     0.104
 4     0.724     0.576    -0.379
 4     0.224     0.322     0.919
 5   148.851    18.198    29.211
 5     0.846     0.047    -0.533
 5    -0.509     0.365    -0.780
 5     0.159     0.929     0.329
 6   132.231    24.991    32.249
 6    -0.927     0.371    -0.068
 6     0.304     0.636    -0.710
 6    -0.220    -0.677    -0.700
 7   131.556   -17.516    -4.870
 7     0.895     0.444     0.036
 7    -0.446     0.891     0.084
 7     0.005    -0.092     0.995
 8   150.569   -14.395    29.321
 8     0.704    -0.155    -0.696
 8     0.695     0.342     0.631
 8     0.143    -0.927     0.344
 9   128.291   -31.714    28.154
 9    -0.494    -0.697     0.521
 9    -0.081     0.631     0.770
 9    -0.865     0.339    -0.367
 2    99.141   -21.963    59.174
 2     0.564    -0.826    -0.000
 2     0.824     0.562     0.057
 2    -0.046    -0.033     0.998
 3   115.503    -3.143     3.237
 3     0.456    -0.034     0.889
 3     0.012     0.999     0.031
 3    -0.890    -0.003     0.456
 4   129.373    14.843    -3.292
 4     0.648    -0.750     0.134
 4     0.736     0.572    -0.360
 4     0.193     0.331     0.923
 5   148.228    16.320    29.602
 5     0.829     0.199    -0.525
 5    -0.529     0.574    -0.625
 5     0.177     0.794     0.578
 6   131.652    23.894    33.523
 6    -0.920     0.388    -0.066
 6     0.317     0.638    -0.703
 6    -0.230    -0.665    -0.708
 7   131.011   -17.540    -4.889
 7     0.887     0.460     0.034
 7    -0.462     0.881     0.098
 7     0.015    -0.103     0.994
 8   150.198   -14.437    29.480
 8     0.711    -0.203    -0.677
 8     0.680     0.435     0.588
 8     0.176    -0.877     0.443
 9   128.161   -31.456    28.318
 9    -0.493    -0.697     0.522
 9    -0.085     0.634     0.768
 9    -0.865     0.334    -0.371
];