% Calibrated with leiden_pols
% Positions are in centimeters
Data =[
 2    98.850   -22.088    59.368
 2     0.568    -0.823    -0.006
 2     0.822     0.566     0.057
 2    -0.042    -0.038     0.998
 3   113.857    -2.318     3.580
 3     0.444    -0.004     0.896
 3     0.029     0.999    -0.010
 3    -0.895     0.031     0.444
 4   126.832    14.672    -4.133
 4     0.626    -0.750     0.213
 4     0.768     0.547    -0.331
 4     0.132     0.370     0.919
 5   137.976    29.246    39.087
 5     0.376    -0.643    -0.673
 5     0.073     0.740    -0.665
 5     0.923     0.198     0.323
 6   120.989    23.129    27.838
 6    -0.276     0.705     0.655
 6    -0.304     0.581    -0.753
 6    -0.911    -0.406     0.054
 7   127.781   -16.697    -5.444
 7     0.844     0.526     0.097
 7    -0.529     0.848     0.006
 7    -0.079    -0.057     0.995
 8   142.214   -28.433    36.542
 8     0.528     0.349    -0.775
 8     0.035     0.902     0.429
 8     0.848    -0.255     0.464
 9   119.933   -29.008    23.826
 9    -0.344    -0.539     0.770
 9     0.188     0.763     0.617
 9    -0.920     0.356    -0.160
 2    98.851   -22.139    59.368
 2     0.569    -0.823    -0.006
 2     0.821     0.567     0.057
 2    -0.042    -0.038     0.998
 3   114.361    -2.216     3.451
 3     0.451     0.008     0.892
 3     0.017     1.000    -0.018
 3    -0.892     0.024     0.451
 4   127.612    14.632    -4.291
 4     0.629    -0.752     0.201
 4     0.764     0.549    -0.338
 4     0.144     0.365     0.919
 5   137.681    29.478    38.647
 5     0.337    -0.606    -0.725
 5     0.070     0.780    -0.619
 5     0.939     0.154     0.303
 6   120.836    23.492    26.554
 6    -0.224     0.741     0.634
 6    -0.323     0.556    -0.765
 6    -0.919    -0.375     0.116
 7   128.696   -16.691    -5.580
 7     0.851     0.517     0.089
 7    -0.519     0.855    -0.006
 7    -0.079    -0.041     0.996
 8   141.567   -28.664    35.816
 8     0.512     0.306    -0.803
 8     0.055     0.921     0.385
 8     0.857    -0.241     0.454
 9   119.694   -29.899    22.638
 9    -0.294    -0.542     0.788
 9     0.246     0.753     0.609
 9    -0.924     0.372    -0.087
 2    98.850   -22.088    59.368
 2     0.568    -0.823    -0.006
 2     0.822     0.566     0.057
 2    -0.042    -0.037     0.998
 3   115.448    -2.287     2.793
 3     0.481     0.014     0.876
 3     0.004     1.000    -0.019
 3    -0.876     0.013     0.481
 4   129.259    14.410    -5.049
 4     0.628    -0.760     0.170
 4     0.764     0.560    -0.320
 4     0.148     0.330     0.932
 5   135.329    30.156    37.204
 5     0.190    -0.502    -0.845
 5     0.070     0.864    -0.496
 5     0.979     0.032     0.197
 6   120.083    24.948    23.066
 6    -0.108     0.827     0.552
 6    -0.355     0.486    -0.797
 6    -0.928    -0.282     0.242
 7   130.596   -16.452    -6.554
 7     0.864     0.500     0.061
 7    -0.497     0.866    -0.048
 7    -0.077     0.010     0.997
 8   138.778   -29.838    33.610
 8     0.344     0.067    -0.937
 8     0.113     0.986     0.116
 8     0.932    -0.148     0.330
 9   119.526   -32.771    17.953
 9    -0.162    -0.649     0.744
 9     0.386     0.652     0.652
 9    -0.908     0.392     0.146
 2    98.921   -22.039    59.297
 2     0.567    -0.824    -0.005
 2     0.822     0.565     0.057
 2    -0.044    -0.037     0.998
 3   117.277    -2.284     1.772
 3     0.525     0.011     0.851
 3     0.001     1.000    -0.014
 3    -0.851     0.008     0.525
 4   131.352    14.129    -6.103
 4     0.615    -0.780     0.119
 4     0.777     0.572    -0.262
 4     0.136     0.253     0.957
 5   131.497    31.431    35.284
 5    -0.002    -0.423    -0.906
 5     0.099     0.901    -0.420
 5     0.995    -0.093     0.039
 6   119.034    25.563    19.444
 6     0.038     0.859     0.510
 6    -0.371     0.486    -0.791
 6    -0.928    -0.158     0.338
 7   132.746   -15.906    -7.514
 7     0.866     0.500     0.012
 7    -0.496     0.862    -0.102
 7    -0.062     0.082     0.995
 8   134.907   -31.431    31.144
 8     0.135    -0.055    -0.990
 8     0.074     0.996    -0.044
 8     0.988    -0.071     0.137
 9   119.314   -33.520    13.864
 9    -0.008    -0.706     0.709
 9     0.468     0.624     0.625
 9    -0.883     0.336     0.326
 2    98.969   -21.989    59.197
 2     0.566    -0.825    -0.003
 2     0.823     0.564     0.057
 2    -0.045    -0.035     0.998
 3   119.045    -2.413     0.664
 3     0.562     0.003     0.827
 3    -0.001     1.000    -0.003
 3    -0.827     0.001     0.562
 4   133.233    13.764    -7.029
 4     0.591    -0.805     0.057
 4     0.794     0.567    -0.215
 4     0.141     0.172     0.975
 5   127.495    32.003    33.216
 5    -0.139    -0.424    -0.895
 5     0.126     0.888    -0.441
 5     0.982    -0.176    -0.071
 6   117.810    25.684    17.212
 6     0.129     0.832     0.539
 6    -0.329     0.549    -0.768
 6    -0.935    -0.078     0.345
 7   134.743   -15.535    -8.360
 7     0.863     0.503    -0.038
 7    -0.503     0.852    -0.144
 7    -0.040     0.142     0.989
 8   130.795   -31.849    29.621
 8    -0.042    -0.049    -0.998
 8     0.051     0.997    -0.051
 8     0.998    -0.055    -0.040
 9   119.131   -33.429    10.744
 9     0.135    -0.736     0.663
 9     0.498     0.629     0.596
 9    -0.857     0.249     0.452
 2    99.068   -21.963    59.197
 2     0.565    -0.825    -0.001
 2     0.823     0.563     0.057
 2    -0.045    -0.034     0.998
 3   120.256    -2.369     0.002
 3     0.595    -0.009     0.804
 3    -0.002     1.000     0.013
 3    -0.804    -0.009     0.595
 4   134.385    13.613    -7.160
 4     0.560    -0.829    -0.000
 4     0.813     0.549    -0.193
 4     0.159     0.108     0.981
 5   123.597    32.404    31.650
 5    -0.255    -0.410    -0.876
 5     0.174     0.871    -0.458
 5     0.951    -0.270    -0.151
 6   115.851    25.823    17.535
 6     0.229     0.723     0.652
 6    -0.251     0.690    -0.678
 6    -0.941    -0.009     0.339
 7   135.881   -15.365    -8.385
 7     0.860     0.504    -0.076
 7    -0.509     0.846    -0.160
 7    -0.017     0.175     0.984
 8   126.944   -32.657    28.465
 8    -0.173    -0.070    -0.982
 8     0.009     0.997    -0.073
 8     0.985    -0.023    -0.172
 9   118.808   -33.225     8.069
 9     0.233    -0.744     0.626
 9     0.516     0.640     0.568
 9    -0.824     0.190     0.533
 2    99.093   -21.963    59.197
 2     0.564    -0.826    -0.002
 2     0.824     0.562     0.057
 2    -0.045    -0.035     0.998
 3   121.025    -2.370    -0.459
 3     0.616     0.010     0.788
 3    -0.004     1.000    -0.010
 3    -0.788     0.003     0.616
 4   135.268    13.467    -7.497
 4     0.546    -0.837    -0.036
 4     0.823     0.543    -0.167
 4     0.158     0.062     0.985
 5   119.191    33.268    29.366
 5    -0.422    -0.301    -0.855
 5     0.249     0.868    -0.429
 5     0.872    -0.394    -0.291
 6   114.689    26.162    15.536
 6     0.358     0.688     0.632
 6    -0.253     0.722    -0.643
 6    -0.899     0.069     0.432
 7   136.660   -15.022    -8.913
 7     0.847     0.519    -0.117
 7    -0.532     0.819    -0.214
 7    -0.016     0.242     0.969
 8   121.357   -36.749    24.467
 8    -0.331    -0.066    -0.941
 8    -0.085     0.995    -0.039
 8     0.940     0.067    -0.335
 9   117.970   -32.581     4.922
 9     0.354    -0.723     0.595
 9     0.559     0.672     0.485
 9    -0.750     0.161     0.641
 2    99.090   -21.913    59.174
 2     0.564    -0.826    -0.000
 2     0.824     0.562     0.057
 2    -0.046    -0.033     0.998
 3   121.488    -2.139    -0.490
 3     0.635     0.012     0.772
 3     0.004     1.000    -0.019
 3    -0.772     0.015     0.635
 4   135.806    13.400    -7.190
 4     0.547    -0.835    -0.065
 4     0.819     0.549    -0.162
 4     0.170     0.036     0.984
 5   119.505    34.761    28.804
 5    -0.430    -0.272    -0.861
 5     0.300     0.856    -0.421
 5     0.851    -0.439    -0.286
